task_id,temperature,pressure,z_carbon dioxide,z_hydrogen,z_nitrogen,z_argon,z_methane,z_oxygen,z_carbon monoxide,z_hydrogen sulfide,Tc,Pc,Tr,Pr,P_bubble,P_dew,liquid_density,vapor_density,x_carbon dioxide,x_hydrogen,x_nitrogen,x_argon,x_methane,x_oxygen,x_carbon monoxide,x_hydrogen sulfide,y_carbon dioxide,y_hydrogen,y_nitrogen,y_argon,y_methane,y_oxygen,y_carbon monoxide,y_hydrogen sulfide,gamma,interfacial_thickness,E_carbon dioxide,E_hydrogen,E_nitrogen,E_argon,E_methane,E_oxygen,E_carbon monoxide,E_hydrogen sulfide,gamma0_CO2,rhoL0_CO2,rhoV0_CO2,Tc_CO2,Psat_CO2
0,200.0,2.767788149498971,0.95,0.0,0.0,0.02,0.03,0.0,0.0,0.0,298.91,80.05,0.6690977217222575,0.0345757420299684,17.52228499931097,2.7676881494989707,1221.432510649266,7.487350840048263,0.9994491633871102,0.0,0.0,0.0001234002870335,0.000427436325856,0.0,0.0,0.0,0.9499669922018557,0.0,0.0,0.0200132678238858,0.0300197399742585,0.0,0.0,0.0,22.47368298475521,0.6845226278516414,1.0000000093319008,0.0,0.0,5.364256725149629,5.224106884807703,0.0,0.0,0.0,22.53960113748808,1221.920496490378,7.249541730897533,302.7106577576344,2.6239816647333654
0,200.0,4.40716557725586,0.95,0.0,0.0,0.02,0.03,0.0,0.0,0.0,298.91,80.05,0.6690977217222575,0.0550551602405479,17.52228499931097,2.7676881494989707,1216.0526956286517,10.28108087042848,0.993251933652113,0.0,0.0,0.0016259537910818,0.0051221125568052,0.0,0.0,0.0,0.6086639197890759,0.0,0.0,0.1650044976257408,0.2263315825851834,0.0,0.0,0.0,21.74362010502562,0.7078510857058028,1.0000000014515968,0.0,0.0,5.163117952328118,5.025907781978738,0.0,0.0,0.0,22.53960113748808,1221.920496490378,7.249541730897533,302.7106577576344,2.6239816647333654
0,200.0,6.046543005012748,0.95,0.0,0.0,0.02,0.03,0.0,0.0,0.0,298.91,80.05,0.6690977217222575,0.0755345784511274,17.52228499931097,2.7676881494989707,1211.0291816966862,13.231486848823932,0.9872186451906272,0.0,0.0,0.0033110857463895,0.0094702690629833,0.0,0.0,0.0,0.4516050134315028,0.0,0.0,0.2434812995655641,0.304913687002933,0.0,0.0,0.0,21.052520211297512,0.7306676147211633,1.0,0.0,0.0,4.976733799619336,4.842227556857576,0.0,0.0,0.0,22.53960113748808,1221.920496490378,7.249541730897533,302.7106577576344,2.6239816647333654
0,200.0,7.685920432769636,0.95,0.0,0.0,0.02,0.03,0.0,0.0,0.0,298.91,80.05,0.6690977217222575,0.0960139966617068,17.52228499931097,2.7676881494989707,1206.3820274430504,16.34299436299364,0.9813639675686494,0.0,0.0,0.0051838390465135,0.0134521933848371,0.0,0.0,0.0,0.3614479077860695,0.0,0.0,0.2980286807995934,0.340523411414337,0.0,0.0,0.0,20.399370932587857,0.7529238871133267,1.0,0.0,0.0,4.804008937232798,4.673840898706404,0.0,0.0,0.0,22.53960113748808,1221.920496490378,7.249541730897533,302.7106577576344,2.6239816647333654
0,200.0,9.325297860526526,0.95,0.0,0.0,0.02,0.03,0.0,0.0,0.0,298.91,80.05,0.6690977217222575,0.1164934148722864,17.52228499931097,2.7676881494989707,1202.1188130449154,19.616858640063164,0.9756961450196258,0.0,0.0,0.0072435935273928,0.0170602614529813,0.0,0.0,0.0,0.3030416624751512,0.0,0.0,0.3411712697762989,0.3557870677485498,0.0,0.0,0.0,19.78249634380149,0.7746516758829749,1.0000000000919658,0.0,0.0,4.644359666838841,4.518887772088177,0.0,0.0,0.0,22.53960113748808,1221.920496490378,7.249541730897533,302.7106577576344,2.6239816647333654
0,200.0,10.964675288283416,0.95,0.0,0.0,0.02,0.03,0.0,0.0,0.0,298.91,80.05,0.6690977217222575,0.1369728330828659,17.52228499931097,2.7676881494989707,1198.234083792764,23.051129005561325,0.9702163118211082,0.0,0.0,0.0094842279360124,0.0202994602428792,0.0,0.0,0.0,0.2621897699500981,0.0,0.0,0.3777732509513242,0.3600369790985776,0.0,0.0,0.0,19.19963179709533,0.7958326713601317,1.0,0.0,0.0,4.496409891066764,4.377429527952496,0.0,0.0,0.0,22.53960113748808,1221.920496490378,7.249541730897533,302.7106577576344,2.6239816647333654
0,200.0,12.604052716040302,0.95,0.0,0.0,0.02,0.03,0.0,0.0,0.0,298.91,80.05,0.6690977217222575,0.1574522512934453,17.52228499931097,2.7676881494989707,1194.7107950416814,26.641134403732167,0.9649190207911102,0.0,0.0,0.0118949827277481,0.0231859964811416,0.0,0.0,0.0,0.2320613513211506,0.0,0.0,0.4100326455357268,0.3579060031431226,0.0,0.0,0.0,18.648085308958507,0.816514427245253,1.0,0.0,0.0,4.358908298462972,4.247507297176272,0.0,0.0,0.0,22.53960113748808,1221.920496490378,7.249541730897533,302.7106577576344,2.6239816647333654
0,200.0,14.243430143797193,0.95,0.0,0.0,0.02,0.03,0.0,0.0,0.0,298.91,80.05,0.6690977217222575,0.1779316695040249,17.52228499931097,2.7676881494989707,1191.5231371374928,30.380291211945707,0.9597936162339756,0.0,0.0,0.0144618098368835,0.0257445739291409,0.0,0.0,0.0,0.2089629230438421,0.0,0.0,0.4390489143188741,0.3519881626372838,0.0,0.0,0.0,18.12493789772194,0.8367683014191662,1.000000000195747,0.0,0.0,4.231014526181362,4.128118640377358,0.0,0.0,0.0,22.53960113748808,1221.920496490378,7.249541730897533,302.7106577576344,2.6239816647333654
0,200.0,15.88280757155408,0.95,0.0,0.0,0.02,0.03,0.0,0.0,0.0,298.91,80.05,0.6690977217222575,0.1984110877146044,17.52228499931097,2.7676881494989707,1188.6398973418902,34.26100386669022,0.9548259876523856,0.0,0.0,0.0171688635013498,0.0280051488462645,0.0,0.0,0.0,0.1907229228768358,0.0,0.0,0.4654253098988259,0.3438517672243382,0.0,0.0,0.0,17.627239097261874,0.8566572730894265,1.000000001314184,0.0,0.0,4.111451473993292,4.018335901041761,0.0,0.0,0.0,22.53960113748808,1221.920496490378,7.249541730897533,302.7106577576344,2.6239816647333654
0,200.0,17.52218499931097,0.95,0.0,0.0,0.02,0.03,0.0,0.0,0.0,298.91,80.05,0.6690977217222575,0.2188905059251839,17.52228499931097,2.7676881494989707,1186.0276124020218,38.27546951653944,0.9500002898986194,0.0,0.0,0.0199998241436348,0.0299998859577457,0.0,0.0,0.0,0.1759812709798842,0.0,0.0,0.4895300741108831,0.3344886549092327,0.0,0.0,0.0,17.15216174378611,0.8762220448013679,1.0000000013354784,0.0,0.0,3.9991482585074833,3.916680034071177,0.0,0.0,0.0,22.53960113748808,1221.920496490378,7.249541730897533,302.7106577576344,2.6239816647333654
0,205.0,3.5399218994545048,0.95,0.0,0.0,0.02,0.03,0.0,0.0,0.0,298.91,80.05,0.685825164765314,0.0442213853773204,17.626621249344947,3.5398218994545045,1205.648446110855,9.427394641874312,0.9992778924826012,0.0,0.0,0.0001713217905964,0.0005507857268022,0.0,0.0,0.0,0.949974385616324,0.0,0.0,0.020010306840367,0.0300153075433089,0.0,0.0,0.0,21.080995292906223,0.7127528410352995,1.0,0.0,0.0,4.622602226364095,4.490144881540193,0.0,0.0,0.0,21.15779579629945,1206.2779501886548,9.12387059747945,302.7106577576344,3.35468958110042
0,205.0,5.105099604997887,0.95,0.0,0.0,0.02,0.03,0.0,0.0,0.0,298.91,80.05,0.685825164765314,0.0637738863834839,17.626621249344947,3.5398218994545045,1200.4879313916929,12.064038293443494,0.9932424484660568,0.0,0.0,0.0017097906581391,0.005047760875804,0.0,0.0,0.0,0.6708505049799665,0.0,0.0,0.1380715450374852,0.1910779499825483,0.0,0.0,0.0,20.448632073296277,0.7336213114898115,1.0,0.0,0.0,4.476879032632904,4.340714960525494,0.0,0.0,0.0,21.15779579629945,1206.2779501886548,9.12387059747945,302.7106577576344,3.35468958110042
0,205.0,6.67027731054127,0.95,0.0,0.0,0.02,0.03,0.0,0.0,0.0,298.91,80.05,0.685825164765314,0.0833263873896473,17.626621249344947,3.5398218994545045,1195.6266336995736,14.832971015383372,0.9873351168988508,0.0,0.0,0.0034164495242117,0.0092484335769374,0.0,0.0,0.0,0.521928165056748,0.0,0.0,0.2101413862256643,0.2679304487175877,0.0,0.0,0.0,19.8456686284613,0.7541244312025861,1.0,0.0,0.0,4.341428265039139,4.201721256989559,0.0,0.0,0.0,21.15779579629945,1206.2779501886548,9.12387059747945,302.7106577576344,3.35468958110042
0,205.0,8.235455016084652,0.95,0.0,0.0,0.02,0.03,0.0,0.0,0.0,298.91,80.05,0.685825164765314,0.1028788883958107,17.626621249344947,3.5398218994545045,1191.081074621805,17.73791354840694,0.9815673649296704,0.0,0.0,0.005296361074611,0.0131362739957185,0.0,0.0,0.0,0.4294592517636638,0.0,0.0,0.2624606306250472,0.308080117611289,0.0,0.0,0.0,19.27147296845329,0.7742526210831507,1.0,0.0,0.0,4.2157466150677685,4.072197571059523,0.0,0.0,0.0,21.15779579629945,1206.2779501886548,9.12387059747945,302.7106577576344,3.35468958110042
0,205.0,9.800632721628034,0.95,0.0,0.0,0.02,0.03,0.0,0.0,0.0,298.91,80.05,0.685825164765314,0.1224313894019741,17.626621249344947,3.5398218994545045,1186.8594100053476,20.780446563933115,0.9759466306975036,0.0,0.0,0.0073503934242505,0.0167029758782459,0.0,0.0,0.0,0.3665424433311677,0.0,0.0,0.3044495931496371,0.3290079635191951,0.0,0.0,0.0,18.72502644436828,0.7939811613172246,1.0,0.0,0.0,4.099591004462681,3.9523417369031777,0.0,0.0,0.0,21.15779579629945,1206.2779501886548,9.12387059747945,302.7106577576344,3.35468958110042
0,205.0,11.365810427171416,0.95,0.0,0.0,0.02,0.03,0.0,0.0,0.0,298.91,80.05,0.685825164765314,0.1419838904081376,17.626621249344947,3.5398218994545045,1182.9607485894396,23.95991930926874,0.9704756964922536,0.0,0.0,0.0095751950231764,0.01994910848457,0.0,0.0,0.0,0.3210249873124354,0.0,0.0,0.3402304666434017,0.3387445460441629,0.0,0.0,0.0,18.20494280979917,0.8133361054073049,1.0,0.0,0.0,3.992262020199573,3.841261755452571,0.0,0.0,0.0,21.15779579629945,1206.2779501886548,9.12387059747945,302.7106577576344,3.35468958110042
0,205.0,12.9309881327148,0.95,0.0,0.0,0.02,0.03,0.0,0.0,0.0,298.91,80.05,0.685825164765314,0.161536391414301,17.626621249344947,3.5398218994545045,1179.3756567014086,27.273654446352783,0.9651527633612996,0.0,0.0,0.0119636124984162,0.0228836241402842,0.0,0.0,0.0,0.2866141005217203,0.0,0.0,0.3718319414206804,0.3415539580575992,0.0,0.0,0.0,17.709538746308343,0.8323240920692185,1.0,0.0,0.0,3.892893293373981,3.7382243564575073,0.0,0.0,0.0,21.15779579629945,1206.2779501886548,9.12387059747945,302.7106577576344,3.35468958110042
0,205.0,14.496165838258182,0.95,0.0,0.0,0.02,0.03,0.0,0.0,0.0,298.91,80.05,0.685825164765314,0.1810888924204645,17.626621249344947,3.5398218994545045,1176.0875986180092,30.717378025031618,0.9599720648340792,0.0,0.0,0.0145054835469873,0.0255224516189333,0.0,0.0,0.0,0.2597250735314401,0.0,0.0,0.4003351666569654,0.3399397598115944,0.0,0.0,0.0,17.236933651617203,0.8509841074455764,1.0,0.0,0.0,3.800962157732063,3.6426117856865488,0.0,0.0,0.0,21.15779579629945,1206.2779501886548,9.12387059747945,302.7106577576344,3.35468958110042
0,205.0,16.061343543801563,0.95,0.0,0.0,0.02,0.03,0.0,0.0,0.0,298.91,80.05,0.685825164765314,0.2006413934266279,17.626621249344947,3.5398218994545045,1173.0749235273763,34.285763239100184,0.9549248223333086,0.0,0.0,0.0171886238811338,0.0278865537855575,0.0,0.0,0.0,0.2381661883139077,0.0,0.0,0.4263562994426366,0.3354775122434555,0.0,0.0,0.0,16.785159158745607,0.8693254547798859,1.0000000006191454,0.0,0.0,3.715481007284647,3.553870879244414,0.0,0.0,0.0,21.15779579629945,1206.2779501886548,9.12387059747945,302.7106577576344,3.35468958110042
0,205.0,17.626521249344947,0.95,0.0,0.0,0.02,0.03,0.0,0.0,0.0,298.91,80.05,0.685825164765314,0.2201938944327913,17.626621249344947,3.5398218994545045,1170.312965503809,37.97297735867493,0.9500003105242362,0.0,0.0,0.0199998168414276,0.0299998726343361,0.0,0.0,0.0,0.2205221866336578,0.0,0.0,0.450272743003138,0.3292050703632041,0.0,0.0,0.0,16.35225858625938,0.8874449295231202,1.0000000004894156,0.0,0.0,3.635889247842663,3.4710795330379165,0.0,0.0,0.0,21.15779579629945,1206.2779501886548,9.12387059747945,302.7106577576344,3.35468958110042
0,210.0,4.4689782111898495,0.95,0.0,0.0,0.02,0.03,0.0,0.0,0.0,298.91,80.05,0.7025526078083704,0.0558273355551511,18.043257840115874,4.46887821118985,1189.491577016949,11.738527652213127,0.9990673102223756,0.0,0.0,0.0002316361256754,0.0007010536519489,0.0,0.0,0.0,0.9499798803218829,0.0,0.0,0.0200081058675573,0.0300120138105599,0.0,0.0,0.0,19.705265298386472,0.7430759778479022,1.0,0.0,0.0,3.982426678640258,3.889877216069805,0.0,0.0,0.0,19.793904820789816,1190.2941504876192,11.354703713715036,302.7106577576344,4.233266563955471
0,210.0,5.97722039218163,0.95,0.0,0.0,0.02,0.03,0.0,0.0,0.0,298.91,80.05,0.7025526078083704,0.0746685870353732,18.043257840115874,4.46887821118985,1184.4981894051834,14.259003196052468,0.9931550702159896,0.0,0.0,0.001801225416512,0.0050437043674984,0.0,0.0,0.0,0.7222470926627935,0.0,0.0,0.1160448865131986,0.1617080208240079,0.0,0.0,0.0,19.15139333611541,0.7620965418932265,1.0,0.0,0.0,3.87167890401766,3.775819137201847,0.0,0.0,0.0,19.793904820789816,1190.2941504876192,11.354703713715036,302.7106577576344,4.233266563955471
0,210.0,7.485462573173411,0.95,0.0,0.0,0.02,0.03,0.0,0.0,0.0,298.91,80.05,0.7025526078083704,0.0935098385155954,18.043257840115874,4.46887821118985,1179.7630782843205,16.8941066628717,0.9873469000776062,0.0,0.0,0.0035272020893673,0.0091258978330265,0.0,0.0,0.0,0.5855780704249326,0.0,0.0,0.1807375387948845,0.2336843907801829,0.0,0.0,0.0,18.62034373575487,0.7808318811865192,1.0,0.0,0.0,3.767765113437248,3.668562977799989,0.0,0.0,0.0,19.793904820789816,1190.2941504876192,11.354703713715036,302.7106577576344,4.233266563955471
0,210.0,8.99370475416519,0.95,0.0,0.0,0.02,0.03,0.0,0.0,0.0,298.91,80.05,0.7025526078083704,0.1123510899958175,18.043257840115874,4.46887821118985,1175.2999511324088,19.64698951280266,0.9816519343097806,0.0,0.0,0.0054143988837665,0.0129336668064528,0.0,0.0,0.0,0.494561939203502,0.0,0.0,0.2298714670299289,0.2755665937665689,0.0,0.0,0.0,18.111695809986053,0.7993456884474895,1.0,0.0,0.0,3.670935103244519,3.5683747423983365,0.0,0.0,0.0,19.793904820789816,1190.2941504876192,11.354703713715036,302.7106577576344,4.233266563955471
0,210.0,10.501946935156973,0.95,0.0,0.0,0.02,0.03,0.0,0.0,0.0,298.91,80.05,0.7025526078083704,0.1311923414760396,18.043257840115874,4.46887821118985,1171.1165758005468,22.519270614996245,0.976076605549953,0.0,0.0,0.0074644290584479,0.0164589653915989,0.0,0.0,0.0,0.4296746846894683,0.0,0.0,0.2701312868450523,0.3001940284654793,0.0,0.0,0.0,17.62479035555372,0.8175603918408789,1.0,0.0,0.0,3.580350243919225,3.474569433534872,0.0,0.0,0.0,19.793904820789816,1190.2941504876192,11.354703713715036,302.7106577576344,4.233266563955471
0,210.0,12.010189116148752,0.95,0.0,0.0,0.02,0.03,0.0,0.0,0.0,298.91,80.05,0.7025526078083704,0.1500335929562617,18.043257840115874,4.46887821118985,1167.2141732151551,25.51095083593259,0.9706241475102269,0.0,0.0,0.0096755932212451,0.019700259268528,0.0,0.0,0.0,0.3811353275071404,0.0,0.0,0.3047725113470568,0.3140921611458027,0.0,0.0,0.0,17.158731261963386,0.835495796797359,1.0,0.0,0.0,3.49606275236036,3.3868500614176797,0.0,0.0,0.0,19.793904820789816,1190.2941504876192,11.354703713715036,302.7106577576344,4.233266563955471
0,210.0,13.518431297140532,0.95,0.0,0.0,0.02,0.03,0.0,0.0,0.0,298.91,80.05,0.7025526078083704,0.1688748444364838,18.043257840115874,4.46887821118985,1163.5875400184743,28.620499836975192,0.9652945164090252,0.0,0.0,0.0120430794835598,0.0226624041074149,0.0,0.0,0.0,0.3435028340193133,0.0,0.0,0.3355281026281319,0.3209690633525548,0.0,0.0,0.0,16.71241639638327,0.8531684455885391,1.0,0.0,0.0,3.417300964264117,3.3048409152340428,0.0,0.0,0.0,19.793904820789816,1190.2941504876192,11.354703713715036,302.7106577576344,4.233266563955471
0,210.0,15.026673478132311,0.95,0.0,0.0,0.02,0.03,0.0,0.0,0.0,298.91,80.05,0.7025526078083704,0.187716095916706,18.043257840115874,4.46887821118985,1160.2258022176957,31.84509417957417,0.9600846605092604,0.0,0.0,0.01455943935615,0.0253559001345896,0.0,0.0,0.0,0.3135095020646252,0.0,0.0,0.3633794474362189,0.3231110504991558,0.0,0.0,0.0,16.284590344639614,0.8705968722676617,1.0,0.0,0.0,3.3437355721724296,3.228148312713863,0.0,0.0,0.0,19.793904820789816,1190.2941504876192,11.354703713715036,302.7106577576344,4.233266563955471
0,210.0,16.534915659124096,0.95,0.0,0.0,0.02,0.03,0.0,0.0,0.0,298.91,80.05,0.7025526078083704,0.2065573473969281,18.043257840115874,4.46887821118985,1157.1136121129805,35.18095261364851,0.9549890477727248,0.0,0.0,0.0172152451965782,0.0277957070306969,0.0,0.0,0.0,0.2890744840829972,0.0,0.0,0.3889111808501792,0.3220143350668236,0.0,0.0,0.0,15.87390647224444,0.8878033092844341,1.0,0.0,0.0,3.274960043462462,3.1563761045359224,0.0,0.0,0.0,19.793904820789816,1190.2941504876192,11.354703713715036,302.7106577576344,4.233266563955471
0,210.0,18.043157840115875,0.95,0.0,0.0,0.02,0.03,0.0,0.0,0.0,298.91,80.05,0.7025526078083704,0.2253985988771502,18.043257840115874,4.46887821118985,1154.2325429726875,38.62370502562484,0.9500003270101336,0.0,0.0,0.0199998115823823,0.0299998614074842,0.0,0.0,0.0,0.2688099422212916,0.0,0.0,0.4124900017734171,0.3187000560052913,0.0,0.0,0.0,15.478988306713486,0.9048039685991804,1.0000000004546057,0.0,0.0,3.210356130035723,3.0889799008560668,0.0,0.0,0.0,19.793904820789816,1190.2941504876192,11.354703713715036,302.7106577576344,4.233266563955471
0,215.0,5.57500315082841,0.95,0.0,0.0,0.02,0.03,0.0,0.0,0.0,298.91,80.05,0.7192800508514268,0.0696440118779314,18.754329529199005,5.57490315082841,1172.8961776654744,14.470861313831325,0.9988119119447472,0.0,0.0,0.0003057725663946,0.0008823154888581,0.0,0.0,0.0,0.949984021439011,0.0,0.0,0.0200064468979321,0.0300095316630568,0.0,0.0,0.0,18.346814676125387,0.775779661584572,1.0,0.0,0.0,3.4774409479273074,3.3952438097032567,0.0,0.0,0.0,18.448205290897207,1173.908539729092,13.989350648063478,302.7106577576344,5.278346606766283
0,215.0,7.039361637314031,0.95,0.0,0.0,0.02,0.03,0.0,0.0,0.0,298.91,80.05,0.7192800508514268,0.0879370598040478,18.754329529199005,5.57490315082841,1168.0301223332538,16.907285931869218,0.9929964880507928,0.0,0.0,0.0019005596528622,0.0051029522963448,0.0,0.0,0.0,0.7640441597423466,0.0,0.0,0.0982784080869415,0.1376774321707118,0.0,0.0,0.0,17.857340095433347,0.7933827207206016,1.0,0.0,0.0,3.391621715065855,3.3070792848850923,0.0,0.0,0.0,18.448205290897207,1173.908539729092,13.989350648063478,302.7106577576344,5.278346606766283
0,215.0,8.503720123799653,0.95,0.0,0.0,0.02,0.03,0.0,0.0,0.0,298.91,80.05,0.7192800508514268,0.1062301077301643,18.754329529199005,5.57490315082841,1163.392861595133,19.44541387759693,0.987269238137882,0.0,0.0,0.0036421146969192,0.0090886471651988,0.0,0.0,0.0,0.6415413950223363,0.0,0.0,0.1553859304101053,0.2030726745675584,0.0,0.0,0.0,17.386038959974528,0.8108209720697722,1.0,0.0,0.0,3.3109703924265994,3.223750384953744,0.0,0.0,0.0,18.448205290897207,1173.908539729092,13.989350648063478,302.7106577576344,5.278346606766283
0,215.0,9.968078610285277,0.95,0.0,0.0,0.02,0.03,0.0,0.0,0.0,298.91,80.05,0.7192800508514268,0.1245231556562807,18.754329529199005,5.57490315082841,1158.9959082164587,22.087946872344613,0.9816376105231084,0.0,0.0,0.0055349379455078,0.0128274515313837,0.0,0.0,0.0,0.5548356628730954,0.0,0.0,0.2006734631266753,0.2444908740002293,0.0,0.0,0.0,16.932616096290346,0.8280772051110376,1.0,0.0,0.0,3.234951862480188,3.145167267885994,0.0,0.0,0.0,18.448205290897207,1173.908539729092,13.989350648063478,302.7106577576344,5.278346606766283
0,215.0,11.432437096770895,0.95,0.0,0.0,0.02,0.03,0.0,0.0,0.0,298.91,80.05,0.7192800508514268,0.1428162035823972,18.754329529199005,5.57490315082841,1154.8463016384778,24.83642478575939,0.9761071014087132,0.0,0.0,0.0075809630483702,0.0163119355429164,0.0,0.0,0.0,0.4903055942414071,0.0,0.0,0.2386746710099376,0.2710197347486552,0.0,0.0,0.0,16.496619306616754,0.8451431994319833,1.0,0.0,0.0,3.1635973606097854,3.0711689918977925,0.0,0.0,0.0,18.448205290897207,1173.908539729092,13.989350648063478,302.7106577576344,5.278346606766283
0,215.0,12.896795583256518,0.95,0.0,0.0,0.02,0.03,0.0,0.0,0.0,298.91,80.05,0.7192800508514268,0.1611092515085136,18.754329529199005,5.57490315082841,1150.9461139424027,27.6911578813722,0.9706808801017396,0.0,0.0,0.0097794434716032,0.0195396764266572,0.0,0.0,0.0,0.4404619932685836,0.0,0.0,0.2718152987467394,0.2877227079846771,0.0,0.0,0.0,16.07743620033195,0.862017074218705,1.0,0.0,0.0,3.096578603255311,3.0015396795003526,0.0,0.0,0.0,18.448205290897207,1173.908539729092,13.989350648063478,302.7106577576344,5.278346606766283
0,215.0,14.36115406974214,0.95,0.0,0.0,0.02,0.03,0.0,0.0,0.0,298.91,80.05,0.7192800508514268,0.1794022994346301,18.754329529199005,5.57490315082841,1147.2924231838383,30.65126546355489,0.965359667187516,0.0,0.0,0.0121270489406039,0.0225132838718802,0.0,0.0,0.0,0.4008464110985189,0.0,0.0,0.3014813157557943,0.2976722731456867,0.0,0.0,0.0,15.674309670735752,0.8787014417029589,1.0,0.0,0.0,3.0335292080865237,2.936024515985919,0.0,0.0,0.0,18.448205290897207,1173.908539729092,13.989350648063478,302.7106577576344,5.278346606766283
0,215.0,15.82551255622776,0.95,0.0,0.0,0.02,0.03,0.0,0.0,0.0,298.91,80.05,0.7192800508514268,0.1976953473607465,18.754329529199005,5.57490315082841,1143.877733891458,33.71481712332554,0.9601418576222152,0.0,0.0,0.0146181622831015,0.0252399800946832,0.0,0.0,0.0,0.3686390027267657,0.0,0.0,0.3285027081631816,0.3028582891100525,0.0,0.0,0.0,15.286365971097784,0.8951980437557965,1.0,0.0,0.0,2.974257986892712,2.8743444526768824,0.0,0.0,0.0,18.448205290897207,1173.908539729092,13.989350648063478,302.7106577576344,5.278346606766283
0,215.0,17.289871042713383,0.95,0.0,0.0,0.02,0.03,0.0,0.0,0.0,298.91,80.05,0.7192800508514268,0.215988395286863,18.754329529199005,5.57490315082841,1140.6907308496177,36.87904988087218,0.9550238235122982,0.0,0.0,0.0172453328648962,0.0277308436228055,0.0,0.0,0.0,0.3419691808635656,0.0,0.0,0.3533959703212457,0.3046348488151885,0.0,0.0,0.0,14.912652078535586,0.911532412333579,1.0,0.0,0.0,2.91849268329416,2.816225252089241,0.0,0.0,0.0,18.448205290897207,1173.908539729092,13.989350648063478,302.7106577576344,5.278346606766283
0,215.0,18.754229529199005,0.95,0.0,0.0,0.02,0.03,0.0,0.0,0.0,298.91,80.05,0.7192800508514268,0.2342814432129794,18.754329529199005,5.57490315082841,1137.7172323978943,40.14062355502266,0.9500003396052984,0.0,0.0,0.0199998079671965,0.0299998524275049,0.0,0.0,0.0,0.3195472928549693,0.0,0.0,0.3764950292305012,0.3039576779145292,0.0,0.0,0.0,14.55217508554606,0.9276995669469292,1.0,0.0,0.0,2.865836471813731,2.7613456001699417,0.0,0.0,0.0,18.448205290897207,1173.908539729092,13.989350648063478,302.7106577576344,5.278346606766283
0,220.0,6.879048054231957,0.95,0.0,0.0,0.02,0.03,0.0,0.0,0.0,298.91,80.05,0.7360074938944833,0.0859343916830975,19.753269847579748,6.878948054231957,1155.7893600734535,17.680523895466877,0.9985059376811612,0.0,0.0,0.000395019982996,0.0010990423358427,0.0,0.0,0.0,0.9499871831304796,0.0,0.0,0.0200051802827209,0.0300076365867996,0.0,0.0,0.0,17.00614610174184,0.8111431285584786,1.0,0.0,0.0,3.074144171304612,2.98521504210352,0.0,0.0,0.0,17.121140165384258,1157.0541060432145,17.08052563899556,302.7106577576344,6.509407158415541
0,220.0,8.309506031270601,0.95,0.0,0.0,0.02,0.03,0.0,0.0,0.0,298.91,80.05,0.7360074938944833,0.1038039479234303,19.753269847579748,6.878948054231957,1151.0198498096718,20.05902218534067,0.992769852493829,0.0,0.0,0.0020084682716733,0.0052216792344977,0.0,0.0,0.0,0.7977465771715555,0.0,0.0,0.0840468023115003,0.118206620516944,0.0,0.0,0.0,16.57051768745301,0.827719080754065,1.0,0.0,0.0,3.006778737898273,2.916135569312521,0.0,0.0,0.0,17.121140165384258,1157.0541060432145,17.08052563899556,302.7106577576344,6.509407158415541
0,220.0,9.739964008309244,0.95,0.0,0.0,0.02,0.03,0.0,0.0,0.0,298.91,80.05,0.7360074938944833,0.1216735041637632,19.753269847579748,6.878948054231957,1146.458032907802,22.529746480156483,0.987111827573835,0.0,0.0,0.0037609598094183,0.0091272126167468,0.0,0.0,0.0,0.6897339286031673,0.0,0.0,0.1338847496865872,0.1763813217102455,0.0,0.0,0.0,16.149695810263733,0.8441838319561215,1.0,0.0,0.0,2.9429756162095835,2.8506186374974294,0.0,0.0,0.0,17.121140165384258,1157.0541060432145,17.08052563899556,302.7106577576344,6.509407158415541
0,220.0,11.170421985347886,0.95,0.0,0.0,0.02,0.03,0.0,0.0,0.0,298.91,80.05,0.7360074938944833,0.139543060404096,19.753269847579748,6.878948054231957,1142.1137116492778,25.095042777444583,0.9815380853483904,0.0,0.0,0.0056566339610607,0.0128052806905488,0.0,0.0,0.0,0.6091994108138244,0.0,0.0,0.1749944311135223,0.2158061580726533,0.0,0.0,0.0,15.743463727699227,0.8605334789789062,1.0,0.0,0.0,2.8827435481481496,2.788568399010417,0.0,0.0,0.0,17.121140165384258,1157.0541060432145,17.08052563899556,302.7106577576344,6.509407158415541
0,220.0,12.60087996238653,0.95,0.0,0.0,0.02,0.03,0.0,0.0,0.0,298.91,80.05,0.7360074938944833,0.1574126166444288,19.753269847579748,6.878948054231957,1137.9931170972604,27.7563284064693,0.9760533254339984,0.0,0.0,0.0076975010872111,0.0162491734787904,0.0,0.0,0.0,0.5469015148611227,0.0,0.0,0.2103449403313578,0.2427535448075193,0.0,0.0,0.0,15.351494247860318,0.8767542709072573,1.0,0.0,0.0,2.8257659789805256,2.7298549672712307,0.0,0.0,0.0,17.121140165384258,1157.0541060432145,17.08052563899556,302.7106577576344,6.509407158415541
0,220.0,14.031337939425176,0.95,0.0,0.0,0.02,0.03,0.0,0.0,0.0,298.91,80.05,0.7360074938944833,0.1752821728847617,19.753269847579748,6.878948054231957,1134.0985145597956,30.5140400270344,0.9706604409848344,0.0,0.0,0.0098833296692507,0.0194562293459148,0.0,0.0,0.0,0.4973244575323067,0.0,0.0,0.2416588326115754,0.2610167098561176,0.0,0.0,0.0,14.973346177284526,0.8928449958825475,1.0,0.0,0.0,2.7718950810812286,2.6743210707620717,0.0,0.0,0.0,17.121140165384258,1157.0541060432145,17.08052563899556,302.7106577576344,6.509407158415541
0,220.0,15.461795916463815,0.95,0.0,0.0,0.02,0.03,0.0,0.0,0.0,298.91,80.05,0.7360074938944833,0.1931517291250945,19.753269847579748,6.878948054231957,1130.4281336790607,33.36765335216027,0.9653604030366172,0.0,0.0,0.0122116917754539,0.0224279051879287,0.0,0.0,0.0,0.4569727210689144,0.0,0.0,0.2699835715424148,0.2730437073886708,0.0,0.0,0.0,14.60847284140477,0.9087802448077008,1.0,0.0,0.0,2.72097131308337,2.6217895586808293,0.0,0.0,0.0,17.121140165384258,1157.0541060432145,17.08052563899556,302.7106577576344,6.509407158415541
0,220.0,16.892253893502463,0.95,0.0,0.0,0.02,0.03,0.0,0.0,0.0,298.91,80.05,0.7360074938944833,0.2110212853654274,19.753269847579748,6.878948054231957,1126.9764232142088,36.31577574123867,0.960152317568688,0.0,0.0,0.0146781630892291,0.0251695193420829,0.0,0.0,0.0,0.4235237689829333,0.0,0.0,0.2959784275771304,0.2804978034399363,0.0,0.0,0.0,14.25623848500604,0.924617386081539,1.0,0.0,0.0,2.672885631960386,2.5720701330593903,0.0,0.0,0.0,17.121140165384258,1157.0541060432145,17.08052563899556,302.7106577576344,6.509407158415541
0,220.0,18.322711870541102,0.95,0.0,0.0,0.02,0.03,0.0,0.0,0.0,298.91,80.05,0.7360074938944833,0.2288908416057602,19.753269847579748,6.878948054231957,1123.7345631444653,39.35629710543636,0.9550336163272062,0.0,0.0,0.0172766521008688,0.0276897315719249,0.0,0.0,0.0,0.3953741813850077,0.0,0.0,0.3200703589117967,0.2845554597031957,0.0,0.0,0.0,13.915942097831312,0.9403203183518136,1.0,0.0,0.0,2.6273347541182988,2.524966509684905,0.0,0.0,0.0,17.121140165384258,1157.0541060432145,17.08052563899556,302.7106577576344,6.509407158415541
0,220.0,19.75316984757975,0.95,0.0,0.0,0.02,0.03,0.0,0.0,0.0,298.91,80.05,0.7360074938944833,0.246760397846093,19.753269847579748,6.878948054231957,1120.6911510198718,42.486575587540536,0.9500003486678992,0.0,0.0,0.0199998056393031,0.0299998456927975,0.0,0.0,0.0,0.3713814176557327,0.0,0.0,0.3425439196162612,0.286074662728006,0.0,0.0,0.0,13.586843562207658,0.9559222504487224,1.0,0.0,0.0,2.584128001762038,2.480282325230346,0.0,0.0,0.0,17.121140165384258,1157.0541060432145,17.08052563899556,302.7106577576344,6.509407158415541
0,225.0,8.40315740547997,0.95,0.0,0.0,0.02,0.03,0.0,0.0,0.0,298.91,80.05,0.7527349369375397,0.1049738589066829,21.041255993508997,8.40305740547997,1138.0890705333711,21.431111191496232,0.9981433034499768,0.0,0.0,0.0005005417453392,0.001356154804684,0.0,0.0,0.0,0.949989626304049,0.0,0.0,0.0200042016529121,0.0300061720430387,0.0,0.0,0.0,15.68395069081208,0.849598835431037,1.0,0.0,0.0,2.7484496047784277,2.642840349870285,0.0,0.0,0.0,15.813326197117547,1139.6555629264626,20.687604017864448,302.7106577576344,7.946729358776584
0,225.0,9.807379470816528,0.95,0.0,0.0,0.02,0.03,0.0,0.0,0.0,298.91,80.05,0.7527349369375397,0.1225156710907748,21.041255993508997,8.40305740547997,1133.3920179835443,23.773713710705348,0.9924757302018516,0.0,0.0,0.0021259260393045,0.0053983437588438,0.0,0.0,0.0,0.8248425152107114,0.0,0.0,0.072667114355125,0.1024903704341634,0.0,0.0,0.0,15.294132528993272,0.865450385112851,1.0,0.0,0.0,2.6948246744045554,2.588371966548978,0.0,0.0,0.0,15.813326197117547,1139.6555629264626,20.687604017864448,302.7106577576344,7.946729358776584
0,225.0,11.211601536153086,0.95,0.0,0.0,0.02,0.03,0.0,0.0,0.0,298.91,80.05,0.7527349369375397,0.1400574832748667,21.041255993508997,8.40305740547997,1128.8878223297988,26.20164420139477,0.9868802996738608,0.0,0.0,0.003884287049774,0.0092354132763648,0.0,0.0,0.0,0.7306604594138469,0.0,0.0,0.1158455626982383,0.1534939778879147,0.0,0.0,0.0,14.916627748625343,0.8812400779179675,1.0,0.0,0.0,2.643813898247559,2.536520611209617,0.0,0.0,0.0,15.813326197117547,1139.6555629264626,20.687604017864448,302.7106577576344,7.946729358776584
0,225.0,12.615823601489645,0.95,0.0,0.0,0.02,0.03,0.0,0.0,0.0,298.91,80.05,0.7527349369375397,0.1575992954589587,21.041255993508997,8.40305740547997,1124.5849372658747,28.716963280116047,0.9813623290671584,0.0,0.0,0.0057794086775878,0.0128582622552539,0.0,0.0,0.0,0.657282560633576,0.0,0.0,0.1527265927622655,0.1899908466041585,0.0,0.0,0.0,14.551269449996363,0.8969626659307713,1.0,0.0,0.0,2.595341200901186,2.487208195674974,0.0,0.0,0.0,15.813326197117547,1139.6555629264626,20.687604017864448,302.7106577576344,7.946729358776584
0,225.0,14.020045666826205,0.95,0.0,0.0,0.02,0.03,0.0,0.0,0.0,298.91,80.05,0.7527349369375397,0.1751411076430506,21.041255993508997,8.40305740547997,1120.4887985335351,31.32095239521537,0.975925852032686,0.0,0.0,0.0078132381415102,0.0162609098258035,0.0,0.0,0.0,0.5985542306530859,0.0,0.0,0.1852013554580484,0.2162444138888656,0.0,0.0,0.0,14.197810114646352,0.9125783909772708,1.0,0.0,0.0,2.549340857134525,2.440338987983692,0.0,0.0,0.0,15.813326197117547,1139.6555629264626,20.687604017864448,302.7106577576344,7.946729358776584
0,225.0,15.42426773216276,0.95,0.0,0.0,0.02,0.03,0.0,0.0,0.0,298.91,80.05,0.7527349369375397,0.1926829198271425,21.041255993508997,8.40305740547997,1116.6015146603447,34.01407376002334,0.970573407494343,0.0,0.0,0.0099857798112125,0.0194408126944444,0.0,0.0,0.0,0.55053008342715,0.0,0.0,0.2144441971733184,0.2350257193995316,0.0,0.0,0.0,13.855915440232147,0.9281414569534284,1.0,0.0,0.0,2.505703381937142,2.3958477897402983,0.0,0.0,0.0,15.813326197117547,1139.6555629264626,20.687604017864448,302.7106577576344,7.946729358776584
0,225.0,16.82848979749932,0.95,0.0,0.0,0.02,0.03,0.0,0.0,0.0,298.91,80.05,0.7527349369375397,0.2102247320112344,21.041255993508997,8.40305740547997,1112.9217952354688,36.79598349571079,0.9653059433946884,0.0,0.0,0.0122951176758367,0.0223989389294748,0.0,0.0,0.0,0.5105643913268932,0.0,0.0,0.2412081651267779,0.2482274435463289,0.0,0.0,0.0,13.525170134615635,0.9435846623933536,1.0,0.0,0.0,2.4642537492201506,2.353575509017168,0.0,0.0,0.0,15.813326197117547,1139.6555629264626,20.687604017864448,302.7106577576344,7.946729358776584
0,225.0,18.23271186283588,0.95,0.0,0.0,0.02,0.03,0.0,0.0,0.0,298.91,80.05,0.7527349369375397,0.2277665441953264,21.041255993508997,8.40305740547997,1109.4451219707107,39.6656001557293,0.9601228412077574,0.0,0.0,0.0147375667686972,0.0251395920235454,0.0,0.0,0.0,0.4768166872961128,0.0,0.0,0.2659878148995029,0.2571954978043841,0.0,0.0,0.0,13.205090825822069,0.9589591421670912,1.0,0.0,0.0,2.424861923467055,2.313386121796308,0.0,0.0,0.0,15.813326197117547,1139.6555629264626,20.687604017864448,302.7106577576344,7.946729358776584
0,225.0,19.63693392817244,0.95,0.0,0.0,0.02,0.03,0.0,0.0,0.0,298.91,80.05,0.7527349369375397,0.2453083563794183,21.041255993508997,8.40305740547997,1106.16413743688,42.621218699550354,0.9550220607813366,0.0,0.0,0.0173079257538212,0.0276700134648421,0.0,0.0,0.0,0.4479671163535215,0.0,0.0,0.2891145837625306,0.2629182998839479,0.0,0.0,0.0,12.895140410640376,0.974257420038589,1.0,0.0,0.0,2.387392831752468,2.275143359096763,0.0,0.0,0.0,15.813326197117547,1139.6555629264626,20.687604017864448,302.7106577576344,7.946729358776584
0,225.0,21.041155993508998,0.95,0.0,0.0,0.02,0.03,0.0,0.0,0.0,298.91,80.05,0.7527349369375397,0.2628501685635102,21.041255993508997,8.40305740547997,1103.0691709775208,45.66065446796199,0.9500003546031002,0.0,0.0,0.0199998043021541,0.0299998410947458,0.0,0.0,0.0,0.4230445808218693,0.0,0.0,0.3108153944073437,0.2661400247707871,0.0,0.0,0.0,12.594746593586114,0.9894871034465064,1.0,0.0,0.0,2.3517104209677293,2.2387109367676024,0.0,0.0,0.0,15.813326197117547,1139.6555629264626,20.687604017864448,302.7106577576344,7.946729358776584
0,230.0,10.170383626335395,0.95,0.0,0.0,0.02,0.03,0.0,0.0,0.0,298.91,80.05,0.7694623799805961,0.1270503888361698,22.624892295498924,10.170283626335396,1119.701482102452,25.795641142777832,0.9977174623663936,0.0,0.0,0.0006234349777527,0.0016591026558536,0.0,0.0,0.0,0.9499915356108368,0.0,0.0,0.0200034371229914,0.0300050272661716,0.0,0.0,0.0,14.38111967186932,0.8916884829155521,1.0,0.0,0.0,2.482683665543984,2.3556407822891208,0.0,0.0,0.0,14.52556748614066,1121.6270137216943,24.87830228106012,302.7106577576344,9.61137473881863
0,230.0,11.55420681179801,0.95,0.0,0.0,0.02,0.03,0.0,0.0,0.0,298.91,80.05,0.7694623799805961,0.1443373742885448,22.624892295498924,10.170283626335396,1115.0578879666648,28.12162177053071,0.9921126769282228,0.0,0.0,0.0022541861290145,0.0056331369427626,0.0,0.0,0.0,0.8466499381399405,0.0,0.0,0.0635505670762602,0.0897994947837991,0.0,0.0,0.0,14.030905287267188,0.9070749639475728,1.0,0.0,0.0,2.4394397465969986,2.312362563521906,0.0,0.0,0.0,14.52556748614066,1121.6270137216943,24.87830228106012,302.7106577576344,9.61137473881863
0,230.0,12.938029997260625,0.95,0.0,0.0,0.02,0.03,0.0,0.0,0.0,298.91,80.05,0.7694623799805961,0.1616243597409197,22.624892295498924,10.170283626335396,1110.5970548257642,30.528005629830343,0.9865772197304962,0.0,0.0,0.0040132837195084,0.0094094965499952,0.0,0.0,0.0,0.7651258952761365,0.0,0.0,0.1008024743708476,0.1340716303530159,0.0,0.0,0.0,13.691117937817973,0.9224495411308083,1.0,0.0,0.0,2.398173638278918,2.271042796440637,0.0,0.0,0.0,14.52556748614066,1121.6270137216943,24.87830228106012,302.7106577576344,9.61137473881863
0,230.0,14.32185318272324,0.95,0.0,0.0,0.02,0.03,0.0,0.0,0.0,298.91,80.05,0.7694623799805961,0.1789113451932946,22.624892295498924,10.170283626335396,1106.3263420019205,33.016618564039405,0.9811157140636356,0.0,0.0,0.0059041752198304,0.012980110716534,0.0,0.0,0.0,0.6992256495034332,0.0,0.0,0.1336040553892219,0.1671702951073449,0.0,0.0,0.0,13.361624721614962,0.9377796245415544,1.0,0.0,0.0,2.3588237425692844,2.231618215603217,0.0,0.0,0.0,14.52556748614066,1121.6270137216943,24.87830228106012,302.7106577576344,9.61137473881863
0,230.0,15.705676368185854,0.95,0.0,0.0,0.02,0.03,0.0,0.0,0.0,298.91,80.05,0.7694623799805961,0.1961983306456696,22.624892295498924,10.170283626335396,1102.250429006122,35.58860351283358,0.9757316311347596,0.0,0.0,0.0079286602932411,0.0163397085719992,0.0,0.0,0.0,0.6448966147959949,0.0,0.0,0.1631314862703927,0.1919718989336124,0.0,0.0,0.0,13.042228875070744,0.953044031719208,1.0,0.0,0.0,2.3213169597873367,2.194072680166537,0.0,0.0,0.0,14.52556748614066,1121.6270137216943,24.87830228106012,302.7106577576344,9.61137473881863
0,230.0,17.089499553648466,0.95,0.0,0.0,0.02,0.03,0.0,0.0,0.0,298.91,80.05,0.7694623799805961,0.2134853160980445,22.624892295498924,10.170283626335396,1098.371067940253,38.2443894723974,0.9704271257931034,0.0,0.0,0.0100867964653484,0.0194860777415481,0.0,0.0,0.0,0.5993758054535376,0.0,0.0,0.1901565379249706,0.2104676566214917,0.0,0.0,0.0,12.732664812441207,0.9682771425292848,1.0,0.0,0.0,2.28557044378623,2.158286540451397,0.0,0.0,0.0,14.52556748614066,1121.6270137216943,24.87830228106012,302.7106577576344,9.61137473881863
0,230.0,18.473322739111083,0.95,0.0,0.0,0.02,0.03,0.0,0.0,0.0,298.91,80.05,0.7694623799805961,0.2307723015504195,22.624892295498924,10.170283626335396,1094.687026641429,40.98370387360506,0.9652029609495812,0.0,0.0,0.0123769150728243,0.0224201239775944,0.0,0.0,0.0,0.5607146756893993,0.0,0.0,0.2151958633561162,0.2240894609544844,0.0,0.0,0.0,12.432602730943536,0.9834599183375268,1.0,0.0,0.0,2.251493895173064,2.124151682105795,0.0,0.0,0.0,14.52556748614066,1121.6270137216943,24.87830228106012,302.7106577576344,9.61137473881863
0,230.0,19.857145924573697,0.95,0.0,0.0,0.02,0.03,0.0,0.0,0.0,298.91,80.05,0.7694623799805961,0.2480592870027944,22.624892295498924,10.170283626335396,1091.1942299495338,43.80562962867478,0.9600585291577838,0.0,0.0,0.0147957464342717,0.0251457244079444,0.0,0.0,0.0,0.527499634499591,0.0,0.0,0.2386004533252703,0.2338999121751387,0.0,0.0,0.0,12.141658194749471,0.9985821404596096,1.0,0.0,0.0,2.218991224144965,2.091573789651147,0.0,0.0,0.0,14.52556748614066,1121.6270137216943,24.87830228106012,302.7106577576344,9.61137473881863
0,230.0,21.24096911003631,0.95,0.0,0.0,0.02,0.03,0.0,0.0,0.0,298.91,80.05,0.7694623799805961,0.2653462724551694,22.624892295498924,10.170283626335396,1087.886080743738,46.70869934512457,0.9549919720724312,0.0,0.0,0.0173386321481462,0.0276693957794226,0.0,0.0,0.0,0.4986802886523973,0.0,0.0,0.2606118770819697,0.2407078342656329,0.0,0.0,0.0,11.859402533401829,1.0136698161921218,1.0,0.0,0.0,2.1879634403248533,2.0604563001425427,0.0,0.0,0.0,14.52556748614066,1121.6270137216943,24.87830228106012,302.7106577576344,9.61137473881863
0,230.0,22.624792295498924,0.95,0.0,0.0,0.02,0.03,0.0,0.0,0.0,298.91,80.05,0.7694623799805961,0.2826332579075443,22.624892295498924,10.170283626335396,1084.7538976568512,49.691014810166216,0.9500003578250676,0.0,0.0,0.0199998037203883,0.029999838454544,0.0,0.0,0.0,0.4734598928220457,0.0,0.0,0.2813989785090471,0.2451411286689072,0.0,0.0,0.0,11.58537741516816,1.0287236917904097,1.0,0.0,0.0,2.158310942597879,2.0307879452115354,0.0,0.0,0.0,14.52556748614066,1121.6270137216943,24.87830228106012,302.7106577576344,9.61137473881863
0,235.0,12.204835716979508,0.95,0.0,0.0,0.02,0.03,0.0,0.0,0.0,298.91,80.05,0.7861898230236526,0.1524651557399064,24.51463093940571,12.204735716979508,1100.5175251364478,30.85921157331702,0.997221175993464,0.0,0.0,0.0007648417742265,0.0020139822323094,0.0,0.0,0.0,0.949993043538058,0.0,0.0,0.0200028336576404,0.0300041228043015,0.0,0.0,0.0,13.09876463275814,0.9381062077472884,1.0,0.0,0.0,2.2636843371122795,2.113432768220764,0.0,0.0,0.0,13.258875583506692,1102.8688895247462,29.73094022392497,302.7106577576344,11.525181126674264
0,235.0,13.57257963058242,0.95,0.0,0.0,0.02,0.03,0.0,0.0,0.0,298.91,80.05,0.7861898230236526,0.1695512758348834,24.51463093940571,12.204735716979508,1095.9123327704742,33.186072336173055,0.991677535761344,0.0,0.0,0.0023948124977738,0.0059276517408819,0.0,0.0,0.0,0.8642692963321047,0.0,0.0,0.0562138760173762,0.0795168276505189,0.0,0.0,0.0,12.783309150277908,0.953274600740076,1.0,0.0,0.0,2.228407292085982,2.0788730835138987,0.0,0.0,0.0,13.258875583506692,1102.8688895247462,29.73094022392497,302.7106577576344,11.525181126674264
0,235.0,14.94032354418533,0.95,0.0,0.0,0.02,0.03,0.0,0.0,0.0,298.91,80.05,0.7861898230236526,0.1866373959298604,24.51463093940571,12.204735716979508,1091.483382822429,35.58994590172403,0.9862027281291192,0.0,0.0,0.0041497100950966,0.0096475617757842,0.0,0.0,0.0,0.7940340665357021,0.0,0.0,0.0882850544268678,0.1176808790374301,0.0,0.0,0.0,12.476824380242292,0.968445276793056,1.0,0.0,0.0,2.1946495914876896,2.045787685961813,0.0,0.0,0.0,13.258875583506692,1102.8688895247462,29.73094022392497,302.7106577576344,11.525181126674264
0,235.0,16.30806745778824,0.95,0.0,0.0,0.02,0.03,0.0,0.0,0.0,298.91,80.05,0.7861898230236526,0.2037235160248375,24.51463093940571,12.204735716979508,1087.2371132215014,38.072458019007314,0.9808008197085444,0.0,0.0,0.0060326633561223,0.013166516935333,0.0,0.0,0.0,0.7354845452369771,0.0,0.0,0.1172769426379409,0.1472385121250818,0.0,0.0,0.0,12.179198741925926,0.9836109116917982,1.0,0.0,0.0,2.162362695854319,2.0142163085766134,0.0,0.0,0.0,13.258875583506692,1102.8688895247462,29.73094022392497,302.7106577576344,11.525181126674264
0,235.0,17.675811371391152,0.95,0.0,0.0,0.02,0.03,0.0,0.0,0.0,298.91,80.05,0.7861898230236526,0.2208096361198145,24.51463093940571,12.204735716979508,1083.1774737171418,40.634612381646654,0.9754747826132586,0.0,0.0,0.0080452704091213,0.01647994697762,0.0,0.0,0.0,0.6859682511834639,0.0,0.0,0.1439040273052494,0.1701277215112866,0.0,0.0,0.0,11.890269464506316,0.998757214936095,1.0,0.0,0.0,2.1314908015435594,1.98401197141314,0.0,0.0,0.0,13.258875583506692,1102.8688895247462,29.73094022392497,302.7106577576344,11.525181126674264
0,235.0,19.043555284994063,0.95,0.0,0.0,0.02,0.03,0.0,0.0,0.0,298.91,80.05,0.7861898230236526,0.2378957562147915,24.51463093940571,12.204735716979508,1079.3057296141826,43.27676742991588,0.970226366786575,0.0,0.0,0.0101875172977533,0.0195861159156716,0.0,0.0,0.0,0.6435786236623755,0.0,0.0,0.1686551928301451,0.1877661835074793,0.0,0.0,0.0,11.609815990924965,1.013881342730698,1.0,0.0,0.0,2.1019715528471457,1.9551139874920775,0.0,0.0,0.0,13.258875583506692,1102.8688895247462,29.73094022392497,302.7106577576344,11.525181126674264
0,235.0,20.41129919859697,0.95,0.0,0.0,0.02,0.03,0.0,0.0,0.0,298.91,80.05,0.7861898230236526,0.2549818763097686,24.51463093940571,12.204735716979508,1075.6204268627498,45.99865098498222,0.9650560436387552,0.0,0.0,0.0124577972506637,0.0224861591105809,0.0,0.0,0.0,0.606909995187496,0.0,0.0,0.1918681507342235,0.2012218540782804,0.0,0.0,0.0,11.337565317407426,1.028980869002298,1.0,0.0,0.0,2.0737376788737443,1.9274965011154408,0.0,0.0,0.0,13.258875583506692,1102.8688895247462,29.73094022392497,302.7106577576344,11.525181126674264
0,235.0,21.779043112199886,0.95,0.0,0.0,0.02,0.03,0.0,0.0,0.0,298.91,80.05,0.7861898230236526,0.2720679964047456,24.51463093940571,12.204735716979508,1072.1175336674708,48.7994130802501,0.9599630401401686,0.0,0.0,0.0148530237291447,0.0251839361306865,0.0,0.0,0.0,0.5749032258162494,0.0,0.0,0.2137776189633458,0.2113191552204047,0.0,0.0,0.0,11.0731981250027,1.0440742255742763,1.0,0.0,0.0,2.046718090843321,1.9011065652247725,0.0,0.0,0.0,13.258875583506692,1102.8688895247462,29.73094022392497,302.7106577576344,11.525181126674264
0,235.0,23.1467870258028,0.95,0.0,0.0,0.02,0.03,0.0,0.0,0.0,298.91,80.05,0.7861898230236526,0.2891541164997226,24.51463093940571,12.204735716979508,1068.7907229657342,51.677710581130775,0.954945439275579,0.0,0.0,0.0173688282383548,0.0276857324860662,0.0,0.0,0.0,0.5467451366741621,0.0,0.0,0.2345477378255361,0.2187071255003016,0.0,0.0,0.0,10.816360203068006,1.0591506807741708,1.0,0.0,0.0,2.020839350465148,1.875815413939616,0.0,0.0,0.0,13.258875583506692,1102.8688895247462,29.73094022392497,302.7106577576344,11.525181126674264
0,235.0,24.51453093940571,0.95,0.0,0.0,0.02,0.03,0.0,0.0,0.0,298.91,80.05,0.7861898230236526,0.3062402365946997,24.51463093940571,12.204735716979508,1065.6317776698904,54.63181277029874,0.9500003587381476,0.0,0.0,0.0199998037119076,0.0299998375499448,0.0,0.0,0.0,0.5218010888501102,0.0,0.0,0.2542944234101682,0.2239044877397216,0.0,0.0,0.0,10.566670074121262,1.0742199236270409,1.0,0.0,0.0,1.99603357697543,1.8515968968084824,0.0,0.0,0.0,13.258875583506692,1102.8688895247462,29.73094022392497,302.7106577576344,11.525181126674264
0,240.0,14.531771026960714,0.95,0.0,0.0,0.02,0.03,0.0,0.0,0.0,298.91,80.05,0.802917266066709,0.1815336792874542,26.723637633670567,14.531671026960714,1080.4081640825884,36.72266834211675,0.9966461678401892,0.0,0.0,0.000926122281824,0.0024277098779866,0.0,0.0,0.0,0.9499942463909092,0.0,0.0,0.0200023526827886,0.030003400926302,0.0,0.0,0.0,11.83824612471708,0.9897424850953784,1.0,0.0,0.0,2.0814986929226733,1.9083638161798824,0.0,0.0,0.0,12.014498351825988,1083.263844328595,35.3375257790447,302.7106577576344,13.710780754884407
0,240.0,15.886411761039586,0.95,0.0,0.0,0.02,0.03,0.0,0.0,0.0,298.91,80.05,0.802917266066709,0.1984561119430304,26.723637633670567,14.531671026960714,1075.8294289680512,39.06690284203572,0.9911655055533988,0.0,0.0,0.0025497750446962,0.006284719401905,0.0,0.0,0.0,0.8785895449968372,0.0,0.0,0.0502711818357081,0.0711392731674546,0.0,0.0,0.0,11.553744728611408,1.004926498986326,1.0,0.0,0.0,2.052423422091996,1.8806983078821136,0.0,0.0,0.0,12.014498351825988,1083.263844328595,35.3375257790447,302.7106577576344,13.710780754884407
0,240.0,17.24105249511846,0.95,0.0,0.0,0.02,0.03,0.0,0.0,0.0,298.91,80.05,0.802917266066709,0.2153785445986066,26.723637633670567,14.531671026960714,1071.4230534611245,41.485963694538256,0.98575491074801,0.0,0.0,0.0042959053051531,0.0099491839468368,0.0,0.0,0.0,0.8182677362056507,0.0,0.0,0.077858792029236,0.1038734717651131,0.0,0.0,0.0,11.277063368799054,1.0201309393685014,1.0,0.0,0.0,2.0245308635621497,1.8541830072493977,0.0,0.0,0.0,12.014498351825988,1083.263844328595,35.3375257790447,302.7106577576344,13.710780754884407
0,240.0,18.59569322919733,0.95,0.0,0.0,0.02,0.03,0.0,0.0,0.0,298.91,80.05,0.802917266066709,0.2323009772541827,26.723637633670567,14.531671026960714,1067.1946559736302,43.98129776864287,0.9804179693730276,0.0,0.0,0.0061673342843607,0.0134146963426116,0.0,0.0,0.0,0.7666744108855275,0.0,0.0,0.1033678790403334,0.1299577100741391,0.0,0.0,0.0,11.008105523301246,1.0353488024441688,1.0,0.0,0.0,1.9977833362725732,1.828740845214618,0.0,0.0,0.0,12.014498351825988,1083.263844328595,35.3375257790447,302.7106577576344,13.710780754884407
0,240.0,19.950333963276204,0.95,0.0,0.0,0.02,0.03,0.0,0.0,0.0,298.91,80.05,0.802917266066709,0.2492234099097589,26.723637633670567,14.531671026960714,1063.1474605250671,46.55376710164095,0.9751571825561628,0.0,0.0,0.0081654181485638,0.0166773992952732,0.0,0.0,0.0,0.7220776118659636,0.0,0.0,0.1272205185189254,0.1507018696151108,0.0,0.0,0.0,10.746730768035931,1.0505751512872736,1.0,0.0,0.0,1.9721420601126027,1.804408929444558,0.0,0.0,0.0,12.014498351825988,1083.263844328595,35.3375257790447,302.7106577576344,13.710780754884407
0,240.0,21.30497469735508,0.95,0.0,0.0,0.02,0.03,0.0,0.0,0.0,298.91,80.05,0.802917266066709,0.2661458425653351,26.723637633670567,14.531671026960714,1059.282143553054,49.2036331908657,0.9699738668991602,0.0,0.0,0.0102899813453094,0.0197361517555304,0.0,0.0,0.0,0.683174802528683,0.0,0.0,0.1497133728820892,0.1671118245892276,0.0,0.0,0.0,10.492748221628018,1.0658147078249962,1.0,0.0,0.0,1.9475749602876251,1.7810825647143234,0.0,0.0,0.0,12.014498351825988,1083.263844328595,35.3375257790447,302.7106577576344,13.710780754884407
0,240.0,22.65961543143395,0.95,0.0,0.0,0.02,0.03,0.0,0.0,0.0,298.91,80.05,0.802917266066709,0.2830682752209113,26.723637633670567,14.531671026960714,1055.5968275417863,51.93057604033776,0.9648681189418448,0.0,0.0,0.0125393450014384,0.0225925360567167,0.0,0.0,0.0,0.6489674779077957,0.0,0.0,0.1710547366120365,0.1799777854801677,0.0,0.0,0.0,10.245922909523,1.0810625194612002,1.0,0.0,0.0,1.9240116195005503,1.7587241024197409,0.0,0.0,0.0,12.014498351825988,1083.263844328595,35.3375257790447,302.7106577576344,13.710780754884407
0,240.0,24.014256165512823,0.95,0.0,0.0,0.02,0.03,0.0,0.0,0.0,298.91,80.05,0.802917266066709,0.2999907078764874,26.723637633670567,14.531671026960714,1052.0872337369317,54.73374751125111,0.9598388610066634,0.0,0.0,0.0149104420043287,0.0252506969890079,0.0,0.0,0.0,0.6186773286505958,0.0,0.0,0.1913903621538597,0.1899323091955444,0.0,0.0,0.0,10.005980878432348,1.0963181629467174,1.0,0.0,0.0,1.901397639689044,1.7373130507653112,0.0,0.0,0.0,12.014498351825988,1083.263844328595,35.3375257790447,302.7106577576344,13.710780754884407
0,240.0,25.368896899591697,0.95,0.0,0.0,0.02,0.03,0.0,0.0,0.0,298.91,80.05,0.802917266066709,0.3169131405320636,26.723637633670567,14.531671026960714,1048.7469655889934,57.61185230118885,0.954883953636352,0.0,0.0,0.0173990050692269,0.027717041294421,0.0,0.0,0.0,0.5916887336479174,0.0,0.0,0.2108219972613726,0.1974892690907099,0.0,0.0,0.0,9.77261778980804,1.1115878217516206,1.0,0.0,0.0,1.8796769955883152,1.7167418885218957,0.0,0.0,0.0,12.014498351825988,1083.263844328595,35.3375257790447,302.7106577576344,13.710780754884407
0,240.0,26.723537633670567,0.95,0.0,0.0,0.02,0.03,0.0,0.0,0.0,298.91,80.05,0.802917266066709,0.3338355731876398,26.723637633670567,14.531671026960714,1045.5678847668771,60.56324699871622,0.9500003577320402,0.0,0.0,0.0199998041353781,0.0299998381325816,0.0,0.0,0.0,0.5675084140454296,0.0,0.0,0.2294209112759449,0.2030706746786255,0.0,0.0,0.0,9.545507704443915,1.1268802717103044,1.0,0.0,0.0,1.8587931399561484,1.697029089643303,0.0,0.0,0.0,12.014498351825988,1083.263844328595,35.3375257790447,302.7106577576344,13.710780754884407
0,245.0,17.17774355655105,0.95,0.0,0.0,0.02,0.03,0.0,0.0,0.0,298.91,80.05,0.8196447091097654,0.2145876771586639,29.266919273357168,17.17764355655105,1059.217806683028,43.507771259636485,0.9959826137663036,0.0,0.0,0.0011091062078673,0.0029082800258289,0.0,0.0,0.0,0.9499952150321354,0.0,0.0,0.0200019657934233,0.0300028191744413,0.0,0.0,0.0,10.601216023429195,1.0477781615655068,1.0,0.0,0.0,1.9284852000027173,1.73425433819931,0.0,0.0,0.0,10.793959502416731,1062.6711211462375,41.80803719266337,302.7106577576344,16.191644196077288
0,245.0,18.52097419175173,0.95,0.0,0.0,0.02,0.03,0.0,0.0,0.0,298.91,80.05,0.8196447091097654,0.2313675726639816,29.266919273357168,17.17764355655105,1054.6560815213206,45.88549506946648,0.990569988677852,0.0,0.0,0.0027216221831663,0.0067083891389818,0.0,0.0,0.0,0.8903159244267216,0.0,0.0,0.0454188882228241,0.0642651873504542,0.0,0.0,0.0,10.344676657400534,1.0631993888225204,1.0,0.0,0.0,1.90430015142917,1.7120347926278323,0.0,0.0,0.0,10.793959502416731,1062.6711211462375,41.80803719266337,302.7106577576344,16.191644196077288
0,245.0,19.86420482695241,0.95,0.0,0.0,0.02,0.03,0.0,0.0,0.0,298.91,80.05,0.8196447091097654,0.2481474681692993,29.266919273357168,17.17764355655105,1050.264644466123,48.336803020331935,0.9852299126580224,0.0,0.0,0.0044548781650926,0.0103152091768851,0.0,0.0,0.0,0.8386281461562997,0.0,0.0,0.0691425866928905,0.0922292671508097,0.0,0.0,0.0,10.095027067201936,1.0786680609430348,1.0,0.0,0.0,1.88104634408328,1.6907325903949069,0.0,0.0,0.0,10.793959502416731,1062.6711211462375,41.80803719266337,302.7106577576344,16.191644196077288
0,245.0,21.20743546215309,0.95,0.0,0.0,0.02,0.03,0.0,0.0,0.0,298.91,80.05,0.8196447091097654,0.264927363674617,29.266919273357168,17.17764355655105,1046.0483395115882,50.86297335690235,0.979965521206954,0.0,0.0,0.0063113877977129,0.0137230909953329,0.0,0.0,0.0,0.7934618501963812,0.0,0.0,0.0915085184978519,0.1150296313057669,0.0,0.0,0.0,9.852180081755227,1.094181017497286,1.0,0.0,0.0,1.8587001552840916,1.6702591371328392,0.0,0.0,0.0,10.793959502416731,1062.6711211462375,41.80803719266337,302.7106577576344,16.191644196077288
0,245.0,22.55066609735377,0.95,0.0,0.0,0.02,0.03,0.0,0.0,0.0,298.91,80.05,0.8196447091097654,0.2817072591799346,29.266919273357168,17.17764355655105,1042.0096419698195,53.46472121234541,0.9747788398851648,0.0,0.0,0.0082922300284418,0.0169289300863934,0.0,0.0,0.0,0.7536863779119575,0.0,0.0,0.1127563493828568,0.1335572727051856,0.0,0.0,0.0,9.616009521984791,1.1097337812764574,1.0,0.0,0.0,1.837248495214116,1.6506430136178418,0.0,0.0,0.0,10.793959502416731,1062.6711211462375,41.80803719266337,302.7106577576344,16.191644196077288
0,245.0,23.89389673255445,0.95,0.0,0.0,0.02,0.03,0.0,0.0,0.0,298.91,80.05,0.8196447091097654,0.2984871546852523,29.266919273357168,17.17764355655105,1038.1485464159302,56.14219107586394,0.969670709885636,0.0,0.0,0.0103969990263527,0.0199322910880111,0.0,0.0,0.0,0.7184177506754342,0.0,0.0,0.1330556334099129,0.1485266159146529,0.0,0.0,0.0,9.386345030467057,1.1253177134768622,1.0,0.0,0.0,1.8166279361854036,1.631798722388026,0.0,0.0,0.0,10.793959502416731,1062.6711211462375,41.80803719266337,302.7106577576344,16.191644196077288
0,245.0,25.23712736775513,0.95,0.0,0.0,0.02,0.03,0.0,0.0,0.0,298.91,80.05,0.8196447091097654,0.31526705019057,29.266919273357168,17.17764355655105,1034.462593779181,58.89498212108898,0.9646407744210024,0.0,0.0,0.0126238468723486,0.0227353787066491,0.0,0.0,0.0,0.686954799013339,0.0,0.0,0.1525245254231995,0.1605206755634615,0.0,0.0,0.0,9.162977370571452,1.1409329419454162,1.0,0.0,0.0,1.7967988798021537,1.613722634465188,0.0,0.0,0.0,10.793959502416731,1062.6711211462375,41.80803719266337,302.7106577576344,16.191644196077288
0,245.0,26.58035800295581,0.95,0.0,0.0,0.02,0.03,0.0,0.0,0.0,298.91,80.05,0.8196447091097654,0.3320469456958876,29.266919273357168,17.17764355655105,1030.9470479857932,61.72220525237318,0.9596875429218678,0.0,0.0,0.0149696077334467,0.0253428493446855,0.0,0.0,0.0,0.6587342106351612,0.0,0.0,0.1712438382105182,0.1700219511543205,0.0,0.0,0.0,8.945663987206599,1.1565829301330424,1.0,0.0,0.0,1.7777192267729505,1.59636183171381,0.0,0.0,0.0,10.793959502416731,1062.6711211462375,41.80803719266337,302.7106577576344,16.191644196077288
0,245.0,27.923588638156488,0.95,0.0,0.0,0.02,0.03,0.0,0.0,0.0,298.91,80.05,0.8196447091097654,0.3488268412012054,29.266919273357168,17.17764355655105,1027.5951910401593,64.62256460331594,0.95480851619925,0.0,0.0,0.017429988868787,0.0277614949319627,0.0,0.0,0.0,0.6332982620279002,0.0,0.0,0.1892678069774807,0.1774339309946191,0.0,0.0,0.0,8.734136595196958,1.1722739629107015,1.0,0.0,0.0,1.7593455815368346,1.5796639278700306,0.0,0.0,0.0,10.793959502416731,1062.6711211462375,41.80803719266337,302.7106577576344,16.191644196077288
0,245.0,29.266819273357168,0.95,0.0,0.0,0.02,0.03,0.0,0.0,0.0,298.91,80.05,0.8196447091097654,0.365606736706523,29.266919273357168,17.17764355655105,1024.3986984416345,67.59445412027117,0.9500003551864488,0.0,0.0,0.0199998048758461,0.029999839937705,0.0,0.0,0.0,0.6102712428720329,0.0,0.0,0.2066323630710611,0.183096394056906,0.0,0.0,0.0,8.528109425753271,1.1880150011417308,1.0,0.0,0.0,1.7416634613408195,1.5636262964558154,0.0,0.0,0.0,10.793959502416731,1062.6711211462375,41.80803719266337,302.7106577576344,16.191644196077288
0,250.0,20.170829341833333,0.95,0.0,0.0,0.02,0.03,0.0,0.0,0.0,298.91,80.05,0.8363721521528219,0.2519778805975432,32.1605869858282,20.170729341833333,1036.7548502101126,51.364656095999074,0.9952183914611452,0.0,0.0,0.0013164535318147,0.0034651550070401,0.0,0.0,0.0,0.9499960022167756,0.0,0.0,0.0200016518227701,0.0300023459604543,0.0,0.0,0.0,9.389676127754385,1.1138016711616243,1.0,0.0,0.0,1.7986801088136433,1.5860677291116736,0.0,0.0,0.0,9.599114364051816,1040.9186176418627,49.27650279185157,302.7106577576344,18.99215487266697
0,250.0,21.50301352449943,0.95,0.0,0.0,0.02,0.03,0.0,0.0,0.0,298.91,80.05,0.8363721521528219,0.2686197816926849,32.1605869858282,20.170729341833333,1032.2027066306814,53.79216851891889,0.9898821699879204,0.0,0.0,0.0029137622606713,0.0072040677514082,0.0,0.0,0.0,0.9000031095564593,0.0,0.0,0.0414195656004737,0.058577324843067,0.0,0.0,0.0,9.1587621005197,1.1297271006235208,1.0,0.0,0.0,1.778396589262642,1.568268449059392,0.0,0.0,0.0,9.599114364051816,1040.9186176418627,49.27650279185157,302.7106577576344,18.99215487266697
0,250.0,22.835197707165527,0.95,0.0,0.0,0.02,0.03,0.0,0.0,0.0,298.91,80.05,0.8363721521528219,0.2852616827878267,32.1605869858282,20.170729341833333,1027.819809329405,56.29275341735874,0.9846217806426544,0.0,0.0,0.0046305060911635,0.0107477132661821,0.0,0.0,0.0,0.855812396615014,0.0,0.0,0.0618122860708663,0.0823753173141196,0.0,0.0,0.0,8.93396470910358,1.1457274841988023,1.0,0.0,0.0,1.7588538678508072,1.551154038327561,0.0,0.0,0.0,9.599114364051816,1040.9186176418627,49.27650279185157,302.7106577576344,18.99215487266697
0,250.0,24.16738188983162,0.95,0.0,0.0,0.02,0.03,0.0,0.0,0.0,298.91,80.05,0.8363721521528219,0.3019035838829684,32.1605869858282,20.170729341833333,1023.6102240688718,58.867521774327706,0.9794398999478828,0.0,0.0,0.0064688789426776,0.0140912211094395,0.0,0.0,0.0,0.8164990303242937,0.0,0.0,0.0813595081895587,0.1021414614861476,0.0,0.0,0.0,8.71520203802638,1.1617895857094769,1.0,0.0,0.0,1.7400313479698355,1.5346933547766863,0.0,0.0,0.0,9.599114364051816,1040.9186176418627,49.27650279185157,302.7106577576344,18.99215487266697
0,250.0,25.49956607249772,0.95,0.0,0.0,0.02,0.03,0.0,0.0,0.0,298.91,80.05,0.8363721521528219,0.3185454849781101,32.1605869858282,20.170729341833333,1019.5756295830852,61.51703453073193,0.9743380455529456,0.0,0.0,0.0084296487446923,0.017232305702362,0.0,0.0,0.0,0.7813243926382629,0.0,0.0,0.100188691451498,0.1184869159102389,0.0,0.0,0.0,8.502357569541227,1.1779085671042608,1.0,0.0,0.0,1.7219329627019044,1.5189037513215415,0.0,0.0,0.0,9.599114364051816,1040.9186176418627,49.27650279185157,302.7106577576344,18.99215487266697
0,250.0,26.83175025516381,0.95,0.0,0.0,0.02,0.03,0.0,0.0,0.0,298.91,80.05,0.8363721521528219,0.3351873860732519,32.1605869858282,20.170729341833333,1015.7152487448134,64.24130459913675,0.9693165278389676,0.0,0.0,0.0105121263682726,0.0201713457927598,0.0,0.0,0.0,0.7496913602667504,0.0,0.0,0.1183874056960877,0.1319212340371617,0.0,0.0,0.0,8.295274228380716,1.1940917440826908,1.0,0.0,0.0,1.7044961295183223,1.5037237537552894,0.0,0.0,0.0,9.599114364051816,1040.9186176418627,49.27650279185157,302.7106577576344,18.99215487266697
0,250.0,28.16393443782991,0.95,0.0,0.0,0.02,0.03,0.0,0.0,0.0,298.91,80.05,0.8363721521528219,0.3518292871683936,32.1605869858282,20.170729341833333,1012.025914270112,67.03983018006384,0.9643744604542236,0.0,0.0,0.0127142270990378,0.0229113124467385,0.0,0.0,0.0,0.7211118995054876,0.0,0.0,0.1360131696940063,0.142874930800506,0.0,0.0,0.0,8.09376137926582,1.210339750504681,1.0,0.0,0.0,1.6876893060398337,1.489123285489332,0.0,0.0,0.0,9.599114364051816,1040.9186176418627,49.27650279185157,302.7106577576344,18.99215487266697
0,250.0,29.49611862049601,0.95,0.0,0.0,0.02,0.03,0.0,0.0,0.0,298.91,80.05,0.8363721521528219,0.3684711882635353,32.1605869858282,20.170729341833333,1008.5022781358252,69.91165777606079,0.9595098474501697,0.0,0.0,0.0150326094510183,0.0254575430988119,0.0,0.0,0.0,0.6951832352940575,0.0,0.0,0.1531014398869025,0.15171532481904,0.0,0.0,0.0,7.897599144425017,1.2266485502610074,1.0,0.0,0.0,1.6714867073931157,1.4750831916307168,0.0,0.0,0.0,9.599114364051816,1040.9186176418627,49.27650279185157,302.7106577576344,18.99215487266697
0,250.0,30.828302803162103,0.95,0.0,0.0,0.02,0.03,0.0,0.0,0.0,298.91,80.05,0.8363721521528219,0.3851130893586771,32.1605869858282,20.170729341833333,1005.1371288677028,72.85546669715673,0.9547197267816676,0.0,0.0,0.0174628751308384,0.0278173980874939,0.0,0.0,0.0,0.6715700491478681,0.0,0.0,0.1696721283465435,0.1587578225055885,0.0,0.0,0.0,7.706546595710664,1.2430320093691791,1.0,0.0,0.0,1.6558718487212991,1.4615816059867668,0.0,0.0,0.0,9.599114364051816,1040.9186176418627,49.27650279185157,302.7106577576344,18.99215487266697
0,250.0,32.1604869858282,0.95,0.0,0.0,0.02,0.03,0.0,0.0,0.0,298.91,80.05,0.8363721521528219,0.4017549904538189,32.1605869858282,20.170729341833333,1001.9217752255717,75.8696652317734,0.9500003490827312,0.0,0.0,0.0199998071552049,0.0299998437620636,0.0,0.0,0.0,0.6499909856202735,0.0,0.0,0.1857348579210454,0.1642741564586812,0.0,0.0,0.0,7.520349731894087,1.2595075635766086,1.0,0.0,0.0,1.6407830563494734,1.448568194313321,0.0,0.0,0.0,9.599114364051816,1040.9186176418627,49.27650279185157,302.7106577576344,18.99215487266697
0,255.0,23.540962097550818,0.95,0.0,0.0,0.02,0.03,0.0,0.0,0.0,298.91,80.05,0.8530995951958783,0.2940782273273056,35.42115158052064,23.540862097550814,1012.7776858527208,60.48295169557878,0.9943379494168538,0.0,0.0,0.001552183408188,0.0041098671749582,0.0,0.0,0.0,0.9499966476715196,0.0,0.0,0.0200013948128358,0.0300019575156445,0.0,0.0,0.0,8.206064958514633,1.189994500127046,1.0,0.0,0.0,1.6873427976017938,1.4599008928295114,0.0,0.0,0.0,8.432227805466914,1017.7913832278248,57.90987351738985,302.7106577576344,22.13772066860631
0,255.0,24.86097204010302,0.95,0.0,0.0,0.02,0.03,0.0,0.0,0.0,298.91,80.05,0.8530995951958783,0.3105680454728672,35.42115158052064,23.540862097550814,1008.2293107246468,62.97728400516746,0.989090227715131,0.0,0.0,0.0031309074377892,0.0077788648470798,0.0,0.0,0.0,0.9080864230504996,0.0,0.0,0.0380874876024522,0.0538260893470481,0.0,0.0,0.0,7.998983200445479,1.2067190251011362,1.0,0.0,0.0,1.6702071603243078,1.445661153575761,0.0,0.0,0.0,8.432227805466914,1017.7913832278248,57.90987351738985,302.7106577576344,22.13772066860631
0,255.0,26.180981982655226,0.95,0.0,0.0,0.02,0.03,0.0,0.0,0.0,298.91,80.05,0.8530995951958783,0.3270578636184287,35.42115158052064,23.540862097550814,1003.8493621630508,65.54472393137662,0.9839219548949468,0.0,0.0,0.0048278905101596,0.0112501545948934,0.0,0.0,0.0,0.8704122362640492,0.0,0.0,0.0555968360076225,0.0739909277283283,0.0,0.0,0.0,7.797355592111224,1.2235355914635762,1.0,0.0,0.0,1.653664868666597,1.4319596954331706,0.0,0.0,0.0,8.432227805466914,1017.7913832278248,57.90987351738985,302.7106577576344,22.13772066860631
0,255.0,27.500991925207423,0.95,0.0,0.0,0.02,0.03,0.0,0.0,0.0,298.91,80.05,0.8530995951958783,0.3435476817639903,35.42115158052064,23.540862097550814,999.6410830399848,68.18621054522518,0.9788353074533112,0.0,0.0,0.0066449833930994,0.0145197091535892,0.0,0.0,0.0,0.8363888807958036,0.0,0.0,0.0726187690614121,0.0909923501427842,0.0,0.0,0.0,7.601101733694606,1.2404530265146818,1.0,0.0,0.0,1.6376987431976266,1.418781056773054,0.0,0.0,0.0,8.432227805466914,1017.7913832278248,57.90987351738985,302.7106577576344,22.13772066860631
0,255.0,28.821001867759627,0.95,0.0,0.0,0.02,0.03,0.0,0.0,0.0,298.91,80.05,0.8530995951958783,0.3600374999095518,35.42115158052064,23.540862097550814,995.6052889541098,70.90214396381036,0.9738312410422572,0.0,0.0,0.0085826112265486,0.017586147731194,0.0,0.0,0.0,0.805533671984485,0.0,0.0,0.0892128550376935,0.1052534729778215,0.0,0.0,0.0,7.41011175931216,1.2574615441237946,1.0,0.0,0.0,1.6223090453978448,1.4061097776473357,0.0,0.0,0.0,8.432227805466914,1017.7913832278248,57.90987351738985,302.7106577576344,22.13772066860631
0,255.0,30.14101181031183,0.95,0.0,0.0,0.02,0.03,0.0,0.0,0.0,298.91,80.05,0.8530995951958783,0.3765273180551134,35.42115158052064,23.540862097550814,991.740348019678,73.69239879668068,0.9689094717771825,0.0,0.0,0.0106397642642101,0.0204507639586074,0.0,0.0,0.0,0.7774448590225163,0.0,0.0,0.1054152255548816,0.1171399154226021,0.0,0.0,0.0,7.224237816350818,1.27456109530983,1.0,0.0,0.0,1.6074634048031355,1.3939256981220578,0.0,0.0,0.0,8.432227805466914,1017.7913832278248,57.90987351738985,302.7106577576344,22.13772066860631
0,255.0,31.461021752864035,0.95,0.0,0.0,0.02,0.03,0.0,0.0,0.0,298.91,80.05,0.8530995951958783,0.393017136200675,35.42115158052064,23.540862097550814,988.0422899241768,76.55636680033314,0.9640685136961132,0.0,0.0,0.0128140818931241,0.0231174044107624,0.0,0.0,0.0,0.7517852872550311,0.0,0.0,0.1212441487516033,0.1269705639933655,0.0,0.0,0.0,7.043303177557331,1.2917604467008688,1.0,0.0,0.0,1.593123362988716,1.382199234814101,0.0,0.0,0.0,8.432227805466914,1017.7913832278248,57.90987351738985,302.7106577576344,22.13772066860631
0,255.0,32.78103169541623,0.95,0.0,0.0,0.02,0.03,0.0,0.0,0.0,298.91,80.05,0.8530995951958783,0.4095069543462365,35.42115158052064,23.540862097550814,984.505054138456,79.4930272092308,0.9593057926391148,0.0,0.0,0.0151020094997374,0.0255921978611478,0.0,0.0,0.0,0.7282699302590215,0.0,0.0,0.1367049188963205,0.1350251508446578,0.0,0.0,0.0,6.867105693427596,1.3090584691603395,1.0,0.0,0.0,1.579281673897749,1.3709065380449104,0.0,0.0,0.0,8.432227805466914,1017.7913832278248,57.90987351738985,302.7106577576344,22.13772066860631
0,255.0,34.10104163796844,0.95,0.0,0.0,0.02,0.03,0.0,0.0,0.0,298.91,80.05,0.8530995951958783,0.425996772491798,35.42115158052064,23.540862097550814,981.120834977246,82.50103531499768,0.9546178115677726,0.0,0.0,0.0174990103144932,0.0278831781177341,0.0,0.0,0.0,0.706656246117528,0.0,0.0,0.1517940781169897,0.1415496757654823,0.0,0.0,0.0,6.695426112808542,1.3264736184559964,1.0,0.0,0.0,1.5659018591856713,1.360022763171958,0.0,0.0,0.0,8.432227805466914,1017.7913832278248,57.90987351738985,302.7106577576344,22.13772066860631
0,255.0,35.42105158052064,0.95,0.0,0.0,0.02,0.03,0.0,0.0,0.0,298.91,80.05,0.8530995951958783,0.4424865906373597,35.42115158052064,23.540862097550814,977.8804799107536,85.57881916691258,0.9500003445621692,0.0,0.0,0.0199998082552404,0.0299998471825904,0.0,0.0,0.0,0.6867366229694808,0.0,0.0,0.1665029462055923,0.1467604308249268,0.0,0.0,0.0,6.528035344314965,1.3440121314832951,1.0,0.0,0.0,1.5529433649615003,1.3495234452592502,0.0,0.0,0.0,8.432227805466914,1017.7913832278248,57.90987351738985,302.7106577576344,22.13772066860631
0,260.0,27.32043542190818,0.95,0.0,0.0,0.02,0.03,0.0,0.0,0.0,298.91,80.05,0.8698270382389347,0.3412921351893589,39.06474523744732,27.32033542190818,986.9731956632,71.10897486816451,0.9933205352445516,0.0,0.0,0.0018224864018181,0.0048569783536301,0.0,0.0,0.0,0.9499971816611268,0.0,0.0,0.0200011825891093,0.0300016357497638,0.0,0.0,0.0,7.053380512758687,1.279464856660517,1.0,0.0,0.0,1.5906792312779865,1.352569382657135,0.0,0.0,0.0,7.296085655146154,993.0143761526203,67.92140682303575,302.7106577576344,25.654931900849267
0,260.0,28.62534762363475,0.95,0.0,0.0,0.02,0.03,0.0,0.0,0.0,298.91,80.05,0.8698270382389347,0.3575933494520268,39.06474523744732,27.32033542190818,982.4239971262888,73.68848185124963,0.9881779577997124,0.0,0.0,0.0033797863631395,0.0084422558371479,0.0,0.0,0.0,0.9149085024985102,0.0,0.0,0.0352765684422362,0.0498149290592535,0.0,0.0,0.0,6.868807322243499,1.2973457636885073,1.0,0.0,0.0,1.5760760808121923,1.3412566840253164,0.0,0.0,0.0,7.296085655146154,993.0143761526203,67.92140682303575,302.7106577576344,25.654931900849267
0,260.0,29.93025982536132,0.95,0.0,0.0,0.02,0.03,0.0,0.0,0.0,298.91,80.05,0.8698270382389347,0.3738945637146948,39.06474523744732,27.32033542190818,978.0417234518384,76.34151633164383,0.9831182309953634,0.0,0.0,0.0050539626886363,0.0118278063160001,0.0,0.0,0.0,0.8829235646033291,0.0,0.0,0.050271149032455,0.0668052863642158,0.0,0.0,0.0,6.68909842222612,1.315374879128477,1.0,0.0,0.0,1.5619686438197224,1.3303659740649498,0.0,0.0,0.0,7.296085655146154,993.0143761526203,67.92140682303575,302.7106577576344,25.654931900849267
0,260.0,31.23517202708789,0.95,0.0,0.0,0.02,0.03,0.0,0.0,0.0,298.91,80.05,0.8698270382389347,0.3901957779773628,39.06474523744732,27.32033542190818,973.8287187604158,79.06883957540383,0.9781429645592926,0.0,0.0,0.006846491809891,0.0150105436308164,0.0,0.0,0.0,0.8536709900440973,0.0,0.0,0.0650224218109845,0.0813065881449181,0.0,0.0,0.0,6.514174396622054,1.3335345902447993,1.0,0.0,0.0,1.5483433113915306,1.3198828219749883,0.0,0.0,0.0,7.296085655146154,993.0143761526203,67.92140682303575,302.7106577576344,25.654931900849267
0,260.0,32.540084228814464,0.95,0.0,0.0,0.02,0.03,0.0,0.0,0.0,298.91,80.05,0.8698270382389347,0.4064969922400308,39.06474523744732,27.32033542190818,969.7848614248368,81.87069023821753,0.973252485273703,0.0,0.0,0.0087574310953821,0.0179900836309148,0.0,0.0,0.0,0.8268357282528094,0.0,0.0,0.0795498844706657,0.0936143872765248,0.0,0.0,0.0,6.343929280756998,1.3518209803175416,1.0,0.0,0.0,1.5351664194282797,1.3097912309665811,0.0,0.0,0.0,7.296085655146154,993.0143761526203,67.92140682303575,302.7106577576344,25.654931900849267
0,260.0,33.84499643054103,0.95,0.0,0.0,0.02,0.03,0.0,0.0,0.0,298.91,80.05,0.8698270382389347,0.4227982065026987,39.06474523744732,27.32033542190818,965.9076003837724,84.74681147362432,0.9684458541304491,0.0,0.0,0.0107854337782779,0.0207687120912728,0.0,0.0,0.0,0.8021487235402737,0.0,0.0,0.0938586225538533,0.1039926539058729,0.0,0.0,0.0,6.178222863004029,1.3702536371541711,1.0,0.0,0.0,1.5224462469288709,1.3000758165561297,0.0,0.0,0.0,7.296085655146154,993.0143761526203,67.92140682303575,302.7106577576344,25.654931900849267
0,260.0,35.1499086322676,0.95,0.0,0.0,0.02,0.03,0.0,0.0,0.0,298.91,80.05,0.8698270382389347,0.4390994207653667,39.06474523744732,27.32033542190818,962.1921100299658,87.69650342479774,0.9637209327330358,0.0,0.0,0.0129278579601587,0.0233512093068054,0.0,0.0,0.0,0.7793787815771139,0.0,0.0,0.1079428181141191,0.1126784003087669,0.0,0.0,0.0,6.016889804071598,1.3888233339208356,1.0,0.0,0.0,1.51013687321916,1.2907239349658108,0.0,0.0,0.0,7.296085655146154,993.0143761526203,67.92140682303575,302.7106577576344,25.654931900849267
0,260.0,36.45482083399418,0.95,0.0,0.0,0.02,0.03,0.0,0.0,0.0,298.91,80.05,0.8698270382389347,0.4554006350280347,39.06474523744732,27.32033542190818,958.6315791770232,90.71870100308756,0.9590745259896354,0.0,0.0,0.0151809422009254,0.0257445318094391,0.0,0.0,0.0,0.7583261760865612,0.0,0.0,0.1217890341670183,0.1198847897464204,0.0,0.0,0.0,5.859743948835716,1.4075448789490947,1.0,0.0,0.0,1.4982268028554149,1.2817072015144215,0.0,0.0,0.0,7.296085655146154,993.0143761526203,67.92140682303575,302.7106577576344,25.654931900849267
0,260.0,37.75973303572074,0.95,0.0,0.0,0.02,0.03,0.0,0.0,0.0,298.91,80.05,0.8698270382389347,0.4717018492907026,39.06474523744732,27.32033542190818,955.21758364741,93.81206602730992,0.9545025698162356,0.0,0.0,0.017540028696669,0.0279574014870954,0.0,0.0,0.0,0.7388175506487916,0.0,0.0,0.1353791693130177,0.1258032800381906,0.0,0.0,0.0,5.706584636836051,1.4264309305271952,1.0,0.0,0.0,1.4866933934438369,1.2730052753710923,0.0,0.0,0.0,7.296085655146154,993.0143761526203,67.92140682303575,302.7106577576344,25.654931900849267
0,260.0,39.06464523744732,0.95,0.0,0.0,0.02,0.03,0.0,0.0,0.0,298.91,80.05,0.8698270382389347,0.4880030635533706,39.06474523744732,27.32033542190818,951.9404972154005,96.9750834681082,0.9500003396388964,0.0,0.0,0.0199998093786079,0.0299998509824957,0.0,0.0,0.0,0.7207018011779672,0.0,0.0,0.148692980474259,0.1306052183477739,0.0,0.0,0.0,5.557202983382911,1.4455008567322658,1.0,0.0,0.0,1.4755042258628308,1.2645988270494155,0.0,0.0,0.0,7.296085655146154,993.0143761526203,67.92140682303575,302.7106577576344,25.654931900849267
0,265.0,31.54467270215288,0.95,0.0,0.0,0.02,0.03,0.0,0.0,0.0,298.91,80.05,0.8865544812819912,0.394062119951941,43.10612605798877,31.54457270215288,958.9222054867378,83.57357043663777,0.9921372745730191,0.0,0.0,0.0021370523050301,0.0057256731219506,0.0,0.0,0.0,0.9499976275341177,0.0,0.0,0.0200010057421699,0.0300013667237124,0.0,0.0,0.0,5.935367024567078,1.386811906895126,1.0,0.0,0.0,1.5054426340845786,1.261595693215732,0.0,0.0,0.0,6.194157229336726,966.2255774553212,79.59167899763797,302.7106577576344,29.571779036695137
0,265.0,32.829267519467976,0.95,0.0,0.0,0.02,0.03,0.0,0.0,0.0,298.91,80.05,0.8865544812819912,0.4101095255398873,43.10612605798877,31.54457270215288,954.3683480586618,86.25863784556255,0.9871223727205756,0.0,0.0,0.0036703373855609,0.0092072898938633,0.0,0.0,0.0,0.9207410869167996,0.0,0.0,0.0328706260968345,0.0463882869863659,0.0,0.0,0.0,5.7723985027756735,1.406363757595794,1.0,0.0,0.0,1.4929383798548768,1.252699774557296,0.0,0.0,0.0,6.194157229336726,966.2255774553212,79.59167899763797,302.7106577576344,29.571779036695137
0,265.0,34.11386233678307,0.95,0.0,0.0,0.02,0.03,0.0,0.0,0.0,298.91,80.05,0.8865544812819912,0.4261569311278335,43.10612605798877,31.54457270215288,949.978149074244,89.01789946846571,0.9821928203798624,0.0,0.0,0.0053185280306716,0.0124886515894659,0.0,0.0,0.0,0.8937604321683463,0.0,0.0,0.0456479435148855,0.0605916243167682,0.0,0.0,0.0,5.613748198287221,1.4261045641844334,1.0,0.0,0.0,1.4808440298386942,1.2441404090972026,0.0,0.0,0.0,6.194157229336726,966.2255774553212,79.59167899763797,302.7106577576344,29.571779036695137
0,265.0,35.398457154098175,0.95,0.0,0.0,0.02,0.03,0.0,0.0,0.0,298.91,80.05,0.8865544812819912,0.4422043367157798,43.10612605798877,31.54457270215288,945.7529521536238,91.85193851815848,0.9773495704607724,0.0,0.0,0.0070826973853437,0.0155677321538837,0.0,0.0,0.0,0.8688202877294009,0.0,0.0,0.0583414763706836,0.0728382358999155,0.0,0.0,0.0,5.459338466990947,1.4460322980762477,1.0,0.0,0.0,1.469128632510826,1.235892008314142,0.0,0.0,0.0,6.194157229336726,966.2255774553212,79.59167899763797,302.7106577576344,29.571779036695137
0,265.0,36.68305197141328,0.95,0.0,0.0,0.02,0.03,0.0,0.0,0.0,298.91,80.05,0.8865544812819912,0.4582517423037262,43.10612605798877,31.54457270215288,941.6916426554236,94.76084848027789,0.9725922633056032,0.0,0.0,0.0089625236734131,0.0184452130209834,0.0,0.0,0.0,0.8457159208478888,0.0,0.0,0.0709481072928119,0.0833359718592992,0.0,0.0,0.0,5.309064061962791,1.466148450824396,1.0,0.0,0.0,1.45780324040204,1.227950814798276,0.0,0.0,0.0,6.194157229336726,966.2255774553212,79.59167899763797,302.7106577576344,29.571779036695137
0,265.0,37.96764678872837,0.95,0.0,0.0,0.02,0.03,0.0,0.0,0.0,298.91,80.05,0.8865544812819912,0.4742991478916724,43.10612605798877,31.54457270215288,937.7907211880046,97.74427092519932,0.9679192609399808,0.0,0.0,0.0109563387687247,0.0211244002912944,0.0,0.0,0.0,0.8242683694255925,0.0,0.0,0.0834554224518149,0.0922762081225926,0.0,0.0,0.0,5.1627935102954,1.4864674198526984,1.0,0.0,0.0,1.446825135913998,1.2202972556187974,0.0,0.0,0.0,6.194157229336726,966.2255774553212,79.59167899763797,302.7106577576344,29.571779036695137
0,265.0,39.25224160604347,0.95,0.0,0.0,0.02,0.03,0.0,0.0,0.0,298.91,80.05,0.8865544812819912,0.4903465534796186,43.10612605798877,31.54457270215288,934.0445157333392,100.80145936145284,0.963327754874986,0.0,0.0,0.0130612577097002,0.0236109874153136,0.0,0.0,0.0,0.804320525725957,0.0,0.0,0.0958441566832156,0.0998353175908272,0.0,0.0,0.0,5.020372885721434,1.5069920328824942,1.0,0.0,0.0,1.4362014725804744,1.21292307808874,0.0,0.0,0.0,6.194157229336726,966.2255774553212,79.59167899763797,302.7106577576344,29.571779036695137
0,265.0,40.53683642335857,0.95,0.0,0.0,0.02,0.03,0.0,0.0,0.0,298.91,80.05,0.8865544812819912,0.5063939590675649,43.10612605798877,31.54457270215288,930.445504258872,103.93136238848746,0.9588139336382648,0.0,0.0,0.0152733707994968,0.0259126955622384,0.0,0.0,0.0,0.7857339663583823,0.0,0.0,0.1080905919112599,0.1061754417303578,0.0,0.0,0.0,4.881631469071706,1.527733211551345,1.0,0.0,0.0,1.4258894470232624,1.205803657843104,0.0,0.0,0.0,6.194157229336726,966.2255774553212,79.59167899763797,302.7106577576344,29.571779036695137
0,265.0,41.82143124067368,0.95,0.0,0.0,0.02,0.03,0.0,0.0,0.0,298.91,80.05,0.8865544812819912,0.5224413646555113,43.10612605798877,31.54457270215288,926.984707249116,107.13271705461156,0.9543731891731336,0.0,0.0,0.0175879734742863,0.0280388373525799,0.0,0.0,0.0,0.7683863597615369,0.0,0.0,0.1201687556481089,0.1114448845903541,0.0,0.0,0.0,4.746387753532257,1.5487073940507785,1.0,0.0,0.0,1.4158930008109551,1.198936492117486,0.0,0.0,0.0,6.194157229336726,966.2255774553212,79.59167899763797,302.7106577576344,29.571779036695137
0,265.0,43.10602605798877,0.95,0.0,0.0,0.02,0.03,0.0,0.0,0.0,298.91,80.05,0.8865544812819912,0.5384887702434575,43.10612605798877,31.54457270215288,923.652102071364,110.4041419346064,0.9500003347894956,0.0,0.0,0.0199998103735307,0.0299998548369734,0.0,0.0,0.0,0.7521693075872743,0.0,0.0,0.1320523080400781,0.1157783843726475,0.0,0.0,0.0,4.614462565763699,1.569962700694001,1.00000000006991,0.0,0.0,1.4061850251079744,1.192303182949407,0.0,0.0,0.0,6.194157229336726,966.2255774553212,79.59167899763797,302.7106577576344,29.571779036695137
0,270.0,36.253459466620335,0.95,0.0,0.0,0.02,0.03,0.0,0.0,0.0,298.91,80.05,0.9032819243250476,0.4528851900889486,47.55722142646514,36.25335946662033,928.0408311250144,98.33982349697148,0.9907460396012112,0.0,0.0,0.002511408615408,0.0067425517833807,0.0,0.0,0.0,0.9499980035850176,0.0,0.0,0.0200008568804772,0.0300011395345051,0.0,0.0,0.0,4.856804903470609,1.5192574304762432,1.0,0.0,0.0,1.4288996046428954,1.1850420427775297,0.0,0.0,0.0,5.130843724671824,936.9320241360858,93.30322734807504,302.7106577576344,33.91794976874195
0,270.0,37.50942190660309,0.95,0.0,0.0,0.02,0.03,0.0,0.0,0.0,298.91,80.05,0.9032819243250476,0.4685749145109693,47.55722142646514,36.25335946662033,923.4785818643504,101.15380123811664,0.985889345268088,0.0,0.0,0.0040178324378701,0.0100928222940417,0.0,0.0,0.0,0.9258025785505748,0.0,0.0,0.0307755446996146,0.0434218767498104,0.0,0.0,0.0,4.714934604056148,1.5411698577252224,1.0,0.0,0.0,1.4181478170313742,1.1781753455643729,0.0,0.0,0.0,5.130843724671824,936.9320241360858,93.30322734807504,302.7106577576344,33.91794976874195
0,270.0,38.76538434658585,0.95,0.0,0.0,0.02,0.03,0.0,0.0,0.0,298.91,80.05,0.9032819243250476,0.48426463893299,47.55722142646514,36.25335946662033,919.0735727666014,104.04279219845516,0.981118693062774,0.0,0.0,0.0056361556357977,0.0132451513014282,0.0,0.0,0.0,0.9032703742214148,0.0,0.0,0.0415695778266458,0.0551600479519392,0.0,0.0,0.0,4.576854279191226,1.5633593888421673,1.0,0.0,0.0,1.4077287913764138,1.1715621199173278,0.0,0.0,0.0,5.130843724671824,936.9320241360858,93.30322734807504,302.7106577576344,33.91794976874195
0,270.0,40.0213467865686,0.95,0.0,0.0,0.02,0.03,0.0,0.0,0.0,298.91,80.05,0.9032819243250476,0.4999543633550106,47.55722142646514,36.25335946662033,914.8260601360064,107.00722549192962,0.9764343028186694,0.0,0.0,0.0073670276665199,0.0161986695148107,0.0,0.0,0.0,0.882253372864126,0.0,0.0,0.052376161844134,0.06537046529174,0.0,0.0,0.0,4.442489485498845,1.5858214598596774,1.0,0.0,0.0,1.3976244425054556,1.1651913574519237,0.0,0.0,0.0,5.130843724671824,936.9320241360858,93.30322734807504,302.7106577576344,33.91794976874195
0,270.0,41.27730922655136,0.95,0.0,0.0,0.02,0.03,0.0,0.0,0.0,298.91,80.05,0.9032819243250476,0.5156440877770314,47.55722142646514,36.25335946662033,910.7339026385056,110.0470950241282,0.9718350823218158,0.0,0.0,0.0092097714313343,0.0189551462468498,0.0,0.0,0.0,0.8626198093288053,0.0,0.0,0.0631806125490884,0.0741995781221063,0.0,0.0,0.0,4.311738347610408,1.608554385019847,1.0,0.0,0.0,1.3878282721369333,1.1590529431101722,0.0,0.0,0.0,5.130843724671824,936.9320241360858,93.30322734807504,302.7106577576344,33.91794976874195
0,270.0,42.53327166653411,0.95,0.0,0.0,0.02,0.03,0.0,0.0,0.0,298.91,80.05,0.9032819243250476,0.5313338121990521,47.55722142646514,36.25335946662033,906.7926906956036,113.16201073761846,0.9673186986016632,0.0,0.0,0.0111624582881215,0.0215188431102152,0.0,0.0,0.0,0.844252004483898,0.0,0.0,0.0739620408447626,0.0817859546713391,0.0,0.0,0.0,4.18447804543189,1.6315780229341137,1.0,0.0,0.0,1.3783255575040991,1.153136154857888,0.0,0.0,0.0,5.130843724671824,936.9320241360858,93.30322734807504,302.7106577576344,33.91794976874195
0,270.0,43.78923410651687,0.95,0.0,0.0,0.02,0.03,0.0,0.0,0.0,298.91,80.05,0.9032819243250476,0.5470235366210727,47.55722142646514,36.25335946662033,902.9959986435306,116.3512699432742,0.9628817147278426,0.0,0.0,0.0132220559907366,0.0238962292814207,0.0,0.0,0.0,0.827044584525502,0.0,0.0,0.0846951853327862,0.0882602301417117,0.0,0.0,0.0,4.060568067624417,1.6549042578360662,1.0,0.0,0.0,1.3690975838513513,1.1474299213943504,0.0,0.0,0.0,5.130843724671824,936.9320241360858,93.30322734807504,302.7106577576344,33.91794976874195
0,270.0,45.045196546499625,0.95,0.0,0.0,0.02,0.03,0.0,0.0,0.0,298.91,80.05,0.9032819243250476,0.5627132610430934,47.55722142646514,36.25335946662033,899.3357288884275,119.61394228502772,0.9585197765579676,0.0,0.0,0.0153846289281905,0.0260955945138418,0.0,0.0,0.0,0.8109030102665805,0.0,0.0,0.0953522370244591,0.0937447527089603,0.0,0.0,0.0,3.9398567064386647,1.6785472703589568,1.0,0.0,0.0,1.3601368933055276,1.141924745398622,0.0,0.0,0.0,5.130843724671824,936.9320241360858,93.30322734807504,302.7106577576344,33.91794976874195
0,270.0,46.30115898648238,0.95,0.0,0.0,0.02,0.03,0.0,0.0,0.0,298.91,80.05,0.9032819243250476,0.578402985465114,47.55722142646514,36.25335946662033,895.8025079395994,122.94896010421972,0.9542278284595008,0.0,0.0,0.0176455654682174,0.0281266060722818,0.0,0.0,0.0,0.7957423469607044,0.0,0.0,0.1059045130583041,0.0983531399809915,0.0,0.0,0.0,3.822183020614281,1.7025425215578112,1.0,0.0,0.0,1.3514164939340672,1.1366061810897166,0.0,0.0,0.0,5.130843724671824,936.9320241360858,93.30322734807504,302.7106577576344,33.91794976874195
0,270.0,47.55712142646514,0.95,0.0,0.0,0.02,0.03,0.0,0.0,0.0,298.91,80.05,0.9032819243250476,0.5940927098871348,47.55722142646514,36.25335946662033,892.3860873140991,126.35520412547996,0.9500003305920768,0.0,0.0,0.0199998110308256,0.0299998583770976,0.0,0.0,0.0,0.7814862023528795,0.0,0.0,0.1163238850888534,0.102189912558267,0.0,0.0,0.0,3.7073817242478375,1.726905162074533,1.0,0.0,0.0,1.3429297584096465,1.1314624084878755,0.0,0.0,0.0,5.130843724671824,936.9320241360858,93.30322734807504,302.7106577576344,33.91794976874195
0,275.0,41.49304810647802,0.95,0.0,0.0,0.02,0.03,0.0,0.0,0.0,298.91,80.05,0.920009367368104,0.5183391393688698,52.424715506712346,41.49294810647802,893.4736332197984,116.09099166192904,0.9890816964137624,0.0,0.0,0.0029714148002496,0.0079468887859876,0.0,0.0,0.0,0.9499983244777166,0.0,0.0,0.0200007300546438,0.0300009454676395,0.0,0.0,0.0,3.823985020985385,1.6888211562688,1.0,0.0,0.0,1.3585682344307204,1.1214893355003068,0.0,0.0,0.0,4.11187312512685,904.4335281070778,109.60126774294156,302.7106577576344,38.72523437118672
0,275.0,42.70766670650406,0.95,0.0,0.0,0.02,0.03,0.0,0.0,0.0,298.91,80.05,0.920009367368104,0.533512388588433,52.424715506712346,41.49294810647802,888.8983263861054,119.06153560903256,0.9844251664123216,0.0,0.0,0.0044469723302251,0.0111278612574532,0.0,0.0,0.0,0.9302724906020702,0.0,0.0,0.0289127383103055,0.0408147710876241,0.0,0.0,0.0,3.703100233586735,1.714195877171528,1.0,0.0,0.0,1.3493121318072685,1.116343921054752,0.0,0.0,0.0,4.11187312512685,904.4335281070778,109.60126774294156,302.7106577576344,38.72523437118672
0,275.0,43.92228530653009,0.95,0.0,0.0,0.02,0.03,0.0,0.0,0.0,298.91,80.05,0.920009367368104,0.5486856378079962,52.424715506712346,41.49294810647802,884.4688432693841,122.10808182303916,0.97985239323544,0.0,0.0,0.0060298294632737,0.0141177773012863,0.0,0.0,0.0,0.9117501898059016,0.0,0.0,0.037899950841281,0.0503498593528173,0.0,0.0,0.0,3.5854775363007865,1.7399575629088766,1.0,0.0,0.0,1.340319364143823,1.1113874392014276,0.0,0.0,0.0,4.11187312512685,904.4335281070778,109.60126774294156,302.7106577576344,38.72523437118672
0,275.0,45.13690390655613,0.95,0.0,0.0,0.02,0.03,0.0,0.0,0.0,298.91,80.05,0.920009367368104,0.5638588870275594,52.424715506712346,41.49294810647802,880.1842717098721,125.23097151424844,0.9753627971547492,0.0,0.0,0.0077202313285608,0.0169169715166899,0.0,0.0,0.0,0.8943399698868749,0.0,0.0,0.0469486165056731,0.0587114136074519,0.0,0.0,0.0,3.471044605171487,1.7661290836783317,1.0,0.0,0.0,1.3315798599195074,1.1066157264690957,0.0,0.0,0.0,4.11187312512685,904.4335281070778,109.60126774294156,302.7106577576344,38.72523437118672
0,275.0,46.35152250658216,0.95,0.0,0.0,0.02,0.03,0.0,0.0,0.0,298.91,80.05,0.920009367368104,0.5790321362471226,52.424715506712346,41.49294810647802,876.0414848281257,128.43020572544134,0.9709545723417772,0.0,0.0,0.009517218601524,0.0195282090566987,0.0,0.0,0.0,0.8779586483895572,0.0,0.0,0.0560395682749098,0.066001783335533,0.0,0.0,0.0,3.3597060217398136,1.792708571691783,1.0,0.0,0.0,1.323092452541541,1.1020184220735143,0.0,0.0,0.0,4.11187312512685,904.4335281070778,109.60126774294156,302.7106577576344,38.72523437118672
0,275.0,47.5661411066082,0.95,0.0,0.0,0.02,0.03,0.0,0.0,0.0,298.91,80.05,0.920009367368104,0.5942053854666859,52.424715506712346,41.49294810647802,872.0352869115727,131.70549740876916,0.9666247670133674,0.0,0.0,0.0114187302151519,0.0219565027714805,0.0,0.0,0.0,0.8625303972720865,0.0,0.0,0.0651495204942222,0.0723200822336913,0.0,0.0,0.0,3.2513537684238085,1.8197336316276072,1.0,0.0,0.0,1.3148368291356332,1.0975882083780568,0.0,0.0,0.0,4.11187312512685,904.4335281070778,109.60126774294156,302.7106577576344,38.72523437118672
0,275.0,48.78075970663424,0.95,0.0,0.0,0.02,0.03,0.0,0.0,0.0,298.91,80.05,0.920009367368104,0.6093786346862491,52.424715506712346,41.49294810647802,868.1586997705263,135.05635004537868,0.9623694490523944,0.0,0.0,0.0134217546223737,0.0242087963252317,0.0,0.0,0.0,0.8479860609703851,0.0,0.0,0.0742524343673257,0.077761504662289,0.0,0.0,0.0,3.145863220100954,1.8472193624686823,1.0,0.0,0.0,1.3068025972601154,1.0933172915813358,0.0,0.0,0.0,4.11187312512685,904.4335281070778,109.60126774294156,302.7106577576344,38.72523437118672
0,275.0,49.99537830666027,0.95,0.0,0.0,0.02,0.03,0.0,0.0,0.0,298.91,80.05,0.920009367368104,0.6245518839058123,52.424715506712346,41.49294810647802,864.40327917326,138.4821303874737,0.9581838778987118,0.0,0.0,0.0155225339238482,0.0262935881774398,0.0,0.0,0.0,0.8342625148825076,0.0,0.0,0.0833209182451578,0.0824165668723346,0.0,0.0,0.0,3.043102770636036,1.8751913040998556,1.0,0.0,0.0,1.2989817692052184,1.0891968899843378,0.0,0.0,0.0,4.11187312512685,904.4335281070778,109.60126774294156,302.7106577576344,38.72523437118672
0,275.0,51.20999690668631,0.95,0.0,0.0,0.02,0.03,0.0,0.0,0.0,298.91,80.05,0.920009367368104,0.6397251331253755,52.424715506712346,41.49294810647802,860.7595196949061,141.98216030506964,0.9540627385353836,0.0,0.0,0.0177167638688417,0.0282204975957745,0.0,0.0,0.0,0.8213022133556477,0.0,0.0,0.092327429862215,0.0863703567821372,0.0,0.0,0.0,2.9429364331125125,1.9036869895838155,1.0,0.0,0.0,1.2913546096431925,1.085218276207499,0.0,0.0,0.0,4.11187312512685,904.4335281070778,109.60126774294156,302.7106577576344,38.72523437118672
0,275.0,52.42461550671234,0.95,0.0,0.0,0.02,0.03,0.0,0.0,0.0,298.91,80.05,0.920009367368104,0.6548983823449387,52.424715506712346,41.49294810647802,857.2171990111968,145.5557837356794,0.950000327800932,0.0,0.0,0.0199998110478235,0.0299998611512445,0.0,0.0,0.0,0.8090526883208621,0.0,0.0,0.101245349583376,0.0897019620957619,0.0,0.0,0.0,2.845226042973618,1.9327610815447809,1.0,0.0,0.0,1.2839093239087465,1.0813721857562069,0.0,0.0,0.0,4.11187312512685,904.4335281070778,109.60126774294156,302.7106577576344,38.72523437118672
0,280.0,47.32010636534817,0.95,0.0,0.0,0.02,0.03,0.0,0.0,0.0,298.91,80.05,0.9367368104111604,0.5911318721467603,57.705517195710094,47.32000636534816,853.8798952423195,137.90901034114867,0.9870355794543576,0.0,0.0,0.0035628821648925,0.0094015383807498,0.0,0.0,0.0,0.9499986024637782,0.0,0.0,0.0200006202540339,0.0300007772821878,0.0,0.0,0.0,2.8455527996713097,1.9174781964001588,1.0,0.0,0.0,1.29207178188159,1.0700792739135838,0.0,0.0,0.0,3.1449654870637134,867.6798743518019,129.30886906724652,302.7106577576344,44.02808165538378
0,280.0,48.47402979094394,0.95,0.0,0.0,0.02,0.03,0.0,0.0,0.0,298.91,80.05,0.9367368104111604,0.6055469055708175,57.705517195710094,47.32000636534816,849.2842581412986,141.07016617834964,0.9826385994099412,0.0,0.0,0.0050006357394379,0.0123607648506209,0.0,0.0,0.0,0.9343044891116372,0.0,0.0,0.027213014324336,0.0384824965640267,0.0,0.0,0.0,2.745966153339342,1.9481152968851192,1.0,0.0,0.0,1.2841231103188464,1.0664311304924337,0.0,0.0,0.0,3.1449654870637134,867.6798743518019,129.30886906724652,302.7106577576344,44.02808165538378
0,280.0,49.62795321653971,0.95,0.0,0.0,0.02,0.03,0.0,0.0,0.0,298.91,80.05,0.9367368104111604,0.6199619389948746,57.705517195710094,47.32000636534816,844.8153610291841,144.30876805924956,0.9783185544996282,0.0,0.0,0.0065387726544152,0.0151426728459564,0.0,0.0,0.0,0.9194631049640642,0.0,0.0,0.0345157157125511,0.0460211793233847,0.0,0.0,0.0,2.6490938558988044,1.9793693745623413,1.0,0.0,0.0,1.2763818087961207,1.0629232985601835,0.0,0.0,0.0,3.1449654870637134,867.6798743518019,129.30886906724652,302.7106577576344,44.02808165538378
0,280.0,50.78187664213547,0.95,0.0,0.0,0.02,0.03,0.0,0.0,0.0,298.91,80.05,0.9367368104111604,0.6343769724189315,57.705517195710094,47.32000636534816,840.4711131141848,147.62523890436066,0.9740740850032048,0.0,0.0,0.0081772133911354,0.0177487016056598,0.0,0.0,0.0,0.905419966302382,0.0,0.0,0.0418932609630964,0.0526867727345215,0.0,0.0,0.0,2.5548703411720477,2.011256298244324,1.0,0.0,0.0,1.2688395443658282,1.0595510980502736,0.0,0.0,0.0,3.1449654870637134,867.6798743518019,129.30886906724652,302.7106577576344,44.02808165538378
0,280.0,51.93580006773124,0.95,0.0,0.0,0.02,0.03,0.0,0.0,0.0,298.91,80.05,0.9367368104111604,0.6487920058429887,57.705517195710094,47.32000636534816,836.247521484952,151.0198004459595,0.9699027792601712,0.0,0.0,0.0099148716213378,0.0201823491184911,0.0,0.0,0.0,0.892124492354013,0.0,0.0,0.0493266541803069,0.05854885346568,0.0,0.0,0.0,2.463212629310703,2.043815989589569,1.0,0.0,0.0,1.261490068535814,1.0563090535403794,0.0,0.0,0.0,3.1449654870637134,867.6798743518019,129.30886906724652,302.7106577576344,44.02808165538378
0,280.0,53.08972349332701,0.95,0.0,0.0,0.02,0.03,0.0,0.0,0.0,298.91,80.05,0.9367368104111604,0.6632070392670458,57.705517195710094,47.32000636534816,832.1388315818527,154.4925182548229,0.9658012545843352,0.0,0.0,0.0117497692335705,0.0224489761820943,0.0,0.0,0.0,0.8795296675435158,0.0,0.0,0.0567943255296561,0.0636760069268279,0.0,0.0,0.0,2.3740327415459634,2.077066835944674,1.0,0.0,0.0,1.2543217209053008,1.053191119473142,0.0,0.0,0.0,3.1449654870637134,867.6798743518019,129.30886906724652,302.7106577576344,44.02808165538378
0,280.0,54.24364691892279,0.95,0.0,0.0,0.02,0.03,0.0,0.0,0.0,298.91,80.05,0.9367368104111604,0.6776220726911029,57.705517195710094,47.32000636534816,828.1377701523144,158.0433661487564,0.9617652980721256,0.0,0.0,0.0136791893284217,0.0245555125994527,0.0,0.0,0.0,0.8675918235735531,0.0,0.0,0.0642731223457635,0.0681350540806832,0.0,0.0,0.0,2.287225455287389,2.1110665894468967,1.0,0.0,0.0,1.24732612402286,1.050192265544946,0.0,0.0,0.0,3.1449654870637134,867.6798743518019,129.30886906724652,302.7106577576344,44.02808165538378
0,280.0,55.39757034451856,0.95,0.0,0.0,0.02,0.03,0.0,0.0,0.0,298.91,80.05,0.9367368104111604,0.69203710611516,57.705517195710094,47.32000636534816,824.2358952179297,161.67231357169948,0.9577900734697204,0.0,0.0,0.0156998336951153,0.0265100928351642,0.0,0.0,0.0,0.8562705358275804,0.0,0.0,0.0717392146782411,0.0719902494941784,0.0,0.0,0.0,2.2026830848284424,2.145855830218222,1.0,0.0,0.0,1.2404930415221795,1.047306413855129,0.0,0.0,0.0,3.1449654870637134,867.6798743518019,129.30886906724652,302.7106577576344,44.02808165538378
0,280.0,56.55149377011432,0.95,0.0,0.0,0.02,0.03,0.0,0.0,0.0,298.91,80.05,0.9367368104111604,0.706452139539217,57.705517195710094,47.32000636534816,820.4238823341847,165.3793829601754,0.9538702808469222,0.0,0.0,0.0178080110391426,0.028321708113935,0.0,0.0,0.0,0.8455284294381009,0.0,0.0,0.0791689695018439,0.0753026010600551,0.0,0.0,0.0,2.120303334751205,2.181500948117645,1.0,0.0,0.0,1.2338115798093272,1.0445275659924258,0.0,0.0,0.0,3.1449654870637134,867.6798743518019,129.30886906724652,302.7106577576344,44.02808165538378
0,280.0,57.70541719571009,0.95,0.0,0.0,0.02,0.03,0.0,0.0,0.0,298.91,80.05,0.9367368104111604,0.7208671729632741,57.705517195710094,47.32000636534816,816.6918341068508,169.16471301033505,0.9500003325945297,0.0,0.0,0.0199998070033745,0.0299998604020959,0.0,0.0,0.0,0.8353310407658247,0.0,0.0,0.0865396457566387,0.0781293134775367,0.0,0.0,0.0,2.0399803353667165,2.2180626465402327,1.0,0.0,0.0,1.227270188100931,1.041851861229652,0.0,0.0,0.0,3.1449654870637134,867.6798743518019,129.30886906724652,302.7106577576344,44.02808165538378
0,285.0,53.81022576328144,0.95,0.0,0.0,0.02,0.03,0.0,0.0,0.0,298.91,80.05,0.9534642534542168,0.6722076922333722,63.37688077330135,53.81012576328144,806.9458038997651,165.6898194546132,0.9844057304428432,0.0,0.0,0.004375379488811,0.0112188900683457,0.0,0.0,0.0,0.9499988487715244,0.0,0.0,0.0200005228055856,0.0300006284228899,0.0,0.0,0.0,1.9341510318980717,2.252207148699682,1.0000000000673388,0.0,0.0,1.2271097815496064,1.030891778969665,0.0,0.0,0.0,2.2410524707626744,824.9746819221486,153.77005765610247,302.7106577576344,49.86436423924916
0,285.0,54.873176319950325,0.95,0.0,0.0,0.02,0.03,0.0,0.0,0.0,298.91,80.05,0.9534642534542168,0.6854862750774556,63.37688077330135,53.81012576328144,802.3173704828347,169.0853611673746,0.9803570019049548,0.0,0.0,0.0057614887465644,0.0138815093484807,0.0,0.0,0.0,0.9380409881047655,0.0,0.0,0.0256092010002632,0.0363498108949711,0.0,0.0,0.0,1.8566702653068157,2.290071767262804,1.0,0.0,0.0,1.2201062756513887,1.0285374022444216,0.0,0.0,0.0,2.2410524707626744,824.9746819221486,153.77005765610247,302.7106577576344,49.86436423924916
0,285.0,55.9361268766192,0.95,0.0,0.0,0.02,0.03,0.0,0.0,0.0,298.91,80.05,0.9534642534542168,0.6987648579215391,63.37688077330135,53.81012576328144,797.7847916794046,172.56127072823395,0.9763718673828062,0.0,0.0,0.0072377244631374,0.0163904081540562,0.0,0.0,0.0,0.9266621240471792,0.0,0.0,0.0312940202159974,0.0420438557368233,0.0,0.0,0.0,1.7813301351293105,2.330436380060564,1.0,0.0,0.0,1.2135107380653487,1.0263565958198773,0.0,0.0,0.0,2.2410524707626744,824.9746819221486,153.77005765610247,302.7106577576344,49.86436423924916
0,285.0,56.99907743328808,0.95,0.0,0.0,0.02,0.03,0.0,0.0,0.0,298.91,80.05,0.9534642534542168,0.7120434407656225,63.37688077330135,53.81012576328144,793.3448509949621,176.11844212466866,0.972448340040178,0.0,0.0,0.0088038660879531,0.0187477938718688,0.0,0.0,0.0,0.9158322075973157,0.0,0.0,0.0370412234728621,0.0471265689298223,0.0,0.0,0.0,1.7080841183746087,2.374232949419343,1.0000000000120506,0.0,0.0,1.2074068682695516,1.0243653647808648,0.0,0.0,0.0,2.2410524707626744,824.9746819221486,153.77005765610247,302.7106577576344,49.86436423924916
0,285.0,58.06202798995695,0.95,0.0,0.0,0.02,0.03,0.0,0.0,0.0,298.91,80.05,0.9534642534542168,0.7253220236097059,63.37688077330135,53.81012576328144,788.9928158693984,179.75773260563145,0.9685836150363932,0.0,0.0,0.0104589784013116,0.020957406562295,0.0,0.0,0.0,0.9055227532842132,0.0,0.0,0.0428350819113754,0.0516421648044111,0.0,0.0,0.0,1.636832404920392,2.414467570596681,1.0,0.0,0.0,1.2007418043560778,1.0222893764977168,0.0,0.0,0.0,2.2410524707626744,824.9746819221486,153.77005765610247,302.7106577576344,49.86436423924916
0,285.0,59.12497854662583,0.95,0.0,0.0,0.02,0.03,0.0,0.0,0.0,298.91,80.05,0.9534642534542168,0.7386006064537893,63.37688077330135,53.81012576328144,784.7225919052571,183.4800195895814,0.9647741662358256,0.0,0.0,0.0122015062640743,0.0230243275001001,0.0,0.0,0.0,0.8957068242046942,0.0,0.0,0.0486584694245892,0.0556347063707166,0.0,0.0,0.0,1.567566256182957,2.461529432351316,1.0000000000032934,0.0,0.0,1.1949923762818686,1.020505465893487,0.0,0.0,0.0,2.2410524707626744,824.9746819221486,153.77005765610247,302.7106577576344,49.86436423924916
0,285.0,60.18792910329471,0.95,0.0,0.0,0.02,0.03,0.0,0.0,0.0,298.91,80.05,0.9534642534542168,0.7518791892978727,63.37688077330135,53.81012576328144,780.5269256206666,187.2862617268191,0.9610158682676364,0.0,0.0,0.0140293914707497,0.0249547402616139,0.0,0.0,0.0,0.8863590388288318,0.0,0.0,0.054493446757583,0.0591475144135852,0.0,0.0,0.0,1.5001618809003452,2.507197930800834,1.0000000000006763,0.0,0.0,1.1889800315452352,1.0187133542484332,0.0,0.0,0.0,2.2410524707626744,824.9746819221486,153.77005765610247,302.7106577576344,49.86436423924916
0,285.0,61.25087965996359,0.95,0.0,0.0,0.02,0.03,0.0,0.0,0.0,298.91,80.05,0.9534642534542168,0.7651577721419561,63.37688077330135,53.81012576328144,776.3976232896385,191.17755650247545,0.9573041255715428,0.0,0.0,0.0159402032084746,0.0267556712199824,0.0,0.0,0.0,0.8774555758287031,0.0,0.0,0.0603218178013158,0.0622226063699808,0.0,0.0,0.0,1.434520053217516,2.5498069929743146,1.0,0.0,0.0,1.1825447925832868,1.016882169198635,0.0,0.0,0.0,2.2410524707626744,824.9746819221486,153.77005765610247,302.7106577576344,49.86436423924916
0,285.0,62.31383021663247,0.95,0.0,0.0,0.02,0.03,0.0,0.0,0.0,298.91,80.05,0.9534642534542168,0.7784363549860396,63.37688077330135,53.81012576328144,772.3257738912606,195.1551959261493,0.9536340019253926,0.0,0.0,0.0179312695812966,0.0284347284933106,0.0,0.0,0.0,0.8689741776230557,0.0,0.0,0.066125617677962,0.0649002046989822,0.0,0.0,0.0,1.3706832176628705,2.603110282156428,1.0000000000475655,0.0,0.0,1.1773057823167123,1.015390736562418,0.0,0.0,0.0,2.2410524707626744,824.9746819221486,153.77005765610247,302.7106577576344,49.86436423924916
0,285.0,63.37678077330134,0.95,0.0,0.0,0.02,0.03,0.0,0.0,0.0,298.91,80.05,0.9534642534542168,0.7917149378301229,63.37688077330135,53.81012576328144,768.3019548177901,199.22071685443055,0.9500003388284204,0.0,0.0,0.0199998026957531,0.0299998584758265,0.0,0.0,0.0,0.8608941412643717,0.0,0.0,0.0718875138455917,0.0672183448900366,0.0,0.0,0.0,1.3084575230347837,2.653606258864062,1.000000000000707,0.0,0.0,1.1716276929942526,1.0138547924508847,0.0,0.0,0.0,2.2410524707626744,824.9746819221486,153.77005765610247,302.7106577576344,49.86436423924916
0,290.0,61.08075322153155,0.95,0.0,0.0,0.02,0.03,0.0,0.0,0.0,298.91,80.05,0.9701916964972732,0.7630325199441793,69.36988049966126,61.08065322153155,748.0177622153018,203.33748031981003,0.980746940431216,0.0,0.0,0.0056156531105461,0.0136374064582378,0.0,0.0,0.0,0.9499990764794396,0.0,0.0,0.0200004320507964,0.030000491469764,0.0,0.0,0.0,1.1101766876108592,2.813162304942603,1.0000000001124023,0.0,0.0,1.1604600796636584,1.005714094620687,0.0,0.0,0.0,1.4167983026644004,773.2637021553837,185.44864903964933,302.7106577576344,56.27641671412855
0,290.0,62.00175625243485,0.95,0.0,0.0,0.02,0.03,0.0,0.0,0.0,298.91,80.05,0.9701916964972732,0.7745378669885679,69.36988049966126,61.08065322153155,743.3371167568059,207.0255663673686,0.9771935165961492,0.0,0.0,0.0069183859602389,0.0158880974436116,0.0,0.0,0.0,0.9416389431172651,0.0,0.0,0.0240221395683672,0.0343389173143674,0.0,0.0,0.0,1.0563047399508156,2.8702979168389446,1.0000000001364129,0.0,0.0,1.1549840889766865,1.0047936450569976,0.0,0.0,0.0,1.4167983026644004,773.2637021553837,185.44864903964933,302.7106577576344,56.27641671412855
0,290.0,62.92275928333815,0.95,0.0,0.0,0.02,0.03,0.0,0.0,0.0,298.91,80.05,0.9701916964972732,0.7860432140329563,69.36988049966126,61.08065322153155,738.7022390829482,210.80171638439373,0.973681443541086,0.0,0.0,0.0082960201724844,0.0180225362864295,0.0,0.0,0.0,0.9336375180715174,0.0,0.0,0.0280867603398752,0.0382757215886073,0.0,0.0,0.0,1.0039424573955908,2.9296637661267995,1.000000000036336,0.0,0.0,1.1496069480277866,1.003953594604286,0.0,0.0,0.0,1.4167983026644004,773.2637021553837,185.44864903964933,302.7106577576344,56.27641671412855
0,290.0,63.84376231424145,0.95,0.0,0.0,0.02,0.03,0.0,0.0,0.0,298.91,80.05,0.9701916964972732,0.7975485610773448,69.36988049966126,61.08065322153155,734.1085564038531,214.66816548437572,0.9702083572837332,0.0,0.0,0.0097485610671377,0.0200430816491291,0.0,0.0,0.0,0.9259810213398996,0.0,0.0,0.03218451799454,0.0418344606655603,0.0,0.0,0.0,0.9530769908628932,2.9914263392090787,1.0000000000001334,0.0,0.0,1.1443247009299646,1.0031935670380938,0.0,0.0,0.0,1.4167983026644004,773.2637021553837,185.44864903964933,302.7106577576344,56.27641671412855
0,290.0,64.76476534514475,0.95,0.0,0.0,0.02,0.03,0.0,0.0,0.0,298.91,80.05,0.9701916964972732,0.8090539081217334,69.36988049966126,61.08065322153155,729.5504826108543,218.6273967004491,0.966771407630262,0.0,0.0,0.0112756432755503,0.0219529490941878,0.0,0.0,0.0,0.9186562585123076,0.0,0.0,0.0363047722556185,0.0450389692320739,0.0,0.0,0.0,0.9036600643055748,3.0557752240223013,1.0000000000000886,0.0,0.0,1.1391330274645348,1.002513303529836,0.0,0.0,0.0,1.4167983026644004,773.2637021553837,185.44864903964933,302.7106577576344,56.27641671412855
0,290.0,65.68576837604806,0.95,0.0,0.0,0.02,0.03,0.0,0.0,0.0,298.91,80.05,0.9701916964972732,0.8205592551661219,69.36988049966126,61.08065322153155,725.0214428515641,222.6821650366149,0.9633672903316792,0.0,0.0,0.0128766023766586,0.0237561072916622,0.0,0.0,0.0,0.9116506125627244,0.0,0.0,0.0404362984979747,0.047913088939301,0.0,0.0,0.0,0.8556474185011054,3.122931641553873,1.0000000000001663,0.0,0.0,1.1340272655272112,1.001912728074368,0.0,0.0,0.0,1.4167983026644004,773.2637021553837,185.44864903964933,302.7106577576344,56.27641671412855
0,290.0,66.60677140695135,0.95,0.0,0.0,0.02,0.03,0.0,0.0,0.0,298.91,80.05,0.9701916964972732,0.8320646022105104,69.36988049966126,61.08065322153155,720.5139243562892,226.8355409189459,0.9599922932617876,0.0,0.0,0.0145505558424803,0.0254571508957319,0.0,0.0,0.0,0.9049520748753104,0.0,0.0,0.0445675488046276,0.050480376320062,0.0,0.0,0.0,0.809005854846185,3.1931445400766107,1.0000000000000837,0.0,0.0,1.1290022863987672,1.001392006946169,0.0,0.0,0.0,1.4167983026644004,773.2637021553837,185.44864903964933,302.7106577576344,56.27641671412855
0,290.0,67.52777443785466,0.95,0.0,0.0,0.02,0.03,0.0,0.0,0.0,298.91,80.05,0.9701916964972732,0.8435699492548989,69.36988049966126,61.08065322153155,716.0196006349042,231.09098719323237,0.9566423729842471,0.0,0.0,0.0162964753509561,0.0270611516647964,0.0,0.0,0.0,0.8985493183257822,0.0,0.0,0.0486868666126497,0.052763815061568,0.0,0.0,0.0,0.7637032082136904,3.266692806148228,1.0000000014687125,0.0,0.0,1.1240529432709292,1.0009516556429292,0.0,0.0,0.0,1.4167983026644004,773.2637021553837,185.44864903964933,302.7106577576344,56.27641671412855
0,290.0,68.44877746875795,0.95,0.0,0.0,0.02,0.03,0.0,0.0,0.0,298.91,80.05,0.9701916964972732,0.8550752962992874,69.36988049966126,61.08065322153155,711.5295109930355,235.4524846255094,0.9533132497979774,0.0,0.0,0.0181132451635112,0.0285735050385114,0.0,0.0,0.0,0.8924318119671594,0.0,0.0,0.0527826345194869,0.0547855535133535,0.0,0.0,0.0,0.7196761089060234,3.343910217847258,1.000000000000466,0.0,0.0,1.1191736848446805,1.0005926261051028,0.0,0.0,0.0,1.4167983026644004,773.2637021553837,185.44864903964933,302.7106577576344,56.27641671412855
0,290.0,69.36978049966126,0.95,0.0,0.0,0.02,0.03,0.0,0.0,0.0,298.91,80.05,0.9701916964972732,0.866580643343676,69.36988049966126,61.08065322153155,707.0338675259385,239.92444484147984,0.9500003551442194,0.0,0.0,0.0199997936491067,0.0299998512066737,0.0,0.0,0.0,0.8865896724762684,0.0,0.0,0.0568435610326529,0.0565667664910786,0.0,0.0,0.0,0.6769168905940347,3.42516255731552,1.00000000000004,0.0,0.0,1.114359263805507,1.0003163054772568,0.0,0.0,0.0,1.4167983026644004,773.2637021553837,185.44864903964933,302.7106577576344,56.27641671412855
1,200.0,2.6486308053566603,0.9700000000000002,0.0006864059068088,0.0070909917215376,0.0,0.0,0.0,0.0033392243364028,0.0188833780352506,302.44,77.16,0.6612881893929374,0.0343264749268618,11.581078717096672,2.64853080535666,1213.250859861895,7.252922187443714,0.9779802611056624,3.7762161626066513e-07,2.8958174007773017e-05,0.0,0.0,0.0,4.252423527440536e-05,0.0219478788634392,0.9699751405561652,0.0006885429649074,0.0071129907794643,0.0,0.0,0.0,0.0033494939416098,0.0188738317578529,22.4673670322484,0.6830635245206885,1.0000000094832215,1.5512437947326043,5.290163259985213,0.0,0.0,0.0,4.243854870351695,1.001678019224821,22.53960113748808,1221.920496490378,7.249541730897533,302.7106577576344,2.6239816647333654
1,200.0,3.641113906661106,0.9700000000000002,0.0006864059068088,0.0070909917215376,0.0,0.0,0.0,0.0033392243364028,0.0188833780352506,302.44,77.16,0.6612881893929374,0.0471891382408126,11.581078717096672,2.64853080535666,1213.0814210276408,8.914495509271877,0.9787031279320744,1.5575162354169238e-05,0.0010171091366866,0.0,0.0,0.0,0.0011520217501168,0.0191121660187681,0.7178258157378502,0.020123807847941,0.1830824741050277,0.0,0.0,0.0,0.0667136837626571,0.0122542185465238,22.18220772215665,0.6930092603863457,1.0000000040787562,1.5399718336803323,5.170379087578801,0.0,0.0,0.0,4.164990243023361,1.0018277287028257,22.53960113748808,1221.920496490378,7.249541730897533,302.7106577576344,2.6239816647333654
1,200.0,4.633597007965552,0.9700000000000002,0.0006864059068088,0.0070909917215376,0.0,0.0,0.0,0.0033392243364028,0.0188833780352506,302.44,77.16,0.6612881893929374,0.0600518015547635,11.581078717096672,2.64853080535666,1212.0228588026523,10.526369680940263,0.9769545615904244,3.743412127136129e-05,0.0020759792888213,0.0,0.0,0.0,0.0018890843470622,0.0190429406524205,0.571550956974577,0.0378680720026176,0.2944170695188436,0.0,0.0,0.0,0.0864223753722948,0.0097415261316669,21.917713115248343,0.7022841325855184,1.000000002342918,1.5215787360394752,5.06922807495829,0.0,0.0,0.0,4.087739300715037,1.001855132207113,22.53960113748808,1221.920496490378,7.249541730897533,302.7106577576344,2.6239816647333654
1,200.0,5.6260801092699975,0.9700000000000002,0.0006864059068088,0.0070909917215376,0.0,0.0,0.0,0.0033392243364028,0.0188833780352506,302.44,77.16,0.6612881893929374,0.0729144648687143,11.581078717096672,2.64853080535666,1211.0955434997015,12.070041492356587,0.9754014863375108,6.877974660188928e-05,0.0031418057976435,0.0,0.0,0.0,0.0023866733862575,0.0190012547319861,0.4766047302125185,0.0571030673406937,0.3678268211966948,0.0,0.0,0.0,0.0903493737038901,0.0081160075462028,21.677067741996776,0.7109050094324488,1.000000000737178,1.5050417109787226,4.978446566503249,0.0,0.0,0.0,4.020079354786433,1.001853587071636,22.53960113748808,1221.920496490378,7.249541730897533,302.7106577576344,2.6239816647333654
1,200.0,6.618563210574443,0.9700000000000002,0.0006864059068088,0.0070909917215376,0.0,0.0,0.0,0.0033392243364028,0.0188833780352506,302.44,77.16,0.6612881893929374,0.0857771281826651,11.581078717096672,2.64853080535666,1210.2873523627986,13.509358331030729,0.9740317254392508,0.0001139887911618,0.0041567922380802,0.0,0.0,0.0,0.0027283580272187,0.0189691355042885,0.4099771161784956,0.0801974462005085,0.4146631047518557,0.0,0.0,0.0,0.0881910122999781,0.0069713205691621,21.460446404526063,0.7188224479704836,1.0,1.490352205327704,4.898060456408274,0.0,0.0,0.0,3.961088782748527,1.001818434904595,22.53960113748808,1221.920496490378,7.249541730897533,302.7106577576344,2.6239816647333654
1,200.0,7.611046311878889,0.9700000000000002,0.0006864059068088,0.0070909917215376,0.0,0.0,0.0,0.0033392243364028,0.0188833780352506,302.44,77.16,0.6612881893929374,0.0986397914966159,11.581078717096672,2.64853080535666,1209.6009978662416,14.79577883953723,0.97285075373742,0.0001788805269598,0.0050638278137598,0.0,0.0,0.0,0.0029634320923541,0.0189431058295063,0.3605964019501488,0.1091797452373166,0.4404363778981633,0.0,0.0,0.0,0.0836720649590276,0.0061154099553435,21.27100952135759,0.7258854871011998,1.0,1.4777463084460951,4.828041320282876,0.0,0.0,0.0,3.9109896616194457,1.001740403389238,22.53960113748808,1221.920496490378,7.249541730897533,302.7106577576344,2.6239816647333654
1,200.0,8.603529413183335,0.9700000000000002,0.0006864059068088,0.0070909917215376,0.0,0.0,0.0,0.0033392243364028,0.0188833780352506,302.44,77.16,0.6612881893929374,0.1115024548105668,11.581078717096672,2.64853080535666,1209.045256877489,15.882319862490991,0.9718725597642528,0.0002689912998025,0.0058138935874552,0.0,0.0,0.0,0.0031223154112008,0.0189222399372885,0.3224730158426778,0.1450274447231735,0.4487086741165009,0.0,0.0,0.0,0.0783458462099072,0.0054450191077406,21.112389480917837,0.7319370473448225,1.0,1.4673256957951988,4.7691123887267,0.0,0.0,0.0,3.870191185463689,1.0016116172245837,22.53960113748808,1221.920496490378,7.249541730897533,302.7106577576344,2.6239816647333654
1,200.0,9.59601251448778,0.9700000000000002,0.0006864059068088,0.0070909917215376,0.0,0.0,0.0,0.0033392243364028,0.0188833780352506,302.44,77.16,0.6612881893929374,0.1243651181245176,11.581078717096672,2.64853080535666,1208.6183252639212,16.75102148475043,0.9710944397427976,0.0003862399178662,0.0063865029336824,0.0,0.0,0.0,0.0032268655580626,0.0189059518475911,0.2920937937060691,0.1866120250755852,0.4434579316965497,0.0,0.0,0.0,0.0729353018451857,0.00490094767661,20.984913776844376,0.7369347982510405,1.0,1.4590710560242135,4.721175071240477,0.0,0.0,0.0,3.83818110155004,1.001434521018657,22.53960113748808,1221.920496490378,7.249541730897533,302.7106577576344,2.6239816647333654
1,200.0,10.588495615792226,0.9700000000000002,0.0006864059068088,0.0070909917215376,0.0,0.0,0.0,0.0033392243364028,0.0188833780352506,302.44,77.16,0.6612881893929374,0.1372277814384684,11.581078717096672,2.64853080535666,1208.3001444270017,17.426293422565756,0.9704852563405932,0.0005273766826499,0.0067993142178696,0.0,0.0,0.0,0.0032947067017815,0.0188933460571056,0.2672784084919963,0.2309837975094524,0.4294823392186149,0.0,0.0,0.0,0.0678072187431823,0.0044482360367537,20.88400029316009,0.7410228644737437,1.0,1.452666040169892,4.682564042296132,0.0,0.0,0.0,3.813438976908539,1.001221857676247,22.53960113748808,1221.920496490378,7.249541730897533,302.7106577576344,2.6239816647333654
1,200.0,11.580978717096672,0.9700000000000002,0.0006864059068088,0.0070909917215376,0.0,0.0,0.0,0.0033392243364028,0.0188833780352506,302.44,77.16,0.6612881893929374,0.1500904447524192,11.581078717096672,2.64853080535666,1208.061763765786,17.95577811076741,0.9700000440725118,0.0006863891894753,0.007090967106119,0.0,0.0,0.0,0.0033392206938454,0.0188833789380483,0.2466091152690885,0.2750789056072171,0.4111199153153391,0.0,0.0,0.0,0.0631268942451467,0.0040651695632085,20.80267623836474,0.7444280706417764,1.0000000006731269,1.4476093056942083,4.650555358715882,0.0,0.0,0.0,3.793957979743544,1.0009913923602625,22.53960113748808,1221.920496490378,7.249541730897533,302.7106577576344,2.6239816647333654
1,205.0,3.3844477421153867,0.9700000000000002,0.0006864059068088,0.0070909917215376,0.0,0.0,0.0,0.0033392243364028,0.0188833780352506,302.44,77.16,0.6778203941277609,0.0438627234592455,11.760521578371227,3.3843477421153865,1197.577103530299,9.122909614209885,0.977423521341097,5.486888031190348e-07,3.921282676640493e-05,0.0,0.0,0.0,5.010282140019903e-05,0.0224866143219332,0.9699823177807764,0.0006880395624726,0.0071077884807311,0.0,0.0,0.0,0.0033470587541958,0.0188747954218238,21.096391248219717,0.7108087336196186,1.0,1.497607027419564,4.8016710549219885,0.0,0.0,0.0,3.908441217298217,1.0001456144869727,21.15779579629945,1206.2779501886548,9.12387059747945,302.7106577576344,3.35468958110042
1,205.0,4.315111501699369,0.9700000000000002,0.0006864059068088,0.0070909917215376,0.0,0.0,0.0,0.0033392243364028,0.0188833780352506,302.44,77.16,0.6778203941277609,0.0559242029769228,11.760521578371227,3.3843477421153865,1197.6544774421948,10.667340819317094,0.9787956608096512,1.6330084378006882e-05,0.0010010260734183,0.0,0.0,0.0,0.0010367480175308,0.0191502350150213,0.7732555347599941,0.0156748999162353,0.1433135065159369,0.0,0.0,0.0,0.0548418324846356,0.0129142263231979,20.85311619068955,0.7196144577870875,1.0,1.4896007544970398,4.709150212404208,0.0,0.0,0.0,3.8495245551160098,1.0001633550337576,21.15779579629945,1206.2779501886548,9.12387059747945,302.7106577576344,3.35468958110042
1,205.0,5.245775261283352,0.9700000000000002,0.0006864059068088,0.0070909917215376,0.0,0.0,0.0,0.0033392243364028,0.0188833780352506,302.44,77.16,0.6778203941277609,0.0679856824946002,11.760521578371227,3.3843477421153865,1196.631692412023,12.166647676631046,0.9771319694358488,3.852375946248321e-05,0.0020232323351441,0.0,0.0,0.0,0.0017445077939692,0.0190617666755751,0.6438013872196358,0.0303189302201134,0.2388777508510662,0.0,0.0,0.0,0.0762776081305005,0.0107243235786841,20.62275814653713,0.7279220017590824,1.0,1.47473785335062,4.629244523970877,0.0,0.0,0.0,3.7890698632714064,1.0001511711127489,21.15779579629945,1206.2779501886548,9.12387059747945,302.7106577576344,3.35468958110042
1,205.0,6.176439020867334,0.9700000000000002,0.0006864059068088,0.0070909917215376,0.0,0.0,0.0,0.0033392243364028,0.0188833780352506,302.44,77.16,0.6778203941277609,0.0800471620122775,11.760521578371227,3.3843477421153865,1195.708490539841,13.608524645552906,0.9756068545563092,6.98338740084011e-05,0.0030560206344082,0.0,0.0,0.0,0.0022537300331334,0.0190135609021407,0.5530705260767312,0.046535116746296,0.3071341542036962,0.0,0.0,0.0,0.0840573104332802,0.0092028925399962,20.41044957456837,0.735736962547172,1.0,1.4611715681788848,4.5565592803034525,0.0,0.0,0.0,3.73524148216393,1.0001354818174852,21.15779579629945,1206.2779501886548,9.12387059747945,302.7106577576344,3.35468958110042
1,205.0,7.107102780451316,0.9700000000000002,0.0006864059068088,0.0070909917215376,0.0,0.0,0.0,0.0033392243364028,0.0188833780352506,302.44,77.16,0.6778203941277609,0.0921086415299548,11.760521578371227,3.3843477421153865,1194.8870238082902,14.9632047327835,0.974234997497055,0.000114401235575,0.0040507961908706,0.0,0.0,0.0,0.0026218742489397,0.0189779308275595,0.4859337176756279,0.0660673594655442,0.3545896972325922,0.0,0.0,0.0,0.0853333672384441,0.0080758583877916,20.21705619435912,0.7429583534194769,1.0,1.4489515116434752,4.491464299958126,0.0,0.0,0.0,3.6875283791220257,1.000115482951696,21.15779579629945,1206.2779501886548,9.12387059747945,302.7106577576344,3.35468958110042
1,205.0,8.0377665400353,0.9700000000000002,0.0006864059068088,0.0070909917215376,0.0,0.0,0.0,0.0033392243364028,0.0188833780352506,302.44,77.16,0.6778203941277609,0.1041701210476322,11.760521578371227,3.3843477421153865,1194.1745110762115,16.189882709929677,0.97302988662936,0.0001778487792986,0.0049563923376768,0.0,0.0,0.0,0.0028864364667302,0.0189494357869342,0.4342099995012191,0.0906171052808211,0.384562872636465,0.0,0.0,0.0,0.0834079670302443,0.0072020555512501,20.045418817578454,0.749486451262979,1.0,1.4382072128729293,4.433883245081092,0.0,0.0,0.0,3.6462015073639744,1.0000898895737196,21.15779579629945,1206.2779501886548,9.12387059747945,302.7106577576344,3.35468958110042
1,205.0,8.968430299619282,0.9700000000000002,0.0006864059068088,0.0070909917215376,0.0,0.0,0.0,0.0033392243364028,0.0188833780352506,302.44,77.16,0.6778203941277609,0.1162316005653095,11.760521578371227,3.3843477421153865,1193.5826760426132,17.24545535036763,0.972010387668357,0.0002660405195408,0.0057246241716817,0.0,0.0,0.0,0.0030724149490568,0.0189265326913635,0.3930861911153185,0.1213171680773018,0.3991926345693955,0.0,0.0,0.0,0.0799045665948713,0.0064994396431126,19.898996562285763,0.7551721684625065,1.0,1.429173258336531,4.384620286668257,0.0,0.0,0.0,3.6117356054352814,1.0000577914540687,21.15779579629945,1206.2779501886548,9.12387059747945,302.7106577576344,3.35468958110042
1,205.0,9.899094059203264,0.9700000000000002,0.0006864059068088,0.0070909917215376,0.0,0.0,0.0,0.0033392243364028,0.0188833780352506,302.44,77.16,0.6778203941277609,0.1282930800829868,11.760521578371227,3.3843477421153865,1193.11526565985,18.105987911319826,0.9711825890294448,0.0003820851940443,0.0063277944352246,0.0,0.0,0.0,0.0031990357380231,0.0189084956032631,0.3595515684869171,0.1577757219401671,0.4010508330229922,0.0,0.0,0.0,0.0757041016235508,0.0059177749263727,19.77914049209304,0.7599348520788751,1.0,1.421848054011605,4.343860035378252,0.0,0.0,0.0,3.5841423717126197,1.0000194729523348,21.15779579629945,1206.2779501886548,9.12387059747945,302.7106577576344,3.35468958110042
1,205.0,10.829757818787249,0.9700000000000002,0.0006864059068088,0.0070909917215376,0.0,0.0,0.0,0.0033392243364028,0.0188833780352506,302.44,77.16,0.6778203941277609,0.1403545596006641,11.760521578371227,3.3843477421153865,1192.7586743959766,18.783466542498413,0.9705256335128082,0.0005240529208747,0.0067726187898002,0.0,0.0,0.0,0.003283235613976,0.0188944591625407,0.3316408185487421,0.197857089818021,0.393741156043018,0.0,0.0,0.0,0.0713351076808773,0.0054258279093414,19.683168725492585,0.7638567232122299,1.0,1.4160574617280044,4.310827011364088,0.0,0.0,0.0,3.5625389746082945,1.0000015811914609,21.15779579629945,1206.2779501886548,9.12387059747945,302.7106577576344,3.35468958110042
1,205.0,11.760421578371227,0.9700000000000002,0.0006864059068088,0.0070909917215376,0.0,0.0,0.0,0.0033392243364028,0.0188833780352506,302.44,77.16,0.6778203941277609,0.1524160391183414,11.760521578371227,3.3843477421153865,1192.4872757934593,19.31619835701205,0.970000050897234,0.0006863875965615,0.0070909629702453,0.0,0.0,0.0,0.0033392194335349,0.0188833791024242,0.3080262092008302,0.2388310542715745,0.3810327665537591,0.0,0.0,0.0,0.0671063440818031,0.0050036258920328,19.605645627034693,0.7671500126782881,1.0000000002337055,1.4113962833494522,4.283489028295444,0.0,0.0,0.0,3.545474428042507,1.0000000455021731,21.15779579629945,1206.2779501886548,9.12387059747945,302.7106577576344,3.35468958110042
1,210.0,4.268930439652897,0.9700000000000002,0.0006864059068088,0.0070909917215376,0.0,0.0,0.0,0.0033392243364028,0.0188833780352506,302.44,77.16,0.6943525988625843,0.055325692582334,12.183723474913464,4.2688304396528975,1181.599350682991,11.347740051323312,0.9769373127927712,7.84049216399048e-07,5.219418085822099e-05,0.0,0.0,0.0,5.874584894571504e-05,0.0229509631282083,0.969987210167236,0.0006876699393182,0.0071039686545512,0.0,0.0,0.0,0.0033452723224882,0.0188758789164063,19.74272246410254,0.7405946857882421,1.0,1.448347111760029,4.371734582745992,0.0,0.0,0.0,3.610863161683634,1.0000000020490056,19.793904820789816,1190.2941504876192,11.354703713715036,302.7106577576344,4.233266563955471
1,210.0,5.148340776904071,0.9700000000000002,0.0006864059068088,0.0070909917215376,0.0,0.0,0.0,0.0033392243364028,0.0188833780352506,302.44,77.16,0.6943525988625843,0.0667229234953871,12.183723474913464,4.2688304396528975,1181.8677994637098,12.798727101436691,0.9788489282199644,1.7234283040262192e-05,0.0009920091852542,0.0,0.0,0.0,0.0009418202395742,0.0192000080721669,0.8168166161780426,0.0122704046847889,0.1126701940334193,0.0,0.0,0.0,0.0448405748742317,0.0134022102295173,19.53270912103516,0.7485135766765986,1.0,1.4421442662725328,4.299455686531947,0.0,0.0,0.0,3.5659163110309824,1.0000000005424952,19.793904820789816,1190.2941504876192,11.354703713715036,302.7106577576344,4.233266563955471
1,210.0,6.027751114155246,0.9700000000000002,0.0006864059068088,0.0070909917215376,0.0,0.0,0.0,0.0033392243364028,0.0188833780352506,302.44,77.16,0.6943525988625843,0.0781201544084402,12.183723474913464,4.2688304396528975,1180.882066982277,14.207012795899788,0.9772757225633356,3.990258891568843e-05,0.0019828633427762,0.0,0.0,0.0,0.0016158922481716,0.0190856192568007,0.7054585051961438,0.0241929308769817,0.1928198874022476,0.0,0.0,0.0,0.065998684300078,0.0115299922245488,19.33099352202494,0.7560651317890049,1.0,1.430032404331008,4.235827106463188,0.0,0.0,0.0,3.518323093053584,1.000000000186145,19.793904820789816,1190.2941504876192,11.354703713715036,302.7106577576344,4.233266563955471
1,210.0,6.90716145140642,0.9700000000000002,0.0006864059068088,0.0070909917215376,0.0,0.0,0.0,0.0033392243364028,0.0188833780352506,302.44,77.16,0.6943525988625843,0.0895173853214932,12.183723474913464,4.2688304396528975,1179.967109588487,15.566374924215344,0.9757869849275768,7.136176362743597e-05,0.0029851619353118,0.0,0.0,0.0,0.002127886109242,0.019028605264242,0.622175311073785,0.0376534173048388,0.2538704435519113,0.0,0.0,0.0,0.0761462814342833,0.0101545466351813,19.142928523104533,0.7631942005302746,1.0,1.418806630816549,4.177440207254899,0.0,0.0,0.0,3.475040959830813,1.0,19.793904820789816,1190.2941504876192,11.354703713715036,302.7106577576344,4.233266563955471
1,210.0,7.786571788657594,0.9700000000000002,0.0006864059068088,0.0070909917215376,0.0,0.0,0.0,0.0033392243364028,0.0188833780352506,302.44,77.16,0.6943525988625843,0.1009146162345463,12.183723474913464,4.2688304396528975,1179.136885318277,16.852077724005703,0.9744216747212452,0.0001155311172969,0.0039587271392363,0.0,0.0,0.0,0.0025156960802586,0.0189883709419628,0.5575362187149226,0.0539388926152995,0.2992756898391633,0.0,0.0,0.0,0.080159795712285,0.0090894031183294,18.969719320518465,0.7698836049089784,1.0,1.4085554518970456,4.124314174486512,0.0,0.0,0.0,3.436095574361408,1.0,19.793904820789816,1190.2941504876192,11.354703713715036,302.7106577576344,4.233266563955471
1,210.0,8.66598212590877,0.9700000000000002,0.0006864059068088,0.0070909917215376,0.0,0.0,0.0,0.0033392243364028,0.0188833780352506,302.44,77.16,0.6943525988625843,0.1123118471475994,12.183723474913464,4.2688304396528975,1178.402501740988,18.02969382630336,0.9732005006542772,0.0001778087094805,0.0048587520968754,0.0,0.0,0.0,0.0028061314642439,0.0189568070751227,0.5058848248553315,0.0744397660258379,0.3307954355811057,0.0,0.0,0.0,0.0806447832025544,0.0082351903351705,18.813908464149435,0.7759838639188864,1.0,1.3994168009553094,4.076713674100922,0.0,0.0,0.0,3.4018055898154684,1.0,19.793904820789816,1190.2941504876192,11.354703713715036,302.7106577576344,4.233266563955471
1,210.0,9.545392463159942,0.9700000000000002,0.0006864059068088,0.0070909917215376,0.0,0.0,0.0,0.0033392243364028,0.0188833780352506,302.44,77.16,0.6943525988625843,0.1237090780606524,12.183723474913464,4.2688304396528975,1177.77805036275,19.06039163109576,0.9721462956781106,0.0002642213001681,0.0056396957915047,0.0,0.0,0.0,0.0030182895812366,0.0189314976489798,0.4636225402041026,0.1002927979132671,0.3494965390826227,0.0,0.0,0.0,0.0790576482882852,0.0075304745117224,18.67867316093323,0.7813687826208224,1.0,1.3915900729146875,4.035348313528364,0.0,0.0,0.0,3.3726924906341,1.0,19.793904820789816,1190.2941504876192,11.354703713715036,302.7106577576344,4.233266563955471
1,210.0,10.424802800411117,0.9700000000000002,0.0006864059068088,0.0070909917215376,0.0,0.0,0.0,0.0033392243364028,0.0188833780352506,302.44,77.16,0.6943525988625843,0.1351063089737054,12.183723474913464,4.2688304396528975,1177.2718491599712,19.917066928986884,0.9712723318140678,0.0003788621597769,0.006269488062342,0.0,0.0,0.0,0.0031678738468196,0.0189114441169936,0.4283534464797558,0.1316113806615842,0.3568147200664522,0.0,0.0,0.0,0.0762851344367062,0.0069353183555015,18.565929902820223,0.785952944565284,1.0,1.3850578771927649,4.000610837998364,0.0,0.0,0.0,3.348935298701939,1.0,19.793904820789816,1190.2941504876192,11.354703713715036,302.7106577576344,4.233266563955471
1,210.0,11.304213137662291,0.9700000000000002,0.0006864059068088,0.0070909917215376,0.0,0.0,0.0,0.0033392243364028,0.0188833780352506,302.44,77.16,0.6943525988625843,0.1465035398867585,12.183723474913464,4.2688304396528975,1176.876625460371,20.60164406341484,0.9705677571123004,0.0005211882292413,0.0067451982729029,0.0,0.0,0.0,0.0032701016219668,0.0188957547635886,0.398431795235256,0.1670131137838038,0.3552055927960184,0.0,0.0,0.0,0.0729259277747706,0.006423570410151,18.474448963544837,0.7897609835022443,1.0,1.3798455482398575,3.9721520910595647,0.0,0.0,0.0,3.3300468142172206,1.0,19.793904820789816,1190.2941504876192,11.354703713715036,302.7106577576344,4.233266563955471
1,210.0,12.183623474913464,0.9700000000000002,0.0006864059068088,0.0070909917215376,0.0,0.0,0.0,0.0033392243364028,0.0188833780352506,302.44,77.16,0.6943525988625843,0.1579007707998116,12.183723474913464,4.2688304396528975,1176.5710224535271,21.143186842991632,0.9700000582431298,0.0006863860578108,0.007090958509247,0.0,0.0,0.0,0.0033392178961436,0.0188833792936684,0.3727005293398097,0.2042433919982737,0.3476922546251996,0.0,0.0,0.0,0.0693858705037146,0.0059779535330021,18.40019827703975,0.7929584376162374,1.0,1.3756110836038378,3.948561374262248,0.0,0.0,0.0,3.3150301520240357,1.0,19.793904820789816,1190.2941504876192,11.354703713715036,302.7106577576344,4.233266563955471
1,215.0,5.320849260025788,0.9700000000000002,0.0006864059068088,0.0070909917215376,0.0,0.0,0.0,0.0033392243364028,0.0188833780352506,302.44,77.16,0.7108848035974078,0.0689586477452797,12.850249724626693,5.320749260025788,1165.2546953994945,13.974493338577782,0.9765171454317144,1.1031066873111646e-06,6.840318137742351e-05,0.0,0.0,0.0,6.859942623010862e-05,0.0233447488539908,0.9699905894500508,0.0006873954621744,0.0071011321151995,0.0,0.0,0.0,0.0033439470143612,0.0188769359582137,18.40657286989342,0.7726432385876543,1.000000000411646,1.402737242670819,3.9914324352987256,0.0,0.0,0.0,3.3452849893794325,1.0000000021905262,18.448205290897207,1173.908539729092,13.989350648063478,302.7106577576344,5.278346606766283
1,215.0,6.157438200536999,0.9700000000000002,0.0006864059068088,0.0070909917215376,0.0,0.0,0.0,0.0033392243364028,0.0188833780352506,302.44,77.16,0.7108848035974078,0.0798009098047822,12.850249724626693,5.320749260025788,1165.6632381541608,15.351448231677436,0.978864448959568,1.830114911537854e-05,0.0009894656194014,0.0,0.0,0.0,0.0008644133025428,0.0192633709693724,0.8506247236741552,0.0096836025095577,0.0892586896544931,0.0,0.0,0.0,0.0366668741845546,0.0137661099772391,18.223256690261525,0.7798876990299513,1.0,1.3974570198139211,3.9343537733982767,0.0,0.0,0.0,3.3099011387441983,1.0,18.448205290897207,1173.908539729092,13.989350648063478,302.7106577576344,5.278346606766283
1,215.0,6.99402714104821,0.9700000000000002,0.0006864059068088,0.0070909917215376,0.0,0.0,0.0,0.0033392243364028,0.0188833780352506,302.44,77.16,0.7108848035974078,0.0906431718642847,12.850249724626693,5.320749260025788,1164.714252931006,16.686286861579536,0.9773857889804208,4.1577701333560046e-05,0.00195358532326,0.0,0.0,0.0,0.0015035215105239,0.0191155264844614,0.756633215940749,0.0193147367239604,0.1555046391343907,0.0,0.0,0.0,0.0563705266772302,0.0121768815236696,18.04569634715008,0.7868197561276595,1.0,1.387479340783682,3.8834071229918528,0.0,0.0,0.0,3.272125231739813,1.0,18.448205290897207,1173.908539729092,13.989350648063478,302.7106577576344,5.278346606766283
1,215.0,7.830616081559421,0.9700000000000002,0.0006864059068088,0.0070909917215376,0.0,0.0,0.0,0.0033392243364028,0.0188833780352506,302.44,77.16,0.7108848035974078,0.1014854339237872,12.850249724626693,5.320749260025788,1163.81004976203,17.97893388554527,0.9759397773889572,7.336531659397436e-05,0.0029282282229066,0.0,0.0,0.0,0.0020116306652773,0.019046998406265,0.6824599693702765,0.0303632268623143,0.2086071539477539,0.0,0.0,0.0,0.067607007430255,0.0109626423894,17.878499422119646,0.7934232542599233,1.0,1.378158130710592,3.836193020057508,0.0,0.0,0.0,3.237243726267767,1.0,18.448205290897207,1173.908539729092,13.989350648063478,302.7106577576344,5.278346606766283
1,215.0,8.667205022070632,0.9700000000000002,0.0006864059068088,0.0070909917215376,0.0,0.0,0.0,0.0033392243364028,0.0188833780352506,302.44,77.16,0.7108848035974078,0.1123276959832896,12.850249724626693,5.320749260025788,1162.974649702001,19.2086989420994,0.9745885822881416,0.0001173729491713,0.0038804918793178,0.0,0.0,0.0,0.0024127225262639,0.0190008303571054,0.62244746616641,0.0437866128645978,0.2502635633281398,0.0,0.0,0.0,0.0735151591882958,0.0099871984525563,17.72296530167091,0.7996613477177916,1.0,1.3695448134566133,3.792606449616069,0.0,0.0,0.0,3.205419696316232,1.0,18.448205290897207,1173.908539729092,13.989350648063478,302.7106577576344,5.278346606766283
1,215.0,9.503793962581844,0.9700000000000002,0.0006864059068088,0.0070909917215376,0.0,0.0,0.0,0.0033392243364028,0.0188833780352506,302.44,77.16,0.7108848035974078,0.1231699580427922,12.850249724626693,5.320749260025788,1162.222260849062,20.346424982095105,0.9733591822263798,0.0001787554615877,0.0047718388674926,0.0,0.0,0.0,0.0027247762102736,0.0189654472342662,0.5728783982159662,0.0607007023535466,0.2812606062628041,0.0,0.0,0.0,0.0759791133383774,0.0091811798293056,17.581333976760668,0.8054153051695998,1.0,1.3617373382686446,3.753085899415274,0.0,0.0,0.0,3.1769685649020603,1.0,18.448205290897207,1173.908539729092,13.989350648063478,302.7106577576344,5.278346606766283
1,215.0,10.340382903093056,0.9700000000000002,0.0006864059068088,0.0070909917215376,0.0,0.0,0.0,0.0033392243364028,0.0188833780352506,302.44,77.16,0.7108848035974078,0.1340122201022946,12.850249724626693,5.320749260025788,1161.56867852574,21.357556844632,0.9722773729969204,0.0002635684005206,0.0055605506081967,0.0,0.0,0.0,0.002961239691258,0.0189372683031039,0.5312143571272242,0.0821552857425962,0.3019638951520607,0.0,0.0,0.0,0.0761662209417681,0.0085002410363505,17.45644398031244,0.810562090632066,1.0,1.3549455745204586,3.718234063929336,0.0,0.0,0.0,3.1523218250270806,1.0,18.448205290897207,1173.908539729092,13.989350648063478,302.7106577576344,5.278346606766283
1,215.0,11.176971843604267,0.9700000000000002,0.0006864059068088,0.0070909917215376,0.0,0.0,0.0,0.0033392243364028,0.0188833780352506,302.44,77.16,0.7108848035974078,0.1448544821617971,12.850249724626693,5.320749260025788,1161.0257355556726,22.213866065171636,0.9713618908804827,0.0003766689316446,0.0062126814163021,0.0,0.0,0.0,0.0031338864213347,0.0189148723502357,0.4956634584844738,0.1085655081787644,0.3129999882009308,0.0,0.0,0.0,0.0748569045494335,0.0079141405863974,17.35045236491121,0.815006184552373,1.0,1.3491681360908254,3.6886147092516417,0.0,0.0,0.0,3.1317735047976125,1.0,18.448205290897207,1173.908539729092,13.989350648063478,302.7106577576344,5.278346606766283
1,215.0,12.01356078411548,0.9700000000000002,0.0006864059068088,0.0070909917215376,0.0,0.0,0.0,0.0033392243364028,0.0188833780352506,302.44,77.16,0.7108848035974078,0.1556967442212996,12.850249724626693,5.320749260025788,1160.5919883731372,22.90950513726814,0.9706109815312164,0.0005188787691775,0.0067174724318775,0.0,0.0,0.0,0.0032554002956539,0.0188972669720744,0.4649321470333065,0.1391727060550687,0.3158606942929192,0.0,0.0,0.0,0.0726323635311519,0.0074020890875536,17.263182041864784,0.8187663128464819,1.0,1.344458034935907,3.663949303311693,0.0,0.0,0.0,3.115163791536532,1.0,18.448205290897207,1173.908539729092,13.989350648063478,302.7106577576344,5.278346606766283
1,215.0,12.850149724626691,0.9700000000000002,0.0006864059068088,0.0070909917215376,0.0,0.0,0.0,0.0033392243364028,0.0188833780352506,302.44,77.16,0.7108848035974078,0.1665390062808021,12.850249724626693,5.320749260025788,1160.2510244238,23.46469900748187,0.9700000660293596,0.000686384609158,0.0070909537753625,0.0,0.0,0.0,0.0033392160695318,0.0188833795165879,0.4380734757079503,0.1722583463980504,0.3127819329301137,0.0,0.0,0.0,0.0699363862236491,0.0069498587402365,17.191846258992324,0.8219107465897182,1.0,1.3405862698222557,3.6434201705789975,0.0,0.0,0.0,3.101843483346609,1.0,18.448205290897207,1173.908539729092,13.989350648063478,302.7106577576344,5.278346606766283
1,220.0,6.559856192111984,0.9700000000000002,0.0006864059068088,0.0070909917215376,0.0,0.0,0.0,0.0033392243364028,0.0188833780352506,302.44,77.16,0.7274170083322312,0.0850162803539655,13.76441903868556,6.559756192111984,1148.4739348336684,17.055660366092035,0.9761583544713696,1.5299478895912857e-06,8.840297943019741e-05,0.0,0.0,0.0,7.983942432907647e-05,0.0236718731769815,0.969992955817067,0.0006871892965216,0.0070990015748734,0.0,0.0,0.0,0.0033429525569327,0.0188779007546052,17.088334654229406,0.8072601863719996,1.0000000000389146,1.360252584366662,3.653313963074768,0.0,0.0,0.0,3.1069976244913846,1.0000000013123078,17.121140165384258,1157.0541060432145,17.08052563899556,302.7106577576344,6.509407158415541
1,220.0,7.360352063953492,0.9700000000000002,0.0006864059068088,0.0070909917215376,0.0,0.0,0.0,0.0033392243364028,0.0188833780352506,302.44,77.16,0.7274170083322312,0.095390773249786,13.76441903868556,6.559756192111984,1148.9761226512303,18.374713692415423,0.9788434779525792,1.9549416911742537e-05,0.0009930361395738,0.0,0.0,0.0,0.0008019773495191,0.0193419591414161,0.8767302066854243,0.0077195626938446,0.0714044959583367,0.0,0.0,0.0,0.0300988887267748,0.0140468459356194,16.926716187232902,0.8139601891779563,1.0,1.3553819156198508,3.60810746536398,0.0,0.0,0.0,3.078359813916509,1.000000000959305,17.121140165384258,1157.0541060432145,17.08052563899556,302.7106577576344,6.509407158415541
1,220.0,8.160847935795001,0.9700000000000002,0.0006864059068088,0.0070909917215376,0.0,0.0,0.0,0.0033392243364028,0.0188833780352506,302.44,77.16,0.7274170083322312,0.1057652661456065,13.76441903868556,6.559756192111984,1148.0625983592474,19.65065568509023,0.9774628733783636,4.356010917174137e-05,0.0019342615952757,0.0,0.0,0.0,0.0014068107947488,0.01915249412244,0.7983411673410417,0.0154729570925793,0.1257045911935295,0.0,0.0,0.0,0.0477880359344125,0.0126932484384367,16.76965186397975,0.8204213236310487,1.0,1.3471549021864146,3.567078785275417,0.0,0.0,0.0,3.04800077371266,1.0,17.121140165384258,1157.0541060432145,17.08052563899556,302.7106577576344,6.509407158415541
1,220.0,8.96134380763651,0.9700000000000002,0.0006864059068088,0.0070909917215376,0.0,0.0,0.0,0.0033392243364028,0.0188833780352506,302.44,77.16,0.7274170083322312,0.116139759041427,13.76441903868556,6.559756192111984,1147.1702659746811,20.889733035600543,0.976064298993831,7.584650938348867e-05,0.0028840590691651,0.0,0.0,0.0,0.0019064246588045,0.0190693707688158,0.733707035239732,0.024476606608759,0.1710124260022562,0.0,0.0,0.0,0.0591676859725579,0.0116362461766947,16.62051776168239,0.8266187684932838,1.0,1.3393374858683795,3.5285218084625747,0.0,0.0,0.0,3.019619616726594,1.0,17.121140165384258,1157.0541060432145,17.08052563899556,302.7106577576344,6.509407158415541
1,220.0,9.76183967947802,0.9700000000000002,0.0006864059068088,0.0070909917215376,0.0,0.0,0.0,0.0033392243364028,0.0188833780352506,302.44,77.16,0.7274170083322312,0.1265142519372475,13.76441903868556,6.559756192111984,1146.332208180719,22.074578185074817,0.974733531953816,0.000119916917756,0.0038155697797143,0.0,0.0,0.0,0.0023152706326278,0.0190157107160856,0.6795297759855341,0.035448647961438,0.2080852079782461,0.0,0.0,0.0,0.0661735021268325,0.010762865947949,16.480557747385735,0.8325091139923793,1.0,1.3320485189314366,3.4925962888696147,0.0,0.0,0.0,2.99346644306092,1.0,17.121140165384258,1157.0541060432145,17.08052563899556,302.7106577576344,6.509407158415541
1,220.0,10.562335551319528,0.9700000000000002,0.0006864059068088,0.0070909917215376,0.0,0.0,0.0,0.0033392243364028,0.0188833780352506,302.44,77.16,0.7274170083322312,0.136888744833068,13.76441903868556,6.559756192111984,1145.5650273564588,23.180408937913555,0.9735031177556992,0.0001806722045738,0.0046960782150102,0.0,0.0,0.0,0.0026445239953401,0.0189756078293764,0.6334562033997979,0.0492721378428635,0.237169835832495,0.0,0.0,0.0,0.0700789420921952,0.0100228808326482,16.351706730410402,0.8379977700744675,1.0,1.3254186018499374,3.459665972377306,0.0,0.0,0.0,2.969776705914682,1.0,17.121140165384258,1157.0541060432145,17.08052563899556,302.7106577576344,6.509407158415541
1,220.0,11.362831423161037,0.9700000000000002,0.0006864059068088,0.0070909917215376,0.0,0.0,0.0,0.0033392243364028,0.0188833780352506,302.44,77.16,0.7274170083322312,0.1472632377288885,13.76441903868556,6.559756192111984,1144.8855738833513,24.176735435765064,0.9724008923228168,0.000264090879412,0.0054882992696539,0.0,0.0,0.0,0.0029027222797099,0.0189439952484073,0.5937746431753927,0.0668641433941498,0.2582365903224192,0.0,0.0,0.0,0.0717401019906339,0.009384521117404,16.236440863700533,0.8429708083495562,1.0,1.3194871882159125,3.4303676077815006,0.0,0.0,0.0,2.948907451544533,1.0,17.121140165384258,1157.0541060432145,17.08052563899556,302.7106577576344,6.509407158415541
1,220.0,12.163327295002542,0.9700000000000002,0.0006864059068088,0.0070909917215376,0.0,0.0,0.0,0.0033392243364028,0.0188833780352506,302.44,77.16,0.7274170083322312,0.1576377306247089,13.76441903868556,6.559756192111984,1144.3081466690523,25.03563042673342,0.9714493807031548,0.0003755756682212,0.0061584141206389,0.0,0.0,0.0,0.0030977645531711,0.0189188649548139,0.5592103490157496,0.0887832357782378,0.2714061066910648,0.0,0.0,0.0,0.0717747843411578,0.0088255241737899,16.136936914903025,0.8473244187121274,1.0,1.314407929752745,3.4049704664605707,0.0,0.0,0.0,2.9311695860571705,1.0,17.121140165384258,1157.0541060432145,17.08052563899556,302.7106577576344,6.509407158415541
1,220.0,12.963823166844051,0.9700000000000002,0.0006864059068088,0.0070909917215376,0.0,0.0,0.0,0.0033392243364028,0.0188833780352506,302.44,77.16,0.7274170083322312,0.1680122235205294,13.76441903868556,6.559756192111984,1143.8363217803214,25.74558800397716,0.970654534087528,0.0005172110440298,0.006689904401152,0.0,0.0,0.0,0.0032393161447417,0.0188990343225484,0.5287985401086969,0.1147355011130662,0.277451718030538,0.0,0.0,0.0,0.0706842883382425,0.0083299524094562,16.05372769140652,0.8510557798196317,1.0,1.310128645294035,3.3835116204137687,0.0,0.0,0.0,2.916575144271155,1.0,17.121140165384258,1157.0541060432145,17.08052563899556,302.7106577576344,6.509407158415541
1,220.0,13.76431903868556,0.9700000000000002,0.0006864059068088,0.0070909917215376,0.0,0.0,0.0,0.0033392243364028,0.0188833780352506,302.44,77.16,0.7274170083322312,0.1783867164163499,13.76441903868556,6.559756192111984,1143.4589492617774,26.318706837013053,0.9700000741820218,0.0006863832754648,0.0070909488152721,0.0,0.0,0.0,0.0033392139496197,0.0188833797776213,0.5018039384974223,0.1435229837074493,0.2778917065799203,0.0,0.0,0.0,0.0688948777464171,0.0078864934687909,15.985080496787663,0.854190167606081,1.0,1.3066325239985266,3.3655319413943428,0.0,0.0,0.0,2.904737810694852,1.0,17.121140165384258,1157.0541060432145,17.08052563899556,302.7106577576344,6.509407158415541
1,225.0,8.006454841661627,0.9700000000000002,0.0006864059068088,0.0070909917215376,0.0,0.0,0.0,0.0033392243364028,0.0188833780352506,302.44,77.16,0.7439492130670546,0.1037643188395752,14.934243602573648,8.006354841661627,1131.1798085937191,20.650403455913267,0.9758562445062106,2.094446413010482e-06,0.000112831613138,0.0,0.0,0.0,9.267957820854175e-05,0.02393614985603,0.9699946362884008,0.0006870326650177,0.0070973829912797,0.0,0.0,0.0,0.0033421978341382,0.0188787502211634,15.78858519083954,0.8448020166352336,1.0,1.320477201659079,3.351767644845284,0.0,0.0,0.0,2.891822426460509,1.0000000002540443,15.813326197117547,1139.6555629264626,20.687604017864448,302.7106577576344,7.946729358776584
1,225.0,8.776198037318519,0.9700000000000002,0.0006864059068088,0.0070909917215376,0.0,0.0,0.0,0.0033392243364028,0.0188833780352506,302.44,77.16,0.7439492130670546,0.1137402545012768,14.934243602573648,8.006354841661627,1131.7334345052318,21.92514934661368,0.9787870116708394,2.1004410459751417e-05,0.0010025833522538,0.0,0.0,0.0,0.0007523577634572,0.0194370428029896,0.8968859280448965,0.0062230109217479,0.0577508001159137,0.0,0.0,0.0,0.0248637603035353,0.0142765006139064,15.644859119095504,0.8511163118496562,1.0,1.315786999918349,3.315665833119976,0.0,0.0,0.0,2.868116358250661,1.0000000001369544,15.813326197117547,1139.6555629264626,20.687604017864448,302.7106577576344,7.946729358776584
1,225.0,9.545941232975409,0.9700000000000002,0.0006864059068088,0.0070909917215376,0.0,0.0,0.0,0.0033392243364028,0.0188833780352506,302.44,77.16,0.7439492130670546,0.1237161901629783,14.934243602573648,8.006354841661627,1130.8534525360965,23.15443127878129,0.9775079805386818,4.586700342269248e-05,0.0019239708669549,0.0,0.0,0.0,0.0013247160640027,0.0191974655269377,0.8319720828957113,0.0124621757297516,0.1020823309395931,0.0,0.0,0.0,0.0403742671679819,0.0131091432669618,15.505311765696078,0.8572145795074001,1.0,1.3089400868419656,3.2822523971130804,0.0,0.0,0.0,2.8435677734910807,1.000000000000003,15.813326197117547,1139.6555629264626,20.687604017864448,302.7106577576344,7.946729358776584
1,225.0,10.3156844286323,0.9700000000000002,0.0006864059068088,0.0070909917215376,0.0,0.0,0.0,0.0033392243364028,0.0188833780352506,302.44,77.16,0.7439492130670546,0.1336921258246799,14.934243602573648,8.006354841661627,1129.9729973554504,24.351044257224792,0.9761604466885778,7.881097830355114e-05,0.0028514900628268,0.0,0.0,0.0,0.0018129016869611,0.0190963505833306,0.7765048402074332,0.0197705216736513,0.1402506621743476,0.0,0.0,0.0,0.0512799110882776,0.0121940648562902,15.371904279683854,0.8630978482331123,1.0,1.3023783903520163,3.250603596438125,0.0,0.0,0.0,2.8203872050043137,1.0,15.813326197117547,1139.6555629264626,20.687604017864448,302.7106577576344,7.946729358776584
1,225.0,11.085427624289192,0.9700000000000002,0.0006864059068088,0.0070909917215376,0.0,0.0,0.0,0.0033392243364028,0.0188833780352506,302.44,77.16,0.7439492130670546,0.1436680614863814,14.934243602573648,8.006354841661627,1129.133749226554,25.500419964027643,0.9748552451906044,0.0001231528427564,0.0037631653817823,0.0,0.0,0.0,0.0022250078572745,0.0190334287275824,0.7286127751797155,0.0286895424458743,0.1725398482266444,0.0,0.0,0.0,0.058734495468394,0.011423338679372,15.245743498831851,0.8687150727717785,1.0,1.2962114257114603,3.2209523115033845,0.0,0.0,0.0,2.798760184789708,1.0,15.813326197117547,1139.6555629264626,20.687604017864448,302.7106577576344,7.946729358776584
1,225.0,11.855170819946084,0.9700000000000002,0.0006864059068088,0.0070909917215376,0.0,0.0,0.0,0.0033392243364028,0.0188833780352506,302.44,77.16,0.7439492130670546,0.153643997148083,14.934243602573648,8.006354841661627,1128.35419365881,26.58143133859649,0.973630199925374,0.0001835342804388,0.0046314592574282,0.0,0.0,0.0,0.0025672480232552,0.0189875585135034,0.6868471323192682,0.0399100150768351,0.1989326766652858,0.0,0.0,0.0,0.0635527969612802,0.0107573789773304,15.128467741062616,0.8740001259666926,1.0,1.2905375768270688,3.193551692004033,0.0,0.0,0.0,2.778924118200362,1.0,15.813326197117547,1139.6555629264626,20.687604017864448,302.7106577576344,7.946729358776584
1,225.0,12.624914015602975,0.9700000000000002,0.0006864059068088,0.0070909917215376,0.0,0.0,0.0,0.0033392243364028,0.0188833780352506,302.44,77.16,0.7439492130670546,0.1636199328097845,14.934243602573648,8.006354841661627,1127.651689409984,27.567335325114044,0.9725144881544072,0.0002657755052028,0.0054236812028361,0.0,0.0,0.0,0.002844211227858,0.0189518439096957,0.650092432059179,0.0542014119504352,0.2192157742961122,0.0,0.0,0.0,0.066317623886957,0.0101727578073164,15.022192194639867,0.8788606518836709,1.0,1.2853906108437292,3.1687423943047794,0.0,0.0,0.0,2.7611867649864084,1.0,15.813326197117547,1139.6555629264626,20.687604017864448,302.7106577576344,7.946729358776584
1,225.0,13.394657211259863,0.9700000000000002,0.0006864059068088,0.0070909917215376,0.0,0.0,0.0,0.0033392243364028,0.0188833780352506,302.44,77.16,0.7439492130670546,0.1735958684714861,14.934243602573648,8.006354841661627,1127.0420461619049,28.431445109687196,0.9715329425162816,0.0003756217978481,0.0061075923274809,0.0,0.0,0.0,0.0030603277272797,0.0189235156311095,0.6174767139431887,0.0721559060227065,0.2332385362100884,0.0,0.0,0.0,0.0674757122176733,0.0096531316063432,14.92897171870174,0.8831805485974655,1.0,1.2809136884927084,3.1469073966508105,0.0,0.0,0.0,2.745838610145751,1.0,15.813326197117547,1139.6555629264626,20.687604017864448,302.7106577576344,7.946729358776584
1,225.0,14.164400406916757,0.9700000000000002,0.0006864059068088,0.0070909917215376,0.0,0.0,0.0,0.0033392243364028,0.0188833780352506,302.44,77.16,0.7439492130670546,0.1835718041331876,14.934243602573648,8.006354841661627,1126.532862711524,29.15845553100236,0.9706975560766372,0.0005162557388449,0.0066629715028624,0.0,0.0,0.0,0.0032221171470987,0.0189010995345564,0.5883101931456945,0.0937894365038946,0.2412957532705464,0.0,0.0,0.0,0.0674181162904136,0.0091865007894508,14.84976877918302,0.8869002255328156,1.0,1.2770736961299776,3.128198125549869,0.0,0.0,0.0,2.7329836056048418,1.0,15.813326197117547,1139.6555629264626,20.687604017864448,302.7106577576344,7.946729358776584
1,225.0,14.934143602573648,0.9700000000000002,0.0006864059068088,0.0070909917215376,0.0,0.0,0.0,0.0033392243364028,0.0188833780352506,302.44,77.16,0.7439492130670546,0.1935477397948891,14.934243602573648,8.006354841661627,1126.118186241862,29.7533139082954,0.9700000826034604,0.0006863820811173,0.0070909436864166,0.0,0.0,0.0,0.0033392115447711,0.0188833800842344,0.562045836267869,0.1183544793759925,0.2443223078787703,0.0,0.0,0.0,0.066513326125312,0.0087640503520561,14.783697803336487,0.8900720420519918,1.0,1.2738935415850992,3.1123813681436907,0.0,0.0,0.0,2.722421352436256,1.0,15.813326197117547,1139.6555629264626,20.687604017864448,302.7106577576344,7.946729358776584
1,230.0,9.681989271477374,0.9700000000000002,0.0006864059068088,0.0070909917215376,0.0,0.0,0.0,0.0033392243364028,0.0188833780352506,302.44,77.16,0.7604814178018781,0.1254793840264045,16.37065936323315,9.681889271477374,1113.2847055571228,24.826241947368263,0.9756061829986667,2.833788298729671e-06,0.0001424211133975,0.0,0.0,0.0,0.0001073823738547,0.0241411797257822,0.9699958467525926,0.0006869123198405,0.007096139454473,0.0,0.0,0.0,0.0033416185927543,0.0188794828803393,14.508098503402312,0.8857997813366701,1.0,1.2830996760090017,3.081565418983829,0.0,0.0,0.0,2.696557869763813,1.0,14.52556748614066,1121.6270137216943,24.87830228106012,302.7106577576344,9.61137473881863
1,230.0,10.425163726116905,0.9700000000000002,0.0006864059068088,0.0070909917215376,0.0,0.0,0.0,0.0033392243364028,0.0188833780352506,302.44,77.16,0.7604814178018781,0.1351109866007893,16.37065936323315,9.681889271477374,1113.851519176867,26.0682974762468,0.9786958805305106,2.269975050854036e-05,0.0010181881965519,0.0,0.0,0.0,0.0007138220169721,0.0195494095054567,0.9124952811640532,0.0050754077765819,0.0472496459285488,0.0,0.0,0.0,0.0207006659615951,0.0144789991692212,14.37937372605738,0.8918397246067734,1.0,1.2785527896027329,3.0525284031804847,0.0,0.0,0.0,2.6765328357564893,1.0,14.52556748614066,1121.6270137216943,24.87830228106012,302.7106577576344,9.61137473881863
1,230.0,11.168338180756434,0.9700000000000002,0.0006864059068088,0.0070909917215376,0.0,0.0,0.0,0.0033392243364028,0.0188833780352506,302.44,77.16,0.7604814178018781,0.1447425891751741,16.37065936323315,9.681889271477374,1113.0026603291535,27.261387537964133,0.977522117699486,4.852401310621864e-05,0.001922041997037,0.0,0.0,0.0,0.001256029361681,0.0192512869286895,0.8589524669038839,0.0101033299077709,0.0833991722812305,0.0,0.0,0.0,0.0340930189648605,0.0134520119422542,14.2549213957744,0.897670809019445,1.0,1.2727904027184895,3.0252712092844005,0.0,0.0,0.0,2.6564965848207103,1.0,14.52556748614066,1121.6270137216943,24.87830228106012,302.7106577576344,9.61137473881863
1,230.0,11.911512635395963,0.9700000000000002,0.0006864059068088,0.0070909917215376,0.0,0.0,0.0,0.0033392243364028,0.0188833780352506,302.44,77.16,0.7604814178018781,0.1543741917495589,16.37065936323315,9.681889271477374,1112.133226756218,28.42507013219723,0.9762285994609058,8.227150233452676e-05,0.0028294694998967,0.0,0.0,0.0,0.0017311134403948,0.019128546096468,0.8118491386332697,0.0160260303357958,0.1152956393820844,0.0,0.0,0.0,0.0441708952398159,0.0126582964090341,14.135297208485897,0.9033234382050276,1.0,1.2672800515374931,2.9992712959639443,0.0,0.0,0.0,2.6374346920447373,1.0,14.52556748614066,1121.6270137216943,24.87830228106012,302.7106577576344,9.61137473881863
1,230.0,12.654687090035496,0.9700000000000002,0.0006864059068088,0.0070909917215376,0.0,0.0,0.0,0.0033392243364028,0.0188833780352506,302.44,77.16,0.7604814178018781,0.1640057943239437,16.37065936323315,9.681889271477374,1111.2932962962636,29.547211541635672,0.974953156497922,0.0001270747183657,0.0037223616052712,0.0,0.0,0.0,0.0021430013195328,0.019054405858908,0.7701639239893132,0.0232527330429977,0.1429990382871007,0.0,0.0,0.0,0.0516010779292087,0.0119832267513794,14.021432068959164,0.9087515195734924,1.0,1.2620594520982176,2.974663709489044,0.0,0.0,0.0,2.619494612754863,1.0,14.52556748614066,1121.6270137216943,24.87830228106012,302.7106577576344,9.61137473881863
1,230.0,13.397861544675028,0.9700000000000002,0.0006864059068088,0.0070909917215376,0.0,0.0,0.0,0.0033392243364028,0.0188833780352506,302.44,77.16,0.7604814178018781,0.1736373968983285,16.37065936323315,9.681889271477374,1110.5029286931067,30.609766028424293,0.9737390061126228,0.0001873148271195,0.0045776479856849,0.0,0.0,0.0,0.0024944496297523,0.0190015814448201,0.7330254696567453,0.0323183077131725,0.1663842459861153,0.0,0.0,0.0,0.056880214461694,0.0113917621822726,13.91468689410426,0.9138979889928934,1.0,1.257177897495506,2.9516805707403053,0.0,0.0,0.0,2.6028661347634987,1.0,14.52556748614066,1121.6270137216943,24.87830228106012,302.7106577576344,9.61137473881863
1,230.0,14.141035999314555,0.9700000000000002,0.0006864059068088,0.0070909917215376,0.0,0.0,0.0,0.0033392243364028,0.0188833780352506,302.44,77.16,0.7604814178018781,0.1832689994727133,16.37065936323315,9.681889271477374,1109.779590037196,31.589379414236014,0.9726162558913,0.0002685930363757,0.0053670809788352,0.0,0.0,0.0,0.0027870779574083,0.0189609921360806,0.6997257644807438,0.0438488712153089,0.1851808565687515,0.0,0.0,0.0,0.0603791113649291,0.0108653963702667,13.816834827162516,0.9186843706986118,1.0,1.2527498403126378,2.930635141421794,0.0,0.0,0.0,2.5877956719476747,1.0,14.52556748614066,1121.6270137216943,24.87830228106012,302.7106577576344,9.61137473881863
1,230.0,14.884210453954088,0.9700000000000002,0.0006864059068088,0.0070909917215376,0.0,0.0,0.0,0.0033392243364028,0.0188833780352506,302.44,77.16,0.7604814178018781,0.192900602047098,16.37065936323315,9.681889271477374,1109.1398021528105,32.46117806749299,0.9716108636951872,0.0003768176147393,0.0060609372815215,0.0,0.0,0.0,0.0030224549899323,0.0189289264186197,0.6696864172808852,0.0584030019397693,0.1991242098027725,0.0,0.0,0.0,0.0623945855183488,0.0103917854582241,13.729727326707632,0.9229928215765348,1.0,1.2487842942822682,2.9118536031363558,0.0,0.0,0.0,2.574535458342184,1.0,14.52556748614066,1121.6270137216943,24.87830228106012,302.7106577576344,9.61137473881863
1,230.0,15.62738490859362,0.9700000000000002,0.0006864059068088,0.0070909917215376,0.0,0.0,0.0,0.0033392243364028,0.0188833780352506,302.44,77.16,0.7604814178018781,0.2025322046214829,16.37065936323315,9.681889271477374,1108.5941316251335,33.20761804698286,0.9707391534968804,0.0005160635619093,0.0066371339260082,0.0,0.0,0.0,0.0032041397560981,0.0189035092591038,0.6424306743540452,0.0761767164893628,0.2082263345809173,0.0,0.0,0.0,0.0632044148040278,0.0099618597716467,13.654539422412176,0.926751584954804,1.0,1.24538348334738,2.895528427708625,0.0,0.0,0.0,2.5632306274004297,1.0,14.52556748614066,1121.6270137216943,24.87830228106012,302.7106577576344,9.61137473881863
1,230.0,16.37055936323315,0.9700000000000002,0.0006864059068088,0.0070909917215376,0.0,0.0,0.0,0.0033392243364028,0.0188833780352506,302.44,77.16,0.7604814178018781,0.2121638071958676,16.37065936323315,9.681889271477374,1108.1414087783578,33.82765531504258,0.9700000911865464,0.0006863810454967,0.0070909384480001,0.0,0.0,0.0,0.0033392088747107,0.0188833804452458,0.6175653169856931,0.0967750176074507,0.212992443670322,0.0,0.0,0.0,0.0630984405545146,0.0095687811820196,13.591025226792782,0.9299905197705308,1.0,1.2424774772989218,2.8815817396057253,0.0,0.0,0.0,2.5538065269377475,1.0,14.52556748614066,1121.6270137216943,24.87830228106012,302.7106577576344,9.61137473881863
1,235.0,11.60865550305495,0.9700000000000002,0.0006864059068088,0.0070909917215376,0.0,0.0,0.0,0.0033392243364028,0.0188833780352506,302.44,77.16,0.7770136225367015,0.1504491381940766,18.086963197987227,11.60855550305495,1094.68763312362,29.661323062772624,0.9754036535551848,3.794646721827605e-06,0.0001780258396731,0.0,0.0,0.0,0.0001242739688312,0.0242902519895891,0.9699967312290833,0.0006868188311037,0.0070951735036586,0.0,0.0,0.0,0.0033411691199005,0.0188801073162539,13.247862811635729,0.9308630711568496,1.0,1.24791930354784,2.838720313395617,0.0,0.0,0.0,2.518524307356627,1.0,13.258875583506692,1102.8688895247462,29.73094022392497,302.7106577576344,11.525181126674264
1,235.0,12.328456358047426,0.9700000000000002,0.0006864059068088,0.0070909917215376,0.0,0.0,0.0,0.0033392243364028,0.0188833780352506,302.44,77.16,0.7770136225367015,0.1597778169783233,18.086963197987227,11.60855550305495,1095.2330922116892,30.880753935405792,0.9785708764275964,2.4679779316896987e-05,0.001040158544772,0.0,0.0,0.0,0.0006850448338708,0.0196792404144438,0.9246422761040012,0.0041883104365378,0.039112456841349,0.0,0.0,0.0,0.0173853422641616,0.0146716143539503,13.131951503914856,0.9367183074526522,1.0,1.2435281117556154,2.815333078881703,0.0,0.0,0.0,2.5013593299732717,1.0,13.258875583506692,1102.8688895247462,29.73094022392497,302.7106577576344,11.525181126674264
1,235.0,13.0482572130399,0.9700000000000002,0.0006864059068088,0.0070909917215376,0.0,0.0,0.0,0.0033392243364028,0.0188833780352506,302.44,77.16,0.7770136225367015,0.16910649576257,18.086963197987227,11.60855550305495,1094.4124002014455,32.04678297641687,0.9775061090531522,5.15678773860841e-05,0.0019280758732792,0.0,0.0,0.0,0.0011995722431915,0.0193146749529908,0.8805737811087022,0.0082497338810854,0.0686008951207984,0.0,0.0,0.0,0.0288305934443936,0.0137449964450202,13.020627387354423,0.94236458917553,1.0,1.2386758903025563,2.792879087350042,0.0,0.0,0.0,2.484857911067629,1.0,13.258875583506692,1102.8688895247462,29.73094022392497,302.7106577576344,11.525181126674264
1,235.0,13.768058068032376,0.9700000000000002,0.0006864059068088,0.0070909917215376,0.0,0.0,0.0,0.0033392243364028,0.0188833780352506,302.44,77.16,0.7770136225367015,0.1784351745468167,18.086963197987227,11.60855550305495,1093.5524415214709,33.185867425329754,0.9762693161881004,8.625155617678479e-05,0.0028171408472612,0.0,0.0,0.0,0.0016607593460174,0.0191665320624439,0.8408606048698292,0.0130487700785932,0.0951265126972056,0.0,0.0,0.0,0.0379133225477756,0.0130507898065965,12.913174828463976,0.9478717428138282,1.0,1.234019098178046,2.7713312572988387,0.0,0.0,0.0,2.469079032540452,1.0,13.258875583506692,1102.8688895247462,29.73094022392497,302.7106577576344,11.525181126674264
1,235.0,14.48785892302485,0.9700000000000002,0.0006864059068088,0.0070909917215376,0.0,0.0,0.0,0.0033392243364028,0.0188833780352506,302.44,77.16,0.7770136225367015,0.1877638533310633,18.086963197987227,11.60855550305495,1092.7114882706778,34.28807586191228,0.9750271657233728,0.0001316854279775,0.0036922532585249,0.0,0.0,0.0,0.0020698345925849,0.0190790609975396,0.8049886553223582,0.0188945130528682,0.1186509511201088,0.0,0.0,0.0,0.0450055866712539,0.0124602938334108,12.810333712930683,0.953205915576256,1.0,1.2295890630550763,2.7508075230168862,0.0,0.0,0.0,2.454123189106282,1.0,13.258875583506692,1102.8688895247462,29.73094022392497,302.7106577576344,11.525181126674264
1,235.0,15.207659778017328,0.9700000000000002,0.0006864059068088,0.0070909917215376,0.0,0.0,0.0,0.0033392243364028,0.0188833780352506,302.44,77.16,0.7770136225367015,0.1970925321153101,18.086963197987227,11.60855550305495,1091.9110172406763,35.33799236406553,0.9738286798065076,0.0001919910228592,0.0045341174658565,0.0,0.0,0.0,0.0024272445013222,0.0190179672034542,0.7724474722598527,0.026197264743992,0.1390207946434112,0.0,0.0,0.0,0.0503956330133533,0.0119388353393906,12.71321347031935,0.9582865274840592,1.0,1.225411986488504,2.731495665650957,0.0,0.0,0.0,2.4401351039971413,1.0,13.258875583506692,1102.8688895247462,29.73094022392497,302.7106577576344,11.525181126674264
1,235.0,15.9274606330098,0.9700000000000002,0.0006864059068088,0.0070909917215376,0.0,0.0,0.0,0.0033392243364028,0.0188833780352506,302.44,77.16,0.7770136225367015,0.2064212108995567,18.086963197987227,11.60855550305495,1091.1683472436991,36.315295736259465,0.9727047639093968,0.0002725062102321,0.0053185894792298,0.0,0.0,0.0,0.0027325120309894,0.0189716283701516,0.7427978394985998,0.0354542852645505,0.155974085484673,0.0,0.0,0.0,0.0543035048467266,0.01147028490545,12.62327498478696,0.9630318278204898,1.0,1.2215854068981644,2.7136774396471526,0.0,0.0,0.0,2.427306752251381,1.0,13.258875583506692,1102.8688895247462,29.73094022392497,302.7106577576344,11.525181126674264
1,235.0,16.64726148800228,0.9700000000000002,0.0006864059068088,0.0070909917215376,0.0,0.0,0.0,0.0033392243364028,0.0188833780352506,302.44,77.16,0.7770136225367015,0.2157498896838035,18.086963197987227,11.60855550305495,1090.5000985976892,37.197233925607314,0.9716816587877436,0.0003791496897436,0.0060189662993795,0.0,0.0,0.0,0.0029850179868898,0.0189352072362434,0.7156656771619935,0.0471558814476192,0.1692242745235652,0.0,0.0,0.0,0.0569094448263649,0.0110447220404572,12.5421277956059,0.9673548978860156,1.0,1.2181152291012158,2.697567501799377,0.0,0.0,0.0,2.415847650345254,1.0,13.258875583506692,1102.8688895247462,29.73094022392497,302.7106577576344,11.525181126674264
1,235.0,17.367062342994753,0.9700000000000002,0.0006864059068088,0.0070909917215376,0.0,0.0,0.0,0.0033392243364028,0.0188833780352506,302.44,77.16,0.7770136225367015,0.2250785684680502,18.086963197987227,11.60855550305495,1089.9188043887034,37.96527504012868,0.970778447830813,0.0005166638446352,0.006612807398004,0.0,0.0,0.0,0.0031857669799292,0.0189063139466184,0.6907305515724924,0.0615816518074294,0.1786404096709064,0.0,0.0,0.0,0.0583923050994018,0.0106550818497697,12.47100247054601,0.971216621082617,1.0,1.2150845197082536,2.683362374602599,0.0,0.0,0.0,2.4059096103274986,1.0,13.258875583506692,1102.8688895247462,29.73094022392497,302.7106577576344,11.525181126674264
1,235.0,18.086863197987228,0.9700000000000002,0.0006864059068088,0.0070909917215376,0.0,0.0,0.0,0.0033392243364028,0.0188833780352506,302.44,77.16,0.7770136225367015,0.2344072472522969,18.086963197987227,11.60855550305495,1089.4274000804603,38.6136354345619,0.9700000998226952,0.0006863801816739,0.0070909331557382,0.0,0.0,0.0,0.0033392059688287,0.0188833808710636,0.6677177341209046,0.0785870480743184,0.1844394644874215,0.0,0.0,0.0,0.0589597611649766,0.0102959921523785,12.410099556984155,0.9745543113964928,1.0,1.212457722174935,2.6710742232115186,0.0,0.0,0.0,2.397496173164412,1.0,13.258875583506692,1102.8688895247462,29.73094022392497,302.7106577576344,11.525181126674264
1,240.0,13.80954030846045,0.9700000000000002,0.0006864059068088,0.0070909917215376,0.0,0.0,0.0,0.0033392243364028,0.0188833780352506,302.44,77.16,0.7935458272715249,0.1789727878234895,20.098400408280717,13.80944030846045,1075.2701350097448,35.24752154951548,0.975244268416941,5.036362319915167e-06,0.0002206642594843,0.0,0.0,0.0,0.0001437650718996,0.024386265889355,0.9699973868627776,0.0006867454226339,0.007094415098641,0.0,0.0,0.0,0.0033408165839545,0.0188806360319928,12.009106590198448,0.9807949457490908,1.0,1.2147775712475768,2.619592940120145,0.0,0.0,0.0,2.355461253016229,1.0,12.014498351825988,1083.263844328595,35.3375257790447,302.7106577576344,13.710780754884407
1,240.0,14.508291430662702,0.9700000000000002,0.0006864059068088,0.0070909917215376,0.0,0.0,0.0,0.0033392243364028,0.0188833780352506,302.44,77.16,0.7935458272715249,0.1880286603248147,20.098400408280717,13.80944030846045,1075.7632061618376,36.45317158271053,0.978412885742246,2.700305812740279e-05,0.0010690531453632,0.0,0.0,0.0,0.0006650814627975,0.0198259765914659,0.934148539358382,0.0034964470746996,0.0327534457788691,0.0,0.0,0.0,0.0147350676796323,0.0148665001084168,11.904364252399246,0.9865796485475308,1.0,1.2106109107425438,2.600640760495318,0.0,0.0,0.0,2.340615435418983,1.0,12.014498351825988,1083.263844328595,35.3375257790447,302.7106577576344,13.710780754884407
1,240.0,15.207042552864952,0.9700000000000002,0.0006864059068088,0.0070909917215376,0.0,0.0,0.0,0.0033392243364028,0.0188833780352506,302.44,77.16,0.7935458272715249,0.1970845328261398,20.098400408280717,13.80944030846045,1074.9670269233045,37.60028458363742,0.9774604851065858,5.505001830152487e-05,0.0019419681304257,0.0,0.0,0.0,0.0011543152743814,0.0193881814703054,0.8979287367249313,0.0067855557356457,0.056832614356369,0.0,0.0,0.0,0.024446317774874,0.0140067754081796,11.80457423361122,0.99214441429461,1.0,1.2065138849157433,2.582118314716461,0.0,0.0,0.0,2.326908319388482,1.0,12.014498351825988,1083.263844328595,35.3375257790447,302.7106577576344,13.710780754884407
1,240.0,15.905793675067205,0.9700000000000002,0.0006864059068088,0.0070909917215376,0.0,0.0,0.0,0.0033392243364028,0.0188833780352506,302.44,77.16,0.7935458272715249,0.206140405327465,20.098400408280717,13.80944030846045,1074.114386266673,38.72220442582831,0.9762830936758552,9.078939359383678e-05,0.0028139032324822,0.0,0.0,0.0,0.0016013749855055,0.0192108387125632,0.8646188958605262,0.0106761862673181,0.0788270393967397,0.0,0.0,0.0,0.0324867260089287,0.0133911524664871,11.707961881337129,0.9975765279258392,1.0,1.2025779869718745,2.564243310590919,0.0,0.0,0.0,2.3137660056897977,1.0,12.014498351825988,1083.263844328595,35.3375257790447,302.7106577576344,13.710780754884407
1,240.0,16.604544797269455,0.9700000000000002,0.0006864059068088,0.0070909917215376,0.0,0.0,0.0,0.0033392243364028,0.0188833780352506,302.44,77.16,0.7935458272715249,0.2151962778287902,20.098400408280717,13.80944030846045,1073.2713099218568,39.8110825804924,0.9750773871841778,0.0001370017440427,0.0036720557613454,0.0,0.0,0.0,0.0020057492318239,0.0191078060786099,0.8340123963814737,0.015401091394144,0.0986603149357647,0.0,0.0,0.0,0.0390536730043556,0.0128725242842619,11.615074553807103,1.002855679660401,1.0,1.1988077079684685,2.54712003593596,0.0,0.0,0.0,2.301238765825396,1.0,12.014498351825988,1083.263844328595,35.3375257790447,302.7106577576344,13.710780754884407
1,240.0,17.303295919471708,0.9700000000000002,0.0006864059068088,0.0070909917215376,0.0,0.0,0.0,0.0033392243364028,0.0188833780352506,302.44,77.16,0.7935458272715249,0.2242521503301154,20.098400408280717,13.80944030846045,1072.460614493573,40.85378511731048,0.9738987547412138,0.0001975505821755,0.0045002753770098,0.0,0.0,0.0,0.0023664064850842,0.0190370128145165,0.8058225939312381,0.0212722094437105,0.1161866177706164,0.0,0.0,0.0,0.0443047946295351,0.0124137842248997,11.526798279642277,1.0079278198694646,1.0,1.1952550418482908,2.530889612074408,0.0,0.0,0.0,2.289432255508637,1.0,12.014498351825988,1083.263844328595,35.3375257790447,302.7106577576344,13.710780754884407
1,240.0,18.00204704167396,0.9700000000000002,0.0006864059068088,0.0070909917215376,0.0,0.0,0.0,0.0033392243364028,0.0188833780352506,302.44,77.16,0.7935458272715249,0.2333080228314406,20.098400408280717,13.80944030846045,1071.6993361001278,41.83269407650206,0.9727789902593612,0.0002774784833916,0.0052780928489222,0.0,0.0,0.0,0.0026814874346586,0.0189839509736662,0.7797838260868031,0.0286766479123661,0.1311801950135726,0.0,0.0,0.0,0.0483599639629087,0.0119993670243492,11.444316891459517,1.012708532735529,1.0,1.1919464515659306,2.5157376771735964,0.0,0.0,0.0,2.2784920102100186,1.0,12.014498351825988,1083.263844328595,35.3375257790447,302.7106577576344,13.710780754884407
1,240.0,18.70079816387621,0.9700000000000002,0.0006864059068088,0.0070909917215376,0.0,0.0,0.0,0.0033392243364028,0.0188833780352506,302.44,77.16,0.7935458272715249,0.2423638953327658,20.098400408280717,13.80944030846045,1071.0037605991174,42.72730598781728,0.9717441001818716,0.0003825890326996,0.0059820064934347,0.0,0.0,0.0,0.0029488282913692,0.0189424760006247,0.7556598339084516,0.0380238019663016,0.1433790791005483,0.0,0.0,0.0,0.051316716686751,0.0116205683379474,11.36898905400205,1.0171154238260527,1.0,1.188922241622724,2.5018769142303574,0.0,0.0,0.0,2.268586140030333,1.0,12.014498351825988,1083.263844328595,35.3375257790447,302.7106577576344,13.710780754884407
1,240.0,19.39954928607846,0.9700000000000002,0.0006864059068088,0.0070909917215376,0.0,0.0,0.0,0.0033392243364028,0.0188833780352506,302.44,77.16,0.7935458272715249,0.251419767834091,20.098400408280717,13.80944030846045,1070.387516233615,43.51905878453996,0.9708146167703168,0.0005180661424011,0.0065903452629342,0.0,0.0,0.0,0.0031674038342978,0.0189095679900498,0.7332405958893782,0.0496125068189916,0.1525983781738725,0.0,0.0,0.0,0.0532769633747912,0.0112715557429663,11.301994806421405,1.0210885060184134,1.0,1.186237121291443,2.489487202236021,0.0,0.0,0.0,2.259855684623965,1.0,12.014498351825988,1083.263844328595,35.3375257790447,302.7106577576344,13.710780754884407
1,240.0,20.098300408280718,0.9700000000000002,0.0006864059068088,0.0070909917215376,0.0,0.0,0.0,0.0033392243364028,0.0188833780352506,302.44,77.16,0.7935458272715249,0.2604756403354162,20.098400408280717,13.80944030846045,1069.8568104826738,44.198680193696894,0.9700001083754518,0.0006863795042261,0.0070909278771333,0.0,0.0,0.0,0.0033392028702062,0.0188833813729824,0.7123389752456818,0.0634581535804947,0.1588801136516617,0.0,0.0,0.0,0.0543747873782348,0.0109479701439268,11.243815762321312,1.024579459305221,1.0,1.1838862774263303,2.4786315946784887,0.0,0.0,0.0,2.252347414104893,1.0,12.014498351825988,1083.263844328595,35.3375257790447,302.7106577576344,13.710780754884407
1,245.0,16.30869345751427,0.9700000000000002,0.0006864059068088,0.0070909917215376,0.0,0.0,0.0,0.0033392243364028,0.0188833780352506,302.44,77.16,0.8100780320063484,0.2113620199263124,22.421862928232624,16.30859345751427,1054.8906870282265,41.69474780894722,0.9751237849000132,6.635703055042317e-06,0.0002715807739893,0.0,0.0,0.0,0.0001663808605157,0.0244316177624267,0.9699978798921138,0.0006866871805542,0.0070938134416552,0.0,0.0,0.0,0.0033405371882509,0.0188810822974257,10.793337069007537,1.0366756788360685,1.0,1.1835482742334205,2.421378200055323,0.0,0.0,0.0,2.2054451802961417,1.0,10.793959502416731,1062.6711211462375,41.80803719266337,302.7106577576344,16.191644196077288
1,245.0,16.9879233987052,0.9700000000000002,0.0006864059068088,0.0070909917215376,0.0,0.0,0.0,0.0033392243364028,0.0188833780352506,302.44,77.16,0.8100780320063484,0.2201648963025557,22.421862928232624,16.30859345751427,1055.3036806760272,42.89450056162126,0.9782230086612124,2.974749041084629e-05,0.0011057256029379,0.0,0.0,0.0,0.0006533460447617,0.0199881722006769,0.9416315699155134,0.0029518015962046,0.0277394685039404,0.0,0.0,0.0,0.0126051942108194,0.0150719657735218,10.698540732414894,1.0424657146428906,1.0,1.179728036891062,2.405935187550493,0.0,0.0,0.0,2.192555970530633,1.0,10.793959502416731,1062.6711211462375,41.80803719266337,302.7106577576344,16.191644196077288
1,245.0,17.667153339896128,0.9700000000000002,0.0006864059068088,0.0070909917215376,0.0,0.0,0.0,0.0033392243364028,0.0188833780352506,302.44,77.16,0.8100780320063484,0.2289677726787989,22.421862928232624,16.30859345751427,1054.52741106623,44.0301537526116,0.977385413281348,5.9041652645490513e-05,0.0019639439515609,0.0,0.0,0.0,0.001119452146232,0.0194721489682134,0.9119064036633282,0.0056212476480917,0.0474203046795659,0.0,0.0,0.0,0.0207999329877152,0.0142521110212989,10.6089987795681,1.0480291261365986,1.0,1.1762568117699812,2.390561723375488,0.0,0.0,0.0,2.1810811136371258,1.0,10.793959502416731,1062.6711211462375,41.80803719266337,302.7106577576344,16.191644196077288
1,245.0,18.346383281087054,0.9700000000000002,0.0006864059068088,0.0070909917215376,0.0,0.0,0.0,0.0033392243364028,0.0188833780352506,302.44,77.16,0.8100780320063484,0.2377706490550421,22.421862928232624,16.30859345751427,1053.6793125449342,45.14170518590012,0.9762701749117144,9.59433443052277e-05,0.0028194645036563,0.0,0.0,0.0,0.0015524773316204,0.0192619399087035,0.8840831460384129,0.0087771986624665,0.0656214450723707,0.0,0.0,0.0,0.0278220631148538,0.013696147111896,10.52213130152494,1.0534791000117265,1.0,1.1729176836331778,2.3756484567208718,0.0,0.0,0.0,2.1700720980972723,1.0,10.793959502416731,1062.6711211462375,41.80803719266337,302.7106577576344,16.191644196077288
1,245.0,19.025613222277983,0.9700000000000002,0.0006864059068088,0.0070909917215376,0.0,0.0,0.0,0.0033392243364028,0.0188833780352506,302.44,77.16,0.8100780320063484,0.2465735254312854,22.421862928232624,16.30859345751427,1052.8322931483983,46.223365258195024,0.9751039174887586,0.0001430601370817,0.0036611946155298,0.0,0.0,0.0,0.0019507842200798,0.0191410435385501,0.8581464764401259,0.0125939531955705,0.0822557827369514,0.0,0.0,0.0,0.0337672082535936,0.0132365793737587,10.43830374329644,1.0587769394099156,1.0,1.1697332894723362,2.3612903783919803,0.0,0.0,0.0,2.1595331897108663,1.0,10.793959502416731,1062.6711211462375,41.80803719266337,302.7106577576344,16.191644196077288
1,245.0,19.70484316346891,0.9700000000000002,0.0006864059068088,0.0070909917215376,0.0,0.0,0.0,0.0033392243364028,0.0188833780352506,302.44,77.16,0.8100780320063484,0.2553764018075287,22.421862928232624,16.30859345751427,1052.010438854029,47.264023370843546,0.9739489541806072,0.0002039986639059,0.0044755799632409,0.0,0.0,0.0,0.0023124453802148,0.0190590218120312,0.8339490505245973,0.017306493258811,0.097198204090033,0.0,0.0,0.0,0.038714223767078,0.0128320283594804,10.35820467723472,1.0639086742044015,1.0,1.1667042430497612,2.347602500031438,0.0,0.0,0.0,2.149536768123868,1.0,10.793959502416731,1062.6711211462375,41.80803719266337,302.7106577576344,16.191644196077288
1,245.0,20.38407310465984,0.9700000000000002,0.0006864059068088,0.0070909917215376,0.0,0.0,0.0,0.0033392243364028,0.0188833780352506,302.44,77.16,0.8100780320063484,0.2641792781837719,22.421862928232624,16.30859345751427,1051.2304471171046,48.2484740748145,0.9728382047053872,0.0002834830593019,0.0052453737430392,0.0,0.0,0.0,0.0026347694809326,0.0189981690113388,0.8113360961893664,0.0232109658156096,0.1102664085108276,0.0,0.0,0.0,0.0427203011188856,0.0124662283653106,10.282776556592673,1.0687849323151657,1.0,1.163855446748805,2.3347371414657583,0.0,0.0,0.0,2.140190625790978,1.0,10.793959502416731,1062.6711211462375,41.80803719266337,302.7106577576344,16.191644196077288
1,245.0,21.06330304585077,0.9700000000000002,0.0006864059068088,0.0070909917215376,0.0,0.0,0.0,0.0033392243364028,0.0188833780352506,302.44,77.16,0.8100780320063484,0.2729821545600151,22.421862928232624,16.30859345751427,1050.5079905745715,49.15847236163671,0.971797197510073,0.0003871008959127,0.0059502356684057,0.0,0.0,0.0,0.002914606338612,0.0189508595869964,0.7901624810861874,0.0306365200463717,0.1212413492261169,0.0,0.0,0.0,0.0458288487548934,0.0121308008864307,10.213137848781503,1.0733158827816496,1.0,1.1612434043913469,2.322840770157224,0.0,0.0,0.0,2.131625460900329,1.0,10.793959502416731,1062.6711211462375,41.80803719266337,302.7106577576344,16.191644196077288
1,245.0,21.74253298704169,0.9700000000000002,0.0006864059068088,0.0070909917215376,0.0,0.0,0.0,0.0033392243364028,0.0188833780352506,302.44,77.16,0.8100780320063484,0.2817850309362584,22.421862928232624,16.30859345751427,1049.857088225385,49.976125796948246,0.9708469167521208,0.0005202645754645,0.0065700334077357,0.0,0.0,0.0,0.0031494549768532,0.0189133302878256,0.7702941222248806,0.0398631022323357,0.129934750664242,0.0,0.0,0.0,0.0480874908322274,0.0118205340463139,10.150353170070463,1.0774550153781874,1.0,1.1588706825370785,2.312067888707866,0.0,0.0,0.0,2.1239625779994435,1.0,10.793959502416731,1062.6711211462375,41.80803719266337,302.7106577576344,16.191644196077288
1,245.0,22.421762928232624,0.9700000000000002,0.0006864059068088,0.0070909917215376,0.0,0.0,0.0,0.0033392243364028,0.0188833780352506,302.44,77.16,0.8100780320063484,0.2905879073125016,22.421862928232624,16.30859345751427,1049.2863388261842,50.68984781219214,0.9700001168250996,0.0006863789954365,0.0070909226062503,0.0,0.0,0.0,0.0033391996053284,0.0188833819678851,0.7516067994976211,0.0509946081220548,0.1362953224708804,0.0,0.0,0.0,0.0495715709244003,0.0115316989850432,10.095046554849064,1.0811410861549011,1.0,1.156784304333599,2.302503516834461,0.0,0.0,0.0,2.117269024243668,1.0,10.793959502416731,1062.6711211462375,41.80803719266337,302.7106577576344,16.191644196077288
1,250.0,19.13124222185859,0.9700000000000002,0.0006864059068088,0.0070909917215376,0.0,0.0,0.0,0.0033392243364028,0.0188833780352506,302.44,77.16,0.8266102367411718,0.2479424860271979,25.075669290274902,19.13114222185859,1033.3767638367528,49.137074181089055,0.9750380112950602,8.69415719825768e-06,0.0003323383662576,0.0,0.0,0.0,0.0001928049629037,0.0244281512185802,0.9699982560470072,0.0006866405028358,0.0070933312902797,0.0,0.0,0.0,0.0033403134978124,0.0188814586620648,9.602392158569302,1.0999012280078213,1.0,1.1542172551491787,2.241397002961828,0.0,0.0,0.0,2.066823465455327,1.0,9.599114364051816,1040.9186176418627,49.27650279185157,302.7106577576344,18.99215487266697
1,250.0,19.79172300723818,0.9700000000000002,0.0006864059068088,0.0070909917215376,0.0,0.0,0.0,0.0033392243364028,0.0188833780352506,302.44,77.16,0.8266102367411718,0.2565023717889862,25.075669290274902,19.13114222185859,1033.6852137387257,50.33806967122489,0.9780026471731352,3.3017992593035216e-05,0.0011513967282295,0.0,0.0,0.0,0.0006496060111553,0.0201633320948867,0.9475546705587402,0.002518987885025,0.0237500001081625,0.0,0.0,0.0,0.0108828993323577,0.0152934421157144,9.5166472182587,1.1057959468808485,1.0,1.1508017712708691,2.228771443243798,0.0,0.0,0.0,2.0556388219125505,1.0,9.599114364051816,1040.9186176418627,49.27650279185157,302.7106577576344,18.99215487266697
1,250.0,20.45220379261777,0.9700000000000002,0.0006864059068088,0.0070909917215376,0.0,0.0,0.0,0.0033392243364028,0.0188833780352506,302.44,77.16,0.8266102367411718,0.2650622575507746,25.075669290274902,19.13114222185859,1032.922983973977,51.4692945803971,0.977280642533974,6.364141102368458e-05,0.0019946160366038,0.0,0.0,0.0,0.0010944524581812,0.0195666475602172,0.9232138965576658,0.0046883499638139,0.0398407880291672,0.0,0.0,0.0,0.0177643425603565,0.0144926228889965,9.436318288557535,1.1114466569682186,1.0,1.1478564642445577,2.21600182389496,0.0,0.0,0.0,2.0459678028288693,1.0,9.599114364051816,1040.9186176418627,49.27650279185157,302.7106577576344,18.99215487266697
1,250.0,21.11268457799736,0.9700000000000002,0.0006864059068088,0.0070909917215376,0.0,0.0,0.0,0.0033392243364028,0.0188833780352506,302.44,77.16,0.8266102367411718,0.273622143312563,25.075669290274902,19.13114222185859,1032.0759349823852,52.576875164575895,0.9762303858919208,0.0001017993171432,0.0028339021734769,0.0,0.0,0.0,0.0015136771494134,0.0193202354680456,0.9000661269389981,0.0072484076417755,0.0548753128258636,0.0,0.0,0.0,0.0238303443820068,0.0139798082113557,9.35830657943974,1.1169823252634663,1.0,1.1450532361395636,2.203551558282761,0.0,0.0,0.0,2.036699767579927,1.0,9.599114364051816,1040.9186176418627,49.27650279185157,302.7106577576344,18.99215487266697
1,250.0,21.77316536337695,0.9700000000000002,0.0006864059068088,0.0070909917215376,0.0,0.0,0.0,0.0033392243364028,0.0188833780352506,302.44,77.16,0.8266102367411718,0.2821820290743513,25.075669290274902,19.13114222185859,1031.222407768138,53.65713685698577,0.9751066223647836,0.0001499243150954,0.0036593875893708,0.0,0.0,0.0,0.0019049024222882,0.0191791633084618,0.8782186327192054,0.0103285941265595,0.0687672420330377,0.0,0.0,0.0,0.0291183043220484,0.0135672267991488,9.28279973959538,1.1224040899959429,1.0,1.142359053127496,2.191509009232213,0.0,0.0,0.0,2.0277997794056795,1.0,9.599114364051816,1040.9186176418627,49.27650279185157,302.7106577576344,18.99215487266697
1,250.0,22.43364614875654,0.9700000000000002,0.0006864059068088,0.0070909917215376,0.0,0.0,0.0,0.0033392243364028,0.0188833780352506,302.44,77.16,0.8266102367411718,0.2907419148361397,25.075669290274902,19.13114222185859,1030.3876267805629,54.70081025671721,0.9739789825938104,0.0002113658749805,0.0044596455599022,0.0,0.0,0.0,0.0022657004163794,0.019084305554927,0.8576118989086268,0.0141041190686137,0.0814145132368865,0.0,0.0,0.0,0.0336613762943611,0.0132080924915117,9.210316700820078,1.1276662000828148,1.0,1.1397832927078484,2.179960534918701,0.0,0.0,0.0,2.0193127384742,1.0,9.599114364051816,1040.9186176418627,49.27650279185157,302.7106577576344,18.99215487266697
1,250.0,23.09412693413613,0.9700000000000002,0.0006864059068088,0.0070909917215376,0.0,0.0,0.0,0.0033392243364028,0.0188833780352506,302.44,77.16,0.8266102367411718,0.2993018005979281,25.075669290274902,19.13114222185859,1029.5879324292127,55.69485656043487,0.9728818151714154,0.0002905123609552,0.0052202156366489,0.0,0.0,0.0,0.0025929524100287,0.0190145044209517,0.838161895840437,0.0187978569991821,0.092675790769442,0.0,0.0,0.0,0.0374798857280734,0.0128845706628654,9.141593247037186,1.1326879733359925,1.0,1.1373617906488538,2.1690127675634616,0.0,0.0,0.0,2.0113163297417205,1.0,9.599114364051816,1040.9186176418627,49.27650279185157,302.7106577576344,18.99215487266697
1,250.0,23.75460771951572,0.9700000000000002,0.0006864059068088,0.0070909917215376,0.0,0.0,0.0,0.0033392243364028,0.0188833780352506,302.44,77.16,0.8266102367411718,0.3078616863597164,25.075669290274902,19.13114222185859,1028.8382222890566,56.62322961255077,0.9718401318771408,0.0003926554810933,0.0059237429153303,0.0,0.0,0.0,0.0028829739591264,0.0189604957673091,0.8197830539501465,0.0246663675606387,0.1023779399707351,0.0,0.0,0.0,0.0405846735131495,0.0125879650053298,9.077527573428195,1.1374226981572713,1.0,1.1351041148810068,2.158791769526609,0.0,0.0,0.0,2.0039089357897355,1.0,9.599114364051816,1040.9186176418627,49.27650279185157,302.7106577576344,18.99215487266697
1,250.0,24.415088504895312,0.9700000000000002,0.0006864059068088,0.0070909917215376,0.0,0.0,0.0,0.0033392243364028,0.0188833780352506,302.44,77.16,0.8266102367411718,0.3164215721215048,25.075669290274902,19.13114222185859,1028.1523726464156,57.46919265478245,0.9708746823314384,0.000523244355673,0.0065520992820886,0.0,0.0,0.0,0.0031323086930567,0.018917665337743,0.8023925646449102,0.0319515728725656,0.1103540581650629,0.0,0.0,0.0,0.0429885908201739,0.0123132134972872,9.019036134516403,1.1417954204562173,1.0,1.1330386851579788,2.149424060332523,0.0,0.0,0.0,1.9971908489189072,1.0,9.599114364051816,1040.9186176418627,49.27650279185157,302.7106577576344,18.99215487266697
1,250.0,25.075569290274903,0.9700000000000002,0.0006864059068088,0.0070909917215376,0.0,0.0,0.0,0.0033392243364028,0.0188833780352506,302.44,77.16,0.8266102367411718,0.3249814578832932,25.075669290274902,19.13114222185859,1027.5405321164596,58.2198870134505,0.9700001250860474,0.0006863786537565,0.0070909173708348,0.0,0.0,0.0,0.0033391962156228,0.0188833826737383,0.7859104509357895,0.0407948129744584,0.1165131666385361,0.0,0.0,0.0,0.044724669159153,0.0120569002920628,8.966782598104738,1.1457256058644083,1.0,1.1311913580413029,2.140998229704851,0.0,0.0,0.0,1.9912323649657035,1.0,9.599114364051816,1040.9186176418627,49.27650279185157,302.7106577576344,18.99215487266697
1,255.0,22.303561379696013,0.9700000000000002,0.0006864059068088,0.0070909917215376,0.0,0.0,0.0,0.0033392243364028,0.0188833780352506,302.44,77.16,0.8431424414759953,0.2890560054392951,28.079403283123,22.303461379696014,1010.5133514215491,57.741692783596605,0.9749827458387456,1.1349421715716627e-05,0.0004049603725378,0.0,0.0,0.0,0.0002239461549777,0.024376998212023,0.9699985472448652,0.0006866027243481,0.0070929410817274,0.0,0.0,0.0,0.0033401326180051,0.0188817763310539,8.438517385385913,1.1723780978941294,1.0,1.1267444053214284,2.077487737804043,0.0,0.0,0.0,1.9381744365560565,1.0,8.432227805466914,1017.7913832278248,57.90987351738985,302.7106577576344,22.13772066860631
1,255.0,22.945310480076788,0.9700000000000002,0.0006864059068088,0.0070909917215376,0.0,0.0,0.0,0.0033392243364028,0.0188833780352506,302.44,77.16,0.8431424414759953,0.297373127009808,28.079403283123,22.303461379696014,1010.695890562814,58.95051991548681,0.9777535383286596,3.695832256783941e-05,0.0012077704457728,0.0,0.0,0.0,0.0006540025206066,0.0203477303823933,0.9522664856577788,0.0021717907158434,0.0205468082081348,0.0,0.0,0.0,0.0094807325825742,0.0155341828356684,8.36118545504845,1.1784869300361067,1.0,1.1238010546245347,2.067117624650192,0.0,0.0,0.0,1.9284989591557509,1.0,8.432227805466914,1017.7913832278248,57.90987351738985,302.7106577576344,22.13772066860631
1,255.0,23.587059580457566,0.9700000000000002,0.0006864059068088,0.0070909917215376,0.0,0.0,0.0,0.0033392243364028,0.0188833780352506,302.44,77.16,0.8431424414759953,0.305690248580321,28.079403283123,22.303461379696014,1009.9401958762852,60.08416928978809,0.977145437194699,6.89870471148021e-05,0.0020350821914505,0.0,0.0,0.0,0.0010791145580279,0.0196713790087076,0.9324065125188282,0.0039347625209801,0.0336910816035503,0.0,0.0,0.0,0.0152300864830106,0.0147375568736307,8.289252485761454,1.1843222635349122,1.0,1.1213246112178883,2.0564892349543347,0.0,0.0,0.0,1.9203042248369608,1.0,8.432227805466914,1017.7913832278248,57.90987351738985,302.7106577576344,22.13772066860631
1,255.0,24.22880868083834,0.9700000000000002,0.0006864059068088,0.0070909917215376,0.0,0.0,0.0,0.0033392243364028,0.0188833780352506,302.44,77.16,0.8431424414759953,0.3140073701508338,28.079403283123,22.303461379696014,1009.0897964411524,61.194015904331046,0.976162973247508,0.0001084820803212,0.0028577501244245,0.0,0.0,0.0,0.0014847746607835,0.0193860198869627,0.9132372161179296,0.0060092531666887,0.0460803834075544,0.0,0.0,0.0,0.0204192475540795,0.0142538997537473,8.219379150292461,1.1900525911370945,1.0,1.118972821670303,2.046075250717449,0.0,0.0,0.0,1.912469518938712,1.0,8.432227805466914,1017.7913832278248,57.90987351738985,302.7106577576344,22.13772066860631
1,255.0,24.87055778121912,0.9700000000000002,0.0006864059068088,0.0070909917215376,0.0,0.0,0.0,0.0033392243364028,0.0188833780352506,302.44,77.16,0.8431424414759953,0.3223244917213468,28.079403283123,22.303461379696014,1008.2263456290052,62.27861160485424,0.9750849266334902,0.0001576959796153,0.0036667364818724,0.0,0.0,0.0,0.0018681054272202,0.0192225354778016,0.894945723629513,0.0084902433769601,0.0576335103545976,0.0,0.0,0.0,0.0250531590973166,0.0138773635416126,8.151591419369364,1.1956821999995242,1.0,1.1167115212624408,2.035959007002034,0.0,0.0,0.0,1.9049297774994371,1.0,8.432227805466914,1017.7913832278248,57.90987351738985,302.7106577576344,22.13772066860631
1,255.0,25.51230688159989,0.9700000000000002,0.0006864059068088,0.0070909917215376,0.0,0.0,0.0,0.0033392243364028,0.0188833780352506,302.44,77.16,0.8431424414759953,0.3306416132918597,28.079403283123,22.303461379696014,1007.3759556642864,63.33041338635902,0.9739883098396124,0.0002197186622722,0.0044523473908106,0.0,0.0,0.0,0.0022264400127618,0.0191131840945428,0.8775290013672485,0.0115067877946065,0.0682693068753808,0.0,0.0,0.0,0.0291396966688006,0.0135552072939635,8.08626186359495,1.2011545320835149,1.0,1.1145440519082643,2.0262090946328404,0.0,0.0,0.0,1.8977081263392688,1.0,8.432227805466914,1017.7913832278248,57.90987351738985,302.7106577576344,22.13772066860631
1,255.0,26.154055981980672,0.9700000000000002,0.0006864059068088,0.0070909917215376,0.0,0.0,0.0,0.0033392243364028,0.0188833780352506,302.44,77.16,0.8431424414759953,0.3389587348623726,28.079403283123,22.303461379696014,1006.5545899668762,64.33834978388047,0.9729091883510496,0.0002985888133308,0.0052025092978859,0.0,0.0,0.0,0.0025565185260919,0.0190331950116418,0.8609484135687621,0.0152238177844783,0.0778811845161859,0.0,0.0,0.0,0.0326791295001789,0.0132674546303946,8.023951037639483,1.2064170745284235,1.0,1.112488205709168,2.0169057773217487,0.0,0.0,0.0,1.8908583829487675,1.0,8.432227805466914,1017.7913832278248,57.90987351738985,302.7106577576344,22.13772066860631
1,255.0,26.795805082361447,0.9700000000000002,0.0006864059068088,0.0070909917215376,0.0,0.0,0.0,0.0033392243364028,0.0188833780352506,302.44,77.16,0.8431424414759953,0.3472758564328855,28.079403283123,22.303461379696014,1005.7762865616776,65.2884783608955,0.9718721517613692,0.0003992394795681,0.0059026035643677,0.0,0.0,0.0,0.0028544691342724,0.0189715360604224,0.8451571308028086,0.0198358581326337,0.0863376587505812,0.0,0.0,0.0,0.0356647182098063,0.0130046341041701,7.965362420319165,1.21143684808791,1.0,1.1105631590922385,2.0081436601546456,0.0,0.0,0.0,1.8844529738453224,1.0,8.432227805466914,1017.7913832278248,57.90987351738985,302.7106577576344,22.13772066860631
1,255.0,27.437554182742225,0.9700000000000002,0.0006864059068088,0.0070909917215376,0.0,0.0,0.0,0.0033392243364028,0.0188833780352506,302.44,77.16,0.8431424414759953,0.3555929780033984,28.079403283123,22.303461379696014,1005.0543980663664,66.16553606907696,0.9708972999613482,0.0005269899710979,0.0065367349422687,0.0,0.0,0.0,0.0031163302115936,0.0189226449136915,0.8301065256539756,0.025540133838792,0.0935023478696852,0.0,0.0,0.0,0.0380895139541825,0.0127614786833647,7.911252733179289,1.2160990390077118,1.0,1.1087800286856873,2.0000231936962574,0.0,0.0,0.0,1.8785707613457931,1.0,8.432227805466914,1017.7913832278248,57.90987351738985,302.7106577576344,22.13772066860631
1,255.0,28.079303283123,0.9700000000000002,0.0006864059068088,0.0070909917215376,0.0,0.0,0.0,0.0033392243364028,0.0188833780352506,302.44,77.16,0.8431424414759953,0.3639100995739113,28.079403283123,22.303461379696014,1004.39987857399,66.95627257522308,0.9700001331370164,0.0006863784634165,0.0070909121552925,0.0,0.0,0.0,0.0033391927293572,0.018883383514917,0.815747216389033,0.0324823689380552,0.099276584492803,0.0,0.0,0.0,0.0399592033767326,0.012534626803376,7.86225455522915,1.2203691614067964,1.0,1.107164058422495,1.9926256518835224,0.0,0.0,0.0,1.873276634624656,1.0,8.432227805466914,1017.7913832278248,57.90987351738985,302.7106577576344,22.13772066860631
1,260.0,25.853519584457995,0.9700000000000002,0.0006864059068088,0.0070909917215376,0.0,0.0,0.0,0.0033392243364028,0.0188833780352506,302.44,77.16,0.8596746462108187,0.3350637582226282,31.453789387694968,25.853419584457995,986.0256768067196,67.72246058559847,0.9749536030084748,1.4794104727388363e-05,0.000492154053535,0.0,0.0,0.0,0.0002610431705712,0.0242784056626914,0.9699987760362688,0.0006865718523813,0.0070926221989823,0.0,0.0,0.0,0.0033399849104939,0.0188820450018736,7.304472410343562,1.2567774065979145,1.0,1.1011725101783705,1.9137746263284845,0.0,0.0,0.0,1.8182865615217965,1.0,7.296085655146154,993.0143761526203,67.92140682303575,302.7106577576344,25.654931900849267
1,260.0,26.47576067370655,0.9700000000000002,0.0006864059068088,0.0070909917215376,0.0,0.0,0.0,0.0033392243364028,0.0188833780352506,302.44,77.16,0.8596746462108187,0.3431280543507847,31.453789387694968,25.853419584457995,986.0638898515864,68.94534582613414,0.97747769977871,4.1770005186892746e-05,0.0012772218047465,0.0,0.0,0.0,0.0006671111945358,0.0205361972168207,0.9560310419591512,0.0018906387762561,0.0179515919636106,0.0,0.0,0.0,0.0083309514000401,0.0157957759009419,7.235117817004562,1.2632381953897471,1.0,1.0987297642408336,1.9043493821190287,0.0,0.0,0.0,1.8099726620229888,1.0,7.296085655146154,993.0143761526203,67.92140682303575,302.7106577576344,25.654931900849267
1,260.0,27.0980017629551,0.9700000000000002,0.0006864059068088,0.0070909917215376,0.0,0.0,0.0,0.0033392243364028,0.0188833780352506,302.44,77.16,0.8596746462108187,0.3511923504789411,31.453789387694968,25.853419584457995,985.3051795364516,70.0883426719371,0.9769784724241888,7.527411974058531e-05,0.002087087234318,0.0,0.0,0.0,0.0010736388088979,0.0197855274128544,0.9399177636231184,0.0033208235498862,0.0286614198097988,0.0,0.0,0.0,0.0131055277947654,0.014994465222431,7.170949523683503,1.2693809576567945,1.0,1.0966752517037548,1.8967680294294984,0.0,0.0,0.0,1.802996690685892,1.0,7.296085655146154,993.0143761526203,67.92140682303575,302.7106577576344,25.654931900849267
1,260.0,27.72024285220365,0.9700000000000002,0.0006864059068088,0.0070909917215376,0.0,0.0,0.0,0.0033392243364028,0.0188833780352506,302.44,77.16,0.8596746462108187,0.3592566466070976,31.453789387694968,25.853419584457995,984.445821836671,71.20678820985465,0.97606640740671,0.0001161730398336,0.002892136458827,0.0,0.0,0.0,0.0014658586682539,0.0194594244263752,0.924138372515202,0.0049973276058491,0.0388340519894687,0.0,0.0,0.0,0.017501741400526,0.0145285064889541,7.10864928398603,1.2754147427280635,1.0,1.094721336199102,1.8895944798862137,0.0,0.0,0.0,1.796347987844103,1.0,7.296085655146154,993.0143761526203,67.92140682303575,302.7106577576344,25.654931900849267
1,260.0,28.342483941452205,0.9700000000000002,0.0006864059068088,0.0070909917215376,0.0,0.0,0.0,0.0033392243364028,0.0188833780352506,302.44,77.16,0.8596746462108187,0.3673209427352541,31.453789387694968,25.853419584457995,983.5679705419184,72.30159665316712,0.9750375769250322,0.0001665313205256,0.003683852349254,0.0,0.0,0.0,0.0018405475789955,0.0192714918261925,0.9089307027044596,0.0069887167476346,0.0483948984111616,0.0,0.0,0.0,0.0215073114564694,0.0141783706802746,7.04810265200086,1.2813625642870157,1.0,1.0928418462748883,1.8826977230604127,0.0,0.0,0.0,1.7899412664479362,1.0,7.296085655146154,993.0143761526203,67.92140682303575,302.7106577576344,25.654931900849267
1,260.0,28.96472503070076,0.9700000000000002,0.0006864059068088,0.0070909917215376,0.0,0.0,0.0,0.0033392243364028,0.0188833780352506,302.44,77.16,0.8596746462108187,0.3753852388634106,31.453789387694968,25.853419584457995,982.6982029372105,73.36689440499467,0.9739759301970784,0.000229174331576,0.0044539440157165,0.0,0.0,0.0,0.0021949681346173,0.0191459833210118,0.8943287462608028,0.0093885925227712,0.0572801792017921,0.0,0.0,0.0,0.0251170969589131,0.0138853850557205,6.989557100154856,1.2871673449770156,1.0,1.0910365014571572,1.876074193855468,0.0,0.0,0.0,1.7837825955687872,1.0,7.296085655146154,993.0143761526203,67.92140682303575,302.7106577576344,25.654931900849267
1,260.0,29.58696611994931,0.9700000000000002,0.0006864059068088,0.0070909917215376,0.0,0.0,0.0,0.0033392243364028,0.0188833780352506,302.44,77.16,0.8596746462108187,0.383449534991567,31.453789387694968,25.853419584457995,981.852048486733,74.39342401890181,0.9729194398737322,0.0003077787195142,0.0051923699917129,0.0,0.0,0.0,0.0025259144845279,0.0190544969305127,0.8803233190445856,0.0123167291690095,0.06541111560984,0.0,0.0,0.0,0.0283217316867754,0.0136271044897892,6.933426044474793,1.2927873952356748,1.0,1.089312868778386,1.8697581216709327,0.0,0.0,0.0,1.7779072735283468,1.0,7.296085655146154,993.0143761526203,67.92140682303575,302.7106577576344,25.654931900849267
1,260.0,30.209207209197864,0.9700000000000002,0.0006864059068088,0.0070909917215376,0.0,0.0,0.0,0.0033392243364028,0.0188833780352506,302.44,77.16,0.8596746462108187,0.3915138311197235,31.453789387694968,25.853419584457995,981.0426412187156,75.36923958999826,0.9718924317551592,0.0004068692847332,0.0058869686639474,0.0,0.0,0.0,0.0028295812140071,0.0189841490821531,0.8668927905659443,0.015916672973648,0.0726909570698072,0.0,0.0,0.0,0.0311066088215899,0.0133929705690102,6.880244362399682,1.298170202426278,1.0,1.0876901829187895,1.8638030317192849,0.0,0.0,0.0,1.7723668301397224,1.0,7.296085655146154,993.0143761526203,67.92140682303575,302.7106577576344,25.654931900849267
1,260.0,30.831448298446418,0.9700000000000002,0.0006864059068088,0.0070909917215376,0.0,0.0,0.0,0.0033392243364028,0.0188833780352506,302.44,77.16,0.8596746462108187,0.39957812724788,31.453789387694968,25.853419584457995,980.2825510357686,76.28074417870071,0.9709141539743444,0.0005314948731279,0.006524134464411,0.0,0.0,0.0,0.0031018664176815,0.0189283502704349,0.854011114261991,0.0203416923130749,0.0790144788712593,0.0,0.0,0.0,0.0334554643640354,0.0131772501896393,6.830613781002356,1.303249202421528,1.0,1.0861752590910836,1.8582727177510288,0.0,0.0,0.0,1.7672210559267634,1.0,7.296085655146154,993.0143761526203,67.92140682303575,302.7106577576344,25.654931900849267
1,260.0,31.45368938769497,0.9700000000000002,0.0006864059068088,0.0070909917215376,0.0,0.0,0.0,0.0033392243364028,0.0188833780352506,302.44,77.16,0.8596746462108187,0.4076424233760364,31.453789387694968,25.853419584457995,979.5829182555036,77.11500589240131,0.9700001409999393,0.0006863784027697,0.0070909069116633,0.0,0.0,0.0,0.0033391891612631,0.0188833845243645,0.8416497499337434,0.0257229436361029,0.0842922206165912,0.0,0.0,0.0,0.0353586563900886,0.0129764294234737,6.785091211854648,1.3079356334720975,1.0,1.0847801306355982,1.8532260992428815,0.0,0.0,0.0,1.7625258769720318,1.0,7.296085655146154,993.0143761526203,67.92140682303575,302.7106577576344,25.654931900849267
1,265.0,29.810836587767977,0.9700000000000002,0.0006864059068088,0.0070909917215376,0.0,0.0,0.0,0.0033392243364028,0.0188833780352506,302.44,77.16,0.8762068509456421,0.3863509148233278,35.22057751185454,29.810736587767977,959.5522189993542,79.36122866432345,0.974945726764026,1.9307462771872448e-05,0.0005976772797916,0.0,0.0,0.0,0.000305836627738,0.0241314518656723,0.9699989585530596,0.0006865463811347,0.0070923590519183,0.0,0.0,0.0,0.0033398630923428,0.0188822729215443,6.203692954659423,1.3569970054724656,1.0,1.077598347316218,1.7624649932872452,0.0,0.0,0.0,1.705986284032344,1.0,6.194157229336726,966.2255774553212,79.59167899763797,302.7106577576344,29.571779036695137
1,265.0,30.411907801555373,0.9700000000000002,0.0006864059068088,0.0070909917215376,0.0,0.0,0.0,0.0033392243364028,0.0188833780352506,302.44,77.16,0.8762068509456421,0.3941408476095823,35.22057751185454,29.810736587767977,959.4304207784896,80.60424707005508,0.9771772255650948,4.77440200310635e-05,0.0013631104793715,0.0,0.0,0.0,0.00069006818179,0.0207218517537124,0.959050120701562,0.0016607755304611,0.0158296899369782,0.0,0.0,0.0,0.0073808891653305,0.0160785246656682,6.142039013701427,1.36395900349266,1.0,1.0756502770355545,1.7544260235270706,0.0,0.0,0.0,1.6988975811448874,1.0,6.194157229336726,966.2255774553212,79.59167899763797,302.7106577576344,29.571779036695137
1,265.0,31.01297901534277,0.9700000000000002,0.0006864059068088,0.0070909917215376,0.0,0.0,0.0,0.0033392243364028,0.0188833780352506,302.44,77.16,0.8762068509456421,0.4019307803958368,35.22057751185454,29.810736587767977,958.656640159151,81.76385796008044,0.976777646680394,8.278706552324272e-05,0.0021532977142188,0.0,0.0,0.0,0.0010787500760767,0.0199075184637872,0.9460856544662172,0.0028162232640579,0.0245132219143117,0.0,0.0,0.0,0.0113151140634428,0.0152697862919702,6.085170296316309,1.3705717386847154,1.0,1.0739734808468075,1.7480521264116151,0.0,0.0,0.0,1.6929471099262403,1.0,6.194157229336726,966.2255774553212,79.59167899763797,302.7106577576344,29.571779036695137
1,265.0,31.614050229130164,0.9700000000000002,0.0006864059068088,0.0070909917215376,0.0,0.0,0.0,0.0033392243364028,0.0188833780352506,302.44,77.16,0.8762068509456421,0.4097207131820913,35.22057751185454,29.810736587767977,957.7810635196234,82.89763736571004,0.9759380994667504,0.00012513960535,0.0029390155657402,0.0,0.0,0.0,0.0014574366492792,0.0195403087128801,0.9332042459909722,0.0041643228527395,0.0328189361818016,0.0,0.0,0.0,0.0149998233580814,0.0148126716164052,6.030013965424994,1.377074765569032,1.0,1.0723778151896493,1.7420689290127391,0.0,0.0,0.0,1.6872966524261688,1.0,6.194157229336726,966.2255774553212,79.59167899763797,302.7106577576344,29.571779036695137
1,265.0,32.215121442917564,0.9700000000000002,0.0006864059068088,0.0070909917215376,0.0,0.0,0.0,0.0033392243364028,0.0188833780352506,302.44,77.16,0.8762068509456421,0.4175106459683458,35.22057751185454,29.810736587767977,956.8829195501672,84.00897638965348,0.9749623264275608,0.0001766678767067,0.0037120525758242,0.0,0.0,0.0,0.0018226699501957,0.0193262831697124,0.9206717753594156,0.0057534792692288,0.0406794852758699,0.0,0.0,0.0,0.0184146000769022,0.0144806600185834,5.976344094910312,1.3834859779631103,1.0,1.0708410352454774,1.7363234950577513,0.0,0.0,0.0,1.6818486063220954,1.0,6.194157229336726,966.2255774553212,79.59167899763797,302.7106577576344,29.571779036695137
1,265.0,32.81619265670496,0.9700000000000002,0.0006864059068088,0.0070909917215376,0.0,0.0,0.0,0.0033392243364028,0.0188833780352506,302.44,77.16,0.8762068509456421,0.4253005787546002,35.22057751185454,29.810736587767977,955.9886121776711,85.09366105270462,0.9739400561703164,0.0002399247443561,0.0044652489364837,0.0,0.0,0.0,0.0021717484135193,0.0191830217353242,0.9085465767832636,0.007650214200004,0.0480449466026553,0.0,0.0,0.0,0.0215484550892088,0.014209807324868,5.9243029200843145,1.3897700334377632,1.0,1.0693617868744874,1.7307946102770442,0.0,0.0,0.0,1.6765941752682738,1.0,6.194157229336726,966.2255774553212,79.59167899763797,302.7106577576344,29.571779036695137
1,265.0,33.41726387049235,0.9700000000000002,0.0006864059068088,0.0070909917215376,0.0,0.0,0.0,0.0033392243364028,0.0188833780352506,302.44,77.16,0.8762068509456421,0.4330905115408547,35.22057751185454,29.810736587767977,955.1131102346789,86.14413871615429,0.9729111691920882,0.0003182125478135,0.005190286410361,0.0,0.0,0.0,0.0025016483266556,0.0190786835230815,0.896838788842721,0.009939551398102,0.054858020514188,0.0,0.0,0.0,0.0243885248978147,0.0139751143471743,5.874181317200427,1.3958803952446388,1.0,1.0679453752985455,1.725498949673641,0.0,0.0,0.0,1.6715561580317146,1.0,6.194157229336726,966.2255774553212,79.59167899763797,302.7106577576344,29.571779036695137
1,265.0,34.01833508427975,0.9700000000000002,0.0006864059068088,0.0070909917215376,0.0,0.0,0.0,0.0033392243364028,0.0188833780352506,302.44,77.16,0.8762068509456421,0.4408804443271092,35.22057751185454,29.810736587767977,954.2686055779066,87.15035665161179,0.9718998826253534,0.0004156080362172,0.0058771782491781,0.0,0.0,0.0,0.0028088078690791,0.018998523220172,0.8855432203129128,0.0127243685635951,0.0610494708655966,0.0,0.0,0.0,0.0269181897552944,0.0137647505026009,5.82637187001894,1.4017922757489771,1.0,1.066600726999348,1.7204710922248068,0.0,0.0,0.0,1.6667702104510709,1.0,6.194157229336726,966.2255774553212,79.59167899763797,302.7106577576344,29.571779036695137
1,265.0,34.61940629806715,0.9700000000000002,0.0006864059068088,0.0070909917215376,0.0,0.0,0.0,0.0033392243364028,0.0188833780352506,302.44,77.16,0.8762068509456421,0.4486703771133637,35.22057751185454,29.810736587767977,953.4667129085906,88.10048735307299,0.970924538807844,0.0005367732730285,0.0065145490396387,0.0,0.0,0.0,0.0030892643029888,0.0189348745764998,0.8746486368205777,0.0161186143614739,0.0665418174170487,0.0,0.0,0.0,0.0291185964127098,0.0135723349881897,5.781333209401124,1.407403620106088,1.0,1.0653360095113351,1.7157555480221234,0.0,0.0,0.0,1.662280062483815,1.0,6.194157229336726,966.2255774553212,79.59167899763797,302.7106577576344,29.571779036695137
1,265.0,35.22047751185454,0.9700000000000002,0.0006864059068088,0.0070909917215376,0.0,0.0,0.0,0.0033392243364028,0.0188833780352506,302.44,77.16,0.8762068509456421,0.4564603098996182,35.22057751185454,29.810736587767977,952.7182680879572,88.98246471363612,0.9700001487487948,0.0006863784450715,0.0070909015514568,0.0,0.0,0.0,0.0033391855060718,0.0188833857486049,0.8641404765287651,0.0202300023697287,0.0712620111124127,0.0,0.0,0.0,0.0309734672784799,0.0133940427106133,5.739524226515566,1.4126707367408473,1.0,1.0641608298134873,1.7113979298986766,0.0,0.0,0.0,1.6581303416792932,1.0,6.194157229336726,966.2255774553212,79.59167899763797,302.7106577576344,29.571779036695137
1,270.0,34.20761173931432,0.9700000000000002,0.0006864059068088,0.0070909917215376,0.0,0.0,0.0,0.0033392243364028,0.0188833780352506,302.44,77.16,0.8927390556804655,0.4433334854758206,39.40239113951303,34.20751173931431,930.600429803888,93.0431417263006,0.9749532729852588,2.5312140635174365e-05,0.0007269710693188,0.0,0.0,0.0,0.0003608662151188,0.0239335775896683,0.969999106497026,0.0006865251591189,0.0070921397041741,0.0,0.0,0.0,0.0033397615916374,0.0188824670480435,5.140531358216751,1.478941686924526,1.0,1.0561651246642811,1.6280395127031009,0.0,0.0,0.0,1.6002703549334203,1.0,5.130843724671824,936.9320241360858,93.30322734807504,302.7106577576344,33.91794976874195
1,270.0,34.7847983393364,0.9700000000000002,0.0006864059068088,0.0070909917215376,0.0,0.0,0.0,0.0033392243364028,0.0188833780352506,302.44,77.16,0.8927390556804655,0.4508138716865785,39.40239113951303,34.20751173931431,930.3053029822688,94.312484670968,0.976853834775313,5.531683414317735e-05,0.0014703293835395,0.0,0.0,0.0,0.0007248131025441,0.0208957059044603,0.961479719681008,0.0014709383593172,0.0140782653089668,0.0,0.0,0.0,0.0065893051031341,0.0163817715475738,5.086431928972206,1.486637049000251,1.0,1.0546812685759015,1.621253242566588,0.0,0.0,0.0,1.5942956995148532,1.0,5.130843724671824,936.9320241360858,93.30322734807504,302.7106577576344,33.91794976874195
1,270.0,35.36198493935847,0.9700000000000002,0.0006864059068088,0.0070909917215376,0.0,0.0,0.0,0.0033392243364028,0.0188833780352506,302.44,77.16,0.8927390556804655,0.4582942578973363,39.40239113951303,34.20751173931431,929.5013596889848,95.49665389408398,0.9765397260328732,9.195370389561216e-05,0.0022377842516971,0.0,0.0,0.0,0.0010959180025722,0.0200346180089618,0.9511743780636096,0.0023976293395711,0.0210617067861785,0.0,0.0,0.0,0.009796931695384,0.0155693541152567,5.036549603584184,1.4939343764932516,1.0,1.0533560073062471,1.6158776156946042,0.0,0.0,0.0,1.5892279191720091,1.0,5.130843724671824,936.9320241360858,93.30322734807504,302.7106577576344,33.91794976874195
1,270.0,35.93917153938055,0.9700000000000002,0.0006864059068088,0.0070909917215376,0.0,0.0,0.0,0.0033392243364028,0.0188833780352506,302.44,77.16,0.8927390556804655,0.4657746441080942,39.40239113951303,34.20751173931431,928.5999947013048,96.65330449823198,0.975773940564646,0.0001357863839807,0.003001577494531,0.0,0.0,0.0,0.0014606410116202,0.0196280545452219,0.9407820179551404,0.0034727164258411,0.0277847328712614,0.0,0.0,0.0,0.0128454555209344,0.0151150772268225,4.988236503122921,1.501113792540704,1.0,1.0520887820088374,1.6108700675202143,0.0,0.0,0.0,1.5844211298609978,1.0,5.130843724671824,936.9320241360858,93.30322734807504,302.7106577576344,33.91794976874195
1,270.0,36.51635813940264,0.9700000000000002,0.0006864059068088,0.0070909917215376,0.0,0.0,0.0,0.0033392243364028,0.0188833780352506,302.44,77.16,0.8927390556804655,0.4732550303188522,39.40239113951303,34.20751173931431,927.6736780630528,97.78833256916302,0.9748554510796272,0.0001884709597928,0.0037537009299621,0.0,0.0,0.0,0.001815391870971,0.0193869851596466,0.9305765255683264,0.0047293517279881,0.0341878764465794,0.0,0.0,0.0,0.0157118688660058,0.0147943773911002,4.941187346627498,1.5082011758457043,1.0,1.0508657891432016,1.6060703706564603,0.0,0.0,0.0,1.5797821440842654,1.0,5.130843724671824,936.9320241360858,93.30322734807504,302.7106577576344,33.91794976874195
1,270.0,37.09354473942471,0.9700000000000002,0.0006864059068088,0.0070909917215376,0.0,0.0,0.0,0.0033392243364028,0.0188833780352506,302.44,77.16,0.8927390556804655,0.48073541652961,39.40239113951303,34.20751173931431,926.7477560966043,98.89920589987616,0.9738776686139918,0.0002522766190123,0.0044879095148057,0.0,0.0,0.0,0.0021575731354211,0.0192245721167691,0.9206314730385116,0.0062135217031456,0.0402321254538835,0.0,0.0,0.0,0.0183834132503933,0.014539466554066,4.895459825086315,1.5151754564836175,1.0,1.049686558182443,1.6014458392595832,0.0,0.0,0.0,1.575297531339289,1.0,5.130843724671824,936.9320241360858,93.30322734807504,302.7106577576344,33.91794976874195
1,270.0,37.67073133944679,0.9700000000000002,0.0006864059068088,0.0070909917215376,0.0,0.0,0.0,0.0033392243364028,0.0188833780352506,302.44,77.16,0.8927390556804655,0.4882158027403679,39.40239113951303,34.20751173931431,925.8364095234568,99.98000835222857,0.9728820809011084,0.000330118054165,0.0051973439966315,0.0,0.0,0.0,0.0024844237784142,0.0191060332696806,0.9109696564032423,0.0079838396300694,0.0458763970199922,0.0,0.0,0.0,0.020847119630168,0.0143229873165277,4.851244727718104,1.5219994338107554,1.0,1.0485527342427152,1.5970000667454598,0.0,0.0,0.0,1.5709781198566963,1.0,5.130843724671824,936.9320241360858,93.30322734807504,302.7106577576344,33.91794976874195
1,270.0,38.24791793946887,0.9700000000000002,0.0006864059068088,0.0070909917215376,0.0,0.0,0.0,0.0033392243364028,0.0188833780352506,302.44,77.16,0.8927390556804655,0.4956961889511259,39.40239113951303,34.20751173931431,924.950825081376,101.02249144725664,0.9718928773382792,0.0004255910048541,0.0058739234778405,0.0,0.0,0.0,0.002792742691606,0.0190148654874199,0.9015966161369492,0.0101115395352923,0.0510724925708348,0.0,0.0,0.0,0.0230875688102875,0.0141317829466361,4.808816450567469,1.5286176042983448,1.0,1.0474694612820532,1.59275338891298,0.0,0.0,0.0,1.5668477435173047,1.0,5.130843724671824,936.9320241360858,93.30322734807504,302.7106577576344,33.91794976874195
1,270.0,38.825104539490944,0.9700000000000002,0.0006864059068088,0.0070909917215376,0.0,0.0,0.0,0.0033392243364028,0.0188833780352506,302.44,77.16,0.8927390556804655,0.5031765751618837,39.40239113951303,34.20751173931431,924.101540323838,102.01664152522778,0.9709275209532792,0.0005428760424105,0.0065083702748181,0.0,0.0,0.0,0.003078908129191,0.018942324600301,0.8925107587617473,0.0126775315497758,0.0557657884210817,0.0,0.0,0.0,0.0250872024360284,0.0139587188313666,4.768507968303537,1.5349893334581617,1.0,1.0464432284398348,1.5887352208406715,0.0,0.0,0.0,1.5629368600006897,1.0,5.130843724671824,936.9320241360858,93.30322734807504,302.7106577576344,33.91794976874195
1,270.0,39.40229113951303,0.9700000000000002,0.0006864059068088,0.0070909917215376,0.0,0.0,0.0,0.0033392243364028,0.0188833780352506,302.44,77.16,0.8927390556804655,0.5106569613726416,39.40239113951303,34.20751173931431,923.2987100624042,102.95166106673462,0.9700001565235924,0.0006863785585526,0.007090895931512,0.0,0.0,0.0,0.0033391817297528,0.0188833872565898,0.8837067271170395,0.0157638168686042,0.0599011444105196,0.0,0.0,0.0,0.0268287648952073,0.0137995467086292,4.730673259414632,1.541027525167187,1.0,1.045480916248001,1.5849787708600969,0.0,0.0,0.0,1.5592793233362492,1.0,5.130843724671824,936.9320241360858,93.30322734807504,302.7106577576344,33.91794976874195
1,275.0,39.07913784078968,0.9700000000000002,0.0006864059068088,0.0070909917215376,0.0,0.0,0.0,0.0033392243364028,0.0188833780352506,302.44,77.16,0.9092712604152888,0.5064688678173883,44.0224447230795,39.07903784078968,898.4695635414208,109.31881924667996,0.9749684145859752,3.3482600176607085e-05,0.0008883235659798,0.0,0.0,0.0,0.0004300192196731,0.023679760028195,0.9699992285036344,0.0006865072928645,0.0070919548730333,0.0,0.0,0.0,0.0033396760783289,0.0188826332521387,4.1206469780046895,1.632131216634334,1.0,1.0371286090388792,1.507583281977858,0.0,0.0,0.0,1.500160040455412,1.0,4.11187312512685,904.4335281070778,109.60126774294156,302.7106577576344,38.72523437118672
1,275.0,39.628383049933,0.9700000000000002,0.0006864059068088,0.0070909917215376,0.0,0.0,0.0,0.0033392243364028,0.0188833780352506,302.44,77.16,0.9092712604152888,0.513587131284772,44.0224447230795,39.07903784078968,897.9895539399719,110.62117562532538,0.976507955246808,6.517646639767448e-05,0.001606323556053,0.0,0.0,0.0,0.0007745601914387,0.0210459845393024,0.9634421990670968,0.00131239346348,0.0126176680197377,0.0,0.0,0.0,0.0059235317393583,0.016704207710327,4.074065970471826,1.6408886559231723,1.0,1.0360624174180129,1.5019356089011373,0.0,0.0,0.0,1.495175260982025,1.0,4.11187312512685,904.4335281070778,109.60126774294156,302.7106577576344,38.72523437118672
1,275.0,40.17762825907631,0.9700000000000002,0.0006864059068088,0.0070909917215376,0.0,0.0,0.0,0.0033392243364028,0.0188833780352506,302.44,77.16,0.9092712604152888,0.5207053947521554,44.0224447230795,39.07903784078968,897.1366340141624,111.83898291519198,0.976259631928468,0.0001034474263194,0.0023469169455843,0.0,0.0,0.0,0.0011277754810658,0.0201622282185624,0.9553917615991186,0.0020468687196579,0.0181623416204922,0.0,0.0,0.0,0.0085001303544067,0.0158988977063243,4.031008133819147,1.6491997209502025,1.0,1.0350649887849974,1.4974109743428583,0.0,0.0,0.0,1.4908709266265294,1.0,4.11187312512685,904.4335281070778,109.60126774294156,302.7106577576344,38.72523437118672
1,275.0,40.72687346821962,0.9700000000000002,0.0006864059068088,0.0070909917215376,0.0,0.0,0.0,0.0033392243364028,0.0188833780352506,302.44,77.16,0.9092712604152888,0.5278236582195389,44.0224447230795,39.07903784078968,896.1966112610735,113.0274151747183,0.9755674761601402,0.0001487505637764,0.0030850123990103,0.0,0.0,0.0,0.0014776009313797,0.0197211599456932,0.9471491868157226,0.0028931260521272,0.0235328915134979,0.0,0.0,0.0,0.0109799591009663,0.015444836517686,3.9893600484419336,1.6573720565162746,1.0,1.0341041655116787,1.4932188833636608,0.0,0.0,0.0,1.4867896070978648,1.0,4.11187312512685,904.4335281070778,109.60126774294156,302.7106577576344,38.72523437118672
1,275.0,41.27611867736294,0.9700000000000002,0.0006864059068088,0.0070909917215376,0.0,0.0,0.0,0.0033392243364028,0.0188833780352506,302.44,77.16,0.9092712604152888,0.5349419216869225,44.0224447230795,39.07903784078968,895.2313229416507,114.19473033208106,0.9747109147036556,0.000202519564638,0.0038128400725629,0.0,0.0,0.0,0.0018204355976988,0.0194532900614445,0.9389771891312984,0.0038729451288972,0.0286786206646283,0.0,0.0,0.0,0.0133409116422174,0.0151303334329584,3.948784136760336,1.665450710879538,1.0,1.0331734019863843,1.489208935371302,0.0,0.0,0.0,1.4828475353640658,1.0,4.11187312512685,904.4335281070778,109.60126774294156,302.7106577576344,38.72523437118672
1,275.0,41.825363886506246,0.9700000000000002,0.0006864059068088,0.0070909917215376,0.0,0.0,0.0,0.0033392243364028,0.0188833780352506,302.44,77.16,0.9092712604152888,0.542060185154306,44.0224447230795,39.07903784078968,894.2639226398533,115.34010492669329,0.9737837618871767,0.0002667254218006,0.0045249138308394,0.0,0.0,0.0,0.0021538363196338,0.0192707625405491,0.9309570226077764,0.0050169045419533,0.0335692226622191,0.0,0.0,0.0,0.0155707227550983,0.0148861274329527,3.909273202827785,1.6734289425632043,1.0,1.0322720253443558,1.4853418870705872,0.0,0.0,0.0,1.479027358404123,1.0,4.11187312512685,904.4335281070778,109.60126774294156,302.7106577576344,38.72523437118672
1,275.0,42.37460909564956,0.9700000000000002,0.0006864059068088,0.0070909917215376,0.0,0.0,0.0,0.0033392243364028,0.0188833780352506,302.44,77.16,0.9092712604152888,0.5491784486216895,44.0224447230795,39.07903784078968,893.307445398791,116.45922592992088,0.97282836551897,0.0003438798121653,0.0052156129727808,0.0,0.0,0.0,0.0024753536700513,0.0191367880260323,0.9231193875611204,0.0063638309020875,0.038175695486628,0.0,0.0,0.0,0.0176580192852571,0.0146830667649068,3.870937594769553,1.681278340038262,1.0,1.0314043487226692,1.4816127613452827,0.0,0.0,0.0,1.4753329965598625,1.0,4.11187312512685,904.4335281070778,109.60126774294156,302.7106577576344,38.72523437118672
1,275.0,42.92385430479288,0.9700000000000002,0.0006864059068088,0.0070909917215376,0.0,0.0,0.0,0.0033392243364028,0.0188833780352506,302.44,77.16,0.9092712604152888,0.556296712089073,44.0224447230795,39.07903784078968,892.3719549594368,117.54558132565404,0.9718688083728872,0.0004370689134645,0.0058785156990395,0.0,0.0,0.0,0.0027822191961845,0.019033387818424,0.9154767179198376,0.0079609191305084,0.0424654972884004,0.0,0.0,0.0,0.019590087089817,0.0145067785714363,3.83395581608808,1.688944251651177,1.0,1.0305707942849551,1.4780312893599838,0.0,0.0,0.0,1.47177886818479,1.0,4.11187312512685,904.4335281070778,109.60126774294156,302.7106577576344,38.72523437118672
1,275.0,43.47309951393618,0.9700000000000002,0.0006864059068088,0.0070909917215376,0.0,0.0,0.0,0.0033392243364028,0.0188833780352506,302.44,77.16,0.9092712604152888,0.5634149755564565,44.0224447230795,39.07903784078968,891.4668047299248,118.59098106329196,0.970921709272998,0.0005499155323015,0.0065062686638087,0.0,0.0,0.0,0.0030712878910415,0.0189508186398502,0.908033599216183,0.0098626369566956,0.046401850800691,0.0,0.0,0.0,0.0213525585234924,0.0143493545029377,3.798555045932117,1.6963687261151876,1.0,1.0297770832687048,1.474615656382062,0.0,0.0,0.0,1.4683853251801202,1.0,4.11187312512685,904.4335281070778,109.60126774294156,302.7106577576344,38.72523437118672
1,275.0,44.0223447230795,0.9700000000000002,0.0006864059068088,0.0070909917215376,0.0,0.0,0.0,0.0033392243364028,0.0188833780352506,302.44,77.16,0.9092712604152888,0.5705332390238401,44.0224447230795,39.07903784078968,890.6011794465975,119.5861785417782,0.9700001645544772,0.0006863787054361,0.0070908898281186,0.0,0.0,0.0,0.0033391777557856,0.0188833891561822,0.90079058359529,0.0121269401293237,0.0499460035386295,0.0,0.0,0.0,0.0229304100977873,0.0142060626389691,3.7649859250285513,1.7035010397528063,1.0,1.0290264550416457,1.4713843053176985,0.0,0.0,0.0,1.4651791526478015,1.0,4.11187312512685,904.4335281070778,109.60126774294156,302.7106577576344,38.72523437118672
1,280.0,44.46523848374693,0.9700000000000002,0.0006864059068088,0.0070909917215376,0.0,0.0,0.0,0.0033392243364028,0.0188833780352506,302.44,77.16,0.9258034651501124,0.5762731788977051,49.10390788834364,44.46513848374693,862.1052772335369,129.02311655003808,0.9749792555693368,4.497118693011508e-05,0.0010952005822844,0.0,0.0,0.0,0.0005196326247799,0.0233609400366683,0.9699993311103604,0.0006864920741148,0.0070917971677572,0.0,0.0,0.0,0.0033396031070157,0.0188827765407516,3.151663933072606,1.8330872430298852,1.0,1.0209178779618755,1.3985835529902373,0.0,0.0,0.0,1.404664812556695,1.0,3.1449654870637134,867.6798743518019,129.30886906724652,302.7106577576344,44.02808165538378
1,280.0,44.98063508425768,0.9700000000000002,0.0006864059068088,0.0070909917215376,0.0,0.0,0.0,0.0033392243364028,0.0188833780352506,302.44,77.16,0.9258034651501124,0.5829527615896537,49.10390788834364,44.46513848374693,861.4295796012757,130.36626838701474,0.9761368258224328,7.848156115850978e-05,0.0017831429483592,0.0,0.0,0.0,0.0008447663508528,0.0211567833171965,0.9650353954464505,0.0011782080308966,0.0113849656669198,0.0,0.0,0.0,0.0053572052653109,0.0170442255904222,3.112667764047234,1.843420127974764,1.0,1.0202105073495011,1.3939779066707734,0.0,0.0,0.0,1.4005609374123429,1.0,3.1449654870637134,867.6798743518019,129.30886906724652,302.7106577576344,44.02808165538378
1,280.0,45.49603168476842,0.9700000000000002,0.0006864059068088,0.0070909917215376,0.0,0.0,0.0,0.0033392243364028,0.0188833780352506,302.44,77.16,0.9258034651501124,0.5896323442816022,49.10390788834364,44.46513848374693,860.5041389182978,131.62862086662702,0.975928907136308,0.0001183961860478,0.0024911689119748,0.0,0.0,0.0,0.0011789741838154,0.0202825535818539,0.9589032769533516,0.0017495101879485,0.0157001600906617,0.0,0.0,0.0,0.007382414270673,0.016264638497365,3.0764221605865707,1.8532693977086,1.0,1.0195206681342026,1.390191448243968,0.0,0.0,0.0,1.3969325398990609,1.0,3.1449654870637134,867.6798743518019,129.30886906724652,302.7106577576344,44.02808165538378
1,280.0,46.011428285279166,0.9700000000000002,0.0006864059068088,0.0070909917215376,0.0,0.0,0.0,0.0033392243364028,0.0188833780352506,302.44,77.16,0.9258034651501124,0.5963119269735506,49.10390788834364,44.46513848374693,859.5077274037881,132.86001332684302,0.9753082722024168,0.0001650955467513,0.0031980538638261,0.0,0.0,0.0,0.0015121869230336,0.0198163914639722,0.9525290109365676,0.0024021821993417,0.0199037247810327,0.0,0.0,0.0,0.0093525087819372,0.0158125733011206,3.041395241954143,1.862961039825747,1.0,1.0188487657389576,1.3866905064935753,0.0,0.0,0.0,1.3934851647862547,1.0,3.1449654870637134,867.6798743518019,129.30886906724652,302.7106577576344,44.02808165538378
1,280.0,46.52682488578991,0.9700000000000002,0.0006864059068088,0.0070909917215376,0.0,0.0,0.0,0.0033392243364028,0.0188833780352506,302.44,77.16,0.9258034651501124,0.6029915096654991,49.10390788834364,44.46513848374693,858.4881822534012,134.07062230176547,0.9745187633927572,0.000219779613668,0.0038964707980885,0.0,0.0,0.0,0.0018409586491415,0.0195240275463446,0.9461454787683976,0.0031497229361515,0.0239548459599249,0.0,0.0,0.0,0.0112485587141757,0.0155013936213501,3.00726411806995,1.872558232032081,1.0,1.0181955561554796,1.3833483013517929,0.0,0.0,0.0,1.390150551758548,1.0,3.1449654870637134,867.6798743518019,129.30886906724652,302.7106577576344,44.02808165538378
1,280.0,47.042221486300654,0.9700000000000002,0.0006864059068088,0.0070909917215376,0.0,0.0,0.0,0.0033392243364028,0.0188833780352506,302.44,77.16,0.9258034651501124,0.6096710923574475,49.10390788834364,44.46513848374693,857.4651271547292,135.26132257079652,0.9736499141661116,0.0002841033207948,0.0045816095351778,0.0,0.0,0.0,0.0021630505426256,0.01932132243529,0.9398343441004716,0.0040113392682189,0.0278304272559306,0.0,0.0,0.0,0.0130600156554288,0.0152638737199499,2.973977225670841,1.8820621570701253,1.0,1.0175624114986506,1.3801233448500216,0.0,0.0,0.0,1.386911133641633,1.0,3.1449654870637134,867.6798743518019,129.30886906724652,302.7106577576344,44.02808165538378
1,280.0,47.5576180868114,0.9700000000000002,0.0006864059068088,0.0070909917215376,0.0,0.0,0.0,0.0033392243364028,0.0188833780352506,302.44,77.16,0.9258034651501124,0.616350675049396,49.10390788834364,44.46513848374693,856.4499408336524,136.4293927552809,0.9727435439984752,0.0003601571536046,0.0052489140535515,0.0,0.0,0.0,0.0024763558542846,0.0191710289400838,0.9336302993793244,0.005011311754318,0.0315104336338682,0.0,0.0,0.0,0.0147778119395527,0.0150701432929366,2.9415844477878896,1.8914490008271851,1.0,1.016950947643616,1.3770047121241835,0.0,0.0,0.0,1.3837665075162655,1.0,3.1449654870637134,867.6798743518019,129.30886906724652,302.7106577576344,44.02808165538378
1,280.0,48.07301468732214,0.9700000000000002,0.0006864059068088,0.0070909917215376,0.0,0.0,0.0,0.0033392243364028,0.0188833780352506,302.44,77.16,0.9258034651501124,0.6230302577413446,49.10390788834364,44.46513848374693,855.4513603159671,137.57001339161357,0.9718232721153384,0.0004504916324769,0.005893403043706,0.0,0.0,0.0,0.002778578443385,0.0190542547650933,0.9275498715508684,0.0061790535286991,0.0349737157403488,0.0,0.0,0.0,0.0163923994345502,0.0149049597455332,2.910189984875497,1.9006820852083977,1.0,1.0163632930523807,1.3739942958286218,0.0,0.0,0.0,1.3807257601711431,1.0,3.1449654870637134,867.6798743518019,129.30886906724652,302.7106577576344,44.02808165538378
1,280.0,48.58841128783288,0.9700000000000002,0.0006864059068088,0.0070909917215376,0.0,0.0,0.0,0.0033392243364028,0.0188833780352506,302.44,77.16,0.9258034651501124,0.6297098404332929,49.10390788834364,44.46513848374693,854.477426445558,138.67681232285375,0.9709048303030188,0.0005581109241344,0.006509455694361,0.0,0.0,0.0,0.0030671320284701,0.0189604710500156,0.921601430040544,0.0075487906807247,0.0381968377584733,0.0,0.0,0.0,0.0178932004322267,0.0147597410880312,2.8799334643557093,1.9096981340983912,1.0,1.015800945148175,1.3711041755567923,0.0,0.0,0.0,1.377796794811638,1.0,3.1449654870637134,867.6798743518019,129.30886906724652,302.7106577576344,44.02808165538378
1,280.0,49.10380788834363,0.9700000000000002,0.0006864059068088,0.0070909917215376,0.0,0.0,0.0,0.0033392243364028,0.0188833780352506,302.44,77.16,0.9258034651501124,0.6363894231252415,49.10390788834364,44.46513848374693,853.5361173714886,139.74228224759085,0.9700001732120724,0.0006863788382735,0.0070908828830864,0.0,0.0,0.0,0.0033391734388102,0.0188833916277572,0.9157891548820928,0.0091581489675321,0.0411545782802152,0.0,0.0,0.0,0.0192688386576537,0.0146292792125061,2.8509805789502374,1.9184490334750264,1.0,1.0152671507529047,1.3683420960839945,0.0,0.0,0.0,1.3750018563480058,1.0,3.1449654870637134,867.6798743518019,129.30886906724652,302.7106577576344,44.02808165538378
1,285.0,50.41270040445431,0.9700000000000002,0.0006864059068088,0.0070909917215376,0.0,0.0,0.0,0.0033392243364028,0.0188833780352506,302.44,77.16,0.942335669884936,0.6533527786995115,54.66831899370335,50.4126004044543,819.7951844085699,153.52828068586905,0.9749649092384506,6.193875237763596e-05,0.0013714786610542,0.0,0.0,0.0,0.000640977073347,0.0229606962747705,0.9699994195100192,0.000686478918602,0.0070916604387022,0.0,0.0,0.0,0.003339539811556,0.0188829013211206,2.2443852619827256,2.114452009590613,1.0000000007511896,1.0082978428108804,1.2989697199189456,0.0,0.0,0.0,1.312934608951659,1.000000001100906,2.2410524707626744,824.9746819221486,153.77005765610247,302.7106577576344,49.86436423924916
1,285.0,50.88553580325976,0.9700000000000002,0.0006864059068088,0.0070909917215376,0.0,0.0,0.0,0.0033392243364028,0.0188833780352506,302.44,77.16,0.942335669884936,0.6594807646871405,54.66831899370335,50.4126004044543,818.9120162853052,154.9221111131016,0.9757301371835568,9.737046239596028e-05,0.0020220685202344,0.0,0.0,0.0,0.0009453330807356,0.021205090753077,0.966339915494351,0.0010626481213163,0.0103287304832997,0.0,0.0,0.0,0.0048683054059136,0.0174004004951193,2.213146581162394,2.1264481480562183,1.0,1.0078965519658818,1.2950981540264754,0.0,0.0,0.0,1.3093829620946795,1.0,2.2410524707626744,824.9746819221486,153.77005765610247,302.7106577576344,49.86436423924916
1,285.0,51.35837120206521,0.9700000000000002,0.0006864059068088,0.0070909917215376,0.0,0.0,0.0,0.0033392243364028,0.0188833780352506,302.44,77.16,0.942335669884936,0.6656087506747694,54.66831899370335,50.4126004044543,817.8840863874715,156.24292435922513,0.975532037589503,0.0001388628147471,0.0026891687105009,0.0,0.0,0.0,0.0012581229703303,0.0203818079149185,0.9618440508731576,0.0014936552306533,0.0135806519891221,0.0,0.0,0.0,0.0064074169498616,0.0166742249572052,2.18386779849228,2.138764868622706,1.0,1.0074972750767064,1.2919803916464958,0.0,0.0,0.0,1.306361765732833,1.0,2.2410524707626744,824.9746819221486,153.77005765610247,302.7106577576344,49.86436423924916
1,285.0,51.83120660087065,0.9700000000000002,0.0006864059068088,0.0070909917215376,0.0,0.0,0.0,0.0033392243364028,0.0188833780352506,302.44,77.16,0.942335669884936,0.6717367366623983,54.66831899370335,50.4126004044543,816.8060703639163,157.53223608327278,0.974978255712975,0.0001867524276837,0.0033564589530491,0.0,0.0,0.0,0.0015716893495188,0.0199068435567734,0.9571044209109496,0.0019806987934485,0.0167648545066851,0.0,0.0,0.0,0.0079178134106082,0.0162322123783085,2.155578996996051,2.1519058952657533,1.0000000004436866,1.0071090672165564,1.2893287982917847,0.0,0.0,0.0,1.3037337384483343,1.000000000669037,2.2410524707626744,824.9746819221486,153.77005765610247,302.7106577576344,49.86436423924916
1,285.0,52.3040419996761,0.9700000000000002,0.0006864059068088,0.0070909917215376,0.0,0.0,0.0,0.0033392243364028,0.0188833780352506,302.44,77.16,0.942335669884936,0.6778647226500273,54.66831899370335,50.4126004044543,815.7097132220716,158.8012641091927,0.974261625576202,0.0002419960579001,0.0040174449340169,0.0,0.0,0.0,0.0018829651107445,0.0195959683211364,0.9523070858687552,0.0025314542704492,0.0198513805491346,0.0,0.0,0.0,0.0093851495289602,0.0159249297827005,2.128006169138269,2.1640103271959075,1.0000000004793443,1.006730145155378,1.2865751826432947,0.0,0.0,0.0,1.3009489230179792,1.0000000009395515,2.2410524707626744,824.9746819221486,153.77005765610247,302.7106577576344,49.86436423924916
1,285.0,52.77687739848155,0.9700000000000002,0.0006864059068088,0.0070909917215376,0.0,0.0,0.0,0.0033392243364028,0.0188833780352506,302.44,77.16,0.942335669884936,0.6839927086376563,54.66831899370335,50.4126004044543,814.6097160226698,160.05244446697455,0.9734612023107192,0.0003059117085819,0.0046680088340393,0.0,0.0,0.0,0.0021899861700876,0.0193748909765718,0.9475263423784896,0.0031569625429925,0.022823469325571,0.0,0.0,0.0,0.0108012513307084,0.0156919744222382,2.101076040370448,2.1749314714006265,1.0,1.0063591796694824,1.2836558178708442,0.0,0.0,0.0,1.297960365299642,1.0,2.2410524707626744,824.9746819221486,153.77005765610247,302.7106577576344,49.86436423924916
1,285.0,53.249712797287,0.9700000000000002,0.0006864059068088,0.0070909917215376,0.0,0.0,0.0,0.0033392243364028,0.0188833780352506,302.44,77.16,0.942335669884936,0.6901206946252852,54.66831899370335,50.4126004044543,813.5151368296077,161.28462734830282,0.9726159909454338,0.0003801472194858,0.0053045421980306,0.0,0.0,0.0,0.0024910156444422,0.0192083039926073,0.942797002114312,0.0038711089877818,0.0256678077826466,0.0,0.0,0.0,0.0121595221643831,0.0155045589508762,2.074815277809697,2.1879770343755327,1.0000000003187648,1.0060110504351003,1.281334321779976,0.0,0.0,0.0,1.2955913332429598,1.0000000005952585,2.2410524707626744,824.9746819221486,153.77005765610247,302.7106577576344,49.86436423924916
1,285.0,53.72254819609245,0.9700000000000002,0.0006864059068088,0.0070909917215376,0.0,0.0,0.0,0.0033392243364028,0.0188833780352506,302.44,77.16,0.942335669884936,0.6962486806129141,54.66831899370335,50.4126004044543,812.43306608729,162.49466108466703,0.9717483323520124,0.000466692511833,0.0059233203102622,0.0,0.0,0.0,0.0027842488011932,0.019077406024699,0.938137283218788,0.0046906020592703,0.0283713755273765,0.0,0.0,0.0,0.0134534502034296,0.0153472889911353,2.0492529431038804,2.1997879352573366,1.0000000001799207,1.0056730235017195,1.2788339824616548,0.0,0.0,0.0,1.2930196736188806,1.0000000003104097,2.2410524707626744,824.9746819221486,153.77005765610247,302.7106577576344,49.86436423924916
1,285.0,54.1953835948979,0.9700000000000002,0.0006864059068088,0.0070909917215376,0.0,0.0,0.0,0.0033392243364028,0.0188833780352506,302.44,77.16,0.942335669884936,0.702376666600543,54.66831899370335,50.4126004044543,811.3700425382593,163.67798428074707,0.9708728262304892,0.000567885340351,0.0065202608993303,0.0,0.0,0.0,0.0030676980589988,0.0189713294708305,0.9335575133098696,0.005634909990172,0.0309203058111049,0.0,0.0,0.0,0.0146760659718463,0.0152112049170071,2.024467624263765,2.2114254872730923,1.0000000001346976,1.0053516142089112,1.2764157974691563,0.0,0.0,0.0,1.2905273611466772,1.00000000025688,2.2410524707626744,824.9746819221486,153.77005765610247,302.7106577576344,49.86436423924916
1,285.0,54.66821899370335,0.9700000000000002,0.0006864059068088,0.0070909917215376,0.0,0.0,0.0,0.0033392243364028,0.0188833780352506,302.44,77.16,0.942335669884936,0.708504652588172,54.66831899370335,50.4126004044543,810.3326102618773,164.8289502119212,0.9700001831187464,0.0006863788906801,0.0070908744827097,0.0,0.0,0.0,0.0033391685070854,0.018883395000778,0.9290638617096229,0.0067258529837073,0.0332996949008708,0.0,0.0,0.0,0.0158198507127515,0.0150907396930473,2.000547346666572,2.2215129669530285,1.0,1.0050418065276971,1.2737979747373964,0.0,0.0,0.0,1.2878163568388017,1.0,2.2410524707626744,824.9746819221486,153.77005765610247,302.7106577576344,49.86436423924916
1,290.0,56.98048250252059,0.9700000000000002,0.0006864059068088,0.0070909917215376,0.0,0.0,0.0,0.0033392243364028,0.0188833780352506,302.44,77.16,0.9588678746197592,0.7384717794520553,60.73115463683017,56.98038250252058,768.4257072054035,185.3772088298365,0.9748817317403076,8.903400355939085e-05,0.0017653234195673,0.0,0.0,0.0,0.0008168710283935,0.022447039808172,0.9699994983211656,0.0006864672966712,0.0070915390222107,0.0,0.0,0.0,0.0033394835500047,0.0188830118099476,1.4152741725372575,2.544608182515836,1.0,1.0008211978902102,1.2058222286863909,0.0,0.0,0.0,1.2228598395190835,1.0,1.4167983026644004,773.2637021553837,185.44864903964933,302.7106577576344,56.27641671412855
1,290.0,57.397212739666095,0.9700000000000002,0.0006864059068088,0.0070909917215376,0.0,0.0,0.0,0.0033392243364028,0.0188833780352506,302.44,77.16,0.9588678746197592,0.7438726378909551,60.73115463683017,56.98038250252058,767.3193236209058,186.83552809560425,0.9752580515218594,0.0001263645747428,0.0023659054764209,0.0,0.0,0.0,0.0010964882372697,0.021153190189707,0.9674262677227032,0.0009605371980231,0.0094038460044429,0.0,0.0,0.0,0.0044370078525591,0.0177723412222716,1.3921450434798532,2.5668824995999704,1.0000000006334837,1.0007164742148973,1.2037021345019825,0.0,0.0,0.0,1.2209582784899085,1.000000000822832,1.4167983026644004,773.2637021553837,185.44864903964933,302.7106577576344,56.27641671412855
1,290.0,57.8139429768116,0.9700000000000002,0.0006864059068088,0.0070909917215376,0.0,0.0,0.0,0.0033392243364028,0.0188833780352506,302.44,77.16,0.9588678746197592,0.749273496329855,60.73115463683017,56.98038250252058,766.149365229477,188.23391559981908,0.975036079630486,0.0001691540099992,0.0029784689088112,0.0,0.0,0.0,0.0013829624714674,0.020433334979236,0.9643311324438342,0.0012686509687095,0.0117202567168586,0.0,0.0,0.0,0.0055412922605009,0.0171386676100967,1.370188976968938,2.583851516116721,1.0000000000853808,1.0006046573711966,1.2012360562414748,0.0,0.0,0.0,1.2185257999850572,1.000000000105464,1.4167983026644004,773.2637021553837,185.44864903964933,302.7106577576344,56.27641671412855
1,290.0,58.23067321395711,0.9700000000000002,0.0006864059068088,0.0070909917215376,0.0,0.0,0.0,0.0033392243364028,0.0188833780352506,302.44,77.16,0.9588678746197592,0.7546743547687547,60.73115463683017,56.98038250252058,764.952331764799,189.60273708271663,0.9745419369245708,0.0002177113041651,0.0035922570328147,0.0,0.0,0.0,0.0016712852329735,0.019976809505476,0.9610331377936172,0.0016117203681449,0.0139983249521588,0.0,0.0,0.0,0.0066321322647759,0.0167246846213031,1.3489540273114768,2.600649734961576,1.0000000002020062,1.0005013039914623,1.198925161106434,0.0,0.0,0.0,1.2161881277345703,1.0000000002598664,1.4167983026644004,773.2637021553837,185.44864903964933,302.7106577576344,56.27641671412855
1,290.0,58.64740345110262,0.9700000000000002,0.0006864059068088,0.0070909917215376,0.0,0.0,0.0,0.0033392243364028,0.0188833780352506,302.44,77.16,0.9588678746197592,0.7600752132076545,60.73115463683017,56.98038250252058,763.7440327841917,190.95277163442023,0.9739056358731896,0.0002727418960827,0.0042021734305989,0.0,0.0,0.0,0.0019590510869047,0.0196603977132238,0.9576586530024254,0.0019935352098303,0.0162193155333272,0.0,0.0,0.0,0.0077004084154797,0.0164280878389371,1.3281974456782488,2.611595523424018,1.0,1.0004011455090325,1.1959992764950254,0.0,0.0,0.0,1.2131427294827628,1.0,1.4167983026644004,773.2637021553837,185.44864903964933,302.7106577576344,56.27641671412855
1,290.0,59.06413368824813,0.9700000000000002,0.0006864059068088,0.0070909917215376,0.0,0.0,0.0,0.0033392243364028,0.0188833780352506,302.44,77.16,0.9588678746197592,0.7654760716465544,60.73115463683017,56.98038250252058,762.5331500393445,192.2875971023324,0.9731882903420505,0.0003352038068234,0.0048049447727793,0.0,0.0,0.0,0.0022446835354685,0.0194268775428784,0.9542661815960466,0.00241954482185,0.0183723505991444,0.0,0.0,0.0,0.0087406477797094,0.0162012752032495,1.3079989410388797,2.634079744969321,1.000000000063361,1.0003255302333085,1.1945644252962968,0.0,0.0,0.0,1.2116856785621175,1.0000000000815097,1.4167983026644004,773.2637021553837,185.44864903964933,302.7106577576344,56.27641671412855
1,290.0,59.48086392539364,0.9700000000000002,0.0006864059068088,0.0070909917215376,0.0,0.0,0.0,0.0033392243364028,0.0188833780352506,302.44,77.16,0.9588678746197592,0.7708769300854542,60.73115463683017,56.98038250252058,761.3256771537045,193.60753923812305,0.9724226100512988,0.0004062778276406,0.0053978725750772,0.0,0.0,0.0,0.0025268557338827,0.0192463838121005,0.950886191682904,0.0028965488089177,0.0204492929496292,0.0,0.0,0.0,0.0097486164476396,0.0160193501109092,1.2881987447676118,2.6507497491471725,1.000000000095318,1.00025026876972,1.192476613106952,0.0,0.0,0.0,1.2095102128872963,1.000000000153178,1.4167983026644004,773.2637021553837,185.44864903964933,302.7106577576344,56.27641671412855
1,290.0,59.89759416253915,0.9700000000000002,0.0006864059068088,0.0070909917215376,0.0,0.0,0.0,0.0033392243364028,0.0188833780352506,302.44,77.16,0.9588678746197592,0.7762777885243539,60.73115463683017,56.98038250252058,760.1265996434419,194.91106935469648,0.9716280965586856,0.0004873697462831,0.0059783542459739,0.0,0.0,0.0,0.0028042664297162,0.0191019130193409,0.9475359880556976,0.003432650079824,0.022442846258298,0.0,0.0,0.0,0.0107204209499556,0.0158680946562245,1.2688678736851646,2.6673561310728133,1.0000000000218718,1.0001863362160883,1.1904434956350822,0.0,0.0,0.0,1.2073819314430736,1.000000000075977,1.4167983026644004,773.2637021553837,185.44864903964933,302.7106577576344,56.27641671412855
1,290.0,60.31432439968466,0.9700000000000002,0.0006864059068088,0.0070909917215376,0.0,0.0,0.0,0.0033392243364028,0.0188833780352506,302.44,77.16,0.9588678746197592,0.7816786469632537,60.73115463683017,56.98038250252058,758.9406624970958,196.19543708204787,0.9708175599359072,0.0005801158917723,0.0065436635910432,0.0,0.0,0.0,0.0030755356905945,0.0189831248906824,0.9442261474347212,0.0040372344594216,0.0243456955305472,0.0,0.0,0.0,0.0116520977805479,0.015738824794762,1.2500294657630844,2.68387285028885,1.000000000000214,1.00013233530623,1.1884655297532398,0.0,0.0,0.0,1.205304613559935,1.000000000000132,1.4167983026644004,773.2637021553837,185.44864903964933,302.7106577576344,56.27641671412855
1,290.0,60.731054636830166,0.9700000000000002,0.0006864059068088,0.0070909917215376,0.0,0.0,0.0,0.0033392243364028,0.0188833780352506,302.44,77.16,0.9588678746197592,0.7870795054021535,60.73115463683017,56.98038250252058,757.7727008665332,197.4569329251216,0.9700001954255671,0.0006863787533021,0.0070908634465857,0.0,0.0,0.0,0.0033391624156543,0.0188833999588905,0.9409634812544811,0.0047209000448452,0.0261502074695633,0.0,0.0,0.0,0.0125394687116741,0.0156259425194361,1.2317279866313862,2.700242686351189,1.000000000000337,1.0000881511719777,1.1865448548454327,0.0,0.0,0.0,1.2032826122475972,1.0000000000001423,1.4167983026644004,773.2637021553837,185.44864903964933,302.7106577576344,56.27641671412855
1,295.0,64.25455973920566,0.9700000000000002,0.0006864059068088,0.0070909917215376,0.0,0.0,0.0,0.0033392243364028,0.0188833780352506,302.44,77.16,0.9754000793545828,0.8327444237844176,67.28669952435568,64.25445973920566,701.1471325728457,230.3444110336747,0.9746125205597754,0.0001388594233032,0.002397525048104,0.0,0.0,0.0,0.0011048196186495,0.0217462753501677,0.9699995731513176,0.0006864565774762,0.0070914260610796,0.0,0.0,0.0,0.0033394311111365,0.0188831130989902,0.6928874101422966,3.3642291108735094,1.0000000000007256,1.0000000000000302,1.1191621211909746,0.0,0.0,0.0,1.1350769901475757,1.0000000000010254,0.7007191954812403,705.9625820508377,229.82343987692175,302.7106577576344,63.31231171729296
1,295.0,64.59145304866678,0.9700000000000002,0.0006864059068088,0.0070909917215376,0.0,0.0,0.0,0.0033392243364028,0.0188833780352506,302.44,77.16,0.9754000793545828,0.8371105890184912,67.28669952435568,64.25445973920566,699.7931844916018,231.88824104123455,0.9746271218304872,0.0001774854966157,0.0029218560092471,0.0,0.0,0.0,0.0013493790021073,0.0209241576615425,0.968366521650088,0.000866066287999,0.0085627906439263,0.0,0.0,0.0,0.0040416846113472,0.0181629368066394,0.6783278387113818,3.3922310712325787,1.000000000000829,1.0000000000002516,1.1172299157244077,0.0,0.0,0.0,1.1331573628517588,1.0000000000011398,0.7007191954812403,705.9625820508377,229.82343987692175,302.7106577576344,63.31231171729296
1,295.0,64.92834635812788,0.9700000000000002,0.0006864059068088,0.0070909917215376,0.0,0.0,0.0,0.0033392243364028,0.0188833780352506,302.44,77.16,0.9754000793545828,0.8414767542525646,67.28669952435568,64.25445973920566,698.4263524811083,233.39283241248071,0.9743521658050188,0.0002205307052093,0.0034530893217861,0.0,0.0,0.0,0.0015984592035533,0.0203757549644324,0.9664844609380814,0.0010627248575513,0.0100295718590468,0.0,0.0,0.0,0.0047453582238346,0.0176778841214858,0.6643504549395901,3.419919019208669,1.000000000000621,1.000000000000071,1.1154293472340735,0.0,0.0,0.0,1.131317082060455,1.0000000000008684,0.7007191954812403,705.9625820508377,229.82343987692175,302.7106577576344,63.31231171729296
1,295.0,65.265239667589,0.9700000000000002,0.0006864059068088,0.0070909917215376,0.0,0.0,0.0,0.0033392243364028,0.0188833780352506,302.44,77.16,0.9754000793545828,0.8458429194866381,67.28669952435568,64.25445973920566,697.051873864326,234.87537647217616,0.9739116278633037,0.0002682574044241,0.0039860055154607,0.0,0.0,0.0,0.0018496371023367,0.0199844721144744,0.9644751141849512,0.0012770098216345,0.011476555697807,0.0,0.0,0.0,0.0054431564248757,0.0173281638707313,0.6507721795569715,3.4475806793410078,1.0000000000007447,1.0000000000000715,1.1137097843527768,0.0,0.0,0.0,1.1295276331379804,1.000000000000965,0.7007191954812403,705.9625820508377,229.82343987692175,302.7106577576344,63.31231171729296
1,295.0,65.60213297705012,0.9700000000000002,0.0006864059068088,0.0070909917215376,0.0,0.0,0.0,0.0033392243364028,0.0188833780352506,302.44,77.16,0.9754000793545828,0.8502090847207118,67.28669952435568,64.25445973920566,695.6731016984139,236.34394018566476,0.973369220394762,0.000321109102878,0.0045175584014433,0.0,0.0,0.0,0.0021014769932636,0.0196906351076529,0.9624007517474372,0.0015103297745537,0.0128953489227519,0.0,0.0,0.0,0.0061309530547402,0.0170626165005169,0.6375237821942762,3.475333558789703,1.0000000000009297,1.0000000000001563,1.1120464601919238,0.0,0.0,0.0,1.1277772901389669,1.0000000000009923,0.7007191954812403,705.9625820508377,229.82343987692175,302.7106577576344,63.31231171729296
1,295.0,65.93902628651122,0.9700000000000002,0.0006864059068088,0.0070909917215376,0.0,0.0,0.0,0.0033392243364028,0.0188833780352506,302.44,77.16,0.9754000793545828,0.8545752499547852,67.28669952435568,64.25445973920566,694.2926853696148,237.80230034757733,0.9727606740658566,0.0003796601902899,0.0050456358995834,0.0,0.0,0.0,0.0023529619700973,0.0194610678741725,0.9602960480054632,0.0017646373954307,0.0142805527615266,0.0,0.0,0.0,0.0068060018075338,0.0168527600300457,0.624561579035082,3.503247543909163,1.0000000000007527,1.0000000000002736,1.1104263537588044,0.0,0.0,0.0,1.126057171136616,1.0000000000008766,0.7007191954812403,705.9625820508377,229.82343987692175,302.7106577576344,63.31231171729296
1,295.0,66.27591959597234,0.9700000000000002,0.0006864059068088,0.0070909917215376,0.0,0.0,0.0,0.0033392243364028,0.0188833780352506,302.44,77.16,0.9754000793545828,0.8589414151888588,67.28669952435568,64.25445973920566,692.9129999314996,239.25185828987688,0.9721075822175688,0.000444601158641,0.0055685400380428,0.0,0.0,0.0,0.0026032545263621,0.019276022059385,0.958181660334244,0.0020423343364647,0.0156281918223245,0.0,0.0,0.0,0.0074662003216321,0.0166816131853346,0.6118651927700876,3.531337106040536,1.0000000000007243,1.0000000000003333,1.1088429010701175,0.0,0.0,0.0,1.1243658164357788,1.0000000000008993,0.7007191954812403,705.9625820508377,229.82343987692175,302.7106577576344,63.31231171729296
1,295.0,66.61281290543346,0.9700000000000002,0.0006864059068088,0.0070909917215376,0.0,0.0,0.0,0.0033392243364028,0.0188833780352506,302.44,77.16,0.9754000793545828,0.8633075804229323,67.28669952435568,64.25445973920566,691.5364251701811,240.6926056782056,0.9714238811995072,0.000516735720574,0.0060847288262623,0.0,0.0,0.0,0.0028515766791219,0.0191230775745345,0.956070635579208,0.0023462338869982,0.0169349327583766,0.0,0.0,0.0,0.0081097219941869,0.01653847578123,0.5994312072467463,3.559601917623434,1.0000000002376992,1.0000000001173956,1.1072919657841052,0.0,0.0,0.0,1.122702632730153,1.0000000002695506,0.7007191954812403,705.9625820508377,229.82343987692175,302.7106577576344,63.31231171729296
1,295.0,66.94970621489456,0.9700000000000002,0.0006864059068088,0.0070909917215376,0.0,0.0,0.0,0.0033392243364028,0.0188833780352506,302.44,77.16,0.9754000793545828,0.8676737456570057,67.28669952435568,64.25445973920566,690.1654787153326,242.1235677559634,0.9707191188057392,0.0005969827546559,0.0065926852950608,0.0,0.0,0.0,0.0030971484007868,0.0189940647437571,0.9539716174042334,0.0026795515236203,0.0181977045341589,0.0,0.0,0.0,0.0087348358574976,0.0164162906804896,0.5872636911273517,3.5880304083106296,1.0000000000004938,1.0000000000001088,1.105771505266898,0.0,0.0,0.0,1.121068875616388,1.0000000000006029,0.7007191954812403,705.9625820508377,229.82343987692175,302.7106577576344,63.31231171729296
1,295.0,67.28659952435568,0.9700000000000002,0.0006864059068088,0.0070909917215376,0.0,0.0,0.0,0.0033392243364028,0.0188833780352506,302.44,77.16,0.9754000793545828,0.8720399108910794,67.28669952435568,64.25445973920566,688.8028866859926,243.5430261027738,0.9700002125794828,0.0006863782096689,0.007090847072478,0.0,0.0,0.0,0.0033391538978783,0.018883408240492,0.9518905623211612,0.0030458980960185,0.019413503280289,0.0,0.0,0.0,0.0093398131730251,0.0163102231295061,0.5753713264614144,3.616570741447271,1.0000000002513756,1.0000000000446918,1.1042837552654072,0.0,0.0,0.0,1.1194619930764065,1.0000000002711755,0.7007191954812403,705.9625820508377,229.82343987692175,302.7106577576344,63.31231171729296
2,200.0,2.769129435966955,0.95,0.05,0.0,0.0,0.0,0.0,0.0,0.0,300.83,92.66,0.6648273111059403,0.0298848417436537,230.9901536612257,2.7690294359669547,1221.9077629628275,7.272404875909172,0.9999655435207012,3.445647929884507e-05,0.0,0.0,0.0,0.0,0.0,0.0,0.9499672795087564,0.0500327204912437,0.0,0.0,0.0,0.0,0.0,0.0,22.53310135246444,0.6827427709272961,1.0000000101181254,1.6329203221790776,0.0,0.0,0.0,0.0,0.0,0.0,22.53960113748808,1221.920496490378,7.249541730897533,302.7106577576344,2.6239816647333654
2,200.0,28.127009905440143,0.95,0.05,0.0,0.0,0.0,0.0,0.0,0.0,300.83,92.66,0.6648273111059403,0.3035507220530989,230.9901536612257,2.7690294359669547,1219.7150377932892,11.303399618626672,0.994006124015112,0.0059938759848879,0.0,0.0,0.0,0.0,0.0,0.0,0.1120574398944302,0.8879425601055697,0.0,0.0,0.0,0.0,0.0,0.0,21.44858643750941,0.7350177656960476,1.0000000016108797,1.5437789725446902,0.0,0.0,0.0,0.0,0.0,0.0,22.53960113748808,1221.920496490378,7.249541730897533,302.7106577576344,2.6239816647333654
2,200.0,53.48489037491333,0.95,0.05,0.0,0.0,0.0,0.0,0.0,0.0,300.83,92.66,0.6648273111059403,0.577216602362544,230.9901536612257,2.7690294359669547,1217.5743128351382,15.27478717857846,0.9881547680658548,0.0118452319341451,0.0,0.0,0.0,0.0,0.0,0.0,0.0682429367855742,0.931757063214426,0.0,0.0,0.0,0.0,0.0,0.0,20.46346609746498,0.7814253998405363,1.000000000344791,1.4663818490782792,0.0,0.0,0.0,0.0,0.0,0.0,22.53960113748808,1221.920496490378,7.249541730897533,302.7106577576344,2.6239816647333654
2,200.0,78.84277084438652,0.95,0.05,0.0,0.0,0.0,0.0,0.0,0.0,300.83,92.66,0.6648273111059403,0.8508824826719893,230.9901536612257,2.7690294359669547,1215.484059307371,19.197589013840425,0.9824090243683526,0.0175909756316474,0.0,0.0,0.0,0.0,0.0,0.0,0.0531789517135429,0.9468210482864572,0.0,0.0,0.0,0.0,0.0,0.0,19.56599680856237,0.8219083318449827,1.0000000000311744,1.4019800954246104,0.0,0.0,0.0,0.0,0.0,0.0,22.53960113748808,1221.920496490378,7.249541730897533,302.7106577576344,2.6239816647333654
2,200.0,104.20065131385972,0.95,0.05,0.0,0.0,0.0,0.0,0.0,0.0,300.83,92.66,0.6648273111059403,1.1245483629814343,230.9901536612257,2.7690294359669547,1213.4425957396086,23.077424965895272,0.9767662948382986,0.0232337051617013,0.0,0.0,0.0,0.0,0.0,0.0,0.0459161258610646,0.9540838741389354,0.0,0.0,0.0,0.0,0.0,0.0,18.7443445460574,0.8574750738268159,1.0000000000021942,1.3480432299750091,0.0,0.0,0.0,0.0,0.0,0.0,22.53960113748808,1221.920496490378,7.249541730897533,302.7106577576344,2.6239816647333654
2,200.0,129.55853178333288,0.95,0.05,0.0,0.0,0.0,0.0,0.0,0.0,300.83,92.66,0.6648273111059403,1.3982142432908795,230.9901536612257,2.7690294359669547,1211.4481891648338,26.9165999102121,0.9712239347260576,0.0287760652739422,0.0,0.0,0.0,0.0,0.0,0.0,0.0418871518523828,0.9581128481476172,0.0,0.0,0.0,0.0,0.0,0.0,17.988797084863346,0.8891218125189554,1.0000000000917004,1.3024905058935448,0.0,0.0,0.0,0.0,0.0,0.0,22.53960113748808,1221.920496490378,7.249541730897533,302.7106577576344,2.6239816647333654
2,200.0,154.91641225280608,0.95,0.05,0.0,0.0,0.0,0.0,0.0,0.0,300.83,92.66,0.6648273111059403,1.671880123600325,230.9901536612257,2.7690294359669547,1209.4989567633645,30.71537473126321,0.9657791573424128,0.0342208426575871,0.0,0.0,0.0,0.0,0.0,0.0,0.039508918869865,0.9604910811301348,0.0,0.0,0.0,0.0,0.0,0.0,17.29137403870292,0.9176368909585484,1.000000000264175,1.2637433280425725,0.0,0.0,0.0,0.0,0.0,0.0,22.53960113748808,1221.920496490378,7.249541730897533,302.7106577576344,2.6239816647333654
2,200.0,180.27429272227928,0.95,0.05,0.0,0.0,0.0,0.0,0.0,0.0,300.83,92.66,0.6648273111059403,1.94554600390977,230.9901536612257,2.7690294359669547,1207.592834890884,34.47257220022757,0.9604290047415076,0.0395709952584923,0.0,0.0,0.0,0.0,0.0,0.0,0.0380852822467927,0.9619147177532074,0.0,0.0,0.0,0.0,0.0,0.0,16.645430375003073,0.943581741386582,1.0000000000150144,1.2305122159652029,0.0,0.0,0.0,0.0,0.0,0.0,22.53960113748808,1221.920496490378,7.249541730897533,302.7106577576344,2.6239816647333654
2,200.0,205.63217319175249,0.95,0.05,0.0,0.0,0.0,0.0,0.0,0.0,300.83,92.66,0.6648273111059403,2.2192118842192152,230.9901536612257,2.7690294359669547,1205.7275967961643,38.186085464058806,0.9551703661582271,0.0448296338417727,0.0,0.0,0.0,0.0,0.0,0.0,0.0372608094306763,0.9627391905693238,0.0,0.0,0.0,0.0,0.0,0.0,16.045331212991115,0.967381595886082,1.0,1.20185427041113,0.0,0.0,0.0,0.0,0.0,0.0,22.53960113748808,1221.920496490378,7.249541730897533,302.7106577576344,2.6239816647333654
2,200.0,230.9900536612257,0.95,0.05,0.0,0.0,0.0,0.0,0.0,0.0,300.83,92.66,0.6648273111059403,2.4928777645286604,230.9901536612257,2.7690294359669547,1203.9008940863998,41.8533291854242,0.950000019790586,0.0499999802094139,0.0,0.0,0.0,0.0,0.0,0.0,0.0368342381447634,0.9631657618552364,0.0,0.0,0.0,0.0,0.0,0.0,15.486244943156956,0.9894103052773986,1.0,1.177059720769428,0.0,0.0,0.0,0.0,0.0,0.0,22.53960113748808,1221.920496490378,7.249541730897533,302.7106577576344,2.6239816647333654
2,205.0,3.5421963552298186,0.95,0.05,0.0,0.0,0.0,0.0,0.0,0.0,300.83,92.66,0.6814479938835888,0.0382278907320291,211.02994799979388,3.5420963552298184,1206.259089367465,9.154228217988512,0.9999516063838348,4.839361616526095e-05,0.0,0.0,0.0,0.0,0.0,0.0,0.9499746801342406,0.0500253198657593,0.0,0.0,0.0,0.0,0.0,0.0,21.14979681249453,0.7106369475468867,1.0,1.5603523223881008,0.0,0.0,0.0,0.0,0.0,0.0,21.15779579629945,1206.2779501886548,9.12387059747945,302.7106577576344,3.35468958110042
2,205.0,26.59637987129249,0.95,0.05,0.0,0.0,0.0,0.0,0.0,0.0,300.83,92.66,0.6814479938835888,0.2870319433551964,211.02994799979388,3.5420963552298184,1203.9670705199603,12.938584178265616,0.9940538382775236,0.0059461617224763,0.0,0.0,0.0,0.0,0.0,0.0,0.1493001683238392,0.8506998316761607,0.0,0.0,0.0,0.0,0.0,0.0,20.20516849674438,0.7565055342607814,1.0,1.4890332094860073,0.0,0.0,0.0,0.0,0.0,0.0,21.15779579629945,1206.2779501886548,9.12387059747945,302.7106577576344,3.35468958110042
2,205.0,49.65056338735517,0.95,0.05,0.0,0.0,0.0,0.0,0.0,0.0,300.83,92.66,0.6814479938835888,0.5358359959783636,211.02994799979388,3.5420963552298184,1201.7156424745187,16.684824693585522,0.9882468762577652,0.0117531237422349,0.0,0.0,0.0,0.0,0.0,0.0,0.0911040789599749,0.908895921040025,0.0,0.0,0.0,0.0,0.0,0.0,19.336229395159695,0.7981586701155315,1.0000000001953968,1.425535257905998,0.0,0.0,0.0,0.0,0.0,0.0,21.15779579629945,1206.2779501886548,9.12387059747945,302.7106577576344,3.35468958110042
2,205.0,118.8131139355432,0.95,0.05,0.0,0.0,0.0,0.0,0.0,0.0,300.83,92.66,0.6814479938835888,1.2822481538478654,211.02994799979388,3.5420963552298184,1195.1967939902822,27.756719781877205,0.9713554455886262,0.0286445544113738,0.0,0.0,0.0,0.0,0.0,0.0,0.0542088992054907,0.9457911007945092,0.0,0.0,0.0,0.0,0.0,0.0,17.110002774018145,0.8986983221868116,1.0,1.285280506369529,0.0,0.0,0.0,0.0,0.0,0.0,21.15779579629945,1206.2779501886548,9.12387059747945,302.7106577576344,3.35468958110042
2,205.0,141.86729745160585,0.95,0.05,0.0,0.0,0.0,0.0,0.0,0.0,300.83,92.66,0.6814479938835888,1.5310522064710324,211.02994799979388,3.5420963552298184,1193.0988620186226,31.40175670730559,0.9658956016299006,0.0341043983700994,0.0,0.0,0.0,0.0,0.0,0.0,0.0505892756848533,0.9494107243151468,0.0,0.0,0.0,0.0,0.0,0.0,16.471641231265767,0.9260919974650798,1.0000000000662703,1.2509180893183145,0.0,0.0,0.0,0.0,0.0,0.0,21.15779579629945,1206.2779501886548,9.12387059747945,302.7106577576344,3.35468958110042
2,205.0,164.92148096766854,0.95,0.05,0.0,0.0,0.0,0.0,0.0,0.0,300.83,92.66,0.6814479938835888,1.7798562590941998,211.02994799979388,3.5420963552298184,1191.0364069716495,35.023932574126725,0.9605178625057698,0.0394821374942302,0.0,0.0,0.0,0.0,0.0,0.0,0.0482847347952859,0.9517152652047142,0.0,0.0,0.0,0.0,0.0,0.0,15.876146748266455,0.951218917196448,1.0,1.221085506352993,0.0,0.0,0.0,0.0,0.0,0.0,21.15779579629945,1206.2779501886548,9.12387059747945,302.7106577576344,3.35468958110042
2,205.0,187.9756644837312,0.95,0.05,0.0,0.0,0.0,0.0,0.0,0.0,300.83,92.66,0.6814479938835888,2.028660311717367,211.02994799979388,3.5420963552298184,1189.007985692825,38.621494339099904,0.9552200894335724,0.0447799105664277,0.0,0.0,0.0,0.0,0.0,0.0,0.046811162556424,0.953188837443576,0.0,0.0,0.0,0.0,0.0,0.0,15.319272863457236,0.974471908282154,1.0000000000908726,1.1950384521752233,0.0,0.0,0.0,0.0,0.0,0.0,21.15779579629945,1206.2779501886548,9.12387059747945,302.7106577576344,3.35468958110042
2,205.0,211.02984799979387,0.95,0.05,0.0,0.0,0.0,0.0,0.0,0.0,300.83,92.66,0.6814479938835888,2.277464364340534,211.02994799979388,3.5420963552298184,1187.0120248623978,42.19205898833144,0.9500000220045876,0.0499999779954122,0.0,0.0,0.0,0.0,0.0,0.0,0.0458940273907079,0.9541059726092922,0.0,0.0,0.0,0.0,0.0,0.0,14.797336001146592,0.99609406891298,1.0,1.1722204337545057,0.0,0.0,0.0,0.0,0.0,0.0,21.15779579629945,1206.2779501886548,9.12387059747945,302.7106577576344,3.35468958110042
2,210.0,4.47273061665532,0.95,0.05,0.0,0.0,0.0,0.0,0.0,0.0,300.83,92.66,0.6980686766612373,0.0482703498451901,193.8751524679473,4.47263061665532,1190.266789477534,11.394808049236865,0.9999329648177492,6.703518225093429e-05,0.0,0.0,0.0,0.0,0.0,0.0,0.9499801808410288,0.0500198191589711,0.0,0.0,0.0,0.0,0.0,0.0,19.78415850440781,0.740559778544489,1.0,1.4951457750955226,0.0,0.0,0.0,0.0,0.0,0.0,19.793904820789816,1190.2941504876192,11.354703713715036,302.7106577576344,4.233266563955471
2,210.0,25.51743304457665,0.95,0.05,0.0,0.0,0.0,0.0,0.0,0.0,300.83,92.66,0.6980686766612373,0.2753877945669831,193.8751524679473,4.47263061665532,1187.8855061761644,14.982151630087706,0.9940877836531262,0.0059122163468737,0.0,0.0,0.0,0.0,0.0,0.0,0.1940830290571479,0.805916970942852,0.0,0.0,0.0,0.0,0.0,0.0,18.957772782570505,0.7812246390006834,1.0000000002457865,1.4376429407775706,0.0,0.0,0.0,0.0,0.0,0.0,19.793904820789816,1190.2941504876192,11.354703713715036,302.7106577576344,4.233266563955471
2,210.0,46.56213547249799,0.95,0.05,0.0,0.0,0.0,0.0,0.0,0.0,300.83,92.66,0.6980686766612373,0.502505239288776,193.8751524679473,4.47263061665532,1185.5355655568612,18.551053366573065,0.9883192868518405,0.0116807131481595,0.0,0.0,0.0,0.0,0.0,0.0,0.1195526960238883,0.8804473039761117,0.0,0.0,0.0,0.0,0.0,0.0,18.189433903075503,0.8187814037352915,1.0,1.385602658082196,0.0,0.0,0.0,0.0,0.0,0.0,19.793904820789816,1190.2941504876192,11.354703713715036,302.7106577576344,4.233266563955471
2,210.0,67.60683790041932,0.95,0.05,0.0,0.0,0.0,0.0,0.0,0.0,300.83,92.66,0.6980686766612373,0.729622684010569,193.8751524679473,4.47263061665532,1183.216712553086,22.101243717953725,0.9826266324719248,0.0173733675280751,0.0,0.0,0.0,0.0,0.0,0.0,0.0919135502314679,0.908086449768532,0.0,0.0,0.0,0.0,0.0,0.0,17.475081080630623,0.8529938499400835,1.0,1.3400967326059814,0.0,0.0,0.0,0.0,0.0,0.0,19.793904820789816,1190.2941504876192,11.354703713715036,302.7106577576344,4.233266563955471
2,210.0,88.65154032834066,0.95,0.05,0.0,0.0,0.0,0.0,0.0,0.0,300.83,92.66,0.6980686766612373,0.956740128732362,193.8751524679473,4.47263061665532,1180.9285393144714,25.639340068142754,0.9770088334242468,0.0229911665757533,0.0,0.0,0.0,0.0,0.0,0.0,0.0778789397956049,0.9221210602043952,0.0,0.0,0.0,0.0,0.0,0.0,16.809209992566448,0.8841504243440611,1.0000000003139629,1.3005213574288648,0.0,0.0,0.0,0.0,0.0,0.0,19.793904820789816,1190.2941504876192,11.354703713715036,302.7106577576344,4.233266563955471
2,210.0,109.696242756262,0.95,0.05,0.0,0.0,0.0,0.0,0.0,0.0,300.83,92.66,0.6980686766612373,1.183857573454155,193.8751524679473,4.47263061665532,1178.6705035942002,29.168233499596244,0.9714647751072022,0.0285352248927977,0.0,0.0,0.0,0.0,0.0,0.0,0.0696488429403269,0.9303511570596732,0.0,0.0,0.0,0.0,0.0,0.0,16.186902171214005,0.9126796885785092,1.0,1.2660028674562696,0.0,0.0,0.0,0.0,0.0,0.0,19.793904820789816,1190.2941504876192,11.354703713715036,302.7106577576344,4.233266563955471
2,210.0,130.74094518418332,0.95,0.05,0.0,0.0,0.0,0.0,0.0,0.0,300.83,92.66,0.6980686766612373,1.4109750181759475,193.8751524679473,4.47263061665532,1176.4419625558753,32.68889266510289,0.9659932478559252,0.0340067521440747,0.0,0.0,0.0,0.0,0.0,0.0,0.0644327590764949,0.9355672409235052,0.0,0.0,0.0,0.0,0.0,0.0,15.603913286375194,0.9389699851851744,1.0,1.2357977064262198,0.0,0.0,0.0,0.0,0.0,0.0,19.793904820789816,1190.2941504876192,11.354703713715036,302.7106577576344,4.233266563955471
2,210.0,151.78564761210467,0.95,0.05,0.0,0.0,0.0,0.0,0.0,0.0,300.83,92.66,0.6980686766612373,1.638092462897741,193.8751524679473,4.47263061665532,1174.2421538510018,36.200988410468526,0.9605929292343768,0.0394070707656232,0.0,0.0,0.0,0.0,0.0,0.0,0.0609826240819721,0.9390173759180278,0.0,0.0,0.0,0.0,0.0,0.0,15.056584000287756,0.963326003522095,1.0000000000485514,1.2092324674397692,0.0,0.0,0.0,0.0,0.0,0.0,19.793904820789816,1190.2941504876192,11.354703713715036,302.7106577576344,4.233266563955471
2,210.0,172.830350040026,0.95,0.05,0.0,0.0,0.0,0.0,0.0,0.0,300.83,92.66,0.6980686766612373,1.8652099076195336,193.8751524679473,4.47263061665532,1172.0701853277533,39.70322943685397,0.9552623745856385,0.0447376254143615,0.0,0.0,0.0,0.0,0.0,0.0,0.05865522919702,0.94134477080298,0.0,0.0,0.0,0.0,0.0,0.0,14.541728235130996,0.9860445324683916,1.0000000000078129,1.1857767658542444,0.0,0.0,0.0,0.0,0.0,0.0,19.793904820789816,1190.2941504876192,11.354703713715036,302.7106577576344,4.233266563955471
2,210.0,193.8750524679473,0.95,0.05,0.0,0.0,0.0,0.0,0.0,0.0,300.83,92.66,0.6980686766612373,2.0923273523413264,193.8751524679473,4.47263061665532,1169.9250422411687,43.1936358794811,0.950000024324222,0.0499999756757778,0.0,0.0,0.0,0.0,0.0,0.0,0.0570845627436659,0.942915437256334,0.0,0.0,0.0,0.0,0.0,0.0,14.056539104781454,1.0073122935394423,1.0,1.165034832903376,0.0,0.0,0.0,0.0,0.0,0.0,19.793904820789816,1190.2941504876192,11.354703713715036,302.7106577576344,4.233266563955471
2,215.0,5.581039323861209,0.95,0.05,0.0,0.0,0.0,0.0,0.0,0.0,300.83,92.66,0.7146893594388858,0.0602313762557868,179.04708701101467,5.580939323861209,1173.86953965386,14.04212560974603,0.999908273840192,9.172615980784828e-05,0.0,0.0,0.0,0.0,0.0,0.0,0.9499843266467,0.0500156733533001,0.0,0.0,0.0,0.0,0.0,0.0,18.436436560175277,0.7727786803464305,1.0,1.4362772689370085,0.0,0.0,0.0,0.0,0.0,0.0,18.448205290897207,1173.908539729092,13.989350648063478,302.7106577576344,5.278346606766283
2,215.0,24.855033511322706,0.95,0.05,0.0,0.0,0.0,0.0,0.0,0.0,300.83,92.66,0.7146893594388858,0.2682390838692284,179.04708701101467,5.580939323861209,1171.406743610029,17.472217397790168,0.9941086772750626,0.0058913227249373,0.0,0.0,0.0,0.0,0.0,0.0,0.2460878114684999,0.7539121885315001,0.0,0.0,0.0,0.0,0.0,0.0,17.710852007530487,0.809160596054565,1.0,1.3896107694472506,0.0,0.0,0.0,0.0,0.0,0.0,18.448205290897207,1173.908539729092,13.989350648063478,302.7106577576344,5.278346606766283
2,215.0,44.1290276987842,0.95,0.05,0.0,0.0,0.0,0.0,0.0,0.0,300.83,92.66,0.7146893594388858,0.4762467914826699,179.04708701101467,5.580939323861209,1168.9678206435913,20.90346530823288,0.988374162115848,0.011625837884152,0.0,0.0,0.0,0.0,0.0,0.0,0.1541128700540425,0.8458871299459575,0.0,0.0,0.0,0.0,0.0,0.0,17.030126192617566,0.8432746851687313,1.0,1.3469753494291543,0.0,0.0,0.0,0.0,0.0,0.0,18.448205290897207,1173.908539729092,13.989350648063478,302.7106577576344,5.278346606766283
2,215.0,82.6770160737072,0.95,0.05,0.0,0.0,0.0,0.0,0.0,0.0,300.83,92.66,0.7146893594388858,0.8922622067095531,179.04708701101467,5.580939323861209,1164.1609946515014,27.74559076638619,0.977097913272186,0.0229020867278139,0.0,0.0,0.0,0.0,0.0,0.0,0.0998704496710526,0.9001295503289474,0.0,0.0,0.0,0.0,0.0,0.0,15.792788149076229,0.9040337425792828,1.0000000002516334,1.2752022873258877,0.0,0.0,0.0,0.0,0.0,0.0,18.448205290897207,1173.908539729092,13.989350648063478,302.7106577576344,5.278346606766283
2,215.0,101.95101026116868,0.95,0.05,0.0,0.0,0.0,0.0,0.0,0.0,300.83,92.66,0.7146893594388858,1.1002699143229948,179.04708701101467,5.580939323861209,1161.7929087246382,31.166444841735988,0.9715550574311104,0.0284449425688897,0.0,0.0,0.0,0.0,0.0,0.0,0.0887462584378593,0.9112537415621408,0.0,0.0,0.0,0.0,0.0,0.0,15.229029449671296,0.9311236428096572,1.0,1.245421223938859,0.0,0.0,0.0,0.0,0.0,0.0,18.448205290897207,1173.908539729092,13.989350648063478,302.7106577576344,5.278346606766283
2,215.0,121.2250044486302,0.95,0.05,0.0,0.0,0.0,0.0,0.0,0.0,300.83,92.66,0.7146893594388858,1.3082776219364365,179.04708701101467,5.580939323861209,1159.448011367999,34.58965275991099,0.966074740568126,0.033925259431874,0.0,0.0,0.0,0.0,0.0,0.0,0.0815362045613318,0.9184637954386682,0.0,0.0,0.0,0.0,0.0,0.0,14.697636752182026,0.9563747974740472,1.0,1.2190062629124137,0.0,0.0,0.0,0.0,0.0,0.0,18.448205290897207,1173.908539729092,13.989350648063478,302.7106577576344,5.278346606766283
2,215.0,140.4989986360917,0.95,0.05,0.0,0.0,0.0,0.0,0.0,0.0,300.83,92.66,0.7146893594388858,1.5162853295498782,179.04708701101467,5.580939323861209,1157.1259033795816,38.01534505776789,0.9606561138220392,0.0393438861779607,0.0,0.0,0.0,0.0,0.0,0.0,0.0766385827196544,0.9233614172803456,0.0,0.0,0.0,0.0,0.0,0.0,14.195904317908898,0.9799992559712536,1.0,1.1955275755209485,0.0,0.0,0.0,0.0,0.0,0.0,18.448205290897207,1173.908539729092,13.989350648063478,302.7106577576344,5.278346606766283
2,215.0,159.77299282355318,0.95,0.05,0.0,0.0,0.0,0.0,0.0,0.0,300.83,92.66,0.7146893594388858,1.7242930371633196,179.04708701101467,5.580939323861209,1154.8260762592104,41.44271424238056,0.9552982262903168,0.0447017737096832,0.0,0.0,0.0,0.0,0.0,0.0,0.0732208611049309,0.926779138895069,0.0,0.0,0.0,0.0,0.0,0.0,13.72145581968324,1.002217868111113,1.0000000002284788,1.1746103415650395,0.0,0.0,0.0,0.0,0.0,0.0,18.448205290897207,1173.908539729092,13.989350648063478,302.7106577576344,5.278346606766283
2,215.0,179.04698701101466,0.95,0.05,0.0,0.0,0.0,0.0,0.0,0.0,300.83,92.66,0.7146893594388858,1.932300744776761,179.04708701101467,5.580939323861209,1152.547913857724,44.87024805025487,0.9500000267581712,0.0499999732418288,0.0,0.0,0.0,0.0,0.0,0.0,0.0708066458168213,0.9291933541831786,0.0,0.0,0.0,0.0,0.0,0.0,13.272102506770622,1.0231847920264912,1.0000000001366909,1.1559073988857658,0.0,0.0,0.0,0.0,0.0,0.0,18.448205290897207,1173.908539729092,13.989350648063478,302.7106577576344,5.278346606766283
2,220.0,6.8885354410184965,0.95,0.05,0.0,0.0,0.0,0.0,0.0,0.0,300.83,92.66,0.7313100422165343,0.0743420617420515,166.17853479893557,6.888435441018497,1156.9993344325983,17.14978148042655,0.9998758356525398,0.0001241643474602,0.0,0.0,0.0,0.0,0.0,0.0,0.9499874916473858,0.0500125083526141,0.0,0.0,0.0,0.0,0.0,0.0,17.107044420703467,0.8075563989931176,1.0,1.383042697104603,0.0,0.0,0.0,0.0,0.0,0.0,17.121140165384258,1157.0541060432145,17.08052563899556,302.7106577576344,6.509407158415541
2,220.0,24.587413147453727,0.95,0.05,0.0,0.0,0.0,0.0,0.0,0.0,300.83,92.66,0.7313100422165343,0.265350886547094,166.17853479893557,6.888435441018497,1154.4608933551317,20.45499701697922,0.994116493497796,0.0058835065022041,0.0,0.0,0.0,0.0,0.0,0.0,0.3043382894636773,0.6956617105363228,0.0,0.0,0.0,0.0,0.0,0.0,16.46811847499955,0.8404811469425383,1.0,1.3448721411252484,0.0,0.0,0.0,0.0,0.0,0.0,17.121140165384258,1157.0541060432145,17.08052563899556,302.7106577576344,6.509407158415541
2,220.0,42.28629085388896,0.95,0.05,0.0,0.0,0.0,0.0,0.0,0.0,300.83,92.66,0.7313100422165343,0.4563597113521364,166.17853479893557,6.888435441018497,1151.9403784589028,23.78126750342342,0.9884127072306268,0.0115872927693732,0.0,0.0,0.0,0.0,0.0,0.0,0.1950406380554025,0.8049593619445974,0.0,0.0,0.0,0.0,0.0,0.0,15.864104414027022,0.8716780076088818,1.0,1.3099799827808498,0.0,0.0,0.0,0.0,0.0,0.0,17.121140165384258,1157.0541060432145,17.08052563899556,302.7106577576344,6.509407158415541
2,220.0,59.98516856032419,0.95,0.05,0.0,0.0,0.0,0.0,0.0,0.0,300.83,92.66,0.7313100422165343,0.6473685361571788,166.17853479893557,6.888435441018497,1149.4372044199763,27.107197010083944,0.982763563715792,0.0172364362842078,0.0,0.0,0.0,0.0,0.0,0.0,0.1504536321049676,0.8495463678950324,0.0,0.0,0.0,0.0,0.0,0.0,15.293787262274774,0.9009686015753808,1.0,1.2781763220940292,0.0,0.0,0.0,0.0,0.0,0.0,17.121140165384258,1157.0541060432145,17.08052563899556,302.7106577576344,6.509407158415541
2,220.0,77.68404626675941,0.95,0.05,0.0,0.0,0.0,0.0,0.0,0.0,300.83,92.66,0.7313100422165343,0.8383773609622212,166.17853479893557,6.888435441018497,1146.9516936911727,30.43836277526344,0.9771689821581976,0.0228310178418022,0.0,0.0,0.0,0.0,0.0,0.0,0.1266134137345027,0.8733865862654973,0.0,0.0,0.0,0.0,0.0,0.0,14.754774690601804,0.9284215864496296,1.0,1.2496324106410268,0.0,0.0,0.0,0.0,0.0,0.0,17.121140165384258,1157.0541060432145,17.08052563899556,302.7106577576344,6.509407158415541
2,220.0,95.38292397319464,0.95,0.05,0.0,0.0,0.0,0.0,0.0,0.0,300.83,92.66,0.7313100422165343,1.0293861857672637,166.17853479893557,6.888435441018497,1144.483915378013,33.77831161525639,0.971628649580576,0.028371350419424,0.0,0.0,0.0,0.0,0.0,0.0,0.1120420189173584,0.8879579810826416,0.0,0.0,0.0,0.0,0.0,0.0,14.244645044343589,0.9542145218899188,1.0,1.2240528990847386,0.0,0.0,0.0,0.0,0.0,0.0,17.121140165384258,1157.0541060432145,17.08052563899556,302.7106577576344,6.509407158415541
2,220.0,113.08180167962988,0.95,0.05,0.0,0.0,0.0,0.0,0.0,0.0,300.83,92.66,0.7313100422165343,1.220395010572306,166.17853479893557,6.888435441018497,1142.0338175329284,37.12882861491909,0.966142141855294,0.0338578581447059,0.0,0.0,0.0,0.0,0.0,0.0,0.1024159538370161,0.8975840461629839,0.0,0.0,0.0,0.0,0.0,0.0,13.761168963024913,0.9785027275550008,1.0,1.2011085550923049,0.0,0.0,0.0,0.0,0.0,0.0,17.121140165384258,1157.0541060432145,17.08052563899556,302.7106577576344,6.509407158415541
2,220.0,130.78067938606512,0.95,0.05,0.0,0.0,0.0,0.0,0.0,0.0,300.83,92.66,0.7313100422165343,1.4114038353773486,166.17853479893557,6.888435441018497,1139.6012536714536,40.49048387770214,0.960708947920018,0.0392910520799818,0.0,0.0,0.0,0.0,0.0,0.0,0.0957414826010095,0.9042585173989904,0.0,0.0,0.0,0.0,0.0,0.0,13.30234849710586,1.0014625346670187,1.0000000000610936,1.180501551214113,0.0,0.0,0.0,0.0,0.0,0.0,17.121140165384258,1157.0541060432145,17.08052563899556,302.7106577576344,6.509407158415541
2,220.0,148.47955709250033,0.95,0.05,0.0,0.0,0.0,0.0,0.0,0.0,300.83,92.66,0.7313100422165343,1.602412660182391,166.17853479893557,6.888435441018497,1137.185984624473,43.8629451212247,0.955328471428721,0.044671528571279,0.0,0.0,0.0,0.0,0.0,0.0,0.0909705444097868,0.9090294555902132,0.0,0.0,0.0,0.0,0.0,0.0,12.866393778688666,1.0232286155384422,1.0000000000765814,1.1619731603732544,0.0,0.0,0.0,0.0,0.0,0.0,17.121140165384258,1157.0541060432145,17.08052563899556,302.7106577576344,6.509407158415541
2,220.0,166.17843479893557,0.95,0.05,0.0,0.0,0.0,0.0,0.0,0.0,300.83,92.66,0.7313100422165343,1.7934214849874333,166.17853479893557,6.888435441018497,1134.7876769754776,47.24517719110631,0.9500000293180064,0.0499999706819934,0.0,0.0,0.0,0.0,0.0,0.0,0.0874987054753172,0.9125012945246828,0.0,0.0,0.0,0.0,0.0,0.0,12.451704417642672,1.043936321020723,1.0,1.1452663886444858,0.0,0.0,0.0,0.0,0.0,0.0,17.121140165384258,1157.0541060432145,17.08052563899556,302.7106577576344,6.509407158415541
2,225.0,8.417757350913059,0.95,0.05,0.0,0.0,0.0,0.0,0.0,0.0,300.83,92.66,0.7479307249941828,0.0908456437612028,154.98431615588598,8.417657350913059,1139.579590339789,20.778329781501224,0.999833497429462,0.0001665025705379,0.0,0.0,0.0,0.0,0.0,0.0,0.9499899367362604,0.0500100632637395,0.0,0.0,0.0,0.0,0.0,0.0,15.796566483337209,0.8453253344669677,1.0,1.3347565989158006,0.0,0.0,0.0,0.0,0.0,0.0,15.813326197117547,1139.6555629264626,20.687604017864448,302.7106577576344,7.946729358776584
2,225.0,24.70291944035449,0.95,0.05,0.0,0.0,0.0,0.0,0.0,0.0,300.83,92.66,0.7479307249941828,0.266597447014402,154.98431615588598,8.417657350913059,1136.969751837399,23.98581997058433,0.9941104910571924,0.0058895089428076,0.0,0.0,0.0,0.0,0.0,0.0,0.3672335159376603,0.6327664840623397,0.0,0.0,0.0,0.0,0.0,0.0,15.23269995169514,0.8754048969922835,1.0,1.3032892381635195,0.0,0.0,0.0,0.0,0.0,0.0,15.813326197117547,1139.6555629264626,20.687604017864448,302.7106577576344,7.946729358776584
2,225.0,40.98808152979593,0.95,0.05,0.0,0.0,0.0,0.0,0.0,0.0,300.83,92.66,0.7479307249941828,0.4423492502676012,154.98431615588598,8.417657350913059,1134.3732157061977,27.233663514882508,0.9884352396111866,0.0115647603888133,0.0,0.0,0.0,0.0,0.0,0.0,0.242224306513107,0.757775693486893,0.0,0.0,0.0,0.0,0.0,0.0,14.69625126898607,0.9042182881630986,1.0,1.2747707179105388,0.0,0.0,0.0,0.0,0.0,0.0,15.813326197117547,1139.6555629264626,20.687604017864448,302.7106577576344,7.946729358776584
2,225.0,57.27324361923736,0.95,0.05,0.0,0.0,0.0,0.0,0.0,0.0,300.83,92.66,0.7479307249941828,0.6181010535208004,154.98431615588598,8.417657350913059,1131.7885929598797,30.49034660912276,0.982806201791924,0.017193798208076,0.0,0.0,0.0,0.0,0.0,0.0,0.1882711478698727,0.8117288521301272,0.0,0.0,0.0,0.0,0.0,0.0,14.186500833580864,0.9315864745111204,1.0,1.2483276940723682,0.0,0.0,0.0,0.0,0.0,0.0,15.813326197117547,1139.6555629264626,20.687604017864448,302.7106577576344,7.946729358776584
2,225.0,73.5584057086788,0.95,0.05,0.0,0.0,0.0,0.0,0.0,0.0,300.83,92.66,0.7479307249941828,0.7938528567739996,154.98431615588598,8.417657350913059,1129.2163871647988,33.75880643159677,0.9772235325412916,0.0227764674587083,0.0,0.0,0.0,0.0,0.0,0.0,0.1585701196037479,0.8414298803962521,0.0,0.0,0.0,0.0,0.0,0.0,13.701956378197078,0.9575309940614894,1.0,1.2242184005633767,0.0,0.0,0.0,0.0,0.0,0.0,15.813326197117547,1139.6555629264626,20.687604017864448,302.7106577576344,7.946729358776584
2,225.0,89.84356779812023,0.95,0.05,0.0,0.0,0.0,0.0,0.0,0.0,300.83,92.66,0.7479307249941828,0.9696046600271988,154.98431615588598,8.417657350913059,1126.6568648073649,37.04236734484625,0.9716871748865548,0.0283128251134452,0.0,0.0,0.0,0.0,0.0,0.0,0.1400397014853088,0.8599602985146912,0.0,0.0,0.0,0.0,0.0,0.0,13.240951747871094,0.9821951283932536,1.0000000000364877,1.202343661049236,0.0,0.0,0.0,0.0,0.0,0.0,15.813326197117547,1139.6555629264626,20.687604017864448,302.7106577576344,7.946729358776584
2,225.0,106.12872988756168,0.95,0.05,0.0,0.0,0.0,0.0,0.0,0.0,300.83,92.66,0.7479307249941828,1.145356463280398,154.98431615588598,8.417657350913059,1124.1101550243168,40.3430595080025,0.9661969488190622,0.0338030511809377,0.0,0.0,0.0,0.0,0.0,0.0,0.1275801458731033,0.8724198541268966,0.0,0.0,0.0,0.0,0.0,0.0,12.80189682729985,1.005648058364386,1.0000000000692628,1.1825363177015864,0.0,0.0,0.0,0.0,0.0,0.0,15.813326197117547,1139.6555629264626,20.687604017864448,302.7106577576344,7.946729358776584
2,225.0,122.41389197700312,0.95,0.05,0.0,0.0,0.0,0.0,0.0,0.0,300.83,92.66,0.7479307249941828,1.3211082665335974,154.98431615588598,8.417657350913059,1121.5762921040764,43.66182898647583,0.960752589135584,0.0392474108644159,0.0,0.0,0.0,0.0,0.0,0.0,0.118789528403003,0.881210471596997,0.0,0.0,0.0,0.0,0.0,0.0,12.383330695304837,1.0280139610617147,1.0,1.1645740747775737,0.0,0.0,0.0,0.0,0.0,0.0,15.813326197117547,1139.6555629264626,20.687604017864448,302.7106577576344,7.946729358776584
2,225.0,138.69905406644455,0.95,0.05,0.0,0.0,0.0,0.0,0.0,0.0,300.83,92.66,0.7479307249941828,1.4968600697867964,154.98431615588598,8.417657350913059,1119.05522600662,46.99877439562036,0.955353754688721,0.044646245311279,0.0,0.0,0.0,0.0,0.0,0.0,0.11238702536121,0.88761297463879,0.0,0.0,0.0,0.0,0.0,0.0,11.983925784186122,1.0494132671673733,1.0,1.1482706179988251,0.0,0.0,0.0,0.0,0.0,0.0,15.813326197117547,1139.6555629264626,20.687604017864448,302.7106577576344,7.946729358776584
2,225.0,154.98421615588595,0.95,0.05,0.0,0.0,0.0,0.0,0.0,0.0,300.83,92.66,0.7479307249941828,1.6726118730399957,154.98431615588598,8.417657350913059,1116.5468265510422,50.353319860589366,0.9500000320186144,0.0499999679813854,0.0,0.0,0.0,0.0,0.0,0.0,0.1076264107551915,0.8923735892448085,0.0,0.0,0.0,0.0,0.0,0.0,11.602450943611766,1.0699156452470384,1.0,1.1334622352667452,0.0,0.0,0.0,0.0,0.0,0.0,15.813326197117547,1139.6555629264626,20.687604017864448,302.7106577576344,7.946729358776584
2,230.0,10.192425026433447,0.95,0.05,0.0,0.0,0.0,0.0,0.0,0.0,300.83,92.66,0.7645514077718313,0.1099981116601926,145.24040847801632,10.192325026433448,1121.522701986154,24.997069982797544,0.9997785108370072,0.0002214891629927,0.0,0.0,0.0,0.0,0.0,0.0,0.9499918465731468,0.0500081534268531,0.0,0.0,0.0,0.0,0.0,0.0,14.505771026535673,0.886551164268294,1.0,1.290850687574732,0.0,0.0,0.0,0.0,0.0,0.0,14.52556748614066,1121.6270137216943,24.87830228106012,302.7106577576344,9.61137473881863
2,230.0,25.19774540994265,0.95,0.05,0.0,0.0,0.0,0.0,0.0,0.0,300.83,92.66,0.7645514077718313,0.2719376797964888,145.24040847801632,10.192325026433448,1118.8442709204894,28.130556995337653,0.994089189046136,0.0059108109538638,0.0,0.0,0.0,0.0,0.0,0.0,0.4327095962881107,0.5672904037118892,0.0,0.0,0.0,0.0,0.0,0.0,14.007400983882576,0.9143754717683472,1.0,1.2647456180758423,0.0,0.0,0.0,0.0,0.0,0.0,14.52556748614066,1121.6270137216943,24.87830228106012,302.7106577576344,9.61137473881863
2,230.0,40.20306579345186,0.95,0.05,0.0,0.0,0.0,0.0,0.0,0.0,300.83,92.66,0.7645514077718313,0.4338772479327851,145.24040847801632,10.192325026433448,1116.1756385416502,31.32144106854376,0.9884412151037562,0.0115587848962438,0.0,0.0,0.0,0.0,0.0,0.0,0.2951160723293431,0.7048839276706569,0.0,0.0,0.0,0.0,0.0,0.0,13.530774794318676,0.9412263298917444,1.0000000000019418,1.241416870944042,0.0,0.0,0.0,0.0,0.0,0.0,14.52556748614066,1121.6270137216943,24.87830228106012,302.7106577576344,9.61137473881863
2,230.0,55.20838617696107,0.95,0.05,0.0,0.0,0.0,0.0,0.0,0.0,300.83,92.66,0.7645514077718313,0.5958168160690813,145.24040847801632,10.192325026433448,1113.5142859285495,34.53171563181984,0.9828321579441704,0.0171678420558295,0.0,0.0,0.0,0.0,0.0,0.0,0.231955776028441,0.768044223971559,0.0,0.0,0.0,0.0,0.0,0.0,13.075366478201335,0.9670211768714824,1.0,1.2194998295401709,0.0,0.0,0.0,0.0,0.0,0.0,14.52556748614066,1121.6270137216943,24.87830228106012,302.7106577576344,9.61137473881863
2,230.0,85.21902694397949,0.95,0.05,0.0,0.0,0.0,0.0,0.0,0.0,300.83,92.66,0.7645514077718313,0.9196959523416738,145.24040847801632,10.192325026433448,1108.2153443383766,41.00964750018223,0.97173154907742,0.0282684509225801,0.0,0.0,0.0,0.0,0.0,0.0,0.1731564629833921,0.8268435370166078,0.0,0.0,0.0,0.0,0.0,0.0,12.22429801081034,1.015432400573807,1.0,1.1806495285629062,0.0,0.0,0.0,0.0,0.0,0.0,14.52556748614066,1121.6270137216943,24.87830228106012,302.7106577576344,9.61137473881863
2,230.0,100.22434732748869,0.95,0.05,0.0,0.0,0.0,0.0,0.0,0.0,300.83,92.66,0.7645514077718313,1.08163552047797,145.24040847801632,10.192325026433448,1105.578409548406,44.28168416895215,0.9662401084162048,0.033759891583795,0.0,0.0,0.0,0.0,0.0,0.0,0.1574915182989546,0.8425084817010454,0.0,0.0,0.0,0.0,0.0,0.0,11.826421040696898,1.0382061250999657,1.0,1.1636466197136843,0.0,0.0,0.0,0.0,0.0,0.0,14.52556748614066,1121.6270137216943,24.87830228106012,302.7106577576344,9.61137473881863
2,230.0,115.22966771099792,0.95,0.05,0.0,0.0,0.0,0.0,0.0,0.0,300.83,92.66,0.7645514077718313,1.2435750886142662,145.24040847801632,10.192325026433448,1102.9500827064169,47.57760508581793,0.9607878228401112,0.0392121771598886,0.0,0.0,0.0,0.0,0.0,0.0,0.1462619702763877,0.8537380297236123,0.0,0.0,0.0,0.0,0.0,0.0,11.44555910577636,1.0601237810123452,1.0000000000584626,1.1480842313509183,0.0,0.0,0.0,0.0,0.0,0.0,14.52556748614066,1121.6270137216943,24.87830228106012,302.7106577576344,9.61137473881863
2,230.0,130.23498809450712,0.95,0.05,0.0,0.0,0.0,0.0,0.0,0.0,300.83,92.66,0.7645514077718313,1.4055146567505623,145.24040847801632,10.192325026433448,1100.330450529348,50.89785882682337,0.955374538300468,0.0446254616995318,0.0,0.0,0.0,0.0,0.0,0.0,0.1379517384384994,0.8620482615615005,0.0,0.0,0.0,0.0,0.0,0.0,11.08071235130271,1.0812402460030328,1.0,1.133854044670946,0.0,0.0,0.0,0.0,0.0,0.0,14.52556748614066,1121.6270137216943,24.87830228106012,302.7106577576344,9.61137473881863
2,235.0,12.237543843204058,0.95,0.05,0.0,0.0,0.0,0.0,0.0,0.0,300.83,92.66,0.7811720905494798,0.1320693270365212,136.76886894565047,12.237443843204058,1102.726821296606,29.886473116485615,0.9997073351109402,0.0002926648890597,0.0,0.0,0.0,0.0,0.0,0.0,0.9499933536878746,0.0500066463121254,0.0,0.0,0.0,0.0,0.0,0.0,13.235629476151528,0.9319147410563176,1.0,1.2508256325189564,0.0,0.0,0.0,0.0,0.0,0.0,13.258875583506692,1102.8688895247462,29.73094022392497,302.7106577576344,11.525181126674264
2,235.0,26.07434663236477,0.95,0.05,0.0,0.0,0.0,0.0,0.0,0.0,300.83,92.66,0.7811720905494798,0.2813980858230603,136.76886894565047,12.237443843204058,1099.9812712103353,32.96761328664381,0.994050275147862,0.0059497248521381,0.0,0.0,0.0,0.0,0.0,0.0,0.4985004751671409,0.5014995248328592,0.0,0.0,0.0,0.0,0.0,0.0,12.794824359682275,0.9579757379579428,1.0,1.2290957068277215,0.0,0.0,0.0,0.0,0.0,0.0,13.258875583506692,1102.8688895247462,29.73094022392497,302.7106577576344,11.525181126674264
2,235.0,39.91114942152548,0.95,0.05,0.0,0.0,0.0,0.0,0.0,0.0,300.83,92.66,0.7811720905494798,0.4307268446095994,136.76886894565047,12.237443843204058,1097.2428935954513,36.11928867846992,0.98842920536713,0.0115707946328701,0.0,0.0,0.0,0.0,0.0,0.0,0.3527181606022687,0.6472818393977312,0.0,0.0,0.0,0.0,0.0,0.0,12.371476759179416,0.9832725600917692,1.0,1.2099667398974792,0.0,0.0,0.0,0.0,0.0,0.0,13.258875583506692,1102.8688895247462,29.73094022392497,302.7106577576344,11.525181126674264
2,235.0,53.747952210686186,0.95,0.05,0.0,0.0,0.0,0.0,0.0,0.0,300.83,92.66,0.7811720905494798,0.5800556033961385,136.76886894565047,12.237443843204058,1094.507892697946,39.30221053565632,0.9828407298437218,0.0171592701562781,0.0,0.0,0.0,0.0,0.0,0.0,0.2812401692253402,0.7187598307746598,0.0,0.0,0.0,0.0,0.0,0.0,11.965007977935224,1.00780072183884,1.0,1.1918485460791406,0.0,0.0,0.0,0.0,0.0,0.0,13.258875583506692,1102.8688895247462,29.73094022392497,302.7106577576344,11.525181126674264
2,235.0,67.5847549998469,0.95,0.05,0.0,0.0,0.0,0.0,0.0,0.0,300.83,92.66,0.7811720905494798,0.7293843621826774,136.76886894565047,12.237443843204058,1091.776573117813,42.51079667432474,0.977284927165152,0.022715072834848,0.0,0.0,0.0,0.0,0.0,0.0,0.2391457174181454,0.7608542825818545,0.0,0.0,0.0,0.0,0.0,0.0,11.57488135247596,1.031536080893206,1.0,1.1749278535738503,0.0,0.0,0.0,0.0,0.0,0.0,13.258875583506692,1102.8688895247462,29.73094022392497,302.7106577576344,11.525181126674264
2,235.0,81.42155778900761,0.95,0.05,0.0,0.0,0.0,0.0,0.0,0.0,300.83,92.66,0.7811720905494798,0.8787131209692166,136.76886894565047,12.237443843204058,1089.0493669773098,45.74580488449868,0.9717619859880472,0.0282380140119527,0.0,0.0,0.0,0.0,0.0,0.0,0.2116670481556568,0.7883329518443432,0.0,0.0,0.0,0.0,0.0,0.0,11.200365664393797,1.054507444494953,1.0,1.15922565094374,0.0,0.0,0.0,0.0,0.0,0.0,13.258875583506692,1102.8688895247462,29.73094022392497,302.7106577576344,11.525181126674264
2,235.0,95.25836057816832,0.95,0.05,0.0,0.0,0.0,0.0,0.0,0.0,300.83,92.66,0.7811720905494798,1.0280418797557558,136.76886894565047,12.237443843204058,1086.326613834328,49.00874403077916,0.966272017757047,0.033727982242953,0.0,0.0,0.0,0.0,0.0,0.0,0.1925219825719187,0.8074780174280813,0.0,0.0,0.0,0.0,0.0,0.0,10.840698965087036,1.0767856012991246,1.0,1.1447125261936664,0.0,0.0,0.0,0.0,0.0,0.0,13.258875583506692,1102.8688895247462,29.73094022392497,302.7106577576344,11.525181126674264
2,235.0,109.09516336732904,0.95,0.05,0.0,0.0,0.0,0.0,0.0,0.0,300.83,92.66,0.7811720905494798,1.1773706385422948,136.76886894565047,12.237443843204058,1083.6085675031702,52.30079289080896,0.9608150619703818,0.0391849380296181,0.0,0.0,0.0,0.0,0.0,0.0,0.1785827315577196,0.8214172684422804,0.0,0.0,0.0,0.0,0.0,0.0,10.495135534145843,1.0983869760468132,1.0,1.1313335335019985,0.0,0.0,0.0,0.0,0.0,0.0,13.258875583506692,1102.8688895247462,29.73094022392497,302.7106577576344,11.525181126674264
2,235.0,122.93196615648976,0.95,0.05,0.0,0.0,0.0,0.0,0.0,0.0,300.83,92.66,0.7811720905494798,1.326699397328834,136.76886894565047,12.237443843204058,1080.8954072144677,55.62260929920842,0.955391095249108,0.0446089047508921,0.0,0.0,0.0,0.0,0.0,0.0,0.1681157306140008,0.8318842693859992,0.0,0.0,0.0,0.0,0.0,0.0,10.162962591160804,1.1193857137111516,1.0,1.1190012266950735,0.0,0.0,0.0,0.0,0.0,0.0,13.258875583506692,1102.8688895247462,29.73094022392497,302.7106577576344,11.525181126674264
2,235.0,136.76876894565046,0.95,0.05,0.0,0.0,0.0,0.0,0.0,0.0,300.83,92.66,0.7811720905494798,1.476028156115373,136.76886894565047,12.237443843204058,1078.1872466568311,58.97434236902155,0.950000038701249,0.0499999612987509,0.0,0.0,0.0,0.0,0.0,0.0,0.1600819670378765,0.8399180329621234,0.0,0.0,0.0,0.0,0.0,0.0,9.843517732571542,1.1398112897839854,1.0,1.1076361493481002,0.0,0.0,0.0,0.0,0.0,0.0,13.258875583506692,1102.8688895247462,29.73094022392497,302.7106577576344,11.525181126674264
2,240.0,14.579571715908804,0.95,0.05,0.0,0.0,0.0,0.0,0.0,0.0,300.83,92.66,0.7977927733271283,0.1573448274973969,129.4267602168825,14.579471715908804,1083.0715143648424,35.54151350895099,0.9996153549499636,0.0003846450500362,0.0,0.0,0.0,0.0,0.0,0.0,0.9499945544432262,0.0500054455567737,0.0,0.0,0.0,0.0,0.0,0.0,11.987344357260774,0.9822655383736716,1.0,1.214309362078544,0.0,0.0,0.0,0.0,0.0,0.0,12.014498351825988,1083.263844328595,35.3375257790447,302.7106577576344,13.710780754884407
2,240.0,27.340359327128105,0.95,0.05,0.0,0.0,0.0,0.0,0.0,0.0,300.83,92.66,0.7977927733271283,0.2950610762694594,129.4267602168825,14.579471715908804,1080.2590355315183,38.590822351957065,0.9939904194592776,0.0060095805407225,0.0,0.0,0.0,0.0,0.0,0.0,0.5624322791040949,0.4375677208959051,0.0,0.0,0.0,0.0,0.0,0.0,11.597504176592166,1.0069656355117758,1.0,1.196143844330846,0.0,0.0,0.0,0.0,0.0,0.0,12.014498351825988,1083.263844328595,35.3375257790447,302.7106577576344,13.710780754884407
2,240.0,40.101146938347405,0.95,0.05,0.0,0.0,0.0,0.0,0.0,0.0,300.83,92.66,0.7977927733271283,0.4327773250415218,129.4267602168825,14.579471715908804,1077.4516912012095,41.71892444189346,0.9883968044238532,0.0116031955761468,0.0,0.0,0.0,0.0,0.0,0.0,0.4136380023982043,0.5863619976017959,0.0,0.0,0.0,0.0,0.0,0.0,11.221834744153748,1.031113202616303,1.0,1.180416032233336,0.0,0.0,0.0,0.0,0.0,0.0,12.014498351825988,1083.263844328595,35.3375257790447,302.7106577576344,13.710780754884407
2,240.0,52.86193454956671,0.95,0.05,0.0,0.0,0.0,0.0,0.0,0.0,300.83,92.66,0.7977927733271283,0.5704935738135842,129.4267602168825,14.579471715908804,1074.6444848566073,44.890518008269744,0.9828302814601912,0.0171697185398088,0.0,0.0,0.0,0.0,0.0,0.0,0.3354914451394241,0.6645085548605759,0.0,0.0,0.0,0.0,0.0,0.0,10.859669658310745,1.054711097770111,1.0,1.1655082239936494,0.0,0.0,0.0,0.0,0.0,0.0,12.014498351825988,1083.263844328595,35.3375257790447,302.7106577576344,13.710780754884407
2,240.0,65.62272216078601,0.95,0.05,0.0,0.0,0.0,0.0,0.0,0.0,300.83,92.66,0.7977927733271283,0.7082098225856466,129.4267602168825,14.579471715908804,1071.8373050142152,48.09619272968124,0.9772906208499342,0.0227093791500657,0.0,0.0,0.0,0.0,0.0,0.0,0.2876708927067316,0.7123291072932684,0.0,0.0,0.0,0.0,0.0,0.0,10.510659964954032,1.07774531482631,1.0,1.1514343260241282,0.0,0.0,0.0,0.0,0.0,0.0,12.014498351825988,1083.263844328595,35.3375257790447,302.7106577576344,13.710780754884407
2,240.0,78.38350977200531,0.95,0.05,0.0,0.0,0.0,0.0,0.0,0.0,300.83,92.66,0.7977927733271283,0.845926071357709,129.4267602168825,14.579471715908804,1069.0305073011475,51.33462430915264,0.9717779779930406,0.0282220220069594,0.0,0.0,0.0,0.0,0.0,0.0,0.2556467328133425,0.7443532671866575,0.0,0.0,0.0,0.0,0.0,0.0,10.174343506413514,1.100227334151476,1.0,1.1382550471191344,0.0,0.0,0.0,0.0,0.0,0.0,12.014498351825988,1083.263844328595,35.3375257790447,302.7106577576344,13.710780754884407
2,240.0,91.1442973832246,0.95,0.05,0.0,0.0,0.0,0.0,0.0,0.0,300.83,92.66,0.7977927733271283,0.9836423201297714,129.4267602168825,14.579471715908804,1066.2244488277552,54.60643839013253,0.966292511517592,0.033707488482408,0.0,0.0,0.0,0.0,0.0,0.0,0.2329021866278175,0.7670978133721825,0.0,0.0,0.0,0.0,0.0,0.0,9.85021119414329,1.1222045454966056,1.0,1.1259728211143516,0.0,0.0,0.0,0.0,0.0,0.0,12.014498351825988,1083.263844328595,35.3375257790447,302.7106577576344,13.710780754884407
2,240.0,103.90508499444392,0.95,0.05,0.0,0.0,0.0,0.0,0.0,0.0,300.83,92.66,0.7977927733271283,1.1213585689018335,129.4267602168825,14.579471715908804,1063.4194276738438,57.91253365611914,0.9608343331167616,0.0391656668832384,0.0,0.0,0.0,0.0,0.0,0.0,0.2160775513569306,0.7839224486430694,0.0,0.0,0.0,0.0,0.0,0.0,9.537744350035036,1.1436856951083088,1.0,1.1145559844040598,0.0,0.0,0.0,0.0,0.0,0.0,12.014498351825988,1083.263844328595,35.3375257790447,302.7106577576344,13.710780754884407
2,240.0,116.6658726056632,0.95,0.05,0.0,0.0,0.0,0.0,0.0,0.0,300.83,92.66,0.7977927733271283,1.2590748176738962,129.4267602168825,14.579471715908804,1060.6156803238182,61.25359469119783,0.9554035049916516,0.0445964950083483,0.0,0.0,0.0,0.0,0.0,0.0,0.2032639160453905,0.7967360839546095,0.0,0.0,0.0,0.0,0.0,0.0,9.236437947118956,1.1647095272863646,1.0,1.1039573934365543,0.0,0.0,0.0,0.0,0.0,0.0,12.014498351825988,1083.263844328595,35.3375257790447,302.7106577576344,13.710780754884407
2,240.0,129.4266602168825,0.95,0.05,0.0,0.0,0.0,0.0,0.0,0.0,300.83,92.66,0.7977927733271283,1.3967910664459584,129.4267602168825,14.579471715908804,1057.8133848358905,64.62995371757512,0.9500000420693926,0.0499999579306074,0.0,0.0,0.0,0.0,0.0,0.0,0.193295667805034,0.8067043321949661,0.0,0.0,0.0,0.0,0.0,0.0,8.945816753077985,1.1853249143260556,1.000000000022087,1.0941337995887064,0.0,0.0,0.0,0.0,0.0,0.0,12.014498351825988,1083.263844328595,35.3375257790447,302.7106577576344,13.710780754884407
2,245.0,17.24667318942905,0.95,0.05,0.0,0.0,0.0,0.0,0.0,0.0,300.83,92.66,0.8144134561047768,0.1861285688477126,123.0978685654898,17.24657318942905,1062.411759369333,42.07633284168822,0.9994964663478229,0.000503533652177,0.0,0.0,0.0,0.0,0.0,0.0,0.9499955197664994,0.0500044802335005,0.0,0.0,0.0,0.0,0.0,0.0,10.762387571718058,1.0386471227574476,1.0,1.1809240325918184,0.0,0.0,0.0,0.0,0.0,0.0,10.793959502416731,1062.6711211462375,41.80803719266337,302.7106577576344,16.191644196077288
2,245.0,29.007906008991355,0.95,0.05,0.0,0.0,0.0,0.0,0.0,0.0,300.83,92.66,0.8144134561047768,0.3130574790523565,123.0978685654898,17.24657318942905,1059.5312324916747,45.11377330590652,0.9939049536374014,0.0060950463625986,0.0,0.0,0.0,0.0,0.0,0.0,0.6226760669852218,0.3773239330147781,0.0,0.0,0.0,0.0,0.0,0.0,10.418010779936203,1.0624213584751652,1.0,1.1657531119381288,0.0,0.0,0.0,0.0,0.0,0.0,10.793959502416731,1062.6711211462375,41.80803719266337,302.7106577576344,16.191644196077288
2,245.0,40.76913882855367,0.95,0.05,0.0,0.0,0.0,0.0,0.0,0.0,300.83,92.66,0.8144134561047768,0.4399863892570005,123.0978685654898,17.24657318942905,1056.6540716737163,48.23341021209823,0.9883404215581132,0.0116595784418868,0.0,0.0,0.0,0.0,0.0,0.0,0.4762111543708572,0.5237888456291429,0.0,0.0,0.0,0.0,0.0,0.0,10.085250060448953,1.0857881685655186,1.0,1.1527883463959707,0.0,0.0,0.0,0.0,0.0,0.0,10.793959502416731,1062.6711211462375,41.80803719266337,302.7106577576344,16.191644196077288
2,245.0,52.53037164811596,0.95,0.05,0.0,0.0,0.0,0.0,0.0,0.0,300.83,92.66,0.8144134561047768,0.5669152994616443,123.0978685654898,17.24657318942905,1053.7743631970045,51.407811517273934,0.9827981122092004,0.0172018877907996,0.0,0.0,0.0,0.0,0.0,0.0,0.3937169547184367,0.6062830452815632,0.0,0.0,0.0,0.0,0.0,0.0,9.763362140522904,1.1087826669793808,1.0,1.140532156281289,0.0,0.0,0.0,0.0,0.0,0.0,10.793959502416731,1062.6711211462375,41.80803719266337,302.7106577576344,16.191644196077288
2,245.0,64.29160446767827,0.95,0.05,0.0,0.0,0.0,0.0,0.0,0.0,300.83,92.66,0.8144134561047768,0.6938442096662882,123.0978685654898,17.24657318942905,1050.8914216853957,54.62551676787088,0.9772773790800056,0.0227226209199944,0.0,0.0,0.0,0.0,0.0,0.0,0.3411264792687753,0.6588735207312247,0.0,0.0,0.0,0.0,0.0,0.0,9.452080343531074,1.131419039395265,1.0,1.12889568667233,0.0,0.0,0.0,0.0,0.0,0.0,10.793959502416731,1062.6711211462375,41.80803719266337,302.7106577576344,16.191644196077288
2,245.0,76.05283728724058,0.95,0.05,0.0,0.0,0.0,0.0,0.0,0.0,300.83,92.66,0.8144134561047768,0.8207731198709323,123.0978685654898,17.24657318942905,1048.0054001959086,57.88321141355893,0.9717782383568097,0.0282217616431903,0.0,0.0,0.0,0.0,0.0,0.0,0.3049209601269964,0.6950790398730036,0.0,0.0,0.0,0.0,0.0,0.0,9.151105247706086,1.1536797314788934,1.0,1.1179208354895938,0.0,0.0,0.0,0.0,0.0,0.0,10.793959502416731,1062.6711211462375,41.80803719266337,302.7106577576344,16.191644196077288
2,245.0,87.81407010680287,0.95,0.05,0.0,0.0,0.0,0.0,0.0,0.0,300.83,92.66,0.8144134561047768,0.947702030075576,123.0978685654898,17.24657318942905,1045.116593514354,61.18039480300927,0.9663008204846676,0.0336991795153324,0.0,0.0,0.0,0.0,0.0,0.0,0.2786709999455211,0.7213290000544789,0.0,0.0,0.0,0.0,0.0,0.0,8.860104967376579,1.1755947755517249,1.0,1.10761152069565,0.0,0.0,0.0,0.0,0.0,0.0,10.793959502416731,1062.6711211462375,41.80803719266337,302.7106577576344,16.191644196077288
2,245.0,99.57530292636518,0.95,0.05,0.0,0.0,0.0,0.0,0.0,0.0,300.83,92.66,0.8144134561047768,1.07463094028022,123.0978685654898,17.24657318942905,1042.2252915163776,64.51743566676143,0.9608452541775658,0.0391547458224341,0.0,0.0,0.0,0.0,0.0,0.0,0.2589276896275377,0.7410723103724622,0.0,0.0,0.0,0.0,0.0,0.0,8.578724897894663,1.197184819404476,1.0,1.097957752637972,0.0,0.0,0.0,0.0,0.0,0.0,10.793959502416731,1062.6711211462375,41.80803719266337,302.7106577576344,16.191644196077288
2,245.0,111.33653574592748,0.95,0.05,0.0,0.0,0.0,0.0,0.0,0.0,300.83,92.66,0.8144134561047768,1.201559850484864,123.0978685654898,17.24657318942905,1039.331746731128,67.89484702847042,0.9554116403920228,0.0445883596079771,0.0,0.0,0.0,0.0,0.0,0.0,0.2436742047171664,0.7563257952828335,0.0,0.0,0.0,0.0,0.0,0.0,8.306623687400219,1.2184683674129817,1.0,1.0889439266173446,0.0,0.0,0.0,0.0,0.0,0.0,10.793959502416731,1062.6711211462375,41.80803719266337,302.7106577576344,16.191644196077288
2,245.0,123.0977685654898,0.95,0.05,0.0,0.0,0.0,0.0,0.0,0.0,300.83,92.66,0.8144134561047768,1.328488760689508,123.0978685654898,17.24657318942905,1036.4361664847256,71.31300468460503,0.9500000457161272,0.0499999542838726,0.0,0.0,0.0,0.0,0.0,0.0,0.2316518302505155,0.7683481697494845,0.0,0.0,0.0,0.0,0.0,0.0,8.043438161756002,1.2394758041336218,1.0,1.0805383577668053,0.0,0.0,0.0,0.0,0.0,0.0,10.793959502416731,1062.6711211462375,41.80803719266337,302.7106577576344,16.191644196077288
2,250.0,20.26909783866455,0.95,0.05,0.0,0.0,0.0,0.0,0.0,0.0,300.83,92.66,0.8310341388824254,0.2187470088351451,117.68636585320668,20.26899783866455,1040.5694244157137,49.630929487551285,0.999342451227888,0.0006575487721119,0.0,0.0,0.0,0.0,0.0,0.0,0.949996302479558,0.050003697520442,0.0,0.0,0.0,0.0,0.0,0.0,9.56255513219648,1.1025499359527722,1.0,1.1503937985174706,0.0,0.0,0.0,0.0,0.0,0.0,9.599114364051816,1040.9186176418627,49.27650279185157,302.7106577576344,18.99215487266697
2,250.0,31.09322761805812,0.95,0.05,0.0,0.0,0.0,0.0,0.0,0.0,300.83,92.66,0.8310341388824254,0.3355625687249958,117.68636585320668,20.26899783866455,1037.6182981179602,52.67632575542215,0.9937873495578934,0.0062126504421066,0.0,0.0,0.0,0.0,0.0,0.0,0.6779044247085769,0.3220955752914231,0.0,0.0,0.0,0.0,0.0,0.0,9.259056277131489,1.1258077817574474,1.0,1.1377725174774536,0.0,0.0,0.0,0.0,0.0,0.0,9.599114364051816,1040.9186176418627,49.27650279185157,302.7106577576344,18.99215487266697
2,250.0,41.91735739745168,0.95,0.05,0.0,0.0,0.0,0.0,0.0,0.0,300.83,92.66,0.8310341388824254,0.4523781286148465,117.68636585320668,20.26899783866455,1034.6687179566309,55.80340360574888,0.9882548922783078,0.0117451077216922,0.0,0.0,0.0,0.0,0.0,0.0,0.5386718509054886,0.4613281490945112,0.0,0.0,0.0,0.0,0.0,0.0,8.965140885564981,1.1487788085150834,1.0,1.1270619258271914,0.0,0.0,0.0,0.0,0.0,0.0,9.599114364051816,1040.9186176418627,49.27650279185157,302.7106577576344,18.99215487266697
2,250.0,52.74148717684525,0.95,0.05,0.0,0.0,0.0,0.0,0.0,0.0,300.83,92.66,0.8310341388824254,0.5691936885046973,117.68636585320668,20.26899783866455,1031.714273594354,58.99432384447593,0.982740182577349,0.017259817422651,0.0,0.0,0.0,0.0,0.0,0.0,0.4546202109202937,0.5453797890797063,0.0,0.0,0.0,0.0,0.0,0.0,8.680046803642075,1.1715337677339277,1.0,1.1169997340081448,0.0,0.0,0.0,0.0,0.0,0.0,9.599114364051816,1040.9186176418627,49.27650279185157,302.7106577576344,18.99215487266697
2,250.0,63.56561695623882,0.95,0.05,0.0,0.0,0.0,0.0,0.0,0.0,300.83,92.66,0.8310341388824254,0.686009248394548,117.68636585320668,20.26899783866455,1028.7536447194989,62.23784674652413,0.977242142985398,0.022757857014602,0.0,0.0,0.0,0.0,0.0,0.0,0.3986911928419981,0.6013088071580018,0.0,0.0,0.0,0.0,0.0,0.0,8.403525551145576,1.1940755792021371,1.0,1.1074421238990737,0.0,0.0,0.0,0.0,0.0,0.0,9.599114364051816,1040.9186176418627,49.27650279185157,302.7106577576344,18.99215487266697
2,250.0,74.38974673563239,0.95,0.05,0.0,0.0,0.0,0.0,0.0,0.0,300.83,92.66,0.8310341388824254,0.8028248082843987,117.68636585320668,20.26899783866455,1025.7866682962251,65.52935335064625,0.9717605681568606,0.0282394318431393,0.0,0.0,0.0,0.0,0.0,0.0,0.3590305817690684,0.6409694182309317,0.0,0.0,0.0,0.0,0.0,0.0,8.135372056702762,1.2164223763385131,1.0,1.098374434807185,0.0,0.0,0.0,0.0,0.0,0.0,9.599114364051816,1040.9186176418627,49.27650279185157,302.7106577576344,18.99215487266697
2,250.0,85.21387651502596,0.95,0.05,0.0,0.0,0.0,0.0,0.0,0.0,300.83,92.66,0.8310341388824254,0.9196403681742495,117.68636585320668,20.26899783866455,1022.8134869683928,68.86728849006681,0.9662954855786092,0.0337045144213909,0.0,0.0,0.0,0.0,0.0,0.0,0.3296311739107675,0.6703688260892324,0.0,0.0,0.0,0.0,0.0,0.0,7.875361830552882,1.2385721248256212,1.0,1.0898043871968406,0.0,0.0,0.0,0.0,0.0,0.0,9.599114364051816,1040.9186176418627,49.27650279185157,302.7106577576344,18.99215487266697
2,250.0,96.03800629441952,0.95,0.05,0.0,0.0,0.0,0.0,0.0,0.0,300.83,92.66,0.8310341388824254,1.0364559280641,117.68636585320668,20.26899783866455,1019.8343171253664,72.2513830079036,0.9608469809029848,0.0391530190970153,0.0,0.0,0.0,0.0,0.0,0.0,0.3071243474930364,0.6928756525069636,0.0,0.0,0.0,0.0,0.0,0.0,7.623273187931487,1.2605429438718312,1.0,1.0817344949469665,0.0,0.0,0.0,0.0,0.0,0.0,9.599114364051816,1040.9186176418627,49.27650279185157,302.7106577576344,18.99215487266697
2,250.0,106.86213607381308,0.95,0.05,0.0,0.0,0.0,0.0,0.0,0.0,300.83,92.66,0.8310341388824254,1.153271487953951,117.68636585320668,20.26899783866455,1016.8493781325836,75.68183506729933,0.9554151443133124,0.0445848556866874,0.0,0.0,0.0,0.0,0.0,0.0,0.2894744725153605,0.7105255274846395,0.0,0.0,0.0,0.0,0.0,0.0,7.378861401011362,1.2823625501176736,1.0,1.0741553829075754,0.0,0.0,0.0,0.0,0.0,0.0,9.599114364051816,1040.9186176418627,49.27650279185157,302.7106577576344,18.99215487266697
2,250.0,117.68626585320666,0.95,0.05,0.0,0.0,0.0,0.0,0.0,0.0,300.83,92.66,0.8310341388824254,1.2700870478438018,117.68636585320668,20.26899783866455,1013.8588652327638,79.15893622798366,0.95000004970069,0.0499999502993099,0.0,0.0,0.0,0.0,0.0,0.0,0.275378561623557,0.724621438376443,0.0,0.0,0.0,0.0,0.0,0.0,7.141894918290857,1.3040143352107785,1.0,1.0670549742581756,0.0,0.0,0.0,0.0,0.0,0.0,9.599114364051816,1040.9186176418627,49.27650279185157,302.7106577576344,18.99215487266697
2,255.0,23.67974474507937,0.95,0.05,0.0,0.0,0.0,0.0,0.0,0.0,300.83,92.66,0.8476548216600739,0.2555551990619401,113.1117727502116,23.67964474507937,1017.3207902300386,58.38104020157728,0.9991420018081796,0.0008579981918203,0.0,0.0,0.0,0.0,0.0,0.0,0.9499969423703638,0.0500030576296361,0.0,0.0,0.0,0.0,0.0,0.0,8.390042807384132,1.1759567504260546,1.0,1.1224959987924994,0.0,0.0,0.0,0.0,0.0,0.0,8.432227805466914,1017.7913832278248,57.90987351738985,302.7106577576344,22.13772066860631
2,255.0,33.61662563453851,0.95,0.05,0.0,0.0,0.0,0.0,0.0,0.0,300.83,92.66,0.8476548216600739,0.3627954417714063,113.1117727502116,23.67964474507937,1014.2948279750784,61.45448492398834,0.993628380559389,0.006371619440611,0.0,0.0,0.0,0.0,0.0,0.0,0.7273357250336344,0.2726642749663654,0.0,0.0,0.0,0.0,0.0,0.0,8.123608865953203,1.1991191715252996,1.0,1.112075022746432,0.0,0.0,0.0,0.0,0.0,0.0,8.432227805466914,1017.7913832278248,57.90987351738985,302.7106577576344,22.13772066860631
2,255.0,43.55350652399764,0.95,0.05,0.0,0.0,0.0,0.0,0.0,0.0,300.83,92.66,0.8476548216600739,0.4700356844808724,113.1117727502116,23.67964474507937,1011.2682370206766,64.60667171403823,0.9881327960742076,0.0118672039257924,0.0,0.0,0.0,0.0,0.0,0.0,0.5993370356593034,0.4006629643406965,0.0,0.0,0.0,0.0,0.0,0.0,7.865096910776831,1.2221163156283772,1.0,1.1032282240294282,0.0,0.0,0.0,0.0,0.0,0.0,8.432227805466914,1017.7913832278248,57.90987351738985,302.7106577576344,22.13772066860631
2,255.0,53.49038741345677,0.95,0.05,0.0,0.0,0.0,0.0,0.0,0.0,300.83,92.66,0.8476548216600739,0.5772759271903386,113.1117727502116,23.67964474507937,1008.2345710707896,67.82896317790342,0.9826505944616124,0.0173494055383875,0.0,0.0,0.0,0.0,0.0,0.0,0.5167037575800963,0.4832962424199035,0.0,0.0,0.0,0.0,0.0,0.0,7.613794710494665,1.2450242355661267,1.0,1.094998072318423,0.0,0.0,0.0,0.0,0.0,0.0,8.432227805466914,1017.7913832278248,57.90987351738985,302.7106577576344,22.13772066860631
2,255.0,63.42726830291591,0.95,0.05,0.0,0.0,0.0,0.0,0.0,0.0,300.83,92.66,0.8476548216600739,0.6845161698998048,113.1117727502116,23.67964474507937,1005.1919260117506,71.11236193634396,0.977180346673372,0.022819653326628,0.0,0.0,0.0,0.0,0.0,0.0,0.4592529114316097,0.5407470885683903,0.0,0.0,0.0,0.0,0.0,0.0,7.369449793088174,1.2678655826977676,1.0,1.0871908831667,0.0,0.0,0.0,0.0,0.0,0.0,8.432227805466914,1017.7913832278248,57.90987351738985,302.7106577576344,22.13772066860631
2,255.0,73.36414919237504,0.95,0.05,0.0,0.0,0.0,0.0,0.0,0.0,300.83,92.66,0.8476548216600739,0.7917564126092709,113.1117727502116,23.67964474507937,1002.1397478254236,74.45204041046496,0.9717215859672432,0.0282784140327568,0.0,0.0,0.0,0.0,0.0,0.0,0.4172214919722755,0.5827785080277246,0.0,0.0,0.0,0.0,0.0,0.0,7.131901884501395,1.2906575121968664,1.0,1.079770228078132,0.0,0.0,0.0,0.0,0.0,0.0,8.432227805466914,1017.7913832278248,57.90987351738985,302.7106577576344,22.13772066860631
2,255.0,83.30103008183418,0.95,0.05,0.0,0.0,0.0,0.0,0.0,0.0,300.83,92.66,0.8476548216600739,0.8989966553187372,113.1117727502116,23.67964474507937,999.0779416401568,77.84581451825038,0.9662741753948636,0.0337258246051363,0.0,0.0,0.0,0.0,0.0,0.0,0.385318453864034,0.6146815461359659,0.0,0.0,0.0,0.0,0.0,0.0,6.900996599467394,1.3134074093854473,1.0,1.072731762624547,0.0,0.0,0.0,0.0,0.0,0.0,8.432227805466914,1017.7913832278248,57.90987351738985,302.7106577576344,22.13772066860631
2,255.0,93.23791097129332,0.95,0.05,0.0,0.0,0.0,0.0,0.0,0.0,300.83,92.66,0.8476548216600739,1.0062368980282037,113.1117727502116,23.67964474507937,996.006578260888,81.29288633734453,0.9608380989649918,0.0391619010350081,0.0,0.0,0.0,0.0,0.0,0.0,0.3604290968841539,0.639570903115846,0.0,0.0,0.0,0.0,0.0,0.0,6.6765836632122815,1.3361257303629792,1.0,1.066073310450511,0.0,0.0,0.0,0.0,0.0,0.0,8.432227805466914,1017.7913832278248,57.90987351738985,302.7106577576344,22.13772066860631
2,255.0,103.17479186075246,0.95,0.05,0.0,0.0,0.0,0.0,0.0,0.0,300.83,92.66,0.8476548216600739,1.1134771407376696,113.1117727502116,23.67964474507937,992.9257815456144,84.79313435442167,0.9554133811389466,0.0445866188610535,0.0,0.0,0.0,0.0,0.0,0.0,0.3406007416086394,0.6593992583913606,0.0,0.0,0.0,0.0,0.0,0.0,6.458520096523443,1.3588174003131528,1.0,1.0597967835678488,0.0,0.0,0.0,0.0,0.0,0.0,8.432227805466914,1017.7913832278248,57.90987351738985,302.7106577576344,22.13772066860631
2,255.0,113.11167275021158,0.95,0.05,0.0,0.0,0.0,0.0,0.0,0.0,300.83,92.66,0.8476548216600739,1.2207173834471357,113.1117727502116,23.67964474507937,989.8356833222334,88.34671292697456,0.9500000543626156,0.0499999456373843,0.0,0.0,0.0,0.0,0.0,0.0,0.3245469370790413,0.6754530629209585,0.0,0.0,0.0,0.0,0.0,0.0,6.246612295075903,1.38149357342079,1.0,1.0538926601756042,0.0,0.0,0.0,0.0,0.0,0.0,8.432227805466914,1017.7913832278248,57.90987351738985,302.7106577576344,22.13772066860631
2,260.0,27.51502022993153,0.95,0.05,0.0,0.0,0.0,0.0,0.0,0.0,300.83,92.66,0.8642755044377224,0.2969460417648557,109.30466743726038,27.514920229931526,992.3776185507752,68.55326813785778,0.9988791384898869,0.0011208615101131,0.0,0.0,0.0,0.0,0.0,0.0,0.9499974697502784,0.0500025302497215,0.0,0.0,0.0,0.0,0.0,0.0,7.247556087452933,1.2616795914443508,1.0,1.0970520533710912,0.0,0.0,0.0,0.0,0.0,0.0,7.296085655146154,993.0143761526203,67.92140682303575,302.7106577576344,25.654931900849267
2,260.0,36.60274769741251,0.95,0.05,0.0,0.0,0.0,0.0,0.0,0.0,300.83,92.66,0.8642755044377224,0.3950220990439511,109.30466743726038,27.514920229931526,989.2704604252942,71.67566542893648,0.9934147457831484,0.0065852542168517,0.0,0.0,0.0,0.0,0.0,0.0,0.7706853762528845,0.2293146237471154,0.0,0.0,0.0,0.0,0.0,0.0,7.015032662961477,1.2852206270565845,1.0,1.0885597314463502,0.0,0.0,0.0,0.0,0.0,0.0,7.296085655146154,993.0143761526203,67.92140682303575,302.7106577576344,25.654931900849267
2,260.0,45.69047516489349,0.95,0.05,0.0,0.0,0.0,0.0,0.0,0.0,300.83,92.66,0.8642755044377224,0.4930981563230465,109.30466743726038,27.514920229931526,986.1598598733174,74.87307744243864,0.9879632907426922,0.0120367092573078,0.0,0.0,0.0,0.0,0.0,0.0,0.6567662415444367,0.3432337584555632,0.0,0.0,0.0,0.0,0.0,0.0,6.789041190638634,1.3087227774634762,1.0,1.0813004300362534,0.0,0.0,0.0,0.0,0.0,0.0,7.296085655146154,993.0143761526203,67.92140682303575,302.7106577576344,25.654931900849267
2,260.0,54.77820263237447,0.95,0.05,0.0,0.0,0.0,0.0,0.0,0.0,300.83,92.66,0.8642755044377224,0.591174213602142,109.30466743726038,27.514920229931526,983.0397394390892,78.14421808266766,0.9825206532654944,0.0174793467345055,0.0,0.0,0.0,0.0,0.0,0.0,0.578404719311431,0.4215952806885689,0.0,0.0,0.0,0.0,0.0,0.0,6.568968021305675,1.3322593254647737,1.0,1.074609024212316,0.0,0.0,0.0,0.0,0.0,0.0,7.296085655146154,993.0143761526203,67.92140682303575,302.7106577576344,25.654931900849267
2,260.0,63.86593009985546,0.95,0.05,0.0,0.0,0.0,0.0,0.0,0.0,300.83,92.66,0.8642755044377224,0.6892502708812375,109.30466743726038,27.514920229931526,979.9077571766792,81.48354337538834,0.9770851955353465,0.0229148044646535,0.0,0.0,0.0,0.0,0.0,0.0,0.5214798625663541,0.4785201374336459,0.0,0.0,0.0,0.0,0.0,0.0,6.354569362791345,1.3558836009815936,1.000000000048743,1.0682877874198289,0.0,0.0,0.0,0.0,0.0,0.0,7.296085655146154,993.0143761526203,67.92140682303575,302.7106577576344,25.654931900849267
2,260.0,72.95365756733644,0.95,0.05,0.0,0.0,0.0,0.0,0.0,0.0,300.83,92.66,0.8642755044377224,0.7873263281603328,109.30466743726038,27.514920229931526,976.7629490122758,84.8871715697064,0.971656198657947,0.0283438013420531,0.0,0.0,0.0,0.0,0.0,0.0,0.4784659576899723,0.5215340423100278,0.0,0.0,0.0,0.0,0.0,0.0,6.145687128679319,1.3795780376217928,1.0,1.062286184868679,0.0,0.0,0.0,0.0,0.0,0.0,7.296085655146154,993.0143761526203,67.92140682303575,302.7106577576344,25.654931900849267
2,260.0,82.04138503481742,0.95,0.05,0.0,0.0,0.0,0.0,0.0,0.0,300.83,92.66,0.8642755044377224,0.8854023854394283,109.30466743726038,27.514920229931526,973.604917889014,88.35296293863989,0.9662333241877442,0.0337666758122558,0.0,0.0,0.0,0.0,0.0,0.0,0.4449917482546553,0.5550082517453447,0.0,0.0,0.0,0.0,0.0,0.0,5.942232100086204,1.403385525989328,1.0,1.0565877787684728,0.0,0.0,0.0,0.0,0.0,0.0,7.296085655146154,993.0143761526203,67.92140682303575,302.7106577576344,25.654931900849267
2,260.0,91.1291125022984,0.95,0.05,0.0,0.0,0.0,0.0,0.0,0.0,300.83,92.66,0.8642755044377224,0.9834784427185238,109.30466743726038,27.514920229931526,970.4335135488784,91.87995065637516,0.9608164009882678,0.0391835990117322,0.0,0.0,0.0,0.0,0.0,0.0,0.4183467201287995,0.5816532798712004,0.0,0.0,0.0,0.0,0.0,0.0,5.744085762486988,1.4273075830412545,1.0,1.0511886325868705,0.0,0.0,0.0,0.0,0.0,0.0,7.296085655146154,993.0143761526203,67.92140682303575,302.7106577576344,25.654931900849267
2,260.0,100.2168399697794,0.95,0.05,0.0,0.0,0.0,0.0,0.0,0.0,300.83,92.66,0.8642755044377224,1.0815544999976192,109.30466743726038,27.514920229931526,967.2486957502392,95.4678501241902,0.9554053339120572,0.0445946660879428,0.0,0.0,0.0,0.0,0.0,0.0,0.3967614817700927,0.6032385182299074,0.0,0.0,0.0,0.0,0.0,0.0,5.551144550025076,1.45135404825798,1.0,1.0460869086483855,0.0,0.0,0.0,0.0,0.0,0.0,7.296085655146154,993.0143761526203,67.92140682303575,302.7106577576344,25.654931900849267
2,260.0,109.30456743726036,0.95,0.05,0.0,0.0,0.0,0.0,0.0,0.0,300.83,92.66,0.8642755044377224,1.1796305572767147,109.30466743726038,27.514920229931526,964.0504681038542,99.11674676597752,0.9500000593673892,0.0499999406326109,0.0,0.0,0.0,0.0,0.0,0.0,0.3790320939094149,0.620967906090585,0.0,0.0,0.0,0.0,0.0,0.0,5.363312605298414,1.4755362379208627,1.0,1.0412820585890283,0.0,0.0,0.0,0.0,0.0,0.0,7.296085655146154,993.0143761526203,67.92140682303575,302.7106577576344,25.654931900849267
2,265.0,31.816185514988742,0.95,0.05,0.0,0.0,0.0,0.0,0.0,0.0,300.83,92.66,0.8808961872153709,0.3433648339627535,106.2025558056929,31.816085514988742,965.3571794243096,80.44926943824842,0.9985305219058308,0.0014694780941691,0.0,0.0,0.0,0.0,0.0,0.0,0.9499979079968324,0.0500020920031675,0.0,0.0,0.0,0.0,0.0,0.0,6.138471545320953,1.363823605601641,1.0,1.0739693584319163,0.0,0.0,0.0,0.0,0.0,0.0,6.194157229336726,966.2255774553212,79.59167899763797,302.7106577576344,29.571779036695137
2,265.0,40.08132665840032,0.95,0.05,0.0,0.0,0.0,0.0,0.0,0.0,300.83,92.66,0.8808961872153709,0.4325634217396969,106.2025558056929,31.816085514988742,962.1596270166727,83.64313095582729,0.9931267241409256,0.0068732758590744,0.0,0.0,0.0,0.0,0.0,0.0,0.8080619061061008,0.1919380938938991,0.0,0.0,0.0,0.0,0.0,0.0,5.937279513338706,1.3883257486540714,1.0,1.0671798217402313,0.0,0.0,0.0,0.0,0.0,0.0,6.194157229336726,966.2255774553212,79.59167899763797,302.7106577576344,29.571779036695137
2,265.0,48.34646780181188,0.95,0.05,0.0,0.0,0.0,0.0,0.0,0.0,300.83,92.66,0.8808961872153709,0.5217620095166402,106.2025558056929,31.816085514988742,958.9548880609984,86.90897436650486,0.9877300920590786,0.0122699079409214,0.0,0.0,0.0,0.0,0.0,0.0,0.7098688576349527,0.2901311423650473,0.0,0.0,0.0,0.0,0.0,0.0,5.74143235038593,1.4129295962419002,1.0,1.0613149138444682,0.0,0.0,0.0,0.0,0.0,0.0,6.194157229336726,966.2255774553212,79.59167899763797,302.7106577576344,29.571779036695137
2,265.0,56.61160894522346,0.95,0.05,0.0,0.0,0.0,0.0,0.0,0.0,300.83,92.66,0.8808961872153709,0.6109605972935837,106.2025558056929,31.816085514988742,955.737537792236,90.25041235341854,0.9823371947317944,0.0176628052682056,0.0,0.0,0.0,0.0,0.0,0.0,0.6382398384978023,0.3617601615021976,0.0,0.0,0.0,0.0,0.0,0.0,5.550444498762406,1.4377088745304447,1.0,1.0559381241763726,0.0,0.0,0.0,0.0,0.0,0.0,6.194157229336726,966.2255774553212,79.59167899763797,302.7106577576344,29.571779036695137
2,265.0,64.87675008863503,0.95,0.05,0.0,0.0,0.0,0.0,0.0,0.0,300.83,92.66,0.8808961872153709,0.7001591850705271,106.2025558056929,31.816085514988742,952.5049856903462,93.66559036026918,0.9769463384599452,0.0230536615400548,0.0,0.0,0.0,0.0,0.0,0.0,0.5839260092163251,0.4160739907836747,0.0,0.0,0.0,0.0,0.0,0.0,5.364089305776152,1.462703446318357,1.0,1.0508936294076934,0.0,0.0,0.0,0.0,0.0,0.0,6.194157229336726,966.2255774553212,79.59167899763797,302.7106577576344,29.571779036695137
2,265.0,73.1418912320466,0.95,0.05,0.0,0.0,0.0,0.0,0.0,0.0,300.83,92.66,0.8808961872153709,0.7893577728474704,106.2025558056929,31.816085514988742,949.25589464744,97.15241864596928,0.97155660013211,0.02844339986789,0.0,0.0,0.0,0.0,0.0,0.0,0.5415193564245151,0.4584806435754848,0.0,0.0,0.0,0.0,0.0,0.0,5.18223107084078,1.4879430585206983,1.0,1.0461221870464914,0.0,0.0,0.0,0.0,0.0,0.0,6.194157229336726,966.2255774553212,79.59167899763797,302.7106577576344,29.571779036695137
2,265.0,81.40703237545817,0.95,0.05,0.0,0.0,0.0,0.0,0.0,0.0,300.83,92.66,0.8808961872153709,0.8785563606244137,106.2025558056929,31.816085514988742,945.9895260634404,100.70954341224828,0.9661674261429116,0.0338325738570883,0.0,0.0,0.0,0.0,0.0,0.0,0.5076516610823264,0.4923483389176736,0.0,0.0,0.0,0.0,0.0,0.0,5.004794778520743,1.5134337259466522,1.0,1.0416013967988218,0.0,0.0,0.0,0.0,0.0,0.0,6.194157229336726,966.2255774553212,79.59167899763797,302.7106577576344,29.571779036695137
2,265.0,89.67217351886976,0.95,0.05,0.0,0.0,0.0,0.0,0.0,0.0,300.83,92.66,0.8808961872153709,0.9677549484013572,106.2025558056929,31.816085514988742,942.7054430025064,104.3363269541924,0.9607784502304204,0.0392215497695796,0.0,0.0,0.0,0.0,0.0,0.0,0.4801177158474239,0.5198822841525761,0.0,0.0,0.0,0.0,0.0,0.0,4.831694551100752,1.5392160656871412,1.0,1.0373255124607703,0.0,0.0,0.0,0.0,0.0,0.0,6.194157229336726,966.2255774553212,79.59167899763797,302.7106577576344,29.571779036695137
2,265.0,97.93731466228132,0.95,0.05,0.0,0.0,0.0,0.0,0.0,0.0,300.83,92.66,0.8808961872153709,1.0569535361783005,106.2025558056929,31.816085514988742,939.4033629722268,108.03266299538868,0.9553894028210268,0.0446105971789733,0.0,0.0,0.0,0.0,0.0,0.0,0.4574141038082939,0.542585896191706,0.0,0.0,0.0,0.0,0.0,0.0,4.662859206480316,1.5652928851046468,1.0,1.0332889605166202,0.0,0.0,0.0,0.0,0.0,0.0,6.194157229336726,966.2255774553212,79.59167899763797,302.7106577576344,29.571779036695137
2,265.0,106.20245580569288,0.95,0.05,0.0,0.0,0.0,0.0,0.0,0.0,300.83,92.66,0.8808961872153709,1.146152123955244,106.2025558056929,31.816085514988742,936.0830837270706,111.79878007039194,0.9500000651839392,0.0499999348160608,0.0,0.0,0.0,0.0,0.0,0.0,0.4384808940430018,0.5615191059569982,0.0,0.0,0.0,0.0,0.0,0.0,4.498231926345755,1.591697800391691,1.0000000000269438,1.029491646662239,0.0,0.0,0.0,0.0,0.0,0.0,6.194157229336726,966.2255774553212,79.59167899763797,302.7106577576344,29.571779036695137
2,270.0,36.6315805771534,0.95,0.05,0.0,0.0,0.0,0.0,0.0,0.0,300.83,92.66,0.8975168699930194,0.3953332676144334,103.745126530115,36.6314805771534,935.732262415427,94.48655168364895,0.9980606166160836,0.0019393833839163,0.0,0.0,0.0,0.0,0.0,0.0,0.9499982754101856,0.0500017245898144,0.0,0.0,0.0,0.0,0.0,0.0,5.067084263392834,1.4887170740648643,1.0,1.0532385890662337,0.0,0.0,0.0,0.0,0.0,0.0,5.130843724671824,936.9320241360858,93.30322734807504,302.7106577576344,33.91794976874195
2,270.0,44.08863012748247,0.95,0.05,0.0,0.0,0.0,0.0,0.0,0.0,300.83,92.66,0.8975168699930194,0.4758108151034154,103.745126530115,36.6314805771534,932.431126677439,97.77718229296784,0.9927339480625802,0.0072660519374198,0.0,0.0,0.0,0.0,0.0,0.0,0.8398460417830313,0.1601539582169687,0.0,0.0,0.0,0.0,0.0,0.0,4.895160176002779,1.5149484212068955,1.0,1.0479683668297173,0.0,0.0,0.0,0.0,0.0,0.0,5.130843724671824,936.9320241360858,93.30322734807504,302.7106577576344,33.91794976874195
2,270.0,51.545679677811535,0.95,0.05,0.0,0.0,0.0,0.0,0.0,0.0,300.83,92.66,0.8975168699930194,0.5562883625923973,103.745126530115,36.6314805771534,929.117770542929,101.1386573110095,0.9874078274310976,0.0125921725689025,0.0,0.0,0.0,0.0,0.0,0.0,0.7579476667942631,0.242052333205737,0.0,0.0,0.0,0.0,0.0,0.0,4.727555383110707,1.5414522466823328,1.0,1.043351495896447,0.0,0.0,0.0,0.0,0.0,0.0,5.130843724671824,936.9320241360858,93.30322734807504,302.7106577576344,33.91794976874195
2,270.0,59.0027292281406,0.95,0.05,0.0,0.0,0.0,0.0,0.0,0.0,300.83,92.66,0.8975168699930194,0.6367659100813792,103.745126530115,36.6314805771534,925.7875495133322,104.57717744771908,0.9820795217002244,0.0179204782997756,0.0,0.0,0.0,0.0,0.0,0.0,0.6949345857409079,0.3050654142590921,0.0,0.0,0.0,0.0,0.0,0.0,4.563913940051652,1.5682925412379165,1.0,1.0391385993621756,0.0,0.0,0.0,0.0,0.0,0.0,5.130843724671824,936.9320241360858,93.30322734807504,302.7106577576344,33.91794976874195
2,270.0,66.45977877846967,0.95,0.05,0.0,0.0,0.0,0.0,0.0,0.0,300.83,92.66,0.8975168699930194,0.7172434575703612,103.745126530115,36.6314805771534,922.4377969814432,108.09403005064073,0.976747392665168,0.023252607334832,0.0,0.0,0.0,0.0,0.0,0.0,0.6451568482031145,0.3548431517968856,0.0,0.0,0.0,0.0,0.0,0.0,4.404055168415196,1.595527188059289,1.0,1.035214293693033,0.0,0.0,0.0,0.0,0.0,0.0,5.130843724671824,936.9320241360858,93.30322734807504,302.7106577576344,33.91794976874195
2,270.0,73.91682832879873,0.95,0.05,0.0,0.0,0.0,0.0,0.0,0.0,300.83,92.66,0.8975168699930194,0.7977210050593431,103.745126530115,36.6314805771534,919.0668644152404,111.68928000303748,0.9714103662269176,0.0285896337730823,0.0,0.0,0.0,0.0,0.0,0.0,0.60501076661302,0.39498923338698,0.0,0.0,0.0,0.0,0.0,0.0,4.247861181800191,1.623178411233915,1.0,1.0315285587604175,0.0,0.0,0.0,0.0,0.0,0.0,5.130843724671824,936.9320241360858,93.30322734807504,302.7106577576344,33.91794976874195
2,270.0,81.3738778791278,0.95,0.05,0.0,0.0,0.0,0.0,0.0,0.0,300.83,92.66,0.8975168699930194,0.8781985525483251,103.745126530115,36.6314805771534,915.6736544751982,115.36292087640848,0.9660676737621476,0.0339323262378524,0.0,0.0,0.0,0.0,0.0,0.0,0.572092501738086,0.4279074982619139,0.0,0.0,0.0,0.0,0.0,0.0,4.095256805571875,1.6512838071734308,1.0,1.0280574189329066,0.0,0.0,0.0,0.0,0.0,0.0,5.130843724671824,936.9320241360858,93.30322734807504,302.7106577576344,33.91794976874195
2,270.0,88.83092742945686,0.95,0.05,0.0,0.0,0.0,0.0,0.0,0.0,300.83,92.66,0.8975168699930194,0.958676100037307,103.745126530115,36.6314805771534,912.2573799671848,119.11517796794608,0.9607187182890776,0.0392812817109224,0.0,0.0,0.0,0.0,0.0,0.0,0.5447385507482843,0.4552614492517158,0.0,0.0,0.0,0.0,0.0,0.0,3.9461861098421127,1.6798618155237317,1.0,1.0247921479466144,0.0,0.0,0.0,0.0,0.0,0.0,5.130843724671824,936.9320241360858,93.30322734807504,302.7106577576344,33.91794976874195
2,270.0,96.28797697978592,0.95,0.05,0.0,0.0,0.0,0.0,0.0,0.0,300.83,92.66,0.8975168699930194,1.0391536475262888,103.745126530115,36.6314805771534,908.817429613557,122.9465574310693,0.9553629996152874,0.0446370003847126,0.0,0.0,0.0,0.0,0.0,0.0,0.521761887784327,0.4782381122156731,0.0,0.0,0.0,0.0,0.0,0.0,3.800601236827119,1.7089600429188914,1.0,1.021728334195555,0.0,0.0,0.0,0.0,0.0,0.0,5.130843724671824,936.9320241360858,93.30322734807504,302.7106577576344,33.91794976874195
2,270.0,103.745026530115,0.95,0.05,0.0,0.0,0.0,0.0,0.0,0.0,300.83,92.66,0.8975168699930194,1.1196311950152709,103.745126530115,36.6314805771534,905.3532923482292,126.8577828373529,0.9500000719258824,0.0499999280741174,0.0,0.0,0.0,0.0,0.0,0.0,0.5022930999668473,0.4977069000331527,0.0,0.0,0.0,0.0,0.0,0.0,3.658461513176898,1.7385759446072782,1.0,1.01886377916396,0.0,0.0,0.0,0.0,0.0,0.0,5.130843724671824,936.9320241360858,93.30322734807504,302.7106577576344,33.91794976874195
2,275.0,42.02055045809896,0.95,0.05,0.0,0.0,0.0,0.0,0.0,0.0,300.83,92.66,0.914137552770668,0.4534918029149467,101.86758015295236,42.02045045809896,902.7421428905222,111.27213092093209,0.9974123346334878,0.0025876653665122,0.0,0.0,0.0,0.0,0.0,0.0,0.949998586636176,0.0500014133638239,0.0,0.0,0.0,0.0,0.0,0.0,4.03900943673455,1.6467311124498238,1.0,1.034971102621067,0.0,0.0,0.0,0.0,0.0,0.0,4.11187312512685,904.4335281070778,109.60126774294156,302.7106577576344,38.72523437118672
2,275.0,48.67020931308267,0.95,0.05,0.0,0.0,0.0,0.0,0.0,0.0,300.83,92.66,0.914137552770668,0.525255874304799,101.86758015295236,42.02045045809896,899.3183624796449,114.6894071951996,0.9921872172882474,0.0078127827117525,0.0,0.0,0.0,0.0,0.0,0.0,0.8665801109951098,0.1334198890048901,0.0,0.0,0.0,0.0,0.0,0.0,3.8947742887427177,1.6757881103153085,1.0,1.031062983469056,0.0,0.0,0.0,0.0,0.0,0.0,4.11187312512685,904.4335281070778,109.60126774294156,302.7106577576344,38.72523437118672
2,275.0,55.31986816806639,0.95,0.05,0.0,0.0,0.0,0.0,0.0,0.0,300.83,92.66,0.914137552770668,0.5970199456946512,101.86758015295236,42.02045045809896,895.8754965605672,118.1792573526768,0.9869549783101884,0.0130450216898115,0.0,0.0,0.0,0.0,0.0,0.0,0.800685547306807,0.199314452693193,0.0,0.0,0.0,0.0,0.0,0.0,3.753968561123545,1.7053419550682762,1.0,1.0276024052406016,0.0,0.0,0.0,0.0,0.0,0.0,4.11187312512685,904.4335281070778,109.60126774294156,302.7106577576344,38.72523437118672
2,275.0,61.96952702305009,0.95,0.05,0.0,0.0,0.0,0.0,0.0,0.0,300.83,92.66,0.914137552770668,0.6687840170845035,101.86758015295236,42.02045045809896,892.4096392335534,121.74875800370874,0.9817134569288788,0.0182865430711213,0.0,0.0,0.0,0.0,0.0,0.0,0.7475164532917804,0.2524835467082197,0.0,0.0,0.0,0.0,0.0,0.0,3.616359616207351,1.7354644335060565,1.0,1.024453684910917,0.0,0.0,0.0,0.0,0.0,0.0,4.11187312512685,904.4335281070778,109.60126774294156,302.7106577576344,38.72523437118672
2,275.0,68.6191858780338,0.95,0.05,0.0,0.0,0.0,0.0,0.0,0.0,300.83,92.66,0.914137552770668,0.7405480884743558,101.86758015295236,42.02045045809896,888.9181367379501,125.4014201744384,0.9764610959979568,0.023538904002043,0.0,0.0,0.0,0.0,0.0,0.0,0.7038771498537886,0.2961228501462115,0.0,0.0,0.0,0.0,0.0,0.0,3.481807093983928,1.766202542423499,1.0,1.021547836914758,0.0,0.0,0.0,0.0,0.0,0.0,4.11187312512685,904.4335281070778,109.60126774294156,302.7106577576344,38.72523437118672
2,275.0,75.26884473301752,0.95,0.05,0.0,0.0,0.0,0.0,0.0,0.0,300.83,92.66,0.914137552770668,0.812312159864208,101.86758015295236,42.02045045809896,885.3990645952973,129.13935815003333,0.9711966875819033,0.0288033124180967,0.0,0.0,0.0,0.0,0.0,0.0,0.6675593414595072,0.3324406585404927,0.0,0.0,0.0,0.0,0.0,0.0,3.3502188238521096,1.797610667570705,1.0,1.0188484840688132,0.0,0.0,0.0,0.0,0.0,0.0,4.11187312512685,904.4335281070778,109.60126774294156,302.7106577576344,38.72523437118672
2,275.0,81.91850358800123,0.95,0.05,0.0,0.0,0.0,0.0,0.0,0.0,300.83,92.66,0.914137552770668,0.8840762312540603,101.86758015295236,42.02045045809896,881.8509347664149,132.96420075451508,0.9659192300040234,0.0340807699959766,0.0,0.0,0.0,0.0,0.0,0.0,0.6369895228713591,0.3630104771286409,0.0,0.0,0.0,0.0,0.0,0.0,3.2215489144164997,1.829737296982463,1.0,1.01633773209931,0.0,0.0,0.0,0.0,0.0,0.0,4.11187312512685,904.4335281070778,109.60126774294156,302.7106577576344,38.72523437118672
2,275.0,88.56816244298494,0.95,0.05,0.0,0.0,0.0,0.0,0.0,0.0,300.83,92.66,0.914137552770668,0.9558403026439126,101.86758015295236,42.02045045809896,878.272523035829,136.8774761325592,0.9606278431338268,0.0393721568661732,0.0,0.0,0.0,0.0,0.0,0.0,0.6110170443411443,0.3889829556588557,0.0,0.0,0.0,0.0,0.0,0.0,3.095739471658499,1.8626224856125413,1.0,1.014005182654249,0.0,0.0,0.0,0.0,0.0,0.0,4.11187312512685,904.4335281070778,109.60126774294156,302.7106577576344,38.72523437118672
2,275.0,95.21782129796864,0.95,0.05,0.0,0.0,0.0,0.0,0.0,0.0,300.83,92.66,0.914137552770668,1.027604374033765,101.86758015295236,42.02045045809896,874.6627670870066,140.88074125818758,0.9553217181110056,0.0446782818889943,0.0,0.0,0.0,0.0,0.0,0.0,0.5887814784301513,0.4112185215698486,0.0,0.0,0.0,0.0,0.0,0.0,2.972764245707322,1.8963038256513576,1.0,1.0118477227947362,0.0,0.0,0.0,0.0,0.0,0.0,4.11187312512685,904.4335281070778,109.60126774294156,302.7106577576344,38.72523437118672
2,275.0,101.86748015295235,0.95,0.05,0.0,0.0,0.0,0.0,0.0,0.0,300.83,92.66,0.914137552770668,1.0993684454236172,101.86758015295236,42.02045045809896,871.0206924947496,144.9756664505745,0.9500000801289028,0.049999919871097,0.0,0.0,0.0,0.0,0.0,0.0,0.5696269361099363,0.4303730638900636,0.0,0.0,0.0,0.0,0.0,0.0,2.8526052590469204,1.930824362457228,1.0,1.0098640902042897,0.0,0.0,0.0,0.0,0.0,0.0,4.11187312512685,904.4335281070778,109.60126774294156,302.7106577576344,38.72523437118672
2,280.0,48.06104890059267,0.95,0.05,0.0,0.0,0.0,0.0,0.0,0.0,300.83,92.66,0.9307582355483164,0.5186817278285416,100.48928695862324,48.06094890059266,865.2197250369644,131.74792944945315,0.9964871269317704,0.0035128730682296,0.0,0.0,0.0,0.0,0.0,0.0,0.9499988462336438,0.0500011537663561,0.0,0.0,0.0,0.0,0.0,0.0,3.061864210538363,1.8562083100601368,1.0,1.0194705625928318,0.0,0.0,0.0,0.0,0.0,0.0,3.1449654870637134,867.6798743518019,129.30886906724652,302.7106577576344,44.02808165538378
2,280.0,53.88639757370717,0.95,0.05,0.0,0.0,0.0,0.0,0.0,0.0,300.83,92.66,0.9307582355483164,0.5815497255958038,100.48928695862324,48.06094890059266,861.6452110291175,135.32901760015005,0.9914010484563042,0.0085989515436957,0.0,0.0,0.0,0.0,0.0,0.0,0.8888821799069453,0.1111178200930546,0.0,0.0,0.0,0.0,0.0,0.0,2.944233885406263,1.8898481264160405,1.0,1.0168094272264203,0.0,0.0,0.0,0.0,0.0,0.0,3.1449654870637134,867.6798743518019,129.30886906724652,302.7106577576344,44.02808165538378
2,280.0,59.71174624682168,0.95,0.05,0.0,0.0,0.0,0.0,0.0,0.0,300.83,92.66,0.9307582355483164,0.6444177233630658,100.48928695862324,48.06094890059266,858.0419636958908,138.9882397880084,0.9862988347363618,0.0137011652636382,0.0,0.0,0.0,0.0,0.0,0.0,0.8380945987771619,0.1619054012228382,0.0,0.0,0.0,0.0,0.0,0.0,2.8292602798096107,1.9243195571131224,1.0,1.0144427300113663,0.0,0.0,0.0,0.0,0.0,0.0,3.1449654870637134,867.6798743518019,129.30886906724652,302.7106577576344,44.02808165538378
2,280.0,65.53709491993618,0.95,0.05,0.0,0.0,0.0,0.0,0.0,0.0,300.83,92.66,0.9307582355483164,0.707285721130328,100.48928695862324,48.06094890059266,854.4065877706902,142.7326012133784,0.9811786532003314,0.0188213467996686,0.0,0.0,0.0,0.0,0.0,0.0,0.795364757954302,0.204635242045698,0.0,0.0,0.0,0.0,0.0,0.0,2.716809813759819,1.959690297195909,1.0,1.012309002858807,0.0,0.0,0.0,0.0,0.0,0.0,3.1449654870637134,867.6798743518019,129.30886906724652,302.7106577576344,44.02808165538378
2,280.0,71.3624435930507,0.95,0.05,0.0,0.0,0.0,0.0,0.0,0.0,300.83,92.66,0.9307582355483164,0.7701537188975901,100.48928695862324,48.06094890059266,850.7363733854409,146.5669871216073,0.9760389336698884,0.0239610663301117,0.0,0.0,0.0,0.0,0.0,0.0,0.759043421418203,0.240956578581797,0.0,0.0,0.0,0.0,0.0,0.0,2.606788605185579,1.99604130014027,1.0,1.0103722935533,0.0,0.0,0.0,0.0,0.0,0.0,3.1449654870637134,867.6798743518019,129.30886906724652,302.7106577576344,44.02808165538378
2,280.0,77.18779226616519,0.95,0.05,0.0,0.0,0.0,0.0,0.0,0.0,300.83,92.66,0.9307582355483164,0.833021716664852,100.48928695862324,48.06094890059266,847.0290419825783,150.49523251968722,0.9708782630799624,0.0291217369200375,0.0,0.0,0.0,0.0,0.0,0.0,0.727904764150823,0.2720952358491769,0.0,0.0,0.0,0.0,0.0,0.0,2.4991437101451184,2.033439018869027,1.0,1.008612029670639,0.0,0.0,0.0,0.0,0.0,0.0,3.1449654870637134,867.6798743518019,129.30886906724652,302.7106577576344,44.02808165538378
2,280.0,83.01314093927971,0.95,0.05,0.0,0.0,0.0,0.0,0.0,0.0,300.83,92.66,0.9307582355483164,0.8958897144321143,100.48928695862324,48.06094890059266,843.2825861907789,154.5206684745545,0.9656953184340864,0.0343046815659137,0.0,0.0,0.0,0.0,0.0,0.0,0.7010192016780954,0.2989807983219045,0.0,0.0,0.0,0.0,0.0,0.0,2.393834080008051,2.0719615728534087,1.0,1.0070173771926072,0.0,0.0,0.0,0.0,0.0,0.0,3.1449654870637134,867.6798743518019,129.30886906724652,302.7106577576344,44.02808165538378
2,280.0,88.83848961239421,0.95,0.05,0.0,0.0,0.0,0.0,0.0,0.0,300.83,92.66,0.9307582355483164,0.9587577121993764,100.48928695862324,48.06094890059266,839.4951617986186,158.64642569356928,0.9604888207075184,0.0395111792924815,0.0,0.0,0.0,0.0,0.0,0.0,0.6776694236142723,0.3223305763857277,0.0,0.0,0.0,0.0,0.0,0.0,2.290824220107413,2.1116762442846317,1.0,1.005582872111594,0.0,0.0,0.0,0.0,0.0,0.0,3.1449654870637134,867.6798743518019,129.30886906724652,302.7106577576344,44.02808165538378
2,280.0,94.66383828550872,0.95,0.05,0.0,0.0,0.0,0.0,0.0,0.0,300.83,92.66,0.9307582355483164,1.0216257099666384,100.48928695862324,48.06094890059266,835.6650169570861,162.87556038919234,0.9552575039418584,0.0447424960581416,0.0,0.0,0.0,0.0,0.0,0.0,0.6572933189677106,0.3427066810322894,0.0,0.0,0.0,0.0,0.0,0.0,2.19010112087002,2.152661661925859,1.0,1.0043066567133452,0.0,0.0,0.0,0.0,0.0,0.0,3.1449654870637134,867.6798743518019,129.30886906724652,302.7106577576344,44.02808165538378
2,280.0,100.48918695862322,0.95,0.05,0.0,0.0,0.0,0.0,0.0,0.0,300.83,92.66,0.9307582355483164,1.0844937077339003,100.48928695862324,48.06094890059266,831.7904374682943,167.21116747289665,0.9500000904303424,0.0499999095696577,0.0,0.0,0.0,0.0,0.0,0.0,0.639444432597035,0.3605555674029651,0.0,0.0,0.0,0.0,0.0,0.0,2.0916557525899404,2.195969206637503,1.000000000250828,1.003193424741467,0.0,0.0,0.0,0.0,0.0,0.0,3.1449654870637134,867.6798743518019,129.30886906724652,302.7106577576344,44.02808165538378
2,285.0,54.86640980565558,0.95,0.05,0.0,0.0,0.0,0.0,0.0,0.0,300.83,92.66,0.9473789183259648,0.592126158058014,99.4907361299304,54.866309805655575,821.2133561001291,157.51561308400585,0.9950966718551888,0.0049033281448111,0.0,0.0,0.0,0.0,0.0,0.0,0.9499990771425056,0.0500009228574944,0.0,0.0,0.0,0.0,0.0,0.0,2.14657644008034,2.1546698455226787,1.000000000321338,1.0074384947536923,0.0,0.0,0.0,0.0,0.0,0.0,2.2410524707626744,824.9746819221486,153.77005765610247,302.7106577576344,49.86436423924916
2,285.0,59.824657175019446,0.95,0.05,0.0,0.0,0.0,0.0,0.0,0.0,300.83,92.66,0.9473789183259648,0.6456362742825323,99.4907361299304,54.866309805655575,817.4455467335407,161.30921546281053,0.9902111982347752,0.0097888017652247,0.0,0.0,0.0,0.0,0.0,0.0,0.9073904303029312,0.0926095696970687,0.0,0.0,0.0,0.0,0.0,0.0,2.05501692126298,2.1950503889229687,1.0,1.0059464013901165,0.0,0.0,0.0,0.0,0.0,0.0,2.2410524707626744,824.9746819221486,153.77005765610247,302.7106577576344,49.86436423924916
2,285.0,64.78290454438331,0.95,0.05,0.0,0.0,0.0,0.0,0.0,0.0,300.83,92.66,0.9473789183259648,0.6991463905070506,99.4907361299304,54.866309805655575,813.6347044006054,165.1917080870237,0.9852987934843028,0.014701206515697,0.0,0.0,0.0,0.0,0.0,0.0,0.870453210631721,0.1295467893682791,0.0,0.0,0.0,0.0,0.0,0.0,1.96544480037363,2.2377909946844903,1.0,1.0046532947337754,0.0,0.0,0.0,0.0,0.0,0.0,2.2410524707626744,824.9746819221486,153.77005765610247,302.7106577576344,49.86436423924916
2,285.0,69.74115191374719,0.95,0.05,0.0,0.0,0.0,0.0,0.0,0.0,300.83,92.66,0.9473789183259648,0.752656506731569,99.4907361299304,54.866309805655575,809.7774530055137,169.16987878308905,0.9803575851838674,0.0196424148161325,0.0,0.0,0.0,0.0,0.0,0.0,0.8382258093796441,0.1617741906203559,0.0,0.0,0.0,0.0,0.0,0.0,1.877820636133957,2.283619433010972,1.0000000000184912,1.0035388489275894,0.0,0.0,0.0,0.0,0.0,0.0,2.2410524707626744,824.9746819221486,153.77005765610247,302.7106577576344,49.86436423924916
2,285.0,74.69939928311105,0.95,0.05,0.0,0.0,0.0,0.0,0.0,0.0,300.83,92.66,0.9473789183259648,0.8061666229560873,99.4907361299304,54.866309805655575,805.8706654583174,173.2495816803692,0.9753857326610867,0.0246142673389132,0.0,0.0,0.0,0.0,0.0,0.0,0.8099553296175382,0.1900446703824618,0.0,0.0,0.0,0.0,0.0,0.0,1.7920603482326898,2.327823505702463,1.0,1.002572579521727,0.0,0.0,0.0,0.0,0.0,0.0,2.2410524707626744,824.9746819221486,153.77005765610247,302.7106577576344,49.86436423924916
2,285.0,79.65764665247492,0.95,0.05,0.0,0.0,0.0,0.0,0.0,0.0,300.83,92.66,0.9473789183259648,0.8596767391806057,99.4907361299304,54.866309805655575,801.9113489052368,177.4361890701231,0.9703813856565956,0.0296186143434042,0.0,0.0,0.0,0.0,0.0,0.0,0.7850441036394123,0.2149558963605876,0.0,0.0,0.0,0.0,0.0,0.0,1.7081300080934856,2.3753490052188724,1.0,1.0017649555090615,0.0,0.0,0.0,0.0,0.0,0.0,2.2410524707626744,824.9746819221486,153.77005765610247,302.7106577576344,49.86436423924916
2,285.0,84.61589402183878,0.95,0.05,0.0,0.0,0.0,0.0,0.0,0.0,300.83,92.66,0.9473789183259648,0.913186855405124,99.4907361299304,54.866309805655575,797.8965649210998,181.734842092279,0.9653426539132736,0.0346573460867265,0.0,0.0,0.0,0.0,0.0,0.0,0.7630118460582076,0.2369881539417924,0.0,0.0,0.0,0.0,0.0,0.0,1.6260907735199517,2.4274212673636755,1.0000000000007867,1.0011136726983876,0.0,0.0,0.0,0.0,0.0,0.0,2.2410524707626744,824.9746819221486,153.77005765610247,302.7106577576344,49.86436423924916
2,285.0,89.57414139120266,0.95,0.05,0.0,0.0,0.0,0.0,0.0,0.0,300.83,92.66,0.9473789183259648,0.9666969716296424,99.4907361299304,54.866309805655575,793.8233645326532,186.1506146080876,0.9602675806259168,0.0397324193740832,0.0,0.0,0.0,0.0,0.0,0.0,0.7434683844022546,0.2565316155977454,0.0,0.0,0.0,0.0,0.0,0.0,1.545849090363695,2.479285351346212,1.0000000000996678,1.0006054165511151,0.0,0.0,0.0,0.0,0.0,0.0,2.2410524707626744,824.9746819221486,153.77005765610247,302.7106577576344,49.86436423924916
2,285.0,94.53238876056652,0.95,0.05,0.0,0.0,0.0,0.0,0.0,0.0,300.83,92.66,0.9473789183259648,1.0202070878541607,99.4907361299304,54.866309805655575,789.688731803202,190.6886819162692,0.9551541175863484,0.0448458824136516,0.0,0.0,0.0,0.0,0.0,0.0,0.72609375866405,0.27390624133595,0.0,0.0,0.0,0.0,0.0,0.0,1.4673581142444174,2.529471222313776,1.0,1.0002440006089723,0.0,0.0,0.0,0.0,0.0,0.0,2.2410524707626744,824.9746819221486,153.77005765610247,302.7106577576344,49.86436423924916
2,285.0,99.4906361299304,0.95,0.05,0.0,0.0,0.0,0.0,0.0,0.0,300.83,92.66,0.9473789183259648,1.073717204078679,99.4907361299304,54.866309805655575,785.4895412952445,195.35431778463632,0.9500001043148936,0.0499998956851063,0.0,0.0,0.0,0.0,0.0,0.0,0.71062318773621,0.2893768122637901,0.0,0.0,0.0,0.0,0.0,0.0,1.390794097156879,2.5898589478687115,1.0000000001545322,1.000046850903149,0.0,0.0,0.0,0.0,0.0,0.0,2.2410524707626744,824.9746819221486,153.77005765610247,302.7106577576344,49.86436423924916
2,290.0,62.63034968025407,0.95,0.05,0.0,0.0,0.0,0.0,0.0,0.0,300.83,92.66,0.9639996011036134,0.6759157099099296,98.65596999066533,62.63024968025407,766.9962185296891,191.7107361304132,0.9928201090630896,0.0071798909369105,0.0,0.0,0.0,0.0,0.0,0.0,0.9499992849853144,0.0500007150146855,0.0,0.0,0.0,0.0,0.0,0.0,1.3101856776561216,2.631315924759562,1.000000000050416,1.0005293426877349,0.0,0.0,0.0,0.0,0.0,0.0,1.4167983026644004,773.2637021553837,185.44864903964933,302.7106577576344,56.27641671412855
2,290.0,66.63318527029976,0.95,0.05,0.0,0.0,0.0,0.0,0.0,0.0,300.83,92.66,0.9639996011036134,0.7191148852827516,98.65596999066533,62.63024968025407,762.9689464148776,195.78318716737647,0.9882486339250056,0.0117513660749944,0.0,0.0,0.0,0.0,0.0,0.0,0.9227426635957504,0.0772573364042495,0.0,0.0,0.0,0.0,0.0,0.0,1.2448339597907565,2.680680851648283,1.0,1.000206570012715,0.0,0.0,0.0,0.0,0.0,0.0,1.4167983026644004,773.2637021553837,185.44864903964933,302.7106577576344,56.27641671412855
2,290.0,70.63602086034545,0.95,0.05,0.0,0.0,0.0,0.0,0.0,0.0,300.83,92.66,0.9639996011036134,0.7623140606555737,98.65596999066533,62.63024968025407,758.8755205015851,199.9632477976842,0.9836370404570812,0.0163629595429186,0.0,0.0,0.0,0.0,0.0,0.0,0.8982647364498063,0.1017352635501936,0.0,0.0,0.0,0.0,0.0,0.0,1.1810490011571149,2.7471725205505977,1.0000000000636786,1.0000388607969977,0.0,0.0,0.0,0.0,0.0,0.0,1.4167983026644004,773.2637021553837,185.44864903964933,302.7106577576344,56.27641671412855
2,290.0,74.63885645039115,0.95,0.05,0.0,0.0,0.0,0.0,0.0,0.0,300.83,92.66,0.9639996011036134,0.8055132360283958,98.65596999066533,62.63024968025407,754.711521436125,204.25825269340368,0.9789828542928162,0.0210171457071838,0.0,0.0,0.0,0.0,0.0,0.0,0.8762284735240664,0.1237715264759335,0.0,0.0,0.0,0.0,0.0,0.0,1.1185743639309302,2.8092521720775183,1.0000000000565086,1.0000000000003435,0.0,0.0,0.0,0.0,0.0,0.0,1.4167983026644004,773.2637021553837,185.44864903964933,302.7106577576344,56.27641671412855
2,290.0,78.64169204043685,0.95,0.05,0.0,0.0,0.0,0.0,0.0,0.0,300.83,92.66,0.9639996011036134,0.8487124114012179,98.65596999066533,62.63024968025407,750.4723700221598,208.67548700600892,0.9742834403096376,0.0257165596903624,0.0,0.0,0.0,0.0,0.0,0.0,0.8563520061432635,0.1436479938567365,0.0,0.0,0.0,0.0,0.0,0.0,1.0575007513332977,2.874443039074205,1.0000000000023772,1.0000000000003333,0.0,0.0,0.0,0.0,0.0,0.0,1.4167983026644004,773.2637021553837,185.44864903964933,302.7106577576344,56.27641671412855
2,290.0,82.64452763048254,0.95,0.05,0.0,0.0,0.0,0.0,0.0,0.0,300.83,92.66,0.9639996011036134,0.89191158677404,98.65596999066533,62.63024968025407,746.153239865595,213.22242288615365,0.9695359667984776,0.0304640332015223,0.0,0.0,0.0,0.0,0.0,0.0,0.8383980400404901,0.1616019599595098,0.0,0.0,0.0,0.0,0.0,0.0,0.9978142870100454,2.9430308702236605,1.0000000000022615,1.0000000000005382,0.0,0.0,0.0,0.0,0.0,0.0,1.4167983026644004,773.2637021553837,185.44864903964933,302.7106577576344,56.27641671412855
2,290.0,86.64736322052823,0.95,0.05,0.0,0.0,0.0,0.0,0.0,0.0,300.83,92.66,0.9639996011036134,0.935110762146862,98.65596999066533,62.63024968025407,741.7490019301947,217.906807261423,0.9647373764014572,0.0352626235985428,0.0,0.0,0.0,0.0,0.0,0.0,0.8221655471489606,0.1778344528510394,0.0,0.0,0.0,0.0,0.0,0.0,0.9395178434722468,3.0153518346875927,1.0000000000019134,1.0000000000003966,0.0,0.0,0.0,0.0,0.0,0.0,1.4167983026644004,773.2637021553837,185.44864903964933,302.7106577576344,56.27641671412855
2,290.0,90.65019881057393,0.95,0.05,0.0,0.0,0.0,0.0,0.0,0.0,300.83,92.66,0.9639996011036134,0.978309937519684,98.65596999066533,62.63024968025407,737.2541496752928,222.73680317077287,0.959884348468396,0.040115651531604,0.0,0.0,0.0,0.0,0.0,0.0,0.8074833425406456,0.1925166574593544,0.0,0.0,0.0,0.0,0.0,0.0,0.8826081603065639,3.0917679385128625,1.000000000001541,1.0000000000003897,0.0,0.0,0.0,0.0,0.0,0.0,1.4167983026644004,773.2637021553837,185.44864903964933,302.7106577576344,56.27641671412855
2,290.0,94.65303440061962,0.95,0.05,0.0,0.0,0.0,0.0,0.0,0.0,300.83,92.66,0.9639996011036134,1.0215091128925062,98.65596999066533,62.63024968025407,732.662725687881,227.72106298577617,0.9549732586128205,0.0450267413871797,0.0,0.0,0.0,0.0,0.0,0.0,0.7942049506225509,0.205795049377449,0.0,0.0,0.0,0.0,0.0,0.0,0.8271011162004708,3.172709779687287,1.0000000000411755,1.0000000000598743,0.0,0.0,0.0,0.0,0.0,0.0,1.4167983026644004,773.2637021553837,185.44864903964933,302.7106577576344,56.27641671412855
2,290.0,98.65586999066532,0.95,0.05,0.0,0.0,0.0,0.0,0.0,0.0,300.83,92.66,0.9639996011036134,1.0647082882653285,98.65596999066533,62.63024968025407,727.9682179685014,232.8688552028662,0.9500001249053962,0.0499998750946039,0.0,0.0,0.0,0.0,0.0,0.0,0.7822045755422168,0.2177954244577832,0.0,0.0,0.0,0.0,0.0,0.0,0.773016747574027,3.258653229914688,1.0000000000625282,1.0000000000416571,0.0,0.0,0.0,0.0,0.0,0.0,1.4167983026644004,773.2637021553837,185.44864903964933,302.7106577576344,56.27641671412855
2,295.0,71.79683880723297,0.95,0.05,0.0,0.0,0.0,0.0,0.0,0.0,300.83,92.66,0.980620283881262,0.7748417743064211,97.47338258073955,71.79673880723297,693.5033246165821,242.2638041748133,0.988408720631352,0.0115912793686479,0.0,0.0,0.0,0.0,0.0,0.0,0.9499994807855952,0.0500005192144048,0.0,0.0,0.0,0.0,0.0,0.0,0.5834131847413426,3.597895935239279,1.0000000000001783,1.0000000000004483,0.0,0.0,0.0,0.0,0.0,0.0,0.7007191954812403,705.9625820508377,229.82343987692175,302.7106577576344,63.31231171729296
2,295.0,74.64977700428926,0.95,0.05,0.0,0.0,0.0,0.0,0.0,0.0,300.83,92.66,0.980620283881262,0.8056310922111943,97.47338258073955,71.79673880723297,689.1202377884771,246.6982975339005,0.9844114442707228,0.0155885557292774,0.0,0.0,0.0,0.0,0.0,0.0,0.9356279140094113,0.0643720859905888,0.0,0.0,0.0,0.0,0.0,0.0,0.5457614024846538,3.692836305490789,1.000000000000184,1.000000000000233,0.0,0.0,0.0,0.0,0.0,0.0,0.7007191954812403,705.9625820508377,229.82343987692175,302.7106577576344,63.31231171729296
2,295.0,77.50271520134555,0.95,0.05,0.0,0.0,0.0,0.0,0.0,0.0,300.83,92.66,0.980620283881262,0.8364204101159676,97.47338258073955,71.79673880723297,684.6275532960872,251.274809104334,0.9803581952340376,0.0196418047659624,0.0,0.0,0.0,0.0,0.0,0.0,0.9223332188546584,0.0776667811453416,0.0,0.0,0.0,0.0,0.0,0.0,0.5090303442073393,3.7941414619083447,1.0000000000003062,1.0000000000000662,0.0,0.0,0.0,0.0,0.0,0.0,0.7007191954812403,705.9625820508377,229.82343987692175,302.7106577576344,63.31231171729296
2,295.0,80.35565339840183,0.95,0.05,0.0,0.0,0.0,0.0,0.0,0.0,300.83,92.66,0.980620283881262,0.8672097280207407,97.47338258073955,71.79673880723297,680.0167715322609,256.0039303862725,0.976244886297117,0.0237551137028829,0.0,0.0,0.0,0.0,0.0,0.0,0.910040197182844,0.089959802817156,0.0,0.0,0.0,0.0,0.0,0.0,0.4732131123568407,3.902578135773882,1.0000000000003195,1.0000000000003395,0.0,0.0,0.0,0.0,0.0,0.0,0.7007191954812403,705.9625820508377,229.82343987692175,302.7106577576344,63.31231171729296
2,295.0,83.20859159545812,0.95,0.05,0.0,0.0,0.0,0.0,0.0,0.0,300.83,92.66,0.980620283881262,0.8979990459255139,97.47338258073955,71.79673880723297,675.2783726142749,260.8972685459268,0.9720669370185936,0.0279330629814063,0.0,0.0,0.0,0.0,0.0,0.0,0.8986826784317,0.1013173215682999,0.0,0.0,0.0,0.0,0.0,0.0,0.4383243872136896,4.019049247673161,1.0000000000004707,1.0000000000000884,0.0,0.0,0.0,0.0,0.0,0.0,0.7007191954812403,705.9625820508377,229.82343987692175,302.7106577576344,63.31231171729296
2,295.0,86.0615297925144,0.95,0.05,0.0,0.0,0.0,0.0,0.0,0.0,300.83,92.66,0.980620283881262,0.9287883638302872,97.47338258073955,71.79673880723297,670.4017089658685,265.9676618980721,0.9678192033444746,0.0321807966555253,0.0,0.0,0.0,0.0,0.0,0.0,0.8882025029473909,0.1117974970526091,0.0,0.0,0.0,0.0,0.0,0.0,0.4043886273031057,4.144634420148987,1.000000000000294,1.0000000000004,0.0,0.0,0.0,0.0,0.0,0.0,0.7007191954812403,705.9625820508377,229.82343987692175,302.7106577576344,63.31231171729296
2,295.0,88.9144679895707,0.95,0.05,0.0,0.0,0.0,0.0,0.0,0.0,300.83,92.66,0.980620283881262,0.9595776817350604,97.47338258073955,71.79673880723297,665.3746678451604,271.2294772588434,0.9634958475234574,0.0365041524765425,0.0,0.0,0.0,0.0,0.0,0.0,0.8785487223966179,0.1214512776033822,0.0,0.0,0.0,0.0,0.0,0.0,0.3714028331640194,4.280619374750853,1.000000000262494,1.000000000077372,0.0,0.0,0.0,0.0,0.0,0.0,0.7007191954812403,705.9625820508377,229.82343987692175,302.7106577576344,63.31231171729296
2,295.0,91.76740618662696,0.95,0.05,0.0,0.0,0.0,0.0,0.0,0.0,300.83,92.66,0.980620283881262,0.9903669996398335,97.47338258073955,71.79673880723297,660.1833655172744,276.6990217082815,0.959090197940372,0.0409098020596279,0.0,0.0,0.0,0.0,0.0,0.0,0.8696770041637129,0.1303229958362871,0.0,0.0,0.0,0.0,0.0,0.0,0.3394535980327977,4.428551952044905,1.0000000019727144,1.0000000052366174,0.0,0.0,0.0,0.0,0.0,0.0,0.7007191954812403,705.9625820508377,229.82343987692175,302.7106577576344,63.31231171729296
2,295.0,94.62034438368326,0.95,0.05,0.0,0.0,0.0,0.0,0.0,0.0,300.83,92.66,0.980620283881262,1.0211563175446068,97.47338258073955,71.79673880723297,654.8118908722554,282.3946458288513,0.95459460155814,0.0454053984418601,0.0,0.0,0.0,0.0,0.0,0.0,0.861548931662388,0.1384510683376119,0.0,0.0,0.0,0.0,0.0,0.0,0.3084412002054248,4.590333866242645,1.000000001334885,1.0000000020847406,0.0,0.0,0.0,0.0,0.0,0.0,0.7007191954812403,705.9625820508377,229.82343987692175,302.7106577576344,63.31231171729296
2,295.0,97.47328258073956,0.95,0.05,0.0,0.0,0.0,0.0,0.0,0.0,300.83,92.66,0.980620283881262,1.05194563544938,97.47338258073955,71.79673880723297,649.2416671602839,288.3375502294549,0.9500001650151552,0.0499998349848447,0.0,0.0,0.0,0.0,0.0,0.0,0.8541318410652281,0.1458681589347719,0.0,0.0,0.0,0.0,0.0,0.0,0.2785471157316962,4.768298789516274,1.0000000000000704,1.000000000000637,0.0,0.0,0.0,0.0,0.0,0.0,0.7007191954812403,705.9625820508377,229.82343987692175,302.7106577576344,63.31231171729296
3,200.0,2.599654102746644,0.95,0.0,0.0,0.0,0.0,0.0,0.0,0.05,304.23,76.01,0.657397363836571,0.0342014748420818,2.606366123918593,2.599554102746644,1197.45033781431,7.099534053968394,0.9365067339623429,0.0,0.0,0.0,0.0,0.0,0.0,0.0634932660376572,0.9501274641062358,0.0,0.0,0.0,0.0,0.0,0.0,0.0498725358937642,22.4012270741532,0.6825758279820413,1.000000008110361,0.0,0.0,0.0,0.0,0.0,0.0,1.0003909030180151,22.53960113748808,1221.920496490378,7.249541730897533,302.7106577576344,2.6239816647333654
3,200.0,2.600388771765749,0.95,0.0,0.0,0.0,0.0,0.0,0.0,0.05,304.23,76.01,0.657397363836571,0.0342111402679351,2.606366123918593,2.599554102746644,1197.97882777401,7.103139455934678,0.937920165115905,0.0,0.0,0.0,0.0,0.0,0.0,0.0620798348840949,0.951072700866182,0.0,0.0,0.0,0.0,0.0,0.0,0.0489272991338179,22.40293016930865,0.6825950787528043,1.0000000081414124,0.0,0.0,0.0,0.0,0.0,0.0,1.0004068436410078,22.53960113748808,1221.920496490378,7.249541730897533,302.7106577576344,2.6239816647333654
3,200.0,2.6011234407848547,0.95,0.0,0.0,0.0,0.0,0.0,0.0,0.05,304.23,76.01,0.657397363836571,0.0342208056937883,2.606366123918593,2.599554102746644,1198.5132555774496,7.106771403692795,0.9393475029655176,0.0,0.0,0.0,0.0,0.0,0.0,0.0606524970344825,0.9520338883692456,0.0,0.0,0.0,0.0,0.0,0.0,0.0479661116307545,22.4047090008912,0.6826136240764457,1.0000000081708182,0.0,0.0,0.0,0.0,0.0,0.0,1.000423054905084,22.53960113748808,1221.920496490378,7.249541730897533,302.7106577576344,2.6239816647333654
3,200.0,2.60185810980396,0.95,0.0,0.0,0.0,0.0,0.0,0.0,0.05,304.23,76.01,0.657397363836571,0.0342304711196416,2.606366123918593,2.599554102746644,1199.0538860741335,7.11043102602443,0.9407893931977092,0.0,0.0,0.0,0.0,0.0,0.0,0.0592106068022909,0.953011714408256,0.0,0.0,0.0,0.0,0.0,0.0,0.0469882855917438,22.40656644824644,0.6826314362143671,1.00000000819859,0.0,0.0,0.0,0.0,0.0,0.0,1.0004476526590254,22.53960113748808,1221.920496490378,7.249541730897533,302.7106577576344,2.6239816647333654
3,200.0,2.6025927788230656,0.95,0.0,0.0,0.0,0.0,0.0,0.0,0.05,304.23,76.01,0.657397363836571,0.0342401365454948,2.606366123918593,2.599554102746644,1199.6009929277811,7.114119534324592,0.9422465005943872,0.0,0.0,0.0,0.0,0.0,0.0,0.0577534994056129,0.95400691729652,0.0,0.0,0.0,0.0,0.0,0.0,0.0459930827034798,22.408505603782917,0.6826484854618251,1.0000000082246403,0.0,0.0,0.0,0.0,0.0,0.0,1.0004939259067454,22.53960113748808,1221.920496490378,7.249541730897533,302.7106577576344,2.6239816647333654
3,200.0,2.603327447842171,0.95,0.0,0.0,0.0,0.0,0.0,0.0,0.05,304.23,76.01,0.657397363836571,0.0342498019713481,2.606366123918593,2.599554102746644,1200.154876782262,7.117838231144823,0.9437195570751492,0.0,0.0,0.0,0.0,0.0,0.0,0.0562804429248507,0.95502029109829,0.0,0.0,0.0,0.0,0.0,0.0,0.0449797089017102,22.410529788834275,0.6826647399729587,1.0000000082489058,0.0,0.0,0.0,0.0,0.0,0.0,1.0005412400856046,22.53960113748808,1221.920496490378,7.249541730897533,302.7106577576344,2.6239816647333654
3,200.0,2.6040621168612765,0.95,0.0,0.0,0.0,0.0,0.0,0.0,0.05,304.23,76.01,0.657397363836571,0.0342594673972013,2.606366123918593,2.599554102746644,1200.715866143314,7.121588520085967,0.9452093634345466,0.0,0.0,0.0,0.0,0.0,0.0,0.0547906365654534,0.9560526916859972,0.0,0.0,0.0,0.0,0.0,0.0,0.0439473083140026,22.41264257777793,0.6826801655246052,1.0000000082713598,0.0,0.0,0.0,0.0,0.0,0.0,1.0005895224062875,22.53960113748808,1221.920496490378,7.249541730897533,302.7106577576344,2.6239816647333654
3,200.0,2.604796785880382,0.95,0.0,0.0,0.0,0.0,0.0,0.0,0.05,304.23,76.01,0.657397363836571,0.0342691328230546,2.606366123918593,2.599554102746644,1201.2843039916224,7.125371917266506,0.9467167532224624,0.0,0.0,0.0,0.0,0.0,0.0,0.0532832467775375,0.9571050437705896,0.0,0.0,0.0,0.0,0.0,0.0,0.0428949562294105,22.41484783163849,0.6826947252204484,1.0000000082919112,0.0,0.0,0.0,0.0,0.0,0.0,1.0006387033485389,22.53960113748808,1221.920496490378,7.249541730897533,302.7106577576344,2.6239816647333654
3,200.0,2.6055314548994875,0.95,0.0,0.0,0.0,0.0,0.0,0.0,0.05,304.23,76.01,0.657397363836571,0.0342787982489078,2.606366123918593,2.599554102746644,1201.8605722943223,7.129190064260302,0.9482426572163632,0.0,0.0,0.0,0.0,0.0,0.0,0.0517573427836368,0.9581783488371876,0.0,0.0,0.0,0.0,0.0,0.0,0.0418216511628124,22.41714972837724,0.682708379236886,1.0000000083104528,0.0,0.0,0.0,0.0,0.0,0.0,1.0006887183963895,22.53960113748808,1221.920496490378,7.249541730897533,302.7106577576344,2.6239816647333654
3,200.0,2.606266123918593,0.95,0.0,0.0,0.0,0.0,0.0,0.0,0.05,304.23,76.01,0.657397363836571,0.0342884636747611,2.606366123918593,2.599554102746644,1202.4450852571235,7.13304474311244,0.9497880846922248,0.0,0.0,0.0,0.0,0.0,0.0,0.0502119153077752,0.9592736943139264,0.0,0.0,0.0,0.0,0.0,0.0,0.0407263056860735,22.419552796699392,0.6827210844393796,1.0000000083333722,0.0,0.0,0.0,0.0,0.0,0.0,1.0007397145273342,22.53960113748808,1221.920496490378,7.249541730897533,302.7106577576344,2.6239816647333654
3,205.0,3.3182534938790176,0.95,0.0,0.0,0.0,0.0,0.0,0.0,0.05,304.23,76.01,0.6738322979324852,0.0436554860397186,3.328531319289431,3.3181534938790174,1181.8700804037187,8.919367946683991,0.9352131109025872,0.0,0.0,0.0,0.0,0.0,0.0,0.0647868890974128,0.95009059465028,0.0,0.0,0.0,0.0,0.0,0.0,0.04990940534972,21.054159883421,0.7100144008438335,1.0,0.0,0.0,0.0,0.0,0.0,0.0,1.0000001032647503,21.15779579629945,1206.2779501886548,9.12387059747945,302.7106577576344,3.35468958110042
3,205.0,3.319384363369064,0.95,0.0,0.0,0.0,0.0,0.0,0.0,0.05,304.23,76.01,0.6738322979324852,0.0436703639438108,3.328531319289431,3.3181534938790174,1182.440610704883,8.92463930720106,0.9367759382572376,0.0,0.0,0.0,0.0,0.0,0.0,0.0632240617427624,0.951124039486504,0.0,0.0,0.0,0.0,0.0,0.0,0.0488759605134958,21.055222977134477,0.7100445612467396,1.0,0.0,0.0,0.0,0.0,0.0,0.0,1.0000001165771122,21.15779579629945,1206.2779501886548,9.12387059747945,302.7106577576344,3.35468958110042
3,205.0,3.320515232859109,0.95,0.0,0.0,0.0,0.0,0.0,0.0,0.05,304.23,76.01,0.6738322979324852,0.043685241847903,3.328531319289431,3.3181534938790174,1183.0172284262087,8.929946260308325,0.9383529777925562,0.0,0.0,0.0,0.0,0.0,0.0,0.0616470222074437,0.9521743687115862,0.0,0.0,0.0,0.0,0.0,0.0,0.0478256312884136,21.056362647522047,0.7100739235430474,1.0,0.0,0.0,0.0,0.0,0.0,0.0,1.0000001517808188,21.15779579629945,1206.2779501886548,9.12387059747945,302.7106577576344,3.35468958110042
3,205.0,3.3216461023491552,0.95,0.0,0.0,0.0,0.0,0.0,0.0,0.05,304.23,76.01,0.6738322979324852,0.0437001197519952,3.328531319289431,3.3181534938790174,1183.6001893027508,8.935290251253393,0.9399448573328408,0.0,0.0,0.0,0.0,0.0,0.0,0.0600551426671591,0.95324228006961,0.0,0.0,0.0,0.0,0.0,0.0,0.04675771993039,21.057581584916097,0.7101024576927607,1.0,0.0,0.0,0.0,0.0,0.0,0.0,1.0000002033166362,21.15779579629945,1206.2779501886548,9.12387059747945,302.7106577576344,3.35468958110042
3,205.0,3.3227769718392013,0.95,0.0,0.0,0.0,0.0,0.0,0.0,0.05,304.23,76.01,0.6738322979324852,0.0437149976560873,3.328531319289431,3.3181534938790174,1184.1897701914977,8.940672826075081,0.9415522574635088,0.0,0.0,0.0,0.0,0.0,0.0,0.0584477425364912,0.954328520176163,0.0,0.0,0.0,0.0,0.0,0.0,0.045671479823837,21.05888266436419,0.7101301316718633,1.0,0.0,0.0,0.0,0.0,0.0,0.0,1.0000002548617757,21.15779579629945,1206.2779501886548,9.12387059747945,302.7106577576344,3.35468958110042
3,205.0,3.323907841329247,0.95,0.0,0.0,0.0,0.0,0.0,0.0,0.05,304.23,76.01,0.6738322979324852,0.0437298755601795,3.328531319289431,3.3181534938790174,1184.7862554470655,8.946095641753013,0.943175873925911,0.0,0.0,0.0,0.0,0.0,0.0,0.0568241260740891,0.9554338894494264,0.0,0.0,0.0,0.0,0.0,0.0,0.0445661105505735,21.060268964875856,0.7101569112491447,1.0,0.0,0.0,0.0,0.0,0.0,0.0,1.0000003061232017,21.15779579629945,1206.2779501886548,9.12387059747945,302.7106577576344,3.35468958110042
3,205.0,3.325038710819293,0.95,0.0,0.0,0.0,0.0,0.0,0.0,0.05,304.23,76.01,0.6738322979324852,0.0437447534642717,3.328531319289431,3.3181534938790174,1185.389965821404,8.951560477728933,0.944816495863704,0.0,0.0,0.0,0.0,0.0,0.0,0.055183504136296,0.956559247701122,0.0,0.0,0.0,0.0,0.0,0.0,0.0434407522988779,21.06174379107689,0.7101827598124885,1.0,0.0,0.0,0.0,0.0,0.0,0.0,1.0000004475655198,21.15779579629945,1206.2779501886548,9.12387059747945,302.7106577576344,3.35468958110042
3,205.0,3.326169580309339,0.95,0.0,0.0,0.0,0.0,0.0,0.0,0.05,304.23,76.01,0.6738322979324852,0.0437596313683638,3.328531319289431,3.3181534938790174,1186.0012343633366,8.957069248772587,0.9464749395640124,0.0,0.0,0.0,0.0,0.0,0.0,0.0535250604359874,0.9577055204294233,0.0,0.0,0.0,0.0,0.0,0.0,0.0422944795705768,21.063310695835767,0.710207638064351,1.0,0.0,0.0,0.0,0.0,0.0,0.0,1.0000006480038333,21.15779579629945,1206.2779501886548,9.12387059747945,302.7106577576344,3.35468958110042
3,205.0,3.327300449799385,0.95,0.0,0.0,0.0,0.0,0.0,0.0,0.05,304.23,76.01,0.6738322979324852,0.043774509272456,3.328531319289431,3.3181534938790174,1186.620430973927,8.962624020276367,0.9481521145469602,0.0,0.0,0.0,0.0,0.0,0.0,0.0518478854530396,0.958873706150414,0.0,0.0,0.0,0.0,0.0,0.0,0.0411262938495859,21.06497350868313,0.7102315037762033,1.0,0.0,0.0,0.0,0.0,0.0,0.0,1.00000085787341,21.15779579629945,1206.2779501886548,9.12387059747945,302.7106577576344,3.35468958110042
3,205.0,3.3284313192894306,0.95,0.0,0.0,0.0,0.0,0.0,0.0,0.05,304.23,76.01,0.6738322979324852,0.0437893871765482,3.328531319289431,3.3181534938790174,1187.2479441018704,8.968227024741475,0.949848973135898,0.0,0.0,0.0,0.0,0.0,0.0,0.050151026864102,0.960064884555735,0.0,0.0,0.0,0.0,0.0,0.0,0.0399351154442649,21.066736365053767,0.7102543114119513,1.0,0.0,0.0,0.0,0.0,0.0,0.0,1.0000016505305604,21.15779579629945,1206.2779501886548,9.12387059747945,302.7106577576344,3.35468958110042
3,210.0,4.181284980346829,0.95,0.0,0.0,0.0,0.0,0.0,0.0,0.05,304.23,76.01,0.6902672320283996,0.0550096695217317,4.196221297202333,4.1811849803468295,1166.067796327481,11.082237594322525,0.934162267296418,0.0,0.0,0.0,0.0,0.0,0.0,0.065837732703582,0.950066514579094,0.0,0.0,0.0,0.0,0.0,0.0,0.049933485420906,19.72342121058284,0.7394753839131127,1.0,0.0,0.0,0.0,0.0,0.0,0.0,1.000000000062353,19.793904820789816,1190.2941504876192,11.354703713715036,302.7106577576344,4.233266563955471
3,210.0,4.182933459997441,0.95,0.0,0.0,0.0,0.0,0.0,0.0,0.05,304.23,76.01,0.6902672320283996,0.0550313571898097,4.196221297202333,4.1811849803468295,1166.6676357992776,11.089628905582314,0.935846701158695,0.0,0.0,0.0,0.0,0.0,0.0,0.064153298841305,0.951171965719986,0.0,0.0,0.0,0.0,0.0,0.0,0.048828034280014,19.72375977084418,0.7395176517118053,1.0,0.0,0.0,0.0,0.0,0.0,0.0,1.0000000000254785,19.793904820789816,1190.2941504876192,11.354703713715036,302.7106577576344,4.233266563955471
3,210.0,4.184581939648052,0.95,0.0,0.0,0.0,0.0,0.0,0.0,0.05,304.23,76.01,0.6902672320283996,0.0550530448578878,4.196221297202333,4.1811849803468295,1167.2735703467729,11.097066106279412,0.9375453184846144,0.0,0.0,0.0,0.0,0.0,0.0,0.0624546815153855,0.9522947826262902,0.0,0.0,0.0,0.0,0.0,0.0,0.0477052173737098,19.724173780613118,0.7395590471403637,1.0,0.0,0.0,0.0,0.0,0.0,0.0,1.0,19.793904820789816,1190.2941504876192,11.354703713715036,302.7106577576344,4.233266563955471
3,210.0,4.186230419298664,0.95,0.0,0.0,0.0,0.0,0.0,0.0,0.05,304.23,76.01,0.6902672320283996,0.0550747325259658,4.196221297202333,4.1811849803468295,1167.885845897487,11.10455096872684,0.9392587291337248,0.0,0.0,0.0,0.0,0.0,0.0,0.0607412708662751,0.9534356506286004,0.0,0.0,0.0,0.0,0.0,0.0,0.0465643493713995,19.724665671043294,0.7395995387691847,1.0,0.0,0.0,0.0,0.0,0.0,0.0,1.0,19.793904820789816,1190.2941504876192,11.354703713715036,302.7106577576344,4.233266563955471
3,210.0,4.187878898949276,0.95,0.0,0.0,0.0,0.0,0.0,0.0,0.05,304.23,76.01,0.6902672320283996,0.0550964201940438,4.196221297202333,4.1811849803468295,1168.5047215227623,11.1120853828747,0.9409875745324344,0.0,0.0,0.0,0.0,0.0,0.0,0.0590124254675655,0.9545953007756316,0.0,0.0,0.0,0.0,0.0,0.0,0.0454046992243684,19.72523803371021,0.7396390932193875,1.0,0.0,0.0,0.0,0.0,0.0,0.0,1.0,19.793904820789816,1190.2941504876192,11.354703713715036,302.7106577576344,4.233266563955471
3,210.0,4.189527378599887,0.95,0.0,0.0,0.0,0.0,0.0,0.0,0.05,304.23,76.01,0.6902672320283996,0.0551181078621219,4.196221297202333,4.1811849803468295,1169.1304773820195,11.119671367424536,0.9427325494222224,0.0,0.0,0.0,0.0,0.0,0.0,0.0572674505777775,0.9557745141617716,0.0,0.0,0.0,0.0,0.0,0.0,0.0442254858382284,19.725893632569477,0.7396776749738465,1.0,0.0,0.0,0.0,0.0,0.0,0.0,1.0,19.793904820789816,1190.2941504876192,11.354703713715036,302.7106577576344,4.233266563955471
3,210.0,4.1911758582504985,0.95,0.0,0.0,0.0,0.0,0.0,0.0,0.05,304.23,76.01,0.6902672320283996,0.0551397955301999,4.196221297202333,4.1811849803468295,1169.7634040874696,11.127311082570628,0.9444943716635652,0.0,0.0,0.0,0.0,0.0,0.0,0.0555056283364348,0.9569741268926394,0.0,0.0,0.0,0.0,0.0,0.0,0.0430258731073606,19.72663542399836,0.7397152461731281,1.0,0.0,0.0,0.0,0.0,0.0,0.0,1.0,19.793904820789816,1190.2941504876192,11.354703713715036,302.7106577576344,4.233266563955471
3,210.0,4.192824337901111,0.95,0.0,0.0,0.0,0.0,0.0,0.0,0.05,304.23,76.01,0.6902672320283996,0.0551614831982779,4.196221297202333,4.1811849803468295,1170.403819911548,11.135006844242897,0.946273829676029,0.0,0.0,0.0,0.0,0.0,0.0,0.053726170323971,0.9581950356366796,0.0,0.0,0.0,0.0,0.0,0.0,0.0418049643633204,19.727466575270658,0.7397517663890824,1.0,0.0,0.0,0.0,0.0,0.0,0.0,1.0,19.793904820789816,1190.2941504876192,11.354703713715036,302.7106577576344,4.233266563955471
3,210.0,4.194472817551722,0.95,0.0,0.0,0.0,0.0,0.0,0.0,0.05,304.23,76.01,0.6902672320283996,0.055183170866356,4.196221297202333,4.1811849803468295,1171.0520695608395,11.14276114027417,0.948071778240656,0.0,0.0,0.0,0.0,0.0,0.0,0.051928221759344,0.9594382039020588,0.0,0.0,0.0,0.0,0.0,0.0,0.0405617960979414,19.72839048324685,0.7397871923510486,1.0,0.0,0.0,0.0,0.0,0.0,0.0,1.0,19.793904820789816,1190.2941504876192,11.354703713715036,302.7106577576344,4.233266563955471
3,210.0,4.196121297202334,0.95,0.0,0.0,0.0,0.0,0.0,0.0,0.05,304.23,76.01,0.6902672320283996,0.055204858534434,4.196221297202333,4.1811849803468295,1171.7085156048895,11.150576648743508,0.9498891139939164,0.0,0.0,0.0,0.0,0.0,0.0,0.0501108860060836,0.9607046692488486,0.0,0.0,0.0,0.0,0.0,0.0,0.0392953307511515,19.729410804320747,0.7398214776533522,1.0,0.0,0.0,0.0,0.0,0.0,0.0,1.0,19.793904820789816,1190.2941504876192,11.354703713715036,302.7106577576344,4.233266563955471
3,215.0,5.2068711870732445,0.95,0.0,0.0,0.0,0.0,0.0,0.0,0.05,304.23,76.01,0.7067021661243138,0.0685024495076074,5.227697523949966,5.206771187073245,1149.9725259988256,13.633206210994036,0.9333301849198966,0.0,0.0,0.0,0.0,0.0,0.0,0.0666698150801034,0.950050153192508,0.0,0.0,0.0,0.0,0.0,0.0,0.0499498468074921,18.409129521799763,0.7711669543498096,1.0,0.0,0.0,0.0,0.0,0.0,0.0,1.0000000012020476,18.448205290897207,1173.908539729092,13.989350648063478,302.7106577576344,5.278346606766283
3,215.0,5.20917411339288,0.95,0.0,0.0,0.0,0.0,0.0,0.0,0.05,304.23,76.01,0.7067021661243138,0.0685327471831716,5.227697523949966,5.206771187073245,1150.590576880486,13.6432365070044,0.9351114679608262,0.0,0.0,0.0,0.0,0.0,0.0,0.0648885320391737,0.9512140487249706,0.0,0.0,0.0,0.0,0.0,0.0,0.0487859512750293,18.40870505647655,0.7712224642252352,1.0,0.0,0.0,0.0,0.0,0.0,0.0,1.0000000012053982,18.448205290897207,1173.908539729092,13.989350648063478,302.7106577576344,5.278346606766283
3,215.0,5.211477039712516,0.95,0.0,0.0,0.0,0.0,0.0,0.0,0.05,304.23,76.01,0.7067021661243138,0.0685630448587359,5.227697523949966,5.206771187073245,1151.2146388453896,13.653324228938114,0.936906698960562,0.0,0.0,0.0,0.0,0.0,0.0,0.063093301039438,0.9523954399924346,0.0,0.0,0.0,0.0,0.0,0.0,0.0476045600075654,18.408353549230835,0.7712770445648772,1.0,0.0,0.0,0.0,0.0,0.0,0.0,1.0000000012037753,18.448205290897207,1173.908539729092,13.989350648063478,302.7106577576344,5.278346606766283
3,215.0,5.213779966032152,0.95,0.0,0.0,0.0,0.0,0.0,0.0,0.05,304.23,76.01,0.7067021661243138,0.0685933425343001,5.227697523949966,5.206771187073245,1151.8449405727788,13.663471481272008,0.9387164499277424,0.0,0.0,0.0,0.0,0.0,0.0,0.0612835500722575,0.9535949851569936,0.0,0.0,0.0,0.0,0.0,0.0,0.0464050148430064,18.4080771485377,0.771330663297701,1.0,0.0,0.0,0.0,0.0,0.0,0.0,1.0000000011976828,18.448205290897207,1173.908539729092,13.989350648063478,302.7106577576344,5.278346606766283
3,215.0,5.216082892351787,0.95,0.0,0.0,0.0,0.0,0.0,0.0,0.05,304.23,76.01,0.7067021661243138,0.0686236402098643,5.227697523949966,5.206771187073245,1152.4817232209032,13.673680501007036,0.9405413233680228,0.0,0.0,0.0,0.0,0.0,0.0,0.0594586766319774,0.9548133840583584,0.0,0.0,0.0,0.0,0.0,0.0,0.0451866159416416,18.407878134806747,0.7713832864885134,1.0,0.0,0.0,0.0,0.0,0.0,0.0,1.0000000011878911,18.448205290897207,1173.908539729092,13.989350648063478,302.7106577576344,5.278346606766283
3,215.0,5.218385818671424,0.95,0.0,0.0,0.0,0.0,0.0,0.0,0.05,304.23,76.01,0.7067021661243138,0.0686539378854285,5.227697523949966,5.206771187073245,1153.1252435939411,13.683953669813269,0.9423819609329708,0.0,0.0,0.0,0.0,0.0,0.0,0.0576180390670293,0.9560513820455704,0.0,0.0,0.0,0.0,0.0,0.0,0.0439486179544295,18.407758935967056,0.7714348781831405,1.0,0.0,0.0,0.0,0.0,0.0,0.0,1.0000000011742496,18.448205290897207,1173.908539729092,13.989350648063478,302.7106577576344,5.278346606766283
3,215.0,5.220688744991059,0.95,0.0,0.0,0.0,0.0,0.0,0.0,0.05,304.23,76.01,0.7067021661243138,0.0686842355609927,5.227697523949966,5.206771187073245,1153.7757789912823,13.694293527262609,0.9442390567552292,0.0,0.0,0.0,0.0,0.0,0.0,0.0557609432447706,0.9573097741522388,0.0,0.0,0.0,0.0,0.0,0.0,0.0426902258477612,18.40772213670757,0.7714854002039033,1.0,0.0,0.0,0.0,0.0,0.0,0.0,1.0000000011570764,18.448205290897207,1173.908539729092,13.989350648063478,302.7106577576344,5.278346606766283
3,215.0,5.222991671310695,0.95,0.0,0.0,0.0,0.0,0.0,0.0,0.05,304.23,76.01,0.7067021661243138,0.0687145332365569,5.227697523949966,5.206771187073245,1154.4336148665816,13.704702786134613,0.9461133216465198,0.0,0.0,0.0,0.0,0.0,0.0,0.0538866783534802,0.9585894099025308,0.0,0.0,0.0,0.0,0.0,0.0,0.0414105900974693,18.407770496186533,0.7715348119691812,1.0,0.0,0.0,0.0,0.0,0.0,0.0,1.000000001136625,18.448205290897207,1173.908539729092,13.989350648063478,302.7106577576344,5.278346606766283
3,215.0,5.225294597630331,0.95,0.0,0.0,0.0,0.0,0.0,0.0,0.05,304.23,76.01,0.7067021661243138,0.0687448309121211,5.227697523949966,5.206771187073245,1155.099069545987,13.715184349159546,0.9480055530444648,0.0,0.0,0.0,0.0,0.0,0.0,0.0519944469555353,0.9598911986289288,0.0,0.0,0.0,0.0,0.0,0.0,0.0401088013710712,18.40790696385596,0.7715830702268819,1.0,0.0,0.0,0.0,0.0,0.0,0.0,1.0000000011131234,18.448205290897207,1173.908539729092,13.989350648063478,302.7106577576344,5.278346606766283
3,215.0,5.227597523949966,0.95,0.0,0.0,0.0,0.0,0.0,0.0,0.05,304.23,76.01,0.7067021661243138,0.0687751285876853,5.227697523949966,5.206771187073245,1155.7724749436327,13.725741328218731,0.9499165792738408,0.0,0.0,0.0,0.0,0.0,0.0,0.0500834207261591,0.961216115513508,0.0,0.0,0.0,0.0,0.0,0.0,0.038783884486492,18.408134697257708,0.7716301288127632,1.0,0.0,0.0,0.0,0.0,0.0,0.0,1.0000000010867915,18.448205290897207,1173.908539729092,13.989350648063478,302.7106577576344,5.278346606766283
3,220.0,6.41396499518521,0.95,0.0,0.0,0.0,0.0,0.0,0.0,0.05,304.23,76.01,0.723137100220228,0.0843831732033312,6.442036183009371,6.41386499518521,1133.5094460937048,16.622405875590776,0.9326967339383828,0.0,0.0,0.0,0.0,0.0,0.0,0.0673032660616171,0.9500386722682574,0.0,0.0,0.0,0.0,0.0,0.0,0.0499613277317425,17.111620586963312,0.8053557322328537,1.0,0.0,0.0,0.0,0.0,0.0,0.0,1.000000000277285,17.121140165384258,1157.0541060432145,17.08052563899556,302.7106577576344,6.509407158415541
3,220.0,6.41707290494345,0.95,0.0,0.0,0.0,0.0,0.0,0.0,0.05,304.23,76.01,0.723137100220228,0.0844240613727595,6.442036183009371,6.41386499518521,1134.1359165669696,16.63566223246342,0.9345525359489896,0.0,0.0,0.0,0.0,0.0,0.0,0.0654474640510103,0.9512493171099032,0.0,0.0,0.0,0.0,0.0,0.0,0.0487506828900967,17.11042927347391,0.8054264046835542,1.0,0.0,0.0,0.0,0.0,0.0,0.0,1.0000000003761196,17.121140165384258,1157.0541060432145,17.08052563899556,302.7106577576344,6.509407158415541
3,220.0,6.42018081470169,0.95,0.0,0.0,0.0,0.0,0.0,0.0,0.05,304.23,76.01,0.723137100220228,0.0844649495421877,6.442036183009371,6.41386499518521,1134.7682463674898,16.648988755535893,0.9364219026692948,0.0,0.0,0.0,0.0,0.0,0.0,0.0635780973307051,0.95247731081652,0.0,0.0,0.0,0.0,0.0,0.0,0.0475226891834801,17.10930747459137,0.80549609661985,1.0,0.0,0.0,0.0,0.0,0.0,0.0,1.0000000004516698,17.121140165384258,1157.0541060432145,17.08052563899556,302.7106577576344,6.509407158415541
3,220.0,6.423288724459931,0.95,0.0,0.0,0.0,0.0,0.0,0.0,0.05,304.23,76.01,0.723137100220228,0.0845058377116159,6.442036183009371,6.41386499518521,1135.4066453741043,16.662387880011167,0.9383053638601924,0.0,0.0,0.0,0.0,0.0,0.0,0.0616946361398077,0.953723274722282,0.0,0.0,0.0,0.0,0.0,0.0,0.046276725277718,17.108257055062374,0.8055647754980214,1.0,0.0,0.0,0.0,0.0,0.0,0.0,1.0000000005033534,17.121140165384258,1157.0541060432145,17.08052563899556,302.7106577576344,6.509407158415541
3,220.0,6.426396634218171,0.95,0.0,0.0,0.0,0.0,0.0,0.0,0.05,304.23,76.01,0.723137100220228,0.0845467258810442,6.442036183009371,6.41386499518521,1136.0513348381232,16.67586218657453,0.9402034775007028,0.0,0.0,0.0,0.0,0.0,0.0,0.0597965224992973,0.954987867505338,0.0,0.0,0.0,0.0,0.0,0.0,0.0450121324946621,17.107279988329104,0.8056324070020722,1.0,0.0,0.0,0.0,0.0,0.0,0.0,1.0000000005325804,17.121140165384258,1157.0541060432145,17.08052563899556,302.7106577576344,6.509407158415541
3,220.0,6.42950454397641,0.95,0.0,0.0,0.0,0.0,0.0,0.0,0.05,304.23,76.01,0.723137100220228,0.0845876140504724,6.442036183009371,6.41386499518521,1136.702549594151,16.689414413869603,0.9421168358825796,0.0,0.0,0.0,0.0,0.0,0.0,0.0578831641174203,0.9562717883991644,0.0,0.0,0.0,0.0,0.0,0.0,0.0437282116008355,17.106378366063662,0.8056989549004264,1.0,0.0,0.0,0.0,0.0,0.0,0.0,1.00000000054269,17.121140165384258,1157.0541060432145,17.08052563899556,302.7106577576344,6.509407158415541
3,220.0,6.4326124537346505,0.95,0.0,0.0,0.0,0.0,0.0,0.0,0.05,304.23,76.01,0.723137100220228,0.0846285022199006,6.442036183009371,6.41386499518521,1137.3605417821043,16.70304747242734,0.9440460760457844,0.0,0.0,0.0,0.0,0.0,0.0,0.0559539239542155,0.9575757807850528,0.0,0.0,0.0,0.0,0.0,0.0,0.0424242192149473,17.105554410308997,0.8057643808944427,1.0,0.0,0.0,0.0,0.0,0.0,0.0,1.0000000005366243,17.121140165384258,1157.0541060432145,17.08052563899556,302.7106577576344,6.509407158415541
3,220.0,6.435720363492891,0.95,0.0,0.0,0.0,0.0,0.0,0.0,0.05,304.23,76.01,0.723137100220228,0.0846693903893289,6.442036183009371,6.41386499518521,1138.0255743071148,16.71676446017577,0.9459918600426698,0.0,0.0,0.0,0.0,0.0,0.0,0.0540081399573303,0.9589006361602872,0.0,0.0,0.0,0.0,0.0,0.0,0.0410993638397129,17.104810482464952,0.8058286444073389,1.0,0.0,0.0,0.0,0.0,0.0,0.0,1.0000000005170422,17.121140165384258,1157.0541060432145,17.08052563899556,302.7106577576344,6.509407158415541
3,220.0,6.438828273251131,0.95,0.0,0.0,0.0,0.0,0.0,0.0,0.05,304.23,76.01,0.723137100220228,0.0847102785587571,6.442036183009371,6.41386499518521,1138.6979270347845,16.7305686795751,0.9479548926147736,0.0,0.0,0.0,0.0,0.0,0.0,0.0520451073852265,0.960247198593648,0.0,0.0,0.0,0.0,0.0,0.0,0.0397528014063519,17.104149097593165,0.805891702393403,1.0,0.0,0.0,0.0,0.0,0.0,0.0,1.0000000004865144,17.121140165384258,1157.0541060432145,17.08052563899556,302.7106577576344,6.509407158415541
3,220.0,6.441936183009371,0.95,0.0,0.0,0.0,0.0,0.0,0.0,0.05,304.23,76.01,0.723137100220228,0.0847511667281853,6.442036183009371,6.41386499518521,1139.377909542001,16.744463657327746,0.9499359577232588,0.0,0.0,0.0,0.0,0.0,0.0,0.0500640422767413,0.9616163697648916,0.0,0.0,0.0,0.0,0.0,0.0,0.0383836302351083,17.103572939463046,0.8059535091376467,1.0,0.0,0.0,0.0,0.0,0.0,0.0,1.0000000004477587,17.121140165384258,1157.0541060432145,17.08052563899556,302.7106577576344,6.509407158415541
3,225.0,7.822312176544327,0.95,0.0,0.0,0.0,0.0,0.0,0.0,0.05,304.23,76.01,0.7395720343161424,0.1029116192151601,7.85908552453503,7.822212176544327,1116.5976300809946,20.10619148851016,0.932244616154512,0.0,0.0,0.0,0.0,0.0,0.0,0.0677553838454879,0.9500303955928664,0.0,0.0,0.0,0.0,0.0,0.0,0.0499696044071337,15.831439733270454,0.8424215147314094,1.0,0.0,0.0,0.0,0.0,0.0,0.0,1.0,15.813326197117547,1139.6555629264626,20.687604017864448,302.7106577576344,7.946729358776584
3,225.0,7.826386992987738,0.95,0.0,0.0,0.0,0.0,0.0,0.0,0.05,304.23,76.01,0.7395720343161424,0.102965228167185,7.85908552453503,7.822212176544327,1117.2238013411602,20.123333163423315,0.934154621160506,0.0,0.0,0.0,0.0,0.0,0.0,0.065845378839494,0.9512774679093486,0.0,0.0,0.0,0.0,0.0,0.0,0.0487225320906513,15.829504238119029,0.842510073332975,1.0,0.0,0.0,0.0,0.0,0.0,0.0,1.0,15.813326197117547,1139.6555629264626,20.687604017864448,302.7106577576344,7.946729358776584
3,225.0,7.83046180943115,0.95,0.0,0.0,0.0,0.0,0.0,0.0,0.05,304.23,76.01,0.7395720343161424,0.1030188371192099,7.85908552453503,7.822212176544327,1117.8556307507715,20.14055889326704,0.9360777057212616,0.0,0.0,0.0,0.0,0.0,0.0,0.0639222942787383,0.9525415225370109,0.0,0.0,0.0,0.0,0.0,0.0,0.0474584774629893,15.827634151659408,0.8425976041061958,1.0,0.0,0.0,0.0,0.0,0.0,0.0,1.0,15.813326197117547,1139.6555629264626,20.687604017864448,302.7106577576344,7.946729358776584
3,225.0,7.834536625874561,0.95,0.0,0.0,0.0,0.0,0.0,0.0,0.05,304.23,76.01,0.7395720343161424,0.1030724460712348,7.85908552453503,7.822212176544327,1118.4933088547605,20.157871435498222,0.9380143553510968,0.0,0.0,0.0,0.0,0.0,0.0,0.0619856446489031,0.953823137896914,0.0,0.0,0.0,0.0,0.0,0.0,0.0461768621030858,15.82583106751246,0.8426840744347543,1.0,0.0,0.0,0.0,0.0,0.0,0.0,1.0,15.813326197117547,1139.6555629264626,20.687604017864448,302.7106577576344,7.946729358776584
3,225.0,7.838611442317973,0.95,0.0,0.0,0.0,0.0,0.0,0.0,0.05,304.23,76.01,0.7395720343161424,0.1031260550232597,7.85908552453503,7.822212176544327,1119.137036275276,20.17527370370038,0.9399650809225262,0.0,0.0,0.0,0.0,0.0,0.0,0.0600349190774738,0.955122925368183,0.0,0.0,0.0,0.0,0.0,0.0,0.0448770746318169,15.824096667384886,0.8427694500468341,1.0,0.0,0.0,0.0,0.0,0.0,0.0,1.0,15.813326197117547,1139.6555629264626,20.687604017864448,302.7106577576344,7.946729358776584
3,225.0,7.842686258761384,0.95,0.0,0.0,0.0,0.0,0.0,0.0,0.05,304.23,76.01,0.7395720343161424,0.1031796639752846,7.85908552453503,7.822212176544327,1119.787025295914,20.19276878026009,0.941930423074341,0.0,0.0,0.0,0.0,0.0,0.0,0.0580695769256589,0.956441531971702,0.0,0.0,0.0,0.0,0.0,0.0,0.0435584680282979,15.822432728369336,0.8428536948854102,1.0,0.0,0.0,0.0,0.0,0.0,0.0,1.0,15.813326197117547,1139.6555629264626,20.687604017864448,302.7106577576344,7.946729358776584
3,225.0,7.846761075204796,0.95,0.0,0.0,0.0,0.0,0.0,0.0,0.05,304.23,76.01,0.7395720343161424,0.1032332729273095,7.85908552453503,7.822212176544327,1120.443502654963,20.210359930405662,0.9439109601972068,0.0,0.0,0.0,0.0,0.0,0.0,0.0560890398027931,0.957779643343922,0.0,0.0,0.0,0.0,0.0,0.0,0.0422203566560779,15.820841131253028,0.842936770966864,1.0,0.0,0.0,0.0,0.0,0.0,0.0,1.0,15.813326197117547,1139.6555629264626,20.687604017864448,302.7106577576344,7.946729358776584
3,225.0,7.850835891648207,0.95,0.0,0.0,0.0,0.0,0.0,0.0,0.05,304.23,76.01,0.7395720343161424,0.1032868818793343,7.85908552453503,7.822212176544327,1121.1067049928745,20.228050617792693,0.9459072941788434,0.0,0.0,0.0,0.0,0.0,0.0,0.0540927058211565,0.959137987031258,0.0,0.0,0.0,0.0,0.0,0.0,0.0408620129687419,15.81932386904645,0.8430186382147518,1.0,0.0,0.0,0.0,0.0,0.0,0.0,1.0,15.813326197117547,1139.6555629264626,20.687604017864448,302.7106577576344,7.946729358776584
3,225.0,7.854910708091618,0.95,0.0,0.0,0.0,0.0,0.0,0.0,0.05,304.23,76.01,0.7395720343161424,0.1033404908313592,7.85908552453503,7.822212176544327,1121.77688311446,20.24584452158877,0.947920062807991,0.0,0.0,0.0,0.0,0.0,0.0,0.052079937192009,0.9605173361298968,0.0,0.0,0.0,0.0,0.0,0.0,0.0394826638701032,15.817883055846275,0.8430992542792267,1.0,0.0,0.0,0.0,0.0,0.0,0.0,1.0,15.813326197117547,1139.6555629264626,20.687604017864448,302.7106577576344,7.946729358776584
3,225.0,7.85898552453503,0.95,0.0,0.0,0.0,0.0,0.0,0.0,0.05,304.23,76.01,0.7395720343161424,0.1033940997833841,7.85908552453503,7.822212176544327,1122.4543116726948,20.263745555992287,0.949949968243326,0.0,0.0,0.0,0.0,0.0,0.0,0.0500500317566741,0.9619185133952128,0.0,0.0,0.0,0.0,0.0,0.0,0.038081486604787,15.816520938417376,0.8431785743507497,1.0,0.0,0.0,0.0,0.0,0.0,0.0,1.0,15.813326197117547,1139.6555629264626,20.687604017864448,302.7106577576344,7.946729358776584
3,230.0,9.45242910439246,0.95,0.0,0.0,0.0,0.0,0.0,0.0,0.05,304.23,76.01,0.7560069684120566,0.1243577043072288,9.499438230882436,9.452329104392462,1099.1475895147544,24.14867805549814,0.931958864821833,0.0,0.0,0.0,0.0,0.0,0.0,0.0680411351781671,0.950024289586032,0.0,0.0,0.0,0.0,0.0,0.0,0.0499757104139679,14.569343205263408,0.88283220972326,1.0,0.0,0.0,0.0,0.0,0.0,0.0,1.0,14.52556748614066,1121.6270137216943,24.87830228106012,302.7106577576344,9.61137473881863
3,230.0,9.457641229558014,0.95,0.0,0.0,0.0,0.0,0.0,0.0,0.05,304.23,76.01,0.7560069684120566,0.1244262758789371,9.499438230882436,9.452329104392462,1099.7656371980545,24.17044227644735,0.9339044645873116,0.0,0.0,0.0,0.0,0.0,0.0,0.0660955354126884,0.951298495821276,0.0,0.0,0.0,0.0,0.0,0.0,0.048701504178724,14.566706532055472,0.882941083131449,1.0,0.0,0.0,0.0,0.0,0.0,0.0,1.0,14.52556748614066,1121.6270137216943,24.87830228106012,302.7106577576344,9.61137473881863
3,230.0,9.462853354723569,0.95,0.0,0.0,0.0,0.0,0.0,0.0,0.05,304.23,76.01,0.7560069684120566,0.1244948474506455,9.499438230882436,9.452329104392462,1100.3891094889002,24.192305520086844,0.9358626019686084,0.0,0.0,0.0,0.0,0.0,0.0,0.0641373980313916,0.9525891428372693,0.0,0.0,0.0,0.0,0.0,0.0,0.0474108571627308,14.564130724411813,0.8830488955802984,1.0,0.0,0.0,0.0,0.0,0.0,0.0,1.0,14.52556748614066,1121.6270137216943,24.87830228106012,302.7106577576344,9.61137473881863
3,230.0,9.46806547988912,0.95,0.0,0.0,0.0,0.0,0.0,0.0,0.05,304.23,76.01,0.7560069684120566,0.1245634190223538,9.499438230882436,9.452329104392462,1101.0181703721462,24.21427085030547,0.9378336946513928,0.0,0.0,0.0,0.0,0.0,0.0,0.0621663053486071,0.953896762600903,0.0,0.0,0.0,0.0,0.0,0.0,0.0461032373990971,14.561617125474486,0.883155614984782,1.0,0.0,0.0,0.0,0.0,0.0,0.0,1.0,14.52556748614066,1121.6270137216943,24.87830228106012,302.7106577576344,9.61137473881863
3,230.0,9.473277605054673,0.95,0.0,0.0,0.0,0.0,0.0,0.0,0.05,304.23,76.01,0.7560069684120566,0.1246319905940622,9.499438230882436,9.452329104392462,1101.6530023939888,24.23634149524686,0.9398182135589664,0.0,0.0,0.0,0.0,0.0,0.0,0.0601817864410337,0.9552219157816718,0.0,0.0,0.0,0.0,0.0,0.0,0.0447780842183282,14.55916714827619,0.8832612077234842,1.0,0.0,0.0,0.0,0.0,0.0,0.0,1.0,14.52556748614066,1121.6270137216943,24.87830228106012,302.7106577576344,9.61137473881863
3,230.0,9.478489730220224,0.95,0.0,0.0,0.0,0.0,0.0,0.0,0.05,304.23,76.01,0.7560069684120566,0.1247005621657706,9.499438230882436,9.452329104392462,1102.2937955452996,24.25852085993645,0.9418166474293044,0.0,0.0,0.0,0.0,0.0,0.0,0.0581833525706956,0.9565651939654318,0.0,0.0,0.0,0.0,0.0,0.0,0.0434348060345681,14.556782281474424,0.8833656385432193,1.0,0.0,0.0,0.0,0.0,0.0,0.0,1.0,14.52556748614066,1121.6270137216943,24.87830228106012,302.7106577576344,9.61137473881863
3,230.0,9.483701855385778,0.95,0.0,0.0,0.0,0.0,0.0,0.0,0.05,304.23,76.01,0.7560069684120566,0.1247691337374789,9.499438230882436,9.452329104392462,1102.940754124496,24.28081254021761,0.9438295238687144,0.0,0.0,0.0,0.0,0.0,0.0,0.0561704761312855,0.9579272220963024,0.0,0.0,0.0,0.0,0.0,0.0,0.0420727779036976,14.554464095976517,0.8834688704298813,1.0,0.0,0.0,0.0,0.0,0.0,0.0,1.0,14.52556748614066,1121.6270137216943,24.87830228106012,302.7106577576344,9.61137473881863
3,230.0,9.488913980551333,0.95,0.0,0.0,0.0,0.0,0.0,0.0,0.05,304.23,76.01,0.7560069684120566,0.1248377053091873,9.499438230882436,9.452329104392462,1103.5940819872822,24.303220337867547,0.9458573629518076,0.0,0.0,0.0,0.0,0.0,0.0,0.0541426370481925,0.9593086611358363,0.0,0.0,0.0,0.0,0.0,0.0,0.0406913388641636,14.55221424994961,0.8835708644836842,1.0,0.0,0.0,0.0,0.0,0.0,0.0,1.0,14.52556748614066,1121.6270137216943,24.87830228106012,302.7106577576344,9.61137473881863
3,230.0,9.494126105716884,0.95,0.0,0.0,0.0,0.0,0.0,0.0,0.05,304.23,76.01,0.7560069684120566,0.1249062768808957,9.499438230882436,9.452329104392462,1104.254008691805,24.32574827779633,0.9479007582100676,0.0,0.0,0.0,0.0,0.0,0.0,0.0520992417899324,0.960710211056798,0.0,0.0,0.0,0.0,0.0,0.0,0.0392897889432021,14.55003449717973,0.8836715797399685,1.0,0.0,0.0,0.0,0.0,0.0,0.0,1.0,14.52556748614066,1121.6270137216943,24.87830228106012,302.7106577576344,9.61137473881863
3,230.0,9.499338230882437,0.95,0.0,0.0,0.0,0.0,0.0,0.0,0.05,304.23,76.01,0.7560069684120566,0.124974848452604,9.499438230882436,9.452329104392462,1104.9207735845253,24.34840062646518,0.9499603264121872,0.0,0.0,0.0,0.0,0.0,0.0,0.0500396735878126,0.9621326141046176,0.0,0.0,0.0,0.0,0.0,0.0,0.0378673858953823,14.54792669426712,0.8837709730189517,1.0,0.0,0.0,0.0,0.0,0.0,0.0,1.0,14.52556748614066,1121.6270137216943,24.87830228106012,302.7106577576344,9.61137473881863
3,235.0,11.325598152049851,0.95,0.0,0.0,0.0,0.0,0.0,0.0,0.05,304.23,76.01,0.7724419025079708,0.1490014228660683,11.384421137066337,11.325498152049851,1081.0582803334069,28.82380180067232,0.9318266148637548,0.0,0.0,0.0,0.0,0.0,0.0,0.0681733851362451,0.9500196937402235,0.0,0.0,0.0,0.0,0.0,0.0,0.0499803062597762,13.326309724134498,0.9271822265094564,1.0,0.0,0.0,0.0,0.0,0.0,0.0,1.0,13.258875583506692,1102.8688895247462,29.73094022392497,302.7106577576344,11.525181126674264
3,235.0,11.332122928162796,0.95,0.0,0.0,0.0,0.0,0.0,0.0,0.05,304.23,76.01,0.7724419025079708,0.1490872638884725,11.384421137066337,11.325498152049851,1081.6611357584875,28.851011872653185,0.93379068774888,0.0,0.0,0.0,0.0,0.0,0.0,0.0662093122511202,0.9513125077677436,0.0,0.0,0.0,0.0,0.0,0.0,0.0486874922322563,13.323030647772503,0.9273153506951964,1.0,0.0,0.0,0.0,0.0,0.0,0.0,1.0,13.258875583506692,1102.8688895247462,29.73094022392497,302.7106577576344,11.525181126674264
3,235.0,11.338647704275736,0.95,0.0,0.0,0.0,0.0,0.0,0.0,0.05,304.23,76.01,0.7724419025079708,0.1491731049108766,11.384421137066337,11.325498152049851,1082.2691450760203,28.878336936516373,0.9357666777992332,0.0,0.0,0.0,0.0,0.0,0.0,0.064233322200767,0.9526210814518626,0.0,0.0,0.0,0.0,0.0,0.0,0.0473789185481372,13.31980762192387,0.9274473868317388,1.0,0.0,0.0,0.0,0.0,0.0,0.0,1.0,13.258875583506692,1102.8688895247462,29.73094022392497,302.7106577576344,11.525181126674264
3,235.0,11.34517248038868,0.95,0.0,0.0,0.0,0.0,0.0,0.0,0.05,304.23,76.01,0.7724419025079708,0.1492589459332808,11.384421137066337,11.325498152049851,1082.8824574359485,28.905780339067487,0.9377549703375684,0.0,0.0,0.0,0.0,0.0,0.0,0.0622450296624314,0.9539458985658404,0.0,0.0,0.0,0.0,0.0,0.0,0.0460541014341597,13.316641763117984,0.9275783034944922,1.0,0.0,0.0,0.0,0.0,0.0,0.0,1.0,13.258875583506692,1102.8688895247462,29.73094022392497,302.7106577576344,11.525181126674264
3,235.0,11.35169725650162,0.95,0.0,0.0,0.0,0.0,0.0,0.0,0.05,304.23,76.01,0.7724419025079708,0.149344786955685,11.384421137066337,11.325498152049851,1083.5012348443338,28.93334559692336,0.9397559875671496,0.0,0.0,0.0,0.0,0.0,0.0,0.0602440124328506,0.9552874675863092,0.0,0.0,0.0,0.0,0.0,0.0,0.0447125324136907,13.31353424314596,0.9277080678833164,1.0,0.0,0.0,0.0,0.0,0.0,0.0,1.0,13.258875583506692,1102.8688895247462,29.73094022392497,302.7106577576344,11.525181126674264
3,235.0,11.358222032614565,0.95,0.0,0.0,0.0,0.0,0.0,0.0,0.05,304.23,76.01,0.7724419025079708,0.1494306279780892,11.384421137066337,11.325498152049851,1084.1256457852546,28.961036408763583,0.941770167410899,0.0,0.0,0.0,0.0,0.0,0.0,0.0582298325891009,0.9566463234801028,0.0,0.0,0.0,0.0,0.0,0.0,0.0433536765198972,13.310486299855132,0.9278366458482182,1.0,0.0,0.0,0.0,0.0,0.0,0.0,1.0,13.258875583506692,1102.8688895247462,29.73094022392497,302.7106577576344,11.525181126674264
3,235.0,11.364746808727508,0.95,0.0,0.0,0.0,0.0,0.0,0.0,0.05,304.23,76.01,0.7724419025079708,0.1495164690004934,11.384421137066337,11.325498152049851,1084.7558703176803,28.98885666882809,0.9437979796420966,0.0,0.0,0.0,0.0,0.0,0.0,0.0562020203579035,0.958023029672644,0.0,0.0,0.0,0.0,0.0,0.0,0.0419769703273561,13.307499214381412,0.9279640013009804,1.0,0.0,0.0,0.0,0.0,0.0,0.0,1.0,13.258875583506692,1102.8688895247462,29.73094022392497,302.7106577576344,11.525181126674264
3,235.0,11.37127158484045,0.95,0.0,0.0,0.0,0.0,0.0,0.0,0.05,304.23,76.01,0.7724419025079708,0.1496023100228976,11.384421137066337,11.325498152049851,1085.392089351731,29.016810481551296,0.9458398909011956,0.0,0.0,0.0,0.0,0.0,0.0,0.0541601090988043,0.959418180192146,0.0,0.0,0.0,0.0,0.0,0.0,0.040581819807854,13.304574353960357,0.9280900966597097,1.0,0.0,0.0,0.0,0.0,0.0,0.0,1.0,13.258875583506692,1102.8688895247462,29.73094022392497,302.7106577576344,11.525181126674264
3,235.0,11.377796360953392,0.95,0.0,0.0,0.0,0.0,0.0,0.0,0.05,304.23,76.01,0.7724419025079708,0.1496881510453018,11.384421137066337,11.325498152049851,1086.0345038257385,29.044902178119955,0.947896426111369,0.0,0.0,0.0,0.0,0.0,0.0,0.0521035738886309,0.9608324020671808,0.0,0.0,0.0,0.0,0.0,0.0,0.0391675979328194,13.301713144726428,0.9282148921136134,1.0,0.0,0.0,0.0,0.0,0.0,0.0,1.0,13.258875583506692,1102.8688895247462,29.73094022392497,302.7106577576344,11.525181126674264
3,235.0,11.384321137066337,0.95,0.0,0.0,0.0,0.0,0.0,0.0,0.05,304.23,76.01,0.7724419025079708,0.149773992067706,11.384421137066337,11.325498152049851,1086.6833229886058,29.07313633402085,0.9499681301328656,0.0,0.0,0.0,0.0,0.0,0.0,0.0500318698671345,0.962266357911847,0.0,0.0,0.0,0.0,0.0,0.0,0.037733642088153,13.298917126458765,0.9283383471785256,1.0,0.0,0.0,0.0,0.0,0.0,0.0,1.0,13.258875583506692,1102.8688895247462,29.73094022392497,302.7106577576344,11.525181126674264
3,240.0,13.463883637257144,0.95,0.0,0.0,0.0,0.0,0.0,0.0,0.05,304.23,76.01,0.7888768366038852,0.1771330566669799,13.53610473193936,13.463783637257144,1062.213243218018,34.21811724677534,0.9318370414229684,0.0,0.0,0.0,0.0,0.0,0.0,0.0681629585770317,0.9500161730032896,0.0,0.0,0.0,0.0,0.0,0.0,0.0499838269967102,12.103560977474007,0.9762359518705758,1.0,0.0,0.0,0.0,0.0,0.0,0.0,1.0,12.014498351825988,1083.263844328595,35.3375257790447,302.7106577576344,13.710780754884407
3,240.0,13.471897092221834,0.95,0.0,0.0,0.0,0.0,0.0,0.0,0.05,304.23,76.01,0.7888768366038852,0.1772384829919988,13.53610473193936,13.463783637257144,1062.7944441733384,34.251693863950905,0.933803671292896,0.0,0.0,0.0,0.0,0.0,0.0,0.066196328707104,0.9513196235723927,0.0,0.0,0.0,0.0,0.0,0.0,0.0486803764276072,12.09971059459136,0.9763986451611032,1.0,0.0,0.0,0.0,0.0,0.0,0.0,1.0,12.014498351825988,1083.263844328595,35.3375257790447,302.7106577576344,13.710780754884407
3,240.0,13.479910547186526,0.95,0.0,0.0,0.0,0.0,0.0,0.0,0.05,304.23,76.01,0.7888768366038852,0.1773439093170178,13.53610473193936,13.463783637257144,1063.3805077263514,34.28540236445927,0.9357815658120966,0.0,0.0,0.0,0.0,0.0,0.0,0.0642184341879032,0.952638041175168,0.0,0.0,0.0,0.0,0.0,0.0,0.0473619588248319,12.095911306991743,0.976560223974802,1.0,0.0,0.0,0.0,0.0,0.0,0.0,1.0,12.014498351825988,1083.263844328595,35.3375257790447,302.7106577576344,13.710780754884407
3,240.0,13.487924002151216,0.95,0.0,0.0,0.0,0.0,0.0,0.0,0.05,304.23,76.01,0.7888768366038852,0.1774493356420367,13.53610473193936,13.463783637257144,1063.9715659977194,34.31924634687028,0.9377710698935354,0.0,0.0,0.0,0.0,0.0,0.0,0.0622289301064645,0.9539718609816428,0.0,0.0,0.0,0.0,0.0,0.0,0.0460281390183573,12.092164029272292,0.976720657901916,1.0,0.0,0.0,0.0,0.0,0.0,0.0,1.0,12.014498351825988,1083.263844328595,35.3375257790447,302.7106577576344,13.710780754884407
3,240.0,13.495937457115907,0.95,0.0,0.0,0.0,0.0,0.0,0.0,0.05,304.23,76.01,0.7888768366038852,0.1775547619670557,13.53610473193936,13.463783637257144,1064.5677614942597,34.3532295822493,0.9397725588381622,0.0,0.0,0.0,0.0,0.0,0.0,0.0602274411618377,0.9553215391490598,0.0,0.0,0.0,0.0,0.0,0.0,0.0446784608509401,12.08846971905216,0.9768799152704092,1.0,0.0,0.0,0.0,0.0,0.0,0.0,1.0,12.014498351825988,1083.263844328595,35.3375257790447,302.7106577576344,13.710780754884407
3,240.0,13.503950912080596,0.95,0.0,0.0,0.0,0.0,0.0,0.0,0.05,304.23,76.01,0.7888768366038852,0.1776601882920747,13.53610473193936,13.463783637257144,1065.1692422798296,34.38735602587277,0.9417864216312752,0.0,0.0,0.0,0.0,0.0,0.0,0.0582135783687248,0.9566875542501742,0.0,0.0,0.0,0.0,0.0,0.0,0.0433124457498257,12.084829379057387,0.9770379630652812,1.0,0.0,0.0,0.0,0.0,0.0,0.0,1.0,12.014498351825988,1083.263844328595,35.3375257790447,302.7106577576344,13.710780754884407
3,240.0,13.51196436704529,0.95,0.0,0.0,0.0,0.0,0.0,0.0,0.05,304.23,76.01,0.7888768366038852,0.1777656146170936,13.53610473193936,13.463783637257144,1065.7761657107728,34.42162983014339,0.9438130731773772,0.0,0.0,0.0,0.0,0.0,0.0,0.0561869268226226,0.958070408849732,0.0,0.0,0.0,0.0,0.0,0.0,0.0419295911502679,12.081244060887611,0.9771947668383688,1.0,0.0,0.0,0.0,0.0,0.0,0.0,1.0,12.014498351825988,1083.263844328595,35.3375257790447,302.7106577576344,13.710780754884407
3,240.0,13.51997782200998,0.95,0.0,0.0,0.0,0.0,0.0,0.0,0.05,304.23,76.01,0.7888768366038852,0.1778710409421126,13.53610473193936,13.463783637257144,1066.3886907462072,34.456055358527564,0.9458529281738092,0.0,0.0,0.0,0.0,0.0,0.0,0.0541470718261907,0.9594706312078798,0.0,0.0,0.0,0.0,0.0,0.0,0.0405293687921202,12.077714867920983,0.9773502906191096,1.0,0.0,0.0,0.0,0.0,0.0,0.0,1.0,12.014498351825988,1083.263844328595,35.3375257790447,302.7106577576344,13.710780754884407
3,240.0,13.52799127697467,0.95,0.0,0.0,0.0,0.0,0.0,0.0,0.05,304.23,76.01,0.7888768366038852,0.1779764672671315,13.53610473193936,13.463783637257144,1067.0069918183228,34.490637200986605,0.9479064472028438,0.0,0.0,0.0,0.0,0.0,0.0,0.0520935527971561,0.9608887771568098,0.0,0.0,0.0,0.0,0.0,0.0,0.0391112228431902,12.07424295914655,0.977504496787298,1.0,0.0,0.0,0.0,0.0,0.0,0.0,1.0,12.014498351825988,1083.263844328595,35.3375257790447,302.7106577576344,13.710780754884407
3,240.0,13.53600473193936,0.95,0.0,0.0,0.0,0.0,0.0,0.0,0.05,304.23,76.01,0.7888768366038852,0.1780818935921505,13.53610473193936,13.463783637257144,1067.6312503597974,34.525380190651966,0.9499741078546928,0.0,0.0,0.0,0.0,0.0,0.0,0.0500258921453073,0.9623254321487408,0.0,0.0,0.0,0.0,0.0,0.0,0.0376745678512593,12.070829553577044,0.9776573459722314,1.0,0.0,0.0,0.0,0.0,0.0,0.0,1.0,12.014498351825988,1083.263844328595,35.3375257790447,302.7106577576344,13.710780754884407
3,245.0,15.890171764384368,0.95,0.0,0.0,0.0,0.0,0.0,0.0,0.05,304.23,76.01,0.8053117706997994,0.2090537003602732,15.977335233233198,15.890071764384368,1042.475393189236,40.43465816024396,0.931981314745152,0.0,0.0,0.0,0.0,0.0,0.0,0.068018685254848,0.950013433252494,0.0,0.0,0.0,0.0,0.0,0.0,0.0499865667475061,10.902594318032929,1.031001018129463,1.0,0.0,0.0,0.0,0.0,0.0,0.0,1.0,10.793959502416731,1062.6711211462375,41.80803719266337,302.7106577576344,16.191644196077288
3,245.0,15.899845483145349,0.95,0.0,0.0,0.0,0.0,0.0,0.0,0.05,304.23,76.01,0.8053117706997994,0.2091809693875193,15.977335233233198,15.890071764384368,1043.028967552725,40.47563516418093,0.933935596258519,0.0,0.0,0.0,0.0,0.0,0.0,0.0660644037414809,0.9513199168826684,0.0,0.0,0.0,0.0,0.0,0.0,0.0486800831173316,10.898253536724788,1.0311994647107363,1.0,0.0,0.0,0.0,0.0,0.0,0.0,1.0,10.793959502416731,1062.6711211462375,41.80803719266337,302.7106577576344,16.191644196077288
3,245.0,15.90951920190633,0.95,0.0,0.0,0.0,0.0,0.0,0.0,0.05,304.23,76.01,0.8053117706997994,0.2093082384147655,15.977335233233198,15.890071764384368,1043.5870918965643,40.51676179351029,0.9359004498945096,0.0,0.0,0.0,0.0,0.0,0.0,0.0640995501054905,0.9526404857498252,0.0,0.0,0.0,0.0,0.0,0.0,0.0473595142501748,10.893958855549831,1.0313967779124988,1.0,0.0,0.0,0.0,0.0,0.0,0.0,1.0,10.793959502416731,1062.6711211462375,41.80803719266337,302.7106577576344,16.191644196077288
3,245.0,15.919192920667312,0.95,0.0,0.0,0.0,0.0,0.0,0.0,0.05,304.23,76.01,0.8053117706997994,0.2094355074420117,15.977335233233198,15.890071764384368,1044.1498873766047,40.5580418594129,0.9378762000898914,0.0,0.0,0.0,0.0,0.0,0.0,0.0621237999101086,0.9539755269335808,0.0,0.0,0.0,0.0,0.0,0.0,0.0460244730664191,10.889711011539172,1.031592928529974,1.0,0.0,0.0,0.0,0.0,0.0,0.0,1.0,10.793959502416731,1062.6711211462375,41.80803719266337,302.7106577576344,16.191644196077288
3,245.0,15.928866639428293,0.95,0.0,0.0,0.0,0.0,0.0,0.0,0.05,304.23,76.01,0.8053117706997994,0.2095627764692579,15.977335233233198,15.890071764384368,1044.7174729965088,40.59947934532669,0.9398631591211564,0.0,0.0,0.0,0.0,0.0,0.0,0.0601368408788437,0.9553254451056382,0.0,0.0,0.0,0.0,0.0,0.0,0.0446745548943616,10.885510774259666,1.0317878862301184,1.0,0.0,0.0,0.0,0.0,0.0,0.0,1.0,10.793959502416731,1062.6711211462375,41.80803719266337,302.7106577576344,16.191644196077288
3,245.0,15.938540358189274,0.95,0.0,0.0,0.0,0.0,0.0,0.0,0.05,304.23,76.01,0.8053117706997994,0.209690045496504,15.977335233233198,15.890071764384368,1045.2899793883028,40.641078418083445,0.9418616755272056,0.0,0.0,0.0,0.0,0.0,0.0,0.0581383244727944,0.9566906636708022,0.0,0.0,0.0,0.0,0.0,0.0,0.0433093363291977,10.881358949229671,1.0319816194761249,1.0,0.0,0.0,0.0,0.0,0.0,0.0,1.0,10.793959502416731,1062.6711211462375,41.80803719266337,302.7106577576344,16.191644196077288
3,245.0,15.948214076950254,0.95,0.0,0.0,0.0,0.0,0.0,0.0,0.05,304.23,76.01,0.8053117706997994,0.2098173145237502,15.977335233233198,15.890071764384368,1045.8675428430508,40.68284343991591,0.943872112635696,0.0,0.0,0.0,0.0,0.0,0.0,0.0561278873643038,0.9580716259968232,0.0,0.0,0.0,0.0,0.0,0.0,0.0419283740031768,10.877256379091754,1.0321740954532643,1.0,0.0,0.0,0.0,0.0,0.0,0.0,1.0,10.793959502416731,1062.6711211462375,41.80803719266337,302.7106577576344,16.191644196077288
3,245.0,15.957887795711237,0.95,0.0,0.0,0.0,0.0,0.0,0.0,0.05,304.23,76.01,0.8053117706997994,0.2099445835509964,15.977335233233198,15.890071764384368,1046.4503016132228,40.72477898150191,0.9458948353695829,0.0,0.0,0.0,0.0,0.0,0.0,0.0541051646304172,0.959468796748418,0.0,0.0,0.0,0.0,0.0,0.0,0.0405312032515818,10.873203944573106,1.032365279991661,1.0,0.0,0.0,0.0,0.0,0.0,0.0,1.0,10.793959502416731,1062.6711211462375,41.80803719266337,302.7106577576344,16.191644196077288
3,245.0,15.967561514472218,0.95,0.0,0.0,0.0,0.0,0.0,0.0,0.05,304.23,76.01,0.8053117706997994,0.2100718525782425,15.977335233233198,15.890071764384368,1047.0384058013317,40.76688983619366,0.947930244505568,0.0,0.0,0.0,0.0,0.0,0.0,0.0520697554944318,0.9608826633486948,0.0,0.0,0.0,0.0,0.0,0.0,0.0391173366513053,10.869202567717924,1.032555137482036,1.0,0.0,0.0,0.0,0.0,0.0,0.0,1.0,10.793959502416731,1062.6711211462375,41.80803719266337,302.7106577576344,16.191644196077288
3,245.0,15.977235233233198,0.95,0.0,0.0,0.0,0.0,0.0,0.0,0.05,304.23,76.01,0.8053117706997994,0.2101991216054887,15.977335233233198,15.890071764384368,1047.632011333842,40.80918103548642,0.9499787551644778,0.0,0.0,0.0,0.0,0.0,0.0,0.0500212448355221,0.9623137375573578,0.0,0.0,0.0,0.0,0.0,0.0,0.0376862624426421,10.865253214455436,1.0327436307724434,1.0,0.0,0.0,0.0,0.0,0.0,0.0,1.0,10.793959502416731,1062.6711211462375,41.80803719266337,302.7106577576344,16.191644196077288
3,250.0,18.628239071585497,0.95,0.0,0.0,0.0,0.0,0.0,0.0,0.05,304.23,76.01,0.8217467047957138,0.2450761619732337,18.731792724897712,18.628139071585498,1021.679823006772,47.59838342080992,0.9322527182666752,0.0,0.0,0.0,0.0,0.0,0.0,0.0677472817333249,0.950011271050581,0.0,0.0,0.0,0.0,0.0,0.0,0.0499887289494189,9.725230047047225,1.0927815894546158,1.0,0.0,0.0,0.0,0.0,0.0,0.0,1.0,9.599114364051816,1040.9186176418627,49.27650279185157,302.7106577576344,18.99215487266697
3,250.0,18.63973392195352,0.95,0.0,0.0,0.0,0.0,0.0,0.0,0.05,304.23,76.01,0.8217467047957138,0.2452273901059534,18.731792724897712,18.628139071585498,1022.2001592370248,47.647929809169206,0.9341805117398584,0.0,0.0,0.0,0.0,0.0,0.0,0.0658194882601415,0.9513133730935002,0.0,0.0,0.0,0.0,0.0,0.0,0.0486866269064998,9.720487848689322,1.0930254880305612,1.0,0.0,0.0,0.0,0.0,0.0,0.0,1.0,9.599114364051816,1040.9186176418627,49.27650279185157,302.7106577576344,18.99215487266697
3,250.0,18.651228772321545,0.95,0.0,0.0,0.0,0.0,0.0,0.0,0.05,304.23,76.01,0.8217467047957138,0.2453786182386731,18.731792724897712,18.628139071585498,1022.724718205698,47.69764436383639,0.9361181629098108,0.0,0.0,0.0,0.0,0.0,0.0,0.0638818370901891,0.9526286069951364,0.0,0.0,0.0,0.0,0.0,0.0,0.0473713930048636,9.715786799788438,1.093268230734629,1.0,0.0,0.0,0.0,0.0,0.0,0.0,1.0,9.599114364051816,1040.9186176418627,49.27650279185157,302.7106577576344,18.99215487266697
3,250.0,18.66272362268957,0.95,0.0,0.0,0.0,0.0,0.0,0.0,0.05,304.23,76.01,0.8217467047957138,0.2455298463713928,18.731792724897712,18.628139071585498,1023.2536026562244,47.74753106138917,0.9380659482153084,0.0,0.0,0.0,0.0,0.0,0.0,0.0619340517846916,0.9539573129292784,0.0,0.0,0.0,0.0,0.0,0.0,0.0460426870707215,9.711127466282152,1.0935097895058328,1.0,0.0,0.0,0.0,0.0,0.0,0.0,1.0,9.599114364051816,1040.9186176418627,49.27650279185157,302.7106577576344,18.99215487266697
3,250.0,18.674218473057596,0.95,0.0,0.0,0.0,0.0,0.0,0.0,0.05,304.23,76.01,0.8217467047957138,0.2456810745041125,18.731792724897712,18.628139071585498,1023.786919051792,47.79759404758301,0.9400241535806808,0.0,0.0,0.0,0.0,0.0,0.0,0.0599758464193192,0.9552998456118026,0.0,0.0,0.0,0.0,0.0,0.0,0.0447001543881973,9.706510478034762,1.0937501355614148,1.0,0.0,0.0,0.0,0.0,0.0,0.0,1.0,9.599114364051816,1040.9186176418627,49.27650279185157,302.7106577576344,18.99215487266697
3,250.0,18.685713323425617,0.95,0.0,0.0,0.0,0.0,0.0,0.0,0.05,304.23,76.01,0.8217467047957138,0.2458323026368322,18.731792724897712,18.628139071585498,1024.3247806077552,47.847837647596094,0.9419930853794748,0.0,0.0,0.0,0.0,0.0,0.0,0.0580069146205251,0.9566565751831372,0.0,0.0,0.0,0.0,0.0,0.0,0.0433434248168627,9.70193646988716,1.0939892388996877,1.0,0.0,0.0,0.0,0.0,0.0,0.0,1.0,9.599114364051816,1040.9186176418627,49.27650279185157,302.7106577576344,18.99215487266697
3,250.0,18.69720817379364,0.95,0.0,0.0,0.0,0.0,0.0,0.0,0.05,304.23,76.01,0.8217467047957138,0.2459835307695519,18.731792724897712,18.628139071585498,1024.8672999965836,47.89826637704945,0.9439730432327892,0.0,0.0,0.0,0.0,0.0,0.0,0.0560269567672109,0.958027888157481,0.0,0.0,0.0,0.0,0.0,0.0,0.041972111842519,9.697406100112078,1.0942270683665214,1.0,0.0,0.0,0.0,0.0,0.0,0.0,1.0,9.599114364051816,1040.9186176418627,49.27650279185157,302.7106577576344,18.99215487266697
3,250.0,18.708703024161665,0.95,0.0,0.0,0.0,0.0,0.0,0.0,0.05,304.23,76.01,0.8217467047957138,0.2461347589022716,18.731792724897712,18.628139071585498,1025.4145980954836,47.94888495398383,0.9459643520838688,0.0,0.0,0.0,0.0,0.0,0.0,0.0540356479161313,0.9594141884549364,0.0,0.0,0.0,0.0,0.0,0.0,0.0405858115450634,9.692920058227015,1.094463591636773,1.0,0.0,0.0,0.0,0.0,0.0,0.0,1.0,9.599114364051816,1040.9186176418627,49.27650279185157,302.7106577576344,18.99215487266697
3,250.0,18.72019787452969,0.95,0.0,0.0,0.0,0.0,0.0,0.0,0.05,304.23,76.01,0.8217467047957138,0.2462859870349912,18.731792724897712,18.628139071585498,1025.9668048272474,47.99969831173759,0.9479673647915492,0.0,0.0,0.0,0.0,0.0,0.0,0.0520326352084508,0.96081589851032,0.0,0.0,0.0,0.0,0.0,0.0,0.0391841014896799,9.68847906455439,1.094698775125433,1.0,0.0,0.0,0.0,0.0,0.0,0.0,1.0,9.599114364051816,1040.9186176418627,49.27650279185157,302.7106577576344,18.99215487266697
3,250.0,18.731692724897712,0.95,0.0,0.0,0.0,0.0,0.0,0.0,0.05,304.23,76.01,0.8217467047957138,0.2464372151677109,18.731792724897712,18.628139071585498,1026.5240468258337,48.05071161294256,0.9499824166953794,0.0,0.0,0.0,0.0,0.0,0.0,0.0500175833046205,0.9622334604820796,0.0,0.0,0.0,0.0,0.0,0.0,0.0377665395179204,9.684083871995853,1.0949325838926698,1.0,0.0,0.0,0.0,0.0,0.0,0.0,1.0,9.599114364051816,1040.9186176418627,49.27650279185157,302.7106577576344,18.99215487266697
3,255.0,21.702855587162997,0.95,0.0,0.0,0.0,0.0,0.0,0.0,0.05,304.23,76.01,0.838181638891628,0.2855263200521378,21.824079935423136,21.702755587162997,999.6234849884388,55.86406349892146,0.9326468314872292,0.0,0.0,0.0,0.0,0.0,0.0,0.0673531685127707,0.9500095428284202,0.0,0.0,0.0,0.0,0.0,0.0,0.0499904571715798,8.57368054117832,1.1633541628208437,1.0,0.0,0.0,0.0,0.0,0.0,0.0,1.0,8.432227805466914,1017.7913832278248,57.90987351738985,302.7106577576344,22.13772066860631
3,255.0,21.716313848080787,0.95,0.0,0.0,0.0,0.0,0.0,0.0,0.05,304.23,76.01,0.838181638891628,0.2857033791353872,21.824079935423136,21.702755587162997,1000.1051990210044,55.92351441596509,0.9345345067419716,0.0,0.0,0.0,0.0,0.0,0.0,0.0654654932580285,0.9512998503008786,0.0,0.0,0.0,0.0,0.0,0.0,0.0487001496991214,8.568632956106816,1.163654130782235,1.0,0.0,0.0,0.0,0.0,0.0,0.0,1.0,8.432227805466914,1017.7913832278248,57.90987351738985,302.7106577576344,22.13772066860631
3,255.0,21.72977210899858,0.95,0.0,0.0,0.0,0.0,0.0,0.0,0.05,304.23,76.01,0.838181638891628,0.2858804382186367,21.824079935423136,21.702755587162997,1000.5907933582538,55.98315282721819,0.9364312972973484,0.0,0.0,0.0,0.0,0.0,0.0,0.0635687027026514,0.9526022783730383,0.0,0.0,0.0,0.0,0.0,0.0,0.0473977216269615,8.563621664277774,1.1639529251238578,1.0,0.0,0.0,0.0,0.0,0.0,0.0,1.0,8.432227805466914,1017.7913832278248,57.90987351738985,302.7106577576344,22.13772066860631
3,255.0,21.743230369916372,0.95,0.0,0.0,0.0,0.0,0.0,0.0,0.05,304.23,76.01,0.838181638891628,0.2860574973018862,21.824079935423136,21.702755587162997,1001.0803558351586,56.0429828193134,0.9383374422136972,0.0,0.0,0.0,0.0,0.0,0.0,0.0616625577863026,0.953917121984972,0.0,0.0,0.0,0.0,0.0,0.0,0.0460828780150279,8.558647112707371,1.164250519595118,1.0,0.0,0.0,0.0,0.0,0.0,0.0,1.0,8.432227805466914,1017.7913832278248,57.90987351738985,302.7106577576344,22.13772066860631
3,255.0,21.75668863083417,0.95,0.0,0.0,0.0,0.0,0.0,0.0,0.05,304.23,76.01,0.838181638891628,0.2862345563851357,21.824079935423136,21.702755587162997,1001.5739773582608,56.10300864200049,0.9402531885512992,0.0,0.0,0.0,0.0,0.0,0.0,0.0597468114487008,0.9552446878947042,0.0,0.0,0.0,0.0,0.0,0.0,0.0447553121052957,8.55370978790929,1.1645468871611555,1.0,0.0,0.0,0.0,0.0,0.0,0.0,1.0,8.432227805466914,1017.7913832278248,57.90987351738985,302.7106577576344,22.13772066860631
3,255.0,21.77014689175196,0.95,0.0,0.0,0.0,0.0,0.0,0.0,0.05,304.23,76.01,0.838181638891628,0.2864116154683852,21.824079935423136,21.702755587162997,1002.0717524937846,56.16323471743197,0.9421787934729194,0.0,0.0,0.0,0.0,0.0,0.0,0.0578212065270806,0.956585295352832,0.0,0.0,0.0,0.0,0.0,0.0,0.043414704647168,8.548810182127795,1.1648419997164878,1.0,0.0,0.0,0.0,0.0,0.0,0.0,1.0,8.432227805466914,1017.7913832278248,57.90987351738985,302.7106577576344,22.13772066860631
3,255.0,21.783605152669757,0.95,0.0,0.0,0.0,0.0,0.0,0.0,0.05,304.23,76.01,0.838181638891628,0.2865886745516346,21.824079935423136,21.702755587162997,1002.573781904095,56.22366565008789,0.9441145335038692,0.0,0.0,0.0,0.0,0.0,0.0,0.0558854664961309,0.9579392768220298,0.0,0.0,0.0,0.0,0.0,0.0,0.0420607231779701,8.543948802985561,1.1651370645146089,1.0,0.0,0.0,0.0,0.0,0.0,0.0,1.0,8.432227805466914,1017.7913832278248,57.90987351738985,302.7106577576344,22.13772066860631
3,255.0,21.797063413587548,0.95,0.0,0.0,0.0,0.0,0.0,0.0,0.05,304.23,76.01,0.838181638891628,0.2867657336348841,21.824079935423136,21.702755587162997,1003.0801635051116,56.28430623744011,0.946060669784089,0.0,0.0,0.0,0.0,0.0,0.0,0.0539393302159109,0.9593069787528096,0.0,0.0,0.0,0.0,0.0,0.0,0.0406930212471902,8.539126179547727,1.1654313183778795,1.0,0.0,0.0,0.0,0.0,0.0,0.0,1.0,8.432227805466914,1017.7913832278248,57.90987351738985,302.7106577576344,22.13772066860631
3,255.0,21.810521674505345,0.95,0.0,0.0,0.0,0.0,0.0,0.0,0.05,304.23,76.01,0.838181638891628,0.2869427927181336,21.824079935423136,21.702755587162997,1003.5910080218604,56.34516148157324,0.9480175084735843,0.0,0.0,0.0,0.0,0.0,0.0,0.0519824915264157,0.9606887624208524,0.0,0.0,0.0,0.0,0.0,0.0,0.0393112375791476,8.534342863229929,1.1657242201009743,1.0,0.0,0.0,0.0,0.0,0.0,0.0,1.0,8.432227805466914,1017.7913832278248,57.90987351738985,302.7106577576344,22.13772066860631
3,255.0,21.823979935423136,0.95,0.0,0.0,0.0,0.0,0.0,0.0,0.05,304.23,76.01,0.838181638891628,0.2871198518013831,21.824079935423136,21.702755587162997,1004.1064242769056,56.40623660136284,0.949985343149289,0.0,0.0,0.0,0.0,0.0,0.0,0.050014656850711,0.9620850048228048,0.0,0.0,0.0,0.0,0.0,0.0,0.0379149951771953,8.529599428846605,1.1660157370616488,1.0,0.0,0.0,0.0,0.0,0.0,0.0,1.0,8.432227805466914,1017.7913832278248,57.90987351738985,302.7106577576344,22.13772066860631
3,260.0,25.139931544645503,0.95,0.0,0.0,0.0,0.0,0.0,0.0,0.05,304.23,76.01,0.8546165729875422,0.3307450538698263,25.279847795763317,25.139831544645503,976.0499149109004,65.42806883132452,0.9331618809448812,0.0,0.0,0.0,0.0,0.0,0.0,0.0668381190551186,0.9500081454231138,0.0,0.0,0.0,0.0,0.0,0.0,0.049991854576886,7.450648681407025,1.2451963022168564,1.0,0.0,0.0,0.0,0.0,0.0,0.0,1.0,7.296085655146154,993.0143761526203,67.92140682303575,302.7106577576344,25.654931900849267
3,260.0,25.15546668365859,0.95,0.0,0.0,0.0,0.0,0.0,0.0,0.05,304.23,76.01,0.8546165729875422,0.3309494367012049,25.279847795763317,25.139831544645503,976.4877011500084,65.49896984237989,0.9349960227619664,0.0,0.0,0.0,0.0,0.0,0.0,0.0650039772380337,0.9512790323259532,0.0,0.0,0.0,0.0,0.0,0.0,0.0487209676740468,7.44539844529323,1.2455696073199718,1.0,0.0,0.0,0.0,0.0,0.0,0.0,1.0,7.296085655146154,993.0143761526203,67.92140682303575,302.7106577576344,25.654931900849267
3,260.0,25.171001822671684,0.95,0.0,0.0,0.0,0.0,0.0,0.0,0.05,304.23,76.01,0.8546165729875422,0.3311538195325836,25.279847795763317,25.139831544645503,976.9290111534216,65.5700785238105,0.9368385099783694,0.0,0.0,0.0,0.0,0.0,0.0,0.0631614900216306,0.952560981104747,0.0,0.0,0.0,0.0,0.0,0.0,0.0474390188952531,7.440179817851952,1.245941721242118,1.0,0.0,0.0,0.0,0.0,0.0,0.0,1.0,7.296085655146154,993.0143761526203,67.92140682303575,302.7106577576344,25.654931900849267
3,260.0,25.186536961684773,0.95,0.0,0.0,0.0,0.0,0.0,0.0,0.05,304.23,76.01,0.8546165729875422,0.3313582023639622,25.279847795763317,25.139831544645503,977.3739189919008,65.64139900863182,0.938689546640638,0.0,0.0,0.0,0.0,0.0,0.0,0.0613104533593619,0.9538542434804308,0.0,0.0,0.0,0.0,0.0,0.0,0.0461457565195692,7.434993141139444,1.2463126192146596,1.0,0.0,0.0,0.0,0.0,0.0,0.0,1.0,7.296085655146154,993.0143761526203,67.92140682303575,302.7106577576344,25.654931900849267
3,260.0,25.202072100697865,0.95,0.0,0.0,0.0,0.0,0.0,0.0,0.05,304.23,76.01,0.8546165729875422,0.3315625851953409,25.279847795763317,25.139831544645503,977.8225012073732,65.71293558403627,0.9405493433622354,0.0,0.0,0.0,0.0,0.0,0.0,0.0594506566377646,0.9551590805912192,0.0,0.0,0.0,0.0,0.0,0.0,0.0448409194087807,7.429838770412508,1.2466822757949616,1.0,0.0,0.0,0.0,0.0,0.0,0.0,1.0,7.296085655146154,993.0143761526203,67.92140682303575,302.7106577576344,25.654931900849267
3,260.0,25.217607239710954,0.95,0.0,0.0,0.0,0.0,0.0,0.0,0.05,304.23,76.01,0.8546165729875422,0.3317669680267195,25.279847795763317,25.139831544645503,978.2748372045504,65.78469269958535,0.9424181187899622,0.0,0.0,0.0,0.0,0.0,0.0,0.0575818812100377,0.956475763493673,0.0,0.0,0.0,0.0,0.0,0.0,0.0435242365063268,7.424717074275978,1.24705066476349,1.0,0.0,0.0,0.0,0.0,0.0,0.0,1.0,7.296085655146154,993.0143761526203,67.92140682303575,302.7106577576344,25.654931900849267
3,260.0,25.233142378724043,0.95,0.0,0.0,0.0,0.0,0.0,0.0,0.05,304.23,76.01,0.8546165729875422,0.3319713508580981,25.279847795763317,25.139831544645503,978.7310108950232,65.8566749759245,0.9442961062775314,0.0,0.0,0.0,0.0,0.0,0.0,0.0557038937224686,0.95780457369538,0.0,0.0,0.0,0.0,0.0,0.0,0.0421954263046199,7.419628435084404,1.2474177590569369,1.0,0.0,0.0,0.0,0.0,0.0,0.0,1.0,7.296085655146154,993.0143761526203,67.92140682303575,302.7106577576344,25.654931900849267
3,260.0,25.24867751773713,0.95,0.0,0.0,0.0,0.0,0.0,0.0,0.05,304.23,76.01,0.8546165729875422,0.3321757336894768,25.279847795763317,25.139831544645503,979.1911047927096,65.92888721417621,0.9461835289208784,0.0,0.0,0.0,0.0,0.0,0.0,0.0538164710791215,0.9591458037276734,0.0,0.0,0.0,0.0,0.0,0.0,0.0408541962723265,7.414573249750978,1.2477835307263967,1.0,0.0,0.0,0.0,0.0,0.0,0.0,1.0,7.296085655146154,993.0143761526203,67.92140682303575,302.7106577576344,25.654931900849267
3,260.0,25.264212656750225,0.95,0.0,0.0,0.0,0.0,0.0,0.0,0.05,304.23,76.01,0.8546165729875422,0.3323801165208555,25.279847795763317,25.139831544645503,979.6552104963704,66.0013344058352,0.9480806432385188,0.0,0.0,0.0,0.0,0.0,0.0,0.0519193567614811,0.960499757754764,0.0,0.0,0.0,0.0,0.0,0.0,0.039500242245236,7.409551930246815,1.2481479508823348,1.0,0.0,0.0,0.0,0.0,0.0,0.0,1.0,7.296085655146154,993.0143761526203,67.92140682303575,302.7106577576344,25.654931900849267
3,260.0,25.279747795763317,0.95,0.0,0.0,0.0,0.0,0.0,0.0,0.05,304.23,76.01,0.8546165729875422,0.332584499352234,25.279847795763317,25.139831544645503,980.1234185487788,66.07402174367519,0.949987696496159,0.0,0.0,0.0,0.0,0.0,0.0,0.050012303503841,0.9618667522341832,0.0,0.0,0.0,0.0,0.0,0.0,0.0381332477658167,7.404564904687652,1.248510989654811,1.0,0.0,0.0,0.0,0.0,0.0,0.0,1.0,7.296085655146154,993.0143761526203,67.92140682303575,302.7106577576344,25.654931900849267
3,265.0,28.966720624523585,0.95,0.0,0.0,0.0,0.0,0.0,0.0,0.05,304.23,76.01,0.8710515070834566,0.3810909173072435,29.12596598702036,28.966620624523586,950.6257102874484,76.54667545685243,0.9337993397060528,0.0,0.0,0.0,0.0,0.0,0.0,0.0662006602939472,0.9500070034998936,0.0,0.0,0.0,0.0,0.0,0.0,0.0499929965001064,6.359473867099438,1.3418308622837691,1.0,0.0,0.0,0.0,0.0,0.0,0.0,1.0,6.194157229336726,966.2255774553212,79.59167899763797,302.7106577576344,29.571779036695137
3,265.0,28.98440344257878,0.95,0.0,0.0,0.0,0.0,0.0,0.0,0.05,304.23,76.01,0.8710515070834566,0.381323555355595,29.12596598702036,28.966620624523586,951.01416411058,76.6308471663418,0.935566393525138,0.0,0.0,0.0,0.0,0.0,0.0,0.064433606474862,0.951250361067026,0.0,0.0,0.0,0.0,0.0,0.0,0.0487496389329739,6.354130821478576,1.3422999968857108,1.0,0.0,0.0,0.0,0.0,0.0,0.0,1.0,6.194157229336726,966.2255774553212,79.59167899763797,302.7106577576344,29.571779036695137
3,265.0,29.00208626063398,0.95,0.0,0.0,0.0,0.0,0.0,0.0,0.05,304.23,76.01,0.8710515070834566,0.3815561934039466,29.12596598702036,28.966620624523586,951.4057698781928,76.71524776444545,0.9373409874358049,0.0,0.0,0.0,0.0,0.0,0.0,0.0626590125641952,0.9525036818951612,0.0,0.0,0.0,0.0,0.0,0.0,0.0474963181048387,6.348814888587781,1.342767932066751,1.0,0.0,0.0,0.0,0.0,0.0,0.0,1.0,6.194157229336726,966.2255774553212,79.59167899763797,302.7106577576344,29.571779036695137
3,265.0,29.019769078689176,0.95,0.0,0.0,0.0,0.0,0.0,0.0,0.05,304.23,76.01,0.8710515070834566,0.381788831452298,29.12596598702036,28.966620624523586,951.8005905201368,76.79988135864251,0.9391232999004252,0.0,0.0,0.0,0.0,0.0,0.0,0.0608767000995748,0.9537671767591528,0.0,0.0,0.0,0.0,0.0,0.0,0.0462328232408471,6.343526319297488,1.3432346449056347,1.0,0.0,0.0,0.0,0.0,0.0,0.0,1.0,6.194157229336726,966.2255774553212,79.59167899763797,302.7106577576344,29.571779036695137
3,265.0,29.03745189674437,0.95,0.0,0.0,0.0,0.0,0.0,0.0,0.05,304.23,76.01,0.8710515070834566,0.3820214695006495,29.12596598702036,28.966620624523586,952.1986893799226,76.8847521987838,0.9409135074872856,0.0,0.0,0.0,0.0,0.0,0.0,0.0590864925127142,0.955041063754165,0.0,0.0,0.0,0.0,0.0,0.0,0.044958936245835,6.338265372624678,1.3437019103405303,1.0,0.0,0.0,0.0,0.0,0.0,0.0,1.0,6.194157229336726,966.2255774553212,79.59167899763797,302.7106577576344,29.571779036695137
3,265.0,29.05513471479957,0.95,0.0,0.0,0.0,0.0,0.0,0.0,0.05,304.23,76.01,0.8710515070834566,0.382254107549001,29.12596598702036,28.966620624523586,952.6001319876266,76.96986468412115,0.9427117930086852,0.0,0.0,0.0,0.0,0.0,0.0,0.0572882069913148,0.956325568657384,0.0,0.0,0.0,0.0,0.0,0.0,0.043674431342616,6.33303231581383,1.3441694932717567,1.0,0.0,0.0,0.0,0.0,0.0,0.0,1.0,6.194157229336726,966.2255774553212,79.59167899763797,302.7106577576344,29.571779036695137
3,265.0,29.072817532854767,0.95,0.0,0.0,0.0,0.0,0.0,0.0,0.05,304.23,76.01,0.8710515070834566,0.3824867455973525,29.12596598702036,28.966620624523586,953.0049871330458,77.0552233708445,0.9445183502530944,0.0,0.0,0.0,0.0,0.0,0.0,0.0554816497469055,0.9576209253172312,0.0,0.0,0.0,0.0,0.0,0.0,0.0423790746827686,6.327827425069483,1.344635766135339,1.0,0.0,0.0,0.0,0.0,0.0,0.0,1.0,6.194157229336726,966.2255774553212,79.59167899763797,302.7106577576344,29.571779036695137
3,265.0,29.090500350909963,0.95,0.0,0.0,0.0,0.0,0.0,0.0,0.05,304.23,76.01,0.8710515070834566,0.382719383645704,29.12596598702036,28.966620624523586,953.413324647414,77.1408329799516,0.9463333735765008,0.0,0.0,0.0,0.0,0.0,0.0,0.0536666264234991,0.9589273760548226,0.0,0.0,0.0,0.0,0.0,0.0,0.0410726239451773,6.322650985998157,1.3451007030261528,1.0,0.0,0.0,0.0,0.0,0.0,0.0,1.0,6.194157229336726,966.2255774553212,79.59167899763797,302.7106577576344,29.571779036695137
3,265.0,29.10818316896516,0.95,0.0,0.0,0.0,0.0,0.0,0.0,0.05,304.23,76.01,0.8710515070834566,0.3829520216940555,29.12596598702036,28.966620624523586,953.8252143019752,77.22669840573654,0.9481570528200404,0.0,0.0,0.0,0.0,0.0,0.0,0.0518429471799595,0.9602451721030444,0.0,0.0,0.0,0.0,0.0,0.0,0.0397548278969554,6.317503295542799,1.345564277281013,1.0,0.0,0.0,0.0,0.0,0.0,0.0,1.0,6.194157229336726,966.2255774553212,79.59167899763797,302.7106577576344,29.571779036695137
3,265.0,29.12586598702036,0.95,0.0,0.0,0.0,0.0,0.0,0.0,0.05,304.23,76.01,0.8710515070834566,0.383184659742407,29.12596598702036,28.966620624523586,954.240734902279,77.312824724885,0.9499896144962404,0.0,0.0,0.0,0.0,0.0,0.0,0.0500103855037594,0.9615745740726231,0.0,0.0,0.0,0.0,0.0,0.0,0.0384254259273769,6.312384663973158,1.3460264614961872,1.0,0.0,0.0,0.0,0.0,0.0,0.0,1.0,6.194157229336726,966.2255774553212,79.59167899763797,302.7106577576344,29.571779036695137
3,270.0,33.21209921342395,0.95,0.0,0.0,0.0,0.0,0.0,0.0,0.05,304.23,76.01,0.8874864411793708,0.436943812832837,33.39074910957999,33.211999213423944,922.9026171584962,89.56584285820674,0.9345650044628075,0.0,0.0,0.0,0.0,0.0,0.0,0.0654349955371924,0.9500060612562896,0.0,0.0,0.0,0.0,0.0,0.0,0.0499939387437104,5.30435107625501,1.4586057925302414,1.0,0.0,0.0,0.0,0.0,0.0,0.0,1.0,5.130843724671824,936.9320241360858,93.30322734807504,302.7106577576344,33.91794976874195
3,270.0,33.23193809077462,0.95,0.0,0.0,0.0,0.0,0.0,0.0,0.05,304.23,76.01,0.8874864411793708,0.4372048163501462,33.39074910957999,33.211999213423944,923.2359963040664,89.66547800163607,0.9362507686425352,0.0,0.0,0.0,0.0,0.0,0.0,0.0637492313574647,0.9512129280430164,0.0,0.0,0.0,0.0,0.0,0.0,0.0487870719569835,5.299033456898271,1.4592052486780638,1.0,0.0,0.0,0.0,0.0,0.0,0.0,1.0,5.130843724671824,936.9320241360858,93.30322734807504,302.7106577576344,33.91794976874195
3,270.0,33.25177696812529,0.95,0.0,0.0,0.0,0.0,0.0,0.0,0.05,304.23,76.01,0.8874864411793708,0.4374658198674555,33.39074910957999,33.211999213423944,923.5721460880782,89.76536473308228,0.9379432611212608,0.0,0.0,0.0,0.0,0.0,0.0,0.0620567388787391,0.952428624625149,0.0,0.0,0.0,0.0,0.0,0.0,0.047571375374851,5.293738664763313,1.4598034982582329,1.0,0.0,0.0,0.0,0.0,0.0,0.0,1.0,5.130843724671824,936.9320241360858,93.30322734807504,302.7106577576344,33.91794976874195
3,270.0,33.271615845475964,0.95,0.0,0.0,0.0,0.0,0.0,0.0,0.05,304.23,76.01,0.8874864411793708,0.4377268233847646,33.39074910957999,33.211999213423944,923.9111131826406,89.86550705456217,0.9396426061450148,0.0,0.0,0.0,0.0,0.0,0.0,0.0603573938549852,0.9536533232962052,0.0,0.0,0.0,0.0,0.0,0.0,0.0463466767037946,5.288466844422241,1.4604005181163744,1.0,0.0,0.0,0.0,0.0,0.0,0.0,1.0,5.130843724671824,936.9320241360858,93.30322734807504,302.7106577576344,33.91794976874195
3,270.0,33.29145472282664,0.95,0.0,0.0,0.0,0.0,0.0,0.0,0.05,304.23,76.01,0.8874864411793708,0.4379878269020738,33.39074910957999,33.211999213423944,924.2529502321156,89.96590909594651,0.9413489558379308,0.0,0.0,0.0,0.0,0.0,0.0,0.058651044162069,0.9548872018642438,0.0,0.0,0.0,0.0,0.0,0.0,0.0451127981357561,5.2832184363874495,1.4609963133700532,1.0,0.0,0.0,0.0,0.0,0.0,0.0,1.0,5.130843724671824,936.9320241360858,93.30322734807504,302.7106577576344,33.91794976874195
3,270.0,33.3112936001773,0.95,0.0,0.0,0.0,0.0,0.0,0.0,0.05,304.23,76.01,0.8874864411793708,0.4382488304193829,33.39074910957999,33.211999213423944,924.5977101334804,90.06657512087035,0.9430624598033996,0.0,0.0,0.0,0.0,0.0,0.0,0.0569375401966004,0.9561304439083236,0.0,0.0,0.0,0.0,0.0,0.0,0.0438695560916765,5.277993246935688,1.4615908214131672,1.0,0.0,0.0,0.0,0.0,0.0,0.0,1.0,5.130843724671824,936.9320241360858,93.30322734807504,302.7106577576344,33.91794976874195
3,270.0,33.33113247752797,0.95,0.0,0.0,0.0,0.0,0.0,0.0,0.05,304.23,76.01,0.8874864411793708,0.4385098339366921,33.39074910957999,33.211999213423944,924.9454480698488,90.1675095328661,0.94478327563622,0.0,0.0,0.0,0.0,0.0,0.0,0.05521672436378,0.9573832390423084,0.0,0.0,0.0,0.0,0.0,0.0,0.0426167609576915,5.272791617294113,1.462184036611336,1.0,0.0,0.0,0.0,0.0,0.0,0.0,1.0,5.130843724671824,936.9320241360858,93.30322734807504,302.7106577576344,33.91794976874195
3,270.0,33.350971354878645,0.95,0.0,0.0,0.0,0.0,0.0,0.0,0.05,304.23,76.01,0.8874864411793708,0.4387708374540013,33.39074910957999,33.211999213423944,925.296220231734,90.26871688189864,0.9465115620993644,0.0,0.0,0.0,0.0,0.0,0.0,0.0534884379006354,0.9586457831953524,0.0,0.0,0.0,0.0,0.0,0.0,0.0413542168046475,5.267613761151858,1.4627759371297815,1.0,0.0,0.0,0.0,0.0,0.0,0.0,1.0,5.130843724671824,936.9320241360858,93.30322734807504,302.7106577576344,33.91794976874195
3,270.0,33.37081023222932,0.95,0.0,0.0,0.0,0.0,0.0,0.0,0.05,304.23,76.01,0.8874864411793708,0.4390318409713105,33.39074910957999,33.211999213423944,925.6500828168968,90.37020187131544,0.9482474739142795,0.0,0.0,0.0,0.0,0.0,0.0,0.0517525260857204,0.9599182789111924,0.0,0.0,0.0,0.0,0.0,0.0,0.0400817210888076,5.262459893933508,1.4633664999310974,1.0,0.0,0.0,0.0,0.0,0.0,0.0,1.0,5.130843724671824,936.9320241360858,93.30322734807504,302.7106577576344,33.91794976874195
3,270.0,33.39064910957999,0.95,0.0,0.0,0.0,0.0,0.0,0.0,0.05,304.23,76.01,0.8874864411793708,0.4392928444886197,33.39074910957999,33.211999213423944,926.0070981978138,90.47196936515644,0.9499911932243608,0.0,0.0,0.0,0.0,0.0,0.0,0.0500088067756392,0.9612009356652264,0.0,0.0,0.0,0.0,0.0,0.0,0.0387990643347735,5.257330235698029,1.4639559583550772,1.0,0.0,0.0,0.0,0.0,0.0,0.0,1.0,5.130843724671824,936.9320241360858,93.30322734807504,302.7106577576344,33.91794976874195
3,275.0,37.90695183116559,0.95,0.0,0.0,0.0,0.0,0.0,0.0,0.05,304.23,76.01,0.903921375275285,0.4987100622439887,38.10425093874939,37.90685183116558,892.2528406809556,104.97253546328356,0.9354708043484856,0.0,0.0,0.0,0.0,0.0,0.0,0.0645291956515145,0.95000527681529,0.0,0.0,0.0,0.0,0.0,0.0,0.04999472318471,4.290676049427983,1.6039025964958484,1.0,0.0,0.0,0.0,0.0,0.0,0.0,1.0,4.11187312512685,904.4335281070778,109.60126774294156,302.7106577576344,38.72523437118672
3,275.0,37.92886284311934,0.95,0.0,0.0,0.0,0.0,0.0,0.0,0.05,304.23,76.01,0.903921375275285,0.4989983271032672,38.10425093874939,37.90685183116558,892.5247498737125,105.0903504695944,0.9370597972724156,0.0,0.0,0.0,0.0,0.0,0.0,0.0629402027275842,0.9511652864848532,0.0,0.0,0.0,0.0,0.0,0.0,0.0488347135151467,4.285512932258523,1.6046805201888248,1.0,0.0,0.0,0.0,0.0,0.0,0.0,1.0,4.11187312512685,904.4335281070778,109.60126774294156,302.7106577576344,38.72523437118672
3,275.0,37.950773855073095,0.95,0.0,0.0,0.0,0.0,0.0,0.0,0.05,304.23,76.01,0.903921375275285,0.4992865919625456,38.10425093874939,37.90685183116558,892.7990282549097,105.20844215632516,0.93865465431817,0.0,0.0,0.0,0.0,0.0,0.0,0.0613453456818301,0.9523329602665916,0.0,0.0,0.0,0.0,0.0,0.0,0.0476670397334083,4.280368646746941,1.605457426065096,1.0,0.0,0.0,0.0,0.0,0.0,0.0,1.0,4.11187312512685,904.4335281070778,109.60126774294156,302.7106577576344,38.72523437118672
3,275.0,37.97268486702685,0.95,0.0,0.0,0.0,0.0,0.0,0.0,0.05,304.23,76.01,0.903921375275285,0.499574856821824,38.10425093874939,37.90685183116558,893.0757132441895,105.32681433354732,0.940255476518708,0.0,0.0,0.0,0.0,0.0,0.0,0.0597445234812919,0.9535084346106264,0.0,0.0,0.0,0.0,0.0,0.0,0.0464915653893737,4.275243308865647,1.6062377247440254,1.0,0.0,0.0,0.0,0.0,0.0,0.0,1.0,4.11187312512685,904.4335281070778,109.60126774294156,302.7106577576344,38.72523437118672
3,275.0,37.99459587898061,0.95,0.0,0.0,0.0,0.0,0.0,0.0,0.05,304.23,76.01,0.903921375275285,0.4998631216811025,38.10425093874939,37.90685183116558,893.3548459414995,105.4454709221913,0.9418623844489724,0.0,0.0,0.0,0.0,0.0,0.0,0.0581376155510275,0.9546918499530076,0.0,0.0,0.0,0.0,0.0,0.0,0.0453081500469924,4.270137038326553,1.6070167989844044,1.0,0.0,0.0,0.0,0.0,0.0,0.0,1.0,4.11187312512685,904.4335281070778,109.60126774294156,302.7106577576344,38.72523437118672
3,275.0,38.016506890934366,0.95,0.0,0.0,0.0,0.0,0.0,0.0,0.05,304.23,76.01,0.903921375275285,0.500151386540381,38.10425093874939,37.90685183116558,893.636468153163,105.56441595873775,0.9434754992325308,0.0,0.0,0.0,0.0,0.0,0.0,0.056524500767469,0.9558833508863028,0.0,0.0,0.0,0.0,0.0,0.0,0.044116649113697,4.265049959131363,1.607794629410248,1.0,0.0,0.0,0.0,0.0,0.0,0.0,1.0,4.11187312512685,904.4335281070778,109.60126774294156,302.7106577576344,38.72523437118672
3,275.0,38.03841790288812,0.95,0.0,0.0,0.0,0.0,0.0,0.0,0.05,304.23,76.01,0.903921375275285,0.5004396513996595,38.10425093874939,37.90685183116558,893.9206228402411,105.68365360006148,0.9450949452276493,0.0,0.0,0.0,0.0,0.0,0.0,0.0549050547723507,0.9570830863311668,0.0,0.0,0.0,0.0,0.0,0.0,0.042916913668833,4.259982201760423,1.608572701995373,1.0,0.0,0.0,0.0,0.0,0.0,0.0,1.0,4.11187312512685,904.4335281070778,109.60126774294156,302.7106577576344,38.72523437118672
3,275.0,38.06032891484188,0.95,0.0,0.0,0.0,0.0,0.0,0.0,0.05,304.23,76.01,0.903921375275285,0.500727916258938,38.10425093874939,37.90685183116558,894.2073518468387,105.80318812859028,0.9467208359835052,0.0,0.0,0.0,0.0,0.0,0.0,0.0532791640164947,0.9582912097243568,0.0,0.0,0.0,0.0,0.0,0.0,0.041708790275643,4.254933911368383,1.609351379374253,1.0,0.0,0.0,0.0,0.0,0.0,0.0,1.0,4.11187312512685,904.4335281070778,109.60126774294156,302.7106577576344,38.72523437118672
3,275.0,38.08223992679563,0.95,0.0,0.0,0.0,0.0,0.0,0.0,0.05,304.23,76.01,0.903921375275285,0.5010161811182163,38.10425093874939,37.90685183116558,894.496701837738,105.92302395770923,0.948353310599656,0.0,0.0,0.0,0.0,0.0,0.0,0.051646689400344,0.9595078792076394,0.0,0.0,0.0,0.0,0.0,0.0,0.0404921207923606,4.249905247794048,1.6101287413040886,1.0,0.0,0.0,0.0,0.0,0.0,0.0,1.0,4.11187312512685,904.4335281070778,109.60126774294156,302.7106577576344,38.72523437118672
3,275.0,38.104150938749385,0.95,0.0,0.0,0.0,0.0,0.0,0.0,0.05,304.23,76.01,0.903921375275285,0.5013044459774948,38.10425093874939,37.90685183116558,894.7887197138796,106.04316563742252,0.949992505221359,0.0,0.0,0.0,0.0,0.0,0.0,0.0500074947786409,0.9607332578365444,0.0,0.0,0.0,0.0,0.0,0.0,0.0392667421634557,4.244896386479297,1.6109047881239833,1.0,0.0,0.0,0.0,0.0,0.0,0.0,1.0,4.11187312512685,904.4335281070778,109.60126774294156,302.7106577576344,38.72523437118672
3,280.0,43.08471115770666,0.95,0.0,0.0,0.0,0.0,0.0,0.0,0.05,304.23,76.01,0.9203563093711994,0.56682951134991,43.29863673312664,43.08461115770666,857.750561304334,123.4899717310275,0.9365383226774272,0.0,0.0,0.0,0.0,0.0,0.0,0.0634616773225726,0.9500046184358916,0.0,0.0,0.0,0.0,0.0,0.0,0.0499953815641082,3.3256201563580223,1.7919811529405962,1.0,0.0,0.0,0.0,0.0,0.0,0.0,1.0,3.1449654870637134,867.6798743518019,129.30886906724652,302.7106577576344,44.02808165538378
3,280.0,43.10846955497555,0.95,0.0,0.0,0.0,0.0,0.0,0.0,0.05,304.23,76.01,0.9203563093711994,0.5671420807127423,43.29863673312664,43.08461115770666,857.9534483775695,123.62945532645544,0.9380126772596824,0.0,0.0,0.0,0.0,0.0,0.0,0.0619873227403174,0.951105099452151,0.0,0.0,0.0,0.0,0.0,0.0,0.0488949005478489,3.320755880321264,1.793027893548856,1.0,0.0,0.0,0.0,0.0,0.0,0.0,1.0,3.1449654870637134,867.6798743518019,129.30886906724652,302.7106577576344,44.02808165538378
3,280.0,43.13222795224444,0.95,0.0,0.0,0.0,0.0,0.0,0.0,0.05,304.23,76.01,0.9203563093711994,0.5674546500755747,43.29863673312664,43.08461115770666,858.1582826448494,123.76924497126896,0.9394919890328064,0.0,0.0,0.0,0.0,0.0,0.0,0.0605080109671934,0.9522120468709548,0.0,0.0,0.0,0.0,0.0,0.0,0.0477879531290452,3.3159067100682917,1.794077931979822,1.0,0.0,0.0,0.0,0.0,0.0,0.0,1.0,3.1449654870637134,867.6798743518019,129.30886906724652,302.7106577576344,44.02808165538378
3,280.0,43.15598634951332,0.95,0.0,0.0,0.0,0.0,0.0,0.0,0.05,304.23,76.01,0.9203563093711994,0.567767219438407,43.29863673312664,43.08461115770666,858.3650951327826,123.90934419489862,0.940976355930042,0.0,0.0,0.0,0.0,0.0,0.0,0.0590236440699579,0.9533255641219736,0.0,0.0,0.0,0.0,0.0,0.0,0.0466744358780264,3.3110727016336634,1.7951281106503851,1.0,0.0,0.0,0.0,0.0,0.0,0.0,1.0,3.1449654870637134,867.6798743518019,129.30886906724652,302.7106577576344,44.02808165538378
3,280.0,43.179744746782205,0.95,0.0,0.0,0.0,0.0,0.0,0.0,0.05,304.23,76.01,0.9203563093711994,0.5680797888012393,43.29863673312664,43.08461115770666,858.5739143531216,124.04975661833257,0.9424658506349316,0.0,0.0,0.0,0.0,0.0,0.0,0.0575341493650684,0.9544457573446932,0.0,0.0,0.0,0.0,0.0,0.0,0.0455542426553068,3.3062539303305254,1.7961771433796343,1.0,0.0,0.0,0.0,0.0,0.0,0.0,1.0,3.1449654870637134,867.6798743518019,129.30886906724652,302.7106577576344,44.02808165538378
3,280.0,43.2035031440511,0.95,0.0,0.0,0.0,0.0,0.0,0.0,0.05,304.23,76.01,0.9203563093711994,0.5683923581640717,43.29863673312664,43.08461115770666,858.7847731517799,124.19048595776114,0.943960578061175,0.0,0.0,0.0,0.0,0.0,0.0,0.056039421938825,0.9555727355058666,0.0,0.0,0.0,0.0,0.0,0.0,0.0444272644941334,3.3014504721596243,1.797225013728901,1.0,0.0,0.0,0.0,0.0,0.0,0.0,1.0,3.1449654870637134,867.6798743518019,129.30886906724652,302.7106577576344,44.02808165538378
3,280.0,43.22726154131998,0.95,0.0,0.0,0.0,0.0,0.0,0.0,0.05,304.23,76.01,0.9203563093711994,0.568704927526904,43.29863673312664,43.08461115770666,858.9977014014247,124.33153602820931,0.9454606141625272,0.0,0.0,0.0,0.0,0.0,0.0,0.0545393858374728,0.9567066105039976,0.0,0.0,0.0,0.0,0.0,0.0,0.0432933894960024,3.2966624045118715,1.7982717052692352,1.0,0.0,0.0,0.0,0.0,0.0,0.0,1.0,3.1449654870637134,867.6798743518019,129.30886906724652,302.7106577576344,44.02808165538378
3,280.0,43.25101993858887,0.95,0.0,0.0,0.0,0.0,0.0,0.0,0.05,304.23,76.01,0.9203563093711994,0.5690174968897365,43.29863673312664,43.08461115770666,859.2127330766241,124.4729107471646,0.9469660645401238,0.0,0.0,0.0,0.0,0.0,0.0,0.0530339354598762,0.9578474972760008,0.0,0.0,0.0,0.0,0.0,0.0,0.0421525027239993,3.291889812057729,1.7993172021064516,1.0,0.0,0.0,0.0,0.0,0.0,0.0,1.0,3.1449654870637134,867.6798743518019,129.30886906724652,302.7106577576344,44.02808165538378
3,280.0,43.27477833585776,0.95,0.0,0.0,0.0,0.0,0.0,0.0,0.05,304.23,76.01,0.9203563093711994,0.5693300662525688,43.29863673312664,43.08461115770666,859.4299018430507,124.61461413874802,0.9484770276430852,0.0,0.0,0.0,0.0,0.0,0.0,0.0515229723569149,0.9589955139184048,0.0,0.0,0.0,0.0,0.0,0.0,0.0410044860815952,3.287132754641644,1.8003614823767222,1.0,0.0,0.0,0.0,0.0,0.0,0.0,1.0,3.1449654870637134,867.6798743518019,129.30886906724652,302.7106577576344,44.02808165538378
3,280.0,43.29853673312664,0.95,0.0,0.0,0.0,0.0,0.0,0.0,0.05,304.23,76.01,0.9203563093711994,0.5696426356154011,43.29863673312664,43.08461115770666,859.6492424462028,124.7566503378138,0.9499936061009812,0.0,0.0,0.0,0.0,0.0,0.0,0.0500063938990187,0.9601507818142396,0.0,0.0,0.0,0.0,0.0,0.0,0.0398492181857602,3.282391334484968,1.8014063407240153,1.0,0.0,0.0,0.0,0.0,0.0,0.0,1.0,3.1449654870637134,867.6798743518019,129.30886906724652,302.7106577576344,44.02808165538378
3,285.0,48.782135057709255,0.95,0.0,0.0,0.0,0.0,0.0,0.0,0.05,304.23,76.01,0.9367912434671136,0.6417857526339856,49.00862249254413,48.78203505770925,817.9332670480044,146.27277297873613,0.9378059113363826,0.0,0.0,0.0,0.0,0.0,0.0,0.0621940886636174,0.950004061935246,0.0,0.0,0.0,0.0,0.0,0.0,0.0499959380647538,2.419155268912788,2.049355630199944,1.0,0.0,0.0,0.0,0.0,0.0,0.0,1.0,2.2410524707626744,824.9746819221486,153.77005765610247,302.7106577576344,49.86436423924916
3,285.0,48.80728921713535,0.95,0.0,0.0,0.0,0.0,0.0,0.0,0.05,304.23,76.01,0.9367912434671136,0.6421166848721924,49.00862249254413,48.78203505770925,818.0576031497371,146.43862121429376,0.9391435258529398,0.0,0.0,0.0,0.0,0.0,0.0,0.0608564741470601,0.951028413559074,0.0,0.0,0.0,0.0,0.0,0.0,0.048971586440926,2.4147585249396752,2.0514632687963883,1.0000000002888478,0.0,0.0,0.0,0.0,0.0,0.0,1.0000000004001048,2.2410524707626744,824.9746819221486,153.77005765610247,302.7106577576344,49.86436423924916
3,285.0,48.83244337656145,0.95,0.0,0.0,0.0,0.0,0.0,0.0,0.05,304.23,76.01,0.9367912434671136,0.6424476171103992,49.00862249254413,48.78203505770925,818.1834379613294,146.60481321675593,0.940485157302392,0.0,0.0,0.0,0.0,0.0,0.0,0.059514842697608,0.9520579992923608,0.0,0.0,0.0,0.0,0.0,0.0,0.0479420007076392,2.410372065229329,2.0529370686641277,1.0000000002970164,0.0,0.0,0.0,0.0,0.0,0.0,1.0000000004118854,2.2410524707626744,824.9746819221486,153.77005765610247,302.7106577576344,49.86436423924916
3,285.0,48.85759753598754,0.95,0.0,0.0,0.0,0.0,0.0,0.0,0.05,304.23,76.01,0.9367912434671136,0.642778549348606,49.00862249254413,48.78203505770925,818.3107926080927,146.77135215680016,0.9418308698928912,0.0,0.0,0.0,0.0,0.0,0.0,0.0581691301071086,0.953092892591748,0.0,0.0,0.0,0.0,0.0,0.0,0.0469071074082518,2.405995491993712,2.053764406140021,1.0,0.0,0.0,0.0,0.0,0.0,0.0,1.0,2.2410524707626744,824.9746819221486,153.77005765610247,302.7106577576344,49.86436423924916
3,285.0,48.88275169541364,0.95,0.0,0.0,0.0,0.0,0.0,0.0,0.05,304.23,76.01,0.9367912434671136,0.6431094815868127,49.00862249254413,48.78203505770925,818.4396885665061,146.93824127587828,0.9431807273543664,0.0,0.0,0.0,0.0,0.0,0.0,0.0568192726456336,0.95413316860661,0.0,0.0,0.0,0.0,0.0,0.0,0.0458668313933901,2.4016322664781127,2.0552329931903537,1.0,0.0,0.0,0.0,0.0,0.0,0.0,1.0,2.2410524707626744,824.9746819221486,153.77005765610247,302.7106577576344,49.86436423924916
3,285.0,48.90790585483974,0.95,0.0,0.0,0.0,0.0,0.0,0.0,0.05,304.23,76.01,0.9367912434671136,0.6434404138250196,49.00862249254413,48.78203505770925,818.5701486681821,147.1054838886466,0.9445348086964196,0.0,0.0,0.0,0.0,0.0,0.0,0.0554651913035804,0.9551789042486144,0.0,0.0,0.0,0.0,0.0,0.0,0.0448210957513858,2.39728097691466,2.056709142555558,1.0,0.0,0.0,0.0,0.0,0.0,0.0,1.0,2.2410524707626744,824.9746819221486,153.77005765610247,302.7106577576344,49.86436423924916
3,285.0,48.93306001426584,0.95,0.0,0.0,0.0,0.0,0.0,0.0,0.05,304.23,76.01,0.9367912434671136,0.6437713460632263,49.00862249254413,48.78203505770925,818.7021936141396,147.27308338534115,0.9458931529185756,0.0,0.0,0.0,0.0,0.0,0.0,0.0541068470814244,0.956230178235436,0.0,0.0,0.0,0.0,0.0,0.0,0.0437698217645639,2.392941196446561,2.058184521006823,1.0,0.0,0.0,0.0,0.0,0.0,0.0,1.0,2.2410524707626744,824.9746819221486,153.77005765610247,302.7106577576344,49.86436423924916
3,285.0,48.95821417369193,0.95,0.0,0.0,0.0,0.0,0.0,0.0,0.05,304.23,76.01,0.9367912434671136,0.6441022783014331,49.00862249254413,48.78203505770925,818.835847237416,147.44104323442616,0.9472558422758732,0.0,0.0,0.0,0.0,0.0,0.0,0.0527441577241268,0.9572870711704832,0.0,0.0,0.0,0.0,0.0,0.0,0.0427129288295168,2.3886136207484907,2.0596597914079946,1.0,0.0,0.0,0.0,0.0,0.0,0.0,1.0,2.2410524707626744,824.9746819221486,153.77005765610247,302.7106577576344,49.86436423924916
3,285.0,48.98336833311803,0.95,0.0,0.0,0.0,0.0,0.0,0.0,0.05,304.23,76.01,0.9367912434671136,0.6444332105396399,49.00862249254413,48.78203505770925,818.9711330311317,147.60936698528766,0.9486229467956332,0.0,0.0,0.0,0.0,0.0,0.0,0.0513770532043669,0.9583496655981496,0.0,0.0,0.0,0.0,0.0,0.0,0.0416503344018503,2.3842976307267096,2.0611370339454704,1.0,0.0,0.0,0.0,0.0,0.0,0.0,1.0,2.2410524707626744,824.9746819221486,153.77005765610247,302.7106577576344,49.86436423924916
3,285.0,49.00852249254413,0.95,0.0,0.0,0.0,0.0,0.0,0.0,0.05,304.23,76.01,0.9367912434671136,0.6447641427778467,49.00862249254413,48.78203505770925,819.1080751053165,147.77805827092595,0.949994539259328,0.0,0.0,0.0,0.0,0.0,0.0,0.050005460740672,0.9594180460735868,0.0,0.0,0.0,0.0,0.0,0.0,0.0405819539264133,2.3799935276883906,2.0626116051877923,1.0,0.0,0.0,0.0,0.0,0.0,0.0,1.0,2.2410524707626744,824.9746819221486,153.77005765610247,302.7106577576344,49.86436423924916
3,290.0,55.040476942798655,0.95,0.0,0.0,0.0,0.0,0.0,0.0,0.05,304.23,76.01,0.953226177563028,0.7241215227312018,55.271872386990935,55.04037694279865,770.252125668274,175.36703952763207,0.9393452714376688,0.0,0.0,0.0,0.0,0.0,0.0,0.060654728562331,0.9500035890767936,0.0,0.0,0.0,0.0,0.0,0.0,0.0499964109232064,1.586100832108393,2.435453902984912,1.0000000001508809,0.0,0.0,0.0,0.0,0.0,0.0,1.0000000001978118,1.4167983026644004,773.2637021553837,185.44864903964933,302.7106577576344,56.27641671412855
3,290.0,55.0661764365978,0.95,0.0,0.0,0.0,0.0,0.0,0.0,0.05,304.23,76.01,0.953226177563028,0.7244596294776713,55.271872386990935,55.04037694279865,770.2849133329302,175.56598565726543,0.9405161092329044,0.0,0.0,0.0,0.0,0.0,0.0,0.0594838907670954,0.95092794039538,0.0,0.0,0.0,0.0,0.0,0.0,0.0490720596046199,1.5823532263806606,2.434446370158061,1.0,0.0,0.0,0.0,0.0,0.0,0.0,1.0,1.4167983026644004,773.2637021553837,185.44864903964933,302.7106577576344,56.27641671412855
3,290.0,55.09187593039694,0.95,0.0,0.0,0.0,0.0,0.0,0.0,0.05,304.23,76.01,0.953226177563028,0.7247977362241407,55.271872386990935,55.04037694279865,770.3187065911952,175.7653313438083,0.941689973687946,0.0,0.0,0.0,0.0,0.0,0.0,0.0583100263120539,0.9518562528379688,0.0,0.0,0.0,0.0,0.0,0.0,0.0481437471620312,1.578631378995324,2.4366485527847863,1.0,0.0,0.0,0.0,0.0,0.0,0.0,1.0,1.4167983026644004,773.2637021553837,185.44864903964933,302.7106577576344,56.27641671412855
3,290.0,55.11757542419608,0.95,0.0,0.0,0.0,0.0,0.0,0.0,0.05,304.23,76.01,0.953226177563028,0.7251358429706102,55.271872386990935,55.04037694279865,770.3535186727878,175.9650793750473,0.9428669068139216,0.0,0.0,0.0,0.0,0.0,0.0,0.0571330931860785,0.9527885733045612,0.0,0.0,0.0,0.0,0.0,0.0,0.0472114266954386,1.5749178793790737,2.438858804287623,1.0,0.0,0.0,0.0,0.0,0.0,0.0,1.0,1.4167983026644004,773.2637021553837,185.44864903964933,302.7106577576344,56.27641671412855
3,290.0,55.14327491799522,0.95,0.0,0.0,0.0,0.0,0.0,0.0,0.05,304.23,76.01,0.953226177563028,0.7254739497170796,55.271872386990935,55.04037694279865,770.3893631006168,176.1652325882838,0.9440469501042958,0.0,0.0,0.0,0.0,0.0,0.0,0.0559530498957041,0.9537249496019158,0.0,0.0,0.0,0.0,0.0,0.0,0.0462750503980842,1.571214122733301,2.441090556418615,1.0,0.0,0.0,0.0,0.0,0.0,0.0,1.0,1.4167983026644004,773.2637021553837,185.44864903964933,302.7106577576344,56.27641671412855
3,290.0,55.168974411794366,0.95,0.0,0.0,0.0,0.0,0.0,0.0,0.05,304.23,76.01,0.953226177563028,0.7258120564635491,55.271872386990935,55.04037694279865,770.4262534114417,176.36579387150024,0.9452301546327164,0.0,0.0,0.0,0.0,0.0,0.0,0.0547698453672836,0.9546654304939212,0.0,0.0,0.0,0.0,0.0,0.0,0.0453345695060787,1.5675422671616694,2.4466342490355832,1.0000000002080969,0.0,0.0,0.0,0.0,0.0,0.0,1.0000000002723126,1.4167983026644004,773.2637021553837,185.44864903964933,302.7106577576344,56.27641671412855
3,290.0,55.194673905593504,0.95,0.0,0.0,0.0,0.0,0.0,0.0,0.05,304.23,76.01,0.953226177563028,0.7261501632100185,55.271872386990935,55.04037694279865,770.4642041483199,176.56676616506903,0.9464165459915808,0.0,0.0,0.0,0.0,0.0,0.0,0.0535834540084193,0.9556100656974064,0.0,0.0,0.0,0.0,0.0,0.0,0.0443899343025937,1.5638357571081816,2.4455249547797027,1.0,0.0,0.0,0.0,0.0,0.0,0.0,1.0,1.4167983026644004,773.2637021553837,185.44864903964933,302.7106577576344,56.27641671412855
3,290.0,55.22037339939265,0.95,0.0,0.0,0.0,0.0,0.0,0.0,0.05,304.23,76.01,0.953226177563028,0.7264882699564879,55.271872386990935,55.04037694279865,770.5032293776103,176.7681524628941,0.9476061769995102,0.0,0.0,0.0,0.0,0.0,0.0,0.0523938230004897,0.9565589059512656,0.0,0.0,0.0,0.0,0.0,0.0,0.0434410940487343,1.5601791967792928,2.4511246737681005,1.0000000002207328,0.0,0.0,0.0,0.0,0.0,0.0,1.000000000288697,1.4167983026644004,773.2637021553837,185.44864903964933,302.7106577576344,56.27641671412855
3,290.0,55.24607289319179,0.95,0.0,0.0,0.0,0.0,0.0,0.0,0.05,304.23,76.01,0.953226177563028,0.7268263767029572,55.271872386990935,55.04037694279865,770.5433436971308,176.96995581414865,0.9487990926071296,0.0,0.0,0.0,0.0,0.0,0.0,0.0512009073928703,0.9575120030210456,0.0,0.0,0.0,0.0,0.0,0.0,0.0424879969789544,1.5565106545339915,2.453378918010725,1.0000000002273546,0.0,0.0,0.0,0.0,0.0,0.0,1.0000000002969731,1.4167983026644004,773.2637021553837,185.44864903964933,302.7106577576344,56.27641671412855
3,290.0,55.27177238699093,0.95,0.0,0.0,0.0,0.0,0.0,0.0,0.05,304.23,76.01,0.953226177563028,0.7271644834494267,55.271872386990935,55.04037694279865,770.5845619736633,177.17217932477956,0.9499953394585324,0.0,0.0,0.0,0.0,0.0,0.0,0.0500046605414674,0.9584694097424497,0.0,0.0,0.0,0.0,0.0,0.0,0.0415305902575503,1.5528507960523872,2.455637032851817,1.0000000002337417,0.0,0.0,0.0,0.0,0.0,0.0,1.0000000003055398,1.4167983026644004,773.2637021553837,185.44864903964933,302.7106577576344,56.27641671412855
3,295.0,61.90743611134618,0.95,0.0,0.0,0.0,0.0,0.0,0.0,0.05,304.23,76.01,0.9696611116589422,0.8144643614175263,62.12878854692645,61.907336111346176,709.510699724877,215.06221128549035,0.9413090718183632,0.0,0.0,0.0,0.0,0.0,0.0,0.0586909281816368,0.9500031871165686,0.0,0.0,0.0,0.0,0.0,0.0,0.0499968128834313,0.8508305865444871,3.108210078040571,1.0000000000003095,0.0,0.0,0.0,0.0,0.0,0.0,1.0000000000003046,0.7007191954812403,705.9625820508377,229.82343987692175,302.7106577576344,63.31231171729296
3,295.0,61.93201971529954,0.95,0.0,0.0,0.0,0.0,0.0,0.0,0.05,304.23,76.01,0.9696611116589422,0.8147877873345551,62.12878854692645,61.907336111346176,709.4324779380561,215.3048089365124,0.94226616893574,0.0,0.0,0.0,0.0,0.0,0.0,0.0577338310642599,0.9507880165295444,0.0,0.0,0.0,0.0,0.0,0.0,0.0492119834704556,0.8480376772581125,3.1120801577778083,1.0000000000003175,0.0,0.0,0.0,0.0,0.0,0.0,1.000000000000201,0.7007191954812403,705.9625820508377,229.82343987692175,302.7106577576344,63.31231171729296
3,295.0,61.956603319252906,0.95,0.0,0.0,0.0,0.0,0.0,0.0,0.05,304.23,76.01,0.9696611116589422,0.815111213251584,62.12878854692645,61.907336111346176,709.354683957026,215.547908100046,0.9432252434277786,0.0,0.0,0.0,0.0,0.0,0.0,0.0567747565722214,0.9515754816842108,0.0,0.0,0.0,0.0,0.0,0.0,0.048424518315789,0.8452506365600719,3.1159554100921643,1.0000000000000735,0.0,0.0,0.0,0.0,0.0,0.0,1.0000000000003246,0.7007191954812403,705.9625820508377,229.82343987692175,302.7106577576344,63.31231171729296
3,295.0,61.981186923206266,0.95,0.0,0.0,0.0,0.0,0.0,0.0,0.05,304.23,76.01,0.9696611116589422,0.8154346391686128,62.12878854692645,61.907336111346176,709.2773238131166,215.79151139129849,0.9441863179809292,0.0,0.0,0.0,0.0,0.0,0.0,0.0558136820190708,0.9523656069857672,0.0,0.0,0.0,0.0,0.0,0.0,0.0476343930142327,0.842469466905874,3.1198501985446856,1.000000000000105,0.0,0.0,0.0,0.0,0.0,0.0,1.0000000000002072,0.7007191954812403,705.9625820508377,229.82343987692175,302.7106577576344,63.31231171729296
3,295.0,62.00577052715963,0.95,0.0,0.0,0.0,0.0,0.0,0.0,0.05,304.23,76.01,0.9696611116589422,0.8157580650856417,62.12878854692645,61.907336111346176,709.2004038274042,216.0356214574541,0.9451494147145728,0.0,0.0,0.0,0.0,0.0,0.0,0.0548505852854271,0.9531584171936968,0.0,0.0,0.0,0.0,0.0,0.0,0.0468415828063032,0.8396941624212041,3.123747203239549,1.0000000000002076,0.0,0.0,0.0,0.0,0.0,0.0,1.0000000000001992,0.7007191954812403,705.9625820508377,229.82343987692175,302.7106577576344,63.31231171729296
3,295.0,62.03035413111299,0.95,0.0,0.0,0.0,0.0,0.0,0.0,0.05,304.23,76.01,0.9696611116589422,0.8160814910026706,62.12878854692645,61.907336111346176,709.1239293224066,216.2802409759347,0.9461145614535084,0.0,0.0,0.0,0.0,0.0,0.0,0.0538854385464917,0.9539539374720184,0.0,0.0,0.0,0.0,0.0,0.0,0.0460460625279816,0.8369241122527687,3.127659467904948,1.0000000000002351,0.0,0.0,0.0,0.0,0.0,0.0,1.0000000000001343,0.7007191954812403,705.9625820508377,229.82343987692175,302.7106577576344,63.31231171729296
3,295.0,62.05493773506636,0.95,0.0,0.0,0.0,0.0,0.0,0.0,0.05,304.23,76.01,0.9696611116589422,0.8164049169196995,62.12878854692645,61.907336111346176,709.0479090335265,216.52537265900204,0.9470817703091904,0.0,0.0,0.0,0.0,0.0,0.0,0.0529182296908095,0.9547521933298266,0.0,0.0,0.0,0.0,0.0,0.0,0.0452478066701733,0.8341604770070903,3.1315820530170586,1.0000000000001104,0.0,0.0,0.0,0.0,0.0,0.0,1.000000000000388,0.7007191954812403,705.9625820508377,229.82343987692175,302.7106577576344,63.31231171729296
3,295.0,62.07952133901972,0.95,0.0,0.0,0.0,0.0,0.0,0.0,0.05,304.23,76.01,0.9696611116589422,0.8167283428367282,62.12878854692645,61.907336111346176,708.9723484970364,216.77101924867563,0.9480510698119656,0.0,0.0,0.0,0.0,0.0,0.0,0.0519489301880344,0.955553210727404,0.0,0.0,0.0,0.0,0.0,0.0,0.044446789272596,0.831402706906471,3.135513316629698,1.0000000000005662,0.0,0.0,0.0,0.0,0.0,0.0,1.0000000000005744,0.7007191954812403,705.9625820508377,229.82343987692175,302.7106577576344,63.31231171729296
3,295.0,62.10410494297309,0.95,0.0,0.0,0.0,0.0,0.0,0.0,0.05,304.23,76.01,0.9696611116589422,0.8170517687537572,62.12878854692645,61.907336111346176,708.8972529638444,217.01718351769432,0.949022490851706,0.0,0.0,0.0,0.0,0.0,0.0,0.050977509148294,0.9563570160859908,0.0,0.0,0.0,0.0,0.0,0.0,0.0436429839140092,0.8286508186673099,3.1394549245840557,1.000000000000368,0.0,0.0,0.0,0.0,0.0,0.0,1.0000000000004643,0.7007191954812403,705.9625820508377,229.82343987692175,302.7106577576344,63.31231171729296
3,295.0,62.12868854692645,0.95,0.0,0.0,0.0,0.0,0.0,0.0,0.05,304.23,76.01,0.9696611116589422,0.817375194670786,62.12878854692645,61.907336111346176,708.8226336561509,217.2638682855845,0.9499960360113616,0.0,0.0,0.0,0.0,0.0,0.0,0.0500039639886383,0.9571636360216336,0.0,0.0,0.0,0.0,0.0,0.0,0.0428363639783664,0.8259047854368564,3.1434099988434867,1.0000000000002458,0.0,0.0,0.0,0.0,0.0,0.0,1.0000000000001008,0.7007191954812403,705.9625820508377,229.82343987692175,302.7106577576344,63.31231171729296
4,200.0,2.769129435966955,0.95,0.05,0.0,0.0,0.0,0.0,0.0,0.0,300.83,92.66,0.6648273111059403,0.0298848417436537,230.9901536612257,2.7690294359669547,1221.9077629628275,7.272404875909172,0.9999655435207012,3.445647929884507e-05,0.0,0.0,0.0,0.0,0.0,0.0,0.9499672795087564,0.0500327204912437,0.0,0.0,0.0,0.0,0.0,0.0,22.53310135246444,0.6827427709272961,1.0000000101181254,1.6329203221790776,0.0,0.0,0.0,0.0,0.0,0.0,22.53960113748808,1221.920496490378,7.249541730897533,302.7106577576344,2.6239816647333654
4,200.0,28.127009905440143,0.95,0.05,0.0,0.0,0.0,0.0,0.0,0.0,300.83,92.66,0.6648273111059403,0.3035507220530989,230.9901536612257,2.7690294359669547,1219.7150377932892,11.303399618626672,0.994006124015112,0.0059938759848879,0.0,0.0,0.0,0.0,0.0,0.0,0.1120574398944302,0.8879425601055697,0.0,0.0,0.0,0.0,0.0,0.0,21.44858643750941,0.7350177656960476,1.0000000016108797,1.5437789725446902,0.0,0.0,0.0,0.0,0.0,0.0,22.53960113748808,1221.920496490378,7.249541730897533,302.7106577576344,2.6239816647333654
4,200.0,53.48489037491333,0.95,0.05,0.0,0.0,0.0,0.0,0.0,0.0,300.83,92.66,0.6648273111059403,0.577216602362544,230.9901536612257,2.7690294359669547,1217.5743128351382,15.27478717857846,0.9881547680658548,0.0118452319341451,0.0,0.0,0.0,0.0,0.0,0.0,0.0682429367855742,0.931757063214426,0.0,0.0,0.0,0.0,0.0,0.0,20.46346609746498,0.7814253998405363,1.000000000344791,1.4663818490782792,0.0,0.0,0.0,0.0,0.0,0.0,22.53960113748808,1221.920496490378,7.249541730897533,302.7106577576344,2.6239816647333654
4,200.0,78.84277084438652,0.95,0.05,0.0,0.0,0.0,0.0,0.0,0.0,300.83,92.66,0.6648273111059403,0.8508824826719893,230.9901536612257,2.7690294359669547,1215.484059307371,19.197589013840425,0.9824090243683526,0.0175909756316474,0.0,0.0,0.0,0.0,0.0,0.0,0.0531789517135429,0.9468210482864572,0.0,0.0,0.0,0.0,0.0,0.0,19.56599680856237,0.8219083318449827,1.0000000000311744,1.4019800954246104,0.0,0.0,0.0,0.0,0.0,0.0,22.53960113748808,1221.920496490378,7.249541730897533,302.7106577576344,2.6239816647333654
4,200.0,104.20065131385972,0.95,0.05,0.0,0.0,0.0,0.0,0.0,0.0,300.83,92.66,0.6648273111059403,1.1245483629814343,230.9901536612257,2.7690294359669547,1213.4425957396086,23.077424965895272,0.9767662948382986,0.0232337051617013,0.0,0.0,0.0,0.0,0.0,0.0,0.0459161258610646,0.9540838741389354,0.0,0.0,0.0,0.0,0.0,0.0,18.7443445460574,0.8574750738268159,1.0000000000021942,1.3480432299750091,0.0,0.0,0.0,0.0,0.0,0.0,22.53960113748808,1221.920496490378,7.249541730897533,302.7106577576344,2.6239816647333654
4,200.0,129.55853178333288,0.95,0.05,0.0,0.0,0.0,0.0,0.0,0.0,300.83,92.66,0.6648273111059403,1.3982142432908795,230.9901536612257,2.7690294359669547,1211.4481891648338,26.9165999102121,0.9712239347260576,0.0287760652739422,0.0,0.0,0.0,0.0,0.0,0.0,0.0418871518523828,0.9581128481476172,0.0,0.0,0.0,0.0,0.0,0.0,17.988797084863346,0.8891218125189554,1.0000000000917004,1.3024905058935448,0.0,0.0,0.0,0.0,0.0,0.0,22.53960113748808,1221.920496490378,7.249541730897533,302.7106577576344,2.6239816647333654
4,200.0,154.91641225280608,0.95,0.05,0.0,0.0,0.0,0.0,0.0,0.0,300.83,92.66,0.6648273111059403,1.671880123600325,230.9901536612257,2.7690294359669547,1209.4989567633645,30.71537473126321,0.9657791573424128,0.0342208426575871,0.0,0.0,0.0,0.0,0.0,0.0,0.039508918869865,0.9604910811301348,0.0,0.0,0.0,0.0,0.0,0.0,17.29137403870292,0.9176368909585484,1.000000000264175,1.2637433280425725,0.0,0.0,0.0,0.0,0.0,0.0,22.53960113748808,1221.920496490378,7.249541730897533,302.7106577576344,2.6239816647333654
4,200.0,180.27429272227928,0.95,0.05,0.0,0.0,0.0,0.0,0.0,0.0,300.83,92.66,0.6648273111059403,1.94554600390977,230.9901536612257,2.7690294359669547,1207.592834890884,34.47257220022757,0.9604290047415076,0.0395709952584923,0.0,0.0,0.0,0.0,0.0,0.0,0.0380852822467927,0.9619147177532074,0.0,0.0,0.0,0.0,0.0,0.0,16.645430375003073,0.943581741386582,1.0000000000150144,1.2305122159652029,0.0,0.0,0.0,0.0,0.0,0.0,22.53960113748808,1221.920496490378,7.249541730897533,302.7106577576344,2.6239816647333654
4,200.0,205.63217319175249,0.95,0.05,0.0,0.0,0.0,0.0,0.0,0.0,300.83,92.66,0.6648273111059403,2.2192118842192152,230.9901536612257,2.7690294359669547,1205.7275967961643,38.186085464058806,0.9551703661582271,0.0448296338417727,0.0,0.0,0.0,0.0,0.0,0.0,0.0372608094306763,0.9627391905693238,0.0,0.0,0.0,0.0,0.0,0.0,16.045331212991115,0.967381595886082,1.0,1.20185427041113,0.0,0.0,0.0,0.0,0.0,0.0,22.53960113748808,1221.920496490378,7.249541730897533,302.7106577576344,2.6239816647333654
4,200.0,230.9900536612257,0.95,0.05,0.0,0.0,0.0,0.0,0.0,0.0,300.83,92.66,0.6648273111059403,2.4928777645286604,230.9901536612257,2.7690294359669547,1203.9008940863998,41.8533291854242,0.950000019790586,0.0499999802094139,0.0,0.0,0.0,0.0,0.0,0.0,0.0368342381447634,0.9631657618552364,0.0,0.0,0.0,0.0,0.0,0.0,15.486244943156956,0.9894103052773986,1.0,1.177059720769428,0.0,0.0,0.0,0.0,0.0,0.0,22.53960113748808,1221.920496490378,7.249541730897533,302.7106577576344,2.6239816647333654
4,205.0,3.5421963552298186,0.95,0.05,0.0,0.0,0.0,0.0,0.0,0.0,300.83,92.66,0.6814479938835888,0.0382278907320291,211.02994799979388,3.5420963552298184,1206.259089367465,9.154228217988512,0.9999516063838348,4.839361616526095e-05,0.0,0.0,0.0,0.0,0.0,0.0,0.9499746801342406,0.0500253198657593,0.0,0.0,0.0,0.0,0.0,0.0,21.14979681249453,0.7106369475468867,1.0,1.5603523223881008,0.0,0.0,0.0,0.0,0.0,0.0,21.15779579629945,1206.2779501886548,9.12387059747945,302.7106577576344,3.35468958110042
4,205.0,26.59637987129249,0.95,0.05,0.0,0.0,0.0,0.0,0.0,0.0,300.83,92.66,0.6814479938835888,0.2870319433551964,211.02994799979388,3.5420963552298184,1203.9670705199603,12.938584178265616,0.9940538382775236,0.0059461617224763,0.0,0.0,0.0,0.0,0.0,0.0,0.1493001683238392,0.8506998316761607,0.0,0.0,0.0,0.0,0.0,0.0,20.20516849674438,0.7565055342607814,1.0,1.4890332094860073,0.0,0.0,0.0,0.0,0.0,0.0,21.15779579629945,1206.2779501886548,9.12387059747945,302.7106577576344,3.35468958110042
4,205.0,49.65056338735517,0.95,0.05,0.0,0.0,0.0,0.0,0.0,0.0,300.83,92.66,0.6814479938835888,0.5358359959783636,211.02994799979388,3.5420963552298184,1201.7156424745187,16.684824693585522,0.9882468762577652,0.0117531237422349,0.0,0.0,0.0,0.0,0.0,0.0,0.0911040789599749,0.908895921040025,0.0,0.0,0.0,0.0,0.0,0.0,19.336229395159695,0.7981586701155315,1.0000000001953968,1.425535257905998,0.0,0.0,0.0,0.0,0.0,0.0,21.15779579629945,1206.2779501886548,9.12387059747945,302.7106577576344,3.35468958110042
4,205.0,118.8131139355432,0.95,0.05,0.0,0.0,0.0,0.0,0.0,0.0,300.83,92.66,0.6814479938835888,1.2822481538478654,211.02994799979388,3.5420963552298184,1195.1967939902822,27.756719781877205,0.9713554455886262,0.0286445544113738,0.0,0.0,0.0,0.0,0.0,0.0,0.0542088992054907,0.9457911007945092,0.0,0.0,0.0,0.0,0.0,0.0,17.110002774018145,0.8986983221868116,1.0,1.285280506369529,0.0,0.0,0.0,0.0,0.0,0.0,21.15779579629945,1206.2779501886548,9.12387059747945,302.7106577576344,3.35468958110042
4,205.0,141.86729745160585,0.95,0.05,0.0,0.0,0.0,0.0,0.0,0.0,300.83,92.66,0.6814479938835888,1.5310522064710324,211.02994799979388,3.5420963552298184,1193.0988620186226,31.40175670730559,0.9658956016299006,0.0341043983700994,0.0,0.0,0.0,0.0,0.0,0.0,0.0505892756848533,0.9494107243151468,0.0,0.0,0.0,0.0,0.0,0.0,16.471641231265767,0.9260919974650798,1.0000000000662703,1.2509180893183145,0.0,0.0,0.0,0.0,0.0,0.0,21.15779579629945,1206.2779501886548,9.12387059747945,302.7106577576344,3.35468958110042
4,205.0,164.92148096766854,0.95,0.05,0.0,0.0,0.0,0.0,0.0,0.0,300.83,92.66,0.6814479938835888,1.7798562590941998,211.02994799979388,3.5420963552298184,1191.0364069716495,35.023932574126725,0.9605178625057698,0.0394821374942302,0.0,0.0,0.0,0.0,0.0,0.0,0.0482847347952859,0.9517152652047142,0.0,0.0,0.0,0.0,0.0,0.0,15.876146748266455,0.951218917196448,1.0,1.221085506352993,0.0,0.0,0.0,0.0,0.0,0.0,21.15779579629945,1206.2779501886548,9.12387059747945,302.7106577576344,3.35468958110042
4,205.0,187.9756644837312,0.95,0.05,0.0,0.0,0.0,0.0,0.0,0.0,300.83,92.66,0.6814479938835888,2.028660311717367,211.02994799979388,3.5420963552298184,1189.007985692825,38.621494339099904,0.9552200894335724,0.0447799105664277,0.0,0.0,0.0,0.0,0.0,0.0,0.046811162556424,0.953188837443576,0.0,0.0,0.0,0.0,0.0,0.0,15.319272863457236,0.974471908282154,1.0000000000908726,1.1950384521752233,0.0,0.0,0.0,0.0,0.0,0.0,21.15779579629945,1206.2779501886548,9.12387059747945,302.7106577576344,3.35468958110042
4,205.0,211.02984799979387,0.95,0.05,0.0,0.0,0.0,0.0,0.0,0.0,300.83,92.66,0.6814479938835888,2.277464364340534,211.02994799979388,3.5420963552298184,1187.0120248623978,42.19205898833144,0.9500000220045876,0.0499999779954122,0.0,0.0,0.0,0.0,0.0,0.0,0.0458940273907079,0.9541059726092922,0.0,0.0,0.0,0.0,0.0,0.0,14.797336001146592,0.99609406891298,1.0,1.1722204337545057,0.0,0.0,0.0,0.0,0.0,0.0,21.15779579629945,1206.2779501886548,9.12387059747945,302.7106577576344,3.35468958110042
4,210.0,4.47273061665532,0.95,0.05,0.0,0.0,0.0,0.0,0.0,0.0,300.83,92.66,0.6980686766612373,0.0482703498451901,193.8751524679473,4.47263061665532,1190.266789477534,11.394808049236865,0.9999329648177492,6.703518225093429e-05,0.0,0.0,0.0,0.0,0.0,0.0,0.9499801808410288,0.0500198191589711,0.0,0.0,0.0,0.0,0.0,0.0,19.78415850440781,0.740559778544489,1.0,1.4951457750955226,0.0,0.0,0.0,0.0,0.0,0.0,19.793904820789816,1190.2941504876192,11.354703713715036,302.7106577576344,4.233266563955471
4,210.0,25.51743304457665,0.95,0.05,0.0,0.0,0.0,0.0,0.0,0.0,300.83,92.66,0.6980686766612373,0.2753877945669831,193.8751524679473,4.47263061665532,1187.8855061761644,14.982151630087706,0.9940877836531262,0.0059122163468737,0.0,0.0,0.0,0.0,0.0,0.0,0.1940830290571479,0.805916970942852,0.0,0.0,0.0,0.0,0.0,0.0,18.957772782570505,0.7812246390006834,1.0000000002457865,1.4376429407775706,0.0,0.0,0.0,0.0,0.0,0.0,19.793904820789816,1190.2941504876192,11.354703713715036,302.7106577576344,4.233266563955471
4,210.0,46.56213547249799,0.95,0.05,0.0,0.0,0.0,0.0,0.0,0.0,300.83,92.66,0.6980686766612373,0.502505239288776,193.8751524679473,4.47263061665532,1185.5355655568612,18.551053366573065,0.9883192868518405,0.0116807131481595,0.0,0.0,0.0,0.0,0.0,0.0,0.1195526960238883,0.8804473039761117,0.0,0.0,0.0,0.0,0.0,0.0,18.189433903075503,0.8187814037352915,1.0,1.385602658082196,0.0,0.0,0.0,0.0,0.0,0.0,19.793904820789816,1190.2941504876192,11.354703713715036,302.7106577576344,4.233266563955471
4,210.0,67.60683790041932,0.95,0.05,0.0,0.0,0.0,0.0,0.0,0.0,300.83,92.66,0.6980686766612373,0.729622684010569,193.8751524679473,4.47263061665532,1183.216712553086,22.101243717953725,0.9826266324719248,0.0173733675280751,0.0,0.0,0.0,0.0,0.0,0.0,0.0919135502314679,0.908086449768532,0.0,0.0,0.0,0.0,0.0,0.0,17.475081080630623,0.8529938499400835,1.0,1.3400967326059814,0.0,0.0,0.0,0.0,0.0,0.0,19.793904820789816,1190.2941504876192,11.354703713715036,302.7106577576344,4.233266563955471
4,210.0,88.65154032834066,0.95,0.05,0.0,0.0,0.0,0.0,0.0,0.0,300.83,92.66,0.6980686766612373,0.956740128732362,193.8751524679473,4.47263061665532,1180.9285393144714,25.639340068142754,0.9770088334242468,0.0229911665757533,0.0,0.0,0.0,0.0,0.0,0.0,0.0778789397956049,0.9221210602043952,0.0,0.0,0.0,0.0,0.0,0.0,16.809209992566448,0.8841504243440611,1.0000000003139629,1.3005213574288648,0.0,0.0,0.0,0.0,0.0,0.0,19.793904820789816,1190.2941504876192,11.354703713715036,302.7106577576344,4.233266563955471
4,210.0,109.696242756262,0.95,0.05,0.0,0.0,0.0,0.0,0.0,0.0,300.83,92.66,0.6980686766612373,1.183857573454155,193.8751524679473,4.47263061665532,1178.6705035942002,29.168233499596244,0.9714647751072022,0.0285352248927977,0.0,0.0,0.0,0.0,0.0,0.0,0.0696488429403269,0.9303511570596732,0.0,0.0,0.0,0.0,0.0,0.0,16.186902171214005,0.9126796885785092,1.0,1.2660028674562696,0.0,0.0,0.0,0.0,0.0,0.0,19.793904820789816,1190.2941504876192,11.354703713715036,302.7106577576344,4.233266563955471
4,210.0,130.74094518418332,0.95,0.05,0.0,0.0,0.0,0.0,0.0,0.0,300.83,92.66,0.6980686766612373,1.4109750181759475,193.8751524679473,4.47263061665532,1176.4419625558753,32.68889266510289,0.9659932478559252,0.0340067521440747,0.0,0.0,0.0,0.0,0.0,0.0,0.0644327590764949,0.9355672409235052,0.0,0.0,0.0,0.0,0.0,0.0,15.603913286375194,0.9389699851851744,1.0,1.2357977064262198,0.0,0.0,0.0,0.0,0.0,0.0,19.793904820789816,1190.2941504876192,11.354703713715036,302.7106577576344,4.233266563955471
4,210.0,151.78564761210467,0.95,0.05,0.0,0.0,0.0,0.0,0.0,0.0,300.83,92.66,0.6980686766612373,1.638092462897741,193.8751524679473,4.47263061665532,1174.2421538510018,36.200988410468526,0.9605929292343768,0.0394070707656232,0.0,0.0,0.0,0.0,0.0,0.0,0.0609826240819721,0.9390173759180278,0.0,0.0,0.0,0.0,0.0,0.0,15.056584000287756,0.963326003522095,1.0000000000485514,1.2092324674397692,0.0,0.0,0.0,0.0,0.0,0.0,19.793904820789816,1190.2941504876192,11.354703713715036,302.7106577576344,4.233266563955471
4,210.0,172.830350040026,0.95,0.05,0.0,0.0,0.0,0.0,0.0,0.0,300.83,92.66,0.6980686766612373,1.8652099076195336,193.8751524679473,4.47263061665532,1172.0701853277533,39.70322943685397,0.9552623745856385,0.0447376254143615,0.0,0.0,0.0,0.0,0.0,0.0,0.05865522919702,0.94134477080298,0.0,0.0,0.0,0.0,0.0,0.0,14.541728235130996,0.9860445324683916,1.0000000000078129,1.1857767658542444,0.0,0.0,0.0,0.0,0.0,0.0,19.793904820789816,1190.2941504876192,11.354703713715036,302.7106577576344,4.233266563955471
4,210.0,193.8750524679473,0.95,0.05,0.0,0.0,0.0,0.0,0.0,0.0,300.83,92.66,0.6980686766612373,2.0923273523413264,193.8751524679473,4.47263061665532,1169.9250422411687,43.1936358794811,0.950000024324222,0.0499999756757778,0.0,0.0,0.0,0.0,0.0,0.0,0.0570845627436659,0.942915437256334,0.0,0.0,0.0,0.0,0.0,0.0,14.056539104781454,1.0073122935394423,1.0,1.165034832903376,0.0,0.0,0.0,0.0,0.0,0.0,19.793904820789816,1190.2941504876192,11.354703713715036,302.7106577576344,4.233266563955471
4,215.0,5.581039323861209,0.95,0.05,0.0,0.0,0.0,0.0,0.0,0.0,300.83,92.66,0.7146893594388858,0.0602313762557868,179.04708701101467,5.580939323861209,1173.86953965386,14.04212560974603,0.999908273840192,9.172615980784828e-05,0.0,0.0,0.0,0.0,0.0,0.0,0.9499843266467,0.0500156733533001,0.0,0.0,0.0,0.0,0.0,0.0,18.436436560175277,0.7727786803464305,1.0,1.4362772689370085,0.0,0.0,0.0,0.0,0.0,0.0,18.448205290897207,1173.908539729092,13.989350648063478,302.7106577576344,5.278346606766283
4,215.0,24.855033511322706,0.95,0.05,0.0,0.0,0.0,0.0,0.0,0.0,300.83,92.66,0.7146893594388858,0.2682390838692284,179.04708701101467,5.580939323861209,1171.406743610029,17.472217397790168,0.9941086772750626,0.0058913227249373,0.0,0.0,0.0,0.0,0.0,0.0,0.2460878114684999,0.7539121885315001,0.0,0.0,0.0,0.0,0.0,0.0,17.710852007530487,0.809160596054565,1.0,1.3896107694472506,0.0,0.0,0.0,0.0,0.0,0.0,18.448205290897207,1173.908539729092,13.989350648063478,302.7106577576344,5.278346606766283
4,215.0,44.1290276987842,0.95,0.05,0.0,0.0,0.0,0.0,0.0,0.0,300.83,92.66,0.7146893594388858,0.4762467914826699,179.04708701101467,5.580939323861209,1168.9678206435913,20.90346530823288,0.988374162115848,0.011625837884152,0.0,0.0,0.0,0.0,0.0,0.0,0.1541128700540425,0.8458871299459575,0.0,0.0,0.0,0.0,0.0,0.0,17.030126192617566,0.8432746851687313,1.0,1.3469753494291543,0.0,0.0,0.0,0.0,0.0,0.0,18.448205290897207,1173.908539729092,13.989350648063478,302.7106577576344,5.278346606766283
4,215.0,82.6770160737072,0.95,0.05,0.0,0.0,0.0,0.0,0.0,0.0,300.83,92.66,0.7146893594388858,0.8922622067095531,179.04708701101467,5.580939323861209,1164.1609946515014,27.74559076638619,0.977097913272186,0.0229020867278139,0.0,0.0,0.0,0.0,0.0,0.0,0.0998704496710526,0.9001295503289474,0.0,0.0,0.0,0.0,0.0,0.0,15.792788149076229,0.9040337425792828,1.0000000002516334,1.2752022873258877,0.0,0.0,0.0,0.0,0.0,0.0,18.448205290897207,1173.908539729092,13.989350648063478,302.7106577576344,5.278346606766283
4,215.0,101.95101026116868,0.95,0.05,0.0,0.0,0.0,0.0,0.0,0.0,300.83,92.66,0.7146893594388858,1.1002699143229948,179.04708701101467,5.580939323861209,1161.7929087246382,31.166444841735988,0.9715550574311104,0.0284449425688897,0.0,0.0,0.0,0.0,0.0,0.0,0.0887462584378593,0.9112537415621408,0.0,0.0,0.0,0.0,0.0,0.0,15.229029449671296,0.9311236428096572,1.0,1.245421223938859,0.0,0.0,0.0,0.0,0.0,0.0,18.448205290897207,1173.908539729092,13.989350648063478,302.7106577576344,5.278346606766283
4,215.0,121.2250044486302,0.95,0.05,0.0,0.0,0.0,0.0,0.0,0.0,300.83,92.66,0.7146893594388858,1.3082776219364365,179.04708701101467,5.580939323861209,1159.448011367999,34.58965275991099,0.966074740568126,0.033925259431874,0.0,0.0,0.0,0.0,0.0,0.0,0.0815362045613318,0.9184637954386682,0.0,0.0,0.0,0.0,0.0,0.0,14.697636752182026,0.9563747974740472,1.0,1.2190062629124137,0.0,0.0,0.0,0.0,0.0,0.0,18.448205290897207,1173.908539729092,13.989350648063478,302.7106577576344,5.278346606766283
4,215.0,140.4989986360917,0.95,0.05,0.0,0.0,0.0,0.0,0.0,0.0,300.83,92.66,0.7146893594388858,1.5162853295498782,179.04708701101467,5.580939323861209,1157.1259033795816,38.01534505776789,0.9606561138220392,0.0393438861779607,0.0,0.0,0.0,0.0,0.0,0.0,0.0766385827196544,0.9233614172803456,0.0,0.0,0.0,0.0,0.0,0.0,14.195904317908898,0.9799992559712536,1.0,1.1955275755209485,0.0,0.0,0.0,0.0,0.0,0.0,18.448205290897207,1173.908539729092,13.989350648063478,302.7106577576344,5.278346606766283
4,215.0,159.77299282355318,0.95,0.05,0.0,0.0,0.0,0.0,0.0,0.0,300.83,92.66,0.7146893594388858,1.7242930371633196,179.04708701101467,5.580939323861209,1154.8260762592104,41.44271424238056,0.9552982262903168,0.0447017737096832,0.0,0.0,0.0,0.0,0.0,0.0,0.0732208611049309,0.926779138895069,0.0,0.0,0.0,0.0,0.0,0.0,13.72145581968324,1.002217868111113,1.0000000002284788,1.1746103415650395,0.0,0.0,0.0,0.0,0.0,0.0,18.448205290897207,1173.908539729092,13.989350648063478,302.7106577576344,5.278346606766283
4,215.0,179.04698701101466,0.95,0.05,0.0,0.0,0.0,0.0,0.0,0.0,300.83,92.66,0.7146893594388858,1.932300744776761,179.04708701101467,5.580939323861209,1152.547913857724,44.87024805025487,0.9500000267581712,0.0499999732418288,0.0,0.0,0.0,0.0,0.0,0.0,0.0708066458168213,0.9291933541831786,0.0,0.0,0.0,0.0,0.0,0.0,13.272102506770622,1.0231847920264912,1.0000000001366909,1.1559073988857658,0.0,0.0,0.0,0.0,0.0,0.0,18.448205290897207,1173.908539729092,13.989350648063478,302.7106577576344,5.278346606766283
4,220.0,6.8885354410184965,0.95,0.05,0.0,0.0,0.0,0.0,0.0,0.0,300.83,92.66,0.7313100422165343,0.0743420617420515,166.17853479893557,6.888435441018497,1156.9993344325983,17.14978148042655,0.9998758356525398,0.0001241643474602,0.0,0.0,0.0,0.0,0.0,0.0,0.9499874916473858,0.0500125083526141,0.0,0.0,0.0,0.0,0.0,0.0,17.107044420703467,0.8075563989931176,1.0,1.383042697104603,0.0,0.0,0.0,0.0,0.0,0.0,17.121140165384258,1157.0541060432145,17.08052563899556,302.7106577576344,6.509407158415541
4,220.0,24.587413147453727,0.95,0.05,0.0,0.0,0.0,0.0,0.0,0.0,300.83,92.66,0.7313100422165343,0.265350886547094,166.17853479893557,6.888435441018497,1154.4608933551317,20.45499701697922,0.994116493497796,0.0058835065022041,0.0,0.0,0.0,0.0,0.0,0.0,0.3043382894636773,0.6956617105363228,0.0,0.0,0.0,0.0,0.0,0.0,16.46811847499955,0.8404811469425383,1.0,1.3448721411252484,0.0,0.0,0.0,0.0,0.0,0.0,17.121140165384258,1157.0541060432145,17.08052563899556,302.7106577576344,6.509407158415541
4,220.0,42.28629085388896,0.95,0.05,0.0,0.0,0.0,0.0,0.0,0.0,300.83,92.66,0.7313100422165343,0.4563597113521364,166.17853479893557,6.888435441018497,1151.9403784589028,23.78126750342342,0.9884127072306268,0.0115872927693732,0.0,0.0,0.0,0.0,0.0,0.0,0.1950406380554025,0.8049593619445974,0.0,0.0,0.0,0.0,0.0,0.0,15.864104414027022,0.8716780076088818,1.0,1.3099799827808498,0.0,0.0,0.0,0.0,0.0,0.0,17.121140165384258,1157.0541060432145,17.08052563899556,302.7106577576344,6.509407158415541
4,220.0,59.98516856032419,0.95,0.05,0.0,0.0,0.0,0.0,0.0,0.0,300.83,92.66,0.7313100422165343,0.6473685361571788,166.17853479893557,6.888435441018497,1149.4372044199763,27.107197010083944,0.982763563715792,0.0172364362842078,0.0,0.0,0.0,0.0,0.0,0.0,0.1504536321049676,0.8495463678950324,0.0,0.0,0.0,0.0,0.0,0.0,15.293787262274774,0.9009686015753808,1.0,1.2781763220940292,0.0,0.0,0.0,0.0,0.0,0.0,17.121140165384258,1157.0541060432145,17.08052563899556,302.7106577576344,6.509407158415541
4,220.0,77.68404626675941,0.95,0.05,0.0,0.0,0.0,0.0,0.0,0.0,300.83,92.66,0.7313100422165343,0.8383773609622212,166.17853479893557,6.888435441018497,1146.9516936911727,30.43836277526344,0.9771689821581976,0.0228310178418022,0.0,0.0,0.0,0.0,0.0,0.0,0.1266134137345027,0.8733865862654973,0.0,0.0,0.0,0.0,0.0,0.0,14.754774690601804,0.9284215864496296,1.0,1.2496324106410268,0.0,0.0,0.0,0.0,0.0,0.0,17.121140165384258,1157.0541060432145,17.08052563899556,302.7106577576344,6.509407158415541
4,220.0,95.38292397319464,0.95,0.05,0.0,0.0,0.0,0.0,0.0,0.0,300.83,92.66,0.7313100422165343,1.0293861857672637,166.17853479893557,6.888435441018497,1144.483915378013,33.77831161525639,0.971628649580576,0.028371350419424,0.0,0.0,0.0,0.0,0.0,0.0,0.1120420189173584,0.8879579810826416,0.0,0.0,0.0,0.0,0.0,0.0,14.244645044343589,0.9542145218899188,1.0,1.2240528990847386,0.0,0.0,0.0,0.0,0.0,0.0,17.121140165384258,1157.0541060432145,17.08052563899556,302.7106577576344,6.509407158415541
4,220.0,113.08180167962988,0.95,0.05,0.0,0.0,0.0,0.0,0.0,0.0,300.83,92.66,0.7313100422165343,1.220395010572306,166.17853479893557,6.888435441018497,1142.0338175329284,37.12882861491909,0.966142141855294,0.0338578581447059,0.0,0.0,0.0,0.0,0.0,0.0,0.1024159538370161,0.8975840461629839,0.0,0.0,0.0,0.0,0.0,0.0,13.761168963024913,0.9785027275550008,1.0,1.2011085550923049,0.0,0.0,0.0,0.0,0.0,0.0,17.121140165384258,1157.0541060432145,17.08052563899556,302.7106577576344,6.509407158415541
4,220.0,130.78067938606512,0.95,0.05,0.0,0.0,0.0,0.0,0.0,0.0,300.83,92.66,0.7313100422165343,1.4114038353773486,166.17853479893557,6.888435441018497,1139.6012536714536,40.49048387770214,0.960708947920018,0.0392910520799818,0.0,0.0,0.0,0.0,0.0,0.0,0.0957414826010095,0.9042585173989904,0.0,0.0,0.0,0.0,0.0,0.0,13.30234849710586,1.0014625346670187,1.0000000000610936,1.180501551214113,0.0,0.0,0.0,0.0,0.0,0.0,17.121140165384258,1157.0541060432145,17.08052563899556,302.7106577576344,6.509407158415541
4,220.0,148.47955709250033,0.95,0.05,0.0,0.0,0.0,0.0,0.0,0.0,300.83,92.66,0.7313100422165343,1.602412660182391,166.17853479893557,6.888435441018497,1137.185984624473,43.8629451212247,0.955328471428721,0.044671528571279,0.0,0.0,0.0,0.0,0.0,0.0,0.0909705444097868,0.9090294555902132,0.0,0.0,0.0,0.0,0.0,0.0,12.866393778688666,1.0232286155384422,1.0000000000765814,1.1619731603732544,0.0,0.0,0.0,0.0,0.0,0.0,17.121140165384258,1157.0541060432145,17.08052563899556,302.7106577576344,6.509407158415541
4,220.0,166.17843479893557,0.95,0.05,0.0,0.0,0.0,0.0,0.0,0.0,300.83,92.66,0.7313100422165343,1.7934214849874333,166.17853479893557,6.888435441018497,1134.7876769754776,47.24517719110631,0.9500000293180064,0.0499999706819934,0.0,0.0,0.0,0.0,0.0,0.0,0.0874987054753172,0.9125012945246828,0.0,0.0,0.0,0.0,0.0,0.0,12.451704417642672,1.043936321020723,1.0,1.1452663886444858,0.0,0.0,0.0,0.0,0.0,0.0,17.121140165384258,1157.0541060432145,17.08052563899556,302.7106577576344,6.509407158415541
4,225.0,8.417757350913059,0.95,0.05,0.0,0.0,0.0,0.0,0.0,0.0,300.83,92.66,0.7479307249941828,0.0908456437612028,154.98431615588598,8.417657350913059,1139.579590339789,20.778329781501224,0.999833497429462,0.0001665025705379,0.0,0.0,0.0,0.0,0.0,0.0,0.9499899367362604,0.0500100632637395,0.0,0.0,0.0,0.0,0.0,0.0,15.796566483337209,0.8453253344669677,1.0,1.3347565989158006,0.0,0.0,0.0,0.0,0.0,0.0,15.813326197117547,1139.6555629264626,20.687604017864448,302.7106577576344,7.946729358776584
4,225.0,24.70291944035449,0.95,0.05,0.0,0.0,0.0,0.0,0.0,0.0,300.83,92.66,0.7479307249941828,0.266597447014402,154.98431615588598,8.417657350913059,1136.969751837399,23.98581997058433,0.9941104910571924,0.0058895089428076,0.0,0.0,0.0,0.0,0.0,0.0,0.3672335159376603,0.6327664840623397,0.0,0.0,0.0,0.0,0.0,0.0,15.23269995169514,0.8754048969922835,1.0,1.3032892381635195,0.0,0.0,0.0,0.0,0.0,0.0,15.813326197117547,1139.6555629264626,20.687604017864448,302.7106577576344,7.946729358776584
4,225.0,40.98808152979593,0.95,0.05,0.0,0.0,0.0,0.0,0.0,0.0,300.83,92.66,0.7479307249941828,0.4423492502676012,154.98431615588598,8.417657350913059,1134.3732157061977,27.233663514882508,0.9884352396111866,0.0115647603888133,0.0,0.0,0.0,0.0,0.0,0.0,0.242224306513107,0.757775693486893,0.0,0.0,0.0,0.0,0.0,0.0,14.69625126898607,0.9042182881630986,1.0,1.2747707179105388,0.0,0.0,0.0,0.0,0.0,0.0,15.813326197117547,1139.6555629264626,20.687604017864448,302.7106577576344,7.946729358776584
4,225.0,57.27324361923736,0.95,0.05,0.0,0.0,0.0,0.0,0.0,0.0,300.83,92.66,0.7479307249941828,0.6181010535208004,154.98431615588598,8.417657350913059,1131.7885929598797,30.49034660912276,0.982806201791924,0.017193798208076,0.0,0.0,0.0,0.0,0.0,0.0,0.1882711478698727,0.8117288521301272,0.0,0.0,0.0,0.0,0.0,0.0,14.186500833580864,0.9315864745111204,1.0,1.2483276940723682,0.0,0.0,0.0,0.0,0.0,0.0,15.813326197117547,1139.6555629264626,20.687604017864448,302.7106577576344,7.946729358776584
4,225.0,73.5584057086788,0.95,0.05,0.0,0.0,0.0,0.0,0.0,0.0,300.83,92.66,0.7479307249941828,0.7938528567739996,154.98431615588598,8.417657350913059,1129.2163871647988,33.75880643159677,0.9772235325412916,0.0227764674587083,0.0,0.0,0.0,0.0,0.0,0.0,0.1585701196037479,0.8414298803962521,0.0,0.0,0.0,0.0,0.0,0.0,13.701956378197078,0.9575309940614894,1.0,1.2242184005633767,0.0,0.0,0.0,0.0,0.0,0.0,15.813326197117547,1139.6555629264626,20.687604017864448,302.7106577576344,7.946729358776584
4,225.0,89.84356779812023,0.95,0.05,0.0,0.0,0.0,0.0,0.0,0.0,300.83,92.66,0.7479307249941828,0.9696046600271988,154.98431615588598,8.417657350913059,1126.6568648073649,37.04236734484625,0.9716871748865548,0.0283128251134452,0.0,0.0,0.0,0.0,0.0,0.0,0.1400397014853088,0.8599602985146912,0.0,0.0,0.0,0.0,0.0,0.0,13.240951747871094,0.9821951283932536,1.0000000000364877,1.202343661049236,0.0,0.0,0.0,0.0,0.0,0.0,15.813326197117547,1139.6555629264626,20.687604017864448,302.7106577576344,7.946729358776584
4,225.0,106.12872988756168,0.95,0.05,0.0,0.0,0.0,0.0,0.0,0.0,300.83,92.66,0.7479307249941828,1.145356463280398,154.98431615588598,8.417657350913059,1124.1101550243168,40.3430595080025,0.9661969488190622,0.0338030511809377,0.0,0.0,0.0,0.0,0.0,0.0,0.1275801458731033,0.8724198541268966,0.0,0.0,0.0,0.0,0.0,0.0,12.80189682729985,1.005648058364386,1.0000000000692628,1.1825363177015864,0.0,0.0,0.0,0.0,0.0,0.0,15.813326197117547,1139.6555629264626,20.687604017864448,302.7106577576344,7.946729358776584
4,225.0,122.41389197700312,0.95,0.05,0.0,0.0,0.0,0.0,0.0,0.0,300.83,92.66,0.7479307249941828,1.3211082665335974,154.98431615588598,8.417657350913059,1121.5762921040764,43.66182898647583,0.960752589135584,0.0392474108644159,0.0,0.0,0.0,0.0,0.0,0.0,0.118789528403003,0.881210471596997,0.0,0.0,0.0,0.0,0.0,0.0,12.383330695304837,1.0280139610617147,1.0,1.1645740747775737,0.0,0.0,0.0,0.0,0.0,0.0,15.813326197117547,1139.6555629264626,20.687604017864448,302.7106577576344,7.946729358776584
4,225.0,138.69905406644455,0.95,0.05,0.0,0.0,0.0,0.0,0.0,0.0,300.83,92.66,0.7479307249941828,1.4968600697867964,154.98431615588598,8.417657350913059,1119.05522600662,46.99877439562036,0.955353754688721,0.044646245311279,0.0,0.0,0.0,0.0,0.0,0.0,0.11238702536121,0.88761297463879,0.0,0.0,0.0,0.0,0.0,0.0,11.983925784186122,1.0494132671673733,1.0,1.1482706179988251,0.0,0.0,0.0,0.0,0.0,0.0,15.813326197117547,1139.6555629264626,20.687604017864448,302.7106577576344,7.946729358776584
4,225.0,154.98421615588595,0.95,0.05,0.0,0.0,0.0,0.0,0.0,0.0,300.83,92.66,0.7479307249941828,1.6726118730399957,154.98431615588598,8.417657350913059,1116.5468265510422,50.353319860589366,0.9500000320186144,0.0499999679813854,0.0,0.0,0.0,0.0,0.0,0.0,0.1076264107551915,0.8923735892448085,0.0,0.0,0.0,0.0,0.0,0.0,11.602450943611766,1.0699156452470384,1.0,1.1334622352667452,0.0,0.0,0.0,0.0,0.0,0.0,15.813326197117547,1139.6555629264626,20.687604017864448,302.7106577576344,7.946729358776584
4,230.0,10.192425026433447,0.95,0.05,0.0,0.0,0.0,0.0,0.0,0.0,300.83,92.66,0.7645514077718313,0.1099981116601926,145.24040847801632,10.192325026433448,1121.522701986154,24.997069982797544,0.9997785108370072,0.0002214891629927,0.0,0.0,0.0,0.0,0.0,0.0,0.9499918465731468,0.0500081534268531,0.0,0.0,0.0,0.0,0.0,0.0,14.505771026535673,0.886551164268294,1.0,1.290850687574732,0.0,0.0,0.0,0.0,0.0,0.0,14.52556748614066,1121.6270137216943,24.87830228106012,302.7106577576344,9.61137473881863
4,230.0,25.19774540994265,0.95,0.05,0.0,0.0,0.0,0.0,0.0,0.0,300.83,92.66,0.7645514077718313,0.2719376797964888,145.24040847801632,10.192325026433448,1118.8442709204894,28.130556995337653,0.994089189046136,0.0059108109538638,0.0,0.0,0.0,0.0,0.0,0.0,0.4327095962881107,0.5672904037118892,0.0,0.0,0.0,0.0,0.0,0.0,14.007400983882576,0.9143754717683472,1.0,1.2647456180758423,0.0,0.0,0.0,0.0,0.0,0.0,14.52556748614066,1121.6270137216943,24.87830228106012,302.7106577576344,9.61137473881863
4,230.0,40.20306579345186,0.95,0.05,0.0,0.0,0.0,0.0,0.0,0.0,300.83,92.66,0.7645514077718313,0.4338772479327851,145.24040847801632,10.192325026433448,1116.1756385416502,31.32144106854376,0.9884412151037562,0.0115587848962438,0.0,0.0,0.0,0.0,0.0,0.0,0.2951160723293431,0.7048839276706569,0.0,0.0,0.0,0.0,0.0,0.0,13.530774794318676,0.9412263298917444,1.0000000000019418,1.241416870944042,0.0,0.0,0.0,0.0,0.0,0.0,14.52556748614066,1121.6270137216943,24.87830228106012,302.7106577576344,9.61137473881863
4,230.0,55.20838617696107,0.95,0.05,0.0,0.0,0.0,0.0,0.0,0.0,300.83,92.66,0.7645514077718313,0.5958168160690813,145.24040847801632,10.192325026433448,1113.5142859285495,34.53171563181984,0.9828321579441704,0.0171678420558295,0.0,0.0,0.0,0.0,0.0,0.0,0.231955776028441,0.768044223971559,0.0,0.0,0.0,0.0,0.0,0.0,13.075366478201335,0.9670211768714824,1.0,1.2194998295401709,0.0,0.0,0.0,0.0,0.0,0.0,14.52556748614066,1121.6270137216943,24.87830228106012,302.7106577576344,9.61137473881863
4,230.0,85.21902694397949,0.95,0.05,0.0,0.0,0.0,0.0,0.0,0.0,300.83,92.66,0.7645514077718313,0.9196959523416738,145.24040847801632,10.192325026433448,1108.2153443383766,41.00964750018223,0.97173154907742,0.0282684509225801,0.0,0.0,0.0,0.0,0.0,0.0,0.1731564629833921,0.8268435370166078,0.0,0.0,0.0,0.0,0.0,0.0,12.22429801081034,1.015432400573807,1.0,1.1806495285629062,0.0,0.0,0.0,0.0,0.0,0.0,14.52556748614066,1121.6270137216943,24.87830228106012,302.7106577576344,9.61137473881863
4,230.0,100.22434732748869,0.95,0.05,0.0,0.0,0.0,0.0,0.0,0.0,300.83,92.66,0.7645514077718313,1.08163552047797,145.24040847801632,10.192325026433448,1105.578409548406,44.28168416895215,0.9662401084162048,0.033759891583795,0.0,0.0,0.0,0.0,0.0,0.0,0.1574915182989546,0.8425084817010454,0.0,0.0,0.0,0.0,0.0,0.0,11.826421040696898,1.0382061250999657,1.0,1.1636466197136843,0.0,0.0,0.0,0.0,0.0,0.0,14.52556748614066,1121.6270137216943,24.87830228106012,302.7106577576344,9.61137473881863
4,230.0,115.22966771099792,0.95,0.05,0.0,0.0,0.0,0.0,0.0,0.0,300.83,92.66,0.7645514077718313,1.2435750886142662,145.24040847801632,10.192325026433448,1102.9500827064169,47.57760508581793,0.9607878228401112,0.0392121771598886,0.0,0.0,0.0,0.0,0.0,0.0,0.1462619702763877,0.8537380297236123,0.0,0.0,0.0,0.0,0.0,0.0,11.44555910577636,1.0601237810123452,1.0000000000584626,1.1480842313509183,0.0,0.0,0.0,0.0,0.0,0.0,14.52556748614066,1121.6270137216943,24.87830228106012,302.7106577576344,9.61137473881863
4,230.0,130.23498809450712,0.95,0.05,0.0,0.0,0.0,0.0,0.0,0.0,300.83,92.66,0.7645514077718313,1.4055146567505623,145.24040847801632,10.192325026433448,1100.330450529348,50.89785882682337,0.955374538300468,0.0446254616995318,0.0,0.0,0.0,0.0,0.0,0.0,0.1379517384384994,0.8620482615615005,0.0,0.0,0.0,0.0,0.0,0.0,11.08071235130271,1.0812402460030328,1.0,1.133854044670946,0.0,0.0,0.0,0.0,0.0,0.0,14.52556748614066,1121.6270137216943,24.87830228106012,302.7106577576344,9.61137473881863
4,235.0,12.237543843204058,0.95,0.05,0.0,0.0,0.0,0.0,0.0,0.0,300.83,92.66,0.7811720905494798,0.1320693270365212,136.76886894565047,12.237443843204058,1102.726821296606,29.886473116485615,0.9997073351109402,0.0002926648890597,0.0,0.0,0.0,0.0,0.0,0.0,0.9499933536878746,0.0500066463121254,0.0,0.0,0.0,0.0,0.0,0.0,13.235629476151528,0.9319147410563176,1.0,1.2508256325189564,0.0,0.0,0.0,0.0,0.0,0.0,13.258875583506692,1102.8688895247462,29.73094022392497,302.7106577576344,11.525181126674264
4,235.0,26.07434663236477,0.95,0.05,0.0,0.0,0.0,0.0,0.0,0.0,300.83,92.66,0.7811720905494798,0.2813980858230603,136.76886894565047,12.237443843204058,1099.9812712103353,32.96761328664381,0.994050275147862,0.0059497248521381,0.0,0.0,0.0,0.0,0.0,0.0,0.4985004751671409,0.5014995248328592,0.0,0.0,0.0,0.0,0.0,0.0,12.794824359682275,0.9579757379579428,1.0,1.2290957068277215,0.0,0.0,0.0,0.0,0.0,0.0,13.258875583506692,1102.8688895247462,29.73094022392497,302.7106577576344,11.525181126674264
4,235.0,39.91114942152548,0.95,0.05,0.0,0.0,0.0,0.0,0.0,0.0,300.83,92.66,0.7811720905494798,0.4307268446095994,136.76886894565047,12.237443843204058,1097.2428935954513,36.11928867846992,0.98842920536713,0.0115707946328701,0.0,0.0,0.0,0.0,0.0,0.0,0.3527181606022687,0.6472818393977312,0.0,0.0,0.0,0.0,0.0,0.0,12.371476759179416,0.9832725600917692,1.0,1.2099667398974792,0.0,0.0,0.0,0.0,0.0,0.0,13.258875583506692,1102.8688895247462,29.73094022392497,302.7106577576344,11.525181126674264
4,235.0,53.747952210686186,0.95,0.05,0.0,0.0,0.0,0.0,0.0,0.0,300.83,92.66,0.7811720905494798,0.5800556033961385,136.76886894565047,12.237443843204058,1094.507892697946,39.30221053565632,0.9828407298437218,0.0171592701562781,0.0,0.0,0.0,0.0,0.0,0.0,0.2812401692253402,0.7187598307746598,0.0,0.0,0.0,0.0,0.0,0.0,11.965007977935224,1.00780072183884,1.0,1.1918485460791406,0.0,0.0,0.0,0.0,0.0,0.0,13.258875583506692,1102.8688895247462,29.73094022392497,302.7106577576344,11.525181126674264
4,235.0,67.5847549998469,0.95,0.05,0.0,0.0,0.0,0.0,0.0,0.0,300.83,92.66,0.7811720905494798,0.7293843621826774,136.76886894565047,12.237443843204058,1091.776573117813,42.51079667432474,0.977284927165152,0.022715072834848,0.0,0.0,0.0,0.0,0.0,0.0,0.2391457174181454,0.7608542825818545,0.0,0.0,0.0,0.0,0.0,0.0,11.57488135247596,1.031536080893206,1.0,1.1749278535738503,0.0,0.0,0.0,0.0,0.0,0.0,13.258875583506692,1102.8688895247462,29.73094022392497,302.7106577576344,11.525181126674264
4,235.0,81.42155778900761,0.95,0.05,0.0,0.0,0.0,0.0,0.0,0.0,300.83,92.66,0.7811720905494798,0.8787131209692166,136.76886894565047,12.237443843204058,1089.0493669773098,45.74580488449868,0.9717619859880472,0.0282380140119527,0.0,0.0,0.0,0.0,0.0,0.0,0.2116670481556568,0.7883329518443432,0.0,0.0,0.0,0.0,0.0,0.0,11.200365664393797,1.054507444494953,1.0,1.15922565094374,0.0,0.0,0.0,0.0,0.0,0.0,13.258875583506692,1102.8688895247462,29.73094022392497,302.7106577576344,11.525181126674264
4,235.0,95.25836057816832,0.95,0.05,0.0,0.0,0.0,0.0,0.0,0.0,300.83,92.66,0.7811720905494798,1.0280418797557558,136.76886894565047,12.237443843204058,1086.326613834328,49.00874403077916,0.966272017757047,0.033727982242953,0.0,0.0,0.0,0.0,0.0,0.0,0.1925219825719187,0.8074780174280813,0.0,0.0,0.0,0.0,0.0,0.0,10.840698965087036,1.0767856012991246,1.0,1.1447125261936664,0.0,0.0,0.0,0.0,0.0,0.0,13.258875583506692,1102.8688895247462,29.73094022392497,302.7106577576344,11.525181126674264
4,235.0,109.09516336732904,0.95,0.05,0.0,0.0,0.0,0.0,0.0,0.0,300.83,92.66,0.7811720905494798,1.1773706385422948,136.76886894565047,12.237443843204058,1083.6085675031702,52.30079289080896,0.9608150619703818,0.0391849380296181,0.0,0.0,0.0,0.0,0.0,0.0,0.1785827315577196,0.8214172684422804,0.0,0.0,0.0,0.0,0.0,0.0,10.495135534145843,1.0983869760468132,1.0,1.1313335335019985,0.0,0.0,0.0,0.0,0.0,0.0,13.258875583506692,1102.8688895247462,29.73094022392497,302.7106577576344,11.525181126674264
4,235.0,122.93196615648976,0.95,0.05,0.0,0.0,0.0,0.0,0.0,0.0,300.83,92.66,0.7811720905494798,1.326699397328834,136.76886894565047,12.237443843204058,1080.8954072144677,55.62260929920842,0.955391095249108,0.0446089047508921,0.0,0.0,0.0,0.0,0.0,0.0,0.1681157306140008,0.8318842693859992,0.0,0.0,0.0,0.0,0.0,0.0,10.162962591160804,1.1193857137111516,1.0,1.1190012266950735,0.0,0.0,0.0,0.0,0.0,0.0,13.258875583506692,1102.8688895247462,29.73094022392497,302.7106577576344,11.525181126674264
4,235.0,136.76876894565046,0.95,0.05,0.0,0.0,0.0,0.0,0.0,0.0,300.83,92.66,0.7811720905494798,1.476028156115373,136.76886894565047,12.237443843204058,1078.1872466568311,58.97434236902155,0.950000038701249,0.0499999612987509,0.0,0.0,0.0,0.0,0.0,0.0,0.1600819670378765,0.8399180329621234,0.0,0.0,0.0,0.0,0.0,0.0,9.843517732571542,1.1398112897839854,1.0,1.1076361493481002,0.0,0.0,0.0,0.0,0.0,0.0,13.258875583506692,1102.8688895247462,29.73094022392497,302.7106577576344,11.525181126674264
4,240.0,14.579571715908804,0.95,0.05,0.0,0.0,0.0,0.0,0.0,0.0,300.83,92.66,0.7977927733271283,0.1573448274973969,129.4267602168825,14.579471715908804,1083.0715143648424,35.54151350895099,0.9996153549499636,0.0003846450500362,0.0,0.0,0.0,0.0,0.0,0.0,0.9499945544432262,0.0500054455567737,0.0,0.0,0.0,0.0,0.0,0.0,11.987344357260774,0.9822655383736716,1.0,1.214309362078544,0.0,0.0,0.0,0.0,0.0,0.0,12.014498351825988,1083.263844328595,35.3375257790447,302.7106577576344,13.710780754884407
4,240.0,27.340359327128105,0.95,0.05,0.0,0.0,0.0,0.0,0.0,0.0,300.83,92.66,0.7977927733271283,0.2950610762694594,129.4267602168825,14.579471715908804,1080.2590355315183,38.590822351957065,0.9939904194592776,0.0060095805407225,0.0,0.0,0.0,0.0,0.0,0.0,0.5624322791040949,0.4375677208959051,0.0,0.0,0.0,0.0,0.0,0.0,11.597504176592166,1.0069656355117758,1.0,1.196143844330846,0.0,0.0,0.0,0.0,0.0,0.0,12.014498351825988,1083.263844328595,35.3375257790447,302.7106577576344,13.710780754884407
4,240.0,40.101146938347405,0.95,0.05,0.0,0.0,0.0,0.0,0.0,0.0,300.83,92.66,0.7977927733271283,0.4327773250415218,129.4267602168825,14.579471715908804,1077.4516912012095,41.71892444189346,0.9883968044238532,0.0116031955761468,0.0,0.0,0.0,0.0,0.0,0.0,0.4136380023982043,0.5863619976017959,0.0,0.0,0.0,0.0,0.0,0.0,11.221834744153748,1.031113202616303,1.0,1.180416032233336,0.0,0.0,0.0,0.0,0.0,0.0,12.014498351825988,1083.263844328595,35.3375257790447,302.7106577576344,13.710780754884407
4,240.0,52.86193454956671,0.95,0.05,0.0,0.0,0.0,0.0,0.0,0.0,300.83,92.66,0.7977927733271283,0.5704935738135842,129.4267602168825,14.579471715908804,1074.6444848566073,44.890518008269744,0.9828302814601912,0.0171697185398088,0.0,0.0,0.0,0.0,0.0,0.0,0.3354914451394241,0.6645085548605759,0.0,0.0,0.0,0.0,0.0,0.0,10.859669658310745,1.054711097770111,1.0,1.1655082239936494,0.0,0.0,0.0,0.0,0.0,0.0,12.014498351825988,1083.263844328595,35.3375257790447,302.7106577576344,13.710780754884407
4,240.0,65.62272216078601,0.95,0.05,0.0,0.0,0.0,0.0,0.0,0.0,300.83,92.66,0.7977927733271283,0.7082098225856466,129.4267602168825,14.579471715908804,1071.8373050142152,48.09619272968124,0.9772906208499342,0.0227093791500657,0.0,0.0,0.0,0.0,0.0,0.0,0.2876708927067316,0.7123291072932684,0.0,0.0,0.0,0.0,0.0,0.0,10.510659964954032,1.07774531482631,1.0,1.1514343260241282,0.0,0.0,0.0,0.0,0.0,0.0,12.014498351825988,1083.263844328595,35.3375257790447,302.7106577576344,13.710780754884407
4,240.0,78.38350977200531,0.95,0.05,0.0,0.0,0.0,0.0,0.0,0.0,300.83,92.66,0.7977927733271283,0.845926071357709,129.4267602168825,14.579471715908804,1069.0305073011475,51.33462430915264,0.9717779779930406,0.0282220220069594,0.0,0.0,0.0,0.0,0.0,0.0,0.2556467328133425,0.7443532671866575,0.0,0.0,0.0,0.0,0.0,0.0,10.174343506413514,1.100227334151476,1.0,1.1382550471191344,0.0,0.0,0.0,0.0,0.0,0.0,12.014498351825988,1083.263844328595,35.3375257790447,302.7106577576344,13.710780754884407
4,240.0,91.1442973832246,0.95,0.05,0.0,0.0,0.0,0.0,0.0,0.0,300.83,92.66,0.7977927733271283,0.9836423201297714,129.4267602168825,14.579471715908804,1066.2244488277552,54.60643839013253,0.966292511517592,0.033707488482408,0.0,0.0,0.0,0.0,0.0,0.0,0.2329021866278175,0.7670978133721825,0.0,0.0,0.0,0.0,0.0,0.0,9.85021119414329,1.1222045454966056,1.0,1.1259728211143516,0.0,0.0,0.0,0.0,0.0,0.0,12.014498351825988,1083.263844328595,35.3375257790447,302.7106577576344,13.710780754884407
4,240.0,103.90508499444392,0.95,0.05,0.0,0.0,0.0,0.0,0.0,0.0,300.83,92.66,0.7977927733271283,1.1213585689018335,129.4267602168825,14.579471715908804,1063.4194276738438,57.91253365611914,0.9608343331167616,0.0391656668832384,0.0,0.0,0.0,0.0,0.0,0.0,0.2160775513569306,0.7839224486430694,0.0,0.0,0.0,0.0,0.0,0.0,9.537744350035036,1.1436856951083088,1.0,1.1145559844040598,0.0,0.0,0.0,0.0,0.0,0.0,12.014498351825988,1083.263844328595,35.3375257790447,302.7106577576344,13.710780754884407
4,240.0,116.6658726056632,0.95,0.05,0.0,0.0,0.0,0.0,0.0,0.0,300.83,92.66,0.7977927733271283,1.2590748176738962,129.4267602168825,14.579471715908804,1060.6156803238182,61.25359469119783,0.9554035049916516,0.0445964950083483,0.0,0.0,0.0,0.0,0.0,0.0,0.2032639160453905,0.7967360839546095,0.0,0.0,0.0,0.0,0.0,0.0,9.236437947118956,1.1647095272863646,1.0,1.1039573934365543,0.0,0.0,0.0,0.0,0.0,0.0,12.014498351825988,1083.263844328595,35.3375257790447,302.7106577576344,13.710780754884407
4,240.0,129.4266602168825,0.95,0.05,0.0,0.0,0.0,0.0,0.0,0.0,300.83,92.66,0.7977927733271283,1.3967910664459584,129.4267602168825,14.579471715908804,1057.8133848358905,64.62995371757512,0.9500000420693926,0.0499999579306074,0.0,0.0,0.0,0.0,0.0,0.0,0.193295667805034,0.8067043321949661,0.0,0.0,0.0,0.0,0.0,0.0,8.945816753077985,1.1853249143260556,1.000000000022087,1.0941337995887064,0.0,0.0,0.0,0.0,0.0,0.0,12.014498351825988,1083.263844328595,35.3375257790447,302.7106577576344,13.710780754884407
4,245.0,17.24667318942905,0.95,0.05,0.0,0.0,0.0,0.0,0.0,0.0,300.83,92.66,0.8144134561047768,0.1861285688477126,123.0978685654898,17.24657318942905,1062.411759369333,42.07633284168822,0.9994964663478229,0.000503533652177,0.0,0.0,0.0,0.0,0.0,0.0,0.9499955197664994,0.0500044802335005,0.0,0.0,0.0,0.0,0.0,0.0,10.762387571718058,1.0386471227574476,1.0,1.1809240325918184,0.0,0.0,0.0,0.0,0.0,0.0,10.793959502416731,1062.6711211462375,41.80803719266337,302.7106577576344,16.191644196077288
4,245.0,29.007906008991355,0.95,0.05,0.0,0.0,0.0,0.0,0.0,0.0,300.83,92.66,0.8144134561047768,0.3130574790523565,123.0978685654898,17.24657318942905,1059.5312324916747,45.11377330590652,0.9939049536374014,0.0060950463625986,0.0,0.0,0.0,0.0,0.0,0.0,0.6226760669852218,0.3773239330147781,0.0,0.0,0.0,0.0,0.0,0.0,10.418010779936203,1.0624213584751652,1.0,1.1657531119381288,0.0,0.0,0.0,0.0,0.0,0.0,10.793959502416731,1062.6711211462375,41.80803719266337,302.7106577576344,16.191644196077288
4,245.0,40.76913882855367,0.95,0.05,0.0,0.0,0.0,0.0,0.0,0.0,300.83,92.66,0.8144134561047768,0.4399863892570005,123.0978685654898,17.24657318942905,1056.6540716737163,48.23341021209823,0.9883404215581132,0.0116595784418868,0.0,0.0,0.0,0.0,0.0,0.0,0.4762111543708572,0.5237888456291429,0.0,0.0,0.0,0.0,0.0,0.0,10.085250060448953,1.0857881685655186,1.0,1.1527883463959707,0.0,0.0,0.0,0.0,0.0,0.0,10.793959502416731,1062.6711211462375,41.80803719266337,302.7106577576344,16.191644196077288
4,245.0,52.53037164811596,0.95,0.05,0.0,0.0,0.0,0.0,0.0,0.0,300.83,92.66,0.8144134561047768,0.5669152994616443,123.0978685654898,17.24657318942905,1053.7743631970045,51.407811517273934,0.9827981122092004,0.0172018877907996,0.0,0.0,0.0,0.0,0.0,0.0,0.3937169547184367,0.6062830452815632,0.0,0.0,0.0,0.0,0.0,0.0,9.763362140522904,1.1087826669793808,1.0,1.140532156281289,0.0,0.0,0.0,0.0,0.0,0.0,10.793959502416731,1062.6711211462375,41.80803719266337,302.7106577576344,16.191644196077288
4,245.0,64.29160446767827,0.95,0.05,0.0,0.0,0.0,0.0,0.0,0.0,300.83,92.66,0.8144134561047768,0.6938442096662882,123.0978685654898,17.24657318942905,1050.8914216853957,54.62551676787088,0.9772773790800056,0.0227226209199944,0.0,0.0,0.0,0.0,0.0,0.0,0.3411264792687753,0.6588735207312247,0.0,0.0,0.0,0.0,0.0,0.0,9.452080343531074,1.131419039395265,1.0,1.12889568667233,0.0,0.0,0.0,0.0,0.0,0.0,10.793959502416731,1062.6711211462375,41.80803719266337,302.7106577576344,16.191644196077288
4,245.0,76.05283728724058,0.95,0.05,0.0,0.0,0.0,0.0,0.0,0.0,300.83,92.66,0.8144134561047768,0.8207731198709323,123.0978685654898,17.24657318942905,1048.0054001959086,57.88321141355893,0.9717782383568097,0.0282217616431903,0.0,0.0,0.0,0.0,0.0,0.0,0.3049209601269964,0.6950790398730036,0.0,0.0,0.0,0.0,0.0,0.0,9.151105247706086,1.1536797314788934,1.0,1.1179208354895938,0.0,0.0,0.0,0.0,0.0,0.0,10.793959502416731,1062.6711211462375,41.80803719266337,302.7106577576344,16.191644196077288
4,245.0,87.81407010680287,0.95,0.05,0.0,0.0,0.0,0.0,0.0,0.0,300.83,92.66,0.8144134561047768,0.947702030075576,123.0978685654898,17.24657318942905,1045.116593514354,61.18039480300927,0.9663008204846676,0.0336991795153324,0.0,0.0,0.0,0.0,0.0,0.0,0.2786709999455211,0.7213290000544789,0.0,0.0,0.0,0.0,0.0,0.0,8.860104967376579,1.1755947755517249,1.0,1.10761152069565,0.0,0.0,0.0,0.0,0.0,0.0,10.793959502416731,1062.6711211462375,41.80803719266337,302.7106577576344,16.191644196077288
4,245.0,99.57530292636518,0.95,0.05,0.0,0.0,0.0,0.0,0.0,0.0,300.83,92.66,0.8144134561047768,1.07463094028022,123.0978685654898,17.24657318942905,1042.2252915163776,64.51743566676143,0.9608452541775658,0.0391547458224341,0.0,0.0,0.0,0.0,0.0,0.0,0.2589276896275377,0.7410723103724622,0.0,0.0,0.0,0.0,0.0,0.0,8.578724897894663,1.197184819404476,1.0,1.097957752637972,0.0,0.0,0.0,0.0,0.0,0.0,10.793959502416731,1062.6711211462375,41.80803719266337,302.7106577576344,16.191644196077288
4,245.0,111.33653574592748,0.95,0.05,0.0,0.0,0.0,0.0,0.0,0.0,300.83,92.66,0.8144134561047768,1.201559850484864,123.0978685654898,17.24657318942905,1039.331746731128,67.89484702847042,0.9554116403920228,0.0445883596079771,0.0,0.0,0.0,0.0,0.0,0.0,0.2436742047171664,0.7563257952828335,0.0,0.0,0.0,0.0,0.0,0.0,8.306623687400219,1.2184683674129817,1.0,1.0889439266173446,0.0,0.0,0.0,0.0,0.0,0.0,10.793959502416731,1062.6711211462375,41.80803719266337,302.7106577576344,16.191644196077288
4,245.0,123.0977685654898,0.95,0.05,0.0,0.0,0.0,0.0,0.0,0.0,300.83,92.66,0.8144134561047768,1.328488760689508,123.0978685654898,17.24657318942905,1036.4361664847256,71.31300468460503,0.9500000457161272,0.0499999542838726,0.0,0.0,0.0,0.0,0.0,0.0,0.2316518302505155,0.7683481697494845,0.0,0.0,0.0,0.0,0.0,0.0,8.043438161756002,1.2394758041336218,1.0,1.0805383577668053,0.0,0.0,0.0,0.0,0.0,0.0,10.793959502416731,1062.6711211462375,41.80803719266337,302.7106577576344,16.191644196077288
4,250.0,20.26909783866455,0.95,0.05,0.0,0.0,0.0,0.0,0.0,0.0,300.83,92.66,0.8310341388824254,0.2187470088351451,117.68636585320668,20.26899783866455,1040.5694244157137,49.630929487551285,0.999342451227888,0.0006575487721119,0.0,0.0,0.0,0.0,0.0,0.0,0.949996302479558,0.050003697520442,0.0,0.0,0.0,0.0,0.0,0.0,9.56255513219648,1.1025499359527722,1.0,1.1503937985174706,0.0,0.0,0.0,0.0,0.0,0.0,9.599114364051816,1040.9186176418627,49.27650279185157,302.7106577576344,18.99215487266697
4,250.0,31.09322761805812,0.95,0.05,0.0,0.0,0.0,0.0,0.0,0.0,300.83,92.66,0.8310341388824254,0.3355625687249958,117.68636585320668,20.26899783866455,1037.6182981179602,52.67632575542215,0.9937873495578934,0.0062126504421066,0.0,0.0,0.0,0.0,0.0,0.0,0.6779044247085769,0.3220955752914231,0.0,0.0,0.0,0.0,0.0,0.0,9.259056277131489,1.1258077817574474,1.0,1.1377725174774536,0.0,0.0,0.0,0.0,0.0,0.0,9.599114364051816,1040.9186176418627,49.27650279185157,302.7106577576344,18.99215487266697
4,250.0,41.91735739745168,0.95,0.05,0.0,0.0,0.0,0.0,0.0,0.0,300.83,92.66,0.8310341388824254,0.4523781286148465,117.68636585320668,20.26899783866455,1034.6687179566309,55.80340360574888,0.9882548922783078,0.0117451077216922,0.0,0.0,0.0,0.0,0.0,0.0,0.5386718509054886,0.4613281490945112,0.0,0.0,0.0,0.0,0.0,0.0,8.965140885564981,1.1487788085150834,1.0,1.1270619258271914,0.0,0.0,0.0,0.0,0.0,0.0,9.599114364051816,1040.9186176418627,49.27650279185157,302.7106577576344,18.99215487266697
4,250.0,52.74148717684525,0.95,0.05,0.0,0.0,0.0,0.0,0.0,0.0,300.83,92.66,0.8310341388824254,0.5691936885046973,117.68636585320668,20.26899783866455,1031.714273594354,58.99432384447593,0.982740182577349,0.017259817422651,0.0,0.0,0.0,0.0,0.0,0.0,0.4546202109202937,0.5453797890797063,0.0,0.0,0.0,0.0,0.0,0.0,8.680046803642075,1.1715337677339277,1.0,1.1169997340081448,0.0,0.0,0.0,0.0,0.0,0.0,9.599114364051816,1040.9186176418627,49.27650279185157,302.7106577576344,18.99215487266697
4,250.0,63.56561695623882,0.95,0.05,0.0,0.0,0.0,0.0,0.0,0.0,300.83,92.66,0.8310341388824254,0.686009248394548,117.68636585320668,20.26899783866455,1028.7536447194989,62.23784674652413,0.977242142985398,0.022757857014602,0.0,0.0,0.0,0.0,0.0,0.0,0.3986911928419981,0.6013088071580018,0.0,0.0,0.0,0.0,0.0,0.0,8.403525551145576,1.1940755792021371,1.0,1.1074421238990737,0.0,0.0,0.0,0.0,0.0,0.0,9.599114364051816,1040.9186176418627,49.27650279185157,302.7106577576344,18.99215487266697
4,250.0,74.38974673563239,0.95,0.05,0.0,0.0,0.0,0.0,0.0,0.0,300.83,92.66,0.8310341388824254,0.8028248082843987,117.68636585320668,20.26899783866455,1025.7866682962251,65.52935335064625,0.9717605681568606,0.0282394318431393,0.0,0.0,0.0,0.0,0.0,0.0,0.3590305817690684,0.6409694182309317,0.0,0.0,0.0,0.0,0.0,0.0,8.135372056702762,1.2164223763385131,1.0,1.098374434807185,0.0,0.0,0.0,0.0,0.0,0.0,9.599114364051816,1040.9186176418627,49.27650279185157,302.7106577576344,18.99215487266697
4,250.0,85.21387651502596,0.95,0.05,0.0,0.0,0.0,0.0,0.0,0.0,300.83,92.66,0.8310341388824254,0.9196403681742495,117.68636585320668,20.26899783866455,1022.8134869683928,68.86728849006681,0.9662954855786092,0.0337045144213909,0.0,0.0,0.0,0.0,0.0,0.0,0.3296311739107675,0.6703688260892324,0.0,0.0,0.0,0.0,0.0,0.0,7.875361830552882,1.2385721248256212,1.0,1.0898043871968406,0.0,0.0,0.0,0.0,0.0,0.0,9.599114364051816,1040.9186176418627,49.27650279185157,302.7106577576344,18.99215487266697
4,250.0,96.03800629441952,0.95,0.05,0.0,0.0,0.0,0.0,0.0,0.0,300.83,92.66,0.8310341388824254,1.0364559280641,117.68636585320668,20.26899783866455,1019.8343171253664,72.2513830079036,0.9608469809029848,0.0391530190970153,0.0,0.0,0.0,0.0,0.0,0.0,0.3071243474930364,0.6928756525069636,0.0,0.0,0.0,0.0,0.0,0.0,7.623273187931487,1.2605429438718312,1.0,1.0817344949469665,0.0,0.0,0.0,0.0,0.0,0.0,9.599114364051816,1040.9186176418627,49.27650279185157,302.7106577576344,18.99215487266697
4,250.0,106.86213607381308,0.95,0.05,0.0,0.0,0.0,0.0,0.0,0.0,300.83,92.66,0.8310341388824254,1.153271487953951,117.68636585320668,20.26899783866455,1016.8493781325836,75.68183506729933,0.9554151443133124,0.0445848556866874,0.0,0.0,0.0,0.0,0.0,0.0,0.2894744725153605,0.7105255274846395,0.0,0.0,0.0,0.0,0.0,0.0,7.378861401011362,1.2823625501176736,1.0,1.0741553829075754,0.0,0.0,0.0,0.0,0.0,0.0,9.599114364051816,1040.9186176418627,49.27650279185157,302.7106577576344,18.99215487266697
4,250.0,117.68626585320666,0.95,0.05,0.0,0.0,0.0,0.0,0.0,0.0,300.83,92.66,0.8310341388824254,1.2700870478438018,117.68636585320668,20.26899783866455,1013.8588652327638,79.15893622798366,0.95000004970069,0.0499999502993099,0.0,0.0,0.0,0.0,0.0,0.0,0.275378561623557,0.724621438376443,0.0,0.0,0.0,0.0,0.0,0.0,7.141894918290857,1.3040143352107785,1.0,1.0670549742581756,0.0,0.0,0.0,0.0,0.0,0.0,9.599114364051816,1040.9186176418627,49.27650279185157,302.7106577576344,18.99215487266697
4,255.0,23.67974474507937,0.95,0.05,0.0,0.0,0.0,0.0,0.0,0.0,300.83,92.66,0.8476548216600739,0.2555551990619401,113.1117727502116,23.67964474507937,1017.3207902300386,58.38104020157728,0.9991420018081796,0.0008579981918203,0.0,0.0,0.0,0.0,0.0,0.0,0.9499969423703638,0.0500030576296361,0.0,0.0,0.0,0.0,0.0,0.0,8.390042807384132,1.1759567504260546,1.0,1.1224959987924994,0.0,0.0,0.0,0.0,0.0,0.0,8.432227805466914,1017.7913832278248,57.90987351738985,302.7106577576344,22.13772066860631
4,255.0,33.61662563453851,0.95,0.05,0.0,0.0,0.0,0.0,0.0,0.0,300.83,92.66,0.8476548216600739,0.3627954417714063,113.1117727502116,23.67964474507937,1014.2948279750784,61.45448492398834,0.993628380559389,0.006371619440611,0.0,0.0,0.0,0.0,0.0,0.0,0.7273357250336344,0.2726642749663654,0.0,0.0,0.0,0.0,0.0,0.0,8.123608865953203,1.1991191715252996,1.0,1.112075022746432,0.0,0.0,0.0,0.0,0.0,0.0,8.432227805466914,1017.7913832278248,57.90987351738985,302.7106577576344,22.13772066860631
4,255.0,43.55350652399764,0.95,0.05,0.0,0.0,0.0,0.0,0.0,0.0,300.83,92.66,0.8476548216600739,0.4700356844808724,113.1117727502116,23.67964474507937,1011.2682370206766,64.60667171403823,0.9881327960742076,0.0118672039257924,0.0,0.0,0.0,0.0,0.0,0.0,0.5993370356593034,0.4006629643406965,0.0,0.0,0.0,0.0,0.0,0.0,7.865096910776831,1.2221163156283772,1.0,1.1032282240294282,0.0,0.0,0.0,0.0,0.0,0.0,8.432227805466914,1017.7913832278248,57.90987351738985,302.7106577576344,22.13772066860631
4,255.0,53.49038741345677,0.95,0.05,0.0,0.0,0.0,0.0,0.0,0.0,300.83,92.66,0.8476548216600739,0.5772759271903386,113.1117727502116,23.67964474507937,1008.2345710707896,67.82896317790342,0.9826505944616124,0.0173494055383875,0.0,0.0,0.0,0.0,0.0,0.0,0.5167037575800963,0.4832962424199035,0.0,0.0,0.0,0.0,0.0,0.0,7.613794710494665,1.2450242355661267,1.0,1.094998072318423,0.0,0.0,0.0,0.0,0.0,0.0,8.432227805466914,1017.7913832278248,57.90987351738985,302.7106577576344,22.13772066860631
4,255.0,63.42726830291591,0.95,0.05,0.0,0.0,0.0,0.0,0.0,0.0,300.83,92.66,0.8476548216600739,0.6845161698998048,113.1117727502116,23.67964474507937,1005.1919260117506,71.11236193634396,0.977180346673372,0.022819653326628,0.0,0.0,0.0,0.0,0.0,0.0,0.4592529114316097,0.5407470885683903,0.0,0.0,0.0,0.0,0.0,0.0,7.369449793088174,1.2678655826977676,1.0,1.0871908831667,0.0,0.0,0.0,0.0,0.0,0.0,8.432227805466914,1017.7913832278248,57.90987351738985,302.7106577576344,22.13772066860631
4,255.0,73.36414919237504,0.95,0.05,0.0,0.0,0.0,0.0,0.0,0.0,300.83,92.66,0.8476548216600739,0.7917564126092709,113.1117727502116,23.67964474507937,1002.1397478254236,74.45204041046496,0.9717215859672432,0.0282784140327568,0.0,0.0,0.0,0.0,0.0,0.0,0.4172214919722755,0.5827785080277246,0.0,0.0,0.0,0.0,0.0,0.0,7.131901884501395,1.2906575121968664,1.0,1.079770228078132,0.0,0.0,0.0,0.0,0.0,0.0,8.432227805466914,1017.7913832278248,57.90987351738985,302.7106577576344,22.13772066860631
4,255.0,83.30103008183418,0.95,0.05,0.0,0.0,0.0,0.0,0.0,0.0,300.83,92.66,0.8476548216600739,0.8989966553187372,113.1117727502116,23.67964474507937,999.0779416401568,77.84581451825038,0.9662741753948636,0.0337258246051363,0.0,0.0,0.0,0.0,0.0,0.0,0.385318453864034,0.6146815461359659,0.0,0.0,0.0,0.0,0.0,0.0,6.900996599467394,1.3134074093854473,1.0,1.072731762624547,0.0,0.0,0.0,0.0,0.0,0.0,8.432227805466914,1017.7913832278248,57.90987351738985,302.7106577576344,22.13772066860631
4,255.0,93.23791097129332,0.95,0.05,0.0,0.0,0.0,0.0,0.0,0.0,300.83,92.66,0.8476548216600739,1.0062368980282037,113.1117727502116,23.67964474507937,996.006578260888,81.29288633734453,0.9608380989649918,0.0391619010350081,0.0,0.0,0.0,0.0,0.0,0.0,0.3604290968841539,0.639570903115846,0.0,0.0,0.0,0.0,0.0,0.0,6.6765836632122815,1.3361257303629792,1.0,1.066073310450511,0.0,0.0,0.0,0.0,0.0,0.0,8.432227805466914,1017.7913832278248,57.90987351738985,302.7106577576344,22.13772066860631
4,255.0,103.17479186075246,0.95,0.05,0.0,0.0,0.0,0.0,0.0,0.0,300.83,92.66,0.8476548216600739,1.1134771407376696,113.1117727502116,23.67964474507937,992.9257815456144,84.79313435442167,0.9554133811389466,0.0445866188610535,0.0,0.0,0.0,0.0,0.0,0.0,0.3406007416086394,0.6593992583913606,0.0,0.0,0.0,0.0,0.0,0.0,6.458520096523443,1.3588174003131528,1.0,1.0597967835678488,0.0,0.0,0.0,0.0,0.0,0.0,8.432227805466914,1017.7913832278248,57.90987351738985,302.7106577576344,22.13772066860631
4,255.0,113.11167275021158,0.95,0.05,0.0,0.0,0.0,0.0,0.0,0.0,300.83,92.66,0.8476548216600739,1.2207173834471357,113.1117727502116,23.67964474507937,989.8356833222334,88.34671292697456,0.9500000543626156,0.0499999456373843,0.0,0.0,0.0,0.0,0.0,0.0,0.3245469370790413,0.6754530629209585,0.0,0.0,0.0,0.0,0.0,0.0,6.246612295075903,1.38149357342079,1.0,1.0538926601756042,0.0,0.0,0.0,0.0,0.0,0.0,8.432227805466914,1017.7913832278248,57.90987351738985,302.7106577576344,22.13772066860631
4,260.0,27.51502022993153,0.95,0.05,0.0,0.0,0.0,0.0,0.0,0.0,300.83,92.66,0.8642755044377224,0.2969460417648557,109.30466743726038,27.514920229931526,992.3776185507752,68.55326813785778,0.9988791384898869,0.0011208615101131,0.0,0.0,0.0,0.0,0.0,0.0,0.9499974697502784,0.0500025302497215,0.0,0.0,0.0,0.0,0.0,0.0,7.247556087452933,1.2616795914443508,1.0,1.0970520533710912,0.0,0.0,0.0,0.0,0.0,0.0,7.296085655146154,993.0143761526203,67.92140682303575,302.7106577576344,25.654931900849267
4,260.0,36.60274769741251,0.95,0.05,0.0,0.0,0.0,0.0,0.0,0.0,300.83,92.66,0.8642755044377224,0.3950220990439511,109.30466743726038,27.514920229931526,989.2704604252942,71.67566542893648,0.9934147457831484,0.0065852542168517,0.0,0.0,0.0,0.0,0.0,0.0,0.7706853762528845,0.2293146237471154,0.0,0.0,0.0,0.0,0.0,0.0,7.015032662961477,1.2852206270565845,1.0,1.0885597314463502,0.0,0.0,0.0,0.0,0.0,0.0,7.296085655146154,993.0143761526203,67.92140682303575,302.7106577576344,25.654931900849267
4,260.0,45.69047516489349,0.95,0.05,0.0,0.0,0.0,0.0,0.0,0.0,300.83,92.66,0.8642755044377224,0.4930981563230465,109.30466743726038,27.514920229931526,986.1598598733174,74.87307744243864,0.9879632907426922,0.0120367092573078,0.0,0.0,0.0,0.0,0.0,0.0,0.6567662415444367,0.3432337584555632,0.0,0.0,0.0,0.0,0.0,0.0,6.789041190638634,1.3087227774634762,1.0,1.0813004300362534,0.0,0.0,0.0,0.0,0.0,0.0,7.296085655146154,993.0143761526203,67.92140682303575,302.7106577576344,25.654931900849267
4,260.0,54.77820263237447,0.95,0.05,0.0,0.0,0.0,0.0,0.0,0.0,300.83,92.66,0.8642755044377224,0.591174213602142,109.30466743726038,27.514920229931526,983.0397394390892,78.14421808266766,0.9825206532654944,0.0174793467345055,0.0,0.0,0.0,0.0,0.0,0.0,0.578404719311431,0.4215952806885689,0.0,0.0,0.0,0.0,0.0,0.0,6.568968021305675,1.3322593254647737,1.0,1.074609024212316,0.0,0.0,0.0,0.0,0.0,0.0,7.296085655146154,993.0143761526203,67.92140682303575,302.7106577576344,25.654931900849267
4,260.0,63.86593009985546,0.95,0.05,0.0,0.0,0.0,0.0,0.0,0.0,300.83,92.66,0.8642755044377224,0.6892502708812375,109.30466743726038,27.514920229931526,979.9077571766792,81.48354337538834,0.9770851955353465,0.0229148044646535,0.0,0.0,0.0,0.0,0.0,0.0,0.5214798625663541,0.4785201374336459,0.0,0.0,0.0,0.0,0.0,0.0,6.354569362791345,1.3558836009815936,1.000000000048743,1.0682877874198289,0.0,0.0,0.0,0.0,0.0,0.0,7.296085655146154,993.0143761526203,67.92140682303575,302.7106577576344,25.654931900849267
4,260.0,72.95365756733644,0.95,0.05,0.0,0.0,0.0,0.0,0.0,0.0,300.83,92.66,0.8642755044377224,0.7873263281603328,109.30466743726038,27.514920229931526,976.7629490122758,84.8871715697064,0.971656198657947,0.0283438013420531,0.0,0.0,0.0,0.0,0.0,0.0,0.4784659576899723,0.5215340423100278,0.0,0.0,0.0,0.0,0.0,0.0,6.145687128679319,1.3795780376217928,1.0,1.062286184868679,0.0,0.0,0.0,0.0,0.0,0.0,7.296085655146154,993.0143761526203,67.92140682303575,302.7106577576344,25.654931900849267
4,260.0,82.04138503481742,0.95,0.05,0.0,0.0,0.0,0.0,0.0,0.0,300.83,92.66,0.8642755044377224,0.8854023854394283,109.30466743726038,27.514920229931526,973.604917889014,88.35296293863989,0.9662333241877442,0.0337666758122558,0.0,0.0,0.0,0.0,0.0,0.0,0.4449917482546553,0.5550082517453447,0.0,0.0,0.0,0.0,0.0,0.0,5.942232100086204,1.403385525989328,1.0,1.0565877787684728,0.0,0.0,0.0,0.0,0.0,0.0,7.296085655146154,993.0143761526203,67.92140682303575,302.7106577576344,25.654931900849267
4,260.0,91.1291125022984,0.95,0.05,0.0,0.0,0.0,0.0,0.0,0.0,300.83,92.66,0.8642755044377224,0.9834784427185238,109.30466743726038,27.514920229931526,970.4335135488784,91.87995065637516,0.9608164009882678,0.0391835990117322,0.0,0.0,0.0,0.0,0.0,0.0,0.4183467201287995,0.5816532798712004,0.0,0.0,0.0,0.0,0.0,0.0,5.744085762486988,1.4273075830412545,1.0,1.0511886325868705,0.0,0.0,0.0,0.0,0.0,0.0,7.296085655146154,993.0143761526203,67.92140682303575,302.7106577576344,25.654931900849267
4,260.0,100.2168399697794,0.95,0.05,0.0,0.0,0.0,0.0,0.0,0.0,300.83,92.66,0.8642755044377224,1.0815544999976192,109.30466743726038,27.514920229931526,967.2486957502392,95.4678501241902,0.9554053339120572,0.0445946660879428,0.0,0.0,0.0,0.0,0.0,0.0,0.3967614817700927,0.6032385182299074,0.0,0.0,0.0,0.0,0.0,0.0,5.551144550025076,1.45135404825798,1.0,1.0460869086483855,0.0,0.0,0.0,0.0,0.0,0.0,7.296085655146154,993.0143761526203,67.92140682303575,302.7106577576344,25.654931900849267
4,260.0,109.30456743726036,0.95,0.05,0.0,0.0,0.0,0.0,0.0,0.0,300.83,92.66,0.8642755044377224,1.1796305572767147,109.30466743726038,27.514920229931526,964.0504681038542,99.11674676597752,0.9500000593673892,0.0499999406326109,0.0,0.0,0.0,0.0,0.0,0.0,0.3790320939094149,0.620967906090585,0.0,0.0,0.0,0.0,0.0,0.0,5.363312605298414,1.4755362379208627,1.0,1.0412820585890283,0.0,0.0,0.0,0.0,0.0,0.0,7.296085655146154,993.0143761526203,67.92140682303575,302.7106577576344,25.654931900849267
4,265.0,31.816185514988742,0.95,0.05,0.0,0.0,0.0,0.0,0.0,0.0,300.83,92.66,0.8808961872153709,0.3433648339627535,106.2025558056929,31.816085514988742,965.3571794243096,80.44926943824842,0.9985305219058308,0.0014694780941691,0.0,0.0,0.0,0.0,0.0,0.0,0.9499979079968324,0.0500020920031675,0.0,0.0,0.0,0.0,0.0,0.0,6.138471545320953,1.363823605601641,1.0,1.0739693584319163,0.0,0.0,0.0,0.0,0.0,0.0,6.194157229336726,966.2255774553212,79.59167899763797,302.7106577576344,29.571779036695137
4,265.0,40.08132665840032,0.95,0.05,0.0,0.0,0.0,0.0,0.0,0.0,300.83,92.66,0.8808961872153709,0.4325634217396969,106.2025558056929,31.816085514988742,962.1596270166727,83.64313095582729,0.9931267241409256,0.0068732758590744,0.0,0.0,0.0,0.0,0.0,0.0,0.8080619061061008,0.1919380938938991,0.0,0.0,0.0,0.0,0.0,0.0,5.937279513338706,1.3883257486540714,1.0,1.0671798217402313,0.0,0.0,0.0,0.0,0.0,0.0,6.194157229336726,966.2255774553212,79.59167899763797,302.7106577576344,29.571779036695137
4,265.0,48.34646780181188,0.95,0.05,0.0,0.0,0.0,0.0,0.0,0.0,300.83,92.66,0.8808961872153709,0.5217620095166402,106.2025558056929,31.816085514988742,958.9548880609984,86.90897436650486,0.9877300920590786,0.0122699079409214,0.0,0.0,0.0,0.0,0.0,0.0,0.7098688576349527,0.2901311423650473,0.0,0.0,0.0,0.0,0.0,0.0,5.74143235038593,1.4129295962419002,1.0,1.0613149138444682,0.0,0.0,0.0,0.0,0.0,0.0,6.194157229336726,966.2255774553212,79.59167899763797,302.7106577576344,29.571779036695137
4,265.0,56.61160894522346,0.95,0.05,0.0,0.0,0.0,0.0,0.0,0.0,300.83,92.66,0.8808961872153709,0.6109605972935837,106.2025558056929,31.816085514988742,955.737537792236,90.25041235341854,0.9823371947317944,0.0176628052682056,0.0,0.0,0.0,0.0,0.0,0.0,0.6382398384978023,0.3617601615021976,0.0,0.0,0.0,0.0,0.0,0.0,5.550444498762406,1.4377088745304447,1.0,1.0559381241763726,0.0,0.0,0.0,0.0,0.0,0.0,6.194157229336726,966.2255774553212,79.59167899763797,302.7106577576344,29.571779036695137
4,265.0,64.87675008863503,0.95,0.05,0.0,0.0,0.0,0.0,0.0,0.0,300.83,92.66,0.8808961872153709,0.7001591850705271,106.2025558056929,31.816085514988742,952.5049856903462,93.66559036026918,0.9769463384599452,0.0230536615400548,0.0,0.0,0.0,0.0,0.0,0.0,0.5839260092163251,0.4160739907836747,0.0,0.0,0.0,0.0,0.0,0.0,5.364089305776152,1.462703446318357,1.0,1.0508936294076934,0.0,0.0,0.0,0.0,0.0,0.0,6.194157229336726,966.2255774553212,79.59167899763797,302.7106577576344,29.571779036695137
4,265.0,73.1418912320466,0.95,0.05,0.0,0.0,0.0,0.0,0.0,0.0,300.83,92.66,0.8808961872153709,0.7893577728474704,106.2025558056929,31.816085514988742,949.25589464744,97.15241864596928,0.97155660013211,0.02844339986789,0.0,0.0,0.0,0.0,0.0,0.0,0.5415193564245151,0.4584806435754848,0.0,0.0,0.0,0.0,0.0,0.0,5.18223107084078,1.4879430585206983,1.0,1.0461221870464914,0.0,0.0,0.0,0.0,0.0,0.0,6.194157229336726,966.2255774553212,79.59167899763797,302.7106577576344,29.571779036695137
4,265.0,81.40703237545817,0.95,0.05,0.0,0.0,0.0,0.0,0.0,0.0,300.83,92.66,0.8808961872153709,0.8785563606244137,106.2025558056929,31.816085514988742,945.9895260634404,100.70954341224828,0.9661674261429116,0.0338325738570883,0.0,0.0,0.0,0.0,0.0,0.0,0.5076516610823264,0.4923483389176736,0.0,0.0,0.0,0.0,0.0,0.0,5.004794778520743,1.5134337259466522,1.0,1.0416013967988218,0.0,0.0,0.0,0.0,0.0,0.0,6.194157229336726,966.2255774553212,79.59167899763797,302.7106577576344,29.571779036695137
4,265.0,89.67217351886976,0.95,0.05,0.0,0.0,0.0,0.0,0.0,0.0,300.83,92.66,0.8808961872153709,0.9677549484013572,106.2025558056929,31.816085514988742,942.7054430025064,104.3363269541924,0.9607784502304204,0.0392215497695796,0.0,0.0,0.0,0.0,0.0,0.0,0.4801177158474239,0.5198822841525761,0.0,0.0,0.0,0.0,0.0,0.0,4.831694551100752,1.5392160656871412,1.0,1.0373255124607703,0.0,0.0,0.0,0.0,0.0,0.0,6.194157229336726,966.2255774553212,79.59167899763797,302.7106577576344,29.571779036695137
4,265.0,97.93731466228132,0.95,0.05,0.0,0.0,0.0,0.0,0.0,0.0,300.83,92.66,0.8808961872153709,1.0569535361783005,106.2025558056929,31.816085514988742,939.4033629722268,108.03266299538868,0.9553894028210268,0.0446105971789733,0.0,0.0,0.0,0.0,0.0,0.0,0.4574141038082939,0.542585896191706,0.0,0.0,0.0,0.0,0.0,0.0,4.662859206480316,1.5652928851046468,1.0,1.0332889605166202,0.0,0.0,0.0,0.0,0.0,0.0,6.194157229336726,966.2255774553212,79.59167899763797,302.7106577576344,29.571779036695137
4,265.0,106.20245580569288,0.95,0.05,0.0,0.0,0.0,0.0,0.0,0.0,300.83,92.66,0.8808961872153709,1.146152123955244,106.2025558056929,31.816085514988742,936.0830837270706,111.79878007039194,0.9500000651839392,0.0499999348160608,0.0,0.0,0.0,0.0,0.0,0.0,0.4384808940430018,0.5615191059569982,0.0,0.0,0.0,0.0,0.0,0.0,4.498231926345755,1.591697800391691,1.0000000000269438,1.029491646662239,0.0,0.0,0.0,0.0,0.0,0.0,6.194157229336726,966.2255774553212,79.59167899763797,302.7106577576344,29.571779036695137
4,270.0,36.6315805771534,0.95,0.05,0.0,0.0,0.0,0.0,0.0,0.0,300.83,92.66,0.8975168699930194,0.3953332676144334,103.745126530115,36.6314805771534,935.732262415427,94.48655168364895,0.9980606166160836,0.0019393833839163,0.0,0.0,0.0,0.0,0.0,0.0,0.9499982754101856,0.0500017245898144,0.0,0.0,0.0,0.0,0.0,0.0,5.067084263392834,1.4887170740648643,1.0,1.0532385890662337,0.0,0.0,0.0,0.0,0.0,0.0,5.130843724671824,936.9320241360858,93.30322734807504,302.7106577576344,33.91794976874195
4,270.0,44.08863012748247,0.95,0.05,0.0,0.0,0.0,0.0,0.0,0.0,300.83,92.66,0.8975168699930194,0.4758108151034154,103.745126530115,36.6314805771534,932.431126677439,97.77718229296784,0.9927339480625802,0.0072660519374198,0.0,0.0,0.0,0.0,0.0,0.0,0.8398460417830313,0.1601539582169687,0.0,0.0,0.0,0.0,0.0,0.0,4.895160176002779,1.5149484212068955,1.0,1.0479683668297173,0.0,0.0,0.0,0.0,0.0,0.0,5.130843724671824,936.9320241360858,93.30322734807504,302.7106577576344,33.91794976874195
4,270.0,51.545679677811535,0.95,0.05,0.0,0.0,0.0,0.0,0.0,0.0,300.83,92.66,0.8975168699930194,0.5562883625923973,103.745126530115,36.6314805771534,929.117770542929,101.1386573110095,0.9874078274310976,0.0125921725689025,0.0,0.0,0.0,0.0,0.0,0.0,0.7579476667942631,0.242052333205737,0.0,0.0,0.0,0.0,0.0,0.0,4.727555383110707,1.5414522466823328,1.0,1.043351495896447,0.0,0.0,0.0,0.0,0.0,0.0,5.130843724671824,936.9320241360858,93.30322734807504,302.7106577576344,33.91794976874195
4,270.0,59.0027292281406,0.95,0.05,0.0,0.0,0.0,0.0,0.0,0.0,300.83,92.66,0.8975168699930194,0.6367659100813792,103.745126530115,36.6314805771534,925.7875495133322,104.57717744771908,0.9820795217002244,0.0179204782997756,0.0,0.0,0.0,0.0,0.0,0.0,0.6949345857409079,0.3050654142590921,0.0,0.0,0.0,0.0,0.0,0.0,4.563913940051652,1.5682925412379165,1.0,1.0391385993621756,0.0,0.0,0.0,0.0,0.0,0.0,5.130843724671824,936.9320241360858,93.30322734807504,302.7106577576344,33.91794976874195
4,270.0,66.45977877846967,0.95,0.05,0.0,0.0,0.0,0.0,0.0,0.0,300.83,92.66,0.8975168699930194,0.7172434575703612,103.745126530115,36.6314805771534,922.4377969814432,108.09403005064073,0.976747392665168,0.023252607334832,0.0,0.0,0.0,0.0,0.0,0.0,0.6451568482031145,0.3548431517968856,0.0,0.0,0.0,0.0,0.0,0.0,4.404055168415196,1.595527188059289,1.0,1.035214293693033,0.0,0.0,0.0,0.0,0.0,0.0,5.130843724671824,936.9320241360858,93.30322734807504,302.7106577576344,33.91794976874195
4,270.0,73.91682832879873,0.95,0.05,0.0,0.0,0.0,0.0,0.0,0.0,300.83,92.66,0.8975168699930194,0.7977210050593431,103.745126530115,36.6314805771534,919.0668644152404,111.68928000303748,0.9714103662269176,0.0285896337730823,0.0,0.0,0.0,0.0,0.0,0.0,0.60501076661302,0.39498923338698,0.0,0.0,0.0,0.0,0.0,0.0,4.247861181800191,1.623178411233915,1.0,1.0315285587604175,0.0,0.0,0.0,0.0,0.0,0.0,5.130843724671824,936.9320241360858,93.30322734807504,302.7106577576344,33.91794976874195
4,270.0,81.3738778791278,0.95,0.05,0.0,0.0,0.0,0.0,0.0,0.0,300.83,92.66,0.8975168699930194,0.8781985525483251,103.745126530115,36.6314805771534,915.6736544751982,115.36292087640848,0.9660676737621476,0.0339323262378524,0.0,0.0,0.0,0.0,0.0,0.0,0.572092501738086,0.4279074982619139,0.0,0.0,0.0,0.0,0.0,0.0,4.095256805571875,1.6512838071734308,1.0,1.0280574189329066,0.0,0.0,0.0,0.0,0.0,0.0,5.130843724671824,936.9320241360858,93.30322734807504,302.7106577576344,33.91794976874195
4,270.0,88.83092742945686,0.95,0.05,0.0,0.0,0.0,0.0,0.0,0.0,300.83,92.66,0.8975168699930194,0.958676100037307,103.745126530115,36.6314805771534,912.2573799671848,119.11517796794608,0.9607187182890776,0.0392812817109224,0.0,0.0,0.0,0.0,0.0,0.0,0.5447385507482843,0.4552614492517158,0.0,0.0,0.0,0.0,0.0,0.0,3.9461861098421127,1.6798618155237317,1.0,1.0247921479466144,0.0,0.0,0.0,0.0,0.0,0.0,5.130843724671824,936.9320241360858,93.30322734807504,302.7106577576344,33.91794976874195
4,270.0,96.28797697978592,0.95,0.05,0.0,0.0,0.0,0.0,0.0,0.0,300.83,92.66,0.8975168699930194,1.0391536475262888,103.745126530115,36.6314805771534,908.817429613557,122.9465574310693,0.9553629996152874,0.0446370003847126,0.0,0.0,0.0,0.0,0.0,0.0,0.521761887784327,0.4782381122156731,0.0,0.0,0.0,0.0,0.0,0.0,3.800601236827119,1.7089600429188914,1.0,1.021728334195555,0.0,0.0,0.0,0.0,0.0,0.0,5.130843724671824,936.9320241360858,93.30322734807504,302.7106577576344,33.91794976874195
4,270.0,103.745026530115,0.95,0.05,0.0,0.0,0.0,0.0,0.0,0.0,300.83,92.66,0.8975168699930194,1.1196311950152709,103.745126530115,36.6314805771534,905.3532923482292,126.8577828373529,0.9500000719258824,0.0499999280741174,0.0,0.0,0.0,0.0,0.0,0.0,0.5022930999668473,0.4977069000331527,0.0,0.0,0.0,0.0,0.0,0.0,3.658461513176898,1.7385759446072782,1.0,1.01886377916396,0.0,0.0,0.0,0.0,0.0,0.0,5.130843724671824,936.9320241360858,93.30322734807504,302.7106577576344,33.91794976874195
4,275.0,42.02055045809896,0.95,0.05,0.0,0.0,0.0,0.0,0.0,0.0,300.83,92.66,0.914137552770668,0.4534918029149467,101.86758015295236,42.02045045809896,902.7421428905222,111.27213092093209,0.9974123346334878,0.0025876653665122,0.0,0.0,0.0,0.0,0.0,0.0,0.949998586636176,0.0500014133638239,0.0,0.0,0.0,0.0,0.0,0.0,4.03900943673455,1.6467311124498238,1.0,1.034971102621067,0.0,0.0,0.0,0.0,0.0,0.0,4.11187312512685,904.4335281070778,109.60126774294156,302.7106577576344,38.72523437118672
4,275.0,48.67020931308267,0.95,0.05,0.0,0.0,0.0,0.0,0.0,0.0,300.83,92.66,0.914137552770668,0.525255874304799,101.86758015295236,42.02045045809896,899.3183624796449,114.6894071951996,0.9921872172882474,0.0078127827117525,0.0,0.0,0.0,0.0,0.0,0.0,0.8665801109951098,0.1334198890048901,0.0,0.0,0.0,0.0,0.0,0.0,3.8947742887427177,1.6757881103153085,1.0,1.031062983469056,0.0,0.0,0.0,0.0,0.0,0.0,4.11187312512685,904.4335281070778,109.60126774294156,302.7106577576344,38.72523437118672
4,275.0,55.31986816806639,0.95,0.05,0.0,0.0,0.0,0.0,0.0,0.0,300.83,92.66,0.914137552770668,0.5970199456946512,101.86758015295236,42.02045045809896,895.8754965605672,118.1792573526768,0.9869549783101884,0.0130450216898115,0.0,0.0,0.0,0.0,0.0,0.0,0.800685547306807,0.199314452693193,0.0,0.0,0.0,0.0,0.0,0.0,3.753968561123545,1.7053419550682762,1.0,1.0276024052406016,0.0,0.0,0.0,0.0,0.0,0.0,4.11187312512685,904.4335281070778,109.60126774294156,302.7106577576344,38.72523437118672
4,275.0,61.96952702305009,0.95,0.05,0.0,0.0,0.0,0.0,0.0,0.0,300.83,92.66,0.914137552770668,0.6687840170845035,101.86758015295236,42.02045045809896,892.4096392335534,121.74875800370874,0.9817134569288788,0.0182865430711213,0.0,0.0,0.0,0.0,0.0,0.0,0.7475164532917804,0.2524835467082197,0.0,0.0,0.0,0.0,0.0,0.0,3.616359616207351,1.7354644335060565,1.0,1.024453684910917,0.0,0.0,0.0,0.0,0.0,0.0,4.11187312512685,904.4335281070778,109.60126774294156,302.7106577576344,38.72523437118672
4,275.0,68.6191858780338,0.95,0.05,0.0,0.0,0.0,0.0,0.0,0.0,300.83,92.66,0.914137552770668,0.7405480884743558,101.86758015295236,42.02045045809896,888.9181367379501,125.4014201744384,0.9764610959979568,0.023538904002043,0.0,0.0,0.0,0.0,0.0,0.0,0.7038771498537886,0.2961228501462115,0.0,0.0,0.0,0.0,0.0,0.0,3.481807093983928,1.766202542423499,1.0,1.021547836914758,0.0,0.0,0.0,0.0,0.0,0.0,4.11187312512685,904.4335281070778,109.60126774294156,302.7106577576344,38.72523437118672
4,275.0,75.26884473301752,0.95,0.05,0.0,0.0,0.0,0.0,0.0,0.0,300.83,92.66,0.914137552770668,0.812312159864208,101.86758015295236,42.02045045809896,885.3990645952973,129.13935815003333,0.9711966875819033,0.0288033124180967,0.0,0.0,0.0,0.0,0.0,0.0,0.6675593414595072,0.3324406585404927,0.0,0.0,0.0,0.0,0.0,0.0,3.3502188238521096,1.797610667570705,1.0,1.0188484840688132,0.0,0.0,0.0,0.0,0.0,0.0,4.11187312512685,904.4335281070778,109.60126774294156,302.7106577576344,38.72523437118672
4,275.0,81.91850358800123,0.95,0.05,0.0,0.0,0.0,0.0,0.0,0.0,300.83,92.66,0.914137552770668,0.8840762312540603,101.86758015295236,42.02045045809896,881.8509347664149,132.96420075451508,0.9659192300040234,0.0340807699959766,0.0,0.0,0.0,0.0,0.0,0.0,0.6369895228713591,0.3630104771286409,0.0,0.0,0.0,0.0,0.0,0.0,3.2215489144164997,1.829737296982463,1.0,1.01633773209931,0.0,0.0,0.0,0.0,0.0,0.0,4.11187312512685,904.4335281070778,109.60126774294156,302.7106577576344,38.72523437118672
4,275.0,88.56816244298494,0.95,0.05,0.0,0.0,0.0,0.0,0.0,0.0,300.83,92.66,0.914137552770668,0.9558403026439126,101.86758015295236,42.02045045809896,878.272523035829,136.8774761325592,0.9606278431338268,0.0393721568661732,0.0,0.0,0.0,0.0,0.0,0.0,0.6110170443411443,0.3889829556588557,0.0,0.0,0.0,0.0,0.0,0.0,3.095739471658499,1.8626224856125413,1.0,1.014005182654249,0.0,0.0,0.0,0.0,0.0,0.0,4.11187312512685,904.4335281070778,109.60126774294156,302.7106577576344,38.72523437118672
4,275.0,95.21782129796864,0.95,0.05,0.0,0.0,0.0,0.0,0.0,0.0,300.83,92.66,0.914137552770668,1.027604374033765,101.86758015295236,42.02045045809896,874.6627670870066,140.88074125818758,0.9553217181110056,0.0446782818889943,0.0,0.0,0.0,0.0,0.0,0.0,0.5887814784301513,0.4112185215698486,0.0,0.0,0.0,0.0,0.0,0.0,2.972764245707322,1.8963038256513576,1.0,1.0118477227947362,0.0,0.0,0.0,0.0,0.0,0.0,4.11187312512685,904.4335281070778,109.60126774294156,302.7106577576344,38.72523437118672
4,275.0,101.86748015295235,0.95,0.05,0.0,0.0,0.0,0.0,0.0,0.0,300.83,92.66,0.914137552770668,1.0993684454236172,101.86758015295236,42.02045045809896,871.0206924947496,144.9756664505745,0.9500000801289028,0.049999919871097,0.0,0.0,0.0,0.0,0.0,0.0,0.5696269361099363,0.4303730638900636,0.0,0.0,0.0,0.0,0.0,0.0,2.8526052590469204,1.930824362457228,1.0,1.0098640902042897,0.0,0.0,0.0,0.0,0.0,0.0,4.11187312512685,904.4335281070778,109.60126774294156,302.7106577576344,38.72523437118672
4,280.0,48.06104890059267,0.95,0.05,0.0,0.0,0.0,0.0,0.0,0.0,300.83,92.66,0.9307582355483164,0.5186817278285416,100.48928695862324,48.06094890059266,865.2197250369644,131.74792944945315,0.9964871269317704,0.0035128730682296,0.0,0.0,0.0,0.0,0.0,0.0,0.9499988462336438,0.0500011537663561,0.0,0.0,0.0,0.0,0.0,0.0,3.061864210538363,1.8562083100601368,1.0,1.0194705625928318,0.0,0.0,0.0,0.0,0.0,0.0,3.1449654870637134,867.6798743518019,129.30886906724652,302.7106577576344,44.02808165538378
4,280.0,53.88639757370717,0.95,0.05,0.0,0.0,0.0,0.0,0.0,0.0,300.83,92.66,0.9307582355483164,0.5815497255958038,100.48928695862324,48.06094890059266,861.6452110291175,135.32901760015005,0.9914010484563042,0.0085989515436957,0.0,0.0,0.0,0.0,0.0,0.0,0.8888821799069453,0.1111178200930546,0.0,0.0,0.0,0.0,0.0,0.0,2.944233885406263,1.8898481264160405,1.0,1.0168094272264203,0.0,0.0,0.0,0.0,0.0,0.0,3.1449654870637134,867.6798743518019,129.30886906724652,302.7106577576344,44.02808165538378
4,280.0,59.71174624682168,0.95,0.05,0.0,0.0,0.0,0.0,0.0,0.0,300.83,92.66,0.9307582355483164,0.6444177233630658,100.48928695862324,48.06094890059266,858.0419636958908,138.9882397880084,0.9862988347363618,0.0137011652636382,0.0,0.0,0.0,0.0,0.0,0.0,0.8380945987771619,0.1619054012228382,0.0,0.0,0.0,0.0,0.0,0.0,2.8292602798096107,1.9243195571131224,1.0,1.0144427300113663,0.0,0.0,0.0,0.0,0.0,0.0,3.1449654870637134,867.6798743518019,129.30886906724652,302.7106577576344,44.02808165538378
4,280.0,65.53709491993618,0.95,0.05,0.0,0.0,0.0,0.0,0.0,0.0,300.83,92.66,0.9307582355483164,0.707285721130328,100.48928695862324,48.06094890059266,854.4065877706902,142.7326012133784,0.9811786532003314,0.0188213467996686,0.0,0.0,0.0,0.0,0.0,0.0,0.795364757954302,0.204635242045698,0.0,0.0,0.0,0.0,0.0,0.0,2.716809813759819,1.959690297195909,1.0,1.012309002858807,0.0,0.0,0.0,0.0,0.0,0.0,3.1449654870637134,867.6798743518019,129.30886906724652,302.7106577576344,44.02808165538378
4,280.0,71.3624435930507,0.95,0.05,0.0,0.0,0.0,0.0,0.0,0.0,300.83,92.66,0.9307582355483164,0.7701537188975901,100.48928695862324,48.06094890059266,850.7363733854409,146.5669871216073,0.9760389336698884,0.0239610663301117,0.0,0.0,0.0,0.0,0.0,0.0,0.759043421418203,0.240956578581797,0.0,0.0,0.0,0.0,0.0,0.0,2.606788605185579,1.99604130014027,1.0,1.0103722935533,0.0,0.0,0.0,0.0,0.0,0.0,3.1449654870637134,867.6798743518019,129.30886906724652,302.7106577576344,44.02808165538378
4,280.0,77.18779226616519,0.95,0.05,0.0,0.0,0.0,0.0,0.0,0.0,300.83,92.66,0.9307582355483164,0.833021716664852,100.48928695862324,48.06094890059266,847.0290419825783,150.49523251968722,0.9708782630799624,0.0291217369200375,0.0,0.0,0.0,0.0,0.0,0.0,0.727904764150823,0.2720952358491769,0.0,0.0,0.0,0.0,0.0,0.0,2.4991437101451184,2.033439018869027,1.0,1.008612029670639,0.0,0.0,0.0,0.0,0.0,0.0,3.1449654870637134,867.6798743518019,129.30886906724652,302.7106577576344,44.02808165538378
4,280.0,83.01314093927971,0.95,0.05,0.0,0.0,0.0,0.0,0.0,0.0,300.83,92.66,0.9307582355483164,0.8958897144321143,100.48928695862324,48.06094890059266,843.2825861907789,154.5206684745545,0.9656953184340864,0.0343046815659137,0.0,0.0,0.0,0.0,0.0,0.0,0.7010192016780954,0.2989807983219045,0.0,0.0,0.0,0.0,0.0,0.0,2.393834080008051,2.0719615728534087,1.0,1.0070173771926072,0.0,0.0,0.0,0.0,0.0,0.0,3.1449654870637134,867.6798743518019,129.30886906724652,302.7106577576344,44.02808165538378
4,280.0,88.83848961239421,0.95,0.05,0.0,0.0,0.0,0.0,0.0,0.0,300.83,92.66,0.9307582355483164,0.9587577121993764,100.48928695862324,48.06094890059266,839.4951617986186,158.64642569356928,0.9604888207075184,0.0395111792924815,0.0,0.0,0.0,0.0,0.0,0.0,0.6776694236142723,0.3223305763857277,0.0,0.0,0.0,0.0,0.0,0.0,2.290824220107413,2.1116762442846317,1.0,1.005582872111594,0.0,0.0,0.0,0.0,0.0,0.0,3.1449654870637134,867.6798743518019,129.30886906724652,302.7106577576344,44.02808165538378
4,280.0,94.66383828550872,0.95,0.05,0.0,0.0,0.0,0.0,0.0,0.0,300.83,92.66,0.9307582355483164,1.0216257099666384,100.48928695862324,48.06094890059266,835.6650169570861,162.87556038919234,0.9552575039418584,0.0447424960581416,0.0,0.0,0.0,0.0,0.0,0.0,0.6572933189677106,0.3427066810322894,0.0,0.0,0.0,0.0,0.0,0.0,2.19010112087002,2.152661661925859,1.0,1.0043066567133452,0.0,0.0,0.0,0.0,0.0,0.0,3.1449654870637134,867.6798743518019,129.30886906724652,302.7106577576344,44.02808165538378
4,280.0,100.48918695862322,0.95,0.05,0.0,0.0,0.0,0.0,0.0,0.0,300.83,92.66,0.9307582355483164,1.0844937077339003,100.48928695862324,48.06094890059266,831.7904374682943,167.21116747289665,0.9500000904303424,0.0499999095696577,0.0,0.0,0.0,0.0,0.0,0.0,0.639444432597035,0.3605555674029651,0.0,0.0,0.0,0.0,0.0,0.0,2.0916557525899404,2.195969206637503,1.000000000250828,1.003193424741467,0.0,0.0,0.0,0.0,0.0,0.0,3.1449654870637134,867.6798743518019,129.30886906724652,302.7106577576344,44.02808165538378
4,285.0,54.86640980565558,0.95,0.05,0.0,0.0,0.0,0.0,0.0,0.0,300.83,92.66,0.9473789183259648,0.592126158058014,99.4907361299304,54.866309805655575,821.2133561001291,157.51561308400585,0.9950966718551888,0.0049033281448111,0.0,0.0,0.0,0.0,0.0,0.0,0.9499990771425056,0.0500009228574944,0.0,0.0,0.0,0.0,0.0,0.0,2.14657644008034,2.1546698455226787,1.000000000321338,1.0074384947536923,0.0,0.0,0.0,0.0,0.0,0.0,2.2410524707626744,824.9746819221486,153.77005765610247,302.7106577576344,49.86436423924916
4,285.0,59.824657175019446,0.95,0.05,0.0,0.0,0.0,0.0,0.0,0.0,300.83,92.66,0.9473789183259648,0.6456362742825323,99.4907361299304,54.866309805655575,817.4455467335407,161.30921546281053,0.9902111982347752,0.0097888017652247,0.0,0.0,0.0,0.0,0.0,0.0,0.9073904303029312,0.0926095696970687,0.0,0.0,0.0,0.0,0.0,0.0,2.05501692126298,2.1950503889229687,1.0,1.0059464013901165,0.0,0.0,0.0,0.0,0.0,0.0,2.2410524707626744,824.9746819221486,153.77005765610247,302.7106577576344,49.86436423924916
4,285.0,64.78290454438331,0.95,0.05,0.0,0.0,0.0,0.0,0.0,0.0,300.83,92.66,0.9473789183259648,0.6991463905070506,99.4907361299304,54.866309805655575,813.6347044006054,165.1917080870237,0.9852987934843028,0.014701206515697,0.0,0.0,0.0,0.0,0.0,0.0,0.870453210631721,0.1295467893682791,0.0,0.0,0.0,0.0,0.0,0.0,1.96544480037363,2.2377909946844903,1.0,1.0046532947337754,0.0,0.0,0.0,0.0,0.0,0.0,2.2410524707626744,824.9746819221486,153.77005765610247,302.7106577576344,49.86436423924916
4,285.0,69.74115191374719,0.95,0.05,0.0,0.0,0.0,0.0,0.0,0.0,300.83,92.66,0.9473789183259648,0.752656506731569,99.4907361299304,54.866309805655575,809.7774530055137,169.16987878308905,0.9803575851838674,0.0196424148161325,0.0,0.0,0.0,0.0,0.0,0.0,0.8382258093796441,0.1617741906203559,0.0,0.0,0.0,0.0,0.0,0.0,1.877820636133957,2.283619433010972,1.0000000000184912,1.0035388489275894,0.0,0.0,0.0,0.0,0.0,0.0,2.2410524707626744,824.9746819221486,153.77005765610247,302.7106577576344,49.86436423924916
4,285.0,74.69939928311105,0.95,0.05,0.0,0.0,0.0,0.0,0.0,0.0,300.83,92.66,0.9473789183259648,0.8061666229560873,99.4907361299304,54.866309805655575,805.8706654583174,173.2495816803692,0.9753857326610867,0.0246142673389132,0.0,0.0,0.0,0.0,0.0,0.0,0.8099553296175382,0.1900446703824618,0.0,0.0,0.0,0.0,0.0,0.0,1.7920603482326898,2.327823505702463,1.0,1.002572579521727,0.0,0.0,0.0,0.0,0.0,0.0,2.2410524707626744,824.9746819221486,153.77005765610247,302.7106577576344,49.86436423924916
4,285.0,79.65764665247492,0.95,0.05,0.0,0.0,0.0,0.0,0.0,0.0,300.83,92.66,0.9473789183259648,0.8596767391806057,99.4907361299304,54.866309805655575,801.9113489052368,177.4361890701231,0.9703813856565956,0.0296186143434042,0.0,0.0,0.0,0.0,0.0,0.0,0.7850441036394123,0.2149558963605876,0.0,0.0,0.0,0.0,0.0,0.0,1.7081300080934856,2.3753490052188724,1.0,1.0017649555090615,0.0,0.0,0.0,0.0,0.0,0.0,2.2410524707626744,824.9746819221486,153.77005765610247,302.7106577576344,49.86436423924916
4,285.0,84.61589402183878,0.95,0.05,0.0,0.0,0.0,0.0,0.0,0.0,300.83,92.66,0.9473789183259648,0.913186855405124,99.4907361299304,54.866309805655575,797.8965649210998,181.734842092279,0.9653426539132736,0.0346573460867265,0.0,0.0,0.0,0.0,0.0,0.0,0.7630118460582076,0.2369881539417924,0.0,0.0,0.0,0.0,0.0,0.0,1.6260907735199517,2.4274212673636755,1.0000000000007867,1.0011136726983876,0.0,0.0,0.0,0.0,0.0,0.0,2.2410524707626744,824.9746819221486,153.77005765610247,302.7106577576344,49.86436423924916
4,285.0,89.57414139120266,0.95,0.05,0.0,0.0,0.0,0.0,0.0,0.0,300.83,92.66,0.9473789183259648,0.9666969716296424,99.4907361299304,54.866309805655575,793.8233645326532,186.1506146080876,0.9602675806259168,0.0397324193740832,0.0,0.0,0.0,0.0,0.0,0.0,0.7434683844022546,0.2565316155977454,0.0,0.0,0.0,0.0,0.0,0.0,1.545849090363695,2.479285351346212,1.0000000000996678,1.0006054165511151,0.0,0.0,0.0,0.0,0.0,0.0,2.2410524707626744,824.9746819221486,153.77005765610247,302.7106577576344,49.86436423924916
4,285.0,94.53238876056652,0.95,0.05,0.0,0.0,0.0,0.0,0.0,0.0,300.83,92.66,0.9473789183259648,1.0202070878541607,99.4907361299304,54.866309805655575,789.688731803202,190.6886819162692,0.9551541175863484,0.0448458824136516,0.0,0.0,0.0,0.0,0.0,0.0,0.72609375866405,0.27390624133595,0.0,0.0,0.0,0.0,0.0,0.0,1.4673581142444174,2.529471222313776,1.0,1.0002440006089723,0.0,0.0,0.0,0.0,0.0,0.0,2.2410524707626744,824.9746819221486,153.77005765610247,302.7106577576344,49.86436423924916
4,285.0,99.4906361299304,0.95,0.05,0.0,0.0,0.0,0.0,0.0,0.0,300.83,92.66,0.9473789183259648,1.073717204078679,99.4907361299304,54.866309805655575,785.4895412952445,195.35431778463632,0.9500001043148936,0.0499998956851063,0.0,0.0,0.0,0.0,0.0,0.0,0.71062318773621,0.2893768122637901,0.0,0.0,0.0,0.0,0.0,0.0,1.390794097156879,2.5898589478687115,1.0000000001545322,1.000046850903149,0.0,0.0,0.0,0.0,0.0,0.0,2.2410524707626744,824.9746819221486,153.77005765610247,302.7106577576344,49.86436423924916
4,290.0,62.63034968025407,0.95,0.05,0.0,0.0,0.0,0.0,0.0,0.0,300.83,92.66,0.9639996011036134,0.6759157099099296,98.65596999066533,62.63024968025407,766.9962185296891,191.7107361304132,0.9928201090630896,0.0071798909369105,0.0,0.0,0.0,0.0,0.0,0.0,0.9499992849853144,0.0500007150146855,0.0,0.0,0.0,0.0,0.0,0.0,1.3101856776561216,2.631315924759562,1.000000000050416,1.0005293426877349,0.0,0.0,0.0,0.0,0.0,0.0,1.4167983026644004,773.2637021553837,185.44864903964933,302.7106577576344,56.27641671412855
4,290.0,66.63318527029976,0.95,0.05,0.0,0.0,0.0,0.0,0.0,0.0,300.83,92.66,0.9639996011036134,0.7191148852827516,98.65596999066533,62.63024968025407,762.9689464148776,195.78318716737647,0.9882486339250056,0.0117513660749944,0.0,0.0,0.0,0.0,0.0,0.0,0.9227426635957504,0.0772573364042495,0.0,0.0,0.0,0.0,0.0,0.0,1.2448339597907565,2.680680851648283,1.0,1.000206570012715,0.0,0.0,0.0,0.0,0.0,0.0,1.4167983026644004,773.2637021553837,185.44864903964933,302.7106577576344,56.27641671412855
4,290.0,70.63602086034545,0.95,0.05,0.0,0.0,0.0,0.0,0.0,0.0,300.83,92.66,0.9639996011036134,0.7623140606555737,98.65596999066533,62.63024968025407,758.8755205015851,199.9632477976842,0.9836370404570812,0.0163629595429186,0.0,0.0,0.0,0.0,0.0,0.0,0.8982647364498063,0.1017352635501936,0.0,0.0,0.0,0.0,0.0,0.0,1.1810490011571149,2.7471725205505977,1.0000000000636786,1.0000388607969977,0.0,0.0,0.0,0.0,0.0,0.0,1.4167983026644004,773.2637021553837,185.44864903964933,302.7106577576344,56.27641671412855
4,290.0,74.63885645039115,0.95,0.05,0.0,0.0,0.0,0.0,0.0,0.0,300.83,92.66,0.9639996011036134,0.8055132360283958,98.65596999066533,62.63024968025407,754.711521436125,204.25825269340368,0.9789828542928162,0.0210171457071838,0.0,0.0,0.0,0.0,0.0,0.0,0.8762284735240664,0.1237715264759335,0.0,0.0,0.0,0.0,0.0,0.0,1.1185743639309302,2.8092521720775183,1.0000000000565086,1.0000000000003435,0.0,0.0,0.0,0.0,0.0,0.0,1.4167983026644004,773.2637021553837,185.44864903964933,302.7106577576344,56.27641671412855
4,290.0,78.64169204043685,0.95,0.05,0.0,0.0,0.0,0.0,0.0,0.0,300.83,92.66,0.9639996011036134,0.8487124114012179,98.65596999066533,62.63024968025407,750.4723700221598,208.67548700600892,0.9742834403096376,0.0257165596903624,0.0,0.0,0.0,0.0,0.0,0.0,0.8563520061432635,0.1436479938567365,0.0,0.0,0.0,0.0,0.0,0.0,1.0575007513332977,2.874443039074205,1.0000000000023772,1.0000000000003333,0.0,0.0,0.0,0.0,0.0,0.0,1.4167983026644004,773.2637021553837,185.44864903964933,302.7106577576344,56.27641671412855
4,290.0,82.64452763048254,0.95,0.05,0.0,0.0,0.0,0.0,0.0,0.0,300.83,92.66,0.9639996011036134,0.89191158677404,98.65596999066533,62.63024968025407,746.153239865595,213.22242288615365,0.9695359667984776,0.0304640332015223,0.0,0.0,0.0,0.0,0.0,0.0,0.8383980400404901,0.1616019599595098,0.0,0.0,0.0,0.0,0.0,0.0,0.9978142870100454,2.9430308702236605,1.0000000000022615,1.0000000000005382,0.0,0.0,0.0,0.0,0.0,0.0,1.4167983026644004,773.2637021553837,185.44864903964933,302.7106577576344,56.27641671412855
4,290.0,86.64736322052823,0.95,0.05,0.0,0.0,0.0,0.0,0.0,0.0,300.83,92.66,0.9639996011036134,0.935110762146862,98.65596999066533,62.63024968025407,741.7490019301947,217.906807261423,0.9647373764014572,0.0352626235985428,0.0,0.0,0.0,0.0,0.0,0.0,0.8221655471489606,0.1778344528510394,0.0,0.0,0.0,0.0,0.0,0.0,0.9395178434722468,3.0153518346875927,1.0000000000019134,1.0000000000003966,0.0,0.0,0.0,0.0,0.0,0.0,1.4167983026644004,773.2637021553837,185.44864903964933,302.7106577576344,56.27641671412855
4,290.0,90.65019881057393,0.95,0.05,0.0,0.0,0.0,0.0,0.0,0.0,300.83,92.66,0.9639996011036134,0.978309937519684,98.65596999066533,62.63024968025407,737.2541496752928,222.73680317077287,0.959884348468396,0.040115651531604,0.0,0.0,0.0,0.0,0.0,0.0,0.8074833425406456,0.1925166574593544,0.0,0.0,0.0,0.0,0.0,0.0,0.8826081603065639,3.0917679385128625,1.000000000001541,1.0000000000003897,0.0,0.0,0.0,0.0,0.0,0.0,1.4167983026644004,773.2637021553837,185.44864903964933,302.7106577576344,56.27641671412855
4,290.0,94.65303440061962,0.95,0.05,0.0,0.0,0.0,0.0,0.0,0.0,300.83,92.66,0.9639996011036134,1.0215091128925062,98.65596999066533,62.63024968025407,732.662725687881,227.72106298577617,0.9549732586128205,0.0450267413871797,0.0,0.0,0.0,0.0,0.0,0.0,0.7942049506225509,0.205795049377449,0.0,0.0,0.0,0.0,0.0,0.0,0.8271011162004708,3.172709779687287,1.0000000000411755,1.0000000000598743,0.0,0.0,0.0,0.0,0.0,0.0,1.4167983026644004,773.2637021553837,185.44864903964933,302.7106577576344,56.27641671412855
4,290.0,98.65586999066532,0.95,0.05,0.0,0.0,0.0,0.0,0.0,0.0,300.83,92.66,0.9639996011036134,1.0647082882653285,98.65596999066533,62.63024968025407,727.9682179685014,232.8688552028662,0.9500001249053962,0.0499998750946039,0.0,0.0,0.0,0.0,0.0,0.0,0.7822045755422168,0.2177954244577832,0.0,0.0,0.0,0.0,0.0,0.0,0.773016747574027,3.258653229914688,1.0000000000625282,1.0000000000416571,0.0,0.0,0.0,0.0,0.0,0.0,1.4167983026644004,773.2637021553837,185.44864903964933,302.7106577576344,56.27641671412855
4,295.0,71.79683880723297,0.95,0.05,0.0,0.0,0.0,0.0,0.0,0.0,300.83,92.66,0.980620283881262,0.7748417743064211,97.47338258073955,71.79673880723297,693.5033246165821,242.2638041748133,0.988408720631352,0.0115912793686479,0.0,0.0,0.0,0.0,0.0,0.0,0.9499994807855952,0.0500005192144048,0.0,0.0,0.0,0.0,0.0,0.0,0.5834131847413426,3.597895935239279,1.0000000000001783,1.0000000000004483,0.0,0.0,0.0,0.0,0.0,0.0,0.7007191954812403,705.9625820508377,229.82343987692175,302.7106577576344,63.31231171729296
4,295.0,74.64977700428926,0.95,0.05,0.0,0.0,0.0,0.0,0.0,0.0,300.83,92.66,0.980620283881262,0.8056310922111943,97.47338258073955,71.79673880723297,689.1202377884771,246.6982975339005,0.9844114442707228,0.0155885557292774,0.0,0.0,0.0,0.0,0.0,0.0,0.9356279140094113,0.0643720859905888,0.0,0.0,0.0,0.0,0.0,0.0,0.5457614024846538,3.692836305490789,1.000000000000184,1.000000000000233,0.0,0.0,0.0,0.0,0.0,0.0,0.7007191954812403,705.9625820508377,229.82343987692175,302.7106577576344,63.31231171729296
4,295.0,77.50271520134555,0.95,0.05,0.0,0.0,0.0,0.0,0.0,0.0,300.83,92.66,0.980620283881262,0.8364204101159676,97.47338258073955,71.79673880723297,684.6275532960872,251.274809104334,0.9803581952340376,0.0196418047659624,0.0,0.0,0.0,0.0,0.0,0.0,0.9223332188546584,0.0776667811453416,0.0,0.0,0.0,0.0,0.0,0.0,0.5090303442073393,3.7941414619083447,1.0000000000003062,1.0000000000000662,0.0,0.0,0.0,0.0,0.0,0.0,0.7007191954812403,705.9625820508377,229.82343987692175,302.7106577576344,63.31231171729296
4,295.0,80.35565339840183,0.95,0.05,0.0,0.0,0.0,0.0,0.0,0.0,300.83,92.66,0.980620283881262,0.8672097280207407,97.47338258073955,71.79673880723297,680.0167715322609,256.0039303862725,0.976244886297117,0.0237551137028829,0.0,0.0,0.0,0.0,0.0,0.0,0.910040197182844,0.089959802817156,0.0,0.0,0.0,0.0,0.0,0.0,0.4732131123568407,3.902578135773882,1.0000000000003195,1.0000000000003395,0.0,0.0,0.0,0.0,0.0,0.0,0.7007191954812403,705.9625820508377,229.82343987692175,302.7106577576344,63.31231171729296
4,295.0,83.20859159545812,0.95,0.05,0.0,0.0,0.0,0.0,0.0,0.0,300.83,92.66,0.980620283881262,0.8979990459255139,97.47338258073955,71.79673880723297,675.2783726142749,260.8972685459268,0.9720669370185936,0.0279330629814063,0.0,0.0,0.0,0.0,0.0,0.0,0.8986826784317,0.1013173215682999,0.0,0.0,0.0,0.0,0.0,0.0,0.4383243872136896,4.019049247673161,1.0000000000004707,1.0000000000000884,0.0,0.0,0.0,0.0,0.0,0.0,0.7007191954812403,705.9625820508377,229.82343987692175,302.7106577576344,63.31231171729296
4,295.0,86.0615297925144,0.95,0.05,0.0,0.0,0.0,0.0,0.0,0.0,300.83,92.66,0.980620283881262,0.9287883638302872,97.47338258073955,71.79673880723297,670.4017089658685,265.9676618980721,0.9678192033444746,0.0321807966555253,0.0,0.0,0.0,0.0,0.0,0.0,0.8882025029473909,0.1117974970526091,0.0,0.0,0.0,0.0,0.0,0.0,0.4043886273031057,4.144634420148987,1.000000000000294,1.0000000000004,0.0,0.0,0.0,0.0,0.0,0.0,0.7007191954812403,705.9625820508377,229.82343987692175,302.7106577576344,63.31231171729296
4,295.0,88.9144679895707,0.95,0.05,0.0,0.0,0.0,0.0,0.0,0.0,300.83,92.66,0.980620283881262,0.9595776817350604,97.47338258073955,71.79673880723297,665.3746678451604,271.2294772588434,0.9634958475234574,0.0365041524765425,0.0,0.0,0.0,0.0,0.0,0.0,0.8785487223966179,0.1214512776033822,0.0,0.0,0.0,0.0,0.0,0.0,0.3714028331640194,4.280619374750853,1.000000000262494,1.000000000077372,0.0,0.0,0.0,0.0,0.0,0.0,0.7007191954812403,705.9625820508377,229.82343987692175,302.7106577576344,63.31231171729296
4,295.0,91.76740618662696,0.95,0.05,0.0,0.0,0.0,0.0,0.0,0.0,300.83,92.66,0.980620283881262,0.9903669996398335,97.47338258073955,71.79673880723297,660.1833655172744,276.6990217082815,0.959090197940372,0.0409098020596279,0.0,0.0,0.0,0.0,0.0,0.0,0.8696770041637129,0.1303229958362871,0.0,0.0,0.0,0.0,0.0,0.0,0.3394535980327977,4.428551952044905,1.0000000019727144,1.0000000052366174,0.0,0.0,0.0,0.0,0.0,0.0,0.7007191954812403,705.9625820508377,229.82343987692175,302.7106577576344,63.31231171729296
4,295.0,94.62034438368326,0.95,0.05,0.0,0.0,0.0,0.0,0.0,0.0,300.83,92.66,0.980620283881262,1.0211563175446068,97.47338258073955,71.79673880723297,654.8118908722554,282.3946458288513,0.95459460155814,0.0454053984418601,0.0,0.0,0.0,0.0,0.0,0.0,0.861548931662388,0.1384510683376119,0.0,0.0,0.0,0.0,0.0,0.0,0.3084412002054248,4.590333866242645,1.000000001334885,1.0000000020847406,0.0,0.0,0.0,0.0,0.0,0.0,0.7007191954812403,705.9625820508377,229.82343987692175,302.7106577576344,63.31231171729296
4,295.0,97.47328258073956,0.95,0.05,0.0,0.0,0.0,0.0,0.0,0.0,300.83,92.66,0.980620283881262,1.05194563544938,97.47338258073955,71.79673880723297,649.2416671602839,288.3375502294549,0.9500001650151552,0.0499998349848447,0.0,0.0,0.0,0.0,0.0,0.0,0.8541318410652281,0.1458681589347719,0.0,0.0,0.0,0.0,0.0,0.0,0.2785471157316962,4.768298789516274,1.0000000000000704,1.000000000000637,0.0,0.0,0.0,0.0,0.0,0.0,0.7007191954812403,705.9625820508377,229.82343987692175,302.7106577576344,63.31231171729296
5,200.0,2.7687823298301435,0.95,0.0,0.05,0.0,0.0,0.0,0.0,0.0,298.77,82.83,0.6694112528031596,0.0334272887822062,38.91834885517143,2.7686823298301437,1221.7996449581226,7.507823187980187,0.9997937004234062,0.0,0.0002062995765938,0.0,0.0,0.0,0.0,0.0,0.9499672289131316,0.0,0.0500327710868682,0.0,0.0,0.0,0.0,0.0,22.501687866387933,0.6838195154871066,1.0000000098637964,0.0,5.239862112186996,0.0,0.0,0.0,0.0,0.0,22.53960113748808,1221.920496490378,7.249541730897533,302.7106577576344,2.6239816647333654
5,200.0,6.78538972153473,0.95,0.0,0.05,0.0,0.0,0.0,0.0,0.0,298.77,82.83,0.6694112528031596,0.0819194702587798,38.91834885517143,2.7686823298301437,1218.457211214104,14.76200303144118,0.9940903792720786,0.0,0.0059096207279214,0.0,0.0,0.0,0.0,0.0,0.4090486906628377,0.0,0.5909513093371623,0.0,0.0,0.0,0.0,0.0,21.479099847383587,0.7213029970216865,1.000000001441109,0.0,4.857164889370836,0.0,0.0,0.0,0.0,0.0,22.53960113748808,1221.920496490378,7.249541730897533,302.7106577576344,2.6239816647333654
5,200.0,10.801997113239317,0.95,0.0,0.05,0.0,0.0,0.0,0.0,0.0,298.77,82.83,0.6694112528031596,0.1304116517353533,38.91834885517143,2.7686823298301437,1215.1338744954544,22.191360797534408,0.9884240073824831,0.0,0.0115759926175166,0.0,0.0,0.0,0.0,0.0,0.2697397111614262,0.0,0.7302602888385737,0.0,0.0,0.0,0.0,0.0,20.509503197671744,0.7577867735627983,1.0,0.0,4.517223127880235,0.0,0.0,0.0,0.0,0.0,22.53960113748808,1221.920496490378,7.249541730897533,302.7106577576344,2.6239816647333654
5,200.0,14.818604504943904,0.95,0.0,0.05,0.0,0.0,0.0,0.0,0.0,298.77,82.83,0.6694112528031596,0.1789038332119269,38.91834885517143,2.7686823298301437,1211.8312706586123,29.8017583691048,0.9827965938213756,0.0,0.0172034061786244,0.0,0.0,0.0,0.0,0.0,0.2063274892745756,0.0,0.7936725107254243,0.0,0.0,0.0,0.0,0.0,19.588879553348303,0.7931754485821743,1.0,0.0,4.213747956959084,0.0,0.0,0.0,0.0,0.0,22.53960113748808,1221.920496490378,7.249541730897533,302.7106577576344,2.6239816647333654
5,200.0,18.835211896648488,0.95,0.0,0.05,0.0,0.0,0.0,0.0,0.0,298.77,82.83,0.6694112528031596,0.2273960146885004,38.91834885517143,2.7686823298301437,1208.551400857842,37.60002244131604,0.9772106441980758,0.0,0.0227893558019242,0.0,0.0,0.0,0.0,0.0,0.1703830194929011,0.0,0.8296169805070989,0.0,0.0,0.0,0.0,0.0,18.71365116012624,0.8276018652125365,1.0000000013102854,0.0,3.941782103571852,0.0,0.0,0.0,0.0,0.0,22.53960113748808,1221.920496490378,7.249541730897533,302.7106577576344,2.6239816647333654
5,200.0,22.85181928835308,0.95,0.0,0.05,0.0,0.0,0.0,0.0,0.0,298.77,82.83,0.6694112528031596,0.275888196165074,38.91834885517143,2.7686823298301437,1205.296402817314,45.593251538906856,0.9716688298192786,0.0,0.0283311701807214,0.0,0.0,0.0,0.0,0.0,0.1474749596139466,0.0,0.8525250403860534,0.0,0.0,0.0,0.0,0.0,17.880653197591826,0.8612219145769906,1.0,0.0,3.69723035775304,0.0,0.0,0.0,0.0,0.0,22.53960113748808,1221.920496490378,7.249541730897533,302.7106577576344,2.6239816647333654
5,200.0,26.868426680057667,0.95,0.0,0.05,0.0,0.0,0.0,0.0,0.0,298.77,82.83,0.6694112528031596,0.3243803776416475,38.91834885517143,2.7686823298301437,1202.0685199901204,53.78863545457847,0.9661739426742,0.0,0.0338260573258,0.0,0.0,0.0,0.0,0.0,0.1317920748794928,0.0,0.8682079251205073,0.0,0.0,0.0,0.0,0.0,17.08710395421192,0.8941950923179726,1.0,0.0,3.4764792570193093,0.0,0.0,0.0,0.0,0.0,22.53960113748808,1221.920496490378,7.249541730897533,302.7106577576344,2.6239816647333654
5,200.0,30.88503407176225,0.95,0.0,0.05,0.0,0.0,0.0,0.0,0.0,298.77,82.83,0.6694112528031596,0.372872559118221,38.91834885517143,2.7686823298301437,1198.8700875834409,62.19330336596482,0.9607288751527564,0.0,0.0392711248472435,0.0,0.0,0.0,0.0,0.0,0.1205445523146806,0.0,0.8794554476853195,0.0,0.0,0.0,0.0,0.0,16.330562410623987,0.9267296648855436,1.0,0.0,3.276307958750057,0.0,0.0,0.0,0.0,0.0,22.53960113748808,1221.920496490378,7.249541730897533,302.7106577576344,2.6239816647333654
5,200.0,34.90164146346684,0.95,0.0,0.05,0.0,0.0,0.0,0.0,0.0,298.77,82.83,0.6694112528031596,0.4213647405947946,38.91834885517143,2.7686823298301437,1195.7035166747412,70.81414448525763,0.9553365975891768,0.0,0.0446634024108233,0.0,0.0,0.0,0.0,0.0,0.1122272281831916,0.0,0.8877727718168085,0.0,0.0,0.0,0.0,0.0,15.608885111661552,0.9589215761143776,1.0,0.0,3.094451529877328,0.0,0.0,0.0,0.0,0.0,22.53960113748808,1221.920496490378,7.249541730897533,302.7106577576344,2.6239816647333654
5,200.0,38.91824885517143,0.95,0.0,0.05,0.0,0.0,0.0,0.0,0.0,298.77,82.83,0.6694112528031596,0.4698569220713682,38.91834885517143,2.7686823298301437,1192.571274977234,79.65758510073506,0.950000131644316,0.0,0.049999868355684,0.0,0.0,0.0,0.0,0.0,0.1059572761129394,0.0,0.8940427238870606,0.0,0.0,0.0,0.0,0.0,14.92018539167174,0.9908855779357596,1.0000000000916054,0.0,2.9284062517251783,0.0,0.0,0.0,0.0,0.0,22.53960113748808,1221.920496490378,7.249541730897533,302.7106577576344,2.6239816647333654
5,205.0,3.541567058482811,0.95,0.0,0.05,0.0,0.0,0.0,0.0,0.0,298.77,82.83,0.6861465341232387,0.0427570573280551,37.38629228613615,3.541467058482811,1206.1115657113107,9.453224018518084,0.9997189675851292,0.0,0.0002810324148707,0.0,0.0,0.0,0.0,0.0,0.9499746210857098,0.0,0.0500253789142901,0.0,0.0,0.0,0.0,0.0,21.112380977626493,0.7119401063963096,1.0,0.0,4.7601036575545,0.0,0.0,0.0,0.0,0.0,21.15779579629945,1206.2779501886548,9.12387059747945,302.7106577576344,3.35468958110042
5,205.0,7.302080972666515,0.95,0.0,0.05,0.0,0.0,0.0,0.0,0.0,298.77,82.83,0.6861465341232387,0.0881574426254559,37.38629228613615,3.541467058482811,1202.7692374834464,16.156221469902718,0.9940774713156856,0.0,0.0059225286843144,0.0,0.0,0.0,0.0,0.0,0.4837833890696653,0.0,0.5162166109303348,0.0,0.0,0.0,0.0,0.0,20.221107530355592,0.7453916575619822,1.0,0.0,4.45764179392105,0.0,0.0,0.0,0.0,0.0,21.15779579629945,1206.2779501886548,9.12387059747945,302.7106577576344,3.35468958110042
5,205.0,11.062594886850215,0.95,0.0,0.05,0.0,0.0,0.0,0.0,0.0,298.77,82.83,0.6861465341232387,0.1335578279228566,37.38629228613615,3.541467058482811,1199.4377289853323,23.004268555741564,0.98846154114044,0.0,0.01153845885956,0.0,0.0,0.0,0.0,0.0,0.3336545189629616,0.0,0.6663454810370384,0.0,0.0,0.0,0.0,0.0,19.37068856887277,0.7781423050701705,1.0,0.0,4.185333800995027,0.0,0.0,0.0,0.0,0.0,21.15779579629945,1206.2779501886548,9.12387059747945,302.7106577576344,3.35468958110042
5,205.0,14.82310880103392,0.95,0.0,0.05,0.0,0.0,0.0,0.0,0.0,298.77,82.83,0.6861465341232387,0.1789582132202574,37.38629228613615,3.541467058482811,1196.1180201360307,30.001413728851627,0.982872320816072,0.0,0.0171276791839278,0.0,0.0,0.0,0.0,0.0,0.2599825478261374,0.0,0.7400174521738625,0.0,0.0,0.0,0.0,0.0,18.55836586066551,0.8101546442847806,1.0,0.0,3.938787226164059,0.0,0.0,0.0,0.0,0.0,21.15779579629945,1206.2779501886548,9.12387059747945,302.7106577576344,3.35468958110042
5,205.0,18.583622715217626,0.95,0.0,0.05,0.0,0.0,0.0,0.0,0.0,298.77,82.83,0.6861465341232387,0.2243585985176581,37.38629228613615,3.541467058482811,1192.8114732936317,37.152583622071454,0.9773114750839638,0.0,0.0226885249160362,0.0,0.0,0.0,0.0,0.0,0.2165176919889195,0.0,0.7834823080110803,0.0,0.0,0.0,0.0,0.0,17.781679752066154,0.8415200812038641,1.000000000314868,0.0,3.7152226339428527,0.0,0.0,0.0,0.0,0.0,21.15779579629945,1206.2779501886548,9.12387059747945,302.7106577576344,3.35468958110042
5,205.0,22.34413662940133,0.95,0.0,0.05,0.0,0.0,0.0,0.0,0.0,298.77,82.83,0.6861465341232387,0.2697589838150589,37.38629228613615,3.541467058482811,1189.519581242943,44.46297363963594,0.9717808290017692,0.0,0.0282191709982306,0.0,0.0,0.0,0.0,0.0,0.1880716966101402,0.0,0.8119283033898597,0.0,0.0,0.0,0.0,0.0,17.038426922522437,0.8723254896307531,1.0,0.0,3.511686384470552,0.0,0.0,0.0,0.0,0.0,21.15779579629945,1206.2779501886548,9.12387059747945,302.7106577576344,3.35468958110042
5,205.0,26.10465054358503,0.95,0.0,0.05,0.0,0.0,0.0,0.0,0.0,298.77,82.83,0.6861465341232387,0.3151593691124596,37.38629228613615,3.541467058482811,1186.2439302923833,51.93788990118563,0.9662823143324986,0.0,0.0337176856675014,0.0,0.0,0.0,0.0,0.0,0.1681918525422612,0.0,0.8318081474577388,0.0,0.0,0.0,0.0,0.0,16.326642491019555,0.9027050709685356,1.0,0.0,3.325785741256133,0.0,0.0,0.0,0.0,0.0,21.15779579629945,1206.2779501886548,9.12387059747945,302.7106577576344,3.35468958110042
5,205.0,29.86516445776873,0.95,0.0,0.05,0.0,0.0,0.0,0.0,0.0,298.77,82.83,0.6861465341232387,0.3605597544098604,37.38629228613615,3.541467058482811,1182.9861886948142,59.58264908786303,0.960817952257542,0.0,0.0391820477424581,0.0,0.0,0.0,0.0,0.0,0.1536712092682021,0.0,0.8463287907317979,0.0,0.0,0.0,0.0,0.0,15.644576529799927,0.9327661977432372,1.0,0.0,3.1555024776298315,0.0,0.0,0.0,0.0,0.0,21.15779579629945,1206.2779501886548,9.12387059747945,302.7106577576344,3.35468958110042
5,205.0,33.62567837195244,0.95,0.0,0.05,0.0,0.0,0.0,0.0,0.0,298.77,82.83,0.6861465341232387,0.4059601397072611,37.38629228613615,3.541467058482811,1179.7480985429213,67.4024760091889,0.9553898413246376,0.0,0.0446101586753624,0.0,0.0,0.0,0.0,0.0,0.1427365458416392,0.0,0.8572634541583608,0.0,0.0,0.0,0.0,0.0,14.990670265621953,0.9626028282614236,1.0,0.0,2.9991347575133545,0.0,0.0,0.0,0.0,0.0,21.15779579629945,1206.2779501886548,9.12387059747945,302.7106577576344,3.35468958110042
5,205.0,37.38619228613614,0.95,0.0,0.05,0.0,0.0,0.0,0.0,0.0,298.77,82.83,0.6861465341232387,0.4513605250046619,37.38629228613615,3.541467058482811,1176.531465217087,75.40238323094701,0.9500001423282788,0.0,0.0499998576717211,0.0,0.0,0.0,0.0,0.0,0.1343283433213625,0.0,0.8656716566786373,0.0,0.0,0.0,0.0,0.0,14.363533772425674,0.9923305466069656,1.0000000000465756,0.0,2.8551940191837826,0.0,0.0,0.0,0.0,0.0,21.15779579629945,1206.2779501886548,9.12387059747945,302.7106577576344,3.35468958110042
5,210.0,4.471631004826208,0.95,0.0,0.05,0.0,0.0,0.0,0.0,0.0,298.77,82.83,0.7028818154433176,0.0539856453558639,36.41164086407028,4.4715310048262085,1190.0688490440257,11.770836918122766,0.9996237897211984,0.0,0.0003762102788016,0.0,0.0,0.0,0.0,0.0,0.9499801141174936,0.0,0.0500198858825063,0.0,0.0,0.0,0.0,0.0,19.740086222101606,0.7421429013381022,1.0,0.0,4.336805037852826,0.0,0.0,0.0,0.0,0.0,19.793904820789816,1190.2941504876192,11.354703713715036,302.7106577576344,4.233266563955471
5,210.0,8.020509878075549,0.95,0.0,0.05,0.0,0.0,0.0,0.0,0.0,298.77,82.83,0.7028818154433176,0.0968309776418634,36.41164086407028,4.4715310048262085,1186.717082077894,18.03171203781037,0.9940321508177108,0.0,0.0059678491822891,0.0,0.0,0.0,0.0,0.0,0.5537629345707091,0.0,0.4462370654292908,0.0,0.0,0.0,0.0,0.0,18.956772534675288,0.772470003825206,1.0,0.0,4.095153157455174,0.0,0.0,0.0,0.0,0.0,19.793904820789816,1190.2941504876192,11.354703713715036,302.7106577576344,4.233266563955471
5,210.0,11.56938875132489,0.95,0.0,0.05,0.0,0.0,0.0,0.0,0.0,298.77,82.83,0.7028818154433176,0.1396763099278629,36.41164086407028,4.4715310048262085,1183.3698025707029,24.41598064586657,0.98845769688119,0.0,0.0115423031188101,0.0,0.0,0.0,0.0,0.0,0.3996023967018782,0.0,0.6003976032981218,0.0,0.0,0.0,0.0,0.0,18.20553140627104,0.802290061548564,1.0,0.0,3.875108884687188,0.0,0.0,0.0,0.0,0.0,19.793904820789816,1190.2941504876192,11.354703713715036,302.7106577576344,4.233266563955471
5,210.0,15.11826762457423,0.95,0.0,0.05,0.0,0.0,0.0,0.0,0.0,298.77,82.83,0.7028818154433176,0.1825216422138625,36.41164086407028,4.4715310048262085,1180.0275121194609,30.92661698367638,0.9829009595815644,0.0,0.0170990404184355,0.0,0.0,0.0,0.0,0.0,0.3179952464281836,0.0,0.6820047535718163,0.0,0.0,0.0,0.0,0.0,17.484419667254695,0.8316448924397314,1.0,0.0,3.6737766794687112,0.0,0.0,0.0,0.0,0.0,19.793904820789816,1190.2941504876192,11.354703713715036,302.7106577576344,4.233266563955471
5,210.0,18.667146497823573,0.95,0.0,0.05,0.0,0.0,0.0,0.0,0.0,298.77,82.83,0.7028818154433176,0.225366974499862,36.41164086407028,4.4715310048262085,1176.691095827653,37.56735543934968,0.9773629910905618,0.0,0.0226370089094382,0.0,0.0,0.0,0.0,0.0,0.2677645425593641,0.0,0.7322354574406359,0.0,0.0,0.0,0.0,0.0,16.791707460108515,0.8605627788365539,1.0,0.0,3.48908693048581,0.0,0.0,0.0,0.0,0.0,19.793904820789816,1190.2941504876192,11.354703713715036,302.7106577576344,4.233266563955471
5,210.0,22.216025371072917,0.95,0.0,0.05,0.0,0.0,0.0,0.0,0.0,298.77,82.83,0.7028818154433176,0.2682123067858615,36.41164086407028,4.4715310048262085,1173.36156775541,44.34220329165391,0.9718450044727346,0.0,0.0281549955272654,0.0,0.0,0.0,0.0,0.0,0.233951058470059,0.0,0.766048941529941,0.0,0.0,0.0,0.0,0.0,16.12583250571758,0.8891492792154316,1.000000000780381,0.0,3.3192431279613386,0.0,0.0,0.0,0.0,0.0,19.793904820789816,1190.2941504876192,11.354703713715036,302.7106577576344,4.233266563955471
5,210.0,25.764904244322253,0.95,0.0,0.05,0.0,0.0,0.0,0.0,0.0,298.77,82.83,0.7028818154433176,0.311057639071861,36.41164086407028,4.4715310048262085,1170.0400255507732,51.25529617605955,0.9663483087215836,0.0,0.0336516912784165,0.0,0.0,0.0,0.0,0.0,0.209813770182996,0.0,0.790186229817004,0.0,0.0,0.0,0.0,0.0,15.485385010664288,0.9174547520549566,1.0000000004506535,0.0,3.1626642306312958,0.0,0.0,0.0,0.0,0.0,19.793904820789816,1190.2941504876192,11.354703713715036,302.7106577576344,4.233266563955471
5,210.0,29.3137831175716,0.95,0.0,0.05,0.0,0.0,0.0,0.0,0.0,298.77,82.83,0.7028818154433176,0.3539029713578606,36.41164086407028,4.4715310048262085,1166.727637625839,58.31082117247151,0.9608742897016314,0.0,0.0391257102983686,0.0,0.0,0.0,0.0,0.0,0.1918686694836184,0.0,0.8081313305163816,0.0,0.0,0.0,0.0,0.0,14.869095243864605,0.9455698361085332,1.0,0.0,3.017962843800929,0.0,0.0,0.0,0.0,0.0,19.793904820789816,1190.2941504876192,11.354703713715036,302.7106577576344,4.233266563955471
5,210.0,32.86266199082094,0.95,0.0,0.05,0.0,0.0,0.0,0.0,0.0,298.77,82.83,0.7028818154433176,0.3967483036438602,36.41164086407028,4.4715310048262085,1163.4256371613362,65.5129503999346,0.955424400837021,0.0,0.044575599162979,0.0,0.0,0.0,0.0,0.0,0.1781343450986847,0.0,0.8218656549013154,0.0,0.0,0.0,0.0,0.0,14.275818088714267,0.9735858118526488,1.0,0.0,2.883935880321403,0.0,0.0,0.0,0.0,0.0,19.793904820789816,1190.2941504876192,11.354703713715036,302.7106577576344,4.233266563955471
5,210.0,36.41154086407028,0.95,0.0,0.05,0.0,0.0,0.0,0.0,0.0,298.77,82.83,0.7028818154433176,0.4395936359298596,36.41164086407028,4.4715310048262085,1160.1353146403787,72.86576914105152,0.9500001520311264,0.0,0.0499998479688733,0.0,0.0,0.0,0.0,0.0,0.1674013045605622,0.0,0.8325986954394379,0.0,0.0,0.0,0.0,0.0,13.704521704330414,1.0015620364899307,1.0,0.0,2.759529275081321,0.0,0.0,0.0,0.0,0.0,19.793904820789816,1190.2941504876192,11.354703713715036,302.7106577576344,4.233266563955471
5,215.0,5.579179288642553,0.95,0.0,0.05,0.0,0.0,0.0,0.0,0.0,298.77,82.83,0.7196170967633967,0.0673569876692328,35.919888386123255,5.5790792886425535,1173.607899909944,14.510999304453556,0.9995042639510532,0.0,0.0004957360489469,0.0,0.0,0.0,0.0,0.0,0.9499842530432364,0.0,0.0500157469567634,0.0,0.0,0.0,0.0,0.0,18.38505947633366,0.7746941118136469,1.0,0.0,3.96157135574337,0.0,0.0,0.0,0.0,0.0,18.448205290897207,1173.908539729092,13.989350648063478,302.7106577576344,5.278346606766283
5,215.0,8.95035807725152,0.95,0.0,0.05,0.0,0.0,0.0,0.0,0.0,298.77,82.83,0.7196170967633967,0.1080569609712848,35.919888386123255,5.5790792886425535,1170.238880146097,20.41471906014957,0.9939553230370703,0.0,0.0060446769629295,0.0,0.0,0.0,0.0,0.0,0.6168598420767174,0.0,0.3831401579232825,0.0,0.0,0.0,0.0,0.0,17.691992830900116,0.802568730364434,1.0000000000509646,0.0,3.766614099687336,0.0,0.0,0.0,0.0,0.0,18.448205290897207,1173.908539729092,13.989350648063478,302.7106577576344,5.278346606766283
5,215.0,12.321536865860487,0.95,0.0,0.05,0.0,0.0,0.0,0.0,0.0,298.77,82.83,0.7196170967633967,0.1487569342733368,35.919888386123255,5.5790792886425535,1166.869331138208,26.42598078062201,0.98841725721513,0.0,0.0115827427848699,0.0,0.0,0.0,0.0,0.0,0.464958534625486,0.0,0.535041465374514,0.0,0.0,0.0,0.0,0.0,17.02449603957845,0.8301280454528197,1.0000000004944158,0.0,3.58747638409404,0.0,0.0,0.0,0.0,0.0,18.448205290897207,1173.908539729092,13.989350648063478,302.7106577576344,5.278346606766283
5,215.0,15.692715654469453,0.95,0.0,0.05,0.0,0.0,0.0,0.0,0.0,298.77,82.83,0.7196170967633967,0.1894569075753887,35.919888386123255,5.5790792886425535,1163.4994069248082,32.54714109768481,0.9828901730126836,0.0,0.0171098269873163,0.0,0.0,0.0,0.0,0.0,0.3783956128538631,0.0,0.6216043871461367,0.0,0.0,0.0,0.0,0.0,16.38117159836183,0.8573847862486738,1.0,0.0,3.422075781981552,0.0,0.0,0.0,0.0,0.0,18.448205290897207,1173.908539729092,13.989350648063478,302.7106577576344,5.278346606766283
5,215.0,19.063894443078414,0.95,0.0,0.05,0.0,0.0,0.0,0.0,0.0,298.77,82.83,0.7196170967633967,0.2301568808774407,35.919888386123255,5.5790792886425535,1160.1296265646995,38.78117637650034,0.9773746681149512,0.0,0.0226253318850489,0.0,0.0,0.0,0.0,0.0,0.3227414139410898,0.0,0.6772585860589101,0.0,0.0,0.0,0.0,0.0,15.7607787843588,0.8844062516248763,1.0,0.0,3.268970513323008,0.0,0.0,0.0,0.0,0.0,18.448205290897207,1173.908539729092,13.989350648063478,302.7106577576344,5.278346606766283
5,215.0,22.435073231687387,0.95,0.0,0.05,0.0,0.0,0.0,0.0,0.0,298.77,82.83,0.7196170967633967,0.2708568541794928,35.919888386123255,5.5790792886425535,1156.7606376807803,45.13133116721188,0.971871502311082,0.0,0.0281284976889182,0.0,0.0,0.0,0.0,0.0,0.2841547845095873,0.0,0.7158452154904127,0.0,0.0,0.0,0.0,0.0,15.162191828219196,0.9112208565761272,1.0,0.0,3.126936234839911,0.0,0.0,0.0,0.0,0.0,18.448205290897207,1173.908539729092,13.989350648063478,302.7106577576344,5.278346606766283
5,215.0,25.806252020296352,0.95,0.0,0.05,0.0,0.0,0.0,0.0,0.0,298.77,82.83,0.7196170967633967,0.3115568274815448,35.919888386123255,5.5790792886425535,1153.3931656381908,51.60099178670568,0.966381525919524,0.0,0.0336184740804759,0.0,0.0,0.0,0.0,0.0,0.2559964280905072,0.0,0.7440035719094926,0.0,0.0,0.0,0.0,0.0,14.584386174984711,0.93789938634026,1.0000000007020378,0.0,2.9948984109788426,0.0,0.0,0.0,0.0,0.0,18.448205290897207,1173.908539729092,13.989350648063478,302.7106577576344,5.278346606766283
5,215.0,29.17743080890532,0.95,0.0,0.05,0.0,0.0,0.0,0.0,0.0,298.77,82.83,0.7196170967633967,0.3522568007835968,35.919888386123255,5.5790792886425535,1150.0279954065145,58.193622246648175,0.960905653684203,0.0,0.039094346315797,0.0,0.0,0.0,0.0,0.0,0.2346847766195451,0.0,0.7653152233804549,0.0,0.0,0.0,0.0,0.0,14.026429692060772,0.9645195992505472,1.0,0.0,2.871908762588606,0.0,0.0,0.0,0.0,0.0,18.448205290897207,1173.908539729092,13.989350648063478,302.7106577576344,5.278346606766283
5,215.0,32.548609597514286,0.95,0.0,0.05,0.0,0.0,0.0,0.0,0.0,298.77,82.83,0.7196170967633967,0.3929567740856488,35.919888386123255,5.5790792886425535,1146.6659675624942,64.91271615268717,0.9554448581888636,0.0,0.0445551418111362,0.0,0.0,0.0,0.0,0.0,0.2181180266063554,0.0,0.7818819733936445,0.0,0.0,0.0,0.0,0.0,13.487474377259163,0.9911147741203516,1.0,0.0,2.757129978499985,0.0,0.0,0.0,0.0,0.0,18.448205290897207,1173.908539729092,13.989350648063478,302.7106577576344,5.278346606766283
5,215.0,35.91978838612325,0.95,0.0,0.05,0.0,0.0,0.0,0.0,0.0,298.77,82.83,0.7196170967633967,0.4336567473877007,35.919888386123255,5.5790792886425535,1143.3079723588187,71.7617494992322,0.9500001608447184,0.0,0.0499998391552816,0.0,0.0,0.0,0.0,0.0,0.2049819222198111,0.0,0.7950180777801888,0.0,0.0,0.0,0.0,0.0,12.96674856802831,1.0177763564436866,1.0,0.0,2.649821708410005,0.0,0.0,0.0,0.0,0.0,18.448205290897207,1173.908539729092,13.989350648063478,302.7106577576344,5.278346606766283
5,220.0,6.88547825822329,0.95,0.0,0.05,0.0,0.0,0.0,0.0,0.0,298.77,82.83,0.7363523780834756,0.0831278311991221,35.86295586622186,6.88537825822329,1156.6580489300106,17.7301276632964,0.9993559829426804,0.0,0.0006440170573195,0.0,0.0,0.0,0.0,0.0,0.9499874119646352,0.0,0.0500125880353648,0.0,0.0,0.0,0.0,0.0,17.047729148097353,0.8098894058301348,1.0,0.0,3.62722219736006,0.0,0.0,0.0,0.0,0.0,17.121140165384258,1157.0541060432145,17.08052563899556,302.7106577576344,6.509407158415541
5,220.0,10.10518688133424,0.95,0.0,0.05,0.0,0.0,0.0,0.0,0.0,298.77,82.83,0.7363523780834756,0.1219991172441656,35.86295586622186,6.88537825822329,1153.2649409147543,23.34459956177964,0.9938460686229292,0.0,0.0061539313770708,0.0,0.0,0.0,0.0,0.0,0.6720981362084206,0.0,0.3279018637915792,0.0,0.0,0.0,0.0,0.0,16.431237597864033,0.8358692790453667,1.0,0.0,3.468793141637157,0.0,0.0,0.0,0.0,0.0,17.121140165384258,1157.0541060432145,17.08052563899556,302.7106577576344,6.509407158415541
5,220.0,13.324895504445196,0.95,0.0,0.05,0.0,0.0,0.0,0.0,0.0,298.77,82.83,0.7363523780834756,0.1608704032892091,35.86295586622186,6.88537825822329,1149.867164363916,29.05489022127318,0.9883421523622696,0.0,0.0116578476377303,0.0,0.0,0.0,0.0,0.0,0.5274815446611275,0.0,0.4725184553388724,0.0,0.0,0.0,0.0,0.0,15.835402185743195,0.8616902248669511,1.0,0.0,3.3220394930769306,0.0,0.0,0.0,0.0,0.0,17.121140165384258,1157.0541060432145,17.08052563899556,302.7106577576344,6.509407158415541
5,220.0,16.544604127556145,0.95,0.0,0.05,0.0,0.0,0.0,0.0,0.0,298.77,82.83,0.7363523780834756,0.1997416893342526,35.86295586622186,6.88537825822329,1146.4646222066474,34.863023904485395,0.9828440538709508,0.0,0.0171559461290492,0.0,0.0,0.0,0.0,0.0,0.4391395470395485,0.0,0.5608604529604514,0.0,0.0,0.0,0.0,0.0,15.259203187350815,0.8873454023382991,1.0,0.0,3.1854466224539992,0.0,0.0,0.0,0.0,0.0,17.121140165384258,1157.0541060432145,17.08052563899556,302.7106577576344,6.509407158415541
5,220.0,19.7643127506671,0.95,0.0,0.05,0.0,0.0,0.0,0.0,0.0,298.77,82.83,0.7363523780834756,0.2386129753792961,35.86295586622186,6.88537825822329,1143.0575475497335,40.77150363862218,0.9773520316135684,0.0,0.0226479683864314,0.0,0.0,0.0,0.0,0.0,0.3798175391339027,0.0,0.6201824608660972,0.0,0.0,0.0,0.0,0.0,14.701734318915422,0.9129041156103932,1.0,0.0,3.05800226776039,0.0,0.0,0.0,0.0,0.0,17.121140165384258,1157.0541060432145,17.08052563899556,302.7106577576344,6.509407158415541
5,220.0,22.98402137377805,0.95,0.0,0.05,0.0,0.0,0.0,0.0,0.0,298.77,82.83,0.7363523780834756,0.2774842614243396,35.86295586622186,6.88537825822329,1139.6462982068729,46.78308266676232,0.971866501816633,0.0,0.0281334981833669,0.0,0.0,0.0,0.0,0.0,0.3374246125619137,0.0,0.6625753874380863,0.0,0.0,0.0,0.0,0.0,14.162174637438492,0.9383760229095984,1.0,0.0,2.938863679155289,0.0,0.0,0.0,0.0,0.0,17.121140165384258,1157.0541060432145,17.08052563899556,302.7106577576344,6.509407158415541
5,220.0,26.203729996889003,0.95,0.0,0.05,0.0,0.0,0.0,0.0,0.0,298.77,82.83,0.7363523780834756,0.3163555474693831,35.86295586622186,6.88537825822329,1136.2313054171757,52.90066306335231,0.9663879675250449,0.0,0.0336120324749552,0.0,0.0,0.0,0.0,0.0,0.3057769199819781,0.0,0.6942230800180219,0.0,0.0,0.0,0.0,0.0,13.639770220766115,0.963832173188186,1.000000000236954,0.0,2.827294264254268,0.0,0.0,0.0,0.0,0.0,17.121140165384258,1157.0541060432145,17.08052563899556,302.7106577576344,6.509407158415541
5,220.0,29.423438619999956,0.95,0.0,0.05,0.0,0.0,0.0,0.0,0.0,298.77,82.83,0.7363523780834756,0.3552268335144266,35.86295586622186,6.88537825822329,1132.813052465043,59.12724205022111,0.9609169886022888,0.0,0.0390830113977113,0.0,0.0,0.0,0.0,0.0,0.2813836751371603,0.0,0.7186163248628398,0.0,0.0,0.0,0.0,0.0,13.133830921052908,0.9893271743493552,1.0000000000150644,0.0,2.7227446381394067,0.0,0.0,0.0,0.0,0.0,17.121140165384258,1157.0541060432145,17.08052563899556,302.7106577576344,6.509407158415541
5,220.0,32.6431472431109,0.95,0.0,0.05,0.0,0.0,0.0,0.0,0.0,298.77,82.83,0.7363523780834756,0.39409811955947,35.86295586622186,6.88537825822329,1129.39206902943,65.4658747073779,0.9554541730301648,0.0,0.0445458269698353,0.0,0.0,0.0,0.0,0.0,0.2621255864184452,0.0,0.7378744135815548,0.0,0.0,0.0,0.0,0.0,12.643724008547014,1.0148952174375332,1.0,0.0,2.624521494669806,0.0,0.0,0.0,0.0,0.0,17.121140165384258,1157.0541060432145,17.08052563899556,302.7106577576344,6.509407158415541
5,220.0,35.86285586622186,0.95,0.0,0.05,0.0,0.0,0.0,0.0,0.0,298.77,82.83,0.7363523780834756,0.4329694056045135,35.86295586622186,6.88537825822329,1125.9689258810029,71.91964044833703,0.9500001688559284,0.0,0.0499998311440715,0.0,0.0,0.0,0.0,0.0,0.2466419487591158,0.0,0.7533580512408842,0.0,0.0,0.0,0.0,0.0,12.16886926137924,1.0405831536693604,1.0,0.0,2.532097063060768,0.0,0.0,0.0,0.0,0.0,17.121140165384258,1157.0541060432145,17.08052563899556,302.7106577576344,6.509407158415541
5,225.0,8.41285898872483,0.95,0.0,0.05,0.0,0.0,0.0,0.0,0.0,298.77,82.83,0.7530876594035546,0.1015677772392228,36.210240125305205,8.41275898872483,1139.1395427057053,21.492190130436388,0.9991739348759192,0.0,0.0008260651240807,0.0,0.0,0.0,0.0,0.0,0.9499898517758832,0.0,0.0500101482241168,0.0,0.0,0.0,0.0,0.0,15.728705897882666,0.848148675488499,1.0,0.0,3.328484292088944,0.0,0.0,0.0,0.0,0.0,15.813326197117547,1139.6555629264626,20.687604017864448,302.7106577576344,7.946729358776584
5,225.0,11.501445781678203,0.95,0.0,0.05,0.0,0.0,0.0,0.0,0.0,298.77,82.83,0.7530876594035546,0.1388560398608982,36.210240125305205,8.41275898872483,1135.7159674189868,26.87292600270977,0.9937020591292596,0.0,0.0062979408707403,0.0,0.0,0.0,0.0,0.0,0.7194111090254854,0.0,0.2805888909745145,0.0,0.0,0.0,0.0,0.0,15.17808785147953,0.8727152457055681,1.0,0.0,3.198820077545773,0.0,0.0,0.0,0.0,0.0,15.813326197117547,1139.6555629264626,20.687604017864448,302.7106577576344,7.946729358776584
5,225.0,14.59003257463158,0.95,0.0,0.05,0.0,0.0,0.0,0.0,0.0,298.77,82.83,0.7530876594035546,0.1761443024825737,36.210240125305205,8.41275898872483,1132.2841428160343,32.34080381267157,0.9882322857292302,0.0,0.0117677142707698,0.0,0.0,0.0,0.0,0.0,0.585539064304663,0.0,0.4144609356953369,0.0,0.0,0.0,0.0,0.0,14.6443457816606,0.8972213329474258,1.0,0.0,3.077751531811168,0.0,0.0,0.0,0.0,0.0,15.813326197117547,1139.6555629264626,20.687604017864448,302.7106577576344,7.946729358776584
5,225.0,17.678619367584954,0.95,0.0,0.05,0.0,0.0,0.0,0.0,0.0,298.77,82.83,0.7530876594035546,0.2134325651042491,36.210240125305205,8.41275898872483,1128.8437899969829,37.89769257448464,0.9827642477003564,0.0,0.0172357522996435,0.0,0.0,0.0,0.0,0.0,0.4983716011163155,0.0,0.5016283988836844,0.0,0.0,0.0,0.0,0.0,14.126727495860097,0.9216996407930524,1.0,0.0,2.9644145076827533,0.0,0.0,0.0,0.0,0.0,15.813326197117547,1139.6555629264626,20.687604017864448,302.7106577576344,7.946729358776584
5,225.0,20.76720616053833,0.95,0.0,0.05,0.0,0.0,0.0,0.0,0.0,298.77,82.83,0.7530876594035546,0.2507208277259245,36.210240125305205,8.41275898872483,1125.3949130320875,43.545817053220105,0.9772979483101498,0.0,0.0227020516898501,0.0,0.0,0.0,0.0,0.0,0.4373162518696515,0.0,0.5626837481303485,0.0,0.0,0.0,0.0,0.0,13.624563089025038,0.9461737342695988,1.0,0.0,2.857949667270014,0.0,0.0,0.0,0.0,0.0,15.813326197117547,1139.6555629264626,20.687604017864448,302.7106577576344,7.946729358776584
5,225.0,23.855792953491704,0.95,0.0,0.05,0.0,0.0,0.0,0.0,0.0,298.77,82.83,0.7530876594035546,0.2880090903475999,36.210240125305205,8.41275898872483,1121.9376336492169,49.28762469081485,0.9718335393841364,0.0,0.0281664606158634,0.0,0.0,0.0,0.0,0.0,0.3923435846347755,0.0,0.6076564153652244,0.0,0.0,0.0,0.0,0.0,13.13724633752078,0.9706821496994388,1.0,0.0,2.757742469204977,0.0,0.0,0.0,0.0,0.0,15.813326197117547,1139.6555629264626,20.687604017864448,302.7106577576344,7.946729358776584
5,225.0,26.94437974644508,0.95,0.0,0.05,0.0,0.0,0.0,0.0,0.0,298.77,82.83,0.7530876594035546,0.3252973529692753,36.210240125305205,8.41275898872483,1118.4721417132291,55.12571202973597,0.9663712542181372,0.0,0.0336287457818629,0.0,0.0,0.0,0.0,0.0,0.3579854411348706,0.0,0.6420145588651294,0.0,0.0,0.0,0.0,0.0,12.664217661745186,0.9952663008974334,1.0,0.0,2.663381805134318,0.0,0.0,0.0,0.0,0.0,15.813326197117547,1139.6555629264626,20.687604017864448,302.7106577576344,7.946729358776584
5,225.0,30.03296653939845,0.95,0.0,0.05,0.0,0.0,0.0,0.0,0.0,298.77,82.83,0.7530876594035546,0.3625856155909507,36.210240125305205,8.41275898872483,1114.9986728104284,61.06278190508546,0.9609113768840076,0.0,0.0390886231159922,0.0,0.0,0.0,0.0,0.0,0.331007346373257,0.0,0.668992653626743,0.0,0.0,0.0,0.0,0.0,12.204962872049078,1.0199666520166797,1.0,0.0,2.5743592566603875,0.0,0.0,0.0,0.0,0.0,15.813326197117547,1139.6555629264626,20.687604017864448,302.7106577576344,7.946729358776584
5,225.0,33.12155333235183,0.95,0.0,0.05,0.0,0.0,0.0,0.0,0.0,298.77,82.83,0.7530876594035546,0.3998738782126262,36.210240125305205,8.41275898872483,1111.517501288327,67.10161419879722,0.9554542320229744,0.0,0.0445457679770254,0.0,0.0,0.0,0.0,0.0,0.3093741290274102,0.0,0.6906258709725898,0.0,0.0,0.0,0.0,0.0,11.759006366749018,1.0448220783970938,1.0,0.0,2.490209906532075,0.0,0.0,0.0,0.0,0.0,15.813326197117547,1139.6555629264626,20.687604017864448,302.7106577576344,7.946729358776584
5,225.0,36.2101401253052,0.95,0.0,0.05,0.0,0.0,0.0,0.0,0.0,298.77,82.83,0.7530876594035546,0.4371621408343016,36.210240125305205,8.41275898872483,1108.0289343033346,73.24504084639207,0.9500001761518018,0.0,0.0499998238481982,0.0,0.0,0.0,0.0,0.0,0.2917415859610042,0.0,0.7082584140389956,0.0,0.0,0.0,0.0,0.0,11.32591059631571,1.0698842209573125,1.0,0.0,2.410651225914281,0.0,0.0,0.0,0.0,0.0,15.813326197117547,1139.6555629264626,20.687604017864448,302.7106577576344,7.946729358776584
5,230.0,10.184752038014349,0.95,0.0,0.05,0.0,0.0,0.0,0.0,0.0,298.77,82.83,0.7698229407236337,0.1229597010505173,36.94310571922444,10.184652038014349,1120.9609297409395,25.87069201668505,0.9989523511087754,0.0,0.0010476488912244,0.0,0.0,0.0,0.0,0.0,0.9499917571290224,0.0,0.0500082428709775,0.0,0.0,0.0,0.0,0.0,14.428794118894976,0.8899962314171816,1.0,0.0,3.060218855755548,0.0,0.0,0.0,0.0,0.0,14.52556748614066,1121.6270137216943,24.87830228106012,302.7106577576344,9.61137473881863
5,230.0,13.15789133592658,0.95,0.0,0.05,0.0,0.0,0.0,0.0,0.0,298.77,82.83,0.7698229407236337,0.1588541752496267,36.94310571922444,10.184652038014349,1117.5005614432653,31.06403627873289,0.9935197203447682,0.0,0.0064802796552317,0.0,0.0,0.0,0.0,0.0,0.7593219677946268,0.0,0.2406780322053731,0.0,0.0,0.0,0.0,0.0,13.935581911385146,0.913551073657218,1.0,0.0,2.9535560032814385,0.0,0.0,0.0,0.0,0.0,14.52556748614066,1121.6270137216943,24.87830228106012,302.7106577576344,9.61137473881863
5,230.0,16.13103063383881,0.95,0.0,0.05,0.0,0.0,0.0,0.0,0.0,298.77,82.83,0.7698229407236337,0.1947486494487361,36.94310571922444,10.184652038014349,1114.0286778329876,36.33818133842672,0.9880859497396242,0.0,0.0119140502603758,0.0,0.0,0.0,0.0,0.0,0.638161434860752,0.0,0.3618385651392479,0.0,0.0,0.0,0.0,0.0,13.456289496295744,0.9371408635782076,1.0,0.0,2.8533343111681613,0.0,0.0,0.0,0.0,0.0,14.52556748614066,1121.6270137216943,24.87830228106012,302.7106577576344,9.61137473881863
5,230.0,19.104169931751045,0.95,0.0,0.05,0.0,0.0,0.0,0.0,0.0,298.77,82.83,0.7698229407236337,0.2306431236478455,36.94310571922444,10.184652038014349,1110.5448637037905,41.69495080217623,0.9826505532922302,0.0,0.0173494467077699,0.0,0.0,0.0,0.0,0.0,0.5546103456018046,0.0,0.4453896543981955,0.0,0.0,0.0,0.0,0.0,12.99035932555202,0.9608010444075936,1.0,0.0,2.758782780122625,0.0,0.0,0.0,0.0,0.0,14.52556748614066,1121.6270137216943,24.87830228106012,302.7106577576344,9.61137473881863
5,230.0,22.07730922966328,0.95,0.0,0.05,0.0,0.0,0.0,0.0,0.0,298.77,82.83,0.7698229407236337,0.2665375978469549,36.94310571922444,10.184652038014349,1107.0489350395976,47.13642863341897,0.9772133423078296,0.0,0.0227866576921705,0.0,0.0,0.0,0.0,0.0,0.4937036936774235,0.0,0.5062963063225765,0.0,0.0,0.0,0.0,0.0,12.537291308584583,0.984554240533018,1.0,0.0,2.669574446795525,0.0,0.0,0.0,0.0,0.0,14.52556748614066,1121.6270137216943,24.87830228106012,302.7106577576344,9.61137473881863
5,230.0,25.050448527575508,0.95,0.0,0.05,0.0,0.0,0.0,0.0,0.0,298.77,82.83,0.7698229407236337,0.3024320720460643,36.94310571922444,10.184652038014349,1103.5408131360666,52.664890903097806,0.9717742603227144,0.0,0.0282257396772854,0.0,0.0,0.0,0.0,0.0,0.4474931497477309,0.0,0.5525068502522691,0.0,0.0,0.0,0.0,0.0,12.096634745858248,1.0084328848843775,1.0,0.0,2.585092493756065,0.0,0.0,0.0,0.0,0.0,14.52556748614066,1121.6270137216943,24.87830228106012,302.7106577576344,9.61137473881863
5,230.0,28.02358782548774,0.95,0.0,0.05,0.0,0.0,0.0,0.0,0.0,298.77,82.83,0.7698229407236337,0.3383265462451738,36.94310571922444,10.184652038014349,1100.020480337785,58.282758124085305,0.9663333245237627,0.0,0.0336666754762372,0.0,0.0,0.0,0.0,0.0,0.4113673472113455,0.0,0.5886326527886545,0.0,0.0,0.0,0.0,0.0,11.667971305950498,1.0324681656361137,1.0,0.0,2.5051031981951786,0.0,0.0,0.0,0.0,0.0,14.52556748614066,1121.6270137216943,24.87830228106012,302.7106577576344,9.61137473881863
5,230.0,30.99672712339997,0.95,0.0,0.05,0.0,0.0,0.0,0.0,0.0,298.77,82.83,0.7698229407236337,0.3742210204442831,36.94310571922444,10.184652038014349,1096.4879599850003,63.992563773651845,0.9608905988508386,0.0,0.0391094011491614,0.0,0.0,0.0,0.0,0.0,0.3824676759825808,0.0,0.6175323240174192,0.0,0.0,0.0,0.0,0.0,11.250915081683877,1.0567141390500034,1.0,0.0,2.4292093138134017,0.0,0.0,0.0,0.0,0.0,14.52556748614066,1121.6270137216943,24.87830228106012,302.7106577576344,9.61137473881863
5,230.0,33.969866421312204,0.95,0.0,0.05,0.0,0.0,0.0,0.0,0.0,298.77,82.83,0.7698229407236337,0.4101154946433925,36.94310571922444,10.184652038014349,1092.9433043872034,69.79693193801282,0.9554461777363454,0.0,0.0445538222636545,0.0,0.0,0.0,0.0,0.0,0.3589282226697137,0.0,0.6410717773302863,0.0,0.0,0.0,0.0,0.0,10.84510899264395,1.0811868575520656,1.0,0.0,2.357136315051984,0.0,0.0,0.0,0.0,0.0,14.52556748614066,1121.6270137216943,24.87830228106012,302.7106577576344,9.61137473881863
5,230.0,36.94300571922444,0.95,0.0,0.05,0.0,0.0,0.0,0.0,0.0,298.77,82.83,0.7698229407236337,0.446009968842502,36.94310571922444,10.184652038014349,1089.386592968802,75.6985589940258,0.9500001828234044,0.0,0.0499998171765957,0.0,0.0,0.0,0.0,0.0,0.3394796220599438,0.0,0.6605203779400561,0.0,0.0,0.0,0.0,0.0,10.450221204284112,1.1059347788986842,1.0,0.0,2.288641170078899,0.0,0.0,0.0,0.0,0.0,14.52556748614066,1121.6270137216943,24.87830228106012,302.7106577576344,9.61137473881863
5,235.0,12.225762298969576,0.95,0.0,0.05,0.0,0.0,0.0,0.0,0.0,298.77,82.83,0.7865582220437126,0.1476006555471396,38.05130976592272,12.225662298969576,1102.0155833555068,30.95137863479794,0.9986844772298769,0.0,0.001315522770123,0.0,0.0,0.0,0.0,0.0,0.9499932605369288,0.0,0.0500067394630711,0.0,0.0,0.0,0.0,0.0,13.14901240320932,0.936143858284472,1.0,0.0,2.818678561512172,0.0,0.0,0.0,0.0,0.0,13.258875583506692,1102.8688895247462,29.73094022392497,302.7106577576344,11.525181126674264
5,235.0,15.09525646196437,0.95,0.0,0.05,0.0,0.0,0.0,0.0,0.0,298.77,82.83,0.7865582220437126,0.1822438302784543,38.05130976592272,12.225662298969576,1098.5117998688197,35.99683220430816,0.9932942153496838,0.0,0.0067057846503162,0.0,0.0,0.0,0.0,0.0,0.79265997141218,0.0,0.2073400285878199,0.0,0.0,0.0,0.0,0.0,12.706451584089262,0.9590388367448052,1.0,0.0,2.730472125684252,0.0,0.0,0.0,0.0,0.0,13.258875583506692,1102.8688895247462,29.73094022392497,302.7106577576344,11.525181126674264
5,235.0,17.964750624959162,0.95,0.0,0.05,0.0,0.0,0.0,0.0,0.0,298.77,82.83,0.7865582220437126,0.2168870050097689,38.05130976592272,12.225662298969576,1094.9933518383366,41.11861204724499,0.9878999806913455,0.0,0.0121000193086542,0.0,0.0,0.0,0.0,0.0,0.6849658089757842,0.0,0.3150341910242158,0.0,0.0,0.0,0.0,0.0,12.27546472974048,0.9820775590656068,1.0,0.0,2.647085957470768,0.0,0.0,0.0,0.0,0.0,13.258875583506692,1102.8688895247462,29.73094022392497,302.7106577576344,11.525181126674264
5,235.0,20.83424478795396,0.95,0.0,0.05,0.0,0.0,0.0,0.0,0.0,298.77,82.83,0.7865582220437126,0.2515301797410836,38.05130976592272,12.225662298969576,1091.459713214592,46.31856694933953,0.9825012098916084,0.0,0.0174987901083917,0.0,0.0,0.0,0.0,0.0,0.6068314642444965,0.0,0.3931685357555036,0.0,0.0,0.0,0.0,0.0,11.85563786783692,1.0052467426618408,1.0,0.0,2.568066100730672,0.0,0.0,0.0,0.0,0.0,13.258875583506692,1102.8688895247462,29.73094022392497,302.7106577576344,11.525181126674264
5,235.0,23.70373895094875,0.95,0.0,0.05,0.0,0.0,0.0,0.0,0.0,298.77,82.83,0.7865582220437126,0.2861733544723983,38.05130976592272,12.225662298969576,1087.9105381945508,51.59873958516111,0.9770975674357762,0.0,0.0229024325642236,0.0,0.0,0.0,0.0,0.0,0.5477249969396545,0.0,0.4522750030603455,0.0,0.0,0.0,0.0,0.0,11.446595846335033,1.0286015340596173,1.0,0.0,2.493012568954163,0.0,0.0,0.0,0.0,0.0,13.258875583506692,1102.8688895247462,29.73094022392497,302.7106577576344,11.525181126674264
5,235.0,26.573233113943544,0.95,0.0,0.05,0.0,0.0,0.0,0.0,0.0,298.77,82.83,0.7865582220437126,0.3208165292037129,38.05130976592272,12.225662298969576,1084.3455694785057,56.961337319998094,0.971688828393439,0.0,0.028311171606561,0.0,0.0,0.0,0.0,0.0,0.501592352025188,0.0,0.498407647974812,0.0,0.0,0.0,0.0,0.0,11.048002482452675,1.0521747623426336,1.0,0.0,2.42165171246218,0.0,0.0,0.0,0.0,0.0,13.258875583506692,1102.8688895247462,29.73094022392497,302.7106577576344,11.525181126674264
5,235.0,29.44272727693833,0.95,0.0,0.05,0.0,0.0,0.0,0.0,0.0,298.77,82.83,0.7865582220437126,0.3554597039350275,38.05130976592272,12.225662298969576,1080.7646018633018,62.40870549402157,0.9662748314548438,0.0,0.0337251685451561,0.0,0.0,0.0,0.0,0.0,0.4647072007920125,0.0,0.5352927992079873,0.0,0.0,0.0,0.0,0.0,10.659543844820394,1.0759915520341417,1.0,0.0,2.353710316962387,0.0,0.0,0.0,0.0,0.0,13.258875583506692,1102.8688895247462,29.73094022392497,302.7106577576344,11.525181126674264
5,235.0,32.31222143993313,0.95,0.0,0.05,0.0,0.0,0.0,0.0,0.0,298.77,82.83,0.7865582220437126,0.3901028786663423,38.05130976592272,12.225662298969576,1077.1674636262708,67.94330647494571,0.960855454698356,0.0,0.039144545301644,0.0,0.0,0.0,0.0,0.0,0.4346508919382181,0.0,0.5653491080617817,0.0,0.0,0.0,0.0,0.0,10.28092942858287,1.1000803155964882,1.0,0.0,2.2889495208839845,0.0,0.0,0.0,0.0,0.0,13.258875583506692,1102.8688895247462,29.73094022392497,302.7106577576344,11.525181126674264
5,235.0,35.18171560292792,0.95,0.0,0.05,0.0,0.0,0.0,0.0,0.0,298.77,82.83,0.7865582220437126,0.4247460533976569,38.05130976592272,12.225662298969576,1073.554004519203,73.56770388932797,0.9554305999352676,0.0,0.0445694000647324,0.0,0.0,0.0,0.0,0.0,0.4097854919277635,0.0,0.5902145080722365,0.0,0.0,0.0,0.0,0.0,9.911891102846765,1.124491699937857,1.0,0.0,2.2271827836105795,0.0,0.0,0.0,0.0,0.0,13.258875583506692,1102.8688895247462,29.73094022392497,302.7106577576344,11.525181126674264
5,235.0,38.05120976592272,0.95,0.0,0.05,0.0,0.0,0.0,0.0,0.0,298.77,82.83,0.7865582220437126,0.4593892281289716,38.05130976592272,12.225662298969576,1069.9240933889464,79.28454982212837,0.9500001889687264,0.0,0.0499998110312734,0.0,0.0,0.0,0.0,0.0,0.3889626126400781,0.0,0.6110373873599219,0.0,0.0,0.0,0.0,0.0,9.552178176556623,1.1492410854658424,1.0,0.0,2.1681790012232303,0.0,0.0,0.0,0.0,0.0,13.258875583506692,1102.8688895247462,29.73094022392497,302.7106577576344,11.525181126674264
5,240.0,14.56179620479134,0.95,0.0,0.05,0.0,0.0,0.0,0.0,0.0,298.77,82.83,0.8032935033637916,0.1758034070359934,39.53055859179817,14.56169620479134,1082.176968304157,36.83597140030616,0.9983622305367404,0.0,0.0016377694632596,0.0,0.0,0.0,0.0,0.0,0.9499944583401893,0.0,0.0500055416598108,0.0,0.0,0.0,0.0,0.0,11.89062221894177,0.987438676078253,1.0,0.0,2.6003972597571168,0.0,0.0,0.0,0.0,0.0,12.014498351825988,1083.263844328595,35.3375257790447,302.7106577576344,13.710780754884407
5,240.0,17.336092025569876,0.95,0.0,0.05,0.0,0.0,0.0,0.0,0.0,298.77,82.83,0.8032935033637916,0.2092972597557633,39.53055859179817,14.56169620479134,1078.6225093297585,41.76793190197125,0.9930192626378171,0.0,0.0069807373621828,0.0,0.0,0.0,0.0,0.0,0.8203563440705829,0.0,0.1796436559294171,0.0,0.0,0.0,0.0,0.0,11.493297624994756,1.0100433338412609,1.0,0.0,2.5271520924921247,0.0,0.0,0.0,0.0,0.0,12.014498351825988,1083.263844328595,35.3375257790447,302.7106577576344,13.710780754884407
5,240.0,20.110387846348413,0.95,0.0,0.05,0.0,0.0,0.0,0.0,0.0,298.77,82.83,0.8032935033637916,0.2427911124755331,39.53055859179817,14.56169620479134,1075.050179344595,46.77330714814529,0.9876697107866136,0.0,0.0123302892133863,0.0,0.0,0.0,0.0,0.0,0.7260149143311923,0.0,0.2739850856688077,0.0,0.0,0.0,0.0,0.0,11.105659801975223,1.0328324517082434,1.0,0.0,2.4575895878728597,0.0,0.0,0.0,0.0,0.0,12.014498351825988,1083.263844328595,35.3375257790447,302.7106577576344,13.710780754884407
5,240.0,22.88468366712695,0.95,0.0,0.05,0.0,0.0,0.0,0.0,0.0,298.77,82.83,0.8032935033637916,0.276284965195303,39.53055859179817,14.56169620479134,1071.4593496838788,51.854021594631256,0.982312955552669,0.0,0.017687044447331,0.0,0.0,0.0,0.0,0.0,0.6544596166294342,0.0,0.3455403833705658,0.0,0.0,0.0,0.0,0.0,10.727402845266996,1.0558619385133774,1.0,0.0,2.391305750795643,0.0,0.0,0.0,0.0,0.0,12.014498351825988,1083.263844328595,35.3375257790447,302.7106577576344,13.710780754884407
5,240.0,25.658979487905484,0.95,0.0,0.05,0.0,0.0,0.0,0.0,0.0,298.77,82.83,0.8032935033637916,0.3097788179150728,39.53055859179817,14.56169620479134,1067.849525068721,57.01215252075486,0.9769485439560128,0.0,0.023051456043987,0.0,0.0,0.0,0.0,0.0,0.5984716867465261,0.0,0.4015283132534739,0.0,0.0,0.0,0.0,0.0,10.358244967922412,1.079162829571524,1.0,0.0,2.328043573667994,0.0,0.0,0.0,0.0,0.0,12.014498351825988,1083.263844328595,35.3375257790447,302.7106577576344,13.710780754884407
5,240.0,28.433275308684017,0.95,0.0,0.05,0.0,0.0,0.0,0.0,0.0,298.77,82.83,0.8032935033637916,0.3432726706348427,39.53055859179817,14.56169620479134,1064.2202787670124,62.24992167531426,0.9715761090474112,0.0,0.0284238909525889,0.0,0.0,0.0,0.0,0.0,0.5535952695780686,0.0,0.4464047304219314,0.0,0.0,0.0,0.0,0.0,9.997935736563475,1.1027419205994091,1.0,0.0,2.267651065469866,0.0,0.0,0.0,0.0,0.0,12.014498351825988,1083.263844328595,35.3375257790447,302.7106577576344,13.710780754884407
5,240.0,31.20757112946256,0.95,0.0,0.05,0.0,0.0,0.0,0.0,0.0,298.77,82.83,0.8032935033637916,0.3767665233546126,39.53055859179817,14.56169620479134,1060.5712245532184,67.56968376149729,0.96619533478698,0.0,0.0338046652130198,0.0,0.0,0.0,0.0,0.0,0.5169318297367107,0.0,0.4830681702632892,0.0,0.0,0.0,0.0,0.0,9.64623939598239,1.1266698497259675,1.0,0.0,2.2098576932787872,0.0,0.0,0.0,0.0,0.0,12.014498351825988,1083.263844328595,35.3375257790447,302.7106577576344,13.710780754884407
5,240.0,33.98186695024109,0.95,0.0,0.05,0.0,0.0,0.0,0.0,0.0,298.77,82.83,0.8032935033637916,0.4102603760743823,39.53055859179817,14.56169620479134,1056.9019995884885,72.97391424481519,0.9608059346048436,0.0,0.0391940653951564,0.0,0.0,0.0,0.0,0.0,0.4865149615614703,0.0,0.5134850384385298,0.0,0.0,0.0,0.0,0.0,9.30293874882024,1.1509392476523603,1.0,0.0,2.154560010644045,0.0,0.0,0.0,0.0,0.0,12.014498351825988,1083.263844328595,35.3375257790447,302.7106577576344,13.710780754884407
5,240.0,36.756162771019625,0.95,0.0,0.05,0.0,0.0,0.0,0.0,0.0,298.77,82.83,0.8032935033637916,0.4437542287941521,39.53055859179817,14.56169620479134,1053.2122566751823,78.46520017515205,0.955407641394228,0.0,0.0445923586057719,0.0,0.0,0.0,0.0,0.0,0.4609639370664125,0.0,0.5390360629335874,0.0,0.0,0.0,0.0,0.0,8.967830499694731,1.1756155613826729,1.0,0.0,2.101582734475264,0.0,0.0,0.0,0.0,0.0,12.014498351825988,1083.263844328595,35.3375257790447,302.7106577576344,13.710780754884407
5,240.0,39.530458591798165,0.95,0.0,0.05,0.0,0.0,0.0,0.0,0.0,298.77,82.83,0.8032935033637916,0.477248081513922,39.53055859179817,14.56169620479134,1049.5016538407756,84.04623112040915,0.950000194696289,0.0,0.0499998053037108,0.0,0.0,0.0,0.0,0.0,0.4392810436015963,0.0,0.5607189563984036,0.0,0.0,0.0,0.0,0.0,8.640728779051592,1.2007142815738854,1.0,0.0,2.050761158151139,0.0,0.0,0.0,0.0,0.0,12.014498351825988,1083.263844328595,35.3375257790447,302.7106577576344,13.710780754884407
5,245.0,17.22025941081689,0.95,0.0,0.05,0.0,0.0,0.0,0.0,0.0,298.77,82.83,0.8200287846838706,0.2078988218135565,41.380738858681696,17.22015941081689,1061.2920339736245,43.6474394773938,0.9979756852049302,0.0,0.0020243147950698,0.0,0.0,0.0,0.0,0.0,0.9499954214415371,0.0,0.0500045785584628,0.0,0.0,0.0,0.0,0.0,10.655168184591671,1.0450926917043553,1.0,0.0,2.402483060914806,0.0,0.0,0.0,0.0,0.0,10.793959502416731,1062.6711211462375,41.80803719266337,302.7106577576344,16.191644196077288
5,245.0,19.904746016135203,0.95,0.0,0.05,0.0,0.0,0.0,0.0,0.0,298.77,82.83,0.8200287846838706,0.2403084150203453,41.380738858681696,17.22015941081689,1057.6786288801518,48.49656360652332,0.9926867636044976,0.0,0.0073132363955023,0.0,0.0,0.0,0.0,0.0,0.843319644986883,0.0,0.1566803550131168,0.0,0.0,0.0,0.0,0.0,10.298731165643504,1.067703287072152,1.0,0.0,2.3415453394627384,0.0,0.0,0.0,0.0,0.0,10.793959502416731,1062.6711211462375,41.80803719266337,302.7106577576344,16.191644196077288
5,245.0,22.58923262145351,0.95,0.0,0.05,0.0,0.0,0.0,0.0,0.0,298.77,82.83,0.8200287846838706,0.272718008227134,41.380738858681696,17.22015941081689,1054.0439209902029,53.417571813270285,0.9873887195134003,0.0,0.0126112804865996,0.0,0.0,0.0,0.0,0.0,0.7616650741763027,0.0,0.2383349258236972,0.0,0.0,0.0,0.0,0.0,9.950444069007412,1.0906083286266963,1.0,0.0,2.283308501933953,0.0,0.0,0.0,0.0,0.0,10.793959502416731,1062.6711211462375,41.80803719266337,302.7106577576344,16.191644196077288
5,245.0,25.273719226771824,0.95,0.0,0.05,0.0,0.0,0.0,0.0,0.0,298.77,82.83,0.8200287846838706,0.3051276014339228,41.380738858681696,17.22015941081689,1050.3871718112557,58.41250762932956,0.9820808830541268,0.0,0.0179191169458734,0.0,0.0,0.0,0.0,0.0,0.6973003317073811,0.0,0.3026996682926188,0.0,0.0,0.0,0.0,0.0,9.61008248612421,1.1138381879890091,1.0,0.0,2.2276015273047527,0.0,0.0,0.0,0.0,0.0,10.793959502416731,1062.6711211462375,41.80803719266337,302.7106577576344,16.191644196077288
5,245.0,27.958205832090137,0.95,0.0,0.05,0.0,0.0,0.0,0.0,0.0,298.77,82.83,0.8200287846838706,0.3375371946407115,41.380738858681696,17.22015941081689,1046.7077346170936,63.48354671594935,0.976762699074216,0.0,0.023237300925784,0.0,0.0,0.0,0.0,0.0,0.6453857808913404,0.0,0.3546142191086597,0.0,0.0,0.0,0.0,0.0,9.27743562050039,1.1374178989696524,1.0,0.0,2.174224181349044,0.0,0.0,0.0,0.0,0.0,10.793959502416731,1062.6711211462375,41.80803719266337,302.7106577576344,16.191644196077288
5,245.0,30.64269243740845,0.95,0.0,0.05,0.0,0.0,0.0,0.0,0.0,298.77,82.83,0.8200287846838706,0.3699467878475002,41.380738858681696,17.22015941081689,1043.0050091714097,68.63299807087664,0.9714336730264982,0.0,0.0285663269735017,0.0,0.0,0.0,0.0,0.0,0.6027381298096981,0.0,0.397261870190302,0.0,0.0,0.0,0.0,0.0,8.952318334789137,1.161364982653275,1.0,0.0,2.122996669791887,0.0,0.0,0.0,0.0,0.0,10.793959502416731,1062.6711211462375,41.80803719266337,302.7106577576344,16.191644196077288
5,245.0,33.327179042726755,0.95,0.0,0.05,0.0,0.0,0.0,0.0,0.0,298.77,82.83,0.8200287846838706,0.4023563810542889,41.380738858681696,17.22015941081689,1039.2784214330334,73.86330286717413,0.966093346433719,0.0,0.033906653566281,0.0,0.0,0.0,0.0,0.0,0.5671783231168445,0.0,0.4328216768831556,0.0,0.0,0.0,0.0,0.0,8.634555027032665,1.1857355691422775,1.0,0.0,2.0738064076469414,0.0,0.0,0.0,0.0,0.0,10.793959502416731,1062.6711211462375,41.80803719266337,302.7106577576344,16.191644196077288
5,245.0,36.01166564804507,0.95,0.0,0.05,0.0,0.0,0.0,0.0,0.0,298.77,82.83,0.8200287846838706,0.4347659742610777,41.380738858681696,17.22015941081689,1035.527408805605,79.17702905788572,0.9607412792477876,0.0,0.0392587207522122,0.0,0.0,0.0,0.0,0.0,0.5371648888127982,0.0,0.4628351111872017,0.0,0.0,0.0,0.0,0.0,8.32398369040592,1.2105646625535265,1.0,0.0,2.0265571863150216,0.0,0.0,0.0,0.0,0.0,10.793959502416731,1062.6711211462375,41.80803719266337,302.7106577576344,16.191644196077288
5,245.0,38.69615225336338,0.95,0.0,0.05,0.0,0.0,0.0,0.0,0.0,298.77,82.83,0.8200287846838706,0.4671755674678665,41.380738858681696,17.22015941081689,1031.7514121727718,84.57686751852268,0.9553770402289428,0.0,0.0446229597710573,0.0,0.0,0.0,0.0,0.0,0.5115769601511027,0.0,0.4884230398488974,0.0,0.0,0.0,0.0,0.0,8.020453742807439,1.235867501404045,1.0,0.0,1.9811001056044812,0.0,0.0,0.0,0.0,0.0,10.793959502416731,1062.6711211462375,41.80803719266337,302.7106577576344,16.191644196077288
5,245.0,41.38063885868169,0.95,0.0,0.05,0.0,0.0,0.0,0.0,0.0,298.77,82.83,0.8200287846838706,0.4995851606746552,41.380738858681696,17.22015941081689,1027.9498702433227,90.06562821022257,0.950000200129546,0.0,0.049999799870454,0.0,0.0,0.0,0.0,0.0,0.489580237494071,0.0,0.5104197625059289,0.0,0.0,0.0,0.0,0.0,7.723824851687993,1.2616835785587477,1.0,0.0,1.9373399441653791,0.0,0.0,0.0,0.0,0.0,10.793959502416731,1062.6711211462375,41.80803719266337,302.7106577576344,16.191644196077288
5,250.0,20.23035319134692,0.95,0.0,0.05,0.0,0.0,0.0,0.0,0.0,298.77,82.83,0.8367640660039496,0.2442394445411918,43.604537301970495,20.23025319134692,1039.1717313569466,51.53763190211205,0.997512287552433,0.0,0.0024877124475669,0.0,0.0,0.0,0.0,0.0,0.9499962026353526,0.0,0.0500037973646474,0.0,0.0,0.0,0.0,0.0,9.444534682895442,1.1106262269292573,1.0,0.0,2.2224941432600605,0.0,0.0,0.0,0.0,0.0,9.599114364051816,1040.9186176418627,49.27650279185157,302.7106577576344,18.99215487266697
5,250.0,22.827473648082872,0.95,0.0,0.05,0.0,0.0,0.0,0.0,0.0,298.77,82.83,0.8367640660039496,0.2755942731870442,43.604537301970495,20.23025319134692,1035.4896555869998,56.33196298659286,0.9922861685091534,0.0,0.0077138314908466,0.0,0.0,0.0,0.0,0.0,0.8623718318189955,0.0,0.1376281681810045,0.0,0.0,0.0,0.0,0.0,9.125502054647727,1.133626941628836,1.0,0.0,2.171672321972038,0.0,0.0,0.0,0.0,0.0,9.599114364051816,1040.9186176418627,49.27650279185157,302.7106577576344,18.99215487266697
5,250.0,25.424594104818823,0.95,0.0,0.05,0.0,0.0,0.0,0.0,0.0,298.77,82.83,0.8367640660039496,0.3069491018328966,43.604537301970495,20.23025319134692,1031.7824394850606,61.19794398065519,0.987048336608678,0.0,0.0129516633913221,0.0,0.0,0.0,0.0,0.0,0.7924359150628825,0.0,0.2075640849371174,0.0,0.0,0.0,0.0,0.0,8.813356498767604,1.157016834431286,1.0,0.0,2.1228872829709,0.0,0.0,0.0,0.0,0.0,9.599114364051816,1040.9186176418627,49.27650279185157,302.7106577576344,18.99215487266697
5,250.0,28.021714561554774,0.95,0.0,0.05,0.0,0.0,0.0,0.0,0.0,298.77,82.83,0.8367640660039496,0.3383039304787489,43.604537301970495,20.23025319134692,1028.049212894446,66.13778418433745,0.9817980655035944,0.0,0.0182019344964057,0.0,0.0,0.0,0.0,0.0,0.7354459302436783,0.0,0.2645540697563215,0.0,0.0,0.0,0.0,0.0,8.507930399091425,1.1808161310201506,1.0,0.0,2.075990270644977,0.0,0.0,0.0,0.0,0.0,9.599114364051816,1040.9186176418627,49.27650279185157,302.7106577576344,18.99215487266697
5,250.0,30.618835018290728,0.95,0.0,0.05,0.0,0.0,0.0,0.0,0.0,298.77,82.83,0.8367640660039496,0.3696587591246013,43.604537301970495,20.23025319134692,1024.2891597469998,71.15381883588246,0.976534700155959,0.0,0.0234652998440409,0.0,0.0,0.0,0.0,0.0,0.6882192802790672,0.0,0.3117807197209328,0.0,0.0,0.0,0.0,0.0,8.209069355766466,1.2050536518741766,1.0,0.0,2.03085863688915,0.0,0.0,0.0,0.0,0.0,9.599114364051816,1040.9186176418627,49.27650279185157,302.7106577576344,18.99215487266697
5,250.0,33.21595547502668,0.95,0.0,0.05,0.0,0.0,0.0,0.0,0.0,298.77,82.83,0.8367640660039496,0.4010135877704537,43.604537301970495,20.23025319134692,1020.5014867958672,76.24851541097243,0.971257621202218,0.0,0.0287423787977819,0.0,0.0,0.0,0.0,0.0,0.6485413056933421,0.0,0.3514586943066579,0.0,0.0,0.0,0.0,0.0,7.916638977867588,1.2297659950118849,1.0,0.0,1.9874152323256529,0.0,0.0,0.0,0.0,0.0,9.599114364051816,1040.9186176418627,49.27650279185157,302.7106577576344,18.99215487266697
5,250.0,35.81307593176263,0.95,0.0,0.05,0.0,0.0,0.0,0.0,0.0,298.77,82.83,0.8367640660039496,0.4323684164163061,43.604537301970495,20.23025319134692,1016.6854097000266,81.42447929016329,0.9659662289070968,0.0,0.0340337710929032,0.0,0.0,0.0,0.0,0.0,0.6148237988297817,0.0,0.3851762011702184,0.0,0.0,0.0,0.0,0.0,7.630510093719764,1.2549897904884575,1.0,0.0,1.9455379877403576,0.0,0.0,0.0,0.0,0.0,9.599114364051816,1040.9186176418627,49.27650279185157,302.7106577576344,18.99215487266697
5,250.0,38.41019638849859,0.95,0.0,0.05,0.0,0.0,0.0,0.0,0.0,298.77,82.83,0.8367640660039496,0.4637232450621585,43.604537301970495,20.23025319134692,1012.8401401472036,86.68445333010058,0.960659928713252,0.0,0.039340071286748,0.0,0.0,0.0,0.0,0.0,0.5858984582786158,0.0,0.4141015417213842,0.0,0.0,0.0,0.0,0.0,7.350563767418557,1.2807712474155466,1.0,0.0,1.9051373737499675,0.0,0.0,0.0,0.0,0.0,9.599114364051816,1040.9186176418627,49.27650279185157,302.7106577576344,18.99215487266697
5,250.0,41.00731684523454,0.95,0.0,0.05,0.0,0.0,0.0,0.0,0.0,298.77,82.83,0.8367640660039496,0.4950780737080109,43.604537301970495,20.23025319134692,1008.9648786064544,92.03131887297803,0.9553381231477897,0.0,0.0446618768522104,0.0,0.0,0.0,0.0,0.0,0.5608869980374828,0.0,0.4391130019625172,0.0,0.0,0.0,0.0,0.0,7.076689855514973,1.307148018984001,1.0,0.0,1.8661371686923391,0.0,0.0,0.0,0.0,0.0,9.599114364051816,1040.9186176418627,49.27650279185157,302.7106577576344,18.99215487266697
5,250.0,43.60443730197049,0.95,0.0,0.05,0.0,0.0,0.0,0.0,0.0,298.77,82.83,0.8367640660039496,0.5264329023538632,43.604537301970495,20.23025319134692,1005.0588084730722,97.46809619086808,0.9500002054130922,0.0,0.0499997945869078,0.0,0.0,0.0,0.0,0.0,0.5391166489792819,0.0,0.4608833510207182,0.0,0.0,0.0,0.0,0.0,6.808785570537533,1.3341475199243156,1.0,0.0,1.8284688550243848,0.0,0.0,0.0,0.0,0.0,9.599114364051816,1040.9186176418627,49.27650279185157,302.7106577576344,18.99215487266697
5,255.0,23.623515719850293,0.95,0.0,0.05,0.0,0.0,0.0,0.0,0.0,298.77,82.83,0.8534993473240285,0.2852048257859506,46.20624283129268,23.623415719850293,1015.5769577647663,60.69867888390949,0.9969556314842856,0.0,0.0030443685157143,0.0,0.0,0.0,0.0,0.0,0.9499968416781484,0.0,0.0500031583218516,0.0,0.0,0.0,0.0,0.0,8.26102767946273,1.1862321508039195,1.0,0.0,2.055702718321786,0.0,0.0,0.0,0.0,0.0,8.432227805466914,1017.7913832278248,57.90987351738985,302.7106577576344,22.13772066860631
5,255.0,26.13269651001056,0.95,0.0,0.05,0.0,0.0,0.0,0.0,0.0,298.77,82.83,0.8534993473240285,0.3154979658337626,46.20624283129268,23.623415719850293,1011.8144642000192,65.46464819833221,0.9918034387802644,0.0,0.0081965612197357,0.0,0.0,0.0,0.0,0.0,0.8782238771448321,0.0,0.1217761228551678,0.0,0.0,0.0,0.0,0.0,7.976641395368675,1.210036207566643,1.0,0.0,2.0158542278651463,0.0,0.0,0.0,0.0,0.0,8.432227805466914,1017.7913832278248,57.90987351738985,302.7106577576344,22.13772066860631
5,255.0,28.641877300170822,0.95,0.0,0.05,0.0,0.0,0.0,0.0,0.0,298.77,82.83,0.8534993473240285,0.3457911058815746,46.20624283129268,23.623415719850293,1008.0223744170725,70.303338471485,0.9866367826663094,0.0,0.0133632173336905,0.0,0.0,0.0,0.0,0.0,0.8189139246607645,0.0,0.1810860753392354,0.0,0.0,0.0,0.0,0.0,7.698086945222068,1.2343194017578745,1.0,0.0,1.9749461432084048,0.0,0.0,0.0,0.0,0.0,8.432227805466914,1017.7913832278248,57.90987351738985,302.7106577576344,22.13772066860631
5,255.0,31.151058090331084,0.95,0.0,0.05,0.0,0.0,0.0,0.0,0.0,298.77,82.83,0.8534993473240285,0.3760842459293865,46.20624283129268,23.623415719850293,1004.1996465188264,75.21717982849438,0.9814548627581172,0.0,0.0185451372418826,0.0,0.0,0.0,0.0,0.0,0.7691813805315358,0.0,0.2308186194684642,0.0,0.0,0.0,0.0,0.0,7.425244569875437,1.2591185534052045,1.0,0.0,1.935466735998568,0.0,0.0,0.0,0.0,0.0,8.432227805466914,1017.7913832278248,57.90987351738985,302.7106577576344,22.13772066860631
5,255.0,33.66023888049135,0.95,0.0,0.05,0.0,0.0,0.0,0.0,0.0,298.77,82.83,0.8534993473240285,0.4063773859771984,46.20624283129268,23.623415719850293,1000.3452584553064,80.20873609203163,0.9762569145662472,0.0,0.0237430854337527,0.0,0.0,0.0,0.0,0.0,0.7269709600288843,0.0,0.2730290399711157,0.0,0.0,0.0,0.0,0.0,7.158002218237156,1.2844706479322456,1.0,0.0,1.8973307232073555,0.0,0.0,0.0,0.0,0.0,8.432227805466914,1017.7913832278248,57.90987351738985,302.7106577576344,22.13772066860631
5,255.0,36.169419670651614,0.95,0.0,0.05,0.0,0.0,0.0,0.0,0.0,298.77,82.83,0.8534993473240285,0.4366705260250104,46.20624283129268,23.623415719850293,996.4581845930072,85.28071199702023,0.9710421845842024,0.0,0.0289578154157976,0.0,0.0,0.0,0.0,0.0,0.690779508548575,0.0,0.3092204914514251,0.0,0.0,0.0,0.0,0.0,6.896265455456612,1.31041304303604,1.0,0.0,1.8604634908963087,0.0,0.0,0.0,0.0,0.0,8.432227805466914,1017.7913832278248,57.90987351738985,302.7106577576344,22.13772066860631
5,255.0,38.67860046081188,0.95,0.0,0.05,0.0,0.0,0.0,0.0,0.0,298.77,82.83,0.8534993473240285,0.4669636660728224,46.20624283129268,23.623415719850293,992.5373870911504,90.43596462072011,0.965809921048243,0.0,0.034190078951757,0.0,0.0,0.0,0.0,0.0,0.6594826553652385,0.0,0.3405173446347614,0.0,0.0,0.0,0.0,0.0,6.639941486803455,1.3369907445154738,1.0,0.0,1.8247988175827223,0.0,0.0,0.0,0.0,0.0,8.432227805466914,1017.7913832278248,57.90987351738985,302.7106577576344,22.13772066860631
5,255.0,41.187781250972144,0.95,0.0,0.05,0.0,0.0,0.0,0.0,0.0,298.77,82.83,0.8534993473240285,0.4972568061206344,46.20624283129268,23.623415719850293,988.581803791278,95.67750659414374,0.9605593615230256,0.0,0.0394406384769745,0.0,0.0,0.0,0.0,0.0,0.6322228316596833,0.0,0.3677771683403168,0.0,0.0,0.0,0.0,0.0,6.38894250689774,1.3642466721589177,1.0,0.0,1.7902757741099802,0.0,0.0,0.0,0.0,0.0,8.432227805466914,1017.7913832278248,57.90987351738985,302.7106577576344,22.13772066860631
5,255.0,43.69696204113241,0.95,0.0,0.05,0.0,0.0,0.0,0.0,0.0,298.77,82.83,0.8534993473240285,0.5275499461684463,46.20624283129268,23.623415719850293,984.5903412913116,101.008511777656,0.9552897260146528,0.0,0.0447102739853471,0.0,0.0,0.0,0.0,0.0,0.6083348099499116,0.0,0.3916651900500884,0.0,0.0,0.0,0.0,0.0,6.143196763265079,1.392229328575629,1.0,0.0,1.7568394888832355,0.0,0.0,0.0,0.0,0.0,8.432227805466914,1017.7913832278248,57.90987351738985,302.7106577576344,22.13772066860631
5,255.0,46.206142831292674,0.95,0.0,0.05,0.0,0.0,0.0,0.0,0.0,298.77,82.83,0.8534993473240285,0.5578430862162583,46.20624283129268,23.623415719850293,980.5618684635812,106.43232013412356,0.950000210722777,0.0,0.049999789277223,0.0,0.0,0.0,0.0,0.0,0.5872948550098828,0.0,0.4127051449901172,0.0,0.0,0.0,0.0,0.0,5.902630438593724,1.4209692091488328,1.0,0.0,1.7244502422860275,0.0,0.0,0.0,0.0,0.0,8.432227805466914,1017.7913832278248,57.90987351738985,302.7106577576344,22.13772066860631
5,260.0,27.43408764086284,0.95,0.0,0.05,0.0,0.0,0.0,0.0,0.0,298.77,82.83,0.8702346286441076,0.3312095574171537,49.19054255336955,27.43398764086284,990.1969229102818,71.38068315404855,0.996283482642592,0.0,0.0037165173574078,0.0,0.0,0.0,0.0,0.0,0.9499973688524098,0.0,0.0500026311475901,0.0,0.0,0.0,0.0,0.0,7.107493544841841,1.2749577994828514,1.0,0.0,1.8822290948242564,0.0,0.0,0.0,0.0,0.0,7.296085655146154,993.0143761526203,67.92140682303575,302.7106577576344,25.654931900849267
5,260.0,29.851460408919134,0.95,0.0,0.05,0.0,0.0,0.0,0.0,0.0,298.77,82.83,0.8702346286441076,0.3603943065184008,49.19054255336955,27.43398764086284,986.3394730531476,76.14408722508828,0.9912193393973756,0.0,0.0087806606026245,0.0,0.0,0.0,0.0,0.0,0.8914742807463152,0.0,0.1085257192536847,0.0,0.0,0.0,0.0,0.0,6.8556118049777295,1.30006020290704,1.0,0.0,1.854129461202804,0.0,0.0,0.0,0.0,0.0,7.296085655146154,993.0143761526203,67.92140682303575,302.7106577576344,25.654931900849267
5,260.0,32.26883317697544,0.95,0.0,0.05,0.0,0.0,0.0,0.0,0.0,298.77,82.83,0.8702346286441076,0.3895790556196479,49.19054255336955,27.43398764086284,982.4470762384044,80.98269468650757,0.9861377190762828,0.0,0.0138622809237172,0.0,0.0,0.0,0.0,0.0,0.8416892554253769,0.0,0.1583107445746232,0.0,0.0,0.0,0.0,0.0,6.608673176635113,1.3257722397616,1.0,0.0,1.8268741723259143,0.0,0.0,0.0,0.0,0.0,7.296085655146154,993.0143761526203,67.92140682303575,302.7106577576344,25.654931900849267
5,260.0,34.686205945031745,0.95,0.0,0.05,0.0,0.0,0.0,0.0,0.0,298.77,82.83,0.8702346286441076,0.4187638047208951,49.19054255336955,27.43398764086284,978.5184562864092,85.89923102665568,0.9810377197875688,0.0,0.0189622802124313,0.0,0.0,0.0,0.0,0.0,0.7989048752567637,0.0,0.2010951247432363,0.0,0.0,0.0,0.0,0.0,6.366592299558053,1.3521292644305498,1.0,0.0,1.800429278765127,0.0,0.0,0.0,0.0,0.0,7.296085655146154,993.0143761526203,67.92140682303575,302.7106577576344,25.654931900849267
5,260.0,37.10357871308804,0.95,0.0,0.05,0.0,0.0,0.0,0.0,0.0,298.77,82.83,0.8702346286441076,0.4479485538221422,49.19054255336955,27.43398764086284,974.5523226682134,90.8965754961172,0.975918445124114,0.0,0.024081554875886,0.0,0.0,0.0,0.0,0.0,0.7618187068546336,0.0,0.2381812931453664,0.0,0.0,0.0,0.0,0.0,6.129298013523725,1.3791689513653247,1.0,0.0,1.772832015463009,0.0,0.0,0.0,0.0,0.0,7.296085655146154,993.0143761526203,67.92140682303575,302.7106577576344,25.654931900849267
5,260.0,39.52095148114434,0.95,0.0,0.05,0.0,0.0,0.0,0.0,0.0,298.77,82.83,0.8702346286441076,0.4771333029233894,49.19054255336955,27.43398764086284,970.5473498827504,95.97776788751682,0.9707789843510426,0.0,0.0292210156489574,0.0,0.0,0.0,0.0,0.0,0.7294354596081453,0.0,0.2705645403918547,0.0,0.0,0.0,0.0,0.0,5.896720565056823,1.4069469491802706,1.0,0.0,1.7415868532828616,0.0,0.0,0.0,0.0,0.0,7.296085655146154,993.0143761526203,67.92140682303575,302.7106577576344,25.654931900849267
5,260.0,41.93832424920065,0.95,0.0,0.05,0.0,0.0,0.0,0.0,0.0,298.77,82.83,0.8702346286441076,0.5063180520246365,49.19054255336955,27.43398764086284,966.5021733623212,101.146026494646,0.9656184087233074,0.0,0.0343815912766925,0.0,0.0,0.0,0.0,0.0,0.7009818171806175,0.0,0.2990181828193825,0.0,0.0,0.0,0.0,0.0,5.66879514035344,1.435504959158738,1.0,0.0,1.7112542650564444,0.0,0.0,0.0,0.0,0.0,7.296085655146154,993.0143761526203,67.92140682303575,302.7106577576344,25.654931900849267
5,260.0,44.355697017256944,0.95,0.0,0.05,0.0,0.0,0.0,0.0,0.0,298.77,82.83,0.8702346286441076,0.5355028011258837,49.19054255336955,27.43398764086284,962.4153762291302,106.4047541940708,0.9604357594318907,0.0,0.0395642405681091,0.0,0.0,0.0,0.0,0.0,0.6758480296596129,0.0,0.3241519703403872,0.0,0.0,0.0,0.0,0.0,5.445471673594344,1.4649226731217804,1.0,0.0,1.6818015926347496,0.0,0.0,0.0,0.0,0.0,7.296085655146154,993.0143761526203,67.92140682303575,302.7106577576344,25.654931900849267
5,260.0,46.77306978531325,0.95,0.0,0.05,0.0,0.0,0.0,0.0,0.0,298.77,82.83,0.8702346286441076,0.5646875502271309,49.19054255336955,27.43398764086284,958.285484175654,111.75755063229938,0.9552300434296288,0.0,0.0447699565703713,0.0,0.0,0.0,0.0,0.0,0.653547068467404,0.0,0.3464529315325961,0.0,0.0,0.0,0.0,0.0,5.226692153770446,1.4952175012725903,1.0,0.0,1.653181248147875,0.0,0.0,0.0,0.0,0.0,7.296085655146154,993.0143761526203,67.92140682303575,302.7106577576344,25.654931900849267
5,260.0,49.19044255336955,0.95,0.0,0.05,0.0,0.0,0.0,0.0,0.0,298.77,82.83,0.8702346286441076,0.593872299328378,49.19054255336955,27.43398764086284,954.1109459603676,117.20821601400137,0.9500002162819142,0.0,0.0499997837180858,0.0,0.0,0.0,0.0,0.0,0.6336853838922586,0.0,0.3663146161077413,0.0,0.0,0.0,0.0,0.0,5.012411846173273,1.526476150858798,1.0,0.0,1.6253603798890035,0.0,0.0,0.0,0.0,0.0,7.296085655146154,993.0143761526203,67.92140682303575,302.7106577576344,25.654931900849267
5,265.0,31.700346783049387,0.95,0.0,0.05,0.0,0.0,0.0,0.0,0.0,298.77,82.83,0.8869699099641866,0.3827157646148664,52.561077422993925,31.700246783049387,962.6142987059262,83.92047655793006,0.9954644449994078,0.0,0.0045355550005921,0.0,0.0,0.0,0.0,0.0,0.9499978075079412,0.0,0.0500021924920587,0.0,0.0,0.0,0.0,0.0,5.987495882469766,1.3813865767588296,1.0,0.0,1.7297016250405863,0.0,0.0,0.0,0.0,0.0,6.194157229336726,966.2255774553212,79.59167899763797,302.7106577576344,29.571779036695137
5,265.0,34.01819463193211,0.95,0.0,0.05,0.0,0.0,0.0,0.0,0.0,298.77,82.83,0.8869699099641866,0.4106989572851879,52.561077422993925,31.700246783049387,958.6434713962605,88.70753518214723,0.9905065262799072,0.0,0.0094934737200929,0.0,0.0,0.0,0.0,0.0,0.9026190711018076,0.0,0.0973809288981923,0.0,0.0,0.0,0.0,0.0,5.766527122403817,1.4084554414794426,1.0,0.0,1.706638588614392,0.0,0.0,0.0,0.0,0.0,6.194157229336726,966.2255774553212,79.59167899763797,302.7106577576344,29.571779036695137
5,265.0,36.33604248081484,0.95,0.0,0.05,0.0,0.0,0.0,0.0,0.0,298.77,82.83,0.8869699099641866,0.4386821499555093,52.561077422993925,31.700246783049387,954.6310647980658,93.57392397748802,0.9855277495391754,0.0,0.0144722504608245,0.0,0.0,0.0,0.0,0.0,0.8613195200084941,0.0,0.1386804799915059,0.0,0.0,0.0,0.0,0.0,5.549744480545846,1.4362797591650576,1.0,0.0,1.6841859224886424,0.0,0.0,0.0,0.0,0.0,6.194157229336726,966.2255774553212,79.59167899763797,302.7106577576344,29.571779036695137
5,265.0,38.65389032969757,0.95,0.0,0.05,0.0,0.0,0.0,0.0,0.0,298.77,82.83,0.8869699099641866,0.4666653426258308,52.561077422993925,31.700246783049387,950.5754730772088,98.52277102573696,0.980527072906166,0.0,0.0194729270938341,0.0,0.0,0.0,0.0,0.0,0.8250687390116285,0.0,0.1749312609883715,0.0,0.0,0.0,0.0,0.0,5.337092062955427,1.464927095586014,1.0,0.0,1.662318555173545,0.0,0.0,0.0,0.0,0.0,6.194157229336726,966.2255774553212,79.59167899763797,302.7106577576344,29.571779036695137
5,265.0,40.971738178580296,0.95,0.0,0.05,0.0,0.0,0.0,0.0,0.0,298.77,82.83,0.8869699099641866,0.4946485352961523,52.561077422993925,31.700246783049387,946.4750319894232,103.5573866622788,0.9755034268730552,0.0,0.0244965731269449,0.0,0.0,0.0,0.0,0.0,0.7930593711225283,0.0,0.2069406288774716,0.0,0.0,0.0,0.0,0.0,5.128524949124487,1.494435808169776,1.0,0.0,1.6410126904093167,0.0,0.0,0.0,0.0,0.0,6.194157229336726,966.2255774553212,79.59167899763797,302.7106577576344,29.571779036695137
5,265.0,43.28958602746302,0.95,0.0,0.05,0.0,0.0,0.0,0.0,0.0,298.77,82.83,0.8869699099641866,0.5226317279664737,52.561077422993925,31.700246783049387,942.3280094175605,108.68128380583452,0.9704557067138916,0.0,0.0295442932861082,0.0,0.0,0.0,0.0,0.0,0.7646501363706639,0.0,0.235349863629336,0.0,0.0,0.0,0.0,0.0,4.9239982916084575,1.524867707726208,1.0,0.0,1.6202456117707773,0.0,0.0,0.0,0.0,0.0,6.194157229336726,966.2255774553212,79.59167899763797,302.7106577576344,29.571779036695137
5,265.0,45.60743387634575,0.95,0.0,0.05,0.0,0.0,0.0,0.0,0.0,298.77,82.83,0.8869699099641866,0.5506149206367952,52.561077422993925,31.700246783049387,938.1325921608154,113.89819106574052,0.9653827619583336,0.0,0.0346172380416665,0.0,0.0,0.0,0.0,0.0,0.7393254232821754,0.0,0.2606745767178246,0.0,0.0,0.0,0.0,0.0,4.72347353752231,1.5563036118743434,1.0,0.0,1.5999952308115624,0.0,0.0,0.0,0.0,0.0,6.194157229336726,966.2255774553212,79.59167899763797,302.7106577576344,29.571779036695137
5,265.0,47.92528172522847,0.95,0.0,0.05,0.0,0.0,0.0,0.0,0.0,298.77,82.83,0.8869699099641866,0.5785981133071166,52.561077422993925,31.700246783049387,933.8868785356748,119.212071174499,0.9602833911798276,0.0,0.0397166088201721,0.0,0.0,0.0,0.0,0.0,0.7166661662578259,0.0,0.2833338337421741,0.0,0.0,0.0,0.0,0.0,4.526918959278549,1.5887920742419526,1.0,0.0,1.5794040568879333,0.0,0.0,0.0,0.0,0.0,6.194157229336726,966.2255774553212,79.59167899763797,302.7106577576344,29.571779036695137
5,265.0,50.2431295741112,0.95,0.0,0.05,0.0,0.0,0.0,0.0,0.0,298.77,82.83,0.8869699099641866,0.6065813059774381,52.561077422993925,31.700246783049387,929.5888549080672,124.6271283599806,0.955156323434248,0.0,0.0448436765657518,0.0,0.0,0.0,0.0,0.0,0.6963283988579136,0.0,0.3036716011420863,0.0,0.0,0.0,0.0,0.0,4.334300927686973,1.6224249539408235,1.0,0.0,1.5549621490822558,0.0,0.0,0.0,0.0,0.0,6.194157229336726,966.2255774553212,79.59167899763797,302.7106577576344,29.571779036695137
5,265.0,52.56097742299392,0.95,0.0,0.05,0.0,0.0,0.0,0.0,0.0,298.77,82.83,0.8869699099641866,0.6345644986477595,52.561077422993925,31.700246783049387,925.2363985491074,130.1478366683833,0.9500002223891753,0.0,0.0499997776108247,0.0,0.0,0.0,0.0,0.0,0.6780273992912779,0.0,0.321972600708722,0.0,0.0,0.0,0.0,0.0,4.145593954359465,1.6572620716549509,1.0,0.0,1.531129206805914,0.0,0.0,0.0,0.0,0.0,6.194157229336726,966.2255774553212,79.59167899763797,302.7106577576344,29.571779036695137
5,270.0,36.4661959866589,0.95,0.0,0.05,0.0,0.0,0.0,0.0,0.0,298.77,82.83,0.9037051912842656,0.4402534828764808,56.318371719458256,36.4660959866589,932.2458230093956,98.79114723400704,0.9944520008287268,0.0,0.0055479991712732,0.0,0.0,0.0,0.0,0.0,0.9499981759214609,0.0,0.0500018240785391,0.0,0.0,0.0,0.0,0.0,4.905593110616115,1.5126886382135754,1.0,0.0,1.5944770354733715,0.0,0.0,0.0,0.0,0.0,5.130843724671824,936.9320241360858,93.30322734807504,302.7106577576344,33.91794976874195
5,270.0,38.67198217919216,0.95,0.0,0.05,0.0,0.0,0.0,0.0,0.0,298.77,82.83,0.9037051912842656,0.4668837640853817,56.318371719458256,36.4660959866589,928.1377024338732,103.62978125659284,0.9896243125738408,0.0,0.0103756874261591,0.0,0.0,0.0,0.0,0.0,0.9120667753079696,0.0,0.0879332246920305,0.0,0.0,0.0,0.0,0.0,4.714460167548892,1.5426391625124432,1.0,0.0,1.5755620688755192,0.0,0.0,0.0,0.0,0.0,5.130843724671824,936.9320241360858,93.30322734807504,302.7106577576344,33.91794976874195
5,270.0,40.87776837172542,0.95,0.0,0.05,0.0,0.0,0.0,0.0,0.0,298.77,82.83,0.9037051912842656,0.4935140452942825,56.318371719458256,36.4660959866589,923.9795079882332,108.55393506623577,0.984771904020715,0.0,0.0152280959792849,0.0,0.0,0.0,0.0,0.0,0.8783133341950612,0.0,0.1216866658049388,0.0,0.0,0.0,0.0,0.0,4.5268609909097055,1.5735657830732648,1.0,0.0,1.5570792499580333,0.0,0.0,0.0,0.0,0.0,5.130843724671824,936.9320241360858,93.30322734807504,302.7106577576344,33.91794976874195
5,270.0,43.08355456425869,0.95,0.0,0.05,0.0,0.0,0.0,0.0,0.0,298.77,82.83,0.9037051912842656,0.5201443265031834,56.318371719458256,36.4660959866589,919.7691510230208,113.56729756669722,0.979893536676928,0.0,0.020106463323072,0.0,0.0,0.0,0.0,0.0,0.8481406312865994,0.0,0.1518593687134005,0.0,0.0,0.0,0.0,0.0,4.342765504072886,1.6055460729710618,1.0,0.0,1.5390123256320256,0.0,0.0,0.0,0.0,0.0,5.130843724671824,936.9320241360858,93.30322734807504,302.7106577576344,33.91794976874195
5,270.0,45.28934075679194,0.95,0.0,0.05,0.0,0.0,0.0,0.0,0.0,298.77,82.83,0.9037051912842656,0.5467746077120843,56.318371719458256,36.4660959866589,915.5044292501962,118.673789327906,0.9749879110576471,0.0,0.0250120889423527,0.0,0.0,0.0,0.0,0.0,0.8210624102136787,0.0,0.1789375897863213,0.0,0.0,0.0,0.0,0.0,4.16214645436109,1.6386448112350551,1.0,0.0,1.5213454881764232,0.0,0.0,0.0,0.0,0.0,5.130843724671824,936.9320241360858,93.30322734807504,302.7106577576344,33.91794976874195
5,270.0,47.49512694932521,0.95,0.0,0.05,0.0,0.0,0.0,0.0,0.0,298.77,82.83,0.9037051912842656,0.5734048889209853,56.318371719458256,36.4660959866589,911.183019475639,123.87759377903096,0.9700536627215972,0.0,0.0299463372784029,0.0,0.0,0.0,0.0,0.0,0.7966790069463656,0.0,0.2033209930536344,0.0,0.0,0.0,0.0,0.0,3.984986363813539,1.6729494237522198,1.0,0.0,1.504068659222927,0.0,0.0,0.0,0.0,0.0,5.130843724671824,936.9320241360858,93.30322734807504,302.7106577576344,33.91794976874195
5,270.0,49.70091314185847,0.95,0.0,0.05,0.0,0.0,0.0,0.0,0.0,298.77,82.83,0.9037051912842656,0.6000351701298862,56.318371719458256,36.4660959866589,906.8024626468192,129.1831783571549,0.965089352450816,0.0,0.034910647549184,0.0,0.0,0.0,0.0,0.0,0.7746590818945756,0.0,0.2253409181054244,0.0,0.0,0.0,0.0,0.0,3.811254229714688,1.7085359867125036,1.0,0.0,1.4871618335119523,0.0,0.0,0.0,0.0,0.0,5.130843724671824,936.9320241360858,93.30322734807504,302.7106577576344,33.91794976874195
5,270.0,51.90669933439173,0.95,0.0,0.05,0.0,0.0,0.0,0.0,0.0,298.77,82.83,0.9037051912842656,0.626665451338787,56.318371719458256,36.4660959866589,902.3601370251072,134.5953091810604,0.9600934477366124,0.0,0.0399065522633876,0.0,0.0,0.0,0.0,0.0,0.754725756564298,0.0,0.245274243435702,0.0,0.0,0.0,0.0,0.0,3.640945761220201,1.7455177145833467,1.0,0.0,1.4706134812251033,0.0,0.0,0.0,0.0,0.0,5.130843724671824,936.9320241360858,93.30322734807504,302.7106577576344,33.91794976874195
5,270.0,54.11248552692499,0.95,0.0,0.05,0.0,0.0,0.0,0.0,0.0,298.77,82.83,0.9037051912842656,0.6532957325476879,56.318371719458256,36.4660959866589,897.853249774267,140.1190872918123,0.95506431898954,0.0,0.0449356810104601,0.0,0.0,0.0,0.0,0.0,0.7366460969373183,0.0,0.2633539030626816,0.0,0.0,0.0,0.0,0.0,3.4740452313784806,1.783981221887743,1.0,0.0,1.4544074604217627,0.0,0.0,0.0,0.0,0.0,5.130843724671824,936.9320241360858,93.30322734807504,302.7106577576344,33.91794976874195
5,270.0,56.31827171945825,0.95,0.0,0.05,0.0,0.0,0.0,0.0,0.0,298.77,82.83,0.9037051912842656,0.6799260137565888,56.318371719458256,36.4660959866589,893.2788201691798,145.7599758188306,0.9500002294685288,0.0,0.0499997705314712,0.0,0.0,0.0,0.0,0.0,0.7202229067407788,0.0,0.279777093259221,0.0,0.0,0.0,0.0,0.0,3.310542191709168,1.8240398429251956,1.0,0.0,1.4385315884418175,0.0,0.0,0.0,0.0,0.0,5.130843724671824,936.9320241360858,93.30322734807504,302.7106577576344,33.91794976874195
5,275.0,41.78411431526048,0.95,0.0,0.05,0.0,0.0,0.0,0.0,0.0,298.77,82.83,0.9204404726043446,0.5044562877612034,60.456358375515045,41.78401431526048,898.2335008521411,116.6939090220674,0.9931730124040348,0.0,0.0068269875959653,0.0,0.0,0.0,0.0,0.0,0.9499984887218906,0.0,0.0500015112781094,0.0,0.0,0.0,0.0,0.0,3.8677955318154553,1.6807927090578794,1.0,0.0,1.4734608605369997,0.0,0.0,0.0,0.0,0.0,4.11187312512685,904.4335281070778,109.60126774294156,302.7106577576344,38.72523437118672
5,275.0,43.858796988622096,0.95,0.0,0.05,0.0,0.0,0.0,0.0,0.0,298.77,82.83,0.9204404726043446,0.5295037666138126,60.456358375515045,41.78401431526048,893.9562088092907,121.61543095340572,0.988508539012664,0.0,0.0114914609873359,0.0,0.0,0.0,0.0,0.0,0.9201550249448672,0.0,0.0798449750551326,0.0,0.0,0.0,0.0,0.0,3.705938927400988,1.7150435127690695,1.0,0.0,1.4580042023893989,0.0,0.0,0.0,0.0,0.0,4.11187312512685,904.4335281070778,109.60126774294156,302.7106577576344,38.72523437118672
5,275.0,45.93347966198372,0.95,0.0,0.05,0.0,0.0,0.0,0.0,0.0,298.77,82.83,0.9204404726043446,0.5545512454664218,60.456358375515045,41.78401431526048,889.6175537604009,126.6314540523093,0.983814870518914,0.0,0.0161851294810857,0.0,0.0,0.0,0.0,0.0,0.8931278518645642,0.0,0.1068721481354358,0.0,0.0,0.0,0.0,0.0,3.547047056705722,1.7505953108336494,1.0,0.0,1.4428467105608682,0.0,0.0,0.0,0.0,0.0,4.11187312512685,904.4335281070778,109.60126774294156,302.7106577576344,38.72523437118672
5,275.0,48.00816233534533,0.95,0.0,0.05,0.0,0.0,0.0,0.0,0.0,298.77,82.83,0.9204404726043446,0.5795987243190309,60.456358375515045,41.78401431526048,885.2147057384143,131.74647419086574,0.9790904867457374,0.0,0.0209095132542626,0.0,0.0,0.0,0.0,0.0,0.8685832252596059,0.0,0.131416774740394,0.0,0.0,0.0,0.0,0.0,3.3911098368339467,1.7875470152306427,1.0,0.0,1.4279793300556818,0.0,0.0,0.0,0.0,0.0,4.11187312512685,904.4335281070778,109.60126774294156,302.7106577576344,38.72523437118672
5,275.0,50.08284500870696,0.95,0.0,0.05,0.0,0.0,0.0,0.0,0.0,298.77,82.83,0.9204404726043446,0.6046462031716402,60.456358375515045,41.78401431526048,880.7446462731342,136.9653110972563,0.9743337714358116,0.0,0.0256662285641882,0.0,0.0,0.0,0.0,0.0,0.8462402035967298,0.0,0.1537597964032702,0.0,0.0,0.0,0.0,0.0,3.2381181288672654,1.8261597159845508,1.0000000000441187,0.0,1.4134578893114944,0.0,0.0,0.0,0.0,0.0,4.11187312512685,904.4335281070778,109.60126774294156,302.7106577576344,38.72523437118672
5,275.0,52.15752768206857,0.95,0.0,0.05,0.0,0.0,0.0,0.0,0.0,298.77,82.83,0.9204404726043446,0.6296936820242494,60.456358375515045,41.78401431526048,876.2041503351115,142.2931421823859,0.9695430026346772,0.0,0.0304569973653227,0.0,0.0,0.0,0.0,0.0,0.825860787933736,0.0,0.1741392120662641,0.0,0.0,0.0,0.0,0.0,3.0880627444501245,1.866071400882109,1.0,0.0,1.39905633903708,0.0,0.0,0.0,0.0,0.0,4.11187312512685,904.4335281070778,109.60126774294156,302.7106577576344,38.72523437118672
5,275.0,54.23221035543018,0.95,0.0,0.05,0.0,0.0,0.0,0.0,0.0,298.77,82.83,0.9204404726043446,0.6547411608768584,60.456358375515045,41.78401431526048,871.5897450614385,147.7355257437529,0.9647163276644892,0.0,0.0352836723355107,0.0,0.0,0.0,0.0,0.0,0.8072421478834988,0.0,0.1927578521165012,0.0,0.0,0.0,0.0,0.0,2.940945261156049,1.9078965876868537,1.0,0.0,1.384988818100684,0.0,0.0,0.0,0.0,0.0,4.11187312512685,904.4335281070778,109.60126774294156,302.7106577576344,38.72523437118672
5,275.0,56.306893028791805,0.95,0.0,0.05,0.0,0.0,0.0,0.0,0.0,298.77,82.83,0.9204404726043446,0.6797886397294677,60.456358375515045,41.78401431526048,866.8977091322819,153.298460132442,0.9598517665085072,0.0,0.0401482334914926,0.0,0.0,0.0,0.0,0.0,0.7902106142785601,0.0,0.2097893857214399,0.0,0.0,0.0,0.0,0.0,2.79676288761194,1.9515969164355735,1.0,0.0,1.3711660076006738,0.0,0.0,0.0,0.0,0.0,4.11187312512685,904.4335281070778,109.60126774294156,302.7106577576344,38.72523437118672
5,275.0,58.38157570215343,0.95,0.0,0.05,0.0,0.0,0.0,0.0,0.0,298.77,82.83,0.9204404726043446,0.7048361185820768,60.456358375515045,41.78401431526048,862.124008523758,158.98840605125497,0.9549471724665548,0.0,0.045052827533445,0.0,0.0,0.0,0.0,0.0,0.7746167301873236,0.0,0.2253832698126764,0.0,0.0,0.0,0.0,0.0,2.6555301146675405,1.9973414449170344,1.0,0.0,1.357578823312077,0.0,0.0,0.0,0.0,0.0,4.11187312512685,904.4335281070778,109.60126774294156,302.7106577576344,38.72523437118672
5,275.0,60.45625837551504,0.95,0.0,0.05,0.0,0.0,0.0,0.0,0.0,298.77,82.83,0.9204404726043446,0.729883597434686,60.456358375515045,41.78401431526048,857.2642984816056,164.81235918540318,0.9500002381641702,0.0,0.0499997618358297,0.0,0.0,0.0,0.0,0.0,0.760331444397672,0.0,0.239668555602328,0.0,0.0,0.0,0.0,0.0,2.5172419575623133,2.0452957860178778,1.0,0.0,1.3442216035200658,0.0,0.0,0.0,0.0,0.0,4.11187312512685,904.4335281070778,109.60126774294156,302.7106577576344,38.72523437118672
5,280.0,47.72085266338632,0.95,0.0,0.05,0.0,0.0,0.0,0.0,0.0,298.77,82.83,0.9371757539244236,0.5761300575079841,64.95566127753861,47.72075266338632,859.2251820253337,138.74626832988497,0.9915031485010952,0.0,0.0084968514989046,0.0,0.0,0.0,0.0,0.0,0.9499987581233112,0.0,0.0500012418766888,0.0,0.0,0.0,0.0,0.0,2.882375580093356,1.9076243126344388,1.0,0.0,1.363927862057642,0.0,0.0,0.0,0.0,0.0,3.1449654870637134,867.6798743518019,129.30886906724652,302.7106577576344,44.02808165538378
5,280.0,49.63582028718102,0.95,0.0,0.05,0.0,0.0,0.0,0.0,0.0,298.77,82.83,0.9371757539244236,0.5992493092741883,64.95566127753861,47.72075266338632,854.7350105358921,143.78773223122727,0.987049871460151,0.0,0.012950128539849,0.0,0.0,0.0,0.0,0.0,0.9271680748443204,0.0,0.0728319251556795,0.0,0.0,0.0,0.0,0.0,2.7498036780174973,1.9485482356121409,1.0,0.0,1.3514114517485114,0.0,0.0,0.0,0.0,0.0,3.1449654870637134,867.6798743518019,129.30886906724652,302.7106577576344,44.02808165538378
5,280.0,51.550787910975714,0.95,0.0,0.05,0.0,0.0,0.0,0.0,0.0,298.77,82.83,0.9371757539244236,0.6223685610403925,64.95566127753861,47.72075266338632,850.1677695226392,148.93677468190776,0.9825621554390256,0.0,0.0174378445609743,0.0,0.0,0.0,0.0,0.0,0.9061773991531306,0.0,0.0938226008468694,0.0,0.0,0.0,0.0,0.0,2.6196917360679626,1.9912912261586344,1.0,0.0,1.3390866284029366,0.0,0.0,0.0,0.0,0.0,3.1449654870637134,867.6798743518019,129.30886906724652,302.7106577576344,44.02808165538378
5,280.0,53.465755534770416,0.95,0.0,0.05,0.0,0.0,0.0,0.0,0.0,298.77,82.83,0.9371757539244236,0.6454878128065968,64.95566127753861,47.72075266338632,845.5194299870506,154.1991258225595,0.978038072755173,0.0,0.021961927244827,0.0,0.0,0.0,0.0,0.0,0.8868513459638391,0.0,0.1131486540361608,0.0,0.0,0.0,0.0,0.0,2.4920443583497915,2.035990716849914,1.0,0.0,1.3269487596740477,0.0,0.0,0.0,0.0,0.0,3.1449654870637134,867.6798743518019,129.30886906724652,302.7106577576344,44.02808165538378
5,280.0,55.38072315856511,0.95,0.0,0.05,0.0,0.0,0.0,0.0,0.0,298.77,82.83,0.9371757539244236,0.6686070645728011,64.95566127753861,47.72075266338632,840.7856503887689,159.5810059809412,0.9734755522870044,0.0,0.0265244477129956,0.0,0.0,0.0,0.0,0.0,0.8690380132834984,0.0,0.1309619867165016,0.0,0.0,0.0,0.0,0.0,2.366868505560332,2.082830044488357,1.0,0.0,1.3149858899604414,0.0,0.0,0.0,0.0,0.0,3.1449654870637134,867.6798743518019,129.30886906724652,302.7106577576344,44.02808165538378
5,280.0,57.29569078235981,0.95,0.0,0.05,0.0,0.0,0.0,0.0,0.0,298.77,82.83,0.9371757539244236,0.6917263163390054,64.95566127753861,47.72075266338632,835.9617032551708,165.08913935943883,0.96887234053642,0.0,0.0311276594635798,0.0,0.0,0.0,0.0,0.0,0.8526052278709918,0.0,0.1473947721290083,0.0,0.0,0.0,0.0,0.0,2.244174128538168,2.131974563432385,1.0,0.0,1.3031972120421424,0.0,0.0,0.0,0.0,0.0,3.1449654870637134,867.6798743518019,129.30886906724652,302.7106577576344,44.02808165538378
5,280.0,59.21065840615451,0.95,0.0,0.05,0.0,0.0,0.0,0.0,0.0,298.77,82.83,0.9371757539244236,0.7148455681052096,64.95566127753861,47.72075266338632,831.0424566842781,170.73084502526868,0.9642259962673844,0.0,0.0357740037326155,0.0,0.0,0.0,0.0,0.0,0.8374377092116385,0.0,0.1625622907883614,0.0,0.0,0.0,0.0,0.0,2.1239721039532737,2.183622085680689,1.0,0.0,1.2915693502974512,0.0,0.0,0.0,0.0,0.0,3.1449654870637134,867.6798743518019,129.30886906724652,302.7106577576344,44.02808165538378
5,280.0,61.12562602994921,0.95,0.0,0.05,0.0,0.0,0.0,0.0,0.0,298.77,82.83,0.9371757539244236,0.7379648198714138,64.95566127753861,47.72075266338632,826.0223062004951,176.51409447973683,0.9595338565798917,0.0,0.0404661434201083,0.0,0.0,0.0,0.0,0.0,0.8234346118598465,0.0,0.1765653881401536,0.0,0.0,0.0,0.0,0.0,2.0062797115843454,2.23801233803124,1.0,0.0,1.280099565031398,0.0,0.0,0.0,0.0,0.0,3.1449654870637134,867.6798743518019,129.30886906724652,302.7106577576344,44.02808165538378
5,280.0,63.04059365374391,0.95,0.0,0.05,0.0,0.0,0.0,0.0,0.0,298.77,82.83,0.9371757539244236,0.7610840716376182,64.95566127753861,47.72075266338632,820.8951090476597,182.4475932439876,0.9547930057926948,0.0,0.0452069942073051,0.0,0.0,0.0,0.0,0.0,0.8105075413660083,0.0,0.1894924586339916,0.0,0.0,0.0,0.0,0.0,1.891113261046604,2.2953804602460357,1.0,0.0,1.2687758194271592,0.0,0.0,0.0,0.0,0.0,3.1449654870637134,867.6798743518019,129.30886906724652,302.7106577576344,44.02808165538378
5,280.0,64.9555612775386,0.95,0.0,0.05,0.0,0.0,0.0,0.0,0.0,298.77,82.83,0.9371757539244236,0.7842033234038224,64.95566127753861,47.72075266338632,815.6541259813125,188.54087654105209,0.9500002495305246,0.0,0.0499997504694753,0.0,0.0,0.0,0.0,0.0,0.7985789160860399,0.0,0.20142108391396,0.0,0.0,0.0,0.0,0.0,1.7784974903201587,2.358121980164688,1.0,0.0,1.2579903908717216,0.0,0.0,0.0,0.0,0.0,3.1449654870637134,867.6798743518019,129.30886906724652,302.7106577576344,44.02808165538378
5,285.0,54.37013292651238,0.95,0.0,0.05,0.0,0.0,0.0,0.0,0.0,298.77,82.83,0.9539110352445024,0.6564062891043388,69.76848318728358,54.37003292651238,812.8672588947629,166.9256446963101,0.9892061502220714,0.0,0.0107938497779285,0.0,0.0,0.0,0.0,0.0,0.9499989953882152,0.0,0.0500010046117849,0.0,0.0,0.0,0.0,0.0,1.9614579178418865,2.24026797311271,1.0000000001047888,0.0,1.2635838801171324,0.0,0.0,0.0,0.0,0.0,2.2410524707626744,824.9746819221486,153.77005765610247,302.7106577576344,49.86436423924916
5,285.0,56.08104962215363,0.95,0.0,0.05,0.0,0.0,0.0,0.0,0.0,298.77,82.83,0.9539110352445024,0.6770620502493496,69.76848318728358,54.37003292651238,808.1027943904418,172.1328901226705,0.9850400401737038,0.0,0.0149599598262961,0.0,0.0,0.0,0.0,0.0,0.9333577202269602,0.0,0.0666422797730398,0.0,0.0,0.0,0.0,0.0,1.858885729913214,2.292664647149593,1.0000000001515317,0.0,1.2536715227995354,0.0,0.0,0.0,0.0,0.0,2.2410524707626744,824.9746819221486,153.77005765610247,302.7106577576344,49.86436423924916
5,285.0,57.79196631779487,0.95,0.0,0.05,0.0,0.0,0.0,0.0,0.0,298.77,82.83,0.9539110352445024,0.6977178113943604,69.76848318728358,54.37003292651238,803.238022397785,177.4674115904236,0.9808333130100982,0.0,0.0191666869899018,0.0,0.0,0.0,0.0,0.0,0.9178562195804844,0.0,0.0821437804195156,0.0,0.0,0.0,0.0,0.0,1.7583156192565577,2.3478733134089,1.0000000000212734,0.0,1.2438723450843108,0.0,0.0,0.0,0.0,0.0,2.2410524707626744,824.9746819221486,153.77005765610247,302.7106577576344,49.86436423924916
5,285.0,59.50288301343611,0.95,0.0,0.05,0.0,0.0,0.0,0.0,0.0,298.77,82.83,0.9539110352445024,0.7183735725393712,69.76848318728358,54.37003292651238,798.2668158296768,182.93702257221952,0.976583435227962,0.0,0.023416564772038,0.0,0.0,0.0,0.0,0.0,0.9034124027893544,0.0,0.0965875972106454,0.0,0.0,0.0,0.0,0.0,1.659765853295002,2.406169339133584,1.0000000000069356,0.0,1.2341827986475586,0.0,0.0,0.0,0.0,0.0,2.2410524707626744,824.9746819221486,153.77005765610247,302.7106577576344,49.86436423924916
5,285.0,61.21379970907736,0.95,0.0,0.05,0.0,0.0,0.0,0.0,0.0,298.77,82.83,0.9539110352445024,0.739029333684382,69.76848318728358,54.37003292651238,793.1824436922557,188.5502961586823,0.9722876296154236,0.0,0.0277123703845764,0.0,0.0,0.0,0.0,0.0,0.8899534751739095,0.0,0.1100465248260906,0.0,0.0,0.0,0.0,0.0,1.5632296262651115,2.46451572994443,1.0,0.0,1.2240852835454226,0.0,0.0,0.0,0.0,0.0,2.2410524707626744,824.9746819221486,153.77005765610247,302.7106577576344,49.86436423924916
5,285.0,62.9247164047186,0.95,0.0,0.05,0.0,0.0,0.0,0.0,0.0,298.77,82.83,0.9539110352445024,0.7596850948293927,69.76848318728358,54.37003292651238,787.9774931817212,194.3166713776305,0.9679428444348404,0.0,0.0320571555651595,0.0,0.0,0.0,0.0,0.0,0.8774148480222862,0.0,0.1225851519777137,0.0,0.0,0.0,0.0,0.0,1.4687969196884716,2.5332947539692725,1.0000000000004396,0.0,1.2151175237666694,0.0,0.0,0.0,0.0,0.0,2.2410524707626744,824.9746819221486,153.77005765610247,302.7106577576344,49.86436423924916
5,285.0,64.63563310035984,0.95,0.0,0.05,0.0,0.0,0.0,0.0,0.0,298.77,82.83,0.9539110352445024,0.7803408559744035,69.76848318728358,54.37003292651238,782.6437235109615,200.2465496937127,0.963545691787362,0.0,0.0364543082126379,0.0,0.0,0.0,0.0,0.0,0.8657391691774968,0.0,0.1342608308225031,0.0,0.0,0.0,0.0,0.0,1.376432125881017,2.602883108880852,1.0000000000004552,0.0,1.2057325298757728,0.0,0.0,0.0,0.0,0.0,2.2410524707626744,824.9746819221486,153.77005765610247,302.7106577576344,49.86436423924916
5,285.0,66.34654979600109,0.95,0.0,0.05,0.0,0.0,0.0,0.0,0.0,298.77,82.83,0.9539110352445024,0.8009966171194143,69.76848318728358,54.37003292651238,777.171991355156,206.35147475067265,0.9590924213900596,0.0,0.0409075786099402,0.0,0.0,0.0,0.0,0.0,0.8548756266319836,0.0,0.1451243733680164,0.0,0.0,0.0,0.0,0.0,1.2861826417356843,2.67709630740722,1.0000000000008464,0.0,1.1964399985826226,0.0,0.0,0.0,0.0,0.0,2.2410524707626744,824.9746819221486,153.77005765610247,302.7106577576344,49.86436423924916
5,285.0,68.05746649164233,0.95,0.0,0.05,0.0,0.0,0.0,0.0,0.0,298.77,82.83,0.9539110352445024,0.821652378264425,69.76848318728358,54.37003292651238,771.552069740639,212.644286552894,0.954578845933792,0.0,0.0454211540662079,0.0,0.0,0.0,0.0,0.0,0.8447792664667818,0.0,0.1552207335332182,0.0,0.0,0.0,0.0,0.0,1.1980811091027483,2.756476680862582,1.0000000000002676,0.0,1.187236782133821,0.0,0.0,0.0,0.0,0.0,2.2410524707626744,824.9746819221486,153.77005765610247,302.7106577576344,49.86436423924916
5,285.0,69.76838318728358,0.95,0.0,0.05,0.0,0.0,0.0,0.0,0.0,298.77,82.83,0.9539110352445024,0.8423081394094359,69.76848318728358,54.37003292651238,765.7724585671413,219.13932725459267,0.95000026541796,0.0,0.04999973458204,0.0,0.0,0.0,0.0,0.0,0.8354104603552157,0.0,0.1645895396447841,0.0,0.0,0.0,0.0,0.0,1.112166963347932,2.84166632916193,1.00000000008072,0.0,1.1781175933964023,0.0,0.0,0.0,0.0,0.0,2.2410524707626744,824.9746819221486,153.77005765610247,302.7106577576344,49.86436423924916
5,290.0,61.88823113207539,0.95,0.0,0.05,0.0,0.0,0.0,0.0,0.0,298.77,82.83,0.9706463165645816,0.7471716905961052,74.77670776968583,61.88813113207539,754.3512501469446,205.37329149538903,0.9857453960866298,0.0,0.0142546039133701,0.0,0.0,0.0,0.0,0.0,0.9499992141037698,0.0,0.0500007858962302,0.0,0.0,0.0,0.0,0.0,1.124684305875058,2.8008461684649664,1.0000000000153226,0.0,1.169605350099539,0.0,0.0,0.0,0.0,0.0,1.4167983026644004,773.2637021553837,185.44864903964933,302.7106577576344,56.27641671412855
5,290.0,63.320272980698775,0.95,0.0,0.05,0.0,0.0,0.0,0.0,0.0,298.77,82.83,0.9706463165645816,0.7644606179005043,74.77670776968583,61.88813113207539,749.2275896048975,210.80160576732857,0.982004623101136,0.0,0.0179953768988638,0.0,0.0,0.0,0.0,0.0,0.9389790386172316,0.0,0.0610209613827683,0.0,0.0,0.0,0.0,0.0,1.0538539000145384,2.876035966055582,1.0000000000185263,0.0,1.1621134177390668,0.0,0.0,0.0,0.0,0.0,1.4167983026644004,773.2637021553837,185.44864903964933,302.7106577576344,56.27641671412855
5,290.0,64.75231482932216,0.95,0.0,0.05,0.0,0.0,0.0,0.0,0.0,298.77,82.83,0.9706463165645816,0.7817495452049036,74.77670776968583,61.88813113207539,743.9659819418714,216.38923553154305,0.9782161090710788,0.0,0.0217838909289211,0.0,0.0,0.0,0.0,0.0,0.928596248871948,0.0,0.0714037511280517,0.0,0.0,0.0,0.0,0.0,0.984578007433586,2.956321197851219,1.0000000000078133,0.0,1.1546738367091185,0.0,0.0,0.0,0.0,0.0,1.4167983026644004,773.2637021553837,185.44864903964933,302.7106577576344,56.27641671412855
5,290.0,66.18435667794553,0.95,0.0,0.05,0.0,0.0,0.0,0.0,0.0,298.77,82.83,0.9706463165645816,0.7990384725093026,74.77670776968583,61.88813113207539,738.5560505156218,222.1480241648813,0.974376348684296,0.0,0.0256236513157039,0.0,0.0,0.0,0.0,0.0,0.9188216080729908,0.0,0.0811783919270091,0.0,0.0,0.0,0.0,0.0,0.9168884333288668,3.042315041368897,1.0000000000000486,0.0,1.147283971640812,0.0,0.0,0.0,0.0,0.0,1.4167983026644004,773.2637021553837,185.44864903964933,302.7106577576344,56.27641671412855
5,290.0,67.61639852656891,0.95,0.0,0.05,0.0,0.0,0.0,0.0,0.0,298.77,82.83,0.9706463165645816,0.8163273998137017,74.77670776968583,61.88813113207539,732.9861332367842,228.09126120531928,0.9704814160511236,0.0,0.0295185839488763,0.0,0.0,0.0,0.0,0.0,0.9096290508050217,0.0,0.0903709491949783,0.0,0.0,0.0,0.0,0.0,0.8508166913480476,3.134746806965752,1.000000000000081,0.0,1.1399412461475142,0.0,0.0,0.0,0.0,0.0,1.4167983026644004,773.2637021553837,185.44864903964933,302.7106577576344,56.27641671412855
5,290.0,69.0484403751923,0.95,0.0,0.05,0.0,0.0,0.0,0.0,0.0,298.77,82.83,0.9706463165645816,0.833616327118101,74.77670776968583,61.88813113207539,727.2430119190709,234.2339318223209,0.9665268765211816,0.0,0.0334731234788182,0.0,0.0,0.0,0.0,0.0,0.900995503120392,0.0,0.0990044968796079,0.0,0.0,0.0,0.0,0.0,0.7863986813486596,3.234461602205016,1.0000000000001277,0.0,1.132641818839111,0.0,0.0,0.0,0.0,0.0,1.4167983026644004,773.2637021553837,185.44864903964933,302.7106577576344,56.27641671412855
5,290.0,70.48048222381568,0.95,0.0,0.05,0.0,0.0,0.0,0.0,0.0,298.77,82.83,0.9706463165645816,0.8509052544225001,74.77670776968583,61.88813113207539,721.3116334111771,240.59303489585207,0.9625076980886784,0.0,0.0374923019113215,0.0,0.0,0.0,0.0,0.0,0.8929007610237422,0.0,0.1070992389762577,0.0,0.0,0.0,0.0,0.0,0.7236693812259753,3.342489808449125,1.0000000000001636,0.0,1.1253842885876515,0.0,0.0,0.0,0.0,0.0,1.4167983026644004,773.2637021553837,185.44864903964933,302.7106577576344,56.27641671412855
5,290.0,71.91252407243906,0.95,0.0,0.05,0.0,0.0,0.0,0.0,0.0,298.77,82.83,0.9706463165645816,0.8681941817268991,74.77670776968583,61.88813113207539,715.17474726195,247.18796789185004,0.9584181357180318,0.0,0.0415818642819682,0.0,0.0,0.0,0.0,0.0,0.8853274051080106,0.0,0.1146725948919894,0.0,0.0,0.0,0.0,0.0,0.6626796719645464,3.4600668017506733,1.0000000000001252,0.0,1.1181647229203084,0.0,0.0,0.0,0.0,0.0,1.4167983026644004,773.2637021553837,185.44864903964933,302.7106577576344,56.27641671412855
5,290.0,73.34456592106244,0.95,0.0,0.05,0.0,0.0,0.0,0.0,0.0,298.77,82.83,0.9706463165645816,0.8854831090312983,74.77670776968583,61.88813113207539,708.8123917919678,254.0410525822288,0.954251566954718,0.0,0.0457484330452818,0.0,0.0,0.0,0.0,0.0,0.8782608064741484,0.0,0.1217391935258516,0.0,0.0,0.0,0.0,0.0,0.6034745186252082,3.588709921524685,1.0000000000002318,0.0,1.1109801438914555,0.0,0.0,0.0,0.0,0.0,1.4167983026644004,773.2637021553837,185.44864903964933,302.7106577576344,56.27641671412855
5,290.0,74.77660776968582,0.95,0.0,0.05,0.0,0.0,0.0,0.0,0.0,298.77,82.83,0.9706463165645816,0.9027720363356976,74.77670776968583,61.88813113207539,702.2012761319802,261.17816494868885,0.9500002963260676,0.0,0.0499997036739324,0.0,0.0,0.0,0.0,0.0,0.8716891531708474,0.0,0.1283108468291526,0.0,0.0,0.0,0.0,0.0,0.5461072346183994,3.730282416489456,1.000000000232564,0.0,1.1038268485569307,0.0,0.0,0.0,0.0,0.0,1.4167983026644004,773.2637021553837,185.44864903964933,302.7106577576344,56.27641671412855
6,200.0,2.599654102746644,0.95,0.0,0.0,0.0,0.0,0.0,0.0,0.05,304.23,76.01,0.657397363836571,0.0342014748420818,2.606366123918593,2.599554102746644,1197.45033781431,7.099534053968394,0.9365067339623429,0.0,0.0,0.0,0.0,0.0,0.0,0.0634932660376572,0.9501274641062358,0.0,0.0,0.0,0.0,0.0,0.0,0.0498725358937642,22.4012270741532,0.6825758279820413,1.000000008110361,0.0,0.0,0.0,0.0,0.0,0.0,1.0003909030180151,22.53960113748808,1221.920496490378,7.249541730897533,302.7106577576344,2.6239816647333654
6,200.0,2.600388771765749,0.95,0.0,0.0,0.0,0.0,0.0,0.0,0.05,304.23,76.01,0.657397363836571,0.0342111402679351,2.606366123918593,2.599554102746644,1197.97882777401,7.103139455934678,0.937920165115905,0.0,0.0,0.0,0.0,0.0,0.0,0.0620798348840949,0.951072700866182,0.0,0.0,0.0,0.0,0.0,0.0,0.0489272991338179,22.40293016930865,0.6825950787528043,1.0000000081414124,0.0,0.0,0.0,0.0,0.0,0.0,1.0004068436410078,22.53960113748808,1221.920496490378,7.249541730897533,302.7106577576344,2.6239816647333654
6,200.0,2.6011234407848547,0.95,0.0,0.0,0.0,0.0,0.0,0.0,0.05,304.23,76.01,0.657397363836571,0.0342208056937883,2.606366123918593,2.599554102746644,1198.5132555774496,7.106771403692795,0.9393475029655176,0.0,0.0,0.0,0.0,0.0,0.0,0.0606524970344825,0.9520338883692456,0.0,0.0,0.0,0.0,0.0,0.0,0.0479661116307545,22.4047090008912,0.6826136240764457,1.0000000081708182,0.0,0.0,0.0,0.0,0.0,0.0,1.000423054905084,22.53960113748808,1221.920496490378,7.249541730897533,302.7106577576344,2.6239816647333654
6,200.0,2.60185810980396,0.95,0.0,0.0,0.0,0.0,0.0,0.0,0.05,304.23,76.01,0.657397363836571,0.0342304711196416,2.606366123918593,2.599554102746644,1199.0538860741335,7.11043102602443,0.9407893931977092,0.0,0.0,0.0,0.0,0.0,0.0,0.0592106068022909,0.953011714408256,0.0,0.0,0.0,0.0,0.0,0.0,0.0469882855917438,22.40656644824644,0.6826314362143671,1.00000000819859,0.0,0.0,0.0,0.0,0.0,0.0,1.0004476526590254,22.53960113748808,1221.920496490378,7.249541730897533,302.7106577576344,2.6239816647333654
6,200.0,2.6025927788230656,0.95,0.0,0.0,0.0,0.0,0.0,0.0,0.05,304.23,76.01,0.657397363836571,0.0342401365454948,2.606366123918593,2.599554102746644,1199.6009929277811,7.114119534324592,0.9422465005943872,0.0,0.0,0.0,0.0,0.0,0.0,0.0577534994056129,0.95400691729652,0.0,0.0,0.0,0.0,0.0,0.0,0.0459930827034798,22.408505603782917,0.6826484854618251,1.0000000082246403,0.0,0.0,0.0,0.0,0.0,0.0,1.0004939259067454,22.53960113748808,1221.920496490378,7.249541730897533,302.7106577576344,2.6239816647333654
6,200.0,2.603327447842171,0.95,0.0,0.0,0.0,0.0,0.0,0.0,0.05,304.23,76.01,0.657397363836571,0.0342498019713481,2.606366123918593,2.599554102746644,1200.154876782262,7.117838231144823,0.9437195570751492,0.0,0.0,0.0,0.0,0.0,0.0,0.0562804429248507,0.95502029109829,0.0,0.0,0.0,0.0,0.0,0.0,0.0449797089017102,22.410529788834275,0.6826647399729587,1.0000000082489058,0.0,0.0,0.0,0.0,0.0,0.0,1.0005412400856046,22.53960113748808,1221.920496490378,7.249541730897533,302.7106577576344,2.6239816647333654
6,200.0,2.6040621168612765,0.95,0.0,0.0,0.0,0.0,0.0,0.0,0.05,304.23,76.01,0.657397363836571,0.0342594673972013,2.606366123918593,2.599554102746644,1200.715866143314,7.121588520085967,0.9452093634345466,0.0,0.0,0.0,0.0,0.0,0.0,0.0547906365654534,0.9560526916859972,0.0,0.0,0.0,0.0,0.0,0.0,0.0439473083140026,22.41264257777793,0.6826801655246052,1.0000000082713598,0.0,0.0,0.0,0.0,0.0,0.0,1.0005895224062875,22.53960113748808,1221.920496490378,7.249541730897533,302.7106577576344,2.6239816647333654
6,200.0,2.604796785880382,0.95,0.0,0.0,0.0,0.0,0.0,0.0,0.05,304.23,76.01,0.657397363836571,0.0342691328230546,2.606366123918593,2.599554102746644,1201.2843039916224,7.125371917266506,0.9467167532224624,0.0,0.0,0.0,0.0,0.0,0.0,0.0532832467775375,0.9571050437705896,0.0,0.0,0.0,0.0,0.0,0.0,0.0428949562294105,22.41484783163849,0.6826947252204484,1.0000000082919112,0.0,0.0,0.0,0.0,0.0,0.0,1.0006387033485389,22.53960113748808,1221.920496490378,7.249541730897533,302.7106577576344,2.6239816647333654
6,200.0,2.6055314548994875,0.95,0.0,0.0,0.0,0.0,0.0,0.0,0.05,304.23,76.01,0.657397363836571,0.0342787982489078,2.606366123918593,2.599554102746644,1201.8605722943223,7.129190064260302,0.9482426572163632,0.0,0.0,0.0,0.0,0.0,0.0,0.0517573427836368,0.9581783488371876,0.0,0.0,0.0,0.0,0.0,0.0,0.0418216511628124,22.41714972837724,0.682708379236886,1.0000000083104528,0.0,0.0,0.0,0.0,0.0,0.0,1.0006887183963895,22.53960113748808,1221.920496490378,7.249541730897533,302.7106577576344,2.6239816647333654
6,200.0,2.606266123918593,0.95,0.0,0.0,0.0,0.0,0.0,0.0,0.05,304.23,76.01,0.657397363836571,0.0342884636747611,2.606366123918593,2.599554102746644,1202.4450852571235,7.13304474311244,0.9497880846922248,0.0,0.0,0.0,0.0,0.0,0.0,0.0502119153077752,0.9592736943139264,0.0,0.0,0.0,0.0,0.0,0.0,0.0407263056860735,22.419552796699392,0.6827210844393796,1.0000000083333722,0.0,0.0,0.0,0.0,0.0,0.0,1.0007397145273342,22.53960113748808,1221.920496490378,7.249541730897533,302.7106577576344,2.6239816647333654
6,205.0,3.3182534938790176,0.95,0.0,0.0,0.0,0.0,0.0,0.0,0.05,304.23,76.01,0.6738322979324852,0.0436554860397186,3.328531319289431,3.3181534938790174,1181.8700804037187,8.919367946683991,0.9352131109025872,0.0,0.0,0.0,0.0,0.0,0.0,0.0647868890974128,0.95009059465028,0.0,0.0,0.0,0.0,0.0,0.0,0.04990940534972,21.054159883421,0.7100144008438335,1.0,0.0,0.0,0.0,0.0,0.0,0.0,1.0000001032647503,21.15779579629945,1206.2779501886548,9.12387059747945,302.7106577576344,3.35468958110042
6,205.0,3.319384363369064,0.95,0.0,0.0,0.0,0.0,0.0,0.0,0.05,304.23,76.01,0.6738322979324852,0.0436703639438108,3.328531319289431,3.3181534938790174,1182.440610704883,8.92463930720106,0.9367759382572376,0.0,0.0,0.0,0.0,0.0,0.0,0.0632240617427624,0.951124039486504,0.0,0.0,0.0,0.0,0.0,0.0,0.0488759605134958,21.055222977134477,0.7100445612467396,1.0,0.0,0.0,0.0,0.0,0.0,0.0,1.0000001165771122,21.15779579629945,1206.2779501886548,9.12387059747945,302.7106577576344,3.35468958110042
6,205.0,3.320515232859109,0.95,0.0,0.0,0.0,0.0,0.0,0.0,0.05,304.23,76.01,0.6738322979324852,0.043685241847903,3.328531319289431,3.3181534938790174,1183.0172284262087,8.929946260308325,0.9383529777925562,0.0,0.0,0.0,0.0,0.0,0.0,0.0616470222074437,0.9521743687115862,0.0,0.0,0.0,0.0,0.0,0.0,0.0478256312884136,21.056362647522047,0.7100739235430474,1.0,0.0,0.0,0.0,0.0,0.0,0.0,1.0000001517808188,21.15779579629945,1206.2779501886548,9.12387059747945,302.7106577576344,3.35468958110042
6,205.0,3.3216461023491552,0.95,0.0,0.0,0.0,0.0,0.0,0.0,0.05,304.23,76.01,0.6738322979324852,0.0437001197519952,3.328531319289431,3.3181534938790174,1183.6001893027508,8.935290251253393,0.9399448573328408,0.0,0.0,0.0,0.0,0.0,0.0,0.0600551426671591,0.95324228006961,0.0,0.0,0.0,0.0,0.0,0.0,0.04675771993039,21.057581584916097,0.7101024576927607,1.0,0.0,0.0,0.0,0.0,0.0,0.0,1.0000002033166362,21.15779579629945,1206.2779501886548,9.12387059747945,302.7106577576344,3.35468958110042
6,205.0,3.3227769718392013,0.95,0.0,0.0,0.0,0.0,0.0,0.0,0.05,304.23,76.01,0.6738322979324852,0.0437149976560873,3.328531319289431,3.3181534938790174,1184.1897701914977,8.940672826075081,0.9415522574635088,0.0,0.0,0.0,0.0,0.0,0.0,0.0584477425364912,0.954328520176163,0.0,0.0,0.0,0.0,0.0,0.0,0.045671479823837,21.05888266436419,0.7101301316718633,1.0,0.0,0.0,0.0,0.0,0.0,0.0,1.0000002548617757,21.15779579629945,1206.2779501886548,9.12387059747945,302.7106577576344,3.35468958110042
6,205.0,3.323907841329247,0.95,0.0,0.0,0.0,0.0,0.0,0.0,0.05,304.23,76.01,0.6738322979324852,0.0437298755601795,3.328531319289431,3.3181534938790174,1184.7862554470655,8.946095641753013,0.943175873925911,0.0,0.0,0.0,0.0,0.0,0.0,0.0568241260740891,0.9554338894494264,0.0,0.0,0.0,0.0,0.0,0.0,0.0445661105505735,21.060268964875856,0.7101569112491447,1.0,0.0,0.0,0.0,0.0,0.0,0.0,1.0000003061232017,21.15779579629945,1206.2779501886548,9.12387059747945,302.7106577576344,3.35468958110042
6,205.0,3.325038710819293,0.95,0.0,0.0,0.0,0.0,0.0,0.0,0.05,304.23,76.01,0.6738322979324852,0.0437447534642717,3.328531319289431,3.3181534938790174,1185.389965821404,8.951560477728933,0.944816495863704,0.0,0.0,0.0,0.0,0.0,0.0,0.055183504136296,0.956559247701122,0.0,0.0,0.0,0.0,0.0,0.0,0.0434407522988779,21.06174379107689,0.7101827598124885,1.0,0.0,0.0,0.0,0.0,0.0,0.0,1.0000004475655198,21.15779579629945,1206.2779501886548,9.12387059747945,302.7106577576344,3.35468958110042
6,205.0,3.326169580309339,0.95,0.0,0.0,0.0,0.0,0.0,0.0,0.05,304.23,76.01,0.6738322979324852,0.0437596313683638,3.328531319289431,3.3181534938790174,1186.0012343633366,8.957069248772587,0.9464749395640124,0.0,0.0,0.0,0.0,0.0,0.0,0.0535250604359874,0.9577055204294233,0.0,0.0,0.0,0.0,0.0,0.0,0.0422944795705768,21.063310695835767,0.710207638064351,1.0,0.0,0.0,0.0,0.0,0.0,0.0,1.0000006480038333,21.15779579629945,1206.2779501886548,9.12387059747945,302.7106577576344,3.35468958110042
6,205.0,3.327300449799385,0.95,0.0,0.0,0.0,0.0,0.0,0.0,0.05,304.23,76.01,0.6738322979324852,0.043774509272456,3.328531319289431,3.3181534938790174,1186.620430973927,8.962624020276367,0.9481521145469602,0.0,0.0,0.0,0.0,0.0,0.0,0.0518478854530396,0.958873706150414,0.0,0.0,0.0,0.0,0.0,0.0,0.0411262938495859,21.06497350868313,0.7102315037762033,1.0,0.0,0.0,0.0,0.0,0.0,0.0,1.00000085787341,21.15779579629945,1206.2779501886548,9.12387059747945,302.7106577576344,3.35468958110042
6,205.0,3.3284313192894306,0.95,0.0,0.0,0.0,0.0,0.0,0.0,0.05,304.23,76.01,0.6738322979324852,0.0437893871765482,3.328531319289431,3.3181534938790174,1187.2479441018704,8.968227024741475,0.949848973135898,0.0,0.0,0.0,0.0,0.0,0.0,0.050151026864102,0.960064884555735,0.0,0.0,0.0,0.0,0.0,0.0,0.0399351154442649,21.066736365053767,0.7102543114119513,1.0,0.0,0.0,0.0,0.0,0.0,0.0,1.0000016505305604,21.15779579629945,1206.2779501886548,9.12387059747945,302.7106577576344,3.35468958110042
6,210.0,4.181284980346829,0.95,0.0,0.0,0.0,0.0,0.0,0.0,0.05,304.23,76.01,0.6902672320283996,0.0550096695217317,4.196221297202333,4.1811849803468295,1166.067796327481,11.082237594322525,0.934162267296418,0.0,0.0,0.0,0.0,0.0,0.0,0.065837732703582,0.950066514579094,0.0,0.0,0.0,0.0,0.0,0.0,0.049933485420906,19.72342121058284,0.7394753839131127,1.0,0.0,0.0,0.0,0.0,0.0,0.0,1.000000000062353,19.793904820789816,1190.2941504876192,11.354703713715036,302.7106577576344,4.233266563955471
6,210.0,4.182933459997441,0.95,0.0,0.0,0.0,0.0,0.0,0.0,0.05,304.23,76.01,0.6902672320283996,0.0550313571898097,4.196221297202333,4.1811849803468295,1166.6676357992776,11.089628905582314,0.935846701158695,0.0,0.0,0.0,0.0,0.0,0.0,0.064153298841305,0.951171965719986,0.0,0.0,0.0,0.0,0.0,0.0,0.048828034280014,19.72375977084418,0.7395176517118053,1.0,0.0,0.0,0.0,0.0,0.0,0.0,1.0000000000254785,19.793904820789816,1190.2941504876192,11.354703713715036,302.7106577576344,4.233266563955471
6,210.0,4.184581939648052,0.95,0.0,0.0,0.0,0.0,0.0,0.0,0.05,304.23,76.01,0.6902672320283996,0.0550530448578878,4.196221297202333,4.1811849803468295,1167.2735703467729,11.097066106279412,0.9375453184846144,0.0,0.0,0.0,0.0,0.0,0.0,0.0624546815153855,0.9522947826262902,0.0,0.0,0.0,0.0,0.0,0.0,0.0477052173737098,19.724173780613118,0.7395590471403637,1.0,0.0,0.0,0.0,0.0,0.0,0.0,1.0,19.793904820789816,1190.2941504876192,11.354703713715036,302.7106577576344,4.233266563955471
6,210.0,4.186230419298664,0.95,0.0,0.0,0.0,0.0,0.0,0.0,0.05,304.23,76.01,0.6902672320283996,0.0550747325259658,4.196221297202333,4.1811849803468295,1167.885845897487,11.10455096872684,0.9392587291337248,0.0,0.0,0.0,0.0,0.0,0.0,0.0607412708662751,0.9534356506286004,0.0,0.0,0.0,0.0,0.0,0.0,0.0465643493713995,19.724665671043294,0.7395995387691847,1.0,0.0,0.0,0.0,0.0,0.0,0.0,1.0,19.793904820789816,1190.2941504876192,11.354703713715036,302.7106577576344,4.233266563955471
6,210.0,4.187878898949276,0.95,0.0,0.0,0.0,0.0,0.0,0.0,0.05,304.23,76.01,0.6902672320283996,0.0550964201940438,4.196221297202333,4.1811849803468295,1168.5047215227623,11.1120853828747,0.9409875745324344,0.0,0.0,0.0,0.0,0.0,0.0,0.0590124254675655,0.9545953007756316,0.0,0.0,0.0,0.0,0.0,0.0,0.0454046992243684,19.72523803371021,0.7396390932193875,1.0,0.0,0.0,0.0,0.0,0.0,0.0,1.0,19.793904820789816,1190.2941504876192,11.354703713715036,302.7106577576344,4.233266563955471
6,210.0,4.189527378599887,0.95,0.0,0.0,0.0,0.0,0.0,0.0,0.05,304.23,76.01,0.6902672320283996,0.0551181078621219,4.196221297202333,4.1811849803468295,1169.1304773820195,11.119671367424536,0.9427325494222224,0.0,0.0,0.0,0.0,0.0,0.0,0.0572674505777775,0.9557745141617716,0.0,0.0,0.0,0.0,0.0,0.0,0.0442254858382284,19.725893632569477,0.7396776749738465,1.0,0.0,0.0,0.0,0.0,0.0,0.0,1.0,19.793904820789816,1190.2941504876192,11.354703713715036,302.7106577576344,4.233266563955471
6,210.0,4.1911758582504985,0.95,0.0,0.0,0.0,0.0,0.0,0.0,0.05,304.23,76.01,0.6902672320283996,0.0551397955301999,4.196221297202333,4.1811849803468295,1169.7634040874696,11.127311082570628,0.9444943716635652,0.0,0.0,0.0,0.0,0.0,0.0,0.0555056283364348,0.9569741268926394,0.0,0.0,0.0,0.0,0.0,0.0,0.0430258731073606,19.72663542399836,0.7397152461731281,1.0,0.0,0.0,0.0,0.0,0.0,0.0,1.0,19.793904820789816,1190.2941504876192,11.354703713715036,302.7106577576344,4.233266563955471
6,210.0,4.192824337901111,0.95,0.0,0.0,0.0,0.0,0.0,0.0,0.05,304.23,76.01,0.6902672320283996,0.0551614831982779,4.196221297202333,4.1811849803468295,1170.403819911548,11.135006844242897,0.946273829676029,0.0,0.0,0.0,0.0,0.0,0.0,0.053726170323971,0.9581950356366796,0.0,0.0,0.0,0.0,0.0,0.0,0.0418049643633204,19.727466575270658,0.7397517663890824,1.0,0.0,0.0,0.0,0.0,0.0,0.0,1.0,19.793904820789816,1190.2941504876192,11.354703713715036,302.7106577576344,4.233266563955471
6,210.0,4.194472817551722,0.95,0.0,0.0,0.0,0.0,0.0,0.0,0.05,304.23,76.01,0.6902672320283996,0.055183170866356,4.196221297202333,4.1811849803468295,1171.0520695608395,11.14276114027417,0.948071778240656,0.0,0.0,0.0,0.0,0.0,0.0,0.051928221759344,0.9594382039020588,0.0,0.0,0.0,0.0,0.0,0.0,0.0405617960979414,19.72839048324685,0.7397871923510486,1.0,0.0,0.0,0.0,0.0,0.0,0.0,1.0,19.793904820789816,1190.2941504876192,11.354703713715036,302.7106577576344,4.233266563955471
6,210.0,4.196121297202334,0.95,0.0,0.0,0.0,0.0,0.0,0.0,0.05,304.23,76.01,0.6902672320283996,0.055204858534434,4.196221297202333,4.1811849803468295,1171.7085156048895,11.150576648743508,0.9498891139939164,0.0,0.0,0.0,0.0,0.0,0.0,0.0501108860060836,0.9607046692488486,0.0,0.0,0.0,0.0,0.0,0.0,0.0392953307511515,19.729410804320747,0.7398214776533522,1.0,0.0,0.0,0.0,0.0,0.0,0.0,1.0,19.793904820789816,1190.2941504876192,11.354703713715036,302.7106577576344,4.233266563955471
6,215.0,5.2068711870732445,0.95,0.0,0.0,0.0,0.0,0.0,0.0,0.05,304.23,76.01,0.7067021661243138,0.0685024495076074,5.227697523949966,5.206771187073245,1149.9725259988256,13.633206210994036,0.9333301849198966,0.0,0.0,0.0,0.0,0.0,0.0,0.0666698150801034,0.950050153192508,0.0,0.0,0.0,0.0,0.0,0.0,0.0499498468074921,18.409129521799763,0.7711669543498096,1.0,0.0,0.0,0.0,0.0,0.0,0.0,1.0000000012020476,18.448205290897207,1173.908539729092,13.989350648063478,302.7106577576344,5.278346606766283
6,215.0,5.20917411339288,0.95,0.0,0.0,0.0,0.0,0.0,0.0,0.05,304.23,76.01,0.7067021661243138,0.0685327471831716,5.227697523949966,5.206771187073245,1150.590576880486,13.6432365070044,0.9351114679608262,0.0,0.0,0.0,0.0,0.0,0.0,0.0648885320391737,0.9512140487249706,0.0,0.0,0.0,0.0,0.0,0.0,0.0487859512750293,18.40870505647655,0.7712224642252352,1.0,0.0,0.0,0.0,0.0,0.0,0.0,1.0000000012053982,18.448205290897207,1173.908539729092,13.989350648063478,302.7106577576344,5.278346606766283
6,215.0,5.211477039712516,0.95,0.0,0.0,0.0,0.0,0.0,0.0,0.05,304.23,76.01,0.7067021661243138,0.0685630448587359,5.227697523949966,5.206771187073245,1151.2146388453896,13.653324228938114,0.936906698960562,0.0,0.0,0.0,0.0,0.0,0.0,0.063093301039438,0.9523954399924346,0.0,0.0,0.0,0.0,0.0,0.0,0.0476045600075654,18.408353549230835,0.7712770445648772,1.0,0.0,0.0,0.0,0.0,0.0,0.0,1.0000000012037753,18.448205290897207,1173.908539729092,13.989350648063478,302.7106577576344,5.278346606766283
6,215.0,5.213779966032152,0.95,0.0,0.0,0.0,0.0,0.0,0.0,0.05,304.23,76.01,0.7067021661243138,0.0685933425343001,5.227697523949966,5.206771187073245,1151.8449405727788,13.663471481272008,0.9387164499277424,0.0,0.0,0.0,0.0,0.0,0.0,0.0612835500722575,0.9535949851569936,0.0,0.0,0.0,0.0,0.0,0.0,0.0464050148430064,18.4080771485377,0.771330663297701,1.0,0.0,0.0,0.0,0.0,0.0,0.0,1.0000000011976828,18.448205290897207,1173.908539729092,13.989350648063478,302.7106577576344,5.278346606766283
6,215.0,5.216082892351787,0.95,0.0,0.0,0.0,0.0,0.0,0.0,0.05,304.23,76.01,0.7067021661243138,0.0686236402098643,5.227697523949966,5.206771187073245,1152.4817232209032,13.673680501007036,0.9405413233680228,0.0,0.0,0.0,0.0,0.0,0.0,0.0594586766319774,0.9548133840583584,0.0,0.0,0.0,0.0,0.0,0.0,0.0451866159416416,18.407878134806747,0.7713832864885134,1.0,0.0,0.0,0.0,0.0,0.0,0.0,1.0000000011878911,18.448205290897207,1173.908539729092,13.989350648063478,302.7106577576344,5.278346606766283
6,215.0,5.218385818671424,0.95,0.0,0.0,0.0,0.0,0.0,0.0,0.05,304.23,76.01,0.7067021661243138,0.0686539378854285,5.227697523949966,5.206771187073245,1153.1252435939411,13.683953669813269,0.9423819609329708,0.0,0.0,0.0,0.0,0.0,0.0,0.0576180390670293,0.9560513820455704,0.0,0.0,0.0,0.0,0.0,0.0,0.0439486179544295,18.407758935967056,0.7714348781831405,1.0,0.0,0.0,0.0,0.0,0.0,0.0,1.0000000011742496,18.448205290897207,1173.908539729092,13.989350648063478,302.7106577576344,5.278346606766283
6,215.0,5.220688744991059,0.95,0.0,0.0,0.0,0.0,0.0,0.0,0.05,304.23,76.01,0.7067021661243138,0.0686842355609927,5.227697523949966,5.206771187073245,1153.7757789912823,13.694293527262609,0.9442390567552292,0.0,0.0,0.0,0.0,0.0,0.0,0.0557609432447706,0.9573097741522388,0.0,0.0,0.0,0.0,0.0,0.0,0.0426902258477612,18.40772213670757,0.7714854002039033,1.0,0.0,0.0,0.0,0.0,0.0,0.0,1.0000000011570764,18.448205290897207,1173.908539729092,13.989350648063478,302.7106577576344,5.278346606766283
6,215.0,5.222991671310695,0.95,0.0,0.0,0.0,0.0,0.0,0.0,0.05,304.23,76.01,0.7067021661243138,0.0687145332365569,5.227697523949966,5.206771187073245,1154.4336148665816,13.704702786134613,0.9461133216465198,0.0,0.0,0.0,0.0,0.0,0.0,0.0538866783534802,0.9585894099025308,0.0,0.0,0.0,0.0,0.0,0.0,0.0414105900974693,18.407770496186533,0.7715348119691812,1.0,0.0,0.0,0.0,0.0,0.0,0.0,1.000000001136625,18.448205290897207,1173.908539729092,13.989350648063478,302.7106577576344,5.278346606766283
6,215.0,5.225294597630331,0.95,0.0,0.0,0.0,0.0,0.0,0.0,0.05,304.23,76.01,0.7067021661243138,0.0687448309121211,5.227697523949966,5.206771187073245,1155.099069545987,13.715184349159546,0.9480055530444648,0.0,0.0,0.0,0.0,0.0,0.0,0.0519944469555353,0.9598911986289288,0.0,0.0,0.0,0.0,0.0,0.0,0.0401088013710712,18.40790696385596,0.7715830702268819,1.0,0.0,0.0,0.0,0.0,0.0,0.0,1.0000000011131234,18.448205290897207,1173.908539729092,13.989350648063478,302.7106577576344,5.278346606766283
6,215.0,5.227597523949966,0.95,0.0,0.0,0.0,0.0,0.0,0.0,0.05,304.23,76.01,0.7067021661243138,0.0687751285876853,5.227697523949966,5.206771187073245,1155.7724749436327,13.725741328218731,0.9499165792738408,0.0,0.0,0.0,0.0,0.0,0.0,0.0500834207261591,0.961216115513508,0.0,0.0,0.0,0.0,0.0,0.0,0.038783884486492,18.408134697257708,0.7716301288127632,1.0,0.0,0.0,0.0,0.0,0.0,0.0,1.0000000010867915,18.448205290897207,1173.908539729092,13.989350648063478,302.7106577576344,5.278346606766283
6,220.0,6.41396499518521,0.95,0.0,0.0,0.0,0.0,0.0,0.0,0.05,304.23,76.01,0.723137100220228,0.0843831732033312,6.442036183009371,6.41386499518521,1133.5094460937048,16.622405875590776,0.9326967339383828,0.0,0.0,0.0,0.0,0.0,0.0,0.0673032660616171,0.9500386722682574,0.0,0.0,0.0,0.0,0.0,0.0,0.0499613277317425,17.111620586963312,0.8053557322328537,1.0,0.0,0.0,0.0,0.0,0.0,0.0,1.000000000277285,17.121140165384258,1157.0541060432145,17.08052563899556,302.7106577576344,6.509407158415541
6,220.0,6.41707290494345,0.95,0.0,0.0,0.0,0.0,0.0,0.0,0.05,304.23,76.01,0.723137100220228,0.0844240613727595,6.442036183009371,6.41386499518521,1134.1359165669696,16.63566223246342,0.9345525359489896,0.0,0.0,0.0,0.0,0.0,0.0,0.0654474640510103,0.9512493171099032,0.0,0.0,0.0,0.0,0.0,0.0,0.0487506828900967,17.11042927347391,0.8054264046835542,1.0,0.0,0.0,0.0,0.0,0.0,0.0,1.0000000003761196,17.121140165384258,1157.0541060432145,17.08052563899556,302.7106577576344,6.509407158415541
6,220.0,6.42018081470169,0.95,0.0,0.0,0.0,0.0,0.0,0.0,0.05,304.23,76.01,0.723137100220228,0.0844649495421877,6.442036183009371,6.41386499518521,1134.7682463674898,16.648988755535893,0.9364219026692948,0.0,0.0,0.0,0.0,0.0,0.0,0.0635780973307051,0.95247731081652,0.0,0.0,0.0,0.0,0.0,0.0,0.0475226891834801,17.10930747459137,0.80549609661985,1.0,0.0,0.0,0.0,0.0,0.0,0.0,1.0000000004516698,17.121140165384258,1157.0541060432145,17.08052563899556,302.7106577576344,6.509407158415541
6,220.0,6.423288724459931,0.95,0.0,0.0,0.0,0.0,0.0,0.0,0.05,304.23,76.01,0.723137100220228,0.0845058377116159,6.442036183009371,6.41386499518521,1135.4066453741043,16.662387880011167,0.9383053638601924,0.0,0.0,0.0,0.0,0.0,0.0,0.0616946361398077,0.953723274722282,0.0,0.0,0.0,0.0,0.0,0.0,0.046276725277718,17.108257055062374,0.8055647754980214,1.0,0.0,0.0,0.0,0.0,0.0,0.0,1.0000000005033534,17.121140165384258,1157.0541060432145,17.08052563899556,302.7106577576344,6.509407158415541
6,220.0,6.426396634218171,0.95,0.0,0.0,0.0,0.0,0.0,0.0,0.05,304.23,76.01,0.723137100220228,0.0845467258810442,6.442036183009371,6.41386499518521,1136.0513348381232,16.67586218657453,0.9402034775007028,0.0,0.0,0.0,0.0,0.0,0.0,0.0597965224992973,0.954987867505338,0.0,0.0,0.0,0.0,0.0,0.0,0.0450121324946621,17.107279988329104,0.8056324070020722,1.0,0.0,0.0,0.0,0.0,0.0,0.0,1.0000000005325804,17.121140165384258,1157.0541060432145,17.08052563899556,302.7106577576344,6.509407158415541
6,220.0,6.42950454397641,0.95,0.0,0.0,0.0,0.0,0.0,0.0,0.05,304.23,76.01,0.723137100220228,0.0845876140504724,6.442036183009371,6.41386499518521,1136.702549594151,16.689414413869603,0.9421168358825796,0.0,0.0,0.0,0.0,0.0,0.0,0.0578831641174203,0.9562717883991644,0.0,0.0,0.0,0.0,0.0,0.0,0.0437282116008355,17.106378366063662,0.8056989549004264,1.0,0.0,0.0,0.0,0.0,0.0,0.0,1.00000000054269,17.121140165384258,1157.0541060432145,17.08052563899556,302.7106577576344,6.509407158415541
6,220.0,6.4326124537346505,0.95,0.0,0.0,0.0,0.0,0.0,0.0,0.05,304.23,76.01,0.723137100220228,0.0846285022199006,6.442036183009371,6.41386499518521,1137.3605417821043,16.70304747242734,0.9440460760457844,0.0,0.0,0.0,0.0,0.0,0.0,0.0559539239542155,0.9575757807850528,0.0,0.0,0.0,0.0,0.0,0.0,0.0424242192149473,17.105554410308997,0.8057643808944427,1.0,0.0,0.0,0.0,0.0,0.0,0.0,1.0000000005366243,17.121140165384258,1157.0541060432145,17.08052563899556,302.7106577576344,6.509407158415541
6,220.0,6.435720363492891,0.95,0.0,0.0,0.0,0.0,0.0,0.0,0.05,304.23,76.01,0.723137100220228,0.0846693903893289,6.442036183009371,6.41386499518521,1138.0255743071148,16.71676446017577,0.9459918600426698,0.0,0.0,0.0,0.0,0.0,0.0,0.0540081399573303,0.9589006361602872,0.0,0.0,0.0,0.0,0.0,0.0,0.0410993638397129,17.104810482464952,0.8058286444073389,1.0,0.0,0.0,0.0,0.0,0.0,0.0,1.0000000005170422,17.121140165384258,1157.0541060432145,17.08052563899556,302.7106577576344,6.509407158415541
6,220.0,6.438828273251131,0.95,0.0,0.0,0.0,0.0,0.0,0.0,0.05,304.23,76.01,0.723137100220228,0.0847102785587571,6.442036183009371,6.41386499518521,1138.6979270347845,16.7305686795751,0.9479548926147736,0.0,0.0,0.0,0.0,0.0,0.0,0.0520451073852265,0.960247198593648,0.0,0.0,0.0,0.0,0.0,0.0,0.0397528014063519,17.104149097593165,0.805891702393403,1.0,0.0,0.0,0.0,0.0,0.0,0.0,1.0000000004865144,17.121140165384258,1157.0541060432145,17.08052563899556,302.7106577576344,6.509407158415541
6,220.0,6.441936183009371,0.95,0.0,0.0,0.0,0.0,0.0,0.0,0.05,304.23,76.01,0.723137100220228,0.0847511667281853,6.442036183009371,6.41386499518521,1139.377909542001,16.744463657327746,0.9499359577232588,0.0,0.0,0.0,0.0,0.0,0.0,0.0500640422767413,0.9616163697648916,0.0,0.0,0.0,0.0,0.0,0.0,0.0383836302351083,17.103572939463046,0.8059535091376467,1.0,0.0,0.0,0.0,0.0,0.0,0.0,1.0000000004477587,17.121140165384258,1157.0541060432145,17.08052563899556,302.7106577576344,6.509407158415541
6,225.0,7.822312176544327,0.95,0.0,0.0,0.0,0.0,0.0,0.0,0.05,304.23,76.01,0.7395720343161424,0.1029116192151601,7.85908552453503,7.822212176544327,1116.5976300809946,20.10619148851016,0.932244616154512,0.0,0.0,0.0,0.0,0.0,0.0,0.0677553838454879,0.9500303955928664,0.0,0.0,0.0,0.0,0.0,0.0,0.0499696044071337,15.831439733270454,0.8424215147314094,1.0,0.0,0.0,0.0,0.0,0.0,0.0,1.0,15.813326197117547,1139.6555629264626,20.687604017864448,302.7106577576344,7.946729358776584
6,225.0,7.826386992987738,0.95,0.0,0.0,0.0,0.0,0.0,0.0,0.05,304.23,76.01,0.7395720343161424,0.102965228167185,7.85908552453503,7.822212176544327,1117.2238013411602,20.123333163423315,0.934154621160506,0.0,0.0,0.0,0.0,0.0,0.0,0.065845378839494,0.9512774679093486,0.0,0.0,0.0,0.0,0.0,0.0,0.0487225320906513,15.829504238119029,0.842510073332975,1.0,0.0,0.0,0.0,0.0,0.0,0.0,1.0,15.813326197117547,1139.6555629264626,20.687604017864448,302.7106577576344,7.946729358776584
6,225.0,7.83046180943115,0.95,0.0,0.0,0.0,0.0,0.0,0.0,0.05,304.23,76.01,0.7395720343161424,0.1030188371192099,7.85908552453503,7.822212176544327,1117.8556307507715,20.14055889326704,0.9360777057212616,0.0,0.0,0.0,0.0,0.0,0.0,0.0639222942787383,0.9525415225370109,0.0,0.0,0.0,0.0,0.0,0.0,0.0474584774629893,15.827634151659408,0.8425976041061958,1.0,0.0,0.0,0.0,0.0,0.0,0.0,1.0,15.813326197117547,1139.6555629264626,20.687604017864448,302.7106577576344,7.946729358776584
6,225.0,7.834536625874561,0.95,0.0,0.0,0.0,0.0,0.0,0.0,0.05,304.23,76.01,0.7395720343161424,0.1030724460712348,7.85908552453503,7.822212176544327,1118.4933088547605,20.157871435498222,0.9380143553510968,0.0,0.0,0.0,0.0,0.0,0.0,0.0619856446489031,0.953823137896914,0.0,0.0,0.0,0.0,0.0,0.0,0.0461768621030858,15.82583106751246,0.8426840744347543,1.0,0.0,0.0,0.0,0.0,0.0,0.0,1.0,15.813326197117547,1139.6555629264626,20.687604017864448,302.7106577576344,7.946729358776584
6,225.0,7.838611442317973,0.95,0.0,0.0,0.0,0.0,0.0,0.0,0.05,304.23,76.01,0.7395720343161424,0.1031260550232597,7.85908552453503,7.822212176544327,1119.137036275276,20.17527370370038,0.9399650809225262,0.0,0.0,0.0,0.0,0.0,0.0,0.0600349190774738,0.955122925368183,0.0,0.0,0.0,0.0,0.0,0.0,0.0448770746318169,15.824096667384886,0.8427694500468341,1.0,0.0,0.0,0.0,0.0,0.0,0.0,1.0,15.813326197117547,1139.6555629264626,20.687604017864448,302.7106577576344,7.946729358776584
6,225.0,7.842686258761384,0.95,0.0,0.0,0.0,0.0,0.0,0.0,0.05,304.23,76.01,0.7395720343161424,0.1031796639752846,7.85908552453503,7.822212176544327,1119.787025295914,20.19276878026009,0.941930423074341,0.0,0.0,0.0,0.0,0.0,0.0,0.0580695769256589,0.956441531971702,0.0,0.0,0.0,0.0,0.0,0.0,0.0435584680282979,15.822432728369336,0.8428536948854102,1.0,0.0,0.0,0.0,0.0,0.0,0.0,1.0,15.813326197117547,1139.6555629264626,20.687604017864448,302.7106577576344,7.946729358776584
6,225.0,7.846761075204796,0.95,0.0,0.0,0.0,0.0,0.0,0.0,0.05,304.23,76.01,0.7395720343161424,0.1032332729273095,7.85908552453503,7.822212176544327,1120.443502654963,20.210359930405662,0.9439109601972068,0.0,0.0,0.0,0.0,0.0,0.0,0.0560890398027931,0.957779643343922,0.0,0.0,0.0,0.0,0.0,0.0,0.0422203566560779,15.820841131253028,0.842936770966864,1.0,0.0,0.0,0.0,0.0,0.0,0.0,1.0,15.813326197117547,1139.6555629264626,20.687604017864448,302.7106577576344,7.946729358776584
6,225.0,7.850835891648207,0.95,0.0,0.0,0.0,0.0,0.0,0.0,0.05,304.23,76.01,0.7395720343161424,0.1032868818793343,7.85908552453503,7.822212176544327,1121.1067049928745,20.228050617792693,0.9459072941788434,0.0,0.0,0.0,0.0,0.0,0.0,0.0540927058211565,0.959137987031258,0.0,0.0,0.0,0.0,0.0,0.0,0.0408620129687419,15.81932386904645,0.8430186382147518,1.0,0.0,0.0,0.0,0.0,0.0,0.0,1.0,15.813326197117547,1139.6555629264626,20.687604017864448,302.7106577576344,7.946729358776584
6,225.0,7.854910708091618,0.95,0.0,0.0,0.0,0.0,0.0,0.0,0.05,304.23,76.01,0.7395720343161424,0.1033404908313592,7.85908552453503,7.822212176544327,1121.77688311446,20.24584452158877,0.947920062807991,0.0,0.0,0.0,0.0,0.0,0.0,0.052079937192009,0.9605173361298968,0.0,0.0,0.0,0.0,0.0,0.0,0.0394826638701032,15.817883055846275,0.8430992542792267,1.0,0.0,0.0,0.0,0.0,0.0,0.0,1.0,15.813326197117547,1139.6555629264626,20.687604017864448,302.7106577576344,7.946729358776584
6,225.0,7.85898552453503,0.95,0.0,0.0,0.0,0.0,0.0,0.0,0.05,304.23,76.01,0.7395720343161424,0.1033940997833841,7.85908552453503,7.822212176544327,1122.4543116726948,20.263745555992287,0.949949968243326,0.0,0.0,0.0,0.0,0.0,0.0,0.0500500317566741,0.9619185133952128,0.0,0.0,0.0,0.0,0.0,0.0,0.038081486604787,15.816520938417376,0.8431785743507497,1.0,0.0,0.0,0.0,0.0,0.0,0.0,1.0,15.813326197117547,1139.6555629264626,20.687604017864448,302.7106577576344,7.946729358776584
6,230.0,9.45242910439246,0.95,0.0,0.0,0.0,0.0,0.0,0.0,0.05,304.23,76.01,0.7560069684120566,0.1243577043072288,9.499438230882436,9.452329104392462,1099.1475895147544,24.14867805549814,0.931958864821833,0.0,0.0,0.0,0.0,0.0,0.0,0.0680411351781671,0.950024289586032,0.0,0.0,0.0,0.0,0.0,0.0,0.0499757104139679,14.569343205263408,0.88283220972326,1.0,0.0,0.0,0.0,0.0,0.0,0.0,1.0,14.52556748614066,1121.6270137216943,24.87830228106012,302.7106577576344,9.61137473881863
6,230.0,9.457641229558014,0.95,0.0,0.0,0.0,0.0,0.0,0.0,0.05,304.23,76.01,0.7560069684120566,0.1244262758789371,9.499438230882436,9.452329104392462,1099.7656371980545,24.17044227644735,0.9339044645873116,0.0,0.0,0.0,0.0,0.0,0.0,0.0660955354126884,0.951298495821276,0.0,0.0,0.0,0.0,0.0,0.0,0.048701504178724,14.566706532055472,0.882941083131449,1.0,0.0,0.0,0.0,0.0,0.0,0.0,1.0,14.52556748614066,1121.6270137216943,24.87830228106012,302.7106577576344,9.61137473881863
6,230.0,9.462853354723569,0.95,0.0,0.0,0.0,0.0,0.0,0.0,0.05,304.23,76.01,0.7560069684120566,0.1244948474506455,9.499438230882436,9.452329104392462,1100.3891094889002,24.192305520086844,0.9358626019686084,0.0,0.0,0.0,0.0,0.0,0.0,0.0641373980313916,0.9525891428372693,0.0,0.0,0.0,0.0,0.0,0.0,0.0474108571627308,14.564130724411813,0.8830488955802984,1.0,0.0,0.0,0.0,0.0,0.0,0.0,1.0,14.52556748614066,1121.6270137216943,24.87830228106012,302.7106577576344,9.61137473881863
6,230.0,9.46806547988912,0.95,0.0,0.0,0.0,0.0,0.0,0.0,0.05,304.23,76.01,0.7560069684120566,0.1245634190223538,9.499438230882436,9.452329104392462,1101.0181703721462,24.21427085030547,0.9378336946513928,0.0,0.0,0.0,0.0,0.0,0.0,0.0621663053486071,0.953896762600903,0.0,0.0,0.0,0.0,0.0,0.0,0.0461032373990971,14.561617125474486,0.883155614984782,1.0,0.0,0.0,0.0,0.0,0.0,0.0,1.0,14.52556748614066,1121.6270137216943,24.87830228106012,302.7106577576344,9.61137473881863
6,230.0,9.473277605054673,0.95,0.0,0.0,0.0,0.0,0.0,0.0,0.05,304.23,76.01,0.7560069684120566,0.1246319905940622,9.499438230882436,9.452329104392462,1101.6530023939888,24.23634149524686,0.9398182135589664,0.0,0.0,0.0,0.0,0.0,0.0,0.0601817864410337,0.9552219157816718,0.0,0.0,0.0,0.0,0.0,0.0,0.0447780842183282,14.55916714827619,0.8832612077234842,1.0,0.0,0.0,0.0,0.0,0.0,0.0,1.0,14.52556748614066,1121.6270137216943,24.87830228106012,302.7106577576344,9.61137473881863
6,230.0,9.478489730220224,0.95,0.0,0.0,0.0,0.0,0.0,0.0,0.05,304.23,76.01,0.7560069684120566,0.1247005621657706,9.499438230882436,9.452329104392462,1102.2937955452996,24.25852085993645,0.9418166474293044,0.0,0.0,0.0,0.0,0.0,0.0,0.0581833525706956,0.9565651939654318,0.0,0.0,0.0,0.0,0.0,0.0,0.0434348060345681,14.556782281474424,0.8833656385432193,1.0,0.0,0.0,0.0,0.0,0.0,0.0,1.0,14.52556748614066,1121.6270137216943,24.87830228106012,302.7106577576344,9.61137473881863
6,230.0,9.483701855385778,0.95,0.0,0.0,0.0,0.0,0.0,0.0,0.05,304.23,76.01,0.7560069684120566,0.1247691337374789,9.499438230882436,9.452329104392462,1102.940754124496,24.28081254021761,0.9438295238687144,0.0,0.0,0.0,0.0,0.0,0.0,0.0561704761312855,0.9579272220963024,0.0,0.0,0.0,0.0,0.0,0.0,0.0420727779036976,14.554464095976517,0.8834688704298813,1.0,0.0,0.0,0.0,0.0,0.0,0.0,1.0,14.52556748614066,1121.6270137216943,24.87830228106012,302.7106577576344,9.61137473881863
6,230.0,9.488913980551333,0.95,0.0,0.0,0.0,0.0,0.0,0.0,0.05,304.23,76.01,0.7560069684120566,0.1248377053091873,9.499438230882436,9.452329104392462,1103.5940819872822,24.303220337867547,0.9458573629518076,0.0,0.0,0.0,0.0,0.0,0.0,0.0541426370481925,0.9593086611358363,0.0,0.0,0.0,0.0,0.0,0.0,0.0406913388641636,14.55221424994961,0.8835708644836842,1.0,0.0,0.0,0.0,0.0,0.0,0.0,1.0,14.52556748614066,1121.6270137216943,24.87830228106012,302.7106577576344,9.61137473881863
6,230.0,9.494126105716884,0.95,0.0,0.0,0.0,0.0,0.0,0.0,0.05,304.23,76.01,0.7560069684120566,0.1249062768808957,9.499438230882436,9.452329104392462,1104.254008691805,24.32574827779633,0.9479007582100676,0.0,0.0,0.0,0.0,0.0,0.0,0.0520992417899324,0.960710211056798,0.0,0.0,0.0,0.0,0.0,0.0,0.0392897889432021,14.55003449717973,0.8836715797399685,1.0,0.0,0.0,0.0,0.0,0.0,0.0,1.0,14.52556748614066,1121.6270137216943,24.87830228106012,302.7106577576344,9.61137473881863
6,230.0,9.499338230882437,0.95,0.0,0.0,0.0,0.0,0.0,0.0,0.05,304.23,76.01,0.7560069684120566,0.124974848452604,9.499438230882436,9.452329104392462,1104.9207735845253,24.34840062646518,0.9499603264121872,0.0,0.0,0.0,0.0,0.0,0.0,0.0500396735878126,0.9621326141046176,0.0,0.0,0.0,0.0,0.0,0.0,0.0378673858953823,14.54792669426712,0.8837709730189517,1.0,0.0,0.0,0.0,0.0,0.0,0.0,1.0,14.52556748614066,1121.6270137216943,24.87830228106012,302.7106577576344,9.61137473881863
6,235.0,11.325598152049851,0.95,0.0,0.0,0.0,0.0,0.0,0.0,0.05,304.23,76.01,0.7724419025079708,0.1490014228660683,11.384421137066337,11.325498152049851,1081.0582803334069,28.82380180067232,0.9318266148637548,0.0,0.0,0.0,0.0,0.0,0.0,0.0681733851362451,0.9500196937402235,0.0,0.0,0.0,0.0,0.0,0.0,0.0499803062597762,13.326309724134498,0.9271822265094564,1.0,0.0,0.0,0.0,0.0,0.0,0.0,1.0,13.258875583506692,1102.8688895247462,29.73094022392497,302.7106577576344,11.525181126674264
6,235.0,11.332122928162796,0.95,0.0,0.0,0.0,0.0,0.0,0.0,0.05,304.23,76.01,0.7724419025079708,0.1490872638884725,11.384421137066337,11.325498152049851,1081.6611357584875,28.851011872653185,0.93379068774888,0.0,0.0,0.0,0.0,0.0,0.0,0.0662093122511202,0.9513125077677436,0.0,0.0,0.0,0.0,0.0,0.0,0.0486874922322563,13.323030647772503,0.9273153506951964,1.0,0.0,0.0,0.0,0.0,0.0,0.0,1.0,13.258875583506692,1102.8688895247462,29.73094022392497,302.7106577576344,11.525181126674264
6,235.0,11.338647704275736,0.95,0.0,0.0,0.0,0.0,0.0,0.0,0.05,304.23,76.01,0.7724419025079708,0.1491731049108766,11.384421137066337,11.325498152049851,1082.2691450760203,28.878336936516373,0.9357666777992332,0.0,0.0,0.0,0.0,0.0,0.0,0.064233322200767,0.9526210814518626,0.0,0.0,0.0,0.0,0.0,0.0,0.0473789185481372,13.31980762192387,0.9274473868317388,1.0,0.0,0.0,0.0,0.0,0.0,0.0,1.0,13.258875583506692,1102.8688895247462,29.73094022392497,302.7106577576344,11.525181126674264
6,235.0,11.34517248038868,0.95,0.0,0.0,0.0,0.0,0.0,0.0,0.05,304.23,76.01,0.7724419025079708,0.1492589459332808,11.384421137066337,11.325498152049851,1082.8824574359485,28.905780339067487,0.9377549703375684,0.0,0.0,0.0,0.0,0.0,0.0,0.0622450296624314,0.9539458985658404,0.0,0.0,0.0,0.0,0.0,0.0,0.0460541014341597,13.316641763117984,0.9275783034944922,1.0,0.0,0.0,0.0,0.0,0.0,0.0,1.0,13.258875583506692,1102.8688895247462,29.73094022392497,302.7106577576344,11.525181126674264
6,235.0,11.35169725650162,0.95,0.0,0.0,0.0,0.0,0.0,0.0,0.05,304.23,76.01,0.7724419025079708,0.149344786955685,11.384421137066337,11.325498152049851,1083.5012348443338,28.93334559692336,0.9397559875671496,0.0,0.0,0.0,0.0,0.0,0.0,0.0602440124328506,0.9552874675863092,0.0,0.0,0.0,0.0,0.0,0.0,0.0447125324136907,13.31353424314596,0.9277080678833164,1.0,0.0,0.0,0.0,0.0,0.0,0.0,1.0,13.258875583506692,1102.8688895247462,29.73094022392497,302.7106577576344,11.525181126674264
6,235.0,11.358222032614565,0.95,0.0,0.0,0.0,0.0,0.0,0.0,0.05,304.23,76.01,0.7724419025079708,0.1494306279780892,11.384421137066337,11.325498152049851,1084.1256457852546,28.961036408763583,0.941770167410899,0.0,0.0,0.0,0.0,0.0,0.0,0.0582298325891009,0.9566463234801028,0.0,0.0,0.0,0.0,0.0,0.0,0.0433536765198972,13.310486299855132,0.9278366458482182,1.0,0.0,0.0,0.0,0.0,0.0,0.0,1.0,13.258875583506692,1102.8688895247462,29.73094022392497,302.7106577576344,11.525181126674264
6,235.0,11.364746808727508,0.95,0.0,0.0,0.0,0.0,0.0,0.0,0.05,304.23,76.01,0.7724419025079708,0.1495164690004934,11.384421137066337,11.325498152049851,1084.7558703176803,28.98885666882809,0.9437979796420966,0.0,0.0,0.0,0.0,0.0,0.0,0.0562020203579035,0.958023029672644,0.0,0.0,0.0,0.0,0.0,0.0,0.0419769703273561,13.307499214381412,0.9279640013009804,1.0,0.0,0.0,0.0,0.0,0.0,0.0,1.0,13.258875583506692,1102.8688895247462,29.73094022392497,302.7106577576344,11.525181126674264
6,235.0,11.37127158484045,0.95,0.0,0.0,0.0,0.0,0.0,0.0,0.05,304.23,76.01,0.7724419025079708,0.1496023100228976,11.384421137066337,11.325498152049851,1085.392089351731,29.016810481551296,0.9458398909011956,0.0,0.0,0.0,0.0,0.0,0.0,0.0541601090988043,0.959418180192146,0.0,0.0,0.0,0.0,0.0,0.0,0.040581819807854,13.304574353960357,0.9280900966597097,1.0,0.0,0.0,0.0,0.0,0.0,0.0,1.0,13.258875583506692,1102.8688895247462,29.73094022392497,302.7106577576344,11.525181126674264
6,235.0,11.377796360953392,0.95,0.0,0.0,0.0,0.0,0.0,0.0,0.05,304.23,76.01,0.7724419025079708,0.1496881510453018,11.384421137066337,11.325498152049851,1086.0345038257385,29.044902178119955,0.947896426111369,0.0,0.0,0.0,0.0,0.0,0.0,0.0521035738886309,0.9608324020671808,0.0,0.0,0.0,0.0,0.0,0.0,0.0391675979328194,13.301713144726428,0.9282148921136134,1.0,0.0,0.0,0.0,0.0,0.0,0.0,1.0,13.258875583506692,1102.8688895247462,29.73094022392497,302.7106577576344,11.525181126674264
6,235.0,11.384321137066337,0.95,0.0,0.0,0.0,0.0,0.0,0.0,0.05,304.23,76.01,0.7724419025079708,0.149773992067706,11.384421137066337,11.325498152049851,1086.6833229886058,29.07313633402085,0.9499681301328656,0.0,0.0,0.0,0.0,0.0,0.0,0.0500318698671345,0.962266357911847,0.0,0.0,0.0,0.0,0.0,0.0,0.037733642088153,13.298917126458765,0.9283383471785256,1.0,0.0,0.0,0.0,0.0,0.0,0.0,1.0,13.258875583506692,1102.8688895247462,29.73094022392497,302.7106577576344,11.525181126674264
6,240.0,13.463883637257144,0.95,0.0,0.0,0.0,0.0,0.0,0.0,0.05,304.23,76.01,0.7888768366038852,0.1771330566669799,13.53610473193936,13.463783637257144,1062.213243218018,34.21811724677534,0.9318370414229684,0.0,0.0,0.0,0.0,0.0,0.0,0.0681629585770317,0.9500161730032896,0.0,0.0,0.0,0.0,0.0,0.0,0.0499838269967102,12.103560977474007,0.9762359518705758,1.0,0.0,0.0,0.0,0.0,0.0,0.0,1.0,12.014498351825988,1083.263844328595,35.3375257790447,302.7106577576344,13.710780754884407
6,240.0,13.471897092221834,0.95,0.0,0.0,0.0,0.0,0.0,0.0,0.05,304.23,76.01,0.7888768366038852,0.1772384829919988,13.53610473193936,13.463783637257144,1062.7944441733384,34.251693863950905,0.933803671292896,0.0,0.0,0.0,0.0,0.0,0.0,0.066196328707104,0.9513196235723927,0.0,0.0,0.0,0.0,0.0,0.0,0.0486803764276072,12.09971059459136,0.9763986451611032,1.0,0.0,0.0,0.0,0.0,0.0,0.0,1.0,12.014498351825988,1083.263844328595,35.3375257790447,302.7106577576344,13.710780754884407
6,240.0,13.479910547186526,0.95,0.0,0.0,0.0,0.0,0.0,0.0,0.05,304.23,76.01,0.7888768366038852,0.1773439093170178,13.53610473193936,13.463783637257144,1063.3805077263514,34.28540236445927,0.9357815658120966,0.0,0.0,0.0,0.0,0.0,0.0,0.0642184341879032,0.952638041175168,0.0,0.0,0.0,0.0,0.0,0.0,0.0473619588248319,12.095911306991743,0.976560223974802,1.0,0.0,0.0,0.0,0.0,0.0,0.0,1.0,12.014498351825988,1083.263844328595,35.3375257790447,302.7106577576344,13.710780754884407
6,240.0,13.487924002151216,0.95,0.0,0.0,0.0,0.0,0.0,0.0,0.05,304.23,76.01,0.7888768366038852,0.1774493356420367,13.53610473193936,13.463783637257144,1063.9715659977194,34.31924634687028,0.9377710698935354,0.0,0.0,0.0,0.0,0.0,0.0,0.0622289301064645,0.9539718609816428,0.0,0.0,0.0,0.0,0.0,0.0,0.0460281390183573,12.092164029272292,0.976720657901916,1.0,0.0,0.0,0.0,0.0,0.0,0.0,1.0,12.014498351825988,1083.263844328595,35.3375257790447,302.7106577576344,13.710780754884407
6,240.0,13.495937457115907,0.95,0.0,0.0,0.0,0.0,0.0,0.0,0.05,304.23,76.01,0.7888768366038852,0.1775547619670557,13.53610473193936,13.463783637257144,1064.5677614942597,34.3532295822493,0.9397725588381622,0.0,0.0,0.0,0.0,0.0,0.0,0.0602274411618377,0.9553215391490598,0.0,0.0,0.0,0.0,0.0,0.0,0.0446784608509401,12.08846971905216,0.9768799152704092,1.0,0.0,0.0,0.0,0.0,0.0,0.0,1.0,12.014498351825988,1083.263844328595,35.3375257790447,302.7106577576344,13.710780754884407
6,240.0,13.503950912080596,0.95,0.0,0.0,0.0,0.0,0.0,0.0,0.05,304.23,76.01,0.7888768366038852,0.1776601882920747,13.53610473193936,13.463783637257144,1065.1692422798296,34.38735602587277,0.9417864216312752,0.0,0.0,0.0,0.0,0.0,0.0,0.0582135783687248,0.9566875542501742,0.0,0.0,0.0,0.0,0.0,0.0,0.0433124457498257,12.084829379057387,0.9770379630652812,1.0,0.0,0.0,0.0,0.0,0.0,0.0,1.0,12.014498351825988,1083.263844328595,35.3375257790447,302.7106577576344,13.710780754884407
6,240.0,13.51196436704529,0.95,0.0,0.0,0.0,0.0,0.0,0.0,0.05,304.23,76.01,0.7888768366038852,0.1777656146170936,13.53610473193936,13.463783637257144,1065.7761657107728,34.42162983014339,0.9438130731773772,0.0,0.0,0.0,0.0,0.0,0.0,0.0561869268226226,0.958070408849732,0.0,0.0,0.0,0.0,0.0,0.0,0.0419295911502679,12.081244060887611,0.9771947668383688,1.0,0.0,0.0,0.0,0.0,0.0,0.0,1.0,12.014498351825988,1083.263844328595,35.3375257790447,302.7106577576344,13.710780754884407
6,240.0,13.51997782200998,0.95,0.0,0.0,0.0,0.0,0.0,0.0,0.05,304.23,76.01,0.7888768366038852,0.1778710409421126,13.53610473193936,13.463783637257144,1066.3886907462072,34.456055358527564,0.9458529281738092,0.0,0.0,0.0,0.0,0.0,0.0,0.0541470718261907,0.9594706312078798,0.0,0.0,0.0,0.0,0.0,0.0,0.0405293687921202,12.077714867920983,0.9773502906191096,1.0,0.0,0.0,0.0,0.0,0.0,0.0,1.0,12.014498351825988,1083.263844328595,35.3375257790447,302.7106577576344,13.710780754884407
6,240.0,13.52799127697467,0.95,0.0,0.0,0.0,0.0,0.0,0.0,0.05,304.23,76.01,0.7888768366038852,0.1779764672671315,13.53610473193936,13.463783637257144,1067.0069918183228,34.490637200986605,0.9479064472028438,0.0,0.0,0.0,0.0,0.0,0.0,0.0520935527971561,0.9608887771568098,0.0,0.0,0.0,0.0,0.0,0.0,0.0391112228431902,12.07424295914655,0.977504496787298,1.0,0.0,0.0,0.0,0.0,0.0,0.0,1.0,12.014498351825988,1083.263844328595,35.3375257790447,302.7106577576344,13.710780754884407
6,240.0,13.53600473193936,0.95,0.0,0.0,0.0,0.0,0.0,0.0,0.05,304.23,76.01,0.7888768366038852,0.1780818935921505,13.53610473193936,13.463783637257144,1067.6312503597974,34.525380190651966,0.9499741078546928,0.0,0.0,0.0,0.0,0.0,0.0,0.0500258921453073,0.9623254321487408,0.0,0.0,0.0,0.0,0.0,0.0,0.0376745678512593,12.070829553577044,0.9776573459722314,1.0,0.0,0.0,0.0,0.0,0.0,0.0,1.0,12.014498351825988,1083.263844328595,35.3375257790447,302.7106577576344,13.710780754884407
6,245.0,15.890171764384368,0.95,0.0,0.0,0.0,0.0,0.0,0.0,0.05,304.23,76.01,0.8053117706997994,0.2090537003602732,15.977335233233198,15.890071764384368,1042.475393189236,40.43465816024396,0.931981314745152,0.0,0.0,0.0,0.0,0.0,0.0,0.068018685254848,0.950013433252494,0.0,0.0,0.0,0.0,0.0,0.0,0.0499865667475061,10.902594318032929,1.031001018129463,1.0,0.0,0.0,0.0,0.0,0.0,0.0,1.0,10.793959502416731,1062.6711211462375,41.80803719266337,302.7106577576344,16.191644196077288
6,245.0,15.899845483145349,0.95,0.0,0.0,0.0,0.0,0.0,0.0,0.05,304.23,76.01,0.8053117706997994,0.2091809693875193,15.977335233233198,15.890071764384368,1043.028967552725,40.47563516418093,0.933935596258519,0.0,0.0,0.0,0.0,0.0,0.0,0.0660644037414809,0.9513199168826684,0.0,0.0,0.0,0.0,0.0,0.0,0.0486800831173316,10.898253536724788,1.0311994647107363,1.0,0.0,0.0,0.0,0.0,0.0,0.0,1.0,10.793959502416731,1062.6711211462375,41.80803719266337,302.7106577576344,16.191644196077288
6,245.0,15.90951920190633,0.95,0.0,0.0,0.0,0.0,0.0,0.0,0.05,304.23,76.01,0.8053117706997994,0.2093082384147655,15.977335233233198,15.890071764384368,1043.5870918965643,40.51676179351029,0.9359004498945096,0.0,0.0,0.0,0.0,0.0,0.0,0.0640995501054905,0.9526404857498252,0.0,0.0,0.0,0.0,0.0,0.0,0.0473595142501748,10.893958855549831,1.0313967779124988,1.0,0.0,0.0,0.0,0.0,0.0,0.0,1.0,10.793959502416731,1062.6711211462375,41.80803719266337,302.7106577576344,16.191644196077288
6,245.0,15.919192920667312,0.95,0.0,0.0,0.0,0.0,0.0,0.0,0.05,304.23,76.01,0.8053117706997994,0.2094355074420117,15.977335233233198,15.890071764384368,1044.1498873766047,40.5580418594129,0.9378762000898914,0.0,0.0,0.0,0.0,0.0,0.0,0.0621237999101086,0.9539755269335808,0.0,0.0,0.0,0.0,0.0,0.0,0.0460244730664191,10.889711011539172,1.031592928529974,1.0,0.0,0.0,0.0,0.0,0.0,0.0,1.0,10.793959502416731,1062.6711211462375,41.80803719266337,302.7106577576344,16.191644196077288
6,245.0,15.928866639428293,0.95,0.0,0.0,0.0,0.0,0.0,0.0,0.05,304.23,76.01,0.8053117706997994,0.2095627764692579,15.977335233233198,15.890071764384368,1044.7174729965088,40.59947934532669,0.9398631591211564,0.0,0.0,0.0,0.0,0.0,0.0,0.0601368408788437,0.9553254451056382,0.0,0.0,0.0,0.0,0.0,0.0,0.0446745548943616,10.885510774259666,1.0317878862301184,1.0,0.0,0.0,0.0,0.0,0.0,0.0,1.0,10.793959502416731,1062.6711211462375,41.80803719266337,302.7106577576344,16.191644196077288
6,245.0,15.938540358189274,0.95,0.0,0.0,0.0,0.0,0.0,0.0,0.05,304.23,76.01,0.8053117706997994,0.209690045496504,15.977335233233198,15.890071764384368,1045.2899793883028,40.641078418083445,0.9418616755272056,0.0,0.0,0.0,0.0,0.0,0.0,0.0581383244727944,0.9566906636708022,0.0,0.0,0.0,0.0,0.0,0.0,0.0433093363291977,10.881358949229671,1.0319816194761249,1.0,0.0,0.0,0.0,0.0,0.0,0.0,1.0,10.793959502416731,1062.6711211462375,41.80803719266337,302.7106577576344,16.191644196077288
6,245.0,15.948214076950254,0.95,0.0,0.0,0.0,0.0,0.0,0.0,0.05,304.23,76.01,0.8053117706997994,0.2098173145237502,15.977335233233198,15.890071764384368,1045.8675428430508,40.68284343991591,0.943872112635696,0.0,0.0,0.0,0.0,0.0,0.0,0.0561278873643038,0.9580716259968232,0.0,0.0,0.0,0.0,0.0,0.0,0.0419283740031768,10.877256379091754,1.0321740954532643,1.0,0.0,0.0,0.0,0.0,0.0,0.0,1.0,10.793959502416731,1062.6711211462375,41.80803719266337,302.7106577576344,16.191644196077288
6,245.0,15.957887795711237,0.95,0.0,0.0,0.0,0.0,0.0,0.0,0.05,304.23,76.01,0.8053117706997994,0.2099445835509964,15.977335233233198,15.890071764384368,1046.4503016132228,40.72477898150191,0.9458948353695829,0.0,0.0,0.0,0.0,0.0,0.0,0.0541051646304172,0.959468796748418,0.0,0.0,0.0,0.0,0.0,0.0,0.0405312032515818,10.873203944573106,1.032365279991661,1.0,0.0,0.0,0.0,0.0,0.0,0.0,1.0,10.793959502416731,1062.6711211462375,41.80803719266337,302.7106577576344,16.191644196077288
6,245.0,15.967561514472218,0.95,0.0,0.0,0.0,0.0,0.0,0.0,0.05,304.23,76.01,0.8053117706997994,0.2100718525782425,15.977335233233198,15.890071764384368,1047.0384058013317,40.76688983619366,0.947930244505568,0.0,0.0,0.0,0.0,0.0,0.0,0.0520697554944318,0.9608826633486948,0.0,0.0,0.0,0.0,0.0,0.0,0.0391173366513053,10.869202567717924,1.032555137482036,1.0,0.0,0.0,0.0,0.0,0.0,0.0,1.0,10.793959502416731,1062.6711211462375,41.80803719266337,302.7106577576344,16.191644196077288
6,245.0,15.977235233233198,0.95,0.0,0.0,0.0,0.0,0.0,0.0,0.05,304.23,76.01,0.8053117706997994,0.2101991216054887,15.977335233233198,15.890071764384368,1047.632011333842,40.80918103548642,0.9499787551644778,0.0,0.0,0.0,0.0,0.0,0.0,0.0500212448355221,0.9623137375573578,0.0,0.0,0.0,0.0,0.0,0.0,0.0376862624426421,10.865253214455436,1.0327436307724434,1.0,0.0,0.0,0.0,0.0,0.0,0.0,1.0,10.793959502416731,1062.6711211462375,41.80803719266337,302.7106577576344,16.191644196077288
6,250.0,18.628239071585497,0.95,0.0,0.0,0.0,0.0,0.0,0.0,0.05,304.23,76.01,0.8217467047957138,0.2450761619732337,18.731792724897712,18.628139071585498,1021.679823006772,47.59838342080992,0.9322527182666752,0.0,0.0,0.0,0.0,0.0,0.0,0.0677472817333249,0.950011271050581,0.0,0.0,0.0,0.0,0.0,0.0,0.0499887289494189,9.725230047047225,1.0927815894546158,1.0,0.0,0.0,0.0,0.0,0.0,0.0,1.0,9.599114364051816,1040.9186176418627,49.27650279185157,302.7106577576344,18.99215487266697
6,250.0,18.63973392195352,0.95,0.0,0.0,0.0,0.0,0.0,0.0,0.05,304.23,76.01,0.8217467047957138,0.2452273901059534,18.731792724897712,18.628139071585498,1022.2001592370248,47.647929809169206,0.9341805117398584,0.0,0.0,0.0,0.0,0.0,0.0,0.0658194882601415,0.9513133730935002,0.0,0.0,0.0,0.0,0.0,0.0,0.0486866269064998,9.720487848689322,1.0930254880305612,1.0,0.0,0.0,0.0,0.0,0.0,0.0,1.0,9.599114364051816,1040.9186176418627,49.27650279185157,302.7106577576344,18.99215487266697
6,250.0,18.651228772321545,0.95,0.0,0.0,0.0,0.0,0.0,0.0,0.05,304.23,76.01,0.8217467047957138,0.2453786182386731,18.731792724897712,18.628139071585498,1022.724718205698,47.69764436383639,0.9361181629098108,0.0,0.0,0.0,0.0,0.0,0.0,0.0638818370901891,0.9526286069951364,0.0,0.0,0.0,0.0,0.0,0.0,0.0473713930048636,9.715786799788438,1.093268230734629,1.0,0.0,0.0,0.0,0.0,0.0,0.0,1.0,9.599114364051816,1040.9186176418627,49.27650279185157,302.7106577576344,18.99215487266697
6,250.0,18.66272362268957,0.95,0.0,0.0,0.0,0.0,0.0,0.0,0.05,304.23,76.01,0.8217467047957138,0.2455298463713928,18.731792724897712,18.628139071585498,1023.2536026562244,47.74753106138917,0.9380659482153084,0.0,0.0,0.0,0.0,0.0,0.0,0.0619340517846916,0.9539573129292784,0.0,0.0,0.0,0.0,0.0,0.0,0.0460426870707215,9.711127466282152,1.0935097895058328,1.0,0.0,0.0,0.0,0.0,0.0,0.0,1.0,9.599114364051816,1040.9186176418627,49.27650279185157,302.7106577576344,18.99215487266697
6,250.0,18.674218473057596,0.95,0.0,0.0,0.0,0.0,0.0,0.0,0.05,304.23,76.01,0.8217467047957138,0.2456810745041125,18.731792724897712,18.628139071585498,1023.786919051792,47.79759404758301,0.9400241535806808,0.0,0.0,0.0,0.0,0.0,0.0,0.0599758464193192,0.9552998456118026,0.0,0.0,0.0,0.0,0.0,0.0,0.0447001543881973,9.706510478034762,1.0937501355614148,1.0,0.0,0.0,0.0,0.0,0.0,0.0,1.0,9.599114364051816,1040.9186176418627,49.27650279185157,302.7106577576344,18.99215487266697
6,250.0,18.685713323425617,0.95,0.0,0.0,0.0,0.0,0.0,0.0,0.05,304.23,76.01,0.8217467047957138,0.2458323026368322,18.731792724897712,18.628139071585498,1024.3247806077552,47.847837647596094,0.9419930853794748,0.0,0.0,0.0,0.0,0.0,0.0,0.0580069146205251,0.9566565751831372,0.0,0.0,0.0,0.0,0.0,0.0,0.0433434248168627,9.70193646988716,1.0939892388996877,1.0,0.0,0.0,0.0,0.0,0.0,0.0,1.0,9.599114364051816,1040.9186176418627,49.27650279185157,302.7106577576344,18.99215487266697
6,250.0,18.69720817379364,0.95,0.0,0.0,0.0,0.0,0.0,0.0,0.05,304.23,76.01,0.8217467047957138,0.2459835307695519,18.731792724897712,18.628139071585498,1024.8672999965836,47.89826637704945,0.9439730432327892,0.0,0.0,0.0,0.0,0.0,0.0,0.0560269567672109,0.958027888157481,0.0,0.0,0.0,0.0,0.0,0.0,0.041972111842519,9.697406100112078,1.0942270683665214,1.0,0.0,0.0,0.0,0.0,0.0,0.0,1.0,9.599114364051816,1040.9186176418627,49.27650279185157,302.7106577576344,18.99215487266697
6,250.0,18.708703024161665,0.95,0.0,0.0,0.0,0.0,0.0,0.0,0.05,304.23,76.01,0.8217467047957138,0.2461347589022716,18.731792724897712,18.628139071585498,1025.4145980954836,47.94888495398383,0.9459643520838688,0.0,0.0,0.0,0.0,0.0,0.0,0.0540356479161313,0.9594141884549364,0.0,0.0,0.0,0.0,0.0,0.0,0.0405858115450634,9.692920058227015,1.094463591636773,1.0,0.0,0.0,0.0,0.0,0.0,0.0,1.0,9.599114364051816,1040.9186176418627,49.27650279185157,302.7106577576344,18.99215487266697
6,250.0,18.72019787452969,0.95,0.0,0.0,0.0,0.0,0.0,0.0,0.05,304.23,76.01,0.8217467047957138,0.2462859870349912,18.731792724897712,18.628139071585498,1025.9668048272474,47.99969831173759,0.9479673647915492,0.0,0.0,0.0,0.0,0.0,0.0,0.0520326352084508,0.96081589851032,0.0,0.0,0.0,0.0,0.0,0.0,0.0391841014896799,9.68847906455439,1.094698775125433,1.0,0.0,0.0,0.0,0.0,0.0,0.0,1.0,9.599114364051816,1040.9186176418627,49.27650279185157,302.7106577576344,18.99215487266697
6,250.0,18.731692724897712,0.95,0.0,0.0,0.0,0.0,0.0,0.0,0.05,304.23,76.01,0.8217467047957138,0.2464372151677109,18.731792724897712,18.628139071585498,1026.5240468258337,48.05071161294256,0.9499824166953794,0.0,0.0,0.0,0.0,0.0,0.0,0.0500175833046205,0.9622334604820796,0.0,0.0,0.0,0.0,0.0,0.0,0.0377665395179204,9.684083871995853,1.0949325838926698,1.0,0.0,0.0,0.0,0.0,0.0,0.0,1.0,9.599114364051816,1040.9186176418627,49.27650279185157,302.7106577576344,18.99215487266697
6,255.0,21.702855587162997,0.95,0.0,0.0,0.0,0.0,0.0,0.0,0.05,304.23,76.01,0.838181638891628,0.2855263200521378,21.824079935423136,21.702755587162997,999.6234849884388,55.86406349892146,0.9326468314872292,0.0,0.0,0.0,0.0,0.0,0.0,0.0673531685127707,0.9500095428284202,0.0,0.0,0.0,0.0,0.0,0.0,0.0499904571715798,8.57368054117832,1.1633541628208437,1.0,0.0,0.0,0.0,0.0,0.0,0.0,1.0,8.432227805466914,1017.7913832278248,57.90987351738985,302.7106577576344,22.13772066860631
6,255.0,21.716313848080787,0.95,0.0,0.0,0.0,0.0,0.0,0.0,0.05,304.23,76.01,0.838181638891628,0.2857033791353872,21.824079935423136,21.702755587162997,1000.1051990210044,55.92351441596509,0.9345345067419716,0.0,0.0,0.0,0.0,0.0,0.0,0.0654654932580285,0.9512998503008786,0.0,0.0,0.0,0.0,0.0,0.0,0.0487001496991214,8.568632956106816,1.163654130782235,1.0,0.0,0.0,0.0,0.0,0.0,0.0,1.0,8.432227805466914,1017.7913832278248,57.90987351738985,302.7106577576344,22.13772066860631
6,255.0,21.72977210899858,0.95,0.0,0.0,0.0,0.0,0.0,0.0,0.05,304.23,76.01,0.838181638891628,0.2858804382186367,21.824079935423136,21.702755587162997,1000.5907933582538,55.98315282721819,0.9364312972973484,0.0,0.0,0.0,0.0,0.0,0.0,0.0635687027026514,0.9526022783730383,0.0,0.0,0.0,0.0,0.0,0.0,0.0473977216269615,8.563621664277774,1.1639529251238578,1.0,0.0,0.0,0.0,0.0,0.0,0.0,1.0,8.432227805466914,1017.7913832278248,57.90987351738985,302.7106577576344,22.13772066860631
6,255.0,21.743230369916372,0.95,0.0,0.0,0.0,0.0,0.0,0.0,0.05,304.23,76.01,0.838181638891628,0.2860574973018862,21.824079935423136,21.702755587162997,1001.0803558351586,56.0429828193134,0.9383374422136972,0.0,0.0,0.0,0.0,0.0,0.0,0.0616625577863026,0.953917121984972,0.0,0.0,0.0,0.0,0.0,0.0,0.0460828780150279,8.558647112707371,1.164250519595118,1.0,0.0,0.0,0.0,0.0,0.0,0.0,1.0,8.432227805466914,1017.7913832278248,57.90987351738985,302.7106577576344,22.13772066860631
6,255.0,21.75668863083417,0.95,0.0,0.0,0.0,0.0,0.0,0.0,0.05,304.23,76.01,0.838181638891628,0.2862345563851357,21.824079935423136,21.702755587162997,1001.5739773582608,56.10300864200049,0.9402531885512992,0.0,0.0,0.0,0.0,0.0,0.0,0.0597468114487008,0.9552446878947042,0.0,0.0,0.0,0.0,0.0,0.0,0.0447553121052957,8.55370978790929,1.1645468871611555,1.0,0.0,0.0,0.0,0.0,0.0,0.0,1.0,8.432227805466914,1017.7913832278248,57.90987351738985,302.7106577576344,22.13772066860631
6,255.0,21.77014689175196,0.95,0.0,0.0,0.0,0.0,0.0,0.0,0.05,304.23,76.01,0.838181638891628,0.2864116154683852,21.824079935423136,21.702755587162997,1002.0717524937846,56.16323471743197,0.9421787934729194,0.0,0.0,0.0,0.0,0.0,0.0,0.0578212065270806,0.956585295352832,0.0,0.0,0.0,0.0,0.0,0.0,0.043414704647168,8.548810182127795,1.1648419997164878,1.0,0.0,0.0,0.0,0.0,0.0,0.0,1.0,8.432227805466914,1017.7913832278248,57.90987351738985,302.7106577576344,22.13772066860631
6,255.0,21.783605152669757,0.95,0.0,0.0,0.0,0.0,0.0,0.0,0.05,304.23,76.01,0.838181638891628,0.2865886745516346,21.824079935423136,21.702755587162997,1002.573781904095,56.22366565008789,0.9441145335038692,0.0,0.0,0.0,0.0,0.0,0.0,0.0558854664961309,0.9579392768220298,0.0,0.0,0.0,0.0,0.0,0.0,0.0420607231779701,8.543948802985561,1.1651370645146089,1.0,0.0,0.0,0.0,0.0,0.0,0.0,1.0,8.432227805466914,1017.7913832278248,57.90987351738985,302.7106577576344,22.13772066860631
6,255.0,21.797063413587548,0.95,0.0,0.0,0.0,0.0,0.0,0.0,0.05,304.23,76.01,0.838181638891628,0.2867657336348841,21.824079935423136,21.702755587162997,1003.0801635051116,56.28430623744011,0.946060669784089,0.0,0.0,0.0,0.0,0.0,0.0,0.0539393302159109,0.9593069787528096,0.0,0.0,0.0,0.0,0.0,0.0,0.0406930212471902,8.539126179547727,1.1654313183778795,1.0,0.0,0.0,0.0,0.0,0.0,0.0,1.0,8.432227805466914,1017.7913832278248,57.90987351738985,302.7106577576344,22.13772066860631
6,255.0,21.810521674505345,0.95,0.0,0.0,0.0,0.0,0.0,0.0,0.05,304.23,76.01,0.838181638891628,0.2869427927181336,21.824079935423136,21.702755587162997,1003.5910080218604,56.34516148157324,0.9480175084735843,0.0,0.0,0.0,0.0,0.0,0.0,0.0519824915264157,0.9606887624208524,0.0,0.0,0.0,0.0,0.0,0.0,0.0393112375791476,8.534342863229929,1.1657242201009743,1.0,0.0,0.0,0.0,0.0,0.0,0.0,1.0,8.432227805466914,1017.7913832278248,57.90987351738985,302.7106577576344,22.13772066860631
6,255.0,21.823979935423136,0.95,0.0,0.0,0.0,0.0,0.0,0.0,0.05,304.23,76.01,0.838181638891628,0.2871198518013831,21.824079935423136,21.702755587162997,1004.1064242769056,56.40623660136284,0.949985343149289,0.0,0.0,0.0,0.0,0.0,0.0,0.050014656850711,0.9620850048228048,0.0,0.0,0.0,0.0,0.0,0.0,0.0379149951771953,8.529599428846605,1.1660157370616488,1.0,0.0,0.0,0.0,0.0,0.0,0.0,1.0,8.432227805466914,1017.7913832278248,57.90987351738985,302.7106577576344,22.13772066860631
6,260.0,25.139931544645503,0.95,0.0,0.0,0.0,0.0,0.0,0.0,0.05,304.23,76.01,0.8546165729875422,0.3307450538698263,25.279847795763317,25.139831544645503,976.0499149109004,65.42806883132452,0.9331618809448812,0.0,0.0,0.0,0.0,0.0,0.0,0.0668381190551186,0.9500081454231138,0.0,0.0,0.0,0.0,0.0,0.0,0.049991854576886,7.450648681407025,1.2451963022168564,1.0,0.0,0.0,0.0,0.0,0.0,0.0,1.0,7.296085655146154,993.0143761526203,67.92140682303575,302.7106577576344,25.654931900849267
6,260.0,25.15546668365859,0.95,0.0,0.0,0.0,0.0,0.0,0.0,0.05,304.23,76.01,0.8546165729875422,0.3309494367012049,25.279847795763317,25.139831544645503,976.4877011500084,65.49896984237989,0.9349960227619664,0.0,0.0,0.0,0.0,0.0,0.0,0.0650039772380337,0.9512790323259532,0.0,0.0,0.0,0.0,0.0,0.0,0.0487209676740468,7.44539844529323,1.2455696073199718,1.0,0.0,0.0,0.0,0.0,0.0,0.0,1.0,7.296085655146154,993.0143761526203,67.92140682303575,302.7106577576344,25.654931900849267
6,260.0,25.171001822671684,0.95,0.0,0.0,0.0,0.0,0.0,0.0,0.05,304.23,76.01,0.8546165729875422,0.3311538195325836,25.279847795763317,25.139831544645503,976.9290111534216,65.5700785238105,0.9368385099783694,0.0,0.0,0.0,0.0,0.0,0.0,0.0631614900216306,0.952560981104747,0.0,0.0,0.0,0.0,0.0,0.0,0.0474390188952531,7.440179817851952,1.245941721242118,1.0,0.0,0.0,0.0,0.0,0.0,0.0,1.0,7.296085655146154,993.0143761526203,67.92140682303575,302.7106577576344,25.654931900849267
6,260.0,25.186536961684773,0.95,0.0,0.0,0.0,0.0,0.0,0.0,0.05,304.23,76.01,0.8546165729875422,0.3313582023639622,25.279847795763317,25.139831544645503,977.3739189919008,65.64139900863182,0.938689546640638,0.0,0.0,0.0,0.0,0.0,0.0,0.0613104533593619,0.9538542434804308,0.0,0.0,0.0,0.0,0.0,0.0,0.0461457565195692,7.434993141139444,1.2463126192146596,1.0,0.0,0.0,0.0,0.0,0.0,0.0,1.0,7.296085655146154,993.0143761526203,67.92140682303575,302.7106577576344,25.654931900849267
6,260.0,25.202072100697865,0.95,0.0,0.0,0.0,0.0,0.0,0.0,0.05,304.23,76.01,0.8546165729875422,0.3315625851953409,25.279847795763317,25.139831544645503,977.8225012073732,65.71293558403627,0.9405493433622354,0.0,0.0,0.0,0.0,0.0,0.0,0.0594506566377646,0.9551590805912192,0.0,0.0,0.0,0.0,0.0,0.0,0.0448409194087807,7.429838770412508,1.2466822757949616,1.0,0.0,0.0,0.0,0.0,0.0,0.0,1.0,7.296085655146154,993.0143761526203,67.92140682303575,302.7106577576344,25.654931900849267
6,260.0,25.217607239710954,0.95,0.0,0.0,0.0,0.0,0.0,0.0,0.05,304.23,76.01,0.8546165729875422,0.3317669680267195,25.279847795763317,25.139831544645503,978.2748372045504,65.78469269958535,0.9424181187899622,0.0,0.0,0.0,0.0,0.0,0.0,0.0575818812100377,0.956475763493673,0.0,0.0,0.0,0.0,0.0,0.0,0.0435242365063268,7.424717074275978,1.24705066476349,1.0,0.0,0.0,0.0,0.0,0.0,0.0,1.0,7.296085655146154,993.0143761526203,67.92140682303575,302.7106577576344,25.654931900849267
6,260.0,25.233142378724043,0.95,0.0,0.0,0.0,0.0,0.0,0.0,0.05,304.23,76.01,0.8546165729875422,0.3319713508580981,25.279847795763317,25.139831544645503,978.7310108950232,65.8566749759245,0.9442961062775314,0.0,0.0,0.0,0.0,0.0,0.0,0.0557038937224686,0.95780457369538,0.0,0.0,0.0,0.0,0.0,0.0,0.0421954263046199,7.419628435084404,1.2474177590569369,1.0,0.0,0.0,0.0,0.0,0.0,0.0,1.0,7.296085655146154,993.0143761526203,67.92140682303575,302.7106577576344,25.654931900849267
6,260.0,25.24867751773713,0.95,0.0,0.0,0.0,0.0,0.0,0.0,0.05,304.23,76.01,0.8546165729875422,0.3321757336894768,25.279847795763317,25.139831544645503,979.1911047927096,65.92888721417621,0.9461835289208784,0.0,0.0,0.0,0.0,0.0,0.0,0.0538164710791215,0.9591458037276734,0.0,0.0,0.0,0.0,0.0,0.0,0.0408541962723265,7.414573249750978,1.2477835307263967,1.0,0.0,0.0,0.0,0.0,0.0,0.0,1.0,7.296085655146154,993.0143761526203,67.92140682303575,302.7106577576344,25.654931900849267
6,260.0,25.264212656750225,0.95,0.0,0.0,0.0,0.0,0.0,0.0,0.05,304.23,76.01,0.8546165729875422,0.3323801165208555,25.279847795763317,25.139831544645503,979.6552104963704,66.0013344058352,0.9480806432385188,0.0,0.0,0.0,0.0,0.0,0.0,0.0519193567614811,0.960499757754764,0.0,0.0,0.0,0.0,0.0,0.0,0.039500242245236,7.409551930246815,1.2481479508823348,1.0,0.0,0.0,0.0,0.0,0.0,0.0,1.0,7.296085655146154,993.0143761526203,67.92140682303575,302.7106577576344,25.654931900849267
6,260.0,25.279747795763317,0.95,0.0,0.0,0.0,0.0,0.0,0.0,0.05,304.23,76.01,0.8546165729875422,0.332584499352234,25.279847795763317,25.139831544645503,980.1234185487788,66.07402174367519,0.949987696496159,0.0,0.0,0.0,0.0,0.0,0.0,0.050012303503841,0.9618667522341832,0.0,0.0,0.0,0.0,0.0,0.0,0.0381332477658167,7.404564904687652,1.248510989654811,1.0,0.0,0.0,0.0,0.0,0.0,0.0,1.0,7.296085655146154,993.0143761526203,67.92140682303575,302.7106577576344,25.654931900849267
6,265.0,28.966720624523585,0.95,0.0,0.0,0.0,0.0,0.0,0.0,0.05,304.23,76.01,0.8710515070834566,0.3810909173072435,29.12596598702036,28.966620624523586,950.6257102874484,76.54667545685243,0.9337993397060528,0.0,0.0,0.0,0.0,0.0,0.0,0.0662006602939472,0.9500070034998936,0.0,0.0,0.0,0.0,0.0,0.0,0.0499929965001064,6.359473867099438,1.3418308622837691,1.0,0.0,0.0,0.0,0.0,0.0,0.0,1.0,6.194157229336726,966.2255774553212,79.59167899763797,302.7106577576344,29.571779036695137
6,265.0,28.98440344257878,0.95,0.0,0.0,0.0,0.0,0.0,0.0,0.05,304.23,76.01,0.8710515070834566,0.381323555355595,29.12596598702036,28.966620624523586,951.01416411058,76.6308471663418,0.935566393525138,0.0,0.0,0.0,0.0,0.0,0.0,0.064433606474862,0.951250361067026,0.0,0.0,0.0,0.0,0.0,0.0,0.0487496389329739,6.354130821478576,1.3422999968857108,1.0,0.0,0.0,0.0,0.0,0.0,0.0,1.0,6.194157229336726,966.2255774553212,79.59167899763797,302.7106577576344,29.571779036695137
6,265.0,29.00208626063398,0.95,0.0,0.0,0.0,0.0,0.0,0.0,0.05,304.23,76.01,0.8710515070834566,0.3815561934039466,29.12596598702036,28.966620624523586,951.4057698781928,76.71524776444545,0.9373409874358049,0.0,0.0,0.0,0.0,0.0,0.0,0.0626590125641952,0.9525036818951612,0.0,0.0,0.0,0.0,0.0,0.0,0.0474963181048387,6.348814888587781,1.342767932066751,1.0,0.0,0.0,0.0,0.0,0.0,0.0,1.0,6.194157229336726,966.2255774553212,79.59167899763797,302.7106577576344,29.571779036695137
6,265.0,29.019769078689176,0.95,0.0,0.0,0.0,0.0,0.0,0.0,0.05,304.23,76.01,0.8710515070834566,0.381788831452298,29.12596598702036,28.966620624523586,951.8005905201368,76.79988135864251,0.9391232999004252,0.0,0.0,0.0,0.0,0.0,0.0,0.0608767000995748,0.9537671767591528,0.0,0.0,0.0,0.0,0.0,0.0,0.0462328232408471,6.343526319297488,1.3432346449056347,1.0,0.0,0.0,0.0,0.0,0.0,0.0,1.0,6.194157229336726,966.2255774553212,79.59167899763797,302.7106577576344,29.571779036695137
6,265.0,29.03745189674437,0.95,0.0,0.0,0.0,0.0,0.0,0.0,0.05,304.23,76.01,0.8710515070834566,0.3820214695006495,29.12596598702036,28.966620624523586,952.1986893799226,76.8847521987838,0.9409135074872856,0.0,0.0,0.0,0.0,0.0,0.0,0.0590864925127142,0.955041063754165,0.0,0.0,0.0,0.0,0.0,0.0,0.044958936245835,6.338265372624678,1.3437019103405303,1.0,0.0,0.0,0.0,0.0,0.0,0.0,1.0,6.194157229336726,966.2255774553212,79.59167899763797,302.7106577576344,29.571779036695137
6,265.0,29.05513471479957,0.95,0.0,0.0,0.0,0.0,0.0,0.0,0.05,304.23,76.01,0.8710515070834566,0.382254107549001,29.12596598702036,28.966620624523586,952.6001319876266,76.96986468412115,0.9427117930086852,0.0,0.0,0.0,0.0,0.0,0.0,0.0572882069913148,0.956325568657384,0.0,0.0,0.0,0.0,0.0,0.0,0.043674431342616,6.33303231581383,1.3441694932717567,1.0,0.0,0.0,0.0,0.0,0.0,0.0,1.0,6.194157229336726,966.2255774553212,79.59167899763797,302.7106577576344,29.571779036695137
6,265.0,29.072817532854767,0.95,0.0,0.0,0.0,0.0,0.0,0.0,0.05,304.23,76.01,0.8710515070834566,0.3824867455973525,29.12596598702036,28.966620624523586,953.0049871330458,77.0552233708445,0.9445183502530944,0.0,0.0,0.0,0.0,0.0,0.0,0.0554816497469055,0.9576209253172312,0.0,0.0,0.0,0.0,0.0,0.0,0.0423790746827686,6.327827425069483,1.344635766135339,1.0,0.0,0.0,0.0,0.0,0.0,0.0,1.0,6.194157229336726,966.2255774553212,79.59167899763797,302.7106577576344,29.571779036695137
6,265.0,29.090500350909963,0.95,0.0,0.0,0.0,0.0,0.0,0.0,0.05,304.23,76.01,0.8710515070834566,0.382719383645704,29.12596598702036,28.966620624523586,953.413324647414,77.1408329799516,0.9463333735765008,0.0,0.0,0.0,0.0,0.0,0.0,0.0536666264234991,0.9589273760548226,0.0,0.0,0.0,0.0,0.0,0.0,0.0410726239451773,6.322650985998157,1.3451007030261528,1.0,0.0,0.0,0.0,0.0,0.0,0.0,1.0,6.194157229336726,966.2255774553212,79.59167899763797,302.7106577576344,29.571779036695137
6,265.0,29.10818316896516,0.95,0.0,0.0,0.0,0.0,0.0,0.0,0.05,304.23,76.01,0.8710515070834566,0.3829520216940555,29.12596598702036,28.966620624523586,953.8252143019752,77.22669840573654,0.9481570528200404,0.0,0.0,0.0,0.0,0.0,0.0,0.0518429471799595,0.9602451721030444,0.0,0.0,0.0,0.0,0.0,0.0,0.0397548278969554,6.317503295542799,1.345564277281013,1.0,0.0,0.0,0.0,0.0,0.0,0.0,1.0,6.194157229336726,966.2255774553212,79.59167899763797,302.7106577576344,29.571779036695137
6,265.0,29.12586598702036,0.95,0.0,0.0,0.0,0.0,0.0,0.0,0.05,304.23,76.01,0.8710515070834566,0.383184659742407,29.12596598702036,28.966620624523586,954.240734902279,77.312824724885,0.9499896144962404,0.0,0.0,0.0,0.0,0.0,0.0,0.0500103855037594,0.9615745740726231,0.0,0.0,0.0,0.0,0.0,0.0,0.0384254259273769,6.312384663973158,1.3460264614961872,1.0,0.0,0.0,0.0,0.0,0.0,0.0,1.0,6.194157229336726,966.2255774553212,79.59167899763797,302.7106577576344,29.571779036695137
6,270.0,33.21209921342395,0.95,0.0,0.0,0.0,0.0,0.0,0.0,0.05,304.23,76.01,0.8874864411793708,0.436943812832837,33.39074910957999,33.211999213423944,922.9026171584962,89.56584285820674,0.9345650044628075,0.0,0.0,0.0,0.0,0.0,0.0,0.0654349955371924,0.9500060612562896,0.0,0.0,0.0,0.0,0.0,0.0,0.0499939387437104,5.30435107625501,1.4586057925302414,1.0,0.0,0.0,0.0,0.0,0.0,0.0,1.0,5.130843724671824,936.9320241360858,93.30322734807504,302.7106577576344,33.91794976874195
6,270.0,33.23193809077462,0.95,0.0,0.0,0.0,0.0,0.0,0.0,0.05,304.23,76.01,0.8874864411793708,0.4372048163501462,33.39074910957999,33.211999213423944,923.2359963040664,89.66547800163607,0.9362507686425352,0.0,0.0,0.0,0.0,0.0,0.0,0.0637492313574647,0.9512129280430164,0.0,0.0,0.0,0.0,0.0,0.0,0.0487870719569835,5.299033456898271,1.4592052486780638,1.0,0.0,0.0,0.0,0.0,0.0,0.0,1.0,5.130843724671824,936.9320241360858,93.30322734807504,302.7106577576344,33.91794976874195
6,270.0,33.25177696812529,0.95,0.0,0.0,0.0,0.0,0.0,0.0,0.05,304.23,76.01,0.8874864411793708,0.4374658198674555,33.39074910957999,33.211999213423944,923.5721460880782,89.76536473308228,0.9379432611212608,0.0,0.0,0.0,0.0,0.0,0.0,0.0620567388787391,0.952428624625149,0.0,0.0,0.0,0.0,0.0,0.0,0.047571375374851,5.293738664763313,1.4598034982582329,1.0,0.0,0.0,0.0,0.0,0.0,0.0,1.0,5.130843724671824,936.9320241360858,93.30322734807504,302.7106577576344,33.91794976874195
6,270.0,33.271615845475964,0.95,0.0,0.0,0.0,0.0,0.0,0.0,0.05,304.23,76.01,0.8874864411793708,0.4377268233847646,33.39074910957999,33.211999213423944,923.9111131826406,89.86550705456217,0.9396426061450148,0.0,0.0,0.0,0.0,0.0,0.0,0.0603573938549852,0.9536533232962052,0.0,0.0,0.0,0.0,0.0,0.0,0.0463466767037946,5.288466844422241,1.4604005181163744,1.0,0.0,0.0,0.0,0.0,0.0,0.0,1.0,5.130843724671824,936.9320241360858,93.30322734807504,302.7106577576344,33.91794976874195
6,270.0,33.29145472282664,0.95,0.0,0.0,0.0,0.0,0.0,0.0,0.05,304.23,76.01,0.8874864411793708,0.4379878269020738,33.39074910957999,33.211999213423944,924.2529502321156,89.96590909594651,0.9413489558379308,0.0,0.0,0.0,0.0,0.0,0.0,0.058651044162069,0.9548872018642438,0.0,0.0,0.0,0.0,0.0,0.0,0.0451127981357561,5.2832184363874495,1.4609963133700532,1.0,0.0,0.0,0.0,0.0,0.0,0.0,1.0,5.130843724671824,936.9320241360858,93.30322734807504,302.7106577576344,33.91794976874195
6,270.0,33.3112936001773,0.95,0.0,0.0,0.0,0.0,0.0,0.0,0.05,304.23,76.01,0.8874864411793708,0.4382488304193829,33.39074910957999,33.211999213423944,924.5977101334804,90.06657512087035,0.9430624598033996,0.0,0.0,0.0,0.0,0.0,0.0,0.0569375401966004,0.9561304439083236,0.0,0.0,0.0,0.0,0.0,0.0,0.0438695560916765,5.277993246935688,1.4615908214131672,1.0,0.0,0.0,0.0,0.0,0.0,0.0,1.0,5.130843724671824,936.9320241360858,93.30322734807504,302.7106577576344,33.91794976874195
6,270.0,33.33113247752797,0.95,0.0,0.0,0.0,0.0,0.0,0.0,0.05,304.23,76.01,0.8874864411793708,0.4385098339366921,33.39074910957999,33.211999213423944,924.9454480698488,90.1675095328661,0.94478327563622,0.0,0.0,0.0,0.0,0.0,0.0,0.05521672436378,0.9573832390423084,0.0,0.0,0.0,0.0,0.0,0.0,0.0426167609576915,5.272791617294113,1.462184036611336,1.0,0.0,0.0,0.0,0.0,0.0,0.0,1.0,5.130843724671824,936.9320241360858,93.30322734807504,302.7106577576344,33.91794976874195
6,270.0,33.350971354878645,0.95,0.0,0.0,0.0,0.0,0.0,0.0,0.05,304.23,76.01,0.8874864411793708,0.4387708374540013,33.39074910957999,33.211999213423944,925.296220231734,90.26871688189864,0.9465115620993644,0.0,0.0,0.0,0.0,0.0,0.0,0.0534884379006354,0.9586457831953524,0.0,0.0,0.0,0.0,0.0,0.0,0.0413542168046475,5.267613761151858,1.4627759371297815,1.0,0.0,0.0,0.0,0.0,0.0,0.0,1.0,5.130843724671824,936.9320241360858,93.30322734807504,302.7106577576344,33.91794976874195
6,270.0,33.37081023222932,0.95,0.0,0.0,0.0,0.0,0.0,0.0,0.05,304.23,76.01,0.8874864411793708,0.4390318409713105,33.39074910957999,33.211999213423944,925.6500828168968,90.37020187131544,0.9482474739142795,0.0,0.0,0.0,0.0,0.0,0.0,0.0517525260857204,0.9599182789111924,0.0,0.0,0.0,0.0,0.0,0.0,0.0400817210888076,5.262459893933508,1.4633664999310974,1.0,0.0,0.0,0.0,0.0,0.0,0.0,1.0,5.130843724671824,936.9320241360858,93.30322734807504,302.7106577576344,33.91794976874195
6,270.0,33.39064910957999,0.95,0.0,0.0,0.0,0.0,0.0,0.0,0.05,304.23,76.01,0.8874864411793708,0.4392928444886197,33.39074910957999,33.211999213423944,926.0070981978138,90.47196936515644,0.9499911932243608,0.0,0.0,0.0,0.0,0.0,0.0,0.0500088067756392,0.9612009356652264,0.0,0.0,0.0,0.0,0.0,0.0,0.0387990643347735,5.257330235698029,1.4639559583550772,1.0,0.0,0.0,0.0,0.0,0.0,0.0,1.0,5.130843724671824,936.9320241360858,93.30322734807504,302.7106577576344,33.91794976874195
6,275.0,37.90695183116559,0.95,0.0,0.0,0.0,0.0,0.0,0.0,0.05,304.23,76.01,0.903921375275285,0.4987100622439887,38.10425093874939,37.90685183116558,892.2528406809556,104.97253546328356,0.9354708043484856,0.0,0.0,0.0,0.0,0.0,0.0,0.0645291956515145,0.95000527681529,0.0,0.0,0.0,0.0,0.0,0.0,0.04999472318471,4.290676049427983,1.6039025964958484,1.0,0.0,0.0,0.0,0.0,0.0,0.0,1.0,4.11187312512685,904.4335281070778,109.60126774294156,302.7106577576344,38.72523437118672
6,275.0,37.92886284311934,0.95,0.0,0.0,0.0,0.0,0.0,0.0,0.05,304.23,76.01,0.903921375275285,0.4989983271032672,38.10425093874939,37.90685183116558,892.5247498737125,105.0903504695944,0.9370597972724156,0.0,0.0,0.0,0.0,0.0,0.0,0.0629402027275842,0.9511652864848532,0.0,0.0,0.0,0.0,0.0,0.0,0.0488347135151467,4.285512932258523,1.6046805201888248,1.0,0.0,0.0,0.0,0.0,0.0,0.0,1.0,4.11187312512685,904.4335281070778,109.60126774294156,302.7106577576344,38.72523437118672
6,275.0,37.950773855073095,0.95,0.0,0.0,0.0,0.0,0.0,0.0,0.05,304.23,76.01,0.903921375275285,0.4992865919625456,38.10425093874939,37.90685183116558,892.7990282549097,105.20844215632516,0.93865465431817,0.0,0.0,0.0,0.0,0.0,0.0,0.0613453456818301,0.9523329602665916,0.0,0.0,0.0,0.0,0.0,0.0,0.0476670397334083,4.280368646746941,1.605457426065096,1.0,0.0,0.0,0.0,0.0,0.0,0.0,1.0,4.11187312512685,904.4335281070778,109.60126774294156,302.7106577576344,38.72523437118672
6,275.0,37.97268486702685,0.95,0.0,0.0,0.0,0.0,0.0,0.0,0.05,304.23,76.01,0.903921375275285,0.499574856821824,38.10425093874939,37.90685183116558,893.0757132441895,105.32681433354732,0.940255476518708,0.0,0.0,0.0,0.0,0.0,0.0,0.0597445234812919,0.9535084346106264,0.0,0.0,0.0,0.0,0.0,0.0,0.0464915653893737,4.275243308865647,1.6062377247440254,1.0,0.0,0.0,0.0,0.0,0.0,0.0,1.0,4.11187312512685,904.4335281070778,109.60126774294156,302.7106577576344,38.72523437118672
6,275.0,37.99459587898061,0.95,0.0,0.0,0.0,0.0,0.0,0.0,0.05,304.23,76.01,0.903921375275285,0.4998631216811025,38.10425093874939,37.90685183116558,893.3548459414995,105.4454709221913,0.9418623844489724,0.0,0.0,0.0,0.0,0.0,0.0,0.0581376155510275,0.9546918499530076,0.0,0.0,0.0,0.0,0.0,0.0,0.0453081500469924,4.270137038326553,1.6070167989844044,1.0,0.0,0.0,0.0,0.0,0.0,0.0,1.0,4.11187312512685,904.4335281070778,109.60126774294156,302.7106577576344,38.72523437118672
6,275.0,38.016506890934366,0.95,0.0,0.0,0.0,0.0,0.0,0.0,0.05,304.23,76.01,0.903921375275285,0.500151386540381,38.10425093874939,37.90685183116558,893.636468153163,105.56441595873775,0.9434754992325308,0.0,0.0,0.0,0.0,0.0,0.0,0.056524500767469,0.9558833508863028,0.0,0.0,0.0,0.0,0.0,0.0,0.044116649113697,4.265049959131363,1.607794629410248,1.0,0.0,0.0,0.0,0.0,0.0,0.0,1.0,4.11187312512685,904.4335281070778,109.60126774294156,302.7106577576344,38.72523437118672
6,275.0,38.03841790288812,0.95,0.0,0.0,0.0,0.0,0.0,0.0,0.05,304.23,76.01,0.903921375275285,0.5004396513996595,38.10425093874939,37.90685183116558,893.9206228402411,105.68365360006148,0.9450949452276493,0.0,0.0,0.0,0.0,0.0,0.0,0.0549050547723507,0.9570830863311668,0.0,0.0,0.0,0.0,0.0,0.0,0.042916913668833,4.259982201760423,1.608572701995373,1.0,0.0,0.0,0.0,0.0,0.0,0.0,1.0,4.11187312512685,904.4335281070778,109.60126774294156,302.7106577576344,38.72523437118672
6,275.0,38.06032891484188,0.95,0.0,0.0,0.0,0.0,0.0,0.0,0.05,304.23,76.01,0.903921375275285,0.500727916258938,38.10425093874939,37.90685183116558,894.2073518468387,105.80318812859028,0.9467208359835052,0.0,0.0,0.0,0.0,0.0,0.0,0.0532791640164947,0.9582912097243568,0.0,0.0,0.0,0.0,0.0,0.0,0.041708790275643,4.254933911368383,1.609351379374253,1.0,0.0,0.0,0.0,0.0,0.0,0.0,1.0,4.11187312512685,904.4335281070778,109.60126774294156,302.7106577576344,38.72523437118672
6,275.0,38.08223992679563,0.95,0.0,0.0,0.0,0.0,0.0,0.0,0.05,304.23,76.01,0.903921375275285,0.5010161811182163,38.10425093874939,37.90685183116558,894.496701837738,105.92302395770923,0.948353310599656,0.0,0.0,0.0,0.0,0.0,0.0,0.051646689400344,0.9595078792076394,0.0,0.0,0.0,0.0,0.0,0.0,0.0404921207923606,4.249905247794048,1.6101287413040886,1.0,0.0,0.0,0.0,0.0,0.0,0.0,1.0,4.11187312512685,904.4335281070778,109.60126774294156,302.7106577576344,38.72523437118672
6,275.0,38.104150938749385,0.95,0.0,0.0,0.0,0.0,0.0,0.0,0.05,304.23,76.01,0.903921375275285,0.5013044459774948,38.10425093874939,37.90685183116558,894.7887197138796,106.04316563742252,0.949992505221359,0.0,0.0,0.0,0.0,0.0,0.0,0.0500074947786409,0.9607332578365444,0.0,0.0,0.0,0.0,0.0,0.0,0.0392667421634557,4.244896386479297,1.6109047881239833,1.0,0.0,0.0,0.0,0.0,0.0,0.0,1.0,4.11187312512685,904.4335281070778,109.60126774294156,302.7106577576344,38.72523437118672
6,280.0,43.08471115770666,0.95,0.0,0.0,0.0,0.0,0.0,0.0,0.05,304.23,76.01,0.9203563093711994,0.56682951134991,43.29863673312664,43.08461115770666,857.750561304334,123.4899717310275,0.9365383226774272,0.0,0.0,0.0,0.0,0.0,0.0,0.0634616773225726,0.9500046184358916,0.0,0.0,0.0,0.0,0.0,0.0,0.0499953815641082,3.3256201563580223,1.7919811529405962,1.0,0.0,0.0,0.0,0.0,0.0,0.0,1.0,3.1449654870637134,867.6798743518019,129.30886906724652,302.7106577576344,44.02808165538378
6,280.0,43.10846955497555,0.95,0.0,0.0,0.0,0.0,0.0,0.0,0.05,304.23,76.01,0.9203563093711994,0.5671420807127423,43.29863673312664,43.08461115770666,857.9534483775695,123.62945532645544,0.9380126772596824,0.0,0.0,0.0,0.0,0.0,0.0,0.0619873227403174,0.951105099452151,0.0,0.0,0.0,0.0,0.0,0.0,0.0488949005478489,3.320755880321264,1.793027893548856,1.0,0.0,0.0,0.0,0.0,0.0,0.0,1.0,3.1449654870637134,867.6798743518019,129.30886906724652,302.7106577576344,44.02808165538378
6,280.0,43.13222795224444,0.95,0.0,0.0,0.0,0.0,0.0,0.0,0.05,304.23,76.01,0.9203563093711994,0.5674546500755747,43.29863673312664,43.08461115770666,858.1582826448494,123.76924497126896,0.9394919890328064,0.0,0.0,0.0,0.0,0.0,0.0,0.0605080109671934,0.9522120468709548,0.0,0.0,0.0,0.0,0.0,0.0,0.0477879531290452,3.3159067100682917,1.794077931979822,1.0,0.0,0.0,0.0,0.0,0.0,0.0,1.0,3.1449654870637134,867.6798743518019,129.30886906724652,302.7106577576344,44.02808165538378
6,280.0,43.15598634951332,0.95,0.0,0.0,0.0,0.0,0.0,0.0,0.05,304.23,76.01,0.9203563093711994,0.567767219438407,43.29863673312664,43.08461115770666,858.3650951327826,123.90934419489862,0.940976355930042,0.0,0.0,0.0,0.0,0.0,0.0,0.0590236440699579,0.9533255641219736,0.0,0.0,0.0,0.0,0.0,0.0,0.0466744358780264,3.3110727016336634,1.7951281106503851,1.0,0.0,0.0,0.0,0.0,0.0,0.0,1.0,3.1449654870637134,867.6798743518019,129.30886906724652,302.7106577576344,44.02808165538378
6,280.0,43.179744746782205,0.95,0.0,0.0,0.0,0.0,0.0,0.0,0.05,304.23,76.01,0.9203563093711994,0.5680797888012393,43.29863673312664,43.08461115770666,858.5739143531216,124.04975661833257,0.9424658506349316,0.0,0.0,0.0,0.0,0.0,0.0,0.0575341493650684,0.9544457573446932,0.0,0.0,0.0,0.0,0.0,0.0,0.0455542426553068,3.3062539303305254,1.7961771433796343,1.0,0.0,0.0,0.0,0.0,0.0,0.0,1.0,3.1449654870637134,867.6798743518019,129.30886906724652,302.7106577576344,44.02808165538378
6,280.0,43.2035031440511,0.95,0.0,0.0,0.0,0.0,0.0,0.0,0.05,304.23,76.01,0.9203563093711994,0.5683923581640717,43.29863673312664,43.08461115770666,858.7847731517799,124.19048595776114,0.943960578061175,0.0,0.0,0.0,0.0,0.0,0.0,0.056039421938825,0.9555727355058666,0.0,0.0,0.0,0.0,0.0,0.0,0.0444272644941334,3.3014504721596243,1.797225013728901,1.0,0.0,0.0,0.0,0.0,0.0,0.0,1.0,3.1449654870637134,867.6798743518019,129.30886906724652,302.7106577576344,44.02808165538378
6,280.0,43.22726154131998,0.95,0.0,0.0,0.0,0.0,0.0,0.0,0.05,304.23,76.01,0.9203563093711994,0.568704927526904,43.29863673312664,43.08461115770666,858.9977014014247,124.33153602820931,0.9454606141625272,0.0,0.0,0.0,0.0,0.0,0.0,0.0545393858374728,0.9567066105039976,0.0,0.0,0.0,0.0,0.0,0.0,0.0432933894960024,3.2966624045118715,1.7982717052692352,1.0,0.0,0.0,0.0,0.0,0.0,0.0,1.0,3.1449654870637134,867.6798743518019,129.30886906724652,302.7106577576344,44.02808165538378
6,280.0,43.25101993858887,0.95,0.0,0.0,0.0,0.0,0.0,0.0,0.05,304.23,76.01,0.9203563093711994,0.5690174968897365,43.29863673312664,43.08461115770666,859.2127330766241,124.4729107471646,0.9469660645401238,0.0,0.0,0.0,0.0,0.0,0.0,0.0530339354598762,0.9578474972760008,0.0,0.0,0.0,0.0,0.0,0.0,0.0421525027239993,3.291889812057729,1.7993172021064516,1.0,0.0,0.0,0.0,0.0,0.0,0.0,1.0,3.1449654870637134,867.6798743518019,129.30886906724652,302.7106577576344,44.02808165538378
6,280.0,43.27477833585776,0.95,0.0,0.0,0.0,0.0,0.0,0.0,0.05,304.23,76.01,0.9203563093711994,0.5693300662525688,43.29863673312664,43.08461115770666,859.4299018430507,124.61461413874802,0.9484770276430852,0.0,0.0,0.0,0.0,0.0,0.0,0.0515229723569149,0.9589955139184048,0.0,0.0,0.0,0.0,0.0,0.0,0.0410044860815952,3.287132754641644,1.8003614823767222,1.0,0.0,0.0,0.0,0.0,0.0,0.0,1.0,3.1449654870637134,867.6798743518019,129.30886906724652,302.7106577576344,44.02808165538378
6,280.0,43.29853673312664,0.95,0.0,0.0,0.0,0.0,0.0,0.0,0.05,304.23,76.01,0.9203563093711994,0.5696426356154011,43.29863673312664,43.08461115770666,859.6492424462028,124.7566503378138,0.9499936061009812,0.0,0.0,0.0,0.0,0.0,0.0,0.0500063938990187,0.9601507818142396,0.0,0.0,0.0,0.0,0.0,0.0,0.0398492181857602,3.282391334484968,1.8014063407240153,1.0,0.0,0.0,0.0,0.0,0.0,0.0,1.0,3.1449654870637134,867.6798743518019,129.30886906724652,302.7106577576344,44.02808165538378
6,285.0,48.782135057709255,0.95,0.0,0.0,0.0,0.0,0.0,0.0,0.05,304.23,76.01,0.9367912434671136,0.6417857526339856,49.00862249254413,48.78203505770925,817.9332670480044,146.27277297873613,0.9378059113363826,0.0,0.0,0.0,0.0,0.0,0.0,0.0621940886636174,0.950004061935246,0.0,0.0,0.0,0.0,0.0,0.0,0.0499959380647538,2.419155268912788,2.049355630199944,1.0,0.0,0.0,0.0,0.0,0.0,0.0,1.0,2.2410524707626744,824.9746819221486,153.77005765610247,302.7106577576344,49.86436423924916
6,285.0,48.80728921713535,0.95,0.0,0.0,0.0,0.0,0.0,0.0,0.05,304.23,76.01,0.9367912434671136,0.6421166848721924,49.00862249254413,48.78203505770925,818.0576031497371,146.43862121429376,0.9391435258529398,0.0,0.0,0.0,0.0,0.0,0.0,0.0608564741470601,0.951028413559074,0.0,0.0,0.0,0.0,0.0,0.0,0.048971586440926,2.4147585249396752,2.0514632687963883,1.0000000002888478,0.0,0.0,0.0,0.0,0.0,0.0,1.0000000004001048,2.2410524707626744,824.9746819221486,153.77005765610247,302.7106577576344,49.86436423924916
6,285.0,48.83244337656145,0.95,0.0,0.0,0.0,0.0,0.0,0.0,0.05,304.23,76.01,0.9367912434671136,0.6424476171103992,49.00862249254413,48.78203505770925,818.1834379613294,146.60481321675593,0.940485157302392,0.0,0.0,0.0,0.0,0.0,0.0,0.059514842697608,0.9520579992923608,0.0,0.0,0.0,0.0,0.0,0.0,0.0479420007076392,2.410372065229329,2.0529370686641277,1.0000000002970164,0.0,0.0,0.0,0.0,0.0,0.0,1.0000000004118854,2.2410524707626744,824.9746819221486,153.77005765610247,302.7106577576344,49.86436423924916
6,285.0,48.85759753598754,0.95,0.0,0.0,0.0,0.0,0.0,0.0,0.05,304.23,76.01,0.9367912434671136,0.642778549348606,49.00862249254413,48.78203505770925,818.3107926080927,146.77135215680016,0.9418308698928912,0.0,0.0,0.0,0.0,0.0,0.0,0.0581691301071086,0.953092892591748,0.0,0.0,0.0,0.0,0.0,0.0,0.0469071074082518,2.405995491993712,2.053764406140021,1.0,0.0,0.0,0.0,0.0,0.0,0.0,1.0,2.2410524707626744,824.9746819221486,153.77005765610247,302.7106577576344,49.86436423924916
6,285.0,48.88275169541364,0.95,0.0,0.0,0.0,0.0,0.0,0.0,0.05,304.23,76.01,0.9367912434671136,0.6431094815868127,49.00862249254413,48.78203505770925,818.4396885665061,146.93824127587828,0.9431807273543664,0.0,0.0,0.0,0.0,0.0,0.0,0.0568192726456336,0.95413316860661,0.0,0.0,0.0,0.0,0.0,0.0,0.0458668313933901,2.4016322664781127,2.0552329931903537,1.0,0.0,0.0,0.0,0.0,0.0,0.0,1.0,2.2410524707626744,824.9746819221486,153.77005765610247,302.7106577576344,49.86436423924916
6,285.0,48.90790585483974,0.95,0.0,0.0,0.0,0.0,0.0,0.0,0.05,304.23,76.01,0.9367912434671136,0.6434404138250196,49.00862249254413,48.78203505770925,818.5701486681821,147.1054838886466,0.9445348086964196,0.0,0.0,0.0,0.0,0.0,0.0,0.0554651913035804,0.9551789042486144,0.0,0.0,0.0,0.0,0.0,0.0,0.0448210957513858,2.39728097691466,2.056709142555558,1.0,0.0,0.0,0.0,0.0,0.0,0.0,1.0,2.2410524707626744,824.9746819221486,153.77005765610247,302.7106577576344,49.86436423924916
6,285.0,48.93306001426584,0.95,0.0,0.0,0.0,0.0,0.0,0.0,0.05,304.23,76.01,0.9367912434671136,0.6437713460632263,49.00862249254413,48.78203505770925,818.7021936141396,147.27308338534115,0.9458931529185756,0.0,0.0,0.0,0.0,0.0,0.0,0.0541068470814244,0.956230178235436,0.0,0.0,0.0,0.0,0.0,0.0,0.0437698217645639,2.392941196446561,2.058184521006823,1.0,0.0,0.0,0.0,0.0,0.0,0.0,1.0,2.2410524707626744,824.9746819221486,153.77005765610247,302.7106577576344,49.86436423924916
6,285.0,48.95821417369193,0.95,0.0,0.0,0.0,0.0,0.0,0.0,0.05,304.23,76.01,0.9367912434671136,0.6441022783014331,49.00862249254413,48.78203505770925,818.835847237416,147.44104323442616,0.9472558422758732,0.0,0.0,0.0,0.0,0.0,0.0,0.0527441577241268,0.9572870711704832,0.0,0.0,0.0,0.0,0.0,0.0,0.0427129288295168,2.3886136207484907,2.0596597914079946,1.0,0.0,0.0,0.0,0.0,0.0,0.0,1.0,2.2410524707626744,824.9746819221486,153.77005765610247,302.7106577576344,49.86436423924916
6,285.0,48.98336833311803,0.95,0.0,0.0,0.0,0.0,0.0,0.0,0.05,304.23,76.01,0.9367912434671136,0.6444332105396399,49.00862249254413,48.78203505770925,818.9711330311317,147.60936698528766,0.9486229467956332,0.0,0.0,0.0,0.0,0.0,0.0,0.0513770532043669,0.9583496655981496,0.0,0.0,0.0,0.0,0.0,0.0,0.0416503344018503,2.3842976307267096,2.0611370339454704,1.0,0.0,0.0,0.0,0.0,0.0,0.0,1.0,2.2410524707626744,824.9746819221486,153.77005765610247,302.7106577576344,49.86436423924916
6,285.0,49.00852249254413,0.95,0.0,0.0,0.0,0.0,0.0,0.0,0.05,304.23,76.01,0.9367912434671136,0.6447641427778467,49.00862249254413,48.78203505770925,819.1080751053165,147.77805827092595,0.949994539259328,0.0,0.0,0.0,0.0,0.0,0.0,0.050005460740672,0.9594180460735868,0.0,0.0,0.0,0.0,0.0,0.0,0.0405819539264133,2.3799935276883906,2.0626116051877923,1.0,0.0,0.0,0.0,0.0,0.0,0.0,1.0,2.2410524707626744,824.9746819221486,153.77005765610247,302.7106577576344,49.86436423924916
6,290.0,55.040476942798655,0.95,0.0,0.0,0.0,0.0,0.0,0.0,0.05,304.23,76.01,0.953226177563028,0.7241215227312018,55.271872386990935,55.04037694279865,770.252125668274,175.36703952763207,0.9393452714376688,0.0,0.0,0.0,0.0,0.0,0.0,0.060654728562331,0.9500035890767936,0.0,0.0,0.0,0.0,0.0,0.0,0.0499964109232064,1.586100832108393,2.435453902984912,1.0000000001508809,0.0,0.0,0.0,0.0,0.0,0.0,1.0000000001978118,1.4167983026644004,773.2637021553837,185.44864903964933,302.7106577576344,56.27641671412855
6,290.0,55.0661764365978,0.95,0.0,0.0,0.0,0.0,0.0,0.0,0.05,304.23,76.01,0.953226177563028,0.7244596294776713,55.271872386990935,55.04037694279865,770.2849133329302,175.56598565726543,0.9405161092329044,0.0,0.0,0.0,0.0,0.0,0.0,0.0594838907670954,0.95092794039538,0.0,0.0,0.0,0.0,0.0,0.0,0.0490720596046199,1.5823532263806606,2.434446370158061,1.0,0.0,0.0,0.0,0.0,0.0,0.0,1.0,1.4167983026644004,773.2637021553837,185.44864903964933,302.7106577576344,56.27641671412855
6,290.0,55.09187593039694,0.95,0.0,0.0,0.0,0.0,0.0,0.0,0.05,304.23,76.01,0.953226177563028,0.7247977362241407,55.271872386990935,55.04037694279865,770.3187065911952,175.7653313438083,0.941689973687946,0.0,0.0,0.0,0.0,0.0,0.0,0.0583100263120539,0.9518562528379688,0.0,0.0,0.0,0.0,0.0,0.0,0.0481437471620312,1.578631378995324,2.4366485527847863,1.0,0.0,0.0,0.0,0.0,0.0,0.0,1.0,1.4167983026644004,773.2637021553837,185.44864903964933,302.7106577576344,56.27641671412855
6,290.0,55.11757542419608,0.95,0.0,0.0,0.0,0.0,0.0,0.0,0.05,304.23,76.01,0.953226177563028,0.7251358429706102,55.271872386990935,55.04037694279865,770.3535186727878,175.9650793750473,0.9428669068139216,0.0,0.0,0.0,0.0,0.0,0.0,0.0571330931860785,0.9527885733045612,0.0,0.0,0.0,0.0,0.0,0.0,0.0472114266954386,1.5749178793790737,2.438858804287623,1.0,0.0,0.0,0.0,0.0,0.0,0.0,1.0,1.4167983026644004,773.2637021553837,185.44864903964933,302.7106577576344,56.27641671412855
6,290.0,55.14327491799522,0.95,0.0,0.0,0.0,0.0,0.0,0.0,0.05,304.23,76.01,0.953226177563028,0.7254739497170796,55.271872386990935,55.04037694279865,770.3893631006168,176.1652325882838,0.9440469501042958,0.0,0.0,0.0,0.0,0.0,0.0,0.0559530498957041,0.9537249496019158,0.0,0.0,0.0,0.0,0.0,0.0,0.0462750503980842,1.571214122733301,2.441090556418615,1.0,0.0,0.0,0.0,0.0,0.0,0.0,1.0,1.4167983026644004,773.2637021553837,185.44864903964933,302.7106577576344,56.27641671412855
6,290.0,55.168974411794366,0.95,0.0,0.0,0.0,0.0,0.0,0.0,0.05,304.23,76.01,0.953226177563028,0.7258120564635491,55.271872386990935,55.04037694279865,770.4262534114417,176.36579387150024,0.9452301546327164,0.0,0.0,0.0,0.0,0.0,0.0,0.0547698453672836,0.9546654304939212,0.0,0.0,0.0,0.0,0.0,0.0,0.0453345695060787,1.5675422671616694,2.4466342490355832,1.0000000002080969,0.0,0.0,0.0,0.0,0.0,0.0,1.0000000002723126,1.4167983026644004,773.2637021553837,185.44864903964933,302.7106577576344,56.27641671412855
6,290.0,55.194673905593504,0.95,0.0,0.0,0.0,0.0,0.0,0.0,0.05,304.23,76.01,0.953226177563028,0.7261501632100185,55.271872386990935,55.04037694279865,770.4642041483199,176.56676616506903,0.9464165459915808,0.0,0.0,0.0,0.0,0.0,0.0,0.0535834540084193,0.9556100656974064,0.0,0.0,0.0,0.0,0.0,0.0,0.0443899343025937,1.5638357571081816,2.4455249547797027,1.0,0.0,0.0,0.0,0.0,0.0,0.0,1.0,1.4167983026644004,773.2637021553837,185.44864903964933,302.7106577576344,56.27641671412855
6,290.0,55.22037339939265,0.95,0.0,0.0,0.0,0.0,0.0,0.0,0.05,304.23,76.01,0.953226177563028,0.7264882699564879,55.271872386990935,55.04037694279865,770.5032293776103,176.7681524628941,0.9476061769995102,0.0,0.0,0.0,0.0,0.0,0.0,0.0523938230004897,0.9565589059512656,0.0,0.0,0.0,0.0,0.0,0.0,0.0434410940487343,1.5601791967792928,2.4511246737681005,1.0000000002207328,0.0,0.0,0.0,0.0,0.0,0.0,1.000000000288697,1.4167983026644004,773.2637021553837,185.44864903964933,302.7106577576344,56.27641671412855
6,290.0,55.24607289319179,0.95,0.0,0.0,0.0,0.0,0.0,0.0,0.05,304.23,76.01,0.953226177563028,0.7268263767029572,55.271872386990935,55.04037694279865,770.5433436971308,176.96995581414865,0.9487990926071296,0.0,0.0,0.0,0.0,0.0,0.0,0.0512009073928703,0.9575120030210456,0.0,0.0,0.0,0.0,0.0,0.0,0.0424879969789544,1.5565106545339915,2.453378918010725,1.0000000002273546,0.0,0.0,0.0,0.0,0.0,0.0,1.0000000002969731,1.4167983026644004,773.2637021553837,185.44864903964933,302.7106577576344,56.27641671412855
6,290.0,55.27177238699093,0.95,0.0,0.0,0.0,0.0,0.0,0.0,0.05,304.23,76.01,0.953226177563028,0.7271644834494267,55.271872386990935,55.04037694279865,770.5845619736633,177.17217932477956,0.9499953394585324,0.0,0.0,0.0,0.0,0.0,0.0,0.0500046605414674,0.9584694097424497,0.0,0.0,0.0,0.0,0.0,0.0,0.0415305902575503,1.5528507960523872,2.455637032851817,1.0000000002337417,0.0,0.0,0.0,0.0,0.0,0.0,1.0000000003055398,1.4167983026644004,773.2637021553837,185.44864903964933,302.7106577576344,56.27641671412855
6,295.0,61.90743611134618,0.95,0.0,0.0,0.0,0.0,0.0,0.0,0.05,304.23,76.01,0.9696611116589422,0.8144643614175263,62.12878854692645,61.907336111346176,709.510699724877,215.06221128549035,0.9413090718183632,0.0,0.0,0.0,0.0,0.0,0.0,0.0586909281816368,0.9500031871165686,0.0,0.0,0.0,0.0,0.0,0.0,0.0499968128834313,0.8508305865444871,3.108210078040571,1.0000000000003095,0.0,0.0,0.0,0.0,0.0,0.0,1.0000000000003046,0.7007191954812403,705.9625820508377,229.82343987692175,302.7106577576344,63.31231171729296
6,295.0,61.93201971529954,0.95,0.0,0.0,0.0,0.0,0.0,0.0,0.05,304.23,76.01,0.9696611116589422,0.8147877873345551,62.12878854692645,61.907336111346176,709.4324779380561,215.3048089365124,0.94226616893574,0.0,0.0,0.0,0.0,0.0,0.0,0.0577338310642599,0.9507880165295444,0.0,0.0,0.0,0.0,0.0,0.0,0.0492119834704556,0.8480376772581125,3.1120801577778083,1.0000000000003175,0.0,0.0,0.0,0.0,0.0,0.0,1.000000000000201,0.7007191954812403,705.9625820508377,229.82343987692175,302.7106577576344,63.31231171729296
6,295.0,61.956603319252906,0.95,0.0,0.0,0.0,0.0,0.0,0.0,0.05,304.23,76.01,0.9696611116589422,0.815111213251584,62.12878854692645,61.907336111346176,709.354683957026,215.547908100046,0.9432252434277786,0.0,0.0,0.0,0.0,0.0,0.0,0.0567747565722214,0.9515754816842108,0.0,0.0,0.0,0.0,0.0,0.0,0.048424518315789,0.8452506365600719,3.1159554100921643,1.0000000000000735,0.0,0.0,0.0,0.0,0.0,0.0,1.0000000000003246,0.7007191954812403,705.9625820508377,229.82343987692175,302.7106577576344,63.31231171729296
6,295.0,61.981186923206266,0.95,0.0,0.0,0.0,0.0,0.0,0.0,0.05,304.23,76.01,0.9696611116589422,0.8154346391686128,62.12878854692645,61.907336111346176,709.2773238131166,215.79151139129849,0.9441863179809292,0.0,0.0,0.0,0.0,0.0,0.0,0.0558136820190708,0.9523656069857672,0.0,0.0,0.0,0.0,0.0,0.0,0.0476343930142327,0.842469466905874,3.1198501985446856,1.000000000000105,0.0,0.0,0.0,0.0,0.0,0.0,1.0000000000002072,0.7007191954812403,705.9625820508377,229.82343987692175,302.7106577576344,63.31231171729296
6,295.0,62.00577052715963,0.95,0.0,0.0,0.0,0.0,0.0,0.0,0.05,304.23,76.01,0.9696611116589422,0.8157580650856417,62.12878854692645,61.907336111346176,709.2004038274042,216.0356214574541,0.9451494147145728,0.0,0.0,0.0,0.0,0.0,0.0,0.0548505852854271,0.9531584171936968,0.0,0.0,0.0,0.0,0.0,0.0,0.0468415828063032,0.8396941624212041,3.123747203239549,1.0000000000002076,0.0,0.0,0.0,0.0,0.0,0.0,1.0000000000001992,0.7007191954812403,705.9625820508377,229.82343987692175,302.7106577576344,63.31231171729296
6,295.0,62.03035413111299,0.95,0.0,0.0,0.0,0.0,0.0,0.0,0.05,304.23,76.01,0.9696611116589422,0.8160814910026706,62.12878854692645,61.907336111346176,709.1239293224066,216.2802409759347,0.9461145614535084,0.0,0.0,0.0,0.0,0.0,0.0,0.0538854385464917,0.9539539374720184,0.0,0.0,0.0,0.0,0.0,0.0,0.0460460625279816,0.8369241122527687,3.127659467904948,1.0000000000002351,0.0,0.0,0.0,0.0,0.0,0.0,1.0000000000001343,0.7007191954812403,705.9625820508377,229.82343987692175,302.7106577576344,63.31231171729296
6,295.0,62.05493773506636,0.95,0.0,0.0,0.0,0.0,0.0,0.0,0.05,304.23,76.01,0.9696611116589422,0.8164049169196995,62.12878854692645,61.907336111346176,709.0479090335265,216.52537265900204,0.9470817703091904,0.0,0.0,0.0,0.0,0.0,0.0,0.0529182296908095,0.9547521933298266,0.0,0.0,0.0,0.0,0.0,0.0,0.0452478066701733,0.8341604770070903,3.1315820530170586,1.0000000000001104,0.0,0.0,0.0,0.0,0.0,0.0,1.000000000000388,0.7007191954812403,705.9625820508377,229.82343987692175,302.7106577576344,63.31231171729296
6,295.0,62.07952133901972,0.95,0.0,0.0,0.0,0.0,0.0,0.0,0.05,304.23,76.01,0.9696611116589422,0.8167283428367282,62.12878854692645,61.907336111346176,708.9723484970364,216.77101924867563,0.9480510698119656,0.0,0.0,0.0,0.0,0.0,0.0,0.0519489301880344,0.955553210727404,0.0,0.0,0.0,0.0,0.0,0.0,0.044446789272596,0.831402706906471,3.135513316629698,1.0000000000005662,0.0,0.0,0.0,0.0,0.0,0.0,1.0000000000005744,0.7007191954812403,705.9625820508377,229.82343987692175,302.7106577576344,63.31231171729296
6,295.0,62.10410494297309,0.95,0.0,0.0,0.0,0.0,0.0,0.0,0.05,304.23,76.01,0.9696611116589422,0.8170517687537572,62.12878854692645,61.907336111346176,708.8972529638444,217.01718351769432,0.949022490851706,0.0,0.0,0.0,0.0,0.0,0.0,0.050977509148294,0.9563570160859908,0.0,0.0,0.0,0.0,0.0,0.0,0.0436429839140092,0.8286508186673099,3.1394549245840557,1.000000000000368,0.0,0.0,0.0,0.0,0.0,0.0,1.0000000000004643,0.7007191954812403,705.9625820508377,229.82343987692175,302.7106577576344,63.31231171729296
6,295.0,62.12868854692645,0.95,0.0,0.0,0.0,0.0,0.0,0.0,0.05,304.23,76.01,0.9696611116589422,0.817375194670786,62.12878854692645,61.907336111346176,708.8226336561509,217.2638682855845,0.9499960360113616,0.0,0.0,0.0,0.0,0.0,0.0,0.0500039639886383,0.9571636360216336,0.0,0.0,0.0,0.0,0.0,0.0,0.0428363639783664,0.8259047854368564,3.1434099988434867,1.0000000000002458,0.0,0.0,0.0,0.0,0.0,0.0,1.0000000000001008,0.7007191954812403,705.9625820508377,229.82343987692175,302.7106577576344,63.31231171729296
7,200.0,2.7687823298301435,0.95,0.0,0.05,0.0,0.0,0.0,0.0,0.0,298.77,82.83,0.6694112528031596,0.0334272887822062,38.91834885517143,2.7686823298301437,1221.7996449581226,7.507823187980187,0.9997937004234062,0.0,0.0002062995765938,0.0,0.0,0.0,0.0,0.0,0.9499672289131316,0.0,0.0500327710868682,0.0,0.0,0.0,0.0,0.0,22.501687866387933,0.6838195154871066,1.0000000098637964,0.0,5.239862112186996,0.0,0.0,0.0,0.0,0.0,22.53960113748808,1221.920496490378,7.249541730897533,302.7106577576344,2.6239816647333654
7,200.0,6.78538972153473,0.95,0.0,0.05,0.0,0.0,0.0,0.0,0.0,298.77,82.83,0.6694112528031596,0.0819194702587798,38.91834885517143,2.7686823298301437,1218.457211214104,14.76200303144118,0.9940903792720786,0.0,0.0059096207279214,0.0,0.0,0.0,0.0,0.0,0.4090486906628377,0.0,0.5909513093371623,0.0,0.0,0.0,0.0,0.0,21.479099847383587,0.7213029970216865,1.000000001441109,0.0,4.857164889370836,0.0,0.0,0.0,0.0,0.0,22.53960113748808,1221.920496490378,7.249541730897533,302.7106577576344,2.6239816647333654
7,200.0,10.801997113239317,0.95,0.0,0.05,0.0,0.0,0.0,0.0,0.0,298.77,82.83,0.6694112528031596,0.1304116517353533,38.91834885517143,2.7686823298301437,1215.1338744954544,22.191360797534408,0.9884240073824831,0.0,0.0115759926175166,0.0,0.0,0.0,0.0,0.0,0.2697397111614262,0.0,0.7302602888385737,0.0,0.0,0.0,0.0,0.0,20.509503197671744,0.7577867735627983,1.0,0.0,4.517223127880235,0.0,0.0,0.0,0.0,0.0,22.53960113748808,1221.920496490378,7.249541730897533,302.7106577576344,2.6239816647333654
7,200.0,14.818604504943904,0.95,0.0,0.05,0.0,0.0,0.0,0.0,0.0,298.77,82.83,0.6694112528031596,0.1789038332119269,38.91834885517143,2.7686823298301437,1211.8312706586123,29.8017583691048,0.9827965938213756,0.0,0.0172034061786244,0.0,0.0,0.0,0.0,0.0,0.2063274892745756,0.0,0.7936725107254243,0.0,0.0,0.0,0.0,0.0,19.588879553348303,0.7931754485821743,1.0,0.0,4.213747956959084,0.0,0.0,0.0,0.0,0.0,22.53960113748808,1221.920496490378,7.249541730897533,302.7106577576344,2.6239816647333654
7,200.0,18.835211896648488,0.95,0.0,0.05,0.0,0.0,0.0,0.0,0.0,298.77,82.83,0.6694112528031596,0.2273960146885004,38.91834885517143,2.7686823298301437,1208.551400857842,37.60002244131604,0.9772106441980758,0.0,0.0227893558019242,0.0,0.0,0.0,0.0,0.0,0.1703830194929011,0.0,0.8296169805070989,0.0,0.0,0.0,0.0,0.0,18.71365116012624,0.8276018652125365,1.0000000013102854,0.0,3.941782103571852,0.0,0.0,0.0,0.0,0.0,22.53960113748808,1221.920496490378,7.249541730897533,302.7106577576344,2.6239816647333654
7,200.0,22.85181928835308,0.95,0.0,0.05,0.0,0.0,0.0,0.0,0.0,298.77,82.83,0.6694112528031596,0.275888196165074,38.91834885517143,2.7686823298301437,1205.296402817314,45.593251538906856,0.9716688298192786,0.0,0.0283311701807214,0.0,0.0,0.0,0.0,0.0,0.1474749596139466,0.0,0.8525250403860534,0.0,0.0,0.0,0.0,0.0,17.880653197591826,0.8612219145769906,1.0,0.0,3.69723035775304,0.0,0.0,0.0,0.0,0.0,22.53960113748808,1221.920496490378,7.249541730897533,302.7106577576344,2.6239816647333654
7,200.0,26.868426680057667,0.95,0.0,0.05,0.0,0.0,0.0,0.0,0.0,298.77,82.83,0.6694112528031596,0.3243803776416475,38.91834885517143,2.7686823298301437,1202.0685199901204,53.78863545457847,0.9661739426742,0.0,0.0338260573258,0.0,0.0,0.0,0.0,0.0,0.1317920748794928,0.0,0.8682079251205073,0.0,0.0,0.0,0.0,0.0,17.08710395421192,0.8941950923179726,1.0,0.0,3.4764792570193093,0.0,0.0,0.0,0.0,0.0,22.53960113748808,1221.920496490378,7.249541730897533,302.7106577576344,2.6239816647333654
7,200.0,30.88503407176225,0.95,0.0,0.05,0.0,0.0,0.0,0.0,0.0,298.77,82.83,0.6694112528031596,0.372872559118221,38.91834885517143,2.7686823298301437,1198.8700875834409,62.19330336596482,0.9607288751527564,0.0,0.0392711248472435,0.0,0.0,0.0,0.0,0.0,0.1205445523146806,0.0,0.8794554476853195,0.0,0.0,0.0,0.0,0.0,16.330562410623987,0.9267296648855436,1.0,0.0,3.276307958750057,0.0,0.0,0.0,0.0,0.0,22.53960113748808,1221.920496490378,7.249541730897533,302.7106577576344,2.6239816647333654
7,200.0,34.90164146346684,0.95,0.0,0.05,0.0,0.0,0.0,0.0,0.0,298.77,82.83,0.6694112528031596,0.4213647405947946,38.91834885517143,2.7686823298301437,1195.7035166747412,70.81414448525763,0.9553365975891768,0.0,0.0446634024108233,0.0,0.0,0.0,0.0,0.0,0.1122272281831916,0.0,0.8877727718168085,0.0,0.0,0.0,0.0,0.0,15.608885111661552,0.9589215761143776,1.0,0.0,3.094451529877328,0.0,0.0,0.0,0.0,0.0,22.53960113748808,1221.920496490378,7.249541730897533,302.7106577576344,2.6239816647333654
7,200.0,38.91824885517143,0.95,0.0,0.05,0.0,0.0,0.0,0.0,0.0,298.77,82.83,0.6694112528031596,0.4698569220713682,38.91834885517143,2.7686823298301437,1192.571274977234,79.65758510073506,0.950000131644316,0.0,0.049999868355684,0.0,0.0,0.0,0.0,0.0,0.1059572761129394,0.0,0.8940427238870606,0.0,0.0,0.0,0.0,0.0,14.92018539167174,0.9908855779357596,1.0000000000916054,0.0,2.9284062517251783,0.0,0.0,0.0,0.0,0.0,22.53960113748808,1221.920496490378,7.249541730897533,302.7106577576344,2.6239816647333654
7,205.0,3.541567058482811,0.95,0.0,0.05,0.0,0.0,0.0,0.0,0.0,298.77,82.83,0.6861465341232387,0.0427570573280551,37.38629228613615,3.541467058482811,1206.1115657113107,9.453224018518084,0.9997189675851292,0.0,0.0002810324148707,0.0,0.0,0.0,0.0,0.0,0.9499746210857098,0.0,0.0500253789142901,0.0,0.0,0.0,0.0,0.0,21.112380977626493,0.7119401063963096,1.0,0.0,4.7601036575545,0.0,0.0,0.0,0.0,0.0,21.15779579629945,1206.2779501886548,9.12387059747945,302.7106577576344,3.35468958110042
7,205.0,7.302080972666515,0.95,0.0,0.05,0.0,0.0,0.0,0.0,0.0,298.77,82.83,0.6861465341232387,0.0881574426254559,37.38629228613615,3.541467058482811,1202.7692374834464,16.156221469902718,0.9940774713156856,0.0,0.0059225286843144,0.0,0.0,0.0,0.0,0.0,0.4837833890696653,0.0,0.5162166109303348,0.0,0.0,0.0,0.0,0.0,20.221107530355592,0.7453916575619822,1.0,0.0,4.45764179392105,0.0,0.0,0.0,0.0,0.0,21.15779579629945,1206.2779501886548,9.12387059747945,302.7106577576344,3.35468958110042
7,205.0,11.062594886850215,0.95,0.0,0.05,0.0,0.0,0.0,0.0,0.0,298.77,82.83,0.6861465341232387,0.1335578279228566,37.38629228613615,3.541467058482811,1199.4377289853323,23.004268555741564,0.98846154114044,0.0,0.01153845885956,0.0,0.0,0.0,0.0,0.0,0.3336545189629616,0.0,0.6663454810370384,0.0,0.0,0.0,0.0,0.0,19.37068856887277,0.7781423050701705,1.0,0.0,4.185333800995027,0.0,0.0,0.0,0.0,0.0,21.15779579629945,1206.2779501886548,9.12387059747945,302.7106577576344,3.35468958110042
7,205.0,14.82310880103392,0.95,0.0,0.05,0.0,0.0,0.0,0.0,0.0,298.77,82.83,0.6861465341232387,0.1789582132202574,37.38629228613615,3.541467058482811,1196.1180201360307,30.001413728851627,0.982872320816072,0.0,0.0171276791839278,0.0,0.0,0.0,0.0,0.0,0.2599825478261374,0.0,0.7400174521738625,0.0,0.0,0.0,0.0,0.0,18.55836586066551,0.8101546442847806,1.0,0.0,3.938787226164059,0.0,0.0,0.0,0.0,0.0,21.15779579629945,1206.2779501886548,9.12387059747945,302.7106577576344,3.35468958110042
7,205.0,18.583622715217626,0.95,0.0,0.05,0.0,0.0,0.0,0.0,0.0,298.77,82.83,0.6861465341232387,0.2243585985176581,37.38629228613615,3.541467058482811,1192.8114732936317,37.152583622071454,0.9773114750839638,0.0,0.0226885249160362,0.0,0.0,0.0,0.0,0.0,0.2165176919889195,0.0,0.7834823080110803,0.0,0.0,0.0,0.0,0.0,17.781679752066154,0.8415200812038641,1.000000000314868,0.0,3.7152226339428527,0.0,0.0,0.0,0.0,0.0,21.15779579629945,1206.2779501886548,9.12387059747945,302.7106577576344,3.35468958110042
7,205.0,22.34413662940133,0.95,0.0,0.05,0.0,0.0,0.0,0.0,0.0,298.77,82.83,0.6861465341232387,0.2697589838150589,37.38629228613615,3.541467058482811,1189.519581242943,44.46297363963594,0.9717808290017692,0.0,0.0282191709982306,0.0,0.0,0.0,0.0,0.0,0.1880716966101402,0.0,0.8119283033898597,0.0,0.0,0.0,0.0,0.0,17.038426922522437,0.8723254896307531,1.0,0.0,3.511686384470552,0.0,0.0,0.0,0.0,0.0,21.15779579629945,1206.2779501886548,9.12387059747945,302.7106577576344,3.35468958110042
7,205.0,26.10465054358503,0.95,0.0,0.05,0.0,0.0,0.0,0.0,0.0,298.77,82.83,0.6861465341232387,0.3151593691124596,37.38629228613615,3.541467058482811,1186.2439302923833,51.93788990118563,0.9662823143324986,0.0,0.0337176856675014,0.0,0.0,0.0,0.0,0.0,0.1681918525422612,0.0,0.8318081474577388,0.0,0.0,0.0,0.0,0.0,16.326642491019555,0.9027050709685356,1.0,0.0,3.325785741256133,0.0,0.0,0.0,0.0,0.0,21.15779579629945,1206.2779501886548,9.12387059747945,302.7106577576344,3.35468958110042
7,205.0,29.86516445776873,0.95,0.0,0.05,0.0,0.0,0.0,0.0,0.0,298.77,82.83,0.6861465341232387,0.3605597544098604,37.38629228613615,3.541467058482811,1182.9861886948142,59.58264908786303,0.960817952257542,0.0,0.0391820477424581,0.0,0.0,0.0,0.0,0.0,0.1536712092682021,0.0,0.8463287907317979,0.0,0.0,0.0,0.0,0.0,15.644576529799927,0.9327661977432372,1.0,0.0,3.1555024776298315,0.0,0.0,0.0,0.0,0.0,21.15779579629945,1206.2779501886548,9.12387059747945,302.7106577576344,3.35468958110042
7,205.0,33.62567837195244,0.95,0.0,0.05,0.0,0.0,0.0,0.0,0.0,298.77,82.83,0.6861465341232387,0.4059601397072611,37.38629228613615,3.541467058482811,1179.7480985429213,67.4024760091889,0.9553898413246376,0.0,0.0446101586753624,0.0,0.0,0.0,0.0,0.0,0.1427365458416392,0.0,0.8572634541583608,0.0,0.0,0.0,0.0,0.0,14.990670265621953,0.9626028282614236,1.0,0.0,2.9991347575133545,0.0,0.0,0.0,0.0,0.0,21.15779579629945,1206.2779501886548,9.12387059747945,302.7106577576344,3.35468958110042
7,205.0,37.38619228613614,0.95,0.0,0.05,0.0,0.0,0.0,0.0,0.0,298.77,82.83,0.6861465341232387,0.4513605250046619,37.38629228613615,3.541467058482811,1176.531465217087,75.40238323094701,0.9500001423282788,0.0,0.0499998576717211,0.0,0.0,0.0,0.0,0.0,0.1343283433213625,0.0,0.8656716566786373,0.0,0.0,0.0,0.0,0.0,14.363533772425674,0.9923305466069656,1.0000000000465756,0.0,2.8551940191837826,0.0,0.0,0.0,0.0,0.0,21.15779579629945,1206.2779501886548,9.12387059747945,302.7106577576344,3.35468958110042
7,210.0,4.471631004826208,0.95,0.0,0.05,0.0,0.0,0.0,0.0,0.0,298.77,82.83,0.7028818154433176,0.0539856453558639,36.41164086407028,4.4715310048262085,1190.0688490440257,11.770836918122766,0.9996237897211984,0.0,0.0003762102788016,0.0,0.0,0.0,0.0,0.0,0.9499801141174936,0.0,0.0500198858825063,0.0,0.0,0.0,0.0,0.0,19.740086222101606,0.7421429013381022,1.0,0.0,4.336805037852826,0.0,0.0,0.0,0.0,0.0,19.793904820789816,1190.2941504876192,11.354703713715036,302.7106577576344,4.233266563955471
7,210.0,8.020509878075549,0.95,0.0,0.05,0.0,0.0,0.0,0.0,0.0,298.77,82.83,0.7028818154433176,0.0968309776418634,36.41164086407028,4.4715310048262085,1186.717082077894,18.03171203781037,0.9940321508177108,0.0,0.0059678491822891,0.0,0.0,0.0,0.0,0.0,0.5537629345707091,0.0,0.4462370654292908,0.0,0.0,0.0,0.0,0.0,18.956772534675288,0.772470003825206,1.0,0.0,4.095153157455174,0.0,0.0,0.0,0.0,0.0,19.793904820789816,1190.2941504876192,11.354703713715036,302.7106577576344,4.233266563955471
7,210.0,11.56938875132489,0.95,0.0,0.05,0.0,0.0,0.0,0.0,0.0,298.77,82.83,0.7028818154433176,0.1396763099278629,36.41164086407028,4.4715310048262085,1183.3698025707029,24.41598064586657,0.98845769688119,0.0,0.0115423031188101,0.0,0.0,0.0,0.0,0.0,0.3996023967018782,0.0,0.6003976032981218,0.0,0.0,0.0,0.0,0.0,18.20553140627104,0.802290061548564,1.0,0.0,3.875108884687188,0.0,0.0,0.0,0.0,0.0,19.793904820789816,1190.2941504876192,11.354703713715036,302.7106577576344,4.233266563955471
7,210.0,15.11826762457423,0.95,0.0,0.05,0.0,0.0,0.0,0.0,0.0,298.77,82.83,0.7028818154433176,0.1825216422138625,36.41164086407028,4.4715310048262085,1180.0275121194609,30.92661698367638,0.9829009595815644,0.0,0.0170990404184355,0.0,0.0,0.0,0.0,0.0,0.3179952464281836,0.0,0.6820047535718163,0.0,0.0,0.0,0.0,0.0,17.484419667254695,0.8316448924397314,1.0,0.0,3.6737766794687112,0.0,0.0,0.0,0.0,0.0,19.793904820789816,1190.2941504876192,11.354703713715036,302.7106577576344,4.233266563955471
7,210.0,18.667146497823573,0.95,0.0,0.05,0.0,0.0,0.0,0.0,0.0,298.77,82.83,0.7028818154433176,0.225366974499862,36.41164086407028,4.4715310048262085,1176.691095827653,37.56735543934968,0.9773629910905618,0.0,0.0226370089094382,0.0,0.0,0.0,0.0,0.0,0.2677645425593641,0.0,0.7322354574406359,0.0,0.0,0.0,0.0,0.0,16.791707460108515,0.8605627788365539,1.0,0.0,3.48908693048581,0.0,0.0,0.0,0.0,0.0,19.793904820789816,1190.2941504876192,11.354703713715036,302.7106577576344,4.233266563955471
7,210.0,22.216025371072917,0.95,0.0,0.05,0.0,0.0,0.0,0.0,0.0,298.77,82.83,0.7028818154433176,0.2682123067858615,36.41164086407028,4.4715310048262085,1173.36156775541,44.34220329165391,0.9718450044727346,0.0,0.0281549955272654,0.0,0.0,0.0,0.0,0.0,0.233951058470059,0.0,0.766048941529941,0.0,0.0,0.0,0.0,0.0,16.12583250571758,0.8891492792154316,1.000000000780381,0.0,3.3192431279613386,0.0,0.0,0.0,0.0,0.0,19.793904820789816,1190.2941504876192,11.354703713715036,302.7106577576344,4.233266563955471
7,210.0,25.764904244322253,0.95,0.0,0.05,0.0,0.0,0.0,0.0,0.0,298.77,82.83,0.7028818154433176,0.311057639071861,36.41164086407028,4.4715310048262085,1170.0400255507732,51.25529617605955,0.9663483087215836,0.0,0.0336516912784165,0.0,0.0,0.0,0.0,0.0,0.209813770182996,0.0,0.790186229817004,0.0,0.0,0.0,0.0,0.0,15.485385010664288,0.9174547520549566,1.0000000004506535,0.0,3.1626642306312958,0.0,0.0,0.0,0.0,0.0,19.793904820789816,1190.2941504876192,11.354703713715036,302.7106577576344,4.233266563955471
7,210.0,29.3137831175716,0.95,0.0,0.05,0.0,0.0,0.0,0.0,0.0,298.77,82.83,0.7028818154433176,0.3539029713578606,36.41164086407028,4.4715310048262085,1166.727637625839,58.31082117247151,0.9608742897016314,0.0,0.0391257102983686,0.0,0.0,0.0,0.0,0.0,0.1918686694836184,0.0,0.8081313305163816,0.0,0.0,0.0,0.0,0.0,14.869095243864605,0.9455698361085332,1.0,0.0,3.017962843800929,0.0,0.0,0.0,0.0,0.0,19.793904820789816,1190.2941504876192,11.354703713715036,302.7106577576344,4.233266563955471
7,210.0,32.86266199082094,0.95,0.0,0.05,0.0,0.0,0.0,0.0,0.0,298.77,82.83,0.7028818154433176,0.3967483036438602,36.41164086407028,4.4715310048262085,1163.4256371613362,65.5129503999346,0.955424400837021,0.0,0.044575599162979,0.0,0.0,0.0,0.0,0.0,0.1781343450986847,0.0,0.8218656549013154,0.0,0.0,0.0,0.0,0.0,14.275818088714267,0.9735858118526488,1.0,0.0,2.883935880321403,0.0,0.0,0.0,0.0,0.0,19.793904820789816,1190.2941504876192,11.354703713715036,302.7106577576344,4.233266563955471
7,210.0,36.41154086407028,0.95,0.0,0.05,0.0,0.0,0.0,0.0,0.0,298.77,82.83,0.7028818154433176,0.4395936359298596,36.41164086407028,4.4715310048262085,1160.1353146403787,72.86576914105152,0.9500001520311264,0.0,0.0499998479688733,0.0,0.0,0.0,0.0,0.0,0.1674013045605622,0.0,0.8325986954394379,0.0,0.0,0.0,0.0,0.0,13.704521704330414,1.0015620364899307,1.0,0.0,2.759529275081321,0.0,0.0,0.0,0.0,0.0,19.793904820789816,1190.2941504876192,11.354703713715036,302.7106577576344,4.233266563955471
7,215.0,5.579179288642553,0.95,0.0,0.05,0.0,0.0,0.0,0.0,0.0,298.77,82.83,0.7196170967633967,0.0673569876692328,35.919888386123255,5.5790792886425535,1173.607899909944,14.510999304453556,0.9995042639510532,0.0,0.0004957360489469,0.0,0.0,0.0,0.0,0.0,0.9499842530432364,0.0,0.0500157469567634,0.0,0.0,0.0,0.0,0.0,18.38505947633366,0.7746941118136469,1.0,0.0,3.96157135574337,0.0,0.0,0.0,0.0,0.0,18.448205290897207,1173.908539729092,13.989350648063478,302.7106577576344,5.278346606766283
7,215.0,8.95035807725152,0.95,0.0,0.05,0.0,0.0,0.0,0.0,0.0,298.77,82.83,0.7196170967633967,0.1080569609712848,35.919888386123255,5.5790792886425535,1170.238880146097,20.41471906014957,0.9939553230370703,0.0,0.0060446769629295,0.0,0.0,0.0,0.0,0.0,0.6168598420767174,0.0,0.3831401579232825,0.0,0.0,0.0,0.0,0.0,17.691992830900116,0.802568730364434,1.0000000000509646,0.0,3.766614099687336,0.0,0.0,0.0,0.0,0.0,18.448205290897207,1173.908539729092,13.989350648063478,302.7106577576344,5.278346606766283
7,215.0,12.321536865860487,0.95,0.0,0.05,0.0,0.0,0.0,0.0,0.0,298.77,82.83,0.7196170967633967,0.1487569342733368,35.919888386123255,5.5790792886425535,1166.869331138208,26.42598078062201,0.98841725721513,0.0,0.0115827427848699,0.0,0.0,0.0,0.0,0.0,0.464958534625486,0.0,0.535041465374514,0.0,0.0,0.0,0.0,0.0,17.02449603957845,0.8301280454528197,1.0000000004944158,0.0,3.58747638409404,0.0,0.0,0.0,0.0,0.0,18.448205290897207,1173.908539729092,13.989350648063478,302.7106577576344,5.278346606766283
7,215.0,15.692715654469453,0.95,0.0,0.05,0.0,0.0,0.0,0.0,0.0,298.77,82.83,0.7196170967633967,0.1894569075753887,35.919888386123255,5.5790792886425535,1163.4994069248082,32.54714109768481,0.9828901730126836,0.0,0.0171098269873163,0.0,0.0,0.0,0.0,0.0,0.3783956128538631,0.0,0.6216043871461367,0.0,0.0,0.0,0.0,0.0,16.38117159836183,0.8573847862486738,1.0,0.0,3.422075781981552,0.0,0.0,0.0,0.0,0.0,18.448205290897207,1173.908539729092,13.989350648063478,302.7106577576344,5.278346606766283
7,215.0,19.063894443078414,0.95,0.0,0.05,0.0,0.0,0.0,0.0,0.0,298.77,82.83,0.7196170967633967,0.2301568808774407,35.919888386123255,5.5790792886425535,1160.1296265646995,38.78117637650034,0.9773746681149512,0.0,0.0226253318850489,0.0,0.0,0.0,0.0,0.0,0.3227414139410898,0.0,0.6772585860589101,0.0,0.0,0.0,0.0,0.0,15.7607787843588,0.8844062516248763,1.0,0.0,3.268970513323008,0.0,0.0,0.0,0.0,0.0,18.448205290897207,1173.908539729092,13.989350648063478,302.7106577576344,5.278346606766283
7,215.0,22.435073231687387,0.95,0.0,0.05,0.0,0.0,0.0,0.0,0.0,298.77,82.83,0.7196170967633967,0.2708568541794928,35.919888386123255,5.5790792886425535,1156.7606376807803,45.13133116721188,0.971871502311082,0.0,0.0281284976889182,0.0,0.0,0.0,0.0,0.0,0.2841547845095873,0.0,0.7158452154904127,0.0,0.0,0.0,0.0,0.0,15.162191828219196,0.9112208565761272,1.0,0.0,3.126936234839911,0.0,0.0,0.0,0.0,0.0,18.448205290897207,1173.908539729092,13.989350648063478,302.7106577576344,5.278346606766283
7,215.0,25.806252020296352,0.95,0.0,0.05,0.0,0.0,0.0,0.0,0.0,298.77,82.83,0.7196170967633967,0.3115568274815448,35.919888386123255,5.5790792886425535,1153.3931656381908,51.60099178670568,0.966381525919524,0.0,0.0336184740804759,0.0,0.0,0.0,0.0,0.0,0.2559964280905072,0.0,0.7440035719094926,0.0,0.0,0.0,0.0,0.0,14.584386174984711,0.93789938634026,1.0000000007020378,0.0,2.9948984109788426,0.0,0.0,0.0,0.0,0.0,18.448205290897207,1173.908539729092,13.989350648063478,302.7106577576344,5.278346606766283
7,215.0,29.17743080890532,0.95,0.0,0.05,0.0,0.0,0.0,0.0,0.0,298.77,82.83,0.7196170967633967,0.3522568007835968,35.919888386123255,5.5790792886425535,1150.0279954065145,58.193622246648175,0.960905653684203,0.0,0.039094346315797,0.0,0.0,0.0,0.0,0.0,0.2346847766195451,0.0,0.7653152233804549,0.0,0.0,0.0,0.0,0.0,14.026429692060772,0.9645195992505472,1.0,0.0,2.871908762588606,0.0,0.0,0.0,0.0,0.0,18.448205290897207,1173.908539729092,13.989350648063478,302.7106577576344,5.278346606766283
7,215.0,32.548609597514286,0.95,0.0,0.05,0.0,0.0,0.0,0.0,0.0,298.77,82.83,0.7196170967633967,0.3929567740856488,35.919888386123255,5.5790792886425535,1146.6659675624942,64.91271615268717,0.9554448581888636,0.0,0.0445551418111362,0.0,0.0,0.0,0.0,0.0,0.2181180266063554,0.0,0.7818819733936445,0.0,0.0,0.0,0.0,0.0,13.487474377259163,0.9911147741203516,1.0,0.0,2.757129978499985,0.0,0.0,0.0,0.0,0.0,18.448205290897207,1173.908539729092,13.989350648063478,302.7106577576344,5.278346606766283
7,215.0,35.91978838612325,0.95,0.0,0.05,0.0,0.0,0.0,0.0,0.0,298.77,82.83,0.7196170967633967,0.4336567473877007,35.919888386123255,5.5790792886425535,1143.3079723588187,71.7617494992322,0.9500001608447184,0.0,0.0499998391552816,0.0,0.0,0.0,0.0,0.0,0.2049819222198111,0.0,0.7950180777801888,0.0,0.0,0.0,0.0,0.0,12.96674856802831,1.0177763564436866,1.0,0.0,2.649821708410005,0.0,0.0,0.0,0.0,0.0,18.448205290897207,1173.908539729092,13.989350648063478,302.7106577576344,5.278346606766283
7,220.0,6.88547825822329,0.95,0.0,0.05,0.0,0.0,0.0,0.0,0.0,298.77,82.83,0.7363523780834756,0.0831278311991221,35.86295586622186,6.88537825822329,1156.6580489300106,17.7301276632964,0.9993559829426804,0.0,0.0006440170573195,0.0,0.0,0.0,0.0,0.0,0.9499874119646352,0.0,0.0500125880353648,0.0,0.0,0.0,0.0,0.0,17.047729148097353,0.8098894058301348,1.0,0.0,3.62722219736006,0.0,0.0,0.0,0.0,0.0,17.121140165384258,1157.0541060432145,17.08052563899556,302.7106577576344,6.509407158415541
7,220.0,10.10518688133424,0.95,0.0,0.05,0.0,0.0,0.0,0.0,0.0,298.77,82.83,0.7363523780834756,0.1219991172441656,35.86295586622186,6.88537825822329,1153.2649409147543,23.34459956177964,0.9938460686229292,0.0,0.0061539313770708,0.0,0.0,0.0,0.0,0.0,0.6720981362084206,0.0,0.3279018637915792,0.0,0.0,0.0,0.0,0.0,16.431237597864033,0.8358692790453667,1.0,0.0,3.468793141637157,0.0,0.0,0.0,0.0,0.0,17.121140165384258,1157.0541060432145,17.08052563899556,302.7106577576344,6.509407158415541
7,220.0,13.324895504445196,0.95,0.0,0.05,0.0,0.0,0.0,0.0,0.0,298.77,82.83,0.7363523780834756,0.1608704032892091,35.86295586622186,6.88537825822329,1149.867164363916,29.05489022127318,0.9883421523622696,0.0,0.0116578476377303,0.0,0.0,0.0,0.0,0.0,0.5274815446611275,0.0,0.4725184553388724,0.0,0.0,0.0,0.0,0.0,15.835402185743195,0.8616902248669511,1.0,0.0,3.3220394930769306,0.0,0.0,0.0,0.0,0.0,17.121140165384258,1157.0541060432145,17.08052563899556,302.7106577576344,6.509407158415541
7,220.0,16.544604127556145,0.95,0.0,0.05,0.0,0.0,0.0,0.0,0.0,298.77,82.83,0.7363523780834756,0.1997416893342526,35.86295586622186,6.88537825822329,1146.4646222066474,34.863023904485395,0.9828440538709508,0.0,0.0171559461290492,0.0,0.0,0.0,0.0,0.0,0.4391395470395485,0.0,0.5608604529604514,0.0,0.0,0.0,0.0,0.0,15.259203187350815,0.8873454023382991,1.0,0.0,3.1854466224539992,0.0,0.0,0.0,0.0,0.0,17.121140165384258,1157.0541060432145,17.08052563899556,302.7106577576344,6.509407158415541
7,220.0,19.7643127506671,0.95,0.0,0.05,0.0,0.0,0.0,0.0,0.0,298.77,82.83,0.7363523780834756,0.2386129753792961,35.86295586622186,6.88537825822329,1143.0575475497335,40.77150363862218,0.9773520316135684,0.0,0.0226479683864314,0.0,0.0,0.0,0.0,0.0,0.3798175391339027,0.0,0.6201824608660972,0.0,0.0,0.0,0.0,0.0,14.701734318915422,0.9129041156103932,1.0,0.0,3.05800226776039,0.0,0.0,0.0,0.0,0.0,17.121140165384258,1157.0541060432145,17.08052563899556,302.7106577576344,6.509407158415541
7,220.0,22.98402137377805,0.95,0.0,0.05,0.0,0.0,0.0,0.0,0.0,298.77,82.83,0.7363523780834756,0.2774842614243396,35.86295586622186,6.88537825822329,1139.6462982068729,46.78308266676232,0.971866501816633,0.0,0.0281334981833669,0.0,0.0,0.0,0.0,0.0,0.3374246125619137,0.0,0.6625753874380863,0.0,0.0,0.0,0.0,0.0,14.162174637438492,0.9383760229095984,1.0,0.0,2.938863679155289,0.0,0.0,0.0,0.0,0.0,17.121140165384258,1157.0541060432145,17.08052563899556,302.7106577576344,6.509407158415541
7,220.0,26.203729996889003,0.95,0.0,0.05,0.0,0.0,0.0,0.0,0.0,298.77,82.83,0.7363523780834756,0.3163555474693831,35.86295586622186,6.88537825822329,1136.2313054171757,52.90066306335231,0.9663879675250449,0.0,0.0336120324749552,0.0,0.0,0.0,0.0,0.0,0.3057769199819781,0.0,0.6942230800180219,0.0,0.0,0.0,0.0,0.0,13.639770220766115,0.963832173188186,1.000000000236954,0.0,2.827294264254268,0.0,0.0,0.0,0.0,0.0,17.121140165384258,1157.0541060432145,17.08052563899556,302.7106577576344,6.509407158415541
7,220.0,29.423438619999956,0.95,0.0,0.05,0.0,0.0,0.0,0.0,0.0,298.77,82.83,0.7363523780834756,0.3552268335144266,35.86295586622186,6.88537825822329,1132.813052465043,59.12724205022111,0.9609169886022888,0.0,0.0390830113977113,0.0,0.0,0.0,0.0,0.0,0.2813836751371603,0.0,0.7186163248628398,0.0,0.0,0.0,0.0,0.0,13.133830921052908,0.9893271743493552,1.0000000000150644,0.0,2.7227446381394067,0.0,0.0,0.0,0.0,0.0,17.121140165384258,1157.0541060432145,17.08052563899556,302.7106577576344,6.509407158415541
7,220.0,32.6431472431109,0.95,0.0,0.05,0.0,0.0,0.0,0.0,0.0,298.77,82.83,0.7363523780834756,0.39409811955947,35.86295586622186,6.88537825822329,1129.39206902943,65.4658747073779,0.9554541730301648,0.0,0.0445458269698353,0.0,0.0,0.0,0.0,0.0,0.2621255864184452,0.0,0.7378744135815548,0.0,0.0,0.0,0.0,0.0,12.643724008547014,1.0148952174375332,1.0,0.0,2.624521494669806,0.0,0.0,0.0,0.0,0.0,17.121140165384258,1157.0541060432145,17.08052563899556,302.7106577576344,6.509407158415541
7,220.0,35.86285586622186,0.95,0.0,0.05,0.0,0.0,0.0,0.0,0.0,298.77,82.83,0.7363523780834756,0.4329694056045135,35.86295586622186,6.88537825822329,1125.9689258810029,71.91964044833703,0.9500001688559284,0.0,0.0499998311440715,0.0,0.0,0.0,0.0,0.0,0.2466419487591158,0.0,0.7533580512408842,0.0,0.0,0.0,0.0,0.0,12.16886926137924,1.0405831536693604,1.0,0.0,2.532097063060768,0.0,0.0,0.0,0.0,0.0,17.121140165384258,1157.0541060432145,17.08052563899556,302.7106577576344,6.509407158415541
7,225.0,8.41285898872483,0.95,0.0,0.05,0.0,0.0,0.0,0.0,0.0,298.77,82.83,0.7530876594035546,0.1015677772392228,36.210240125305205,8.41275898872483,1139.1395427057053,21.492190130436388,0.9991739348759192,0.0,0.0008260651240807,0.0,0.0,0.0,0.0,0.0,0.9499898517758832,0.0,0.0500101482241168,0.0,0.0,0.0,0.0,0.0,15.728705897882666,0.848148675488499,1.0,0.0,3.328484292088944,0.0,0.0,0.0,0.0,0.0,15.813326197117547,1139.6555629264626,20.687604017864448,302.7106577576344,7.946729358776584
7,225.0,11.501445781678203,0.95,0.0,0.05,0.0,0.0,0.0,0.0,0.0,298.77,82.83,0.7530876594035546,0.1388560398608982,36.210240125305205,8.41275898872483,1135.7159674189868,26.87292600270977,0.9937020591292596,0.0,0.0062979408707403,0.0,0.0,0.0,0.0,0.0,0.7194111090254854,0.0,0.2805888909745145,0.0,0.0,0.0,0.0,0.0,15.17808785147953,0.8727152457055681,1.0,0.0,3.198820077545773,0.0,0.0,0.0,0.0,0.0,15.813326197117547,1139.6555629264626,20.687604017864448,302.7106577576344,7.946729358776584
7,225.0,14.59003257463158,0.95,0.0,0.05,0.0,0.0,0.0,0.0,0.0,298.77,82.83,0.7530876594035546,0.1761443024825737,36.210240125305205,8.41275898872483,1132.2841428160343,32.34080381267157,0.9882322857292302,0.0,0.0117677142707698,0.0,0.0,0.0,0.0,0.0,0.585539064304663,0.0,0.4144609356953369,0.0,0.0,0.0,0.0,0.0,14.6443457816606,0.8972213329474258,1.0,0.0,3.077751531811168,0.0,0.0,0.0,0.0,0.0,15.813326197117547,1139.6555629264626,20.687604017864448,302.7106577576344,7.946729358776584
7,225.0,17.678619367584954,0.95,0.0,0.05,0.0,0.0,0.0,0.0,0.0,298.77,82.83,0.7530876594035546,0.2134325651042491,36.210240125305205,8.41275898872483,1128.8437899969829,37.89769257448464,0.9827642477003564,0.0,0.0172357522996435,0.0,0.0,0.0,0.0,0.0,0.4983716011163155,0.0,0.5016283988836844,0.0,0.0,0.0,0.0,0.0,14.126727495860097,0.9216996407930524,1.0,0.0,2.9644145076827533,0.0,0.0,0.0,0.0,0.0,15.813326197117547,1139.6555629264626,20.687604017864448,302.7106577576344,7.946729358776584
7,225.0,20.76720616053833,0.95,0.0,0.05,0.0,0.0,0.0,0.0,0.0,298.77,82.83,0.7530876594035546,0.2507208277259245,36.210240125305205,8.41275898872483,1125.3949130320875,43.545817053220105,0.9772979483101498,0.0,0.0227020516898501,0.0,0.0,0.0,0.0,0.0,0.4373162518696515,0.0,0.5626837481303485,0.0,0.0,0.0,0.0,0.0,13.624563089025038,0.9461737342695988,1.0,0.0,2.857949667270014,0.0,0.0,0.0,0.0,0.0,15.813326197117547,1139.6555629264626,20.687604017864448,302.7106577576344,7.946729358776584
7,225.0,23.855792953491704,0.95,0.0,0.05,0.0,0.0,0.0,0.0,0.0,298.77,82.83,0.7530876594035546,0.2880090903475999,36.210240125305205,8.41275898872483,1121.9376336492169,49.28762469081485,0.9718335393841364,0.0,0.0281664606158634,0.0,0.0,0.0,0.0,0.0,0.3923435846347755,0.0,0.6076564153652244,0.0,0.0,0.0,0.0,0.0,13.13724633752078,0.9706821496994388,1.0,0.0,2.757742469204977,0.0,0.0,0.0,0.0,0.0,15.813326197117547,1139.6555629264626,20.687604017864448,302.7106577576344,7.946729358776584
7,225.0,26.94437974644508,0.95,0.0,0.05,0.0,0.0,0.0,0.0,0.0,298.77,82.83,0.7530876594035546,0.3252973529692753,36.210240125305205,8.41275898872483,1118.4721417132291,55.12571202973597,0.9663712542181372,0.0,0.0336287457818629,0.0,0.0,0.0,0.0,0.0,0.3579854411348706,0.0,0.6420145588651294,0.0,0.0,0.0,0.0,0.0,12.664217661745186,0.9952663008974334,1.0,0.0,2.663381805134318,0.0,0.0,0.0,0.0,0.0,15.813326197117547,1139.6555629264626,20.687604017864448,302.7106577576344,7.946729358776584
7,225.0,30.03296653939845,0.95,0.0,0.05,0.0,0.0,0.0,0.0,0.0,298.77,82.83,0.7530876594035546,0.3625856155909507,36.210240125305205,8.41275898872483,1114.9986728104284,61.06278190508546,0.9609113768840076,0.0,0.0390886231159922,0.0,0.0,0.0,0.0,0.0,0.331007346373257,0.0,0.668992653626743,0.0,0.0,0.0,0.0,0.0,12.204962872049078,1.0199666520166797,1.0,0.0,2.5743592566603875,0.0,0.0,0.0,0.0,0.0,15.813326197117547,1139.6555629264626,20.687604017864448,302.7106577576344,7.946729358776584
7,225.0,33.12155333235183,0.95,0.0,0.05,0.0,0.0,0.0,0.0,0.0,298.77,82.83,0.7530876594035546,0.3998738782126262,36.210240125305205,8.41275898872483,1111.517501288327,67.10161419879722,0.9554542320229744,0.0,0.0445457679770254,0.0,0.0,0.0,0.0,0.0,0.3093741290274102,0.0,0.6906258709725898,0.0,0.0,0.0,0.0,0.0,11.759006366749018,1.0448220783970938,1.0,0.0,2.490209906532075,0.0,0.0,0.0,0.0,0.0,15.813326197117547,1139.6555629264626,20.687604017864448,302.7106577576344,7.946729358776584
7,225.0,36.2101401253052,0.95,0.0,0.05,0.0,0.0,0.0,0.0,0.0,298.77,82.83,0.7530876594035546,0.4371621408343016,36.210240125305205,8.41275898872483,1108.0289343033346,73.24504084639207,0.9500001761518018,0.0,0.0499998238481982,0.0,0.0,0.0,0.0,0.0,0.2917415859610042,0.0,0.7082584140389956,0.0,0.0,0.0,0.0,0.0,11.32591059631571,1.0698842209573125,1.0,0.0,2.410651225914281,0.0,0.0,0.0,0.0,0.0,15.813326197117547,1139.6555629264626,20.687604017864448,302.7106577576344,7.946729358776584
7,230.0,10.184752038014349,0.95,0.0,0.05,0.0,0.0,0.0,0.0,0.0,298.77,82.83,0.7698229407236337,0.1229597010505173,36.94310571922444,10.184652038014349,1120.9609297409395,25.87069201668505,0.9989523511087754,0.0,0.0010476488912244,0.0,0.0,0.0,0.0,0.0,0.9499917571290224,0.0,0.0500082428709775,0.0,0.0,0.0,0.0,0.0,14.428794118894976,0.8899962314171816,1.0,0.0,3.060218855755548,0.0,0.0,0.0,0.0,0.0,14.52556748614066,1121.6270137216943,24.87830228106012,302.7106577576344,9.61137473881863
7,230.0,13.15789133592658,0.95,0.0,0.05,0.0,0.0,0.0,0.0,0.0,298.77,82.83,0.7698229407236337,0.1588541752496267,36.94310571922444,10.184652038014349,1117.5005614432653,31.06403627873289,0.9935197203447682,0.0,0.0064802796552317,0.0,0.0,0.0,0.0,0.0,0.7593219677946268,0.0,0.2406780322053731,0.0,0.0,0.0,0.0,0.0,13.935581911385146,0.913551073657218,1.0,0.0,2.9535560032814385,0.0,0.0,0.0,0.0,0.0,14.52556748614066,1121.6270137216943,24.87830228106012,302.7106577576344,9.61137473881863
7,230.0,16.13103063383881,0.95,0.0,0.05,0.0,0.0,0.0,0.0,0.0,298.77,82.83,0.7698229407236337,0.1947486494487361,36.94310571922444,10.184652038014349,1114.0286778329876,36.33818133842672,0.9880859497396242,0.0,0.0119140502603758,0.0,0.0,0.0,0.0,0.0,0.638161434860752,0.0,0.3618385651392479,0.0,0.0,0.0,0.0,0.0,13.456289496295744,0.9371408635782076,1.0,0.0,2.8533343111681613,0.0,0.0,0.0,0.0,0.0,14.52556748614066,1121.6270137216943,24.87830228106012,302.7106577576344,9.61137473881863
7,230.0,19.104169931751045,0.95,0.0,0.05,0.0,0.0,0.0,0.0,0.0,298.77,82.83,0.7698229407236337,0.2306431236478455,36.94310571922444,10.184652038014349,1110.5448637037905,41.69495080217623,0.9826505532922302,0.0,0.0173494467077699,0.0,0.0,0.0,0.0,0.0,0.5546103456018046,0.0,0.4453896543981955,0.0,0.0,0.0,0.0,0.0,12.99035932555202,0.9608010444075936,1.0,0.0,2.758782780122625,0.0,0.0,0.0,0.0,0.0,14.52556748614066,1121.6270137216943,24.87830228106012,302.7106577576344,9.61137473881863
7,230.0,22.07730922966328,0.95,0.0,0.05,0.0,0.0,0.0,0.0,0.0,298.77,82.83,0.7698229407236337,0.2665375978469549,36.94310571922444,10.184652038014349,1107.0489350395976,47.13642863341897,0.9772133423078296,0.0,0.0227866576921705,0.0,0.0,0.0,0.0,0.0,0.4937036936774235,0.0,0.5062963063225765,0.0,0.0,0.0,0.0,0.0,12.537291308584583,0.984554240533018,1.0,0.0,2.669574446795525,0.0,0.0,0.0,0.0,0.0,14.52556748614066,1121.6270137216943,24.87830228106012,302.7106577576344,9.61137473881863
7,230.0,25.050448527575508,0.95,0.0,0.05,0.0,0.0,0.0,0.0,0.0,298.77,82.83,0.7698229407236337,0.3024320720460643,36.94310571922444,10.184652038014349,1103.5408131360666,52.664890903097806,0.9717742603227144,0.0,0.0282257396772854,0.0,0.0,0.0,0.0,0.0,0.4474931497477309,0.0,0.5525068502522691,0.0,0.0,0.0,0.0,0.0,12.096634745858248,1.0084328848843775,1.0,0.0,2.585092493756065,0.0,0.0,0.0,0.0,0.0,14.52556748614066,1121.6270137216943,24.87830228106012,302.7106577576344,9.61137473881863
7,230.0,28.02358782548774,0.95,0.0,0.05,0.0,0.0,0.0,0.0,0.0,298.77,82.83,0.7698229407236337,0.3383265462451738,36.94310571922444,10.184652038014349,1100.020480337785,58.282758124085305,0.9663333245237627,0.0,0.0336666754762372,0.0,0.0,0.0,0.0,0.0,0.4113673472113455,0.0,0.5886326527886545,0.0,0.0,0.0,0.0,0.0,11.667971305950498,1.0324681656361137,1.0,0.0,2.5051031981951786,0.0,0.0,0.0,0.0,0.0,14.52556748614066,1121.6270137216943,24.87830228106012,302.7106577576344,9.61137473881863
7,230.0,30.99672712339997,0.95,0.0,0.05,0.0,0.0,0.0,0.0,0.0,298.77,82.83,0.7698229407236337,0.3742210204442831,36.94310571922444,10.184652038014349,1096.4879599850003,63.992563773651845,0.9608905988508386,0.0,0.0391094011491614,0.0,0.0,0.0,0.0,0.0,0.3824676759825808,0.0,0.6175323240174192,0.0,0.0,0.0,0.0,0.0,11.250915081683877,1.0567141390500034,1.0,0.0,2.4292093138134017,0.0,0.0,0.0,0.0,0.0,14.52556748614066,1121.6270137216943,24.87830228106012,302.7106577576344,9.61137473881863
7,230.0,33.969866421312204,0.95,0.0,0.05,0.0,0.0,0.0,0.0,0.0,298.77,82.83,0.7698229407236337,0.4101154946433925,36.94310571922444,10.184652038014349,1092.9433043872034,69.79693193801282,0.9554461777363454,0.0,0.0445538222636545,0.0,0.0,0.0,0.0,0.0,0.3589282226697137,0.0,0.6410717773302863,0.0,0.0,0.0,0.0,0.0,10.84510899264395,1.0811868575520656,1.0,0.0,2.357136315051984,0.0,0.0,0.0,0.0,0.0,14.52556748614066,1121.6270137216943,24.87830228106012,302.7106577576344,9.61137473881863
7,230.0,36.94300571922444,0.95,0.0,0.05,0.0,0.0,0.0,0.0,0.0,298.77,82.83,0.7698229407236337,0.446009968842502,36.94310571922444,10.184652038014349,1089.386592968802,75.6985589940258,0.9500001828234044,0.0,0.0499998171765957,0.0,0.0,0.0,0.0,0.0,0.3394796220599438,0.0,0.6605203779400561,0.0,0.0,0.0,0.0,0.0,10.450221204284112,1.1059347788986842,1.0,0.0,2.288641170078899,0.0,0.0,0.0,0.0,0.0,14.52556748614066,1121.6270137216943,24.87830228106012,302.7106577576344,9.61137473881863
7,235.0,12.225762298969576,0.95,0.0,0.05,0.0,0.0,0.0,0.0,0.0,298.77,82.83,0.7865582220437126,0.1476006555471396,38.05130976592272,12.225662298969576,1102.0155833555068,30.95137863479794,0.9986844772298769,0.0,0.001315522770123,0.0,0.0,0.0,0.0,0.0,0.9499932605369288,0.0,0.0500067394630711,0.0,0.0,0.0,0.0,0.0,13.14901240320932,0.936143858284472,1.0,0.0,2.818678561512172,0.0,0.0,0.0,0.0,0.0,13.258875583506692,1102.8688895247462,29.73094022392497,302.7106577576344,11.525181126674264
7,235.0,15.09525646196437,0.95,0.0,0.05,0.0,0.0,0.0,0.0,0.0,298.77,82.83,0.7865582220437126,0.1822438302784543,38.05130976592272,12.225662298969576,1098.5117998688197,35.99683220430816,0.9932942153496838,0.0,0.0067057846503162,0.0,0.0,0.0,0.0,0.0,0.79265997141218,0.0,0.2073400285878199,0.0,0.0,0.0,0.0,0.0,12.706451584089262,0.9590388367448052,1.0,0.0,2.730472125684252,0.0,0.0,0.0,0.0,0.0,13.258875583506692,1102.8688895247462,29.73094022392497,302.7106577576344,11.525181126674264
7,235.0,17.964750624959162,0.95,0.0,0.05,0.0,0.0,0.0,0.0,0.0,298.77,82.83,0.7865582220437126,0.2168870050097689,38.05130976592272,12.225662298969576,1094.9933518383366,41.11861204724499,0.9878999806913455,0.0,0.0121000193086542,0.0,0.0,0.0,0.0,0.0,0.6849658089757842,0.0,0.3150341910242158,0.0,0.0,0.0,0.0,0.0,12.27546472974048,0.9820775590656068,1.0,0.0,2.647085957470768,0.0,0.0,0.0,0.0,0.0,13.258875583506692,1102.8688895247462,29.73094022392497,302.7106577576344,11.525181126674264
7,235.0,20.83424478795396,0.95,0.0,0.05,0.0,0.0,0.0,0.0,0.0,298.77,82.83,0.7865582220437126,0.2515301797410836,38.05130976592272,12.225662298969576,1091.459713214592,46.31856694933953,0.9825012098916084,0.0,0.0174987901083917,0.0,0.0,0.0,0.0,0.0,0.6068314642444965,0.0,0.3931685357555036,0.0,0.0,0.0,0.0,0.0,11.85563786783692,1.0052467426618408,1.0,0.0,2.568066100730672,0.0,0.0,0.0,0.0,0.0,13.258875583506692,1102.8688895247462,29.73094022392497,302.7106577576344,11.525181126674264
7,235.0,23.70373895094875,0.95,0.0,0.05,0.0,0.0,0.0,0.0,0.0,298.77,82.83,0.7865582220437126,0.2861733544723983,38.05130976592272,12.225662298969576,1087.9105381945508,51.59873958516111,0.9770975674357762,0.0,0.0229024325642236,0.0,0.0,0.0,0.0,0.0,0.5477249969396545,0.0,0.4522750030603455,0.0,0.0,0.0,0.0,0.0,11.446595846335033,1.0286015340596173,1.0,0.0,2.493012568954163,0.0,0.0,0.0,0.0,0.0,13.258875583506692,1102.8688895247462,29.73094022392497,302.7106577576344,11.525181126674264
7,235.0,26.573233113943544,0.95,0.0,0.05,0.0,0.0,0.0,0.0,0.0,298.77,82.83,0.7865582220437126,0.3208165292037129,38.05130976592272,12.225662298969576,1084.3455694785057,56.961337319998094,0.971688828393439,0.0,0.028311171606561,0.0,0.0,0.0,0.0,0.0,0.501592352025188,0.0,0.498407647974812,0.0,0.0,0.0,0.0,0.0,11.048002482452675,1.0521747623426336,1.0,0.0,2.42165171246218,0.0,0.0,0.0,0.0,0.0,13.258875583506692,1102.8688895247462,29.73094022392497,302.7106577576344,11.525181126674264
7,235.0,29.44272727693833,0.95,0.0,0.05,0.0,0.0,0.0,0.0,0.0,298.77,82.83,0.7865582220437126,0.3554597039350275,38.05130976592272,12.225662298969576,1080.7646018633018,62.40870549402157,0.9662748314548438,0.0,0.0337251685451561,0.0,0.0,0.0,0.0,0.0,0.4647072007920125,0.0,0.5352927992079873,0.0,0.0,0.0,0.0,0.0,10.659543844820394,1.0759915520341417,1.0,0.0,2.353710316962387,0.0,0.0,0.0,0.0,0.0,13.258875583506692,1102.8688895247462,29.73094022392497,302.7106577576344,11.525181126674264
7,235.0,32.31222143993313,0.95,0.0,0.05,0.0,0.0,0.0,0.0,0.0,298.77,82.83,0.7865582220437126,0.3901028786663423,38.05130976592272,12.225662298969576,1077.1674636262708,67.94330647494571,0.960855454698356,0.0,0.039144545301644,0.0,0.0,0.0,0.0,0.0,0.4346508919382181,0.0,0.5653491080617817,0.0,0.0,0.0,0.0,0.0,10.28092942858287,1.1000803155964882,1.0,0.0,2.2889495208839845,0.0,0.0,0.0,0.0,0.0,13.258875583506692,1102.8688895247462,29.73094022392497,302.7106577576344,11.525181126674264
7,235.0,35.18171560292792,0.95,0.0,0.05,0.0,0.0,0.0,0.0,0.0,298.77,82.83,0.7865582220437126,0.4247460533976569,38.05130976592272,12.225662298969576,1073.554004519203,73.56770388932797,0.9554305999352676,0.0,0.0445694000647324,0.0,0.0,0.0,0.0,0.0,0.4097854919277635,0.0,0.5902145080722365,0.0,0.0,0.0,0.0,0.0,9.911891102846765,1.124491699937857,1.0,0.0,2.2271827836105795,0.0,0.0,0.0,0.0,0.0,13.258875583506692,1102.8688895247462,29.73094022392497,302.7106577576344,11.525181126674264
7,235.0,38.05120976592272,0.95,0.0,0.05,0.0,0.0,0.0,0.0,0.0,298.77,82.83,0.7865582220437126,0.4593892281289716,38.05130976592272,12.225662298969576,1069.9240933889464,79.28454982212837,0.9500001889687264,0.0,0.0499998110312734,0.0,0.0,0.0,0.0,0.0,0.3889626126400781,0.0,0.6110373873599219,0.0,0.0,0.0,0.0,0.0,9.552178176556623,1.1492410854658424,1.0,0.0,2.1681790012232303,0.0,0.0,0.0,0.0,0.0,13.258875583506692,1102.8688895247462,29.73094022392497,302.7106577576344,11.525181126674264
7,240.0,14.56179620479134,0.95,0.0,0.05,0.0,0.0,0.0,0.0,0.0,298.77,82.83,0.8032935033637916,0.1758034070359934,39.53055859179817,14.56169620479134,1082.176968304157,36.83597140030616,0.9983622305367404,0.0,0.0016377694632596,0.0,0.0,0.0,0.0,0.0,0.9499944583401893,0.0,0.0500055416598108,0.0,0.0,0.0,0.0,0.0,11.89062221894177,0.987438676078253,1.0,0.0,2.6003972597571168,0.0,0.0,0.0,0.0,0.0,12.014498351825988,1083.263844328595,35.3375257790447,302.7106577576344,13.710780754884407
7,240.0,17.336092025569876,0.95,0.0,0.05,0.0,0.0,0.0,0.0,0.0,298.77,82.83,0.8032935033637916,0.2092972597557633,39.53055859179817,14.56169620479134,1078.6225093297585,41.76793190197125,0.9930192626378171,0.0,0.0069807373621828,0.0,0.0,0.0,0.0,0.0,0.8203563440705829,0.0,0.1796436559294171,0.0,0.0,0.0,0.0,0.0,11.493297624994756,1.0100433338412609,1.0,0.0,2.5271520924921247,0.0,0.0,0.0,0.0,0.0,12.014498351825988,1083.263844328595,35.3375257790447,302.7106577576344,13.710780754884407
7,240.0,20.110387846348413,0.95,0.0,0.05,0.0,0.0,0.0,0.0,0.0,298.77,82.83,0.8032935033637916,0.2427911124755331,39.53055859179817,14.56169620479134,1075.050179344595,46.77330714814529,0.9876697107866136,0.0,0.0123302892133863,0.0,0.0,0.0,0.0,0.0,0.7260149143311923,0.0,0.2739850856688077,0.0,0.0,0.0,0.0,0.0,11.105659801975223,1.0328324517082434,1.0,0.0,2.4575895878728597,0.0,0.0,0.0,0.0,0.0,12.014498351825988,1083.263844328595,35.3375257790447,302.7106577576344,13.710780754884407
7,240.0,22.88468366712695,0.95,0.0,0.05,0.0,0.0,0.0,0.0,0.0,298.77,82.83,0.8032935033637916,0.276284965195303,39.53055859179817,14.56169620479134,1071.4593496838788,51.854021594631256,0.982312955552669,0.0,0.017687044447331,0.0,0.0,0.0,0.0,0.0,0.6544596166294342,0.0,0.3455403833705658,0.0,0.0,0.0,0.0,0.0,10.727402845266996,1.0558619385133774,1.0,0.0,2.391305750795643,0.0,0.0,0.0,0.0,0.0,12.014498351825988,1083.263844328595,35.3375257790447,302.7106577576344,13.710780754884407
7,240.0,25.658979487905484,0.95,0.0,0.05,0.0,0.0,0.0,0.0,0.0,298.77,82.83,0.8032935033637916,0.3097788179150728,39.53055859179817,14.56169620479134,1067.849525068721,57.01215252075486,0.9769485439560128,0.0,0.023051456043987,0.0,0.0,0.0,0.0,0.0,0.5984716867465261,0.0,0.4015283132534739,0.0,0.0,0.0,0.0,0.0,10.358244967922412,1.079162829571524,1.0,0.0,2.328043573667994,0.0,0.0,0.0,0.0,0.0,12.014498351825988,1083.263844328595,35.3375257790447,302.7106577576344,13.710780754884407
7,240.0,28.433275308684017,0.95,0.0,0.05,0.0,0.0,0.0,0.0,0.0,298.77,82.83,0.8032935033637916,0.3432726706348427,39.53055859179817,14.56169620479134,1064.2202787670124,62.24992167531426,0.9715761090474112,0.0,0.0284238909525889,0.0,0.0,0.0,0.0,0.0,0.5535952695780686,0.0,0.4464047304219314,0.0,0.0,0.0,0.0,0.0,9.997935736563475,1.1027419205994091,1.0,0.0,2.267651065469866,0.0,0.0,0.0,0.0,0.0,12.014498351825988,1083.263844328595,35.3375257790447,302.7106577576344,13.710780754884407
7,240.0,31.20757112946256,0.95,0.0,0.05,0.0,0.0,0.0,0.0,0.0,298.77,82.83,0.8032935033637916,0.3767665233546126,39.53055859179817,14.56169620479134,1060.5712245532184,67.56968376149729,0.96619533478698,0.0,0.0338046652130198,0.0,0.0,0.0,0.0,0.0,0.5169318297367107,0.0,0.4830681702632892,0.0,0.0,0.0,0.0,0.0,9.64623939598239,1.1266698497259675,1.0,0.0,2.2098576932787872,0.0,0.0,0.0,0.0,0.0,12.014498351825988,1083.263844328595,35.3375257790447,302.7106577576344,13.710780754884407
7,240.0,33.98186695024109,0.95,0.0,0.05,0.0,0.0,0.0,0.0,0.0,298.77,82.83,0.8032935033637916,0.4102603760743823,39.53055859179817,14.56169620479134,1056.9019995884885,72.97391424481519,0.9608059346048436,0.0,0.0391940653951564,0.0,0.0,0.0,0.0,0.0,0.4865149615614703,0.0,0.5134850384385298,0.0,0.0,0.0,0.0,0.0,9.30293874882024,1.1509392476523603,1.0,0.0,2.154560010644045,0.0,0.0,0.0,0.0,0.0,12.014498351825988,1083.263844328595,35.3375257790447,302.7106577576344,13.710780754884407
7,240.0,36.756162771019625,0.95,0.0,0.05,0.0,0.0,0.0,0.0,0.0,298.77,82.83,0.8032935033637916,0.4437542287941521,39.53055859179817,14.56169620479134,1053.2122566751823,78.46520017515205,0.955407641394228,0.0,0.0445923586057719,0.0,0.0,0.0,0.0,0.0,0.4609639370664125,0.0,0.5390360629335874,0.0,0.0,0.0,0.0,0.0,8.967830499694731,1.1756155613826729,1.0,0.0,2.101582734475264,0.0,0.0,0.0,0.0,0.0,12.014498351825988,1083.263844328595,35.3375257790447,302.7106577576344,13.710780754884407
7,240.0,39.530458591798165,0.95,0.0,0.05,0.0,0.0,0.0,0.0,0.0,298.77,82.83,0.8032935033637916,0.477248081513922,39.53055859179817,14.56169620479134,1049.5016538407756,84.04623112040915,0.950000194696289,0.0,0.0499998053037108,0.0,0.0,0.0,0.0,0.0,0.4392810436015963,0.0,0.5607189563984036,0.0,0.0,0.0,0.0,0.0,8.640728779051592,1.2007142815738854,1.0,0.0,2.050761158151139,0.0,0.0,0.0,0.0,0.0,12.014498351825988,1083.263844328595,35.3375257790447,302.7106577576344,13.710780754884407
7,245.0,17.22025941081689,0.95,0.0,0.05,0.0,0.0,0.0,0.0,0.0,298.77,82.83,0.8200287846838706,0.2078988218135565,41.380738858681696,17.22015941081689,1061.2920339736245,43.6474394773938,0.9979756852049302,0.0,0.0020243147950698,0.0,0.0,0.0,0.0,0.0,0.9499954214415371,0.0,0.0500045785584628,0.0,0.0,0.0,0.0,0.0,10.655168184591671,1.0450926917043553,1.0,0.0,2.402483060914806,0.0,0.0,0.0,0.0,0.0,10.793959502416731,1062.6711211462375,41.80803719266337,302.7106577576344,16.191644196077288
7,245.0,19.904746016135203,0.95,0.0,0.05,0.0,0.0,0.0,0.0,0.0,298.77,82.83,0.8200287846838706,0.2403084150203453,41.380738858681696,17.22015941081689,1057.6786288801518,48.49656360652332,0.9926867636044976,0.0,0.0073132363955023,0.0,0.0,0.0,0.0,0.0,0.843319644986883,0.0,0.1566803550131168,0.0,0.0,0.0,0.0,0.0,10.298731165643504,1.067703287072152,1.0,0.0,2.3415453394627384,0.0,0.0,0.0,0.0,0.0,10.793959502416731,1062.6711211462375,41.80803719266337,302.7106577576344,16.191644196077288
7,245.0,22.58923262145351,0.95,0.0,0.05,0.0,0.0,0.0,0.0,0.0,298.77,82.83,0.8200287846838706,0.272718008227134,41.380738858681696,17.22015941081689,1054.0439209902029,53.417571813270285,0.9873887195134003,0.0,0.0126112804865996,0.0,0.0,0.0,0.0,0.0,0.7616650741763027,0.0,0.2383349258236972,0.0,0.0,0.0,0.0,0.0,9.950444069007412,1.0906083286266963,1.0,0.0,2.283308501933953,0.0,0.0,0.0,0.0,0.0,10.793959502416731,1062.6711211462375,41.80803719266337,302.7106577576344,16.191644196077288
7,245.0,25.273719226771824,0.95,0.0,0.05,0.0,0.0,0.0,0.0,0.0,298.77,82.83,0.8200287846838706,0.3051276014339228,41.380738858681696,17.22015941081689,1050.3871718112557,58.41250762932956,0.9820808830541268,0.0,0.0179191169458734,0.0,0.0,0.0,0.0,0.0,0.6973003317073811,0.0,0.3026996682926188,0.0,0.0,0.0,0.0,0.0,9.61008248612421,1.1138381879890091,1.0,0.0,2.2276015273047527,0.0,0.0,0.0,0.0,0.0,10.793959502416731,1062.6711211462375,41.80803719266337,302.7106577576344,16.191644196077288
7,245.0,27.958205832090137,0.95,0.0,0.05,0.0,0.0,0.0,0.0,0.0,298.77,82.83,0.8200287846838706,0.3375371946407115,41.380738858681696,17.22015941081689,1046.7077346170936,63.48354671594935,0.976762699074216,0.0,0.023237300925784,0.0,0.0,0.0,0.0,0.0,0.6453857808913404,0.0,0.3546142191086597,0.0,0.0,0.0,0.0,0.0,9.27743562050039,1.1374178989696524,1.0,0.0,2.174224181349044,0.0,0.0,0.0,0.0,0.0,10.793959502416731,1062.6711211462375,41.80803719266337,302.7106577576344,16.191644196077288
7,245.0,30.64269243740845,0.95,0.0,0.05,0.0,0.0,0.0,0.0,0.0,298.77,82.83,0.8200287846838706,0.3699467878475002,41.380738858681696,17.22015941081689,1043.0050091714097,68.63299807087664,0.9714336730264982,0.0,0.0285663269735017,0.0,0.0,0.0,0.0,0.0,0.6027381298096981,0.0,0.397261870190302,0.0,0.0,0.0,0.0,0.0,8.952318334789137,1.161364982653275,1.0,0.0,2.122996669791887,0.0,0.0,0.0,0.0,0.0,10.793959502416731,1062.6711211462375,41.80803719266337,302.7106577576344,16.191644196077288
7,245.0,33.327179042726755,0.95,0.0,0.05,0.0,0.0,0.0,0.0,0.0,298.77,82.83,0.8200287846838706,0.4023563810542889,41.380738858681696,17.22015941081689,1039.2784214330334,73.86330286717413,0.966093346433719,0.0,0.033906653566281,0.0,0.0,0.0,0.0,0.0,0.5671783231168445,0.0,0.4328216768831556,0.0,0.0,0.0,0.0,0.0,8.634555027032665,1.1857355691422775,1.0,0.0,2.0738064076469414,0.0,0.0,0.0,0.0,0.0,10.793959502416731,1062.6711211462375,41.80803719266337,302.7106577576344,16.191644196077288
7,245.0,36.01166564804507,0.95,0.0,0.05,0.0,0.0,0.0,0.0,0.0,298.77,82.83,0.8200287846838706,0.4347659742610777,41.380738858681696,17.22015941081689,1035.527408805605,79.17702905788572,0.9607412792477876,0.0,0.0392587207522122,0.0,0.0,0.0,0.0,0.0,0.5371648888127982,0.0,0.4628351111872017,0.0,0.0,0.0,0.0,0.0,8.32398369040592,1.2105646625535265,1.0,0.0,2.0265571863150216,0.0,0.0,0.0,0.0,0.0,10.793959502416731,1062.6711211462375,41.80803719266337,302.7106577576344,16.191644196077288
7,245.0,38.69615225336338,0.95,0.0,0.05,0.0,0.0,0.0,0.0,0.0,298.77,82.83,0.8200287846838706,0.4671755674678665,41.380738858681696,17.22015941081689,1031.7514121727718,84.57686751852268,0.9553770402289428,0.0,0.0446229597710573,0.0,0.0,0.0,0.0,0.0,0.5115769601511027,0.0,0.4884230398488974,0.0,0.0,0.0,0.0,0.0,8.020453742807439,1.235867501404045,1.0,0.0,1.9811001056044812,0.0,0.0,0.0,0.0,0.0,10.793959502416731,1062.6711211462375,41.80803719266337,302.7106577576344,16.191644196077288
7,245.0,41.38063885868169,0.95,0.0,0.05,0.0,0.0,0.0,0.0,0.0,298.77,82.83,0.8200287846838706,0.4995851606746552,41.380738858681696,17.22015941081689,1027.9498702433227,90.06562821022257,0.950000200129546,0.0,0.049999799870454,0.0,0.0,0.0,0.0,0.0,0.489580237494071,0.0,0.5104197625059289,0.0,0.0,0.0,0.0,0.0,7.723824851687993,1.2616835785587477,1.0,0.0,1.9373399441653791,0.0,0.0,0.0,0.0,0.0,10.793959502416731,1062.6711211462375,41.80803719266337,302.7106577576344,16.191644196077288
7,250.0,20.23035319134692,0.95,0.0,0.05,0.0,0.0,0.0,0.0,0.0,298.77,82.83,0.8367640660039496,0.2442394445411918,43.604537301970495,20.23025319134692,1039.1717313569466,51.53763190211205,0.997512287552433,0.0,0.0024877124475669,0.0,0.0,0.0,0.0,0.0,0.9499962026353526,0.0,0.0500037973646474,0.0,0.0,0.0,0.0,0.0,9.444534682895442,1.1106262269292573,1.0,0.0,2.2224941432600605,0.0,0.0,0.0,0.0,0.0,9.599114364051816,1040.9186176418627,49.27650279185157,302.7106577576344,18.99215487266697
7,250.0,22.827473648082872,0.95,0.0,0.05,0.0,0.0,0.0,0.0,0.0,298.77,82.83,0.8367640660039496,0.2755942731870442,43.604537301970495,20.23025319134692,1035.4896555869998,56.33196298659286,0.9922861685091534,0.0,0.0077138314908466,0.0,0.0,0.0,0.0,0.0,0.8623718318189955,0.0,0.1376281681810045,0.0,0.0,0.0,0.0,0.0,9.125502054647727,1.133626941628836,1.0,0.0,2.171672321972038,0.0,0.0,0.0,0.0,0.0,9.599114364051816,1040.9186176418627,49.27650279185157,302.7106577576344,18.99215487266697
7,250.0,25.424594104818823,0.95,0.0,0.05,0.0,0.0,0.0,0.0,0.0,298.77,82.83,0.8367640660039496,0.3069491018328966,43.604537301970495,20.23025319134692,1031.7824394850606,61.19794398065519,0.987048336608678,0.0,0.0129516633913221,0.0,0.0,0.0,0.0,0.0,0.7924359150628825,0.0,0.2075640849371174,0.0,0.0,0.0,0.0,0.0,8.813356498767604,1.157016834431286,1.0,0.0,2.1228872829709,0.0,0.0,0.0,0.0,0.0,9.599114364051816,1040.9186176418627,49.27650279185157,302.7106577576344,18.99215487266697
7,250.0,28.021714561554774,0.95,0.0,0.05,0.0,0.0,0.0,0.0,0.0,298.77,82.83,0.8367640660039496,0.3383039304787489,43.604537301970495,20.23025319134692,1028.049212894446,66.13778418433745,0.9817980655035944,0.0,0.0182019344964057,0.0,0.0,0.0,0.0,0.0,0.7354459302436783,0.0,0.2645540697563215,0.0,0.0,0.0,0.0,0.0,8.507930399091425,1.1808161310201506,1.0,0.0,2.075990270644977,0.0,0.0,0.0,0.0,0.0,9.599114364051816,1040.9186176418627,49.27650279185157,302.7106577576344,18.99215487266697
7,250.0,30.618835018290728,0.95,0.0,0.05,0.0,0.0,0.0,0.0,0.0,298.77,82.83,0.8367640660039496,0.3696587591246013,43.604537301970495,20.23025319134692,1024.2891597469998,71.15381883588246,0.976534700155959,0.0,0.0234652998440409,0.0,0.0,0.0,0.0,0.0,0.6882192802790672,0.0,0.3117807197209328,0.0,0.0,0.0,0.0,0.0,8.209069355766466,1.2050536518741766,1.0,0.0,2.03085863688915,0.0,0.0,0.0,0.0,0.0,9.599114364051816,1040.9186176418627,49.27650279185157,302.7106577576344,18.99215487266697
7,250.0,33.21595547502668,0.95,0.0,0.05,0.0,0.0,0.0,0.0,0.0,298.77,82.83,0.8367640660039496,0.4010135877704537,43.604537301970495,20.23025319134692,1020.5014867958672,76.24851541097243,0.971257621202218,0.0,0.0287423787977819,0.0,0.0,0.0,0.0,0.0,0.6485413056933421,0.0,0.3514586943066579,0.0,0.0,0.0,0.0,0.0,7.916638977867588,1.2297659950118849,1.0,0.0,1.9874152323256529,0.0,0.0,0.0,0.0,0.0,9.599114364051816,1040.9186176418627,49.27650279185157,302.7106577576344,18.99215487266697
7,250.0,35.81307593176263,0.95,0.0,0.05,0.0,0.0,0.0,0.0,0.0,298.77,82.83,0.8367640660039496,0.4323684164163061,43.604537301970495,20.23025319134692,1016.6854097000266,81.42447929016329,0.9659662289070968,0.0,0.0340337710929032,0.0,0.0,0.0,0.0,0.0,0.6148237988297817,0.0,0.3851762011702184,0.0,0.0,0.0,0.0,0.0,7.630510093719764,1.2549897904884575,1.0,0.0,1.9455379877403576,0.0,0.0,0.0,0.0,0.0,9.599114364051816,1040.9186176418627,49.27650279185157,302.7106577576344,18.99215487266697
7,250.0,38.41019638849859,0.95,0.0,0.05,0.0,0.0,0.0,0.0,0.0,298.77,82.83,0.8367640660039496,0.4637232450621585,43.604537301970495,20.23025319134692,1012.8401401472036,86.68445333010058,0.960659928713252,0.0,0.039340071286748,0.0,0.0,0.0,0.0,0.0,0.5858984582786158,0.0,0.4141015417213842,0.0,0.0,0.0,0.0,0.0,7.350563767418557,1.2807712474155466,1.0,0.0,1.9051373737499675,0.0,0.0,0.0,0.0,0.0,9.599114364051816,1040.9186176418627,49.27650279185157,302.7106577576344,18.99215487266697
7,250.0,41.00731684523454,0.95,0.0,0.05,0.0,0.0,0.0,0.0,0.0,298.77,82.83,0.8367640660039496,0.4950780737080109,43.604537301970495,20.23025319134692,1008.9648786064544,92.03131887297803,0.9553381231477897,0.0,0.0446618768522104,0.0,0.0,0.0,0.0,0.0,0.5608869980374828,0.0,0.4391130019625172,0.0,0.0,0.0,0.0,0.0,7.076689855514973,1.307148018984001,1.0,0.0,1.8661371686923391,0.0,0.0,0.0,0.0,0.0,9.599114364051816,1040.9186176418627,49.27650279185157,302.7106577576344,18.99215487266697
7,250.0,43.60443730197049,0.95,0.0,0.05,0.0,0.0,0.0,0.0,0.0,298.77,82.83,0.8367640660039496,0.5264329023538632,43.604537301970495,20.23025319134692,1005.0588084730722,97.46809619086808,0.9500002054130922,0.0,0.0499997945869078,0.0,0.0,0.0,0.0,0.0,0.5391166489792819,0.0,0.4608833510207182,0.0,0.0,0.0,0.0,0.0,6.808785570537533,1.3341475199243156,1.0,0.0,1.8284688550243848,0.0,0.0,0.0,0.0,0.0,9.599114364051816,1040.9186176418627,49.27650279185157,302.7106577576344,18.99215487266697
7,255.0,23.623515719850293,0.95,0.0,0.05,0.0,0.0,0.0,0.0,0.0,298.77,82.83,0.8534993473240285,0.2852048257859506,46.20624283129268,23.623415719850293,1015.5769577647663,60.69867888390949,0.9969556314842856,0.0,0.0030443685157143,0.0,0.0,0.0,0.0,0.0,0.9499968416781484,0.0,0.0500031583218516,0.0,0.0,0.0,0.0,0.0,8.26102767946273,1.1862321508039195,1.0,0.0,2.055702718321786,0.0,0.0,0.0,0.0,0.0,8.432227805466914,1017.7913832278248,57.90987351738985,302.7106577576344,22.13772066860631
7,255.0,26.13269651001056,0.95,0.0,0.05,0.0,0.0,0.0,0.0,0.0,298.77,82.83,0.8534993473240285,0.3154979658337626,46.20624283129268,23.623415719850293,1011.8144642000192,65.46464819833221,0.9918034387802644,0.0,0.0081965612197357,0.0,0.0,0.0,0.0,0.0,0.8782238771448321,0.0,0.1217761228551678,0.0,0.0,0.0,0.0,0.0,7.976641395368675,1.210036207566643,1.0,0.0,2.0158542278651463,0.0,0.0,0.0,0.0,0.0,8.432227805466914,1017.7913832278248,57.90987351738985,302.7106577576344,22.13772066860631
7,255.0,28.641877300170822,0.95,0.0,0.05,0.0,0.0,0.0,0.0,0.0,298.77,82.83,0.8534993473240285,0.3457911058815746,46.20624283129268,23.623415719850293,1008.0223744170725,70.303338471485,0.9866367826663094,0.0,0.0133632173336905,0.0,0.0,0.0,0.0,0.0,0.8189139246607645,0.0,0.1810860753392354,0.0,0.0,0.0,0.0,0.0,7.698086945222068,1.2343194017578745,1.0,0.0,1.9749461432084048,0.0,0.0,0.0,0.0,0.0,8.432227805466914,1017.7913832278248,57.90987351738985,302.7106577576344,22.13772066860631
7,255.0,31.151058090331084,0.95,0.0,0.05,0.0,0.0,0.0,0.0,0.0,298.77,82.83,0.8534993473240285,0.3760842459293865,46.20624283129268,23.623415719850293,1004.1996465188264,75.21717982849438,0.9814548627581172,0.0,0.0185451372418826,0.0,0.0,0.0,0.0,0.0,0.7691813805315358,0.0,0.2308186194684642,0.0,0.0,0.0,0.0,0.0,7.425244569875437,1.2591185534052045,1.0,0.0,1.935466735998568,0.0,0.0,0.0,0.0,0.0,8.432227805466914,1017.7913832278248,57.90987351738985,302.7106577576344,22.13772066860631
7,255.0,33.66023888049135,0.95,0.0,0.05,0.0,0.0,0.0,0.0,0.0,298.77,82.83,0.8534993473240285,0.4063773859771984,46.20624283129268,23.623415719850293,1000.3452584553064,80.20873609203163,0.9762569145662472,0.0,0.0237430854337527,0.0,0.0,0.0,0.0,0.0,0.7269709600288843,0.0,0.2730290399711157,0.0,0.0,0.0,0.0,0.0,7.158002218237156,1.2844706479322456,1.0,0.0,1.8973307232073555,0.0,0.0,0.0,0.0,0.0,8.432227805466914,1017.7913832278248,57.90987351738985,302.7106577576344,22.13772066860631
7,255.0,36.169419670651614,0.95,0.0,0.05,0.0,0.0,0.0,0.0,0.0,298.77,82.83,0.8534993473240285,0.4366705260250104,46.20624283129268,23.623415719850293,996.4581845930072,85.28071199702023,0.9710421845842024,0.0,0.0289578154157976,0.0,0.0,0.0,0.0,0.0,0.690779508548575,0.0,0.3092204914514251,0.0,0.0,0.0,0.0,0.0,6.896265455456612,1.31041304303604,1.0,0.0,1.8604634908963087,0.0,0.0,0.0,0.0,0.0,8.432227805466914,1017.7913832278248,57.90987351738985,302.7106577576344,22.13772066860631
7,255.0,38.67860046081188,0.95,0.0,0.05,0.0,0.0,0.0,0.0,0.0,298.77,82.83,0.8534993473240285,0.4669636660728224,46.20624283129268,23.623415719850293,992.5373870911504,90.43596462072011,0.965809921048243,0.0,0.034190078951757,0.0,0.0,0.0,0.0,0.0,0.6594826553652385,0.0,0.3405173446347614,0.0,0.0,0.0,0.0,0.0,6.639941486803455,1.3369907445154738,1.0,0.0,1.8247988175827223,0.0,0.0,0.0,0.0,0.0,8.432227805466914,1017.7913832278248,57.90987351738985,302.7106577576344,22.13772066860631
7,255.0,41.187781250972144,0.95,0.0,0.05,0.0,0.0,0.0,0.0,0.0,298.77,82.83,0.8534993473240285,0.4972568061206344,46.20624283129268,23.623415719850293,988.581803791278,95.67750659414374,0.9605593615230256,0.0,0.0394406384769745,0.0,0.0,0.0,0.0,0.0,0.6322228316596833,0.0,0.3677771683403168,0.0,0.0,0.0,0.0,0.0,6.38894250689774,1.3642466721589177,1.0,0.0,1.7902757741099802,0.0,0.0,0.0,0.0,0.0,8.432227805466914,1017.7913832278248,57.90987351738985,302.7106577576344,22.13772066860631
7,255.0,43.69696204113241,0.95,0.0,0.05,0.0,0.0,0.0,0.0,0.0,298.77,82.83,0.8534993473240285,0.5275499461684463,46.20624283129268,23.623415719850293,984.5903412913116,101.008511777656,0.9552897260146528,0.0,0.0447102739853471,0.0,0.0,0.0,0.0,0.0,0.6083348099499116,0.0,0.3916651900500884,0.0,0.0,0.0,0.0,0.0,6.143196763265079,1.392229328575629,1.0,0.0,1.7568394888832355,0.0,0.0,0.0,0.0,0.0,8.432227805466914,1017.7913832278248,57.90987351738985,302.7106577576344,22.13772066860631
7,255.0,46.206142831292674,0.95,0.0,0.05,0.0,0.0,0.0,0.0,0.0,298.77,82.83,0.8534993473240285,0.5578430862162583,46.20624283129268,23.623415719850293,980.5618684635812,106.43232013412356,0.950000210722777,0.0,0.049999789277223,0.0,0.0,0.0,0.0,0.0,0.5872948550098828,0.0,0.4127051449901172,0.0,0.0,0.0,0.0,0.0,5.902630438593724,1.4209692091488328,1.0,0.0,1.7244502422860275,0.0,0.0,0.0,0.0,0.0,8.432227805466914,1017.7913832278248,57.90987351738985,302.7106577576344,22.13772066860631
7,260.0,27.43408764086284,0.95,0.0,0.05,0.0,0.0,0.0,0.0,0.0,298.77,82.83,0.8702346286441076,0.3312095574171537,49.19054255336955,27.43398764086284,990.1969229102818,71.38068315404855,0.996283482642592,0.0,0.0037165173574078,0.0,0.0,0.0,0.0,0.0,0.9499973688524098,0.0,0.0500026311475901,0.0,0.0,0.0,0.0,0.0,7.107493544841841,1.2749577994828514,1.0,0.0,1.8822290948242564,0.0,0.0,0.0,0.0,0.0,7.296085655146154,993.0143761526203,67.92140682303575,302.7106577576344,25.654931900849267
7,260.0,29.851460408919134,0.95,0.0,0.05,0.0,0.0,0.0,0.0,0.0,298.77,82.83,0.8702346286441076,0.3603943065184008,49.19054255336955,27.43398764086284,986.3394730531476,76.14408722508828,0.9912193393973756,0.0,0.0087806606026245,0.0,0.0,0.0,0.0,0.0,0.8914742807463152,0.0,0.1085257192536847,0.0,0.0,0.0,0.0,0.0,6.8556118049777295,1.30006020290704,1.0,0.0,1.854129461202804,0.0,0.0,0.0,0.0,0.0,7.296085655146154,993.0143761526203,67.92140682303575,302.7106577576344,25.654931900849267
7,260.0,32.26883317697544,0.95,0.0,0.05,0.0,0.0,0.0,0.0,0.0,298.77,82.83,0.8702346286441076,0.3895790556196479,49.19054255336955,27.43398764086284,982.4470762384044,80.98269468650757,0.9861377190762828,0.0,0.0138622809237172,0.0,0.0,0.0,0.0,0.0,0.8416892554253769,0.0,0.1583107445746232,0.0,0.0,0.0,0.0,0.0,6.608673176635113,1.3257722397616,1.0,0.0,1.8268741723259143,0.0,0.0,0.0,0.0,0.0,7.296085655146154,993.0143761526203,67.92140682303575,302.7106577576344,25.654931900849267
7,260.0,34.686205945031745,0.95,0.0,0.05,0.0,0.0,0.0,0.0,0.0,298.77,82.83,0.8702346286441076,0.4187638047208951,49.19054255336955,27.43398764086284,978.5184562864092,85.89923102665568,0.9810377197875688,0.0,0.0189622802124313,0.0,0.0,0.0,0.0,0.0,0.7989048752567637,0.0,0.2010951247432363,0.0,0.0,0.0,0.0,0.0,6.366592299558053,1.3521292644305498,1.0,0.0,1.800429278765127,0.0,0.0,0.0,0.0,0.0,7.296085655146154,993.0143761526203,67.92140682303575,302.7106577576344,25.654931900849267
7,260.0,37.10357871308804,0.95,0.0,0.05,0.0,0.0,0.0,0.0,0.0,298.77,82.83,0.8702346286441076,0.4479485538221422,49.19054255336955,27.43398764086284,974.5523226682134,90.8965754961172,0.975918445124114,0.0,0.024081554875886,0.0,0.0,0.0,0.0,0.0,0.7618187068546336,0.0,0.2381812931453664,0.0,0.0,0.0,0.0,0.0,6.129298013523725,1.3791689513653247,1.0,0.0,1.772832015463009,0.0,0.0,0.0,0.0,0.0,7.296085655146154,993.0143761526203,67.92140682303575,302.7106577576344,25.654931900849267
7,260.0,39.52095148114434,0.95,0.0,0.05,0.0,0.0,0.0,0.0,0.0,298.77,82.83,0.8702346286441076,0.4771333029233894,49.19054255336955,27.43398764086284,970.5473498827504,95.97776788751682,0.9707789843510426,0.0,0.0292210156489574,0.0,0.0,0.0,0.0,0.0,0.7294354596081453,0.0,0.2705645403918547,0.0,0.0,0.0,0.0,0.0,5.896720565056823,1.4069469491802706,1.0,0.0,1.7415868532828616,0.0,0.0,0.0,0.0,0.0,7.296085655146154,993.0143761526203,67.92140682303575,302.7106577576344,25.654931900849267
7,260.0,41.93832424920065,0.95,0.0,0.05,0.0,0.0,0.0,0.0,0.0,298.77,82.83,0.8702346286441076,0.5063180520246365,49.19054255336955,27.43398764086284,966.5021733623212,101.146026494646,0.9656184087233074,0.0,0.0343815912766925,0.0,0.0,0.0,0.0,0.0,0.7009818171806175,0.0,0.2990181828193825,0.0,0.0,0.0,0.0,0.0,5.66879514035344,1.435504959158738,1.0,0.0,1.7112542650564444,0.0,0.0,0.0,0.0,0.0,7.296085655146154,993.0143761526203,67.92140682303575,302.7106577576344,25.654931900849267
7,260.0,44.355697017256944,0.95,0.0,0.05,0.0,0.0,0.0,0.0,0.0,298.77,82.83,0.8702346286441076,0.5355028011258837,49.19054255336955,27.43398764086284,962.4153762291302,106.4047541940708,0.9604357594318907,0.0,0.0395642405681091,0.0,0.0,0.0,0.0,0.0,0.6758480296596129,0.0,0.3241519703403872,0.0,0.0,0.0,0.0,0.0,5.445471673594344,1.4649226731217804,1.0,0.0,1.6818015926347496,0.0,0.0,0.0,0.0,0.0,7.296085655146154,993.0143761526203,67.92140682303575,302.7106577576344,25.654931900849267
7,260.0,46.77306978531325,0.95,0.0,0.05,0.0,0.0,0.0,0.0,0.0,298.77,82.83,0.8702346286441076,0.5646875502271309,49.19054255336955,27.43398764086284,958.285484175654,111.75755063229938,0.9552300434296288,0.0,0.0447699565703713,0.0,0.0,0.0,0.0,0.0,0.653547068467404,0.0,0.3464529315325961,0.0,0.0,0.0,0.0,0.0,5.226692153770446,1.4952175012725903,1.0,0.0,1.653181248147875,0.0,0.0,0.0,0.0,0.0,7.296085655146154,993.0143761526203,67.92140682303575,302.7106577576344,25.654931900849267
7,260.0,49.19044255336955,0.95,0.0,0.05,0.0,0.0,0.0,0.0,0.0,298.77,82.83,0.8702346286441076,0.593872299328378,49.19054255336955,27.43398764086284,954.1109459603676,117.20821601400137,0.9500002162819142,0.0,0.0499997837180858,0.0,0.0,0.0,0.0,0.0,0.6336853838922586,0.0,0.3663146161077413,0.0,0.0,0.0,0.0,0.0,5.012411846173273,1.526476150858798,1.0,0.0,1.6253603798890035,0.0,0.0,0.0,0.0,0.0,7.296085655146154,993.0143761526203,67.92140682303575,302.7106577576344,25.654931900849267
7,265.0,31.700346783049387,0.95,0.0,0.05,0.0,0.0,0.0,0.0,0.0,298.77,82.83,0.8869699099641866,0.3827157646148664,52.561077422993925,31.700246783049387,962.6142987059262,83.92047655793006,0.9954644449994078,0.0,0.0045355550005921,0.0,0.0,0.0,0.0,0.0,0.9499978075079412,0.0,0.0500021924920587,0.0,0.0,0.0,0.0,0.0,5.987495882469766,1.3813865767588296,1.0,0.0,1.7297016250405863,0.0,0.0,0.0,0.0,0.0,6.194157229336726,966.2255774553212,79.59167899763797,302.7106577576344,29.571779036695137
7,265.0,34.01819463193211,0.95,0.0,0.05,0.0,0.0,0.0,0.0,0.0,298.77,82.83,0.8869699099641866,0.4106989572851879,52.561077422993925,31.700246783049387,958.6434713962605,88.70753518214723,0.9905065262799072,0.0,0.0094934737200929,0.0,0.0,0.0,0.0,0.0,0.9026190711018076,0.0,0.0973809288981923,0.0,0.0,0.0,0.0,0.0,5.766527122403817,1.4084554414794426,1.0,0.0,1.706638588614392,0.0,0.0,0.0,0.0,0.0,6.194157229336726,966.2255774553212,79.59167899763797,302.7106577576344,29.571779036695137
7,265.0,36.33604248081484,0.95,0.0,0.05,0.0,0.0,0.0,0.0,0.0,298.77,82.83,0.8869699099641866,0.4386821499555093,52.561077422993925,31.700246783049387,954.6310647980658,93.57392397748802,0.9855277495391754,0.0,0.0144722504608245,0.0,0.0,0.0,0.0,0.0,0.8613195200084941,0.0,0.1386804799915059,0.0,0.0,0.0,0.0,0.0,5.549744480545846,1.4362797591650576,1.0,0.0,1.6841859224886424,0.0,0.0,0.0,0.0,0.0,6.194157229336726,966.2255774553212,79.59167899763797,302.7106577576344,29.571779036695137
7,265.0,38.65389032969757,0.95,0.0,0.05,0.0,0.0,0.0,0.0,0.0,298.77,82.83,0.8869699099641866,0.4666653426258308,52.561077422993925,31.700246783049387,950.5754730772088,98.52277102573696,0.980527072906166,0.0,0.0194729270938341,0.0,0.0,0.0,0.0,0.0,0.8250687390116285,0.0,0.1749312609883715,0.0,0.0,0.0,0.0,0.0,5.337092062955427,1.464927095586014,1.0,0.0,1.662318555173545,0.0,0.0,0.0,0.0,0.0,6.194157229336726,966.2255774553212,79.59167899763797,302.7106577576344,29.571779036695137
7,265.0,40.971738178580296,0.95,0.0,0.05,0.0,0.0,0.0,0.0,0.0,298.77,82.83,0.8869699099641866,0.4946485352961523,52.561077422993925,31.700246783049387,946.4750319894232,103.5573866622788,0.9755034268730552,0.0,0.0244965731269449,0.0,0.0,0.0,0.0,0.0,0.7930593711225283,0.0,0.2069406288774716,0.0,0.0,0.0,0.0,0.0,5.128524949124487,1.494435808169776,1.0,0.0,1.6410126904093167,0.0,0.0,0.0,0.0,0.0,6.194157229336726,966.2255774553212,79.59167899763797,302.7106577576344,29.571779036695137
7,265.0,43.28958602746302,0.95,0.0,0.05,0.0,0.0,0.0,0.0,0.0,298.77,82.83,0.8869699099641866,0.5226317279664737,52.561077422993925,31.700246783049387,942.3280094175605,108.68128380583452,0.9704557067138916,0.0,0.0295442932861082,0.0,0.0,0.0,0.0,0.0,0.7646501363706639,0.0,0.235349863629336,0.0,0.0,0.0,0.0,0.0,4.9239982916084575,1.524867707726208,1.0,0.0,1.6202456117707773,0.0,0.0,0.0,0.0,0.0,6.194157229336726,966.2255774553212,79.59167899763797,302.7106577576344,29.571779036695137
7,265.0,45.60743387634575,0.95,0.0,0.05,0.0,0.0,0.0,0.0,0.0,298.77,82.83,0.8869699099641866,0.5506149206367952,52.561077422993925,31.700246783049387,938.1325921608154,113.89819106574052,0.9653827619583336,0.0,0.0346172380416665,0.0,0.0,0.0,0.0,0.0,0.7393254232821754,0.0,0.2606745767178246,0.0,0.0,0.0,0.0,0.0,4.72347353752231,1.5563036118743434,1.0,0.0,1.5999952308115624,0.0,0.0,0.0,0.0,0.0,6.194157229336726,966.2255774553212,79.59167899763797,302.7106577576344,29.571779036695137
7,265.0,47.92528172522847,0.95,0.0,0.05,0.0,0.0,0.0,0.0,0.0,298.77,82.83,0.8869699099641866,0.5785981133071166,52.561077422993925,31.700246783049387,933.8868785356748,119.212071174499,0.9602833911798276,0.0,0.0397166088201721,0.0,0.0,0.0,0.0,0.0,0.7166661662578259,0.0,0.2833338337421741,0.0,0.0,0.0,0.0,0.0,4.526918959278549,1.5887920742419526,1.0,0.0,1.5794040568879333,0.0,0.0,0.0,0.0,0.0,6.194157229336726,966.2255774553212,79.59167899763797,302.7106577576344,29.571779036695137
7,265.0,50.2431295741112,0.95,0.0,0.05,0.0,0.0,0.0,0.0,0.0,298.77,82.83,0.8869699099641866,0.6065813059774381,52.561077422993925,31.700246783049387,929.5888549080672,124.6271283599806,0.955156323434248,0.0,0.0448436765657518,0.0,0.0,0.0,0.0,0.0,0.6963283988579136,0.0,0.3036716011420863,0.0,0.0,0.0,0.0,0.0,4.334300927686973,1.6224249539408235,1.0,0.0,1.5549621490822558,0.0,0.0,0.0,0.0,0.0,6.194157229336726,966.2255774553212,79.59167899763797,302.7106577576344,29.571779036695137
7,265.0,52.56097742299392,0.95,0.0,0.05,0.0,0.0,0.0,0.0,0.0,298.77,82.83,0.8869699099641866,0.6345644986477595,52.561077422993925,31.700246783049387,925.2363985491074,130.1478366683833,0.9500002223891753,0.0,0.0499997776108247,0.0,0.0,0.0,0.0,0.0,0.6780273992912779,0.0,0.321972600708722,0.0,0.0,0.0,0.0,0.0,4.145593954359465,1.6572620716549509,1.0,0.0,1.531129206805914,0.0,0.0,0.0,0.0,0.0,6.194157229336726,966.2255774553212,79.59167899763797,302.7106577576344,29.571779036695137
7,270.0,36.4661959866589,0.95,0.0,0.05,0.0,0.0,0.0,0.0,0.0,298.77,82.83,0.9037051912842656,0.4402534828764808,56.318371719458256,36.4660959866589,932.2458230093956,98.79114723400704,0.9944520008287268,0.0,0.0055479991712732,0.0,0.0,0.0,0.0,0.0,0.9499981759214609,0.0,0.0500018240785391,0.0,0.0,0.0,0.0,0.0,4.905593110616115,1.5126886382135754,1.0,0.0,1.5944770354733715,0.0,0.0,0.0,0.0,0.0,5.130843724671824,936.9320241360858,93.30322734807504,302.7106577576344,33.91794976874195
7,270.0,38.67198217919216,0.95,0.0,0.05,0.0,0.0,0.0,0.0,0.0,298.77,82.83,0.9037051912842656,0.4668837640853817,56.318371719458256,36.4660959866589,928.1377024338732,103.62978125659284,0.9896243125738408,0.0,0.0103756874261591,0.0,0.0,0.0,0.0,0.0,0.9120667753079696,0.0,0.0879332246920305,0.0,0.0,0.0,0.0,0.0,4.714460167548892,1.5426391625124432,1.0,0.0,1.5755620688755192,0.0,0.0,0.0,0.0,0.0,5.130843724671824,936.9320241360858,93.30322734807504,302.7106577576344,33.91794976874195
7,270.0,40.87776837172542,0.95,0.0,0.05,0.0,0.0,0.0,0.0,0.0,298.77,82.83,0.9037051912842656,0.4935140452942825,56.318371719458256,36.4660959866589,923.9795079882332,108.55393506623577,0.984771904020715,0.0,0.0152280959792849,0.0,0.0,0.0,0.0,0.0,0.8783133341950612,0.0,0.1216866658049388,0.0,0.0,0.0,0.0,0.0,4.5268609909097055,1.5735657830732648,1.0,0.0,1.5570792499580333,0.0,0.0,0.0,0.0,0.0,5.130843724671824,936.9320241360858,93.30322734807504,302.7106577576344,33.91794976874195
7,270.0,43.08355456425869,0.95,0.0,0.05,0.0,0.0,0.0,0.0,0.0,298.77,82.83,0.9037051912842656,0.5201443265031834,56.318371719458256,36.4660959866589,919.7691510230208,113.56729756669722,0.979893536676928,0.0,0.020106463323072,0.0,0.0,0.0,0.0,0.0,0.8481406312865994,0.0,0.1518593687134005,0.0,0.0,0.0,0.0,0.0,4.342765504072886,1.6055460729710618,1.0,0.0,1.5390123256320256,0.0,0.0,0.0,0.0,0.0,5.130843724671824,936.9320241360858,93.30322734807504,302.7106577576344,33.91794976874195
7,270.0,45.28934075679194,0.95,0.0,0.05,0.0,0.0,0.0,0.0,0.0,298.77,82.83,0.9037051912842656,0.5467746077120843,56.318371719458256,36.4660959866589,915.5044292501962,118.673789327906,0.9749879110576471,0.0,0.0250120889423527,0.0,0.0,0.0,0.0,0.0,0.8210624102136787,0.0,0.1789375897863213,0.0,0.0,0.0,0.0,0.0,4.16214645436109,1.6386448112350551,1.0,0.0,1.5213454881764232,0.0,0.0,0.0,0.0,0.0,5.130843724671824,936.9320241360858,93.30322734807504,302.7106577576344,33.91794976874195
7,270.0,47.49512694932521,0.95,0.0,0.05,0.0,0.0,0.0,0.0,0.0,298.77,82.83,0.9037051912842656,0.5734048889209853,56.318371719458256,36.4660959866589,911.183019475639,123.87759377903096,0.9700536627215972,0.0,0.0299463372784029,0.0,0.0,0.0,0.0,0.0,0.7966790069463656,0.0,0.2033209930536344,0.0,0.0,0.0,0.0,0.0,3.984986363813539,1.6729494237522198,1.0,0.0,1.504068659222927,0.0,0.0,0.0,0.0,0.0,5.130843724671824,936.9320241360858,93.30322734807504,302.7106577576344,33.91794976874195
7,270.0,49.70091314185847,0.95,0.0,0.05,0.0,0.0,0.0,0.0,0.0,298.77,82.83,0.9037051912842656,0.6000351701298862,56.318371719458256,36.4660959866589,906.8024626468192,129.1831783571549,0.965089352450816,0.0,0.034910647549184,0.0,0.0,0.0,0.0,0.0,0.7746590818945756,0.0,0.2253409181054244,0.0,0.0,0.0,0.0,0.0,3.811254229714688,1.7085359867125036,1.0,0.0,1.4871618335119523,0.0,0.0,0.0,0.0,0.0,5.130843724671824,936.9320241360858,93.30322734807504,302.7106577576344,33.91794976874195
7,270.0,51.90669933439173,0.95,0.0,0.05,0.0,0.0,0.0,0.0,0.0,298.77,82.83,0.9037051912842656,0.626665451338787,56.318371719458256,36.4660959866589,902.3601370251072,134.5953091810604,0.9600934477366124,0.0,0.0399065522633876,0.0,0.0,0.0,0.0,0.0,0.754725756564298,0.0,0.245274243435702,0.0,0.0,0.0,0.0,0.0,3.640945761220201,1.7455177145833467,1.0,0.0,1.4706134812251033,0.0,0.0,0.0,0.0,0.0,5.130843724671824,936.9320241360858,93.30322734807504,302.7106577576344,33.91794976874195
7,270.0,54.11248552692499,0.95,0.0,0.05,0.0,0.0,0.0,0.0,0.0,298.77,82.83,0.9037051912842656,0.6532957325476879,56.318371719458256,36.4660959866589,897.853249774267,140.1190872918123,0.95506431898954,0.0,0.0449356810104601,0.0,0.0,0.0,0.0,0.0,0.7366460969373183,0.0,0.2633539030626816,0.0,0.0,0.0,0.0,0.0,3.4740452313784806,1.783981221887743,1.0,0.0,1.4544074604217627,0.0,0.0,0.0,0.0,0.0,5.130843724671824,936.9320241360858,93.30322734807504,302.7106577576344,33.91794976874195
7,270.0,56.31827171945825,0.95,0.0,0.05,0.0,0.0,0.0,0.0,0.0,298.77,82.83,0.9037051912842656,0.6799260137565888,56.318371719458256,36.4660959866589,893.2788201691798,145.7599758188306,0.9500002294685288,0.0,0.0499997705314712,0.0,0.0,0.0,0.0,0.0,0.7202229067407788,0.0,0.279777093259221,0.0,0.0,0.0,0.0,0.0,3.310542191709168,1.8240398429251956,1.0,0.0,1.4385315884418175,0.0,0.0,0.0,0.0,0.0,5.130843724671824,936.9320241360858,93.30322734807504,302.7106577576344,33.91794976874195
7,275.0,41.78411431526048,0.95,0.0,0.05,0.0,0.0,0.0,0.0,0.0,298.77,82.83,0.9204404726043446,0.5044562877612034,60.456358375515045,41.78401431526048,898.2335008521411,116.6939090220674,0.9931730124040348,0.0,0.0068269875959653,0.0,0.0,0.0,0.0,0.0,0.9499984887218906,0.0,0.0500015112781094,0.0,0.0,0.0,0.0,0.0,3.8677955318154553,1.6807927090578794,1.0,0.0,1.4734608605369997,0.0,0.0,0.0,0.0,0.0,4.11187312512685,904.4335281070778,109.60126774294156,302.7106577576344,38.72523437118672
7,275.0,43.858796988622096,0.95,0.0,0.05,0.0,0.0,0.0,0.0,0.0,298.77,82.83,0.9204404726043446,0.5295037666138126,60.456358375515045,41.78401431526048,893.9562088092907,121.61543095340572,0.988508539012664,0.0,0.0114914609873359,0.0,0.0,0.0,0.0,0.0,0.9201550249448672,0.0,0.0798449750551326,0.0,0.0,0.0,0.0,0.0,3.705938927400988,1.7150435127690695,1.0,0.0,1.4580042023893989,0.0,0.0,0.0,0.0,0.0,4.11187312512685,904.4335281070778,109.60126774294156,302.7106577576344,38.72523437118672
7,275.0,45.93347966198372,0.95,0.0,0.05,0.0,0.0,0.0,0.0,0.0,298.77,82.83,0.9204404726043446,0.5545512454664218,60.456358375515045,41.78401431526048,889.6175537604009,126.6314540523093,0.983814870518914,0.0,0.0161851294810857,0.0,0.0,0.0,0.0,0.0,0.8931278518645642,0.0,0.1068721481354358,0.0,0.0,0.0,0.0,0.0,3.547047056705722,1.7505953108336494,1.0,0.0,1.4428467105608682,0.0,0.0,0.0,0.0,0.0,4.11187312512685,904.4335281070778,109.60126774294156,302.7106577576344,38.72523437118672
7,275.0,48.00816233534533,0.95,0.0,0.05,0.0,0.0,0.0,0.0,0.0,298.77,82.83,0.9204404726043446,0.5795987243190309,60.456358375515045,41.78401431526048,885.2147057384143,131.74647419086574,0.9790904867457374,0.0,0.0209095132542626,0.0,0.0,0.0,0.0,0.0,0.8685832252596059,0.0,0.131416774740394,0.0,0.0,0.0,0.0,0.0,3.3911098368339467,1.7875470152306427,1.0,0.0,1.4279793300556818,0.0,0.0,0.0,0.0,0.0,4.11187312512685,904.4335281070778,109.60126774294156,302.7106577576344,38.72523437118672
7,275.0,50.08284500870696,0.95,0.0,0.05,0.0,0.0,0.0,0.0,0.0,298.77,82.83,0.9204404726043446,0.6046462031716402,60.456358375515045,41.78401431526048,880.7446462731342,136.9653110972563,0.9743337714358116,0.0,0.0256662285641882,0.0,0.0,0.0,0.0,0.0,0.8462402035967298,0.0,0.1537597964032702,0.0,0.0,0.0,0.0,0.0,3.2381181288672654,1.8261597159845508,1.0000000000441187,0.0,1.4134578893114944,0.0,0.0,0.0,0.0,0.0,4.11187312512685,904.4335281070778,109.60126774294156,302.7106577576344,38.72523437118672
7,275.0,52.15752768206857,0.95,0.0,0.05,0.0,0.0,0.0,0.0,0.0,298.77,82.83,0.9204404726043446,0.6296936820242494,60.456358375515045,41.78401431526048,876.2041503351115,142.2931421823859,0.9695430026346772,0.0,0.0304569973653227,0.0,0.0,0.0,0.0,0.0,0.825860787933736,0.0,0.1741392120662641,0.0,0.0,0.0,0.0,0.0,3.0880627444501245,1.866071400882109,1.0,0.0,1.39905633903708,0.0,0.0,0.0,0.0,0.0,4.11187312512685,904.4335281070778,109.60126774294156,302.7106577576344,38.72523437118672
7,275.0,54.23221035543018,0.95,0.0,0.05,0.0,0.0,0.0,0.0,0.0,298.77,82.83,0.9204404726043446,0.6547411608768584,60.456358375515045,41.78401431526048,871.5897450614385,147.7355257437529,0.9647163276644892,0.0,0.0352836723355107,0.0,0.0,0.0,0.0,0.0,0.8072421478834988,0.0,0.1927578521165012,0.0,0.0,0.0,0.0,0.0,2.940945261156049,1.9078965876868537,1.0,0.0,1.384988818100684,0.0,0.0,0.0,0.0,0.0,4.11187312512685,904.4335281070778,109.60126774294156,302.7106577576344,38.72523437118672
7,275.0,56.306893028791805,0.95,0.0,0.05,0.0,0.0,0.0,0.0,0.0,298.77,82.83,0.9204404726043446,0.6797886397294677,60.456358375515045,41.78401431526048,866.8977091322819,153.298460132442,0.9598517665085072,0.0,0.0401482334914926,0.0,0.0,0.0,0.0,0.0,0.7902106142785601,0.0,0.2097893857214399,0.0,0.0,0.0,0.0,0.0,2.79676288761194,1.9515969164355735,1.0,0.0,1.3711660076006738,0.0,0.0,0.0,0.0,0.0,4.11187312512685,904.4335281070778,109.60126774294156,302.7106577576344,38.72523437118672
7,275.0,58.38157570215343,0.95,0.0,0.05,0.0,0.0,0.0,0.0,0.0,298.77,82.83,0.9204404726043446,0.7048361185820768,60.456358375515045,41.78401431526048,862.124008523758,158.98840605125497,0.9549471724665548,0.0,0.045052827533445,0.0,0.0,0.0,0.0,0.0,0.7746167301873236,0.0,0.2253832698126764,0.0,0.0,0.0,0.0,0.0,2.6555301146675405,1.9973414449170344,1.0,0.0,1.357578823312077,0.0,0.0,0.0,0.0,0.0,4.11187312512685,904.4335281070778,109.60126774294156,302.7106577576344,38.72523437118672
7,275.0,60.45625837551504,0.95,0.0,0.05,0.0,0.0,0.0,0.0,0.0,298.77,82.83,0.9204404726043446,0.729883597434686,60.456358375515045,41.78401431526048,857.2642984816056,164.81235918540318,0.9500002381641702,0.0,0.0499997618358297,0.0,0.0,0.0,0.0,0.0,0.760331444397672,0.0,0.239668555602328,0.0,0.0,0.0,0.0,0.0,2.5172419575623133,2.0452957860178778,1.0,0.0,1.3442216035200658,0.0,0.0,0.0,0.0,0.0,4.11187312512685,904.4335281070778,109.60126774294156,302.7106577576344,38.72523437118672
7,280.0,47.72085266338632,0.95,0.0,0.05,0.0,0.0,0.0,0.0,0.0,298.77,82.83,0.9371757539244236,0.5761300575079841,64.95566127753861,47.72075266338632,859.2251820253337,138.74626832988497,0.9915031485010952,0.0,0.0084968514989046,0.0,0.0,0.0,0.0,0.0,0.9499987581233112,0.0,0.0500012418766888,0.0,0.0,0.0,0.0,0.0,2.882375580093356,1.9076243126344388,1.0,0.0,1.363927862057642,0.0,0.0,0.0,0.0,0.0,3.1449654870637134,867.6798743518019,129.30886906724652,302.7106577576344,44.02808165538378
7,280.0,49.63582028718102,0.95,0.0,0.05,0.0,0.0,0.0,0.0,0.0,298.77,82.83,0.9371757539244236,0.5992493092741883,64.95566127753861,47.72075266338632,854.7350105358921,143.78773223122727,0.987049871460151,0.0,0.012950128539849,0.0,0.0,0.0,0.0,0.0,0.9271680748443204,0.0,0.0728319251556795,0.0,0.0,0.0,0.0,0.0,2.7498036780174973,1.9485482356121409,1.0,0.0,1.3514114517485114,0.0,0.0,0.0,0.0,0.0,3.1449654870637134,867.6798743518019,129.30886906724652,302.7106577576344,44.02808165538378
7,280.0,51.550787910975714,0.95,0.0,0.05,0.0,0.0,0.0,0.0,0.0,298.77,82.83,0.9371757539244236,0.6223685610403925,64.95566127753861,47.72075266338632,850.1677695226392,148.93677468190776,0.9825621554390256,0.0,0.0174378445609743,0.0,0.0,0.0,0.0,0.0,0.9061773991531306,0.0,0.0938226008468694,0.0,0.0,0.0,0.0,0.0,2.6196917360679626,1.9912912261586344,1.0,0.0,1.3390866284029366,0.0,0.0,0.0,0.0,0.0,3.1449654870637134,867.6798743518019,129.30886906724652,302.7106577576344,44.02808165538378
7,280.0,53.465755534770416,0.95,0.0,0.05,0.0,0.0,0.0,0.0,0.0,298.77,82.83,0.9371757539244236,0.6454878128065968,64.95566127753861,47.72075266338632,845.5194299870506,154.1991258225595,0.978038072755173,0.0,0.021961927244827,0.0,0.0,0.0,0.0,0.0,0.8868513459638391,0.0,0.1131486540361608,0.0,0.0,0.0,0.0,0.0,2.4920443583497915,2.035990716849914,1.0,0.0,1.3269487596740477,0.0,0.0,0.0,0.0,0.0,3.1449654870637134,867.6798743518019,129.30886906724652,302.7106577576344,44.02808165538378
7,280.0,55.38072315856511,0.95,0.0,0.05,0.0,0.0,0.0,0.0,0.0,298.77,82.83,0.9371757539244236,0.6686070645728011,64.95566127753861,47.72075266338632,840.7856503887689,159.5810059809412,0.9734755522870044,0.0,0.0265244477129956,0.0,0.0,0.0,0.0,0.0,0.8690380132834984,0.0,0.1309619867165016,0.0,0.0,0.0,0.0,0.0,2.366868505560332,2.082830044488357,1.0,0.0,1.3149858899604414,0.0,0.0,0.0,0.0,0.0,3.1449654870637134,867.6798743518019,129.30886906724652,302.7106577576344,44.02808165538378
7,280.0,57.29569078235981,0.95,0.0,0.05,0.0,0.0,0.0,0.0,0.0,298.77,82.83,0.9371757539244236,0.6917263163390054,64.95566127753861,47.72075266338632,835.9617032551708,165.08913935943883,0.96887234053642,0.0,0.0311276594635798,0.0,0.0,0.0,0.0,0.0,0.8526052278709918,0.0,0.1473947721290083,0.0,0.0,0.0,0.0,0.0,2.244174128538168,2.131974563432385,1.0,0.0,1.3031972120421424,0.0,0.0,0.0,0.0,0.0,3.1449654870637134,867.6798743518019,129.30886906724652,302.7106577576344,44.02808165538378
7,280.0,59.21065840615451,0.95,0.0,0.05,0.0,0.0,0.0,0.0,0.0,298.77,82.83,0.9371757539244236,0.7148455681052096,64.95566127753861,47.72075266338632,831.0424566842781,170.73084502526868,0.9642259962673844,0.0,0.0357740037326155,0.0,0.0,0.0,0.0,0.0,0.8374377092116385,0.0,0.1625622907883614,0.0,0.0,0.0,0.0,0.0,2.1239721039532737,2.183622085680689,1.0,0.0,1.2915693502974512,0.0,0.0,0.0,0.0,0.0,3.1449654870637134,867.6798743518019,129.30886906724652,302.7106577576344,44.02808165538378
7,280.0,61.12562602994921,0.95,0.0,0.05,0.0,0.0,0.0,0.0,0.0,298.77,82.83,0.9371757539244236,0.7379648198714138,64.95566127753861,47.72075266338632,826.0223062004951,176.51409447973683,0.9595338565798917,0.0,0.0404661434201083,0.0,0.0,0.0,0.0,0.0,0.8234346118598465,0.0,0.1765653881401536,0.0,0.0,0.0,0.0,0.0,2.0062797115843454,2.23801233803124,1.0,0.0,1.280099565031398,0.0,0.0,0.0,0.0,0.0,3.1449654870637134,867.6798743518019,129.30886906724652,302.7106577576344,44.02808165538378
7,280.0,63.04059365374391,0.95,0.0,0.05,0.0,0.0,0.0,0.0,0.0,298.77,82.83,0.9371757539244236,0.7610840716376182,64.95566127753861,47.72075266338632,820.8951090476597,182.4475932439876,0.9547930057926948,0.0,0.0452069942073051,0.0,0.0,0.0,0.0,0.0,0.8105075413660083,0.0,0.1894924586339916,0.0,0.0,0.0,0.0,0.0,1.891113261046604,2.2953804602460357,1.0,0.0,1.2687758194271592,0.0,0.0,0.0,0.0,0.0,3.1449654870637134,867.6798743518019,129.30886906724652,302.7106577576344,44.02808165538378
7,280.0,64.9555612775386,0.95,0.0,0.05,0.0,0.0,0.0,0.0,0.0,298.77,82.83,0.9371757539244236,0.7842033234038224,64.95566127753861,47.72075266338632,815.6541259813125,188.54087654105209,0.9500002495305246,0.0,0.0499997504694753,0.0,0.0,0.0,0.0,0.0,0.7985789160860399,0.0,0.20142108391396,0.0,0.0,0.0,0.0,0.0,1.7784974903201587,2.358121980164688,1.0,0.0,1.2579903908717216,0.0,0.0,0.0,0.0,0.0,3.1449654870637134,867.6798743518019,129.30886906724652,302.7106577576344,44.02808165538378
7,285.0,54.37013292651238,0.95,0.0,0.05,0.0,0.0,0.0,0.0,0.0,298.77,82.83,0.9539110352445024,0.6564062891043388,69.76848318728358,54.37003292651238,812.8672588947629,166.9256446963101,0.9892061502220714,0.0,0.0107938497779285,0.0,0.0,0.0,0.0,0.0,0.9499989953882152,0.0,0.0500010046117849,0.0,0.0,0.0,0.0,0.0,1.9614579178418865,2.24026797311271,1.0000000001047888,0.0,1.2635838801171324,0.0,0.0,0.0,0.0,0.0,2.2410524707626744,824.9746819221486,153.77005765610247,302.7106577576344,49.86436423924916
7,285.0,56.08104962215363,0.95,0.0,0.05,0.0,0.0,0.0,0.0,0.0,298.77,82.83,0.9539110352445024,0.6770620502493496,69.76848318728358,54.37003292651238,808.1027943904418,172.1328901226705,0.9850400401737038,0.0,0.0149599598262961,0.0,0.0,0.0,0.0,0.0,0.9333577202269602,0.0,0.0666422797730398,0.0,0.0,0.0,0.0,0.0,1.858885729913214,2.292664647149593,1.0000000001515317,0.0,1.2536715227995354,0.0,0.0,0.0,0.0,0.0,2.2410524707626744,824.9746819221486,153.77005765610247,302.7106577576344,49.86436423924916
7,285.0,57.79196631779487,0.95,0.0,0.05,0.0,0.0,0.0,0.0,0.0,298.77,82.83,0.9539110352445024,0.6977178113943604,69.76848318728358,54.37003292651238,803.238022397785,177.4674115904236,0.9808333130100982,0.0,0.0191666869899018,0.0,0.0,0.0,0.0,0.0,0.9178562195804844,0.0,0.0821437804195156,0.0,0.0,0.0,0.0,0.0,1.7583156192565577,2.3478733134089,1.0000000000212734,0.0,1.2438723450843108,0.0,0.0,0.0,0.0,0.0,2.2410524707626744,824.9746819221486,153.77005765610247,302.7106577576344,49.86436423924916
7,285.0,59.50288301343611,0.95,0.0,0.05,0.0,0.0,0.0,0.0,0.0,298.77,82.83,0.9539110352445024,0.7183735725393712,69.76848318728358,54.37003292651238,798.2668158296768,182.93702257221952,0.976583435227962,0.0,0.023416564772038,0.0,0.0,0.0,0.0,0.0,0.9034124027893544,0.0,0.0965875972106454,0.0,0.0,0.0,0.0,0.0,1.659765853295002,2.406169339133584,1.0000000000069356,0.0,1.2341827986475586,0.0,0.0,0.0,0.0,0.0,2.2410524707626744,824.9746819221486,153.77005765610247,302.7106577576344,49.86436423924916
7,285.0,61.21379970907736,0.95,0.0,0.05,0.0,0.0,0.0,0.0,0.0,298.77,82.83,0.9539110352445024,0.739029333684382,69.76848318728358,54.37003292651238,793.1824436922557,188.5502961586823,0.9722876296154236,0.0,0.0277123703845764,0.0,0.0,0.0,0.0,0.0,0.8899534751739095,0.0,0.1100465248260906,0.0,0.0,0.0,0.0,0.0,1.5632296262651115,2.46451572994443,1.0,0.0,1.2240852835454226,0.0,0.0,0.0,0.0,0.0,2.2410524707626744,824.9746819221486,153.77005765610247,302.7106577576344,49.86436423924916
7,285.0,62.9247164047186,0.95,0.0,0.05,0.0,0.0,0.0,0.0,0.0,298.77,82.83,0.9539110352445024,0.7596850948293927,69.76848318728358,54.37003292651238,787.9774931817212,194.3166713776305,0.9679428444348404,0.0,0.0320571555651595,0.0,0.0,0.0,0.0,0.0,0.8774148480222862,0.0,0.1225851519777137,0.0,0.0,0.0,0.0,0.0,1.4687969196884716,2.5332947539692725,1.0000000000004396,0.0,1.2151175237666694,0.0,0.0,0.0,0.0,0.0,2.2410524707626744,824.9746819221486,153.77005765610247,302.7106577576344,49.86436423924916
7,285.0,64.63563310035984,0.95,0.0,0.05,0.0,0.0,0.0,0.0,0.0,298.77,82.83,0.9539110352445024,0.7803408559744035,69.76848318728358,54.37003292651238,782.6437235109615,200.2465496937127,0.963545691787362,0.0,0.0364543082126379,0.0,0.0,0.0,0.0,0.0,0.8657391691774968,0.0,0.1342608308225031,0.0,0.0,0.0,0.0,0.0,1.376432125881017,2.602883108880852,1.0000000000004552,0.0,1.2057325298757728,0.0,0.0,0.0,0.0,0.0,2.2410524707626744,824.9746819221486,153.77005765610247,302.7106577576344,49.86436423924916
7,285.0,66.34654979600109,0.95,0.0,0.05,0.0,0.0,0.0,0.0,0.0,298.77,82.83,0.9539110352445024,0.8009966171194143,69.76848318728358,54.37003292651238,777.171991355156,206.35147475067265,0.9590924213900596,0.0,0.0409075786099402,0.0,0.0,0.0,0.0,0.0,0.8548756266319836,0.0,0.1451243733680164,0.0,0.0,0.0,0.0,0.0,1.2861826417356843,2.67709630740722,1.0000000000008464,0.0,1.1964399985826226,0.0,0.0,0.0,0.0,0.0,2.2410524707626744,824.9746819221486,153.77005765610247,302.7106577576344,49.86436423924916
7,285.0,68.05746649164233,0.95,0.0,0.05,0.0,0.0,0.0,0.0,0.0,298.77,82.83,0.9539110352445024,0.821652378264425,69.76848318728358,54.37003292651238,771.552069740639,212.644286552894,0.954578845933792,0.0,0.0454211540662079,0.0,0.0,0.0,0.0,0.0,0.8447792664667818,0.0,0.1552207335332182,0.0,0.0,0.0,0.0,0.0,1.1980811091027483,2.756476680862582,1.0000000000002676,0.0,1.187236782133821,0.0,0.0,0.0,0.0,0.0,2.2410524707626744,824.9746819221486,153.77005765610247,302.7106577576344,49.86436423924916
7,285.0,69.76838318728358,0.95,0.0,0.05,0.0,0.0,0.0,0.0,0.0,298.77,82.83,0.9539110352445024,0.8423081394094359,69.76848318728358,54.37003292651238,765.7724585671413,219.13932725459267,0.95000026541796,0.0,0.04999973458204,0.0,0.0,0.0,0.0,0.0,0.8354104603552157,0.0,0.1645895396447841,0.0,0.0,0.0,0.0,0.0,1.112166963347932,2.84166632916193,1.00000000008072,0.0,1.1781175933964023,0.0,0.0,0.0,0.0,0.0,2.2410524707626744,824.9746819221486,153.77005765610247,302.7106577576344,49.86436423924916
7,290.0,61.88823113207539,0.95,0.0,0.05,0.0,0.0,0.0,0.0,0.0,298.77,82.83,0.9706463165645816,0.7471716905961052,74.77670776968583,61.88813113207539,754.3512501469446,205.37329149538903,0.9857453960866298,0.0,0.0142546039133701,0.0,0.0,0.0,0.0,0.0,0.9499992141037698,0.0,0.0500007858962302,0.0,0.0,0.0,0.0,0.0,1.124684305875058,2.8008461684649664,1.0000000000153226,0.0,1.169605350099539,0.0,0.0,0.0,0.0,0.0,1.4167983026644004,773.2637021553837,185.44864903964933,302.7106577576344,56.27641671412855
7,290.0,63.320272980698775,0.95,0.0,0.05,0.0,0.0,0.0,0.0,0.0,298.77,82.83,0.9706463165645816,0.7644606179005043,74.77670776968583,61.88813113207539,749.2275896048975,210.80160576732857,0.982004623101136,0.0,0.0179953768988638,0.0,0.0,0.0,0.0,0.0,0.9389790386172316,0.0,0.0610209613827683,0.0,0.0,0.0,0.0,0.0,1.0538539000145384,2.876035966055582,1.0000000000185263,0.0,1.1621134177390668,0.0,0.0,0.0,0.0,0.0,1.4167983026644004,773.2637021553837,185.44864903964933,302.7106577576344,56.27641671412855
7,290.0,64.75231482932216,0.95,0.0,0.05,0.0,0.0,0.0,0.0,0.0,298.77,82.83,0.9706463165645816,0.7817495452049036,74.77670776968583,61.88813113207539,743.9659819418714,216.38923553154305,0.9782161090710788,0.0,0.0217838909289211,0.0,0.0,0.0,0.0,0.0,0.928596248871948,0.0,0.0714037511280517,0.0,0.0,0.0,0.0,0.0,0.984578007433586,2.956321197851219,1.0000000000078133,0.0,1.1546738367091185,0.0,0.0,0.0,0.0,0.0,1.4167983026644004,773.2637021553837,185.44864903964933,302.7106577576344,56.27641671412855
7,290.0,66.18435667794553,0.95,0.0,0.05,0.0,0.0,0.0,0.0,0.0,298.77,82.83,0.9706463165645816,0.7990384725093026,74.77670776968583,61.88813113207539,738.5560505156218,222.1480241648813,0.974376348684296,0.0,0.0256236513157039,0.0,0.0,0.0,0.0,0.0,0.9188216080729908,0.0,0.0811783919270091,0.0,0.0,0.0,0.0,0.0,0.9168884333288668,3.042315041368897,1.0000000000000486,0.0,1.147283971640812,0.0,0.0,0.0,0.0,0.0,1.4167983026644004,773.2637021553837,185.44864903964933,302.7106577576344,56.27641671412855
7,290.0,67.61639852656891,0.95,0.0,0.05,0.0,0.0,0.0,0.0,0.0,298.77,82.83,0.9706463165645816,0.8163273998137017,74.77670776968583,61.88813113207539,732.9861332367842,228.09126120531928,0.9704814160511236,0.0,0.0295185839488763,0.0,0.0,0.0,0.0,0.0,0.9096290508050217,0.0,0.0903709491949783,0.0,0.0,0.0,0.0,0.0,0.8508166913480476,3.134746806965752,1.000000000000081,0.0,1.1399412461475142,0.0,0.0,0.0,0.0,0.0,1.4167983026644004,773.2637021553837,185.44864903964933,302.7106577576344,56.27641671412855
7,290.0,69.0484403751923,0.95,0.0,0.05,0.0,0.0,0.0,0.0,0.0,298.77,82.83,0.9706463165645816,0.833616327118101,74.77670776968583,61.88813113207539,727.2430119190709,234.2339318223209,0.9665268765211816,0.0,0.0334731234788182,0.0,0.0,0.0,0.0,0.0,0.900995503120392,0.0,0.0990044968796079,0.0,0.0,0.0,0.0,0.0,0.7863986813486596,3.234461602205016,1.0000000000001277,0.0,1.132641818839111,0.0,0.0,0.0,0.0,0.0,1.4167983026644004,773.2637021553837,185.44864903964933,302.7106577576344,56.27641671412855
7,290.0,70.48048222381568,0.95,0.0,0.05,0.0,0.0,0.0,0.0,0.0,298.77,82.83,0.9706463165645816,0.8509052544225001,74.77670776968583,61.88813113207539,721.3116334111771,240.59303489585207,0.9625076980886784,0.0,0.0374923019113215,0.0,0.0,0.0,0.0,0.0,0.8929007610237422,0.0,0.1070992389762577,0.0,0.0,0.0,0.0,0.0,0.7236693812259753,3.342489808449125,1.0000000000001636,0.0,1.1253842885876515,0.0,0.0,0.0,0.0,0.0,1.4167983026644004,773.2637021553837,185.44864903964933,302.7106577576344,56.27641671412855
7,290.0,71.91252407243906,0.95,0.0,0.05,0.0,0.0,0.0,0.0,0.0,298.77,82.83,0.9706463165645816,0.8681941817268991,74.77670776968583,61.88813113207539,715.17474726195,247.18796789185004,0.9584181357180318,0.0,0.0415818642819682,0.0,0.0,0.0,0.0,0.0,0.8853274051080106,0.0,0.1146725948919894,0.0,0.0,0.0,0.0,0.0,0.6626796719645464,3.4600668017506733,1.0000000000001252,0.0,1.1181647229203084,0.0,0.0,0.0,0.0,0.0,1.4167983026644004,773.2637021553837,185.44864903964933,302.7106577576344,56.27641671412855
7,290.0,73.34456592106244,0.95,0.0,0.05,0.0,0.0,0.0,0.0,0.0,298.77,82.83,0.9706463165645816,0.8854831090312983,74.77670776968583,61.88813113207539,708.8123917919678,254.0410525822288,0.954251566954718,0.0,0.0457484330452818,0.0,0.0,0.0,0.0,0.0,0.8782608064741484,0.0,0.1217391935258516,0.0,0.0,0.0,0.0,0.0,0.6034745186252082,3.588709921524685,1.0000000000002318,0.0,1.1109801438914555,0.0,0.0,0.0,0.0,0.0,1.4167983026644004,773.2637021553837,185.44864903964933,302.7106577576344,56.27641671412855
7,290.0,74.77660776968582,0.95,0.0,0.05,0.0,0.0,0.0,0.0,0.0,298.77,82.83,0.9706463165645816,0.9027720363356976,74.77670776968583,61.88813113207539,702.2012761319802,261.17816494868885,0.9500002963260676,0.0,0.0499997036739324,0.0,0.0,0.0,0.0,0.0,0.8716891531708474,0.0,0.1283108468291526,0.0,0.0,0.0,0.0,0.0,0.5461072346183994,3.730282416489456,1.000000000232564,0.0,1.1038268485569307,0.0,0.0,0.0,0.0,0.0,1.4167983026644004,773.2637021553837,185.44864903964933,302.7106577576344,56.27641671412855
8,200.0,2.7022920357409865,0.95,0.03,0.0,0.0,0.0,0.0,0.0,0.02,302.3,86.15,0.6615944426066821,0.0313672900260126,164.15376691555798,2.7021920357409863,1212.563639743765,7.209945404624298,0.9761740756078088,1.6523563434445764e-05,0.0,0.0,0.0,0.0,0.0,0.0238094008287568,0.9499706139320307,0.0300336629453402,0.0,0.0,0.0,0.0,0.0,0.0199957231226289,22.4688950115322,0.6829222145592745,1.0000000081369604,1.5452167194597848,0.0,0.0,0.0,0.0,0.0,1.0016030313527275,22.53960113748808,1221.920496490378,7.249541730897533,302.7106577576344,2.6239816647333654
8,200.0,20.641333689053983,0.95,0.03,0.0,0.0,0.0,0.0,0.0,0.02,302.3,86.15,0.6615944426066821,0.2395976052124664,164.15376691555798,2.7021920357409863,1212.9022961038918,10.04391596591493,0.9758609897937592,0.0035635006998955,0.0,0.0,0.0,0.0,0.0,0.0205755095063453,0.1430128994816409,0.8549457614803013,0.0,0.0,0.0,0.0,0.0,0.0020413390380578,21.786837433625827,0.7180316523753155,1.0000000038650587,1.5128422481269987,0.0,0.0,0.0,0.0,0.0,1.0000000179516009,22.53960113748808,1221.920496490378,7.249541730897533,302.7106577576344,2.6239816647333654
8,200.0,38.580375342366985,0.95,0.03,0.0,0.0,0.0,0.0,0.0,0.02,302.3,86.15,0.6615944426066821,0.4478279203989203,164.15376691555798,2.7021920357409863,1212.0436114207046,12.839170698099322,0.9724507335816068,0.007054453417509,0.0,0.0,0.0,0.0,0.0,0.020494813000884,0.0851487339777762,0.9139125429601606,0.0,0.0,0.0,0.0,0.0,0.0009387230620632,21.13067695561046,0.7516238447631111,1.000000000561504,1.4693491069736546,0.0,0.0,0.0,0.0,0.0,1.0000000014138322,22.53960113748808,1221.920496490378,7.249541730897533,302.7106577576344,2.6239816647333654
8,200.0,56.51941699567998,0.95,0.03,0.0,0.0,0.0,0.0,0.0,0.02,302.3,86.15,0.6615944426066821,0.6560582355853741,164.15376691555798,2.7021920357409863,1211.2113423413125,15.60807664475925,0.9690906260265068,0.0104900968884599,0.0,0.0,0.0,0.0,0.0,0.0204192770850332,0.06434418126159,0.9351069980505904,0.0,0.0,0.0,0.0,0.0,0.0005488206878196,20.50877910758908,0.7827276875636436,1.000000000559756,1.4284669905464522,0.0,0.0,0.0,0.0,0.0,1.0,22.53960113748808,1221.920496490378,7.249541730897533,302.7106577576344,2.6239816647333654
8,200.0,74.45845864899297,0.95,0.03,0.0,0.0,0.0,0.0,0.0,0.02,302.3,86.15,0.6615944426066821,0.8642885507718279,164.15376691555798,2.7021920357409863,1210.40592937808,18.35415918522597,0.965782585046357,0.0138714500193742,0.0,0.0,0.0,0.0,0.0,0.0203459649342689,0.0538643896978383,0.9457795087258726,0.0,0.0,0.0,0.0,0.0,0.0003561015762892,19.91966794319406,0.8112685837672082,1.0000000002328164,1.390766479753308,0.0,0.0,0.0,0.0,0.0,1.0,22.53960113748808,1221.920496490378,7.249541730897533,302.7106577576344,2.6239816647333654
8,200.0,92.39750030230596,0.95,0.03,0.0,0.0,0.0,0.0,0.0,0.02,302.3,86.15,0.6615944426066821,1.0725188659582816,164.15376691555798,2.7021920357409863,1209.626912874199,21.07908037594889,0.9625262147406995,0.0171995323765301,0.0,0.0,0.0,0.0,0.0,0.0202742528827702,0.0477102166444574,0.9520447994798796,0.0,0.0,0.0,0.0,0.0,0.0002449838756628,19.36149369581372,0.8373919592036074,1.0000000000658826,1.3563658264310887,0.0,0.0,0.0,0.0,0.0,1.0000000000891696,22.53960113748808,1221.920496490378,7.249541730897533,302.7106577576344,2.6239816647333654
8,200.0,110.33654195561896,0.95,0.03,0.0,0.0,0.0,0.0,0.0,0.02,302.3,86.15,0.6615944426066821,1.2807491811447356,164.15376691555798,2.7021920357409863,1208.8736790420426,23.78369111001999,0.9593207273791802,0.0204753674896942,0.0,0.0,0.0,0.0,0.0,0.0202039051311256,0.0437784064178266,0.9560465734738688,0.0,0.0,0.0,0.0,0.0,0.0001750201083046,18.832404195945717,0.8613971491764033,1.0,1.3249998143181965,0.0,0.0,0.0,0.0,0.0,1.0,22.53960113748808,1221.920496490378,7.249541730897533,302.7106577576344,2.6239816647333654
8,200.0,128.27558360893198,0.95,0.03,0.0,0.0,0.0,0.0,0.0,0.02,302.3,86.15,0.6615944426066821,1.4889794963311895,164.15376691555798,2.7021920357409863,1208.145549914257,26.46828792926651,0.9561652026376694,0.0236999995139638,0.0,0.0,0.0,0.0,0.0,0.0201347978483667,0.0411399421183396,0.9587316480740732,0.0,0.0,0.0,0.0,0.0,0.000128409807587,18.33050390920028,0.8835479731773334,1.0000000003184246,1.2964997926233062,0.0,0.0,0.0,0.0,0.0,1.0000000001067837,22.53960113748808,1221.920496490378,7.249541730897533,302.7106577576344,2.6239816647333654
8,200.0,146.21462526224497,0.95,0.03,0.0,0.0,0.0,0.0,0.0,0.02,302.3,86.15,0.6615944426066821,1.697209811517643,164.15376691555798,2.7021920357409863,1207.441800432276,29.13273795302645,0.9530586474278268,0.0268745025600403,0.0,0.0,0.0,0.0,0.0,0.0200668500121329,0.0393203303312468,0.960583548230488,0.0,0.0,0.0,0.0,0.0,9.612143826523457e-05,17.85398303387181,0.9040634132612604,1.0000000000177416,1.270593590011279,0.0,0.0,0.0,0.0,0.0,1.0000000000739382,22.53960113748808,1221.920496490378,7.249541730897533,302.7106577576344,2.6239816647333654
8,200.0,164.15366691555798,0.95,0.03,0.0,0.0,0.0,0.0,0.0,0.02,302.3,86.15,0.6615944426066821,1.905440126704097,164.15376691555798,2.7021920357409863,1206.7616649774957,31.776576420801987,0.9500000167564566,0.0299999828773997,0.0,0.0,0.0,0.0,0.0,0.0200000003661436,0.0380514742180729,0.9618754192704236,0.0,0.0,0.0,0.0,0.0,7.310651150349101e-05,17.40121259040639,0.9231391468400724,1.000000000081196,1.247058726917171,0.0,0.0,0.0,0.0,0.0,1.0,22.53960113748808,1221.920496490378,7.249541730897533,302.7106577576344,2.6239816647333654
8,205.0,3.4536151347880693,0.95,0.03,0.0,0.0,0.0,0.0,0.0,0.02,302.3,86.15,0.6781343036718491,0.0400883939035179,144.642135318757,3.453515134788069,1196.896757137447,9.068428513954164,0.9755819338273792,2.4089862315074305e-05,0.0,0.0,0.0,0.0,0.0,0.0243939763103057,0.9499778951419235,0.0300259016086813,0.0,0.0,0.0,0.0,0.0,0.0199962032493952,21.09965567810403,0.7106320293587054,1.0,1.4930105396796045,0.0,0.0,0.0,0.0,0.0,1.0001270336423422,21.15779579629945,1206.2779501886548,9.12387059747945,302.7106577576344,3.35468958110042
8,205.0,19.141217377451284,0.95,0.03,0.0,0.0,0.0,0.0,0.0,0.02,302.3,86.15,0.6781343036718491,0.2221847635223596,144.642135318757,3.453515134788069,1197.2708724158365,11.62852599382997,0.9758877099516958,0.0035267367152202,0.0,0.0,0.0,0.0,0.0,0.0205855533330838,0.1944475246898663,0.8026422940335013,0.0,0.0,0.0,0.0,0.0,0.0029101812766325,20.5178734459678,0.7404724547935182,1.0,1.465934653892524,0.0,0.0,0.0,0.0,0.0,1.00000000015569,21.15779579629945,1206.2779501886548,9.12387059747945,302.7106577576344,3.35468958110042
8,205.0,34.828819620114494,0.95,0.03,0.0,0.0,0.0,0.0,0.0,0.02,302.3,86.15,0.6781343036718491,0.4042811331412013,144.642135318757,3.453515134788069,1196.2500774454015,14.159537522219392,0.9725132767385428,0.0069854027136675,0.0,0.0,0.0,0.0,0.0,0.0205013205477897,0.1171750772405698,0.8813700795280092,0.0,0.0,0.0,0.0,0.0,0.0014548432314209,19.95529004592465,0.7691671330224871,1.0000000000022191,1.429650696472657,0.0,0.0,0.0,0.0,0.0,1.0,21.15779579629945,1206.2779501886548,9.12387059747945,302.7106577576344,3.35468958110042
8,205.0,50.516421862777705,0.95,0.03,0.0,0.0,0.0,0.0,0.0,0.02,302.3,86.15,0.6781343036718491,0.586377502760043,144.642135318757,3.453515134788069,1195.247899212998,16.672622363447655,0.9691750896332794,0.0104001902378569,0.0,0.0,0.0,0.0,0.0,0.0204247201288636,0.0881367938953138,0.9109531117562508,0.0,0.0,0.0,0.0,0.0,0.0009100943484353,19.41921748289112,0.7961933720568218,1.0000000000012277,1.3955248267772649,0.0,0.0,0.0,0.0,0.0,1.0,21.15779579629945,1206.2779501886548,9.12387059747945,302.7106577576344,3.35468958110042
8,205.0,128.95443307609378,0.95,0.03,0.0,0.0,0.0,0.0,0.0,0.02,302.3,86.15,0.6781343036718491,1.4968593508542516,144.642135318757,3.453515134788069,1190.5376239194854,29.055571054854127,0.953095791750339,0.0268360692206033,0.0,0.0,0.0,0.0,0.0,0.0200681390290577,0.0512678577217911,0.9485134261940522,0.0,0.0,0.0,0.0,0.0,0.0002187160841567,17.089911407126642,0.9066660548403384,1.0000000000612956,1.261423206536724,0.0,0.0,0.0,0.0,0.0,1.0,21.15779579629945,1206.2779501886548,9.12387059747945,302.7106577576344,3.35468958110042
8,205.0,144.642035318757,0.95,0.03,0.0,0.0,0.0,0.0,0.0,0.02,302.3,86.15,0.6781343036718491,1.6789557204730934,144.642135318757,3.453515134788069,1189.6537270558763,31.500099820031213,0.9500000194292736,0.029999980143193,0.0,0.0,0.0,0.0,0.0,0.0200000004275334,0.0491474550581609,0.9506754476371588,0.0,0.0,0.0,0.0,0.0,0.0001770973046799,16.684881743802276,0.9247608707177756,1.0,1.2408088786719809,0.0,0.0,0.0,0.0,0.0,1.0,21.15779579629945,1206.2779501886548,9.12387059747945,302.7106577576344,3.35468958110042
8,210.0,4.357108411504652,0.95,0.03,0.0,0.0,0.0,0.0,0.0,0.02,302.3,86.15,0.6946741647370162,0.0505758376262873,129.0712453641519,4.357008411504652,1180.9310406670804,11.279520911212812,0.975069427583824,3.452635038974555e-05,0.0,0.0,0.0,0.0,0.0,0.0248960460657865,0.9499831334517213,0.0300201605763163,0.0,0.0,0.0,0.0,0.0,0.0199967059719625,19.74767934233284,0.7403839350326606,1.0,1.444949398340176,0.0,0.0,0.0,0.0,0.0,1.0000000008078562,19.793904820789816,1190.2941504876192,11.354703713715036,302.7106577576344,4.233266563955471
8,210.0,18.214223628465454,0.95,0.03,0.0,0.0,0.0,0.0,0.0,0.02,302.3,86.15,0.6946741647370162,0.2114245342828259,129.0712453641519,4.357008411504652,1181.3251867651866,13.63057824859959,0.9758999464735052,0.0035020351270781,0.0,0.0,0.0,0.0,0.0,0.0205980183994167,0.2551070097372654,0.740937764495297,0.0,0.0,0.0,0.0,0.0,0.0039552257674375,19.24585872158148,0.7661756855908749,1.0,1.4218252351218412,0.0,0.0,0.0,0.0,0.0,1.000000000559575,19.793904820789816,1190.2941504876192,11.354703713715036,302.7106577576344,4.233266563955471
8,210.0,45.92845406238707,0.95,0.03,0.0,0.0,0.0,0.0,0.0,0.02,302.3,86.15,0.6946741647370162,0.5331219275959033,129.0712453641519,4.357008411504652,1179.0289235746352,18.277361731607225,0.9692374828183372,0.0103325714254028,0.0,0.0,0.0,0.0,0.0,0.0204299457562598,0.118340224507591,0.8802468533602149,0.0,0.0,0.0,0.0,0.0,0.0014129221321939,18.29227516978159,0.8148120584244041,1.0,1.3630028020586935,0.0,0.0,0.0,0.0,0.0,1.0,19.793904820789816,1190.2941504876192,11.354703713715036,302.7106577576344,4.233266563955471
8,210.0,59.78556927934788,0.95,0.03,0.0,0.0,0.0,0.0,0.0,0.02,302.3,86.15,0.6946741647370162,0.6939706242524419,129.0712453641519,4.357008411504652,1177.9014080209995,20.586034550941143,0.9659494128470778,0.0136955210105705,0.0,0.0,0.0,0.0,0.0,0.0203550661423516,0.0977805643014063,0.9011915615299212,0.0,0.0,0.0,0.0,0.0,0.0010278741686723,17.84563238987886,0.8372459882840004,1.0,1.3363393177548395,0.0,0.0,0.0,0.0,0.0,1.0,19.793904820789816,1190.2941504876192,11.354703713715036,302.7106577576344,4.233266563955471
8,210.0,73.64268449630868,0.95,0.03,0.0,0.0,0.0,0.0,0.0,0.02,302.3,86.15,0.6946741647370162,0.8548193209089805,129.0712453641519,4.357008411504652,1176.789083115521,22.888337002714486,0.9626940509788212,0.0170239787316566,0.0,0.0,0.0,0.0,0.0,0.0202819702895221,0.0851906318250566,0.91401919712022,0.0,0.0,0.0,0.0,0.0,0.0007901710547231,17.417717053567856,0.8584388126042107,1.0,1.3116557971380995,0.0,0.0,0.0,0.0,0.0,1.0,19.793904820789816,1190.2941504876192,11.354703713715036,302.7106577576344,4.233266563955471
8,210.0,87.49979971326948,0.95,0.03,0.0,0.0,0.0,0.0,0.0,0.02,302.3,86.15,0.6946741647370162,1.0156680175655193,129.0712453641519,4.357008411504652,1175.6919771509895,25.185459812398147,0.9594716050699864,0.0203182871773713,0.0,0.0,0.0,0.0,0.0,0.0202101077526424,0.076799725801041,0.9225703963549294,0.0,0.0,0.0,0.0,0.0,0.0006298778440294,17.00747564568374,0.8784583782778242,1.0,1.2888843223679691,0.0,0.0,0.0,0.0,0.0,1.0,19.793904820789816,1190.2941504876192,11.354703713715036,302.7106577576344,4.233266563955471
8,210.0,101.35691493023027,0.95,0.03,0.0,0.0,0.0,0.0,0.0,0.02,302.3,86.15,0.6946741647370162,1.1765167142220578,129.0712453641519,4.357008411504652,1174.609988281145,27.47807939191738,0.9562819605928302,0.0235788041169929,0.0,0.0,0.0,0.0,0.0,0.0201392352901766,0.0708933988214268,0.9285913879585236,0.0,0.0,0.0,0.0,0.0,0.0005152132200493,16.61389310064957,0.8974133804044059,1.0,1.2678137063159318,0.0,0.0,0.0,0.0,0.0,1.0,19.793904820789816,1190.2941504876192,11.354703713715036,302.7106577576344,4.233266563955471
8,210.0,129.0711453641519,0.95,0.03,0.0,0.0,0.0,0.0,0.0,0.02,302.3,86.15,0.6946741647370162,1.4982141075351352,129.0712453641519,4.357008411504652,1172.490677367461,32.050848760865875,0.950000022234542,0.029999977273041,0.0,0.0,0.0,0.0,0.0,0.020000000492417,0.0633477571792745,0.9362884752900104,0.0,0.0,0.0,0.0,0.0,0.0003637675307149,15.873032805608664,0.9323918415800804,1.0,1.230348140575265,0.0,0.0,0.0,0.0,0.0,1.0,19.793904820789816,1190.2941504876192,11.354703713715036,302.7106577576344,4.233266563955471
8,215.0,5.432166778225348,0.95,0.03,0.0,0.0,0.0,0.0,0.0,0.02,302.3,86.15,0.7112140258021832,0.0630547507629175,116.54820805259138,5.432066778225348,1164.603450339246,13.890033389207456,0.9746316821883568,4.8703768755077646e-05,0.0,0.0,0.0,0.0,0.0,0.0253196140428879,0.9499869570772644,0.0300158597549116,0.0,0.0,0.0,0.0,0.0,0.0199971831678237,18.413155177988106,0.7723866922718081,1.0,1.400329919508985,0.0,0.0,0.0,0.0,0.0,1.000000000930418,18.448205290897207,1173.908539729092,13.989350648063478,302.7106577576344,5.278346606766283
8,215.0,17.77838247537713,0.95,0.03,0.0,0.0,0.0,0.0,0.0,0.02,302.3,86.15,0.7112140258021832,0.2063654379033909,116.54820805259138,5.432066778225348,1164.9988522776978,16.081622203514485,0.9758983028962498,0.0034877492910998,0.0,0.0,0.0,0.0,0.0,0.0206139478126502,0.3230730088238133,0.6717889864376506,0.0,0.0,0.0,0.0,0.0,0.0051380047385361,17.976236283094952,0.7950781474103522,1.0,1.3801747607257735,0.0,0.0,0.0,0.0,0.0,1.0,18.448205290897207,1173.908539729092,13.989350648063478,302.7106577576344,5.278346606766283
8,215.0,30.12459817252891,0.95,0.03,0.0,0.0,0.0,0.0,0.0,0.02,302.3,86.15,0.7112140258021832,0.3496761250438642,116.54820805259138,5.432066778225348,1163.7341480860612,18.25779730095088,0.9725847450720552,0.0068992833756397,0.0,0.0,0.0,0.0,0.0,0.020515971552305,0.2050390796891329,0.7919803128801917,0.0,0.0,0.0,0.0,0.0,0.0029806074306753,17.551183358947497,0.8170276853919667,1.0,1.355197402713612,0.0,0.0,0.0,0.0,0.0,1.0,18.448205290897207,1173.908539729092,13.989350648063478,302.7106577576344,5.278346606766283
8,215.0,42.4708138696807,0.95,0.03,0.0,0.0,0.0,0.0,0.0,0.02,302.3,86.15,0.7112140258021832,0.4929868121843377,116.54820805259138,5.432066778225348,1162.4748576604266,20.426239270013493,0.9692820846703168,0.0102827527270962,0.0,0.0,0.0,0.0,0.0,0.0204351626025869,0.1555133464845907,0.8424168143758989,0.0,0.0,0.0,0.0,0.0,0.0020698391395103,17.142270965056,0.8381015538361758,1.0,1.3311927732090254,0.0,0.0,0.0,0.0,0.0,1.0,18.448205290897207,1173.908539729092,13.989350648063478,302.7106577576344,5.278346606766283
8,215.0,54.81702956683248,0.95,0.03,0.0,0.0,0.0,0.0,0.0,0.02,302.3,86.15,0.7112140258021832,0.6362974993248111,116.54820805259138,5.432066778225348,1161.225654416535,22.58982686480971,0.96600280091077,0.0136381610452865,0.0,0.0,0.0,0.0,0.0,0.0203590380439435,0.1284669042425593,0.8699649713634849,0.0,0.0,0.0,0.0,0.0,0.0015681243939557,16.74896014970512,0.8582477238148094,1.0,1.3086247854294433,0.0,0.0,0.0,0.0,0.0,1.0,18.448205290897207,1173.908539729092,13.989350648063478,302.7106577576344,5.278346606766283
8,215.0,67.16324526398425,0.95,0.03,0.0,0.0,0.0,0.0,0.0,0.02,302.3,86.15,0.7112140258021832,0.7796081864652844,116.54820805259138,5.432066778225348,1159.987447809336,24.75070674090294,0.9627492643439466,0.0169656365682275,0.0,0.0,0.0,0.0,0.0,0.0202850990878257,0.111570053431949,0.8871789195694503,0.0,0.0,0.0,0.0,0.0,0.0012510269986005,16.3705109750128,0.8774803388422164,1.0000000000654543,1.2876255420721798,0.0,0.0,0.0,0.0,0.0,1.0000000002797689,18.448205290897207,1173.908539729092,13.989350648063478,302.7106577576344,5.278346606766283
8,215.0,79.50946096113604,0.95,0.03,0.0,0.0,0.0,0.0,0.0,0.02,302.3,86.15,0.7112140258021832,0.922918873605758,116.54820805259138,5.432066778225348,1158.76049438031,26.910211124909768,0.9595221380560468,0.0202653528419915,0.0,0.0,0.0,0.0,0.0,0.0202125091019617,0.100120220659897,0.8988468629530479,0.0,0.0,0.0,0.0,0.0,0.0010329163870549,16.006236482368642,0.895814416302595,1.0,1.2680631872836612,0.0,0.0,0.0,0.0,0.0,1.0,18.448205290897207,1173.908539729092,13.989350648063478,302.7106577576344,5.278346606766283
8,215.0,104.2018923554396,0.95,0.03,0.0,0.0,0.0,0.0,0.0,0.02,302.3,86.15,0.7112140258021832,1.2095402478867046,116.54820805259138,5.432066778225348,1156.340510303237,31.22803838594992,0.95314759168394,0.0267823035451372,0.0,0.0,0.0,0.0,0.0,0.0200701047709226,0.0858560024211592,0.9133906544128771,0.0,0.0,0.0,0.0,0.0,0.0007533431659635,15.316785495194967,0.93005576463205,1.0,1.2329591399541555,0.0,0.0,0.0,0.0,0.0,1.0,18.448205290897207,1173.908539729092,13.989350648063478,302.7106577576344,5.278346606766283
8,215.0,116.54810805259136,0.95,0.03,0.0,0.0,0.0,0.0,0.0,0.02,302.3,86.15,0.7112140258021832,1.3528509350271778,116.54820805259138,5.432066778225348,1155.1473948511934,33.387072471006746,0.9500000251654388,0.0299999742743135,0.0,0.0,0.0,0.0,0.0,0.0200000005602475,0.081222122328931,0.9181191135971856,0.0,0.0,0.0,0.0,0.0,0.0006587640738834,14.99044381074661,0.9460799094993247,1.0,1.2171950005537964,0.0,0.0,0.0,0.0,0.0,1.0,18.448205290897207,1173.908539729092,13.989350648063478,302.7106577576344,5.278346606766283
8,220.0,6.699171439026271,0.95,0.03,0.0,0.0,0.0,0.0,0.0,0.02,302.3,86.15,0.7277538868673503,0.0777617114222434,106.43650704604566,6.699071439026271,1147.844619327524,16.952175504129908,0.9742634625832028,6.770162493861306e-05,0.0,0.0,0.0,0.0,0.0,0.0256688357918586,0.9499897874286438,0.0300125986030215,0.0,0.0,0.0,0.0,0.0,0.0199976139683347,17.09645251082238,0.8069586898501093,1.0,1.3586793126861814,0.0,0.0,0.0,0.0,0.0,1.0,17.121140165384258,1157.0541060432145,17.08052563899556,302.7106577576344,6.509407158415541
8,220.0,17.781086506472867,0.95,0.03,0.0,0.0,0.0,0.0,0.0,0.02,302.3,86.15,0.7277538868673503,0.2063968253798359,106.43650704604566,6.699071439026271,1148.2206062037912,19.02359034437057,0.9758822491955764,0.0034831001316149,0.0,0.0,0.0,0.0,0.0,0.0206346506728085,0.3954537676439841,0.598144089976843,0.0,0.0,0.0,0.0,0.0,0.0064021423791727,16.713047265441435,0.8272124237487362,1.0,1.340827788121028,0.0,0.0,0.0,0.0,0.0,1.0,17.121140165384258,1157.0541060432145,17.08052563899556,302.7106577576344,6.509407158415541
8,220.0,28.86300157391947,0.95,0.03,0.0,0.0,0.0,0.0,0.0,0.02,302.3,86.15,0.7277538868673503,0.3350319393374285,106.43650704604566,6.699071439026271,1146.863101769948,21.08286293626395,0.9725981397113612,0.0068767348494608,0.0,0.0,0.0,0.0,0.0,0.0205251254391778,0.2603508429796036,0.7356749149405017,0.0,0.0,0.0,0.0,0.0,0.0039742420798946,16.339979327357394,0.8468547724536677,1.0,1.3201583013698976,0.0,0.0,0.0,0.0,0.0,1.0,17.121140165384258,1157.0541060432145,17.08052563899556,302.7106577576344,6.509407158415541
8,220.0,39.94491664136606,0.95,0.03,0.0,0.0,0.0,0.0,0.0,0.02,302.3,86.15,0.7277538868673503,0.463667053295021,106.43650704604566,6.699071439026271,1145.504845331303,23.139846139650142,0.9693114902619628,0.0102478045132516,0.0,0.0,0.0,0.0,0.0,0.0204407052247854,0.1998031076866524,0.7973170464586476,0.0,0.0,0.0,0.0,0.0,0.0028798458546999,15.979489709642996,0.8658435253968861,1.0,1.3001633194889737,0.0,0.0,0.0,0.0,0.0,1.0000000001839282,17.121140165384258,1157.0541060432145,17.08052563899556,302.7106577576344,6.509407158415541
8,220.0,51.026831708812665,0.95,0.03,0.0,0.0,0.0,0.0,0.0,0.02,302.3,86.15,0.7277538868673503,0.5923021672526136,106.43650704604566,6.699071439026271,1144.152612292559,25.19507863760904,0.966040922721296,0.0135962147611496,0.0,0.0,0.0,0.0,0.0,0.0203628625175543,0.1656264244001377,0.8321169296007767,0.0,0.0,0.0,0.0,0.0,0.0022566459990855,15.631310106368687,0.8841535813802012,1.0,1.2811658221567652,0.0,0.0,0.0,0.0,0.0,1.0,17.121140165384258,1157.0541060432145,17.08052563899556,302.7106577576344,6.509407158415541
8,220.0,62.10874677625927,0.95,0.03,0.0,0.0,0.0,0.0,0.0,0.02,302.3,86.15,0.7277538868673503,0.7209372812102062,106.43650704604566,6.699071439026271,1142.8078219169452,27.250281817365508,0.9627901508778242,0.0169219684060326,0.0,0.0,0.0,0.0,0.0,0.0202878807161431,0.1438099295994594,0.8543357965167852,0.0,0.0,0.0,0.0,0.0,0.0018542738837552,15.294951196725918,0.9017458228382056,1.0,1.2632728781651763,0.0,0.0,0.0,0.0,0.0,1.0,17.121140165384258,1157.0541060432145,17.08052563899556,302.7106577576344,6.509407158415541
8,220.0,73.19066184370585,0.95,0.03,0.0,0.0,0.0,0.0,0.0,0.02,302.3,86.15,0.7277538868673503,0.8495723951677986,106.43650704604566,6.699071439026271,1141.4709541886405,29.306769213301983,0.9595603561740408,0.0202251244891616,0.0,0.0,0.0,0.0,0.0,0.0202145193367976,0.128779502532381,0.8696473921642576,0.0,0.0,0.0,0.0,0.0,0.0015731053033614,14.969885074413304,0.9186698983364197,1.0,1.246527871308678,0.0,0.0,0.0,0.0,0.0,1.0,17.121140165384258,1157.0541060432145,17.08052563899556,302.7106577576344,6.509407158415541
8,220.0,84.27257691115246,0.95,0.03,0.0,0.0,0.0,0.0,0.0,0.02,302.3,86.15,0.7277538868673503,0.9782075091253912,106.43650704604566,6.699071439026271,1140.1422070824162,31.36544161802736,0.9563519842902268,0.0235057707829079,0.0,0.0,0.0,0.0,0.0,0.0201422449268649,0.1178770970996963,0.8807572785626994,0.0,0.0,0.0,0.0,0.0,0.0013656243376043,14.655582287122344,0.9349667011990036,1.0,1.230831193279731,0.0,0.0,0.0,0.0,0.0,1.0,17.121140165384258,1157.0541060432145,17.08052563899556,302.7106577576344,6.509407158415541
8,220.0,95.35449197859906,0.95,0.03,0.0,0.0,0.0,0.0,0.0,0.02,302.3,86.15,0.7277538868673503,1.1068426230829838,106.43650704604566,6.699071439026271,1138.8216651196376,33.426890381737635,0.9531651980205332,0.0267640130092557,0.0,0.0,0.0,0.0,0.0,0.020070788970211,0.1096738479806788,0.8891198649424701,0.0,0.0,0.0,0.0,0.0,0.0012062870768511,14.35153815623582,0.95065309381606,1.0,1.2161246908946388,0.0,0.0,0.0,0.0,0.0,1.0,17.121140165384258,1157.0541060432145,17.08052563899556,302.7106577576344,6.509407158415541
8,220.0,106.43640704604566,0.95,0.03,0.0,0.0,0.0,0.0,0.0,0.02,302.3,86.15,0.7277538868673503,1.2354777370405765,106.43650704604566,6.699071439026271,1137.509355630271,35.491473677318666,0.9500000282176496,0.0299999711517907,0.0,0.0,0.0,0.0,0.0,0.0200000006305596,0.1033328850304206,0.8955869798501517,0.0,0.0,0.0,0.0,0.0,0.0010801351194275,14.057276716811243,0.9657780792781852,1.0,1.202371981411576,0.0,0.0,0.0,0.0,0.0,1.0,17.121140165384258,1157.0541060432145,17.08052563899556,302.7106577576344,6.509407158415541
8,225.0,8.179484256277098,0.95,0.03,0.0,0.0,0.0,0.0,0.0,0.02,302.3,86.15,0.7442937479325173,0.0949446808621833,98.2723333835592,8.179384256277098,1130.577084067315,20.52481609329691,0.9739592456542644,9.285627494812704e-05,0.0,0.0,0.0,0.0,0.0,0.0259478980707875,0.9499919110241636,0.0300100970692659,0.0,0.0,0.0,0.0,0.0,0.0199979919065705,15.798126416287316,0.8444442898187432,1.0,1.3195495444723553,0.0,0.0,0.0,0.0,0.0,1.0,15.813326197117547,1139.6555629264626,20.687604017864448,302.7106577576344,7.946729358776584
8,225.0,18.189789714864,0.95,0.03,0.0,0.0,0.0,0.0,0.0,0.02,302.3,86.15,0.7442937479325173,0.2111409136954613,98.2723333835592,8.179384256277098,1130.9120041940869,22.5084689228494,0.9758503375626691,0.0034879663469263,0.0,0.0,0.0,0.0,0.0,0.0206616960904045,0.4688783094250036,0.523437055544235,0.0,0.0,0.0,0.0,0.0,0.0076846350307612,15.4595121233621,0.8628286027070488,1.0,1.3035380813024589,0.0,0.0,0.0,0.0,0.0,1.0,15.813326197117547,1139.6555629264626,20.687604017864448,302.7106577576344,7.946729358776584
8,225.0,28.200095173450904,0.95,0.03,0.0,0.0,0.0,0.0,0.0,0.02,302.3,86.15,0.7442937479325173,0.3273371465287394,98.2723333835592,8.179384256277098,1129.476067798077,24.47897236592916,0.9725974510071268,0.0068660677073478,0.0,0.0,0.0,0.0,0.0,0.0205364812855254,0.3216741785496605,0.6732427713450075,0.0,0.0,0.0,0.0,0.0,0.005083050105332,15.130633201031912,0.8806605379007941,1.0,1.286497122666124,0.0,0.0,0.0,0.0,0.0,1.0,15.813326197117547,1139.6555629264626,20.687604017864448,302.7106577576344,7.946729358776584
8,225.0,38.2104006320378,0.95,0.03,0.0,0.0,0.0,0.0,0.0,0.02,302.3,86.15,0.7442937479325173,0.4435333793620174,98.2723333835592,8.179384256277098,1128.0331790245752,26.45372112642337,0.9693270043397048,0.0102259364893953,0.0,0.0,0.0,0.0,0.0,0.0204470591708999,0.2508284474467778,0.7453443152383903,0.0,0.0,0.0,0.0,0.0,0.0038272373148318,14.81157127538939,0.8979936473386225,1.0,1.2699100754535708,0.0,0.0,0.0,0.0,0.0,1.0,15.813326197117547,1139.6555629264626,20.687604017864448,302.7106577576344,7.946729358776584
8,225.0,48.22070609062471,0.95,0.03,0.0,0.0,0.0,0.0,0.0,0.02,302.3,86.15,0.7442937479325173,0.5597296121952955,98.2723333835592,8.179384256277098,1126.5926575037815,28.43020575333226,0.9660656323644178,0.0135675048867882,0.0,0.0,0.0,0.0,0.0,0.0203668627487939,0.2093333989433043,0.7875799088580945,0.0,0.0,0.0,0.0,0.0,0.0030866921986012,14.5022065085267,0.91482947510833,1.0,1.2539891407085657,0.0,0.0,0.0,0.0,0.0,1.0,15.813326197117547,1139.6555629264626,20.687604017864448,302.7106577576344,7.946729358776584
8,225.0,58.23101154921161,0.95,0.03,0.0,0.0,0.0,0.0,0.0,0.02,302.3,86.15,0.7442937479325173,0.6759258450285734,98.2723333835592,8.179384256277098,1125.156503236306,30.40915511700985,0.9628187580018456,0.0168907089251503,0.0,0.0,0.0,0.0,0.0,0.0202905330730041,0.1822075979685996,0.8151941726209775,0.0,0.0,0.0,0.0,0.0,0.0025982294104229,14.202259430362146,0.9311359203971676,1.0000000001733391,1.238857549116992,0.0,0.0,0.0,0.0,0.0,1.000000000129542,15.813326197117547,1139.6555629264626,20.687604017864448,302.7106577576344,7.946729358776584
8,225.0,68.24131700779851,0.95,0.03,0.0,0.0,0.0,0.0,0.0,0.02,302.3,86.15,0.7442937479325173,0.7921220778618515,98.2723333835592,8.179384256277098,1123.7254317321283,32.391592351362945,0.9595881875846356,0.0201955321910616,0.0,0.0,0.0,0.0,0.0,0.0202162802243027,0.1631884919972451,0.8345595722675321,0.0,0.0,0.0,0.0,0.0,0.0022519357352227,13.911351742528453,0.946930940565008,1.0,1.2245765033036955,0.0,0.0,0.0,0.0,0.0,1.0,15.813326197117547,1139.6555629264626,20.687604017864448,302.7106577576344,7.946729358776584
8,225.0,78.25162246638541,0.95,0.03,0.0,0.0,0.0,0.0,0.0,0.02,302.3,86.15,0.7442937479325173,0.9083183106951296,98.2723333835592,8.179384256277098,1122.2997704376428,34.37836253620001,0.9563746741066887,0.0234819901414246,0.0,0.0,0.0,0.0,0.0,0.0201433357518865,0.149193922247951,0.8488123537355415,0.0,0.0,0.0,0.0,0.0,0.0019937240165073,13.629148375490589,0.9622438419292624,1.0,1.2110874652157868,0.0,0.0,0.0,0.0,0.0,1.0,15.813326197117547,1139.6555629264626,20.687604017864448,302.7106577576344,7.946729358776584
8,225.0,88.26192792497231,0.95,0.03,0.0,0.0,0.0,0.0,0.0,0.02,302.3,86.15,0.7442937479325173,1.0245145435284075,98.2723333835592,8.179384256277098,1120.8796918676896,36.37009365718183,0.9531785670952364,0.0267501186110271,0.0,0.0,0.0,0.0,0.0,0.0200713142937364,0.1385300473134697,0.859676082942818,0.0,0.0,0.0,0.0,0.0,0.0017938697437121,13.355292222793224,0.977067121104264,1.0000000001139793,1.1983708433037137,0.0,0.0,0.0,0.0,0.0,1.0000000001132332,15.813326197117547,1139.6555629264626,20.687604017864448,302.7106577576344,7.946729358776584
8,230.0,9.89546899275864,0.95,0.03,0.0,0.0,0.0,0.0,0.0,0.02,302.3,86.15,0.7608336089976844,0.1148632500610405,91.71150004679322,9.89536899275864,1112.7129924906112,24.67516910130288,0.9737132480949834,0.0001258274593405,0.0,0.0,0.0,0.0,0.0,0.0261609244456761,0.9499935255531556,0.0300081565689084,0.0,0.0,0.0,0.0,0.0,0.0199983178779357,14.518928770375249,0.8853850333275567,1.0,1.2826575661188988,0.0,0.0,0.0,0.0,0.0,1.0,14.52556748614066,1121.6270137216943,24.87830228106012,302.7106577576344,9.61137473881863
8,230.0,18.986127998762484,0.95,0.03,0.0,0.0,0.0,0.0,0.0,0.02,302.3,86.15,0.7608336089976844,0.2203845385811083,91.71150004679322,9.89536899275864,1112.984790499507,26.59876066738739,0.9758003115983686,0.0035027836693158,0.0,0.0,0.0,0.0,0.0,0.0206969047323156,0.5401003779886767,0.4509716195437924,0.0,0.0,0.0,0.0,0.0,0.0089280024675308,14.21834340083974,0.9023048854752134,1.0,1.268240743511636,0.0,0.0,0.0,0.0,0.0,1.0,14.52556748614066,1121.6270137216943,24.87830228106012,302.7106577576344,9.61137473881863
8,230.0,28.076787004766324,0.95,0.03,0.0,0.0,0.0,0.0,0.0,0.02,302.3,86.15,0.7608336089976844,0.3259058271011761,91.71150004679322,9.89536899275864,1111.4820169638986,28.502895117605718,0.9725820582865132,0.0068669252985254,0.0,0.0,0.0,0.0,0.0,0.0205510164149614,0.3870159677222541,0.6067211964994641,0.0,0.0,0.0,0.0,0.0,0.0062628357782818,13.927516600063056,0.9187275231853436,1.0,1.2541597515722112,0.0,0.0,0.0,0.0,0.0,1.0,14.52556748614066,1121.6270137216943,24.87830228106012,302.7106577576344,9.61137473881863
8,230.0,37.16744601077016,0.95,0.03,0.0,0.0,0.0,0.0,0.0,0.02,302.3,86.15,0.7608336089976844,0.4314271156212438,91.71150004679322,9.89536899275864,1109.965885803888,30.41828955747072,0.9693289149110208,0.0102162194537214,0.0,0.0,0.0,0.0,0.0,0.0204548656352578,0.3076378788549281,0.6874787718026658,0.0,0.0,0.0,0.0,0.0,0.004883349342406,13.64440070780381,0.9347870931852812,1.0,1.240431201786122,0.0,0.0,0.0,0.0,0.0,1.0,14.52556748614066,1121.6270137216943,24.87830228106012,302.7106577576344,9.61137473881863
8,230.0,46.25810501677401,0.95,0.03,0.0,0.0,0.0,0.0,0.0,0.02,302.3,86.15,0.7608336089976844,0.5369484041413117,91.71150004679322,9.89536899275864,1108.448754812946,32.33968576036831,0.9660777705039384,0.0135507390540726,0.0,0.0,0.0,0.0,0.0,0.020371490441989,0.2592234104716202,0.7367375649942692,0.0,0.0,0.0,0.0,0.0,0.0040390245341105,13.368921186366975,0.9504683075003002,1.0,1.227184128476376,0.0,0.0,0.0,0.0,0.0,1.0,14.52556748614066,1121.6270137216943,24.87830228106012,302.7106577576344,9.61137473881863
8,230.0,55.34876402277784,0.95,0.03,0.0,0.0,0.0,0.0,0.0,0.02,302.3,86.15,0.7608336089976844,0.6424696926613794,91.71150004679322,9.89536899275864,1106.9332782783115,34.26640900952133,0.962836204152272,0.016870416918543,0.0,0.0,0.0,0.0,0.0,0.020293378929185,0.2267319413551089,0.769798771777981,0.0,0.0,0.0,0.0,0.0,0.00346928686691,13.100925552560742,0.9657531195231756,1.0,1.2144838496781896,0.0,0.0,0.0,0.0,0.0,1.0,14.52556748614066,1121.6270137216943,24.87830228106012,302.7106577576344,9.61137473881863
8,230.0,64.43942302878169,0.95,0.03,0.0,0.0,0.0,0.0,0.0,0.02,302.3,86.15,0.7608336089976844,0.7479909811814474,91.71150004679322,9.89536899275864,1105.420421696652,36.19887879766265,0.9596067858011296,0.0201751989427455,0.0,0.0,0.0,0.0,0.0,0.0202180152561248,0.2035120002405193,0.7934287097774511,0.0,0.0,0.0,0.0,0.0,0.0030592899820297,12.84019039357825,0.980670107895076,1.0,1.2023636619820646,0.0,0.0,0.0,0.0,0.0,1.0,14.52556748614066,1121.6270137216943,24.87830228106012,302.7106577576344,9.61137473881863
8,230.0,73.53008203478554,0.95,0.03,0.0,0.0,0.0,0.0,0.0,0.02,302.3,86.15,0.7608336089976844,0.8535122697015152,91.71150004679322,9.89536899275864,1103.9106419887098,38.13770009067496,0.9563906261503076,0.0234650551543057,0.0,0.0,0.0,0.0,0.0,0.0201443186953864,0.1861670868427672,0.8110824544271107,0.0,0.0,0.0,0.0,0.0,0.002750458730122,12.5864743275401,0.9951842574263772,1.0,1.1908626036772316,0.0,0.0,0.0,0.0,0.0,1.0,14.52556748614066,1121.6270137216943,24.87830228106012,302.7106577576344,9.61137473881863
8,230.0,82.62074104078937,0.95,0.03,0.0,0.0,0.0,0.0,0.0,0.02,302.3,86.15,0.7608336089976844,0.9590335582215828,91.71150004679322,9.89536899275864,1102.4041925395777,40.083423663981655,0.9531882767741998,0.0267399754732015,0.0,0.0,0.0,0.0,0.0,0.0200717477525986,0.1727810415951429,0.8247091945079082,0.0,0.0,0.0,0.0,0.0,0.0025097638969487,12.339535953801867,1.0093648919139937,1.0,1.1799386313934723,0.0,0.0,0.0,0.0,0.0,1.0,14.52556748614066,1121.6270137216943,24.87830228106012,302.7106577576344,9.61137473881863
8,230.0,91.71140004679322,0.95,0.03,0.0,0.0,0.0,0.0,0.0,0.02,302.3,86.15,0.7608336089976844,1.0645548467416508,91.71150004679322,9.89536899275864,1100.9012294744257,42.03649001057315,0.9500000346855788,0.0299999645358831,0.0,0.0,0.0,0.0,0.0,0.0200000007785379,0.1621904606684655,0.8354923826616905,0.0,0.0,0.0,0.0,0.0,0.0023171566698439,12.099132574472602,1.0231827231426451,1.0,1.1695774405586652,0.0,0.0,0.0,0.0,0.0,1.0,14.52556748614066,1121.6270137216943,24.87830228106012,302.7106577576344,9.61137473881863
8,235.0,11.870546602628584,0.95,0.03,0.0,0.0,0.0,0.0,0.0,0.02,302.3,86.15,0.7773734700628514,0.1377892815162923,86.49473331626407,11.870446602628585,1094.1510951281198,29.4810654679256,0.9735194471258832,0.000168693572484,0.0,0.0,0.0,0.0,0.0,0.0263118593016328,0.949994768131997,0.0300066359322457,0.0,0.0,0.0,0.0,0.0,0.0199985959357572,13.259826643223878,0.9303708648290128,1.0,1.247833178913803,0.0,0.0,0.0,0.0,0.0,1.0,13.258875583506692,1102.8688895247462,29.73094022392497,302.7106577576344,11.525181126674264
8,235.0,20.16211179303253,0.95,0.03,0.0,0.0,0.0,0.0,0.0,0.02,302.3,86.15,0.7773734700628514,0.2340349598726932,86.49473331626407,11.870446602628585,1094.3376454848235,31.36889728116159,0.9757291200971576,0.0035285371590559,0.0,0.0,0.0,0.0,0.0,0.0207423427437863,0.6065009817282737,0.3834097343299847,0.0,0.0,0.0,0.0,0.0,0.0100892839417413,12.991997025570184,0.9461890789007364,1.0,1.2348654161187167,0.0,0.0,0.0,0.0,0.0,1.0,13.258875583506692,1102.8688895247462,29.73094022392497,302.7106577576344,11.525181126674264
8,235.0,28.45367698343647,0.95,0.03,0.0,0.0,0.0,0.0,0.0,0.02,302.3,86.15,0.7773734700628514,0.3302806382290942,86.49473331626407,11.870446602628585,1092.777368749643,33.22557903175547,0.9725505225603815,0.0068795799459823,0.0,0.0,0.0,0.0,0.0,0.0205698974936361,0.454019604714361,0.5385148269560847,0.0,0.0,0.0,0.0,0.0,0.0074655683295544,12.7343076062515,0.9615409233786586,1.0,1.223149746493081,0.0,0.0,0.0,0.0,0.0,1.0,13.258875583506692,1102.8688895247462,29.73094022392497,302.7106577576344,11.525181126674264
8,235.0,36.74524217384041,0.95,0.03,0.0,0.0,0.0,0.0,0.0,0.02,302.3,86.15,0.7773734700628514,0.4265263165854951,86.49473331626407,11.870446602628585,1091.196970589124,35.09988836025176,0.9693166688797896,0.0102184152787915,0.0,0.0,0.0,0.0,0.0,0.0204649158414187,0.3687650075547987,0.6252242240904885,0.0,0.0,0.0,0.0,0.0,0.0060107683547126,12.482747357031894,0.9766307278276388,1.0,1.2118216599681442,0.0,0.0,0.0,0.0,0.0,1.0,13.258875583506692,1102.8688895247462,29.73094022392497,302.7106577576344,11.525181126674264
8,235.0,45.03680736424435,0.95,0.03,0.0,0.0,0.0,0.0,0.0,0.02,302.3,86.15,0.7773734700628514,0.5227719949418961,86.49473331626407,11.870446602628585,1089.612408109777,36.98506020566593,0.9660773544187512,0.013545326207733,0.0,0.0,0.0,0.0,0.0,0.0203773193735156,0.3144663293446964,0.6804490081053574,0.0,0.0,0.0,0.0,0.0,0.0050846625499462,12.237232049413407,0.99142390257798,1.0,1.2008447086734275,0.0,0.0,0.0,0.0,0.0,1.0,13.258875583506692,1102.8688895247462,29.73094022392497,302.7106577576344,11.525181126674264
8,235.0,53.3283725546483,0.95,0.03,0.0,0.0,0.0,0.0,0.0,0.02,302.3,86.15,0.7773734700628514,0.619017673298297,86.49473331626407,11.870446602628585,1088.0270685424452,38.87900916896447,0.96284285551801,0.0168603048396163,0.0,0.0,0.0,0.0,0.0,0.0202968396423738,0.2769670566895817,0.7185888964174155,0.0,0.0,0.0,0.0,0.0,0.0044440468930027,11.997663140683596,1.0059579824402491,1.0,1.1902387322891357,0.0,0.0,0.0,0.0,0.0,1.0,13.258875583506692,1102.8688895247462,29.73094022392497,302.7106577576344,11.525181126674264
8,235.0,61.61993774505224,0.95,0.03,0.0,0.0,0.0,0.0,0.0,0.02,302.3,86.15,0.7773734700628514,0.715263351654698,86.49473331626407,11.870446602628585,1086.4421793226331,40.7813433740937,0.9596166763344786,0.0201632994333555,0.0,0.0,0.0,0.0,0.0,0.0202200242321658,0.249604689490521,0.7464199675788761,0.0,0.0,0.0,0.0,0.0,0.0039753429306028,11.763913061337457,1.0201852794906494,1.0,1.18005300550656,0.0,0.0,0.0,0.0,0.0,1.0,13.258875583506692,1102.8688895247462,29.73094022392497,302.7106577576344,11.525181126674264
8,235.0,69.91150293545618,0.95,0.03,0.0,0.0,0.0,0.0,0.0,0.02,302.3,86.15,0.7773734700628514,0.811509030011099,86.49473331626407,11.870446602628585,1084.8583249879707,42.69224189160576,0.9564003504530204,0.0234542621134372,0.0,0.0,0.0,0.0,0.0,0.0201453874335425,0.2288313671848052,0.7675503696350736,0.0,0.0,0.0,0.0,0.0,0.0036182631801209,11.535827142058071,1.0341474285518235,1.0,1.170310911710689,0.0,0.0,0.0,0.0,0.0,1.0,13.258875583506692,1102.8688895247462,29.73094022392497,302.7106577576344,11.525181126674264
8,235.0,78.20306812586013,0.95,0.03,0.0,0.0,0.0,0.0,0.0,0.02,302.3,86.15,0.7773734700628514,0.9077547083675,86.49473331626407,11.870446602628585,1083.2758349084006,44.61204479818226,0.9531946581453924,0.0267331573487286,0.0,0.0,0.0,0.0,0.0,0.0200721845058789,0.2125838634165995,0.7840783323564307,0.0,0.0,0.0,0.0,0.0,0.0033378042269697,11.313251029929642,1.0478351341733458,1.0000000000719984,1.16099148172929,0.0,0.0,0.0,0.0,0.0,1.0000000000628932,13.258875583506692,1102.8688895247462,29.73094022392497,302.7106577576344,11.525181126674264
8,235.0,86.49463331626407,0.95,0.03,0.0,0.0,0.0,0.0,0.0,0.02,302.3,86.15,0.7773734700628514,1.004000386723901,86.49473331626407,11.870446602628585,1081.694917712337,46.54110532170504,0.950000038112622,0.0299999610296755,0.0,0.0,0.0,0.0,0.0,0.0200000008577025,0.19958028945331,0.7973074725791403,0.0,0.0,0.0,0.0,0.0,0.0031122379675496,11.095995424787334,1.061263938022576,1.0,1.152115308613339,0.0,0.0,0.0,0.0,0.0,1.0,13.258875583506692,1102.8688895247462,29.73094022392497,302.7106577576344,11.525181126674264
8,240.0,14.129294392533335,0.95,0.03,0.0,0.0,0.0,0.0,0.0,0.02,302.3,86.15,0.7939133311280185,0.164008060273167,82.42432219773046,14.129194392533336,1074.7726755972794,35.03405633774236,0.9733714995505528,0.0002240913074065,0.0,0.0,0.0,0.0,0.0,0.0264044091420406,0.949995736304142,0.0300054320613139,0.0,0.0,0.0,0.0,0.0,0.0199988316345439,12.02202730787326,0.9802138151277638,1.0,1.2149281164415862,0.0,0.0,0.0,0.0,0.0,1.0,12.014498351825988,1083.263844328595,35.3375257790447,302.7106577576344,13.710780754884407
8,240.0,21.717619704221907,0.95,0.03,0.0,0.0,0.0,0.0,0.0,0.02,302.3,86.15,0.7939133311280185,0.2520907684761683,82.42432219773046,14.129194392533336,1074.8519535029232,36.90784038964426,0.975632851332152,0.0035668381178629,0.0,0.0,0.0,0.0,0.0,0.0208003105499849,0.666351285242978,0.3225048133614318,0.0,0.0,0.0,0.0,0.0,0.01114390139559,11.782822565816376,0.9952724731673308,1.0,1.2033422951546653,0.0,0.0,0.0,0.0,0.0,1.0,12.014498351825988,1083.263844328595,35.3375257790447,302.7106577576344,13.710780754884407
8,240.0,29.305945015910478,0.95,0.03,0.0,0.0,0.0,0.0,0.0,0.02,302.3,86.15,0.7939133311280185,0.3401734766791697,82.42432219773046,14.129194392533336,1073.2415848970234,38.73413539090015,0.9725005914250684,0.0069049235064597,0.0,0.0,0.0,0.0,0.0,0.0205944850684717,0.5202960904445554,0.4710570581580203,0.0,0.0,0.0,0.0,0.0,0.0086468513974242,11.554293376266836,1.0098300120261308,1.0,1.1935426890513563,0.0,0.0,0.0,0.0,0.0,1.0,12.014498351825988,1083.263844328595,35.3375257790447,302.7106577576344,13.710780754884407
8,240.0,36.894270327599045,0.95,0.03,0.0,0.0,0.0,0.0,0.0,0.02,302.3,86.15,0.7939133311280185,0.4282561848821711,82.42432219773046,14.129194392533336,1071.6038317092282,40.58272652877436,0.9692889470848032,0.0102329060504918,0.0,0.0,0.0,0.0,0.0,0.020478146864705,0.432379580072055,0.5604515288426909,0.0,0.0,0.0,0.0,0.0,0.007168891085254,11.330722944804563,1.0242007348000055,1.0,1.1841762236460698,0.0,0.0,0.0,0.0,0.0,1.0,12.014498351825988,1083.263844328595,35.3375257790447,302.7106577576344,13.710780754884407
8,240.0,44.48259563928761,0.95,0.03,0.0,0.0,0.0,0.0,0.0,0.02,302.3,86.15,0.7939133311280185,0.5163388930851724,82.42432219773046,14.129194392533336,1069.9588735361124,42.44704303927446,0.9660636862037084,0.0135512779085671,0.0,0.0,0.0,0.0,0.0,0.0203850358877244,0.3738094843829183,0.6200014195320145,0.0,0.0,0.0,0.0,0.0,0.0061890960850671,11.111972194236497,1.0383790632896823,1.0,1.175099484583728,0.0,0.0,0.0,0.0,0.0,1.0,12.014498351825988,1083.263844328595,35.3375257790447,302.7106577576344,13.710780754884407
8,240.0,52.07092095097618,0.95,0.03,0.0,0.0,0.0,0.0,0.0,0.02,302.3,86.15,0.7939133311280185,0.6044216012881739,82.42432219773046,14.129194392533336,1068.3109256391076,44.32403141122073,0.9628384395215694,0.0168601371114456,0.0,0.0,0.0,0.0,0.0,0.0203014233669848,0.3321020358905836,0.6624050920576396,0.0,0.0,0.0,0.0,0.0,0.0054928720517766,10.89796957169176,1.0523512293137665,1.0,1.166297889568364,0.0,0.0,0.0,0.0,0.0,1.0,12.014498351825988,1083.263844328595,35.3375257790447,302.7106577576344,13.710780754884407
8,240.0,59.65924626266475,0.95,0.03,0.0,0.0,0.0,0.0,0.0,0.02,302.3,86.15,0.7939133311280185,0.6925043094911753,82.42432219773046,14.129194392533336,1066.661489033443,46.21250594245431,0.9596178555809356,0.0201594729402238,0.0,0.0,0.0,0.0,0.0,0.0202226714788404,0.3009761058525171,0.6940500201998535,0.0,0.0,0.0,0.0,0.0,0.0049738739476294,10.688632282407776,1.06611836954812,1.0,1.157788968984739,0.0,0.0,0.0,0.0,0.0,1.0,12.014498351825988,1083.263844328595,35.3375257790447,302.7106577576344,13.710780754884407
8,240.0,67.24757157435332,0.95,0.03,0.0,0.0,0.0,0.0,0.0,0.02,302.3,86.15,0.7939133311280185,0.7805870176941766,82.42432219773046,14.129194392533336,1065.0112719297313,48.112124676263285,0.956403973416793,0.0234492473905464,0.0,0.0,0.0,0.0,0.0,0.0201467791926607,0.2769277363027413,0.7184990927981934,0.0,0.0,0.0,0.0,0.0,0.0045731708990652,10.483860842264152,1.0796958812368715,1.0,1.1496049704639637,0.0,0.0,0.0,0.0,0.0,1.0,12.014498351825988,1083.263844328595,35.3375257790447,302.7106577576344,13.710780754884407
8,240.0,74.83589688604188,0.95,0.03,0.0,0.0,0.0,0.0,0.0,0.02,302.3,86.15,0.7939133311280185,0.8686697258971778,82.42432219773046,14.129194392533336,1063.360672818822,50.022909331694194,0.9531978376367932,0.0267294202293339,0.0,0.0,0.0,0.0,0.0,0.0200727421338728,0.2578480354743622,0.737896544639576,0.0,0.0,0.0,0.0,0.0,0.0042554198860617,10.283555222093156,1.0930869590106354,1.0,1.1417265622555954,0.0,0.0,0.0,0.0,0.0,1.0,12.014498351825988,1083.263844328595,35.3375257790447,302.7106577576344,13.710780754884407
8,240.0,82.42422219773046,0.95,0.03,0.0,0.0,0.0,0.0,0.0,0.02,302.3,86.15,0.7939133311280185,0.9567524341001794,82.42432219773046,14.129194392533336,1061.7099430764497,51.9450298003924,0.9500000416864588,0.029999957370842,0.0,0.0,0.0,0.0,0.0,0.0200000009426989,0.2423916113241313,0.7536102679137734,0.0,0.0,0.0,0.0,0.0,0.0039981207620952,10.087602684888786,1.106277209644695,1.0,1.134182985021575,0.0,0.0,0.0,0.0,0.0,1.0,12.014498351825988,1083.263844328595,35.3375257790447,302.7106577576344,13.710780754884407
8,245.0,16.697603439201814,0.95,0.03,0.0,0.0,0.0,0.0,0.0,0.02,302.3,86.15,0.8104531921931856,0.1938201211747163,79.34796417307675,16.697503439201814,1054.4359760434363,41.4437304228754,0.9732626684820692,0.0002954255203505,0.0,0.0,0.0,0.0,0.0,0.0264419059975801,0.9499964995855866,0.0300044697503526,0.0,0.0,0.0,0.0,0.0,0.0199990306640607,10.807015811334702,1.0359896147252703,1.0,1.1838338597414946,0.0,0.0,0.0,0.0,0.0,1.0,10.793959502416731,1062.6711211462375,41.80803719266337,302.7106577576344,16.191644196077288
8,245.0,23.65874352074347,0.95,0.03,0.0,0.0,0.0,0.0,0.0,0.02,302.3,86.15,0.8104531921931856,0.2746226758066566,79.34796417307675,16.697503439201814,1054.3860867194269,43.32315718139719,0.9755065994413074,0.0036200891167866,0.0,0.0,0.0,0.0,0.0,0.0208733114419059,0.7188223976064,0.2690928106026475,0.0,0.0,0.0,0.0,0.0,0.0120847917909524,10.59320571800016,1.0505443586972143,1.0,1.1736532513693878,0.0,0.0,0.0,0.0,0.0,1.0,10.793959502416731,1062.6711211462375,41.80803719266337,302.7106577576344,16.191644196077288
8,245.0,30.61988360228513,0.95,0.03,0.0,0.0,0.0,0.0,0.0,0.02,302.3,86.15,0.8104531921931856,0.355425230438597,79.34796417307675,16.697503439201814,1052.7312908870874,45.135307348582685,0.972429084678102,0.0069445676873874,0.0,0.0,0.0,0.0,0.0,0.0206263476345107,0.5837333657356509,0.4064948822407661,0.0,0.0,0.0,0.0,0.0,0.0097717520235829,10.390578378987469,1.0646000984997088,1.0,1.1653925864766104,0.0,0.0,0.0,0.0,0.0,1.0,10.793959502416731,1062.6711211462375,41.80803719266337,302.7106577576344,16.191644196077288
8,245.0,37.58102368382679,0.95,0.03,0.0,0.0,0.0,0.0,0.0,0.02,302.3,86.15,0.8104531921931856,0.4362277850705373,79.34796417307675,16.697503439201814,1051.0412506470825,46.97214022356481,0.969243624264024,0.0102607286809345,0.0,0.0,0.0,0.0,0.0,0.0204956470550413,0.4965035008794921,0.4951769498077966,0.0,0.0,0.0,0.0,0.0,0.0083195493127112,10.19206431114909,1.0785010509338668,1.0,1.1576311506547072,0.0,0.0,0.0,0.0,0.0,1.0,10.793959502416731,1062.6711211462375,41.80803719266337,302.7106577576344,16.191644196077288
8,245.0,44.54216376536845,0.95,0.03,0.0,0.0,0.0,0.0,0.0,0.02,302.3,86.15,0.8104531921931856,0.5170303397024776,79.34796417307675,16.697503439201814,1049.3410023731446,48.82885603238175,0.9660353656429522,0.0135691986467587,0.0,0.0,0.0,0.0,0.0,0.0203954357102889,0.4356892511780969,0.5569937671451575,0.0,0.0,0.0,0.0,0.0,0.0073169816767455,9.997439252512006,1.09226804842001,1.0,1.1501222104530182,0.0,0.0,0.0,0.0,0.0,1.0,10.793959502416731,1062.6711211462375,41.80803719266337,302.7106577576344,16.191644196077288
8,245.0,51.50330384691011,0.95,0.03,0.0,0.0,0.0,0.0,0.0,0.02,302.3,86.15,0.8104531921931856,0.5978328943344179,79.34796417307675,16.697503439201814,1047.635711615037,50.702181322148085,0.9628220862852233,0.0168701969915417,0.0,0.0,0.0,0.0,0.0,0.0203077167232349,0.3909746735110275,0.6024413523872518,0.0,0.0,0.0,0.0,0.0,0.0065839741017207,9.806629739276389,1.1059096980094416,1.0,1.1428491364612223,0.0,0.0,0.0,0.0,0.0,1.0,10.793959502416731,1062.6711211462375,41.80803719266337,302.7106577576344,16.191644196077288
8,245.0,58.46444392845177,0.95,0.03,0.0,0.0,0.0,0.0,0.0,0.02,302.3,86.15,0.8104531921931856,0.6786354489663583,79.34796417307675,16.697503439201814,1045.9271718133748,52.59039890802433,0.9596098417867188,0.020163782645332,0.0,0.0,0.0,0.0,0.0,0.020226375567949,0.3567948118148991,0.6371791082938942,0.0,0.0,0.0,0.0,0.0,0.0060260798912067,9.61957519813982,1.1194187099895825,1.0,1.1357839593316803,0.0,0.0,0.0,0.0,0.0,1.0,10.793959502416731,1062.6711211462375,41.80803719266337,302.7106577576344,16.191644196077288
8,245.0,65.42558400999343,0.95,0.03,0.0,0.0,0.0,0.0,0.0,0.02,302.3,86.15,0.8104531921931856,0.7594380035982986,79.34796417307675,16.697503439201814,1044.2162097534897,54.49269902083313,0.9564012811615488,0.0234499535654886,0.0,0.0,0.0,0.0,0.0,0.0201487652729625,0.3298854520942325,0.6645259614430118,0.0,0.0,0.0,0.0,0.0,0.0055885864627557,9.4362055000715,1.1328012181670566,1.0,1.128960670862149,0.0,0.0,0.0,0.0,0.0,1.0,10.793959502416731,1062.6711211462375,41.80803719266337,302.7106577576344,16.191644196077288
8,245.0,72.38672409153509,0.95,0.03,0.0,0.0,0.0,0.0,0.0,0.02,302.3,86.15,0.8104531921931856,0.8402405582302389,79.34796417307675,16.697503439201814,1042.503282267275,56.4087548151813,0.9531977586200716,0.0267286868612069,0.0,0.0,0.0,0.0,0.0,0.0200735545187214,0.3082059977808898,0.6865564826187438,0.0,0.0,0.0,0.0,0.0,0.0052375196003665,9.256463947664042,1.1460604392183107,1.0,1.1223589317085172,0.0,0.0,0.0,0.0,0.0,1.0,10.793959502416731,1062.6711211462375,41.80803719266337,302.7106577576344,16.191644196077288
8,245.0,79.34786417307674,0.95,0.03,0.0,0.0,0.0,0.0,0.0,0.02,302.3,86.15,0.8104531921931856,0.9210431128621792,79.34796417307675,16.697503439201814,1040.7886767884072,58.33850176981819,0.9500000458461816,0.0299999531077729,0.0,0.0,0.0,0.0,0.0,0.0200000010460455,0.2904153671641827,0.7046339906915544,0.0,0.0,0.0,0.0,0.0,0.0049506421442628,9.080268453816524,1.1591885813604208,1.0,1.1160059035784486,0.0,0.0,0.0,0.0,0.0,1.0,10.793959502416731,1062.6711211462375,41.80803719266337,302.7106577576344,16.191644196077288
8,250.0,19.6029164715018,0.95,0.03,0.0,0.0,0.0,0.0,0.0,0.02,302.3,86.15,0.8269930532583526,0.2275440101160974,77.14726370763078,19.6028164715018,1032.9683103750992,48.843862057465095,0.9731856321408052,0.0003871913693347,0.0,0.0,0.0,0.0,0.0,0.0264271764898601,0.949997108245514,0.030003693363704,0.0,0.0,0.0,0.0,0.0,0.019999198390782,9.616606647741191,1.0990866709913556,1.0,1.1545554782052367,0.0,0.0,0.0,0.0,0.0,1.0,9.599114364051816,1040.9186176418627,49.27650279185157,302.7106577576344,18.99215487266697
8,250.0,25.996721719960576,0.95,0.03,0.0,0.0,0.0,0.0,0.0,0.02,302.3,86.15,0.8269930532583526,0.3017611343001807,77.14726370763078,19.6028164715018,1032.7674213731943,50.74708359249627,0.975344259213203,0.0036917611718576,0.0,0.0,0.0,0.0,0.0,0.0209639796149394,0.7638222783531299,0.2232590700072103,0.0,0.0,0.0,0.0,0.0,0.0129186516396598,9.42566446834338,1.1134202938293851,1.0,1.1457429106185242,0.0,0.0,0.0,0.0,0.0,1.0,9.599114364051816,1040.9186176418627,49.27650279185157,302.7106577576344,18.99215487266697
8,250.0,32.39052696841935,0.95,0.03,0.0,0.0,0.0,0.0,0.0,0.02,302.3,86.15,0.8269930532583526,0.3759782584842641,77.14726370763078,19.6028164715018,1031.072112595822,52.56109415910005,0.9723316508224472,0.0070010682828699,0.0,0.0,0.0,0.0,0.0,0.0206672808946828,0.6427090083901885,0.3464730001160197,0.0,0.0,0.0,0.0,0.0,0.0108179914937918,9.246277302839516,1.1272011936527178,1.0,1.1387820221496974,0.0,0.0,0.0,0.0,0.0,1.0,9.599114364051816,1040.9186176418627,49.27650279185157,302.7106577576344,18.99215487266697
8,250.0,38.78433221687813,0.95,0.03,0.0,0.0,0.0,0.0,0.0,0.02,302.3,86.15,0.8269930532583526,0.4501953826683473,77.14726370763078,19.6028164715018,1029.333105321447,54.39985832132216,0.9691775941886356,0.0103037323464829,0.0,0.0,0.0,0.0,0.0,0.0205186734648814,0.5592413720068481,0.4313270094866777,0.0,0.0,0.0,0.0,0.0,0.0094316185064742,9.070381653834414,1.1408901623294747,1.0,1.132320620527883,0.0,0.0,0.0,0.0,0.0,1.0,9.599114364051816,1040.9186176418627,49.27650279185157,302.7106577576344,18.99215487266697
8,250.0,45.1781374653369,0.95,0.03,0.0,0.0,0.0,0.0,0.0,0.02,302.3,86.15,0.8269930532583526,0.5244125068524307,77.14726370763078,19.6028164715018,1027.580832479381,56.26142891138861,0.9659901851175884,0.0136003825651403,0.0,0.0,0.0,0.0,0.0,0.0204094323172711,0.4983918716756224,0.4931716568963488,0.0,0.0,0.0,0.0,0.0,0.0084364714280286,8.897674739007334,1.154494039401572,1.0,1.1261154134027231,0.0,0.0,0.0,0.0,0.0,1.0,9.599114364051816,1040.9186176418627,49.27650279185157,302.7106577576344,18.99215487266697
8,250.0,51.57194271379568,0.95,0.03,0.0,0.0,0.0,0.0,0.0,0.02,302.3,86.15,0.8269930532583526,0.5986296310365139,77.14726370763078,19.6028164715018,1025.821554982132,58.14310474210022,0.9627922753979884,0.0168913387246281,0.0,0.0,0.0,0.0,0.0,0.0203163858773833,0.452166106187871,0.5401466066317501,0.0,0.0,0.0,0.0,0.0,0.0076872871803789,8.728065195532965,1.1680187420866268,1.0,1.120115004621374,0.0,0.0,0.0,0.0,0.0,1.0,9.599114364051816,1040.9186176418627,49.27650279185157,302.7106577576344,18.99215487266697
8,250.0,57.96574796225445,0.95,0.03,0.0,0.0,0.0,0.0,0.0,0.02,302.3,86.15,0.8269930532583526,0.6728467552205972,77.14726370763078,19.6028164715018,1024.0573927132748,60.04306912723299,0.9595916550589596,0.0201767389395496,0.0,0.0,0.0,0.0,0.0,0.0202316060014907,0.4159353778923765,0.5769604748987941,0.0,0.0,0.0,0.0,0.0,0.0071041472088293,8.561494454843034,1.1814778081635944,1.0,1.1142821838180532,0.0,0.0,0.0,0.0,0.0,1.0,9.599114364051816,1040.9186176418627,49.27650279185157,302.7106577576344,18.99215487266697
8,250.0,64.35955321071323,0.95,0.03,0.0,0.0,0.0,0.0,0.0,0.02,302.3,86.15,0.8269930532583526,0.7470638794046806,77.14726370763078,19.6028164715018,1022.2892899138068,61.96024287948402,0.9563917179497214,0.0234566358548735,0.0,0.0,0.0,0.0,0.0,0.0201516461954051,0.3868375398505072,0.6065237262673725,0.0,0.0,0.0,0.0,0.0,0.0066387338821203,8.397914776672126,1.194865889584115,1.0,1.108630790342671,0.0,0.0,0.0,0.0,0.0,1.0,9.599114364051816,1040.9186176418627,49.27650279185157,302.7106577576344,18.99215487266697
8,250.0,70.753358459172,0.95,0.03,0.0,0.0,0.0,0.0,0.0,0.02,302.3,86.15,0.8269930532583526,0.8212810035887638,77.14726370763078,19.6028164715018,1020.5177529933868,63.89403449321093,0.9531941902917578,0.0267310414715003,0.0,0.0,0.0,0.0,0.0,0.0200747682367418,0.3630086519522815,0.6307313898321687,0.0,0.0,0.0,0.0,0.0,0.0062599582155497,8.237279986682596,1.2081812900135769,1.0,1.1031514086654008,0.0,0.0,0.0,0.0,0.0,1.0,9.599114364051816,1040.9186176418627,49.27650279185157,302.7106577576344,18.99215487266697
8,250.0,77.14716370763078,0.95,0.03,0.0,0.0,0.0,0.0,0.0,0.02,302.3,86.15,0.8269930532583526,0.8954981277728471,77.14726370763078,19.6028164715018,1018.7430921777392,65.84415361422487,0.9500000498702414,0.0299999489748249,0.0,0.0,0.0,0.0,0.0,0.0200000011549336,0.3431830173745916,0.6508701196881131,0.0,0.0,0.0,0.0,0.0,0.0059468629372953,8.079543067522696,1.2214348907798978,1.0,1.097846987017197,0.0,0.0,0.0,0.0,0.0,1.0,9.599114364051816,1040.9186176418627,49.27650279185157,302.7106577576344,18.99215487266697
8,255.0,22.87458211303237,0.95,0.03,0.0,0.0,0.0,0.0,0.0,0.02,302.3,86.15,0.8435329143235196,0.2655203959725173,75.72927173724563,22.87448211303237,1010.1545998270192,57.40141719046476,0.9731321598722552,0.0005054823128062,0.0,0.0,0.0,0.0,0.0,0.0263623578149384,0.9499975990532014,0.0300030613123983,0.0,0.0,0.0,0.0,0.0,0.0199993396344002,8.453017598436542,1.1714042311738957,1.0,1.127071642555348,0.0,0.0,0.0,0.0,0.0,1.0,8.432227805466914,1017.7913832278248,57.90987351738985,302.7106577576344,22.13772066860631
8,255.0,28.747314293500512,0.95,0.03,0.0,0.0,0.0,0.0,0.0,0.02,302.3,86.15,0.8435329143235196,0.3336890805978004,75.72927173724563,22.87448211303237,1009.7808016776272,59.345502493230136,0.9751382224726488,0.0037868403307625,0.0,0.0,0.0,0.0,0.0,0.0210749371965886,0.8017645052636907,0.1845742025474982,0.0,0.0,0.0,0.0,0.0,0.013661292188811,8.282989455258951,1.1858117056810171,1.0,1.1196188708330868,0.0,0.0,0.0,0.0,0.0,1.0,8.432227805466914,1017.7913832278248,57.90987351738985,302.7106577576344,22.13772066860631
8,255.0,34.62004647396865,0.95,0.03,0.0,0.0,0.0,0.0,0.0,0.02,302.3,86.15,0.8435329143235196,0.4018577652230835,75.72927173724563,22.87448211303237,1008.0469236340638,61.17755387868528,0.9722023646440948,0.0070783115146501,0.0,0.0,0.0,0.0,0.0,0.0207193238412549,0.6961755993574428,0.292047936549711,0.0,0.0,0.0,0.0,0.0,0.011776464092846,8.12465271394728,1.199592422569161,1.0,1.1137709393127813,0.0,0.0,0.0,0.0,0.0,1.0,8.432227805466914,1017.7913832278248,57.90987351738985,302.7106577576344,22.13772066860631
8,255.0,40.49277865443679,0.95,0.03,0.0,0.0,0.0,0.0,0.0,0.02,302.3,86.15,0.8435329143235196,0.4700264498483666,75.72927173724563,22.87448211303237,1006.2604714635586,63.03244573684238,0.9690864287664592,0.0103648918826863,0.0,0.0,0.0,0.0,0.0,0.0205486793508544,0.6189739916625804,0.3705420439244282,0.0,0.0,0.0,0.0,0.0,0.0104839644129914,7.969349844789196,1.2133162831745437,1.0,1.1083944623539446,0.0,0.0,0.0,0.0,0.0,1.0,8.432227805466914,1017.7913832278248,57.90987351738985,302.7106577576344,22.13772066860631
8,255.0,46.36551083490493,0.95,0.03,0.0,0.0,0.0,0.0,0.0,0.02,302.3,86.15,0.8435329143235196,0.5381951344736498,75.72927173724563,22.87448211303237,1004.4575598523728,64.91163480010826,0.9659248723406004,0.0136470498273013,0.0,0.0,0.0,0.0,0.0,0.0204280778320983,0.5602312147834119,0.4302461926975716,0.0,0.0,0.0,0.0,0.0,0.0095225925190165,7.816711339996762,1.2270029458435616,1.0,1.1032728775503926,0.0,0.0,0.0,0.0,0.0,1.0,8.432227805466914,1017.7913832278248,57.90987351738985,302.7106577576344,22.13772066860631
8,255.0,52.238243015373065,0.95,0.03,0.0,0.0,0.0,0.0,0.0,0.02,302.3,86.15,0.8435329143235196,0.6063638190989328,75.72927173724563,22.87448211303237,1002.6456902075548,66.81360966398103,0.9627466584367032,0.0169251521591325,0.0,0.0,0.0,0.0,0.0,0.0203281894041642,0.5141318793670119,0.4770904578059093,0.0,0.0,0.0,0.0,0.0,0.0087776628270788,7.666615309145783,1.240662080553401,1.0,1.0983300272126315,0.0,0.0,0.0,0.0,0.0,1.0,8.432227805466914,1017.7913832278248,57.90987351738985,302.7106577576344,22.13772066860631
8,255.0,58.110975195841206,0.95,0.03,0.0,0.0,0.0,0.0,0.0,0.02,302.3,86.15,0.8435329143235196,0.6745325037242159,75.72927173724563,22.87448211303237,1000.8273556799368,68.73691202644547,0.959561705177951,0.020199405201812,0.0,0.0,0.0,0.0,0.0,0.0202388896202369,0.4770642796096603,0.5147515453439332,0.0,0.0,0.0,0.0,0.0,0.0081841750464064,7.519001179772431,1.2542985102625608,1.0,1.0935445507113986,0.0,0.0,0.0,0.0,0.0,1.0,8.432227805466914,1017.7913832278248,57.90987351738985,302.7106577576344,22.13772066860631
8,255.0,63.98370737630934,0.95,0.03,0.0,0.0,0.0,0.0,0.0,0.02,302.3,86.15,0.8435329143235196,0.7427011883494989,75.72927173724563,22.87448211303237,999.0036275916128,70.68048846644871,0.9563743252093548,0.0234699209401673,0.0,0.0,0.0,0.0,0.0,0.0201557538504779,0.4466710576529477,0.5456275650644045,0.0,0.0,0.0,0.0,0.0,0.0077013772826477,7.373825696341082,1.2679152783530043,1.0,1.0888989691556372,0.0,0.0,0.0,0.0,0.0,1.0,8.432227805466914,1017.7913832278248,57.90987351738985,302.7106577576344,22.13772066860631
8,255.0,69.85643955677747,0.95,0.03,0.0,0.0,0.0,0.0,0.0,0.02,302.3,86.15,0.8435329143235196,0.810869872974782,75.72927173724563,22.87448211303237,997.175056023056,72.6436503926925,0.9531866996761724,0.0267367578101341,0.0,0.0,0.0,0.0,0.0,0.0200765425136932,0.4213495003811218,0.5713483507557647,0.0,0.0,0.0,0.0,0.0,0.0073021488631134,7.231052791819847,1.281514822739527,1.0,1.0843887769925942,0.0,0.0,0.0,0.0,0.0,1.0,8.432227805466914,1017.7913832278248,57.90987351738985,302.7106577576344,22.13772066860631
8,255.0,75.72917173724562,0.95,0.03,0.0,0.0,0.0,0.0,0.0,0.02,302.3,86.15,0.8435329143235196,0.8790385576000652,75.72927173724563,22.87448211303237,995.3419635492802,74.62598038388319,0.9500000542408468,0.0299999444739718,0.0,0.0,0.0,0.0,0.0,0.0200000012851814,0.3999724499057945,0.5930598913037246,0.0,0.0,0.0,0.0,0.0,0.0069676587904806,7.090650386388398,1.2950994470764243,1.0,1.080014188991254,0.0,0.0,0.0,0.0,0.0,1.0,8.432227805466914,1017.7913832278248,57.90987351738985,302.7106577576344,22.13772066860631
8,260.0,26.54438629667756,0.95,0.03,0.0,0.0,0.0,0.0,0.0,0.02,302.3,86.15,0.8600727753886867,0.3081182390792519,75.0199897728373,26.54428629667756,985.7201273957328,67.33020260702348,0.9730925448843728,0.0006588178002614,0.0,0.0,0.0,0.0,0.0,0.0262486373153656,0.9499979992170088,0.0300025421770784,0.0,0.0,0.0,0.0,0.0,0.0199994586059127,7.318974316420824,1.255608891637826,1.0,1.1014439657106143,0.0,0.0,0.0,0.0,0.0,1.0,7.296085655146154,993.0143761526203,67.92140682303575,302.7106577576344,25.654931900849267
8,260.0,31.9305533495842,0.95,0.03,0.0,0.0,0.0,0.0,0.0,0.02,302.3,86.15,0.8600727753886867,0.3706390406219871,75.0199897728373,26.54428629667756,985.1512448458492,69.33159880115117,0.9748789118537542,0.0039125584750657,0.0,0.0,0.0,0.0,0.0,0.0212085296711799,0.8333484937605694,0.1523180244258727,0.0,0.0,0.0,0.0,0.0,0.0143334818135578,7.168368769560511,1.2704022776574058,1.0,1.0953074293029772,0.0,0.0,0.0,0.0,0.0,1.0,7.296085655146154,993.0143761526203,67.92140682303575,302.7106577576344,25.654931900849267
8,260.0,37.31672040249084,0.95,0.03,0.0,0.0,0.0,0.0,0.0,0.02,302.3,86.15,0.8600727753886867,0.4331598421647224,75.0199897728373,26.54428629667756,983.3782739510392,71.1984804232126,0.9720330911704044,0.0071821510706129,0.0,0.0,0.0,0.0,0.0,0.0207847577589825,0.7436329746777672,0.2437172479064022,0.0,0.0,0.0,0.0,0.0,0.0126497774158306,7.029292378795937,1.2844880293897163,1.0,1.0904493434386682,0.0,0.0,0.0,0.0,0.0,1.0,7.296085655146154,993.0143761526203,67.92140682303575,302.7106577576344,25.654931900849267
8,260.0,42.70288745539747,0.95,0.03,0.0,0.0,0.0,0.0,0.0,0.02,302.3,86.15,0.8600727753886867,0.4956806437074575,75.0199897728373,26.54428629667756,981.5438532647717,73.08476029542928,0.9689638052074528,0.0104488475315929,0.0,0.0,0.0,0.0,0.0,0.0205873472609542,0.6744796710911326,0.3140537486920574,0.0,0.0,0.0,0.0,0.0,0.01146658021681,6.892912876548079,1.298537668469482,1.0,1.085996673272077,0.0,0.0,0.0,0.0,0.0,1.0,7.296085655146154,993.0143761526203,67.92140682303575,302.7106577576344,25.654931900849267
8,260.0,48.08905450830412,0.95,0.03,0.0,0.0,0.0,0.0,0.0,0.02,302.3,86.15,0.8600727753886867,0.5582014452501929,75.0199897728373,26.54428629667756,979.689598142562,74.99552364656662,0.965834623196096,0.0137127816979851,0.0,0.0,0.0,0.0,0.0,0.0204525951059187,0.6197081437655527,0.3697324646913238,0.0,0.0,0.0,0.0,0.0,0.0105593915431234,6.758790224544014,1.3125904412835254,1.0,1.081787031658476,0.0,0.0,0.0,0.0,0.0,1.0,7.296085655146154,993.0143761526203,67.92140682303575,302.7106577576344,25.654931900849267
8,260.0,53.47522156121075,0.95,0.03,0.0,0.0,0.0,0.0,0.0,0.02,302.3,86.15,0.8600727753886867,0.620722246792928,75.0199897728373,26.54428629667756,977.824350067906,76.93079025141294,0.962681703484644,0.0169742937411962,0.0,0.0,0.0,0.0,0.0,0.0203440027741597,0.5753463742144244,0.4148164471112192,0.0,0.0,0.0,0.0,0.0,0.0098371786743564,6.626783267053658,1.3266606917235255,1.0,1.0777475685110751,0.0,0.0,0.0,0.0,0.0,1.0,7.296085655146154,993.0143761526203,67.92140682303575,302.7106577576344,25.654931900849267
8,260.0,58.86138861411739,0.95,0.03,0.0,0.0,0.0,0.0,0.0,0.02,302.3,86.15,0.8600727753886867,0.6832430483356632,75.0199897728373,26.54428629667756,975.9510248335432,78.88982465137302,0.9595175438151542,0.0202336290557742,0.0,0.0,0.0,0.0,0.0,0.0202488271290715,0.5387529408021633,0.4519987223439927,0.0,0.0,0.0,0.0,0.0,0.009248336853844,6.496821971322807,1.3407560498179243,1.0,1.0738447218647325,0.0,0.0,0.0,0.0,0.0,1.0,7.296085655146154,993.0143761526203,67.92140682303575,302.7106577576344,25.654931900849267
8,260.0,64.24755566702403,0.95,0.03,0.0,0.0,0.0,0.0,0.0,0.02,302.3,86.15,0.8600727753886867,0.7457638498783985,75.0199897728373,26.54428629667756,974.0708388326414,80.87189452774241,0.956347589054444,0.0234909498340013,0.0,0.0,0.0,0.0,0.0,0.0201614611115547,0.5081078283366566,0.4831324080132602,0.0,0.0,0.0,0.0,0.0,0.0087597636500831,6.368862645164182,1.3548814167457053,1.0,1.0700624571279047,0.0,0.0,0.0,0.0,0.0,1.0,7.296085655146154,993.0143761526203,67.92140682303575,302.7106577576344,25.654931900849267
8,260.0,69.63372271993066,0.95,0.03,0.0,0.0,0.0,0.0,0.0,0.02,302.3,86.15,0.8600727753886867,0.8082846514211336,75.0199897728373,26.54428629667756,972.1843863839684,82.87643067246552,0.9531745837407118,0.0267463628740805,0.0,0.0,0.0,0.0,0.0,0.0200790533852075,0.4821177277242087,0.5095334620137314,0.0,0.0,0.0,0.0,0.0,0.0083488102620598,6.242873041318672,1.369049858293608,1.0,1.066393094980774,0.0,0.0,0.0,0.0,0.0,1.0,7.296085655146154,993.0143761526203,67.92140682303575,302.7106577576344,25.654931900849267
8,260.0,75.0198897728373,0.95,0.03,0.0,0.0,0.0,0.0,0.0,0.02,302.3,86.15,0.8600727753886867,0.8708054529638688,75.0199897728373,26.54428629667756,970.2919948142684,84.90303648325532,0.9500000589353178,0.0299999396217603,0.0,0.0,0.0,0.0,0.0,0.0200000014429217,0.4598389827363271,0.5321616990654661,0.0,0.0,0.0,0.0,0.0,0.0079993181982068,6.118827813029016,1.3832559180353257,1.0,1.0628329520914903,0.0,0.0,0.0,0.0,0.0,1.0,7.296085655146154,993.0143761526203,67.92140682303575,302.7106577576344,25.654931900849267
8,265.0,30.64736953205496,0.95,0.03,0.0,0.0,0.0,0.0,0.0,0.02,302.3,86.15,0.8766126364538538,0.3557442777951823,74.9590487748871,30.64726953205496,959.303530049396,78.9124214483297,0.9730545897446996,0.000859548683143,0.0,0.0,0.0,0.0,0.0,0.0260858615721573,0.9499983291204448,0.0300021119518879,0.0,0.0,0.0,0.0,0.0,0.0199995589276673,6.2178660256497,1.355580387832442,1.0,1.077781540182425,0.0,0.0,0.0,0.0,0.0,1.0,6.194157229336726,966.2255774553212,79.59167899763797,302.7106577576344,29.571779036695137
8,265.0,35.57087833681408,0.95,0.03,0.0,0.0,0.0,0.0,0.0,0.02,302.3,86.15,0.8766126364538538,0.4128946992085209,74.9590487748871,30.64726953205496,958.5168994240634,80.98743392739055,0.9745540161199466,0.0040796353987448,0.0,0.0,0.0,0.0,0.0,0.0213663484813085,0.8593899283105011,0.1256522176765105,0.0,0.0,0.0,0.0,0.0,0.0149578540129884,6.085577710644308,1.371138438126775,1.0,1.0728893050913972,0.0,0.0,0.0,0.0,0.0,1.0,6.194157229336726,966.2255774553212,79.59167899763797,302.7106577576344,29.571779036695137
8,265.0,40.49438714157321,0.95,0.03,0.0,0.0,0.0,0.0,0.0,0.02,302.3,86.15,0.8766126364538538,0.4700451206218596,74.9590487748871,30.64726953205496,956.7009742273946,82.90716197175101,0.9718124541707112,0.0073214854281397,0.0,0.0,0.0,0.0,0.0,0.0208660604011492,0.7850284096519918,0.2015217639596904,0.0,0.0,0.0,0.0,0.0,0.0134498263883177,5.964310835174452,1.3858838402432625,1.0,1.068926653351269,0.0,0.0,0.0,0.0,0.0,1.0,6.194157229336726,966.2255774553212,79.59167899763797,302.7106577576344,29.571779036695137
8,265.0,45.41789594633234,0.95,0.03,0.0,0.0,0.0,0.0,0.0,0.02,302.3,86.15,0.8766126364538538,0.5271955420351983,74.9590487748871,30.64726953205496,954.8154793812182,84.84170476969662,0.9688005574440326,0.0105628230297587,0.0,0.0,0.0,0.0,0.0,0.0206366195262085,0.7249741118729017,0.2626456555042405,0.0,0.0,0.0,0.0,0.0,0.0123802326228577,5.84549011487954,1.4006176575305411,1.0,1.0652945013590174,0.0,0.0,0.0,0.0,0.0,1.0,6.194157229336726,966.2255774553212,79.59167899763797,302.7106577576344,29.571779036695137
8,265.0,50.34140475109146,0.95,0.03,0.0,0.0,0.0,0.0,0.0,0.02,302.3,86.15,0.8766126364538538,0.584345963448537,74.9590487748871,30.64726953205496,952.9066201526944,86.79993916243295,0.9657123061230148,0.0138032754031065,0.0,0.0,0.0,0.0,0.0,0.0204844184738787,0.6756239232318103,0.3128352322439214,0.0,0.0,0.0,0.0,0.0,0.0115408445242683,5.728604564007619,1.4153932979364514,1.0,1.0618764567348222,0.0,0.0,0.0,0.0,0.0,1.0,6.194157229336726,966.2255774553212,79.59167899763797,302.7106577576344,29.571779036695137
8,265.0,55.26491355585059,0.95,0.03,0.0,0.0,0.0,0.0,0.0,0.02,302.3,86.15,0.8766126364538538,0.6414963848618757,74.9590487748871,30.64726953205496,950.98456039127,88.7835376878669,0.962592068511544,0.0170430777149157,0.0,0.0,0.0,0.0,0.0,0.0203648537735401,0.634434974344536,0.3547084868987169,0.0,0.0,0.0,0.0,0.0,0.0108565387567472,5.6134967423818525,1.430234318030602,1.0,1.058612566326992,0.0,0.0,0.0,0.0,0.0,1.0,6.194157229336726,966.2255774553212,79.59167899763797,302.7106577576344,29.571779036695137
8,265.0,60.188422360609714,0.95,0.03,0.0,0.0,0.0,0.0,0.0,0.02,302.3,86.15,0.8766126364538538,0.6986468062752142,74.9590487748871,30.64726953205496,949.0526691029432,90.79269423610224,0.9594554073870248,0.0202824731399474,0.0,0.0,0.0,0.0,0.0,0.0202621194730278,0.5996000238855147,0.3901136408280889,0.0,0.0,0.0,0.0,0.0,0.0102863352863964,5.500088590756038,1.4451616832666752,1.0,1.055471701012964,0.0,0.0,0.0,0.0,0.0,1.0,6.194157229336726,966.2255774553212,79.59167899763797,302.7106577576344,29.571779036695137
8,265.0,65.11193116536884,0.95,0.03,0.0,0.0,0.0,0.0,0.0,0.02,302.3,86.15,0.8766126364538538,0.755797227688553,74.9590487748871,30.64726953205496,947.112325743613,92.8272199179613,0.9563091468383582,0.0235216543538307,0.0,0.0,0.0,0.0,0.0,0.0201691988078109,0.5698055294264127,0.4203905323875645,0.0,0.0,0.0,0.0,0.0,0.0098039381860228,5.388335937326526,1.4601697694092324,1.0,1.052438559822941,0.0,0.0,0.0,0.0,0.0,1.0,6.194157229336726,966.2255774553212,79.59167899763797,302.7106577576344,29.571779036695137
8,265.0,70.03543997012797,0.95,0.03,0.0,0.0,0.0,0.0,0.0,0.02,302.3,86.15,0.8766126364538538,0.8129476491018917,74.9590487748871,30.64726953205496,945.1641733604388,94.88686663324044,0.9531567284833684,0.0267607697139938,0.0,0.0,0.0,0.0,0.0,0.0200825018026375,0.5440756410302964,0.4465332825834873,0.0,0.0,0.0,0.0,0.0,0.0093910763862164,5.278206432226337,1.475262694272916,1.0,1.04950437578407,0.0,0.0,0.0,0.0,0.0,1.0,6.194157229336726,966.2255774553212,79.59167899763797,302.7106577576344,29.571779036695137
8,265.0,74.95894877488709,0.95,0.03,0.0,0.0,0.0,0.0,0.0,0.02,302.3,86.15,0.8766126364538538,0.8700980705152302,74.9590487748871,30.64726953205496,943.2085399637464,96.9714243175778,0.950000064132486,0.0299999342256727,0.0,0.0,0.0,0.0,0.0,0.0200000016418412,0.5216709239434013,0.4692946317460989,0.0,0.0,0.0,0.0,0.0,0.0090344443104999,5.169675481078879,1.4904482959304404,1.0,1.046661280561443,0.0,0.0,0.0,0.0,0.0,1.0,6.194157229336726,966.2255774553212,79.59167899763797,302.7106577576344,29.571779036695137
8,270.0,35.2231372257646,0.95,0.03,0.0,0.0,0.0,0.0,0.0,0.02,302.3,86.15,0.8931524975190208,0.4088582382561183,75.49486491080039,35.22303722576459,930.4123799926092,92.53447847135692,0.973001717215607,0.0011263719908499,0.0,0.0,0.0,0.0,0.0,0.0258719107935429,0.9499986042540508,0.0300017520539422,0.0,0.0,0.0,0.0,0.0,0.0199996436920067,5.153981360986728,1.4772233497955838,1.0,1.0562467520177037,0.0,0.0,0.0,0.0,0.0,1.0,5.130843724671824,936.9320241360858,93.30322734807504,302.7106577576344,33.91794976874195
8,270.0,39.697762524101904,0.95,0.03,0.0,0.0,0.0,0.0,0.0,0.02,302.3,86.15,0.8931524975190208,0.4607981720731503,75.49486491080039,35.22303722576459,929.3845945323868,94.69980469706351,0.9741471237893196,0.0043045026364093,0.0,0.0,0.0,0.0,0.0,0.0215483735742711,0.8807089861159072,0.1037341258575379,0.0,0.0,0.0,0.0,0.0,0.0155568880265548,5.039234922863057,1.4940357109201197,1.0,1.0525041044951118,0.0,0.0,0.0,0.0,0.0,1.0,5.130843724671824,936.9320241360858,93.30322734807504,302.7106577576344,33.91794976874195
8,270.0,44.17238782243922,0.95,0.03,0.0,0.0,0.0,0.0,0.0,0.02,302.3,86.15,0.8931524975190208,0.5127381058901824,75.49486491080039,35.22303722576459,927.517107963026,96.69253413861692,0.9715240668175266,0.007510182385175,0.0,0.0,0.0,0.0,0.0,0.0209657507972984,0.8206291467664272,0.1651755185747793,0.0,0.0,0.0,0.0,0.0,0.0141953346587935,4.934630977874634,1.5099157757018602,1.0,1.0493700280133456,0.0,0.0,0.0,0.0,0.0,1.0,5.130843724671824,936.9320241360858,93.30322734807504,302.7106577576344,33.91794976874195
8,270.0,48.64701312077653,0.95,0.03,0.0,0.0,0.0,0.0,0.0,0.02,302.3,86.15,0.8931524975190208,0.5646780397072144,75.49486491080039,35.22303722576459,925.5738636124946,98.6945987866151,0.9685830344135086,0.0107182607773098,0.0,0.0,0.0,0.0,0.0,0.0206987048091815,0.7700820219993108,0.2166827266251619,0.0,0.0,0.0,0.0,0.0,0.0132352513755273,4.832278401212943,1.525813785802883,1.0,1.0464892475369434,0.0,0.0,0.0,0.0,0.0,1.0,5.130843724671824,936.9320241360858,93.30322734807504,302.7106577576344,33.91794976874195
8,270.0,53.12163841911384,0.95,0.03,0.0,0.0,0.0,0.0,0.0,0.02,302.3,86.15,0.8931524975190208,0.6166179735242464,75.49486491080039,35.22303722576459,923.6037034501228,100.7189757379868,0.9655470678736062,0.013927695558909,0.0,0.0,0.0,0.0,0.0,0.0205252365674846,0.7271354264487899,0.260393750408069,0.0,0.0,0.0,0.0,0.0,0.012470823143141,4.731601605446049,1.5418040653062222,1.0,1.0437814037221058,0.0,0.0,0.0,0.0,0.0,1.0,5.130843724671824,936.9320241360858,93.30322734807504,302.7106577576344,33.91794976874195
8,270.0,57.59626371745114,0.95,0.03,0.0,0.0,0.0,0.0,0.0,0.02,302.3,86.15,0.8931524975190208,0.6685579073412785,75.49486491080039,35.22303722576459,921.6178844972092,102.76902001918675,0.9624694895898196,0.0171385431885411,0.0,0.0,0.0,0.0,0.0,0.0203919672216393,0.6902731723457424,0.2978911075381713,0.0,0.0,0.0,0.0,0.0,0.0118357201160863,4.632426470695312,1.557903631947417,1.0,1.0412068524981395,0.0,0.0,0.0,0.0,0.0,1.0,5.130843724671824,936.9320241360858,93.30322734807504,302.7106577576344,33.91794976874195
8,270.0,62.07088901578845,0.95,0.03,0.0,0.0,0.0,0.0,0.0,0.02,302.3,86.15,0.8931524975190208,0.7204978411583105,75.49486491080039,35.22303722576459,919.6202016689316,104.84592196333594,0.959369394835577,0.0203510011673295,0.0,0.0,0.0,0.0,0.0,0.0202796039970934,0.6583436990860249,0.3303599865782172,0.0,0.0,0.0,0.0,0.0,0.0112963143357578,4.534673080079374,1.5741501228264796,1.0,1.0387440627807574,0.0,0.0,0.0,0.0,0.0,1.0,5.130843724671824,936.9320241360858,93.30322734807504,302.7106577576344,33.91794976874195
8,270.0,66.54551431412577,0.95,0.03,0.0,0.0,0.0,0.0,0.0,0.02,302.3,86.15,0.8931524975190208,0.7724377749753426,75.49486491080039,35.22303722576459,917.612196064722,106.95016127156188,0.956255250157419,0.0235652696076666,0.0,0.0,0.0,0.0,0.0,0.0201794802349142,0.6304648995349725,0.3587034364150764,0.0,0.0,0.0,0.0,0.0,0.010831664049951,4.438293383730705,1.5905332042316689,1.0,1.0363758344040417,0.0,0.0,0.0,0.0,0.0,1.0,5.130843724671824,936.9320241360858,93.30322734807504,302.7106577576344,33.91794976874195
8,270.0,71.02013961246308,0.95,0.03,0.0,0.0,0.0,0.0,0.0,0.02,302.3,86.15,0.8931524975190208,0.8243777087923747,75.49486491080039,35.22303722576459,915.5945592572792,109.08195239834969,0.9531313474357942,0.0267815267202129,0.0,0.0,0.0,0.0,0.0,0.0200871258439927,0.605951840530662,0.3836208711797297,0.0,0.0,0.0,0.0,0.0,0.0104272882896084,4.34325625984569,1.607073832631788,1.0,1.034093373076472,0.0,0.0,0.0,0.0,0.0,1.0,5.130843724671824,936.9320241360858,93.30322734807504,302.7106577576344,33.91794976874195
8,270.0,75.49476491080038,0.95,0.03,0.0,0.0,0.0,0.0,0.0,0.02,302.3,86.15,0.8931524975190208,0.8763176426094066,75.49486491080039,35.22303722576459,913.5676142645176,111.24141571478772,0.9500000700456456,0.0299999280530469,0.0,0.0,0.0,0.0,0.0,0.0200000019013075,0.5842653837084284,0.4056620570106083,0.0,0.0,0.0,0.0,0.0,0.0100725592809632,4.249539599734218,1.623767604350244,1.0,1.031891046423207,0.0,0.0,0.0,0.0,0.0,1.0,5.130843724671824,936.9320241360858,93.30322734807504,302.7106577576344,33.91794976874195
8,275.0,40.3180913324454,0.95,0.03,0.0,0.0,0.0,0.0,0.0,0.02,302.3,86.15,0.9096923585841878,0.4679987386238583,76.57943065010718,40.3179913324454,898.3455144757605,108.75035354003384,0.9729092358621974,0.0014891435763895,0.0,0.0,0.0,0.0,0.0,0.0256016205614132,0.9499988366220324,0.0300014478397444,0.0,0.0,0.0,0.0,0.0,0.019999715538223,4.132884163251218,1.6300475058040036,1.0,1.0371092020457835,0.0,0.0,0.0,0.0,0.0,1.0,4.11187312512685,904.4335281070778,109.60126774294156,302.7106577576344,38.72523437118672
8,275.0,44.34711792329671,0.95,0.03,0.0,0.0,0.0,0.0,0.0,0.02,302.3,86.15,0.9096923585841878,0.5147663136772688,76.57943065010718,40.3179913324454,897.052105141099,111.02374938229,0.973635023174308,0.00461356180455,0.0,0.0,0.0,0.0,0.0,0.021751415021142,0.8980675282587488,0.0857807993025091,0.0,0.0,0.0,0.0,0.0,0.0161516724387419,4.03519809183407,1.6488058256635911,1.0,1.0344048139202062,0.0,0.0,0.0,0.0,0.0,1.0,4.11187312512685,904.4335281070778,109.60126774294156,302.7106577576344,38.72523437118672
8,275.0,48.37614451414802,0.95,0.03,0.0,0.0,0.0,0.0,0.0,0.02,302.3,86.15,0.9096923585841878,0.5615338887306792,76.57943065010718,40.3179913324454,895.1174868976939,113.11310122093109,0.9711432649010102,0.0077707685408863,0.0,0.0,0.0,0.0,0.0,0.0210859665581033,0.8509006402667002,0.1341893300431679,0.0,0.0,0.0,0.0,0.0,0.0149100296901319,3.9463982883033815,1.666517367284029,1.0,1.032047556588216,0.0,0.0,0.0,0.0,0.0,1.0,4.11187312512685,904.4335281070778,109.60126774294156,302.7106577576344,38.72523437118672
8,275.0,52.405171104999326,0.95,0.03,0.0,0.0,0.0,0.0,0.0,0.02,302.3,86.15,0.9096923585841878,0.6083014637840897,76.57943065010718,40.3179913324454,893.1045054916239,115.20557681474844,0.9682900542952056,0.0109339473132769,0.0,0.0,0.0,0.0,0.0,0.0207759983915174,0.809766141520471,0.1761836083741981,0.0,0.0,0.0,0.0,0.0,0.0140502501053308,3.8596848881267074,1.684266957959533,1.0,1.0298692947552213,0.0,0.0,0.0,0.0,0.0,1.0,4.11187312512685,904.4335281070778,109.60126774294156,302.7106577576344,38.72523437118672
8,275.0,56.43419769585064,0.95,0.03,0.0,0.0,0.0,0.0,0.0,0.02,302.3,86.15,0.9096923585841878,0.6550690388375001,76.57943065010718,40.3179913324454,891.0613134638056,117.31876172532056,0.9653217351658572,0.0141012511341288,0.0,0.0,0.0,0.0,0.0,0.0205770137000139,0.773755949359594,0.2128813688465113,0.0,0.0,0.0,0.0,0.0,0.0133626817938946,3.77443032112835,1.7021675099389637,1.0,1.027824963067895,0.0,0.0,0.0,0.0,0.0,1.0,4.11187312512685,904.4335281070778,109.60126774294156,302.7106577576344,38.72523437118672
8,275.0,60.46322428670194,0.95,0.03,0.0,0.0,0.0,0.0,0.0,0.02,302.3,86.15,0.9096923585841878,0.7018366138909105,76.57943065010718,40.3179913324454,888.999695174042,119.4577665292054,0.9623006964110205,0.0172724925406043,0.0,0.0,0.0,0.0,0.0,0.0204268110483753,0.7420420512200773,0.2451736987806488,0.0,0.0,0.0,0.0,0.0,0.0127842499992739,3.6904469426813087,1.7202613597853105,1.0,1.025890095265527,0.0,0.0,0.0,0.0,0.0,1.0,4.11187312512685,904.4335281070778,109.60126774294156,302.7106577576344,38.72523437118672
8,275.0,64.49225087755326,0.95,0.03,0.0,0.0,0.0,0.0,0.0,0.02,302.3,86.15,0.9096923585841878,0.748604188944321,76.57943065010718,40.3179913324454,886.9237246486294,121.62479429405532,0.9592499131220756,0.0204477884854795,0.0,0.0,0.0,0.0,0.0,0.0203022983924449,0.713948260272946,0.2737661972048228,0.0,0.0,0.0,0.0,0.0,0.0122855425222309,3.6076499451346566,1.738559328425393,1.0,1.0240479587160765,0.0,0.0,0.0,0.0,0.0,1.0,4.11187312512685,904.4335281070778,109.60126774294156,302.7106577576344,38.72523437118672
8,275.0,68.52127746840456,0.95,0.03,0.0,0.0,0.0,0.0,0.0,0.02,302.3,86.15,0.9096923585841878,0.7953717639977314,76.57943065010718,40.3179913324454,884.8350552756899,123.82103726668208,0.9561797401185856,0.023627326731204,0.0,0.0,0.0,0.0,0.0,0.0201929331502104,0.6889282710086061,0.2992224586561767,0.0,0.0,0.0,0.0,0.0,0.0118492703352172,3.525998457428426,1.75708195413401,1.0,1.0222883785342822,0.0,0.0,0.0,0.0,0.0,1.0,4.11187312512685,904.4335281070778,109.60126774294156,302.7106577576344,38.72523437118672
8,275.0,72.55030405925586,0.95,0.03,0.0,0.0,0.0,0.0,0.0,0.02,302.3,86.15,0.9096923585841878,0.8421393390511417,76.57943065010718,40.3179913324454,882.7344037327741,126.04724254672634,0.9530954770353238,0.0268113057064761,0.0,0.0,0.0,0.0,0.0,0.0200932172582,0.6665387380350887,0.3219974201546712,0.0,0.0,0.0,0.0,0.0,0.0114638418102401,3.445455111669855,1.7758448709005097,1.0,1.020605275864058,0.0,0.0,0.0,0.0,0.0,1.0,4.11187312512685,904.4335281070778,109.60126774294156,302.7106577576344,38.72523437118672
8,275.0,76.57933065010718,0.95,0.03,0.0,0.0,0.0,0.0,0.0,0.02,302.3,86.15,0.9096923585841878,0.8889069141045522,76.57943065010718,40.3179913324454,880.6220675568077,128.3039619081166,0.9500000769425778,0.0299999208070168,0.0,0.0,0.0,0.0,0.0,0.0200000022504052,0.6464171513517843,0.3424619954507413,0.0,0.0,0.0,0.0,0.0,0.0111208531974741,3.3660052701718866,1.7949794721839822,1.0000000000503857,1.0189930925751405,0.0,0.0,0.0,0.0,0.0,1.0000000000713067,4.11187312512685,904.4335281070778,109.60126774294156,302.7106577576344,38.72523437118672
8,280.0,45.98956580737615,0.95,0.03,0.0,0.0,0.0,0.0,0.0,0.02,302.3,86.15,0.9262322196493548,0.5338312920182954,78.16128831944249,45.98946580737615,862.0459887154611,128.4034190162852,0.97273631587816,0.0019989367975452,0.0,0.0,0.0,0.0,0.0,0.0252647473242946,0.9499990358408698,0.0300011874166812,0.0,0.0,0.0,0.0,0.0,0.019999776742449,3.1620560363525394,1.8306028485702697,1.0,1.0208162255635456,0.0,0.0,0.0,0.0,0.0,1.0,3.1449654870637134,867.6798743518019,129.30886906724652,302.7106577576344,44.02808165538378
8,280.0,49.56419053093908,0.95,0.03,0.0,0.0,0.0,0.0,0.0,0.02,302.3,86.15,0.9262322196493548,0.5753243242128738,78.16128831944249,45.98946580737615,860.4609206934357,130.80459757208325,0.9729817260533968,0.0050520901443438,0.0,0.0,0.0,0.0,0.0,0.0219661838022593,0.9121416192942224,0.0710973251936946,0.0,0.0,0.0,0.0,0.0,0.0167610555120829,3.0812201699351403,1.8523910751283503,1.0,1.019025734035424,0.0,0.0,0.0,0.0,0.0,1.0,3.1449654870637134,867.6798743518019,129.30886906724652,302.7106577576344,44.02808165538378
8,280.0,53.138815254502006,0.95,0.03,0.0,0.0,0.0,0.0,0.0,0.02,302.3,86.15,0.9262322196493548,0.6168173564074522,78.16128831944249,45.98946580737615,858.4331423872123,133.01962146609858,0.9706304688017554,0.0081421701937646,0.0,0.0,0.0,0.0,0.0,0.0212273610044798,0.8764087333184851,0.1079694052426455,0.0,0.0,0.0,0.0,0.0,0.0156218614388693,3.0076670529407235,1.8730153246408503,1.0,1.0174054429901065,0.0,0.0,0.0,0.0,0.0,1.0,3.1449654870637134,867.6798743518019,129.30886906724652,302.7106577576344,44.02808165538378
8,280.0,56.713439978064926,0.95,0.03,0.0,0.0,0.0,0.0,0.0,0.02,302.3,86.15,0.9262322196493548,0.6583103886020304,78.16128831944249,45.98946580737615,856.3300120418577,135.23113082916842,0.9678866959200074,0.0112425809195809,0.0,0.0,0.0,0.0,0.0,0.0208707231604115,0.8442405345273362,0.1409078291744692,0.0,0.0,0.0,0.0,0.0,0.0148516362981947,2.936030301117858,1.893720406223024,1.0,1.0159021769043128,0.0,0.0,0.0,0.0,0.0,1.0,3.1449654870637134,867.6798743518019,129.30886906724652,302.7106577576344,44.02808165538378
8,280.0,60.28806470162786,0.95,0.03,0.0,0.0,0.0,0.0,0.0,0.02,302.3,86.15,0.9262322196493548,0.6998034207966088,78.16128831944249,45.98946580737615,854.194089045646,137.46185192627073,0.9650074907919478,0.0143506073897688,0.0,0.0,0.0,0.0,0.0,0.0206419018182833,0.8153171768490953,0.1704434896254423,0.0,0.0,0.0,0.0,0.0,0.0142393335254624,2.865662362178517,1.9146613277803797,1.0,1.0144962714071455,0.0,0.0,0.0,0.0,0.0,1.0,3.1449654870637134,867.6798743518019,129.30886906724652,302.7106577576344,44.02808165538378
8,280.0,63.86268942519078,0.95,0.03,0.0,0.0,0.0,0.0,0.0,0.02,302.3,86.15,0.9262322196493548,0.7412964529911872,78.16128831944249,45.98946580737615,852.0366080279878,139.718864222827,0.9620631231642166,0.0174657719169953,0.0,0.0,0.0,0.0,0.0,0.0204711049187881,0.7892418709463201,0.1970362665062606,0.0,0.0,0.0,0.0,0.0,0.0137218625474193,2.796367132661909,1.93589305455848,1.0,1.0131748464464168,0.0,0.0,0.0,0.0,0.0,1.0,3.1449654870637134,867.6798743518019,129.30886906724652,302.7106577576344,44.02808165538378
8,280.0,67.4373141487537,0.95,0.03,0.0,0.0,0.0,0.0,0.0,0.02,302.3,86.15,0.9262322196493548,0.7827894851857655,78.16128831944249,45.98946580737615,849.861567229725,142.00545337180012,0.9590804709120022,0.020588092355166,0.0,0.0,0.0,0.0,0.0,0.0203314367328316,0.7656576820552524,0.2210708033035264,0.0,0.0,0.0,0.0,0.0,0.0132715146412211,2.728060851118032,1.9574519953232876,1.0,1.0119298632723024,0.0,0.0,0.0,0.0,0.0,1.0,3.1449654870637134,867.6798743518019,129.30886906724652,302.7106577576344,44.02808165538378
8,280.0,71.01193887231663,0.95,0.03,0.0,0.0,0.0,0.0,0.0,0.02,302.3,86.15,0.9262322196493548,0.824282517380344,78.16128831944249,45.98946580737615,847.6705839271112,144.32354425030107,0.9560719290283882,0.0237177369320622,0.0,0.0,0.0,0.0,0.0,0.0202103340395495,0.7442584026189425,0.2428685682462003,0.0,0.0,0.0,0.0,0.0,0.0128730291348571,2.660696541690461,1.9793545128745156,1.0,1.0107545422158992,0.0,0.0,0.0,0.0,0.0,1.0,3.1449654870637134,867.6798743518019,129.30886906724652,302.7106577576344,44.02808165538378
8,280.0,74.58656359587957,0.95,0.03,0.0,0.0,0.0,0.0,0.0,0.02,302.3,86.15,0.9262322196493548,0.8657755495749224,78.16128831944249,45.98946580737615,845.4643141502387,146.67447391117753,0.9530439299798356,0.0268549287156409,0.0,0.0,0.0,0.0,0.0,0.0201011413045235,0.7247838041283396,0.2626995019927522,0.0,0.0,0.0,0.0,0.0,0.0125166938789081,2.594254131876537,2.001625799837966,1.0,1.0096447233920889,0.0,0.0,0.0,0.0,0.0,1.0,3.1449654870637134,867.6798743518019,129.30886906724652,302.7106577576344,44.02808165538378
8,280.0,78.16118831944249,0.95,0.03,0.0,0.0,0.0,0.0,0.0,0.02,302.3,86.15,0.9262322196493548,0.9072685817695006,78.16128831944249,45.98946580737615,843.24297311141,149.05927606981444,0.9500000853348688,0.0299999119243391,0.0,0.0,0.0,0.0,0.0,0.0200000027407922,0.7070126122325127,0.2807916764529964,0.0,0.0,0.0,0.0,0.0,0.0121957113144909,2.528691858443365,2.024281860724197,1.0,1.008597460788233,0.0,0.0,0.0,0.0,0.0,1.0,3.1449654870637134,867.6798743518019,129.30886906724652,302.7106577576344,44.02808165538378
8,285.0,52.31445815082466,0.95,0.03,0.0,0.0,0.0,0.0,0.0,0.02,302.3,86.15,0.942772080714522,0.6072484985586147,80.17330974632897,52.31435815082466,819.7908619142213,152.88848567932575,0.9724065985094228,0.0027517529297359,0.0,0.0,0.0,0.0,0.0,0.0248416485608414,0.949999210180936,0.0300009604842514,0.0,0.0,0.0,0.0,0.0,0.0199998293348125,2.2520721523893688,2.1108462853372907,1.0,1.0081547531064556,0.0,0.0,0.0,0.0,0.0,1.0,2.2410524707626744,824.9746819221486,153.77005765610247,302.7106577576344,49.86436423924916
8,285.0,55.40987499476959,0.95,0.03,0.0,0.0,0.0,0.0,0.0,0.02,302.3,86.15,0.942772080714522,0.6431790481110805,80.17330974632897,52.31435815082466,817.8855164022559,155.44054009717098,0.972123332292562,0.0057052486524316,0.0,0.0,0.0,0.0,0.0,0.0221714190550063,0.9235182477025452,0.0590809530321463,0.0,0.0,0.0,0.0,0.0,0.0174007992653084,2.1881499205788923,2.138460287752284,1.0000000003697729,1.0071711308914502,0.0,0.0,0.0,0.0,0.0,1.0000000006419762,2.2410524707626744,824.9746819221486,153.77005765610247,302.7106577576344,49.86436423924916
8,285.0,58.505291838714506,0.95,0.03,0.0,0.0,0.0,0.0,0.0,0.02,302.3,86.15,0.942772080714522,0.6791095976635462,80.17330974632897,52.31435815082466,815.7225037176011,157.81857787104806,0.9699158251111322,0.0086980346989881,0.0,0.0,0.0,0.0,0.0,0.0213861401898796,0.8977528058226528,0.0858835956447002,0.0,0.0,0.0,0.0,0.0,0.0163635985326469,2.129633617780616,2.163013890415655,1.0,1.006255452199711,0.0,0.0,0.0,0.0,0.0,1.0,2.2410524707626744,824.9746819221486,153.77005765610247,302.7106577576344,49.86436423924916
8,285.0,61.60070868265943,0.95,0.03,0.0,0.0,0.0,0.0,0.0,0.02,302.3,86.15,0.942772080714522,0.715040147216012,80.17330974632897,52.31435815082466,813.4946320256522,160.18709089691592,0.9673099951563366,0.0117063551134845,0.0,0.0,0.0,0.0,0.0,0.0209836497301788,0.8738902557817151,0.1104347211283384,0.0,0.0,0.0,0.0,0.0,0.0156750230899464,2.072816907747028,2.1886242740180344,1.0,1.0054177253924554,0.0,0.0,0.0,0.0,0.0,1.0,2.2410524707626744,824.9746819221486,153.77005765610247,302.7106577576344,49.86436423924916
8,285.0,64.69612552660435,0.95,0.03,0.0,0.0,0.0,0.0,0.0,0.02,302.3,86.15,0.942772080714522,0.7509706967684776,80.17330974632897,52.31435815082466,811.2326627511018,162.57389077828566,0.9645515408501016,0.0147267524760671,0.0,0.0,0.0,0.0,0.0,0.0207217066738313,0.8519137759099024,0.132950965444017,0.0,0.0,0.0,0.0,0.0,0.0151352586460806,2.017088915162637,2.2146226424225266,1.0,1.0046491846693355,0.0,0.0,0.0,0.0,0.0,1.0,2.2410524707626744,824.9746819221486,153.77005765610247,302.7106577576344,49.86436423924916
8,285.0,67.79154237054928,0.95,0.03,0.0,0.0,0.0,0.0,0.0,0.02,302.3,86.15,0.942772080714522,0.7869012463209434,80.17330974632897,52.31435815082466,808.9454920997521,164.988391512837,0.9617149200800706,0.0177584619149299,0.0,0.0,0.0,0.0,0.0,0.0205266180049995,0.8316768337787366,0.1536421192584824,0.0,0.0,0.0,0.0,0.0,0.014681046962781,1.9622647878375212,2.2424731092674905,1.000000000040887,1.0039500821608722,0.0,0.0,0.0,0.0,0.0,1.0000000000533418,2.2410524707626744,824.9746819221486,153.77005765610247,302.7106577576344,49.86436423924916
8,285.0,70.8869592144942,0.95,0.03,0.0,0.0,0.0,0.0,0.0,0.02,302.3,86.15,0.942772080714522,0.822831795873409,80.17330974632897,52.31435815082466,806.6363512610296,167.43514220355033,0.958830177451478,0.0208014107920833,0.0,0.0,0.0,0.0,0.0,0.0203684117564386,0.813020524453666,0.1726945191521244,0.0,0.0,0.0,0.0,0.0,0.0142849563942095,1.9082327606565108,2.268062911276284,1.0,1.0033024901780616,0.0,0.0,0.0,0.0,0.0,1.0,2.2410524707626744,824.9746819221486,153.77005765610247,302.7106577576344,49.86436423924916
8,285.0,73.98237605843912,0.95,0.03,0.0,0.0,0.0,0.0,0.0,0.02,302.3,86.15,0.942772080714522,0.8587623454258747,80.17330974632897,52.31435815082466,804.3064728002228,169.91692483137422,0.955911622164435,0.0238557716963472,0.0,0.0,0.0,0.0,0.0,0.0202326061392178,0.7957963513450939,0.1902711398390877,0.0,0.0,0.0,0.0,0.0,0.0139325088158185,1.854993628092908,2.2973184746495097,1.0000000000111935,1.0027241541031071,0.0,0.0,0.0,0.0,0.0,1.0000000000171836,2.2410524707626744,824.9746819221486,153.77005765610247,302.7106577576344,49.86436423924916
8,285.0,77.07779290238405,0.95,0.03,0.0,0.0,0.0,0.0,0.0,0.02,302.3,86.15,0.942772080714522,0.8946928949783406,80.17330974632897,52.31435815082466,801.9562405219543,172.4357485394734,0.9529668294642528,0.0269218236625303,0.0,0.0,0.0,0.0,0.0,0.0201113468732167,0.7798708034561661,0.2065142464114703,0.0,0.0,0.0,0.0,0.0,0.0136149501323636,1.802483253155577,2.3256429394891285,1.0000000000002642,1.0021979678620532,0.0,0.0,0.0,0.0,0.0,1.0000000000004003,2.2410524707626744,824.9746819221486,153.77005765610247,302.7106577576344,49.86436423924916
8,285.0,80.17320974632896,0.95,0.03,0.0,0.0,0.0,0.0,0.0,0.02,302.3,86.15,0.942772080714522,0.9306234445308064,80.17330974632897,52.31435815082466,799.5856278885203,174.993227145723,0.9500000961213244,0.0299999004089132,0.0,0.0,0.0,0.0,0.0,0.0200000034697622,0.7651252829761085,0.2215482757930426,0.0,0.0,0.0,0.0,0.0,0.0133264412308487,1.7506991718455345,2.35460959543521,1.0000000000003555,1.001728144212653,0.0,0.0,0.0,0.0,0.0,1.0000000000002232,2.2410524707626744,824.9746819221486,153.77005765610247,302.7106577576344,49.86436423924916
8,290.0,59.41071472164714,0.95,0.03,0.0,0.0,0.0,0.0,0.0,0.02,302.3,86.15,0.959311941779689,0.6896194396012436,82.50515579830885,59.410614721647136,768.4242427798837,184.81657728947576,0.9717524152648676,0.003955152528302,0.0,0.0,0.0,0.0,0.0,0.0242924322068303,0.9499993681582112,0.0300007565239454,0.0,0.0,0.0,0.0,0.0,0.0199998753178435,1.419061901920294,2.547294273593156,1.000000000039154,1.000749441670716,0.0,0.0,0.0,0.0,0.0,1.000000000047562,1.4167983026644004,773.2637021553837,185.44864903964933,302.7106577576344,56.27641671412855
8,290.0,61.976752619054,0.95,0.03,0.0,0.0,0.0,0.0,0.0,0.02,302.3,86.15,0.959311941779689,0.7194051377719558,82.50515579830885,59.410614721647136,766.1651674759986,187.54816450726344,0.9709223280937656,0.0067571927530903,0.0,0.0,0.0,0.0,0.0,0.0223204791531442,0.9327101462634152,0.0492074579810478,0.0,0.0,0.0,0.0,0.0,0.0180823957555367,1.3724231592505178,2.5831359302915278,1.0000000002844254,1.000496372375663,0.0,0.0,0.0,0.0,0.0,1.000000000355921,1.4167983026644004,773.2637021553837,185.44864903964933,302.7106577576344,56.27641671412855
8,290.0,64.54279051646085,0.95,0.03,0.0,0.0,0.0,0.0,0.0,0.02,302.3,86.15,0.959311941779689,0.749190835942668,82.50515579830885,59.410614721647136,763.7997330993659,190.1390623414992,0.968856273476704,0.0095984157931136,0.0,0.0,0.0,0.0,0.0,0.0215453107301824,0.9155341474529604,0.0672904006652892,0.0,0.0,0.0,0.0,0.0,0.0171754518817502,1.3292087158436503,2.617925328221108,1.0000000003981868,1.0002927965689452,0.0,0.0,0.0,0.0,0.0,1.0000000005246112,1.4167983026644004,773.2637021553837,185.44864903964933,302.7106577576344,56.27641671412855
8,290.0,67.10882841386771,0.95,0.03,0.0,0.0,0.0,0.0,0.0,0.02,302.3,86.15,0.959311941779689,0.7789765341133802,82.50515579830885,59.410614721647136,761.3871379152356,192.7182721689544,0.9664294800755608,0.0124610868652404,0.0,0.0,0.0,0.0,0.0,0.0211094330591988,0.8992173939594221,0.0842118017129042,0.0,0.0,0.0,0.0,0.0,0.0165708043276735,1.2873636599798683,2.653068942744318,1.000000000085364,1.0001425628358924,0.0,0.0,0.0,0.0,0.0,1.000000000109076,1.4167983026644004,773.2637021553837,185.44864903964933,302.7106577576344,56.27641671412855
8,290.0,69.67486631127457,0.95,0.03,0.0,0.0,0.0,0.0,0.0,0.02,302.3,86.15,0.959311941779689,0.8087622322840925,82.50515579830885,59.410614721647136,758.9405014414248,195.31675696513165,0.9638429845570624,0.0153415581259761,0.0,0.0,0.0,0.0,0.0,0.0208154573169613,0.8838583487153243,0.1000378987502179,0.0,0.0,0.0,0.0,0.0,0.0161037525344578,1.246410428774665,2.6889415575074653,1.0000000000511915,1.0000459139384472,0.0,0.0,0.0,0.0,0.0,1.0000000000672336,1.4167983026644004,773.2637021553837,185.44864903964933,302.7106577576344,56.27641671412855
8,290.0,72.24090420868141,0.95,0.03,0.0,0.0,0.0,0.0,0.0,0.02,302.3,86.15,0.959311941779689,0.8385479304548045,82.50515579830885,59.410614721647136,756.4638435920951,197.9464678082582,0.9611671629769026,0.0182389141237372,0.0,0.0,0.0,0.0,0.0,0.0205939228993601,0.8694384396296475,0.1148462077432887,0.0,0.0,0.0,0.0,0.0,0.0157153526270637,1.2061810841420169,2.725693000860096,1.0000000000062543,1.0000026052085973,0.0,0.0,0.0,0.0,0.0,1.0000000000184883,1.4167983026644004,773.2637021553837,185.44864903964933,302.7106577576344,56.27641671412855
8,290.0,74.80694210608827,0.95,0.03,0.0,0.0,0.0,0.0,0.0,0.02,302.3,86.15,0.959311941779689,0.8683336286255168,82.50515579830885,59.410614721647136,753.9583874633522,200.61359695555203,0.9584327542906622,0.0211530815940825,0.0,0.0,0.0,0.0,0.0,0.0204141641152552,0.8559098377696903,0.1287112821457193,0.0,0.0,0.0,0.0,0.0,0.0153788800845903,1.1665963931146353,2.763440371743718,1.00000000000006,1.0000000000000977,0.0,0.0,0.0,0.0,0.0,1.0000000000000562,1.4167983026644004,773.2637021553837,185.44864903964933,302.7106577576344,56.27641671412855
8,290.0,77.37298000349513,0.95,0.03,0.0,0.0,0.0,0.0,0.0,0.02,302.3,86.15,0.959311941779689,0.898119326796229,82.50515579830885,59.410614721647136,751.4242626676495,203.3220763756721,0.955655124474966,0.0240843246041451,0.0,0.0,0.0,0.0,0.0,0.0202605509208887,0.8432179560844109,0.1417018577940905,0.0,0.0,0.0,0.0,0.0,0.0150801861214985,1.1276288829566457,2.802254139689242,1.000000000000176,1.000000000000166,0.0,0.0,0.0,0.0,0.0,1.0000000000001197,1.4167983026644004,773.2637021553837,185.44864903964933,302.7106577576344,56.27641671412855
8,290.0,79.93901790090199,0.95,0.03,0.0,0.0,0.0,0.0,0.0,0.02,302.3,86.15,0.959311941779689,0.9279050249669412,82.50515579830885,59.410614721647136,748.8610657734372,206.07487743490933,0.952842641310494,0.0270330803610863,0.0,0.0,0.0,0.0,0.0,0.0201242783284196,0.8313086969952006,0.153880405365666,0.0,0.0,0.0,0.0,0.0,0.0148108976391333,1.0891389282619588,2.8314014817556994,1.0,1.0,0.0,0.0,0.0,0.0,0.0,1.0,1.4167983026644004,773.2637021553837,185.44864903964933,302.7106577576344,56.27641671412855
8,290.0,82.50505579830885,0.95,0.03,0.0,0.0,0.0,0.0,0.0,0.02,302.3,86.15,0.959311941779689,0.9576907231376534,82.50515579830885,59.410614721647136,746.2681188485216,208.8744578366293,0.9500001112700937,0.029999884073804,0.0,0.0,0.0,0.0,0.0,0.0200000046561024,0.8201308434771265,0.1653035376855702,0.0,0.0,0.0,0.0,0.0,0.0145656188373033,1.051435290420362,2.8833926344892946,1.0000000000001743,1.0000000000001594,0.0,0.0,0.0,0.0,0.0,1.0000000000002178,1.4167983026644004,773.2637021553837,185.44864903964933,302.7106577576344,56.27641671412855
8,295.0,67.50890253364022,0.95,0.03,0.0,0.0,0.0,0.0,0.0,0.02,302.3,86.15,0.975851802844856,0.783620458893096,84.91829879601836,67.50880253364022,700.8862970061392,230.23407665186397,0.9703001253021064,0.0061788085546183,0.0,0.0,0.0,0.0,0.0,0.0235210661432753,0.9499995099878558,0.0300005750049778,0.0,0.0,0.0,0.0,0.0,0.0199999150071664,0.690917058912808,3.369795744672416,1.0000000000004552,1.000000000000332,0.0,0.0,0.0,0.0,0.0,1.0000000000004308,0.7007191954812403,705.9625820508377,229.82343987692175,302.7106577576344,63.31231171729296
8,295.0,69.44326878501558,0.95,0.03,0.0,0.0,0.0,0.0,0.0,0.02,302.3,86.15,0.975851802844856,0.8060739266978012,84.91829879601836,67.50880253364022,698.2318469592435,233.18086346403692,0.9689844657702686,0.0087137964499311,0.0,0.0,0.0,0.0,0.0,0.0223017377798003,0.9401994879489052,0.040988757700057,0.0,0.0,0.0,0.0,0.0,0.0188117543510378,0.6623308737979654,3.426463999405968,1.0000000000001508,1.000000000000253,0.0,0.0,0.0,0.0,0.0,1.0,0.7007191954812403,705.9625820508377,229.82343987692175,302.7106577576344,63.31231171729296
8,295.0,71.37763503639093,0.95,0.03,0.0,0.0,0.0,0.0,0.0,0.02,302.3,86.15,0.975851802844856,0.8285273945025063,84.91829879601836,67.50880253364022,695.5580622685212,236.0514484856848,0.9670720273837348,0.0112849536345858,0.0,0.0,0.0,0.0,0.0,0.0216430189816793,0.9303854761861572,0.0515022337043184,0.0,0.0,0.0,0.0,0.0,0.0181122901095244,0.6353534255331652,3.483072067487245,1.0000000000001952,1.0000000000002678,0.0,0.0,0.0,0.0,0.0,1.0000000000002032,0.7007191954812403,705.9625820508377,229.82343987692175,302.7106577576344,63.31231171729296
8,295.0,73.31200128776626,0.95,0.03,0.0,0.0,0.0,0.0,0.0,0.02,302.3,86.15,0.975851802844856,0.8509808623072114,84.91829879601836,67.50880253364022,692.8531029731348,238.92151692386608,0.9649002386538946,0.0138834776119078,0.0,0.0,0.0,0.0,0.0,0.0212162837341975,0.9208603865055588,0.0615182356586455,0.0,0.0,0.0,0.0,0.0,0.0176213778357954,0.6092632249053179,3.5409379183336456,1.0000000000002294,1.000000000000103,0.0,0.0,0.0,0.0,0.0,1.0000000000001177,0.7007191954812403,705.9625820508377,229.82343987692175,302.7106577576344,63.31231171729296
8,295.0,75.24636753914162,0.95,0.03,0.0,0.0,0.0,0.0,0.0,0.02,302.3,86.15,0.975851802844856,0.8734343301119165,84.91829879601836,67.50880253364022,690.1117915087309,241.8189842677169,0.9625861155151876,0.0165068971031016,0.0,0.0,0.0,0.0,0.0,0.0209069873817106,0.9117128796672052,0.0710461872571351,0.0,0.0,0.0,0.0,0.0,0.0172409330756596,0.5838053016192095,3.6006226367293666,1.0000000000000584,1.000000000000297,0.0,0.0,0.0,0.0,0.0,1.0000000000001614,0.7007191954812403,705.9625820508377,229.82343987692175,302.7106577576344,63.31231171729296
8,295.0,77.18073379051697,0.95,0.03,0.0,0.0,0.0,0.0,0.0,0.02,302.3,86.15,0.975851802844856,0.8958877979166218,84.91829879601836,67.50880253364022,687.3308005090975,244.75742864546177,0.9601803098604073,0.0191546847608204,0.0,0.0,0.0,0.0,0.0,0.0206650053787722,0.902968556992863,0.080103664088816,0.0,0.0,0.0,0.0,0.0,0.0169277789183209,0.5588878147369908,3.662461679260344,1.0000000000003784,1.0000000000004192,0.0,0.0,0.0,0.0,0.0,1.0000000000001257,0.7007191954812403,705.9625820508377,229.82343987692175,302.7106577576344,63.31231171729296
8,295.0,79.11510004189232,0.95,0.03,0.0,0.0,0.0,0.0,0.0,0.02,302.3,86.15,0.975851802844856,0.9183412657213268,84.91829879601836,67.50880253364022,684.5074128548658,247.74504413598984,0.9577079284020814,0.0218271022330583,0.0,0.0,0.0,0.0,0.0,0.02046496936486,0.894629977057542,0.0887101375694817,0.0,0.0,0.0,0.0,0.0,0.0166598853729763,0.5344594680179436,3.726719107400123,1.0000000000001168,1.0000000000002367,0.0,0.0,0.0,0.0,0.0,1.0000000000002072,0.7007191954812403,705.9625820508377,229.82343987692175,302.7106577576344,63.31231171729296
8,295.0,81.04946629326767,0.95,0.03,0.0,0.0,0.0,0.0,0.0,0.02,302.3,86.15,0.975851802844856,0.940794733526032,84.91829879601836,67.50880253364022,681.6391025115357,250.78771047867872,0.9551825247361352,0.0245248081322396,0.0,0.0,0.0,0.0,0.0,0.0202926671316252,0.8866902712128216,0.0968849508404231,0.0,0.0,0.0,0.0,0.0,0.0164247779467551,0.5104781307903133,3.7936372542466015,1.000000000000978,1.0000000000003773,0.0,0.0,0.0,0.0,0.0,1.0000000000009053,0.7007191954812403,705.9625820508377,229.82343987692175,302.7106577576344,63.31231171729296
8,295.0,82.98383254464301,0.95,0.03,0.0,0.0,0.0,0.0,0.0,0.02,302.3,86.15,0.975851802844856,0.9632482013307372,84.91829879601836,67.50880253364022,678.7233685289284,253.89015078685745,0.952611786113802,0.0272487009915221,0.0,0.0,0.0,0.0,0.0,0.0201395128946759,0.8791385300660024,0.1046466530848071,0.0,0.0,0.0,0.0,0.0,0.0162148168491905,0.4869351604134154,3.863466142817686,1.000000000000285,1.0000000000001144,0.0,0.0,0.0,0.0,0.0,1.0000000000002438,0.7007191954812403,705.9625820508377,229.82343987692175,302.7106577576344,63.31231171729296
8,295.0,84.91819879601836,0.95,0.03,0.0,0.0,0.0,0.0,0.0,0.02,302.3,86.15,0.975851802844856,0.9857016691354424,84.91829879601836,67.50880253364022,675.7576258238113,257.0566084600393,0.9500001358296288,0.0299998572516817,0.0,0.0,0.0,0.0,0.0,0.0200000069186894,0.8719623016515636,0.1120126676370279,0.0,0.0,0.0,0.0,0.0,0.0160250307114085,0.4638216355077585,3.9364533380617672,1.000000000000311,1.0000000000005986,0.0,0.0,0.0,0.0,0.0,1.0000000000006417,0.7007191954812403,705.9625820508377,229.82343987692175,302.7106577576344,63.31231171729296
9,200.0,2.7684636783075365,0.95,0.0,0.0,0.05,0.0,0.0,0.0,0.0,299.09,82.12,0.6686950416262664,0.033712416930194,26.05871153969042,2.7683636783075363,1221.8824988541464,7.610374922037726,0.999691714819674,0.0,0.0,0.0003082851803261,0.0,0.0,0.0,0.0,0.9499671480723244,0.0,0.0,0.0500328519276756,0.0,0.0,0.0,0.0,22.501324242452984,0.6837046370643804,1.000000009678755,0.0,0.0,5.371016960660559,0.0,0.0,0.0,0.0,22.53960113748808,1221.920496490378,7.249541730897533,302.7106577576344,2.6239816647333654
9,200.0,5.356257885127857,0.95,0.0,0.0,0.05,0.0,0.0,0.0,0.0,299.09,82.12,0.6686950416262664,0.0652247672324385,26.05871153969042,2.7683636783075363,1221.197084445693,14.136313587288804,0.994170244332082,0.0,0.0,0.005829755667918,0.0,0.0,0.0,0.0,0.507368699017128,0.0,0.0,0.492631300982872,0.0,0.0,0.0,0.0,21.823564127331704,0.7062389942027196,1.0000000027641134,0.0,0.0,5.169810302588342,0.0,0.0,0.0,0.0,22.53960113748808,1221.920496490378,7.249541730897533,302.7106577576344,2.6239816647333654
9,200.0,7.944052091948178,0.95,0.0,0.0,0.05,0.0,0.0,0.0,0.0,299.09,82.12,0.6686950416262664,0.0967371175346831,26.05871153969042,2.7683636783075363,1220.5021549667763,20.78279214421682,0.9886477238275024,0.0,0.0,0.0113522761724976,0.0,0.0,0.0,0.0,0.3518795097806971,0.0,0.0,0.648120490219303,0.0,0.0,0.0,0.0,21.16028960023554,0.7288478770903986,1.0000000000449605,0.0,0.0,4.977841324889567,0.0,0.0,0.0,0.0,22.53960113748808,1221.920496490378,7.249541730897533,302.7106577576344,2.6239816647333654
9,200.0,10.531846298768498,0.95,0.0,0.0,0.05,0.0,0.0,0.0,0.0,299.09,82.12,0.6686950416262664,0.1282494678369276,26.05871153969042,2.7683636783075363,1219.7976106857857,27.55365372249969,0.9831241452952988,0.0,0.0,0.016875854704701,0.0,0.0,0.0,0.0,0.2727586426798541,0.0,0.0,0.7272413573201458,0.0,0.0,0.0,0.0,20.511254689405384,0.7514566363662184,1.0,0.0,0.0,4.794275636419723,0.0,0.0,0.0,0.0,22.53960113748808,1221.920496490378,7.249541730897533,302.7106577576344,2.6239816647333654
9,200.0,13.11964050558882,0.95,0.0,0.0,0.05,0.0,0.0,0.0,0.0,299.09,82.12,0.6686950416262664,0.1597618181391721,26.05871153969042,2.7683636783075363,1219.0834659216152,34.45365386692181,0.977600059516304,0.0,0.0,0.0223999404836959,0.0,0.0,0.0,0.0,0.2249727429286477,0.0,0.0,0.7750272570713522,0.0,0.0,0.0,0.0,19.87621406251186,0.7740476731384056,1.0,0.0,0.0,4.6185526356063455,0.0,0.0,0.0,0.0,22.53960113748808,1221.920496490378,7.249541730897533,302.7106577576344,2.6239816647333654
9,200.0,15.70743471240914,0.95,0.0,0.0,0.05,0.0,0.0,0.0,0.0,299.09,82.12,0.6686950416262664,0.1912741684414166,26.05871153969042,2.7683636783075363,1218.3597718477372,41.48798178861292,0.9720761719173178,0.0,0.0,0.0279238280826822,0.0,0.0,0.0,0.0,0.1930857585535934,0.0,0.0,0.8069142414464066,0.0,0.0,0.0,0.0,19.25490324558905,0.7966779160073856,1.0,0.0,0.0,4.450462608464709,0.0,0.0,0.0,0.0,22.53960113748808,1221.920496490378,7.249541730897533,302.7106577576344,2.6239816647333654
9,200.0,18.29522891922946,0.95,0.0,0.0,0.05,0.0,0.0,0.0,0.0,299.09,82.12,0.6686950416262664,0.2227865187436612,26.05871153969042,2.7683636783075363,1217.6266077647144,48.66220472330035,0.9665532912585642,0.0,0.0,0.0334467087414358,0.0,0.0,0.0,0.0,0.1703758686196342,0.0,0.0,0.8296241313803658,0.0,0.0,0.0,0.0,18.64704868209361,0.8193362444034626,1.0,0.0,0.0,4.289748244157252,0.0,0.0,0.0,0.0,22.53960113748808,1221.920496490378,7.249541730897533,302.7106577576344,2.6239816647333654
9,200.0,20.883023126049785,0.95,0.0,0.0,0.05,0.0,0.0,0.0,0.0,299.09,82.12,0.6686950416262664,0.2542988690459057,26.05871153969042,2.7683636783075363,1216.884080594727,55.98227224936259,0.9610323202589224,0.0,0.0,0.0389676797410775,0.0,0.0,0.0,0.0,0.1534471247214481,0.0,0.0,0.8465528752785518,0.0,0.0,0.0,0.0,18.052376746621302,0.8420819028838977,1.0000000005231644,0.0,0.0,4.136480855150776,0.0,0.0,0.0,0.0,22.53960113748808,1221.920496490378,7.249541730897533,302.7106577576344,2.6239816647333654
9,200.0,23.4708173328701,0.95,0.0,0.0,0.05,0.0,0.0,0.0,0.0,299.09,82.12,0.6686950416262664,0.2858112193481503,26.05871153969042,2.7683636783075363,1216.1323271229755,63.45453519768213,0.9555142594463012,0.0,0.0,0.0444857405536986,0.0,0.0,0.0,0.0,0.1403992664775016,0.0,0.0,0.8596007335224983,0.0,0.0,0.0,0.0,17.47061999130494,0.8649631673052626,1.0000000008820773,0.0,0.0,3.989936258036944,0.0,0.0,0.0,0.0,22.53960113748808,1221.920496490378,7.249541730897533,302.7106577576344,2.6239816647333654
9,200.0,26.05861153969042,0.95,0.0,0.0,0.05,0.0,0.0,0.0,0.0,299.09,82.12,0.6686950416262664,0.3173235696503947,26.05871153969042,2.7683636783075363,1215.3715166580805,71.08576961252788,0.9500002124990464,0.0,0.0,0.0499997875009534,0.0,0.0,0.0,0.0,0.1300862911968322,0.0,0.0,0.8699137088031678,0.0,0.0,0.0,0.0,16.90152270086349,0.8880151726141072,1.0000000000595095,0.0,0.0,3.849792404102634,0.0,0.0,0.0,0.0,22.53960113748808,1221.920496490378,7.249541730897533,302.7106577576344,2.6239816647333654
9,205.0,3.540983323591228,0.95,0.0,0.0,0.05,0.0,0.0,0.0,0.0,299.09,82.12,0.6854124176669231,0.0431196215732005,25.04050211213976,3.540883323591228,1206.221231543151,9.58195573227518,0.9995720308488978,0.0,0.0,0.000427969151102,0.0,0.0,0.0,0.0,0.9499745332990042,0.0,0.0,0.0500254667009958,0.0,0.0,0.0,0.0,21.111223459516644,0.7118209170648079,1.0,0.0,0.0,4.6307962884019656,0.0,0.0,0.0,0.0,21.15779579629945,1206.2779501886548,9.12387059747945,302.7106577576344,3.35468958110042
9,205.0,5.929807633429954,0.95,0.0,0.0,0.05,0.0,0.0,0.0,0.0,299.09,82.12,0.6854124176669231,0.0722090554484894,25.04050211213976,3.540883323591228,1205.4881847094607,15.507511938985308,0.9940825093583048,0.0,0.0,0.0059174906416951,0.0,0.0,0.0,0.0,0.584169027556219,0.0,0.0,0.415830972443781,0.0,0.0,0.0,0.0,20.5204325371456,0.7318669885466235,1.0,0.0,0.0,4.509254707457662,0.0,0.0,0.0,0.0,21.15779579629945,1206.2779501886548,9.12387059747945,302.7106577576344,3.35468958110042
9,205.0,8.31863194326868,0.95,0.0,0.0,0.05,0.0,0.0,0.0,0.0,299.09,82.12,0.6854124176669231,0.1012984893237783,25.04050211213976,3.540883323591228,1204.744084541535,21.52932115301051,0.988588388230057,0.0,0.0,0.011411611769943,0.0,0.0,0.0,0.0,0.4271395046327249,0.0,0.0,0.572860495367275,0.0,0.0,0.0,0.0,19.941236211264567,0.7519590731817986,1.0,0.0,0.0,4.391878539652277,0.0,0.0,0.0,0.0,21.15779579629945,1206.2779501886548,9.12387059747945,302.7106577576344,3.35468958110042
9,205.0,10.707456253107406,0.95,0.0,0.0,0.05,0.0,0.0,0.0,0.0,299.09,82.12,0.6854124176669231,0.1303879231990672,25.04050211213976,3.540883323591228,1203.988691644871,27.64981629573125,0.9830892045700458,0.0,0.0,0.0169107954299541,0.0,0.0,0.0,0.0,0.3400216524156271,0.0,0.0,0.6599783475843728,0.0,0.0,0.0,0.0,19.373396019807675,0.7720825896584579,1.0,0.0,0.0,4.278826073604337,0.0,0.0,0.0,0.0,21.15779579629945,1206.2779501886548,9.12387059747945,302.7106577576344,3.35468958110042
9,205.0,13.096280562946134,0.95,0.0,0.0,0.05,0.0,0.0,0.0,0.0,299.09,82.12,0.6854124176669231,0.1594773570743562,25.04050211213976,3.540883323591228,1203.2218777237676,33.87216611069279,0.9775850411863664,0.0,0.0,0.0224149588136336,0.0,0.0,0.0,0.0,0.2847525301489559,0.0,0.0,0.715247469851044,0.0,0.0,0.0,0.0,18.816701966536435,0.792236939709835,1.0,0.0,0.0,4.170501365322939,0.0,0.0,0.0,0.0,21.15779579629945,1206.2779501886548,9.12387059747945,302.7106577576344,3.35468958110042
9,205.0,15.48510487278486,0.95,0.0,0.0,0.05,0.0,0.0,0.0,0.0,299.09,82.12,0.6854124176669231,0.1885667909496451,25.04050211213976,3.540883323591228,1202.4435467271378,40.19987119505105,0.9720761328122078,0.0,0.0,0.0279238671877921,0.0,0.0,0.0,0.0,0.2466601943487323,0.0,0.0,0.7533398056512677,0.0,0.0,0.0,0.0,18.27094323905676,0.8124333205468119,1.0,0.0,0.0,4.066306115531931,0.0,0.0,0.0,0.0,21.15779579629945,1206.2779501886548,9.12387059747945,302.7106577576344,3.35468958110042
9,205.0,17.873929182623584,0.95,0.0,0.0,0.05,0.0,0.0,0.0,0.0,299.09,82.12,0.6854124176669231,0.217656224824934,25.04050211213976,3.540883323591228,1201.6536209932551,46.636686166609145,0.9665627940617908,0.0,0.0,0.0334372059382092,0.0,0.0,0.0,0.0,0.2188893979063251,0.0,0.0,0.7811106020936749,0.0,0.0,0.0,0.0,17.735906537823034,0.8326953924650327,1.0,0.0,0.0,3.966526609262632,0.0,0.0,0.0,0.0,21.15779579629945,1206.2779501886548,9.12387059747945,302.7106577576344,3.35468958110042
9,205.0,20.262753492462316,0.95,0.0,0.0,0.05,0.0,0.0,0.0,0.0,299.09,82.12,0.6854124176669231,0.246745658700223,25.04050211213976,3.540883323591228,1200.8520382373445,53.1866050972676,0.9610454007762694,0.0,0.0,0.0389545992237305,0.0,0.0,0.0,0.0,0.1978083072123852,0.0,0.0,0.8021916927876147,0.0,0.0,0.0,0.0,17.211381270506322,0.8530612099075741,1.0,0.0,0.0,3.8708024488243824,0.0,0.0,0.0,0.0,21.15779579629945,1206.2779501886548,9.12387059747945,302.7106577576344,3.35468958110042
9,205.0,22.65157780230104,0.95,0.0,0.0,0.05,0.0,0.0,0.0,0.0,299.09,82.12,0.6854124176669231,0.2758350925755118,25.04050211213976,3.540883323591228,1200.038751031071,59.8538645510556,0.9555243835425468,0.0,0.0,0.0444756164574533,0.0,0.0,0.0,0.0,0.1813134920535024,0.0,0.0,0.8186865079464974,0.0,0.0,0.0,0.0,16.697161682751364,0.8735478316466186,1.0000000007301972,0.0,0.0,3.779048754592738,0.0,0.0,0.0,0.0,21.15779579629945,1206.2779501886548,9.12387059747945,302.7106577576344,3.35468958110042
9,205.0,25.040402112139763,0.95,0.0,0.0,0.05,0.0,0.0,0.0,0.0,299.09,82.12,0.6854124176669231,0.3049245264508008,25.04050211213976,3.540883323591228,1199.2137284262794,66.64295285143002,0.9500002308965207,0.0,0.0,0.0499997691034791,0.0,0.0,0.0,0.0,0.1681027067385602,0.0,0.0,0.8318972932614398,0.0,0.0,0.0,0.0,16.193049525715526,0.8941889076744289,1.0000000006913796,0.0,0.0,3.691168456228943,0.0,0.0,0.0,0.0,21.15779579629945,1206.2779501886548,9.12387059747945,302.7106577576344,3.35468958110042
9,210.0,4.470614372954189,0.95,0.0,0.0,0.05,0.0,0.0,0.0,0.0,299.09,82.12,0.7021297937075797,0.0544400191543374,24.63527893831387,4.470514372954189,1190.2118372375196,11.930524768173411,0.9994214166936318,0.0,0.0,0.0005785833063681,0.0,0.0,0.0,0.0,0.9499800208822192,0.0,0.0,0.0500199791177806,0.0,0.0,0.0,0.0,19.73812587163814,0.7420205050688728,1.0,0.0,0.0,3.9902067825448606,0.0,0.0,0.0,0.0,19.793904820789816,1190.2941504876192,11.354703713715036,302.7106577576344,4.233266563955471
9,210.0,6.711121546883042,0.95,0.0,0.0,0.05,0.0,0.0,0.0,0.0,299.09,82.12,0.7021297937075797,0.0817233505465543,24.63527893831387,4.470514372954189,1189.4282667894963,17.41017738234853,0.9939570768252552,0.0,0.0,0.0060429231747448,0.0,0.0,0.0,0.0,0.6498391949046775,0.0,0.0,0.3501608050953225,0.0,0.0,0.0,0.0,19.216960277627184,0.7602369000771916,1.0,0.0,0.0,3.895582045379636,0.0,0.0,0.0,0.0,19.793904820789816,1190.2941504876192,11.354703713715036,302.7106577576344,4.233266563955471
9,210.0,8.951628720811897,0.95,0.0,0.0,0.05,0.0,0.0,0.0,0.0,299.09,82.12,0.7021297937075797,0.1090066819387712,24.63527893831387,4.470514372954189,1188.6324448122382,22.969884736338013,0.988486638230022,0.0,0.0,0.0115133617699779,0.0,0.0,0.0,0.0,0.4986610297845928,0.0,0.0,0.5013389702154072,0.0,0.0,0.0,0.0,18.705275652776137,0.7785035604045824,1.0,0.0,0.0,3.804202449448833,0.0,0.0,0.0,0.0,19.793904820789816,1190.2941504876192,11.354703713715036,302.7106577576344,4.233266563955471
9,210.0,11.19213589474075,0.95,0.0,0.0,0.05,0.0,0.0,0.0,0.0,299.09,82.12,0.7021297937075797,0.1362900133309881,24.63527893831387,4.470514372954189,1187.8240450693347,28.611317853190418,0.9830094116151196,0.0,0.0,0.0169905883848803,0.0,0.0,0.0,0.0,0.4077627870149565,0.0,0.0,0.5922372129850435,0.0,0.0,0.0,0.0,18.20285838957093,0.7968313517238407,1.0,0.0,0.0,3.716116620687964,0.0,0.0,0.0,0.0,19.793904820789816,1190.2941504876192,11.354703713715036,302.7106577576344,4.233266563955471
9,210.0,13.432643068669602,0.95,0.0,0.0,0.05,0.0,0.0,0.0,0.0,299.09,82.12,0.7021297937075797,0.1635733447232051,24.63527893831387,4.470514372954189,1187.002843751383,34.33672564496191,0.9775252028839496,0.0,0.0,0.0224747971160503,0.0,0.0,0.0,0.0,0.3471969854078887,0.0,0.0,0.6528030145921112,0.0,0.0,0.0,0.0,17.709530708292228,0.8152013275258376,1.0,0.0,0.0,3.631231194699124,0.0,0.0,0.0,0.0,19.793904820789816,1190.2941504876192,11.354703713715036,302.7106577576344,4.233266563955471
9,210.0,15.673150242598457,0.95,0.0,0.0,0.05,0.0,0.0,0.0,0.0,299.09,82.12,0.7021297937075797,0.190856676115422,24.63527893831387,4.470514372954189,1186.1686483056744,40.1486321180481,0.9720339746524984,0.0,0.0,0.0279660253475016,0.0,0.0,0.0,0.0,0.3040380032227818,0.0,0.0,0.6959619967772182,0.0,0.0,0.0,0.0,17.22512310242377,0.8336748919553749,1.0,0.0,0.0,3.549468199437312,0.0,0.0,0.0,0.0,19.793904820789816,1190.2941504876192,11.354703713715036,302.7106577576344,4.233266563955471
9,210.0,17.91365741652731,0.95,0.0,0.0,0.05,0.0,0.0,0.0,0.0,299.09,82.12,0.7021297937075797,0.2181400075076389,24.63527893831387,4.470514372954189,1185.3212802821947,46.04975648360884,0.966535763396732,0.0,0.0,0.0334642366032681,0.0,0.0,0.0,0.0,0.2717941290484342,0.0,0.0,0.7282058709515659,0.0,0.0,0.0,0.0,16.749468130696766,0.8522099996528034,1.0,0.0,0.0,3.470829670644356,0.0,0.0,0.0,0.0,19.793904820789816,1190.2941504876192,11.354703713715036,302.7106577576344,4.233266563955471
9,210.0,20.15416459045616,0.95,0.0,0.0,0.05,0.0,0.0,0.0,0.0,299.09,82.12,0.7021297937075797,0.2454233388998558,24.63527893831387,4.470514372954189,1184.4605699441213,52.04298979077836,0.961030652207204,0.0,0.0,0.0389693477927959,0.0,0.0,0.0,0.0,0.2468478540639659,0.0,0.0,0.753152145936034,0.0,0.0,0.0,0.0,16.282402272924422,0.8708648633285087,1.0,0.0,0.0,3.3950189418652243,0.0,0.0,0.0,0.0,19.793904820789816,1190.2941504876192,11.354703713715036,302.7106577576344,4.233266563955471
9,210.0,22.394671764385016,0.95,0.0,0.0,0.05,0.0,0.0,0.0,0.0,299.09,82.12,0.7021297937075797,0.2727066702920727,24.63527893831387,4.470514372954189,1183.5863547439978,58.13138992810078,0.9555187615540864,0.0,0.0,0.0444812384459136,0.0,0.0,0.0,0.0,0.2270239852518858,0.0,0.0,0.7729760147481142,0.0,0.0,0.0,0.0,15.823766367063389,0.8896502099478398,1.0,0.0,0.0,3.3222421816624506,0.0,0.0,0.0,0.0,19.793904820789816,1190.2941504876192,11.354703713715036,302.7106577576344,4.233266563955471
9,210.0,24.63517893831387,0.95,0.0,0.0,0.05,0.0,0.0,0.0,0.0,299.09,82.12,0.7021297937075797,0.2999900016842897,24.63527893831387,4.470514372954189,1182.6984791285734,64.31818373187127,0.9500002461022752,0.0,0.0,0.0499997538977249,0.0,0.0,0.0,0.0,0.2109361892412223,0.0,0.0,0.7890638107587777,0.0,0.0,0.0,0.0,15.37340677886472,0.9086027921577796,1.0000000006533578,0.0,0.0,3.2520695818238314,0.0,0.0,0.0,0.0,19.793904820789816,1190.2941504876192,11.354703713715036,302.7106577576344,4.233266563955471
9,215.0,5.57748774476359,0.95,0.0,0.0,0.05,0.0,0.0,0.0,0.0,299.09,82.12,0.7188471697482364,0.0679187499362346,24.74816706908628,5.57738774476359,1173.791867952113,14.70694875826902,0.9992363167802588,0.0,0.0,0.0007636832197411,0.0,0.0,0.0,0.0,0.9499841560890429,0.0,0.0,0.0500158439109572,0.0,0.0,0.0,0.0,18.382359484522357,0.774556224097799,1.0,0.0,0.0,3.4847524493286093,0.0,0.0,0.0,0.0,18.448205290897207,1173.908539729092,13.989350648063478,302.7106577576344,5.278346606766283
9,215.0,7.707552114132778,0.95,0.0,0.0,0.05,0.0,0.0,0.0,0.0,299.09,82.12,0.7188471697482364,0.0938571859977201,24.74816706908628,5.57738774476359,1172.9537533146167,19.855794139470103,0.993795393589063,0.0,0.0,0.0062046064109369,0.0,0.0,0.0,0.0,0.7042840400093148,0.0,0.0,0.2957159599906852,0.0,0.0,0.0,0.0,17.91810723830864,0.7914484614772739,1.0,0.0,0.0,3.4100426319386794,0.0,0.0,0.0,0.0,18.448205290897207,1173.908539729092,13.989350648063478,302.7106577576344,5.278346606766283
9,215.0,9.837616483501966,0.95,0.0,0.0,0.05,0.0,0.0,0.0,0.0,299.09,82.12,0.7188471697482364,0.1197956220592056,24.74816706908628,5.57738774476359,1172.102361252429,25.073637179614117,0.988347982216884,0.0,0.0,0.0116520177831158,0.0,0.0,0.0,0.0,0.5638098187280779,0.0,0.0,0.4361901812719221,0.0,0.0,0.0,0.0,17.461745995834498,0.8083996957227527,1.0,0.0,0.0,3.3379690122344527,0.0,0.0,0.0,0.0,18.448205290897207,1173.908539729092,13.989350648063478,302.7106577576344,5.278346606766283
9,215.0,11.967680852871156,0.95,0.0,0.0,0.05,0.0,0.0,0.0,0.0,299.09,82.12,0.7188471697482364,0.1457340581206911,24.74816706908628,5.57738774476359,1171.237311788517,30.36174171642119,0.9828933066796692,0.0,0.0,0.0171066933203307,0.0,0.0,0.0,0.0,0.4730307571574503,0.0,0.0,0.5269692428425496,0.0,0.0,0.0,0.0,17.01309276795463,0.8254339181872801,1.0,0.0,0.0,3.268221020354108,0.0,0.0,0.0,0.0,18.448205290897207,1173.908539729092,13.989350648063478,302.7106577576344,5.278346606766283
9,215.0,14.09774522224034,0.95,0.0,0.0,0.05,0.0,0.0,0.0,0.0,299.09,82.12,0.7188471697482364,0.1716724941821766,24.74816706908628,5.57738774476359,1170.358314008456,35.72181113868432,0.977431011265711,0.0,0.0,0.022568988734289,0.0,0.0,0.0,0.0,0.4096409486865942,0.0,0.0,0.5903590513134058,0.0,0.0,0.0,0.0,16.571998550995595,0.8425492981985955,1.0000000003214615,0.0,0.0,3.200767097258552,0.0,0.0,0.0,0.0,18.448205290897207,1173.908539729092,13.989350648063478,302.7106577576344,5.278346606766283
9,215.0,16.22780959160953,0.95,0.0,0.0,0.05,0.0,0.0,0.0,0.0,299.09,82.12,0.7188471697482364,0.197610930243662,24.74816706908628,5.57738774476359,1169.4651075741644,41.15578042872039,0.9719608965124475,0.0,0.0,0.0280391034875524,0.0,0.0,0.0,0.0,0.3629481849213835,0.0,0.0,0.6370518150786164,0.0,0.0,0.0,0.0,16.13832484627159,0.859763260794702,1.0,0.0,0.0,3.135775624252971,0.0,0.0,0.0,0.0,18.448205290897207,1173.908539729092,13.989350648063478,302.7106577576344,5.278346606766283
9,215.0,18.35787396097872,0.95,0.0,0.0,0.05,0.0,0.0,0.0,0.0,299.09,82.12,0.7188471697482364,0.2235493663051475,24.74816706908628,5.57738774476359,1168.5574439697657,46.66574668563972,0.966482834455866,0.0,0.0,0.0335171655441339,0.0,0.0,0.0,0.0,0.3271872745934357,0.0,0.0,0.6728127254065642,0.0,0.0,0.0,0.0,15.711940272060202,0.8771019770052568,1.0000000000947424,0.0,0.0,3.072925879822643,0.0,0.0,0.0,0.0,18.448205290897207,1173.908539729092,13.989350648063478,302.7106577576344,5.278346606766283
9,215.0,20.487938330347905,0.95,0.0,0.0,0.05,0.0,0.0,0.0,0.0,299.09,82.12,0.7188471697482364,0.249487802366633,24.74816706908628,5.57738774476359,1167.6350804549932,52.253943806154005,0.9609967405480138,0.0,0.0,0.0390032594519861,0.0,0.0,0.0,0.0,0.2989757201546396,0.0,0.0,0.7010242798453604,0.0,0.0,0.0,0.0,15.29271599299684,0.8945561934794228,1.0000000001038345,0.0,0.0,3.01218658525144,0.0,0.0,0.0,0.0,18.448205290897207,1173.908539729092,13.989350648063478,302.7106577576344,5.278346606766283
9,215.0,22.618002699717096,0.95,0.0,0.0,0.05,0.0,0.0,0.0,0.0,299.09,82.12,0.7188471697482364,0.2754262384281185,24.74816706908628,5.57738774476359,1166.6977769869986,57.92273370914428,0.9555025591984312,0.0,0.0,0.0444974408015686,0.0,0.0,0.0,0.0,0.2761983359901699,0.0,0.0,0.7238016640098301,0.0,0.0,0.0,0.0,14.880527998926416,0.9121589875873148,1.0,0.0,0.0,2.9536748940975865,0.0,0.0,0.0,0.0,18.448205290897207,1173.908539729092,13.989350648063478,302.7106577576344,5.278346606766283
9,215.0,24.74806706908628,0.95,0.0,0.0,0.05,0.0,0.0,0.0,0.0,299.09,82.12,0.7188471697482364,0.301364674489604,24.74816706908628,5.57738774476359,1165.7452951772552,63.674604722358175,0.9500002582063688,0.0,0.0,0.0499997417936311,0.0,0.0,0.0,0.0,0.2574647465009568,0.0,0.0,0.7425352534990431,0.0,0.0,0.0,0.0,14.475256950054114,0.9299263746467568,1.0,0.0,0.0,2.8971133882900992,0.0,0.0,0.0,0.0,18.448205290897207,1173.908539729092,13.989350648063478,302.7106577576344,5.278346606766283
9,220.0,6.882778254863746,0.95,0.0,0.0,0.05,0.0,0.0,0.0,0.0,299.09,82.12,0.7355645457888931,0.0838136660358468,25.32142942667775,6.882678254863746,1156.8919745518608,17.968200225407056,0.9990135314757695,0.0,0.0,0.0009864685242304,0.0,0.0,0.0,0.0,0.9499873131404408,0.0,0.0,0.0500126868595593,0.0,0.0,0.0,0.0,17.044432147895307,0.8097350362949655,1.0,0.0,0.0,3.0810680729400244,0.0,0.0,0.0,0.0,17.121140165384258,1157.0541060432145,17.08052563899556,302.7106577576344,6.509407158415541
9,220.0,8.93150616284308,0.95,0.0,0.0,0.05,0.0,0.0,0.0,0.0,299.09,82.12,0.7355645457888931,0.1087616434832328,25.32142942667775,6.882678254863746,1155.9941552732976,22.87499799065416,0.9935975013511044,0.0,0.0,0.0064024986488957,0.0,0.0,0.0,0.0,0.7485691842950764,0.0,0.0,0.2514308157049236,0.0,0.0,0.0,0.0,16.627557950217955,0.8256786645390101,1.0,0.0,0.0,3.021458795065818,0.0,0.0,0.0,0.0,17.121140165384258,1157.0541060432145,17.08052563899556,302.7106577576344,6.509407158415541
9,220.0,10.980234070822414,0.95,0.0,0.0,0.05,0.0,0.0,0.0,0.0,299.09,82.12,0.7355645457888931,0.1337096209306187,25.32142942667775,6.882678254863746,1155.0820873370387,27.843181050339496,0.9881751048669528,0.0,0.0,0.0118248951330469,0.0,0.0,0.0,0.0,0.6212867990223407,0.0,0.0,0.3787132009776592,0.0,0.0,0.0,0.0,16.21735182942359,0.8417340579923939,1.0,0.0,0.0,2.9636279220994064,0.0,0.0,0.0,0.0,17.121140165384258,1157.0541060432145,17.08052563899556,302.7106577576344,6.509407158415541
9,220.0,13.028961978801748,0.95,0.0,0.0,0.05,0.0,0.0,0.0,0.0,299.09,82.12,0.7355645457888931,0.1586575983780047,25.32142942667775,6.882678254863746,1154.1553562219135,32.873805001784966,0.9827455597291964,0.0,0.0,0.0172544402708037,0.0,0.0,0.0,0.0,0.5336954380427212,0.0,0.0,0.4663045619572787,0.0,0.0,0.0,0.0,15.813654300467318,0.8578800383168123,1.0,0.0,0.0,2.907715549685693,0.0,0.0,0.0,0.0,17.121140165384258,1157.0541060432145,17.08052563899556,302.7106577576344,6.509407158415541
9,220.0,15.077689886781082,0.95,0.0,0.0,0.05,0.0,0.0,0.0,0.0,299.09,82.12,0.7355645457888931,0.1836055758253906,25.32142942667775,6.882678254863746,1153.2136205528627,37.96825226461979,0.9773084202680542,0.0,0.0,0.0226915797319458,0.0,0.0,0.0,0.0,0.4698239255774954,0.0,0.0,0.5301760744225045,0.0,0.0,0.0,0.0,15.416348797432995,0.8741413433655624,1.0,0.0,0.0,2.8535504039704325,0.0,0.0,0.0,0.0,17.121140165384258,1157.0541060432145,17.08052563899556,302.7106577576344,6.509407158415541
9,220.0,17.126417794760414,0.95,0.0,0.0,0.05,0.0,0.0,0.0,0.0,299.09,82.12,0.7355645457888931,0.2085535532727765,25.32142942667775,6.882678254863746,1152.2565674476784,43.128098623464965,0.9718633869247688,0.0,0.0,0.028136613075231,0.0,0.0,0.0,0.0,0.421257411923247,0.0,0.0,0.5787425880767529,0.0,0.0,0.0,0.0,15.02531991482525,0.8905150286343372,1.0,0.0,0.0,2.8010576053780007,0.0,0.0,0.0,0.0,17.121140165384258,1157.0541060432145,17.08052563899556,302.7106577576344,6.509407158415541
9,220.0,19.175145702739748,0.95,0.0,0.0,0.05,0.0,0.0,0.0,0.0,299.09,82.12,0.7355645457888931,0.2335015307201625,25.32142942667775,6.882678254863746,1151.2838946190989,48.35505904592991,0.9664102304159762,0.0,0.0,0.0335897695840238,0.0,0.0,0.0,0.0,0.3831423088036915,0.0,0.0,0.6168576911963085,0.0,0.0,0.0,0.0,14.640462862652155,0.9070239727065704,1.0,0.0,0.0,2.7502002278085715,0.0,0.0,0.0,0.0,17.121140165384258,1157.0541060432145,17.08052563899556,302.7106577576344,6.509407158415541
9,220.0,21.22387361071908,0.95,0.0,0.0,0.05,0.0,0.0,0.0,0.0,299.09,82.12,0.7355645457888931,0.2584495081675484,25.32142942667775,6.882678254863746,1150.2953036859426,53.650964823321736,0.960948763097881,0.0,0.0,0.0390512369021189,0.0,0.0,0.0,0.0,0.3524830843204213,0.0,0.0,0.6475169156795787,0.0,0.0,0.0,0.0,14.261675980060774,0.9236746642501672,1.0,0.0,0.0,2.701016988506616,0.0,0.0,0.0,0.0,17.121140165384258,1157.0541060432145,17.08052563899556,302.7106577576344,6.509407158415541
9,220.0,23.272601518698416,0.95,0.0,0.0,0.05,0.0,0.0,0.0,0.0,299.09,82.12,0.7355645457888931,0.2833974856149344,25.32142942667775,6.882678254863746,1149.290496426912,59.01775389212634,0.9554788231728096,0.0,0.0,0.0445211768271903,0.0,0.0,0.0,0.0,0.3273310652521056,0.0,0.0,0.6726689347478945,0.0,0.0,0.0,0.0,13.888861715717042,0.940496519881856,1.0,0.0,0.0,2.653399839977884,0.0,0.0,0.0,0.0,17.121140165384258,1157.0541060432145,17.08052563899556,302.7106577576344,6.509407158415541
9,220.0,25.32132942667775,0.95,0.0,0.0,0.05,0.0,0.0,0.0,0.0,299.09,82.12,0.7355645457888931,0.3083454630623203,25.32142942667775,6.882678254863746,1148.2691730601885,64.45746755324866,0.9500002673609692,0.0,0.0,0.0499997326390306,0.0,0.0,0.0,0.0,0.3063640514864839,0.0,0.0,0.6936359485135161,0.0,0.0,0.0,0.0,13.5219266990124,0.957487350528593,1.0,0.0,0.0,2.607262629669973,0.0,0.0,0.0,0.0,17.121140165384258,1157.0541060432145,17.08052563899556,302.7106577576344,6.509407158415541
9,225.0,8.408710267261812,0.95,0.0,0.0,0.05,0.0,0.0,0.0,0.0,299.09,82.12,0.7522819218295497,0.1023954002345568,26.320863792397155,8.408610267261812,1139.4339448603412,21.77883612252032,0.9987501811680892,0.0,0.0,0.0012498188319108,0.0,0.0,0.0,0.0,0.9499897529486332,0.0,0.0,0.0500102470513666,0.0,0.0,0.0,0.0,15.725034796440545,0.8479818957654588,1.0,0.0,0.0,2.7550563539021757,0.0,0.0,0.0,0.0,15.813326197117547,1139.6555629264626,20.687604017864448,302.7106577576344,7.946729358776584
9,225.0,10.398938436721297,0.95,0.0,0.0,0.05,0.0,0.0,0.0,0.0,299.09,82.12,0.7522819218295497,0.1266310087277313,26.320863792397155,8.408610267261812,1138.4700562081007,26.51422266155642,0.9933626885192288,0.0,0.0,0.0066373114807713,0.0,0.0,0.0,0.0,0.7842364838464799,0.0,0.0,0.2157635161535201,0.0,0.0,0.0,0.0,15.348261250356789,0.8633218512692871,1.0,0.0,0.0,2.706856326748844,0.0,0.0,0.0,0.0,15.813326197117547,1139.6555629264626,20.687604017864448,302.7106577576344,7.946729358776584
9,225.0,12.389166606180776,0.95,0.0,0.0,0.05,0.0,0.0,0.0,0.0,299.09,82.12,0.7522819218295497,0.1508666172209057,26.320863792397155,8.408610267261812,1137.4909119127635,31.30581302560385,0.9879690763021134,0.0,0.0,0.0120309236978866,0.0,0.0,0.0,0.0,0.6708670683658927,0.0,0.0,0.3291329316341073,0.0,0.0,0.0,0.0,14.977192322984523,0.8787902703787785,1.0000000000208409,0.0,0.0,2.660027201832561,0.0,0.0,0.0,0.0,15.813326197117547,1139.6555629264626,20.687604017864448,302.7106577576344,7.946729358776584
9,225.0,14.37939477564026,0.95,0.0,0.0,0.05,0.0,0.0,0.0,0.0,299.09,82.12,0.7522819218295497,0.1751022257140801,26.320863792397155,8.408610267261812,1136.4960711033443,36.15456889071671,0.9825685939394344,0.0,0.0,0.0174314060605657,0.0,0.0,0.0,0.0,0.5885425119905986,0.0,0.0,0.4114574880094014,0.0,0.0,0.0,0.0,14.611696277028194,0.8943778115589667,1.0,0.0,0.0,2.6145459845531103,0.0,0.0,0.0,0.0,15.813326197117547,1139.6555629264626,20.687604017864448,302.7106577576344,7.946729358776584
9,225.0,16.369622945099742,0.95,0.0,0.0,0.05,0.0,0.0,0.0,0.0,299.09,82.12,0.7522819218295497,0.1993378342072545,26.320863792397155,8.408610267261812,1135.4851506457917,41.06169345668091,0.9771607512263306,0.0,0.0,0.0228392487736694,0.0,0.0,0.0,0.0,0.5261261675946193,0.0,0.0,0.4738738324053808,0.0,0.0,0.0,0.0,14.25167893861388,0.9100864351504284,1.0,0.0,0.0,2.570384565105367,0.0,0.0,0.0,0.0,15.813326197117547,1139.6555629264626,20.687604017864448,302.7106577576344,7.946729358776584
9,225.0,18.359851114559223,0.95,0.0,0.0,0.05,0.0,0.0,0.0,0.0,299.09,82.12,0.7522819218295497,0.2235734427004289,26.320863792397155,8.408610267261812,1134.4577918734392,46.02854980701958,0.9717451851348928,0.0,0.0,0.0282548148651072,0.0,0.0,0.0,0.0,0.4772397979373523,0.0,0.0,0.5227602020626477,0.0,0.0,0.0,0.0,13.897046241399307,0.9259508912705956,1.0,0.0,0.0,2.52757768876044,0.0,0.0,0.0,0.0,15.813326197117547,1139.6555629264626,20.687604017864448,302.7106577576344,7.946729358776584
9,225.0,20.350079284018705,0.95,0.0,0.0,0.05,0.0,0.0,0.0,0.0,299.09,82.12,0.7522819218295497,0.2478090511936033,26.320863792397155,8.408610267261812,1133.4136457307,51.05662218416747,0.9663216007382688,0.0,0.0,0.0336783992617312,0.0,0.0,0.0,0.0,0.4379683290022135,0.0,0.0,0.5620316709977865,0.0,0.0,0.0,0.0,13.547712312209654,0.9419787940153554,1.0,0.0,0.0,2.48602080831242,0.0,0.0,0.0,0.0,15.813326197117547,1139.6555629264626,20.687604017864448,302.7106577576344,7.946729358776584
9,225.0,22.34030745347819,0.95,0.0,0.0,0.05,0.0,0.0,0.0,0.0,299.09,82.12,0.7522819218295497,0.2720446596867777,26.320863792397155,8.408610267261812,1132.3523646272192,56.147497468584994,0.960889739586596,0.0,0.0,0.0391102604134038,0.0,0.0,0.0,0.0,0.4057759462737444,0.0,0.0,0.5942240537262555,0.0,0.0,0.0,0.0,13.203598423394984,0.9581564223733352,1.0,0.0,0.0,2.4456692007249714,0.0,0.0,0.0,0.0,15.813326197117547,1139.6555629264626,20.687604017864448,302.7106577576344,7.946729358776584
9,225.0,24.33053562293767,0.95,0.0,0.0,0.05,0.0,0.0,0.0,0.0,299.09,82.12,0.7522819218295497,0.2962802681799521,26.320863792397155,8.408610267261812,1131.273599896154,61.302856674490016,0.9554493694940416,0.0,0.0,0.0445506305059585,0.0,0.0,0.0,0.0,0.3789481424544593,0.0,0.0,0.6210518575455407,0.0,0.0,0.0,0.0,12.864627030391077,0.9745415879045702,1.0,0.0,0.0,2.406487488114853,0.0,0.0,0.0,0.0,15.813326197117547,1139.6555629264626,20.687604017864448,302.7106577576344,7.946729358776584
9,225.0,26.320763792397155,0.95,0.0,0.0,0.05,0.0,0.0,0.0,0.0,299.09,82.12,0.7522819218295497,0.3205158766731266,26.320863792397155,8.408610267261812,1130.1769988796202,66.52447124901681,0.9500002737769232,0.0,0.0,0.0499997262230766,0.0,0.0,0.0,0.0,0.3562842834340576,0.0,0.0,0.6437157165659424,0.0,0.0,0.0,0.0,12.5307247734841,0.9911292527992416,1.0,0.0,0.0,2.3684394419713786,0.0,0.0,0.0,0.0,15.813326197117547,1139.6555629264626,20.687604017864448,302.7106577576344,7.946729358776584
9,230.0,10.178597545054494,0.95,0.0,0.0,0.05,0.0,0.0,0.0,0.0,299.09,82.12,0.7689992978702064,0.1239478512549256,27.727713592149392,10.178497545054494,1121.3281605971372,26.21299159017905,0.9984435601418618,0.0,0.0,0.0015564398581383,0.0,0.0,0.0,0.0,0.9499916600988833,0.0,0.0,0.0500083399011168,0.0,0.0,0.0,0.0,14.42505028587638,0.8897976526075837,1.0,0.0,0.0,2.489035547663833,0.0,0.0,0.0,0.0,14.52556748614066,1121.6270137216943,24.87830228106012,302.7106577576344,9.61137473881863
9,230.0,12.128488216953928,0.95,0.0,0.0,0.05,0.0,0.0,0.0,0.0,299.09,82.12,0.7689992978702064,0.147692257878153,27.727713592149392,10.178497545054494,1120.2905148958755,30.834874886077333,0.9930897457543024,0.0,0.0,0.0069102542456974,0.0,0.0,0.0,0.0,0.8128775522705336,0.0,0.0,0.1871224477294663,0.0,0.0,0.0,0.0,14.082757209370204,0.9048355498569912,1.0,0.0,0.0,2.4495797345050025,0.0,0.0,0.0,0.0,14.52556748614066,1121.6270137216943,24.87830228106012,302.7106577576344,9.61137473881863
9,230.0,14.07837888885336,0.95,0.0,0.0,0.05,0.0,0.0,0.0,0.0,299.09,82.12,0.7689992978702064,0.1714366645013804,27.727713592149392,10.178497545054494,1119.2364926363714,35.50959127599817,0.9877299311574173,0.0,0.0,0.0122700688425828,0.0,0.0,0.0,0.0,0.7130240757722033,0.0,0.0,0.2869759242277967,0.0,0.0,0.0,0.0,13.745394616395304,0.9199890843524116,1.0,0.0,0.0,2.4111834875172877,0.0,0.0,0.0,0.0,14.52556748614066,1121.6270137216943,24.87830228106012,302.7106577576344,9.61137473881863
9,230.0,16.028269560752793,0.95,0.0,0.0,0.05,0.0,0.0,0.0,0.0,299.09,82.12,0.7689992978702064,0.1951810711246078,27.727713592149392,10.178497545054494,1118.1656268800236,40.23807788814685,0.9823634103845492,0.0,0.0,0.0176365896154508,0.0,0.0,0.0,0.0,0.6371485794299688,0.0,0.0,0.3628514205700312,0.0,0.0,0.0,0.0,13.412864201924272,0.9353020806909912,1.0,0.0,0.0,2.3738234777287706,0.0,0.0,0.0,0.0,14.52556748614066,1121.6270137216943,24.87830228106012,302.7106577576344,9.61137473881863
9,230.0,17.978160232652225,0.95,0.0,0.0,0.05,0.0,0.0,0.0,0.0,299.09,82.12,0.7689992978702064,0.2189254777478351,27.727713592149392,10.178497545054494,1117.077494732628,45.0214528090574,0.976989674601179,0.0,0.0,0.0230103253988209,0.0,0.0,0.0,0.0,0.5776100044350775,0.0,0.0,0.4223899955649224,0.0,0.0,0.0,0.0,13.085082210763256,0.9507700901298136,1.0,0.0,0.0,2.337475001669174,0.0,0.0,0.0,0.0,14.52556748614066,1121.6270137216943,24.87830228106012,302.7106577576344,9.61137473881863
9,230.0,19.92805090455166,0.95,0.0,0.0,0.05,0.0,0.0,0.0,0.0,299.09,82.12,0.7689992978702064,0.2426698843710626,27.727713592149392,10.178497545054494,1115.971692480352,49.86096627854736,0.9716083195961558,0.0,0.0,0.0283916804038442,0.0,0.0,0.0,0.0,0.5297027394129922,0.0,0.0,0.4702972605870079,0.0,0.0,0.0,0.0,12.761974879843256,0.9664237059315468,1.0,0.0,0.0,2.302112110042746,0.0,0.0,0.0,0.0,14.52556748614066,1121.6270137216943,24.87830228106012,302.7106577576344,9.61137473881863
9,230.0,21.877941576451093,0.95,0.0,0.0,0.05,0.0,0.0,0.0,0.0,299.09,82.12,0.7689992978702064,0.26641429099429,27.727713592149392,10.178497545054494,1114.847823655153,54.757975211836296,0.9662190016978476,0.0,0.0,0.0337809983021522,0.0,0.0,0.0,0.0,0.4903712355086844,0.0,0.0,0.5096287644913154,0.0,0.0,0.0,0.0,12.443472870631844,0.9822352101208176,1.0,0.0,0.0,2.267707482532149,0.0,0.0,0.0,0.0,14.52556748614066,1121.6270137216943,24.87830228106012,302.7106577576344,9.61137473881863
9,230.0,23.827832248350525,0.95,0.0,0.0,0.05,0.0,0.0,0.0,0.0,299.09,82.12,0.7689992978702064,0.2901586976175173,27.727713592149392,10.178497545054494,1113.7054914429702,59.713929525103744,0.9608214107006768,0.0,0.0,0.0391785892993232,0.0,0.0,0.0,0.0,0.4575454132602661,0.0,0.0,0.5424545867397339,0.0,0.0,0.0,0.0,12.129514515849484,0.9982704354807062,1.0,0.0,0.0,2.2342333790715965,0.0,0.0,0.0,0.0,14.52556748614066,1121.6270137216943,24.87830228106012,302.7106577576344,9.61137473881863
9,230.0,25.77772292024996,0.95,0.0,0.0,0.05,0.0,0.0,0.0,0.0,299.09,82.12,0.7689992978702064,0.3139031042407447,27.727713592149392,10.178497545054494,1112.5442960323635,64.73036565111214,0.9554152602929816,0.0,0.0,0.0445847397070185,0.0,0.0,0.0,0.0,0.4297732612737785,0.0,0.0,0.5702267387262214,0.0,0.0,0.0,0.0,11.820038237906273,1.014504203339299,1.0,0.0,0.0,2.201661598983724,0.0,0.0,0.0,0.0,14.52556748614066,1121.6270137216943,24.87830228106012,302.7106577576344,9.61137473881863
9,230.0,27.727613592149392,0.95,0.0,0.0,0.05,0.0,0.0,0.0,0.0,299.09,82.12,0.7689992978702064,0.3376475108639721,27.727713592149392,10.178497545054494,1111.3638314971454,69.80890334121435,0.9500002777158032,0.0,0.0,0.0499997222841968,0.0,0.0,0.0,0.0,0.4060063403870812,0.0,0.0,0.593993659612919,0.0,0.0,0.0,0.0,11.51498686225572,1.0309796236877682,1.0,0.0,0.0,2.1699638453681214,0.0,0.0,0.0,0.0,14.52556748614066,1121.6270137216943,24.87830228106012,302.7106577576344,9.61137473881863
9,235.0,12.216926866795363,0.95,0.0,0.0,0.05,0.0,0.0,0.0,0.0,299.09,82.12,0.785716673910863,0.1487692019824082,29.533535528411715,12.216826866795364,1102.4702260105516,31.357092028167543,0.9980908618413104,0.0,0.0,0.0019091381586896,0.0,0.0,0.0,0.0,0.9499931669711562,0.0,0.0,0.0500068330288437,0.0,0.0,0.0,0.0,13.145568304819278,0.9359036849783444,1.0,0.0,0.0,2.269834642269009,0.0,0.0,0.0,0.0,13.258875583506692,1102.8688895247462,29.73094022392497,302.7106577576344,11.525181126674264
9,235.0,14.140983384752737,0.95,0.0,0.0,0.05,0.0,0.0,0.0,0.0,299.09,82.12,0.785716673910863,0.1721990183238277,29.533535528411715,12.216826866795364,1101.3496329190768,35.91431440768637,0.9927769544322306,0.0,0.0,0.0072230455677693,0.0,0.0,0.0,0.0,0.8359248684646144,0.0,0.0,0.1640751315353855,0.0,0.0,0.0,0.0,12.8333885287862,0.9508635622383018,1.0,0.0,0.0,2.2371686324509006,0.0,0.0,0.0,0.0,13.258875583506692,1102.8688895247462,29.73094022392497,302.7106577576344,11.525181126674264
9,235.0,16.06503990271011,0.95,0.0,0.0,0.05,0.0,0.0,0.0,0.0,299.09,82.12,0.785716673910863,0.1956288346652473,29.533535528411715,12.216826866795364,1100.2113520936175,40.52242982399149,0.987456873800023,0.0,0.0,0.0125431261999769,0.0,0.0,0.0,0.0,0.7485934391808978,0.0,0.0,0.2514065608191022,0.0,0.0,0.0,0.0,12.525512802167244,0.9659788035475187,1.0,0.0,0.0,2.205324215595572,0.0,0.0,0.0,0.0,13.258875583506692,1102.8688895247462,29.73094022392497,302.7106577576344,11.525181126674264
9,235.0,17.989096420667483,0.95,0.0,0.0,0.05,0.0,0.0,0.0,0.0,299.09,82.12,0.785716673910863,0.2190586510066668,29.533535528411715,12.216826866795364,1099.0548849907834,45.18239846288956,0.9821299581695806,0.0,0.0,0.0178700418304194,0.0,0.0,0.0,0.0,0.6796598071232822,0.0,0.0,0.3203401928767178,0.0,0.0,0.0,0.0,12.221863793524838,0.9812962541541012,1.0,0.0,0.0,2.174279752189152,0.0,0.0,0.0,0.0,13.258875583506692,1102.8688895247462,29.73094022392497,302.7106577576344,11.525181126674264
9,235.0,19.91315293862485,0.95,0.0,0.0,0.05,0.0,0.0,0.0,0.0,299.09,82.12,0.785716673910863,0.2424884673480863,29.533535528411715,12.216826866795364,1097.8797645308666,49.89531983847122,0.976795690563146,0.0,0.0,0.0232043094368539,0.0,0.0,0.0,0.0,0.6239257484577703,0.0,0.0,0.3760742515422298,0.0,0.0,0.0,0.0,11.922374234281335,0.9967911370303854,1.0,0.0,0.0,2.144016140750992,0.0,0.0,0.0,0.0,13.258875583506692,1102.8688895247462,29.73094022392497,302.7106577576344,11.525181126674264
9,235.0,21.837209456582222,0.95,0.0,0.0,0.05,0.0,0.0,0.0,0.0,299.09,82.12,0.785716673910863,0.2659182836895059,29.533535528411715,12.216826866795364,1096.6855370962307,54.66240492272979,0.9714536370628256,0.0,0.0,0.0285463629371743,0.0,0.0,0.0,0.0,0.5779834373935188,0.0,0.0,0.4220165626064813,0.0,0.0,0.0,0.0,11.62698516803165,1.012479238876408,1.0,0.0,0.0,2.1145119718963263,0.0,0.0,0.0,0.0,13.258875583506692,1102.8688895247462,29.73094022392497,302.7106577576344,11.525181126674264
9,235.0,23.7612659745396,0.95,0.0,0.0,0.05,0.0,0.0,0.0,0.0,299.09,82.12,0.785716673910863,0.2893481000309254,29.533535528411715,12.216826866795364,1095.4717526752672,59.48496028145326,0.96610341357325,0.0,0.0,0.0338965864267499,0.0,0.0,0.0,0.0,0.5395062680378284,0.0,0.0,0.4604937319621717,0.0,0.0,0.0,0.0,11.335642284277114,1.028397765211711,1.0,0.0,0.0,2.085746120358788,0.0,0.0,0.0,0.0,13.258875583506692,1102.8688895247462,29.73094022392497,302.7106577576344,11.525181126674264
9,235.0,25.68532249249697,0.95,0.0,0.0,0.05,0.0,0.0,0.0,0.0,299.09,82.12,0.785716673910863,0.312777916372345,29.533535528411715,12.216826866795364,1094.2379595420846,64.36437934156405,0.9607446681948132,0.0,0.0,0.0392553318051867,0.0,0.0,0.0,0.0,0.5068518777330703,0.0,0.0,0.4931481222669298,0.0,0.0,0.0,0.0,11.048293244333689,1.0445308164268448,1.0,0.0,0.0,2.057697315394568,0.0,0.0,0.0,0.0,13.258875583506692,1102.8688895247462,29.73094022392497,302.7106577576344,11.525181126674264
9,235.0,27.609379010454344,0.95,0.0,0.0,0.05,0.0,0.0,0.0,0.0,299.09,82.12,0.785716673910863,0.3362077327137645,29.533535528411715,12.216826866795364,1092.9836986946882,69.30213727729344,0.9553770641798895,0.0,0.0,0.0446229358201104,0.0,0.0,0.0,0.0,0.4788280199250055,0.0,0.0,0.5211719800749945,0.0,0.0,0.0,0.0,10.764894293548226,1.0609225522106862,1.0,0.0,0.0,2.030344340676602,0.0,0.0,0.0,0.0,13.258875583506692,1102.8688895247462,29.73094022392497,302.7106577576344,11.525181126674264
9,235.0,29.533435528411715,0.95,0.0,0.0,0.05,0.0,0.0,0.0,0.0,299.09,82.12,0.785716673910863,0.359637549055184,29.533535528411715,12.216826866795364,1091.7085036966291,74.29978981382395,0.950000279479306,0.0,0.0,0.0499997205206941,0.0,0.0,0.0,0.0,0.4545484163368093,0.0,0.0,0.5454515836631908,0.0,0.0,0.0,0.0,10.48539928877553,1.0775704395313035,1.0,0.0,0.0,2.0036660440922764,0.0,0.0,0.0,0.0,13.258875583506692,1102.8688895247462,29.73094022392497,302.7106577576344,11.525181126674264
9,240.0,14.549498523998968,0.95,0.0,0.0,0.05,0.0,0.0,0.0,0.0,299.09,82.12,0.8024340499515197,0.1771736303458227,31.73671877096429,14.549398523998969,1082.7363926209446,37.313596847451656,0.9976887517364084,0.0,0.0,0.0023112482635914,0.0,0.0,0.0,0.0,0.9499943697219956,0.0,0.0,0.0500056302780044,0.0,0.0,0.0,0.0,11.887910785500472,0.987137884553473,1.0,0.0,0.0,2.0874952630347834,0.0,0.0,0.0,0.0,12.014498351825988,1083.263844328595,35.3375257790447,302.7106577576344,13.710780754884407
9,240.0,16.45917855143956,0.95,0.0,0.0,0.05,0.0,0.0,0.0,0.0,299.09,82.12,0.8024340499515197,0.200428379827564,31.73671877096429,14.549398523998969,1081.5219040573536,41.84848550632276,0.9924218568043494,0.0,0.0,0.0075781431956507,0.0,0.0,0.0,0.0,0.8545798674339025,0.0,0.0,0.1454201325660975,0.0,0.0,0.0,0.0,11.602453318752586,1.0022888896689304,1.0,0.0,0.0,2.060165934118308,0.0,0.0,0.0,0.0,12.014498351825988,1083.263844328595,35.3375257790447,302.7106577576344,13.710780754884407
9,240.0,18.368858578880157,0.95,0.0,0.0,0.05,0.0,0.0,0.0,0.0,299.09,82.12,0.8024340499515197,0.2236831293093053,31.73671877096429,14.549398523998969,1080.2881433766431,46.4335345891153,0.9871482169113404,0.0,0.0,0.0128517830886595,0.0,0.0,0.0,0.0,0.7785349771563298,0.0,0.0,0.2214650228436702,0.0,0.0,0.0,0.0,11.320785675880645,1.017643295204575,1.0,0.0,0.0,2.033473990028224,0.0,0.0,0.0,0.0,12.014498351825988,1083.263844328595,35.3375257790447,302.7106577576344,13.710780754884407
9,240.0,20.278538606320744,0.95,0.0,0.0,0.05,0.0,0.0,0.0,0.0,299.09,82.12,0.8024340499515197,0.2469378787910465,31.73671877096429,14.549398523998969,1079.0345690263507,51.0697656466744,0.9818672046136806,0.0,0.0,0.0181327953863194,0.0,0.0,0.0,0.0,0.7165692087238157,0.0,0.0,0.2834307912761842,0.0,0.0,0.0,0.0,11.042846299879573,1.0332041345458045,1.0,0.0,0.0,2.007403112702003,0.0,0.0,0.0,0.0,12.014498351825988,1083.263844328595,35.3375257790447,302.7106577576344,13.710780754884407
9,240.0,22.188218633761338,0.95,0.0,0.0,0.05,0.0,0.0,0.0,0.0,299.09,82.12,0.8024340499515197,0.2701926282727878,31.73671877096429,14.549398523998969,1077.7606596416656,55.75831257073396,0.9765782961596714,0.0,0.0,0.0234217038403285,0.0,0.0,0.0,0.0,0.6651580983797946,0.0,0.0,0.3348419016202055,0.0,0.0,0.0,0.0,10.76858266292518,1.0489890832297242,1.0,0.0,0.0,1.981937002439744,0.0,0.0,0.0,0.0,12.014498351825988,1083.263844328595,35.3375257790447,302.7106577576344,13.710780754884407
9,240.0,24.09789866120193,0.95,0.0,0.0,0.05,0.0,0.0,0.0,0.0,299.09,82.12,0.8024340499515197,0.2934473777545291,31.73671877096429,14.549398523998969,1076.4659010006978,60.50040673241244,0.9712810308168034,0.0,0.0,0.0287189691831966,0.0,0.0,0.0,0.0,0.6218637278691252,0.0,0.0,0.3781362721308747,0.0,0.0,0.0,0.0,10.497948258835372,1.0650246336354692,1.0,0.0,0.0,1.957072916079468,0.0,0.0,0.0,0.0,12.014498351825988,1083.263844328595,35.3375257790447,302.7106577576344,13.710780754884407
9,240.0,26.00757868864252,0.95,0.0,0.0,0.05,0.0,0.0,0.0,0.0,299.09,82.12,0.8024340499515197,0.3167021272362703,31.73671877096429,14.549398523998969,1075.1497781361809,65.29736799426465,0.9659749869348224,0.0,0.0,0.0340250130651774,0.0,0.0,0.0,0.0,0.5849463605972408,0.0,0.0,0.4150536394027592,0.0,0.0,0.0,0.0,10.23090057647903,1.0813040077540357,1.0,0.0,0.0,1.9327877204046329,0.0,0.0,0.0,0.0,12.014498351825988,1083.263844328595,35.3375257790447,302.7106577576344,13.710780754884407
9,240.0,27.91725871608311,0.95,0.0,0.0,0.05,0.0,0.0,0.0,0.0,299.09,82.12,0.8024340499515197,0.3399568767180115,31.73671877096429,14.549398523998969,1073.8117708320667,70.15059989494385,0.9606597686808954,0.0,0.0,0.0393402313191045,0.0,0.0,0.0,0.0,0.5531314584503413,0.0,0.0,0.4468685415496587,0.0,0.0,0.0,0.0,9.96739791369107,1.0978471733951118,1.0,0.0,0.0,1.909059442690913,0.0,0.0,0.0,0.0,12.014498351825988,1083.263844328595,35.3375257790447,302.7106577576344,13.710780754884407
9,240.0,29.826938743523705,0.95,0.0,0.0,0.05,0.0,0.0,0.0,0.0,299.09,82.12,0.8024340499515197,0.3632116261997528,31.73671877096429,14.549398523998969,1072.4513479929435,75.0615863101597,0.9553349908140928,0.0,0.0,0.0446650091859073,0.0,0.0,0.0,0.0,0.5254640807566336,0.0,0.0,0.4745359192433664,0.0,0.0,0.0,0.0,9.707408542193065,1.114688117046286,1.0,0.0,0.0,1.8858717698306615,0.0,0.0,0.0,0.0,12.014498351825988,1083.263844328595,35.3375257790447,302.7106577576344,13.710780754884407
9,240.0,31.73661877096429,0.95,0.0,0.0,0.05,0.0,0.0,0.0,0.0,299.09,82.12,0.8024340499515197,0.386466375681494,31.73671877096429,14.549398523998969,1071.067967770362,80.03189214426716,0.9500002794002904,0.0,0.0,0.0499997205997095,0.0,0.0,0.0,0.0,0.5012147791764413,0.0,0.0,0.4987852208235588,0.0,0.0,0.0,0.0,9.450896605152938,1.1318165513397265,1.0,0.0,0.0,1.863208740453806,0.0,0.0,0.0,0.0,12.014498351825988,1083.263844328595,35.3375257790447,302.7106577576344,13.710780754884407
9,245.0,17.20364303610618,0.95,0.0,0.0,0.05,0.0,0.0,0.0,0.0,299.09,82.12,0.8191514259921764,0.2094939483208253,34.339930274970904,17.20354303610618,1061.977191466351,44.206271993340295,0.9972327479367136,0.0,0.0,0.0027672520632864,0.0,0.0,0.0,0.0,0.9499953390358344,0.0,0.0,0.0500046609641656,0.0,0.0,0.0,0.0,10.653669712299209,1.044695664773756,1.0,0.0,0.0,1.9343697441516463,0.0,0.0,0.0,0.0,10.793959502416731,1062.6711211462375,41.80803719266337,302.7106577576344,16.191644196077288
9,245.0,19.107663840424483,0.95,0.0,0.0,0.05,0.0,0.0,0.0,0.0,299.09,82.12,0.8191514259921764,0.2326797837362942,34.339930274970904,17.20354303610618,1060.655746791609,48.75644566699709,0.9920208083304108,0.0,0.0,0.0079791916695891,0.0,0.0,0.0,0.0,0.8698119100839933,0.0,0.0,0.1301880899160067,0.0,0.0,0.0,0.0,10.392331351755384,1.0603000407015444,1.0,0.0,0.0,1.911283187444286,0.0,0.0,0.0,0.0,10.793959502416731,1062.6711211462375,41.80803719266337,302.7106577576344,16.191644196077288
9,245.0,21.011684644742783,0.95,0.0,0.0,0.05,0.0,0.0,0.0,0.0,299.09,82.12,0.8191514259921764,0.255865619151763,34.339930274970904,17.20354303610618,1059.313073417945,53.3571427641763,0.9868010839383192,0.0,0.0,0.0131989160616809,0.0,0.0,0.0,0.0,0.8037909253804868,0.0,0.0,0.1962090746195131,0.0,0.0,0.0,0.0,10.134353651876005,1.0761410114863368,1.0,0.0,0.0,1.8886916534746057,0.0,0.0,0.0,0.0,10.793959502416731,1062.6711211462375,41.80803719266337,302.7106577576344,16.191644196077288
9,245.0,22.91570544906109,0.95,0.0,0.0,0.05,0.0,0.0,0.0,0.0,299.09,82.12,0.8191514259921764,0.2790514545672319,34.339930274970904,17.20354303610618,1057.9485692280296,58.00948327595932,0.9815729661413328,0.0,0.0,0.0184270338586671,0.0,0.0,0.0,0.0,0.7485400485444422,0.0,0.0,0.2514599514555578,0.0,0.0,0.0,0.0,9.879689626860053,1.0922384706196184,1.0,0.0,0.0,1.86658213646482,0.0,0.0,0.0,0.0,10.793959502416731,1062.6711211462375,41.80803719266337,302.7106577576344,16.191644196077288
9,245.0,24.81972625337939,0.95,0.0,0.0,0.05,0.0,0.0,0.0,0.0,299.09,82.12,0.8191514259921764,0.3022372899827008,34.339930274970904,17.20354303610618,1056.561641807452,62.71468396508937,0.9763359180983708,0.0,0.0,0.0236640819016291,0.0,0.0,0.0,0.0,0.701670778467575,0.0,0.0,0.2983292215324249,0.0,0.0,0.0,0.0,9.628299191991925,1.1086153546876554,1.0,0.0,0.0,1.8449642014954728,0.0,0.0,0.0,0.0,10.793959502416731,1062.6711211462375,41.80803719266337,302.7106577576344,16.191644196077288
9,245.0,26.723747057697693,0.95,0.0,0.0,0.05,0.0,0.0,0.0,0.0,299.09,82.12,0.8191514259921764,0.3254231253981696,34.339930274970904,17.20354303610618,1055.1516987795203,67.47405143221458,0.9710894479416003,0.0,0.0,0.0289105520583995,0.0,0.0,0.0,0.0,0.6614531454436428,0.0,0.0,0.3385468545563573,0.0,0.0,0.0,0.0,9.38014658998521,1.1252698858209336,1.0,0.0,0.0,1.8238076778820205,0.0,0.0,0.0,0.0,10.793959502416731,1062.6711211462375,41.80803719266337,302.7106577576344,16.191644196077288
9,245.0,28.627767862015997,0.95,0.0,0.0,0.05,0.0,0.0,0.0,0.0,299.09,82.12,0.8191514259921764,0.3486089608136384,34.339930274970904,17.20354303610618,1053.718141413984,72.28897800154593,0.9658330917879616,0.0,0.0,0.0341669082120383,0.0,0.0,0.0,0.0,0.6266036684970245,0.0,0.0,0.3733963315029753,0.0,0.0,0.0,0.0,9.135204037153123,1.142231438301177,1.000000000034432,0.0,0.0,1.803079022290712,0.0,0.0,0.0,0.0,10.793959502416731,1062.6711211462375,41.80803719266337,302.7106577576344,16.191644196077288
9,245.0,30.531788666334297,0.95,0.0,0.0,0.05,0.0,0.0,0.0,0.0,299.09,82.12,0.8191514259921764,0.3717947962291073,34.339930274970904,17.20354303610618,1052.2603608777097,77.16094019858096,0.9605664042606598,0.0,0.0,0.0394335957393402,0.0,0.0,0.0,0.0,0.5961502473592489,0.0,0.0,0.4038497526407511,0.0,0.0,0.0,0.0,8.893424406232288,1.1595018075305512,1.0,0.0,0.0,1.78281577831491,0.0,0.0,0.0,0.0,10.793959502416731,1062.6711211462375,41.80803719266337,302.7106577576344,16.191644196077288
9,245.0,32.4358094706526,0.95,0.0,0.0,0.05,0.0,0.0,0.0,0.0,299.09,82.12,0.8191514259921764,0.3949806316445762,34.339930274970904,17.20354303610618,1050.7777321608291,82.09149667234938,0.9552889442914824,0.0,0.0,0.0447110557085175,0.0,0.0,0.0,0.0,0.5693432386074566,0.0,0.0,0.4306567613925434,0.0,0.0,0.0,0.0,8.654801273513952,1.177117913719138,1.0,0.0,0.0,1.762956094376425,0.0,0.0,0.0,0.0,10.793959502416731,1062.6711211462375,41.80803719266337,302.7106577576344,16.191644196077288
9,245.0,34.3398302749709,0.95,0.0,0.0,0.05,0.0,0.0,0.0,0.0,299.09,82.12,0.8191514259921764,0.418166467060045,34.339930274970904,17.20354303610618,1049.2696148610537,87.08229144081551,0.950000277835412,0.0,0.0,0.0499997221645879,0.0,0.0,0.0,0.0,0.5455954293359588,0.0,0.0,0.4544045706640412,0.0,0.0,0.0,0.0,8.41930200135508,1.1950726204662323,1.0,0.0,0.0,1.7435123686003842,0.0,0.0,0.0,0.0,10.793959502416731,1062.6711211462375,41.80803719266337,302.7106577576344,16.191644196077288
9,250.0,20.208544303638693,0.95,0.0,0.0,0.05,0.0,0.0,0.0,0.0,299.09,82.12,0.835868802032833,0.246085537063306,37.34804120151974,20.208444303638693,1040.008318284559,52.18780601728008,0.996716335046271,0.0,0.0,0.0032836649537289,0.0,0.0,0.0,0.0,0.9499961274727896,0.0,0.0,0.0500038725272103,0.0,0.0,0.0,0.0,9.444761753900334,1.1100894506930048,1.0,0.0,0.0,1.8044897049498128,0.0,0.0,0.0,0.0,9.599114364051816,1040.9186176418627,49.27650279185157,302.7106577576344,18.99215487266697
9,250.0,22.11292173673659,0.95,0.0,0.0,0.05,0.0,0.0,0.0,0.0,299.09,82.12,0.835868802032833,0.2692757152549511,37.34804120151974,20.208444303638693,1038.5642506310778,56.787463844473066,0.99156826668973,0.0,0.0,0.00843173331027,0.0,0.0,0.0,0.0,0.8823870759904854,0.0,0.0,0.1176129240095145,0.0,0.0,0.0,0.0,9.2055945613226,1.12643954324586,1.0,0.0,0.0,1.7848135770431173,0.0,0.0,0.0,0.0,9.599114364051816,1040.9186176418627,49.27650279185157,302.7106577576344,18.99215487266697
9,250.0,24.01729916983448,0.95,0.0,0.0,0.05,0.0,0.0,0.0,0.0,299.09,82.12,0.835868802032833,0.2924658934465962,37.34804120151974,20.208444303638693,1037.09649883026,61.43908043998463,0.986410857748371,0.0,0.0,0.0135891422516289,0.0,0.0,0.0,0.0,0.825215582552001,0.0,0.0,0.174784417447999,0.0,0.0,0.0,0.0,8.969426953070018,1.143085129096029,1.0,0.0,0.0,1.765520693645091,0.0,0.0,0.0,0.0,9.599114364051816,1040.9186176418627,49.27650279185157,302.7106577576344,18.99215487266697
9,250.0,25.921676602932376,0.95,0.0,0.0,0.05,0.0,0.0,0.0,0.0,299.09,82.12,0.835868802032833,0.3156560716382413,37.34804120151974,20.208444303638693,1035.6043749317982,66.14391644773009,0.9812434985493168,0.0,0.0,0.0187565014506834,0.0,0.0,0.0,0.0,0.7762861813390142,0.0,0.0,0.2237138186609857,0.0,0.0,0.0,0.0,8.736224167680565,1.1600555716343153,1.0,0.0,0.0,1.7466011448014993,0.0,0.0,0.0,0.0,9.599114364051816,1040.9186176418627,49.27650279185157,302.7106577576344,18.99215487266697
9,250.0,27.826054036030268,0.95,0.0,0.0,0.05,0.0,0.0,0.0,0.0,299.09,82.12,0.835868802032833,0.3388462498298863,37.34804120151974,20.208444303638693,1034.087190077069,70.90332281004903,0.9760656258816106,0.0,0.0,0.0239343741183893,0.0,0.0,0.0,0.0,0.7339795829458432,0.0,0.0,0.2660204170541568,0.0,0.0,0.0,0.0,8.505956720935261,1.177343928798554,1.0,0.0,0.0,1.728066258210526,0.0,0.0,0.0,0.0,9.599114364051816,1040.9186176418627,49.27650279185157,302.7106577576344,18.99215487266697
9,250.0,29.730431469128163,0.95,0.0,0.0,0.05,0.0,0.0,0.0,0.0,299.09,82.12,0.835868802032833,0.3620364280215314,37.34804120151974,20.208444303638693,1032.5442473889552,75.7187393462819,0.970876705978602,0.0,0.0,0.0291232940213979,0.0,0.0,0.0,0.0,0.6970755955145133,0.0,0.0,0.3029244044854868,0.0,0.0,0.0,0.0,8.27859550812602,1.1949642108355547,1.0,0.0,0.0,1.7098953442982896,0.0,0.0,0.0,0.0,9.599114364051816,1040.9186176418627,49.27650279185157,302.7106577576344,18.99215487266697
9,250.0,31.63480890222605,0.95,0.0,0.0,0.05,0.0,0.0,0.0,0.0,299.09,82.12,0.835868802032833,0.3852266062131765,37.34804120151974,20.208444303638693,1030.9748355310614,80.59169273803296,0.9656762201891878,0.0,0.0,0.0343237798108122,0.0,0.0,0.0,0.0,0.6646374771948781,0.0,0.0,0.3353625228051218,0.0,0.0,0.0,0.0,8.05412148066018,1.212959634719585,1.0,0.0,0.0,1.6920686687894249,0.0,0.0,0.0,0.0,9.599114364051816,1040.9186176418627,49.27650279185157,302.7106577576344,18.99215487266697
9,250.0,33.53918633532395,0.95,0.0,0.0,0.05,0.0,0.0,0.0,0.0,299.09,82.12,0.835868802032833,0.4084167844048215,37.34804120151974,20.208444303638693,1029.3782257217408,85.52379897503235,0.9604636590160056,0.0,0.0,0.0395363409839942,0.0,0.0,0.0,0.0,0.6359343366047597,0.0,0.0,0.3640656633952403,0.0,0.0,0.0,0.0,7.8325119139841055,1.231339130861559,1.0,0.0,0.0,1.6745772639621432,0.0,0.0,0.0,0.0,9.599114364051816,1040.9186176418627,49.27650279185157,302.7106577576344,18.99215487266697
9,250.0,35.443563768421846,0.95,0.0,0.0,0.05,0.0,0.0,0.0,0.0,299.09,82.12,0.835868802032833,0.4316069625964667,37.34804120151974,20.208444303638693,1027.7536676910615,90.5167639786442,0.9552385144254648,0.0,0.0,0.044761485574535,0.0,0.0,0.0,0.0,0.6103876381578734,0.0,0.0,0.3896123618421265,0.0,0.0,0.0,0.0,7.61374788548626,1.2501064991179496,1.0,0.0,0.0,1.657432791818367,0.0,0.0,0.0,0.0,9.599114364051816,1040.9186176418627,49.27650279185157,302.7106577576344,18.99215487266697
9,250.0,37.34794120151974,0.95,0.0,0.0,0.05,0.0,0.0,0.0,0.0,299.09,82.12,0.835868802032833,0.4547971407881117,37.34804120151974,20.208444303638693,1026.100386799164,95.5723862526496,0.9500002751616542,0.0,0.0,0.0499997248383458,0.0,0.0,0.0,0.0,0.5875335765470475,0.0,0.0,0.4124664234529523,0.0,0.0,0.0,0.0,7.397812490876061,1.269316098398574,1.0,0.0,0.0,1.6406166702505978,0.0,0.0,0.0,0.0,9.599114364051816,1040.9186176418627,49.27650279185157,302.7106577576344,18.99215487266697
9,255.0,23.59571888155831,0.95,0.0,0.0,0.05,0.0,0.0,0.0,0.0,299.09,82.12,0.8525861780734897,0.2873321831655906,40.76621946032643,23.59561888155831,1016.597161444402,61.45115790641205,0.9961296679812772,0.0,0.0,0.0038703320187225,0.0,0.0,0.0,0.0,0.9499967745487043,0.0,0.0,0.0500032254512955,0.0,0.0,0.0,0.0,8.263508571619935,1.1854586288392064,1.0,0.0,0.0,1.6931143373180677,0.0,0.0,0.0,0.0,8.432227805466914,1017.7913832278248,57.90987351738985,302.7106577576344,22.13772066860631
9,255.0,25.5035411680881,0.95,0.0,0.0,0.05,0.0,0.0,0.0,0.0,299.09,82.12,0.8525861780734897,0.3105643103761337,40.76621946032643,23.59561888155831,1015.0115019951334,66.13199049425401,0.991055701950289,0.0,0.0,0.0089442980497109,0.0,0.0,0.0,0.0,0.8929050968598576,0.0,0.0,0.1070949031401423,0.0,0.0,0.0,0.0,8.045133766840374,1.202926161278993,1.0,0.0,0.0,1.676206468617199,0.0,0.0,0.0,0.0,8.432227805466914,1017.7913832278248,57.90987351738985,302.7106577576344,22.13772066860631
9,255.0,27.41136345461789,0.95,0.0,0.0,0.05,0.0,0.0,0.0,0.0,299.09,82.12,0.8525861780734897,0.3337964375866767,40.76621946032643,23.59561888155831,1013.3990331379534,70.86734872271367,0.9859702849559928,0.0,0.0,0.0140297150440072,0.0,0.0,0.0,0.0,0.843549933779511,0.0,0.0,0.1564500662204891,0.0,0.0,0.0,0.0,7.829451507253929,1.220760211148312,1.0,0.0,0.0,1.6595956871514952,0.0,0.0,0.0,0.0,8.432227805466914,1017.7913832278248,57.90987351738985,302.7106577576344,22.13772066860631
9,255.0,29.31918574114768,0.95,0.0,0.0,0.05,0.0,0.0,0.0,0.0,299.09,82.12,0.8525861780734897,0.3570285647972196,40.76621946032643,23.59561888155831,1011.7589447128148,75.65868708160434,0.9808727812660754,0.0,0.0,0.0191272187339246,0.0,0.0,0.0,0.0,0.8005013606290475,0.0,0.0,0.1994986393709524,0.0,0.0,0.0,0.0,7.6164374500018175,1.238957121442955,1.0,0.0,0.0,1.6432722381685432,0.0,0.0,0.0,0.0,8.432227805466914,1017.7913832278248,57.90987351738985,302.7106577576344,22.13772066860631
9,255.0,31.227008027677478,0.95,0.0,0.0,0.05,0.0,0.0,0.0,0.0,299.09,82.12,0.8525861780734897,0.3802606920077627,40.76621946032643,23.59561888155831,1010.090413926706,80.50755252000091,0.975762581017568,0.0,0.0,0.0242374189824321,0.0,0.0,0.0,0.0,0.7626623585781342,0.0,0.0,0.2373376414218657,0.0,0.0,0.0,0.0,7.406069153973172,1.2575663789029337,1.0,0.0,0.0,1.62723329816552,0.0,0.0,0.0,0.0,8.432227805466914,1017.7913832278248,57.90987351738985,302.7106577576344,22.13772066860631
9,255.0,33.134830314207264,0.95,0.0,0.0,0.05,0.0,0.0,0.0,0.0,299.09,82.12,0.8525861780734897,0.4034928192183056,40.76621946032643,23.59561888155831,1008.3925985635656,85.415584862627,0.9706390870443328,0.0,0.0,0.0293609129556672,0.0,0.0,0.0,0.0,0.7291774380783849,0.0,0.0,0.2708225619216151,0.0,0.0,0.0,0.0,7.198331616686355,1.2765919754088235,1.0,0.0,0.0,1.611494740996381,0.0,0.0,0.0,0.0,8.432227805466914,1017.7913832278248,57.90987351738985,302.7106577576344,22.13772066860631
9,255.0,35.04265260073706,0.95,0.0,0.0,0.05,0.0,0.0,0.0,0.0,299.09,82.12,0.8525861780734897,0.4267249464288487,40.76621946032643,23.59561888155831,1006.6646326728372,90.38452066977784,0.9655017073710566,0.0,0.0,0.0344982926289434,0.0,0.0,0.0,0.0,0.6993698163389344,0.0,0.0,0.3006301836610656,0.0,0.0,0.0,0.0,6.993208534012082,1.2960657603231769,1.0,0.0,0.0,1.596021390792414,0.0,0.0,0.0,0.0,8.432227805466914,1017.7913832278248,57.90987351738985,302.7106577576344,22.13772066860631
9,255.0,36.95047488726685,0.95,0.0,0.0,0.05,0.0,0.0,0.0,0.0,299.09,82.12,0.8525861780734897,0.4499570736393917,40.76621946032643,23.59561888155831,1004.905622010477,95.41619545400208,0.9603498478497874,0.0,0.0,0.0396501521502126,0.0,0.0,0.0,0.0,0.6726971841040427,0.0,0.0,0.3273028158959573,0.0,0.0,0.0,0.0,6.79068638053818,1.3160054161726258,1.0,0.0,0.0,1.5808094938998765,0.0,0.0,0.0,0.0,8.432227805466914,1017.7913832278248,57.90987351738985,302.7106577576344,22.13772066860631
9,255.0,38.85829717379664,0.95,0.0,0.0,0.05,0.0,0.0,0.0,0.0,299.09,82.12,0.8525861780734897,0.4731892008499346,40.76621946032643,23.59561888155831,1003.114640387366,100.51254765052607,0.955182907065486,0.0,0.0,0.0448170929345138,0.0,0.0,0.0,0.0,0.6487199987582352,0.0,0.0,0.3512800012417648,0.0,0.0,0.0,0.0,6.590753508510786,1.336435044755521,1.0,0.0,0.0,1.5658783727218986,0.0,0.0,0.0,0.0,8.432227805466914,1017.7913832278248,57.90987351738985,302.7106577576344,22.13772066860631
9,255.0,40.76611946032643,0.95,0.0,0.0,0.05,0.0,0.0,0.0,0.0,299.09,82.12,0.8525861780734897,0.4964213280604777,40.76621946032643,23.59561888155831,1001.2907260639792,105.67562298451416,0.9500002717780178,0.0,0.0,0.0499997282219821,0.0,0.0,0.0,0.0,0.6270783382838995,0.0,0.0,0.3729216617161006,0.0,0.0,0.0,0.0,6.393400194988129,1.3573889655262414,1.0,0.0,0.0,1.5511914178131587,0.0,0.0,0.0,0.0,8.432227805466914,1017.7913832278248,57.90987351738985,302.7106577576344,22.13772066860631
9,260.0,27.399737266978317,0.95,0.0,0.0,0.05,0.0,0.0,0.0,0.0,299.09,82.12,0.8693035541141463,0.3336548619943779,44.597910972306806,27.399637266978317,991.4421277712688,72.2471140520682,0.9954575856920944,0.0,0.0,0.0045424143079056,0.0,0.0,0.0,0.0,0.949997310312125,0.0,0.0,0.050002689687875,0.0,0.0,0.0,0.0,7.112752927083673,1.2738407852193128,1.0,0.0,0.0,1.596448195816185,0.0,0.0,0.0,0.0,7.296085655146154,993.0143761526203,67.92140682303575,302.7106577576344,25.654931900849267
9,260.0,29.310634345348145,0.95,0.0,0.0,0.05,0.0,0.0,0.0,0.0,299.09,82.12,0.8693035541141463,0.3569244318722375,44.597910972306806,27.399637266978317,989.6916046882518,77.03892348345295,0.9904698886661778,0.0,0.0,0.009530111333822,0.0,0.0,0.0,0.0,0.9018347067937996,0.0,0.0,0.0981652932062005,0.0,0.0,0.0,0.0,6.914307850395903,1.292878117426281,1.0,0.0,0.0,1.58178548316249,0.0,0.0,0.0,0.0,7.296085655146154,993.0143761526203,67.92140682303575,302.7106577576344,25.654931900849267
9,260.0,31.221531423717977,0.95,0.0,0.0,0.05,0.0,0.0,0.0,0.0,299.09,82.12,0.8693035541141463,0.3801940017500971,44.597910972306806,27.399637266978317,987.9102355094202,81.88910687509228,0.9854680352958448,0.0,0.0,0.014531964704155,0.0,0.0,0.0,0.0,0.8594212341706171,0.0,0.0,0.140578765829383,0.0,0.0,0.0,0.0,6.718291217697945,1.3123606927208236,1.0,0.0,0.0,1.5673516010308146,0.0,0.0,0.0,0.0,7.296085655146154,993.0143761526203,67.92140682303575,302.7106577576344,25.654931900849267
9,260.0,33.13242850208781,0.95,0.0,0.0,0.05,0.0,0.0,0.0,0.0,299.09,82.12,0.8693035541141463,0.4034635716279567,44.597910972306806,27.399637266978317,986.0970342645236,86.79938430747627,0.9804513315753826,0.0,0.0,0.0195486684246174,0.0,0.0,0.0,0.0,0.8218239520571519,0.0,0.0,0.1781760479428481,0.0,0.0,0.0,0.0,6.524686691956545,1.3323041006981329,1.0,0.0,0.0,1.553163056141281,0.0,0.0,0.0,0.0,7.296085655146154,993.0143761526203,67.92140682303575,302.7106577576344,25.654931900849267
9,260.0,35.04332558045764,0.95,0.0,0.0,0.05,0.0,0.0,0.0,0.0,299.09,82.12,0.8693035541141463,0.4267331415058163,44.597910972306806,27.399637266978317,984.2509874228656,91.77157921506272,0.9754190906723866,0.0,0.0,0.0245809093276133,0.0,0.0,0.0,0.0,0.7883025084203648,0.0,0.0,0.2116974915796352,0.0,0.0,0.0,0.0,6.333482133994554,1.3527620498220123,1.0,0.0,0.0,1.5391878862094068,0.0,0.0,0.0,0.0,7.296085655146154,993.0143761526203,67.92140682303575,302.7106577576344,25.654931900849267
9,260.0,36.95422265882748,0.95,0.0,0.0,0.05,0.0,0.0,0.0,0.0,299.09,82.12,0.8693035541141463,0.450002711383676,44.597910972306806,27.399637266978317,982.3710469185996,96.80762043770385,0.9703706224323616,0.0,0.0,0.0296293775676383,0.0,0.0,0.0,0.0,0.7582619944120975,0.0,0.0,0.2417380055879025,0.0,0.0,0.0,0.0,6.144668623964243,1.3737453158383617,1.0,0.0,0.0,1.5254332098086645,0.0,0.0,0.0,0.0,7.296085655146154,993.0143761526203,67.92140682303575,302.7106577576344,25.654931900849267
9,260.0,38.8651197371973,0.95,0.0,0.0,0.05,0.0,0.0,0.0,0.0,299.09,82.12,0.8693035541141463,0.4732722812615356,44.597910972306806,27.399637266978317,980.4561263016031,101.909550645596,0.9653052288297492,0.0,0.0,0.0346947711702508,0.0,0.0,0.0,0.0,0.73121907012784,0.0,0.0,0.2687809298721599,0.0,0.0,0.0,0.0,5.958237701098697,1.3952789386995603,1.0,0.0,0.0,1.5118984224248604,0.0,0.0,0.0,0.0,7.296085655146154,993.0143761526203,67.92140682303575,302.7106577576344,25.654931900849267
9,260.0,40.77601681556714,0.95,0.0,0.0,0.05,0.0,0.0,0.0,0.0,299.09,82.12,0.8693035541141463,0.4965418511393952,44.597910972306806,27.399637266978317,978.5050952247416,107.0795302652504,0.9602221971573024,0.0,0.0,0.0397778028426976,0.0,0.0,0.0,0.0,0.7067770707595448,0.0,0.0,0.2932229292404552,0.0,0.0,0.0,0.0,5.7741825377506695,1.4174057278613483,1.0,0.0,0.0,1.4985618432597902,0.0,0.0,0.0,0.0,7.296085655146154,993.0143761526203,67.92140682303575,302.7106577576344,25.654931900849267
9,260.0,42.686913893936975,0.95,0.0,0.0,0.05,0.0,0.0,0.0,0.0,299.09,82.12,0.8693035541141463,0.5198114210172549,44.597910972306806,27.399637266978317,976.5167749861132,112.31984432278878,0.955120795494572,0.0,0.0,0.0448792045054278,0.0,0.0,0.0,0.0,0.684607516851916,0.0,0.0,0.315392483148084,0.0,0.0,0.0,0.0,5.592498690291795,1.440149272198025,1.0,0.0,0.0,1.485445622546257,0.0,0.0,0.0,0.0,7.296085655146154,993.0143761526203,67.92140682303575,302.7106577576344,25.654931900849267
9,260.0,44.5978109723068,0.95,0.0,0.0,0.05,0.0,0.0,0.0,0.0,299.09,82.12,0.8693035541141463,0.5430809908951145,44.597910972306806,27.399637266978317,974.4899337463096,117.63290945066258,0.9500002681146306,0.0,0.0,0.0499997318853694,0.0,0.0,0.0,0.0,0.6644361593759032,0.0,0.0,0.3355638406240969,0.0,0.0,0.0,0.0,5.413182573127696,1.4635439745735446,1.0,0.0,0.0,1.4725164679934002,0.0,0.0,0.0,0.0,7.296085655146154,993.0143761526203,67.92140682303575,302.7106577576344,25.654931900849267
9,265.0,31.659344396325157,0.95,0.0,0.0,0.05,0.0,0.0,0.0,0.0,299.09,82.12,0.886020930154803,0.3855253823225176,48.84238573144443,31.659244396325157,964.139452418653,84.91273112922009,0.9946763698469908,0.0,0.0,0.0053236301530092,0.0,0.0,0.0,0.0,0.9499977578915326,0.0,0.0,0.0500022421084673,0.0,0.0,0.0,0.0,5.9960328183378655,1.3797378841264334,1.0,0.0,0.0,1.5112476741018133,0.0,0.0,0.0,0.0,6.194157229336726,966.2255774553212,79.59167899763797,302.7106577576344,29.571779036695137
9,265.0,33.568560100227295,0.95,0.0,0.0,0.05,0.0,0.0,0.0,0.0,299.09,82.12,0.886020930154803,0.408774477596533,48.84238573144443,31.659244396325157,962.195009900817,89.8438090319608,0.989790086241227,0.0,0.0,0.0102099137587729,0.0,0.0,0.0,0.0,0.9095439196146374,0.0,0.0,0.0904560803853626,0.0,0.0,0.0,0.0,5.817145212914939,1.400936509926873,1.0,0.0,0.0,1.4984476948921368,0.0,0.0,0.0,0.0,6.194157229336726,966.2255774553212,79.59167899763797,302.7106577576344,29.571779036695137
9,265.0,35.47777580412944,0.95,0.0,0.0,0.05,0.0,0.0,0.0,0.0,299.09,82.12,0.886020930154803,0.4320235728705484,48.84238573144443,31.659244396325157,960.2144161933004,94.83865810217314,0.984886292934436,0.0,0.0,0.0151137070655639,0.0,0.0,0.0,0.0,0.8733547407177631,0.0,0.0,0.126645259282237,0.0,0.0,0.0,0.0,5.640456347286468,1.4227212679078705,1.0,0.0,0.0,1.485840821032717,0.0,0.0,0.0,0.0,6.194157229336726,966.2255774553212,79.59167899763797,302.7106577576344,29.571779036695137
9,265.0,37.38699150803158,0.95,0.0,0.0,0.05,0.0,0.0,0.0,0.0,299.09,82.12,0.886020930154803,0.4552726681445637,48.84238573144443,31.659244396325157,958.1964279776148,99.899366892089,0.9799641950004084,0.0,0.0,0.0200358049995914,0.0,0.0,0.0,0.0,0.8408246164238896,0.0,0.0,0.1591753835761103,0.0,0.0,0.0,0.0,5.4659560196222765,1.445103347745451,1.0,0.0,0.0,1.4734007685039847,0.0,0.0,0.0,0.0,6.194157229336726,966.2255774553212,79.59167899763797,302.7106577576344,29.571779036695137
9,265.0,39.29620721193372,0.95,0.0,0.0,0.05,0.0,0.0,0.0,0.0,299.09,82.12,0.886020930154803,0.4785217634185791,48.84238573144443,31.659244396325157,956.1397521279458,105.02814615961756,0.9750229839955742,0.0,0.0,0.0249770160044257,0.0,0.0,0.0,0.0,0.8114585576387768,0.0,0.0,0.1885414423612231,0.0,0.0,0.0,0.0,5.293642107953714,1.468136824281406,1.0,0.0,0.0,1.4611355203464425,0.0,0.0,0.0,0.0,6.194157229336726,966.2255774553212,79.59167899763797,302.7106577576344,29.571779036695137
9,265.0,41.20542291583586,0.95,0.0,0.0,0.05,0.0,0.0,0.0,0.0,299.09,82.12,0.886020930154803,0.5017708586925945,48.84238573144443,31.659244396325157,954.043040099056,110.22734006541889,0.9700618324628942,0.0,0.0,0.0299381675371058,0.0,0.0,0.0,0.0,0.7848481947143858,0.0,0.0,0.2151518052856141,0.0,0.0,0.0,0.0,5.123510914015672,1.4918359036870918,1.0,0.0,0.0,1.449037710812314,0.0,0.0,0.0,0.0,6.194157229336726,966.2255774553212,79.59167899763797,302.7106577576344,29.571779036695137
9,265.0,43.114638619738,0.95,0.0,0.0,0.05,0.0,0.0,0.0,0.0,299.09,82.12,0.886020930154803,0.5250199539666098,48.84238573144443,31.659244396325157,951.9048811456972,115.49943325720758,0.9650798873183788,0.0,0.0,0.0349201126816213,0.0,0.0,0.0,0.0,0.7606537209959207,0.0,0.0,0.2393462790040793,0.0,0.0,0.0,0.0,4.955560745061418,1.516258364027396,1.0,0.0,0.0,1.4371036153186356,0.0,0.0,0.0,0.0,6.194157229336726,966.2255774553212,79.59167899763797,302.7106577576344,29.571779036695137
9,265.0,45.023854323640144,0.95,0.0,0.0,0.05,0.0,0.0,0.0,0.0,299.09,82.12,0.886020930154803,0.5482690492406253,48.84238573144443,31.659244396325157,949.7237960465966,120.8470605395677,0.9600762645477524,0.0,0.0,0.0399237354522476,0.0,0.0,0.0,0.0,0.7385901898699982,0.0,0.0,0.2614098101300017,0.0,0.0,0.0,0.0,4.789792894888808,1.5414380933927376,1.0,0.0,0.0,1.4253325129026486,0.0,0.0,0.0,0.0,6.194157229336726,966.2255774553212,79.59167899763797,302.7106577576344,29.571779036695137
9,265.0,46.933070027542286,0.95,0.0,0.0,0.05,0.0,0.0,0.0,0.0,299.09,82.12,0.886020930154803,0.5715181445146406,48.84238573144443,31.659244396325157,947.4982305997116,126.27301722419004,0.9550500441245228,0.0,0.0,0.0449499558754771,0.0,0.0,0.0,0.0,0.718416973017486,0.0,0.0,0.281583026982514,0.0,0.0,0.0,0.0,4.626209220849658,1.567424997844659,1.0,0.0,0.0,1.4137168912480875,0.0,0.0,0.0,0.0,6.194157229336726,966.2255774553212,79.59167899763797,302.7106577576344,29.571779036695137
9,265.0,48.84228573144443,0.95,0.0,0.0,0.05,0.0,0.0,0.0,0.0,299.09,82.12,0.886020930154803,0.594767239788656,48.84238573144443,31.659244396325157,945.2265485136468,131.78027023885224,0.9500002646545348,0.0,0.0,0.0499997353454652,0.0,0.0,0.0,0.0,0.6999295615689151,0.0,0.0,0.3000704384310849,0.0,0.0,0.0,0.0,4.464813496530696,1.594262006117643,1.0,0.0,0.0,1.402253287996678,0.0,0.0,0.0,0.0,6.194157229336726,966.2255774553212,79.59167899763797,302.7106577576344,29.571779036695137
9,270.0,36.41928774557975,0.95,0.0,0.0,0.05,0.0,0.0,0.0,0.0,299.09,82.12,0.9027383061954596,0.4434886476568406,53.49135176226452,36.41918774557975,934.1268645181448,99.92012906581954,0.9937480447622244,0.0,0.0,0.0062519552377756,0.0,0.0,0.0,0.0,0.9499981353620336,0.0,0.0,0.0500018646379664,0.0,0.0,0.0,0.0,4.917851816725668,1.5101417127174408,1.0,0.0,0.0,1.434774207963323,0.0,0.0,0.0,0.0,5.130843724671824,936.9320241360858,93.30322734807504,302.7106577576344,33.91794976874195
9,270.0,38.316172636322506,0.95,0.0,0.0,0.05,0.0,0.0,0.0,0.0,299.09,82.12,0.9027383061954596,0.4665875869011508,53.49135176226452,36.41918774557975,931.951396102037,105.01740660257929,0.9889830483954462,0.0,0.0,0.0110169516045537,0.0,0.0,0.0,0.0,0.9163247918937724,0.0,0.0,0.0836752081062275,0.0,0.0,0.0,0.0,4.758642099670076,1.5343997873226831,1.0,0.0,0.0,1.4235463553623535,0.0,0.0,0.0,0.0,5.130843724671824,936.9320241360858,93.30322734807504,302.7106577576344,33.91794976874195
9,270.0,40.21305752706525,0.95,0.0,0.0,0.05,0.0,0.0,0.0,0.0,299.09,82.12,0.9027383061954596,0.4896865261454609,53.49135176226452,36.41918774557975,929.7326498845648,110.1858432316451,0.9841964641941284,0.0,0.0,0.0158035358058716,0.0,0.0,0.0,0.0,0.8857904599118992,0.0,0.0,0.1142095400881007,0.0,0.0,0.0,0.0,4.601425131569358,1.5594164666098862,1.0,0.0,0.0,1.4124590581678818,0.0,0.0,0.0,0.0,5.130843724671824,936.9320241360858,93.30322734807504,302.7106577576344,33.91794976874195
9,270.0,42.10994241780801,0.95,0.0,0.0,0.05,0.0,0.0,0.0,0.0,299.09,82.12,0.9027383061954596,0.5127854653897711,53.49135176226452,36.41918774557975,927.4689944774263,115.4280490791723,0.9793873361263884,0.0,0.0,0.0206126638736116,0.0,0.0,0.0,0.0,0.8580079174972909,0.0,0.0,0.141992082502709,0.0,0.0,0.0,0.0,4.446202189961434,1.5852328913149891,1.0,0.0,0.0,1.4014958639317951,0.0,0.0,0.0,0.0,5.130843724671824,936.9320241360858,93.30322734807504,302.7106577576344,33.91794976874195
9,270.0,44.00682730855076,0.95,0.0,0.0,0.05,0.0,0.0,0.0,0.0,299.09,82.12,0.9027383061954596,0.5358844046340814,53.49135176226452,36.41918774557975,925.1587144624464,120.74679087641913,0.9745546708734796,0.0,0.0,0.0254453291265203,0.0,0.0,0.0,0.0,0.8326522791330174,0.0,0.0,0.1673477208669825,0.0,0.0,0.0,0.0,4.292974148104486,1.6119027019383012,1.0,0.0,0.0,1.3906673364501363,0.0,0.0,0.0,0.0,5.130843724671824,936.9320241360858,93.30322734807504,302.7106577576344,33.91794976874195
9,270.0,45.90371219929351,0.95,0.0,0.0,0.05,0.0,0.0,0.0,0.0,299.09,82.12,0.9027383061954596,0.5589833438783914,53.49135176226452,36.41918774557975,922.8000048247322,126.14501505725836,0.9696974351977132,0.0,0.0,0.0303025648022867,0.0,0.0,0.0,0.0,0.8094491282421059,0.0,0.0,0.1905508717578941,0.0,0.0,0.0,0.0,4.141745402905046,1.639467034226992,1.0,0.0,0.0,1.3799566171448785,0.0,0.0,0.0,0.0,5.130843724671824,936.9320241360858,93.30322734807504,302.7106577576344,33.91794976874195
9,270.0,47.80059709003626,0.95,0.0,0.0,0.05,0.0,0.0,0.0,0.0,299.09,82.12,0.9027383061954596,0.5820822831227016,53.49135176226452,36.41918774557975,920.3909583352836,131.6258533554112,0.964814545412526,0.0,0.0,0.035185454587474,0.0,0.0,0.0,0.0,0.7881651305158524,0.0,0.0,0.2118348694841476,0.0,0.0,0.0,0.0,3.992522646595985,1.667988340848812,1.0,0.0,0.0,1.3693762583626814,0.0,0.0,0.0,0.0,5.130843724671824,936.9320241360858,93.30322734807504,302.7106577576344,33.91794976874195
9,270.0,49.69748198077902,0.95,0.0,0.0,0.05,0.0,0.0,0.0,0.0,299.09,82.12,0.9027383061954596,0.6051812223670119,53.49135176226452,36.41918774557975,917.9295588482436,137.19264364325204,0.9599048646177716,0.0,0.0,0.0400951353822284,0.0,0.0,0.0,0.0,0.7686007668105773,0.0,0.0,0.2313992331894227,0.0,0.0,0.0,0.0,3.845311856790923,1.69753082983014,1.0,0.0,0.0,1.3589110379025937,0.0,0.0,0.0,0.0,5.130843724671824,936.9320241360858,93.30322734807504,302.7106577576344,33.91794976874195
9,270.0,51.59436687152176,0.95,0.0,0.0,0.05,0.0,0.0,0.0,0.0,299.09,82.12,0.9027383061954596,0.6282801616113219,53.49135176226452,36.41918774557975,915.4136683038864,142.84894343118546,0.9549671931766804,0.0,0.0,0.0450328068233195,0.0,0.0,0.0,0.0,0.7505845055766465,0.0,0.0,0.2494154944233535,0.0,0.0,0.0,0.0,3.7001222199040384,1.7281606878032527,1.0,0.0,0.0,1.3485622430717192,0.0,0.0,0.0,0.0,5.130843724671824,936.9320241360858,93.30322734807504,302.7106577576344,33.91794976874195
9,270.0,53.49125176226452,0.95,0.0,0.0,0.05,0.0,0.0,0.0,0.0,299.09,82.12,0.9027383061954596,0.6513791008556322,53.49135176226452,36.41918774557975,912.8410153904852,148.59854855925363,0.9500002619768642,0.0,0.0,0.0499997380231359,0.0,0.0,0.0,0.0,0.7339681678964215,0.0,0.0,0.2660318321035785,0.0,0.0,0.0,0.0,3.556963404316558,1.7599455599626057,1.0,0.0,0.0,1.338331426837481,0.0,0.0,0.0,0.0,5.130843724671824,936.9320241360858,93.30322734807504,302.7106577576344,33.91794976874195
9,275.0,41.733514272492165,0.95,0.0,0.0,0.05,0.0,0.0,0.0,0.0,299.09,82.12,0.9194556822361164,0.5082015863674155,58.5236929318425,41.73341427249216,900.580929376384,117.9665520009774,0.992609435602523,0.0,0.0,0.007390564397477,0.0,0.0,0.0,0.0,0.949998457172836,0.0,0.0,0.050001542827164,0.0,0.0,0.0,0.0,3.8841216426104106,1.676718449507795,1.0,0.0,0.0,1.3645451270526665,0.0,0.0,0.0,0.0,4.11187312512685,904.4335281070778,109.60126774294156,302.7106577576344,38.72523437118672
9,275.0,43.59907856797554,0.95,0.0,0.0,0.05,0.0,0.0,0.0,0.0,299.09,82.12,0.9194556822361164,0.53091912527978,58.5236929318425,41.73341427249216,898.1256667045204,123.25547222507564,0.9879934042361078,0.0,0.0,0.0120065957638922,0.0,0.0,0.0,0.0,0.9224136506343836,0.0,0.0,0.0775863493656163,0.0,0.0,0.0,0.0,3.745233132797893,1.7053989540308123,1.0,0.0,0.0,1.3546659363212208,0.0,0.0,0.0,0.0,4.11187312512685,904.4335281070778,109.60126774294156,302.7106577576344,38.72523437118672
9,275.0,45.464642863458906,0.95,0.0,0.0,0.05,0.0,0.0,0.0,0.0,299.09,82.12,0.9194556822361164,0.5536366641921444,58.5236929318425,41.73341427249216,895.6172731626353,128.62566518754988,0.9833508703902568,0.0,0.0,0.0166491296097432,0.0,0.0,0.0,0.0,0.8971018399447813,0.0,0.0,0.1028981600552186,0.0,0.0,0.0,0.0,3.608151379029116,1.7351082545654244,1.0,0.0,0.0,1.344877036340797,0.0,0.0,0.0,0.0,4.11187312512685,904.4335281070778,109.60126774294156,302.7106577576344,38.72523437118672
9,275.0,47.33020715894228,0.95,0.0,0.0,0.05,0.0,0.0,0.0,0.0,299.09,82.12,0.9194556822361164,0.576354203104509,58.5236929318425,41.73341427249216,893.0535060726005,134.08049867484937,0.978680626983276,0.0,0.0,0.0213193730167239,0.0,0.0,0.0,0.0,0.8738228850237056,0.0,0.0,0.1261771149762944,0.0,0.0,0.0,0.0,3.472883175273959,1.765912962975186,1.0,0.0,0.0,1.3351863550697023,0.0,0.0,0.0,0.0,4.11187312512685,904.4335281070778,109.60126774294156,302.7106577576344,38.72523437118672
9,275.0,49.195771454425646,0.95,0.0,0.0,0.05,0.0,0.0,0.0,0.0,299.09,82.12,0.9194556822361164,0.5990717420168734,58.5236929318425,41.73341427249216,890.431984687323,139.62357152733975,0.9739814017787222,0.0,0.0,0.0260185982212778,0.0,0.0,0.0,0.0,0.8523705879391801,0.0,0.0,0.1476294120608199,0.0,0.0,0.0,0.0,3.3394397301555023,1.797895124605126,1.0,0.0,0.0,1.3255819237936188,0.0,0.0,0.0,0.0,4.11187312512685,904.4335281070778,109.60126774294156,302.7106577576344,38.72523437118672
9,275.0,51.06133574990902,0.95,0.0,0.0,0.05,0.0,0.0,0.0,0.0,299.09,82.12,0.9194556822361164,0.6217892809292379,58.5236929318425,41.73341427249216,887.7501737326389,145.2587266727115,0.9692518469610876,0.0,0.0,0.0307481530389124,0.0,0.0,0.0,0.0,0.8325669675016458,0.0,0.0,0.1674330324983542,0.0,0.0,0.0,0.0,3.207829785650828,1.831130945049108,1.0,0.0,0.0,1.3160662348220744,0.0,0.0,0.0,0.0,4.11187312512685,904.4335281070778,109.60126774294156,302.7106577576344,38.72523437118672
9,275.0,52.92690004539239,0.95,0.0,0.0,0.05,0.0,0.0,0.0,0.0,299.09,82.12,0.9194556822361164,0.6445068198416023,58.5236929318425,41.73341427249216,885.005369661247,150.99008250241914,0.9644905322588828,0.0,0.0,0.0355094677411172,0.0,0.0,0.0,0.0,0.8142577462803063,0.0,0.0,0.1857422537196935,0.0,0.0,0.0,0.0,3.078065792464572,1.8657092008741287,1.0,0.0,0.0,1.30663834796302,0.0,0.0,0.0,0.0,4.11187312512685,904.4335281070778,109.60126774294156,302.7106577576344,38.72523437118672
9,275.0,54.79246434087576,0.95,0.0,0.0,0.05,0.0,0.0,0.0,0.0,299.09,82.12,0.9194556822361164,0.6672243587539668,58.5236929318425,41.73341427249216,882.1946819078913,156.82205463964618,0.959695934063668,0.0,0.0,0.0403040659363319,0.0,0.0,0.0,0.0,0.7973086264093717,0.0,0.0,0.2026913735906282,0.0,0.0,0.0,0.0,2.9501640232178588,1.9017208113494315,1.0,0.0,0.0,1.297292306895628,0.0,0.0,0.0,0.0,4.11187312512685,904.4335281070778,109.60126774294156,302.7106577576344,38.72523437118672
9,275.0,56.658028636359134,0.95,0.0,0.0,0.05,0.0,0.0,0.0,0.0,299.09,82.12,0.9194556822361164,0.6899418976663314,58.5236929318425,41.73341427249216,879.3150134445277,162.75938542186304,0.9548664249339234,0.0,0.0,0.0451335750660766,0.0,0.0,0.0,0.0,0.7816022772924007,0.0,0.0,0.2183977227075993,0.0,0.0,0.0,0.0,2.8241400491492783,1.9395814850994528,1.0000000003506937,0.0,0.0,1.2881148218011094,0.0,0.0,0.0,0.0,4.11187312512685,904.4335281070778,109.60126774294156,302.7106577576344,38.72523437118672
9,275.0,58.5235929318425,0.95,0.0,0.0,0.05,0.0,0.0,0.0,0.0,299.09,82.12,0.9194556822361164,0.7126594365786958,58.5236929318425,41.73341427249216,876.3630377361926,168.80717531364863,0.9500002608423564,0.0,0.0,0.0499997391576437,0.0,0.0,0.0,0.0,0.7670358562685535,0.0,0.0,0.2329641437314465,0.0,0.0,0.0,0.0,2.7000066973525443,1.97849445915758,1.0,0.0,0.0,1.2788423185248514,0.0,0.0,0.0,0.0,4.11187312512685,904.4335281070778,109.60126774294156,302.7106577576344,38.72523437118672
9,280.0,47.6713314186203,0.95,0.0,0.0,0.05,0.0,0.0,0.0,0.0,299.09,82.12,0.936173058276773,0.5805081760669788,63.896198456162885,47.671231418620295,862.2114202318372,140.157623319495,0.9911487673823716,0.0,0.0,0.0088512326176284,0.0,0.0,0.0,0.0,0.949998735379492,0.0,0.0,0.0500012646205082,0.0,0.0,0.0,0.0,2.9029375759637484,1.9007155380204608,1.0,0.0,0.0,1.298171101520592,0.0,0.0,0.0,0.0,3.1449654870637134,867.6798743518019,129.30886906724652,302.7106577576344,44.02808165538378
9,280.0,49.47408331168059,0.95,0.0,0.0,0.05,0.0,0.0,0.0,0.0,299.09,82.12,0.936173058276773,0.6024608294164708,63.896198456162885,47.671231418620295,859.4099168490108,145.66147866264845,0.9867230210573306,0.0,0.0,0.0132769789426694,0.0,0.0,0.0,0.0,0.9280087277246356,0.0,0.0,0.0719912722753644,0.0,0.0,0.0,0.0,2.785613039309421,1.936099531332406,1.0,0.0,0.0,1.2894771195059782,0.0,0.0,0.0,0.0,3.1449654870637134,867.6798743518019,129.30886906724652,302.7106577576344,44.02808165538378
9,280.0,51.27683520474087,0.95,0.0,0.0,0.05,0.0,0.0,0.0,0.0,299.09,82.12,0.936173058276773,0.6244134827659629,63.896198456162885,47.671231418620295,856.5411149292884,151.26072176371372,0.982264863388971,0.0,0.0,0.0177351366110289,0.0,0.0,0.0,0.0,0.9076165441729772,0.0,0.0,0.0923834558270226,0.0,0.0,0.0,0.0,2.6699174888337964,1.9729683060656344,1.0,0.0,0.0,1.280842154063725,0.0,0.0,0.0,0.0,3.1449654870637134,867.6798743518019,129.30886906724652,302.7106577576344,44.02808165538378
9,280.0,53.07958709780116,0.95,0.0,0.0,0.05,0.0,0.0,0.0,0.0,299.09,82.12,0.936173058276773,0.6463661361154549,63.896198456162885,47.671231418620295,853.6017561800168,156.95989157499787,0.9777727008347276,0.0,0.0,0.0222272991652724,0.0,0.0,0.0,0.0,0.888681565644307,0.0,0.0,0.1113184343556931,0.0,0.0,0.0,0.0,2.555865545237472,2.011430440766886,1.0,0.0,0.0,1.272268122626248,0.0,0.0,0.0,0.0,3.1449654870637134,867.6798743518019,129.30886906724652,302.7106577576344,44.02808165538378
9,280.0,54.88233899086145,0.95,0.0,0.0,0.05,0.0,0.0,0.0,0.0,299.09,82.12,0.936173058276773,0.6683187894649469,63.896198456162885,47.671231418620295,850.5883382062461,162.76387690854153,0.9732448270072104,0.0,0.0,0.0267551729927894,0.0,0.0,0.0,0.0,0.8710804846733994,0.0,0.0,0.1289195153266006,0.0,0.0,0.0,0.0,2.443474971733422,2.051617586910073,1.0,0.0,0.0,1.2637482904346498,0.0,0.0,0.0,0.0,3.1449654870637134,867.6798743518019,129.30886906724652,302.7106577576344,44.02808165538378
9,280.0,56.68509088392173,0.95,0.0,0.0,0.05,0.0,0.0,0.0,0.0,299.09,82.12,0.936173058276773,0.690271442814439,63.896198456162885,47.671231418620295,847.4970887601017,168.6779530379048,0.9686794105485944,0.0,0.0,0.0313205894514055,0.0,0.0,0.0,0.0,0.8547048388621076,0.0,0.0,0.1452951611378923,0.0,0.0,0.0,0.0,2.332764575594523,2.0936580102584386,1.0,0.0,0.0,1.255281721751366,0.0,0.0,0.0,0.0,3.1449654870637134,867.6798743518019,129.30886906724652,302.7106577576344,44.02808165538378
9,280.0,58.48784277698202,0.95,0.0,0.0,0.05,0.0,0.0,0.0,0.0,299.09,82.12,0.936173058276773,0.712224096163931,63.896198456162885,47.671231418620295,844.3239237790447,174.70782118360333,0.9640744718620944,0.0,0.0,0.0359255281379057,0.0,0.0,0.0,0.0,0.8394589593096929,0.0,0.0,0.160541040690307,0.0,0.0,0.0,0.0,2.223754205124244,2.137702487308394,1.0,0.0,0.0,1.24686715071568,0.0,0.0,0.0,0.0,3.1449654870637134,867.6798743518019,129.30886906724652,302.7106577576344,44.02808165538378
9,280.0,60.29059467004231,0.95,0.0,0.0,0.05,0.0,0.0,0.0,0.0,299.09,82.12,0.936173058276773,0.7341767495134232,63.896198456162885,47.671231418620295,841.0644279833199,180.85965539116464,0.9594278784251437,0.0,0.0,0.0405721215748563,0.0,0.0,0.0,0.0,0.8252582689033718,0.0,0.0,0.1747417310966282,0.0,0.0,0.0,0.0,2.1164405996286804,2.1839119195605954,1.0,0.0,0.0,1.238502114397823,0.0,0.0,0.0,0.0,3.1449654870637134,867.6798743518019,129.30886906724652,302.7106577576344,44.02808165538378
9,280.0,62.09334656310259,0.95,0.0,0.0,0.05,0.0,0.0,0.0,0.0,299.09,82.12,0.936173058276773,0.7561294028629151,63.896198456162885,47.671231418620295,837.7138023484904,187.1401662187112,0.9547373163327584,0.0,0.0,0.0452626836672416,0.0,0.0,0.0,0.0,0.8120278905629905,0.0,0.0,0.1879721094370095,0.0,0.0,0.0,0.0,2.0109129086694333,2.232466713164758,1.0,0.0,0.0,1.230184674243323,0.0,0.0,0.0,0.0,3.1449654870637134,867.6798743518019,129.30886906724652,302.7106577576344,44.02808165538378
9,280.0,63.89609845616288,0.95,0.0,0.0,0.05,0.0,0.0,0.0,0.0,299.09,82.12,0.936173058276773,0.7780820562124072,63.896198456162885,47.671231418620295,834.2668089478218,193.5566447461284,0.9500002623640847,0.0,0.0,0.0499997376359152,0.0,0.0,0.0,0.0,0.7997013945956829,0.0,0.0,0.200298605404317,0.0,0.0,0.0,0.0,1.90714907614797,2.285154388382202,1.0000000000511875,0.0,0.0,1.2221858376337984,0.0,0.0,0.0,0.0,3.1449654870637134,867.6798743518019,129.30886906724652,302.7106577576344,44.02808165538378
9,285.0,54.33106917075789,0.95,0.0,0.0,0.05,0.0,0.0,0.0,0.0,299.09,82.12,0.9528904343174296,0.6616058106521906,69.52453059841163,54.33096917075789,816.7905011599862,168.43530624230505,0.9891477624823696,0.0,0.0,0.0108522375176302,0.0,0.0,0.0,0.0,0.9499989810974508,0.0,0.0,0.0500010189025492,0.0,0.0,0.0,0.0,1.9860889344483843,2.22607723263026,1.0,0.0,0.0,1.2330599260406354,0.0,0.0,0.0,0.0,2.2410524707626744,824.9746819221486,153.77005765610247,302.7106577576344,49.86436423924916
9,285.0,56.01922044049719,0.95,0.0,0.0,0.05,0.0,0.0,0.0,0.0,299.09,82.12,0.9528904343174296,0.6821629376582707,69.52453059841163,54.33096917075789,813.5482043420807,174.17290341082492,0.9849797932340764,0.0,0.0,0.0150202067659235,0.0,0.0,0.0,0.0,0.933289211682268,0.0,0.0,0.0667107883177319,0.0,0.0,0.0,0.0,1.8923146546673453,2.272455868375641,1.0,0.0,0.0,1.2254684784540613,0.0,0.0,0.0,0.0,2.2410524707626744,824.9746819221486,153.77005765610247,302.7106577576344,49.86436423924916
9,285.0,57.7073717102365,0.95,0.0,0.0,0.05,0.0,0.0,0.0,0.0,299.09,82.12,0.9528904343174296,0.7027200646643509,69.52453059841163,54.33096917075789,810.217073144638,180.02642355897083,0.9807723188293186,0.0,0.0,0.0192276811706813,0.0,0.0,0.0,0.0,0.9176448769431516,0.0,0.0,0.0823551230568484,0.0,0.0,0.0,0.0,1.7999964680272489,2.323090727918225,1.0000000000058282,0.0,0.0,1.2182166773418035,0.0,0.0,0.0,0.0,2.2410524707626744,824.9746819221486,153.77005765610247,302.7106577576344,49.86436423924916
9,285.0,59.3955229799758,0.95,0.0,0.0,0.05,0.0,0.0,0.0,0.0,299.09,82.12,0.9528904343174296,0.723277191670431,69.52453059841163,54.33096917075789,806.792013460562,186.0023619966973,0.9765231352011352,0.0,0.0,0.0234768647988647,0.0,0.0,0.0,0.0,0.9029923048284388,0.0,0.0,0.0970076951715612,0.0,0.0,0.0,0.0,1.7091546983826147,2.374722128965024,1.000000000018435,0.0,0.0,1.210719049243551,0.0,0.0,0.0,0.0,2.2410524707626744,824.9746819221486,153.77005765610247,302.7106577576344,49.86436423924916
9,285.0,61.08367424971511,0.95,0.0,0.0,0.05,0.0,0.0,0.0,0.0,299.09,82.12,0.9528904343174296,0.7438343186765113,69.52453059841163,54.33096917075789,803.2674668012338,192.10781744938728,0.9722298446662708,0.0,0.0,0.0277701553337292,0.0,0.0,0.0,0.0,0.8892657832505013,0.0,0.0,0.1107342167494987,0.0,0.0,0.0,0.0,1.6197745541528903,2.426275927563137,1.0,0.0,0.0,1.2028373633074985,0.0,0.0,0.0,0.0,2.2410524707626744,824.9746819221486,153.77005765610247,302.7106577576344,49.86436423924916
9,285.0,62.77182551945441,0.95,0.0,0.0,0.05,0.0,0.0,0.0,0.0,299.09,82.12,0.9528904343174296,0.7643914456825914,69.52453059841163,54.33096917075789,799.6373388314522,198.35053561854625,0.9678898243793744,0.0,0.0,0.0321101756206255,0.0,0.0,0.0,0.0,0.8764065841692595,0.0,0.0,0.1235934158307404,0.0,0.0,0.0,0.0,1.5319526168528466,2.4831770292135418,1.0,0.0,0.0,1.1953328764439937,0.0,0.0,0.0,0.0,2.2410524707626744,824.9746819221486,153.77005765610247,302.7106577576344,49.86436423924916
9,285.0,64.45997678919372,0.95,0.0,0.0,0.05,0.0,0.0,0.0,0.0,299.09,82.12,0.9528904343174296,0.7849485726886716,69.52453059841163,54.33096917075789,795.8949242513776,204.73902313896463,0.9635001948620128,0.0,0.0,0.0364998051379873,0.0,0.0,0.0,0.0,0.8643622739354777,0.0,0.0,0.1356377260645223,0.0,0.0,0.0,0.0,1.4456960547990525,2.547747165561665,1.0000000000000695,0.0,0.0,1.188389609108411,0.0,0.0,0.0,0.0,2.2410524707626744,824.9746819221486,153.77005765610247,302.7106577576344,49.86436423924916
9,285.0,66.14812805893303,0.95,0.0,0.0,0.05,0.0,0.0,0.0,0.0,299.09,82.12,0.9528904343174296,0.8055056996947518,69.52453059841163,54.33096917075789,792.0328366676958,211.28264427483316,0.9590577931637612,0.0,0.0,0.0409422068362388,0.0,0.0,0.0,0.0,0.853086053550827,0.0,0.0,0.1469139464491729,0.0,0.0,0.0,0.0,1.3610010844403448,2.6125082611418406,1.000000000000151,0.0,0.0,1.1809945553689598,0.0,0.0,0.0,0.0,2.2410524707626744,824.9746819221486,153.77005765610247,302.7106577576344,49.86436423924916
9,285.0,67.83627932867232,0.95,0.0,0.0,0.05,0.0,0.0,0.0,0.0,299.09,82.12,0.9528904343174296,0.8260628267008319,69.52453059841163,54.33096917075789,788.0428788182078,217.9917369041869,0.9545591149641056,0.0,0.0,0.0454408850358942,0.0,0.0,0.0,0.0,0.842536205866306,0.0,0.0,0.157463794133694,0.0,0.0,0.0,0.0,1.2779243324849945,2.68145030402481,1.000000000000078,0.0,0.0,1.1736206675291536,0.0,0.0,0.0,0.0,2.2410524707626744,824.9746819221486,153.77005765610247,302.7106577576344,49.86436423924916
9,285.0,69.52443059841163,0.95,0.0,0.0,0.05,0.0,0.0,0.0,0.0,299.09,82.12,0.9528904343174296,0.8466199537069121,69.52453059841163,54.33096917075789,783.9159274466859,224.8777582925955,0.9500002683425388,0.0,0.0,0.0499997316574612,0.0,0.0,0.0,0.0,0.8326756468165253,0.0,0.0,0.1673243531834746,0.0,0.0,0.0,0.0,1.196489652174091,2.755043005701413,1.0000000002611988,0.0,0.0,1.166265997696241,0.0,0.0,0.0,0.0,2.2410524707626744,824.9746819221486,153.77005765610247,302.7106577576344,49.86436423924916
9,290.0,61.8778218088416,0.95,0.0,0.0,0.05,0.0,0.0,0.0,0.0,299.09,82.12,0.9696078103580864,0.7535048929474135,75.23466307522513,61.8777218088416,759.8248533227518,206.816245229577,0.9861027434814392,0.0,0.0,0.0138972565185608,0.0,0.0,0.0,0.0,0.9499992077101452,0.0,0.0,0.0500007922898547,0.0,0.0,0.0,0.0,1.1525062730226132,2.7721439313090688,1.000000000013509,0.0,0.0,1.1666157641980894,0.0,0.0,0.0,0.0,1.4167983026644004,773.2637021553837,185.44864903964933,302.7106577576344,56.27641671412855
9,290.0,63.36190417177311,0.95,0.0,0.0,0.05,0.0,0.0,0.0,0.0,299.09,82.12,0.9696078103580864,0.771577011346482,75.23466307522513,61.8777218088416,756.001459386533,212.791572424531,0.9823189377007197,0.0,0.0,0.0176810622992802,0.0,0.0,0.0,0.0,0.9384474261007788,0.0,0.0,0.0615525738992211,0.0,0.0,0.0,0.0,1.085336364559829,2.84075946231344,1.000000000110269,0.0,0.0,1.160241628885228,0.0,0.0,0.0,0.0,1.4167983026644004,773.2637021553837,185.44864903964933,302.7106577576344,56.27641671412855
9,290.0,64.84598653470461,0.95,0.0,0.0,0.05,0.0,0.0,0.0,0.0,299.09,82.12,0.9696078103580864,0.7896491297455505,75.23466307522513,61.8777218088416,752.0536113211622,218.91512736872744,0.9784872769477292,0.0,0.0,0.0215127230522708,0.0,0.0,0.0,0.0,0.9275374153525604,0.0,0.0,0.0724625846474398,0.0,0.0,0.0,0.0,1.0194100642971686,2.913804987694101,1.0000000000091007,0.0,0.0,1.1538715099331311,0.0,0.0,0.0,0.0,1.4167983026644004,773.2637021553837,185.44864903964933,302.7106577576344,56.27641671412855
9,290.0,66.33006889763611,0.95,0.0,0.0,0.05,0.0,0.0,0.0,0.0,299.09,82.12,0.9696078103580864,0.8077212481446189,75.23466307522513,61.8777218088416,747.9724244073003,225.197171127382,0.9746045450393588,0.0,0.0,0.0253954549606412,0.0,0.0,0.0,0.0,0.9172394056768064,0.0,0.0,0.0827605943231935,0.0,0.0,0.0,0.0,0.9547613492064992,2.9917880790045217,1.0000000000001543,0.0,0.0,1.1475030708439566,0.0,0.0,0.0,0.0,1.4167983026644004,773.2637021553837,185.44864903964933,302.7106577576344,56.27641671412855
9,290.0,67.81415126056761,0.95,0.0,0.0,0.05,0.0,0.0,0.0,0.0,299.09,82.12,0.9696078103580864,0.8257933665436874,75.23466307522513,61.8777218088416,743.7479712182528,231.64913397361275,0.970667161307012,0.0,0.0,0.0293328386929877,0.0,0.0,0.0,0.0,0.907526712533459,0.0,0.0,0.092473287466541,0.0,0.0,0.0,0.0,0.8914244562776732,3.075296377002166,1.000000000000289,0.0,0.0,1.141134175434515,0.0,0.0,0.0,0.0,1.4167983026644004,773.2637021553837,185.44864903964933,302.7106577576344,56.27641671412855
9,290.0,69.29823362349912,0.95,0.0,0.0,0.05,0.0,0.0,0.0,0.0,299.09,82.12,0.9696078103580864,0.8438654849427558,75.23466307522513,61.8777218088416,739.3690902492332,238.2838382616407,0.9666711140729866,0.0,0.0,0.0333288859270134,0.0,0.0,0.0,0.0,0.8983755901494073,0.0,0.0,0.1016244098505927,0.0,0.0,0.0,0.0,0.829426549973618,3.165014382504694,1.0000000000010143,0.0,0.0,1.1347631169490606,0.0,0.0,0.0,0.0,1.4167983026644004,773.2637021553837,185.44864903964933,302.7106577576344,56.27641671412855
9,290.0,70.78231598643062,0.95,0.0,0.0,0.05,0.0,0.0,0.0,0.0,299.09,82.12,0.9696078103580864,0.8619376033418243,75.23466307522513,61.8777218088416,734.8231796661031,245.11568681352148,0.9626118907590367,0.0,0.0,0.0373881092409631,0.0,0.0,0.0,0.0,0.8897650256755514,0.0,0.0,0.1102349743244487,0.0,0.0,0.0,0.0,0.7688105082488589,3.2617521911000327,1.0000000000004876,0.0,0.0,1.1283878802116551,0.0,0.0,0.0,0.0,1.4167983026644004,773.2637021553837,185.44864903964933,302.7106577576344,56.27641671412855
9,290.0,72.26639834936212,0.95,0.0,0.0,0.05,0.0,0.0,0.0,0.0,299.09,82.12,0.9696078103580864,0.8800097217408928,75.23466307522513,61.8777218088416,730.09590643145,252.1609953078682,0.9584843776082226,0.0,0.0,0.0415156223917774,0.0,0.0,0.0,0.0,0.881676693759322,0.0,0.0,0.1183233062406779,0.0,0.0,0.0,0.0,0.7091295207542923,3.324602031631934,1.0,0.0,0.0,1.119752245047393,0.0,0.0,0.0,0.0,1.4167983026644004,773.2637021553837,185.44864903964933,302.7106577576344,56.27641671412855
9,290.0,73.75048071229362,0.95,0.0,0.0,0.05,0.0,0.0,0.0,0.0,299.09,82.12,0.9696078103580864,0.8980818401399613,75.23466307522513,61.8777218088416,725.1708617730369,259.438352777732,0.9542827425500074,0.0,0.0,0.0457172574499925,0.0,0.0,0.0,0.0,0.8740948952182498,0.0,0.0,0.1259051047817502,0.0,0.0,0.0,0.0,0.6518967738069791,3.4803797794735774,1.0000000000003144,0.0,0.0,1.1156153095447718,0.0,0.0,0.0,0.0,1.4167983026644004,773.2637021553837,185.44864903964933,302.7106577576344,56.27641671412855
9,290.0,75.23456307522513,0.95,0.0,0.0,0.05,0.0,0.0,0.0,0.0,299.09,82.12,0.9696078103580864,0.9161539585390296,75.23466307522513,61.8777218088416,720.0291276558027,266.96906110946355,0.9500002882559564,0.0,0.0,0.0499997117440435,0.0,0.0,0.0,0.0,0.867006532249136,0.0,0.0,0.1329934677508639,0.0,0.0,0.0,0.0,0.5957023377104738,3.604857917021144,1.000000000000236,0.0,0.0,1.1092123791550683,0.0,0.0,0.0,0.0,1.4167983026644004,773.2637021553837,185.44864903964933,302.7106577576344,56.27641671412855
9,295.0,73.00976898459065,0.95,0.0,0.0,0.05,0.0,0.0,0.0,0.0,299.09,82.12,0.9863251863987428,0.88906197009974,80.57929170551442,73.00966898459065,669.096189433987,279.89931419375085,0.9738231975730116,0.0,0.0,0.0261768024269883,0.0,0.0,0.0,0.0,0.9373070627043356,0.0,0.0,0.0626929372956643,0.0,0.0,0.0,0.0,0.3644684219410689,4.300919105968615,1.0000000000044549,0.0,0.0,1.0772191765494843,0.0,0.0,0.0,0.0,0.7007191954812403,705.9625820508377,229.82343987692175,302.7106577576344,63.31231171729296
9,295.0,73.85081595358218,0.95,0.0,0.0,0.05,0.0,0.0,0.0,0.0,299.09,82.12,0.9863251863987428,0.8993036526252092,80.57929170551442,73.00966898459065,665.26583041359,284.9263237998227,0.9713670762580804,0.0,0.0,0.0286329237419196,0.0,0.0,0.0,0.0,0.9330113436207166,0.0,0.0,0.0669886563792833,0.0,0.0,0.0,0.0,0.3385884424386017,4.421455476481413,1.00000000000401,0.0,0.0,1.0732168408987786,0.0,0.0,0.0,0.0,0.7007191954812403,705.9625820508377,229.82343987692175,302.7106577576344,63.31231171729296
9,295.0,74.6918629225737,0.95,0.0,0.0,0.05,0.0,0.0,0.0,0.0,299.09,82.12,0.9863251863987428,0.9095453351506784,80.57929170551442,73.00966898459065,661.2994815359436,290.09915658073714,0.968872034723319,0.0,0.0,0.0311279652766809,0.0,0.0,0.0,0.0,0.9288894046163996,0.0,0.0,0.0711105953836004,0.0,0.0,0.0,0.0,0.313297323887851,4.551593315823965,1.000000000010649,0.0,0.0,1.0692205821317935,0.0,0.0,0.0,0.0,0.7007191954812403,705.9625820508377,229.82343987692175,302.7106577576344,63.31231171729296
9,295.0,75.53290989156524,0.95,0.0,0.0,0.05,0.0,0.0,0.0,0.0,299.09,82.12,0.9863251863987428,0.9197870176761476,80.57929170551442,73.00966898459065,657.1856558797753,295.4297703780895,0.9663350845718116,0.0,0.0,0.0336649154281884,0.0,0.0,0.0,0.0,0.924940966837174,0.0,0.0,0.075059033162826,0.0,0.0,0.0,0.0,0.288622004415123,4.692689672556457,1.000000000009845,0.0,0.0,1.065230625071383,0.0,0.0,0.0,0.0,0.7007191954812403,705.9625820508377,229.82343987692175,302.7106577576344,63.31231171729296
9,295.0,76.37395686055677,0.95,0.0,0.0,0.05,0.0,0.0,0.0,0.0,299.09,82.12,0.9863251863987428,0.9300287002016168,80.57929170551442,73.00966898459065,652.9111599818884,300.9318660636767,0.9637528166191618,0.0,0.0,0.0362471833808381,0.0,0.0,0.0,0.0,0.9211663447666896,0.0,0.0,0.0788336552333104,0.0,0.0,0.0,0.0,0.2641919516008927,4.488297108041447,1.0,0.0,0.0,1.0551868474929746,0.0,0.0,0.0,0.0,0.7007191954812403,705.9625820508377,229.82343987692175,302.7106577576344,63.31231171729296
9,295.0,77.2150038295483,0.95,0.0,0.0,0.05,0.0,0.0,0.0,0.0,299.09,82.12,0.9863251863987428,0.940270382727086,80.57929170551442,73.00966898459065,648.4607978705121,306.6211819751121,0.9611213295698868,0.0,0.0,0.0388786704301131,0.0,0.0,0.0,0.0,0.9175664893290608,0.0,0.0,0.082433510670939,0.0,0.0,0.0,0.0,0.2407091070608799,4.5909919591795845,1.0,0.0,0.0,1.0506801375837451,0.0,0.0,0.0,0.0,0.7007191954812403,705.9625820508377,229.82343987692175,302.7106577576344,63.31231171729296
9,295.0,78.05605079853983,0.95,0.0,0.0,0.05,0.0,0.0,0.0,0.0,299.09,82.12,0.9863251863987428,0.950512065252555,80.57929170551442,73.00966898459065,643.816863866255,312.51600703898896,0.9584361099622616,0.0,0.0,0.0415638900377385,0.0,0.0,0.0,0.0,0.9141431169852576,0.0,0.0,0.0858568830147424,0.0,0.0,0.0,0.0,0.2178843710335402,4.697176239738519,1.0,0.0,0.0,1.0461363602490836,0.0,0.0,0.0,0.0,0.7007191954812403,705.9625820508377,229.82343987692175,302.7106577576344,63.31231171729296
9,295.0,78.89709776753136,0.95,0.0,0.0,0.05,0.0,0.0,0.0,0.0,299.09,82.12,0.9863251863987428,0.9607537477780244,80.57929170551442,73.00966898459065,638.9585408608195,318.6377859814724,0.9556918899540257,0.0,0.0,0.0443081100459742,0.0,0.0,0.0,0.0,0.9108988431890664,0.0,0.0,0.0891011568109335,0.0,0.0,0.0,0.0,0.1957415350649521,4.806740425648037,1.0,0.0,0.0,1.0415532597958717,0.0,0.0,0.0,0.0,0.7007191954812403,705.9625820508377,229.82343987692175,302.7106577576344,63.31231171729296
9,295.0,79.73814473652288,0.95,0.0,0.0,0.05,0.0,0.0,0.0,0.0,299.09,82.12,0.9863251863987428,0.9709954303034934,80.57929170551442,73.00966898459065,633.8610424280758,325.0119840314729,0.9528824466305292,0.0,0.0,0.0471175533694707,0.0,0.0,0.0,0.0,0.907837387472726,0.0,0.0,0.092162612527274,0.0,0.0,0.0,0.0,0.1743208462013037,4.919506597152781,1.0,0.0,0.0,1.036930414387104,0.0,0.0,0.0,0.0,0.7007191954812403,705.9625820508377,229.82343987692175,302.7106577576344,63.31231171729296
9,295.0,80.57919170551442,0.95,0.0,0.0,0.05,0.0,0.0,0.0,0.0,299.09,82.12,0.9863251863987428,0.9812371128289626,80.57929170551442,73.00966898459065,628.4944568043569,331.66909666831367,0.9500003332262996,0.0,0.0,0.0499996667737005,0.0,0.0,0.0,0.0,0.9049637787971924,0.0,0.0,0.0950362212028075,0.0,0.0,0.0,0.0,0.1535963767596544,5.035247795932063,1.0,0.0,0.0,1.0322662681433743,0.0,0.0,0.0,0.0,0.7007191954812403,705.9625820508377,229.82343987692175,302.7106577576344,63.31231171729296
10,200.0,2.769129435966955,0.95,0.05,0.0,0.0,0.0,0.0,0.0,0.0,300.83,92.66,0.6648273111059403,0.0298848417436537,230.9901536612257,2.7690294359669547,1221.9077629628275,7.272404875909172,0.9999655435207012,3.445647929884507e-05,0.0,0.0,0.0,0.0,0.0,0.0,0.9499672795087564,0.0500327204912437,0.0,0.0,0.0,0.0,0.0,0.0,22.53310135246444,0.6827427709272961,1.0000000101181254,1.6329203221790776,0.0,0.0,0.0,0.0,0.0,0.0,22.53960113748808,1221.920496490378,7.249541730897533,302.7106577576344,2.6239816647333654
10,200.0,28.127009905440143,0.95,0.05,0.0,0.0,0.0,0.0,0.0,0.0,300.83,92.66,0.6648273111059403,0.3035507220530989,230.9901536612257,2.7690294359669547,1219.7150377932892,11.303399618626672,0.994006124015112,0.0059938759848879,0.0,0.0,0.0,0.0,0.0,0.0,0.1120574398944302,0.8879425601055697,0.0,0.0,0.0,0.0,0.0,0.0,21.44858643750941,0.7350177656960476,1.0000000016108797,1.5437789725446902,0.0,0.0,0.0,0.0,0.0,0.0,22.53960113748808,1221.920496490378,7.249541730897533,302.7106577576344,2.6239816647333654
10,200.0,53.48489037491333,0.95,0.05,0.0,0.0,0.0,0.0,0.0,0.0,300.83,92.66,0.6648273111059403,0.577216602362544,230.9901536612257,2.7690294359669547,1217.5743128351382,15.27478717857846,0.9881547680658548,0.0118452319341451,0.0,0.0,0.0,0.0,0.0,0.0,0.0682429367855742,0.931757063214426,0.0,0.0,0.0,0.0,0.0,0.0,20.46346609746498,0.7814253998405363,1.000000000344791,1.4663818490782792,0.0,0.0,0.0,0.0,0.0,0.0,22.53960113748808,1221.920496490378,7.249541730897533,302.7106577576344,2.6239816647333654
10,200.0,78.84277084438652,0.95,0.05,0.0,0.0,0.0,0.0,0.0,0.0,300.83,92.66,0.6648273111059403,0.8508824826719893,230.9901536612257,2.7690294359669547,1215.484059307371,19.197589013840425,0.9824090243683526,0.0175909756316474,0.0,0.0,0.0,0.0,0.0,0.0,0.0531789517135429,0.9468210482864572,0.0,0.0,0.0,0.0,0.0,0.0,19.56599680856237,0.8219083318449827,1.0000000000311744,1.4019800954246104,0.0,0.0,0.0,0.0,0.0,0.0,22.53960113748808,1221.920496490378,7.249541730897533,302.7106577576344,2.6239816647333654
10,200.0,104.20065131385972,0.95,0.05,0.0,0.0,0.0,0.0,0.0,0.0,300.83,92.66,0.6648273111059403,1.1245483629814343,230.9901536612257,2.7690294359669547,1213.4425957396086,23.077424965895272,0.9767662948382986,0.0232337051617013,0.0,0.0,0.0,0.0,0.0,0.0,0.0459161258610646,0.9540838741389354,0.0,0.0,0.0,0.0,0.0,0.0,18.7443445460574,0.8574750738268159,1.0000000000021942,1.3480432299750091,0.0,0.0,0.0,0.0,0.0,0.0,22.53960113748808,1221.920496490378,7.249541730897533,302.7106577576344,2.6239816647333654
10,200.0,129.55853178333288,0.95,0.05,0.0,0.0,0.0,0.0,0.0,0.0,300.83,92.66,0.6648273111059403,1.3982142432908795,230.9901536612257,2.7690294359669547,1211.4481891648338,26.9165999102121,0.9712239347260576,0.0287760652739422,0.0,0.0,0.0,0.0,0.0,0.0,0.0418871518523828,0.9581128481476172,0.0,0.0,0.0,0.0,0.0,0.0,17.988797084863346,0.8891218125189554,1.0000000000917004,1.3024905058935448,0.0,0.0,0.0,0.0,0.0,0.0,22.53960113748808,1221.920496490378,7.249541730897533,302.7106577576344,2.6239816647333654
10,200.0,154.91641225280608,0.95,0.05,0.0,0.0,0.0,0.0,0.0,0.0,300.83,92.66,0.6648273111059403,1.671880123600325,230.9901536612257,2.7690294359669547,1209.4989567633645,30.71537473126321,0.9657791573424128,0.0342208426575871,0.0,0.0,0.0,0.0,0.0,0.0,0.039508918869865,0.9604910811301348,0.0,0.0,0.0,0.0,0.0,0.0,17.29137403870292,0.9176368909585484,1.000000000264175,1.2637433280425725,0.0,0.0,0.0,0.0,0.0,0.0,22.53960113748808,1221.920496490378,7.249541730897533,302.7106577576344,2.6239816647333654
10,200.0,180.27429272227928,0.95,0.05,0.0,0.0,0.0,0.0,0.0,0.0,300.83,92.66,0.6648273111059403,1.94554600390977,230.9901536612257,2.7690294359669547,1207.592834890884,34.47257220022757,0.9604290047415076,0.0395709952584923,0.0,0.0,0.0,0.0,0.0,0.0,0.0380852822467927,0.9619147177532074,0.0,0.0,0.0,0.0,0.0,0.0,16.645430375003073,0.943581741386582,1.0000000000150144,1.2305122159652029,0.0,0.0,0.0,0.0,0.0,0.0,22.53960113748808,1221.920496490378,7.249541730897533,302.7106577576344,2.6239816647333654
10,200.0,205.63217319175249,0.95,0.05,0.0,0.0,0.0,0.0,0.0,0.0,300.83,92.66,0.6648273111059403,2.2192118842192152,230.9901536612257,2.7690294359669547,1205.7275967961643,38.186085464058806,0.9551703661582271,0.0448296338417727,0.0,0.0,0.0,0.0,0.0,0.0,0.0372608094306763,0.9627391905693238,0.0,0.0,0.0,0.0,0.0,0.0,16.045331212991115,0.967381595886082,1.0,1.20185427041113,0.0,0.0,0.0,0.0,0.0,0.0,22.53960113748808,1221.920496490378,7.249541730897533,302.7106577576344,2.6239816647333654
10,200.0,230.9900536612257,0.95,0.05,0.0,0.0,0.0,0.0,0.0,0.0,300.83,92.66,0.6648273111059403,2.4928777645286604,230.9901536612257,2.7690294359669547,1203.9008940863998,41.8533291854242,0.950000019790586,0.0499999802094139,0.0,0.0,0.0,0.0,0.0,0.0,0.0368342381447634,0.9631657618552364,0.0,0.0,0.0,0.0,0.0,0.0,15.486244943156956,0.9894103052773986,1.0,1.177059720769428,0.0,0.0,0.0,0.0,0.0,0.0,22.53960113748808,1221.920496490378,7.249541730897533,302.7106577576344,2.6239816647333654
10,205.0,3.5421963552298186,0.95,0.05,0.0,0.0,0.0,0.0,0.0,0.0,300.83,92.66,0.6814479938835888,0.0382278907320291,211.02994799979388,3.5420963552298184,1206.259089367465,9.154228217988512,0.9999516063838348,4.839361616526095e-05,0.0,0.0,0.0,0.0,0.0,0.0,0.9499746801342406,0.0500253198657593,0.0,0.0,0.0,0.0,0.0,0.0,21.14979681249453,0.7106369475468867,1.0,1.5603523223881008,0.0,0.0,0.0,0.0,0.0,0.0,21.15779579629945,1206.2779501886548,9.12387059747945,302.7106577576344,3.35468958110042
10,205.0,26.59637987129249,0.95,0.05,0.0,0.0,0.0,0.0,0.0,0.0,300.83,92.66,0.6814479938835888,0.2870319433551964,211.02994799979388,3.5420963552298184,1203.9670705199603,12.938584178265616,0.9940538382775236,0.0059461617224763,0.0,0.0,0.0,0.0,0.0,0.0,0.1493001683238392,0.8506998316761607,0.0,0.0,0.0,0.0,0.0,0.0,20.20516849674438,0.7565055342607814,1.0,1.4890332094860073,0.0,0.0,0.0,0.0,0.0,0.0,21.15779579629945,1206.2779501886548,9.12387059747945,302.7106577576344,3.35468958110042
10,205.0,49.65056338735517,0.95,0.05,0.0,0.0,0.0,0.0,0.0,0.0,300.83,92.66,0.6814479938835888,0.5358359959783636,211.02994799979388,3.5420963552298184,1201.7156424745187,16.684824693585522,0.9882468762577652,0.0117531237422349,0.0,0.0,0.0,0.0,0.0,0.0,0.0911040789599749,0.908895921040025,0.0,0.0,0.0,0.0,0.0,0.0,19.336229395159695,0.7981586701155315,1.0000000001953968,1.425535257905998,0.0,0.0,0.0,0.0,0.0,0.0,21.15779579629945,1206.2779501886548,9.12387059747945,302.7106577576344,3.35468958110042
10,205.0,118.8131139355432,0.95,0.05,0.0,0.0,0.0,0.0,0.0,0.0,300.83,92.66,0.6814479938835888,1.2822481538478654,211.02994799979388,3.5420963552298184,1195.1967939902822,27.756719781877205,0.9713554455886262,0.0286445544113738,0.0,0.0,0.0,0.0,0.0,0.0,0.0542088992054907,0.9457911007945092,0.0,0.0,0.0,0.0,0.0,0.0,17.110002774018145,0.8986983221868116,1.0,1.285280506369529,0.0,0.0,0.0,0.0,0.0,0.0,21.15779579629945,1206.2779501886548,9.12387059747945,302.7106577576344,3.35468958110042
10,205.0,141.86729745160585,0.95,0.05,0.0,0.0,0.0,0.0,0.0,0.0,300.83,92.66,0.6814479938835888,1.5310522064710324,211.02994799979388,3.5420963552298184,1193.0988620186226,31.40175670730559,0.9658956016299006,0.0341043983700994,0.0,0.0,0.0,0.0,0.0,0.0,0.0505892756848533,0.9494107243151468,0.0,0.0,0.0,0.0,0.0,0.0,16.471641231265767,0.9260919974650798,1.0000000000662703,1.2509180893183145,0.0,0.0,0.0,0.0,0.0,0.0,21.15779579629945,1206.2779501886548,9.12387059747945,302.7106577576344,3.35468958110042
10,205.0,164.92148096766854,0.95,0.05,0.0,0.0,0.0,0.0,0.0,0.0,300.83,92.66,0.6814479938835888,1.7798562590941998,211.02994799979388,3.5420963552298184,1191.0364069716495,35.023932574126725,0.9605178625057698,0.0394821374942302,0.0,0.0,0.0,0.0,0.0,0.0,0.0482847347952859,0.9517152652047142,0.0,0.0,0.0,0.0,0.0,0.0,15.876146748266455,0.951218917196448,1.0,1.221085506352993,0.0,0.0,0.0,0.0,0.0,0.0,21.15779579629945,1206.2779501886548,9.12387059747945,302.7106577576344,3.35468958110042
10,205.0,187.9756644837312,0.95,0.05,0.0,0.0,0.0,0.0,0.0,0.0,300.83,92.66,0.6814479938835888,2.028660311717367,211.02994799979388,3.5420963552298184,1189.007985692825,38.621494339099904,0.9552200894335724,0.0447799105664277,0.0,0.0,0.0,0.0,0.0,0.0,0.046811162556424,0.953188837443576,0.0,0.0,0.0,0.0,0.0,0.0,15.319272863457236,0.974471908282154,1.0000000000908726,1.1950384521752233,0.0,0.0,0.0,0.0,0.0,0.0,21.15779579629945,1206.2779501886548,9.12387059747945,302.7106577576344,3.35468958110042
10,205.0,211.02984799979387,0.95,0.05,0.0,0.0,0.0,0.0,0.0,0.0,300.83,92.66,0.6814479938835888,2.277464364340534,211.02994799979388,3.5420963552298184,1187.0120248623978,42.19205898833144,0.9500000220045876,0.0499999779954122,0.0,0.0,0.0,0.0,0.0,0.0,0.0458940273907079,0.9541059726092922,0.0,0.0,0.0,0.0,0.0,0.0,14.797336001146592,0.99609406891298,1.0,1.1722204337545057,0.0,0.0,0.0,0.0,0.0,0.0,21.15779579629945,1206.2779501886548,9.12387059747945,302.7106577576344,3.35468958110042
10,210.0,4.47273061665532,0.95,0.05,0.0,0.0,0.0,0.0,0.0,0.0,300.83,92.66,0.6980686766612373,0.0482703498451901,193.8751524679473,4.47263061665532,1190.266789477534,11.394808049236865,0.9999329648177492,6.703518225093429e-05,0.0,0.0,0.0,0.0,0.0,0.0,0.9499801808410288,0.0500198191589711,0.0,0.0,0.0,0.0,0.0,0.0,19.78415850440781,0.740559778544489,1.0,1.4951457750955226,0.0,0.0,0.0,0.0,0.0,0.0,19.793904820789816,1190.2941504876192,11.354703713715036,302.7106577576344,4.233266563955471
10,210.0,25.51743304457665,0.95,0.05,0.0,0.0,0.0,0.0,0.0,0.0,300.83,92.66,0.6980686766612373,0.2753877945669831,193.8751524679473,4.47263061665532,1187.8855061761644,14.982151630087706,0.9940877836531262,0.0059122163468737,0.0,0.0,0.0,0.0,0.0,0.0,0.1940830290571479,0.805916970942852,0.0,0.0,0.0,0.0,0.0,0.0,18.957772782570505,0.7812246390006834,1.0000000002457865,1.4376429407775706,0.0,0.0,0.0,0.0,0.0,0.0,19.793904820789816,1190.2941504876192,11.354703713715036,302.7106577576344,4.233266563955471
10,210.0,46.56213547249799,0.95,0.05,0.0,0.0,0.0,0.0,0.0,0.0,300.83,92.66,0.6980686766612373,0.502505239288776,193.8751524679473,4.47263061665532,1185.5355655568612,18.551053366573065,0.9883192868518405,0.0116807131481595,0.0,0.0,0.0,0.0,0.0,0.0,0.1195526960238883,0.8804473039761117,0.0,0.0,0.0,0.0,0.0,0.0,18.189433903075503,0.8187814037352915,1.0,1.385602658082196,0.0,0.0,0.0,0.0,0.0,0.0,19.793904820789816,1190.2941504876192,11.354703713715036,302.7106577576344,4.233266563955471
10,210.0,67.60683790041932,0.95,0.05,0.0,0.0,0.0,0.0,0.0,0.0,300.83,92.66,0.6980686766612373,0.729622684010569,193.8751524679473,4.47263061665532,1183.216712553086,22.101243717953725,0.9826266324719248,0.0173733675280751,0.0,0.0,0.0,0.0,0.0,0.0,0.0919135502314679,0.908086449768532,0.0,0.0,0.0,0.0,0.0,0.0,17.475081080630623,0.8529938499400835,1.0,1.3400967326059814,0.0,0.0,0.0,0.0,0.0,0.0,19.793904820789816,1190.2941504876192,11.354703713715036,302.7106577576344,4.233266563955471
10,210.0,88.65154032834066,0.95,0.05,0.0,0.0,0.0,0.0,0.0,0.0,300.83,92.66,0.6980686766612373,0.956740128732362,193.8751524679473,4.47263061665532,1180.9285393144714,25.639340068142754,0.9770088334242468,0.0229911665757533,0.0,0.0,0.0,0.0,0.0,0.0,0.0778789397956049,0.9221210602043952,0.0,0.0,0.0,0.0,0.0,0.0,16.809209992566448,0.8841504243440611,1.0000000003139629,1.3005213574288648,0.0,0.0,0.0,0.0,0.0,0.0,19.793904820789816,1190.2941504876192,11.354703713715036,302.7106577576344,4.233266563955471
10,210.0,109.696242756262,0.95,0.05,0.0,0.0,0.0,0.0,0.0,0.0,300.83,92.66,0.6980686766612373,1.183857573454155,193.8751524679473,4.47263061665532,1178.6705035942002,29.168233499596244,0.9714647751072022,0.0285352248927977,0.0,0.0,0.0,0.0,0.0,0.0,0.0696488429403269,0.9303511570596732,0.0,0.0,0.0,0.0,0.0,0.0,16.186902171214005,0.9126796885785092,1.0,1.2660028674562696,0.0,0.0,0.0,0.0,0.0,0.0,19.793904820789816,1190.2941504876192,11.354703713715036,302.7106577576344,4.233266563955471
10,210.0,130.74094518418332,0.95,0.05,0.0,0.0,0.0,0.0,0.0,0.0,300.83,92.66,0.6980686766612373,1.4109750181759475,193.8751524679473,4.47263061665532,1176.4419625558753,32.68889266510289,0.9659932478559252,0.0340067521440747,0.0,0.0,0.0,0.0,0.0,0.0,0.0644327590764949,0.9355672409235052,0.0,0.0,0.0,0.0,0.0,0.0,15.603913286375194,0.9389699851851744,1.0,1.2357977064262198,0.0,0.0,0.0,0.0,0.0,0.0,19.793904820789816,1190.2941504876192,11.354703713715036,302.7106577576344,4.233266563955471
10,210.0,151.78564761210467,0.95,0.05,0.0,0.0,0.0,0.0,0.0,0.0,300.83,92.66,0.6980686766612373,1.638092462897741,193.8751524679473,4.47263061665532,1174.2421538510018,36.200988410468526,0.9605929292343768,0.0394070707656232,0.0,0.0,0.0,0.0,0.0,0.0,0.0609826240819721,0.9390173759180278,0.0,0.0,0.0,0.0,0.0,0.0,15.056584000287756,0.963326003522095,1.0000000000485514,1.2092324674397692,0.0,0.0,0.0,0.0,0.0,0.0,19.793904820789816,1190.2941504876192,11.354703713715036,302.7106577576344,4.233266563955471
10,210.0,172.830350040026,0.95,0.05,0.0,0.0,0.0,0.0,0.0,0.0,300.83,92.66,0.6980686766612373,1.8652099076195336,193.8751524679473,4.47263061665532,1172.0701853277533,39.70322943685397,0.9552623745856385,0.0447376254143615,0.0,0.0,0.0,0.0,0.0,0.0,0.05865522919702,0.94134477080298,0.0,0.0,0.0,0.0,0.0,0.0,14.541728235130996,0.9860445324683916,1.0000000000078129,1.1857767658542444,0.0,0.0,0.0,0.0,0.0,0.0,19.793904820789816,1190.2941504876192,11.354703713715036,302.7106577576344,4.233266563955471
10,210.0,193.8750524679473,0.95,0.05,0.0,0.0,0.0,0.0,0.0,0.0,300.83,92.66,0.6980686766612373,2.0923273523413264,193.8751524679473,4.47263061665532,1169.9250422411687,43.1936358794811,0.950000024324222,0.0499999756757778,0.0,0.0,0.0,0.0,0.0,0.0,0.0570845627436659,0.942915437256334,0.0,0.0,0.0,0.0,0.0,0.0,14.056539104781454,1.0073122935394423,1.0,1.165034832903376,0.0,0.0,0.0,0.0,0.0,0.0,19.793904820789816,1190.2941504876192,11.354703713715036,302.7106577576344,4.233266563955471
10,215.0,5.581039323861209,0.95,0.05,0.0,0.0,0.0,0.0,0.0,0.0,300.83,92.66,0.7146893594388858,0.0602313762557868,179.04708701101467,5.580939323861209,1173.86953965386,14.04212560974603,0.999908273840192,9.172615980784828e-05,0.0,0.0,0.0,0.0,0.0,0.0,0.9499843266467,0.0500156733533001,0.0,0.0,0.0,0.0,0.0,0.0,18.436436560175277,0.7727786803464305,1.0,1.4362772689370085,0.0,0.0,0.0,0.0,0.0,0.0,18.448205290897207,1173.908539729092,13.989350648063478,302.7106577576344,5.278346606766283
10,215.0,24.855033511322706,0.95,0.05,0.0,0.0,0.0,0.0,0.0,0.0,300.83,92.66,0.7146893594388858,0.2682390838692284,179.04708701101467,5.580939323861209,1171.406743610029,17.472217397790168,0.9941086772750626,0.0058913227249373,0.0,0.0,0.0,0.0,0.0,0.0,0.2460878114684999,0.7539121885315001,0.0,0.0,0.0,0.0,0.0,0.0,17.710852007530487,0.809160596054565,1.0,1.3896107694472506,0.0,0.0,0.0,0.0,0.0,0.0,18.448205290897207,1173.908539729092,13.989350648063478,302.7106577576344,5.278346606766283
10,215.0,44.1290276987842,0.95,0.05,0.0,0.0,0.0,0.0,0.0,0.0,300.83,92.66,0.7146893594388858,0.4762467914826699,179.04708701101467,5.580939323861209,1168.9678206435913,20.90346530823288,0.988374162115848,0.011625837884152,0.0,0.0,0.0,0.0,0.0,0.0,0.1541128700540425,0.8458871299459575,0.0,0.0,0.0,0.0,0.0,0.0,17.030126192617566,0.8432746851687313,1.0,1.3469753494291543,0.0,0.0,0.0,0.0,0.0,0.0,18.448205290897207,1173.908539729092,13.989350648063478,302.7106577576344,5.278346606766283
10,215.0,82.6770160737072,0.95,0.05,0.0,0.0,0.0,0.0,0.0,0.0,300.83,92.66,0.7146893594388858,0.8922622067095531,179.04708701101467,5.580939323861209,1164.1609946515014,27.74559076638619,0.977097913272186,0.0229020867278139,0.0,0.0,0.0,0.0,0.0,0.0,0.0998704496710526,0.9001295503289474,0.0,0.0,0.0,0.0,0.0,0.0,15.792788149076229,0.9040337425792828,1.0000000002516334,1.2752022873258877,0.0,0.0,0.0,0.0,0.0,0.0,18.448205290897207,1173.908539729092,13.989350648063478,302.7106577576344,5.278346606766283
10,215.0,101.95101026116868,0.95,0.05,0.0,0.0,0.0,0.0,0.0,0.0,300.83,92.66,0.7146893594388858,1.1002699143229948,179.04708701101467,5.580939323861209,1161.7929087246382,31.166444841735988,0.9715550574311104,0.0284449425688897,0.0,0.0,0.0,0.0,0.0,0.0,0.0887462584378593,0.9112537415621408,0.0,0.0,0.0,0.0,0.0,0.0,15.229029449671296,0.9311236428096572,1.0,1.245421223938859,0.0,0.0,0.0,0.0,0.0,0.0,18.448205290897207,1173.908539729092,13.989350648063478,302.7106577576344,5.278346606766283
10,215.0,121.2250044486302,0.95,0.05,0.0,0.0,0.0,0.0,0.0,0.0,300.83,92.66,0.7146893594388858,1.3082776219364365,179.04708701101467,5.580939323861209,1159.448011367999,34.58965275991099,0.966074740568126,0.033925259431874,0.0,0.0,0.0,0.0,0.0,0.0,0.0815362045613318,0.9184637954386682,0.0,0.0,0.0,0.0,0.0,0.0,14.697636752182026,0.9563747974740472,1.0,1.2190062629124137,0.0,0.0,0.0,0.0,0.0,0.0,18.448205290897207,1173.908539729092,13.989350648063478,302.7106577576344,5.278346606766283
10,215.0,140.4989986360917,0.95,0.05,0.0,0.0,0.0,0.0,0.0,0.0,300.83,92.66,0.7146893594388858,1.5162853295498782,179.04708701101467,5.580939323861209,1157.1259033795816,38.01534505776789,0.9606561138220392,0.0393438861779607,0.0,0.0,0.0,0.0,0.0,0.0,0.0766385827196544,0.9233614172803456,0.0,0.0,0.0,0.0,0.0,0.0,14.195904317908898,0.9799992559712536,1.0,1.1955275755209485,0.0,0.0,0.0,0.0,0.0,0.0,18.448205290897207,1173.908539729092,13.989350648063478,302.7106577576344,5.278346606766283
10,215.0,159.77299282355318,0.95,0.05,0.0,0.0,0.0,0.0,0.0,0.0,300.83,92.66,0.7146893594388858,1.7242930371633196,179.04708701101467,5.580939323861209,1154.8260762592104,41.44271424238056,0.9552982262903168,0.0447017737096832,0.0,0.0,0.0,0.0,0.0,0.0,0.0732208611049309,0.926779138895069,0.0,0.0,0.0,0.0,0.0,0.0,13.72145581968324,1.002217868111113,1.0000000002284788,1.1746103415650395,0.0,0.0,0.0,0.0,0.0,0.0,18.448205290897207,1173.908539729092,13.989350648063478,302.7106577576344,5.278346606766283
10,215.0,179.04698701101466,0.95,0.05,0.0,0.0,0.0,0.0,0.0,0.0,300.83,92.66,0.7146893594388858,1.932300744776761,179.04708701101467,5.580939323861209,1152.547913857724,44.87024805025487,0.9500000267581712,0.0499999732418288,0.0,0.0,0.0,0.0,0.0,0.0,0.0708066458168213,0.9291933541831786,0.0,0.0,0.0,0.0,0.0,0.0,13.272102506770622,1.0231847920264912,1.0000000001366909,1.1559073988857658,0.0,0.0,0.0,0.0,0.0,0.0,18.448205290897207,1173.908539729092,13.989350648063478,302.7106577576344,5.278346606766283
10,220.0,6.8885354410184965,0.95,0.05,0.0,0.0,0.0,0.0,0.0,0.0,300.83,92.66,0.7313100422165343,0.0743420617420515,166.17853479893557,6.888435441018497,1156.9993344325983,17.14978148042655,0.9998758356525398,0.0001241643474602,0.0,0.0,0.0,0.0,0.0,0.0,0.9499874916473858,0.0500125083526141,0.0,0.0,0.0,0.0,0.0,0.0,17.107044420703467,0.8075563989931176,1.0,1.383042697104603,0.0,0.0,0.0,0.0,0.0,0.0,17.121140165384258,1157.0541060432145,17.08052563899556,302.7106577576344,6.509407158415541
10,220.0,24.587413147453727,0.95,0.05,0.0,0.0,0.0,0.0,0.0,0.0,300.83,92.66,0.7313100422165343,0.265350886547094,166.17853479893557,6.888435441018497,1154.4608933551317,20.45499701697922,0.994116493497796,0.0058835065022041,0.0,0.0,0.0,0.0,0.0,0.0,0.3043382894636773,0.6956617105363228,0.0,0.0,0.0,0.0,0.0,0.0,16.46811847499955,0.8404811469425383,1.0,1.3448721411252484,0.0,0.0,0.0,0.0,0.0,0.0,17.121140165384258,1157.0541060432145,17.08052563899556,302.7106577576344,6.509407158415541
10,220.0,42.28629085388896,0.95,0.05,0.0,0.0,0.0,0.0,0.0,0.0,300.83,92.66,0.7313100422165343,0.4563597113521364,166.17853479893557,6.888435441018497,1151.9403784589028,23.78126750342342,0.9884127072306268,0.0115872927693732,0.0,0.0,0.0,0.0,0.0,0.0,0.1950406380554025,0.8049593619445974,0.0,0.0,0.0,0.0,0.0,0.0,15.864104414027022,0.8716780076088818,1.0,1.3099799827808498,0.0,0.0,0.0,0.0,0.0,0.0,17.121140165384258,1157.0541060432145,17.08052563899556,302.7106577576344,6.509407158415541
10,220.0,59.98516856032419,0.95,0.05,0.0,0.0,0.0,0.0,0.0,0.0,300.83,92.66,0.7313100422165343,0.6473685361571788,166.17853479893557,6.888435441018497,1149.4372044199763,27.107197010083944,0.982763563715792,0.0172364362842078,0.0,0.0,0.0,0.0,0.0,0.0,0.1504536321049676,0.8495463678950324,0.0,0.0,0.0,0.0,0.0,0.0,15.293787262274774,0.9009686015753808,1.0,1.2781763220940292,0.0,0.0,0.0,0.0,0.0,0.0,17.121140165384258,1157.0541060432145,17.08052563899556,302.7106577576344,6.509407158415541
10,220.0,77.68404626675941,0.95,0.05,0.0,0.0,0.0,0.0,0.0,0.0,300.83,92.66,0.7313100422165343,0.8383773609622212,166.17853479893557,6.888435441018497,1146.9516936911727,30.43836277526344,0.9771689821581976,0.0228310178418022,0.0,0.0,0.0,0.0,0.0,0.0,0.1266134137345027,0.8733865862654973,0.0,0.0,0.0,0.0,0.0,0.0,14.754774690601804,0.9284215864496296,1.0,1.2496324106410268,0.0,0.0,0.0,0.0,0.0,0.0,17.121140165384258,1157.0541060432145,17.08052563899556,302.7106577576344,6.509407158415541
10,220.0,95.38292397319464,0.95,0.05,0.0,0.0,0.0,0.0,0.0,0.0,300.83,92.66,0.7313100422165343,1.0293861857672637,166.17853479893557,6.888435441018497,1144.483915378013,33.77831161525639,0.971628649580576,0.028371350419424,0.0,0.0,0.0,0.0,0.0,0.0,0.1120420189173584,0.8879579810826416,0.0,0.0,0.0,0.0,0.0,0.0,14.244645044343589,0.9542145218899188,1.0,1.2240528990847386,0.0,0.0,0.0,0.0,0.0,0.0,17.121140165384258,1157.0541060432145,17.08052563899556,302.7106577576344,6.509407158415541
10,220.0,113.08180167962988,0.95,0.05,0.0,0.0,0.0,0.0,0.0,0.0,300.83,92.66,0.7313100422165343,1.220395010572306,166.17853479893557,6.888435441018497,1142.0338175329284,37.12882861491909,0.966142141855294,0.0338578581447059,0.0,0.0,0.0,0.0,0.0,0.0,0.1024159538370161,0.8975840461629839,0.0,0.0,0.0,0.0,0.0,0.0,13.761168963024913,0.9785027275550008,1.0,1.2011085550923049,0.0,0.0,0.0,0.0,0.0,0.0,17.121140165384258,1157.0541060432145,17.08052563899556,302.7106577576344,6.509407158415541
10,220.0,130.78067938606512,0.95,0.05,0.0,0.0,0.0,0.0,0.0,0.0,300.83,92.66,0.7313100422165343,1.4114038353773486,166.17853479893557,6.888435441018497,1139.6012536714536,40.49048387770214,0.960708947920018,0.0392910520799818,0.0,0.0,0.0,0.0,0.0,0.0,0.0957414826010095,0.9042585173989904,0.0,0.0,0.0,0.0,0.0,0.0,13.30234849710586,1.0014625346670187,1.0000000000610936,1.180501551214113,0.0,0.0,0.0,0.0,0.0,0.0,17.121140165384258,1157.0541060432145,17.08052563899556,302.7106577576344,6.509407158415541
10,220.0,148.47955709250033,0.95,0.05,0.0,0.0,0.0,0.0,0.0,0.0,300.83,92.66,0.7313100422165343,1.602412660182391,166.17853479893557,6.888435441018497,1137.185984624473,43.8629451212247,0.955328471428721,0.044671528571279,0.0,0.0,0.0,0.0,0.0,0.0,0.0909705444097868,0.9090294555902132,0.0,0.0,0.0,0.0,0.0,0.0,12.866393778688666,1.0232286155384422,1.0000000000765814,1.1619731603732544,0.0,0.0,0.0,0.0,0.0,0.0,17.121140165384258,1157.0541060432145,17.08052563899556,302.7106577576344,6.509407158415541
10,220.0,166.17843479893557,0.95,0.05,0.0,0.0,0.0,0.0,0.0,0.0,300.83,92.66,0.7313100422165343,1.7934214849874333,166.17853479893557,6.888435441018497,1134.7876769754776,47.24517719110631,0.9500000293180064,0.0499999706819934,0.0,0.0,0.0,0.0,0.0,0.0,0.0874987054753172,0.9125012945246828,0.0,0.0,0.0,0.0,0.0,0.0,12.451704417642672,1.043936321020723,1.0,1.1452663886444858,0.0,0.0,0.0,0.0,0.0,0.0,17.121140165384258,1157.0541060432145,17.08052563899556,302.7106577576344,6.509407158415541
10,225.0,8.417757350913059,0.95,0.05,0.0,0.0,0.0,0.0,0.0,0.0,300.83,92.66,0.7479307249941828,0.0908456437612028,154.98431615588598,8.417657350913059,1139.579590339789,20.778329781501224,0.999833497429462,0.0001665025705379,0.0,0.0,0.0,0.0,0.0,0.0,0.9499899367362604,0.0500100632637395,0.0,0.0,0.0,0.0,0.0,0.0,15.796566483337209,0.8453253344669677,1.0,1.3347565989158006,0.0,0.0,0.0,0.0,0.0,0.0,15.813326197117547,1139.6555629264626,20.687604017864448,302.7106577576344,7.946729358776584
10,225.0,24.70291944035449,0.95,0.05,0.0,0.0,0.0,0.0,0.0,0.0,300.83,92.66,0.7479307249941828,0.266597447014402,154.98431615588598,8.417657350913059,1136.969751837399,23.98581997058433,0.9941104910571924,0.0058895089428076,0.0,0.0,0.0,0.0,0.0,0.0,0.3672335159376603,0.6327664840623397,0.0,0.0,0.0,0.0,0.0,0.0,15.23269995169514,0.8754048969922835,1.0,1.3032892381635195,0.0,0.0,0.0,0.0,0.0,0.0,15.813326197117547,1139.6555629264626,20.687604017864448,302.7106577576344,7.946729358776584
10,225.0,40.98808152979593,0.95,0.05,0.0,0.0,0.0,0.0,0.0,0.0,300.83,92.66,0.7479307249941828,0.4423492502676012,154.98431615588598,8.417657350913059,1134.3732157061977,27.233663514882508,0.9884352396111866,0.0115647603888133,0.0,0.0,0.0,0.0,0.0,0.0,0.242224306513107,0.757775693486893,0.0,0.0,0.0,0.0,0.0,0.0,14.69625126898607,0.9042182881630986,1.0,1.2747707179105388,0.0,0.0,0.0,0.0,0.0,0.0,15.813326197117547,1139.6555629264626,20.687604017864448,302.7106577576344,7.946729358776584
10,225.0,57.27324361923736,0.95,0.05,0.0,0.0,0.0,0.0,0.0,0.0,300.83,92.66,0.7479307249941828,0.6181010535208004,154.98431615588598,8.417657350913059,1131.7885929598797,30.49034660912276,0.982806201791924,0.017193798208076,0.0,0.0,0.0,0.0,0.0,0.0,0.1882711478698727,0.8117288521301272,0.0,0.0,0.0,0.0,0.0,0.0,14.186500833580864,0.9315864745111204,1.0,1.2483276940723682,0.0,0.0,0.0,0.0,0.0,0.0,15.813326197117547,1139.6555629264626,20.687604017864448,302.7106577576344,7.946729358776584
10,225.0,73.5584057086788,0.95,0.05,0.0,0.0,0.0,0.0,0.0,0.0,300.83,92.66,0.7479307249941828,0.7938528567739996,154.98431615588598,8.417657350913059,1129.2163871647988,33.75880643159677,0.9772235325412916,0.0227764674587083,0.0,0.0,0.0,0.0,0.0,0.0,0.1585701196037479,0.8414298803962521,0.0,0.0,0.0,0.0,0.0,0.0,13.701956378197078,0.9575309940614894,1.0,1.2242184005633767,0.0,0.0,0.0,0.0,0.0,0.0,15.813326197117547,1139.6555629264626,20.687604017864448,302.7106577576344,7.946729358776584
10,225.0,89.84356779812023,0.95,0.05,0.0,0.0,0.0,0.0,0.0,0.0,300.83,92.66,0.7479307249941828,0.9696046600271988,154.98431615588598,8.417657350913059,1126.6568648073649,37.04236734484625,0.9716871748865548,0.0283128251134452,0.0,0.0,0.0,0.0,0.0,0.0,0.1400397014853088,0.8599602985146912,0.0,0.0,0.0,0.0,0.0,0.0,13.240951747871094,0.9821951283932536,1.0000000000364877,1.202343661049236,0.0,0.0,0.0,0.0,0.0,0.0,15.813326197117547,1139.6555629264626,20.687604017864448,302.7106577576344,7.946729358776584
10,225.0,106.12872988756168,0.95,0.05,0.0,0.0,0.0,0.0,0.0,0.0,300.83,92.66,0.7479307249941828,1.145356463280398,154.98431615588598,8.417657350913059,1124.1101550243168,40.3430595080025,0.9661969488190622,0.0338030511809377,0.0,0.0,0.0,0.0,0.0,0.0,0.1275801458731033,0.8724198541268966,0.0,0.0,0.0,0.0,0.0,0.0,12.80189682729985,1.005648058364386,1.0000000000692628,1.1825363177015864,0.0,0.0,0.0,0.0,0.0,0.0,15.813326197117547,1139.6555629264626,20.687604017864448,302.7106577576344,7.946729358776584
10,225.0,122.41389197700312,0.95,0.05,0.0,0.0,0.0,0.0,0.0,0.0,300.83,92.66,0.7479307249941828,1.3211082665335974,154.98431615588598,8.417657350913059,1121.5762921040764,43.66182898647583,0.960752589135584,0.0392474108644159,0.0,0.0,0.0,0.0,0.0,0.0,0.118789528403003,0.881210471596997,0.0,0.0,0.0,0.0,0.0,0.0,12.383330695304837,1.0280139610617147,1.0,1.1645740747775737,0.0,0.0,0.0,0.0,0.0,0.0,15.813326197117547,1139.6555629264626,20.687604017864448,302.7106577576344,7.946729358776584
10,225.0,138.69905406644455,0.95,0.05,0.0,0.0,0.0,0.0,0.0,0.0,300.83,92.66,0.7479307249941828,1.4968600697867964,154.98431615588598,8.417657350913059,1119.05522600662,46.99877439562036,0.955353754688721,0.044646245311279,0.0,0.0,0.0,0.0,0.0,0.0,0.11238702536121,0.88761297463879,0.0,0.0,0.0,0.0,0.0,0.0,11.983925784186122,1.0494132671673733,1.0,1.1482706179988251,0.0,0.0,0.0,0.0,0.0,0.0,15.813326197117547,1139.6555629264626,20.687604017864448,302.7106577576344,7.946729358776584
10,225.0,154.98421615588595,0.95,0.05,0.0,0.0,0.0,0.0,0.0,0.0,300.83,92.66,0.7479307249941828,1.6726118730399957,154.98431615588598,8.417657350913059,1116.5468265510422,50.353319860589366,0.9500000320186144,0.0499999679813854,0.0,0.0,0.0,0.0,0.0,0.0,0.1076264107551915,0.8923735892448085,0.0,0.0,0.0,0.0,0.0,0.0,11.602450943611766,1.0699156452470384,1.0,1.1334622352667452,0.0,0.0,0.0,0.0,0.0,0.0,15.813326197117547,1139.6555629264626,20.687604017864448,302.7106577576344,7.946729358776584
10,230.0,10.192425026433447,0.95,0.05,0.0,0.0,0.0,0.0,0.0,0.0,300.83,92.66,0.7645514077718313,0.1099981116601926,145.24040847801632,10.192325026433448,1121.522701986154,24.997069982797544,0.9997785108370072,0.0002214891629927,0.0,0.0,0.0,0.0,0.0,0.0,0.9499918465731468,0.0500081534268531,0.0,0.0,0.0,0.0,0.0,0.0,14.505771026535673,0.886551164268294,1.0,1.290850687574732,0.0,0.0,0.0,0.0,0.0,0.0,14.52556748614066,1121.6270137216943,24.87830228106012,302.7106577576344,9.61137473881863
10,230.0,25.19774540994265,0.95,0.05,0.0,0.0,0.0,0.0,0.0,0.0,300.83,92.66,0.7645514077718313,0.2719376797964888,145.24040847801632,10.192325026433448,1118.8442709204894,28.130556995337653,0.994089189046136,0.0059108109538638,0.0,0.0,0.0,0.0,0.0,0.0,0.4327095962881107,0.5672904037118892,0.0,0.0,0.0,0.0,0.0,0.0,14.007400983882576,0.9143754717683472,1.0,1.2647456180758423,0.0,0.0,0.0,0.0,0.0,0.0,14.52556748614066,1121.6270137216943,24.87830228106012,302.7106577576344,9.61137473881863
10,230.0,40.20306579345186,0.95,0.05,0.0,0.0,0.0,0.0,0.0,0.0,300.83,92.66,0.7645514077718313,0.4338772479327851,145.24040847801632,10.192325026433448,1116.1756385416502,31.32144106854376,0.9884412151037562,0.0115587848962438,0.0,0.0,0.0,0.0,0.0,0.0,0.2951160723293431,0.7048839276706569,0.0,0.0,0.0,0.0,0.0,0.0,13.530774794318676,0.9412263298917444,1.0000000000019418,1.241416870944042,0.0,0.0,0.0,0.0,0.0,0.0,14.52556748614066,1121.6270137216943,24.87830228106012,302.7106577576344,9.61137473881863
10,230.0,55.20838617696107,0.95,0.05,0.0,0.0,0.0,0.0,0.0,0.0,300.83,92.66,0.7645514077718313,0.5958168160690813,145.24040847801632,10.192325026433448,1113.5142859285495,34.53171563181984,0.9828321579441704,0.0171678420558295,0.0,0.0,0.0,0.0,0.0,0.0,0.231955776028441,0.768044223971559,0.0,0.0,0.0,0.0,0.0,0.0,13.075366478201335,0.9670211768714824,1.0,1.2194998295401709,0.0,0.0,0.0,0.0,0.0,0.0,14.52556748614066,1121.6270137216943,24.87830228106012,302.7106577576344,9.61137473881863
10,230.0,85.21902694397949,0.95,0.05,0.0,0.0,0.0,0.0,0.0,0.0,300.83,92.66,0.7645514077718313,0.9196959523416738,145.24040847801632,10.192325026433448,1108.2153443383766,41.00964750018223,0.97173154907742,0.0282684509225801,0.0,0.0,0.0,0.0,0.0,0.0,0.1731564629833921,0.8268435370166078,0.0,0.0,0.0,0.0,0.0,0.0,12.22429801081034,1.015432400573807,1.0,1.1806495285629062,0.0,0.0,0.0,0.0,0.0,0.0,14.52556748614066,1121.6270137216943,24.87830228106012,302.7106577576344,9.61137473881863
10,230.0,100.22434732748869,0.95,0.05,0.0,0.0,0.0,0.0,0.0,0.0,300.83,92.66,0.7645514077718313,1.08163552047797,145.24040847801632,10.192325026433448,1105.578409548406,44.28168416895215,0.9662401084162048,0.033759891583795,0.0,0.0,0.0,0.0,0.0,0.0,0.1574915182989546,0.8425084817010454,0.0,0.0,0.0,0.0,0.0,0.0,11.826421040696898,1.0382061250999657,1.0,1.1636466197136843,0.0,0.0,0.0,0.0,0.0,0.0,14.52556748614066,1121.6270137216943,24.87830228106012,302.7106577576344,9.61137473881863
10,230.0,115.22966771099792,0.95,0.05,0.0,0.0,0.0,0.0,0.0,0.0,300.83,92.66,0.7645514077718313,1.2435750886142662,145.24040847801632,10.192325026433448,1102.9500827064169,47.57760508581793,0.9607878228401112,0.0392121771598886,0.0,0.0,0.0,0.0,0.0,0.0,0.1462619702763877,0.8537380297236123,0.0,0.0,0.0,0.0,0.0,0.0,11.44555910577636,1.0601237810123452,1.0000000000584626,1.1480842313509183,0.0,0.0,0.0,0.0,0.0,0.0,14.52556748614066,1121.6270137216943,24.87830228106012,302.7106577576344,9.61137473881863
10,230.0,130.23498809450712,0.95,0.05,0.0,0.0,0.0,0.0,0.0,0.0,300.83,92.66,0.7645514077718313,1.4055146567505623,145.24040847801632,10.192325026433448,1100.330450529348,50.89785882682337,0.955374538300468,0.0446254616995318,0.0,0.0,0.0,0.0,0.0,0.0,0.1379517384384994,0.8620482615615005,0.0,0.0,0.0,0.0,0.0,0.0,11.08071235130271,1.0812402460030328,1.0,1.133854044670946,0.0,0.0,0.0,0.0,0.0,0.0,14.52556748614066,1121.6270137216943,24.87830228106012,302.7106577576344,9.61137473881863
10,235.0,12.237543843204058,0.95,0.05,0.0,0.0,0.0,0.0,0.0,0.0,300.83,92.66,0.7811720905494798,0.1320693270365212,136.76886894565047,12.237443843204058,1102.726821296606,29.886473116485615,0.9997073351109402,0.0002926648890597,0.0,0.0,0.0,0.0,0.0,0.0,0.9499933536878746,0.0500066463121254,0.0,0.0,0.0,0.0,0.0,0.0,13.235629476151528,0.9319147410563176,1.0,1.2508256325189564,0.0,0.0,0.0,0.0,0.0,0.0,13.258875583506692,1102.8688895247462,29.73094022392497,302.7106577576344,11.525181126674264
10,235.0,26.07434663236477,0.95,0.05,0.0,0.0,0.0,0.0,0.0,0.0,300.83,92.66,0.7811720905494798,0.2813980858230603,136.76886894565047,12.237443843204058,1099.9812712103353,32.96761328664381,0.994050275147862,0.0059497248521381,0.0,0.0,0.0,0.0,0.0,0.0,0.4985004751671409,0.5014995248328592,0.0,0.0,0.0,0.0,0.0,0.0,12.794824359682275,0.9579757379579428,1.0,1.2290957068277215,0.0,0.0,0.0,0.0,0.0,0.0,13.258875583506692,1102.8688895247462,29.73094022392497,302.7106577576344,11.525181126674264
10,235.0,39.91114942152548,0.95,0.05,0.0,0.0,0.0,0.0,0.0,0.0,300.83,92.66,0.7811720905494798,0.4307268446095994,136.76886894565047,12.237443843204058,1097.2428935954513,36.11928867846992,0.98842920536713,0.0115707946328701,0.0,0.0,0.0,0.0,0.0,0.0,0.3527181606022687,0.6472818393977312,0.0,0.0,0.0,0.0,0.0,0.0,12.371476759179416,0.9832725600917692,1.0,1.2099667398974792,0.0,0.0,0.0,0.0,0.0,0.0,13.258875583506692,1102.8688895247462,29.73094022392497,302.7106577576344,11.525181126674264
10,235.0,53.747952210686186,0.95,0.05,0.0,0.0,0.0,0.0,0.0,0.0,300.83,92.66,0.7811720905494798,0.5800556033961385,136.76886894565047,12.237443843204058,1094.507892697946,39.30221053565632,0.9828407298437218,0.0171592701562781,0.0,0.0,0.0,0.0,0.0,0.0,0.2812401692253402,0.7187598307746598,0.0,0.0,0.0,0.0,0.0,0.0,11.965007977935224,1.00780072183884,1.0,1.1918485460791406,0.0,0.0,0.0,0.0,0.0,0.0,13.258875583506692,1102.8688895247462,29.73094022392497,302.7106577576344,11.525181126674264
10,235.0,67.5847549998469,0.95,0.05,0.0,0.0,0.0,0.0,0.0,0.0,300.83,92.66,0.7811720905494798,0.7293843621826774,136.76886894565047,12.237443843204058,1091.776573117813,42.51079667432474,0.977284927165152,0.022715072834848,0.0,0.0,0.0,0.0,0.0,0.0,0.2391457174181454,0.7608542825818545,0.0,0.0,0.0,0.0,0.0,0.0,11.57488135247596,1.031536080893206,1.0,1.1749278535738503,0.0,0.0,0.0,0.0,0.0,0.0,13.258875583506692,1102.8688895247462,29.73094022392497,302.7106577576344,11.525181126674264
10,235.0,81.42155778900761,0.95,0.05,0.0,0.0,0.0,0.0,0.0,0.0,300.83,92.66,0.7811720905494798,0.8787131209692166,136.76886894565047,12.237443843204058,1089.0493669773098,45.74580488449868,0.9717619859880472,0.0282380140119527,0.0,0.0,0.0,0.0,0.0,0.0,0.2116670481556568,0.7883329518443432,0.0,0.0,0.0,0.0,0.0,0.0,11.200365664393797,1.054507444494953,1.0,1.15922565094374,0.0,0.0,0.0,0.0,0.0,0.0,13.258875583506692,1102.8688895247462,29.73094022392497,302.7106577576344,11.525181126674264
10,235.0,95.25836057816832,0.95,0.05,0.0,0.0,0.0,0.0,0.0,0.0,300.83,92.66,0.7811720905494798,1.0280418797557558,136.76886894565047,12.237443843204058,1086.326613834328,49.00874403077916,0.966272017757047,0.033727982242953,0.0,0.0,0.0,0.0,0.0,0.0,0.1925219825719187,0.8074780174280813,0.0,0.0,0.0,0.0,0.0,0.0,10.840698965087036,1.0767856012991246,1.0,1.1447125261936664,0.0,0.0,0.0,0.0,0.0,0.0,13.258875583506692,1102.8688895247462,29.73094022392497,302.7106577576344,11.525181126674264
10,235.0,109.09516336732904,0.95,0.05,0.0,0.0,0.0,0.0,0.0,0.0,300.83,92.66,0.7811720905494798,1.1773706385422948,136.76886894565047,12.237443843204058,1083.6085675031702,52.30079289080896,0.9608150619703818,0.0391849380296181,0.0,0.0,0.0,0.0,0.0,0.0,0.1785827315577196,0.8214172684422804,0.0,0.0,0.0,0.0,0.0,0.0,10.495135534145843,1.0983869760468132,1.0,1.1313335335019985,0.0,0.0,0.0,0.0,0.0,0.0,13.258875583506692,1102.8688895247462,29.73094022392497,302.7106577576344,11.525181126674264
10,235.0,122.93196615648976,0.95,0.05,0.0,0.0,0.0,0.0,0.0,0.0,300.83,92.66,0.7811720905494798,1.326699397328834,136.76886894565047,12.237443843204058,1080.8954072144677,55.62260929920842,0.955391095249108,0.0446089047508921,0.0,0.0,0.0,0.0,0.0,0.0,0.1681157306140008,0.8318842693859992,0.0,0.0,0.0,0.0,0.0,0.0,10.162962591160804,1.1193857137111516,1.0,1.1190012266950735,0.0,0.0,0.0,0.0,0.0,0.0,13.258875583506692,1102.8688895247462,29.73094022392497,302.7106577576344,11.525181126674264
10,235.0,136.76876894565046,0.95,0.05,0.0,0.0,0.0,0.0,0.0,0.0,300.83,92.66,0.7811720905494798,1.476028156115373,136.76886894565047,12.237443843204058,1078.1872466568311,58.97434236902155,0.950000038701249,0.0499999612987509,0.0,0.0,0.0,0.0,0.0,0.0,0.1600819670378765,0.8399180329621234,0.0,0.0,0.0,0.0,0.0,0.0,9.843517732571542,1.1398112897839854,1.0,1.1076361493481002,0.0,0.0,0.0,0.0,0.0,0.0,13.258875583506692,1102.8688895247462,29.73094022392497,302.7106577576344,11.525181126674264
10,240.0,14.579571715908804,0.95,0.05,0.0,0.0,0.0,0.0,0.0,0.0,300.83,92.66,0.7977927733271283,0.1573448274973969,129.4267602168825,14.579471715908804,1083.0715143648424,35.54151350895099,0.9996153549499636,0.0003846450500362,0.0,0.0,0.0,0.0,0.0,0.0,0.9499945544432262,0.0500054455567737,0.0,0.0,0.0,0.0,0.0,0.0,11.987344357260774,0.9822655383736716,1.0,1.214309362078544,0.0,0.0,0.0,0.0,0.0,0.0,12.014498351825988,1083.263844328595,35.3375257790447,302.7106577576344,13.710780754884407
10,240.0,27.340359327128105,0.95,0.05,0.0,0.0,0.0,0.0,0.0,0.0,300.83,92.66,0.7977927733271283,0.2950610762694594,129.4267602168825,14.579471715908804,1080.2590355315183,38.590822351957065,0.9939904194592776,0.0060095805407225,0.0,0.0,0.0,0.0,0.0,0.0,0.5624322791040949,0.4375677208959051,0.0,0.0,0.0,0.0,0.0,0.0,11.597504176592166,1.0069656355117758,1.0,1.196143844330846,0.0,0.0,0.0,0.0,0.0,0.0,12.014498351825988,1083.263844328595,35.3375257790447,302.7106577576344,13.710780754884407
10,240.0,40.101146938347405,0.95,0.05,0.0,0.0,0.0,0.0,0.0,0.0,300.83,92.66,0.7977927733271283,0.4327773250415218,129.4267602168825,14.579471715908804,1077.4516912012095,41.71892444189346,0.9883968044238532,0.0116031955761468,0.0,0.0,0.0,0.0,0.0,0.0,0.4136380023982043,0.5863619976017959,0.0,0.0,0.0,0.0,0.0,0.0,11.221834744153748,1.031113202616303,1.0,1.180416032233336,0.0,0.0,0.0,0.0,0.0,0.0,12.014498351825988,1083.263844328595,35.3375257790447,302.7106577576344,13.710780754884407
10,240.0,52.86193454956671,0.95,0.05,0.0,0.0,0.0,0.0,0.0,0.0,300.83,92.66,0.7977927733271283,0.5704935738135842,129.4267602168825,14.579471715908804,1074.6444848566073,44.890518008269744,0.9828302814601912,0.0171697185398088,0.0,0.0,0.0,0.0,0.0,0.0,0.3354914451394241,0.6645085548605759,0.0,0.0,0.0,0.0,0.0,0.0,10.859669658310745,1.054711097770111,1.0,1.1655082239936494,0.0,0.0,0.0,0.0,0.0,0.0,12.014498351825988,1083.263844328595,35.3375257790447,302.7106577576344,13.710780754884407
10,240.0,65.62272216078601,0.95,0.05,0.0,0.0,0.0,0.0,0.0,0.0,300.83,92.66,0.7977927733271283,0.7082098225856466,129.4267602168825,14.579471715908804,1071.8373050142152,48.09619272968124,0.9772906208499342,0.0227093791500657,0.0,0.0,0.0,0.0,0.0,0.0,0.2876708927067316,0.7123291072932684,0.0,0.0,0.0,0.0,0.0,0.0,10.510659964954032,1.07774531482631,1.0,1.1514343260241282,0.0,0.0,0.0,0.0,0.0,0.0,12.014498351825988,1083.263844328595,35.3375257790447,302.7106577576344,13.710780754884407
10,240.0,78.38350977200531,0.95,0.05,0.0,0.0,0.0,0.0,0.0,0.0,300.83,92.66,0.7977927733271283,0.845926071357709,129.4267602168825,14.579471715908804,1069.0305073011475,51.33462430915264,0.9717779779930406,0.0282220220069594,0.0,0.0,0.0,0.0,0.0,0.0,0.2556467328133425,0.7443532671866575,0.0,0.0,0.0,0.0,0.0,0.0,10.174343506413514,1.100227334151476,1.0,1.1382550471191344,0.0,0.0,0.0,0.0,0.0,0.0,12.014498351825988,1083.263844328595,35.3375257790447,302.7106577576344,13.710780754884407
10,240.0,91.1442973832246,0.95,0.05,0.0,0.0,0.0,0.0,0.0,0.0,300.83,92.66,0.7977927733271283,0.9836423201297714,129.4267602168825,14.579471715908804,1066.2244488277552,54.60643839013253,0.966292511517592,0.033707488482408,0.0,0.0,0.0,0.0,0.0,0.0,0.2329021866278175,0.7670978133721825,0.0,0.0,0.0,0.0,0.0,0.0,9.85021119414329,1.1222045454966056,1.0,1.1259728211143516,0.0,0.0,0.0,0.0,0.0,0.0,12.014498351825988,1083.263844328595,35.3375257790447,302.7106577576344,13.710780754884407
10,240.0,103.90508499444392,0.95,0.05,0.0,0.0,0.0,0.0,0.0,0.0,300.83,92.66,0.7977927733271283,1.1213585689018335,129.4267602168825,14.579471715908804,1063.4194276738438,57.91253365611914,0.9608343331167616,0.0391656668832384,0.0,0.0,0.0,0.0,0.0,0.0,0.2160775513569306,0.7839224486430694,0.0,0.0,0.0,0.0,0.0,0.0,9.537744350035036,1.1436856951083088,1.0,1.1145559844040598,0.0,0.0,0.0,0.0,0.0,0.0,12.014498351825988,1083.263844328595,35.3375257790447,302.7106577576344,13.710780754884407
10,240.0,116.6658726056632,0.95,0.05,0.0,0.0,0.0,0.0,0.0,0.0,300.83,92.66,0.7977927733271283,1.2590748176738962,129.4267602168825,14.579471715908804,1060.6156803238182,61.25359469119783,0.9554035049916516,0.0445964950083483,0.0,0.0,0.0,0.0,0.0,0.0,0.2032639160453905,0.7967360839546095,0.0,0.0,0.0,0.0,0.0,0.0,9.236437947118956,1.1647095272863646,1.0,1.1039573934365543,0.0,0.0,0.0,0.0,0.0,0.0,12.014498351825988,1083.263844328595,35.3375257790447,302.7106577576344,13.710780754884407
10,240.0,129.4266602168825,0.95,0.05,0.0,0.0,0.0,0.0,0.0,0.0,300.83,92.66,0.7977927733271283,1.3967910664459584,129.4267602168825,14.579471715908804,1057.8133848358905,64.62995371757512,0.9500000420693926,0.0499999579306074,0.0,0.0,0.0,0.0,0.0,0.0,0.193295667805034,0.8067043321949661,0.0,0.0,0.0,0.0,0.0,0.0,8.945816753077985,1.1853249143260556,1.000000000022087,1.0941337995887064,0.0,0.0,0.0,0.0,0.0,0.0,12.014498351825988,1083.263844328595,35.3375257790447,302.7106577576344,13.710780754884407
10,245.0,17.24667318942905,0.95,0.05,0.0,0.0,0.0,0.0,0.0,0.0,300.83,92.66,0.8144134561047768,0.1861285688477126,123.0978685654898,17.24657318942905,1062.411759369333,42.07633284168822,0.9994964663478229,0.000503533652177,0.0,0.0,0.0,0.0,0.0,0.0,0.9499955197664994,0.0500044802335005,0.0,0.0,0.0,0.0,0.0,0.0,10.762387571718058,1.0386471227574476,1.0,1.1809240325918184,0.0,0.0,0.0,0.0,0.0,0.0,10.793959502416731,1062.6711211462375,41.80803719266337,302.7106577576344,16.191644196077288
10,245.0,29.007906008991355,0.95,0.05,0.0,0.0,0.0,0.0,0.0,0.0,300.83,92.66,0.8144134561047768,0.3130574790523565,123.0978685654898,17.24657318942905,1059.5312324916747,45.11377330590652,0.9939049536374014,0.0060950463625986,0.0,0.0,0.0,0.0,0.0,0.0,0.6226760669852218,0.3773239330147781,0.0,0.0,0.0,0.0,0.0,0.0,10.418010779936203,1.0624213584751652,1.0,1.1657531119381288,0.0,0.0,0.0,0.0,0.0,0.0,10.793959502416731,1062.6711211462375,41.80803719266337,302.7106577576344,16.191644196077288
10,245.0,40.76913882855367,0.95,0.05,0.0,0.0,0.0,0.0,0.0,0.0,300.83,92.66,0.8144134561047768,0.4399863892570005,123.0978685654898,17.24657318942905,1056.6540716737163,48.23341021209823,0.9883404215581132,0.0116595784418868,0.0,0.0,0.0,0.0,0.0,0.0,0.4762111543708572,0.5237888456291429,0.0,0.0,0.0,0.0,0.0,0.0,10.085250060448953,1.0857881685655186,1.0,1.1527883463959707,0.0,0.0,0.0,0.0,0.0,0.0,10.793959502416731,1062.6711211462375,41.80803719266337,302.7106577576344,16.191644196077288
10,245.0,52.53037164811596,0.95,0.05,0.0,0.0,0.0,0.0,0.0,0.0,300.83,92.66,0.8144134561047768,0.5669152994616443,123.0978685654898,17.24657318942905,1053.7743631970045,51.407811517273934,0.9827981122092004,0.0172018877907996,0.0,0.0,0.0,0.0,0.0,0.0,0.3937169547184367,0.6062830452815632,0.0,0.0,0.0,0.0,0.0,0.0,9.763362140522904,1.1087826669793808,1.0,1.140532156281289,0.0,0.0,0.0,0.0,0.0,0.0,10.793959502416731,1062.6711211462375,41.80803719266337,302.7106577576344,16.191644196077288
10,245.0,64.29160446767827,0.95,0.05,0.0,0.0,0.0,0.0,0.0,0.0,300.83,92.66,0.8144134561047768,0.6938442096662882,123.0978685654898,17.24657318942905,1050.8914216853957,54.62551676787088,0.9772773790800056,0.0227226209199944,0.0,0.0,0.0,0.0,0.0,0.0,0.3411264792687753,0.6588735207312247,0.0,0.0,0.0,0.0,0.0,0.0,9.452080343531074,1.131419039395265,1.0,1.12889568667233,0.0,0.0,0.0,0.0,0.0,0.0,10.793959502416731,1062.6711211462375,41.80803719266337,302.7106577576344,16.191644196077288
10,245.0,76.05283728724058,0.95,0.05,0.0,0.0,0.0,0.0,0.0,0.0,300.83,92.66,0.8144134561047768,0.8207731198709323,123.0978685654898,17.24657318942905,1048.0054001959086,57.88321141355893,0.9717782383568097,0.0282217616431903,0.0,0.0,0.0,0.0,0.0,0.0,0.3049209601269964,0.6950790398730036,0.0,0.0,0.0,0.0,0.0,0.0,9.151105247706086,1.1536797314788934,1.0,1.1179208354895938,0.0,0.0,0.0,0.0,0.0,0.0,10.793959502416731,1062.6711211462375,41.80803719266337,302.7106577576344,16.191644196077288
10,245.0,87.81407010680287,0.95,0.05,0.0,0.0,0.0,0.0,0.0,0.0,300.83,92.66,0.8144134561047768,0.947702030075576,123.0978685654898,17.24657318942905,1045.116593514354,61.18039480300927,0.9663008204846676,0.0336991795153324,0.0,0.0,0.0,0.0,0.0,0.0,0.2786709999455211,0.7213290000544789,0.0,0.0,0.0,0.0,0.0,0.0,8.860104967376579,1.1755947755517249,1.0,1.10761152069565,0.0,0.0,0.0,0.0,0.0,0.0,10.793959502416731,1062.6711211462375,41.80803719266337,302.7106577576344,16.191644196077288
10,245.0,99.57530292636518,0.95,0.05,0.0,0.0,0.0,0.0,0.0,0.0,300.83,92.66,0.8144134561047768,1.07463094028022,123.0978685654898,17.24657318942905,1042.2252915163776,64.51743566676143,0.9608452541775658,0.0391547458224341,0.0,0.0,0.0,0.0,0.0,0.0,0.2589276896275377,0.7410723103724622,0.0,0.0,0.0,0.0,0.0,0.0,8.578724897894663,1.197184819404476,1.0,1.097957752637972,0.0,0.0,0.0,0.0,0.0,0.0,10.793959502416731,1062.6711211462375,41.80803719266337,302.7106577576344,16.191644196077288
10,245.0,111.33653574592748,0.95,0.05,0.0,0.0,0.0,0.0,0.0,0.0,300.83,92.66,0.8144134561047768,1.201559850484864,123.0978685654898,17.24657318942905,1039.331746731128,67.89484702847042,0.9554116403920228,0.0445883596079771,0.0,0.0,0.0,0.0,0.0,0.0,0.2436742047171664,0.7563257952828335,0.0,0.0,0.0,0.0,0.0,0.0,8.306623687400219,1.2184683674129817,1.0,1.0889439266173446,0.0,0.0,0.0,0.0,0.0,0.0,10.793959502416731,1062.6711211462375,41.80803719266337,302.7106577576344,16.191644196077288
10,245.0,123.0977685654898,0.95,0.05,0.0,0.0,0.0,0.0,0.0,0.0,300.83,92.66,0.8144134561047768,1.328488760689508,123.0978685654898,17.24657318942905,1036.4361664847256,71.31300468460503,0.9500000457161272,0.0499999542838726,0.0,0.0,0.0,0.0,0.0,0.0,0.2316518302505155,0.7683481697494845,0.0,0.0,0.0,0.0,0.0,0.0,8.043438161756002,1.2394758041336218,1.0,1.0805383577668053,0.0,0.0,0.0,0.0,0.0,0.0,10.793959502416731,1062.6711211462375,41.80803719266337,302.7106577576344,16.191644196077288
10,250.0,20.26909783866455,0.95,0.05,0.0,0.0,0.0,0.0,0.0,0.0,300.83,92.66,0.8310341388824254,0.2187470088351451,117.68636585320668,20.26899783866455,1040.5694244157137,49.630929487551285,0.999342451227888,0.0006575487721119,0.0,0.0,0.0,0.0,0.0,0.0,0.949996302479558,0.050003697520442,0.0,0.0,0.0,0.0,0.0,0.0,9.56255513219648,1.1025499359527722,1.0,1.1503937985174706,0.0,0.0,0.0,0.0,0.0,0.0,9.599114364051816,1040.9186176418627,49.27650279185157,302.7106577576344,18.99215487266697
10,250.0,31.09322761805812,0.95,0.05,0.0,0.0,0.0,0.0,0.0,0.0,300.83,92.66,0.8310341388824254,0.3355625687249958,117.68636585320668,20.26899783866455,1037.6182981179602,52.67632575542215,0.9937873495578934,0.0062126504421066,0.0,0.0,0.0,0.0,0.0,0.0,0.6779044247085769,0.3220955752914231,0.0,0.0,0.0,0.0,0.0,0.0,9.259056277131489,1.1258077817574474,1.0,1.1377725174774536,0.0,0.0,0.0,0.0,0.0,0.0,9.599114364051816,1040.9186176418627,49.27650279185157,302.7106577576344,18.99215487266697
10,250.0,41.91735739745168,0.95,0.05,0.0,0.0,0.0,0.0,0.0,0.0,300.83,92.66,0.8310341388824254,0.4523781286148465,117.68636585320668,20.26899783866455,1034.6687179566309,55.80340360574888,0.9882548922783078,0.0117451077216922,0.0,0.0,0.0,0.0,0.0,0.0,0.5386718509054886,0.4613281490945112,0.0,0.0,0.0,0.0,0.0,0.0,8.965140885564981,1.1487788085150834,1.0,1.1270619258271914,0.0,0.0,0.0,0.0,0.0,0.0,9.599114364051816,1040.9186176418627,49.27650279185157,302.7106577576344,18.99215487266697
10,250.0,52.74148717684525,0.95,0.05,0.0,0.0,0.0,0.0,0.0,0.0,300.83,92.66,0.8310341388824254,0.5691936885046973,117.68636585320668,20.26899783866455,1031.714273594354,58.99432384447593,0.982740182577349,0.017259817422651,0.0,0.0,0.0,0.0,0.0,0.0,0.4546202109202937,0.5453797890797063,0.0,0.0,0.0,0.0,0.0,0.0,8.680046803642075,1.1715337677339277,1.0,1.1169997340081448,0.0,0.0,0.0,0.0,0.0,0.0,9.599114364051816,1040.9186176418627,49.27650279185157,302.7106577576344,18.99215487266697
10,250.0,63.56561695623882,0.95,0.05,0.0,0.0,0.0,0.0,0.0,0.0,300.83,92.66,0.8310341388824254,0.686009248394548,117.68636585320668,20.26899783866455,1028.7536447194989,62.23784674652413,0.977242142985398,0.022757857014602,0.0,0.0,0.0,0.0,0.0,0.0,0.3986911928419981,0.6013088071580018,0.0,0.0,0.0,0.0,0.0,0.0,8.403525551145576,1.1940755792021371,1.0,1.1074421238990737,0.0,0.0,0.0,0.0,0.0,0.0,9.599114364051816,1040.9186176418627,49.27650279185157,302.7106577576344,18.99215487266697
10,250.0,74.38974673563239,0.95,0.05,0.0,0.0,0.0,0.0,0.0,0.0,300.83,92.66,0.8310341388824254,0.8028248082843987,117.68636585320668,20.26899783866455,1025.7866682962251,65.52935335064625,0.9717605681568606,0.0282394318431393,0.0,0.0,0.0,0.0,0.0,0.0,0.3590305817690684,0.6409694182309317,0.0,0.0,0.0,0.0,0.0,0.0,8.135372056702762,1.2164223763385131,1.0,1.098374434807185,0.0,0.0,0.0,0.0,0.0,0.0,9.599114364051816,1040.9186176418627,49.27650279185157,302.7106577576344,18.99215487266697
10,250.0,85.21387651502596,0.95,0.05,0.0,0.0,0.0,0.0,0.0,0.0,300.83,92.66,0.8310341388824254,0.9196403681742495,117.68636585320668,20.26899783866455,1022.8134869683928,68.86728849006681,0.9662954855786092,0.0337045144213909,0.0,0.0,0.0,0.0,0.0,0.0,0.3296311739107675,0.6703688260892324,0.0,0.0,0.0,0.0,0.0,0.0,7.875361830552882,1.2385721248256212,1.0,1.0898043871968406,0.0,0.0,0.0,0.0,0.0,0.0,9.599114364051816,1040.9186176418627,49.27650279185157,302.7106577576344,18.99215487266697
10,250.0,96.03800629441952,0.95,0.05,0.0,0.0,0.0,0.0,0.0,0.0,300.83,92.66,0.8310341388824254,1.0364559280641,117.68636585320668,20.26899783866455,1019.8343171253664,72.2513830079036,0.9608469809029848,0.0391530190970153,0.0,0.0,0.0,0.0,0.0,0.0,0.3071243474930364,0.6928756525069636,0.0,0.0,0.0,0.0,0.0,0.0,7.623273187931487,1.2605429438718312,1.0,1.0817344949469665,0.0,0.0,0.0,0.0,0.0,0.0,9.599114364051816,1040.9186176418627,49.27650279185157,302.7106577576344,18.99215487266697
10,250.0,106.86213607381308,0.95,0.05,0.0,0.0,0.0,0.0,0.0,0.0,300.83,92.66,0.8310341388824254,1.153271487953951,117.68636585320668,20.26899783866455,1016.8493781325836,75.68183506729933,0.9554151443133124,0.0445848556866874,0.0,0.0,0.0,0.0,0.0,0.0,0.2894744725153605,0.7105255274846395,0.0,0.0,0.0,0.0,0.0,0.0,7.378861401011362,1.2823625501176736,1.0,1.0741553829075754,0.0,0.0,0.0,0.0,0.0,0.0,9.599114364051816,1040.9186176418627,49.27650279185157,302.7106577576344,18.99215487266697
10,250.0,117.68626585320666,0.95,0.05,0.0,0.0,0.0,0.0,0.0,0.0,300.83,92.66,0.8310341388824254,1.2700870478438018,117.68636585320668,20.26899783866455,1013.8588652327638,79.15893622798366,0.95000004970069,0.0499999502993099,0.0,0.0,0.0,0.0,0.0,0.0,0.275378561623557,0.724621438376443,0.0,0.0,0.0,0.0,0.0,0.0,7.141894918290857,1.3040143352107785,1.0,1.0670549742581756,0.0,0.0,0.0,0.0,0.0,0.0,9.599114364051816,1040.9186176418627,49.27650279185157,302.7106577576344,18.99215487266697
10,255.0,23.67974474507937,0.95,0.05,0.0,0.0,0.0,0.0,0.0,0.0,300.83,92.66,0.8476548216600739,0.2555551990619401,113.1117727502116,23.67964474507937,1017.3207902300386,58.38104020157728,0.9991420018081796,0.0008579981918203,0.0,0.0,0.0,0.0,0.0,0.0,0.9499969423703638,0.0500030576296361,0.0,0.0,0.0,0.0,0.0,0.0,8.390042807384132,1.1759567504260546,1.0,1.1224959987924994,0.0,0.0,0.0,0.0,0.0,0.0,8.432227805466914,1017.7913832278248,57.90987351738985,302.7106577576344,22.13772066860631
10,255.0,33.61662563453851,0.95,0.05,0.0,0.0,0.0,0.0,0.0,0.0,300.83,92.66,0.8476548216600739,0.3627954417714063,113.1117727502116,23.67964474507937,1014.2948279750784,61.45448492398834,0.993628380559389,0.006371619440611,0.0,0.0,0.0,0.0,0.0,0.0,0.7273357250336344,0.2726642749663654,0.0,0.0,0.0,0.0,0.0,0.0,8.123608865953203,1.1991191715252996,1.0,1.112075022746432,0.0,0.0,0.0,0.0,0.0,0.0,8.432227805466914,1017.7913832278248,57.90987351738985,302.7106577576344,22.13772066860631
10,255.0,43.55350652399764,0.95,0.05,0.0,0.0,0.0,0.0,0.0,0.0,300.83,92.66,0.8476548216600739,0.4700356844808724,113.1117727502116,23.67964474507937,1011.2682370206766,64.60667171403823,0.9881327960742076,0.0118672039257924,0.0,0.0,0.0,0.0,0.0,0.0,0.5993370356593034,0.4006629643406965,0.0,0.0,0.0,0.0,0.0,0.0,7.865096910776831,1.2221163156283772,1.0,1.1032282240294282,0.0,0.0,0.0,0.0,0.0,0.0,8.432227805466914,1017.7913832278248,57.90987351738985,302.7106577576344,22.13772066860631
10,255.0,53.49038741345677,0.95,0.05,0.0,0.0,0.0,0.0,0.0,0.0,300.83,92.66,0.8476548216600739,0.5772759271903386,113.1117727502116,23.67964474507937,1008.2345710707896,67.82896317790342,0.9826505944616124,0.0173494055383875,0.0,0.0,0.0,0.0,0.0,0.0,0.5167037575800963,0.4832962424199035,0.0,0.0,0.0,0.0,0.0,0.0,7.613794710494665,1.2450242355661267,1.0,1.094998072318423,0.0,0.0,0.0,0.0,0.0,0.0,8.432227805466914,1017.7913832278248,57.90987351738985,302.7106577576344,22.13772066860631
10,255.0,63.42726830291591,0.95,0.05,0.0,0.0,0.0,0.0,0.0,0.0,300.83,92.66,0.8476548216600739,0.6845161698998048,113.1117727502116,23.67964474507937,1005.1919260117506,71.11236193634396,0.977180346673372,0.022819653326628,0.0,0.0,0.0,0.0,0.0,0.0,0.4592529114316097,0.5407470885683903,0.0,0.0,0.0,0.0,0.0,0.0,7.369449793088174,1.2678655826977676,1.0,1.0871908831667,0.0,0.0,0.0,0.0,0.0,0.0,8.432227805466914,1017.7913832278248,57.90987351738985,302.7106577576344,22.13772066860631
10,255.0,73.36414919237504,0.95,0.05,0.0,0.0,0.0,0.0,0.0,0.0,300.83,92.66,0.8476548216600739,0.7917564126092709,113.1117727502116,23.67964474507937,1002.1397478254236,74.45204041046496,0.9717215859672432,0.0282784140327568,0.0,0.0,0.0,0.0,0.0,0.0,0.4172214919722755,0.5827785080277246,0.0,0.0,0.0,0.0,0.0,0.0,7.131901884501395,1.2906575121968664,1.0,1.079770228078132,0.0,0.0,0.0,0.0,0.0,0.0,8.432227805466914,1017.7913832278248,57.90987351738985,302.7106577576344,22.13772066860631
10,255.0,83.30103008183418,0.95,0.05,0.0,0.0,0.0,0.0,0.0,0.0,300.83,92.66,0.8476548216600739,0.8989966553187372,113.1117727502116,23.67964474507937,999.0779416401568,77.84581451825038,0.9662741753948636,0.0337258246051363,0.0,0.0,0.0,0.0,0.0,0.0,0.385318453864034,0.6146815461359659,0.0,0.0,0.0,0.0,0.0,0.0,6.900996599467394,1.3134074093854473,1.0,1.072731762624547,0.0,0.0,0.0,0.0,0.0,0.0,8.432227805466914,1017.7913832278248,57.90987351738985,302.7106577576344,22.13772066860631
10,255.0,93.23791097129332,0.95,0.05,0.0,0.0,0.0,0.0,0.0,0.0,300.83,92.66,0.8476548216600739,1.0062368980282037,113.1117727502116,23.67964474507937,996.006578260888,81.29288633734453,0.9608380989649918,0.0391619010350081,0.0,0.0,0.0,0.0,0.0,0.0,0.3604290968841539,0.639570903115846,0.0,0.0,0.0,0.0,0.0,0.0,6.6765836632122815,1.3361257303629792,1.0,1.066073310450511,0.0,0.0,0.0,0.0,0.0,0.0,8.432227805466914,1017.7913832278248,57.90987351738985,302.7106577576344,22.13772066860631
10,255.0,103.17479186075246,0.95,0.05,0.0,0.0,0.0,0.0,0.0,0.0,300.83,92.66,0.8476548216600739,1.1134771407376696,113.1117727502116,23.67964474507937,992.9257815456144,84.79313435442167,0.9554133811389466,0.0445866188610535,0.0,0.0,0.0,0.0,0.0,0.0,0.3406007416086394,0.6593992583913606,0.0,0.0,0.0,0.0,0.0,0.0,6.458520096523443,1.3588174003131528,1.0,1.0597967835678488,0.0,0.0,0.0,0.0,0.0,0.0,8.432227805466914,1017.7913832278248,57.90987351738985,302.7106577576344,22.13772066860631
10,255.0,113.11167275021158,0.95,0.05,0.0,0.0,0.0,0.0,0.0,0.0,300.83,92.66,0.8476548216600739,1.2207173834471357,113.1117727502116,23.67964474507937,989.8356833222334,88.34671292697456,0.9500000543626156,0.0499999456373843,0.0,0.0,0.0,0.0,0.0,0.0,0.3245469370790413,0.6754530629209585,0.0,0.0,0.0,0.0,0.0,0.0,6.246612295075903,1.38149357342079,1.0,1.0538926601756042,0.0,0.0,0.0,0.0,0.0,0.0,8.432227805466914,1017.7913832278248,57.90987351738985,302.7106577576344,22.13772066860631
10,260.0,27.51502022993153,0.95,0.05,0.0,0.0,0.0,0.0,0.0,0.0,300.83,92.66,0.8642755044377224,0.2969460417648557,109.30466743726038,27.514920229931526,992.3776185507752,68.55326813785778,0.9988791384898869,0.0011208615101131,0.0,0.0,0.0,0.0,0.0,0.0,0.9499974697502784,0.0500025302497215,0.0,0.0,0.0,0.0,0.0,0.0,7.247556087452933,1.2616795914443508,1.0,1.0970520533710912,0.0,0.0,0.0,0.0,0.0,0.0,7.296085655146154,993.0143761526203,67.92140682303575,302.7106577576344,25.654931900849267
10,260.0,36.60274769741251,0.95,0.05,0.0,0.0,0.0,0.0,0.0,0.0,300.83,92.66,0.8642755044377224,0.3950220990439511,109.30466743726038,27.514920229931526,989.2704604252942,71.67566542893648,0.9934147457831484,0.0065852542168517,0.0,0.0,0.0,0.0,0.0,0.0,0.7706853762528845,0.2293146237471154,0.0,0.0,0.0,0.0,0.0,0.0,7.015032662961477,1.2852206270565845,1.0,1.0885597314463502,0.0,0.0,0.0,0.0,0.0,0.0,7.296085655146154,993.0143761526203,67.92140682303575,302.7106577576344,25.654931900849267
10,260.0,45.69047516489349,0.95,0.05,0.0,0.0,0.0,0.0,0.0,0.0,300.83,92.66,0.8642755044377224,0.4930981563230465,109.30466743726038,27.514920229931526,986.1598598733174,74.87307744243864,0.9879632907426922,0.0120367092573078,0.0,0.0,0.0,0.0,0.0,0.0,0.6567662415444367,0.3432337584555632,0.0,0.0,0.0,0.0,0.0,0.0,6.789041190638634,1.3087227774634762,1.0,1.0813004300362534,0.0,0.0,0.0,0.0,0.0,0.0,7.296085655146154,993.0143761526203,67.92140682303575,302.7106577576344,25.654931900849267
10,260.0,54.77820263237447,0.95,0.05,0.0,0.0,0.0,0.0,0.0,0.0,300.83,92.66,0.8642755044377224,0.591174213602142,109.30466743726038,27.514920229931526,983.0397394390892,78.14421808266766,0.9825206532654944,0.0174793467345055,0.0,0.0,0.0,0.0,0.0,0.0,0.578404719311431,0.4215952806885689,0.0,0.0,0.0,0.0,0.0,0.0,6.568968021305675,1.3322593254647737,1.0,1.074609024212316,0.0,0.0,0.0,0.0,0.0,0.0,7.296085655146154,993.0143761526203,67.92140682303575,302.7106577576344,25.654931900849267
10,260.0,63.86593009985546,0.95,0.05,0.0,0.0,0.0,0.0,0.0,0.0,300.83,92.66,0.8642755044377224,0.6892502708812375,109.30466743726038,27.514920229931526,979.9077571766792,81.48354337538834,0.9770851955353465,0.0229148044646535,0.0,0.0,0.0,0.0,0.0,0.0,0.5214798625663541,0.4785201374336459,0.0,0.0,0.0,0.0,0.0,0.0,6.354569362791345,1.3558836009815936,1.000000000048743,1.0682877874198289,0.0,0.0,0.0,0.0,0.0,0.0,7.296085655146154,993.0143761526203,67.92140682303575,302.7106577576344,25.654931900849267
10,260.0,72.95365756733644,0.95,0.05,0.0,0.0,0.0,0.0,0.0,0.0,300.83,92.66,0.8642755044377224,0.7873263281603328,109.30466743726038,27.514920229931526,976.7629490122758,84.8871715697064,0.971656198657947,0.0283438013420531,0.0,0.0,0.0,0.0,0.0,0.0,0.4784659576899723,0.5215340423100278,0.0,0.0,0.0,0.0,0.0,0.0,6.145687128679319,1.3795780376217928,1.0,1.062286184868679,0.0,0.0,0.0,0.0,0.0,0.0,7.296085655146154,993.0143761526203,67.92140682303575,302.7106577576344,25.654931900849267
10,260.0,82.04138503481742,0.95,0.05,0.0,0.0,0.0,0.0,0.0,0.0,300.83,92.66,0.8642755044377224,0.8854023854394283,109.30466743726038,27.514920229931526,973.604917889014,88.35296293863989,0.9662333241877442,0.0337666758122558,0.0,0.0,0.0,0.0,0.0,0.0,0.4449917482546553,0.5550082517453447,0.0,0.0,0.0,0.0,0.0,0.0,5.942232100086204,1.403385525989328,1.0,1.0565877787684728,0.0,0.0,0.0,0.0,0.0,0.0,7.296085655146154,993.0143761526203,67.92140682303575,302.7106577576344,25.654931900849267
10,260.0,91.1291125022984,0.95,0.05,0.0,0.0,0.0,0.0,0.0,0.0,300.83,92.66,0.8642755044377224,0.9834784427185238,109.30466743726038,27.514920229931526,970.4335135488784,91.87995065637516,0.9608164009882678,0.0391835990117322,0.0,0.0,0.0,0.0,0.0,0.0,0.4183467201287995,0.5816532798712004,0.0,0.0,0.0,0.0,0.0,0.0,5.744085762486988,1.4273075830412545,1.0,1.0511886325868705,0.0,0.0,0.0,0.0,0.0,0.0,7.296085655146154,993.0143761526203,67.92140682303575,302.7106577576344,25.654931900849267
10,260.0,100.2168399697794,0.95,0.05,0.0,0.0,0.0,0.0,0.0,0.0,300.83,92.66,0.8642755044377224,1.0815544999976192,109.30466743726038,27.514920229931526,967.2486957502392,95.4678501241902,0.9554053339120572,0.0445946660879428,0.0,0.0,0.0,0.0,0.0,0.0,0.3967614817700927,0.6032385182299074,0.0,0.0,0.0,0.0,0.0,0.0,5.551144550025076,1.45135404825798,1.0,1.0460869086483855,0.0,0.0,0.0,0.0,0.0,0.0,7.296085655146154,993.0143761526203,67.92140682303575,302.7106577576344,25.654931900849267
10,260.0,109.30456743726036,0.95,0.05,0.0,0.0,0.0,0.0,0.0,0.0,300.83,92.66,0.8642755044377224,1.1796305572767147,109.30466743726038,27.514920229931526,964.0504681038542,99.11674676597752,0.9500000593673892,0.0499999406326109,0.0,0.0,0.0,0.0,0.0,0.0,0.3790320939094149,0.620967906090585,0.0,0.0,0.0,0.0,0.0,0.0,5.363312605298414,1.4755362379208627,1.0,1.0412820585890283,0.0,0.0,0.0,0.0,0.0,0.0,7.296085655146154,993.0143761526203,67.92140682303575,302.7106577576344,25.654931900849267
10,265.0,31.816185514988742,0.95,0.05,0.0,0.0,0.0,0.0,0.0,0.0,300.83,92.66,0.8808961872153709,0.3433648339627535,106.2025558056929,31.816085514988742,965.3571794243096,80.44926943824842,0.9985305219058308,0.0014694780941691,0.0,0.0,0.0,0.0,0.0,0.0,0.9499979079968324,0.0500020920031675,0.0,0.0,0.0,0.0,0.0,0.0,6.138471545320953,1.363823605601641,1.0,1.0739693584319163,0.0,0.0,0.0,0.0,0.0,0.0,6.194157229336726,966.2255774553212,79.59167899763797,302.7106577576344,29.571779036695137
10,265.0,40.08132665840032,0.95,0.05,0.0,0.0,0.0,0.0,0.0,0.0,300.83,92.66,0.8808961872153709,0.4325634217396969,106.2025558056929,31.816085514988742,962.1596270166727,83.64313095582729,0.9931267241409256,0.0068732758590744,0.0,0.0,0.0,0.0,0.0,0.0,0.8080619061061008,0.1919380938938991,0.0,0.0,0.0,0.0,0.0,0.0,5.937279513338706,1.3883257486540714,1.0,1.0671798217402313,0.0,0.0,0.0,0.0,0.0,0.0,6.194157229336726,966.2255774553212,79.59167899763797,302.7106577576344,29.571779036695137
10,265.0,48.34646780181188,0.95,0.05,0.0,0.0,0.0,0.0,0.0,0.0,300.83,92.66,0.8808961872153709,0.5217620095166402,106.2025558056929,31.816085514988742,958.9548880609984,86.90897436650486,0.9877300920590786,0.0122699079409214,0.0,0.0,0.0,0.0,0.0,0.0,0.7098688576349527,0.2901311423650473,0.0,0.0,0.0,0.0,0.0,0.0,5.74143235038593,1.4129295962419002,1.0,1.0613149138444682,0.0,0.0,0.0,0.0,0.0,0.0,6.194157229336726,966.2255774553212,79.59167899763797,302.7106577576344,29.571779036695137
10,265.0,56.61160894522346,0.95,0.05,0.0,0.0,0.0,0.0,0.0,0.0,300.83,92.66,0.8808961872153709,0.6109605972935837,106.2025558056929,31.816085514988742,955.737537792236,90.25041235341854,0.9823371947317944,0.0176628052682056,0.0,0.0,0.0,0.0,0.0,0.0,0.6382398384978023,0.3617601615021976,0.0,0.0,0.0,0.0,0.0,0.0,5.550444498762406,1.4377088745304447,1.0,1.0559381241763726,0.0,0.0,0.0,0.0,0.0,0.0,6.194157229336726,966.2255774553212,79.59167899763797,302.7106577576344,29.571779036695137
10,265.0,64.87675008863503,0.95,0.05,0.0,0.0,0.0,0.0,0.0,0.0,300.83,92.66,0.8808961872153709,0.7001591850705271,106.2025558056929,31.816085514988742,952.5049856903462,93.66559036026918,0.9769463384599452,0.0230536615400548,0.0,0.0,0.0,0.0,0.0,0.0,0.5839260092163251,0.4160739907836747,0.0,0.0,0.0,0.0,0.0,0.0,5.364089305776152,1.462703446318357,1.0,1.0508936294076934,0.0,0.0,0.0,0.0,0.0,0.0,6.194157229336726,966.2255774553212,79.59167899763797,302.7106577576344,29.571779036695137
10,265.0,73.1418912320466,0.95,0.05,0.0,0.0,0.0,0.0,0.0,0.0,300.83,92.66,0.8808961872153709,0.7893577728474704,106.2025558056929,31.816085514988742,949.25589464744,97.15241864596928,0.97155660013211,0.02844339986789,0.0,0.0,0.0,0.0,0.0,0.0,0.5415193564245151,0.4584806435754848,0.0,0.0,0.0,0.0,0.0,0.0,5.18223107084078,1.4879430585206983,1.0,1.0461221870464914,0.0,0.0,0.0,0.0,0.0,0.0,6.194157229336726,966.2255774553212,79.59167899763797,302.7106577576344,29.571779036695137
10,265.0,81.40703237545817,0.95,0.05,0.0,0.0,0.0,0.0,0.0,0.0,300.83,92.66,0.8808961872153709,0.8785563606244137,106.2025558056929,31.816085514988742,945.9895260634404,100.70954341224828,0.9661674261429116,0.0338325738570883,0.0,0.0,0.0,0.0,0.0,0.0,0.5076516610823264,0.4923483389176736,0.0,0.0,0.0,0.0,0.0,0.0,5.004794778520743,1.5134337259466522,1.0,1.0416013967988218,0.0,0.0,0.0,0.0,0.0,0.0,6.194157229336726,966.2255774553212,79.59167899763797,302.7106577576344,29.571779036695137
10,265.0,89.67217351886976,0.95,0.05,0.0,0.0,0.0,0.0,0.0,0.0,300.83,92.66,0.8808961872153709,0.9677549484013572,106.2025558056929,31.816085514988742,942.7054430025064,104.3363269541924,0.9607784502304204,0.0392215497695796,0.0,0.0,0.0,0.0,0.0,0.0,0.4801177158474239,0.5198822841525761,0.0,0.0,0.0,0.0,0.0,0.0,4.831694551100752,1.5392160656871412,1.0,1.0373255124607703,0.0,0.0,0.0,0.0,0.0,0.0,6.194157229336726,966.2255774553212,79.59167899763797,302.7106577576344,29.571779036695137
10,265.0,97.93731466228132,0.95,0.05,0.0,0.0,0.0,0.0,0.0,0.0,300.83,92.66,0.8808961872153709,1.0569535361783005,106.2025558056929,31.816085514988742,939.4033629722268,108.03266299538868,0.9553894028210268,0.0446105971789733,0.0,0.0,0.0,0.0,0.0,0.0,0.4574141038082939,0.542585896191706,0.0,0.0,0.0,0.0,0.0,0.0,4.662859206480316,1.5652928851046468,1.0,1.0332889605166202,0.0,0.0,0.0,0.0,0.0,0.0,6.194157229336726,966.2255774553212,79.59167899763797,302.7106577576344,29.571779036695137
10,265.0,106.20245580569288,0.95,0.05,0.0,0.0,0.0,0.0,0.0,0.0,300.83,92.66,0.8808961872153709,1.146152123955244,106.2025558056929,31.816085514988742,936.0830837270706,111.79878007039194,0.9500000651839392,0.0499999348160608,0.0,0.0,0.0,0.0,0.0,0.0,0.4384808940430018,0.5615191059569982,0.0,0.0,0.0,0.0,0.0,0.0,4.498231926345755,1.591697800391691,1.0000000000269438,1.029491646662239,0.0,0.0,0.0,0.0,0.0,0.0,6.194157229336726,966.2255774553212,79.59167899763797,302.7106577576344,29.571779036695137
10,270.0,36.6315805771534,0.95,0.05,0.0,0.0,0.0,0.0,0.0,0.0,300.83,92.66,0.8975168699930194,0.3953332676144334,103.745126530115,36.6314805771534,935.732262415427,94.48655168364895,0.9980606166160836,0.0019393833839163,0.0,0.0,0.0,0.0,0.0,0.0,0.9499982754101856,0.0500017245898144,0.0,0.0,0.0,0.0,0.0,0.0,5.067084263392834,1.4887170740648643,1.0,1.0532385890662337,0.0,0.0,0.0,0.0,0.0,0.0,5.130843724671824,936.9320241360858,93.30322734807504,302.7106577576344,33.91794976874195
10,270.0,44.08863012748247,0.95,0.05,0.0,0.0,0.0,0.0,0.0,0.0,300.83,92.66,0.8975168699930194,0.4758108151034154,103.745126530115,36.6314805771534,932.431126677439,97.77718229296784,0.9927339480625802,0.0072660519374198,0.0,0.0,0.0,0.0,0.0,0.0,0.8398460417830313,0.1601539582169687,0.0,0.0,0.0,0.0,0.0,0.0,4.895160176002779,1.5149484212068955,1.0,1.0479683668297173,0.0,0.0,0.0,0.0,0.0,0.0,5.130843724671824,936.9320241360858,93.30322734807504,302.7106577576344,33.91794976874195
10,270.0,51.545679677811535,0.95,0.05,0.0,0.0,0.0,0.0,0.0,0.0,300.83,92.66,0.8975168699930194,0.5562883625923973,103.745126530115,36.6314805771534,929.117770542929,101.1386573110095,0.9874078274310976,0.0125921725689025,0.0,0.0,0.0,0.0,0.0,0.0,0.7579476667942631,0.242052333205737,0.0,0.0,0.0,0.0,0.0,0.0,4.727555383110707,1.5414522466823328,1.0,1.043351495896447,0.0,0.0,0.0,0.0,0.0,0.0,5.130843724671824,936.9320241360858,93.30322734807504,302.7106577576344,33.91794976874195
10,270.0,59.0027292281406,0.95,0.05,0.0,0.0,0.0,0.0,0.0,0.0,300.83,92.66,0.8975168699930194,0.6367659100813792,103.745126530115,36.6314805771534,925.7875495133322,104.57717744771908,0.9820795217002244,0.0179204782997756,0.0,0.0,0.0,0.0,0.0,0.0,0.6949345857409079,0.3050654142590921,0.0,0.0,0.0,0.0,0.0,0.0,4.563913940051652,1.5682925412379165,1.0,1.0391385993621756,0.0,0.0,0.0,0.0,0.0,0.0,5.130843724671824,936.9320241360858,93.30322734807504,302.7106577576344,33.91794976874195
10,270.0,66.45977877846967,0.95,0.05,0.0,0.0,0.0,0.0,0.0,0.0,300.83,92.66,0.8975168699930194,0.7172434575703612,103.745126530115,36.6314805771534,922.4377969814432,108.09403005064073,0.976747392665168,0.023252607334832,0.0,0.0,0.0,0.0,0.0,0.0,0.6451568482031145,0.3548431517968856,0.0,0.0,0.0,0.0,0.0,0.0,4.404055168415196,1.595527188059289,1.0,1.035214293693033,0.0,0.0,0.0,0.0,0.0,0.0,5.130843724671824,936.9320241360858,93.30322734807504,302.7106577576344,33.91794976874195
10,270.0,73.91682832879873,0.95,0.05,0.0,0.0,0.0,0.0,0.0,0.0,300.83,92.66,0.8975168699930194,0.7977210050593431,103.745126530115,36.6314805771534,919.0668644152404,111.68928000303748,0.9714103662269176,0.0285896337730823,0.0,0.0,0.0,0.0,0.0,0.0,0.60501076661302,0.39498923338698,0.0,0.0,0.0,0.0,0.0,0.0,4.247861181800191,1.623178411233915,1.0,1.0315285587604175,0.0,0.0,0.0,0.0,0.0,0.0,5.130843724671824,936.9320241360858,93.30322734807504,302.7106577576344,33.91794976874195
10,270.0,81.3738778791278,0.95,0.05,0.0,0.0,0.0,0.0,0.0,0.0,300.83,92.66,0.8975168699930194,0.8781985525483251,103.745126530115,36.6314805771534,915.6736544751982,115.36292087640848,0.9660676737621476,0.0339323262378524,0.0,0.0,0.0,0.0,0.0,0.0,0.572092501738086,0.4279074982619139,0.0,0.0,0.0,0.0,0.0,0.0,4.095256805571875,1.6512838071734308,1.0,1.0280574189329066,0.0,0.0,0.0,0.0,0.0,0.0,5.130843724671824,936.9320241360858,93.30322734807504,302.7106577576344,33.91794976874195
10,270.0,88.83092742945686,0.95,0.05,0.0,0.0,0.0,0.0,0.0,0.0,300.83,92.66,0.8975168699930194,0.958676100037307,103.745126530115,36.6314805771534,912.2573799671848,119.11517796794608,0.9607187182890776,0.0392812817109224,0.0,0.0,0.0,0.0,0.0,0.0,0.5447385507482843,0.4552614492517158,0.0,0.0,0.0,0.0,0.0,0.0,3.9461861098421127,1.6798618155237317,1.0,1.0247921479466144,0.0,0.0,0.0,0.0,0.0,0.0,5.130843724671824,936.9320241360858,93.30322734807504,302.7106577576344,33.91794976874195
10,270.0,96.28797697978592,0.95,0.05,0.0,0.0,0.0,0.0,0.0,0.0,300.83,92.66,0.8975168699930194,1.0391536475262888,103.745126530115,36.6314805771534,908.817429613557,122.9465574310693,0.9553629996152874,0.0446370003847126,0.0,0.0,0.0,0.0,0.0,0.0,0.521761887784327,0.4782381122156731,0.0,0.0,0.0,0.0,0.0,0.0,3.800601236827119,1.7089600429188914,1.0,1.021728334195555,0.0,0.0,0.0,0.0,0.0,0.0,5.130843724671824,936.9320241360858,93.30322734807504,302.7106577576344,33.91794976874195
10,270.0,103.745026530115,0.95,0.05,0.0,0.0,0.0,0.0,0.0,0.0,300.83,92.66,0.8975168699930194,1.1196311950152709,103.745126530115,36.6314805771534,905.3532923482292,126.8577828373529,0.9500000719258824,0.0499999280741174,0.0,0.0,0.0,0.0,0.0,0.0,0.5022930999668473,0.4977069000331527,0.0,0.0,0.0,0.0,0.0,0.0,3.658461513176898,1.7385759446072782,1.0,1.01886377916396,0.0,0.0,0.0,0.0,0.0,0.0,5.130843724671824,936.9320241360858,93.30322734807504,302.7106577576344,33.91794976874195
10,275.0,42.02055045809896,0.95,0.05,0.0,0.0,0.0,0.0,0.0,0.0,300.83,92.66,0.914137552770668,0.4534918029149467,101.86758015295236,42.02045045809896,902.7421428905222,111.27213092093209,0.9974123346334878,0.0025876653665122,0.0,0.0,0.0,0.0,0.0,0.0,0.949998586636176,0.0500014133638239,0.0,0.0,0.0,0.0,0.0,0.0,4.03900943673455,1.6467311124498238,1.0,1.034971102621067,0.0,0.0,0.0,0.0,0.0,0.0,4.11187312512685,904.4335281070778,109.60126774294156,302.7106577576344,38.72523437118672
10,275.0,48.67020931308267,0.95,0.05,0.0,0.0,0.0,0.0,0.0,0.0,300.83,92.66,0.914137552770668,0.525255874304799,101.86758015295236,42.02045045809896,899.3183624796449,114.6894071951996,0.9921872172882474,0.0078127827117525,0.0,0.0,0.0,0.0,0.0,0.0,0.8665801109951098,0.1334198890048901,0.0,0.0,0.0,0.0,0.0,0.0,3.8947742887427177,1.6757881103153085,1.0,1.031062983469056,0.0,0.0,0.0,0.0,0.0,0.0,4.11187312512685,904.4335281070778,109.60126774294156,302.7106577576344,38.72523437118672
10,275.0,55.31986816806639,0.95,0.05,0.0,0.0,0.0,0.0,0.0,0.0,300.83,92.66,0.914137552770668,0.5970199456946512,101.86758015295236,42.02045045809896,895.8754965605672,118.1792573526768,0.9869549783101884,0.0130450216898115,0.0,0.0,0.0,0.0,0.0,0.0,0.800685547306807,0.199314452693193,0.0,0.0,0.0,0.0,0.0,0.0,3.753968561123545,1.7053419550682762,1.0,1.0276024052406016,0.0,0.0,0.0,0.0,0.0,0.0,4.11187312512685,904.4335281070778,109.60126774294156,302.7106577576344,38.72523437118672
10,275.0,61.96952702305009,0.95,0.05,0.0,0.0,0.0,0.0,0.0,0.0,300.83,92.66,0.914137552770668,0.6687840170845035,101.86758015295236,42.02045045809896,892.4096392335534,121.74875800370874,0.9817134569288788,0.0182865430711213,0.0,0.0,0.0,0.0,0.0,0.0,0.7475164532917804,0.2524835467082197,0.0,0.0,0.0,0.0,0.0,0.0,3.616359616207351,1.7354644335060565,1.0,1.024453684910917,0.0,0.0,0.0,0.0,0.0,0.0,4.11187312512685,904.4335281070778,109.60126774294156,302.7106577576344,38.72523437118672
10,275.0,68.6191858780338,0.95,0.05,0.0,0.0,0.0,0.0,0.0,0.0,300.83,92.66,0.914137552770668,0.7405480884743558,101.86758015295236,42.02045045809896,888.9181367379501,125.4014201744384,0.9764610959979568,0.023538904002043,0.0,0.0,0.0,0.0,0.0,0.0,0.7038771498537886,0.2961228501462115,0.0,0.0,0.0,0.0,0.0,0.0,3.481807093983928,1.766202542423499,1.0,1.021547836914758,0.0,0.0,0.0,0.0,0.0,0.0,4.11187312512685,904.4335281070778,109.60126774294156,302.7106577576344,38.72523437118672
10,275.0,75.26884473301752,0.95,0.05,0.0,0.0,0.0,0.0,0.0,0.0,300.83,92.66,0.914137552770668,0.812312159864208,101.86758015295236,42.02045045809896,885.3990645952973,129.13935815003333,0.9711966875819033,0.0288033124180967,0.0,0.0,0.0,0.0,0.0,0.0,0.6675593414595072,0.3324406585404927,0.0,0.0,0.0,0.0,0.0,0.0,3.3502188238521096,1.797610667570705,1.0,1.0188484840688132,0.0,0.0,0.0,0.0,0.0,0.0,4.11187312512685,904.4335281070778,109.60126774294156,302.7106577576344,38.72523437118672
10,275.0,81.91850358800123,0.95,0.05,0.0,0.0,0.0,0.0,0.0,0.0,300.83,92.66,0.914137552770668,0.8840762312540603,101.86758015295236,42.02045045809896,881.8509347664149,132.96420075451508,0.9659192300040234,0.0340807699959766,0.0,0.0,0.0,0.0,0.0,0.0,0.6369895228713591,0.3630104771286409,0.0,0.0,0.0,0.0,0.0,0.0,3.2215489144164997,1.829737296982463,1.0,1.01633773209931,0.0,0.0,0.0,0.0,0.0,0.0,4.11187312512685,904.4335281070778,109.60126774294156,302.7106577576344,38.72523437118672
10,275.0,88.56816244298494,0.95,0.05,0.0,0.0,0.0,0.0,0.0,0.0,300.83,92.66,0.914137552770668,0.9558403026439126,101.86758015295236,42.02045045809896,878.272523035829,136.8774761325592,0.9606278431338268,0.0393721568661732,0.0,0.0,0.0,0.0,0.0,0.0,0.6110170443411443,0.3889829556588557,0.0,0.0,0.0,0.0,0.0,0.0,3.095739471658499,1.8626224856125413,1.0,1.014005182654249,0.0,0.0,0.0,0.0,0.0,0.0,4.11187312512685,904.4335281070778,109.60126774294156,302.7106577576344,38.72523437118672
10,275.0,95.21782129796864,0.95,0.05,0.0,0.0,0.0,0.0,0.0,0.0,300.83,92.66,0.914137552770668,1.027604374033765,101.86758015295236,42.02045045809896,874.6627670870066,140.88074125818758,0.9553217181110056,0.0446782818889943,0.0,0.0,0.0,0.0,0.0,0.0,0.5887814784301513,0.4112185215698486,0.0,0.0,0.0,0.0,0.0,0.0,2.972764245707322,1.8963038256513576,1.0,1.0118477227947362,0.0,0.0,0.0,0.0,0.0,0.0,4.11187312512685,904.4335281070778,109.60126774294156,302.7106577576344,38.72523437118672
10,275.0,101.86748015295235,0.95,0.05,0.0,0.0,0.0,0.0,0.0,0.0,300.83,92.66,0.914137552770668,1.0993684454236172,101.86758015295236,42.02045045809896,871.0206924947496,144.9756664505745,0.9500000801289028,0.049999919871097,0.0,0.0,0.0,0.0,0.0,0.0,0.5696269361099363,0.4303730638900636,0.0,0.0,0.0,0.0,0.0,0.0,2.8526052590469204,1.930824362457228,1.0,1.0098640902042897,0.0,0.0,0.0,0.0,0.0,0.0,4.11187312512685,904.4335281070778,109.60126774294156,302.7106577576344,38.72523437118672
10,280.0,48.06104890059267,0.95,0.05,0.0,0.0,0.0,0.0,0.0,0.0,300.83,92.66,0.9307582355483164,0.5186817278285416,100.48928695862324,48.06094890059266,865.2197250369644,131.74792944945315,0.9964871269317704,0.0035128730682296,0.0,0.0,0.0,0.0,0.0,0.0,0.9499988462336438,0.0500011537663561,0.0,0.0,0.0,0.0,0.0,0.0,3.061864210538363,1.8562083100601368,1.0,1.0194705625928318,0.0,0.0,0.0,0.0,0.0,0.0,3.1449654870637134,867.6798743518019,129.30886906724652,302.7106577576344,44.02808165538378
10,280.0,53.88639757370717,0.95,0.05,0.0,0.0,0.0,0.0,0.0,0.0,300.83,92.66,0.9307582355483164,0.5815497255958038,100.48928695862324,48.06094890059266,861.6452110291175,135.32901760015005,0.9914010484563042,0.0085989515436957,0.0,0.0,0.0,0.0,0.0,0.0,0.8888821799069453,0.1111178200930546,0.0,0.0,0.0,0.0,0.0,0.0,2.944233885406263,1.8898481264160405,1.0,1.0168094272264203,0.0,0.0,0.0,0.0,0.0,0.0,3.1449654870637134,867.6798743518019,129.30886906724652,302.7106577576344,44.02808165538378
10,280.0,59.71174624682168,0.95,0.05,0.0,0.0,0.0,0.0,0.0,0.0,300.83,92.66,0.9307582355483164,0.6444177233630658,100.48928695862324,48.06094890059266,858.0419636958908,138.9882397880084,0.9862988347363618,0.0137011652636382,0.0,0.0,0.0,0.0,0.0,0.0,0.8380945987771619,0.1619054012228382,0.0,0.0,0.0,0.0,0.0,0.0,2.8292602798096107,1.9243195571131224,1.0,1.0144427300113663,0.0,0.0,0.0,0.0,0.0,0.0,3.1449654870637134,867.6798743518019,129.30886906724652,302.7106577576344,44.02808165538378
10,280.0,65.53709491993618,0.95,0.05,0.0,0.0,0.0,0.0,0.0,0.0,300.83,92.66,0.9307582355483164,0.707285721130328,100.48928695862324,48.06094890059266,854.4065877706902,142.7326012133784,0.9811786532003314,0.0188213467996686,0.0,0.0,0.0,0.0,0.0,0.0,0.795364757954302,0.204635242045698,0.0,0.0,0.0,0.0,0.0,0.0,2.716809813759819,1.959690297195909,1.0,1.012309002858807,0.0,0.0,0.0,0.0,0.0,0.0,3.1449654870637134,867.6798743518019,129.30886906724652,302.7106577576344,44.02808165538378
10,280.0,71.3624435930507,0.95,0.05,0.0,0.0,0.0,0.0,0.0,0.0,300.83,92.66,0.9307582355483164,0.7701537188975901,100.48928695862324,48.06094890059266,850.7363733854409,146.5669871216073,0.9760389336698884,0.0239610663301117,0.0,0.0,0.0,0.0,0.0,0.0,0.759043421418203,0.240956578581797,0.0,0.0,0.0,0.0,0.0,0.0,2.606788605185579,1.99604130014027,1.0,1.0103722935533,0.0,0.0,0.0,0.0,0.0,0.0,3.1449654870637134,867.6798743518019,129.30886906724652,302.7106577576344,44.02808165538378
10,280.0,77.18779226616519,0.95,0.05,0.0,0.0,0.0,0.0,0.0,0.0,300.83,92.66,0.9307582355483164,0.833021716664852,100.48928695862324,48.06094890059266,847.0290419825783,150.49523251968722,0.9708782630799624,0.0291217369200375,0.0,0.0,0.0,0.0,0.0,0.0,0.727904764150823,0.2720952358491769,0.0,0.0,0.0,0.0,0.0,0.0,2.4991437101451184,2.033439018869027,1.0,1.008612029670639,0.0,0.0,0.0,0.0,0.0,0.0,3.1449654870637134,867.6798743518019,129.30886906724652,302.7106577576344,44.02808165538378
10,280.0,83.01314093927971,0.95,0.05,0.0,0.0,0.0,0.0,0.0,0.0,300.83,92.66,0.9307582355483164,0.8958897144321143,100.48928695862324,48.06094890059266,843.2825861907789,154.5206684745545,0.9656953184340864,0.0343046815659137,0.0,0.0,0.0,0.0,0.0,0.0,0.7010192016780954,0.2989807983219045,0.0,0.0,0.0,0.0,0.0,0.0,2.393834080008051,2.0719615728534087,1.0,1.0070173771926072,0.0,0.0,0.0,0.0,0.0,0.0,3.1449654870637134,867.6798743518019,129.30886906724652,302.7106577576344,44.02808165538378
10,280.0,88.83848961239421,0.95,0.05,0.0,0.0,0.0,0.0,0.0,0.0,300.83,92.66,0.9307582355483164,0.9587577121993764,100.48928695862324,48.06094890059266,839.4951617986186,158.64642569356928,0.9604888207075184,0.0395111792924815,0.0,0.0,0.0,0.0,0.0,0.0,0.6776694236142723,0.3223305763857277,0.0,0.0,0.0,0.0,0.0,0.0,2.290824220107413,2.1116762442846317,1.0,1.005582872111594,0.0,0.0,0.0,0.0,0.0,0.0,3.1449654870637134,867.6798743518019,129.30886906724652,302.7106577576344,44.02808165538378
10,280.0,94.66383828550872,0.95,0.05,0.0,0.0,0.0,0.0,0.0,0.0,300.83,92.66,0.9307582355483164,1.0216257099666384,100.48928695862324,48.06094890059266,835.6650169570861,162.87556038919234,0.9552575039418584,0.0447424960581416,0.0,0.0,0.0,0.0,0.0,0.0,0.6572933189677106,0.3427066810322894,0.0,0.0,0.0,0.0,0.0,0.0,2.19010112087002,2.152661661925859,1.0,1.0043066567133452,0.0,0.0,0.0,0.0,0.0,0.0,3.1449654870637134,867.6798743518019,129.30886906724652,302.7106577576344,44.02808165538378
10,280.0,100.48918695862322,0.95,0.05,0.0,0.0,0.0,0.0,0.0,0.0,300.83,92.66,0.9307582355483164,1.0844937077339003,100.48928695862324,48.06094890059266,831.7904374682943,167.21116747289665,0.9500000904303424,0.0499999095696577,0.0,0.0,0.0,0.0,0.0,0.0,0.639444432597035,0.3605555674029651,0.0,0.0,0.0,0.0,0.0,0.0,2.0916557525899404,2.195969206637503,1.000000000250828,1.003193424741467,0.0,0.0,0.0,0.0,0.0,0.0,3.1449654870637134,867.6798743518019,129.30886906724652,302.7106577576344,44.02808165538378
10,285.0,54.86640980565558,0.95,0.05,0.0,0.0,0.0,0.0,0.0,0.0,300.83,92.66,0.9473789183259648,0.592126158058014,99.4907361299304,54.866309805655575,821.2133561001291,157.51561308400585,0.9950966718551888,0.0049033281448111,0.0,0.0,0.0,0.0,0.0,0.0,0.9499990771425056,0.0500009228574944,0.0,0.0,0.0,0.0,0.0,0.0,2.14657644008034,2.1546698455226787,1.000000000321338,1.0074384947536923,0.0,0.0,0.0,0.0,0.0,0.0,2.2410524707626744,824.9746819221486,153.77005765610247,302.7106577576344,49.86436423924916
10,285.0,59.824657175019446,0.95,0.05,0.0,0.0,0.0,0.0,0.0,0.0,300.83,92.66,0.9473789183259648,0.6456362742825323,99.4907361299304,54.866309805655575,817.4455467335407,161.30921546281053,0.9902111982347752,0.0097888017652247,0.0,0.0,0.0,0.0,0.0,0.0,0.9073904303029312,0.0926095696970687,0.0,0.0,0.0,0.0,0.0,0.0,2.05501692126298,2.1950503889229687,1.0,1.0059464013901165,0.0,0.0,0.0,0.0,0.0,0.0,2.2410524707626744,824.9746819221486,153.77005765610247,302.7106577576344,49.86436423924916
10,285.0,64.78290454438331,0.95,0.05,0.0,0.0,0.0,0.0,0.0,0.0,300.83,92.66,0.9473789183259648,0.6991463905070506,99.4907361299304,54.866309805655575,813.6347044006054,165.1917080870237,0.9852987934843028,0.014701206515697,0.0,0.0,0.0,0.0,0.0,0.0,0.870453210631721,0.1295467893682791,0.0,0.0,0.0,0.0,0.0,0.0,1.96544480037363,2.2377909946844903,1.0,1.0046532947337754,0.0,0.0,0.0,0.0,0.0,0.0,2.2410524707626744,824.9746819221486,153.77005765610247,302.7106577576344,49.86436423924916
10,285.0,69.74115191374719,0.95,0.05,0.0,0.0,0.0,0.0,0.0,0.0,300.83,92.66,0.9473789183259648,0.752656506731569,99.4907361299304,54.866309805655575,809.7774530055137,169.16987878308905,0.9803575851838674,0.0196424148161325,0.0,0.0,0.0,0.0,0.0,0.0,0.8382258093796441,0.1617741906203559,0.0,0.0,0.0,0.0,0.0,0.0,1.877820636133957,2.283619433010972,1.0000000000184912,1.0035388489275894,0.0,0.0,0.0,0.0,0.0,0.0,2.2410524707626744,824.9746819221486,153.77005765610247,302.7106577576344,49.86436423924916
10,285.0,74.69939928311105,0.95,0.05,0.0,0.0,0.0,0.0,0.0,0.0,300.83,92.66,0.9473789183259648,0.8061666229560873,99.4907361299304,54.866309805655575,805.8706654583174,173.2495816803692,0.9753857326610867,0.0246142673389132,0.0,0.0,0.0,0.0,0.0,0.0,0.8099553296175382,0.1900446703824618,0.0,0.0,0.0,0.0,0.0,0.0,1.7920603482326898,2.327823505702463,1.0,1.002572579521727,0.0,0.0,0.0,0.0,0.0,0.0,2.2410524707626744,824.9746819221486,153.77005765610247,302.7106577576344,49.86436423924916
10,285.0,79.65764665247492,0.95,0.05,0.0,0.0,0.0,0.0,0.0,0.0,300.83,92.66,0.9473789183259648,0.8596767391806057,99.4907361299304,54.866309805655575,801.9113489052368,177.4361890701231,0.9703813856565956,0.0296186143434042,0.0,0.0,0.0,0.0,0.0,0.0,0.7850441036394123,0.2149558963605876,0.0,0.0,0.0,0.0,0.0,0.0,1.7081300080934856,2.3753490052188724,1.0,1.0017649555090615,0.0,0.0,0.0,0.0,0.0,0.0,2.2410524707626744,824.9746819221486,153.77005765610247,302.7106577576344,49.86436423924916
10,285.0,84.61589402183878,0.95,0.05,0.0,0.0,0.0,0.0,0.0,0.0,300.83,92.66,0.9473789183259648,0.913186855405124,99.4907361299304,54.866309805655575,797.8965649210998,181.734842092279,0.9653426539132736,0.0346573460867265,0.0,0.0,0.0,0.0,0.0,0.0,0.7630118460582076,0.2369881539417924,0.0,0.0,0.0,0.0,0.0,0.0,1.6260907735199517,2.4274212673636755,1.0000000000007867,1.0011136726983876,0.0,0.0,0.0,0.0,0.0,0.0,2.2410524707626744,824.9746819221486,153.77005765610247,302.7106577576344,49.86436423924916
10,285.0,89.57414139120266,0.95,0.05,0.0,0.0,0.0,0.0,0.0,0.0,300.83,92.66,0.9473789183259648,0.9666969716296424,99.4907361299304,54.866309805655575,793.8233645326532,186.1506146080876,0.9602675806259168,0.0397324193740832,0.0,0.0,0.0,0.0,0.0,0.0,0.7434683844022546,0.2565316155977454,0.0,0.0,0.0,0.0,0.0,0.0,1.545849090363695,2.479285351346212,1.0000000000996678,1.0006054165511151,0.0,0.0,0.0,0.0,0.0,0.0,2.2410524707626744,824.9746819221486,153.77005765610247,302.7106577576344,49.86436423924916
10,285.0,94.53238876056652,0.95,0.05,0.0,0.0,0.0,0.0,0.0,0.0,300.83,92.66,0.9473789183259648,1.0202070878541607,99.4907361299304,54.866309805655575,789.688731803202,190.6886819162692,0.9551541175863484,0.0448458824136516,0.0,0.0,0.0,0.0,0.0,0.0,0.72609375866405,0.27390624133595,0.0,0.0,0.0,0.0,0.0,0.0,1.4673581142444174,2.529471222313776,1.0,1.0002440006089723,0.0,0.0,0.0,0.0,0.0,0.0,2.2410524707626744,824.9746819221486,153.77005765610247,302.7106577576344,49.86436423924916
10,285.0,99.4906361299304,0.95,0.05,0.0,0.0,0.0,0.0,0.0,0.0,300.83,92.66,0.9473789183259648,1.073717204078679,99.4907361299304,54.866309805655575,785.4895412952445,195.35431778463632,0.9500001043148936,0.0499998956851063,0.0,0.0,0.0,0.0,0.0,0.0,0.71062318773621,0.2893768122637901,0.0,0.0,0.0,0.0,0.0,0.0,1.390794097156879,2.5898589478687115,1.0000000001545322,1.000046850903149,0.0,0.0,0.0,0.0,0.0,0.0,2.2410524707626744,824.9746819221486,153.77005765610247,302.7106577576344,49.86436423924916
10,290.0,62.63034968025407,0.95,0.05,0.0,0.0,0.0,0.0,0.0,0.0,300.83,92.66,0.9639996011036134,0.6759157099099296,98.65596999066533,62.63024968025407,766.9962185296891,191.7107361304132,0.9928201090630896,0.0071798909369105,0.0,0.0,0.0,0.0,0.0,0.0,0.9499992849853144,0.0500007150146855,0.0,0.0,0.0,0.0,0.0,0.0,1.3101856776561216,2.631315924759562,1.000000000050416,1.0005293426877349,0.0,0.0,0.0,0.0,0.0,0.0,1.4167983026644004,773.2637021553837,185.44864903964933,302.7106577576344,56.27641671412855
10,290.0,66.63318527029976,0.95,0.05,0.0,0.0,0.0,0.0,0.0,0.0,300.83,92.66,0.9639996011036134,0.7191148852827516,98.65596999066533,62.63024968025407,762.9689464148776,195.78318716737647,0.9882486339250056,0.0117513660749944,0.0,0.0,0.0,0.0,0.0,0.0,0.9227426635957504,0.0772573364042495,0.0,0.0,0.0,0.0,0.0,0.0,1.2448339597907565,2.680680851648283,1.0,1.000206570012715,0.0,0.0,0.0,0.0,0.0,0.0,1.4167983026644004,773.2637021553837,185.44864903964933,302.7106577576344,56.27641671412855
10,290.0,70.63602086034545,0.95,0.05,0.0,0.0,0.0,0.0,0.0,0.0,300.83,92.66,0.9639996011036134,0.7623140606555737,98.65596999066533,62.63024968025407,758.8755205015851,199.9632477976842,0.9836370404570812,0.0163629595429186,0.0,0.0,0.0,0.0,0.0,0.0,0.8982647364498063,0.1017352635501936,0.0,0.0,0.0,0.0,0.0,0.0,1.1810490011571149,2.7471725205505977,1.0000000000636786,1.0000388607969977,0.0,0.0,0.0,0.0,0.0,0.0,1.4167983026644004,773.2637021553837,185.44864903964933,302.7106577576344,56.27641671412855
10,290.0,74.63885645039115,0.95,0.05,0.0,0.0,0.0,0.0,0.0,0.0,300.83,92.66,0.9639996011036134,0.8055132360283958,98.65596999066533,62.63024968025407,754.711521436125,204.25825269340368,0.9789828542928162,0.0210171457071838,0.0,0.0,0.0,0.0,0.0,0.0,0.8762284735240664,0.1237715264759335,0.0,0.0,0.0,0.0,0.0,0.0,1.1185743639309302,2.8092521720775183,1.0000000000565086,1.0000000000003435,0.0,0.0,0.0,0.0,0.0,0.0,1.4167983026644004,773.2637021553837,185.44864903964933,302.7106577576344,56.27641671412855
10,290.0,78.64169204043685,0.95,0.05,0.0,0.0,0.0,0.0,0.0,0.0,300.83,92.66,0.9639996011036134,0.8487124114012179,98.65596999066533,62.63024968025407,750.4723700221598,208.67548700600892,0.9742834403096376,0.0257165596903624,0.0,0.0,0.0,0.0,0.0,0.0,0.8563520061432635,0.1436479938567365,0.0,0.0,0.0,0.0,0.0,0.0,1.0575007513332977,2.874443039074205,1.0000000000023772,1.0000000000003333,0.0,0.0,0.0,0.0,0.0,0.0,1.4167983026644004,773.2637021553837,185.44864903964933,302.7106577576344,56.27641671412855
10,290.0,82.64452763048254,0.95,0.05,0.0,0.0,0.0,0.0,0.0,0.0,300.83,92.66,0.9639996011036134,0.89191158677404,98.65596999066533,62.63024968025407,746.153239865595,213.22242288615365,0.9695359667984776,0.0304640332015223,0.0,0.0,0.0,0.0,0.0,0.0,0.8383980400404901,0.1616019599595098,0.0,0.0,0.0,0.0,0.0,0.0,0.9978142870100454,2.9430308702236605,1.0000000000022615,1.0000000000005382,0.0,0.0,0.0,0.0,0.0,0.0,1.4167983026644004,773.2637021553837,185.44864903964933,302.7106577576344,56.27641671412855
10,290.0,86.64736322052823,0.95,0.05,0.0,0.0,0.0,0.0,0.0,0.0,300.83,92.66,0.9639996011036134,0.935110762146862,98.65596999066533,62.63024968025407,741.7490019301947,217.906807261423,0.9647373764014572,0.0352626235985428,0.0,0.0,0.0,0.0,0.0,0.0,0.8221655471489606,0.1778344528510394,0.0,0.0,0.0,0.0,0.0,0.0,0.9395178434722468,3.0153518346875927,1.0000000000019134,1.0000000000003966,0.0,0.0,0.0,0.0,0.0,0.0,1.4167983026644004,773.2637021553837,185.44864903964933,302.7106577576344,56.27641671412855
10,290.0,90.65019881057393,0.95,0.05,0.0,0.0,0.0,0.0,0.0,0.0,300.83,92.66,0.9639996011036134,0.978309937519684,98.65596999066533,62.63024968025407,737.2541496752928,222.73680317077287,0.959884348468396,0.040115651531604,0.0,0.0,0.0,0.0,0.0,0.0,0.8074833425406456,0.1925166574593544,0.0,0.0,0.0,0.0,0.0,0.0,0.8826081603065639,3.0917679385128625,1.000000000001541,1.0000000000003897,0.0,0.0,0.0,0.0,0.0,0.0,1.4167983026644004,773.2637021553837,185.44864903964933,302.7106577576344,56.27641671412855
10,290.0,94.65303440061962,0.95,0.05,0.0,0.0,0.0,0.0,0.0,0.0,300.83,92.66,0.9639996011036134,1.0215091128925062,98.65596999066533,62.63024968025407,732.662725687881,227.72106298577617,0.9549732586128205,0.0450267413871797,0.0,0.0,0.0,0.0,0.0,0.0,0.7942049506225509,0.205795049377449,0.0,0.0,0.0,0.0,0.0,0.0,0.8271011162004708,3.172709779687287,1.0000000000411755,1.0000000000598743,0.0,0.0,0.0,0.0,0.0,0.0,1.4167983026644004,773.2637021553837,185.44864903964933,302.7106577576344,56.27641671412855
10,290.0,98.65586999066532,0.95,0.05,0.0,0.0,0.0,0.0,0.0,0.0,300.83,92.66,0.9639996011036134,1.0647082882653285,98.65596999066533,62.63024968025407,727.9682179685014,232.8688552028662,0.9500001249053962,0.0499998750946039,0.0,0.0,0.0,0.0,0.0,0.0,0.7822045755422168,0.2177954244577832,0.0,0.0,0.0,0.0,0.0,0.0,0.773016747574027,3.258653229914688,1.0000000000625282,1.0000000000416571,0.0,0.0,0.0,0.0,0.0,0.0,1.4167983026644004,773.2637021553837,185.44864903964933,302.7106577576344,56.27641671412855
10,295.0,71.79683880723297,0.95,0.05,0.0,0.0,0.0,0.0,0.0,0.0,300.83,92.66,0.980620283881262,0.7748417743064211,97.47338258073955,71.79673880723297,693.5033246165821,242.2638041748133,0.988408720631352,0.0115912793686479,0.0,0.0,0.0,0.0,0.0,0.0,0.9499994807855952,0.0500005192144048,0.0,0.0,0.0,0.0,0.0,0.0,0.5834131847413426,3.597895935239279,1.0000000000001783,1.0000000000004483,0.0,0.0,0.0,0.0,0.0,0.0,0.7007191954812403,705.9625820508377,229.82343987692175,302.7106577576344,63.31231171729296
10,295.0,74.64977700428926,0.95,0.05,0.0,0.0,0.0,0.0,0.0,0.0,300.83,92.66,0.980620283881262,0.8056310922111943,97.47338258073955,71.79673880723297,689.1202377884771,246.6982975339005,0.9844114442707228,0.0155885557292774,0.0,0.0,0.0,0.0,0.0,0.0,0.9356279140094113,0.0643720859905888,0.0,0.0,0.0,0.0,0.0,0.0,0.5457614024846538,3.692836305490789,1.000000000000184,1.000000000000233,0.0,0.0,0.0,0.0,0.0,0.0,0.7007191954812403,705.9625820508377,229.82343987692175,302.7106577576344,63.31231171729296
10,295.0,77.50271520134555,0.95,0.05,0.0,0.0,0.0,0.0,0.0,0.0,300.83,92.66,0.980620283881262,0.8364204101159676,97.47338258073955,71.79673880723297,684.6275532960872,251.274809104334,0.9803581952340376,0.0196418047659624,0.0,0.0,0.0,0.0,0.0,0.0,0.9223332188546584,0.0776667811453416,0.0,0.0,0.0,0.0,0.0,0.0,0.5090303442073393,3.7941414619083447,1.0000000000003062,1.0000000000000662,0.0,0.0,0.0,0.0,0.0,0.0,0.7007191954812403,705.9625820508377,229.82343987692175,302.7106577576344,63.31231171729296
10,295.0,80.35565339840183,0.95,0.05,0.0,0.0,0.0,0.0,0.0,0.0,300.83,92.66,0.980620283881262,0.8672097280207407,97.47338258073955,71.79673880723297,680.0167715322609,256.0039303862725,0.976244886297117,0.0237551137028829,0.0,0.0,0.0,0.0,0.0,0.0,0.910040197182844,0.089959802817156,0.0,0.0,0.0,0.0,0.0,0.0,0.4732131123568407,3.902578135773882,1.0000000000003195,1.0000000000003395,0.0,0.0,0.0,0.0,0.0,0.0,0.7007191954812403,705.9625820508377,229.82343987692175,302.7106577576344,63.31231171729296
10,295.0,83.20859159545812,0.95,0.05,0.0,0.0,0.0,0.0,0.0,0.0,300.83,92.66,0.980620283881262,0.8979990459255139,97.47338258073955,71.79673880723297,675.2783726142749,260.8972685459268,0.9720669370185936,0.0279330629814063,0.0,0.0,0.0,0.0,0.0,0.0,0.8986826784317,0.1013173215682999,0.0,0.0,0.0,0.0,0.0,0.0,0.4383243872136896,4.019049247673161,1.0000000000004707,1.0000000000000884,0.0,0.0,0.0,0.0,0.0,0.0,0.7007191954812403,705.9625820508377,229.82343987692175,302.7106577576344,63.31231171729296
10,295.0,86.0615297925144,0.95,0.05,0.0,0.0,0.0,0.0,0.0,0.0,300.83,92.66,0.980620283881262,0.9287883638302872,97.47338258073955,71.79673880723297,670.4017089658685,265.9676618980721,0.9678192033444746,0.0321807966555253,0.0,0.0,0.0,0.0,0.0,0.0,0.8882025029473909,0.1117974970526091,0.0,0.0,0.0,0.0,0.0,0.0,0.4043886273031057,4.144634420148987,1.000000000000294,1.0000000000004,0.0,0.0,0.0,0.0,0.0,0.0,0.7007191954812403,705.9625820508377,229.82343987692175,302.7106577576344,63.31231171729296
10,295.0,88.9144679895707,0.95,0.05,0.0,0.0,0.0,0.0,0.0,0.0,300.83,92.66,0.980620283881262,0.9595776817350604,97.47338258073955,71.79673880723297,665.3746678451604,271.2294772588434,0.9634958475234574,0.0365041524765425,0.0,0.0,0.0,0.0,0.0,0.0,0.8785487223966179,0.1214512776033822,0.0,0.0,0.0,0.0,0.0,0.0,0.3714028331640194,4.280619374750853,1.000000000262494,1.000000000077372,0.0,0.0,0.0,0.0,0.0,0.0,0.7007191954812403,705.9625820508377,229.82343987692175,302.7106577576344,63.31231171729296
10,295.0,91.76740618662696,0.95,0.05,0.0,0.0,0.0,0.0,0.0,0.0,300.83,92.66,0.980620283881262,0.9903669996398335,97.47338258073955,71.79673880723297,660.1833655172744,276.6990217082815,0.959090197940372,0.0409098020596279,0.0,0.0,0.0,0.0,0.0,0.0,0.8696770041637129,0.1303229958362871,0.0,0.0,0.0,0.0,0.0,0.0,0.3394535980327977,4.428551952044905,1.0000000019727144,1.0000000052366174,0.0,0.0,0.0,0.0,0.0,0.0,0.7007191954812403,705.9625820508377,229.82343987692175,302.7106577576344,63.31231171729296
10,295.0,94.62034438368326,0.95,0.05,0.0,0.0,0.0,0.0,0.0,0.0,300.83,92.66,0.980620283881262,1.0211563175446068,97.47338258073955,71.79673880723297,654.8118908722554,282.3946458288513,0.95459460155814,0.0454053984418601,0.0,0.0,0.0,0.0,0.0,0.0,0.861548931662388,0.1384510683376119,0.0,0.0,0.0,0.0,0.0,0.0,0.3084412002054248,4.590333866242645,1.000000001334885,1.0000000020847406,0.0,0.0,0.0,0.0,0.0,0.0,0.7007191954812403,705.9625820508377,229.82343987692175,302.7106577576344,63.31231171729296
10,295.0,97.47328258073956,0.95,0.05,0.0,0.0,0.0,0.0,0.0,0.0,300.83,92.66,0.980620283881262,1.05194563544938,97.47338258073955,71.79673880723297,649.2416671602839,288.3375502294549,0.9500001650151552,0.0499998349848447,0.0,0.0,0.0,0.0,0.0,0.0,0.8541318410652281,0.1458681589347719,0.0,0.0,0.0,0.0,0.0,0.0,0.2785471157316962,4.768298789516274,1.0000000000000704,1.000000000000637,0.0,0.0,0.0,0.0,0.0,0.0,0.7007191954812403,705.9625820508377,229.82343987692175,302.7106577576344,63.31231171729296
11,200.0,2.625288730879517,0.9995589201162975,1.0000000000000002e-06,0.0003670500789078,1.0000000000000002e-06,1.8574475587429483e-05,5.05755386697143e-05,1.8797905373315453e-06,1.0000000000000002e-06,302.68,75.57,0.6607638430025109,0.0347398270594087,2.9065837811274826,2.625188730879517,1221.9186930742394,7.251865408849582,0.9999965943835538,7.085322410633225e-10,1.5552845637776188e-06,6.331883849531939e-09,2.7154496995584146e-07,4.696846083444551e-07,2.47812798078344e-08,1.0772806080127197e-06,0.999522494098855,1.0831673487753623e-06,0.000397468864635,1.0826993379300812e-06,2.009776109860118e-05,5.474566437863771e-05,2.034176126400957e-06,9.935682195960506e-07,22.53923010517139,0.6824652740574016,1.000000010955855,1.6336945106217,5.254434898002738,5.382564815660332,5.241786959370293,4.162091097765536,4.334706648216686,1.0024496473588014,22.53960113748808,1221.920496490378,7.249541730897533,302.7106577576344,2.6239816647333654
11,200.0,2.656532625351513,0.9995589201162975,1.0000000000000002e-06,0.0003670500789078,1.0000000000000002e-06,1.8574475587429483e-05,5.05755386697143e-05,1.8797905373315453e-06,1.0000000000000002e-06,302.68,75.57,0.6607638430025109,0.0351532701515351,2.9065837811274826,2.625188730879517,1221.8871282758996,7.307539537427974,0.9999425754001976,1.9748457324480785e-08,3.9587634499211024e-05,1.5328393294618933e-07,5.507590685168363e-06,1.0636273739665676e-05,5.171674601552436e-07,1.0029010277948284e-06,0.988273216698872,2.983533382533293e-05,0.009999770343758,2.5907219612355693e-05,0.0004029533536716,0.0012254393229724,4.196306467453666e-05,9.146626133613514e-07,22.530555042416943,0.6827693758375475,1.0000000107920803,1.6330001744968836,5.25115061607677,5.379564546674821,5.239136478289032,4.160363455356814,4.332185324462156,1.0024505479951058,22.53960113748808,1221.920496490378,7.249541730897533,302.7106577576344,2.6239816647333654
11,200.0,2.687776519823509,0.9995589201162975,1.0000000000000002e-06,0.0003670500789078,1.0000000000000002e-06,1.8574475587429483e-05,5.05755386697143e-05,1.8797905373315453e-06,1.0000000000000002e-06,302.68,75.57,0.6607638430025109,0.0355667132436616,2.9065837811274826,2.625188730879517,1221.8572607778983,7.363286769432379,0.9998907657679166,4.366014575214879e-08,7.89226118409074e-05,2.9087118999014804e-07,9.073509015357985e-06,1.903300439073325e-05,8.691345536907136e-07,1.001440946979268e-06,0.97728400298448,6.519367226692412e-05,0.019707413350224,4.859979647675403e-05,0.000656320494053,0.002167847028485,6.971939661489152e-05,9.032773990017708e-07,22.5220281556744,0.6830696881691495,1.0000000106252096,1.6323131716555304,5.2479018516653895,5.376592687650392,5.236525048398809,4.15866523749426,4.329707794276244,1.002451706661797,22.53960113748808,1221.920496490378,7.249541730897533,302.7106577576344,2.6239816647333654
11,200.0,2.719020414295505,0.9995589201162975,1.0000000000000002e-06,0.0003670500789078,1.0000000000000002e-06,1.8574475587429483e-05,5.05755386697143e-05,1.8797905373315453e-06,1.0000000000000002e-06,302.68,75.57,0.6607638430025109,0.035980156335788,2.9065837811274826,2.625188730879517,1221.8284619959406,7.419028820394108,0.999840544335338,7.420266566163385e-08,0.000119181795335,4.1861212117176725e-07,1.1634391593271882e-05,2.601499504975601e-05,1.1307549689575368e-06,1.0009129282886308e-06,0.9665454079253424,0.000109526964363,0.0294235091766763,6.915342760926747e-05,0.0008321286092775,0.0029296951292272,8.96857858890624e-05,8.929816146889143e-07,22.51360046227178,0.6833673723123852,1.000000010460597,1.6316312030962543,5.244676601168612,5.373640088765195,5.233965778265709,4.156986739357971,4.32725953230892,1.0024530844551316,22.53960113748808,1221.920496490378,7.249541730897533,302.7106577576344,2.6239816647333654
11,200.0,2.750264308767502,0.9995589201162975,1.0000000000000002e-06,0.0003670500789078,1.0000000000000002e-06,1.8574475587429483e-05,5.05755386697143e-05,1.8797905373315453e-06,1.0000000000000002e-06,302.68,75.57,0.6607638430025109,0.0363935994279145,2.9065837811274826,2.625188730879517,1221.800376412123,7.47471777859022,0.9997914899974272,1.1424227386164693e-07,0.0001601027216822,5.367140403744875e-07,1.3550672246193508e-05,3.187344154655393e-05,1.3315860851551518e-06,1.0006246984994937e-06,0.9560486039152806,0.0001667119079849,0.0390837785999104,8.767381389590073e-05,0.0009584522914397,0.0035494557698473,0.0001044405733058,8.831283349706835e-07,22.50524550359292,0.6836629964352617,1.0000000102975946,1.6309530760459665,5.241469130830346,5.370702418152455,5.231424392894451,4.1553227097025776,4.324832791522159,1.002454583564104,22.53960113748808,1221.920496490378,7.249541730897533,302.7106577576344,2.6239816647333654
11,200.0,2.7815082032394978,0.9995589201162975,1.0000000000000002e-06,0.0003670500789078,1.0000000000000002e-06,1.8574475587429483e-05,5.05755386697143e-05,1.8797905373315453e-06,1.0000000000000002e-06,302.68,75.57,0.6607638430025109,0.0368070425200409,2.9065837811274826,2.625188730879517,1221.7728044424043,7.530308153399432,0.9997433414720728,1.68685543590442e-07,0.0002014864849527,6.456866208116356e-07,1.503173626209514e-05,3.683562539156716e-05,1.4898755813398872e-06,1.0004335750552252e-06,0.945785302732334,0.0002433948425975,0.0486421173379915,0.0001043107690073,0.0010515671470219,0.0040568623182176,0.0001155712747348,8.735780949613372e-07,22.49695001830988,0.6839567905687197,1.000000010135905,1.6302783172894182,5.2382772139698295,5.367778104499776,5.228898191768167,4.153670561376273,4.322423825242559,1.0024561319123593,22.53960113748808,1221.920496490378,7.249541730897533,302.7106577576344,2.6239816647333654
11,200.0,2.812752097711494,0.9995589201162975,1.0000000000000002e-06,0.0003670500789078,1.0000000000000002e-06,1.8574475587429483e-05,5.05755386697143e-05,1.8797905373315453e-06,1.0000000000000002e-06,302.68,75.57,0.6607638430025109,0.0372204856121674,2.9065837811274826,2.625188730879517,1221.7456407364557,7.585733307219727,0.9996959492864008,2.465877334663622e-07,0.000243158755895,7.461288152117379e-07,1.620614553687367e-05,4.107546119533744e-05,1.6173429740327672e-06,1.0002914494314654e-06,0.9357476752782068,0.0003518462801584,0.0580603101354832,0.0001192218086681,0.001121449787464,0.004474537015216,0.0001240954159128,8.642788902889692e-07,22.488710871235916,0.6842487127210966,1.0000000099753057,1.6296070488336785,5.235101475994069,5.364867931663694,5.22638725140981,4.152029731633644,4.3200319040465285,1.0024576881621918,22.53960113748808,1221.920496490378,7.249541730897533,302.7106577576344,2.6239816647333654
11,200.0,2.84399599218349,0.9995589201162975,1.0000000000000002e-06,0.0003670500789078,1.0000000000000002e-06,1.8574475587429483e-05,5.05755386697143e-05,1.8797905373315453e-06,1.0000000000000002e-06,302.68,75.57,0.6607638430025109,0.0376339287042939,2.9065837811274826,2.625188730879517,1221.718857157852,7.640864489618318,0.9996492708946922,3.665303305143943e-07,0.0002849222831825,8.385796103926266e-07,1.715609158111656e-05,4.472370722751733e-05,1.7217356990403831e-06,1.000177676580956e-06,0.9259283098363412,0.0005172408026458,0.067296409489511,0.0001325481948204,0.0011744746443731,0.0048194765708553,0.0001306852574948,8.552039581651006e-07,22.480537423976923,0.684538350156879,1.0000000098156867,1.6289402270173503,5.23194649158611,5.361976098843198,5.223895357297965,4.1504021439362,4.317659999603829,1.0024591984086504,22.53960113748808,1221.920496490378,7.249541730897533,302.7106577576344,2.6239816647333654
11,200.0,2.8752398866554865,0.9995589201162975,1.0000000000000002e-06,0.0003670500789078,1.0000000000000002e-06,1.8574475587429483e-05,5.05755386697143e-05,1.8797905373315453e-06,1.0000000000000002e-06,302.68,75.57,0.6607638430025109,0.0380473717964203,2.9065837811274826,2.625188730879517,1221.692536764982,7.695397254777817,0.9996034359782564,5.728816078875033e-07,0.000326451780586,9.233182220283116e-07,1.793474719002284e-05,4.787303492801356e-05,1.8081770298897328e-06,1.0000821794691472e-06,0.916320213528284,0.0007996542538982,0.0762804367520766,0.0001443846664168,0.0012147809966911,0.0051038959981564,0.0001357874690901,8.463353865589006e-07,22.47246508230504,0.6848244611828769,1.000000009657673,1.6282806993628824,5.228825750079496,5.35911467974762,5.221434453299467,4.148794901219202,4.315318808892525,1.0024605591445408,22.53960113748808,1221.920496490378,7.249541730897533,302.7106577576344,2.6239816647333654
11,200.0,2.9064837811274824,0.9995589201162975,1.0000000000000002e-06,0.0003670500789078,1.0000000000000002e-06,1.8574475587429483e-05,5.05755386697143e-05,1.8797905373315453e-06,1.0000000000000002e-06,302.68,75.57,0.6607638430025109,0.0384608148885468,2.9065837811274826,2.625188730879517,1221.667063420643,7.748423504617872,0.9995590581112316,9.97948860650159e-07,0.0003669242661193,9.997710701853548e-07,1.857264903220843e-05,5.056766814679118e-05,1.87958529717836e-06,1.0000002418191085e-06,0.9069169345604032,0.0013780188252963,0.0848306327954962,0.0001546905156945,0.001244820232622,0.005334399005324,0.0001396664088209,8.376563426333309e-07,22.46461166985009,0.6851031144961092,1.0000000095061217,1.6276374742969073,5.2257817602705305,5.356321528639052,5.219042792403208,4.147231503000203,4.31304350982403,1.0024614849824716,22.53960113748808,1221.920496490378,7.249541730897533,302.7106577576344,2.6239816647333654
11,205.0,3.3563466713064294,0.9995589201162975,1.0000000000000002e-06,0.0003670500789078,1.0000000000000002e-06,1.8574475587429483e-05,5.05755386697143e-05,1.8797905373315453e-06,1.0000000000000002e-06,302.68,75.57,0.6772829390775736,0.0444137444926085,3.624115801788345,3.356246671306429,1206.275706120138,9.126781131410038,0.9999958604341538,9.780107426008788e-10,2.0817675318873066e-06,8.637073786642653e-09,3.438253768133006e-07,5.693796931769165e-07,2.8912912061197056e-08,1.1060652476831589e-06,0.9995306865999676,1.0645532181284242e-06,0.0003906330222939,1.0640583169424062e-06,1.975247482300556e-05,5.380675732444738e-05,1.999387611628087e-06,9.931464440791482e-07,21.15736373075684,0.7102671124041621,1.0,1.5612168967711466,4.775813618885729,4.640550986021355,4.508277068066238,3.802147015268498,3.9779660471654665,1.0004438068188246,21.15779579629945,1206.2779501886548,9.12387059747945,302.7106577576344,3.35468958110042
11,205.0,3.38608768580442,0.9995589201162975,1.0000000000000002e-06,0.0003670500789078,1.0000000000000002e-06,1.8574475587429483e-05,5.05755386697143e-05,1.8797905373315453e-06,1.0000000000000002e-06,302.68,75.57,0.6772829390775736,0.044807300328231,3.624115801788345,3.356246671306429,1206.2443079899847,9.179144978297012,0.9999427938365868,2.0679189181179742e-08,4.020710836546305e-05,1.5817593317265196e-07,5.370611129970321e-06,9.971042899263836e-06,4.737126770171392e-07,1.0048332187110927e-06,0.9912054348873937,2.231102363913795e-05,0.0074794877955024,1.931895369725977e-05,0.0003059040865507,0.0009341709444447,3.2477484560166413e-05,8.948242117727503e-07,21.14974634525316,0.710542133811007,1.0,1.560657819428588,4.773196845901944,4.638801108633046,4.506291232384126,3.800783442078492,3.975984109148811,1.0004429348028467,21.15779579629945,1206.2779501886548,9.12387059747945,302.7106577576344,3.35468958110042
11,205.0,3.4158287003024106,0.9995589201162975,1.0000000000000002e-06,0.0003670500789078,1.0000000000000002e-06,1.8574475587429483e-05,5.05755386697143e-05,1.8797905373315453e-06,1.0000000000000002e-06,302.68,75.57,0.6772829390775736,0.0452008561638535,3.624115801788345,3.356246671306429,1206.2143712158977,9.231583831496712,0.9998914822253826,4.53155355472654e-08,7.950513666473729e-05,2.969242159815768e-07,8.871036870341738e-06,1.7987000338463062e-05,8.100539051221467e-07,1.0023070872706837e-06,0.9830245396455491,4.846516735840301e-05,0.0146632592609155,3.595564345776265e-05,0.0005010117203608,0.0016708181250464,5.506514147560204e-05,8.852958359637785e-07,21.14224026143714,0.7108141588066709,1.0,1.560103594668076,4.770604268096002,4.637078754094298,4.504328526247582,3.799439539014385,3.9740312169797,1.0004421872126128,21.15779579629945,1206.2779501886548,9.12387059747945,302.7106577576344,3.35468958110042
11,205.0,3.445569714800401,0.9995589201162975,1.0000000000000002e-06,0.0003670500789078,1.0000000000000002e-06,1.8574475587429483e-05,5.05755386697143e-05,1.8797905373315453e-06,1.0000000000000002e-06,302.68,75.57,0.6772829390775736,0.0455944119994759,3.624115801788345,3.356246671306429,1206.18538151883,9.284025104639952,0.9998414898200156,7.66801522973641e-08,0.0001196624918722,4.248941006250545e-07,1.1428622506088963e-05,2.4844889615276323e-05,1.0711915413040888e-06,1.0014101966222903e-06,0.9749838961715996,8.130092068387033e-05,0.0218822932031,5.10168314646764e-05,0.000640047720131,0.0022883643331009,7.220346440464533e-05,8.77355515104631e-07,21.134810431030303,0.711084078883544,1.0,1.559552808902751,4.768043128346639,4.63537530241596,4.502381593153264,3.798109146254701,3.972098180764573,1.0004415164327471,21.15779579629945,1206.2779501886548,9.12387059747945,302.7106577576344,3.35468958110042
11,205.0,3.475310729298392,0.9995589201162975,1.0000000000000002e-06,0.0003670500789078,1.0000000000000002e-06,1.8574475587429483e-05,5.05755386697143e-05,1.8797905373315453e-06,1.0000000000000002e-06,302.68,75.57,0.6772829390775736,0.0459879678350984,3.624115801788345,3.356246671306429,1206.157034541954,9.336422298815556,0.999792491200294,1.1767074689353949e-07,0.000160455233431,5.426013091455084e-07,1.3368620864648284e-05,3.074506983984398e-05,1.2786680263161184e-06,1.0009354879319934e-06,0.967079646298373,0.0001236924708267,0.0290951376520833,6.460366647288693e-05,0.0007424756456487,0.0028081053494782,8.546900157889187e-05,8.699155384447147e-07,21.127437724319694,0.7113523362598385,1.0,1.5590046847672752,4.765505095503536,4.633685933191089,4.500446616258966,3.796788856524593,3.9701800124911424,1.0004408926933797,21.15779579629945,1206.2779501886548,9.12387059747945,302.7106577576344,3.35468958110042
11,205.0,3.505051743796382,0.9995589201162975,1.0000000000000002e-06,0.0003670500789078,1.0000000000000002e-06,1.8574475587429483e-05,5.05755386697143e-05,1.8797905373315453e-06,1.0000000000000002e-06,302.68,75.57,0.6772829390775736,0.0463815236707209,3.624115801788345,3.356246671306429,1206.129157297752,9.388731606608502,0.9997442836223608,1.732151378197486e-07,0.0002017074735459,6.507551232063081e-07,1.4884412761817068e-05,3.585310858968177e-05,1.4467804013363782e-06,1.0006320792683182e-06,0.95930817618235,0.0001805321338211,0.0362703571059256,7.68367512819739e-05,0.0008198528774067,0.003247476459582,9.590574243536748e-05,8.627471970326655e-07,21.12011271677021,0.7116191056267951,1.0,1.558458936110923,4.762978008099336,4.632008253222238,4.498522008231264,3.795477028080101,3.968274360121472,1.0004402953994558,21.15779579629945,1206.2779501886548,9.12387059747945,302.7106577576344,3.35468958110042
11,205.0,3.534792758294373,0.9995589201162975,1.0000000000000002e-06,0.0003670500789078,1.0000000000000002e-06,1.8574475587429483e-05,5.05755386697143e-05,1.8797905373315453e-06,1.0000000000000002e-06,302.68,75.57,0.6772829390775736,0.0467750795063434,3.624115801788345,3.356246671306429,1206.1016587079675,9.440891066503076,0.9996967536692096,2.523437177110414e-07,0.0002432594269897,7.500905611420936e-07,1.6097037955449363e-05,4.030176436516454e-05,1.5852521159406944e-06,1.0004150851840674e-06,0.9516660705344404,0.0002607871788843,0.0433804306868886,8.783571533525322e-05,0.0008794065832285,0.0036203908485899,0.0001042226817545,8.557708782498936e-07,21.11283378911547,0.71188433697424,1.0,1.5579157036127602,4.760462524755361,4.630341777339305,4.496608056694726,3.7941734233635858,3.966380953708445,1.000439706604405,21.15779579629945,1206.2779501886548,9.12387059747945,302.7106577576344,3.35468958110042
11,205.0,3.5645337727923634,0.9995589201162975,1.0000000000000002e-06,0.0003670500789078,1.0000000000000002e-06,1.8574475587429483e-05,5.05755386697143e-05,1.8797905373315453e-06,1.0000000000000002e-06,302.68,75.57,0.6772829390775736,0.0471686353419659,3.624115801788345,3.356246671306429,1206.074517272623,9.492784281594467,0.9996498790368038,3.734195669254861e-07,0.0002849256553052,8.412487763989429e-07,1.708512577160295e-05,4.419445905915078e-05,1.7008067538439069e-06,1.0002479628508174e-06,0.9441500978980204,0.0003826897081502,0.0503942223655358,9.7705394880362e-05,0.0009258314956431,0.0039376940723404,0.00011091011526,8.489501695799023e-07,21.10560936610476,0.7121476662026489,1.0,1.5573757455661392,4.757962190612307,4.628688416920055,4.494707646610946,3.792879603445276,3.964502191085138,1.000439104257488,21.15779579629945,1206.2779501886548,9.12387059747945,302.7106577576344,3.35468958110042
11,205.0,3.594274787290354,0.9995589201162975,1.0000000000000002e-06,0.0003670500789078,1.0000000000000002e-06,1.8574475587429483e-05,5.05755386697143e-05,1.8797905373315453e-06,1.0000000000000002e-06,302.68,75.57,0.6772829390775736,0.0475621911775883,3.624115801788345,3.356246671306429,1206.0478142059771,9.544141589135196,0.999603792455557,5.797277503496465e-07,0.0003263993134724,9.246072436174874e-07,1.790023506529805e-05,4.7605515096065e-05,1.798033111764497e-06,1.0001127033721858e-06,0.936757238927642,0.0005891976351267,0.0572603712893331,0.0001065169382389,0.0009622167954272,0.0042073116632763,0.0001163044864638,8.422644915393749e-07,21.098469076670384,0.7124080280900345,1.0,1.556841223581588,4.755487074336514,4.6270550703924505,4.492829417098205,3.791600923616148,3.962646109441408,1.0004384481092132,21.15779579629945,1206.2779501886548,9.12387059747945,302.7106577576344,3.35468958110042
11,205.0,3.6240158017883446,0.9995589201162975,1.0000000000000002e-06,0.0003670500789078,1.0000000000000002e-06,1.8574475587429483e-05,5.05755386697143e-05,1.8797905373315453e-06,1.0000000000000002e-06,302.68,75.57,0.6772829390775736,0.0479557470132108,3.624115801788345,3.356246671306429,1206.02190711812,9.59417561733402,0.999559066570714,9.978998152732089e-07,0.0003669173998821,9.99763307334219e-07,1.857244445702689e-05,5.056637907825321e-05,1.8795424026563904e-06,1.000000343389446e-06,0.9294848516670003,0.0010058757292317,0.0638500051657835,0.000114250378453,0.00099040977104,0.0044331667610113,0.0001206048290841,8.356983958064745e-07,21.09150882640057,0.7126621218477923,1.0,1.5563187989247624,4.753068134054996,4.6254641480768255,4.491000300982597,3.790354599910589,3.960838392618299,1.0004376311679863,21.15779579629945,1206.2779501886548,9.12387059747945,302.7106577576344,3.35468958110042
11,210.0,4.235351486871025,0.9995589201162975,1.0000000000000002e-06,0.0003670500789078,1.0000000000000002e-06,1.8574475587429483e-05,5.05755386697143e-05,1.8797905373315453e-06,1.0000000000000002e-06,302.68,75.57,0.6938020351526364,0.0560454080570467,4.491537072359547,4.235251486871025,1190.291348647671,11.358330812698735,0.999994951094716,1.3370322887833564e-09,2.749616776877805e-06,1.152142184335687e-08,4.318205780504869e-07,6.88966678669884e-07,3.36860599191636e-08,1.131956736106259e-06,0.9995367751638342,1.050719662230136e-06,0.0003855520129806,1.0502024218648383e-06,1.9495896891498186e-05,5.31091562794711e-05,1.9735496918844487e-06,9.93298238444108e-07,19.79340420564075,0.7401063769022564,1.0,1.4960358560460902,4.353862877161932,4.000227149113816,3.9082454383884033,3.48242163003266,3.662815181458389,1.0000000031988456,19.793904820789816,1190.2941504876192,11.354703713715036,302.7106577576344,4.233266563955471
11,210.0,4.263805440814194,0.9995589201162975,1.0000000000000002e-06,0.0003670500789078,1.0000000000000002e-06,1.8574475587429483e-05,5.05755386697143e-05,1.8797905373315453e-06,1.0000000000000002e-06,302.68,75.57,0.6938020351526364,0.0564219325236759,4.491537072359547,4.235251486871025,1190.2600278105413,11.407954650344784,0.999942688767599,2.179760273669749e-08,4.095986255886772e-05,1.624616215406793e-07,5.269991748205188e-06,9.451830559274242e-06,4.3787054941915057e-07,1.007417761037636e-06,0.9932758767376298,1.7015086365922476e-05,0.0057057846726084,1.4712141273959938e-05,0.0002363948963258,0.000723851068272,2.5486840779461643e-05,8.785567445020945e-07,19.786670420414985,0.7403566369923739,1.0,1.495589262920045,4.351776915298084,3.99888079738308,3.906737921969328,3.481323187294103,3.661246651726021,1.0000000031557064,19.793904820789816,1190.2941504876192,11.354703713715036,302.7106577576344,4.233266563955471
11,210.0,4.292259394757363,0.9995589201162975,1.0000000000000002e-06,0.0003670500789078,1.0000000000000002e-06,1.8574475587429483e-05,5.05755386697143e-05,1.8797905373315453e-06,1.0000000000000002e-06,302.68,75.57,0.6938020351526364,0.0567984569903051,4.491537072359547,4.235251486871025,1190.2299816318246,11.457653780609489,0.999891836699936,4.727926119670561e-08,8.022568540930787e-05,3.016459428376151e-07,8.70515966699844e-06,1.7121709857256415e-05,7.583402833764606e-07,1.0034796428650657e-06,0.9870978420339144,3.666036689186744e-05,0.0111028960504579,2.713941408488284e-05,0.0003879832775165,0.0013027533918446,4.385570843038492e-05,8.697568593113975e-07,19.78002174680264,0.7406044874518835,1.0,1.4951458852774768,4.349707678185898,3.997552546128944,3.905245620681365,3.480238347415791,3.659697849443828,1.000000003129614,19.793904820789816,1190.2941504876192,11.354703713715036,302.7106577576344,4.233266563955471
11,210.0,4.320713348700532,0.9995589201162975,1.0000000000000002e-06,0.0003670500789078,1.0000000000000002e-06,1.8574475587429483e-05,5.05755386697143e-05,1.8797905373315453e-06,1.0000000000000002e-06,302.68,75.57,0.6938020351526364,0.0571749814569344,4.491537072359547,4.235251486871025,1190.2007833252185,11.507361660801758,0.9998420906504004,7.960754239443762e-08,0.0001202845184365,4.294669061662678e-07,1.1253501072046116e-05,2.3843277023722445e-05,1.0168921785085903e-06,1.002086440172302e-06,0.9810007645242778,6.131978746690477e-05,0.0165393318471665,3.839104409049253e-05,0.0004983693969488,0.0018025285535725,5.843158556741176e-05,8.632609092831047e-07,19.773432472260268,0.7408506276439127,1.0,1.4947048482707268,4.347649828847464,3.99623698329663,3.9037638575522537,3.479163050703997,3.658162781328836,1.000000003103068,19.793904820789816,1190.2941504876192,11.354703713715036,302.7106577576344,4.233266563955471
11,210.0,4.349167302643702,0.9995589201162975,1.0000000000000002e-06,0.0003670500789078,1.0000000000000002e-06,1.8574475587429483e-05,5.05755386697143e-05,1.8797905373315453e-06,1.0000000000000002e-06,302.68,75.57,0.6938020351526364,0.0575515059235636,4.491537072359547,4.235251486871025,1190.172168439052,11.557033792506946,0.9997931935730616,1.2171093382145818e-07,0.0001609448298819,5.466700746552497e-07,1.3210064276703437e-05,2.97529189583392e-05,1.2288736381487382e-06,1.0013591749564395e-06,0.9749828336980508,9.313552524805876e-05,0.0219881952196597,4.8555858760754665e-05,0.0005813195589469,0.0022349395231783,7.016319825409593e-05,8.574179010785033e-07,19.766888460846364,0.7410954089638928,1.0,1.494265642617511,4.34560082343001,3.994931032934332,3.902290184188095,3.4780949981752154,3.6566381407810153,1.0000000030753993,19.793904820789816,1190.2941504876192,11.354703713715036,302.7106577576344,4.233266563955471
11,210.0,4.37762125658687,0.9995589201162975,1.0000000000000002e-06,0.0003670500789078,1.0000000000000002e-06,1.8574475587429483e-05,5.05755386697143e-05,1.8797905373315453e-06,1.0000000000000002e-06,302.68,75.57,0.6938020351526364,0.0579280303901928,4.491537072359547,4.235251486871025,1190.1439850062518,11.606628225122453,0.9997449860420567,1.7853565930794286e-07,0.0002020519565402,6.541066223145756e-07,1.4753915943505548e-05,3.496937063404799e-05,1.405169423053829e-06,1.0009031207202468e-06,0.9690423782256248,0.0001357277899602,0.0274282763220797,5.772973010390263e-05,0.0006451817812721,0.0026101322047839,7.972206637030698e-05,8.518798045407252e-07,19.760382912437688,0.7413389672820189,1.0,1.4938280953515877,4.343559786387985,3.993633209760452,3.900823630409872,3.477033111648077,3.6551224084509166,1.00000000304657,19.793904820789816,1190.2941504876192,11.354703713715036,302.7106577576344,4.233266563955471
11,210.0,4.40607521053004,0.9995589201162975,1.0000000000000002e-06,0.0003670500789078,1.0000000000000002e-06,1.8574475587429483e-05,5.05755386697143e-05,1.8797905373315453e-06,1.0000000000000002e-06,302.68,75.57,0.6938020351526364,0.058304554856822,4.491537072359547,4.235251486871025,1190.1161532458798,11.656087230470876,0.9996973821913662,2.590742693305079e-07,0.0002434610336397,7.526028128926612e-07,1.5999060350014947e-05,3.959186382480049e-05,1.5535896380369325e-06,1.0005840990102553e-06,0.963177835729101,0.0001956791676985,0.0328402271781783,6.600392209823015e-05,0.0006952680686752,0.002936549919863,8.758948713513345e-05,8.465272503531921e-07,19.753915151987403,0.7415812507163835,1.0,1.4933923388990549,4.341527322108154,3.992343328689817,3.899364515321305,3.4759773217645686,3.653615534878965,1.0000000030165883,19.793904820789816,1190.2941504876192,11.354703713715036,302.7106577576344,4.233266563955471
11,210.0,4.434529164473209,0.9995589201162975,1.0000000000000002e-06,0.0003670500789078,1.0000000000000002e-06,1.8574475587429483e-05,5.05755386697143e-05,1.8797905373315453e-06,1.0000000000000002e-06,302.68,75.57,0.6938020351526364,0.0586810793234512,4.491537072359547,4.235251486871025,1190.0886565041758,11.705305301944996,0.9996503750275932,3.814230791374976e-07,0.0002849999384003,8.428654130704971e-07,1.702062017395311e-05,4.370001274569379e-05,1.6797684448579437e-06,1.0003441498528035e-06,0.957387748859412,0.0002862346899227,0.0382015466410068,7.345701167847448e-05,0.0007350794923437,0.0032209791519487,9.41128461205358e-05,8.413075670290688e-07,19.747492643431237,0.7418219405181297,1.0,1.49295895768818,4.339506189377467,3.9910628932091066,3.897914983734129,3.474928890036568,3.6521194087167648,1.00000000298553,19.793904820789816,1190.2941504876192,11.354703713715036,302.7106577576344,4.233266563955471
11,210.0,4.462983118416378,0.9995589201162975,1.0000000000000002e-06,0.0003670500789078,1.0000000000000002e-06,1.8574475587429483e-05,5.05755386697143e-05,1.8797905373315453e-06,1.0000000000000002e-06,302.68,75.57,0.6938020351526364,0.0590576037900804,4.491537072359547,4.235251486871025,1190.0615726555857,11.754043522997785,0.9996040968170784,5.87607365237745e-07,0.000326382726897,9.253381589780604e-07,1.7868475077127786e-05,4.735121874627605e-05,1.7876621446021394e-06,1.000154532183486e-06,0.95167080334711,0.0004381436228616,0.0434751759075891,8.014289665398189e-05,0.0007669477364081,0.0034684127495826,9.953754669336094e-05,8.361931013229723e-07,19.74114008947701,0.7420601265572863,1.0,1.4925295589816046,4.337503988376191,3.989796943294684,3.8964812128681294,3.473891894523205,3.650640028284179,1.000000002953533,19.793904820789816,1190.2941504876192,11.354703713715036,302.7106577576344,4.233266563955471
11,210.0,4.491437072359547,0.9995589201162975,1.0000000000000002e-06,0.0003670500789078,1.0000000000000002e-06,1.8574475587429483e-05,5.05755386697143e-05,1.8797905373315453e-06,1.0000000000000002e-06,302.68,75.57,0.6938020351526364,0.0594341282567096,4.491537072359547,4.235251486871025,1190.0352305996687,11.801621453927174,0.9995590745925048,9.978694544903435e-07,0.0003669109815258,9.997545678433731e-07,1.857224294633309e-05,5.056506267830345e-05,1.8794958349489603e-06,1.0000004871916214e-06,0.9460260057830682,0.0007393293015674,0.0485705136499615,8.6053218513032e-05,0.0007922844638899,0.0036809750708719,0.0001040073458127,8.311663149342448e-07,19.73493513296281,0.7422930536885787,1.0,1.4921089629769997,4.335543498557148,3.988561334942632,3.8950819445798417,3.472879060436228,3.649196016975272,1.0000000029215872,19.793904820789816,1190.2941504876192,11.354703713715036,302.7106577576344,4.233266563955471
11,215.0,5.280949958130588,0.9995589201162975,1.0000000000000002e-06,0.0003670500789078,1.0000000000000002e-06,1.8574475587429483e-05,5.05755386697143e-05,1.8797905373315453e-06,1.0000000000000002e-06,302.68,75.57,0.7103211312276992,0.0698815662052479,5.527128574206158,5.280849958130588,1173.905037433093,13.993848558052774,0.9999938338653735,1.8110778615661206e-09,3.5856007394372764e-06,1.505069307113928e-08,5.378872582326658e-07,8.317719244179188e-07,3.9178805448718665e-08,1.154834127844968e-06,0.9995413635392252,1.0402948418663826e-06,0.000381722395287,1.039760385723453e-06,1.9302575707972837e-05,5.258359262662042e-05,1.9540922622141834e-06,9.937496634568273e-07,18.44762844773044,0.7721953839628128,1.0000000000275489,1.437317932450363,3.979716142743359,3.495316516458983,3.413659739432637,3.197424650861074,3.3826350533740914,1.0000000017351758,18.448205290897207,1173.908539729092,13.989350648063478,302.7106577576344,5.278346606766283
11,215.0,5.3082920265834295,0.9995589201162975,1.0000000000000002e-06,0.0003670500789078,1.0000000000000002e-06,1.8574475587429483e-05,5.05755386697143e-05,1.8797905373315453e-06,1.0000000000000002e-06,302.68,75.57,0.7103211312276992,0.0702433773532278,5.527128574206158,5.280849958130588,1173.8737141635431,14.041208183731376,0.999942264086444,2.313215528133741e-08,4.186417766833254e-05,1.6625862847963975e-07,5.203647190479007e-06,9.059305755195326e-06,4.0865230389157993e-07,1.0107398540931423e-06,0.9947641846873304,1.3218329305405328e-05,0.0044343642486797,1.1428152270392196e-05,0.000185812229725,0.0005698463980924,2.028028502296844e-05,8.65669573718226e-07,18.44164193361389,0.7724280499475917,1.0000000000284894,1.4369478471139447,3.9780231227109786,3.494275770788352,3.412501848927209,3.1965385568603417,3.381374325647805,1.0000000017340085,18.448205290897207,1173.908539729092,13.989350648063478,302.7106577576344,5.278346606766283
11,215.0,5.33563409503627,0.9995589201162975,1.0000000000000002e-06,0.0003670500789078,1.0000000000000002e-06,1.8574475587429483e-05,5.05755386697143e-05,1.8797905373315453e-06,1.0000000000000002e-06,302.68,75.57,0.7103211312276992,0.0706051885012077,5.527128574206158,5.280849958130588,1173.8435158960017,14.08864206286794,0.999891841068438,4.958095857987496e-08,8.109346160643559e-05,3.052011839853133e-07,8.57360995044511e-06,1.6418478684591193e-05,7.135907592884375e-07,1.0050084185507096e-06,0.9900360775614394,2.8185705298494723e-05,0.0085465288007287,2.0873966146232524e-05,0.0003046383843351,0.0010276011727848,3.523766964471719e-05,8.567396224220657e-07,18.43572159776144,0.7726613418498225,1.000000000029159,1.4365800470098693,3.976342086203256,3.4932472083094157,3.411354280294019,3.195662062222859,3.3801322017540976,1.000000001732792,18.448205290897207,1173.908539729092,13.989350648063478,302.7106577576344,5.278346606766283
11,215.0,5.362976163489112,0.9995589201162975,1.0000000000000002e-06,0.0003670500789078,1.0000000000000002e-06,1.8574475587429483e-05,5.05755386697143e-05,1.8797905373315453e-06,1.0000000000000002e-06,302.68,75.57,0.7103211312276992,0.0709669996491876,5.527128574206158,5.280849958130588,1173.8140840849628,14.13608969490732,0.99984235542534,8.301446320611516e-08,0.0001210505830409,4.325301891506994e-07,1.1107534515597284e-05,2.2999891777634323e-05,9.680478210234978e-07,1.0029728525448128e-06,0.9853561000729996,4.694974636505794e-05,0.0126939778083645,2.9435665375400348e-05,0.0003927396446184,0.0014323792091765,4.7566821448442354e-05,8.51031652154012e-07,18.429848158303912,0.772893178255346,1.0000000000289195,1.4362139454031893,3.9746693145954457,3.492227335137527,3.4102139556593225,3.194792429974203,3.378899813723588,1.0000000017303554,18.448205290897207,1173.908539729092,13.989350648063478,302.7106577576344,5.278346606766283
11,215.0,5.3903182319419525,0.9995589201162975,1.0000000000000002e-06,0.0003670500789078,1.0000000000000002e-06,1.8574475587429483e-05,5.05755386697143e-05,1.8797905373315453e-06,1.0000000000000002e-06,302.68,75.57,0.7103211312276992,0.0713288107971675,5.527128574206158,5.280849958130588,1173.7851860939195,14.18350897741955,0.9997935994940832,1.263906815331275e-07,0.0001615707918318,5.491365889288003e-07,1.3074274043014705e-05,2.889529383757705e-05,1.1827027599416671e-06,1.001916174100042e-06,0.9807233313173824,7.111671007834357e-05,0.0168590119827666,3.718672375712661e-05,0.0004600258531196,0.00179065249205,5.7828714791230114e-05,8.462060545919365e-07,18.424010955831086,0.773123850291504,1.0000000000277025,1.4358491856777642,3.973003027973764,3.491214128164408,3.409079245174702,3.193928064966133,3.37767489984776,1.0000000017265736,18.448205290897207,1173.908539729092,13.989350648063478,302.7106577576344,5.278346606766283
11,215.0,5.417660300394794,0.9995589201162975,1.0000000000000002e-06,0.0003670500789078,1.0000000000000002e-06,1.8574475587429483e-05,5.05755386697143e-05,1.8797905373315453e-06,1.0000000000000002e-06,302.68,75.57,0.7103211312276992,0.0716906219451474,5.527128574206158,5.280849958130588,1173.756686762186,14.23085999924017,0.9997454456165604,1.846695183957273e-07,0.0002025182567428,6.559527660128236e-07,1.4640044184537345e-05,3.418859159387936e-05,1.365608492975768e-06,1.0012601408882878e-06,0.9761369455198956,0.0001033809066369,0.0210272823453758,4.420195127775261e-05,0.0005126203419167,0.0021082816302342,6.644554033487667e-05,8.41764328031399e-07,18.41820499155406,0.7733534685026933,1.0000000000254647,1.4354856549030068,3.9713426430221728,3.490206633674352,3.407949527210619,3.193068234789197,3.3764564450589307,1.0000000017213757,18.448205290897207,1173.908539729092,13.989350648063478,302.7106577576344,5.278346606766283
11,215.0,5.445002368847635,0.9995589201162975,1.0000000000000002e-06,0.0003670500789078,1.0000000000000002e-06,1.8574475587429483e-05,5.05755386697143e-05,1.8797905373315453e-06,1.0000000000000002e-06,302.68,75.57,0.7103211312276992,0.0720524330931273,5.527128574206158,5.280849958130588,1173.7285152070954,14.278088988136082,0.999697828361994,2.667890534411976e-07,0.000243762518894,7.538510600150398e-07,1.5912297822810836e-05,3.895253522431448e-05,1.5228388894266964e-06,1.0008070620600405e-06,0.9715961906438852,0.0001485980006952,0.025185279340251,5.055066694728228e-05,0.0005544804347077,0.0023903279368937,7.373544111497544e-05,8.375355045393142e-07,18.412430148593376,0.7735819811857916,1.0000000000221858,1.4351234695309811,3.9696886733219054,3.4892048008458314,3.406825085475756,3.192212942417941,3.37524449422796,1.0000000017147186,18.448205290897207,1173.908539729092,13.989350648063478,302.7106577576344,5.278346606766283
11,215.0,5.472344437300476,0.9995589201162975,1.0000000000000002e-06,0.0003670500789078,1.0000000000000002e-06,1.8574475587429483e-05,5.05755386697143e-05,1.8797905373315453e-06,1.0000000000000002e-06,302.68,75.57,0.7103211312276992,0.0724142442411072,5.527128574206158,5.280849958130588,1173.7006580730226,14.325100199828745,0.9996507514829897,3.905249811230429e-07,0.0002851453922036,8.435688365835722e-07,1.6962759420684427e-05,4.324684942891546e-05,1.6589509231957329e-06,1.0004712162753763e-06,0.9671003894746132,0.0002164238174624,0.0293169163267375,5.629184519383359e-05,0.0005882484385102,0.0026409593351339,7.993731750820735e-05,8.334448406449023e-07,18.40669293386337,0.7738091035907104,1.0000000000178548,1.4347630898247306,3.968043247789048,3.48820977597077,3.405707500285684,3.1913631776706906,3.374040516651706,1.0000000017065902,18.448205290897207,1173.908539729092,13.989350648063478,302.7106577576344,5.278346606766283
11,215.0,5.499686505753317,0.9995589201162975,1.0000000000000002e-06,0.0003670500789078,1.0000000000000002e-06,1.8574475587429483e-05,5.05755386697143e-05,1.8797905373315453e-06,1.0000000000000002e-06,302.68,75.57,0.7103211312276992,0.0727760553890871,5.527128574206158,5.280849958130588,1173.6731886004209,14.371682090701114,0.9996043434058486,5.964672061655991e-07,0.0003264033443387,9.255869960022884e-07,1.7839616852214883e-05,4.7114146273711856e-05,1.777222601982667e-06,1.0002098825745929e-06,0.9626489804760628,0.0003289016383568,0.0333956689735379,6.146632714543556e-05,0.0006157040940951,0.0028632248573538,8.52241792899728e-05,8.294541580684322e-07,18.401013832616226,0.7740340406203772,1.000000000012513,1.4344057457370432,3.966412084170195,3.4872252037849623,3.404601186146101,3.1905220059659394,3.3728489854670616,1.0000000016970425,18.448205290897207,1173.908539729092,13.989350648063478,302.7106577576344,5.278346606766283
11,215.0,5.527028574206159,0.9995589201162975,1.0000000000000002e-06,0.0003670500789078,1.0000000000000002e-06,1.8574475587429483e-05,5.05755386697143e-05,1.8797905373315453e-06,1.0000000000000002e-06,302.68,75.57,0.7103211312276992,0.073137866537067,5.527128574206158,5.280849958130588,1173.64640536029,14.417248921013538,0.9995590821322377,9.978570237011e-07,0.0003669050268135,9.997448356162832e-07,1.8572046884071188e-05,5.056374533096986e-05,1.8794461904656695e-06,1.000000684099301e-06,0.9582416916544656,0.0005475008039083,0.0373581666578091,6.607190065599425e-05,0.0006379412592732,0.0030581072168837,8.969496568458283e-05,8.255413193334702e-07,18.395455293265773,0.7742544454695632,1.0000000000061713,1.4340550248416808,3.9648118688707945,3.4862621982466484,3.403519170454466,3.1896987152684044,3.371683386379189,1.0000000016860606,18.448205290897207,1173.908539729092,13.989350648063478,302.7106577576344,5.278346606766283
11,220.0,6.512634016690794,0.9995589201162975,1.0000000000000002e-06,0.0003670500789078,1.0000000000000002e-06,1.8574475587429483e-05,5.05755386697143e-05,1.8797905373315453e-06,1.0000000000000002e-06,302.68,75.57,0.726840227302762,0.0861801510743786,6.750079908713624,6.512534016690794,1157.0497299317008,17.086078476655224,0.9999924719388344,2.432273242029104e-09,4.619832774268627e-06,1.9283750321886177e-08,6.646043701795099e-07,1.001742447067245e-06,4.548589543244293e-08,1.1746796553996146e-06,0.9995448660957524,1.032337166166463e-06,0.0003787986216669,1.031790908504086e-06,1.9155042165554836e-05,5.218252338158342e-05,1.9392513763442296e-06,9.943375824106548e-07,17.120479378336693,0.8068688519421784,1.0,1.384187235545502,3.646459897325879,3.0920328164636715,3.003539050264724,2.942510560170412,3.132607880972423,1.0000000011218213,17.121140165384258,1157.0541060432145,17.08052563899556,302.7106577576344,6.509407158415541
11,220.0,6.539005782471109,0.9995589201162975,1.0000000000000002e-06,0.0003670500789078,1.0000000000000002e-06,1.8574475587429483e-05,5.05755386697143e-05,1.8797905373315453e-06,1.0000000000000002e-06,302.68,75.57,0.726840227302762,0.0865291224357696,6.750079908713624,6.512534016690794,1157.0183314177923,17.13157589214261,0.999941514015783,2.471928980593295e-08,4.2942344513160495e-05,1.696985068433835e-07,5.170229673226551e-06,8.778899519780645e-06,3.852247435776754e-07,1.0148679705833138e-06,0.9958522053249051,1.0448889381402852e-05,0.0035071287228734,9.044275745481892e-06,0.0001484398933697,0.0004555172295225,1.6359710739586736e-05,8.559534625269835e-07,17.115132377749163,0.8070853765689819,1.0,1.3838830553936845,3.6450764061179535,3.091216110949083,3.0026367323869296,2.941784984359119,3.1315882252967384,1.000000001135516,17.121140165384258,1157.0541060432145,17.08052563899556,302.7106577576344,6.509407158415541
11,220.0,6.565377548251423,0.9995589201162975,1.0000000000000002e-06,0.0003670500789078,1.0000000000000002e-06,1.8574475587429483e-05,5.05755386697143e-05,1.8797905373315453e-06,1.0000000000000002e-06,302.68,75.57,0.726840227302762,0.0868780937971605,6.750079908713624,6.512534016690794,1156.9879361906455,17.177145439389577,0.9998914999116196,5.2259534480659854e-08,8.212204089445886e-05,3.0776715964019134e-07,8.474543131862104e-06,1.586120367419819e-05,6.753334525388841e-07,1.0069405332207277e-06,0.992189454955188,2.2000495041075152e-05,0.0066806243822731,1.6338832581427723e-05,0.0002423737003383,0.0008197926887763,2.85687375187348e-05,8.462082829771026e-07,17.109837614605468,0.8073002211311945,1.0,1.3835805103500922,3.643701673852222,3.090407842139146,3.0017416202988763,2.941066373451119,3.130578482041694,1.000000001149774,17.121140165384258,1157.0541060432145,17.08052563899556,302.7106577576344,6.509407158415541
11,220.0,6.591749314031738,0.9995589201162975,1.0000000000000002e-06,0.0003670500789078,1.0000000000000002e-06,1.8574475587429483e-05,5.05755386697143e-05,1.8797905373315453e-06,1.0000000000000002e-06,302.68,75.57,0.726840227302762,0.0872270651585515,6.750079908713624,6.512534016690794,1156.9582398183463,17.22273246387477,0.999842289431737,8.694054561991296e-08,0.0001219672485845,4.342841418625081e-07,1.0989315225598565e-05,2.230400524885683e-05,9.24674299439068e-07,1.004100217006843e-06,0.9885561250079864,3.645269565505176e-05,0.0098832397991349,2.296587752262186e-05,0.0003130945974839,0.0011483157408691,3.896548647395586e-05,8.407948737993684e-07,17.104580360709527,0.8075138508657268,1.0,1.383279195515174,3.642333065546476,3.0896056828498084,3.000851626666273,2.9403528307442364,3.1295758280181967,1.0000000011642614,17.121140165384258,1157.0541060432145,17.08052563899556,302.7106577576344,6.509407158415541
11,220.0,6.618121079812052,0.9995589201162975,1.0000000000000002e-06,0.0003670500789078,1.0000000000000002e-06,1.8574475587429483e-05,5.05755386697143e-05,1.8797905373315453e-06,1.0000000000000002e-06,302.68,75.57,0.726840227302762,0.0875760365199424,6.750079908713624,6.512534016690794,1156.9290356859792,17.26829749539197,0.9997937112680764,1.3174772158059745e-07,0.0001623351287152,5.50203925504505e-07,1.2960405615207754e-05,2.8168134373205297e-05,1.1404845427014131e-06,1.0026270302717036e-06,0.9849517031514752,5.501715232879954e-05,0.0131031164542952,2.898346019563555e-05,0.0003678463178981,0.0014446221784101,4.787472256587743e-05,8.365628310042748e-07,17.09935243110454,0.8077265052657944,1.0,1.382978860989285,3.640969308353248,3.08880825951277,2.9999656327339026,2.939643215957342,3.128578670382775,1.0000000011786263,17.121140165384258,1157.0541060432145,17.08052563899556,302.7106577576344,6.509407158415541
11,220.0,6.644492845592366,0.9995589201162975,1.0000000000000002e-06,0.0003670500789078,1.0000000000000002e-06,1.8574475587429483e-05,5.05755386697143e-05,1.8797905373315453e-06,1.0000000000000002e-06,302.68,75.57,0.726840227302762,0.0879250078813334,6.750079908713624,6.512534016690794,1156.900202341805,17.313802812088326,0.999745661058712,1.916477412386252e-07,0.0002031061360745,6.564816141142248e-07,1.45424030770363e-05,3.3512011972769056e-05,1.328543983133573e-06,1.0017168252099511e-06,0.9813757498622188,7.97101454898047e-05,0.0163304514954517,3.4448761772401946e-05,0.0004111817955753,0.0017120698368902,5.555527175409677e-05,8.328308474539706e-07,17.094150080760738,0.8079382744236058,1.0,1.3826794326257832,3.639609999721295,3.088014937102049,2.9990832233189257,2.938937014066861,3.1275863073474173,1.000000001192839,17.121140165384258,1157.0541060432145,17.08052563899556,302.7106577576344,6.509407158415541
11,220.0,6.67086461137268,0.9995589201162975,1.0000000000000002e-06,0.0003670500789078,1.0000000000000002e-06,1.8574475587429483e-05,5.05755386697143e-05,1.8797905373315453e-06,1.0000000000000002e-06,302.68,75.57,0.726840227302762,0.0882739792427243,6.750079908713624,6.512534016690794,1156.87167596775,17.35919841445201,0.9996980881806607,2.7550354725047294e-07,0.0002441631717014,7.539927814605659e-07,1.5836647862651864e-05,3.838799120128057e-05,1.49341947339372e-06,1.0010927719746685e-06,0.9778278828913028,0.0001141298294343,0.01955579116827,3.9413928139144686e-05,0.0004460851726367,0.0019536561694918,6.221147662878404e-05,8.293640960757592e-07,17.088973494836246,0.8081491108335307,1.0,1.3823810069400693,3.638255556815233,3.0872257214630223,2.998204630143866,2.938234257302811,3.126598816570098,1.0000000012068784,17.121140165384258,1157.0541060432145,17.08052563899556,302.7106577576344,6.509407158415541
11,220.0,6.697236377152995,0.9995589201162975,1.0000000000000002e-06,0.0003670500789078,1.0000000000000002e-06,1.8574475587429483e-05,5.05755386697143e-05,1.8797905373315453e-06,1.0000000000000002e-06,302.68,75.57,0.726840227302762,0.0886229506041153,6.750079908713624,6.512534016690794,1156.8434452702068,17.404397434668567,0.9996510032425704,4.007106027015293e-07,0.0002853619408182,8.43472955956908e-07,1.691159038927148e-05,4.283974664902432e-05,1.6386617085872122e-06,1.000634305751168e-06,0.9743077808300816,0.0001653378179745,0.0227676639201607,4.392302348082906e-05,0.0004745727399308,0.0021718931970768,6.800241133663861e-05,8.260599577673791e-07,17.08382826113306,0.8083587686000222,1.0,1.3820839380650864,3.6369076101094033,3.0864414783365217,2.9973310153159107,2.937535719058188,3.125617334457184,1.000000001220703,17.121140165384258,1157.0541060432145,17.08052563899556,302.7106577576344,6.509407158415541
11,220.0,6.723608142933309,0.9995589201162975,1.0000000000000002e-06,0.0003670500789078,1.0000000000000002e-06,1.8574475587429483e-05,5.05755386697143e-05,1.8797905373315453e-06,1.0000000000000002e-06,302.68,75.57,0.726840227302762,0.0889719219655062,6.750079908713624,6.512534016690794,1156.8155778455482,17.449212855474023,0.9996045279063408,6.062502217004725e-07,0.0003264619869397,9.254139952309136e-07,1.781374078931492e-05,4.689754916506068e-05,1.7668714893972972e-06,1.0002810587721051e-06,0.970815223101864,0.0002491555084395,0.0259471498123624,4.800682757431224e-05,0.000498017362969,0.0023685790166766,7.304550362967125e-05,8.228664844096053e-07,17.07873125580386,0.8085688300615189,1.0,1.381789148332107,3.635570442930017,3.0856648491696776,2.996465542752367,2.93684371226947,3.124645203755504,1.0000000012342456,17.121140165384258,1157.0541060432145,17.08052563899556,302.7106577576344,6.509407158415541
11,220.0,6.749979908713624,0.9995589201162975,1.0000000000000002e-06,0.0003670500789078,1.0000000000000002e-06,1.8574475587429483e-05,5.05755386697143e-05,1.8797905373315453e-06,1.0000000000000002e-06,302.68,75.57,0.726840227302762,0.0893208933268972,6.750079908713624,6.512534016690794,1156.788341180754,17.493142734806284,0.999559089165162,9.978612976929817e-07,0.0003668995345545,9.997340763832018e-07,1.857185811799261e-05,5.0562451704946736e-05,1.8793941403400004e-06,1.0000009460266222e-06,0.9673502507223036,0.0004084842845286,0.0290500780413621,5.166609521796457e-05,0.0005172776645535,0.0025440186221046,7.740481520240716e-05,8.197547269447e-07,17.07373231788482,0.8087777756287928,1.0,1.381499250750742,3.634256211338069,3.0849036389248554,2.995617284028792,2.9361650363688265,3.123692204185173,1.0000000012472687,17.121140165384258,1157.0541060432145,17.08052563899556,302.7106577576344,6.509407158415541
11,225.0,7.950701296482207,0.9995589201162975,1.0000000000000002e-06,0.0003670500789078,1.0000000000000002e-06,1.8574475587429483e-05,5.05755386697143e-05,1.8797905373315453e-06,1.0000000000000002e-06,302.68,75.57,0.7433593233778247,0.1052097564705863,8.180433892801254,7.950601296482207,1139.6501023635192,20.694432776277207,0.999990823439144,3.241294621389872e-09,5.886392631992818e-06,2.4273045393062962e-08,8.148014625508781e-07,1.2035892231904956e-06,5.2723122948362864e-08,1.1915400752565772e-06,0.9995475718040802,1.0261899559363457e-06,0.0003765396985904,1.025637344132704e-06,1.904111318012324e-05,5.187279263250237e-05,1.927796955351493e-06,9.949672612800422e-07,15.812573813636092,0.8444607918862957,1.0,1.3359922090650076,3.348715761983747,2.766333578387361,2.660981412157569,2.7138267707393933,2.9080634042535083,1.0000000004665062,15.813326197117547,1139.6555629264626,20.687604017864448,302.7106577576344,7.946729358776584
11,225.0,7.976216029406546,0.9995589201162975,1.0000000000000002e-06,0.0003670500789078,1.0000000000000002e-06,1.8574475587429483e-05,5.05755386697143e-05,1.8797905373315453e-06,1.0000000000000002e-06,302.68,75.57,0.7433593233778247,0.1055473869181758,8.180433892801254,7.950601296482207,1139.6185599812432,20.738412186590047,0.999940423292212,2.6605365049317083e-08,4.422120352167272e-05,1.72923563042019e-07,5.16906956754247e-06,8.60014643374346e-06,3.669121827480798e-07,1.0198471540758712e-06,0.996660261951624,8.395844868884113e-06,0.0028199013643199,7.284120338058522e-06,0.0001204286463087,0.0003695042425489,1.3374628513872118e-05,8.492014776294511e-07,15.807782039612825,0.8446664882616381,1.0,1.335743767219122,3.347584061684699,2.765683996835329,2.660275482303032,2.713231555962801,2.907231015068413,1.000000000468256,15.813326197117547,1139.6555629264626,20.687604017864448,302.7106577576344,7.946729358776584
11,225.0,8.001730762330885,0.9995589201162975,1.0000000000000002e-06,0.0003670500789078,1.0000000000000002e-06,1.8574475587429483e-05,5.05755386697143e-05,1.8797905373315453e-06,1.0000000000000002e-06,302.68,75.57,0.7433593233778247,0.1058850173657653,8.180433892801254,7.950601296482207,1139.587920369487,20.782460864507133,0.9998908095945443,5.5365108933578586e-08,8.332990640549884e-05,3.095314775344672e-07,8.406568677498115e-06,1.5436623473247838e-05,6.430919987596128e-07,1.0093183141502007e-06,0.9937916895492664,1.7414883795724677e-05,0.0052972444917677,1.2998244684866816e-05,0.0001952617988598,0.0006611831026213,2.336985298683871e-05,8.380760171001951e-07,15.803028877132142,0.8448707171401346,1.0,1.3354965144487965,3.346458939862319,2.765040396498208,2.6595746730642182,2.712641551629218,2.9064062334305647,1.0000000004781118,15.813326197117547,1139.6555629264626,20.687604017864448,302.7106577576344,7.946729358776584
11,225.0,8.027245495255222,0.9995589201162975,1.0000000000000002e-06,0.0003670500789078,1.0000000000000002e-06,1.8574475587429483e-05,5.05755386697143e-05,1.8797905373315453e-06,1.0000000000000002e-06,302.68,75.57,0.7433593233778247,0.1062226478133548,8.180433892801254,7.950601296482207,1139.5579224928497,20.826529488348285,0.9998418926575084,9.14374519346415e-08,0.0001230457294193,4.349311134377754e-07,1.089761691322229e-05,2.1745452708848276e-05,8.866768656061814e-07,1.0054980190955577e-06,0.990941569928706,2.8668414788625533e-05,0.0077977036604906,1.8208017621727603e-05,0.0002523575106948,0.0009285368617019,3.2123036926985284e-05,8.325690694871973e-07,15.798307653483302,0.8450738926336165,1.0,1.3352501486428645,3.345338357457854,2.7644012047290647,2.6588775647606178,2.712055322240194,2.905586548839209,1.0000000004836471,15.813326197117547,1139.6555629264626,20.687604017864448,302.7106577576344,7.946729358776584
11,225.0,8.052760228179562,0.9995589201162975,1.0000000000000002e-06,0.0003670500789078,1.0000000000000002e-06,1.8574475587429483e-05,5.05755386697143e-05,1.8797905373315453e-06,1.0000000000000002e-06,302.68,75.57,0.7433593233778247,0.1065602782609443,8.180433892801254,7.950601296482207,1139.52838164462,20.870581412304546,0.9997935287193764,1.3783180685342828e-07,0.0001632436601991,5.500674084277835e-07,1.2867607913273762e-05,2.7566185625876263e-05,1.1024156854984726e-06,1.0035119844160972e-06,0.9881095970297636,4.307536325918854e-05,0.0103131709981017,2.295752219002444e-05,0.0002970799138197,0.001173473478276,3.9817085765147786e-05,8.286088245396812e-07,15.793610408209108,0.845276212783152,1.0,1.335004498531576,3.344221445889769,2.763765456428789,2.6581833612571293,2.7114720687461507,2.904770978315804,1.000000000489023,15.813326197117547,1139.6555629264626,20.687604017864448,302.7106577576344,7.946729358776584
11,225.0,8.0782749611039,0.9995589201162975,1.0000000000000002e-06,0.0003670500789078,1.0000000000000002e-06,1.8574475587429483e-05,5.05755386697143e-05,1.8797905373315453e-06,1.0000000000000002e-06,302.68,75.57,0.7433593233778247,0.1068979087085338,8.180433892801254,7.950601296482207,1139.49918784814,20.914581209036147,0.9997456306552884,1.9951217367891894e-07,0.0002038180209278,6.55865746205101e-07,1.4460497498448185e-05,3.2938845166410214e-05,1.2943163247510389e-06,1.0022868742523823e-06,0.985295516811486,6.215177412657078e-05,0.0128368586276296,2.728949431248514e-05,0.0003328541567853,0.0013978978363869,4.660600076491129e-05,8.252985078108403e-07,15.788934282277587,0.8454777544448178,1.0,1.334759515118423,3.34310791979831,2.7631327140969284,2.657491772714385,2.710891417435508,2.9039590223607075,1.0000000004942922,15.813326197117547,1139.6555629264626,20.687604017864448,302.7106577576344,7.946729358776584
11,225.0,8.103789694028238,0.9995589201162975,1.0000000000000002e-06,0.0003670500789078,1.0000000000000002e-06,1.8574475587429483e-05,5.05755386697143e-05,1.8797905373315453e-06,1.0000000000000002e-06,302.68,75.57,0.7433593233778247,0.1072355391561233,8.180433892801254,7.950601296482207,1139.4702830059266,20.95848251741282,0.999698158384586,2.852412553956908e-07,0.0002446637832555,7.531664543470722e-07,1.577188357574911e-05,3.7900404230255056e-05,1.4656865124803164e-06,1.0014501300247097e-06,0.9824991231272464,8.857390643381645e-05,0.0153621041235596,3.124262101711452e-05,0.000361954577553,0.0016035625371733,5.261678032577335e-05,8.223266912655017e-07,15.784279603043798,0.8456784741819988,1.0,1.3345152752181464,3.341998105954985,2.762503002726368,2.6568029744462534,2.710313404238525,2.903150759157028,1.0000000004994836,15.813326197117547,1139.6555629264626,20.687604017864448,302.7106577576344,7.946729358776584
11,225.0,8.129304426952578,0.9995589201162975,1.0000000000000002e-06,0.0003670500789078,1.0000000000000002e-06,1.8574475587429483e-05,5.05755386697143e-05,1.8797905373315453e-06,1.0000000000000002e-06,302.68,75.57,0.7433593233778247,0.1075731696037128,8.180433892801254,7.950601296482207,1139.4416569630298,21.00220663328286,0.9996511262577444,4.1196880628049873e-07,0.0002856500550236,8.426741799536156e-07,1.6867057015906197e-05,4.2481968208198615e-05,1.6191803576120036e-06,1.000838663940118e-06,0.9797202624177134,0.0001275181406059,0.017880712240198,3.4849514165519586e-05,0.0003859349578414,0.0017919516707371,5.795150189084214e-05,8.195568476124404e-07,15.77965110141978,0.8458795622972147,1.0,1.334272045997588,3.3408932369516005,2.761876970889432,2.656117808937097,2.709738620637536,2.9023470545703183,1.000000000504628,15.813326197117547,1139.6555629264626,20.687604017864448,302.7106577576344,7.946729358776584
11,225.0,8.154819159876915,0.9995589201162975,1.0000000000000002e-06,0.0003670500789078,1.0000000000000002e-06,1.8574475587429483e-05,5.05755386697143e-05,1.8797905373315453e-06,1.0000000000000002e-06,302.68,75.57,0.7433593233778247,0.1079108000513023,8.180433892801254,7.950601296482207,1139.413370971289,21.04558863273454,0.999604646865825,6.168983409646889e-07,0.0003265594309314,9.248684298333216e-07,1.7790870512864945e-05,4.67039351210247e-05,1.756760412354566e-06,1.0003704264285869e-06,0.9769588708693788,0.0001903446713415,0.0203792015605633,3.813312674345969e-05,0.000405864485447,0.0019640820041272,6.268636244709865e-05,8.169199513424114e-07,15.77506257035106,0.8460819538869749,1.0,1.33403050676693,3.3397964868144303,2.7612565339334703,2.6554385243932086,2.709168790771612,2.901550387266352,1.0000000005097438,15.813326197117547,1139.6555629264626,20.687604017864448,302.7106577576344,7.946729358776584
11,225.0,8.180333892801254,0.9995589201162975,1.0000000000000002e-06,0.0003670500789078,1.0000000000000002e-06,1.8574475587429483e-05,5.05755386697143e-05,1.8797905373315453e-06,1.0000000000000002e-06,302.68,75.57,0.7433593233778247,0.1082484304988918,8.180433892801254,7.950601296482207,1139.3856614943184,21.08820061239331,0.9995590956867868,9.97880690940072e-07,0.0003668944873432,9.997222372466564e-07,1.8571677893270112e-05,5.0561203374957736e-05,1.8793403876667952e-06,1.0000012859053737e-06,0.9742151170643402,0.000306924712673,0.022826872285761,4.1095374532535565e-05,0.000422424861563,0.0021198919080505,6.685941500666634e-05,8.14378072913594e-07,15.77055343423847,0.8462810228746008,1.0,1.333792523888776,3.338716603091443,2.7606471742884384,2.6547713807639086,2.708608832464326,2.9007677909408165,1.000000000514835,15.813326197117547,1139.6555629264626,20.687604017864448,302.7106577576344,7.946729358776584
11,230.0,9.616232253472248,0.9995589201162975,1.0000000000000002e-06,0.0003670500789078,1.0000000000000002e-06,1.8574475587429483e-05,5.05755386697143e-05,1.8797905373315453e-06,1.0000000000000002e-06,302.68,75.57,0.7598784194528875,0.1272493350995401,9.839051198642553,9.616132253472248,1121.620211999572,24.88667418172522,0.9999888402565128,4.289979340451789e-09,7.424276167563768e-06,3.006709388359102e-08,9.916006430326517e-07,1.4429772228936602e-06,6.103332326943142e-08,1.2054990571747908e-06,0.9995496851950124,1.0213883993877935e-06,0.0003747750391267,1.0208346927769589e-06,1.895216542070773e-05,5.163093313734637e-05,1.9188584435257844e-06,9.955857671234864e-07,14.52471578963192,0.8854955270690815,1.0,1.2922012818400916,3.0814676228438747,2.500597837497003,2.3735599587093072,2.508099859464161,2.705487547891778,1.0,14.52556748614066,1121.6270137216943,24.87830228106012,302.7106577576344,9.61137473881863
11,230.0,9.640978802935615,0.9995589201162975,1.0000000000000002e-06,0.0003670500789078,1.0000000000000002e-06,1.8574475587429483e-05,5.05755386697143e-05,1.8797905373315453e-06,1.0000000000000002e-06,302.68,75.57,0.7598784194528875,0.1275768003564326,9.839051198642553,9.616132253472248,1121.5884587542428,24.929434945470536,0.999938967197768,2.8849300464911906e-08,4.573273653515668e-05,1.7608470571044046e-07,5.200109688296223e-06,8.516141137630748e-06,3.531880499332675e-07,1.0256928150512257e-06,0.997269362810695,6.850604536578095e-06,0.0023027956865323,5.963598915013097e-06,9.914706420913728e-05,0.0003039583577571,1.1076661262543917e-05,8.452160922417907e-07,14.520408297304694,0.8856957599456259,1.0,1.291991655261573,3.0805314659424488,2.500073226492264,2.3730024677135804,2.507606540963189,2.704802679351005,1.0,14.52556748614066,1121.6270137216943,24.87830228106012,302.7106577576344,9.61137473881863
11,230.0,9.665725352398985,0.9995589201162975,1.0000000000000002e-06,0.0003670500789078,1.0000000000000002e-06,1.8574475587429483e-05,5.05755386697143e-05,1.8797905373315453e-06,1.0000000000000002e-06,302.68,75.57,0.7598784194528875,0.1279042656133251,9.839051198642553,9.616132253472248,1121.5575235346969,24.972261088846764,0.9998897573468676,5.8961701510569335e-08,8.474122657170578e-05,3.106916876263732e-07,8.36877498873609e-06,1.5134392130486312e-05,6.164289660465725e-07,1.0121770861000216e-06,0.9950010542194582,1.396446098558618e-05,0.0042563520423581,1.0496436794499398e-05,0.0001591759871887,0.000538839791389,1.9284822646975107e-05,8.322391788779845e-07,14.51613430300781,0.8858946935989637,1.0,1.291782942093742,3.079600194763105,2.4995529782263146,2.372448710986039,2.507117100469888,2.704123294740723,1.0,14.52556748614066,1121.6270137216943,24.87830228106012,302.7106577576344,9.61137473881863
11,230.0,9.690471901862349,0.9995589201162975,1.0000000000000002e-06,0.0003670500789078,1.0000000000000002e-06,1.8574475587429483e-05,5.05755386697143e-05,1.8797905373315453e-06,1.0000000000000002e-06,302.68,75.57,0.7598784194528875,0.1282317308702176,9.839051198642553,9.616132253472248,1121.5271809793037,25.01510889708272,0.9998411582003944,9.657155685672916e-08,0.0001243026977284,4.3467803275133483e-07,1.0831464449757655e-05,2.1315290712426525e-05,8.539035681928177e-07,1.0071935569768083e-06,0.992744628683159,2.2812168688238224e-05,0.0062278870573063,1.4649003644264349e-05,0.0002055199568501,0.0007570282402068,2.664856973146936e-05,8.26320413711272e-07,14.511882267219,0.886092657520939,1.0,1.291574921065955,3.078672503701173,2.499035973568964,2.3718976655643726,2.506630617522044,2.703448127902042,1.0,14.52556748614066,1121.6270137216943,24.87830228106012,302.7106577576344,9.61137473881863
11,230.0,9.715218451325716,0.9995589201162975,1.0000000000000002e-06,0.0003670500789078,1.0000000000000002e-06,1.8574475587429483e-05,5.05755386697143e-05,1.8797905373315453e-06,1.0000000000000002e-06,302.68,75.57,0.7598784194528875,0.1285591961271102,9.839051198642553,9.616132253472248,1121.4972650358668,25.057944150563387,0.99979304719519,1.447073851946925e-07,0.0001643069907268,5.489201302469929e-07,1.2795110488064522e-05,2.7083886217551927e-05,1.068599293739354e-06,1.0045905682329834e-06,0.9904998548979844,3.4093786566334953e-05,0.0082117764005374,1.8453606725429603e-05,0.0002421951076103,0.0009595366578059,3.326716535528282e-05,8.223774148276509e-07,14.50765201628606,0.8862898555440637,1.0,1.2913674502642,3.077747609522976,2.498521534034252,2.371348772332308,2.506146400740874,2.702775926704582,1.0,14.52556748614066,1121.6270137216943,24.87830228106012,302.7106577576344,9.61137473881863
11,230.0,9.739965000789084,0.9995589201162975,1.0000000000000002e-06,0.0003670500789078,1.0000000000000002e-06,1.8574475587429483e-05,5.05755386697143e-05,1.8797905373315453e-06,1.0000000000000002e-06,302.68,75.57,0.7598784194528875,0.1288866613840027,9.839051198642553,9.616132253472248,1121.4676756810627,25.100733898267983,0.9997453502800712,2.08318092339647e-07,0.0002046600844081,6.542697906327648e-07,1.4393811106500074e-05,3.2467073062573453e-05,1.2631796590111527e-06,1.0029838096977311e-06,0.9882665816890056,4.895329171587412e-05,0.0102032414868893,2.1941367264249708e-05,0.0002718032300661,0.00114743088598,3.9228782647890965e-05,8.192664307779891e-07,14.503439336071908,0.8864863455092646,1.0,1.291160499456416,3.0768253473177074,2.498009347737307,2.370801822597284,2.5056642032762784,2.7021064959946397,1.0,14.52556748614066,1121.6270137216943,24.87830228106012,302.7106577576344,9.61137473881863
11,230.0,9.764711550252452,0.9995589201162975,1.0000000000000002e-06,0.0003670500789078,1.0000000000000002e-06,1.8574475587429483e-05,5.05755386697143e-05,1.8797905373315453e-06,1.0000000000000002e-06,302.68,75.57,0.7598784194528875,0.1292141266408952,9.839051198642553,9.616132253472248,1121.4383595872937,25.143435307588184,0.9996980347907748,2.960362139210851e-07,0.0002452676934252,7.514995268886336e-07,1.5717713019528676e-05,3.74904427491316e-05,1.439936242615419e-06,1.00188804799891e-06,0.98604469034651,6.938623164990603e-05,0.01219754276785,2.5140461846712265e-05,0.0002960933346546,0.0013217210414383,4.460922958732701e-05,8.165864631492423e-07,14.499244598893222,0.886682087676445,1.0,1.2909578941319044,3.075905970217219,2.4974994434052222,2.370256945325293,2.5051840570508546,2.7014399023929627,1.0,14.52556748614066,1121.6270137216943,24.87830228106012,302.7106577576344,9.61137473881863
11,230.0,9.789458099715818,0.9995589201162975,1.0000000000000002e-06,0.0003670500789078,1.0000000000000002e-06,1.8574475587429483e-05,5.05755386697143e-05,1.8797905373315453e-06,1.0000000000000002e-06,302.68,75.57,0.7598784194528875,0.1295415918977877,9.839051198642553,9.616132253472248,1121.4093070921042,25.185977247838185,0.9996511164547728,4.24294497587783e-07,0.0002860115882125,8.412581701508925e-07,1.6829036108686714e-05,4.217552140929011e-05,1.600757233185376e-06,1.0010895960871652e-06,0.9838341086659704,9.919110635100364e-05,0.0141888027372427,2.8074668961399027e-05,0.0003162729216998,0.001483264621391,4.947111757535334e-05,8.141608082150497e-07,14.495071756139746,0.8868768884929744,1.0,1.2907560604431436,3.0749904108017367,2.496992306103389,2.369714748818501,2.504706412298682,2.7007767998744123,1.0,14.52556748614066,1121.6270137216943,24.87830228106012,302.7106577576344,9.61137473881863
11,230.0,9.814204649179183,0.9995589201162975,1.0000000000000002e-06,0.0003670500789078,1.0000000000000002e-06,1.8574475587429483e-05,5.05755386697143e-05,1.8797905373315453e-06,1.0000000000000002e-06,302.68,75.57,0.7598784194528875,0.1298690571546802,9.839051198642553,9.616132253472248,1121.3805726635987,25.228214681282697,0.9996046971069678,6.283555645310116e-07,0.0003266969126273,9.239926764755788e-07,1.7770988321321464e-05,4.653513005623609e-05,1.747033390380112e-06,1.000480395887448e-06,0.98163483693293,0.0001465182107532,0.0161674226795384,3.0760837692785225e-05,0.0003331817134962,0.001632606577029,5.386114864566446e-05,8.118999147493673e-07,14.490933609266255,0.8870702453921148,1.0,1.290555491993885,3.0740809924272443,2.4964893280678773,2.3691768249192267,2.504232529417556,2.700118881911457,1.0,14.52556748614066,1121.6270137216943,24.87830228106012,302.7106577576344,9.61137473881863
11,230.0,9.838951198642553,0.9995589201162975,1.0000000000000002e-06,0.0003670500789078,1.0000000000000002e-06,1.8574475587429483e-05,5.05755386697143e-05,1.8797905373315453e-06,1.0000000000000002e-06,302.68,75.57,0.7598784194528875,0.1301965224115727,9.839051198642553,9.616132253472248,1121.352362621897,25.26978527510313,0.999559101711687,9.979133837906408e-07,0.0003668898536252,9.997092476898106e-07,1.8571506834670782e-05,5.05600178754498e-05,1.87928562810149e-06,1.0000017177802642e-06,0.9794471066521468,0.0002320941708833,0.0181121095923423,3.3201017012267906e-05,0.0003473658720362,0.0017695141081674,5.779883274909869e-05,8.097546620592625e-07,14.486856129916887,0.8872607509797987,1.0,1.2903575404112708,3.073184104617587,2.4959943711245485,2.3686474837964298,2.503766028806948,2.699471593660524,1.0,14.52556748614066,1121.6270137216943,24.87830228106012,302.7106577576344,9.61137473881863
11,235.0,11.531086635576356,0.9995589201162975,1.0000000000000002e-06,0.0003670500789078,1.0000000000000002e-06,1.8574475587429483e-05,5.05755386697143e-05,1.8797905373315453e-06,1.0000000000000002e-06,302.68,75.57,0.7763975155279503,0.1525881518535974,11.747596709247082,11.530986635576356,1102.8604318163295,29.74118142690929,0.999986466306835,5.6449722499120795e-09,9.278821088133662e-06,3.671524043693226e-08,1.1984782787178037e-06,1.7267814444380515e-06,7.059466474317542e-08,1.2166574761568725e-06,0.9995513530253182,1.0175989755667792e-06,0.0003733822313575,1.0170490664544233e-06,1.8882011370475064e-05,5.1440107220064325e-05,1.9118112875350657e-06,9.961654041837832e-07,13.257916986186494,0.9306072149071029,1.0,1.2523106340703634,2.840837933875741,2.2816860603190663,2.1310350050239237,2.322517846320435,2.521904066088548,1.0,13.258875583506692,1102.8688895247462,29.73094022392497,302.7106577576344,11.525181126674264
11,235.0,11.555132199317548,0.9995589201162975,1.0000000000000002e-06,0.0003670500789078,1.0000000000000002e-06,1.8574475587429483e-05,5.05755386697143e-05,1.8797905373315453e-06,1.0000000000000002e-06,302.68,75.57,0.7763975155279503,0.1529063411316335,11.747596709247082,11.530986635576356,1102.8283993880443,29.78298812275248,0.9999371103669294,3.152633985279736e-08,4.7515553778084446e-05,1.793427010106542e-07,5.263924983069849e-06,8.52323172182935e-06,3.436689113335296e-07,1.0323846353713705e-06,0.9977349137734696,5.670935054565291e-06,0.0019081606697166,4.958018791188987e-06,8.27710768703376e-05,0.0002533932328735,9.288483872222433e-06,8.438093519626994e-07,13.254038307393529,0.9308024603511824,1.0,1.2521379414599196,2.8400628198839515,2.2812594872652143,2.1305925413590923,2.3221081426218224,2.521336587508205,1.0,13.258875583506692,1102.8688895247462,29.73094022392497,302.7106577576344,11.525181126674264
11,235.0,11.57917776305874,0.9995589201162975,1.0000000000000002e-06,0.0003670500789078,1.0000000000000002e-06,1.8574475587429483e-05,5.05755386697143e-05,1.8797905373315453e-06,1.0000000000000002e-06,302.68,75.57,0.7763975155279503,0.1532245304096697,11.747596709247082,11.530986635576356,1102.7971122742763,29.824855809722298,0.999888320566021,6.313090670035429e-08,8.63865853190611e-05,3.114555141064033e-07,8.360723551259814e-06,1.4947023645248653e-05,5.949720597953075e-07,1.0155429830171956e-06,0.9959263606786792,1.133159690443582e-05,0.0034621485321365,8.593124941255149e-06,0.0001312096021747,0.0004434793692785,1.604850065938671e-05,8.285952259770057e-07,13.250186927200083,0.930996539521462,1.0,1.2519659393052325,2.8392914119154757,2.2808361460562656,2.1301528288797877,2.3217013984217165,2.5207732898925674,1.0,13.258875583506692,1102.8688895247462,29.73094022392497,302.7106577576344,11.525181126674264
11,235.0,11.603223326799933,0.9995589201162975,1.0000000000000002e-06,0.0003670500789078,1.0000000000000002e-06,1.8574475587429483e-05,5.05755386697143e-05,1.8797905373315453e-06,1.0000000000000002e-06,302.68,75.57,0.7763975155279503,0.1535427196877058,11.747596709247082,11.530986635576356,1102.7663742756274,29.866745520253183,0.999840070659938,1.0242764755967384e-07,0.0001257613484384,4.337400062955205e-07,1.0790195619385292e-05,2.10062289565849e-05,8.261883796752201e-07,1.009211014292629e-06,0.9941256189476204,1.8345799329950236e-05,0.0050300122210914,1.1943109146212036e-05,0.0001690075386009,0.0006220094862669,2.2240902987621983e-05,8.219949566061674e-07,13.246355883116037,0.9311897525913992,1.0,1.2517944493053594,2.83852272207215,2.280415240144211,2.1297151369020293,2.3212969139472595,2.520213051944173,1.0,13.258875583506692,1102.8688895247462,29.73094022392497,302.7106577576344,11.525181126674264
11,235.0,11.627268890541124,0.9995589201162975,1.0000000000000002e-06,0.0003670500789078,1.0000000000000002e-06,1.8574475587429483e-05,5.05755386697143e-05,1.8797905373315453e-06,1.0000000000000002e-06,302.68,75.57,0.7763975155279503,0.153860908965742,11.747596709247082,11.530986635576356,1102.73603626125,29.908626280344283,0.9997922557753208,1.5245712445974225e-07,0.0001655415214506,5.46958749283388e-07,1.274229483431289e-05,2.6716030082120585e-05,1.0390812179018716e-06,1.0058812206213972e-06,0.9923325478592758,2.7248282616074336e-05,0.0066077415156923,1.5030623262533206e-05,0.0001991962861102,0.0007895011347212,2.79164388901256e-05,8.178594317137039e-07,13.242538851369376,0.9313822456443832,1.0,1.251623384979162,2.837756291581899,2.2799962704906087,2.1292790563894872,2.320894262590965,2.519655412169824,1.0,13.258875583506692,1102.8688895247462,29.73094022392497,302.7106577576344,11.525181126674264
11,235.0,11.651314454282316,0.9995589201162975,1.0000000000000002e-06,0.0003670500789078,1.0000000000000002e-06,1.8574475587429483e-05,5.05755386697143e-05,1.8797905373315453e-06,1.0000000000000002e-06,302.68,75.57,0.7763975155279503,0.1541790982437781,11.747596709247082,11.530986635576356,1102.7060067252714,29.950467075067326,0.9997448115903724,2.181374835884971e-07,0.0002056432841036,6.51857677199732e-07,1.4341874536879468e-05,3.209411062551365e-05,1.235324386625428e-06,1.003820814117759e-06,0.9905470176583172,3.890420603486965e-05,0.0081919505918045,1.7877722177353016e-05,0.000223768328619,0.0009465436170745,3.3123106652523464e-05,8.147693200523957e-07,13.238738473944332,0.9315741034917602,1.0,1.2514527074712212,2.8369918822408904,2.2795790189860226,2.1288444426965105,2.320493164494465,2.5190997915480398,1.0,13.258875583506692,1102.8688895247462,29.73094022392497,302.7106577576344,11.525181126674264
11,235.0,11.675360018023508,0.9995589201162975,1.0000000000000002e-06,0.0003670500789078,1.0000000000000002e-06,1.8574475587429483e-05,5.05755386697143e-05,1.8797905373315453e-06,1.0000000000000002e-06,302.68,75.57,0.7763975155279503,0.1544972875218143,11.747596709247082,11.530986635576356,1102.6762365429531,29.992228650661023,0.999697710736466,3.079359463904117e-07,0.0002459817698475,7.491157742654813e-07,1.5673833053147203e-05,3.715777749773412e-05,1.4164160282670638e-06,1.0024153865778489e-06,0.9887689636612004,5.480292265810472e-05,0.0097792263575917,2.0504415123036503e-05,0.0002440782351264,0.0010937084146162,3.790377233916302e-05,8.122213448890848e-07,13.23495316799085,0.9317652797466208,1.0,1.2512824699809222,2.836229723183015,2.2791635064179747,2.128411384233138,2.320093673881083,2.51854637767467,1.0,13.258875583506692,1102.8688895247462,29.73094022392497,302.7106577576344,11.525181126674264
11,235.0,11.6994055817647,0.9995589201162975,1.0000000000000002e-06,0.0003670500789078,1.0000000000000002e-06,1.8574475587429483e-05,5.05755386697143e-05,1.8797905373315453e-06,1.0000000000000002e-06,302.68,75.57,0.7763975155279503,0.1548154767998504,11.747596709247082,11.530986635576356,1102.646716065835,30.03384680174721,0.9996509685340024,4.376915432264108e-07,0.0002864506342177,8.393060347067278e-07,1.679737393207143e-05,4.1921451835378805e-05,1.5836159889643529e-06,1.0013924454001376e-06,0.986998345059076,7.77304615628327e-05,0.011365342063097,2.292768395848486e-05,0.0002610709712689,0.0012314791320701,4.229463674073581e-05,8.099922258565649e-07,13.231188099525436,0.9319556140004516,1.0,1.2511128197667305,2.8354704777777724,2.278750091977068,2.1279803171358687,2.3196960986254043,2.517995527519448,1.0,13.258875583506692,1102.8688895247462,29.73094022392497,302.7106577576344,11.525181126674264
11,235.0,11.72345114550589,0.9995589201162975,1.0000000000000002e-06,0.0003670500789078,1.0000000000000002e-06,1.8574475587429483e-05,5.05755386697143e-05,1.8797905373315453e-06,1.0000000000000002e-06,302.68,75.57,0.7763975155279503,0.1551336660778866,11.747596709247082,11.530986635576356,1102.6174930444663,30.075195071022627,0.9996046753315012,6.405699574574005e-07,0.000326876429025,9.228254333229616e-07,1.775404701290056e-05,4.63923580952582e-05,1.7378255542681673e-06,1.0006134204328516e-06,0.9852352204309348,0.0001135198070728,0.012943437133913,2.515954796655546e-05,0.0002754101709844,0.0013601229205716,4.632202021960537e-05,8.079683371186519e-07,13.227447643827825,0.9321446366982116,1.0,1.250944144605061,2.8347159564871296,2.278339778479496,2.127552360354652,2.319301453140433,2.5174489028734564,1.0,13.258875583506692,1102.8688895247462,29.73094022392497,302.7106577576344,11.525181126674264
11,235.0,11.747496709247082,0.9995589201162975,1.0000000000000002e-06,0.0003670500789078,1.0000000000000002e-06,1.8574475587429483e-05,5.05755386697143e-05,1.8797905373315453e-06,1.0000000000000002e-06,302.68,75.57,0.7763975155279503,0.1554518553559227,11.747596709247082,11.530986635576356,1102.5887447446537,30.115968044445115,0.9995591072728492,9.979574281667752e-07,0.0003668855889547,9.996950187727192e-07,1.8571344936614837e-05,5.055890804325742e-05,1.879230511906179e-06,1.000002257092026e-06,0.9834797896709158,0.0001764829240971,0.0144988311344487,2.720177008584107e-05,0.0002875372363315,0.0014793580728988,4.9993104161626455e-05,8.060870603155779e-07,13.223757945125046,0.9323311966350432,1.0,1.250777397463888,2.833970588864797,2.2779352651703517,2.1271304508439246,2.318912234154244,2.5169099271478004,1.0,13.258875583506692,1102.8688895247462,29.73094022392497,302.7106577576344,11.525181126674264
11,240.0,13.717922358841934,0.9995589201162975,1.0000000000000002e-06,0.0003670500789078,1.0000000000000002e-06,1.8574475587429483e-05,5.05755386697143e-05,1.8797905373315453e-06,1.0000000000000002e-06,302.68,75.57,0.7929166116030131,0.1815260335958969,13.92854978889145,13.717822358841934,1083.2533407521018,35.35003901166532,0.999983634959976,7.392926369803618e-09,1.1503827042305886e-05,4.427508410058553e-08,1.439355326813314e-06,2.0634382566592007e-06,8.163228827586795e-08,1.225119099590566e-06,0.999552681982662,1.0145792304297649e-06,0.0003722722769679,1.0140375120695106e-06,1.8826153087376782e-05,5.1288075492535e-05,1.9062015555064288e-06,9.966934920027637e-07,12.013425363799517,0.9806146628093584,1.0,1.2158992824481616,2.6234406387177738,2.0995983019919917,1.9256025946614692,2.1547774814814376,2.3547776001096627,1.0,12.014498351825988,1083.263844328595,35.3375257790447,302.7106577576344,13.710780754884407
11,240.0,13.741314295514105,0.9995589201162975,1.0000000000000002e-06,0.0003670500789078,1.0000000000000002e-06,1.8574475587429483e-05,5.05755386697143e-05,1.8797905373315453e-06,1.0000000000000002e-06,302.68,75.57,0.7929166116030131,0.1818355735809726,13.92854978889145,13.717822358841934,1083.2209564487837,35.3911301322764,0.9999348053608084,3.4733352300279384e-08,4.961651618522314e-05,1.8287062478951974e-07,5.3617176861564375e-06,8.620832740754292e-06,3.381069365141098e-07,1.0398616659610526e-06,0.9980954296633984,4.75821755187573e-06,0.0016029618239384,4.181452469519698e-06,7.001768951342894e-05,0.0002139240937883,7.882258748409194e-06,8.448005916097524e-07,12.00993054478536,0.9808062857979054,1.0,1.215755018737228,2.622793979429157,2.0992479412264986,1.92525052650794,2.154435001950099,2.3543045333320207,1.0,12.014498351825988,1083.263844328595,35.3375257790447,302.7106577576344,13.710780754884407
11,240.0,13.76470623218627,0.9995589201162975,1.0000000000000002e-06,0.0003670500789078,1.0000000000000002e-06,1.8574475587429483e-05,5.05755386697143e-05,1.8797905373315453e-06,1.0000000000000002e-06,302.68,75.57,0.7929166116030131,0.1821451135660483,13.92854978889145,13.717822358841934,1083.1892536299124,35.43227730662411,0.9998864646847252,6.797727768655726e-08,8.830495974780837e-05,3.1204500796924973e-07,8.38252153130824e-06,1.4869944267951777e-05,5.784370864699321e-07,1.0194303555202966e-06,0.9966434654446494,9.295878673536918e-06,0.0028481437626025,7.123446360379411e-06,0.0001092924508809,0.0003683889052669,1.3463060001985044e-05,8.270515641722135e-07,12.006458090002903,0.9809968508168168,1.0,1.215611292764913,2.62215016141238,2.0989000154340864,1.924900497141618,2.154094805700964,2.3538346964653774,1.0,12.014498351825988,1083.263844328595,35.3375257790447,302.7106577576344,13.710780754884407
11,240.0,13.78809816885844,0.9995589201162975,1.0000000000000002e-06,0.0003670500789078,1.0000000000000002e-06,1.8574475587429483e-05,5.05755386697143e-05,1.8797905373315453e-06,1.0000000000000002e-06,302.68,75.57,0.7929166116030131,0.182454653551124,13.92854978889145,13.717822358841934,1083.1580605264612,35.47344617479339,0.9998386048165172,1.0911395318709674e-07,0.0001274523915111,4.323441533962328e-07,1.0773492300487368e-05,2.081288781383146e-05,8.033832033812496e-07,1.011570547608904e-06,0.9951967540972212,1.4894906790504149e-05,0.0041039898878845,9.853573479864528e-06,0.0001402442851372,0.0005147754898983,1.8668222264779503e-05,8.195373234141926e-07,12.003002538307792,0.9811866341277984,1.0,1.21546789949144,2.621509135385757,2.098554106706107,1.924552162101068,2.1537567027022373,2.3533675215086407,1.0,12.014498351825988,1083.263844328595,35.3375257790447,302.7106577576344,13.710780754884407
11,240.0,13.811490105530607,0.9995589201162975,1.0000000000000002e-06,0.0003670500789078,1.0000000000000002e-06,1.8574475587429483e-05,5.05755386697143e-05,1.8797905373315453e-06,1.0000000000000002e-06,302.68,75.57,0.7929166116030131,0.1827641935361996,13.92854978889145,13.717822358841934,1083.1272429778958,35.51460833488271,0.9997911353153616,1.6118681991739317e-07,0.0001669707768022,5.443901534225343e-07,1.2708763245945686e-05,2.6458283228835343e-05,1.0138834965453897e-06,1.007400891698158e-06,0.9937551799646568,2.1964406087981552e-05,0.0053676197393975,1.2387028802280289e-05,0.000165175862454,0.0006533366168163,2.3521351815249988e-05,8.150299701322397e-07,11.999560578435275,0.9813757573581716,1.0,1.2153248926315423,2.620869208724234,2.098209518828227,1.9242048527677715,2.1534197072349675,2.352901976310495,1.0,12.014498351825988,1083.263844328595,35.3375257790447,302.7106577576344,13.710780754884407
11,240.0,13.834882042202777,0.9995589201162975,1.0000000000000002e-06,0.0003670500789078,1.0000000000000002e-06,1.8574475587429483e-05,5.05755386697143e-05,1.8797905373315453e-06,1.0000000000000002e-06,302.68,75.57,0.7929166116030131,0.1830737335212753,13.92854978889145,13.717822358841934,1083.0967176447034,35.5557355054132,0.9997440001292468,2.290634967575084e-07,0.0002067845968252,6.488002552381918e-07,1.4304330370361802e-05,3.181736799210501e-05,1.2109012251470015e-06,1.0048105882405283e-06,0.9923186620551124,3.115873590734997e-05,0.0066365733520481,1.4738797304904048e-05,0.000185620894256,0.0007843878736566,2.804648005401332e-05,8.118116606297824e-07,11.99613084240267,0.9815642849737304,1.0,1.2151821915937484,2.620230915148754,2.097866257070313,1.923858651858071,2.1530839698812745,2.352438136599436,1.0,12.014498351825988,1083.263844328595,35.3375257790447,302.7106577576344,13.710780754884407
11,240.0,13.858273978874944,0.9995589201162975,1.0000000000000002e-06,0.0003670500789078,1.0000000000000002e-06,1.8574475587429483e-05,5.05755386697143e-05,1.8797905373315453e-06,1.0000000000000002e-06,302.68,75.57,0.7929166116030131,0.183383273506351,13.92854978889145,13.717822358841934,1083.0664390154348,35.59679163023782,0.9996971754371404,3.210053308951627e-07,0.0002468175025149,7.461426958503172e-07,1.563998161261948e-05,3.690155201851803e-05,1.395337768079506e-06,1.003040918489169e-06,0.990887151333633,4.358848584809353e-05,0.0079083808303498,1.692265550400758e-05,0.0002026343228941,0.0009082470543374,3.2266052530464495e-05,8.092649030486452e-07,11.992713616296236,0.9817521858187946,1.0,1.21503983203267,2.619594399683654,2.0975243391079936,1.923513623337536,2.1527495070186635,2.3519760414901607,1.0,12.014498351825988,1083.263844328595,35.3375257790447,302.7106577576344,13.710780754884407
11,240.0,13.881665915547114,0.9995589201162975,1.0000000000000002e-06,0.0003670500789078,1.0000000000000002e-06,1.8574475587429483e-05,5.05755386697143e-05,1.8797905373315453e-06,1.0000000000000002e-06,302.68,75.57,0.7929166116030131,0.1836928134914267,13.92854978889145,13.717822358841934,1083.0363973362794,35.63771928956176,0.9996506751433636,4.521751828964595e-07,0.0002869740494884,8.368996063135286e-07,1.677191170305038e-05,4.172011059383648e-05,1.5679574571674125e-06,1.0017526047560331e-06,0.9894606352973648,6.12919666736759e-05,0.0091799792240964,1.8950343236731416e-05,0.0002169592844735,0.0010251775606351,3.619920997584914e-05,8.071135438851453e-07,11.98931150696782,0.9819393090837764,1.0,1.2148979284857375,2.61896018311542,2.097184027470998,1.923170075424273,2.15241656944987,2.351516055960716,1.0,12.014498351825988,1083.263844328595,35.3375257790447,302.7106577576344,13.710780754884407
11,240.0,13.90505785221928,0.9995589201162975,1.0000000000000002e-06,0.0003670500789078,1.0000000000000002e-06,1.8574475587429483e-05,5.05755386697143e-05,1.8797905373315453e-06,1.0000000000000002e-06,302.68,75.57,0.7929166116030131,0.1840023534765023,13.92854978889145,13.717822358841934,1083.0066333793611,35.67840816203377,0.9996045772464406,6.534977188323754e-07,0.0003271014384802,9.214054900937088e-07,1.773999080310591e-05,4.627638437123792e-05,1.7292646945235792e-06,1.0007720014283928e-06,0.988039162296851,8.842604606223758e-05,0.0104464979439442,2.0830193383293732e-05,0.0002291234651833,0.0011352958483332,3.985899004661309e-05,8.052161959473509e-07,11.98593151942408,0.9821252606375837,1.0,1.214756806868266,2.6183287504261945,2.096845943277554,1.922828672284082,2.152085448256866,2.3510588504384367,1.0,12.014498351825988,1083.263844328595,35.3375257790447,302.7106577576344,13.710780754884407
11,240.0,13.92844978889145,0.9995589201162975,1.0000000000000002e-06,0.0003670500789078,1.0000000000000002e-06,1.8574475587429483e-05,5.05755386697143e-05,1.8797905373315453e-06,1.0000000000000002e-06,302.68,75.57,0.7929166116030131,0.184311893461578,13.92854978889145,13.717822358841934,1082.9772974355728,35.71860328833545,0.9995591124206132,9.98010843239106e-07,0.0003668816372985,9.996794424036475e-07,1.857119156810692e-05,5.055788170151189e-05,1.8791756115204665e-06,1.0000029212183218e-06,0.9866229241050614,0.0001348073138505,0.0116978409512664,2.256338391500978e-05,0.000239485070883,0.0012383308389845,4.324484160591833e-05,8.034944331751602e-07,11.982591940575562,0.9823090877128706,1.0,1.2146170367286202,2.6177047973286234,2.0965121791430783,1.9224916393069895,2.1517587226791424,2.350607570219186,1.0,12.014498351825988,1083.263844328595,35.3375257790447,302.7106577576344,13.710780754884407
11,245.0,16.200240509613298,0.9995589201162975,1.0000000000000002e-06,0.0003670500789078,1.0000000000000002e-06,1.8574475587429483e-05,5.05755386697143e-05,1.8797905373315453e-06,1.0000000000000002e-06,302.68,75.57,0.8094357076780758,0.2143739646634021,16.40524145944573,16.2001405096133,1062.6580823350112,41.82332677237132,0.9999802652326274,9.648099061719893e-09,1.416471220916123e-05,5.2823180575610484e-08,1.7187304079315709e-06,2.463438858535412e-06,9.443500725252872e-08,1.230979610057521e-06,0.9995537505717632,1.0121507715606196e-06,0.0003713796808137,1.0116210502039089e-06,1.8781281177408205e-05,5.116583302221011e-05,1.9016953240845431e-06,9.97166077558582e-07,10.792765006853248,1.0365673097738546,1.0,1.1826209036563762,2.4264283145723287,1.946727589673443,1.7510002508981046,2.0027606491447374,2.2019389351341125,1.0,10.793959502416731,1062.6711211462375,41.80803719266337,302.7106577576344,16.191644196077288
11,245.0,16.2230072818169,0.9995589201162975,1.0000000000000002e-06,0.0003670500789078,1.0000000000000002e-06,1.8574475587429483e-05,5.05755386697143e-05,1.8797905373315453e-06,1.0000000000000002e-06,302.68,75.57,0.8094357076780758,0.2146752319944012,16.40524145944573,16.2001405096133,1062.6252655028425,41.86392224034974,0.9999319897376004,3.859657522549906e-08,5.209352509131599e-05,1.868602854993781e-07,5.4953880679578985e-06,8.811484069599291e-06,3.363902973343381e-07,1.0480180128708071e-06,0.9983780806767216,4.04303276518158e-06,0.0013639501191765,3.5737486783721053e-06,5.997238497158285e-05,0.0001827670654315,6.764958801842581e-06,8.480134533335489e-07,10.789617565537574,1.0367588738107465,1.0,1.1824988034049873,2.425888423402088,1.9464371978685675,1.7507194223377922,2.0024736392313187,2.201542545901518,1.0,10.793959502416731,1062.6711211462375,41.80803719266337,302.7106577576344,16.191644196077288
11,245.0,16.245774054020504,0.9995589201162975,1.0000000000000002e-06,0.0003670500789078,1.0000000000000002e-06,1.8574475587429483e-05,5.05755386697143e-05,1.8797905373315453e-06,1.0000000000000002e-06,302.68,75.57,0.8094357076780758,0.2149764993254003,16.40524145944573,16.2001405096133,1062.593072783136,41.90456834102456,0.9998841410354692,7.363596386733067e-08,9.054574545232656e-05,3.1270142805904564e-07,8.434855960665952e-06,1.4901544042932414e-05,5.666425732617382e-07,1.0238391096826875e-06,0.9972060282506444,7.702011699626202e-06,0.002367489652914,5.972432964382664e-06,9.19320830913075e-05,0.0003086679516256,1.1380087046333516e-05,8.275300143677422e-07,10.786488486738952,1.0369494596462416,1.0,1.1823790527388516,2.425350717806698,1.9461486640668644,1.750440112556992,2.002188403028338,2.201148677246356,1.0,10.793959502416731,1062.6711211462375,41.80803719266337,302.7106577576344,16.191644196077288
11,245.0,16.268540826224108,0.9995589201162975,1.0000000000000002e-06,0.0003670500789078,1.0000000000000002e-06,1.8574475587429483e-05,5.05755386697143e-05,1.8797905373315453e-06,1.0000000000000002e-06,302.68,75.57,0.8094357076780758,0.2152777666563994,16.40524145944573,16.2001405096133,1062.561353126593,41.94523505024013,0.999836722633415,1.1676974602353723e-07,0.0001294165640724,4.307374938776086e-07,1.0781482534397683e-05,2.073213546006324e-05,7.853902182207159e-07,1.014287059763488e-06,0.9960375810607645,1.2195554383837598e-05,0.0033792192463294,8.215796013870193e-06,0.0001173560528095,0.0004288613165042,1.5752071559332208e-05,8.189016353922039e-07,10.78337341484826,1.0371393068466148,1.0,1.182259604790059,2.424814675503021,1.945861564223526,1.750161941640223,2.0019045574368777,2.200756674655844,1.0,10.793959502416731,1062.6711211462375,41.80803719266337,302.7106577576344,16.191644196077288
11,245.0,16.29130759842771,0.9995589201162975,1.0000000000000002e-06,0.0003670500789078,1.0000000000000002e-06,1.8574475587429483e-05,5.05755386697143e-05,1.8797905373315453e-06,1.0000000000000002e-06,302.68,75.57,0.8094357076780758,0.2155790339873986,16.40524145944573,16.2001405096133,1062.5299862321222,41.985896670677135,0.9997896566553808,1.710320532186318e-07,0.0001686267235126,5.414382820628963e-07,1.2694386307138126e-05,2.6307567200560287e-05,9.93032603467456e-07,1.0091646600644236e-06,0.9948726470453346,1.7836389161123336e-05,0.0043970404338531,1.0313416239504563e-05,0.0001379994446824,0.0005434595076966,1.9889897833056764e-05,8.138651995253375e-07,10.78026978604785,1.0373285442689737,1.0,1.1821404074285249,2.424280016798056,1.9455756276381928,1.749884696813372,2.001621838138428,2.2003661833938635,1.0,10.793959502416731,1062.6711211462375,41.80803719266337,302.7106577576344,16.191644196077288
11,245.0,16.314074370631317,0.9995589201162975,1.0000000000000002e-06,0.0003670500789078,1.0000000000000002e-06,1.8574475587429483e-05,5.05755386697143e-05,1.8797905373315453e-06,1.0000000000000002e-06,302.68,75.57,0.8094357076780758,0.2158803013183977,16.40524145944573,16.2001405096133,1062.498896213941,42.02652731607844,0.999742893740052,2.4121615293329134e-07,0.0002081080891025,6.452826281175381e-07,1.4280977706762988e-05,3.163468573144724e-05,1.190043376213974e-06,1.0059652501298835e-06,0.993711162824708,2.511858658801168e-05,0.0054191557061016,1.2274991792579576e-05,0.0001550469384641,0.0006526265752177,2.3803987650329456e-05,8.103894774079337e-07,10.777176471929888,1.0375172218800677,1.0,1.1820214474950506,2.4237466539456425,1.9452907289118184,1.749608295183036,2.001340121286734,2.1999770459122985,1.0,10.793959502416731,1062.6711211462375,41.80803719266337,302.7106577576344,16.191644196077288
11,245.0,16.33684114283492,0.9995589201162975,1.0000000000000002e-06,0.0003670500789078,1.0000000000000002e-06,1.8574475587429483e-05,5.05755386697143e-05,1.8797905373315453e-06,1.0000000000000002e-06,302.68,75.57,0.8094357076780758,0.2161815686493969,16.40524145944573,16.2001405096133,1062.468040995893,42.06709419097773,0.9996964126872772,3.353310687352859e-07,0.0002477918554169,7.427184466016817e-07,1.561597419567979e-05,3.6720768670120834e-05,1.3768915890324837e-06,1.0037733357539698e-06,0.9925530929392344,3.48676892084792e-05,0.0064437602405471,1.4109581747696736e-05,0.0001693226164219,0.0007565345843382,2.750461589490556e-05,8.077326070416431e-07,10.774093713847472,1.0377053126078135,1.0,1.1819027515703016,2.4232146936180703,1.94500687950867,1.7493327799576397,2.001059416181207,2.199589288045796,1.0,10.793959502416731,1062.6711211462375,41.80803719266337,302.7106577576344,16.191644196077288
11,245.0,16.359607915038524,0.9995589201162975,1.0000000000000002e-06,0.0003670500789078,1.0000000000000002e-06,1.8574475587429483e-05,5.05755386697143e-05,1.8797905373315453e-06,1.0000000000000002e-06,302.68,75.57,0.8094357076780758,0.216482835980396,16.40524145944573,16.2001405096133,1062.4374105556976,42.107546125210455,0.9996502251797116,4.677770348046032e-07,0.0002875927502777,8.341282931907083e-07,1.6752529586177376e-05,4.157149084346855e-05,1.5539687217451902e-06,1.00217553136235e-06,0.99139843394806,4.856798783671422e-05,0.0074686324775984,1.5824958425201856e-05,0.0001814128175873,0.0008553217925687,3.100045832936827e-05,8.055595940985903e-07,10.771023594094869,1.0378926831333324,1.0,1.1817844039069827,2.4226845190047053,1.9447242702780576,1.749058366731663,2.000779906211283,2.1992031770849314,1.0,10.793959502416731,1062.6711211462375,41.80803719266337,302.7106577576344,16.191644196077288
11,245.0,16.382374687242127,0.9995589201162975,1.0000000000000002e-06,0.0003670500789078,1.0000000000000002e-06,1.8574475587429483e-05,5.05755386697143e-05,1.8797905373315453e-06,1.0000000000000002e-06,302.68,75.57,0.8094357076780758,0.2167841033113951,16.40524145944573,16.2001405096133,1062.40703906988,42.14778779370384,0.9996043970820048,6.671052646352512e-07,0.0003273772033286,9.197748601361332e-07,1.7728767546427617e-05,4.618763542622958e-05,1.721472856504514e-06,1.0009587128168614e-06,0.9902472343410552,6.916222506858264e-05,0.0084903130418434,1.742658612058809e-05,0.000191738349056,0.0009490254589841,3.429630016174561e-05,8.036977102464063e-07,10.76797160990774,1.0380790000805915,1.0,1.1816666006364138,2.4221570431919828,1.9444434191959337,1.7487855941146224,2.000502091445893,2.1988194226399727,1.0,10.793959502416731,1062.6711211462375,41.80803719266337,302.7106577576344,16.191644196077288
11,245.0,16.40514145944573,0.9995589201162975,1.0000000000000002e-06,0.0003670500789078,1.0000000000000002e-06,1.8574475587429483e-05,5.05755386697143e-05,1.8797905373315453e-06,1.0000000000000002e-06,302.68,75.57,0.8094357076780758,0.2170853706423942,16.40524145944573,16.2001405096133,1062.3770517441849,42.18760786684874,0.9995591170218324,9.980736468926772e-07,0.0003668781065658,9.99662732675929e-07,1.8571048957174468e-05,5.055696046510232e-05,1.8791220736370832e-06,1.000003726587966e-06,0.989099650708968,0.0001033244277294,0.0095019129511103,1.8915036343146518e-05,0.0002005909390032,0.0010374165014907,3.73873850348259e-05,8.02050320104268e-07,10.764953340940783,1.0382634625045513,1.0,1.1815498044249662,2.421634434781197,1.9441656182613525,1.7485157773979068,2.000227192393785,2.1984397024353712,1.0,10.793959502416731,1062.6711211462375,41.80803719266337,302.7106577576344,16.191644196077288
11,250.0,19.002461364920254,0.9995589201162975,1.0000000000000002e-06,0.0003670500789078,1.0000000000000002e-06,1.8574475587429483e-05,5.05755386697143e-05,1.8797905373315453e-06,1.0000000000000002e-06,302.68,75.57,0.8259548037531386,0.2514550928267866,19.201922664809157,19.002361364920255,1040.9024185209632,49.2952111073329,0.9999762560899704,1.2563750770080089e-08,1.73432601552735e-05,6.247015694572744e-08,2.0418780307606936e-06,2.940040744341266e-06,1.0937987476478957e-07,1.2343173166406376e-06,0.9995546172225586,1.0101808459437124e-06,0.000370655690156,1.0096662917805704e-06,1.8744933000660063e-05,5.1066678898978174e-05,1.898044149376631e-06,9.975840987157171e-07,9.597791415514411,1.0998790280305386,1.0,1.152206258843933,2.247299138287483,1.8171390290012264,1.6023235590014078,1.864747204687677,2.0615140717719638,1.0,9.599114364051816,1040.9186176418627,49.27650279185157,302.7106577576344,18.99215487266697
11,250.0,19.02461262046347,0.9995589201162975,1.0000000000000002e-06,0.0003670500789078,1.0000000000000002e-06,1.8574475587429483e-05,5.05755386697143e-05,1.8797905373315453e-06,1.0000000000000002e-06,302.68,75.57,0.8259548037531386,0.2517482151708809,19.201922664809157,19.002361364920255,1040.8690761415924,49.33551924381766,0.999928581426364,4.3283163557151016e-08,5.501968041740375e-05,1.91532987827343e-07,5.667662272507323e-06,9.101163544470944e-06,3.385520796156246e-07,1.0566991705258365e-06,0.9986023076682043,3.4757993604393548e-06,0.001174524800365,3.0921572981985976e-06,5.197482868375892e-05,0.0001579032530971,5.8682195505441255e-06,8.532734401881794e-07,9.594961809177034,1.1000741809024668,1.0,1.1521046795087293,2.2468464292175367,1.8168963616415967,1.6020988207440805,1.864506166375717,2.061180539464538,1.0,9.599114364051816,1040.9186176418627,49.27650279185157,302.7106577576344,18.99215487266697
11,250.0,19.04676387600668,0.9995589201162975,1.0000000000000002e-06,0.0003670500789078,1.0000000000000002e-06,1.8574475587429483e-05,5.05755386697143e-05,1.8797905373315453e-06,1.0000000000000002e-06,302.68,75.57,0.8259548037531386,0.2520413375149752,19.201922664809157,19.002361364920255,1040.836305031966,49.375872162167695,0.999881282789429,8.02841488636936e-08,9.317239643078358e-05,3.1369489258043214e-07,8.51910697600588e-06,1.504344755316778e-05,5.595291971646113e-07,1.0287513724530531e-06,0.9976525196733872,6.439050026874705e-06,0.0019867181692169,5.058696833747864e-06,7.804029087008143e-05,0.0002607065491373,9.687601470289294e-06,8.299690573776079e-07,9.592147264459078,1.100268412205915,1.0,1.1520034319609436,2.2463954041624263,1.816655126763343,1.6018752192552763,1.8642665106918024,2.060848983552689,1.0,9.599114364051816,1040.9186176418627,49.27650279185157,302.7106577576344,18.99215487266697
11,250.0,19.06891513154989,0.9995589201162975,1.0000000000000002e-06,0.0003670500789078,1.0000000000000002e-06,1.8574475587429483e-05,5.05755386697143e-05,1.8797905373315453e-06,1.0000000000000002e-06,302.68,75.57,0.8259548037531386,0.2523344598590696,19.201922664809157,19.002361364920255,1040.8039720488357,49.4162439308443,0.9998343701890836,1.2557619901644741e-07,0.0001317072823644,4.29195611837601e-07,1.0814811725746147e-05,2.0763388451066267e-05,7.721877507411964e-07,1.0173688134412502e-06,0.9967052537304504,1.0059042107387768e-05,0.0028052045540707,6.913540987366315e-06,9.896469550493e-05,0.0003594298080053,1.3354570010049406e-05,8.200588637424272e-07,9.589344354433734,1.1004619412391654,1.0,1.1519024232601651,2.2459456863618428,1.8164150102818877,1.6016524783993638,1.864027951754829,2.060518900655472,1.0,9.599114364051816,1040.9186176418627,49.27650279185157,302.7106577576344,18.99215487266697
11,250.0,19.0910663870931,0.9995589201162975,1.0000000000000002e-06,0.0003670500789078,1.0000000000000002e-06,1.8574475587429483e-05,5.05755386697143e-05,1.8797905373315453e-06,1.0000000000000002e-06,302.68,75.57,0.8259548037531386,0.252627582203164,19.201922664809157,19.002361364920255,1040.771969847848,49.45661151918506,0.9997877768750844,1.821686619450404e-07,0.0001705528535953,5.38355318595317e-07,1.2699416259967974e-05,2.6262553529159927e-05,9.76592441797717e-07,1.0111851087868988e-06,0.9957604349069324,1.457408126299957e-05,0.0036284429605854,8.662218514299097e-06,0.0001160866752612,0.0004541140443338,1.6870759671041523e-05,8.143534387298691e-07,9.586551040499966,1.1006548867098154,1.0,1.1518016135272768,2.2454970672332397,1.816175809801876,1.601430443654959,1.8637902895635745,2.0601900207251425,1.0,9.599114364051816,1040.9186176418627,49.27650279185157,302.7106577576344,18.99215487266697
11,250.0,19.11321764263631,0.9995589201162975,1.0000000000000002e-06,0.0003670500789078,1.0000000000000002e-06,1.8574475587429483e-05,5.05755386697143e-05,1.8797905373315453e-06,1.0000000000000002e-06,302.68,75.57,0.8259548037531386,0.2529207045472583,19.201922664809157,19.002361364920255,1040.7402296440036,49.49695143193866,0.9997414592805082,2.547517297498036e-07,0.0002096475402319,6.41515181611278e-07,1.4271865614588437e-05,3.1544855877456724e-05,1.1728947271230352e-06,1.0072961293378123e-06,0.9948180115598544,2.03555937236043e-05,0.0044551100064412,1.031057042035496e-05,0.000130321894414,0.0005448405763947,2.0239293878037767e-05,8.105048735367672e-07,9.58376642207471,1.10084729554644,1.0,1.151700992527397,2.245049479835675,1.815937429956508,1.6012090532019103,1.86355342825381,2.059862221725093,1.0,9.599114364051816,1040.9186176418627,49.27650279185157,302.7106577576344,18.99215487266697
11,250.0,19.13536889817952,0.9995589201162975,1.0000000000000002e-06,0.0003670500789078,1.0000000000000002e-06,1.8574475587429483e-05,5.05755386697143e-05,1.8797905373315453e-06,1.0000000000000002e-06,302.68,75.57,0.8259548037531386,0.2532138268913527,19.201922664809157,19.002361364920255,1040.7087126583967,49.5372340625431,0.9996953981692258,3.510296597267038e-07,0.000248929382741,7.390017362752893e-07,1.5601774376020537e-05,3.661475512697441e-05,1.361265913399179e-06,1.0046212207074273e-06,0.9938779561918378,2.801369936072499e-05,0.0052838802890283,1.1864176977581772e-05,0.0001423145786874,0.0006316997997644,2.346362485577381e-05,8.076394880890619e-07,9.580990688995769,1.101039144475476,1.0,1.151600579904516,2.2446030017043395,1.815699876992961,1.6009883352732068,1.8633173715826956,2.059535519104712,1.0,9.599114364051816,1040.9186176418627,49.27650279185157,302.7106577576344,18.99215487266697
11,250.0,19.15752015372273,0.9995589201162975,1.0000000000000002e-06,0.0003670500789078,1.0000000000000002e-06,1.8574475587429483e-05,5.05755386697143e-05,1.8797905373315453e-06,1.0000000000000002e-06,302.68,75.57,0.8259548037531386,0.253506949235447,19.201922664809157,19.002361364920255,1040.6774086010648,49.577414145302576,0.9996496026126984,4.845496697608213e-07,0.0002883225702515,8.310953911680707e-07,1.6739174065465617e-05,4.147549926715165e-05,1.5418318591345968e-06,1.0026667974157806e-06,0.9929402689976288,3.862121732713472e-05,0.0061131414848576,1.3327855127131528e-05,0.0001525277846998,0.0007147608926502,2.654640948030296e-05,8.053582289879275e-07,9.578225472546212,1.1012303152349112,1.0,1.1515004377235956,2.2441579122638826,1.8154632881984891,1.600768438760444,1.8630822513774148,2.059210105984248,1.0,9.599114364051816,1040.9186176418627,49.27650279185157,302.7106577576344,18.99215487266697
11,250.0,19.179671409265943,0.9995589201162975,1.0000000000000002e-06,0.0003670500789078,1.0000000000000002e-06,1.8574475587429483e-05,5.05755386697143e-05,1.8797905373315453e-06,1.0000000000000002e-06,302.68,75.57,0.8259548037531386,0.2538000715795414,19.201922664809157,19.002361364920255,1040.6463454202478,49.61741000115586,0.9996041267525514,6.813728501867505e-07,0.00032771144558,9.179827258941494e-07,1.7720346703732787e-05,4.6126353238515104e-05,1.7145701144506009e-06,1.0011762360903407e-06,0.9920049937013417,5.424187426835573e-05,0.0069404465102937,1.470490053448486e-05,0.0001612974753738,0.000794024335997,2.948774857464137e-05,8.034536163396517e-07,9.57547498756822,1.1014205171206102,1.0,1.151400707416377,2.2437148643372824,1.815228031333681,1.600549730345338,1.862848423982332,2.0588864891221728,1.0,9.599114364051816,1040.9186176418627,49.27650279185157,302.7106577576344,18.99215487266697
11,250.0,19.201822664809157,0.9995589201162975,1.0000000000000002e-06,0.0003670500789078,1.0000000000000002e-06,1.8574475587429483e-05,5.05755386697143e-05,1.8797905373315453e-06,1.0000000000000002e-06,302.68,75.57,0.8259548037531386,0.2540931939236358,19.201922664809157,19.002361364920255,1040.6156257246714,49.657048404673866,0.9995591215551304,9.981400351623875e-07,0.0003668745735252,9.996440722958277e-07,1.857090838880306e-05,5.0556105209763145e-05,1.879068934239964e-06,1.000004704260559e-06,0.991072259962261,7.936070769208508e-05,0.0077611285615519,1.599530863282421e-05,0.000168861299936,0.0008693112716707,3.228107973679557e-05,8.018085185767575e-07,9.572750846975342,1.101609078146246,1.0,1.1513017109059371,2.2432753631307865,1.814994986606885,1.6003330678636545,1.862616734253646,2.058565831515662,1.0,9.599114364051816,1040.9186176418627,49.27650279185157,302.7106577576344,18.99215487266697
11,255.0,22.150038199194423,0.9995589201162975,1.0000000000000002e-06,0.0003670500789078,1.0000000000000002e-06,1.8574475587429483e-05,5.05755386697143e-05,1.8797905373315453e-06,1.0000000000000002e-06,302.68,75.57,0.8424738998282014,0.2931062352678897,22.343869566843654,22.149938199194423,1017.7712076245888,57.93283590359942,0.9999714777442302,1.6349792910073034e-08,2.114489539262681e-05,7.338240019014497e-08,2.415149350193023e-06,3.5103253820591526e-06,1.2696941616764386e-07,1.2351840354598254e-06,0.9995553259117642,1.0085695665146476e-06,0.000370063606945,1.0080726980973304e-06,1.871525573470517e-05,5.09855710906781e-05,1.8950611254713389e-06,9.979510752699188e-07,8.430770443618664,1.172462249470388,1.0,1.1244044035144185,2.076402861368963,1.7061394743058207,1.475535573342715,1.7392237455170094,1.931877959567376,1.0,8.432227805466914,1017.7913832278248,57.90987351738985,302.7106577576344,22.13772066860631
11,255.0,22.171563906711004,0.9995589201162975,1.0000000000000002e-06,0.0003670500789078,1.0000000000000002e-06,1.8574475587429483e-05,5.05755386697143e-05,1.8797905373315453e-06,1.0000000000000002e-06,302.68,75.57,0.8424738998282014,0.293391079882374,22.343869566843654,22.149938199194423,1017.7372286713236,57.97306049635645,0.99992447142548,4.9018938377664433e-08,5.848964724335932e-05,1.9715677127637585e-07,5.882309676717365e-06,9.4999510793368e-06,3.4479233243597426e-07,1.0656984786424224e-06,0.9987822123681812,3.0206037848057216e-06,0.0010226660540554,2.7058468691239185e-06,4.554224551632407e-05,0.0001378511859961,5.141288907436555e-06,8.604066895145226e-07,8.428234587326882,1.1726643443551383,1.0,1.1243198406312962,2.076093314635273,1.7059348870708282,1.4753559484861305,1.7390210016278724,1.9315964161059649,1.0,8.432227805466914,1017.7913832278248,57.90987351738985,302.7106577576344,22.13772066860631
11,255.0,22.193089614227585,0.9995589201162975,1.0000000000000002e-06,0.0003670500789078,1.0000000000000002e-06,1.8574475587429483e-05,5.05755386697143e-05,1.8797905373315453e-06,1.0000000000000002e-06,302.68,75.57,0.8424738998282014,0.2936759244968583,22.343869566843654,22.149938199194423,1017.7037710079968,58.01332349393122,0.9998777986398996,8.815853895226692e-08,9.62679687932486e-05,3.1533961141428e-07,8.637527614400778e-06,1.5301051882076968e-05,5.571865006356608e-07,1.0341271597767728e-06,0.9980108844433676,5.426648410857177e-06,0.0016815956974518,4.32376948250128e-06,6.681463227325856e-05,0.0002218199463355,8.300537243130485e-06,8.343254347972543e-07,8.425711692959617,1.1728655672933683,1.0,1.124235531958056,2.075785542311514,1.7057314096459568,1.475177165124196,1.7388193309426907,1.93131640504142,1.0,8.432227805466914,1017.7913832278248,57.90987351738985,302.7106577576344,22.13772066860631
11,255.0,22.21461532174417,0.9995589201162975,1.0000000000000002e-06,0.0003670500789078,1.0000000000000002e-06,1.8574475587429483e-05,5.05755386697143e-05,1.8797905373315453e-06,1.0000000000000002e-06,302.68,75.57,0.8424738998282014,0.2939607691113427,22.343869566843654,22.149938199194423,1017.6707175004856,58.053603057380606,0.9998314721386208,1.3577312883120018e-07,0.0001343954306723,4.2803716336301465e-07,1.087479691897748e-05,2.0909144991656183e-05,7.638631380324987e-07,1.0208153661467191e-06,0.9972413536410696,8.348700650032208e-06,0.0023453608926051,5.863518839334399e-06,8.4046443103747e-05,0.0003028350480404,1.1368753075058424e-05,8.230026167478723e-07,8.42319809438686,1.1730661090629726,1.0,1.1241514080346269,2.075479109727056,1.7055288164610525,1.4749990307620091,1.7386185278494777,1.931037569222919,1.0,8.432227805466914,1017.7913832278248,57.90987351738985,302.7106577576344,22.13772066860631
11,255.0,22.23614102926075,0.9995589201162975,1.0000000000000002e-06,0.0003670500789078,1.0000000000000002e-06,1.8574475587429483e-05,5.05755386697143e-05,1.8797905373315453e-06,1.0000000000000002e-06,302.68,75.57,0.8424738998282014,0.2942456137258271,22.343869566843654,22.149938199194423,1017.6379730176787,58.093878720539145,0.9997854351388512,1.9482786948516854e-07,0.0001728076931738,5.354344954533736e-07,1.2724586846666575e-05,2.6324151935899237e-05,9.6469529912599e-07,1.01347152843737e-06,0.9964735567631756,1.1967257519799248e-05,0.0030128275280627,7.327851312887028e-06,9.825586774030802e-05,0.0003809039162203,1.4344311789607413e-05,8.165041784749051e-07,8.420692514980917,1.173266084269502,1.0,1.1240674384510467,2.075173771550997,1.7053269521554453,1.4748214317932289,1.7384184388709123,1.930759693717556,1.0,8.432227805466914,1017.7913832278248,57.90987351738985,302.7106577576344,22.13772066860631
11,255.0,22.25766673677733,0.9995589201162975,1.0000000000000002e-06,0.0003670500789078,1.0000000000000002e-06,1.8574475587429483e-05,5.05755386697143e-05,1.8797905373315453e-06,1.0000000000000002e-06,302.68,75.57,0.8424738998282014,0.2945304583403114,22.343869566843654,22.149938199194423,1017.605475655432,58.13412937883685,0.9997396492856342,2.6987574519894e-07,0.0002114491797165,6.377455220197595e-07,1.4277369955835124e-05,3.154809320954962e-05,1.1596366968543884e-06,1.0088135196329649e-06,0.99570745069896,1.6559476362035126e-05,0.0036830178706319,8.719905139585764e-06,0.0001101489070082,0.000456064174228,1.7226790153152087e-05,8.121775170545297e-07,8.418194237862936,1.173465537611435,1.0,1.1239836153259153,2.074869414218822,1.7051257432912224,1.4746443223845762,1.738218989924763,1.930482683716146,1.0,8.432227805466914,1017.7913832278248,57.90987351738985,302.7106577576344,22.13772066860631
11,255.0,22.279192444293912,0.9995589201162975,1.0000000000000002e-06,0.0003670500789078,1.0000000000000002e-06,1.8574475587429483e-05,5.05755386697143e-05,1.8797905373315453e-06,1.0000000000000002e-06,302.68,75.57,0.8424738998282014,0.2948153029547957,22.343869566843654,22.149938199194423,1017.5731898854526,58.174328554160574,0.9996940969232438,3.682575889863337e-07,0.0002502642541566,7.351822354934882e-07,1.5597549268038425e-05,3.658357324929218e-05,1.3486672268349977e-06,1.0055930306895546e-06,0.994943012905458,2.257222393594023e-05,0.0043549570488283,1.0042780757719266e-05,0.0001202281244213,0.0005283617472431,2.0016155599865837e-05,8.090137555874044e-07,8.415703401391458,1.173664449471395,1.0,1.1238999526642632,2.0745660393328533,1.7049251918249482,1.474467720205279,1.7380201807783189,1.9302065468662184,1.0,8.432227805466914,1017.7913832278248,57.90987351738985,302.7106577576344,22.13772066860631
11,255.0,22.300718151810496,0.9995589201162975,1.0000000000000002e-06,0.0003670500789078,1.0000000000000002e-06,1.8574475587429483e-05,5.05755386697143e-05,1.8797905373315453e-06,1.0000000000000002e-06,302.68,75.57,0.8424738998282014,0.2951001475692801,22.343869566843654,22.149938199194423,1017.5411052308308,58.214436573546095,0.9996487843862286,5.025745137321444e-07,0.0002891859495404,8.27926705120685e-07,1.673190291839535e-05,4.143229072229943e-05,1.5317372340849644e-06,1.003232137359674e-06,0.9941802443967032,3.077257131623737e-05,0.0050274774364978,1.1299159542170444e-05,0.0001288585838782,0.0005978293668136,2.271193942963984e-05,8.0654581901954e-07,8.413221254661057,1.173862715124664,1.0,1.1238164947657987,2.0742637923454543,1.7047253950514014,1.4742917260881367,1.7378221042997115,1.9299314202573687,1.0,8.432227805466914,1017.7913832278248,57.90987351738985,302.7106577576344,22.13772066860631
11,255.0,22.32224385932708,0.9995589201162975,1.0000000000000002e-06,0.0003670500789078,1.0000000000000002e-06,1.8574475587429483e-05,5.05755386697143e-05,1.8797905373315453e-06,1.0000000000000002e-06,302.68,75.57,0.8424738998282014,0.2953849921837644,22.343869566843654,22.149938199194423,1017.5092438789236,58.25438416721941,0.9996037548053348,6.962990301840829e-07,0.0003281151916175,9.160902015566292e-07,1.7714739894515983e-05,4.609276643660847e-05,1.7086800778404158e-06,1.0014274069734178e-06,0.9934191819472454,4.2589324614624624e-05,0.0056988594153386,1.24907497592923e-05,0.0001363081358949,0.0006644539523246,2.531194634851518e-05,8.045284741414202e-07,8.410750961301773,1.1740600813295416,1.0,1.1237333404227716,2.073963060908519,1.7045266114198676,1.4741165850485909,1.737625010188001,1.9296576605100164,1.0,8.432227805466914,1017.7913832278248,57.90987351738985,302.7106577576344,22.13772066860631
11,255.0,22.34376956684366,0.9995589201162975,1.0000000000000002e-06,0.0003670500789078,1.0000000000000002e-06,1.8574475587429483e-05,5.05755386697143e-05,1.8797905373315453e-06,1.0000000000000002e-06,302.68,75.57,0.8424738998282014,0.2956698367982487,22.343869566843654,22.149938199194423,1017.4776882654454,58.2940310300604,0.9995591259325876,9.98210281073102e-07,0.0003668711141176,9.99623597095414e-07,1.857077048729693e-05,5.055532606210945e-05,1.8790169846122387e-06,1.0000058823761454e-06,0.9926599287428663,6.099163348992901e-05,0.0063659753485677,1.3617079004479135e-05,0.0001427699600599,0.0007281050261676,2.7809387930722072e-05,8.028219132983559e-07,8.408301028097267,1.1742559859615378,1.0,1.12365131859317,2.073664732501392,1.7043294346372668,1.4739428471183549,1.7374294741113376,1.92938606359264,1.0,8.432227805466914,1017.7913832278248,57.90987351738985,302.7106577576344,22.13772066860631
11,260.0,25.66961854495265,0.9995589201162975,1.0000000000000002e-06,0.0003670500789078,1.0000000000000002e-06,1.8574475587429483e-05,5.05755386697143e-05,1.8797905373315453e-06,1.0000000000000002e-06,302.68,75.57,0.8589929959032642,0.3396800125043358,25.857534399290905,25.669518544952656,992.9891289940916,67.9497372158906,0.9999657579732436,2.1301136123662513e-08,2.5710156915845283e-05,8.58144800319413e-08,2.8464409767872608e-06,4.196828744152216e-06,1.478901041365044e-07,1.2335943992422136e-06,0.9995559100801176,1.007241014913654e-06,0.0003695755211628,1.0067637055975697e-06,1.869084124123954e-05,5.091867683267988e-05,1.892604199765012e-06,9.98271725255755e-07,7.294487825753331,1.256993210440948,1.0,1.099055200277895,1.903294215113492,1.609921597808889,1.3675394354428143,1.6248503237271497,1.8116030431515957,1.0,7.296085655146154,993.0143761526203,67.92140682303575,302.7106577576344,25.654931900849267
11,260.0,25.69048697321246,0.9995589201162975,1.0000000000000002e-06,0.0003670500789078,1.0000000000000002e-06,1.8574475587429483e-05,5.05755386697143e-05,1.8797905373315453e-06,1.0000000000000002e-06,302.68,75.57,0.8589929959032642,0.3399561594973199,25.857534399290905,25.669518544952656,992.9543764983404,67.99008504060126,0.9999195117252112,5.6116804483683423e-08,6.263001100010354e-05,2.0407477699826545e-07,6.144532637453298e-06,1.0023264973698325e-05,3.5552261894148e-07,1.0747519774997302e-06,0.998928152596566,2.6510946107342213e-06,0.0008995591180657,2.3922780408509563e-06,4.031764456631267e-05,0.0001215119012096,4.546127386344131e-06,8.69239554451422e-07,7.292227294175044,1.257205527117153,1.0,1.0989855616917004,1.9030390409181148,1.6097480746345274,1.3673970130817503,1.624679625315287,1.8113648313420228,1.0,7.296085655146154,993.0143761526203,67.92140682303575,302.7106577576344,25.654931900849267
11,260.0,25.711355401472268,0.9995589201162975,1.0000000000000002e-06,0.0003670500789078,1.0000000000000002e-06,1.8574475587429483e-05,5.05755386697143e-05,1.8797905373315453e-06,1.0000000000000002e-06,302.68,75.57,0.8589929959032642,0.3402323064903039,25.857534399290905,25.669518544952656,992.9200971280854,68.03046468978053,0.999873562592698,9.758309662838743e-08,9.99439545495012e-05,3.1801850940902774e-07,8.793544152372423e-06,1.5684513288004725e-05,5.598955130135481e-07,1.0398981929619715e-06,0.9983016821583298,4.605847493352892e-06,0.0014343438600615,3.725038991593299e-06,5.765679659226279e-05,0.0001899919391638,7.153783241971877e-06,8.405761255759743e-07,7.289977227054939,1.2574175247615196,1.0,1.0989161352911636,1.9027852378872845,1.6095754150791728,1.3672552044448285,1.624509777729802,1.8111278446008852,1.0,7.296085655146154,993.0143761526203,67.92140682303575,302.7106577576344,25.654931900849267
11,260.0,25.73222382973207,0.9995589201162975,1.0000000000000002e-06,0.0003670500789078,1.0000000000000002e-06,1.8574475587429483e-05,5.05755386697143e-05,1.8797905373315453e-06,1.0000000000000002e-06,302.68,75.57,0.8589929959032642,0.340508453483288,25.857534399290905,25.669518544952656,992.8861881681956,68.07085802637953,0.9998279230029624,1.4768537155736193e-07,0.0001375768797935,4.27646164757601e-07,1.0963667196867954e-05,2.1175847515136704e-05,7.60656608062198e-07,1.024614387859827e-06,0.9976765113389262,6.964265133198159e-06,0.0019728408923086,5.005175916816062e-06,7.183283535795303e-05,0.0002563065528146,9.711184310211562e-06,8.277552321780189e-07,7.2877348280410175,1.2576293519148032,1.0,1.0988468303396055,1.902532440946349,1.6094034550551033,1.3671138769213729,1.6243405996283269,1.810891766100992,1.0,7.296085655146154,993.0143761526203,67.92140682303575,302.7106577576344,25.654931900849267
11,260.0,25.75309225799188,0.9995589201162975,1.0000000000000002e-06,0.0003670500789078,1.0000000000000002e-06,1.8574475587429483e-05,5.05755386697143e-05,1.8797905373315453e-06,1.0000000000000002e-06,302.68,75.57,0.8589929959032642,0.340784600476272,25.857534399290905,25.669518544952656,992.8525662215832,68.11124719300719,0.9997825453049316,2.0932047113478458e-07,0.0001754711294401,5.330306252394808e-07,1.2771305668596644e-05,2.6496295853235944e-05,9.57584524273874e-07,1.0160284857061845e-06,0.9970525882055048,9.86172683189783e-06,0.0025142162251731,6.233669124998007e-06,8.361486768356754e-05,0.0003204493173228,1.2215631383217157e-05,8.203569756497419e-07,7.285499087992931,1.25784062111016,1.0,1.0987776407313268,1.9022804864895455,1.6092320764932695,1.3669729487430522,1.624171987275669,1.8106564514988992,1.0,7.296085655146154,993.0143761526203,67.92140682303575,302.7106577576344,25.654931900849267
11,260.0,25.773960686251684,0.9995589201162975,1.0000000000000002e-06,0.0003670500789078,1.0000000000000002e-06,1.8574475587429483e-05,5.05755386697143e-05,1.8797905373315453e-06,1.0000000000000002e-06,302.68,75.57,0.8589929959032642,0.3410607474692561,25.857534399290905,25.669518544952656,992.8191761444664,68.15161348326735,0.9997373959885772,2.868639581431833e-07,0.0002135767552225,6.342768193204556e-07,1.4298337392113287e-05,3.1646726692773754e-05,1.1505252052742363e-06,1.0105261325327943e-06,0.9964298763976424,1.3502719968914631e-05,0.0030577484535667,7.411868487633091e-06,9.354384365528652e-05,0.0003824359714641,1.4665289649127589e-05,8.154555657143021e-07,7.283269441343036,1.2580513757695166,1.0,1.0987085598173811,1.902029289425854,1.6090612229155647,1.3668323866087275,1.624003883336428,1.810421826627752,1.0,7.296085655146154,993.0143761526203,67.92140682303575,302.7106577576344,25.654931900849267
11,260.0,25.79482911451149,0.9995589201162975,1.0000000000000002e-06,0.0003670500789078,1.0000000000000002e-06,1.8574475587429483e-05,5.05755386697143e-05,1.8797905373315453e-06,1.0000000000000002e-06,302.68,75.57,0.8589929959032642,0.3413368944622402,25.857534399290905,25.669518544952656,992.7859856822652,68.1919334991077,0.9996924587961802,3.87228224766245e-07,0.0002518440765439,7.314960446324199e-07,1.5603770370778738e-05,3.662858730593637e-05,1.339348367564778e-06,1.006696961982052e-06,0.995808356712674,1.8210289909893923e-05,0.003602722445321,8.541194129031938e-06,0.0001020096142177,0.0004422892011311,1.705863329272777e-05,8.119093243439862e-07,7.281045981770667,1.2582616000706082,1.0,1.0986395966021745,1.901778847218848,1.60889089333143,1.3666922009958455,1.6238362845096248,1.810187892866617,1.0,7.296085655146154,993.0143761526203,67.92140682303575,302.7106577576344,25.654931900849267
11,260.0,25.815697542771293,0.9995589201162975,1.0000000000000002e-06,0.0003670500789078,1.0000000000000002e-06,1.8574475587429483e-05,5.05755386697143e-05,1.8797905373315453e-06,1.0000000000000002e-06,302.68,75.57,0.8589929959032642,0.3416130414552242,25.857534399290905,25.669518544952656,992.7529843155112,68.23217287734619,0.9996477374064178,5.219737712793949e-07,0.000290214443485,8.247819820833378e-07,1.67309459834745e-05,4.144266941509374e-05,1.52390147175753e-06,1.0038774736285316e-06,0.9951880295926072,2.452470234534252e-05,0.0041482975173021,9.62285680026892e-06,0.0001092985459254,0.0005000237443652,1.9393859499610463e-05,8.091811547511821e-07,7.278829639591263,1.2584712017192707,1.0,1.098570781136092,1.9015292579693732,1.6087211554309746,1.3665524583097934,1.623669254145696,1.8099547446605984,1.0,7.296085655146154,993.0143761526203,67.92140682303575,302.7106577576344,25.654931900849267
11,260.0,25.8365659710311,0.9995589201162975,1.0000000000000002e-06,0.0003670500789078,1.0000000000000002e-06,1.8574475587429483e-05,5.05755386697143e-05,1.8797905373315453e-06,1.0000000000000002e-06,302.68,75.57,0.8589929959032642,0.3418891884482083,25.857534399290905,25.669518544952656,992.7201890129916,68.2722736178367,0.9996032648827166,7.119071572871583e-07,0.0003286040494385,9.141766936755464e-07,1.771202922749807e-05,4.608730135027604e-05,1.7039381503706693e-06,1.0017152659307104e-06,0.9945689241744364,3.341830394239268e-05,0.0046932771971412,1.0657463210706826e-05,0.0001156232185099,0.0005556246756667,2.1667981301845877e-05,8.069857905521787e-07,7.2766227295091985,1.258679960606606,1.0,1.0985021797797745,1.9012807821683615,1.608552188111838,1.3664133177912994,1.6235029631664817,1.809722627557068,1.0,7.296085655146154,993.0143761526203,67.92140682303575,302.7106577576344,25.654931900849267
11,260.0,25.857434399290906,0.9995589201162975,1.0000000000000002e-06,0.0003670500789078,1.0000000000000002e-06,1.8574475587429483e-05,5.05755386697143e-05,1.8797905373315453e-06,1.0000000000000002e-06,302.68,75.57,0.8589929959032642,0.3421653354411924,25.857534399290905,25.669518544952656,992.687664472966,68.3121236871229,0.9995591302872228,9.98282781828607e-07,0.0003668676140566,9.996010727742175e-07,1.857063161048058e-05,5.05546097559709e-05,1.8789661972953803e-06,1.0000073023179484e-06,0.9939511192995288,4.68189802637399e-05,0.0052355947719479,1.1644214572910186e-05,0.0001211398379218,0.0006090028263173,2.3874910596547176e-05,8.051588508014995e-07,7.274431238086878,1.2588873928436528,1.0,1.0984339920205186,1.901034055995916,1.6083843823111268,1.3662751179901664,1.6233378336883846,1.809492136968792,1.0,7.296085655146154,993.0143761526203,67.92140682303575,302.7106577576344,25.654931900849267
11,265.0,29.58926702928141,0.9995589201162975,1.0000000000000002e-06,0.0003670500789078,1.0000000000000002e-06,1.8574475587429483e-05,5.05755386697143e-05,1.8797905373315453e-06,1.0000000000000002e-06,302.68,75.57,0.8755120919783269,0.391547797132214,29.77075417333722,29.58916702928141,966.1937394222132,79.62690972815376,0.9999588597674688,2.784527140179392e-08,3.123349080287408e-05,1.0016045528667916e-07,3.345951723489721e-06,5.030164881982112e-06,1.7310815743562675e-07,1.2295112386372525e-06,0.9995563954408028,1.0061368639333958e-06,0.000369169968517,1.0056803641286168e-06,1.8670607793661943e-05,5.086305026998599e-05,1.8905642107343864e-06,9.985511779130751e-07,6.192414761725769,1.3573699429653858,1.0,1.076049995532212,1.751256882478749,1.5253098341303573,1.2758118011901602,1.5204632660091169,1.699467698854903,1.0,6.194157229336726,966.2255774553212,79.59167899763797,302.7106577576344,29.571779036695137
11,265.0,29.60942115639872,0.9995589201162975,1.0000000000000002e-06,0.0003670500789078,1.0000000000000002e-06,1.8574475587429483e-05,5.05755386697143e-05,1.8797905373315453e-06,1.0000000000000002e-06,302.68,75.57,0.8755120919783269,0.3918144919465227,29.77075417333722,29.58916702928141,966.1580395032448,79.66760023237624,0.9999134960666578,6.50238722774823e-08,6.761568606044281e-05,2.127503906252263e-07,6.461561514985295e-06,1.069393766206403e-05,3.7144295907425714e-07,1.08353088279508e-06,0.999047843662825,2.347650011099592e-06,0.0007986469409873,2.134720891105925e-06,3.603371149748518e-05,0.0001080598299227,4.053883083985045e-06,8.796007814657744e-07,6.190415109138035,1.3575988169584456,1.0,1.075992947608005,1.7510459450432585,1.52516148816361,1.275699855078377,1.5203197688902712,1.6992657208754325,1.0,6.194157229336726,966.2255774553212,79.59167899763797,302.7106577576344,29.571779036695137
11,265.0,29.629575283516036,0.9995589201162975,1.0000000000000002e-06,0.0003670500789078,1.0000000000000002e-06,1.8574475587429483e-05,5.05755386697143e-05,1.8797905373315453e-06,1.0000000000000002e-06,302.68,75.57,0.8755120919783269,0.3920811867608315,29.77075417333722,29.58916702928141,966.1227652282864,79.70831570204645,0.9998683969891352,1.0901495026563617e-07,0.0001043548522513,3.2222410466652736e-07,8.992263394827751e-06,1.6210496996459706e-05,5.682008478090751e-07,1.0459583193642434e-06,0.9985402327383952,3.932804689870399e-06,0.0012317489792702,3.230996272168372e-06,5.011569714459721e-05,0.0001636929870679,6.197075539772367e-06,8.487216204018251e-07,6.188423835670754,1.3578268614629465,1.0,1.075936050033908,1.7508360404698355,1.525013821094188,1.2755883519287112,1.5201769257015283,1.699064696494607,1.0,6.194157229336726,966.2255774553212,79.59167899763797,302.7106577576344,29.571779036695137
11,265.0,29.649729410633345,0.9995589201162975,1.0000000000000002e-06,0.0003670500789078,1.0000000000000002e-06,1.8574475587429483e-05,5.05755386697143e-05,1.8797905373315453e-06,1.0000000000000002e-06,302.68,75.57,0.8755120919783269,0.3923478815751402,29.77075417333722,29.58916702928141,966.0878273859726,79.74904152338365,0.9998235726958752,1.617662043763635e-07,0.0001413849353998,4.285084048342831e-07,1.10849672766819e-05,2.157536155544991e-05,7.63028950275217e-07,1.0287363332594892e-06,0.9980335737429304,5.831227725910293e-06,0.001667689236836,4.293837654964931e-06,6.174085756013335e-05,0.0002177203859214,8.316335533234567e-06,8.343758379713732e-07,6.186438606145827,1.3580542600731178,1.0,1.075879432246622,1.750627067265058,1.5248667573052608,1.2754772128561311,1.5200347545925614,1.69886419495326,1.0,6.194157229336726,966.2255774553212,79.59167899763797,302.7106577576344,29.571779036695137
11,265.0,29.669883537750657,0.9995589201162975,1.0000000000000002e-06,0.0003670500789078,1.0000000000000002e-06,1.8574475587429483e-05,5.05755386697143e-05,1.8797905373315453e-06,1.0000000000000002e-06,302.68,75.57,0.8755120919783269,0.3926145763894489,29.77075417333722,29.58916702928141,966.0531538969158,79.78976243150099,0.9997789838925716,2.260763953875833e-07,0.0001786547506911,5.315923178073659e-07,1.2841964991585066e-05,2.678719387419994e-05,9.5567592987546e-07,1.0188532282397964e-06,0.9975278243704035,8.142988126397037e-06,0.0021058594193903,5.3232051487701365e-06,7.148312816828517e-05,0.0002701319178889,1.0408978210570488e-05,8.259926630244607e-07,6.184459012077202,1.358281099545831,1.0,1.0758227162549734,1.7504185803701215,1.524720107934151,1.2753663481425317,1.5198928802936345,1.6986644967085598,1.0,6.194157229336726,966.2255774553212,79.59167899763797,302.7106577576344,29.571779036695137
11,265.0,29.69003766486797,0.9995589201162975,1.0000000000000002e-06,0.0003670500789078,1.0000000000000002e-06,1.8574475587429483e-05,5.05755386697143e-05,1.8797905373315453e-06,1.0000000000000002e-06,302.68,75.57,0.8755120919783269,0.3928812712037577,29.77075417333722,29.58916702928141,966.018696330348,79.83046213485555,0.999734601692024,3.060965707544886e-07,0.0002161197844312,6.31495659029141e-07,1.4336314349515554e-05,3.18462342188211e-05,1.1459427790531729e-06,1.0124399676056411e-06,0.9970229540024826,1.1016506145010013e-05,0.0025457310860559,6.319365548907684e-06,7.975239501242233e-05,0.0003209333222133,1.2472893655858446e-05,8.204288857584822e-07,6.182484439588294,1.3585074269104958,1.0,1.075766082976516,1.750210679409951,1.5245738807140723,1.2752557515908052,1.519751408474906,1.6984653499538371,1.0,6.194157229336726,966.2255774553212,79.59167899763797,302.7106577576344,29.571779036695137
11,265.0,29.710191791985284,0.9995589201162975,1.0000000000000002e-06,0.0003670500789078,1.0000000000000002e-06,1.8574475587429483e-05,5.05755386697143e-05,1.8797905373315453e-06,1.0000000000000002e-06,302.68,75.57,0.8755120919783269,0.3931479660180665,29.77075417333722,29.58916702928141,965.984425783967,79.87112027990132,0.999690411203597,4.0823920545209757e-07,0.0002537360762084,7.28248526120066e-07,1.5621371294943337e-05,3.675327193214691e-05,1.3336486817099838e-06,1.0079405541401889e-06,0.996518945953078,1.4681060543192928e-05,0.0029867838389072,7.28268787169937e-06,8.684800602084076e-05,0.0003701358573374,1.4506175828095312e-05,8.164204135533888e-07,6.180514943000567,1.3587332299106016,1.0,1.0757102718141374,1.750003360096965,1.5244280724565444,1.2751454287533814,1.5196103346711662,1.698266752448225,1.0,6.194157229336726,966.2255774553212,79.59167899763797,302.7106577576344,29.571779036695137
11,265.0,29.7303459191026,0.9995589201162975,1.0000000000000002e-06,0.0003670500789078,1.0000000000000002e-06,1.8574475587429483e-05,5.05755386697143e-05,1.8797905373315453e-06,1.0000000000000002e-06,302.68,75.57,0.8755120919783269,0.3934146608323752,29.77075417333722,29.58916702928141,965.9503318910944,79.9117075546705,0.999646413694516,5.429298030626592e-07,0.0002914528499041,8.218716366090721e-07,1.673680162667846e-05,4.150864955795527e-05,1.5185941067113755e-06,1.004608848677335e-06,0.996015799497424,1.950941374233408e-05,0.0034284187675197,8.213446860766352e-06,9.299251441597616e-05,0.0004177462775407,1.650672141447096e-05,8.133610819164947e-07,6.178551189788053,1.3589584279733926,1.0,1.0756546240785698,1.7497966874127024,1.5242827288984655,1.2750354217177144,1.5194697011336613,1.69806876776507,1.0,6.194157229336726,966.2255774553212,79.59167899763797,302.7106577576344,29.571779036695137
11,265.0,29.75050004621991,0.9995589201162975,1.0000000000000002e-06,0.0003670500789078,1.0000000000000002e-06,1.8574475587429483e-05,5.05755386697143e-05,1.8797905373315453e-06,1.0000000000000002e-06,302.68,75.57,0.8755120919783269,0.393681355646684,29.77075417333722,29.58916702928141,965.9164270009657,79.95217617355628,0.9996026332796408,7.282556613054409e-07,0.0003292002843309,9.12349085307083e-07,1.771241155177883e-05,4.611087225495712e-05,1.7005043836896523e-06,1.0020430912707778e-06,0.9955135363156744,2.6148263397003608e-05,0.0038698152445536,9.11155183682916e-06,9.835318795278376e-05,0.0004637528932282,1.84716188597968e-05,8.10924497384356e-07,6.176594985358744,1.359182825432972,1.0,1.0755989456816264,1.749590665934286,1.524137921963572,1.274925814595194,1.519329470935648,1.6978717535407677,1.0,6.194157229336726,966.2255774553212,79.59167899763797,302.7106577576344,29.571779036695137
11,265.0,29.77065417333722,0.9995589201162975,1.0000000000000002e-06,0.0003670500789078,1.0000000000000002e-06,1.8574475587429483e-05,5.05755386697143e-05,1.8797905373315453e-06,1.0000000000000002e-06,302.68,75.57,0.8755120919783269,0.3939480504609927,29.77075417333722,29.58916702928141,965.8827604576396,79.99243821658176,0.9995591347901168,9.98356049448034e-07,0.0003668639289241,9.995761944958658e-07,1.857048681071433e-05,5.055393658881874e-05,1.8789162935274235e-06,1.000009021872792e-06,0.995012213876485,3.581821983445411e-05,0.0043096328083204,9.976032273204145e-06,0.0001030551823658,0.0005080990332808,2.0395927123324124e-05,8.089203170914817e-07,6.174649999680032,1.3594060345819778,1.0,1.0755438940133095,1.7493861972042803,1.523994061589235,1.2748168651315632,1.5191903653293766,1.6976755282551688,1.0,6.194157229336726,966.2255774553212,79.59167899763797,302.7106577576344,29.571779036695137
11,270.0,33.93877079913475,0.9995589201162975,1.0000000000000002e-06,0.0003670500789078,1.0000000000000002e-06,1.8574475587429483e-05,5.05755386697143e-05,1.8797905373315453e-06,1.0000000000000002e-06,302.68,75.57,0.8920311880533897,0.4491037554470657,34.113034957437215,33.93867079913475,936.891397838304,93.34755014117567,0.9999504429476972,3.6626534086673286e-08,3.799559067111418e-05,1.170407851605794e-07,3.927462337270419e-06,6.053474174197428e-06,2.040348521591091e-07,1.222822949041315e-06,0.9995568019893196,1.0052118220563574e-06,0.0003688302539906,1.0047767833281576e-06,1.865371549741036e-05,5.081640172640261e-05,1.888856326197515e-06,9.98794534413116e-07,5.128954280228841,1.4794948699872323,1.0,1.05537054029319,1.6167039111253432,1.4496394706230036,1.198406676577343,1.425044251365367,1.5942753059739585,1.0,5.130843724671824,936.9320241360858,93.30322734807504,302.7106577576344,33.91794976874195
11,270.0,33.95812237227947,0.9995589201162975,1.0000000000000002e-06,0.0003670500789078,1.0000000000000002e-06,1.8574475587429483e-05,5.05755386697143e-05,1.8797905373315453e-06,1.0000000000000002e-06,302.68,75.57,0.8920311880533897,0.4493598302537974,34.113034957437215,33.93867079913475,936.8545229124484,93.38882826464418,0.999906125845586,7.640450654050007e-08,7.36988756934407e-05,2.2384687291311625e-07,6.843748593659414e-06,1.1545967195932792e-05,3.936856226771944e-07,1.091625928661556e-06,0.9991471058793666,2.095459381248022e-06,0.0007149884673443,1.920580741648669e-06,3.248807198887005e-05,9.686778513455586e-05,3.642431847088311e-06,8.913241956801899e-07,5.127205099924599,1.479746868717322,1.0,1.0553249410200551,1.6165293458020376,1.4495121152110753,1.1983198525870415,1.4249240190608845,1.5941040259673973,1.0,5.130843724671824,936.9320241360858,93.30322734807504,302.7106577576344,33.91794976874195
11,270.0,33.97747394542419,0.9995589201162975,1.0000000000000002e-06,0.0003670500789078,1.0000000000000002e-06,1.8574475587429483e-05,5.05755386697143e-05,1.8797905373315453e-06,1.0000000000000002e-06,302.68,75.57,0.8920311880533897,0.4496159050605292,34.113034957437215,33.93867079913475,936.8180259813151,93.43012429379596,0.9998620430472484,1.231244953705364e-07,0.0001097233436177,3.2862944166369344e-07,9.241356548320945e-06,1.690531283445036e-05,5.830382776811586e-07,1.0521475363522303e-06,0.9987381049947386,3.374458018294376e-06,0.0010638554141065,2.817978945782096e-06,4.384727568403118e-05,0.0001417498699062,5.391216942120127e-06,8.587916583686841e-07,5.12546256718962,1.4799980404829165,1.0,1.0552794370027232,1.616355548122377,1.4493853756341035,1.1982333543774295,1.424804282642578,1.593933473134611,1.0,5.130843724671824,936.9320241360858,93.30322734807504,302.7106577576344,33.91794976874195
11,270.0,33.996825518568905,0.9995589201162975,1.0000000000000002e-06,0.0003670500789078,1.0000000000000002e-06,1.8574475587429483e-05,5.05755386697143e-05,1.8797905373315453e-06,1.0000000000000002e-06,302.68,75.57,0.8920311880533897,0.4498719798672609,34.113034957437215,33.93867079913475,936.781830845343,93.47142696218977,0.9998182013809912,1.7867263924310228e-07,0.0001460119043809,4.312742021480797e-07,1.124426306117195e-05,2.2127603892518948e-05,7.717759078787087e-07,1.0331249248105706e-06,0.9983298075280976,4.893469893910982e-06,0.0014148728095814,3.696022168050437e-06,5.332305837012376e-05,0.0001854318491874,7.132290098300688e-06,8.429726030688081e-07,5.123724553740987,1.4802485914088543,1.0,1.0552340226362305,1.6161823399540012,1.449258965834236,1.1981470272339712,1.4246849276289073,1.5937635949202278,1.0,5.130843724671824,936.9320241360858,93.30322734807504,302.7106577576344,33.91794976874195
11,270.0,34.01617709171362,0.9995589201162975,1.0000000000000002e-06,0.0003670500789078,1.0000000000000002e-06,1.8574475587429483e-05,5.05755386697143e-05,1.8797905373315453e-06,1.0000000000000002e-06,302.68,75.57,0.8920311880533897,0.4501280546739926,34.113034957437215,33.93867079913475,936.7458764038694,93.51272357910072,0.9997745691935778,2.457129691092653e-07,0.0001825198013988,5.317165920740022e-07,1.2940485526693862e-05,2.7211501481325403e-05,9.59657789816191e-07,1.0219306643648029e-06,0.997922179577497,6.724912793146451e-06,0.0017676041162563,4.554192983654936e-06,6.133552072574579e-05,0.0002279046851637,8.863444666215427e-06,8.335499142335825e-07,5.121991296829209,1.4804985595854774,1.0,1.055188659192322,1.616009626590926,1.449133010435146,1.198060963926786,1.424565940563027,1.593594091711556,1.0,5.130843724671824,936.9320241360858,93.30322734807504,302.7106577576344,33.91794976874195
11,270.0,34.03552866485834,0.9995589201162975,1.0000000000000002e-06,0.0003670500789078,1.0000000000000002e-06,1.8574475587429483e-05,5.05755386697143e-05,1.8797905373315453e-06,1.0000000000000002e-06,302.68,75.57,0.8920311880533897,0.4503841294807244,34.113034957437215,33.93867079913475,936.7101209433388,93.55400029260298,0.9997311220916008,3.281170578815148e-07,0.0002192079050353,6.299182271129615e-07,1.4393947293707885e-05,3.21569831812553e-05,1.1464817265415598e-06,1.0145558773691456e-06,0.997515195690537,8.9740292040394e-06,0.0021216679418499,5.392197925994543e-06,6.818974725564569e-05,0.0002691703118873,1.0582833145291607e-05,8.272481946542519e-07,5.120262101766368,1.4807480101099146,1.0,1.0551433562838883,1.6158373644362636,1.4490073905302157,1.197975089958554,1.424447267894673,1.593425027277467,1.0,5.130843724671824,936.9320241360858,93.30322734807504,302.7106577576344,33.91794976874195
11,270.0,34.05488023800306,0.9995589201162975,1.0000000000000002e-06,0.0003670500789078,1.0000000000000002e-06,1.8574475587429483e-05,5.05755386697143e-05,1.8797905373315453e-06,1.0000000000000002e-06,302.68,75.57,0.8920311880533897,0.4506402042874561,34.113034957437215,33.93867079913475,936.6745390353832,93.59523976991451,0.999687846635123,4.317194712884529e-07,0.0002560378545847,7.258513150206777e-07,1.5652023032217025e-05,3.696452886492909e-05,1.3320579569666652e-06,1.0093296517271603e-06,0.997108841326666,1.179942344401062e-05,0.0024766912813678,6.209834907458473e-06,7.41118396958346e-05,0.0003092348644004,1.2288727269428175e-05,8.227022491599586e-07,5.118536989489786,1.480996934534901,1.0,1.055098550728804,1.615665548261112,1.4488821012648876,1.1978894074335535,1.4243289047280585,1.5932563975065448,1.0,5.130843724671824,936.9320241360858,93.30322734807504,302.7106577576344,33.91794976874195
11,270.0,34.074231811147776,0.9995589201162975,1.0000000000000002e-06,0.0003670500789078,1.0000000000000002e-06,1.8574475587429483e-05,5.05755386697143e-05,1.8797905373315453e-06,1.0000000000000002e-06,302.68,75.57,0.8920311880533897,0.4508962790941879,34.113034957437215,33.93867079913475,936.6391207053298,93.63641751227082,0.999644742058419,5.657182936615245e-07,0.000292966378905,8.194833148764393e-07,1.6750404588068127e-05,4.163434385224472e-05,1.5161805392176822e-06,1.005432087656544e-06,0.9967031144909972,1.5451131135800798e-05,0.0028322546872047,7.006862022614103e-06,7.927214907459565e-05,0.0003481021830853,1.397925429170931e-05,8.192421879159259e-07,5.11681641559212,1.4812452632959896,1.0,1.0550540028171194,1.6154942194312871,1.4487571718534715,1.1978039413496424,1.424210877982068,1.5930882436024454,1.0,5.130843724671824,936.9320241360858,93.30322734807504,302.7106577576344,33.91794976874195
11,270.0,34.093583384292494,0.9995589201162975,1.0000000000000002e-06,0.0003670500789078,1.0000000000000002e-06,1.8574475587429483e-05,5.05755386697143e-05,1.8797905373315453e-06,1.0000000000000002e-06,302.68,75.57,0.8920311880533897,0.4511523539009196,34.113034957437215,33.93867079913475,936.6038743231088,93.67749496831468,0.9996018247749224,7.454554416837545e-07,0.0003299364078126,9.10756090901972e-07,1.7716275068042516e-05,4.616533157056555e-05,1.6985847378685003e-06,1.0024143559714492e-06,0.9962980300912804,2.03461931115484e-05,0.0031878066994154,7.782819915147777e-06,8.380043479204147e-05,0.0003857652546331,1.5652005557497806e-05,8.165012948120475e-07,5.115101879957894,1.4814929670801882,1.0,1.0550095434580442,1.6153234842451978,1.448632766095156,1.1977188077582248,1.4240932819685468,1.5929205623003762,1.0,5.130843724671824,936.9320241360858,93.30322734807504,302.7106577576344,33.91794976874195
11,270.0,34.11293495743721,0.9995589201162975,1.0000000000000002e-06,0.0003670500789078,1.0000000000000002e-06,1.8574475587429483e-05,5.05755386697143e-05,1.8797905373315453e-06,1.0000000000000002e-06,302.68,75.57,0.8920311880533897,0.4514084287076513,34.113034957437215,33.93867079913475,936.5688361628268,93.71840462172612,0.9995591396707494,9.9842867366565e-07,0.000366859866532,9.995485436056552e-07,1.857032918110277e-05,5.055327853986313e-05,1.8788666545099088e-06,1.000011125834968e-06,0.9958936275666788,2.7232083492398423e-05,0.0035424992600006,8.536716957357755e-06,8.779553716963495e-05,0.0004221912699423,1.73033030086494e-05,8.142627502555115e-07,5.1133951776619,1.4817406361544727,1.0,1.0549652669247742,1.615153590092159,1.4485088509625204,1.1976340011465914,1.423976220645715,1.5927539226660845,1.0,5.130843724671824,936.9320241360858,93.30322734807504,302.7106577576344,33.91794976874195
11,275.0,38.75005933318745,0.9995589201162975,1.0000000000000002e-06,0.0003670500789078,1.0000000000000002e-06,1.8574475587429483e-05,5.05755386697143e-05,1.8797905373315453e-06,1.0000000000000002e-06,302.68,75.57,0.9085502841284524,0.5127704027151972,38.91593697359398,38.74995933318745,904.3807637446818,109.65797892964537,0.999939993938,4.8665665854056574e-08,4.642269481519229e-05,1.374614558024883e-07,4.610633510839111e-06,7.330470779218886e-06,2.428308316215893e-07,1.2133049412472353e-06,0.9995571454916912,1.0044302736696135e-06,0.0003685432101935,1.0040167601065462e-06,1.863950387418221e-05,5.077692684497437e-05,1.887413703259784e-06,9.990066591408643e-07,4.109836415334395,1.632867846881088,1.0,1.0371000622471054,1.4966165388552235,1.3805331858220942,1.1338589961769665,1.337712718565354,1.4949632137089306,1.0,4.11187312512685,904.4335281070778,109.60126774294156,302.7106577576344,38.72523437118672
11,275.0,38.7684790710104,0.9995589201162975,1.0000000000000002e-06,0.0003670500789078,1.0000000000000002e-06,1.8574475587429483e-05,5.05755386697143e-05,1.8797905373315453e-06,1.0000000000000002e-06,302.68,75.57,0.9085502841284524,0.5130141467647268,38.91593697359398,38.74995933318745,904.3424060002658,109.7001343974845,0.9998969479809848,9.129615066176176e-08,8.126182463091892e-05,2.383729248966579e-07,7.30651970940485e-06,1.2631404940441516e-05,4.240835777214399e-07,1.0985170812442625e-06,0.999230399716443,1.8831453945681532e-06,0.0006448001740241,1.740205342197867e-06,2.952550583465642e-05,8.745244524195904e-05,3.2945538820193763e-06,9.04253837319466e-07,4.108331184693236,1.6331545258635531,1.0,1.0370648889327212,1.49647223942424,1.3804230998995288,1.1337931525898188,1.3376122156169552,1.4948183263330943,1.0,4.11187312512685,904.4335281070778,109.60126774294156,302.7106577576344,38.72523437118672
11,275.0,38.78689880883334,0.9995589201162975,1.0000000000000002e-06,0.0003670500789078,1.0000000000000002e-06,1.8574475587429483e-05,5.05755386697143e-05,1.8797905373315453e-06,1.0000000000000002e-06,302.68,75.57,0.9085502841284524,0.5132578908142562,38.91593697359398,38.74995933318745,904.3043777114456,109.74230062542152,0.999854106633138,1.4094466486857005e-07,0.000116386552582,3.382189756061589e-07,9.552680393984756e-06,1.781077374747626e-05,6.059731175928496e-07,1.0582233803303583e-06,0.9989041703058952,2.905460736564003e-06,0.0009230439572642,2.4678888618887915e-06,3.858561551219428e-05,0.0001232506860658,4.705230272819603e-06,8.708553912274376e-07,4.106831049159258,1.6334403694791562,1.0,1.0370297783736335,1.496328500987541,1.3803134670894726,1.133727549617798,1.3375120879914466,1.4946739773912403,1.0,4.11187312512685,904.4335281070778,109.60126774294156,302.7106577576344,38.72523437118672
11,275.0,38.805318546656295,0.9995589201162975,1.0000000000000002e-06,0.0003670500789078,1.0000000000000002e-06,1.8574475587429483e-05,5.05755386697143e-05,1.8797905373315453e-06,1.0000000000000002e-06,302.68,75.57,0.9085502841284524,0.5135016348637859,38.91593697359398,38.74995933318745,904.26661552406,109.78446951463852,0.9998114731239524,1.994047630832346e-07,0.0001517487815841,4.3687382419438614e-07,1.145044482604945e-05,2.286545450619781e-05,7.882375144734176e-07,1.0376790295554134e-06,0.9985784621599212,4.1080602728192295e-06,0.0012028899366058,3.1861610148300325e-06,4.623129387810515e-05,0.0001581512620487,6.117403290420912e-06,8.537229682622558e-07,4.105334674607493,1.6337255613692463,1.0,1.0369947168187192,1.4961852036117511,1.3802041309627897,1.1336620760138834,1.3374122605515388,1.4945300742273102,1.0,4.11187312512685,904.4335281070778,109.60126774294156,302.7106577576344,38.72523437118672
11,275.0,38.82373828447924,0.9995589201162975,1.0000000000000002e-06,0.0003670500789078,1.0000000000000002e-06,1.8574475587429483e-05,5.05755386697143e-05,1.8797905373315453e-06,1.0000000000000002e-06,302.68,75.57,0.9085502841284524,0.5137453789133154,38.91593697359398,38.74995933318745,904.2290690182272,109.82663091205796,0.9997690227461558,2.69160515474669e-07,0.0001873102752436,5.342483698051943e-07,1.3073327146752096e-05,2.779434939105032e-05,9.706700829830668e-07,1.0252230946583403e-06,0.9982532487703754,5.541762157184756e-06,0.0014840332957515,3.894388129617483e-06,5.276106284489246e-05,0.000192147998221,7.529470067939088e-06,8.432524525125498e-07,4.103841760883281,1.634010177879309,1.0,1.036959697675766,1.496042282045906,1.380095086554165,1.1335967409258778,1.3373126980921697,1.4943865474183708,1.0,4.11187312512685,904.4335281070778,109.60126774294156,302.7106577576344,38.72523437118672
11,275.0,38.842158022302186,0.9995589201162975,1.0000000000000002e-06,0.0003670500789078,1.0000000000000002e-06,1.8574475587429483e-05,5.05755386697143e-05,1.8797905373315453e-06,1.0000000000000002e-06,302.68,75.57,0.9085502841284524,0.5139891229628449,38.91593697359398,38.74995933318745,904.1917032326336,109.86877343344224,0.9997267355221442,3.53739932093068e-07,0.0002230373606351,6.302732431035119e-07,1.4475731015599447e-05,3.259741776538216e-05,1.153091125474546e-06,1.0168641389292808e-06,0.9979285095129748,7.278739796889184e-06,0.0017662056671604,4.5920803679225e-06,5.839582915454924e-05,0.0002252419752962,8.940038793703133e-06,8.361564554367751e-07,4.10235205894293,1.6342942603595916,1.0,1.0369247186799069,1.4958997035293626,1.37998630756943,1.1335315324510131,1.3372133773973427,1.4942433651866425,1.0,4.11187312512685,904.4335281070778,109.60126774294156,302.7106577576344,38.72523437118672
11,275.0,38.86057776012513,0.9995589201162975,1.0000000000000002e-06,0.0003670500789078,1.0000000000000002e-06,1.8574475587429483e-05,5.05755386697143e-05,1.8797905373315453e-06,1.0000000000000002e-06,302.68,75.57,0.9085502841284524,0.5142328670123745,38.91593697359398,38.74995933318745,904.1544963670652,109.91088275195828,0.9996845996330896,4.58315148951349e-07,0.0002588972583085,7.2488762334068e-07,1.569865117011493e-05,3.727506009549344e-05,1.335328777482854e-06,1.0108657866359057e-06,0.997604231896654,9.424801623475832e-06,0.002049146332484,5.278811181502964e-06,6.330205135942952e-05,0.0002574373205123,1.03477813061592e-05,8.310048791039658e-07,4.100865567766332,1.6345778041599672,1.0,1.0368897821158871,1.4957574626120804,1.3798777886188731,1.1334664509092338,1.3371142936076557,1.4941005226204631,1.0,4.11187312512685,904.4335281070778,109.60126774294156,302.7106577576344,38.72523437118672
11,275.0,38.878997497948085,0.9995589201162975,1.0000000000000002e-06,0.0003670500789078,1.0000000000000002e-06,1.8574475587429483e-05,5.05755386697143e-05,1.8797905373315453e-06,1.0000000000000002e-06,302.68,75.57,0.9085502841284524,0.514476611061904,38.91593697359398,38.74995933318745,904.1174391154208,109.9529389608764,0.9996426127701192,5.907686023063322e-07,0.0002948539026429,8.180279217882338e-07,1.6773442779359375e-05,4.182753841703352e-05,1.5171977844849832e-06,1.006351732962695e-06,0.9972804128610512,1.214120136170008e-05,0.0023325692004736,5.954134939279356e-06,6.76070505238166e-05,0.0002887372068031,1.1751268861144438e-05,8.270759860266098e-07,4.0993825790880045,1.6348607500839087,1.0,1.036855281339362,1.4956155841859051,1.3797695468998763,1.1334015097671903,1.3370154627101491,1.4939580451205017,1.0,4.11187312512685,904.4335281070778,109.60126774294156,302.7106577576344,38.72523437118672
11,275.0,38.89741723577103,0.9995589201162975,1.0000000000000002e-06,0.0003670500789078,1.0000000000000002e-06,1.8574475587429483e-05,5.05755386697143e-05,1.8797905373315453e-06,1.0000000000000002e-06,302.68,75.57,0.9085502841284524,0.5147203551114335,38.91593697359398,38.74995933318745,904.0805365396104,109.99491182922748,0.9996007849851752,7.637013185846427e-07,0.0003308618001878,9.09612704423488e-07,1.7724344323408563e-05,4.625425483339621e-05,1.698469014112196e-06,1.0028324429488797e-06,0.996957061538828,1.5685720212909405e-05,0.0026161144117438,6.61747753177234e-06,7.14092599919727e-05,0.0003191388882433,1.3148736866732669e-05,8.239665815436526e-07,4.097903800538021,1.6351429606062873,1.0,1.0368209212381478,1.4954741352617684,1.3796616322320971,1.1333367421517555,1.3369169299028518,1.4938160002957763,1.0,4.11187312512685,904.4335281070778,109.60126774294156,302.7106577576344,38.72523437118672
11,275.0,38.915836973593976,0.9995589201162975,1.0000000000000002e-06,0.0003670500789078,1.0000000000000002e-06,1.8574475587429483e-05,5.05755386697143e-05,1.8797905373315453e-06,1.0000000000000002e-06,302.68,75.57,0.9085502841284524,0.5149640991609631,38.91593697359398,38.74995933318745,904.0438139924792,110.03675094050844,0.9995591452546068,9.98499251670412e-07,0.0003668551546958,9.995175065009225e-07,1.8570148622645214e-05,5.055259540993501e-05,1.8788161610748188e-06,1.000013745591245e-06,0.9966342027566976,2.049585883822984e-05,0.0028992634059874,7.267956434085585e-06,7.478502932851384e-05,0.0003486258813735,1.4537676994334558e-05,8.214343462709739e-07,4.096431239898502,1.6354241686134088,1.0,1.0367866898419906,1.4953331848328644,1.379554855108103,1.1332727681697596,1.3368188226332476,1.4936744453894133,1.0,4.11187312512685,904.4335281070778,109.60126774294156,302.7106577576344,38.72523437118672
11,280.0,44.05778743811631,0.9995589201162975,1.0000000000000002e-06,0.0003670500789078,1.0000000000000002e-06,1.8574475587429483e-05,5.05755386697143e-05,1.8797905373315453e-06,1.0000000000000002e-06,302.68,75.57,0.9250693802035151,0.5830063178260727,44.21359478458822,44.057687438116304,867.6095010880464,129.3832698575183,0.999926686173892,6.568921316562786e-08,5.720469869284513e-05,1.6313340003329766e-07,5.425473615340711e-06,8.961268522106871e-06,2.930150335730336e-07,1.2005476305019652e-06,0.9995574386282832,1.0037637248026587e-06,0.000368298242537,1.0033711861440486e-06,1.8627444284302005e-05,5.074317524515164e-05,1.8861826141478493e-06,9.991921252524637e-07,3.14278749772326,1.8339248230423049,1.0,1.0214956467777008,1.388425195048831,1.3157620020906629,1.0812068074778969,1.2576842008390827,1.4004663521540912,1.0,3.1449654870637134,867.6798743518019,129.30886906724652,302.7106577576344,44.02808165538378
11,280.0,44.07508825439096,0.9995589201162975,1.0000000000000002e-06,0.0003670500789078,1.0000000000000002e-06,1.8574475587429483e-05,5.05755386697143e-05,1.8797905373315453e-06,1.0000000000000002e-06,302.68,75.57,0.9250693802035151,0.5832352554504561,44.21359478458822,44.057687438116304,867.5692279532531,129.42666886466486,0.9998852310711088,1.114281894010253e-07,9.09220141650489e-05,2.5797474400661864e-07,7.874209659095292e-06,1.4034077445688158e-05,4.657135751877004e-07,1.1035111125001983e-06,0.9993012155326436,1.701750968273282e-06,0.0005851226471451,1.5860155990381653e-06,2.7025027232690952e-05,7.943421445731924e-05,2.996560015679578e-06,9.182519380452844e-07,3.1415238889900587,1.8342628202659437,1.0,1.021470312407859,1.3883063329041498,1.3156665982425886,1.0811588426412788,1.2576011261869904,1.4003442104469157,1.0,3.1449654870637134,867.6798743518019,129.30886906724652,302.7106577576344,44.02808165538378
11,280.0,44.09238907066562,0.9995589201162975,1.0000000000000002e-06,0.0003670500789078,1.0000000000000002e-06,1.8574475587429483e-05,5.05755386697143e-05,1.8797905373315453e-06,1.0000000000000002e-06,302.68,75.57,0.9250693802035151,0.5834641930748395,44.21359478458822,44.057687438116304,867.5292345034474,129.47007195845856,0.9998439503141094,1.6417357399828586e-07,0.0001248880843101,3.525503362628428e-07,9.945471213879642e-06,1.899592120417161e-05,6.396796017313145e-07,1.0638056503094354e-06,0.9990453760168148,2.505923697069121e-06,0.0008033577557763,2.166521853042272e-06,3.412150995245103e-05,0.0001074731107089,4.114120999755948e-06,8.85040197559287e-07,3.140263730451145,1.8345999963694093,1.0,1.0214450119318286,1.3881878721930163,1.3155714922686956,1.0811109949673203,1.2575183155919667,1.4002224719940233,1.0,3.1449654870637134,867.6798743518019,129.30886906724652,302.7106577576344,44.02808165538378
11,280.0,44.109689886940274,0.9995589201162975,1.0000000000000002e-06,0.0003670500789078,1.0000000000000002e-06,1.8574475587429483e-05,5.05755386697143e-05,1.8797905373315453e-06,1.0000000000000002e-06,302.68,75.57,0.9250693802035151,0.5836931306992229,44.21359478458822,44.057687438116304,867.4894693231222,129.51347291078864,0.9998028433557063,2.2558623153259357e-07,0.000159064419108,4.467480680410538e-07,1.1718324847015346e-05,2.3844634586041915e-05,8.147159717111126e-07,1.0422154810618587e-06,0.998789916654646,3.4414519508088627e-06,0.001022755098026,2.7442071197198654e-06,4.018948720240988e-05,0.0001348485986013,5.237592892959924e-06,8.669095607677764e-07,3.139006458955996,1.834936605365764,1.0,1.0214197283370785,1.3880697173126249,1.3154762183342894,1.0810629212568923,1.257435697785925,1.4001010387675346,1.0,3.1449654870637134,867.6798743518019,129.30886906724652,302.7106577576344,44.02808165538378
11,280.0,44.12699070321493,0.9995589201162975,1.0000000000000002e-06,0.0003670500789078,1.0000000000000002e-06,1.8574475587429483e-05,5.05755386697143e-05,1.8797905373315453e-06,1.0000000000000002e-06,302.68,75.57,0.9250693802035151,0.5839220683236064,44.21359478458822,44.057687438116304,867.4498933395969,129.55686513657145,0.999761892357896,2.979134379580186e-07,0.0001934189852446,5.404780418665405e-07,1.3251520943980711e-05,2.85794381706514e-05,9.906585396943967e-07,1.0286477253174576e-06,0.9985348228612004,4.542380550987439e-06,0.0012431064549909,3.3185198738304536e-06,4.543146448620536e-05,0.0001615569515297,6.365909580159927e-06,8.554577875704698e-07,3.1377516186820475,1.8352708237424624,1.0,1.0213945114892682,1.3879517872017784,1.3153812064263644,1.0810156431499416,1.2573529310841274,1.3999803155604706,1.0,3.1449654870637134,867.6798743518019,129.30886906724652,302.7106577576344,44.02808165538378
11,280.0,44.14429151948959,0.9995589201162975,1.0000000000000002e-06,0.0003670500789078,1.0000000000000002e-06,1.8574475587429483e-05,5.05755386697143e-05,1.8797905373315453e-06,1.0000000000000002e-06,302.68,75.57,0.9250693802035151,0.5841510059479899,44.21359478458822,44.057687438116304,867.4104780637484,129.60023936939282,0.9997210814841648,3.842649349410953e-07,0.0002279239238765,6.336650526408967e-07,1.458952609327836e-05,3.320043953110154e-05,1.1673646610667372e-06,1.019331685734518e-06,0.9982800768046164,5.855833914550852e-06,0.0014642321955979,3.889004967260326e-06,5.0000739900669686e-05,0.000187599723995,7.498151302995127e-06,8.475457050572082e-07,3.136499567227092,1.835606160964906,1.0,1.0213693069817051,1.3878341769658111,1.315286812601086,1.0809680534208603,1.257270712768101,1.3998594501744996,1.0,3.1449654870637134,867.6798743518019,129.30886906724652,302.7106577576344,44.02808165538378
11,280.0,44.16159233576425,0.9995589201162975,1.0000000000000002e-06,0.0003670500789078,1.0000000000000002e-06,1.8574475587429483e-05,5.05755386697143e-05,1.8797905373315453e-06,1.0000000000000002e-06,302.68,75.57,0.9250693802035151,0.5843799435723733,44.21359478458822,44.057687438116304,867.371205498791,129.64358427654255,0.999680400768852,4.890594445565112e-07,0.0002625521134598,7.262390248485231e-07,1.576649371595209e-05,3.770809057835427e-05,1.3446954616433486e-06,1.0125394626425889e-06,0.9980256681168284,7.448768686787541e-06,0.0016859573377553,4.455237963423963e-06,5.401504763231834e-05,0.0002129803339954,8.633422308755704e-06,8.417348296643262e-07,3.1352499580197235,1.835940936611263,1.0,1.0213441264615368,1.387716817360104,1.3151926283516318,1.080920547047572,1.2571886717437828,1.3997388429239446,1.0,3.1449654870637134,867.6798743518019,129.30886906724652,302.7106577576344,44.02808165538378
11,280.0,44.1788931520389,0.9995589201162975,1.0000000000000002e-06,0.0003670500789078,1.0000000000000002e-06,1.8574475587429483e-05,5.05755386697143e-05,1.8797905373315453e-06,1.0000000000000002e-06,302.68,75.57,0.9250693802035151,0.5846088811967567,44.21359478458822,44.057687438116304,867.3320673148352,129.6868843330708,0.9996398469420512,6.187825647597651e-07,0.0002972744637197,8.181276427239495e-07,1.6809010487924522e-05,4.2102803565109626e-05,1.522502009155842e-06,1.0073679594699595e-06,0.9977715930779828,9.419460705878572e-06,0.0019080946272346,5.0167815635353775e-06,5.756603961050443e-05,0.0002377019754224,9.770764153847365e-06,8.372733261773967e-07,3.134002962862849,1.8362751019832744,1.0,1.0213189740191058,1.3875997218758396,1.3150986641944962,1.0808731314328606,1.2571068167444346,1.399618507329118,1.0,3.1449654870637134,867.6798743518019,129.30886906724652,302.7106577576344,44.02808165538378
11,280.0,44.19619396831356,0.9995589201162975,1.0000000000000002e-06,0.0003670500789078,1.0000000000000002e-06,1.8574475587429483e-05,5.05755386697143e-05,1.8797905373315453e-06,1.0000000000000002e-06,302.68,75.57,0.9250693802035151,0.5848378188211402,44.21359478458822,44.057687438116304,867.2930659608643,129.730116774316,0.9995994250985912,7.83333640577108e-07,0.0003320559579548,9.092462060998062e-07,1.773798138237971e-05,4.638447754869688e-05,1.7006050487540624e-06,1.0032996273811144e-06,0.9975178562385872,1.1917913172478152e-05,0.0021304192291931,5.573123601257157e-06,6.072578659085639e-05,0.0002617649523917,1.0909026138409074e-05,8.337303246129621e-07,3.1327589970399936,1.836608543321087,1.0,1.021293858011138,1.3874829287533548,1.3150050678900516,1.080825823968676,1.257025173682536,1.3994984824236396,1.0,3.1449654870637134,867.6798743518019,129.30886906724652,302.7106577576344,44.02808165538378
11,280.0,44.21349478458821,0.9995589201162975,1.0000000000000002e-06,0.0003670500789078,1.0000000000000002e-06,1.8574475587429483e-05,5.05755386697143e-05,1.8797905373315453e-06,1.0000000000000002e-06,302.68,75.57,0.9250693802035151,0.5850667564455236,44.21359478458822,44.057687438116304,867.2542178504513,129.7732453365443,0.9995591520388596,9.985662471355567e-07,0.000366849376871,9.994821088556456e-07,1.856992933969714e-05,5.055182660375356e-05,1.878762871449547e-06,1.0000170985080206e-06,0.9972644711310156,1.5184358688869558e-05,0.0023526291486601,6.123584360660585e-06,6.355127048928946e-05,0.0002851630029269,1.2046662279370284e-05,8.308415788925053e-07,3.1315191590052702,1.8369410258880976,1.0,1.021268793760921,1.387366512390242,1.3149117915224222,1.0807786484582205,1.2569437911922334,1.3993788578141857,1.0,3.1449654870637134,867.6798743518019,129.30886906724652,302.7106577576344,44.02808165538378
11,285.0,49.90015672747873,0.9995589201162975,1.0000000000000002e-06,0.0003670500789078,1.0000000000000002e-06,1.8574475587429483e-05,5.05755386697143e-05,1.8797905373315453e-06,1.0000000000000002e-06,302.68,75.57,0.941588476278578,0.6603170137287115,50.04341124314785,49.90005672747873,824.8768741738618,153.87151527118277,0.9999090697225982,9.089344486906277e-08,7.155833720874923e-05,1.9719329244669626e-07,6.42202032743406e-06,1.1117198482270669e-05,3.608281893116267e-07,1.183806456619954e-06,0.999557691957365,1.0031887150989112e-06,0.0003680865239461,1.0028158655940105e-06,1.861710064315885e-05,5.071393983338818e-05,1.8851183376278603e-06,9.993552940299538e-07,2.2387498913119788,2.114171382280796,1.0,1.00913294284818,1.2898383321475628,1.2530943821194438,1.0401631143088663,1.1843168362065335,1.309642277278264,1.0,2.2410524707626744,824.9746819221486,153.77005765610247,302.7106577576344,49.86436423924916
11,285.0,49.9160627847753,0.9995589201162975,1.0000000000000002e-06,0.0003670500789078,1.0000000000000002e-06,1.8574475587429483e-05,5.05755386697143e-05,1.8797905373315453e-06,1.0000000000000002e-06,302.68,75.57,0.941588476278578,0.6605274948362485,50.04341124314785,49.90005672747873,824.8340483742679,153.9166578453295,0.9998696897681107,1.39954266606087e-07,0.0001037665399462,2.8559232847215134e-07,8.588428631374444e-06,1.5899995831309485e-05,5.24116236962948e-07,1.1056046481890503e-06,0.9993623815275348,1.5439146767605916e-06,0.0005335572487364,1.4518094825038602e-06,2.488990428072088e-05,7.250522908282935e-05,2.737153256832301e-06,9.3321294920272e-07,2.237730387277578,2.11459031339383,1.0,1.0091170144622403,1.2897396752527637,1.253011793525346,1.0401309523246605,1.1842482687082367,1.3095395372630891,1.0,2.2410524707626744,824.9746819221486,153.77005765610247,302.7106577576344,49.86436423924916
11,285.0,49.93196884207187,0.9995589201162975,1.0000000000000002e-06,0.0003670500789078,1.0000000000000002e-06,1.8574475587429483e-05,5.05755386697143e-05,1.8797905373315453e-06,1.0000000000000002e-06,302.68,75.57,0.941588476278578,0.6607379759437855,50.04341124314785,49.90005672747873,824.7914500982242,153.96179814085457,0.9998304516996042,1.958642012839998e-07,0.0001361841115923,3.743432873792931e-07,1.045342887303749e-05,2.05832739694939e-05,6.890214470396355e-07,1.0682570252978003e-06,0.999167349169238,2.159630170580645e-06,0.0006999778524092,1.9022486022134115e-06,3.0285695012980465e-05,9.382685901380436e-05,3.5969778152791686e-06,9.015677376684362e-07,2.2367130372232977,2.115010549705019,1.0,1.0091012068681495,1.2896433605786466,1.252929527273581,1.0400988562835134,1.1841812312369413,1.30943795692756,1.0,2.2410524707626744,824.9746819221486,153.77005765610247,302.7106577576344,49.86436423924916
11,285.0,49.94787489936844,0.9995589201162975,1.0000000000000002e-06,0.0003670500789078,1.0000000000000002e-06,1.8574475587429483e-05,5.05755386697143e-05,1.8797905373315453e-06,1.0000000000000002e-06,302.68,75.57,0.941588476278578,0.6609484570513225,50.04341124314785,49.90005672747873,824.7490403263664,154.0069320169893,0.9997913525949664,2.600967851126983e-07,0.0001687819599152,4.633631706317455e-07,1.207440088696178e-05,2.516579054567621e-05,8.554087873013534e-07,1.0463849424189068e-06,0.9989725891582404,2.8664696230879225e-06,0.0008671984954581,2.353712648482849e-06,3.497147418416244e-05,0.0001146738180792,4.463881781168377e-06,8.829899853769954e-07,2.235698870939835,2.1154295429372305,1.0,1.0090853833858082,1.2895471399548462,1.2528474194656467,1.040066847996043,1.1841142747345266,1.3093365389820626,1.0,2.2410524707626744,824.9746819221486,153.77005765610247,302.7106577576344,49.86436423924916
11,285.0,49.963780956665005,0.9995589201162975,1.0000000000000002e-06,0.0003670500789078,1.0000000000000002e-06,1.8574475587429483e-05,5.05755386697143e-05,1.8797905373315453e-06,1.0000000000000002e-06,302.68,75.57,0.941588476278578,0.6611589381588595,50.04341124314785,49.90005672747873,824.7067907128315,154.05205590389718,0.9997523804091148,3.345918111728427e-07,0.0002015348446558,5.52580516958757e-07,1.3495221780975877e-05,2.9647168577716472e-05,1.0231610027106835e-06,1.032022539777808e-06,0.9987780930251492,3.685660881323629e-06,0.0010350878298063,2.805834408596425e-06,3.907490447206701e-05,0.0001350447499143,5.337241872537924e-06,8.707534956047441e-07,2.2346868728420106,2.1167015479794262,1.0000000002645348,1.0090734800317342,1.2896644111204874,1.2529494643767396,1.0400888438188405,1.184200216310776,1.309464438986805,1.000000000372888,2.2410524707626744,824.9746819221486,153.77005765610247,302.7106577576344,49.86436423924916
11,285.0,49.97968701396157,0.9995589201162975,1.0000000000000002e-06,0.0003670500789078,1.0000000000000002e-06,1.8574475587429483e-05,5.05755386697143e-05,1.8797905373315453e-06,1.0000000000000002e-06,302.68,75.57,0.941588476278578,0.6613694192663965,50.04341124314785,49.90005672747873,824.6646793364682,154.0971627648077,0.9997135234600713,4.219526538276283e-07,0.0002344209097952,6.419335292075997e-07,1.4749992846377716e-05,3.4027704969747405e-05,1.192176762169298e-06,1.0218693726056622e-06,0.9985838471661052,4.645705955820486e-06,0.0012035333790232,3.258301285857316e-06,4.269523247578885e-05,0.0001549416191912,6.216524633617289e-06,8.620713294742069e-07,2.233670698195605,2.1162631181488503,1.0,1.0090538188989888,1.2893535809913148,1.252683537316812,1.04000308602131,1.1839795557692472,1.3091335464685103,1.0,2.2410524707626744,824.9746819221486,153.77005765610247,302.7106577576344,49.86436423924916
11,285.0,49.99559307125814,0.9995589201162975,1.0000000000000002e-06,0.0003670500789078,1.0000000000000002e-06,1.8574475587429483e-05,5.05755386697143e-05,1.8797905373315453e-06,1.0000000000000002e-06,302.68,75.57,0.941588476278578,0.6615799003739334,50.04341124314785,49.90005672747873,824.622692184482,154.14224424079518,0.99967477389847,5.257474969367293e-07,0.0002674188611569,7.313626119926197e-07,1.586551932736373e-05,3.830794303579037e-05,1.3623561763997495e-06,1.0143117242758485e-06,0.9983898435013664,5.78566603961475e-06,0.0013724253424978,3.710810836956649e-06,4.5910461993111904e-05,0.0001743674331432,7.101203250699326e-06,8.555808722297485e-07,2.2326642652961834,2.116681706297987,1.0,1.0090379249146546,1.2892588657090722,1.2526020690785626,1.0399712526513534,1.1839137013739227,1.309033167616759,1.0,2.2410524707626744,824.9746819221486,153.77005765610247,302.7106577576344,49.86436423924916
11,285.0,50.01149912855471,0.9995589201162975,1.0000000000000002e-06,0.0003670500789078,1.0000000000000002e-06,1.8574475587429483e-05,5.05755386697143e-05,1.8797905373315453e-06,1.0000000000000002e-06,302.68,75.57,0.941588476278578,0.6617903814814704,50.04341124314785,49.90005672747873,824.5808222368676,154.18728898093718,0.9996361281493564,6.509950151164989e-07,0.0003005064256556,8.208061214096024e-07,1.686311671861539e-05,4.248844686451009e-05,1.5335928673811266e-06,1.0084674008418155e-06,0.9981960782008428,7.160481018082335e-06,0.0015416490975167,4.163050774134899e-06,4.878262241368564e-05,0.0001933252921555,7.990718078798622e-06,8.505372002754949e-07,2.2316538748968204,2.1170981971197373,1.0,1.0090223456622711,1.289164224494041,1.2525203596405148,1.0399394427488926,1.1838479444548404,1.3089326216202737,1.0,2.2410524707626744,824.9746819221486,153.77005765610247,302.7106577576344,49.86436423924916
11,285.0,50.02740518585128,0.9995589201162975,1.0000000000000002e-06,0.0003670500789078,1.0000000000000002e-06,1.8574475587429483e-05,5.05755386697143e-05,1.8797905373315453e-06,1.0000000000000002e-06,302.68,75.57,0.941588476278578,0.6620008625890074,50.04341124314785,49.90005672747873,824.5390700436958,154.23228088342248,0.999597587794614,8.049726647008954e-07,0.0003336580547074,9.101942132864724e-07,1.7759888060719807e-05,4.656952013225297e-05,1.7057619008927976e-06,1.003813706683099e-06,0.998002552541339,8.849817576521569e-06,0.0017110734594316,4.614667871742356e-06,5.136148708494139e-05,0.0002118171137494,8.884414002241467e-06,8.464989448439432e-07,2.2306499466079104,2.1175127280913366,1.0,1.0090066797724435,1.2890681483073163,1.2524393204218347,1.039907819934064,1.1837810716854968,1.3088320847004478,1.0,2.2410524707626744,824.9746819221486,153.77005765610247,302.7106577576344,49.86436423924916
11,285.0,50.04331124314785,0.9995589201162975,1.0000000000000002e-06,0.0003670500789078,1.0000000000000002e-06,1.8574475587429483e-05,5.05755386697143e-05,1.8797905373315453e-06,1.0000000000000002e-06,302.68,75.57,0.941588476278578,0.6622113436965443,50.04341124314785,49.90005672747873,824.4974448480327,154.27719517117976,0.9995591608589536,9.98627694462565e-07,0.0003668418310805,9.994406453692378e-07,1.856964424782166e-05,5.0550872493205446e-05,1.878703308466776e-06,1.0000215765005351e-06,0.997809271869922,1.0973521178597742e-05,0.0018805352749385,5.065228263000625e-06,5.368725957405222e-05,0.0002298422013007,9.781456611657058e-06,8.431882119708598e-07,2.2296438628829827,2.1179274183730934,1.0,1.0089910787503042,1.2889726436036553,1.252358337873334,1.039876211840665,1.1837146159775376,1.3087317723857574,1.0,2.2410524707626744,824.9746819221486,153.77005765610247,302.7106577576344,49.86436423924916
11,290.0,56.32009002329324,0.9995589201162975,1.0000000000000002e-06,0.0003670500789078,1.0000000000000002e-06,1.8574475587429483e-05,5.05755386697143e-05,1.8797905373315453e-06,1.0000000000000002e-06,302.68,75.57,0.9581075723536407,0.7452704780110261,56.44692913934201,56.31999002329324,773.1181169986967,185.596268411554,0.9998842601290324,1.310390010205617e-07,9.19165308642747e-05,2.461198078023849e-07,7.694899684464665e-06,1.4130820062898148e-05,4.5882285564847573e-07,1.1616386913886144e-06,0.9995579149783116,1.0026846550511376e-06,0.0003679001040186,1.0023291128926534e-06,1.860808803774248e-05,5.068813462972859e-05,1.8841806170573488e-06,9.995006172546235e-07,1.414407458442999,2.548060452506044,1.0000000011543608,1.0013227253377952,1.19928390279195,1.1905141876015308,1.0117886932379847,1.1176020335382733,1.2217595942878083,1.000000001452374,1.4167983026644004,773.2637021553837,185.44864903964933,302.7106577576344,56.27641671412855
11,290.0,56.33417214729866,0.9995589201162975,1.0000000000000002e-06,0.0003670500789078,1.0000000000000002e-06,1.8574475587429483e-05,5.05755386697143e-05,1.8797905373315453e-06,1.0000000000000002e-06,302.68,75.57,0.9581075723536407,0.7454568234391777,56.44692913934201,56.31999002329324,773.0717413636869,185.64390520073417,0.999847764090904,1.8343844050711438e-07,0.0001219658419806,3.271954060811837e-07,9.529416368534082e-06,1.851636293209628e-05,6.105090632542072e-07,1.103144905008167e-06,0.9994163639761332,1.4030060321903349e-06,0.0004880090252703,1.3320561771277138e-06,2.303857677411461e-05,6.639803369058438e-05,2.506232089292777e-06,9.490938332514632e-07,1.4136423187065557,2.5486356751280144,1.0000000007163108,1.0013151868856294,1.1992053617305038,1.190431076532534,1.0117649640995896,1.1175434886954048,1.2216777163770796,1.0000000008881167,1.4167983026644004,773.2637021553837,185.44864903964933,302.7106577576344,56.27641671412855
11,290.0,56.34825427130408,0.9995589201162975,1.0000000000000002e-06,0.0003670500789078,1.0000000000000002e-06,1.8574475587429483e-05,5.05755386697143e-05,1.8797905373315453e-06,1.0000000000000002e-06,302.68,75.57,0.9581075723536407,0.7456431688673294,56.44692913934201,56.31999002329324,773.0255379272039,185.6915348157635,0.9998113742576704,2.422722947886766e-07,0.0001521803852387,4.090247276097722e-07,1.1142791013235693e-05,2.2816999615735703e-05,7.63879609439846e-07,1.070389830153708e-06,0.9992750039437244,1.852159321873653e-06,0.0006086978518332,1.664625410817865e-06,2.693233190384549e-05,8.179347837781118e-05,3.134771572132671e-06,9.20837855712487e-07,1.4128771833075104,2.549211192298611,1.0000000007301932,1.001309139968985,1.199124278287933,1.1903568953046813,1.0117460001885388,1.1174876094345396,1.2215903498149392,1.000000000904567,1.4167983026644004,773.2637021553837,185.44864903964933,302.7106577576344,56.27641671412855
11,290.0,56.3623363953095,0.9995589201162975,1.0000000000000002e-06,0.0003670500789078,1.0000000000000002e-06,1.8574475587429483e-05,5.05755386697143e-05,1.8797905373315453e-06,1.0000000000000002e-06,302.68,75.57,0.9581075723536407,0.745829514295481,56.44692913934201,56.31999002329324,772.9794792698455,185.739154090549,0.9997750865614626,3.0875217330147533e-07,0.0001825406747734,4.915612730718946e-07,1.2571828241463911e-05,2.703231390054961e-05,9.188559485792788e-07,1.0494522269483315e-06,0.9991338277655338,2.359342165189716e-06,0.0007298887067147,1.999847194066019e-06,3.037871037122118e-05,9.687340304943427e-05,3.7694730130348464e-06,9.027519586217586e-07,1.4121145503065446,2.5497853944158835,1.0000000007345111,1.001303301144669,1.1990496590157986,1.1902895107948372,1.0117306116313414,1.117437351785094,1.221508539974696,1.0000000009099357,1.4167983026644004,773.2637021553837,185.44864903964933,302.7106577576344,56.27641671412855
11,290.0,56.37641851931492,0.9995589201162975,1.0000000000000002e-06,0.0003670500789078,1.0000000000000002e-06,1.8574475587429483e-05,5.05755386697143e-05,1.8797905373315453e-06,1.0000000000000002e-06,302.68,75.57,0.9581075723536407,0.7460158597236327,56.44692913934201,56.31999002329324,772.9335484030065,185.7867632543176,0.9997388942769488,3.844186304146247e-07,0.0002130283596482,5.747612614489412e-07,1.3845658842598766e-05,3.116224519396659e-05,1.075363297210674e-06,1.0349161773025756e-06,0.9989928329722564,2.936237391929241e-06,0.000851506930161,2.337537467441484e-06,3.34484016893345e-05,0.0001116377257101,4.410019973055971e-06,8.901753506250303e-07,1.4113520171533027,2.5503585890483693,1.0000000007306615,1.0012978322145691,1.1989746789494335,1.1902218520268548,1.0117150207575445,1.117386598561798,1.2214271771859735,1.0000000009055978,1.4167983026644004,773.2637021553837,185.44864903964933,302.7106577576344,56.27641671412855
11,290.0,56.39050064332033,0.9995589201162975,1.0000000000000002e-06,0.0003670500789078,1.0000000000000002e-06,1.8574475587429483e-05,5.05755386697143e-05,1.8797905373315453e-06,1.0000000000000002e-06,302.68,75.57,0.9581075723536407,0.7462022051517843,56.44692913934201,56.31999002329324,772.8877294616648,185.83435698047853,0.9997027895617182,4.71264638588381e-07,0.0002436280533046,6.585880618102267e-07,1.498770515238142e-05,3.520725088445558e-05,1.233340599134354e-06,1.024235640785941e-06,0.9988520096184468,3.597970517468401e-06,0.0009734910456459,2.677546490101813e-06,3.619827101186277e-05,0.0001260884728972,5.056158155286492e-06,8.809168350954825e-07,1.4105903794100787,2.5509323249272824,1.000000000217108,1.001289001740332,1.1988918292041215,1.1901609853472002,1.0117030949025343,1.1173270830298512,1.2213492384700062,1.0000000002620293,1.4167983026644004,773.2637021553837,185.44864903964933,302.7106577576344,56.27641671412855
11,290.0,56.40458276732575,0.9995589201162975,1.0000000000000002e-06,0.0003670500789078,1.0000000000000002e-06,1.8574475587429483e-05,5.05755386697143e-05,1.8797905373315453e-06,1.0000000000000002e-06,302.68,75.57,0.9581075723536407,0.7463885505799359,56.44692913934201,56.31999002329324,772.8420125785722,185.8819298298883,0.9996667669299292,5.719060048105694e-07,0.0002743245433645,7.430050382425993e-07,1.601691796274609e-05,3.916791496113535e-05,1.392726133487213e-06,1.016056605949229e-06,0.99871135210045,4.364390341092327e-06,0.001095779983228,3.0197231840717465e-06,3.867431876664605e-05,0.0001402280436131,5.707629269474132e-06,8.73811147613957e-07,1.4098278847502572,2.551506967224373,1.0000000007185854,1.0012880334765994,1.1988217988060927,1.190084897621699,1.01168285453299,1.1172826073262636,1.2212621138023092,1.000000000892441,1.4167983026644004,773.2637021553837,185.44864903964933,302.7106577576344,56.27641671412855
11,290.0,56.41866489133117,0.9995589201162975,1.0000000000000002e-06,0.0003670500789078,1.0000000000000002e-06,1.8574475587429483e-05,5.05755386697143e-05,1.8797905373315453e-06,1.0000000000000002e-06,302.68,75.57,0.9581075723536407,0.7465748960080875,56.44692913934201,56.31999002329324,772.7963923929955,185.92947440040933,0.9996308232000648,6.898427477349682e-07,0.0003051022901047,8.279740620852884e-07,1.694877984149681e-05,4.304486558910005e-05,1.5534549258046918e-06,1.009592664084708e-06,0.9985708571066574,5.262055145326343e-06,0.001218311463516,3.3639106564965174e-06,4.091412706450272e-05,0.0001540589933257,6.364162132881864e-06,8.681815014124509e-07,1.409067895423498,2.5520796923167466,1.000000000704238,1.0012827993239553,1.1987471160164138,1.19001639512118,1.0116667827887378,1.117231801791157,1.221181682813199,1.0000000008759813,1.4167983026644004,773.2637021553837,185.44864903964933,302.7106577576344,56.27641671412855
11,290.0,56.43274701533659,0.9995589201162975,1.0000000000000002e-06,0.0003670500789078,1.0000000000000002e-06,1.8574475587429483e-05,5.05755386697143e-05,1.8797905373315453e-06,1.0000000000000002e-06,302.68,75.57,0.9581075723536407,0.7467612414362391,56.44692913934201,56.31999002329324,772.7508682911504,185.9769804842477,0.9995949579003772,8.298615258923618e-07,0.0003359443090673,9.134523783757022e-07,1.7796033964960405e-05,4.683863394759931e-05,1.7154527650888165e-06,1.004355973465258e-06,0.998430524013158,6.327286238059824e-06,0.0013410175513709,3.7099335175901416e-06,4.294862943042743e-05,0.0001675835299748,7.025448255574806e-06,8.636080544595654e-07,1.4083097631120634,2.552652471904699,1.0000000004429055,1.0012726789953574,1.1986775107794618,1.1899587471375104,1.0116565291221622,1.1171841528669328,1.2211071975792192,1.0000000005446288,1.4167983026644004,773.2637021553837,185.44864903964933,302.7106577576344,56.27641671412855
11,290.0,56.44682913934201,0.9995589201162975,1.0000000000000002e-06,0.0003670500789078,1.0000000000000002e-06,1.8574475587429483e-05,5.05755386697143e-05,1.8797905373315453e-06,1.0000000000000002e-06,302.68,75.57,0.9581075723536407,0.7469475868643908,56.44692913934201,56.31999002329324,772.7054437547852,186.02443221732213,0.999559173316958,9.986804594042518e-07,0.0003668311680894,9.993897184819233e-07,1.856924039195841e-05,5.054954578197503e-05,1.8786306205579984e-06,1.0000279800064872e-06,0.9982903527970884,7.611065205792658e-06,0.0014638209541943,4.057587559561695e-06,4.480346674986377e-05,0.0001808031923583,7.69112021367558e-06,8.598166301664592e-07,1.4075550848895493,2.5532237082895364,1.000000000344793,1.0012675671644171,1.1985924257708434,1.189883504930621,1.0116367808070668,1.1171232982991954,1.2210224282420812,1.000000000421628,1.4167983026644004,773.2637021553837,185.44864903964933,302.7106577576344,56.27641671412855
12,200.0,2.7677460670819087,0.95,0.0126250213668741,3.798811050253337e-06,7.075464736006167e-06,0.0373405202797816,4.292683696591563e-06,1.269553860675361e-06,1.802184000079169e-05,299.3,82.09,0.6682258603407951,0.0337159954572043,60.40667057436809,2.7676460670819085,1221.3206646581414,7.371655906088714,0.9994386155952426,8.719118515848506e-06,1.5683516883958562e-08,4.3651877473121625e-08,0.0005319962399683,3.884447720950834e-08,1.6306210449953247e-08,2.05545601912414e-05,0.9499669949570306,0.0126334439651367,3.801336652665422e-06,7.080159149123407e-06,0.0373650935187962,4.295523544441875e-06,1.2703905243247966e-06,1.802014916585004e-05,22.474893501499583,0.6844800475907499,1.0000000092115395,1.6291857774610758,5.233321752916809,5.364629829556114,5.2241642457597015,4.149263012676856,4.3151733978394144,1.0023626394921634,22.53960113748808,1221.920496490378,7.249541730897533,302.7106577576344,2.6239816647333654
12,200.0,9.172059901224817,0.95,0.0126250213668741,3.798811050253337e-06,7.075464736006167e-06,0.0373405202797816,4.292683696591563e-06,1.269553860675361e-06,1.802184000079169e-05,299.3,82.09,0.6682258603407951,0.1117317566235207,60.40667057436809,2.7676460670819085,1199.902142526948,12.063813557765863,0.9796324168257856,0.0006556235309978,9.200254073103536e-07,2.2887620867938604e-06,0.019687732807098,1.772644079276312e-06,6.333991993123639e-07,1.8612005345855263e-05,0.3069694467058846,0.2723638256045156,6.62691500603994e-05,0.0001109480604501,0.4204102429581369,5.897814789521946e-05,1.5074262611968169e-05,5.215110445036752e-06,20.208315688390083,0.7602849129800511,1.0,1.4843688393573309,4.522945089012754,4.75010533319849,4.613249067362634,3.7132840172383847,3.686141757915866,1.000015898220518,22.53960113748808,1221.920496490378,7.249541730897533,302.7106577576344,2.6239816647333654
12,200.0,15.576373735367726,0.95,0.0126250213668741,3.798811050253337e-06,7.075464736006167e-06,0.0373405202797816,4.292683696591563e-06,1.269553860675361e-06,1.802184000079169e-05,299.3,82.09,0.6682258603407951,0.189747517789837,60.40667057436809,2.7676460670819085,1189.2969016761458,14.996768213876486,0.9692751134908558,0.0018267993363069,1.869961197265708e-06,4.189776233647537e-06,0.0288697433247034,2.92703219471046e-06,9.550309687457929e-07,1.8402047539570954e-05,0.1917249153521062,0.4374226615031858,7.967897571134038e-05,0.000120597270687,0.3705774226561291,5.801685547278818e-05,1.364275584543866e-05,3.0646308622626274e-06,19.06313317691523,0.803749914785604,1.0,1.4169675025684711,4.177628629539195,4.436188893719428,4.329821946668574,3.5088197299993,3.4118441128120374,1.0,22.53960113748808,1221.920496490378,7.249541730897533,302.7106577576344,2.6239816647333654
12,200.0,21.98068756951064,0.95,0.0126250213668741,3.798811050253337e-06,7.075464736006167e-06,0.0373405202797816,4.292683696591563e-06,1.269553860675361e-06,1.802184000079169e-05,299.3,82.09,0.6682258603407951,0.2677632789561534,60.40667057436809,2.7676460670819085,1184.510760481229,16.94437330278822,0.9640272942124076,0.0032629234067195,2.521072171210759e-06,5.288974676796561e-06,0.0326790827018447,3.496777526360248e-06,1.0945628161282396e-06,1.8298291837579605e-05,0.1431846597157174,0.5511097880737379,7.72911975988527e-05,0.0001098299634447,0.305454904187863,5.00712421160431e-05,1.133460682207286e-05,2.121012699902545e-06,18.458247972843303,0.829317122090263,1.0,1.3812960858506187,3.987190821736174,4.254967063623009,4.192699721243007,3.406749561147909,3.282216383404899,1.0,22.53960113748808,1221.920496490378,7.249541730897533,302.7106577576344,2.6239816647333654
12,200.0,28.385001403653543,0.95,0.0126250213668741,3.798811050253337e-06,7.075464736006167e-06,0.0373405202797816,4.292683696591563e-06,1.269553860675361e-06,1.802184000079169e-05,299.3,82.09,0.6682258603407951,0.3457790401224697,60.40667057436809,2.7676460670819085,1181.8406032586047,18.52597861497983,0.960643191252307,0.0047887915757598,2.9404433179967377e-06,5.92516709665728e-06,0.0345359573040219,3.79868278241432e-06,1.1639248401758835e-06,1.8231649873966305e-05,0.1163342510019723,0.6264255463469989,7.103351175830702e-05,9.717661206534588e-05,0.257017874409072,4.2987059505540246e-05,9.543321981823914e-06,1.5877366458058831e-06,18.04519937651168,0.8481059531498396,1.0,1.3563427162598487,3.8508482965745703,4.121291605315543,4.10563827353842,3.339893788350479,3.2006981342171827,1.0,22.53960113748808,1221.920496490378,7.249541730897533,302.7106577576344,2.6239816647333654
12,200.0,34.78931523779645,0.95,0.0126250213668741,3.798811050253337e-06,7.075464736006167e-06,0.0373405202797816,4.292683696591563e-06,1.269553860675361e-06,1.802184000079169e-05,299.3,82.09,0.6682258603407951,0.4237948012887861,60.40667057436809,2.7676460670819085,1180.0338427744027,19.955640737121964,0.958022576896003,0.0063464410072622,3.2246450001633344e-06,6.327773156937576e-06,0.0355980660485729,3.979642361632728e-06,1.2039390715014403e-06,1.818004857180588e-05,0.0993044423375908,0.6783912071680335,6.46820552377291e-05,8.635895594593854e-05,0.2221063496553524,3.748686512561306e-05,8.227194827011411e-06,1.2457678869870051e-06,17.71230736028435,0.8638891324055892,1.0000000002112222,1.3360267084683983,3.7385735318356494,4.008680869898966,4.039274454223586,3.287738132959014,3.1388389310344995,1.0,22.53960113748808,1221.920496490378,7.249541730897533,302.7106577576344,2.6239816647333654
12,200.0,41.19362907193936,0.95,0.0126250213668741,3.798811050253337e-06,7.075464736006167e-06,0.0373405202797816,4.292683696591563e-06,1.269553860675361e-06,1.802184000079169e-05,299.3,82.09,0.6682258603407951,0.5018105624551025,60.40667057436809,2.7676460670819085,1178.646044772836,21.31049800291221,0.9557747268564376,0.0079154641584996,3.42859258835111e-06,6.6032863282788e-06,0.036276312982756,4.098803338703874e-06,1.229562105559814e-06,1.8135757945768836e-05,0.0875702100733651,0.7159764585587246,5.908929287959875e-05,7.759321130790451e-05,0.1962751501643126,3.324785343549924e-05,7.242144741688064e-06,1.0087012328547172e-06,17.420648429334012,0.8780308326986912,1.0,1.318258374974806,3.639591584587415,3.9081105412598816,3.983589057530789,3.243237600059063,3.08701841113224,1.0,22.53960113748808,1221.920496490378,7.249541730897533,302.7106577576344,2.6239816647333654
12,200.0,47.59794290608227,0.95,0.0126250213668741,3.798811050253337e-06,7.075464736006167e-06,0.0373405202797816,4.292683696591563e-06,1.269553860675361e-06,1.802184000079169e-05,299.3,82.09,0.6682258603407951,0.5798263236214187,60.40667057436809,2.7676460670819085,1177.4903606914988,22.62348506990124,0.9537352878184082,0.0094873199901994,3.582079583647305e-06,6.8034213348542e-06,0.0367434812005362,4.182752652394475e-06,1.247191181888456e-06,1.8095546103287274e-05,0.0790222388417307,0.7442602401500596,5.433528821990637e-05,7.050933221618147e-05,0.1765554311100602,2.9925914497363783e-05,6.483983604838965e-06,8.353796110638596e-07,17.15391078908085,0.8911299206689975,1.00000000003475,1.3021924163229752,3.549408499309525,3.815898128375509,3.934248780825728,3.20344866649364,3.0412379054328174,1.0,22.53960113748808,1221.920496490378,7.249541730897533,302.7106577576344,2.6239816647333654
12,200.0,54.00225674022518,0.95,0.0126250213668741,3.798811050253337e-06,7.075464736006167e-06,0.0373405202797816,4.292683696591563e-06,1.269553860675361e-06,1.802184000079169e-05,299.3,82.09,0.6682258603407951,0.6578420847877351,60.40667057436809,2.7676460670819085,1176.476348228461,23.91079619316148,0.9518246742367352,0.0110578960400022,3.702074267543874e-06,6.95558063784267e-06,0.0370832093554946,4.244903640775253e-06,1.2599560766504412e-06,1.8057853145255376e-05,0.0725423738504186,0.7662313591514791,5.031803404836803e-05,6.472587381716412e-05,0.1610773650610263,2.7269373732447854e-05,5.88497979109887e-06,7.036756867991707e-07,16.904153561747975,0.9034589442177308,1.0000000005553054,1.287404978375974,3.4658981481646887,3.729815128376824,3.8892250236366297,3.16693933914035,2.9995607350993256,1.0,22.53960113748808,1221.920496490378,7.249541730897533,302.7106577576344,2.6239816647333654
12,200.0,60.40657057436809,0.95,0.0126250213668741,3.798811050253337e-06,7.075464736006167e-06,0.0373405202797816,4.292683696591563e-06,1.269553860675361e-06,1.802184000079169e-05,299.3,82.09,0.6682258603407951,0.7358578459540515,60.40667057436809,2.7676460670819085,1175.5553216139724,25.18128431072825,0.9500000278907076,0.0126249969969474,3.798809687781967e-06,7.075463065248724e-06,0.0373405167622715,4.29268303887818e-06,1.2695537301091262e-06,1.8021840551363937e-05,0.0674819125446731,0.7837385177135336,4.6910145709926136e-05,5.9941590842983576e-05,0.1486416123881079,2.5104058084042363e-05,5.400932162976997e-06,6.006268855495035e-07,16.667035016592266,0.9152306213985448,1.0,1.273644577341831,3.3877145193654767,3.648627693247248,3.847349861886277,3.1329584857360437,2.9608470744621065,1.0,22.53960113748808,1221.920496490378,7.249541730897533,302.7106577576344,2.6239816647333654
12,205.0,3.539912914384761,0.95,0.0126250213668741,3.798811050253337e-06,7.075464736006167e-06,0.0373405202797816,4.292683696591563e-06,1.269553860675361e-06,1.802184000079169e-05,299.3,82.09,0.684931506849315,0.04312234028974,57.05450517605655,3.5398129143847608,1205.509742653902,9.281230247642013,0.9992809901398708,1.225277814765666e-05,2.136623435153208e-08,6.060086706321312e-08,0.0006854977760795,4.7924604282635995e-08,1.935954925694132e-08,2.111005464726577e-05,0.9499743946153912,0.0126315747009239,3.800773732558924e-06,7.079109514384852e-06,0.037359565472388,4.294889185743088e-06,1.270203435817594e-06,1.802023542824652e-05,21.083304346866736,0.7126841800923003,1.0,1.556507980340751,4.753845503347541,4.622467768437207,4.490466270333939,3.788556811642345,3.958129484869184,1.0003757207089636,21.15779579629945,1206.2779501886548,9.12387059747945,302.7106577576344,3.35468958110042
12,205.0,9.485967610126073,0.95,0.0126250213668741,3.798811050253337e-06,7.075464736006167e-06,0.0373405202797816,4.292683696591563e-06,1.269553860675361e-06,1.802184000079169e-05,299.3,82.09,0.684931506849315,0.1155557024013408,57.05450517605655,3.5398129143847608,1185.3215679530756,13.697885441174098,0.9805384460758804,0.0006455787466184,8.900122157970395e-07,2.2519572326811357e-06,0.0187919822554671,1.6274608712714331e-06,5.765420744588714e-07,1.864694963993288e-05,0.3770836720227607,0.2373652802575052,5.8369313521805146e-05,9.756684730043424e-05,0.3853202527072802,5.429357996123618e-05,1.427079717271426e-05,6.294474497318863e-06,19.15925252256289,0.77909263349312,1.0,1.4433716030026569,4.203208624712838,4.175560970894162,4.040998738657631,3.451169754376477,3.47660224407136,1.0000000001816376,21.15779579629945,1206.2779501886548,9.12387059747945,302.7106577576344,3.35468958110042
12,205.0,15.43202230586738,0.95,0.0126250213668741,3.798811050253337e-06,7.075464736006167e-06,0.0373405202797816,4.292683696591563e-06,1.269553860675361e-06,1.802184000079169e-05,299.3,82.09,0.684931506849315,0.1879890645129416,57.05450517605655,3.5398129143847608,1174.5718826045295,16.583835041923134,0.9700573917425226,0.0017803355553905,1.8169166521862528e-06,4.1276380740378055e-06,0.0281342189921256,2.7790179389070305e-06,9.068097704146566e-07,1.8423327525928924e-05,0.2445362346258409,0.3940571130904216,7.350651295798541e-05,0.000110757185835,0.3611469281583157,5.753172687039608e-05,1.4028082739583245e-05,3.90061701876302e-06,18.1169313562897,0.8195164115071557,1.0,1.3863878756164008,3.9144596439053423,3.951151628279976,3.8157536747851246,3.279397628213093,3.2459686585644256,1.0,21.15779579629945,1206.2779501886548,9.12387059747945,302.7106577576344,3.35468958110042
12,205.0,21.37807700160869,0.95,0.0126250213668741,3.798811050253337e-06,7.075464736006167e-06,0.0373405202797816,4.292683696591563e-06,1.269553860675361e-06,1.802184000079169e-05,299.3,82.09,0.684931506849315,0.2604224266245424,57.05450517605655,3.5398129143847608,1169.4656826867665,18.517237146630848,0.96453943129534,0.0031984821588713,2.477099123849703e-06,5.246469871323175e-06,0.0322315946740109,3.393597823155292e-06,1.0632948518823251e-06,1.8311410107460827e-05,0.1852169201445987,0.5084668147239926,7.332167595629373e-05,0.0001032817259877,0.3060731673940947,5.158515679087639e-05,1.211890530973904e-05,2.7902732693296158e-06,17.548718720877787,0.8438673934745047,1.0,1.3551969008355045,3.750824356397904,3.837190220654232,3.702302029776079,3.1901892878970908,3.131709137139468,1.0,21.15779579629945,1206.2779501886548,9.12387059747945,302.7106577576344,3.35468958110042
12,205.0,27.32413169735,0.95,0.0126250213668741,3.798811050253337e-06,7.075464736006167e-06,0.0373405202797816,4.292683696591563e-06,1.269553860675361e-06,1.802184000079169e-05,299.3,82.09,0.684931506849315,0.3328557887361432,57.05450517605655,3.5398129143847608,1166.5823909246062,20.06802871364457,0.960982018860434,0.0047222925243341,2.909655053367415e-06,5.9002948914857805e-06,0.0342637643151942,3.730295264756413e-06,1.143860875190225e-06,1.8240193952977656e-05,0.1514301204940224,0.5872808564877254,6.845479155065092e-05,9.252926453949978e-05,0.2610702981225367,4.518739239757539e-05,1.0409460971492916e-05,2.143986256155864e-06,17.16219646789258,0.8616699753383089,1.0,1.3334191977878949,3.634060697719163,3.764223654554217,3.6302965289302462,3.1317064788219757,3.059442359804695,1.0,21.15779579629945,1206.2779501886548,9.12387059747945,302.7106577576344,3.35468958110042
12,205.0,33.27018639309131,0.95,0.0126250213668741,3.798811050253337e-06,7.075464736006167e-06,0.0373405202797816,4.292683696591563e-06,1.269553860675361e-06,1.802184000079169e-05,299.3,82.09,0.684931506849315,0.405289150847744,57.05450517605655,3.5398129143847608,1164.631993813227,21.45585188812342,0.958250244865603,0.0062862702057408,3.2043482183090783e-06,6.313956655284064e-06,0.0354306548686573,3.9349453038904255e-06,1.191042443498088e-06,1.818576737777413e-05,0.1296066901399356,0.6429419550063151,6.291139961363413e-05,8.279880931617038e-05,0.2272549811889264,3.986571078039492e-05,9.076624129390244e-06,1.7211209833476322e-06,16.85313968864219,0.8765222380709041,1.0000000001314453,1.315667920010875,3.538078468965256,3.7085599040530126,3.5757235398805145,3.086291937748697,3.004701501984958,1.0,21.15779579629945,1206.2779501886548,9.12387059747945,302.7106577576344,3.35468958110042
12,205.0,39.21624108883262,0.95,0.0126250213668741,3.798811050253337e-06,7.075464736006167e-06,0.0373405202797816,4.292683696591563e-06,1.269553860675361e-06,1.802184000079169e-05,299.3,82.09,0.684931506849315,0.4777225129593448,57.05450517605655,3.5398129143847608,1163.137901724778,22.763016371798624,0.9559244284443268,0.0078664033175086,3.415975441777549e-06,6.596094783693175e-06,0.0361757245005575,4.070636994288679e-06,1.221510582102559e-06,1.8139519805113144e-05,0.1143723636686499,0.6838176587938162,5.77969338430831e-05,7.468954497072633e-05,0.2016324098600838,3.5611883977963394e-05,8.045952916324724e-06,1.4233617419757648e-06,16.583809648961605,0.8898007469633967,1.000000000249036,1.3001531991860795,3.4535166384300995,3.661697603935648,3.530111392691288,3.0476498443796904,2.9588938629496817,1.0,21.15779579629945,1206.2779501886548,9.12387059747945,302.7106577576344,3.35468958110042
12,205.0,45.16229578457393,0.95,0.0126250213668741,3.798811050253337e-06,7.075464736006167e-06,0.0373405202797816,4.292683696591563e-06,1.269553860675361e-06,1.802184000079169e-05,299.3,82.09,0.684931506849315,0.5501558750709457,57.05450517605655,3.5398129143847608,1161.8969005878482,24.025129854998276,0.9538255265538308,0.0094524873861717,3.575036618171821e-06,6.800136758856114e-06,0.0366881038591803,4.166607863733007e-06,1.242600821214117e-06,1.80978187551154e-05,0.1031606872354569,0.7149143554324722,5.333473338973453e-05,6.802355950772354e-05,0.1817629587294721,3.2201514063288016e-05,7.236024905404837e-06,1.202770732598854e-06,16.338213857036518,0.9020757438305425,1.0000000000027325,1.2860809489374534,3.376542899082545,3.620122960449581,3.4897711710409234,3.0131223453813014,2.9184248021173467,1.0,21.15779579629945,1206.2779501886548,9.12387059747945,302.7106577576344,3.35468958110042
12,205.0,51.10835048031524,0.95,0.0126250213668741,3.798811050253337e-06,7.075464736006167e-06,0.0373405202797816,4.292683696591563e-06,1.269553860675361e-06,1.802184000079169e-05,299.3,82.09,0.684931506849315,0.6225892371825464,57.05450517605655,3.5398129143847608,1160.8101204700645,25.25978761821269,0.9518663960439576,0.011039570996157,3.6990974825708056e-06,6.9544971505685625e-06,0.0370598246707976,4.23783500648364e-06,1.2579523483880446e-06,1.805890709969372e-05,0.0945879102171611,0.7392732690701243,4.949982482338107e-05,6.251768204576118e-05,0.1659897521784162,2.9431095653135582e-05,6.586792879941056e-06,1.0331388959943674e-06,16.10856261096929,0.913654849833501,1.000000000747951,1.2730787409809208,3.3051157245687195,3.5821196227513137,3.452965776737781,2.9814075233723134,2.881546191850038,1.0,21.15779579629945,1206.2779501886548,9.12387059747945,302.7106577576344,3.35468958110042
12,205.0,57.05440517605655,0.95,0.0126250213668741,3.798811050253337e-06,7.075464736006167e-06,0.0373405202797816,4.292683696591563e-06,1.269553860675361e-06,1.802184000079169e-05,299.3,82.09,0.684931506849315,0.6950225992941472,57.05450517605655,3.5398129143847608,1159.82424784033,26.47663257127853,0.9500000306971192,0.01262499479882,3.798809540297655e-06,7.075462925550524e-06,0.0373405161544113,4.292682882875602e-06,1.26955369023645e-06,1.802184061045236e-05,0.0878410458515978,0.7588150969036372,4.620740984741184e-05,5.7923902150244205e-05,0.1532056238150178,2.714670130801478e-05,6.056499254978427e-06,8.989171866123276e-07,15.89062098237835,0.9246929076252428,1.0000000003636704,1.2609336493021404,3.2380008027193288,3.514371144412028,3.418746774078853,2.951797119533681,2.847353645637733,1.0000000003184082,21.15779579629945,1206.2779501886548,9.12387059747945,302.7106577576344,3.35468958110042
12,210.0,4.469045794366636,0.95,0.0126250213668741,3.798811050253337e-06,7.075464736006167e-06,0.0373405202797816,4.292683696591563e-06,1.269553860675361e-06,1.802184000079169e-05,299.3,82.09,0.7016371533578349,0.0544408063633406,54.29787772679955,4.468945794366636,1189.3211821553523,11.55582018121932,0.9990887402063025,1.698362946080076e-05,2.8604003876281405e-08,8.193123668007733e-08,0.0008724871851119,5.877477912809652e-08,2.285760956479713e-08,2.1596811495517933e-05,0.9499798947249204,0.0126301852408268,3.800355213934361e-06,7.078329077486314e-06,0.0373554564919127,4.294417778645596e-06,1.2700644700526583e-06,1.8020375799734576e-05,19.708828675716443,0.7429764751210862,1.0,1.4911278672718369,4.33073097899539,3.982660350247092,3.890420393567117,3.468453963065761,3.642405372611546,1.0000000020095392,19.793904820789816,1190.2941504876192,11.354703713715036,302.7106577576344,4.233266563955471
12,210.0,10.00557156463696,0.95,0.0126250213668741,3.798811050253337e-06,7.075464736006167e-06,0.0373405202797816,4.292683696591563e-06,1.269553860675361e-06,1.802184000079169e-05,299.3,82.09,0.7016371533578349,0.1218853887761841,54.29787772679955,4.468945794366636,1170.2906149276305,15.732617020043357,0.9813557352330788,0.0006401134753942,8.630695104785335e-07,2.207645663978011e-06,0.0179803658969562,1.5017615941785325e-06,5.254174022812631e-07,1.868750039973416e-05,0.4487039115052207,0.2042323111436707,5.073362982523146e-05,8.489914331247558e-05,0.3468586863385031,4.89122189373828e-05,1.3166347003187544e-05,7.379673527090232e-06,18.070252492992765,0.8017635619911587,1.0,1.402330984925756,3.901390368115176,3.65268662896628,3.5570752404987784,3.20518450654695,3.271352095735629,1.0,19.793904820789816,1190.2941504876192,11.354703713715036,302.7106577576344,4.233266563955471
12,210.0,15.542097334907282,0.95,0.0126250213668741,3.798811050253337e-06,7.075464736006167e-06,0.0373405202797816,4.292683696591563e-06,1.269553860675361e-06,1.802184000079169e-05,299.3,82.09,0.7016371533578349,0.1893299711890276,54.29787772679955,4.468945794366636,1159.4888161708602,18.575713390680527,0.9708341310755484,0.0017407319452496,1.7639824031585675e-06,4.049885846927117e-06,0.027397382104567,2.636042180526784e-06,8.579836301922543e-07,1.8446980574085786e-05,0.3033531126253257,0.3504500955327417,6.695554200357505e-05,0.0001009829650793,0.3459542718407896,5.5711294627585264e-05,1.404381392042552e-05,4.826385512173214e-06,17.12608143715923,0.8394575525238884,1.0,1.3543144602975714,3.660965840718395,3.4751532444935016,3.377950887567695,3.061428021410608,3.0785480065004136,1.0,19.793904820789816,1190.2941504876192,11.354703713715036,302.7106577576344,4.233266563955471
12,210.0,21.07862310517761,0.95,0.0126250213668741,3.798811050253337e-06,7.075464736006167e-06,0.0373405202797816,4.292683696591563e-06,1.269553860675361e-06,1.802184000079169e-05,299.3,82.09,0.7016371533578349,0.2567745536018712,54.29787772679955,4.468945794366636,1154.087356380394,20.507570825398467,0.9650668898948652,0.0031391378058362,2.4303496618187195e-06,5.187694145307029e-06,0.0317637100691697,3.288415463798624e-06,1.0298785412671936e-06,1.8325892316564403e-05,0.2338176058028602,0.4635225089853781,6.884660527814195e-05,9.680785614364592e-05,0.3024259703287793,5.202909329382995e-05,1.2662166754342571e-05,3.5691615123467658e-06,16.593490593833636,0.8628132136223187,1.0,1.3272087274859097,3.5205069809158798,3.381354288014513,3.284014711741667,2.9836634920463387,2.978349399568732,1.0,19.793904820789816,1190.2941504876192,11.354703713715036,302.7106577576344,4.233266563955471
12,210.0,26.61514887544793,0.95,0.0126250213668741,3.798811050253337e-06,7.075464736006167e-06,0.0373405202797816,4.292683696591563e-06,1.269553860675361e-06,1.802184000079169e-05,299.3,82.09,0.7016371533578349,0.3242191360147147,54.29787772679955,4.468945794366636,1150.9912544278284,22.043371673451954,0.9613347095648472,0.0046592116286537,2.8757218203807263e-06,5.862458992181332e-06,0.0339743102520714,3.65893358444001e-06,1.1219235877281105e-06,1.824951644266096e-05,0.1928578614312521,0.5447295438623381,6.545983108759695e-05,8.810248688609457e-05,0.262198461691564,4.6626270850932574e-05,1.1131041703595112e-05,2.813384317618477e-06,16.231399306216346,0.8798210254107688,1.0,1.3082182891713097,3.4202851206638454,3.321017395789379,3.2242402932727825,2.932531472356053,2.9145043431537547,1.0,19.793904820789816,1190.2941504876192,11.354703713715036,302.7106577576344,4.233266563955471
12,210.0,32.15167464571825,0.95,0.0126250213668741,3.798811050253337e-06,7.075464736006167e-06,0.0373405202797816,4.292683696591563e-06,1.269553860675361e-06,1.802184000079169e-05,299.3,82.09,0.7016371533578349,0.3916637184275581,54.29787772679955,4.468945794366636,1148.8948970495069,23.40533120955074,0.9584877513256476,0.0062284272198616,3.1814082365784604e-06,6.290699369019987e-06,0.0352510928765127,3.887761897588064e-06,1.1767829916397082e-06,1.8191925483434415e-05,0.1658363524174388,0.6035915101316687,6.0839224208458106e-05,7.957811579893788e-05,0.2303778691657414,4.1702469010731546e-05,9.840439158949924e-06,2.3080369741949724e-06,15.943922963920988,0.8939099150462597,1.0,1.2928226949823662,3.338202621702425,3.275292047771431,3.1791891870395683,2.8930081932476264,2.8662521803291474,1.0,19.793904820789816,1190.2941504876192,11.354703713715036,302.7106577576344,4.233266563955471
12,210.0,37.688200415988575,0.95,0.0126250213668741,3.798811050253337e-06,7.075464736006167e-06,0.0373405202797816,4.292683696591563e-06,1.269553860675361e-06,1.802184000079169e-05,299.3,82.09,0.7016371533578349,0.4591083008404016,54.29787772679955,4.468945794366636,1147.292882910673,24.68055807733588,0.9560804784313812,0.0078189340602543,3.4014118106991605e-06,6.58247680702955e-06,0.0360672068411275,4.040707293361829e-06,1.2125516297475638e-06,1.8143519695847543e-05,0.1466892581641151,0.6475720248268596,5.630044912591918e-05,7.220561911636916e-05,0.205561882223241,3.758206276238118e-05,8.800294234094597e-06,1.9463605455549023e-06,15.694769093592985,0.9064837649702532,1.0,1.279334169684098,3.266152414091487,3.236983912646565,3.141672547157884,2.8594956671523475,2.8259635655192707,1.0,19.793904820789816,1190.2941504876192,11.354703713715036,302.7106577576344,4.233266563955471
12,210.0,43.2247261862589,0.95,0.0126250213668741,3.798811050253337e-06,7.075464736006167e-06,0.0373405202797816,4.292683696591563e-06,1.269553860675361e-06,1.802184000079169e-05,299.3,82.09,0.7016371533578349,0.5265528832532452,54.29787772679955,4.468945794366636,1145.9658488592454,25.9073424396632,0.953919407159651,0.0094186779582039,3.5667449117592927e-06,6.792932813623565e-06,0.0366280681441055,4.149380231572821e-06,1.237472621810424e-06,1.8100207460676215e-05,0.132435426710819,0.6814488189335773,5.22064007097163e-05,6.60099109811539e-05,0.1859537167573938,3.41849177658223e-05,7.961505805146348e-06,1.6748629477736386e-06,15.46831991837,0.9180867106044126,1.0,1.2670775324693593,3.2004406451127334,3.203073831044478,3.1085922711412404,2.829596449496373,2.7903984708227503,1.0,19.793904820789816,1190.2941504876192,11.354703713715036,302.7106577576344,4.233266563955471
12,210.0,48.76125195652922,0.95,0.0126250213668741,3.798811050253337e-06,7.075464736006167e-06,0.0373405202797816,4.292683696591563e-06,1.269553860675361e-06,1.802184000079169e-05,299.3,82.09,0.7016371533578349,0.5939974656660887,54.29787772679955,4.468945794366636,1144.8063054587917,27.10472047457965,0.9519096940543658,0.0110217594482422,3.695522704238752e-06,6.951603178462715e-06,0.0370343533900511,4.230270293738325e-06,1.2557076893478308e-06,1.8060003474806512e-05,0.1214339589364524,0.7082382153607958,4.861290875854813e-05,6.081573802172611e-05,0.170178284082163,3.13722182394061e-05,7.277043560143498e-06,1.4637120088232732e-06,15.25692103463522,0.9290208090157612,1.0,1.2557192318454824,3.139309141129048,3.172096049672651,3.07843642894264,2.802134911022504,2.75797663219829,1.0,19.793904820789816,1190.2941504876192,11.354703713715036,302.7106577576344,4.233266563955471
12,210.0,54.297777726799545,0.95,0.0126250213668741,3.798811050253337e-06,7.075464736006167e-06,0.0373405202797816,4.292683696591563e-06,1.269553860675361e-06,1.802184000079169e-05,299.3,82.09,0.7016371533578349,0.6614420480789321,54.29787772679955,4.468945794366636,1143.756124595664,28.283150974030963,0.9500000336971096,0.0126249925002206,3.798809372704406e-06,7.075462749527288e-06,0.0373405154535302,4.292682701413077e-06,1.269553641699385e-06,1.8021840673969832e-05,0.1127056844571567,0.7298938023125945,4.5481976031138046e-05,5.643481592132392e-05,0.1572615703652167,2.9020540065217306e-05,6.710594396613436e-06,1.2949386178278026e-06,15.056422865775712,0.9394500505108796,1.0,1.2450727909802823,3.0817622296149696,3.1432497190772524,3.050391789718475,2.776469434992438,2.7278373368227213,1.0,19.793904820789816,1190.2941504876192,11.354703713715036,302.7106577576344,4.233266563955471
12,215.0,5.57521575826648,0.95,0.0126250213668741,3.798811050253337e-06,7.075464736006167e-06,0.0373405202797816,4.292683696591563e-06,1.269553860675361e-06,1.802184000079169e-05,299.3,82.09,0.7183427998663549,0.0679158942412776,52.08281461664617,5.57511575826648,1172.6887495844044,14.24461638134956,0.998856451115695,2.3256421009723837e-05,3.7693660820110366e-08,1.0814742705998181e-07,0.0010980306410448,7.170215175202855e-08,2.6860177546410493e-08,2.2017418833194692e-05,0.9499840403745462,0.0126291379050998,3.8000396704959553e-06,7.077740705138787e-06,0.0373523593828465,4.294062537726455e-06,1.269959803499362e-06,1.8020534790524057e-05,18.35176714993483,0.7756264375028593,1.0,1.4322016047527597,3.955851853160335,3.477858933645801,3.396057874759275,3.182848415696653,3.361953000998738,1.0,18.448205290897207,1173.908539729092,13.989350648063478,302.7106577576344,5.278346606766283
12,215.0,10.742715631419776,0.95,0.0126250213668741,3.798811050253337e-06,7.075464736006167e-06,0.0373405202797816,4.292683696591563e-06,1.269553860675361e-06,1.802184000079169e-05,299.3,82.09,0.7183427998663549,0.1308650947913238,52.08281461664617,5.57511575826648,1154.7480190915994,18.213101738170884,0.9820829632733408,0.0006392249249136,8.392972733406592e-07,2.1579125675315463e-06,0.0172542046085899,1.394255413685149e-06,4.801867190169543e-07,1.8735541182041413e-05,0.5186506972666112,0.1737717612704168,4.358890753307776e-05,7.319101275925192e-05,0.3073971913370577,4.3261497400071805e-05,1.1882444049591713e-05,8.426264172299745e-06,16.952576052467954,0.8281748744080751,1.0,1.3620962723437045,3.619117142066516,3.231263623717569,3.146964441912936,2.976332838246807,3.0740848522922337,1.0,18.448205290897207,1173.908539729092,13.989350648063478,302.7106577576344,5.278346606766283
12,215.0,15.910215504573078,0.95,0.0126250213668741,3.798811050253337e-06,7.075464736006167e-06,0.0373405202797816,4.292683696591563e-06,1.269553860675361e-06,1.802184000079169e-05,299.3,82.09,0.7183427998663549,0.1938142953413701,52.08281461664617,5.57511575826648,1143.9763516739113,21.017065959449067,0.9715966026635836,0.001708335866157,1.711917334989392e-06,3.9590181414881326e-06,0.0266676071042728,2.5001852115196404e-06,8.095652368255937e-07,1.8473680061679825e-05,0.3663120267132599,0.3076685582684769,6.020095828154968e-05,9.130317522113106e-05,0.3257956610034905,5.273825748285182e-05,1.3701593833451162e-05,5.810029953729896e-06,16.101113492660534,0.8634935733925652,1.0,1.3218244075753327,3.419370680464827,3.0902464716475917,3.004590516523145,2.8562734431956915,2.913381377951219,1.0,18.448205290897207,1173.908539729092,13.989350648063478,302.7106577576344,5.278346606766283
12,215.0,21.07771537772637,0.95,0.0126250213668741,3.798811050253337e-06,7.075464736006167e-06,0.0373405202797816,4.292683696591563e-06,1.269553860675361e-06,1.802184000079169e-05,299.3,82.09,0.7183427998663549,0.2567634958914164,52.08281461664617,5.57511575826648,1138.3094536491178,22.957158857729507,0.9656066907650638,0.003085485215065,2.3813363521088125e-06,5.113867892084883e-06,0.0312778094357112,3.182554288293047e-06,9.947303450778775e-07,1.8342095282266423e-05,0.2881191345543137,0.417197428109498,6.391401382312136e-05,9.026692641451484e-05,0.2944605184156459,5.13733508657102e-05,1.292483870528053e-05,4.43979073378417e-06,15.603378080987078,0.8860195293619975,1.0,1.298289431446812,3.298861415885478,3.01255145805012,2.9268065824387675,2.7886480811770613,2.825920880895864,1.0,18.448205290897207,1173.908539729092,13.989350648063478,302.7106577576344,5.278346606766283
12,215.0,26.245215250879674,0.95,0.0126250213668741,3.798811050253337e-06,7.075464736006167e-06,0.0373405202797816,4.292683696591563e-06,1.269553860675361e-06,1.802184000079169e-05,299.3,82.09,0.7183427998663549,0.3197126964414627,52.08281461664617,5.57511575826648,1135.002493458254,24.491192102449507,0.9617007046063066,0.0045999908667177,2.838848822296536e-06,5.812203441053637e-06,0.0336677102482039,3.5851796035147176e-06,1.0982240747308497e-06,1.825982282998818e-05,0.2403028680500374,0.499377000961515,6.202457290685324e-05,8.369759546204557e-05,0.2601119544208287,4.720579385483413e-05,1.1661428691604929e-05,3.587176703416432e-06,15.264018972789598,0.902418682744184,1.0,1.2817825646044785,3.2129173420003,2.9622886909365818,2.8770167006268577,2.7439387627320766,2.7696429380311165,1.0,18.448205290897207,1173.908539729092,13.989350648063478,302.7106577576344,5.278346606766283
12,215.0,31.41271512403297,0.95,0.0126250213668741,3.798811050253337e-06,7.075464736006167e-06,0.0373405202797816,4.292683696591563e-06,1.269553860675361e-06,1.802184000079169e-05,299.3,82.09,0.7183427998663549,0.3826618969915089,52.08281461664617,5.57511575826648,1132.7576997374413,25.840803262860558,0.9587352059956517,0.006173162829411,3.155895268224598e-06,6.25830034826002e-06,0.0350590188364345,3.8383358165868325e-06,1.1611680804505998e-06,1.8198638989343708e-05,0.2079915732976316,0.5606754514394301,5.84110237631242e-05,7.648915251973604e-05,0.2311417079495238,4.28870746915713e-05,1.047633871515035e-05,3.0037237247295493e-06,14.996212081370905,0.9159297632077412,1.0,1.268448861725343,3.142714491693501,2.9243086665079363,2.839672835437018,2.709525828944828,2.7271808874126884,1.0,18.448205290897207,1173.908539729092,13.989350648063478,302.7106577576344,5.278346606766283
12,215.0,36.58021499718627,0.95,0.0126250213668741,3.798811050253337e-06,7.075464736006167e-06,0.0373405202797816,4.292683696591563e-06,1.269553860675361e-06,1.802184000079169e-05,299.3,82.09,0.7183427998663549,0.4456110975415552,52.08281461664617,5.57511575826648,1131.0454863036464,27.09742949377271,0.956243118197672,0.0077731650053392,3.3849242066414584e-06,6.562629247407151e-06,0.0359504096480796,4.009111771290423e-06,1.2026643951579274e-06,1.814781928875246e-05,0.1847023964338923,0.6073781445280317,5.4534132653138965e-05,6.994016760112846e-05,0.207743883062499,3.90536649883629e-05,9.46903784343881e-06,2.5789724908844224e-06,14.765366149784091,0.927912881569516,1.0,1.2567806832195871,3.0810972877118403,2.8926559802164733,2.808704180026782,2.6804617442330234,2.691818817695689,1.0,18.448205290897207,1173.908539729092,13.989350648063478,302.7106577576344,5.278346606766283
12,215.0,41.74771487033957,0.95,0.0126250213668741,3.798811050253337e-06,7.075464736006167e-06,0.0373405202797816,4.292683696591563e-06,1.269553860675361e-06,1.802184000079169e-05,299.3,82.09,0.7183427998663549,0.5085602980916015,52.08281461664617,5.57511575826648,1129.6309327966185,28.30204290258904,0.9540171362843748,0.0093859149066454,3.557212538932692e-06,6.781941130388796e-06,0.0365631440254104,4.131104097368751e-06,1.2317849540250136e-06,1.8102740848640827e-05,0.167138448721829,0.643863726927603,5.088165115569306e-05,6.427749348573342e-05,0.1888359979888526,3.578139773263137e-05,8.629977495138509e-06,2.2558418460263373e-06,14.5563011834368,0.9389642405606594,1.0,1.246163301011135,3.025004132031777,2.864712576879381,2.781473763592836,2.6545918715763563,2.660644951279981,1.0,18.448205290897207,1173.908539729092,13.989350648063478,302.7106577576344,5.278346606766283
12,215.0,46.91521474349287,0.95,0.0126250213668741,3.798811050253337e-06,7.075464736006167e-06,0.0373405202797816,4.292683696591563e-06,1.269553860675361e-06,1.802184000079169e-05,299.3,82.09,0.7183427998663549,0.5715094986416478,52.08281461664617,5.57511575826648,1128.3978400907722,29.475158386786603,0.9519546832246366,0.0110044504487208,3.691353640316678e-06,6.946968193234952e-06,0.0370066914254867,4.222217903324349e-06,1.2532096470594643e-06,1.806115177179945e-05,0.1534400373685852,0.6730296811785017,4.758916509062301e-05,5.943955116086764e-05,0.1733803124828613,3.300845152242756e-05,7.930042896967962e-06,2.0017593809575856e-06,14.361523437233089,0.949378087754112,1.0,1.236298450541229,2.972818227559155,2.8392140676678026,2.7566885436343385,2.630848083103118,2.6322338301628507,1.0,18.448205290897207,1173.908539729092,13.989350648063478,302.7106577576344,5.278346606766283
12,215.0,52.082714616646165,0.95,0.0126250213668741,3.798811050253337e-06,7.075464736006167e-06,0.0373405202797816,4.292683696591563e-06,1.269553860675361e-06,1.802184000079169e-05,299.3,82.09,0.7183427998663549,0.6344586991916941,52.08281461664617,5.57511575826648,1127.2831047570942,30.6280771236212,0.9500000370120072,0.0126249900079244,3.7988091770753623e-06,7.0754625255432486e-06,0.0373405146315503,4.292682488492353e-06,1.2695535823779377e-06,1.802184074445182e-05,0.1424765579518095,0.6968107439036686,4.466757868796555e-05,5.530307396296066e-05,0.1605729384802022,3.0650844331863946e-05,7.341412956697025e-06,1.79675438010168e-06,14.176971300435309,0.9593268846249629,1.0,1.2270224060721708,2.923611584467062,2.8154707307879745,2.7336457074480096,2.6086455747486217,2.6058058930066808,1.0,18.448205290897207,1173.908539729092,13.989350648063478,302.7106577576344,5.278346606766283
12,220.0,6.879506082352276,0.95,0.0126250213668741,3.798811050253337e-06,7.075464736006167e-06,0.0373405202797816,4.292683696591563e-06,1.269553860675361e-06,1.802184000079169e-05,299.3,82.09,0.7350484463748747,0.0838044351608268,50.36965316093952,6.8794060823522765,1155.5390445211667,17.402679622970712,0.9985781258620126,3.150753626136775e-05,4.8970284601821e-08,1.3970384466183738e-07,0.0013676848164486,8.707100007490507e-08,3.143894089452128e-08,2.2374601207558587e-05,0.9499872057209856,0.0126283381874977,3.799798665731768e-06,7.077291444189014e-06,0.0373499946365148,4.293791351144101e-06,1.269879949577603e-06,1.802069359095448e-05,17.012597343763527,0.8109278882421634,1.0,1.378889671082289,3.621842392827851,3.074718725636247,2.9861631730093245,2.927482410085517,3.11146235938466,1.0000000004547551,17.121140165384258,1157.0541060432145,17.08052563899556,302.7106577576344,6.509407158415541
12,220.0,11.711733535528635,0.95,0.0126250213668741,3.798811050253337e-06,7.075464736006167e-06,0.0373405202797816,4.292683696591563e-06,1.269553860675361e-06,1.802184000079169e-05,299.3,82.09,0.7350484463748747,0.1426694303268197,50.36965316093952,6.8794060823522765,1138.6259571891048,21.190876154686144,0.9827189320830604,0.0006430803490131,8.188578469445835e-07,2.1048585953340675e-06,0.0166145264337402,1.3035457062753046e-06,4.407627936714623e-07,1.879310924401117e-05,0.5842847545359813,0.1465529408160265,3.710718170406147e-05,6.263432100387322e-05,0.26900492508519,3.770371713372212e-05,1.0533350360459104e-05,9.400992600063322e-06,15.815385153070158,0.8584330839265697,1.0,1.3233328053018614,3.3566982961511487,2.8884197459070204,2.798619812518247,2.7645322435213844,2.886585494969161,1.0,17.121140165384258,1157.0541060432145,17.08052563899556,302.7106577576344,6.509407158415541
12,220.0,16.543960988704995,0.95,0.0126250213668741,3.798811050253337e-06,7.075464736006167e-06,0.0373405202797816,4.292683696591563e-06,1.269553860675361e-06,1.802184000079169e-05,299.3,82.09,0.7350484463748747,0.2015344254928127,50.36965316093952,6.8794060823522765,1127.9563214817229,23.959542536264877,0.97233579919412,0.0016835632631789,1.6614608378172555e-06,3.857532227285926e-06,0.0259534786596377,2.3731252220770825e-06,7.624983251965814e-07,1.850426645102948e-05,0.4311535065662583,0.2667881753608859,5.344810514196691e-05,8.182600237047201e-05,0.3018542976399879,4.888281341556978e-05,1.3048133363153648e-05,6.815378576682068e-06,15.050784346049818,0.8916917978371075,1.0,1.2896159705582515,3.191005552732248,2.775874203978242,2.6855882137679963,2.664441876349888,2.7531792556402035,1.0,17.121140165384258,1157.0541060432145,17.08052563899556,302.7106577576344,6.509407158415541
12,220.0,21.376188441881357,0.95,0.0126250213668741,3.798811050253337e-06,7.075464736006167e-06,0.0373405202797816,4.292683696591563e-06,1.269553860675361e-06,1.802184000079169e-05,299.3,82.09,0.7350484463748747,0.2603994206588056,50.36965316093952,6.8794060823522765,1122.05818996013,25.91556768627497,0.9661550297144866,0.0030382599480205,2.330635978796201e-06,5.026180186863715e-06,0.0307769573322677,3.077358393252434e-06,9.583469095412829e-07,1.836048375640347e-05,0.3467321418665437,0.370617865069418,5.862401696916533e-05,8.360070316119751e-05,0.2824398256385372,4.9675868106542375e-05,1.289077363958695e-05,5.376063624720386e-06,14.587302176074724,0.9135557519016856,1.0,1.2692227514987977,3.087808350713617,2.7112043341573857,2.621218515410447,2.605781024898892,2.6771376817781296,1.0,17.121140165384258,1157.0541060432145,17.08052563899556,302.7106577576344,6.509407158415541
12,220.0,26.208415895057712,0.95,0.0126250213668741,3.798811050253337e-06,7.075464736006167e-06,0.0373405202797816,4.292683696591563e-06,1.269553860675361e-06,1.802184000079169e-05,299.3,82.09,0.7350484463748747,0.3192644158247985,50.36965316093952,6.8794060823522765,1118.5443626178944,27.45910126364394,0.9620790309266326,0.0045452504702171,2.799276785896018e-06,5.749908323078692e-06,0.0333443154263769,3.5096686841100884e-06,1.0729273861558265e-06,1.827139559412006e-05,0.2929842225658006,0.452108700927018,5.8166565032974834e-05,7.917656973874234e-05,0.2547064376694787,4.6883287222067085e-05,1.1964674752845533e-05,4.447740955960572e-06,14.26935353769405,0.9295018466062688,1.0,1.2548938754049273,3.0138995059481486,2.6689939497404778,2.579626958576416,2.566685264492459,2.6275887246925547,1.0,17.121140165384258,1157.0541060432145,17.08052563899556,302.7106577576344,6.509407158415541
12,220.0,31.04064334823407,0.95,0.0126250213668741,3.798811050253337e-06,7.075464736006167e-06,0.0373405202797816,4.292683696591563e-06,1.269553860675361e-06,1.802184000079169e-05,299.3,82.09,0.7350484463748747,0.3781294109907914,50.36965316093952,6.8794060823522765,1116.1487350102177,28.808027894247047,0.9589925336958232,0.0061208943569754,3.12788220305385e-06,6.216856729243074e-06,0.0348540899596502,3.786938784338438e-06,1.1442308630300771e-06,1.820607897147887e-05,0.2556863913421166,0.5148087271126138,5.5601233460760007e-05,7.336859676787469e-05,0.2293178279710115,4.334125298356898e-05,1.0945743651694538e-05,3.7967473939503535e-06,14.01960352086609,0.9425984529490072,1.0,1.2433471236837743,2.9538003013924854,2.637198713456072,2.548538636309485,2.536703895339288,2.590219675911912,1.0,17.121140165384258,1157.0541060432145,17.08052563899556,302.7106577576344,6.509407158415541
12,220.0,35.87287080141044,0.95,0.0126250213668741,3.798811050253337e-06,7.075464736006167e-06,0.0373405202797816,4.292683696591563e-06,1.269553860675361e-06,1.802184000079169e-05,299.3,82.09,0.7350484463748747,0.4369944061567844,50.36965316093952,6.8794060823522765,1114.3234967757803,30.057538352407573,0.9564124997587268,0.0077293403595017,3.366523004824436e-06,6.53657110289338e-06,0.0358249364723739,3.9759585866353815e-06,1.1918387628223743e-06,1.815251794035324e-05,0.2282837373484211,0.5636258373850932,5.245211698002182e-05,6.772705358442623e-05,0.2079169760104674,3.99395720000806e-05,1.001625983875016e-05,3.3142536148400164e-06,13.805454627356838,0.9541424947984568,1.0,1.2332715856938914,2.901177641423419,2.610784567373468,2.522882186228702,2.511482087287062,2.5591729936542893,1.0,17.121140165384258,1157.0541060432145,17.08052563899556,302.7106577576344,6.509407158415541
12,220.0,40.7050982545868,0.95,0.0126250213668741,3.798811050253337e-06,7.075464736006167e-06,0.0373405202797816,4.292683696591563e-06,1.269553860675361e-06,1.802184000079169e-05,299.3,82.09,0.7350484463748747,0.4958594013227773,50.36965316093952,6.8794060823522765,1112.8192214198134,31.25128872582089,0.9541188737915142,0.0093543173589252,3.546433335292836e-06,6.767166599774554e-06,0.0364930524424245,4.111816382438894e-06,1.2255198883710723e-06,1.810547093006343e-05,0.207313395365369,0.6023755642052806,4.9305800993868926e-05,6.266563515704803e-05,0.1901500120297933,3.690541674856683e-05,9.209452734640226e-06,2.942093922815249e-06,13.612239515712115,0.96476194054597,1.0,1.2241081361264434,2.8532391934600594,2.587536107284852,2.5004007798327708,2.489086624194377,2.5318500912665853,1.0,17.121140165384258,1157.0541060432145,17.08052563899556,302.7106577576344,6.509407158415541
12,220.0,45.53732570776315,0.95,0.0126250213668741,3.798811050253337e-06,7.075464736006167e-06,0.0373405202797816,4.292683696591563e-06,1.269553860675361e-06,1.802184000079169e-05,299.3,82.09,0.7350484463748747,0.5547243964887703,50.36965316093952,6.8794060823522765,1111.511046506982,32.41132720240356,0.9520014570052104,0.0109876834785439,3.686584858951924e-06,6.940596508050231e-06,0.0369767058296447,4.2136861428543936e-06,1.2504465674586215e-06,1.806237252351474e-05,0.1907662277068902,0.6337336528483651,4.6370754564423326e-05,5.823645056128242e-05,0.1753500886457527,3.425965804061041e-05,8.517724702961276e-06,2.646211122698281e-06,13.432652326763886,0.9747618239343524,1.0,1.2155831969156574,2.8085848847930044,2.566354640723378,2.47997725047936,2.468555957428882,2.506963752397351,1.0,17.121140165384258,1157.0541060432145,17.08052563899556,302.7106577576344,6.509407158415541
12,220.0,50.36955316093951,0.95,0.0126250213668741,3.798811050253337e-06,7.075464736006167e-06,0.0373405202797816,4.292683696591563e-06,1.269553860675361e-06,1.802184000079169e-05,299.3,82.09,0.7350484463748747,0.6135893916547631,50.36965316093952,6.8794060823522765,1110.3307702598102,33.54983671959252,0.9500000404835068,0.0126249874686713,3.798808959171554e-06,7.075462257089569e-06,0.0373405137000278,4.292682246653021e-06,1.269553511970053e-06,1.802184081907728e-05,0.1773939181572684,0.6595540949818001,4.3705988766723136e-05,5.438426252194778e-05,0.1629116029188169,3.1963985501035926e-05,7.924408210068132e-06,2.405297114828316e-06,13.262703483279433,0.9843097730305922,1.0,1.20754876435481,2.766487164111528,2.546640232125765,2.461003236367007,2.449363099331633,2.4838108985841147,1.0,17.121140165384258,1157.0541060432145,17.08052563899556,302.7106577576344,6.509407158415541
12,225.0,8.403999647457455,0.95,0.0126250213668741,3.798811050253337e-06,7.075464736006167e-06,0.0373405202797816,4.292683696591563e-06,1.269553860675361e-06,1.802184000079169e-05,299.3,82.09,0.7517540928833946,0.1023754372939146,49.12984125237405,8.403899647457456,1137.789504511997,21.0923474317403,0.9982470923834832,4.229203087696079e-05,6.281470574576145e-08,1.7700996057845405e-07,0.0016875626557967,1.053166165423437e-07,3.66809782076663e-08,2.267110758182034e-05,0.9499896516826576,0.0126277201839379,3.799612368505984e-06,7.076944356759741e-06,0.0373481673337587,4.293581827468138e-06,1.2698182944308615e-06,1.802084279880577e-05,15.691983257777403,0.849322506421435,1.0,1.330576996878717,3.323433684107973,2.7491540247542416,2.6438673147624114,2.698320280425312,2.8865190674958616,1.0,15.813326197117547,1139.6555629264626,20.687604017864448,302.7106577576344,7.946729358776584
12,225.0,12.929082048003742,0.95,0.0126250213668741,3.798811050253337e-06,7.075464736006167e-06,0.0373405202797816,4.292683696591563e-06,1.269553860675361e-06,1.802184000079169e-05,299.3,82.09,0.7517540928833946,0.1574988676818582,49.12984125237405,8.403899647457456,1121.8476311314637,24.725265491573456,0.9832621245533444,0.0006520333025074,8.019818928599218e-07,2.0505879127469887e-06,0.0160624920720374,1.2283012698679473e-06,4.069076939121849e-07,1.88622933413221e-05,0.6438002102202187,0.1228442715673627,3.138659957314604e-05,5.3332769331318056e-05,0.2332188008054442,3.250234460874403e-05,9.210780660352527e-06,1.0284912800684433e-05,14.666238964022464,0.8927225809241499,1.0,1.286357435328952,3.1136602425644013,2.606988010821925,2.502079677703501,2.569139418170058,2.7098978787419488,1.0,15.813326197117547,1139.6555629264626,20.687604017864448,302.7106577576344,7.946729358776584
12,225.0,17.45416444855003,0.95,0.0126250213668741,3.798811050253337e-06,7.075464736006167e-06,0.0373405202797816,4.292683696591563e-06,1.269553860675361e-06,1.802184000079169e-05,299.3,82.09,0.7517540928833946,0.2126222980698018,49.12984125237405,8.403899647457456,1111.341888256307,27.462896553048367,0.9730425540295574,0.0016669233003209,1.6133319656514269e-06,3.747967605416785e-06,0.0252636478647132,2.2561502506898137e-06,7.176102618693454e-07,1.853974532460217e-05,0.4955441204712859,0.2287456861338659,4.690183766398494e-05,7.270189803725866e-05,0.2755261688110061,4.4458135718955375e-05,1.215524011419902e-05,7.807472307740649e-06,13.982508550805738,0.9242576691321738,1.0,1.2581876002695824,2.9764296555407945,2.5167239893654973,2.4124457918937283,2.485888284176699,2.5992552414333354,1.0,15.813326197117547,1139.6555629264626,20.687604017864448,302.7106577576344,7.946729358776584
12,225.0,21.97924684909632,0.95,0.0126250213668741,3.798811050253337e-06,7.075464736006167e-06,0.0373405202797816,4.292683696591563e-06,1.269553860675361e-06,1.802184000079169e-05,299.3,82.09,0.7517540928833946,0.2677457284577454,49.12984125237405,8.403899647457456,1105.2502387284,29.44114632211859,0.966707211447844,0.0029983349466242,2.278894641402948e-06,4.925902670394534e-06,0.030264971717754,2.9741637356334503e-06,9.212869662987246e-07,1.838163976413069e-05,0.4078848591573651,0.3249914794591446,5.311701718089373e-05,7.68243959437584e-05,0.2669277268113358,4.7075983385473976e-05,1.257010853942651e-05,6.347067104873273e-06,13.552769089729312,0.9456029420572316,1.0,1.240554009110089,2.888150654901086,2.462760327894323,2.3592419686757924,2.4351851314602437,2.5333576849643844,1.0,15.813326197117547,1139.6555629264626,20.687604017864448,302.7106577576344,7.946729358776584
12,225.0,26.50432924964261,0.95,0.0126250213668741,3.798811050253337e-06,7.075464736006167e-06,0.0373405202797816,4.292683696591563e-06,1.269553860675361e-06,1.802184000079169e-05,299.3,82.09,0.7517540928833946,0.3228691588456889,49.12984125237405,8.403899647457456,1101.5359227421757,31.004073465608744,0.9624682217929263,0.0044957860017728,2.757297774413964e-06,5.67589248813889e-06,0.0330047950701887,3.43308709095255e-06,1.046254017117102e-06,1.828460374109014e-05,0.3496866179760006,0.4040271680676612,5.394504420410447e-05,7.446133286202702e-05,0.2460947361836051,4.568008873940632e-05,1.2020877226444817e-05,5.370429700942255e-06,13.255218905026185,0.9612770570981738,1.0,1.228095283593154,2.824509503219977,2.427072334946361,2.324423447820894,2.4010010593065174,2.489785262151042,1.0,15.813326197117547,1139.6555629264626,20.687604017864448,302.7106577576344,7.946729358776584
12,225.0,31.029411650188894,0.95,0.0126250213668741,3.798811050253337e-06,7.075464736006167e-06,0.0373405202797816,4.292683696591563e-06,1.269553860675361e-06,1.802184000079169e-05,299.3,82.09,0.7517540928833946,0.3779925892336325,49.12984125237405,8.403899647457456,1098.9873717764324,32.36268438921157,0.9592594414851394,0.0060722024306477,3.097457301391638e-06,6.166333684420426e-06,0.0346360179083869,3.733871649210496e-06,1.1260333890353064e-06,1.8214479801769037e-05,0.3081295874699844,0.4668706257675742,5.24171019951036e-05,7.009701134459087e-05,0.2248183563459746,4.302989262597244e-05,1.1218484850298189e-05,4.6679256506150496e-06,13.022206287542094,0.9740800163856732,1.0,1.2181048656164544,2.77294776631548,2.400188610057435,2.2984386039852525,2.374825290213015,2.456917080697435,1.0,15.813326197117547,1139.6555629264626,20.687604017864448,302.7106577576344,7.946729358776584
12,225.0,35.55449405073518,0.95,0.0126250213668741,3.798811050253337e-06,7.075464736006167e-06,0.0373405202797816,4.292683696591563e-06,1.269553860675361e-06,1.802184000079169e-05,299.3,82.09,0.7517540928833946,0.433116019621576,49.12984125237405,8.403899647457456,1097.045816361187,33.61522090191349,0.9565886805240972,0.0076878350867663,3.346214218405992e-06,6.504188035503242e-06,0.0356903547840154,3.941366437688858e-06,1.180077087618232e-06,1.815775934166046e-05,0.2769502230940145,0.5169706353659799,5.003268072857474e-05,6.543277230598528e-05,0.2059089483165183,4.0180598107205945e-05,1.0409824347931764e-05,4.137347997521482e-06,12.823384034869996,0.985321529149676,1.0,1.2094209613384077,2.727930991958173,2.377943591905657,2.27708842431873,2.352898146462943,2.429683586695326,1.0,15.813326197117547,1139.6555629264626,20.687604017864448,302.7106577576344,7.946729358776584
12,225.0,40.07957645128147,0.95,0.0126250213668741,3.798811050253337e-06,7.075464736006167e-06,0.0373405202797816,4.292683696591563e-06,1.269553860675361e-06,1.802184000079169e-05,299.3,82.09,0.7517540928833946,0.4882394500095196,49.12984125237405,8.403899647457456,1095.4489204019842,34.808024614217125,0.9542247373973046,0.0093240951615817,3.534391064601419e-06,6.748513786009614e-06,0.036417465838844,4.091555761401853e-06,1.2186638358470345e-06,1.810847782173768e-05,0.2527002418569563,0.5574482442414821,4.744175845827468e-05,6.103924920760047e-05,0.189692152556208,3.7489175543178246e-05,9.669034980454446e-06,3.722127164149256e-06,12.6446906306765,0.9956441106497558,1.0,1.201534791126162,2.6869719087649537,2.358427100990997,2.2584488387854584,2.333490244923478,2.405770362569838,1.0,15.813326197117547,1139.6555629264626,20.687604017864448,302.7106577576344,7.946729358776584
12,225.0,44.60465885182776,0.95,0.0126250213668741,3.798811050253337e-06,7.075464736006167e-06,0.0373405202797816,4.292683696591563e-06,1.269553860675361e-06,1.802184000079169e-05,299.3,82.09,0.7517540928833946,0.5433628803974632,49.12984125237405,8.403899647457456,1094.063384340974,35.96476331791676,0.9520500920299956,0.0109715448770331,3.681203552800267e-06,6.9324396170127054e-06,0.0369442336597238,4.204682538471948e-06,1.2474077157264487e-06,1.806369982325149e-05,0.2333152632715868,0.590658273274455,4.49128181856372e-05,5.707513219073464e-05,0.1758770190367136,3.505671083096456e-05,9.01154974672975e-06,3.388206290620273e-06,12.479029730157784,1.0053330050668343,1.0,1.1941952682137769,2.6488168936298906,2.340679901016508,2.2415547808390204,2.315731137503948,2.3840147228315103,1.0,15.813326197117547,1139.6555629264626,20.687604017864448,302.7106577576344,7.946729358776584
12,225.0,49.129741252374046,0.95,0.0126250213668741,3.798811050253337e-06,7.075464736006167e-06,0.0373405202797816,4.292683696591563e-06,1.269553860675361e-06,1.802184000079169e-05,299.3,82.09,0.7517540928833946,0.5984863107854068,49.12984125237405,8.403899647457456,1092.8158399092858,37.09856264700694,0.9500000442331824,0.0126249847927269,3.798808710335637e-06,7.075461929465788e-06,0.0373405126271523,4.292681969568562e-06,1.2695534280707695e-06,1.802184090101405e-05,0.2174805812213685,0.6183077157081704,4.254879612236305e-05,5.355291039702061e-05,0.1640711610254848,3.289288425866987e-05,8.43366115092544e-06,3.11379304694327e-06,12.322500200033408,1.0145924519347296,1.0,1.1872673106328857,2.6127701200942064,2.324175979599868,2.225878118797462,2.2991421189594945,2.3637807798615555,1.0,15.813326197117547,1139.6555629264626,20.687604017864448,302.7106577576344,7.946729358776584
12,230.0,10.17179221571002,0.95,0.0126250213668741,3.798811050253337e-06,7.075464736006167e-06,0.0373405202797816,4.292683696591563e-06,1.269553860675361e-06,1.802184000079169e-05,299.3,82.09,0.7684597393919145,0.1239102474809357,48.34358630374402,10.17169221571002,1119.3458097073687,25.385127034736808,0.9978558691378544,5.6320975359315926e-05,7.966493688006527e-08,2.204509856749264e-07,0.0020644304978442,1.2696374638046658e-07,4.26934806197991e-08,2.290961579236627e-05,0.949991562957563,0.0126272372425961,3.7994667398093433e-06,7.076673282480372e-06,0.0373467394932627,4.293418117606854e-06,1.2697701575116123e-06,1.8020978280536308e-05,14.390789285680045,0.8913185944967019,1.0,1.2866357998568712,3.055513030205254,2.48349508958732,2.3567506138021126,2.492134188414083,2.6835758537267718,1.0,14.52556748614066,1121.6270137216943,24.87830228106012,302.7106577576344,9.61137473881863
12,230.0,14.413091558824906,0.95,0.0126250213668741,3.798811050253337e-06,7.075464736006167e-06,0.0373405202797816,4.292683696591563e-06,1.269553860675361e-06,1.802184000079169e-05,299.3,82.09,0.7684597393919145,0.1755767031163954,48.34358630374402,10.17169221571002,1104.3243899521835,28.885237279155216,0.9837103408861811,0.0006666523647158,7.88976046003838e-07,1.997197535283848e-06,0.0155997298057769,1.1673639313672855e-06,3.783117432950023e-07,1.8945094070031132e-05,0.6962699301324311,0.1026329454238978,2.6453154668330907e-05,4.529842712003979e-05,0.2009785061598546,2.7816254848431088e-05,7.977730603098541e-06,1.1072716576481564e-05,13.511497006216826,0.931436154684422,1.0,1.2513662406548942,2.889086981156759,2.3739922671080635,2.249049049029936,2.3893565926328586,2.5441591797420955,1.0,14.52556748614066,1121.6270137216943,24.87830228106012,302.7106577576344,9.61137473881863
12,230.0,18.654390901939795,0.95,0.0126250213668741,3.798811050253337e-06,7.075464736006167e-06,0.0373405202797816,4.292683696591563e-06,1.269553860675361e-06,1.802184000079169e-05,299.3,82.09,0.7684597393919145,0.2272431587518552,48.34358630374402,10.17169221571002,1094.03503775351,31.596685723212623,0.9737075717215984,0.0016590614969995,1.5682362232903022e-06,3.63293698884726e-06,0.0246067585394444,2.150207945004973e-06,6.755870888837146e-07,1.858127371156673e-05,0.5573908671514972,0.1942267495371452,4.073823524989921e-05,6.408542971641949e-05,0.2482179232243688,3.977314356220615e-05,1.1105937862900762e-05,8.757340597273678e-06,12.90269631326607,0.9615316066273274,1.0,1.2278861174616946,2.775627773977426,2.3013826745311947,2.1780471339071084,2.320307940216942,2.4525807490485136,1.0,14.52556748614066,1121.6270137216943,24.87830228106012,302.7106577576344,9.61137473881863
12,230.0,22.89569024505468,0.95,0.0126250213668741,3.798811050253337e-06,7.075464736006167e-06,0.0373405202797816,4.292683696591563e-06,1.269553860675361e-06,1.802184000079169e-05,299.3,82.09,0.7684597393919145,0.2789096143873149,48.34358630374402,10.17169221571002,1087.7900776889223,33.60260866690082,0.9672575725307976,0.0029667358137193,2.2268315351940884e-06,4.814489673096455e-06,0.0297464856385156,2.8742767345741967e-06,8.841502205442157e-07,1.8406268803913023e-05,0.469638270105238,0.2814618318656527,4.7554605665365706e-05,7.00093385777651e-05,0.2487192417453466,4.377381122791199e-05,1.1997201619405526e-05,7.321326671980112e-06,12.506209192914588,0.9825457525180824,1.0,1.2126639918532165,2.700192015333913,2.256136047996208,2.134148194715175,2.2765624825213706,2.3956581073067595,1.0,14.52556748614066,1121.6270137216943,24.87830228106012,302.7106577576344,9.61137473881863
12,230.0,27.13698958816957,0.95,0.0126250213668741,3.798811050253337e-06,7.075464736006167e-06,0.0373405202797816,4.292683696591563e-06,1.269553860675361e-06,1.802184000079169e-05,299.3,82.09,0.7684597393919145,0.3305760700227746,48.34358630374402,10.17169221571002,1083.884298083468,35.19395673992965,0.9628662021058926,0.0044525820630487,2.7132719628540253e-06,5.590514150281959e-06,0.0326502374814521,3.356172678829196e-06,1.018480243727118e-06,1.8299910570684587e-05,0.4088693049887753,0.3563439932918222,4.945474867594948e-05,6.952997430275985e-05,0.234605880295911,4.368075282192535e-05,1.18292854520172e-05,6.32666223894126e-06,12.22832460408452,0.9980998287340505,1.0,1.2018192503621756,2.6453655715220337,2.2257474368461385,2.104957706587719,2.2466665261766154,2.357365205478299,1.0,14.52556748614066,1121.6270137216943,24.87830228106012,302.7106577576344,9.61137473881863
12,230.0,31.37828893128446,0.95,0.0126250213668741,3.798811050253337e-06,7.075464736006167e-06,0.0373405202797816,4.292683696591563e-06,1.269553860675361e-06,1.802184000079169e-05,299.3,82.09,0.7684597393919145,0.3822425256582343,48.34358630374402,10.17169221571002,1081.1812767803206,36.57186542671272,0.9595353585455152,0.0060278422864636,3.064738423527061e-06,6.106630843376314e-06,0.0344046175143339,3.6794684748824807e-06,1.1066701196274412e-06,1.8224145825641957e-05,0.3641638097584721,0.4179444690164314,4.889898310452504e-05,6.659896916700456e-05,0.217717386322048,4.196758260777317e-05,1.1276853518293369e-05,5.592514650494431e-06,12.010978041413894,1.0107631178484149,1.0,1.1931718043701842,2.6010251051426194,2.202840747637694,2.083160036382784,2.2237866238130235,2.3284192860013766,1.0,14.52556748614066,1121.6270137216943,24.87830228106012,302.7106577576344,9.61137473881863
12,230.0,35.61958827439935,0.95,0.0126250213668741,3.798811050253337e-06,7.075464736006167e-06,0.0373405202797816,4.292683696591563e-06,1.269553860675361e-06,1.802184000079169e-05,299.3,82.09,0.7684597393919145,0.4339089812936941,48.34358630374402,10.17169221571002,1079.119715750374,37.836740194479546,0.9567716027576862,0.0076491612714966,3.324008016944016e-06,6.465270839898431e-06,0.0355462100926802,3.905466323263964e-06,1.167396422445511e-06,1.816373653460849e-05,0.3298615926402271,0.4683106345387375,4.728092413667559e-05,6.29565736039774e-05,0.2016621294402558,3.975376636640092e-05,1.0625057027471023e-05,5.0270596452635015e-06,11.826324867740272,1.0218516435339844,1.0,1.1856919269042523,2.562437077065186,2.183949056023922,2.0653420837058003,2.204694740860503,2.30448803171834,1.0,14.52556748614066,1121.6270137216943,24.87830228106012,302.7106577576344,9.61137473881863
12,230.0,39.86088761751424,0.95,0.0126250213668741,3.798811050253337e-06,7.075464736006167e-06,0.0373405202797816,4.292683696591563e-06,1.269553860675361e-06,1.802184000079169e-05,299.3,82.09,0.7684597393919145,0.4855754369291538,48.34358630374402,10.17169221571002,1077.4265932271437,39.0375819370308,0.954334800348645,0.0092955509793193,3.5210635907291195e-06,6.725807194927948e-06,0.0363360083571094,4.070362628112896e-06,1.2112084408750035e-06,1.8111873071412306e-05,0.3027097972122485,0.5097952227602789,4.527320316508378e-05,5.928776575732668e-05,0.1873383688156213,3.749057931467301e-05,9.981931727423831e-06,4.577731886831281e-06,11.66100929914017,1.031970477008727,1.0,1.1789164242297183,2.527392006187376,2.167427745769944,2.0498615736720565,2.1878547259265555,2.283523791231588,1.0,14.52556748614066,1121.6270137216943,24.87830228106012,302.7106577576344,9.61137473881863
12,230.0,44.102186960629126,0.95,0.0126250213668741,3.798811050253337e-06,7.075464736006167e-06,0.0373405202797816,4.292683696591563e-06,1.269553860675361e-06,1.802184000079169e-05,299.3,82.09,0.7684597393919145,0.5372418925646135,48.34358630374402,10.17169221571002,1075.9606305989216,40.199794093132645,0.9521006505369748,0.0109561677609955,3.675191064225844e-06,6.922404629694413e-06,0.0369090796265238,4.195213347759878e-06,1.244083466656552e-06,1.8065182997570623e-05,0.2806944609818987,0.544352189957932,4.318639119516367e-05,5.584320365972648e-05,0.1748053740954321,3.534851293367436e-05,9.384885515179522e-06,4.211971433331804e-06,11.508176351476497,1.0414798056037915,1.0,1.1726151806796137,2.494762845344327,2.1524371520399668,2.035866795163623,2.17248051258862,2.2644812646926047,1.0,14.52556748614066,1121.6270137216943,24.87830228106012,302.7106577576344,9.61137473881863
12,230.0,48.343486303744015,0.95,0.0126250213668741,3.798811050253337e-06,7.075464736006167e-06,0.0373405202797816,4.292683696591563e-06,1.269553860675361e-06,1.802184000079169e-05,299.3,82.09,0.7684597393919145,0.5889083482000732,48.34358630374402,10.17169221571002,1074.6433030774813,41.33754097302536,0.95000004830277,0.0126249819621733,3.798808425333194e-06,7.075461530588326e-06,0.0373405113891271,4.292681652755875e-06,1.2695533285263424e-06,1.802184099237584e-05,0.2624976953300316,0.5734794527999072,4.115978740396392e-05,5.269877271749514e-05,0.1638828581647261,3.338297697229846e-05,8.843729759423358e-06,3.908438481928327e-06,11.36403087728417,1.0505541278079626,1.0,1.166663832543908,2.46392364275018,2.1385133825951272,2.0229000056161865,2.1581366907435555,2.246783283776536,1.0,14.52556748614066,1121.6270137216943,24.87830228106012,302.7106577576344,9.61137473881863
12,235.0,12.20703836606689,0.95,0.0126250213668741,3.798811050253337e-06,7.075464736006167e-06,0.0373405202797816,4.292683696591563e-06,1.269553860675361e-06,1.802184000079169e-05,299.3,82.09,0.7851653859004343,0.1487031108060286,47.99809684590056,12.20693836606689,1100.0984318736023,30.36426593051821,0.9973959694450278,7.451408433959787e-05,1.0003334707784e-07,2.704267701853611e-07,0.0025058511042184,1.526515486860801e-07,4.9610268148371325e-08,2.3092644479885012e-05,0.949993072103552,0.0126268558818305,3.79935170274367e-06,7.076459432367579e-06,0.037345612083656,4.293288847500984e-06,1.269732180540542e-06,1.8021098798348723e-05,13.110102334381668,0.9376282036655312,1.0,1.2466064542266715,2.814402548311209,2.264582511449701,2.114584973253672,2.306183086169315,2.49963085613258,1.0,13.258875583506692,1102.8688895247462,29.73094022392497,302.7106577576344,11.525181126674264
12,235.0,16.183811530492854,0.95,0.0126250213668741,3.798811050253337e-06,7.075464736006167e-06,0.0373405202797816,4.292683696591563e-06,1.269553860675361e-06,1.802184000079169e-05,299.3,82.09,0.7851653859004343,0.1971471742050536,47.99809684590056,12.20693836606689,1085.9520997304166,33.75194863996286,0.9840603695704246,0.000687766907,7.802347131500447e-07,1.9467745127686646e-06,0.0152286188045393,1.1198154650609154e-06,3.546531641470337e-07,1.9043240180644925e-05,0.7415096442475427,0.0856953509151424,2.2276122433717697e-05,3.846920657359944e-05,0.1726919055724288,2.3714446721790676e-05,6.869844582799269e-06,1.1769644573994718e-05,12.356642368247444,0.9751245974507604,1.0,1.2184440308444844,2.681962727458958,2.179480511047401,2.032633225987567,2.2242052337771603,2.389068551429315,1.0,13.258875583506692,1102.8688895247462,29.73094022392497,302.7106577576344,11.525181126674264
12,235.0,20.160584694918818,0.95,0.0126250213668741,3.798811050253337e-06,7.075464736006167e-06,0.0373405202797816,4.292683696591563e-06,1.269553860675361e-06,1.802184000079169e-05,299.3,82.09,0.7851653859004343,0.2455912376040786,47.99809684590056,12.20693836606689,1075.923156193449,36.44273987585004,0.9743213530624152,0.0016608226258786,1.5268807010984791e-06,3.5151490390932496e-06,0.0239914591984108,2.055981748272669e-06,6.369707896280699e-07,1.863013101712448e-05,0.6150665558446412,0.1636148465341408,3.508594605342224e-05,5.610517108446572e-05,0.221172685897781,3.5094682466024014e-05,9.980961739855354e-06,9.644962093289669e-06,11.817021355563014,1.0041096954785875,1.0,1.1989156507611427,2.588221199601094,2.120810923273358,1.9764476225106573,2.166999794975442,2.313341778105617,1.0,13.258875583506692,1102.8688895247462,29.73094022392497,302.7106577576344,11.525181126674264
12,235.0,24.137357859344775,0.95,0.0126250213668741,3.798811050253337e-06,7.075464736006167e-06,0.0373405202797816,4.292683696591563e-06,1.269553860675361e-06,1.802184000079169e-05,299.3,82.09,0.7851653859004343,0.2940353010031036,47.99809684590056,12.20693836606689,1069.5665028479352,38.48139005062139,0.9677993802942254,0.0029446790847431,2.175243593079009e-06,4.693666333919433e-06,0.02922700998995,2.7789628650418628e-06,8.475561151832346e-07,1.8435202174025665e-05,0.5301241901330249,0.2409780026680188,4.2097711893216624e-05,6.326054064791736e-05,0.2287329534709665,4.000037405172355e-05,1.1224206338549972e-05,8.270895058551485e-06,11.453271337807308,1.0249422108626312,1.0,1.1858289318199196,2.523891302927093,2.0827908727823847,1.940349607843062,2.129397643916072,2.264328682972587,1.0,13.258875583506692,1102.8688895247462,29.73094022392497,302.7106577576344,11.525181126674264
12,235.0,28.114131023770742,0.95,0.0126250213668741,3.798811050253337e-06,7.075464736006167e-06,0.0373405202797816,4.292683696591563e-06,1.269553860675361e-06,1.802184000079169e-05,299.3,82.09,0.7851653859004343,0.3424793644021286,47.99809684590056,12.20693836606689,1065.4810761413655,40.109749014538,0.963270130268405,0.0044168469463936,2.6676459810703197e-06,5.494274787187155e-06,0.0322822733269461,3.279719499128046e-06,9.899374900889883e-07,1.831788049779363e-05,0.4688338829584308,0.3102479786415222,4.481410578083579e-05,6.440836295101771e-05,0.2207491979721172,4.102209326057444e-05,1.1408257895603702e-05,7.28760804162041e-06,11.194548684745389,1.0405396138027194,1.0,1.176393067205731,2.476636257563494,2.056792303388132,1.9159430129025912,2.1032820258819447,2.230714526327142,1.0,13.258875583506692,1102.8688895247462,29.73094022392497,302.7106577576344,11.525181126674264
12,235.0,32.0909041881967,0.95,0.0126250213668741,3.798811050253337e-06,7.075464736006167e-06,0.0373405202797816,4.292683696591563e-06,1.269553860675361e-06,1.802184000079169e-05,299.3,82.09,0.7851653859004343,0.3909234278011536,47.99809684590056,12.20693836606689,1062.622814518268,41.51631648248246,0.959819334962631,0.005988774951359,3.02989020711088e-06,6.037653327451876e-06,0.0341598767080297,3.624104753017982e-06,1.08627217539565e-06,1.823545751729858e-05,0.4223652957650358,0.3692188159574653,4.511620405044759e-05,6.284149346281297e-05,0.2082500509806742,4.021827891181519e-05,1.1118059708808225e-05,6.543260690638516e-06,10.992032596748402,1.0532259337239085,1.0,1.1688820658640662,2.438418949215569,2.0371425563919,1.8976608298677329,2.083266405879064,2.205209934622677,1.0,13.258875583506692,1102.8688895247462,29.73094022392497,302.7106577576344,11.525181126674264
12,235.0,36.06767735262267,0.95,0.0126250213668741,3.798811050253337e-06,7.075464736006167e-06,0.0373405202797816,4.292683696591563e-06,1.269553860675361e-06,1.802184000079169e-05,299.3,82.09,0.7851653859004343,0.4393674912001786,47.99809684590056,12.20693836606689,1060.437229923156,42.802540818722186,0.9569610462793772,0.0076139906694914,3.299929384046268e-06,6.419554743525918e-06,0.0353920506329126,3.868406193669152e-06,1.1538316221291943e-06,1.817069627527224e-05,0.3858698147947672,0.4187239843573141,4.422868257497838e-05,6.0231069609954194e-05,0.1952464583585751,3.867655886362247e-05,1.0647800354570692e-05,5.958377940432176e-06,10.820584851960309,1.0642870116589174,1.0,1.1624204696661875,2.4052666771027837,2.020974955326856,1.8827322800813664,2.066617990680533,2.184159111106537,1.0,13.258875583506692,1102.8688895247462,29.73094022392497,302.7106577576344,11.525181126674264
12,235.0,40.04445051704863,0.95,0.0126250213668741,3.798811050253337e-06,7.075464736006167e-06,0.0373405202797816,4.292683696591563e-06,1.269553860675361e-06,1.802184000079169e-05,299.3,82.09,0.7851653859004343,0.4878115545992036,47.99809684590056,12.20693836606689,1058.6435303858657,44.01997244902252,0.9544490749116448,0.0092690933547648,3.506428029543962e-06,6.698809932163625e-06,0.0362482592608578,4.048280531767808e-06,1.2031519914135223e-06,1.811580224761053e-05,0.3564389951828373,0.4603468607425158,4.280628181895221e-05,5.7325822007545525e-05,0.1830614984134821,3.689905490279228e-05,1.0128375306373234e-05,5.486127129180151e-06,10.667670479427064,1.0743473718743033,1.0,1.156601472954501,2.375229511167944,2.00687890001153,1.8698000052512305,2.051984671331544,2.165762812094272,1.0,13.258875583506692,1102.8688895247462,29.73094022392497,302.7106577576344,11.525181126674264
12,235.0,44.0212236814746,0.95,0.0126250213668741,3.798811050253337e-06,7.075464736006167e-06,0.0373405202797816,4.292683696591563e-06,1.269553860675361e-06,1.802184000079169e-05,299.3,82.09,0.7851653859004343,0.5362556179982287,47.99809684590056,12.20693836606689,1057.0932076534873,45.19587513342173,0.9521531773707284,0.0109417373178985,3.6685246215272255e-06,6.910360951515907e-06,0.036871013788837,4.185283550147628e-06,1.2404656756489908e-06,1.8066887737359337e-05,0.3322087199952125,0.4955941540382387,4.1180691736995e-05,5.444716747658069e-05,0.1720516778251162,3.510801495834363e-05,9.615557912528764e-06,5.09670934793239e-06,10.52671961874182,1.0837948993038786,1.0,1.1512036702201565,2.347293901558112,1.9941191454694651,1.85817433812356,2.03865999315757,2.1491040068611764,1.0,13.258875583506692,1102.8688895247462,29.73094022392497,302.7106577576344,11.525181126674264
12,235.0,47.99799684590056,0.95,0.0126250213668741,3.798811050253337e-06,7.075464736006167e-06,0.0373405202797816,4.292683696591563e-06,1.269553860675361e-06,1.802184000079169e-05,299.3,82.09,0.7851653859004343,0.5846996813972537,47.99809684590056,12.20693836606689,1055.702698778994,46.34558436405768,0.950000052571154,0.012624979094058,3.79880810740944e-06,7.075461057255238e-06,0.0373405099900192,4.292681298614541e-06,1.269553212905178e-06,1.8021841092601792e-05,0.3119235825254554,0.5257065311022342,3.951724503648824e-05,5.172588685258151e-05,0.1622313434728975,3.339785779873943e-05,9.131790978875452e-06,4.770118746186642e-06,10.394052510749775,1.0927787460515468,1.0,1.1461086307223365,2.3208936249954397,1.98228517573843,1.8474215708068464,2.026248644292108,2.13364140656066,1.0,13.258875583506692,1102.8688895247462,29.73094022392497,302.7106577576344,11.525181126674264
12,240.0,14.53503923771616,0.95,0.0126250213668741,3.798811050253337e-06,7.075464736006167e-06,0.0373405202797816,4.292683696591563e-06,1.269553860675361e-06,1.802184000079169e-05,299.3,82.09,0.8018710324089542,0.1770622394654179,48.08623281605109,14.53493923771616,1079.9179404573722,36.12829482474688,0.9968576145026918,9.807557343392616e-05,1.2453233676268897e-07,3.274123635560795e-07,0.0030203947467471,1.8316814285576178e-07,5.760098445447286e-08,2.3222463299460867e-05,0.9499942755098504,0.012626551755874,3.799259928680583e-06,7.0762891304988335e-06,0.0373447130928949,4.293185746931875e-06,1.2697019222524477e-06,1.8021204652254184e-05,11.851262251751036,0.98912199368973,1.0,1.210090791861205,2.596497809832909,2.082467848024225,1.9095224452704835,2.1380358291415726,2.332133420205029,1.0,12.014498351825988,1083.263844328595,35.3375257790447,302.7106577576344,13.710780754884407
12,240.0,18.262938524197818,0.95,0.0126250213668741,3.798811050253337e-06,7.075464736006167e-06,0.0373405202797816,4.292683696591563e-06,1.269553860675361e-06,1.802184000079169e-05,299.3,82.09,0.8018710324089542,0.2224745830697748,48.08623281605109,14.53493923771616,1066.6063452183407,39.42227812889613,0.9843076438289304,0.0007165374023664,7.762589268402139e-07,1.9014087111622384e-06,0.0149525624790253,1.0850230543586562e-06,3.35642075925978e-07,1.9157956909630232e-05,0.7798612557409678,0.0716816711867496,1.878827594324409e-05,3.273468514712923e-05,0.1483670613543641,2.020014025058615e-05,5.901016723536917e-06,1.2387599854045096e-05,11.206547930738378,1.0246155097369891,1.0,1.1875892610044343,2.490945925630926,2.015820476823241,1.847099426582837,2.07253440206553,2.244129937368039,1.0,12.014498351825988,1083.263844328595,35.3375257790447,302.7106577576344,13.710780754884407
12,240.0,21.99083781067948,0.95,0.0126250213668741,3.798811050253337e-06,7.075464736006167e-06,0.0373405202797816,4.292683696591563e-06,1.269553860675361e-06,1.802184000079169e-05,299.3,82.09,0.8018710324089542,0.2678869266741318,48.08623281605109,14.53493923771616,1056.8743131780566,42.09867653194393,0.9748740021502984,0.0016733373820222,1.489998162727812e-06,3.3974282170643826e-06,0.0234265092137477,1.973983199867044e-06,6.021752567846354e-07,1.868766909521982e-05,0.6675082988323662,0.1370022655609294,3.00197816979952e-05,4.8846579288236845e-05,0.1953606343072319,3.0625946991340026e-05,8.848909848377159e-06,1.0460081646209812e-05,10.730640890413206,1.0527610588685172,1.0,1.171419910593613,2.413642546457153,1.968258229784139,1.802815230371807,2.0252697568653213,2.181573377119548,1.0,12.014498351825988,1083.263844328595,35.3375257790447,302.7106577576344,13.710780754884407
12,240.0,25.71873709716113,0.95,0.0126250213668741,3.798811050253337e-06,7.075464736006167e-06,0.0373405202797816,4.292683696591563e-06,1.269553860675361e-06,1.802184000079169e-05,299.3,82.09,0.8018710324089542,0.3132992702784886,48.08623281605109,14.53493923771616,1050.4479223574006,44.17508658796195,0.9683246949857828,0.0029336380922625,2.12501306258097e-06,4.565504918969171e-06,0.0287130054375811,2.6894476436390264e-06,8.12125516823218e-07,1.8469393231421284e-05,0.5877484935667727,0.2042090118984264,3.688726589054638e-05,5.669357436969712e-05,0.2078934408488231,3.598623580213606e-05,1.0312220424798598e-05,9.174389490405918e-06,10.39905442273154,1.0735841942097353,1.0,1.1602079314501557,2.3589586009544856,1.9362605753927864,1.773258038719835,1.9930818170153195,2.139500523580842,1.0,12.014498351825988,1083.263844328595,35.3375257790447,302.7106577576344,13.710780754884407
12,240.0,29.446636383642797,0.95,0.0126250213668741,3.798811050253337e-06,7.075464736006167e-06,0.0373405202797816,4.292683696591563e-06,1.269553860675361e-06,1.802184000079169e-05,299.3,82.09,0.8018710324089542,0.3587116138828455,48.08623281605109,14.53493923771616,1046.197458127983,45.84895331836216,0.9636761862934304,0.0043900730855044,2.6209738035466093e-06,5.38792989160858e-06,0.0319032269339207,3.2045873694915917e-06,9.610112045697234e-07,1.833918487540495e-05,0.5279142196578342,0.2667788107963894,4.0150198982947686e-05,5.915756177458788e-05,0.205150767639415,3.787441309523704e-05,1.0792052675549928e-05,8.227679833269822e-06,10.159190870707896,1.0894058151116557,1.0,1.152009472863832,2.318186772264513,1.913919602313659,1.7528792290517892,1.970312335993914,2.110041763620096,1.0,12.014498351825988,1083.263844328595,35.3375257790447,302.7106577576344,13.710780754884407
12,240.0,33.174535670124456,0.95,0.0126250213668741,3.798811050253337e-06,7.075464736006167e-06,0.0373405202797816,4.292683696591563e-06,1.269553860675361e-06,1.802184000079169e-05,299.3,82.09,0.8018710324089542,0.4041239574872025,48.08623281605109,14.53493923771616,1043.184185484693,47.29373737932868,0.960109888049604,0.0059562234430445,2.9931451764871733e-06,5.95939386798564e-06,0.0339020538671618,3.568210539876762e-06,1.0650125649651765e-06,1.8248878040185385e-05,0.4811880845512464,0.3218680033931322,4.115884507227222e-05,5.882948207487755e-05,0.1967877878654585,3.7887679667291074e-05,1.0754465677677831e-05,7.493717670885535e-06,9.970877740724756,1.1022893424811038,1.0,1.1454776450895157,2.2851841344592048,1.8969386562086128,1.737525918176274,1.9527967794379943,2.0875684798342067,1.0,12.014498351825988,1083.263844328595,35.3375257790447,302.7106577576344,13.710780754884407
12,240.0,36.90243495660612,0.95,0.0126250213668741,3.798811050253337e-06,7.075464736006167e-06,0.0373405202797816,4.292683696591563e-06,1.269553860675361e-06,1.802184000079169e-05,299.3,82.09,0.8018710324089542,0.4495363010915594,48.08623281605109,14.53493923771616,1040.870292153939,48.610547824168485,0.9571565438883872,0.0075831988319309,3.2740320094103475e-06,6.366765498918719e-06,0.0352274677392508,3.830359370655515e-06,1.1394396825954368e-06,1.8178943869387364e-05,0.4436169866367437,0.3693744981960606,4.093114702085501e-05,5.7221633171711046e-05,0.1868559748842242,3.7005846498334673e-05,1.0476177980497976e-05,6.905478300056142e-06,9.811853603407847,1.1134731756990492,1.0,1.139904502601538,2.256635852260891,1.88298251250712,1.725014067139131,1.938259911363429,2.069050584554684,1.0,12.014498351825988,1083.263844328595,35.3375257790447,302.7106577576344,13.710780754884407
12,240.0,40.63033424308777,0.95,0.0126250213668741,3.798811050253337e-06,7.075464736006167e-06,0.0373405202797816,4.292683696591563e-06,1.269553860675361e-06,1.802184000079169e-05,299.3,82.09,0.8018710324089542,0.4949486446959163,48.08623281605109,14.53493923771616,1038.9708567138216,49.85322709444634,0.9545674742964582,0.0092452651706469,3.4904677005598003e-06,6.667244697733694e-06,0.0361537625114231,4.025359719320098e-06,1.1945016352533093e-06,1.812044771864833e-05,0.4127308031586869,0.4101836673945904,4.006904993690929e-05,5.5094137171064016e-05,0.1769381078448709,3.573783899312653e-05,1.0097901051359163e-05,6.422674699243225e-06,9.67052241713047,1.123639923931961,1.0,1.134903329166829,2.230839283954593,1.8708469566627632,1.7142361179866834,1.925524768902117,2.052906044608658,1.0,12.014498351825988,1083.263844328595,35.3375257790447,302.7106577576344,13.710780754884407
12,240.0,44.35823352956943,0.95,0.0126250213668741,3.798811050253337e-06,7.075464736006167e-06,0.0373405202797816,4.292683696591563e-06,1.269553860675361e-06,1.802184000079169e-05,299.3,82.09,0.8018710324089542,0.5403609883002732,48.08623281605109,14.53493923771616,1037.3312459687334,51.05099615128944,0.9522076879936316,0.0109285038836068,3.6611796952568834e-06,6.896147037455478e-06,0.0368297704528405,4.174897611791238e-06,1.2365483708830533e-06,1.8068897205630012e-05,0.3868916791797882,0.4453506211801285,3.89040258395847e-05,5.281348950015025e-05,0.1676159388342297,3.433602524631598e-05,9.688164637383194e-06,6.01910063026444e-06,9.54064241644969,1.1331330109879134,1.0,1.1302796642881685,2.206887193969858,1.859888563802784,1.7045440989373186,1.9139611569557664,2.038300997862897,1.0,12.014498351825988,1083.263844328595,35.3375257790447,302.7106577576344,13.710780754884407
12,240.0,48.08613281605109,0.95,0.0126250213668741,3.798811050253337e-06,7.075464736006167e-06,0.0373405202797816,4.292683696591563e-06,1.269553860675361e-06,1.802184000079169e-05,299.3,82.09,0.8018710324089542,0.5857733319046301,48.08623281605109,14.53493923771616,1035.863123692879,52.22050986708727,0.9500000574214188,0.0126249759029239,3.798807731137461e-06,7.07546046865247e-06,0.037340508332284,4.292680886458756e-06,1.2695530744695842e-06,1.802184121246299e-05,0.3649639140560999,0.4758328624528018,3.7615505269693135e-05,5.055324632159552e-05,0.1590671745640332,3.292362200389037e-05,9.27978349840433e-06,5.676769971717061e-06,9.418673382895973,1.1421744024477598,1.0,1.125925740701453,2.184266462415902,1.8497429772216711,1.695597219004548,1.9032149560591227,2.0247631297785813,1.0,12.014498351825988,1083.263844328595,35.3375257790447,302.7106577576344,13.710780754884407
12,245.0,17.18238539524621,0.95,0.0126250213668741,3.798811050253337e-06,7.075464736006167e-06,0.0373405202797816,4.292683696591563e-06,1.269553860675361e-06,1.802184000079169e-05,299.3,82.09,0.8185766789174741,0.2093115531154368,48.60542794913941,17.18228539524621,1058.648460276222,42.796009428284265,0.9962293070892704,0.0001286063044243,1.5391288017217477e-07,3.9204595877516185e-07,0.0036179532725654,2.194996450539699e-07,6.688440031005425e-08,2.3300990855341014e-05,0.9499952441368076,0.0126263069418517,3.799186020983762e-06,7.076152296070589e-06,0.0373439895058045,4.293102727447212e-06,1.269677585900311e-06,1.802129690549531e-05,10.615904947439676,1.0469895660113266,1.0,1.1767278497173352,2.3990085335355418,1.92951523037053,1.735403589296527,1.9856908536098747,2.178898028575308,1.0,10.793959502416731,1062.6711211462375,41.80803719266337,302.7106577576344,16.191644196077288
12,245.0,20.673823456789897,0.95,0.0126250213668741,3.798811050253337e-06,7.075464736006167e-06,0.0373405202797816,4.292683696591563e-06,1.269553860675361e-06,1.802184000079169e-05,299.3,82.09,0.8185766789174741,0.2518433847824326,48.60542794913941,17.18228539524621,1046.135838147604,46.013808653346935,0.9844458260387108,0.0007545626468195,7.776862064893954e-07,1.863230676884736e-06,0.0147762969782836,1.0626791208275193e-06,3.210541225210048e-07,1.928968605966165e-05,0.81197662948238,0.0601895860921026,1.5904365819710887e-05,2.7960727059464344e-05,0.1277546723365499,1.723521315816628e-05,5.070163276980856e-06,1.2941619652873374e-05,10.065703714921732,1.0810009062798756,1.0,1.1587804745429633,2.3148045418568395,1.8769601982696693,1.687856738834017,1.93330889342033,2.1086648354085957,1.0,10.793959502416731,1062.6711211462375,41.80803719266337,302.7106577576344,16.191644196077288
12,245.0,24.165261518333587,0.95,0.0126250213668741,3.798811050253337e-06,7.075464736006167e-06,0.0373405202797816,4.292683696591563e-06,1.269553860675361e-06,1.802184000079169e-05,299.3,82.09,0.8185766789174741,0.2943752164494285,48.60542794913941,17.18228539524621,1036.7306615740656,48.68291557307057,0.9753548972429116,0.0016981421479327,1.4583816278305764e-06,3.282739721015831e-06,0.0229209880838037,1.9046536373379623e-06,5.715162589501193e-07,1.8755234106967663e-05,0.714199468459569,0.1142449925787393,2.55648034955368e-05,4.234780545793266e-05,0.1714421624123098,2.6501362040336447e-05,7.761303203814041e-06,1.1201275184136408e-05,9.6483871739929,1.1086173674733175,1.0,1.145459959534455,2.2512320073013137,1.838252226729745,1.653078749988213,1.894376151513157,2.057057001703704,1.0,10.793959502416731,1062.6711211462375,41.80803719266337,302.7106577576344,16.191644196077288
12,245.0,27.65669957987728,0.95,0.0126250213668741,3.798811050253337e-06,7.075464736006167e-06,0.0373405202797816,4.292683696591563e-06,1.269553860675361e-06,1.802184000079169e-05,299.3,82.09,0.8185766789174741,0.3369070481164243,48.60542794913941,17.18228539524621,1030.2758227324837,50.80244125642565,0.9688241696101813,0.0029354445493704,2.0771212354542587e-06,4.43249119703744e-06,0.028211980923102,2.606932853257318e-06,7.784684525501828e-07,1.850990360813425e-05,0.6413191008612918,0.171515816883449,3.203127872748341e-05,5.041524892321578e-05,0.1870313589619252,3.193581998467578e-05,9.322428886407811e-06,1.0018516811974904e-05,9.348316708739551,1.1296421552063711,1.0,1.1359156999765176,2.2048254683688664,1.811259061504623,1.629058645200178,1.866947100894484,2.021063336024139,1.0,10.793959502416731,1062.6711211462375,41.80803719266337,302.7106577576344,16.191644196077288
12,245.0,31.148137641420963,0.95,0.0126250213668741,3.798811050253337e-06,7.075464736006167e-06,0.0373405202797816,4.292683696591563e-06,1.269553860675361e-06,1.802184000079169e-05,299.3,82.09,0.8185766789174741,0.3794388797834201,48.60542794913941,17.18228539524621,1025.8775606532788,52.53052187933876,0.9640792975654002,0.004374129224827,2.573941049291082e-06,5.272607593628113e-06,0.0315162981981325,3.131717440916799e-06,9.321399123665318e-07,1.836460564400146e-05,0.5846465954873069,0.2267331130782115,3.558380762826305e-05,5.385904834578441e-05,0.1884772766615619,3.4419397906930255e-05,1.0025341155607546e-05,9.1271778832421e-06,9.127155866884657,1.145854049338198,1.0,1.1288177109646738,2.169681017160122,1.7919863735936723,1.6120699533064002,1.847147993253404,1.9952976191618972,1.0,10.793959502416731,1062.6711211462375,41.80803719266337,302.7106577576344,16.191644196077288
12,245.0,34.63957570296465,0.95,0.0126250213668741,3.798811050253337e-06,7.075464736006167e-06,0.0373405202797816,4.292683696591563e-06,1.269553860675361e-06,1.802184000079169e-05,299.3,82.09,0.8185766789174741,0.421970711450416,48.60542794913941,17.18228539524621,1022.7106884028154,54.02366157465687,0.9604047833127344,0.0059317596895693,2.9548299807769808e-06,5.872031784818555e-06,0.0336318097732915,3.5122895095723755e-06,1.0431127091111666e-06,1.8264960420460585e-05,0.5391237404545551,0.2769363712019059,3.712692318202601e-05,5.459803341771341e-05,0.1837944208409334,3.5109802601991045e-05,1.0211527044104242e-05,8.421216359700038e-06,8.952623189846694,1.1591232146173844,1.0,1.12315347546225,2.141146151036127,1.7772248811744622,1.599226152522707,1.831825260731062,1.9755040512144133,1.0,10.793959502416731,1062.6711211462375,41.80803719266337,302.7106577576344,16.191644196077288
12,245.0,38.13101376450834,0.95,0.0126250213668741,3.798811050253337e-06,7.075464736006167e-06,0.0373405202797816,4.292683696591563e-06,1.269553860675361e-06,1.802184000079169e-05,299.3,82.09,0.8185766789174741,0.4645025431174118,48.60542794913941,17.18228539524621,1020.2639824622312,55.3810205356582,0.957357247744326,0.0075579365194697,3.2464166996917803e-06,6.306678386957075e-06,0.0350521579483621,3.7915377587670447e-06,1.1243057268636043e-06,1.8188849269646374e-05,0.5016658633535477,0.3214017799213604,3.746048085583838e-05,5.392357642727158e-05,0.1767881759581434,3.483139044895061e-05,1.012064858182592e-05,7.844670634480081e-06,8.805421965516313,1.1706244213546164,1.0,1.1183319794184226,2.1165101934392263,1.7651110171546007,1.5887418022737276,1.819119535806768,1.9591794684740909,1.0,10.793959502416731,1062.6711211462375,41.80803719266337,302.7106577576344,16.191644196077288
12,245.0,41.62245182605203,0.95,0.0126250213668741,3.798811050253337e-06,7.075464736006167e-06,0.0373405202797816,4.292683696591563e-06,1.269553860675361e-06,1.802184000079169e-05,299.3,82.09,0.8185766789174741,0.5070343747844077,48.60542794913941,17.18228539524621,1018.252745900893,56.658277074967096,0.9546897451430812,0.009224792238024,3.473181786316093e-06,6.630821250726874e-06,0.0360520456431718,4.001663487563499e-06,1.185276738918253e-06,1.812603245936633e-05,0.4702725763778154,0.3604441693039068,3.710835838782293e-05,5.255931665450859e-05,0.1691422704740798,3.4061971971240924e-05,9.890501323135398e-06,7.363695861208172e-06,8.674997203731571,1.18102920217463,1.0,1.1140270793606528,2.094308580425551,1.754599936729378,1.5797175916302575,1.8080236210846736,1.9449754535807564,1.0,10.793959502416731,1062.6711211462375,41.80803719266337,302.7106577576344,16.191644196077288
12,245.0,45.11388988759572,0.95,0.0126250213668741,3.798811050253337e-06,7.075464736006167e-06,0.0373405202797816,4.292683696591563e-06,1.269553860675361e-06,1.802184000079169e-05,299.3,82.09,0.8185766789174741,0.5495662064514035,48.60542794913941,17.18228539524621,1016.5177432397828,57.88662171184206,0.9522641433730576,0.010916806726794,3.653133431383605e-06,6.87957912205348e-06,0.0367850494836356,4.164061366642612e-06,1.232328943347534e-06,1.80713136492612e-05,0.4435749822721512,0.3947044601867157,3.638278589767067e-05,5.088955208536648e-05,0.1615836716335818,3.3061871416639044e-05,9.595718025890996e-06,6.955980125763266e-06,8.555504662324756,1.1907449625681934,1.0,1.1100751670788431,2.073736259302043,1.7451309781602666,1.5716453797529968,1.7979884857026711,1.932154552855034,1.0,10.793959502416731,1062.6711211462375,41.80803719266337,302.7106577576344,16.191644196077288
12,245.0,48.6053279491394,0.95,0.0126250213668741,3.798811050253337e-06,7.075464736006167e-06,0.0373405202797816,4.292683696591563e-06,1.269553860675361e-06,1.802184000079169e-05,299.3,82.09,0.8185766789174741,0.5920980381183993,48.60542794913941,17.18228539524621,1014.9663215712252,59.084165660104574,0.9500000630357334,0.012624972282582,3.798807279753365e-06,7.075459730259184e-06,0.0373405063400063,4.2926804009500885e-06,1.269552907328719e-06,1.8021841360075464e-05,0.420596822221694,0.4248575573609569,3.546520982957295e-05,4.911603794553826e-05,0.1544131860213844,3.197100166398255e-05,9.27619891011177e-06,6.605947615158657e-06,8.443570923140278,1.1999795935305535,1.0,1.1063647952813207,2.054333944761503,1.7363810907552868,1.5642079086856466,1.78868017029292,1.9202904246270216,1.0,10.793959502416731,1062.6711211462375,41.80803719266337,302.7106577576344,16.191644196077288
12,250.0,20.177175315312603,0.95,0.0126250213668741,3.798811050253337e-06,7.075464736006167e-06,0.0373405202797816,4.292683696591563e-06,1.269553860675361e-06,1.802184000079169e-05,299.3,82.09,0.8352823254259939,0.2457933404228603,49.5567795038002,20.177075315312603,1036.0983017927686,50.51365329544009,0.9954971865282388,0.000168274483704,1.891231627431023e-07,4.652548389435604e-07,0.0043102142934782,2.6290182676561626e-07,7.774822169616224e-08,2.332966652846492e-05,0.949996030846978,0.0126261080875772,3.799125957716408e-06,7.076041407589394e-06,0.0373434018280447,4.293035252854848e-06,1.2696578332352995e-06,1.8021376948517277e-05,9.406022512444222,1.1127782099360168,1.0,1.1462368756070125,2.21950818197449,1.799764804642521,1.5872081357357155,1.8473867681354548,2.038043407337266,1.0,9.599114364051816,1040.9186176418627,49.27650279185157,302.7106577576344,18.99215487266697
12,250.0,23.441564669589003,0.95,0.0126250213668741,3.798811050253337e-06,7.075464736006167e-06,0.0373405202797816,4.292683696591563e-06,1.269553860675361e-06,1.802184000079169e-05,299.3,82.09,0.8352823254259939,0.2855593211059691,49.5567795038002,20.177075315312603,1024.353039598067,53.67202752715646,0.9844662395210756,0.0008040451088573,7.853377418267421e-07,1.8344879803135824e-06,0.0147062941734633,1.0528501624587814e-06,3.107597316276241e-07,1.9437760987488668e-05,0.838645144416744,0.0508166872508078,1.3534856807686411e-05,2.4008214518252697e-05,0.110468050707539,1.4760062799163508e-05,4.367262901689203e-06,1.3447227882329208e-05,8.93841927340619,1.1458156119600618,1.0,1.1319734380361073,2.1522773839816,1.758055664834172,1.5511101899138533,1.8055230153123252,1.9819036188873032,1.0,9.599114364051816,1040.9186176418627,49.27650279185157,302.7106577576344,18.99215487266697
12,250.0,26.7059540238654,0.95,0.0126250213668741,3.798811050253337e-06,7.075464736006167e-06,0.0373405202797816,4.292683696591563e-06,1.269553860675361e-06,1.802184000079169e-05,299.3,82.09,0.8352823254259939,0.3253253017890778,49.5567795038002,20.177075315312603,1015.2989940468952,56.3419470866338,0.9757521850709,0.0017373505022773,1.432933409144036e-06,3.174232611297468e-06,0.0224846294849913,1.8484742024738255e-06,5.452515734498908e-07,1.883405003475864e-05,0.7550751218043907,0.0950365880464551,2.1706744289676347e-05,3.6604888923817805e-05,0.149788558987533,2.2793530774761386e-05,6.751983205040542e-06,1.1874014427762552e-05,8.574945040129881,1.1732264155373868,1.0,1.1210837807187408,2.100100900741951,1.726453916882068,1.523946781774726,1.7735580731808935,1.9394071823437784,1.0,9.599114364051816,1040.9186176418627,49.27650279185157,302.7106577576344,18.99215487266697
12,250.0,29.9703433781418,0.95,0.0126250213668741,3.798811050253337e-06,7.075464736006167e-06,0.0373405202797816,4.292683696591563e-06,1.269553860675361e-06,1.802184000079169e-05,299.3,82.09,0.8352823254259939,0.3650912824721866,49.5567795038002,20.177075315312603,1008.8554281009004,58.51063743598697,0.9692867436720392,0.002952441375474,2.0326730560447963e-06,4.297586544143821e-06,0.0277326470068968,2.5326317261198846e-06,7.471808911654468e-07,1.8557873372536905e-05,0.6900874554135368,0.1429749094055478,2.759968837673881e-05,4.4510783091219696e-05,0.1668184058618905,2.8011544382903888e-05,8.309170814020488e-06,1.0798132359799858e-05,8.30566393905539,1.194664483037736,1.0,1.1130231707748228,2.060896104068797,1.703652205552223,1.5045487358068486,1.7503019934875566,1.9087367898030665,1.0,9.599114364051816,1040.9186176418627,49.27650279185157,302.7106577576344,18.99215487266697
12,250.0,33.2347327324182,0.95,0.0126250213668741,3.798811050253337e-06,7.075464736006167e-06,0.0373405202797816,4.292683696591563e-06,1.269553860675361e-06,1.802184000079169e-05,299.3,82.09,0.8352823254259939,0.4048572631552954,49.5567795038002,20.177075315312603,1004.3288909075044,60.30215631764316,0.964472775419566,0.0043713967462215,2.527395580886614e-06,5.149937147533632e-06,0.0311257894947094,3.0621567696075635e-06,9.038159655728544e-07,1.8395034039556034e-05,0.6378874470492416,0.1906185144439872,3.1217513856120384e-05,4.860041858852071e-05,0.1713642603710043,3.082960488286309e-05,9.156872280400003e-06,9.973726158903806e-06,8.10316836404357,1.2115107598011703,1.0,1.1069230699140689,2.0306713404940218,1.686988418822052,1.4905191104096616,1.733143960074485,1.8862560270758963,1.0,9.599114364051816,1040.9186176418627,49.27650279185157,302.7106577576344,18.99215487266697
12,250.0,36.4991220866946,0.95,0.0126250213668741,3.798811050253337e-06,7.075464736006167e-06,0.0373405202797816,4.292683696591563e-06,1.269553860675361e-06,1.802184000079169e-05,299.3,82.09,0.8352823254259939,0.4446232438384041,49.5567795038002,20.177075315312603,1001.0111199044056,61.85473137627977,0.9607007301368482,0.0059174315331644,2.915398675255188e-06,5.776054574601644e-06,0.0333503847256704,3.456945624398803e-06,1.0208508356173965e-06,1.8284354607151737e-05,0.5948441882498783,0.2352490369071528,3.3119150423374385e-05,5.020271537854151e-05,0.1697725892685614,3.2030719292686804e-05,9.523974224479551e-06,9.309015088310848e-06,7.942178813636135,1.225373723264962,1.0,1.1020250467430217,2.0059972041993066,1.674117391288714,1.4797679197982456,1.7197571414189137,1.8688118499951425,1.0,9.599114364051816,1040.9186176418627,49.27650279185157,302.7106577576344,18.99215487266697
12,250.0,39.763511440971,0.95,0.0126250213668741,3.798811050253337e-06,7.075464736006167e-06,0.0373405202797816,4.292683696591563e-06,1.269553860675361e-06,1.802184000079169e-05,299.3,82.09,0.8352823254259939,0.4843892245215129,49.5567795038002,20.177075315312603,998.4268917428586,63.26381182234245,0.9575617316035806,0.0075397360868277,3.2172559841970416e-06,6.239196920299384e-06,0.0348660142396265,3.752211201000095e-06,1.1085511596733e-06,1.8200854699808875e-05,0.5586384878847416,0.2758167135705475,3.389750827488209e-05,5.035695818829349e-05,0.1654099197748429,3.226513024986836e-05,9.602335797681755e-06,8.756837357078684e-06,7.806370649707311,1.2373905621176973,1.0,1.0978703384463042,1.9847071192949275,1.6635161322903211,1.471014441552322,1.7086650498281526,1.854411315722252,1.0,9.599114364051816,1040.9186176418627,49.27650279185157,302.7106577576344,18.99215487266697
12,250.0,43.0279007952474,0.95,0.0126250213668741,3.798811050253337e-06,7.075464736006167e-06,0.0373405202797816,4.292683696591563e-06,1.269553860675361e-06,1.802184000079169e-05,299.3,82.09,0.8352823254259939,0.5241552052046217,49.5567795038002,20.177075315312603,996.2967299511882,64.58622182385356,0.9548153600709308,0.0092086582019696,3.454598975043622e-06,6.589275379544984e-06,0.0359426522351476,3.977278328371993e-06,1.17551384030555e-06,1.8132825428627577e-05,0.5277169697353749,0.3122230095774252,3.3984491047624084e-05,4.971184326317839e-05,0.1599265668272849,3.195215935190727e-05,9.516394010312351e-06,8.288972241912837e-06,7.686326578705144,1.2482582755860236,1.0,1.0941748284793926,1.965564482487364,1.654330441070906,1.4634735280154136,1.6989960749424329,1.8418982649397444,1.0,9.599114364051816,1040.9186176418627,49.27650279185157,302.7106577576344,18.99215487266697
12,250.0,46.292290149523794,0.95,0.0126250213668741,3.798811050253337e-06,7.075464736006167e-06,0.0373405202797816,4.292683696591563e-06,1.269553860675361e-06,1.802184000079169e-05,299.3,82.09,0.8352823254259939,0.5639211858877304,49.5567795038002,20.177075315312603,994.4587953867696,65.85501114065568,0.9523224069659944,0.0109071119990423,3.644369739578236e-06,6.860464229776763e-06,0.0367365213445604,4.152785436662207e-06,1.227810061894241e-06,1.807426093499023e-05,0.5009871088298814,0.3447646779012382,3.3658409491751734e-05,4.864354488675229e-05,0.1541173436954859,3.1340536669963e-05,9.340277060176834e-06,7.886805285958063e-06,7.576663714778451,1.2583605696741338,1.0,1.0907999721327064,1.9478656984756824,1.6460737363420852,1.4567450455625628,1.6902645778722245,1.830627366544345,1.0,9.599114364051816,1040.9186176418627,49.27650279185157,302.7106577576344,18.99215487266697
12,250.0,49.5566795038002,0.95,0.0126250213668741,3.798811050253337e-06,7.075464736006167e-06,0.0373405202797816,4.292683696591563e-06,1.269553860675361e-06,1.802184000079169e-05,299.3,82.09,0.8352823254259939,0.6036871665708392,49.5567795038002,20.177075315312603,992.8168183290828,67.08984238129808,0.9500000691058906,0.0126249685174186,3.798806764607634e-06,7.075458841338212e-06,0.0373405040369862,4.292679851474931e-06,1.2695527125494602e-06,1.802184153471284e-05,0.4776498013726097,0.3738597960709798,3.309190870756276e-05,4.7366495775073366e-05,0.1483627150401433,3.057469225105813e-05,9.117184409531654e-06,7.537235123865939e-06,7.474197882446607,1.2679575936582863,1.0,1.0876437843207902,1.9311962728928405,1.638459588813863,1.4505718358353583,1.6821842643593443,1.8202184170756488,1.0,9.599114364051816,1040.9186176418627,49.27650279185157,302.7106577576344,18.99215487266697
12,255.0,23.54934264759544,0.95,0.0126250213668741,3.798811050253337e-06,7.075464736006167e-06,0.0373405202797816,4.292683696591563e-06,1.269553860675361e-06,1.802184000079169e-05,299.3,82.09,0.8519879719345138,0.2868722456766407,50.944218333228456,23.54924264759544,1012.0261179296792,59.46559503850144,0.99464402777181,0.000220084482656,2.3139983585089698e-07,5.484396252292367e-07,0.0051113930424656,3.150084346917005e-07,9.057958135952944e-08,2.3309275591133827e-05,0.9499966754745296,0.0126259451304923,3.799076706154854e-06,7.075950786712356e-06,0.0373429202996662,4.292979903797332e-06,1.2696416558456435e-06,1.8021446259116268e-05,8.224049775024474,1.1886604701524903,1.0,1.1184084874054057,2.049687780138941,1.6884808962290812,1.4609862293098637,1.7215740761311735,1.9079854454103369,1.0,8.432227805466914,1017.7913832278248,57.90987351738985,302.7106577576344,22.13772066860631
12,255.0,26.59320661266577,0.95,0.0126250213668741,3.798811050253337e-06,7.075464736006167e-06,0.0373405202797816,4.292683696591563e-06,1.269553860675361e-06,1.802184000079169e-05,299.3,82.09,0.8519879719345138,0.3239518408169786,50.944218333228456,23.54924264759544,1001.0203406399274,62.5810450108273,0.9843570185830408,0.0008680522133651,8.002938268476284e-07,1.8176813833789165e-06,0.0147513503806223,1.056051468330885e-06,3.0475593291626285e-07,1.960004036025067e-05,0.8606762958021338,0.0431915861691488,1.1594559242091764e-05,2.0745006049418266e-05,0.0960693743353498,1.2707499407555116e-05,3.77790086702497e-06,1.391872780167714e-05,7.829024889034957,1.2212127630305134,1.0,1.1071444736542382,1.999453861264034,1.6552186269372804,1.4337264548382962,1.6881925131074915,1.863047897539051,1.0,8.432227805466914,1017.7913832278248,57.90987351738985,302.7106577576344,22.13772066860631
12,255.0,29.637070577736107,0.95,0.0126250213668741,3.798811050253337e-06,7.075464736006167e-06,0.0373405202797816,4.292683696591563e-06,1.269553860675361e-06,1.802184000079169e-05,299.3,82.09,0.8519879719345138,0.3610314359573164,50.944218333228456,23.54924264759544,992.3368257392048,65.26115097186764,0.9760520110961446,0.0017939116048751,1.4147371161621714e-06,3.0753231740224976e-06,0.0221283324694395,1.806090641147604e-06,5.236300193295841e-07,1.8925048590113933e-05,0.7903962638175801,0.0789801898272752,1.840448221367384e-05,3.158173168772168e-05,0.130535705905914,1.95264228712554e-05,5.839344328941624e-06,1.2488468128813042e-05,7.5150307479390355,1.248770972555411,1.0,1.098318677977462,1.959524948351876,1.6293311811983118,1.4126819278333582,1.6620593489811966,1.8281319402552565,1.0,8.432227805466914,1017.7913832278248,57.90987351738985,302.7106577576344,22.13772066860631
12,255.0,32.68093454280644,0.95,0.0126250213668741,3.798811050253337e-06,7.075464736006167e-06,0.0373405202797816,4.292683696591563e-06,1.269553860675361e-06,1.802184000079169e-05,299.3,82.09,0.8519879719345138,0.3981110310976543,50.944218333228456,23.54924264759544,985.941900251602,67.48619631153912,0.9696991450546634,0.0029877176120532,1.9929410799872945e-06,4.1643006835215615e-06,0.0272851789417545,2.467830161381321e-06,7.18854004865315e-07,1.8614465599087037e-05,0.733717856176138,0.118435538066479,2.3625936925638037e-05,3.9037907803822354e-05,0.1477407825974782,2.4328235171775525e-05,7.315833792498698e-06,1.151524621062759e-05,7.275743594989848,1.2708955639411397,1.0,1.0916016348412778,1.926540777442982,1.610054683945804,1.3971626012244551,1.6424503923531102,1.8021141822749265,1.0,8.432227805466914,1017.7913832278248,57.90987351738985,302.7106577576344,22.13772066860631
12,255.0,35.72479850787678,0.95,0.0126250213668741,3.798811050253337e-06,7.075464736006167e-06,0.0373405202797816,4.292683696591563e-06,1.269553860675361e-06,1.802184000079169e-05,299.3,82.09,0.8519879719345138,0.4351906262379921,50.944218333228456,23.54924264759544,981.3083547745572,69.35129270203309,0.9648478120668366,0.0043849752396559,2.4823895464415533e-06,5.022191769308412e-06,0.030737402964796,2.997097232537797e-06,8.765904583807469e-07,1.843145970474097e-05,0.6868655402129048,0.158655970340775,2.71285689767644e-05,4.346378043231123e-05,0.1543616476868534,2.725320089546613e-05,8.233691884071166e-06,1.0762517278248311e-05,7.091967067578926,1.2886433559345805,1.0,1.0864143039030585,1.9006189193412963,1.595619965665764,1.3856662054296192,1.6276710351895565,1.782577320035204,1.0,8.432227805466914,1017.7913832278248,57.90987351738985,302.7106577576344,22.13772066860631
12,255.0,38.76866247294711,0.95,0.0126250213668741,3.798811050253337e-06,7.075464736006167e-06,0.0373405202797816,4.292683696591563e-06,1.269553860675361e-06,1.802184000079169e-05,299.3,82.09,0.8519879719345138,0.47227022137833,50.944218333228456,23.54924264759544,977.8436562478748,70.97572821257798,0.9609929538008272,0.0059159489289089,2.8754767082681287e-06,5.67240942947703e-06,0.0330598400771732,3.4029208955764404e-06,9.98573471796619e-07,1.830781258539656e-05,0.6473026093588451,0.1973632416295405,2.9223360363583125e-05,4.570941043489855e-05,0.155211544844742,2.8792821060634112e-05,8.731156821505366e-06,1.0147418191770089e-05,6.9444472117961205,1.303375744068373,1.0,1.08221732014747,1.8792896338135776,1.5843315063872747,1.3767569884208188,1.616014336142262,1.7672280311503048,1.0,8.432227805466914,1017.7913832278248,57.90987351738985,302.7106577576344,22.13772066860631
12,255.0,41.81252643801744,0.95,0.0126250213668741,3.798811050253337e-06,7.075464736006167e-06,0.0373405202797816,4.292683696591563e-06,1.269553860675361e-06,1.802184000079169e-05,299.3,82.09,0.8519879719345138,0.5093498165186678,50.944218333228456,23.54924264759544,975.1169269978768,72.44942941050292,0.9577677004076832,0.0075306676701501,3.186827954073411e-06,6.164460291288913e-06,0.0346692600699362,3.7127355921094345e-06,1.0923449435542983e-06,1.8215483449423863e-05,0.6133370621674055,0.2334213950530943,3.0323009493853418e-05,4.6559664259677136e-05,0.153116652566285,2.9428441050502408e-05,8.950034764534556e-06,9.629063646536387e-06,6.819764443211185,1.3161789579879688,1.0,1.0786513015283952,1.860866430243757,1.5749991816403754,1.3694535347413213,1.606315968714301,1.7545011801494834,1.0,8.432227805466914,1017.7913832278248,57.90987351738985,302.7106577576344,22.13772066860631
12,255.0,44.85639040308778,0.95,0.0126250213668741,3.798811050253337e-06,7.075464736006167e-06,0.0373405202797816,4.292683696591563e-06,1.269553860675361e-06,1.802184000079169e-05,299.3,82.09,0.8519879719345138,0.5464294116590057,50.944218333228456,23.54924264759544,972.8594103202822,73.82943570163508,0.954943353636176,0.0091982161503444,3.434797032705269e-06,6.542426102948247e-06,0.0358251942382777,3.95232941996088e-06,1.1652738632603468e-06,1.8141148782997564e-05,0.5838040579580411,0.2664774172946132,3.076440280905144e-05,4.656213689090364e-05,0.1495935145240867,2.9505598679383703e-05,8.994453736352461e-06,9.18363114313941e-06,6.709727000078695,1.3277432796949065,1.0,1.0754976013650492,1.844328607171092,1.5669162724302788,1.3631812851027345,1.597872149563526,1.743463115770377,1.0,8.432227805466914,1017.7913832278248,57.90987351738985,302.7106577576344,22.13772066860631
12,255.0,47.90025436815812,0.95,0.0126250213668741,3.798811050253337e-06,7.075464736006167e-06,0.0373405202797816,4.292683696591563e-06,1.269553860675361e-06,1.802184000079169e-05,299.3,82.09,0.8519879719345138,0.5835090067993436,50.944218333228456,23.54924264759544,970.9091839697268,75.150394137445,0.9523821764339814,0.0109000703826995,3.63488692252613e-06,6.8386206676923645e-06,0.0366838376939239,4.1410908453322425e-06,1.223002645062633e-06,1.807788831451277e-05,0.5578662076603177,0.2965719034598778,3.0782618355496314e-05,4.60627376248693e-05,0.1454380688418746,2.92466202765753e-05,8.932422343398417e-06,8.795639329769587e-06,6.609461067999684,1.3384848773263571,1.0,1.0726277427688338,1.829070258168816,1.5596641946695884,1.3575904028207484,1.5902719847873923,1.733541096463329,1.0,8.432227805466914,1017.7913832278248,57.90987351738985,302.7106577576344,22.13772066860631
12,255.0,50.94411833322845,0.95,0.0126250213668741,3.798811050253337e-06,7.075464736006167e-06,0.0373405202797816,4.292683696591563e-06,1.269553860675361e-06,1.802184000079169e-05,299.3,82.09,0.8519879719345138,0.6205886019396815,50.944218333228456,23.54924264759544,969.1673647453024,76.43352823101607,0.950000075955476,0.0126249644076824,3.798806158423452e-06,7.075457746493196e-06,0.0373405012994895,4.292679214106192e-06,1.2695524815215175e-06,1.802184175147455e-05,0.5348981329334135,0.3239108963190566,3.053299566504964e-05,4.527363076791011e-05,0.1410691133861135,2.878977257406161e-05,8.806723862294307e-06,8.454238547036576e-06,6.516017828640412,1.3486581463586873,1.0,1.0699557321328217,1.814725061028083,1.5530043714551145,1.352471356196352,1.5832615873705078,1.7243961242891088,1.0,8.432227805466914,1017.7913832278248,57.90987351738985,302.7106577576344,22.13772066860631
12,260.0,27.33114861652353,0.95,0.0126250213668741,3.798811050253337e-06,7.075464736006167e-06,0.0373405202797816,4.292683696591563e-06,1.269553860675361e-06,1.802184000079169e-05,299.3,82.09,0.8686936184430337,0.332941267103466,52.77367077007368,27.33104861652353,986.1196909942364,69.8907966066825,0.9936476359367978,0.0002883176352093,2.824147086183899e-07,6.437563379667362e-07,0.0060393966480601,3.780015929120939e-07,1.0591385868641385e-07,2.323969343426272e-05,0.9499972083966904,0.012625810394326,3.799035950948517e-06,7.07587609341568e-06,0.0373425222283052,4.292934070736282e-06,1.2696282844376335e-06,1.8021506278779004e-05,7.072986727766987,1.2776837444656046,1.0,1.0930688036966882,1.8768627938978657,1.591845718639268,1.3536073514596507,1.6069238900698064,1.7872297741944014,1.0,7.296085655146154,993.0143761526203,67.92140682303575,302.7106577576344,25.654931900849267
12,260.0,30.15808441136244,0.95,0.0126250213668741,3.798811050253337e-06,7.075464736006167e-06,0.0373405202797816,4.292683696591563e-06,1.269553860675361e-06,1.802184000079169e-05,299.3,82.09,0.8686936184430337,0.3673782971295217,52.77367077007368,27.33104861652353,975.8288996597022,72.9801423500769,0.98410175133531,0.0009509440064441,8.240174439169199e-07,1.81579825624682e-06,0.0149235157625589,1.0733723415572474e-06,3.032099186752656e-07,1.977249772687245e-05,0.8788307128603842,0.0369884552440739,1.0007112150943022e-05,1.805222397267968e-05,0.0841241067181815,1.1011285681734493e-05,3.28628340654542e-06,1.436827214835059e-05,6.742079562870746,1.3103015821971915,1.0,1.0842707495652444,1.837921299336384,1.5651979807618948,1.3331967325985496,1.580412037942862,1.7513265280977968,1.0,7.296085655146154,993.0143761526203,67.92140682303575,302.7106577576344,25.654931900849267
12,260.0,32.98502020620134,0.95,0.0126250213668741,3.798811050253337e-06,7.075464736006167e-06,0.0373405202797816,4.292683696591563e-06,1.269553860675361e-06,1.802184000079169e-05,299.3,82.09,0.8686936184430337,0.4018153271555773,52.77367077007368,27.33104861652353,967.5311180988068,75.6814886614441,0.9762373078044694,0.0018720216718373,1.4051694509313191e-06,2.989856426377833e-06,0.0218649614552855,1.7784702592976315e-06,5.069523184894765e-07,1.9028619952600406e-05,0.8206275222238656,0.0656465517937096,1.5601521409109843e-05,2.722102517911465e-05,0.1136483261345545,1.6689916845083977e-05,5.029834900320849e-06,1.305754953656035e-05,6.4735957601726,1.3384119609117322,1.0,1.0772208859418937,1.8068993945783285,1.5439337114281304,1.317070574949408,1.559150135474527,1.722703055111799,1.0,7.296085655146154,993.0143761526203,67.92140682303575,302.7106577576344,25.654931900849267
12,260.0,35.811956001040244,0.95,0.0126250213668741,3.798811050253337e-06,7.075464736006167e-06,0.0373405202797816,4.292683696591563e-06,1.269553860675361e-06,1.802184000079169e-05,299.3,82.09,0.8686936184430337,0.4362523571816328,52.77367077007368,27.33104861652353,961.2191751140838,77.97180967786798,0.9700450408498612,0.0030454848614091,1.9594438455934024e-06,4.036805932745956e-06,0.0268816891815843,2.413987683363628e-06,6.941008056586403e-07,1.8680768878192035e-05,0.7722123551805429,0.0975898386763104,2.0112909171779782e-05,3.402656930535851e-05,0.1301041600468655,2.0955605065784712e-05,6.373481765930475e-06,1.2177530972239737e-05,6.263454477591757,1.3615981021415913,1.0,1.071714332479327,1.7830903976425785,1.52763405027623,1.304814792876011,1.5427546044241185,1.7007241160777626,1.0,7.296085655146154,993.0143761526203,67.92140682303575,302.7106577576344,25.654931900849267
12,260.0,38.63889179587915,0.95,0.0126250213668741,3.798811050253337e-06,7.075464736006167e-06,0.0373405202797816,4.292683696591563e-06,1.269553860675361e-06,1.802184000079169e-05,299.3,82.09,0.8686936184430337,0.4706893872076884,52.77367077007368,27.33104861652353,956.5008960090364,79.92211613927998,0.9651927232835116,0.0044190089991863,2.4402442910197043e-06,4.892461260950484e-06,0.030358671042677,2.937940442546883e-06,8.510870003515584e-07,1.84749416300114e-05,0.7311744588655418,0.1308187818537868,2.336667263167417e-05,3.851794596949869e-05,0.1379022766494702,2.380547413794162e-05,7.296862819601359e-06,1.1495675642192902e-05,6.098507268396702,1.380574449474972,1.0,1.0673703209176737,1.7647827803909804,1.515107553466997,1.29549650692484,1.5300794980790628,1.6838227193892588,1.0,7.296085655146154,993.0143761526203,67.92140682303575,302.7106577576344,25.654931900849267
12,260.0,41.46582759071806,0.95,0.0126250213668741,3.798811050253337e-06,7.075464736006167e-06,0.0373405202797816,4.292683696591563e-06,1.269553860675361e-06,1.802184000079169e-05,299.3,82.09,0.8686936184430337,0.5051264172337441,52.77367077007368,27.33104861652353,952.8942975022644,81.6327303053332,0.9612745586840828,0.0059309708937857,2.835923769813148e-06,5.5626984303681575e-06,0.032763407747146,3.3511522400904595e-06,9.767128960194276e-07,1.833618764893325e-05,0.6957814089649685,0.1635623775215213,2.5509979941026293e-05,4.118529817254577e-05,0.1405451894521636,2.5522321768792333e-05,7.872527823396398e-06,1.0933933640559645e-05,5.964546928756333,1.3965362479741217,1.0,1.0638251372491514,1.750214275593871,1.5051729914465772,1.2881711064245238,1.5199665356762275,1.6703569862725614,1.0,7.296085655146154,993.0143761526203,67.92140682303575,302.7106577576344,25.654931900849267
12,260.0,44.29276338555696,0.95,0.0126250213668741,3.798811050253337e-06,7.075464736006167e-06,0.0373405202797816,4.292683696591563e-06,1.269553860675361e-06,1.802184000079169e-05,299.3,82.09,0.8686936184430337,0.5395634472597997,52.77367077007368,27.33104861652353,950.019611817839,83.18631607374456,0.9579715468650848,0.0075335766911142,3.1555654616438288e-06,6.082993937284462e-06,0.0344626550205072,3.6735953531297937e-06,1.0759200106879817e-06,1.8233348530849248e-05,0.6648278008477494,0.1947651379116182,2.681012393636333e-05,4.257987624558409e-05,0.1402925794899836,2.6439801108368447e-05,8.196564611007327e-06,1.045538474727526e-05,5.850895874288248,1.410467822294902,1.0,1.0608065003978069,1.7380798309165375,1.4969154313136517,1.28213905982878,1.5115116789544945,1.6591297606255313,1.0,7.296085655146154,993.0143761526203,67.92140682303575,302.7106577576344,25.654931900849267
12,260.0,47.11969918039587,0.95,0.0126250213668741,3.798811050253337e-06,7.075464736006167e-06,0.0373405202797816,4.292683696591563e-06,1.269553860675361e-06,1.802184000079169e-05,299.3,82.09,0.8686936184430337,0.5740004772858553,52.77367077007368,27.33104861652353,947.6245940593697,84.63898476595169,0.9550720652613236,0.0091953585215689,3.4139323006401264e-06,6.490262047272574e-06,0.0356994389781276,3.927004870815215e-06,1.1546529453245807e-06,1.815138681579891e-05,0.6374636410144755,0.2239579366574572,2.751471312514553e-05,4.313515801321885e-05,0.1384625580282297,2.682550275113506e-05,8.34965079903086e-06,1.0039275149100242e-05,5.750637234674311,1.4230468157466434,1.0,1.0581431921602586,1.7275432698479307,1.4897571695423537,1.276950522393783,1.5041488290780851,1.6493757550822696,1.0,7.296085655146154,993.0143761526203,67.92140682303575,302.7106577576344,25.654931900849267
12,260.0,49.94663497523477,0.95,0.0126250213668741,3.798811050253337e-06,7.075464736006167e-06,0.0373405202797816,4.292683696591563e-06,1.269553860675361e-06,1.802184000079169e-05,299.3,82.09,0.8686936184430337,0.6084375073119109,52.77367077007368,27.33104861652353,945.55030606176,86.02652609428979,0.9524428736405668,0.0108966058700335,3.6247096926575858e-06,6.81391139690065e-06,0.0366266525438672,4.129018294162171e-06,1.2179305444158312e-06,1.808237560424297e-05,0.6130678936798646,0.2510158510340682,2.781165238343024e-05,4.315007620851695e-05,0.1358003652350857,2.686615121309908e-05,8.38967354010256e-06,9.672497636334777e-06,5.659471319254246,1.4347349899937498,1.0,1.0557271136338529,1.7170653215445464,1.4833455084763143,1.272327740310508,1.4975334944203007,1.6406183519982012,1.0,7.296085655146154,993.0143761526203,67.92140682303575,302.7106577576344,25.654931900849267
12,260.0,52.77357077007368,0.95,0.0126250213668741,3.798811050253337e-06,7.075464736006167e-06,0.0373405202797816,4.292683696591563e-06,1.269553860675361e-06,1.802184000079169e-05,299.3,82.09,0.8686936184430337,0.6428745373379665,52.77367077007368,27.33104861652353,943.6966274302245,87.3716383080541,0.9500000838111082,0.0126249598539238,3.79880543657563e-06,7.07545638691286e-06,0.0373404980004454,4.292678466311939e-06,1.2695522055497005e-06,1.8021842027178206e-05,0.5911698125929921,0.2759875271146521,2.7833298430985364e-05,4.282140317079872e-05,0.1327276180343832,2.6685684535185896e-05,8.355834703951488e-06,9.346037131746711e-06,5.57471606754623,1.4457993197734156,1.0,1.0534899407011853,1.7047061946454038,1.4774655412145137,1.2681080258661406,1.4914448006659482,1.632569412803574,1.0,7.296085655146154,993.0143761526203,67.92140682303575,302.7106577576344,25.654931900849267
12,265.0,31.557941060549904,0.95,0.0126250213668741,3.798811050253337e-06,7.075464736006167e-06,0.0373405202797816,4.292683696591563e-06,1.269553860675361e-06,1.802184000079169e-05,299.3,82.09,0.8853992649515536,0.3844310032957717,55.05208924433604,31.557841060549904,957.9619678140392,82.10938207182551,0.992478158467016,0.0003792912103745,3.44520962298753e-07,7.545756690985067e-07,0.0071177523294643,4.5489302490915924e-07,1.2451663875106098e-07,2.311948684979509e-05,0.949997653073845,0.0126256979457425,3.799001900423077e-06,7.075813966302582e-06,0.0373421900933312,4.292895735239872e-06,1.26961712419481e-06,1.802155835485529e-05,5.9565852406646265,1.3844068541473162,1.0,1.0701374575362927,1.7250000317993457,1.5066597293067647,1.2625766732748955,1.5022784630586297,1.674522869703165,1.0,6.194157229336726,966.2255774553212,79.59167899763797,302.7106577576344,29.571779036695137
12,265.0,34.16839085874836,0.95,0.0126250213668741,3.798811050253337e-06,7.075464736006167e-06,0.0373405202797816,4.292683696591563e-06,1.269553860675361e-06,1.802184000079169e-05,299.3,82.09,0.8853992649515536,0.4162308546564546,55.05208924433604,31.557841060549904,948.364751938492,85.19047822219908,0.9836771854057508,0.0010591062868916,8.585646596653067e-07,1.8327153322467928e-06,0.0152396550635649,1.1066953900537666e-06,3.0652918596637654e-07,1.994873922449785e-05,0.8937867169974584,0.0319306150422705,8.70661140411254e-06,1.5826556978251715e-05,0.0742308416065768,9.6106715319887e-06,2.8770153490871074e-06,1.480549843083747e-05,5.682633362806148,1.4176913292982498,1.0,1.0633862323655758,1.694855205886715,1.4852410906133993,1.2474969973470529,1.481327283584693,1.6458845699813058,1.0,6.194157229336726,966.2255774553212,79.59167899763797,302.7106577576344,29.571779036695137
12,265.0,36.77884065694682,0.95,0.0126250213668741,3.798811050253337e-06,7.075464736006167e-06,0.0373405202797816,4.292683696591563e-06,1.269553860675361e-06,1.802184000079169e-05,299.3,82.09,0.8853992649515536,0.4480307060171375,55.05208924433604,31.557841060549904,940.464275164875,87.92642640037982,0.976285784041524,0.0019778184334935,1.4060849428087087e-06,2.922414516508242e-06,0.0217106620078673,1.76712694846753e-06,4.956535462746195e-07,1.9144237160997e-05,0.8463372052811097,0.0546142125688497,1.3234963873495498e-05,2.3453777503126216e-05,0.0989797236973888,1.425267843435968e-05,4.321571228613722e-06,1.359546161209205e-05,5.456072656062859,1.446923474601772,1.0,1.0578700398132248,1.6702955130176362,1.4677658937911768,1.2353232313557394,1.4641660644084298,1.6225349721485745,1.0,6.194157229336726,966.2255774553212,79.59167899763797,302.7106577576344,29.571779036695137
12,265.0,39.38929045514528,0.95,0.0126250213668741,3.798811050253337e-06,7.075464736006167e-06,0.0373405202797816,4.292683696591563e-06,1.269553860675361e-06,1.802184000079169e-05,299.3,82.09,0.8853992649515536,0.4798305573778204,55.05208924433604,31.557841060549904,934.2660434599104,90.29349251115322,0.9703035256826688,0.0031317130706752,1.934087577081852e-06,3.920154354098095e-06,0.0265371028633032,2.3729062787794053e-06,6.736091904563495e-07,1.8757625952439936e-05,0.8058193724287664,0.0800394778147771,1.704069843526915e-05,2.948214612503564e-05,0.1140584030439296,1.7925523491185183e-05,5.501512284687123e-06,1.2796832190581812e-05,5.274203916048178,1.4716215091445648,1.0,1.0534577604176814,1.6508925119613962,1.4539615404452528,1.225804113143793,1.450556774348392,1.6040881695925011,1.0,6.194157229336726,966.2255774553212,79.59167899763797,302.7106577576344,29.571779036695137
12,265.0,41.99974025334374,0.95,0.0126250213668741,3.798811050253337e-06,7.075464736006167e-06,0.0373405202797816,4.292683696591563e-06,1.269553860675361e-06,1.802184000079169e-05,299.3,82.09,0.8853992649515536,0.5116304087385033,55.05208924433604,31.557841060549904,929.4853646687136,92.34300595008412,0.9654916939854862,0.0044792388067329,2.40266177410529e-06,4.764894398774635e-06,0.0299996586623571,2.886412697887759e-06,8.280332510505435e-07,1.8526543301854296e-05,0.7707235015872244,0.1068914957487023,1.9955646689005963e-05,3.381437139033191e-05,0.1222921057769881,2.0566652231165777e-05,6.379018903347199e-06,1.218119787110321e-05,5.1282419700261865,1.492318246656498,1.0,1.049911191519439,1.6355867900904013,1.4430992071118642,1.2183838843679904,1.439791044227903,1.5895288313833935,1.0,6.194157229336726,966.2255774553212,79.59167899763797,302.7106577576344,29.571779036695137
12,265.0,44.6101900515422,0.95,0.0126250213668741,3.798811050253337e-06,7.075464736006167e-06,0.0373405202797816,4.292683696591563e-06,1.269553860675361e-06,1.802184000079169e-05,299.3,82.09,0.8853992649515536,0.5434302600991862,55.05208924433604,31.557841060549904,925.7424540842115,94.15687258499564,0.9615355070566884,0.0059675781739729,2.7979322358683626e-06,5.449446215623017e-06,0.0324660382907021,3.302864161483837e-06,9.558165436360754e-07,1.8370419479808272e-05,0.7398911623688221,0.1338843335047844,2.2028914266927034e-05,3.669192282541309e-05,0.1261248051618026,2.2321352134320386e-05,6.983995599621537e-06,1.167277976457174e-05,5.008072018775528,1.5099738476833395,1.0,1.0469816707007806,1.6232015062719245,1.4343232763563682,1.2124451465763968,1.431053643659903,1.577740717904459,1.0,6.194157229336726,966.2255774553212,79.59167899763797,302.7106577576344,29.571779036695137
12,265.0,47.22063984974066,0.95,0.0126250213668741,3.798811050253337e-06,7.075464736006167e-06,0.0373405202797816,4.292683696591563e-06,1.269553860675361e-06,1.802184000079169e-05,299.3,82.09,0.8853992649515536,0.5752301114598691,55.05208924433604,31.557841060549904,922.7134165186176,95.80891089292544,0.9581676303117226,0.0075524687965322,3.1241328752064056e-06,5.995928920059697e-06,0.0342478306011478,3.635471876579688e-06,1.059598986368299e-06,1.8255157939133723e-05,0.7124804511636428,0.1601378680522914,2.3418853783687028e-05,3.846900853882534e-05,0.1272777761452501,2.3404794433912773e-05,7.375166519200611e-06,1.123681554016088e-05,4.90553490183678,1.5254933080464237,1.0,1.0444809001065425,1.6128064841431848,1.4269838816480227,1.207515061974275,1.4237063957144276,1.5678552090609168,1.0,6.194157229336726,966.2255774553212,79.59167899763797,302.7106577576344,29.571779036695137
12,265.0,49.83108964793912,0.95,0.0126250213668741,3.798811050253337e-06,7.075464736006167e-06,0.0373405202797816,4.292683696591563e-06,1.269553860675361e-06,1.802184000079169e-05,299.3,82.09,0.8853992649515536,0.607029962820552,55.05208924433604,31.557841060549904,920.1683330444685,97.35298232638436,0.9551987121984388,0.0092027907924284,3.392287058013692e-06,6.433076250354036e-06,0.0355654622545308,3.901595842819423e-06,1.1437996217573342e-06,1.816399582884576e-05,0.6878837252132229,0.1851720475139409,2.4295532236185e-05,3.946434690486653e-05,0.1268379918360641,2.401112307776972e-05,7.610014995211219e-06,1.085441955771515e-05,4.8149922166797,1.5395581299311332,1.0,1.0422751941999,1.603756745340729,1.4206070829791229,1.2032655967819383,1.4173030032715457,1.5592457614868342,1.0,6.194157229336726,966.2255774553212,79.59167899763797,302.7106577576344,29.571779036695137
12,265.0,52.441539446137575,0.95,0.0126250213668741,3.798811050253337e-06,7.075464736006167e-06,0.0373405202797816,4.292683696591563e-06,1.269553860675361e-06,1.802184000079169e-05,299.3,82.09,0.8853992649515536,0.6388298141812349,55.05208924433604,31.557841060549904,917.9548589095732,98.82535820146283,0.9525034598111304,0.0108980582340247,3.61390911148692e-06,6.7862997213156365e-06,0.0365646645238361,4.116644076570925e-06,1.212638205295117e-06,1.808793989414457e-05,0.6656516109916701,0.208777235402526,2.480037383907564e-05,3.991945357068089e-05,0.1254638979050565,2.428764512235766e-05,7.734157304586221e-06,1.0514070910611407e-05,4.732773066614248,1.552618901860813,1.0,1.0402841269643968,1.595637714369004,1.4148944367088685,1.199486072732354,1.41154683664056,1.5515191406321531,1.0,6.194157229336726,966.2255774553212,79.59167899763797,302.7106577576344,29.571779036695137
12,265.0,55.05198924433604,0.95,0.0126250213668741,3.798811050253337e-06,7.075464736006167e-06,0.0373405202797816,4.292683696591563e-06,1.269553860675361e-06,1.802184000079169e-05,299.3,82.09,0.8853992649515536,0.6706296655419178,55.05208924433604,31.557841060549904,915.973463405171,100.24998933499216,0.9500000929725734,0.0126249547342456,3.798804565999862e-06,7.075454683547765e-06,0.037340493962095,4.292677577159326e-06,1.269551872959245e-06,1.802184238608969e-05,0.6454405280958488,0.2309001250799682,2.5039922696939957e-05,4.0005298844768885e-05,0.1235519738928974,2.433871426809237e-05,7.780912510194512e-06,1.0208082965608268e-05,4.6565022196633015,1.564984888495221,1.0,1.038449219727998,1.5881814256320317,1.409659728440056,1.196040287532377,1.4062555167087305,1.5444223636988426,1.0,6.194157229336726,966.2255774553212,79.59167899763797,302.7106577576344,29.571779036695137
12,270.0,36.269376192766586,0.95,0.0126250213668741,3.798811050253337e-06,7.075464736006167e-06,0.0373405202797816,4.292683696591563e-06,1.269553860675361e-06,1.802184000079169e-05,299.3,82.09,0.9021049114600734,0.4418245363962307,57.78612866760917,36.26927619276658,926.9736536596228,96.56796156214338,0.9910933294389755,0.0005027465614861,4.211902797227551e-07,8.862878549627341e-07,0.0083789737257609,5.50016317374825e-07,1.4752959382443358e-07,2.2945249731541112e-05,0.9499980279178348,0.012625603118761,3.798973143366085e-06,7.075761756605623e-06,0.0373419101537638,4.292863308409081e-06,1.269607706982673e-06,1.8021603724767e-05,4.879636439281224,1.5158871502574514,1.0,1.0496274321162202,1.590475761604373,1.4301949594009415,1.1859659124174275,1.406582690451844,1.5686437672805675,1.0,5.130843724671824,936.9320241360858,93.30322734807504,302.7106577576344,33.91794976874195
12,270.0,38.66011535663798,0.95,0.0126250213668741,3.798811050253337e-06,7.075464736006167e-06,0.0373405202797816,4.292683696591563e-06,1.269553860675361e-06,1.802184000079169e-05,299.3,82.09,0.9021049114600734,0.4709479273558044,57.78612866760917,36.26927619276658,918.051534051501,99.66065639251498,0.9830491338602536,0.0012022826160413,9.069609196412296e-07,1.8739191206366792e-06,0.0157242086986563,1.1590958989331006e-06,3.154862365825767e-07,2.011936287255961e-05,0.9061300944464452,0.0277877325072293,7.637495375277685e-06,1.3980072761246957e-05,0.0660343296694625,8.452254150338766e-06,2.535997233673738e-06,1.5237557342433015e-05,4.656565081061446,1.5506445969131648,1.0,1.0445910858967156,1.567243162296584,1.4129513972570773,1.1750509542815797,1.3901699966429548,1.545917449668481,1.0,5.130843724671824,936.9320241360858,93.30322734807504,302.7106577576344,33.91794976874195
12,270.0,41.05085452050938,0.95,0.0126250213668741,3.798811050253337e-06,7.075464736006167e-06,0.0373405202797816,4.292683696591563e-06,1.269553860675361e-06,1.802184000079169e-05,299.3,82.09,0.9021049114600734,0.500071318315378,57.78612866760917,36.26927619276658,910.5567573566454,102.44783834602958,0.9761663698535838,0.0021206311425425,1.420142333720909e-06,2.878908394232319e-06,0.0216871651758144,1.7744883630589689e-06,4.904300469758993e-07,1.9269858921153536e-05,0.8681258513638082,0.0454930887133151,1.1241627044347431e-05,2.0206421747205247e-05,0.0863196155692171,1.2172076221664103e-05,3.7074196894383578e-06,1.411680895681255e-05,4.468721962776782,1.5817134560627948,1.0,1.0404109611279162,1.5478851982574766,1.3985795106522791,1.1660539689895515,1.3764500163165985,1.5269908725207697,1.0,5.130843724671824,936.9320241360858,93.30322734807504,302.7106577576344,33.91794976874195
12,270.0,43.44159368438078,0.95,0.0126250213668741,3.798811050253337e-06,7.075464736006167e-06,0.0373405202797816,4.292683696591563e-06,1.269553860675361e-06,1.802184000079169e-05,299.3,82.09,0.9021049114600734,0.5291947092749516,57.78612866760917,36.26927619276658,904.4987996688508,104.90687424486435,0.9704463135676225,0.0032552717499174,1.919429671317334e-06,3.8207203628730585e-06,0.0262708239440354,2.347026175697817e-06,6.582402159185047e-07,1.884532199885583e-05,0.8349471754119985,0.065349252341219,1.4374220422194438e-05,2.5390137070575748e-05,0.0996304693479521,1.524103351619892e-05,4.709458140038382e-06,1.338804968150982e-05,4.314258652989201,1.6086257262160082,1.0,1.0369999624990789,1.5321619827027173,1.386913770434678,1.158835586259729,1.3652777284295825,1.5116145288233604,1.0,5.130843724671824,936.9320241360858,93.30322734807504,302.7106577576344,33.91794976874195
12,270.0,45.83233284825218,0.95,0.0126250213668741,3.798811050253337e-06,7.075464736006167e-06,0.0373405202797816,4.292683696591563e-06,1.269553860675361e-06,1.802184000079169e-05,299.3,82.09,0.9021049114600734,0.5583181002345252,57.78612866760917,36.26927619276658,899.6769138223511,107.07331979206128,0.9657225207718292,0.0045739960362569,2.371930662223896e-06,4.645102783744653e-06,0.0296742258585196,2.8447790059124872e-06,8.083274848494853e-07,1.858719345746353e-05,0.8056689622095116,0.0865325619011832,1.689741846797621e-05,2.9385924227013807e-05,0.1077162727361374,1.7584291935511006e-05,5.503562035660242e-06,1.2831956501570065e-05,4.187472389307071,1.631715646148662,1.0,1.0342074797329424,1.519441712469572,1.3774859405809792,1.153058702585564,1.3562193843989492,1.4991698108780829,1.0,5.130843724671824,936.9320241360858,93.30322734807504,302.7106577576344,33.91794976874195
12,270.0,48.22307201212357,0.95,0.0126250213668741,3.798811050253337e-06,7.075464736006167e-06,0.0373405202797816,4.292683696591563e-06,1.269553860675361e-06,1.802184000079169e-05,299.3,82.09,0.9021049114600734,0.5874414911940988,57.78612866760917,36.26927619276658,895.8029125871252,109.01165855697197,0.9617608214785855,0.0060331152838395,2.7631986598543835e-06,5.336508587085624e-06,0.0321753557092813,3.2597348118058147e-06,9.366017093254578e-07,1.8411484525388694e-05,0.7795344742338755,0.1081704505948781,1.8809345045749408e-05,3.228051310356491e-05,0.112206251026744,1.9264611895242355e-05,6.0954806582351646e-06,1.2374193799524125e-05,4.081476203554697,1.6517600080974433,1.0,1.031877729234692,1.5089588738026791,1.369739669113958,1.1483517715504317,1.348738985503483,1.488918888210942,1.0,5.130843724671824,936.9320241360858,93.30322734807504,302.7106577576344,33.91794976874195
12,270.0,50.61381117599497,0.95,0.0126250213668741,3.798811050253337e-06,7.075464736006167e-06,0.0373405202797816,4.292683696591563e-06,1.269553860675361e-06,1.802184000079169e-05,299.3,82.09,0.9021049114600734,0.6165648821536723,57.78612866760917,36.26927619276658,892.6112779064636,110.78554376239558,0.9583470000747384,0.0075931841153888,3.0935574301845967e-06,5.905344386216429e-06,0.0340278919979358,3.599364137183732e-06,1.0438386666445086e-06,1.82817073167625e-05,0.7559675764720226,0.1295939404949415,2.019297277045764e-05,3.427581039986145e-05,0.1143451073192756,2.0409429016672167e-05,6.516476794992821e-06,1.1981024778311096e-05,3.9903160189448976,1.6695612994330666,1.0,1.029878907315823,1.5000682864293735,1.363184081287255,1.144405819318485,1.34238925549512,1.480223723188037,1.0,5.130843724671824,936.9320241360858,93.30322734807504,302.7106577576344,33.91794976874195
12,270.0,53.00455033986637,0.95,0.0126250213668741,3.798811050253337e-06,7.075464736006167e-06,0.0373405202797816,4.292683696591563e-06,1.269553860675361e-06,1.802184000079169e-05,299.3,82.09,0.9021049114600734,0.6456882731132461,57.78612866760917,36.26927619276658,889.8999175402855,112.44509546646724,0.9553186178623108,0.0092245086763665,3.370352282394308e-06,6.371688373317913e-06,0.0354239423955928,3.876568806878219e-06,1.1329445073336662e-06,1.8179511759791387e-05,0.734541225857845,0.1503807907639363,2.115580177288726e-05,3.5585652213388256e-05,0.1149816541543354,2.114962028443307e-05,6.803638949948085e-06,1.1634510662535449e-05,3.9096119929081423,1.6857836884230353,1.0,1.0281194184833604,1.492294734083844,1.3574658802410726,1.140986283046888,1.336831080976532,1.472620929621972,1.0,5.130843724671824,936.9320241360858,93.30322734807504,302.7106577576344,33.91794976874195
12,270.0,55.39528950373777,0.95,0.0126250213668741,3.798811050253337e-06,7.075464736006167e-06,0.0373405202797816,4.292683696591563e-06,1.269553860675361e-06,1.802184000079169e-05,299.3,82.09,0.9021049114600734,0.6748116640728197,57.78612866760917,36.26927619276658,887.527198860877,114.02618042776118,0.9525620948264962,0.0109064315283555,3.6026386994876097e-06,6.755946928469488e-06,0.0364977089021476,4.104109898053246e-06,1.207204240278727e-06,1.809484323430025e-05,0.7149359785135692,0.1703001528842885,2.1796998002021623e-05,3.639020359710024e-05,0.1146657737139377,2.1593727737965583e-05,6.989932496554236e-06,1.132402637087918e-05,3.836350941661813,1.7008709335045653,1.0,1.0265354731132332,1.4853128473613628,1.352345360481353,1.1379459371286784,1.33183874612608,1.465794521024127,1.0,5.130843724671824,936.9320241360858,93.30322734807504,302.7106577576344,33.91794976874195
12,270.0,57.786028667609166,0.95,0.0126250213668741,3.798811050253337e-06,7.075464736006167e-06,0.0373405202797816,4.292683696591563e-06,1.269553860675361e-06,1.802184000079169e-05,299.3,82.09,0.9021049114600734,0.7039350550323933,57.78612866760917,36.26927619276658,885.3965428375648,115.55359935118238,0.950000103885844,0.0126249488702756,3.7988034984599263e-06,7.075452523851854e-06,0.0373404889170251,4.292676500587966e-06,1.269551466873836e-06,1.8021842865473897e-05,0.6969065035448178,0.189245982224195,2.2196984708908105e-05,3.682751482007917e-05,0.1137485214690409,2.1824058910293235e-05,7.101489900911121e-06,1.1042713606097652e-05,3.768509377872274,1.7151748087012764,1.0,1.0250840441234936,1.4789047316853472,1.347651822604211,1.1351759085507436,1.3272507124765789,1.459534688726332,1.0,5.130843724671824,936.9320241360858,93.30322734807504,302.7106577576344,33.91794976874195
12,275.0,41.511517424923255,0.95,0.0126250213668741,3.798811050253337e-06,7.075464736006167e-06,0.0373405202797816,4.292683696591563e-06,1.269553860675361e-06,1.802184000079169e-05,299.3,82.09,0.9188105579685932,0.5056829994508862,60.97999362421386,41.51141742492325,892.3092748675498,113.92265056384323,0.9894294247910872,0.0006745907458453,5.178478543530803e-07,1.0478398984417118e-06,0.0098708616625779,6.699553121554335e-07,1.7675018621823598e-07,2.2710407238531e-05,0.9499983477219698,0.0126255221460275,3.798948538016223e-06,7.075717321788131e-06,0.0373416713874548,4.292835505920526e-06,1.269599654280319e-06,1.8021643527810385e-05,3.8484417329739498,1.683882295451916,1.0,1.0316813518216814,1.4702326718681558,1.35998388781136,1.122347678513088,1.3189238968251,1.4684478883407492,1.0,4.11187312512685,904.4335281070778,109.60126774294156,302.7106577576344,38.72523437118672
12,275.0,43.67467033595555,0.95,0.0126250213668741,3.798811050253337e-06,7.075464736006167e-06,0.0373405202797816,4.292683696591563e-06,1.269553860675361e-06,1.802184000079169e-05,299.3,82.09,0.9188105579685932,0.5320339911798702,60.97999362421386,41.51141742492325,884.0467976527526,117.05015412032724,0.9821646123981164,0.0013961856297724,9.739240973799063e-07,1.9478864448784705e-06,0.0164144421625319,1.235615397829258e-06,3.314600742763577e-07,2.0270923564791807e-05,0.9163575767889814,0.0243697686487255,6.753488110108646e-06,1.243863083863424e-05,0.0592280520632696,7.490209729828401e-06,2.250748590555276e-06,1.5669421754288308e-05,3.6711061748000064,1.7212326941412417,1.0,1.028107554948732,1.4524436163898369,1.3461244061478506,1.1147018826694162,1.3062339811085606,1.4505684021724985,1.0,4.11187312512685,904.4335281070778,109.60126774294156,302.7106577576344,38.72523437118672
12,275.0,45.83782324698783,0.95,0.0126250213668741,3.798811050253337e-06,7.075464736006167e-06,0.0373405202797816,4.292683696591563e-06,1.269553860675361e-06,1.802184000079169e-05,299.3,82.09,0.9188105579685932,0.5583849829088541,60.97999362421386,41.51141742492325,876.9633386328276,119.91000439710722,0.9758324289409286,0.0023154123773871,1.4514279951209942e-06,2.8677556737238107e-06,0.0218261415635226,1.8045707333162447e-06,4.924639746839409e-07,1.9400899784801907e-05,0.8865818506220388,0.0379349263865974,9.561594316902151e-06,1.7405314958802572e-05,0.0754280415571595,1.0400956361738927e-05,3.1772955826249192e-06,1.4636272984097716e-05,3.519153450453438,1.755227744509682,1.0,1.0251061665075205,1.43731662602531,1.3343299009368637,1.108280233490447,1.2954123193373577,1.4353629107391848,1.0,4.11187312512685,904.4335281070778,109.60126774294156,302.7106577576344,38.72523437118672
12,275.0,48.00097615802012,0.95,0.0126250213668741,3.798811050253337e-06,7.075464736006167e-06,0.0373405202797816,4.292683696591563e-06,1.269553860675361e-06,1.802184000079169e-05,299.3,82.09,0.9188105579685932,0.584735974637838,60.97999362421386,41.51141742492325,871.0674615338173,122.48187524226228,0.970432201675996,0.0034301401076606,1.919195890122809e-06,3.747137523977321e-06,0.026110059703609,2.3399842136782246e-06,6.4921559180484e-07,1.894297951457258e-05,0.8600944997799514,0.0530842147608347,1.2069468509123764e-05,2.1720725566854217e-05,0.0867566425270725,1.2884925813945051e-05,3.999158004802639e-06,1.3968654246648726e-05,3.3912790425227213,1.7854110021882768,1.0,1.02261839077335,1.4246943590741383,1.324498075188799,1.1029952649904855,1.286370756557795,1.4226748052240896,1.0,4.11187312512685,904.4335281070778,109.60126774294156,302.7106577576344,38.72523437118672
12,275.0,50.164129069052414,0.95,0.0126250213668741,3.798811050253337e-06,7.075464736006167e-06,0.0373405202797816,4.292683696591563e-06,1.269553860675361e-06,1.802184000079169e-05,299.3,82.09,0.9188105579685932,0.6110869663668219,60.97999362421386,41.51141742492325,866.2228591979643,124.78889761458495,0.9658521793393804,0.0047161340184061,2.351337427356756e-06,4.540945446193856e-06,0.0294025275347952,2.8162685130172825e-06,7.931787174742244e-07,1.8657377314237608e-05,0.836344653228187,0.0693293592957477,1.417676054421826e-05,2.524720394083953e-05,0.0942535351270401,1.4878135455356755e-05,4.685020020555033e-06,1.346522906423226e-05,3.2839149567707207,1.8119737767419977,1.0,1.0205535576585505,1.4142048195524166,1.3163443462768745,1.098659251115358,1.278848776372854,1.4121386789188015,1.0,4.11187312512685,904.4335281070778,109.60126774294156,302.7106577576344,38.72523437118672
12,275.0,52.32728198008471,0.95,0.0126250213668741,3.798811050253337e-06,7.075464736006167e-06,0.0373405202797816,4.292683696591563e-06,1.269553860675361e-06,1.802184000079169e-05,299.3,82.09,0.9188105579685932,0.6374379580958058,60.97999362421386,41.51141742492325,862.221034673672,126.87947600133002,0.961927124443925,0.006138812765171,2.734252447451512e-06,5.229785132585012e-06,0.0319034942090054,3.224220018850116e-06,9.200653148541018e-07,1.8460258984813022e-05,0.8148532800889549,0.0861205081709426,1.586136678178445e-05,2.7988933492185525e-05,0.0989476782323009,1.6399487987075675e-05,5.229622428441649e-06,1.3054097112236966e-05,3.192618853545706,1.835487437379547,1.0,1.0188150992872294,1.40538656528674,1.3095040017260648,1.095060086618305,1.2725175527136512,1.403280335900912,1.0,4.11187312512685,904.4335281070778,109.60126774294156,302.7106577576344,38.72523437118672
12,275.0,54.49043489111699,0.95,0.0126250213668741,3.798811050253337e-06,7.075464736006167e-06,0.0373405202797816,4.292683696591563e-06,1.269553860675361e-06,1.802184000079169e-05,299.3,82.09,0.9188105579685932,0.6637889498247898,60.97999362421386,41.51141742492325,858.8549833300597,128.80603713795233,0.958494919781156,0.0076646847515946,3.0654772261399496e-06,5.814857748231085e-06,0.0338086051613654,3.566822244879956e-06,1.0293150807984631e-06,1.831383358404687e-05,0.7952368454001545,0.1029940139217769,1.7158920258855363e-05,3.0041604401204343e-05,0.1016860749861966,1.751665884448007e-05,5.646300479689067e-06,1.2702207887522272e-05,3.113308417978808,1.8566603935475456,1.0,1.0173209536017973,1.3978096597981762,1.3036401863086842,1.0920030285872977,1.2670754752089548,1.3956706119128153,1.0,4.11187312512685,904.4335281070778,109.60126774294156,302.7106577576344,38.72523437118672
12,275.0,56.65358780214928,0.95,0.0126250213668741,3.798811050253337e-06,7.075464736006167e-06,0.0373405202797816,4.292683696591563e-06,1.269553860675361e-06,1.802184000079169e-05,299.3,82.09,0.9188105579685932,0.6901399415537737,60.97999362421386,41.51141742492325,855.9552781660163,130.61335477227837,0.955423693464586,0.0092667011406791,3.3489856497495957e-06,6.307839988911768e-06,0.0352767748600714,3.852707596282277e-06,1.122456575748866e-06,1.819854485274749e-05,0.777201446136566,0.1196209056818631,1.813022177720882e-05,3.1531943899844855e-05,0.1030913276210712,1.8310296300315808e-05,5.956064681853541e-06,1.2392033840471642e-05,3.0427773092171635,1.8760982741063816,1.0,1.0160094157597257,1.3911409365059195,1.298491181213267,1.089341529525732,1.2622867777769071,1.388977463395534,1.0,4.11187312512685,904.4335281070778,109.60126774294156,302.7106577576344,38.72523437118672
12,275.0,58.81674071318157,0.95,0.0126250213668741,3.798811050253337e-06,7.075464736006167e-06,0.0373405202797816,4.292683696591563e-06,1.269553860675361e-06,1.802184000079169e-05,299.3,82.09,0.9188105579685932,0.7164909332827576,60.97999362421386,41.51141742492325,853.3955337729109,132.33571116618475,0.9526154506719464,0.0109248658837629,3.5912058150358054e-06,6.723395293272174e-06,0.0364259719931005,4.0916839359741e-06,1.201767764067296e-06,1.810339838166151e-05,0.7605236079585882,0.1357928296167533,1.88387777220974e-05,3.258114468355509e-05,0.1035949947252943,1.8854116589012166e-05,6.180319394749927e-06,1.2113340974712851e-05,2.978689927757921,1.8942720781903013,1.0,1.0148353231313854,1.3851307827208583,1.2938671506030317,1.0869678043130238,1.2579700593149523,1.3829526961146077,1.0,4.11187312512685,904.4335281070778,109.60126774294156,302.7106577576344,38.72523437118672
12,275.0,60.97989362421386,0.95,0.0126250213668741,3.798811050253337e-06,7.075464736006167e-06,0.0373405202797816,4.292683696591563e-06,1.269553860675361e-06,1.802184000079169e-05,299.3,82.09,0.9188105579685932,0.7428419250117414,60.97999362421386,41.51141742492325,851.0851375794845,133.99812695589523,0.9500001172541552,0.0126249419854059,3.798802159439144e-06,7.075449739260785e-06,0.0373404824388886,4.292675163997445e-06,1.2695509614075215e-06,1.802184352590257e-05,0.7450308928963614,0.1513898147504125,1.934062480611345e-05,3.3290906721644424e-05,0.1034892551469282,1.9208301745802064e-05,6.337692707977084e-06,1.1859680316370183e-05,2.9194043209453544,1.9115384037756575,1.0,1.01376790500123,1.3796156326683129,1.289626122015722,1.084807322722997,1.2540100395497706,1.377422329724463,1.0,4.11187312512685,904.4335281070778,109.60126774294156,302.7106577576344,38.72523437118672
12,280.0,47.340796661642415,0.95,0.0126250213668741,3.798811050253337e-06,7.075464736006167e-06,0.0373405202797816,4.292683696591563e-06,1.269553860675361e-06,1.802184000079169e-05,299.3,82.09,0.9355162044771131,0.5766938319118335,64.63130975413613,47.34069666164241,852.6510450685423,135.2061734629618,0.9873823067217248,0.0009228901237836,6.436312674295445e-07,1.2549982581757776e-06,0.0116694609839509,8.254758575649992e-07,2.152233571720533e-07,2.240284180020789e-05,0.9499986248951344,0.0126254518287428,3.798927113264199e-06,7.0756788413537325e-06,0.0373414645874404,4.292811237527035e-06,1.2695926441302202e-06,1.8021678846025744e-05,2.8716400410712275,1.9097226362998407,1.0,1.016670485635964,1.361581879144616,1.2936647945185489,1.0708641204391802,1.2384872955657094,1.3727535844229697,1.0,3.1449654870637134,867.6798743518019,129.30886906724652,302.7106577576344,44.02808165538378
12,280.0,49.26195367191949,0.95,0.0126250213668741,3.798811050253337e-06,7.075464736006167e-06,0.0373405202797816,4.292683696591563e-06,1.269553860675361e-06,1.802184000079169e-05,299.3,82.09,0.9355162044771131,0.600096889656712,64.63130975413613,47.34069666164241,845.0365199506917,138.39712496635096,0.9809352546340088,0.001668157742442,1.0673925516947097e-06,2.069000844785288e-06,0.0173713654879384,1.3448974187544768e-06,3.5695101638155865e-07,2.03838937788553e-05,0.924888301684431,0.02151925731472,6.016040490283975e-06,1.1139462668187932e-05,0.0535504851461571,6.685549718985326e-06,2.0103593778422444e-06,1.610444243669746e-05,2.735708053071768,1.951427478360822,1.0,1.0143697744761988,1.348147808147334,1.282603796521842,1.065813280046088,1.2288703492032484,1.3588872763887652,1.0,3.1449654870637134,867.6798743518019,129.30886906724652,302.7106577576344,44.02808165538378
12,280.0,51.18311068219657,0.95,0.0126250213668741,3.798811050253337e-06,7.075464736006167e-06,0.0373405202797816,4.292683696591563e-06,1.269553860675361e-06,1.802184000079169e-05,299.3,82.09,0.9355162044771131,0.6234999474015905,64.63130975413613,47.34069666164241,838.3677586170242,141.35842080819808,0.9752074471765896,0.0025879720962144,1.5067719007223845e-06,2.902413005857852e-06,0.022178275037553,1.8643786741427128e-06,5.038812479580583e-07,1.952824481405212e-05,0.9022602421753348,0.0316339395686556,8.139647040376097e-06,1.4978703711038009e-05,0.0660559197754673,8.891590237345427e-06,2.7196421956040006e-06,1.5168897357803596e-05,2.6172080986568296,1.9901170860436963,1.0,1.0124310234889693,1.33647454249552,1.272991599355508,1.0615001038860044,1.2205067258288207,1.346839295446602,1.0,3.1449654870637134,867.6798743518019,129.30886906724652,302.7106577576344,44.02808165538378
12,280.0,53.10426769247365,0.95,0.0126250213668741,3.798811050253337e-06,7.075464736006167e-06,0.0373405202797816,4.292683696591563e-06,1.269553860675361e-06,1.802184000079169e-05,299.3,82.09,0.9355162044771131,0.646903005146469,64.63130975413613,47.34069666164241,832.6503414064742,144.0727909292377,0.9701951780537296,0.0036801358519132,1.9393859354268715e-06,3.712397488432902e-06,0.0260969807532497,2.3577810709498905e-06,6.485082751728784e-07,1.904726833752814e-05,0.8818043760216951,0.042830352930891,1.0077768116596433e-05,1.843196126300285e-05,0.0753080089395297,1.082651526479238e-05,3.3667174068265205e-06,1.4559145832771564e-05,2.515216029256631,2.02536078282074,1.0,1.010814359261776,1.3264740418013607,1.264765561296301,1.057868371518149,1.2133371325319977,1.3365181862250015,1.0,3.1449654870637134,867.6798743518019,129.30886906724652,302.7106577576344,44.02808165538378
12,280.0,55.025424702750726,0.95,0.0126250213668741,3.798811050253337e-06,7.075464736006167e-06,0.0373405202797816,4.292683696591563e-06,1.269553860675361e-06,1.802184000079169e-05,299.3,82.09,0.9355162044771131,0.6703060628913476,64.63130975413613,47.34069666164241,827.7966984433381,146.5537512185414,0.9658272578479274,0.0049271566448365,2.3460585547461425e-06,4.464249463002855e-06,0.0292164483873881,2.805993192057796e-06,7.844159771627149e-07,1.8736402660899627e-05,0.8632066072502855,0.054838511699406,1.1765403818386865e-05,2.139482661924649e-05,0.081891242158351,1.2445385453084844e-05,3.929949190431868e-06,1.4103326876223489e-05,2.4276072476516424,2.0571954899651583,1.0,1.0094659744377086,1.3179357818054027,1.2577538864183024,1.0548196564360397,1.2072168816186268,1.3277136095564936,1.0,3.1449654870637134,867.6798743518019,129.30886906724652,302.7106577576344,44.02808165538378
12,280.0,56.94658171302781,0.95,0.0126250213668741,3.798811050253337e-06,7.075464736006167e-06,0.0373405202797816,4.292683696591563e-06,1.269553860675361e-06,1.802184000079169e-05,299.3,82.09,0.9355162044771131,0.6937091206362263,64.63130975413613,47.34069666164241,823.6656285579726,148.83516248730396,0.9619951914162124,0.0063032482403297,2.715161501588329e-06,5.138672845944458e-06,0.0316710813868173,3.200256407188652e-06,9.077257137857968e-07,1.851714017213803e-05,0.8461780318684964,0.0673418579145259,1.31781218926928e-05,2.383897762297574e-05,0.0864112089953693,1.3747968509561049e-05,4.401284654456344e-06,1.3734868928738112e-05,2.351717722201829,2.0860406804483382,1.0,1.008331061917162,1.3105924150289168,1.2517355770569003,1.0522383773457051,1.2019532983367485,1.3201430198702355,1.0,3.1449654870637134,867.6798743518019,129.30886906724652,302.7106577576344,44.02808165538378
12,280.0,58.86773872330489,0.95,0.0126250213668741,3.798811050253337e-06,7.075464736006167e-06,0.0373405202797816,4.292683696591563e-06,1.269553860675361e-06,1.802184000079169e-05,299.3,82.09,0.9355162044771131,0.7171121783811047,64.63130975413613,47.34069666164241,820.1064995179535,150.9574791702513,0.9585855133094804,0.0077817812217124,3.042666942025313e-06,5.730788038272301e-06,0.033601022209294,3.540452736080312e-06,1.017105740535873e-06,1.8352246055975965e-05,0.8304747236013871,0.0800513471028159,1.432565205268196e-05,2.579570290580027e-05,0.0894008368101325,1.4765046877418144e-05,4.784070727437742e-06,1.3422013100975816e-05,2.2849768167999693,2.112460149162954,1.0,1.007362086378221,1.304182662702617,1.246496347631816,1.050018527295758,1.1973587765501927,1.3135396729440991,1.0,3.1449654870637134,867.6798743518019,129.30886906724652,302.7106577576344,44.02808165538378
12,280.0,60.78889573358197,0.95,0.0126250213668741,3.798811050253337e-06,7.075464736006167e-06,0.0373405202797816,4.292683696591563e-06,1.269553860675361e-06,1.802184000079169e-05,299.3,82.09,0.9355162044771131,0.7405152361259832,64.63130975413613,47.34069666164241,816.9863434082988,152.95839991083815,0.9554990942631616,0.0093396569318942,3.329750282628092e-06,6.244984022782173e-06,0.0351285079583937,3.8314264326743335e-06,1.112963310641468e-06,1.822172250183357e-05,0.815901691857813,0.0927403624172444,1.5237104766327815e-05,2.732717406459468e-05,0.0912816050643956,1.5540684867248847e-05,5.088096847157532e-06,1.3147600001578626e-05,2.2252186990862617,2.13699603244085,1.0,1.0065214232675137,1.298483968038965,1.2418478484783404,1.0480720131102828,1.193275356909503,1.3076721741777777,1.0,3.1449654870637134,867.6798743518019,129.30886906724652,302.7106577576344,44.02808165538378
12,280.0,62.710052743859045,0.95,0.0126250213668741,3.798811050253337e-06,7.075464736006167e-06,0.0373405202797816,4.292683696591563e-06,1.269553860675361e-06,1.802184000079169e-05,299.3,82.09,0.9355162044771131,0.7639182938708617,64.63130975413613,47.34069666164241,814.1988397376151,154.86908186157038,0.9526571807309808,0.0109586258465087,3.58022795031587e-06,6.689945431718161e-06,0.0363505328045503,4.0798991524492485e-06,1.1965852609288978e-06,1.8113960164788048e-05,0.802306669582218,0.1052478156414636,1.594825411462903e-05,2.850367597010812e-05,0.0923667161211277,1.611982726247467e-05,5.325347050361559e-06,1.2901550793278244e-05,2.170779437178166,2.160104560386169,1.0,1.0057812881558554,1.293322508279937,1.2376488503054186,1.046331774234333,1.189580770512496,1.302361038586039,1.0,3.1449654870637134,867.6798743518019,129.30886906724652,302.7106577576344,44.02808165538378
12,280.0,64.63120975413612,0.95,0.0126250213668741,3.798811050253337e-06,7.075464736006167e-06,0.0373405202797816,4.292683696591563e-06,1.269553860675361e-06,1.802184000079169e-05,299.3,82.09,0.9355162044771131,0.7873213516157402,64.63130975413613,47.34069666164241,811.6631185738444,156.71377369633612,0.9500001342757844,0.0126249336165342,3.7988004246162527e-06,7.075446058284864e-06,0.037340473792967,4.292673443899735e-06,1.2695503136013237e-06,1.802184447384446e-05,0.7895707452631742,0.1174668711820488,1.649404903062728e-05,2.939112590314711e-05,0.0928817709852815,1.6542336273252515e-05,5.507506717605982e-06,1.267755157081504e-05,2.120415973893562,2.182161632270727,1.0,1.0051215573593937,1.2885735913764549,1.2337913930726545,1.0447496231188245,1.1861818715714012,1.297478276399328,1.0,3.1449654870637134,867.6798743518019,129.30886906724652,302.7106577576344,44.02808165538378
12,285.0,53.83259784924574,0.95,0.0126250213668741,3.798811050253337e-06,7.075464736006167e-06,0.0373405202797816,4.292683696591563e-06,1.269553860675361e-06,1.802184000079169e-05,299.3,82.09,0.9522218509856332,0.6557753422980355,68.7218064382226,53.83249784924573,805.7443540382097,162.21179656369227,0.9847618645037944,0.0013029723703737,8.156404562318404e-07,1.5383227750772664e-06,0.0139095048433115,1.0361363592905338e-06,2.6867775242672725e-07,2.1999505177082567e-05,0.9499988708826976,0.0126253891239435,3.798907948091864e-06,7.075644590650988e-06,0.037341281354175,4.292789474115207e-06,1.269586370626926e-06,1.80217108002831e-05,1.9618243152931325,2.238545709880916,1.000000000153079,1.0054432378673304,1.2623363355587496,1.228992518358192,1.0315679814054464,1.164767140839896,1.2805037852116068,1.000000000362607,2.2410524707626744,824.9746819221486,153.77005765610247,302.7106577576344,49.86436423924916
12,285.0,55.48694324802094,0.95,0.0126250213668741,3.798811050253337e-06,7.075464736006167e-06,0.0373405202797816,4.292683696591563e-06,1.269553860675361e-06,1.802184000079169e-05,299.3,82.09,0.9522218509856332,0.675928167231343,68.7218064382226,53.83249784924573,798.7726490577965,165.50348612051155,0.9791972466088312,0.002071304399709,1.2022276355336256e-06,2.2646414348855205e-06,0.0187056542808352,1.5031346815407649e-06,3.96836534442339e-07,2.0427870338125696e-05,0.9320813905471174,0.019101931164036,5.39235734396865e-06,1.002790970571557e-05,0.0487769029810505,6.0046546923514855e-06,1.8051482316460664e-06,1.6545237822371373e-05,1.8637006894505428,2.2880767985594903,1.000000000008734,1.004289751746817,1.2524714783387427,1.2203443073266749,1.0286372232264946,1.157762750197629,1.2700476127874385,1.0000000000137863,2.2410524707626744,824.9746819221486,153.77005765610247,302.7106577576344,49.86436423924916
12,285.0,57.14128864679615,0.95,0.0126250213668741,3.798811050253337e-06,7.075464736006167e-06,0.0373405202797816,4.292683696591563e-06,1.269553860675361e-06,1.802184000079169e-05,299.3,82.09,0.9522218509856332,0.6960809921646504,68.7218064382226,53.83249784924573,792.5212839173857,168.60674584266874,0.974150382674851,0.002987948083628,1.5989392789552702e-06,3.007565608745241e-06,0.0228349328129222,1.9672706428578167e-06,5.288490312970458e-07,1.963380403697036e-05,0.915683059742744,0.0263190018130036,6.924760198374889e-06,1.2855822472040211e-05,0.0579525074767789,7.597023090001069e-06,2.322072312256939e-06,1.573128940078013e-05,1.7766419384148564,2.335051297847474,1.000000000016021,1.003345657524141,1.243702561144318,1.2126644238025643,1.0261073748111902,1.151541010491626,1.2607615136920702,1.0000000000203604,2.2410524707626744,824.9746819221486,153.77005765610247,302.7106577576344,49.86436423924916
12,285.0,58.79563404557136,0.95,0.0126250213668741,3.798811050253337e-06,7.075464736006167e-06,0.0373405202797816,4.292683696591563e-06,1.269553860675361e-06,1.802184000079169e-05,299.3,82.09,0.9522218509856332,0.7162338170979577,68.7218064382226,53.83249784924573,786.9928102102666,171.5077900294611,0.9696153074067664,0.0040505549998388,1.990970841309793e-06,3.739093586692839e-06,0.0263061868867405,2.4115963736337884e-06,6.597805978364648e-07,1.914926525487005e-05,0.900646541928339,0.0341989665290266,8.347460944038857e-06,1.5470003257096818e-05,0.0651036595041165,9.025628350352375e-06,2.8037851901501294e-06,1.518516077613198e-05,1.7000212302006463,2.3790426958968656,1.000000000011756,1.0025832223471138,1.2359852691261812,1.2059129393559136,1.023942980586252,1.1460696296341046,1.2525896603907392,1.0000000000158904,2.2410524707626744,824.9746819221486,153.77005765610247,302.7106577576344,49.86436423924916
12,285.0,60.44997944434657,0.95,0.0126250213668741,3.798811050253337e-06,7.075464736006167e-06,0.0373405202797816,4.292683696591563e-06,1.269553860675361e-06,1.802184000079169e-05,299.3,82.09,0.9522218509856332,0.7363866420312652,68.7218064382226,53.83249784924573,782.1360534083403,174.21287210026114,0.965550308611334,0.0052473497803988,2.365365975938374e-06,4.435130106119341e-06,0.0291731122142366,2.8232106267960138e-06,7.852542570816838e-07,1.8820433064741138e-05,0.886805653823355,0.0426068785676698,9.624137512613251e-06,1.7805426744711267e-05,0.0705317594738245,1.0264423048583227e-05,3.2376817974035314e-06,1.4776466047203e-05,1.6326568006595827,2.419981700355328,1.0000000000000884,1.001972436873021,1.22921142205644,1.1999957583658862,1.0220945219144786,1.1412715262463935,1.2454243790759023,1.0000000000036395,2.2410524707626744,824.9746819221486,153.77005765610247,302.7106577576344,49.86436423924916
12,285.0,62.10432484312177,0.95,0.0126250213668741,3.798811050253337e-06,7.075464736006167e-06,0.0373405202797816,4.292683696591563e-06,1.269553860675361e-06,1.802184000079169e-05,299.3,82.09,0.9522218509856332,0.7565394669645726,68.7218064382226,53.83249784924573,777.8648667869816,176.74295133453322,0.9618915351145386,0.0065608002529786,2.713271011255126e-06,5.079578430207057e-06,0.0315171936386244,3.195005794118258e-06,9.022251565078092e-07,1.8580913466218016e-05,0.8740000213018004,0.0513820591284457,1.0736604955351486e-05,1.983137179625671e-05,0.0745579776070117,1.1308051889337486e-05,3.6171879905901606e-06,1.4448746110568767e-05,1.5731303173143063,2.4580995392162808,1.0000000000001472,1.0014844525673212,1.223241707600799,1.1947886697094492,1.0205072350478266,1.137049953057598,1.2391074882036217,1.0000000000000948,2.2410524707626744,824.9746819221486,153.77005765610247,302.7106577576344,49.86436423924916
12,285.0,63.75867024189698,0.95,0.0126250213668741,3.798811050253337e-06,7.075464736006167e-06,0.0373405202797816,4.292683696591563e-06,1.269553860675361e-06,1.802184000079169e-05,299.3,82.09,0.9522218509856332,0.7766922918978801,68.7218064382226,53.83249784924573,774.0807304993544,179.12605703821822,0.9585684283223328,0.0079717549645727,3.030327522642848e-06,5.664878179385804e-06,0.0334281902532481,3.52517809583831e-06,1.009139396323012e-06,1.8396936652076383e-05,0.8620868101450974,0.0603681403242584,1.168355206945495e-05,2.15482664090646e-05,0.0774815355814104,1.216739105895084e-05,3.941440160511718e-06,1.4173299535980856e-05,1.519982052524474,2.4902253529282765,1.0,1.0010865667847677,1.2174162223718958,1.1897121670940038,1.0190197913760233,1.132931738094878,1.232938079670955,1.0,2.2410524707626744,824.9746819221486,153.77005765610247,302.7106577576344,49.86436423924916
12,285.0,65.41301564067219,0.95,0.0126250213668741,3.798811050253337e-06,7.075464736006167e-06,0.0373405202797816,4.292683696591563e-06,1.269553860675361e-06,1.802184000079169e-05,299.3,82.09,0.9522218509856332,0.7968451168311875,68.7218064382226,53.83249784924573,770.6894932000995,181.3910045274508,0.9555147686458662,0.0094623723256581,3.315752350320801e-06,6.1901276821956965e-06,0.0349901825089943,3.81556277938459e-06,1.1056468775259875e-06,1.824942979183409e-05,0.8509458995475778,0.069431276704382,1.2475320992950753e-05,2.297753988980797e-05,0.0795563607972604,1.286254152669246e-05,4.2135864785987965e-06,1.39339618917511e-05,1.4719989877854895,2.5275218928824272,1.0000000000000393,1.0007848639553871,1.2131402009717311,1.186006288545825,1.0179176313693252,1.1299169177969548,1.228432262246963,1.000000000000048,2.2410524707626744,824.9746819221486,153.77005765610247,302.7106577576344,49.86436423924916
12,285.0,67.06736103944739,0.95,0.0126250213668741,3.798811050253337e-06,7.075464736006167e-06,0.0373405202797816,4.292683696591563e-06,1.269553860675361e-06,1.802184000079169e-05,299.3,82.09,0.9522218509856332,0.8169979417644949,68.7218064382226,53.83249784924573,767.6097677481349,183.5638136146569,0.9526739599908818,0.0110174963505004,3.571029611625625e-06,6.658559154509992e-06,0.0362749251339399,4.06991602071201e-06,1.1921733211405798e-06,1.8126846569707696e-05,0.8404795890023962,0.0784662460233816,1.3128313683501188e-05,2.415113931167412e-05,0.0809853088060079,1.34168319645179e-05,4.43891635000354e-06,1.3720966904580411e-05,1.4280576344829043,2.5597078920632783,1.0000000000001272,1.0005396676257745,1.208770342433941,1.1822168673674505,1.0168361128317476,1.1268367543123972,1.223823693614356,1.0000000000000946,2.2410524707626744,824.9746819221486,153.77005765610247,302.7106577576344,49.86436423924916
12,285.0,68.7217064382226,0.95,0.0126250213668741,3.798811050253337e-06,7.075464736006167e-06,0.0373405202797816,4.292683696591563e-06,1.269553860675361e-06,1.802184000079169e-05,299.3,82.09,0.9522218509856332,0.8371507666978023,68.7218064382226,53.83249784924573,764.7751082317458,185.6663787213268,0.9500001572270782,0.0126249229012175,3.7987980627971168e-06,7.075440994051515e-06,0.0373404615661783,4.292671106412886e-06,1.2695494438799526e-06,1.8021845918671406e-05,0.8306094974033371,0.0873949932427825,1.3660845898583795e-05,2.5103936221206192e-05,0.0819247399818838,1.385304553785824e-05,4.623450843533506e-06,1.3528093495473094e-05,1.387301098811492,2.58566874796622,1.0,1.0003423113055323,1.2040801065835576,1.178145412392399,1.015725468022345,1.123533608532114,1.2188529684435343,1.0,2.2410524707626744,824.9746819221486,153.77005765610247,302.7106577576344,49.86436423924916
12,290.0,61.10433843993055,0.95,0.0126250213668741,3.798811050253337e-06,7.075464736006167e-06,0.0373405202797816,4.292683696591563e-06,1.269553860675361e-06,1.802184000079169e-05,299.3,82.09,0.968927497494153,0.744357880861622,73.1915613079784,61.10423843993055,747.1239350087062,198.5743528197062,0.9811568281821288,0.0019447102756349,1.07161037441522e-06,1.9672494781452874e-06,0.0168722775528443,1.343860257516441e-06,3.49829087143498e-07,2.1451440194829896e-05,0.9499990990843772,0.012625330193532,3.798889908655787e-06,7.075612442663097e-06,0.0373411121294891,4.292768963329569e-06,1.2695804549876084e-06,1.8021740832147912e-05,1.1391627164924252,2.7837600509116784,1.0000000004861578,1.00005041481178,1.1699187661300805,1.1628731799195955,1.0061499835182917,1.0972388487434384,1.1898129914258055,1.0000000006188985,1.4167983026644004,773.2637021553837,185.44864903964933,302.7106577576344,56.27641671412855
12,290.0,62.44735209193587,0.95,0.0126250213668741,3.798811050253337e-06,7.075464736006167e-06,0.0373405202797816,4.292683696591563e-06,1.269553860675361e-06,1.802184000079169e-05,299.3,82.09,0.968927497494153,0.7607181397482746,73.1915613079784,61.10423843993055,740.8075992025566,202.01709045562023,0.9765918627341464,0.0027283109248015,1.4112922739460028e-06,2.596519530105349e-06,0.0206532627711495,1.7457962559293003e-06,4.62148052828952e-07,2.0347813789714096e-05,0.9382648911005224,0.0169924842988778,4.852433849062995e-06,9.05204344624993e-06,0.044704682243733,5.416636605407688e-06,1.6258656834263624e-06,1.699537728235698e-05,1.0759722227428656,2.8488330561720945,1.0000000000575848,1.000000000000485,1.163046758577046,1.1563980300208874,1.0050364789424375,1.092511855834728,1.1823252523041976,1.0000000000674747,1.4167983026644004,773.2637021553837,185.44864903964933,302.7106577576344,56.27641671412855
12,290.0,63.79036574394119,0.95,0.0126250213668741,3.798811050253337e-06,7.075464736006167e-06,0.0373405202797816,4.292683696591563e-06,1.269553860675361e-06,1.802184000079169e-05,299.3,82.09,0.968927497494153,0.7770783986349273,73.1915613079784,61.10423843993055,734.9828229469547,205.32225927802745,0.9723519832717048,0.003628685098995,1.7562020528462467e-06,3.237765851486093e-06,0.0239919396354869,2.1429893997683248e-06,5.768595658324406e-07,1.9678176943450015e-05,0.927371390783944,0.0217326954066883,5.8666991755114e-06,1.096065860408818e-05,0.0508543016439225,6.468982398388482e-06,1.970820871913441e-06,1.6345004395202342e-05,1.018838871883147,2.912226314772846,1.000000000003336,1.0000000000005835,1.156777240062843,1.150504143090144,1.0041008125929085,1.088207879395756,1.175506848312163,1.000000000002904,1.4167983026644004,773.2637021553837,185.44864903964933,302.7106577576344,56.27641671412855
12,290.0,65.1333793959465,0.95,0.0126250213668741,3.798811050253337e-06,7.075464736006167e-06,0.0373405202797816,4.292683696591563e-06,1.269553860675361e-06,1.802184000079169e-05,299.3,82.09,0.968927497494153,0.79343865752158,73.1915613079784,61.10423843993055,729.6503836079594,208.47992131631983,0.9684309805365062,0.0046436880933359,2.09800980804313e-06,3.8753471821201815e-06,0.0268969154996231,2.52620987628017e-06,6.911877298846536e-07,1.922511593844987e-05,0.9172482476964728,0.026807807242485,6.821125619576805e-06,1.27620562474804e-05,0.0558987492485655,7.4316980804932e-06,2.297307333632877e-06,1.5883625195295213e-05,0.967389366313594,2.973533724149803,1.000000000003084,1.0000000000004132,1.1511012250836807,1.1451673765036088,1.0033218097677563,1.0843219014645582,1.1693349740558254,1.000000000002606,1.4167983026644004,773.2637021553837,185.44864903964933,302.7106577576344,56.27641671412855
12,290.0,66.47639304795182,0.95,0.0126250213668741,3.798811050253337e-06,7.075464736006167e-06,0.0373405202797816,4.292683696591563e-06,1.269553860675361e-06,1.802184000079169e-05,299.3,82.09,0.968927497494153,0.8097989164082326,73.1915613079784,61.10423843993055,724.7857587991564,211.49109493637735,0.96480798451779,0.0057665044353566,2.4293124432588644e-06,4.495206758274106e-06,0.029395999624993,2.888173371291462e-06,8.026115478933116e-07,1.889611773959344e-05,0.9078198026366036,0.0321613463437169,7.699795783356275e-06,1.4425269202539988e-05,0.0599703014477707,8.293398489946036e-06,2.599628111280205e-06,1.5531480321607928e-05,0.9210773761199188,3.0325742763320025,1.000000000002823,1.0000000000004814,1.1459647403600095,1.140343162196458,1.002676690505766,1.0808170027699011,1.163750143200447,1.0000000000025553,1.4167983026644004,773.2637021553837,185.44864903964933,302.7106577576344,56.27641671412855
12,290.0,67.81940669995713,0.95,0.0126250213668741,3.798811050253337e-06,7.075464736006167e-06,0.0373405202797816,4.292683696591563e-06,1.269553860675361e-06,1.802184000079169e-05,299.3,82.09,0.968927497494153,0.8261591752948851,73.1915613079784,61.10423843993055,720.3459752916792,214.36571320320837,0.9614520907678604,0.0069871536270279,2.744494155807222e-06,5.08653361660857e-06,0.0315301464934646,3.2241913729092683e-06,9.091677022149736e-07,1.864472479965263e-05,0.8990105209994567,0.0377271572611775,8.493069089156622e-06,1.5931014661498012e-05,0.0632107249584048,9.050056651889891e-06,2.874143173787816e-06,1.5248497384575975e-05,0.8792628194391229,3.089408912273496,1.0000000000026232,1.0000000000006553,1.1413252300923185,1.1359732629958763,1.0021435082777366,1.0776643869212197,1.1586854633182215,1.0000000000023068,1.4167983026644004,773.2637021553837,185.44864903964933,302.7106577576344,56.27641671412855
12,290.0,69.16242035196245,0.95,0.0126250213668741,3.798811050253337e-06,7.075464736006167e-06,0.0373405202797816,4.292683696591563e-06,1.269553860675361e-06,1.802184000079169e-05,299.3,82.09,0.968927497494153,0.842519434181538,73.1915613079784,61.10423843993055,716.2782768417284,217.11937203224187,0.958327712366645,0.0082942208204432,3.040012803223814e-06,5.642359246074872e-06,0.0333463979065905,3.532122012452169e-06,1.0095669336915171e-06,1.8444845325608586e-05,0.8907496630299983,0.0434379722024067,9.197538797962267e-06,1.727178029705814e-05,0.0657580599463598,9.70395801632233e-06,3.1193191207348555e-06,1.501222500305335e-05,0.8413002535766725,3.144243642111991,1.0000000000020663,1.0000000000005045,1.1370581098222856,1.131994709052998,1.001702669373392,1.0747679211692511,1.154065192454387,1.0000000000018252,1.4167983026644004,773.2637021553837,185.44864903964933,302.7106577576344,56.27641671412855
12,290.0,70.50543400396776,0.95,0.0126250213668741,3.798811050253337e-06,7.075464736006167e-06,0.0373405202797816,4.292683696591563e-06,1.269553860675361e-06,1.802184000079169e-05,299.3,82.09,0.968927497494153,0.8588796930681906,73.1915613079784,61.10423843993055,712.5276779600991,219.77021054621844,0.9553990311979936,0.009676298476636,3.314211612695215e-06,6.159254980201887e-06,0.0348920012150842,3.811862855530768e-06,1.1031493509109625e-06,1.8280631486681456e-05,0.882974257407585,0.0492316521066448,9.814823177442014e-06,1.844966077251318e-05,0.0677374197501922,1.0261786808643495e-05,3.335366305291416e-06,1.4809098513985372e-05,0.806574301041106,3.197376958357637,1.0000000000017648,1.0000000000004492,1.1331605320088205,1.1283465427272832,1.001337653466457,1.072132392289123,1.1498341475093627,1.000000000001572,1.4167983026644004,773.2637021553837,185.44864903964933,302.7106577576344,56.27641671412855
12,290.0,71.84844765597309,0.95,0.0126250213668741,3.798811050253337e-06,7.075464736006167e-06,0.0373405202797816,4.292683696591563e-06,1.269553860675361e-06,1.802184000079169e-05,299.3,82.09,0.968927497494153,0.8752399519548433,73.1915613079784,61.10423843993055,709.0421476518621,222.33651307337485,0.9526328919555972,0.0111229012291422,3.5668833314106546e-06,6.636546122856024e-06,0.0362106070405156,4.064690864233548e-06,1.189750578716532e-06,1.814190384774832e-05,0.8756301557175511,0.0550545789106852,1.0349945174251974e-05,1.947335628003704e-05,0.0692565552231252,1.0732671256253684e-05,3.523713071382676e-06,1.4630462856304308e-05,0.774557213366681,3.249153781502298,1.0000000000017906,1.0000000000004163,1.1295893278693352,1.124974636932727,1.001035139951038,1.0697275275980251,1.1459223099867983,1.0000000000015712,1.4167983026644004,773.2637021553837,185.44864903964933,302.7106577576344,56.27641671412855
12,290.0,73.1914613079784,0.95,0.0126250213668741,3.798811050253337e-06,7.075464736006167e-06,0.0373405202797816,4.292683696591563e-06,1.269553860675361e-06,1.802184000079169e-05,299.3,82.09,0.968927497494153,0.8916002108414959,73.1915613079784,61.10423843993055,705.7752927106106,224.83531630150853,0.950000191186104,0.0126249079699297,3.798794568768493e-06,7.07543351769972e-06,0.0373404425517204,4.292667631361946e-06,1.2695481789226738e-06,1.802184834912413e-05,0.8686718330236962,0.0608626570369473,1.0809827665078888e-05,2.035534013867528e-05,0.070405061076655,1.112663056675335e-05,3.686500080517092e-06,1.4470564250464046e-05,0.7447936477108423,3.2999177380922164,1.0000000000014304,1.0000000000006564,1.1262234668494198,1.1218303590511678,1.000784686700272,1.0674659047094923,1.1422643663690943,1.000000000001494,1.4167983026644004,773.2637021553837,185.44864903964933,302.7106577576344,56.27641671412855
12,295.0,72.38787696273523,0.95,0.0126250213668741,3.798811050253337e-06,7.075464736006167e-06,0.0373405202797816,4.292683696591563e-06,1.269553860675361e-06,1.802184000079169e-05,299.3,82.09,0.9856331440026728,0.8818111458488882,77.83754965179875,72.38777696273523,648.1901944434284,265.6059040111164,0.9653135730151472,0.0059526395654728,2.3821576146725624e-06,4.357124573263474e-06,0.0287042941859161,2.8298807403661124e-06,7.841664842741275e-07,1.9139904051168397e-05,0.931531500931891,0.020672057611084,5.5073256228470446e-06,1.0353841553275271e-05,0.0477559950621049,6.056855585618009e-06,1.854941496850864e-06,1.6673430661440023e-05,0.3531303985154007,4.345734630724598,1.0000000000081937,1.0000000000006608,1.069699816183194,1.077828417455562,1.000000000013047,1.0293316078247692,1.0844559402169196,1.0000000000102442,0.7007191954812403,705.9625820508377,229.82343987692175,302.7106577576344,63.31231171729296
12,295.0,72.99338503929785,0.95,0.0126250213668741,3.798811050253337e-06,7.075464736006167e-06,0.0373405202797816,4.292683696591563e-06,1.269553860675361e-06,1.802184000079169e-05,299.3,82.09,0.9856331440026728,0.889187294911656,77.83754965179875,72.38777696273523,645.0401144218813,267.8470316675496,0.9634395050199084,0.0065879086559879,2.553410237782458e-06,4.68103277503886e-06,0.0299425392313234,3.014408169445318e-06,8.421148354032156e-07,1.895612676231201e-05,0.9281826508619692,0.0224255159240719,5.820562915535137e-06,1.096252441583049e-05,0.0493502137328998,6.367803533894885e-06,1.9634474553998317e-06,1.650514273843466e-05,0.3377144834011594,4.418876733952789,1.000000000006283,1.0000000000007787,1.067660006417922,1.0754583104249849,1.00000000000983,1.0280999337188852,1.0819899087993077,1.0000000000078595,0.7007191954812403,705.9625820508377,229.82343987692175,302.7106577576344,63.31231171729296
12,295.0,73.59889311586046,0.95,0.0126250213668741,3.798811050253337e-06,7.075464736006167e-06,0.0373405202797816,4.292683696591563e-06,1.269553860675361e-06,1.802184000079169e-05,299.3,82.09,0.9856331440026728,0.8965634439744239,77.83754965179875,72.38777696273523,641.9804655251944,270.06212419842655,0.9616157769427738,0.0072522043035349,2.722120735331821e-06,5.001419552374042e-06,0.0311014076172395,3.194028034135827e-06,8.994001502686427e-07,1.8794167979718524e-05,0.9249559927221448,0.0242089963605191,6.12019172205296e-06,1.15471761789327e-05,0.050792257834476,6.661422399301881e-06,2.0676177579954605e-06,1.635667480173304e-05,0.3228453230193664,4.25203757793415,1.0,1.0,1.061155105656465,1.068175443879546,1.0,1.0242514975902643,1.0747038005658562,1.0,0.7007191954812403,705.9625820508377,229.82343987692175,302.7106577576344,63.31231171729296
12,295.0,74.20440119242308,0.95,0.0126250213668741,3.798811050253337e-06,7.075464736006167e-06,0.0373405202797816,4.292683696591563e-06,1.269553860675361e-06,1.802184000079169e-05,299.3,82.09,0.9856331440026728,0.9039395930371918,77.83754965179875,72.38777696273523,639.0069477920522,272.2523033035933,0.9598394930465176,0.0079445183314383,2.887758850531575e-06,5.317202947442176e-06,0.0321848095073372,3.368329602799896e-06,9.55831865583864e-07,1.8649991440544555e-05,0.921845438573928,0.0260177347508964,6.405680631659519e-06,1.2106525715998451e-05,0.0520929851630431,6.937615096010495e-06,2.167232749186745e-06,1.6224457939359504e-05,0.3089072986942034,4.303816641821026,1.0,1.0,1.0589292688316612,1.065719985452242,1.0,1.022951646177816,1.072174174923137,1.0,0.7007191954812403,705.9625820508377,229.82343987692175,302.7106577576344,63.31231171729296
12,295.0,74.80990926898569,0.95,0.0126250213668741,3.798811050253337e-06,7.075464736006167e-06,0.0373405202797816,4.292683696591563e-06,1.269553860675361e-06,1.802184000079169e-05,299.3,82.09,0.9856331440026728,0.9113157420999596,77.83754965179875,72.38777696273523,636.1146472116035,274.41912033974126,0.9581075547002922,0.0086637654103291,3.049888208940147e-06,5.627468540865207e-06,0.0331969337922161,3.5370169240936346e-06,1.01124950561829e-06,1.8520473982822645e-05,0.9188450690264892,0.0278469545460751,6.676699672424053e-06,1.263968516709327e-05,0.0532630956770487,7.196487248518237e-06,2.262140978424946e-06,1.6105737320576528e-05,0.2956412344015613,4.354800036696323,1.0,1.0,1.0567777817266586,1.063335427734766,1.0,1.021706049442649,1.0697262552799738,1.0,0.7007191954812403,705.9625820508377,229.82343987692175,302.7106577576344,63.31231171729296
12,295.0,75.41541734554829,0.95,0.0126250213668741,3.798811050253337e-06,7.075464736006167e-06,0.0373405202797816,4.292683696591563e-06,1.269553860675361e-06,1.802184000079169e-05,299.3,82.09,0.9856331440026728,0.9186918911627272,77.83754965179875,72.38777696273523,633.2981921574282,276.56451155616355,0.9564167423985852,0.0094088223747614,3.208165523151783e-06,5.931471852982669e-06,0.034142127007068,3.699900813951153e-06,1.0655230137818192e-06,1.840315838150061e-05,0.915949221038886,0.0296919494392137,6.933102414690867e-06,1.3146122769825563e-05,0.0543129613713699,7.438317049922233e-06,2.3522542150409514e-06,1.5998354080865704e-05,0.283006900116841,4.404998794212624,1.0,1.0,1.0546974955839157,1.061015279813868,1.0,1.020512571373977,1.067357258224378,1.0,0.7007191954812403,705.9625820508377,229.82343987692175,302.7106577576344,63.31231171729296
12,295.0,76.0209254221109,0.95,0.0126250213668741,3.798811050253337e-06,7.075464736006167e-06,0.0373405202797816,4.292683696591563e-06,1.269553860675361e-06,1.802184000079169e-05,299.3,82.09,0.9856331440026728,0.9260680402254952,77.83754965179875,72.38777696273523,630.5519829228815,278.6906017687406,0.954763804549265,0.0101785536714053,3.362334520805409e-06,6.228630232764594e-06,0.035024779292905,3.856886271831664e-06,1.1185512308157527e-06,1.8296084168487263e-05,0.9131524808735234,0.0315481875607938,7.174910363473921e-06,1.3625639125500905e-05,0.05525252935225,7.663530207619643e-06,2.437543066437098e-06,1.590059066950955e-05,0.2709554321099289,4.454440440590302,1.0,1.0,1.0526821168183464,1.0587563315376782,1.0,1.0193671198452023,1.0650599607287683,1.0,0.7007191954812403,705.9625820508377,229.82343987692175,302.7106577576344,63.31231171729296
12,295.0,76.62643349867352,0.95,0.0126250213668741,3.798811050253337e-06,7.075464736006167e-06,0.0373405202797816,4.292683696591563e-06,1.269553860675361e-06,1.802184000079169e-05,299.3,82.09,0.9856331440026728,0.9334441892882632,77.83754965179875,72.38777696273523,627.8702742414881,280.7997310823701,0.953145508008646,0.0109718441636531,3.5122196794085883e-06,6.518514061043004e-06,0.03584924120582,4.007960741615743e-06,1.1702602480753305e-06,1.8197667150594733e-05,0.910449770839706,0.0334113417482694,7.402284435511545e-06,1.4078316664923988e-05,0.0560912050515292,7.872664445499855e-06,2.518027913734612e-06,1.5811067035599024e-05,0.2594452704481863,4.5031541995826805,1.0,1.0,1.0507278817492898,1.0565530711708904,1.0,1.0182671923114568,1.062829412553927,1.0,0.7007191954812403,705.9625820508377,229.82343987692175,302.7106577576344,63.31231171729296
12,295.0,77.23194157523614,0.95,0.0126250213668741,3.798811050253337e-06,7.075464736006167e-06,0.0373405202797816,4.292683696591563e-06,1.269553860675361e-06,1.802184000079169e-05,299.3,82.09,0.9856331440026728,0.940820338351031,77.83754965179875,72.38777696273523,625.2472213444423,282.8944783373283,0.9515586733306962,0.011787627999388,3.657718549123686e-06,6.80083465943078e-06,0.036619759721091,4.153181988591972e-06,1.2206011977802067e-06,1.810661242973367e-05,0.9078364104704728,0.0352773048993445,7.615496808691054e-06,1.4504468359244515e-05,0.056837775892749,8.066336994512167e-06,2.59376974609546e-06,1.5728665525461356e-05,0.2484301214150985,4.551166218434358,1.0,1.0,1.0488275736648751,1.0544052063370075,1.0,1.0172084238308408,1.060658034334189,1.0,0.7007191954812403,705.9625820508377,229.82343987692175,302.7106577576344,63.31231171729296
12,295.0,77.83744965179875,0.95,0.0126250213668741,3.798811050253337e-06,7.075464736006167e-06,0.0373405202797816,4.292683696591563e-06,1.269553860675361e-06,1.802184000079169e-05,299.3,82.09,0.9856331440026728,0.9481964874137988,77.83754965179875,72.38777696273523,622.6771830143324,284.977263802252,0.9500002532443128,0.0126248824414113,3.798788293240919e-06,7.075420372624369e-06,0.0373404060449291,4.292661299743954e-06,1.2695459542280523e-06,1.802185342668678e-05,0.9053079595693994,0.0371423040071992,7.814922240147927e-06,1.4904623976570749e-05,0.0575004543104887,8.245233734687553e-06,2.66486757429061e-06,1.5652465387064367e-05,0.2378829474691903,4.598528865744364,1.0,1.0,1.0469797561961531,1.0523031467491104,1.0,1.0161897253833172,1.05854410763343,1.0,0.7007191954812403,705.9625820508377,229.82343987692175,302.7106577576344,63.31231171729296
13,200.0,2.599654102746644,0.95,0.0,0.0,0.0,0.0,0.0,0.0,0.05,304.23,76.01,0.657397363836571,0.0342014748420818,2.606366123918593,2.599554102746644,1197.45033781431,7.099534053968394,0.9365067339623429,0.0,0.0,0.0,0.0,0.0,0.0,0.0634932660376572,0.9501274641062358,0.0,0.0,0.0,0.0,0.0,0.0,0.0498725358937642,22.4012270741532,0.6825758279820413,1.000000008110361,0.0,0.0,0.0,0.0,0.0,0.0,1.0003909030180151,22.53960113748808,1221.920496490378,7.249541730897533,302.7106577576344,2.6239816647333654
13,200.0,2.600388771765749,0.95,0.0,0.0,0.0,0.0,0.0,0.0,0.05,304.23,76.01,0.657397363836571,0.0342111402679351,2.606366123918593,2.599554102746644,1197.97882777401,7.103139455934678,0.937920165115905,0.0,0.0,0.0,0.0,0.0,0.0,0.0620798348840949,0.951072700866182,0.0,0.0,0.0,0.0,0.0,0.0,0.0489272991338179,22.40293016930865,0.6825950787528043,1.0000000081414124,0.0,0.0,0.0,0.0,0.0,0.0,1.0004068436410078,22.53960113748808,1221.920496490378,7.249541730897533,302.7106577576344,2.6239816647333654
13,200.0,2.6011234407848547,0.95,0.0,0.0,0.0,0.0,0.0,0.0,0.05,304.23,76.01,0.657397363836571,0.0342208056937883,2.606366123918593,2.599554102746644,1198.5132555774496,7.106771403692795,0.9393475029655176,0.0,0.0,0.0,0.0,0.0,0.0,0.0606524970344825,0.9520338883692456,0.0,0.0,0.0,0.0,0.0,0.0,0.0479661116307545,22.4047090008912,0.6826136240764457,1.0000000081708182,0.0,0.0,0.0,0.0,0.0,0.0,1.000423054905084,22.53960113748808,1221.920496490378,7.249541730897533,302.7106577576344,2.6239816647333654
13,200.0,2.60185810980396,0.95,0.0,0.0,0.0,0.0,0.0,0.0,0.05,304.23,76.01,0.657397363836571,0.0342304711196416,2.606366123918593,2.599554102746644,1199.0538860741335,7.11043102602443,0.9407893931977092,0.0,0.0,0.0,0.0,0.0,0.0,0.0592106068022909,0.953011714408256,0.0,0.0,0.0,0.0,0.0,0.0,0.0469882855917438,22.40656644824644,0.6826314362143671,1.00000000819859,0.0,0.0,0.0,0.0,0.0,0.0,1.0004476526590254,22.53960113748808,1221.920496490378,7.249541730897533,302.7106577576344,2.6239816647333654
13,200.0,2.6025927788230656,0.95,0.0,0.0,0.0,0.0,0.0,0.0,0.05,304.23,76.01,0.657397363836571,0.0342401365454948,2.606366123918593,2.599554102746644,1199.6009929277811,7.114119534324592,0.9422465005943872,0.0,0.0,0.0,0.0,0.0,0.0,0.0577534994056129,0.95400691729652,0.0,0.0,0.0,0.0,0.0,0.0,0.0459930827034798,22.408505603782917,0.6826484854618251,1.0000000082246403,0.0,0.0,0.0,0.0,0.0,0.0,1.0004939259067454,22.53960113748808,1221.920496490378,7.249541730897533,302.7106577576344,2.6239816647333654
13,200.0,2.603327447842171,0.95,0.0,0.0,0.0,0.0,0.0,0.0,0.05,304.23,76.01,0.657397363836571,0.0342498019713481,2.606366123918593,2.599554102746644,1200.154876782262,7.117838231144823,0.9437195570751492,0.0,0.0,0.0,0.0,0.0,0.0,0.0562804429248507,0.95502029109829,0.0,0.0,0.0,0.0,0.0,0.0,0.0449797089017102,22.410529788834275,0.6826647399729587,1.0000000082489058,0.0,0.0,0.0,0.0,0.0,0.0,1.0005412400856046,22.53960113748808,1221.920496490378,7.249541730897533,302.7106577576344,2.6239816647333654
13,200.0,2.6040621168612765,0.95,0.0,0.0,0.0,0.0,0.0,0.0,0.05,304.23,76.01,0.657397363836571,0.0342594673972013,2.606366123918593,2.599554102746644,1200.715866143314,7.121588520085967,0.9452093634345466,0.0,0.0,0.0,0.0,0.0,0.0,0.0547906365654534,0.9560526916859972,0.0,0.0,0.0,0.0,0.0,0.0,0.0439473083140026,22.41264257777793,0.6826801655246052,1.0000000082713598,0.0,0.0,0.0,0.0,0.0,0.0,1.0005895224062875,22.53960113748808,1221.920496490378,7.249541730897533,302.7106577576344,2.6239816647333654
13,200.0,2.604796785880382,0.95,0.0,0.0,0.0,0.0,0.0,0.0,0.05,304.23,76.01,0.657397363836571,0.0342691328230546,2.606366123918593,2.599554102746644,1201.2843039916224,7.125371917266506,0.9467167532224624,0.0,0.0,0.0,0.0,0.0,0.0,0.0532832467775375,0.9571050437705896,0.0,0.0,0.0,0.0,0.0,0.0,0.0428949562294105,22.41484783163849,0.6826947252204484,1.0000000082919112,0.0,0.0,0.0,0.0,0.0,0.0,1.0006387033485389,22.53960113748808,1221.920496490378,7.249541730897533,302.7106577576344,2.6239816647333654
13,200.0,2.6055314548994875,0.95,0.0,0.0,0.0,0.0,0.0,0.0,0.05,304.23,76.01,0.657397363836571,0.0342787982489078,2.606366123918593,2.599554102746644,1201.8605722943223,7.129190064260302,0.9482426572163632,0.0,0.0,0.0,0.0,0.0,0.0,0.0517573427836368,0.9581783488371876,0.0,0.0,0.0,0.0,0.0,0.0,0.0418216511628124,22.41714972837724,0.682708379236886,1.0000000083104528,0.0,0.0,0.0,0.0,0.0,0.0,1.0006887183963895,22.53960113748808,1221.920496490378,7.249541730897533,302.7106577576344,2.6239816647333654
13,200.0,2.606266123918593,0.95,0.0,0.0,0.0,0.0,0.0,0.0,0.05,304.23,76.01,0.657397363836571,0.0342884636747611,2.606366123918593,2.599554102746644,1202.4450852571235,7.13304474311244,0.9497880846922248,0.0,0.0,0.0,0.0,0.0,0.0,0.0502119153077752,0.9592736943139264,0.0,0.0,0.0,0.0,0.0,0.0,0.0407263056860735,22.419552796699392,0.6827210844393796,1.0000000083333722,0.0,0.0,0.0,0.0,0.0,0.0,1.0007397145273342,22.53960113748808,1221.920496490378,7.249541730897533,302.7106577576344,2.6239816647333654
13,205.0,3.3182534938790176,0.95,0.0,0.0,0.0,0.0,0.0,0.0,0.05,304.23,76.01,0.6738322979324852,0.0436554860397186,3.328531319289431,3.3181534938790174,1181.8700804037187,8.919367946683991,0.9352131109025872,0.0,0.0,0.0,0.0,0.0,0.0,0.0647868890974128,0.95009059465028,0.0,0.0,0.0,0.0,0.0,0.0,0.04990940534972,21.054159883421,0.7100144008438335,1.0,0.0,0.0,0.0,0.0,0.0,0.0,1.0000001032647503,21.15779579629945,1206.2779501886548,9.12387059747945,302.7106577576344,3.35468958110042
13,205.0,3.319384363369064,0.95,0.0,0.0,0.0,0.0,0.0,0.0,0.05,304.23,76.01,0.6738322979324852,0.0436703639438108,3.328531319289431,3.3181534938790174,1182.440610704883,8.92463930720106,0.9367759382572376,0.0,0.0,0.0,0.0,0.0,0.0,0.0632240617427624,0.951124039486504,0.0,0.0,0.0,0.0,0.0,0.0,0.0488759605134958,21.055222977134477,0.7100445612467396,1.0,0.0,0.0,0.0,0.0,0.0,0.0,1.0000001165771122,21.15779579629945,1206.2779501886548,9.12387059747945,302.7106577576344,3.35468958110042
13,205.0,3.320515232859109,0.95,0.0,0.0,0.0,0.0,0.0,0.0,0.05,304.23,76.01,0.6738322979324852,0.043685241847903,3.328531319289431,3.3181534938790174,1183.0172284262087,8.929946260308325,0.9383529777925562,0.0,0.0,0.0,0.0,0.0,0.0,0.0616470222074437,0.9521743687115862,0.0,0.0,0.0,0.0,0.0,0.0,0.0478256312884136,21.056362647522047,0.7100739235430474,1.0,0.0,0.0,0.0,0.0,0.0,0.0,1.0000001517808188,21.15779579629945,1206.2779501886548,9.12387059747945,302.7106577576344,3.35468958110042
13,205.0,3.3216461023491552,0.95,0.0,0.0,0.0,0.0,0.0,0.0,0.05,304.23,76.01,0.6738322979324852,0.0437001197519952,3.328531319289431,3.3181534938790174,1183.6001893027508,8.935290251253393,0.9399448573328408,0.0,0.0,0.0,0.0,0.0,0.0,0.0600551426671591,0.95324228006961,0.0,0.0,0.0,0.0,0.0,0.0,0.04675771993039,21.057581584916097,0.7101024576927607,1.0,0.0,0.0,0.0,0.0,0.0,0.0,1.0000002033166362,21.15779579629945,1206.2779501886548,9.12387059747945,302.7106577576344,3.35468958110042
13,205.0,3.3227769718392013,0.95,0.0,0.0,0.0,0.0,0.0,0.0,0.05,304.23,76.01,0.6738322979324852,0.0437149976560873,3.328531319289431,3.3181534938790174,1184.1897701914977,8.940672826075081,0.9415522574635088,0.0,0.0,0.0,0.0,0.0,0.0,0.0584477425364912,0.954328520176163,0.0,0.0,0.0,0.0,0.0,0.0,0.045671479823837,21.05888266436419,0.7101301316718633,1.0,0.0,0.0,0.0,0.0,0.0,0.0,1.0000002548617757,21.15779579629945,1206.2779501886548,9.12387059747945,302.7106577576344,3.35468958110042
13,205.0,3.323907841329247,0.95,0.0,0.0,0.0,0.0,0.0,0.0,0.05,304.23,76.01,0.6738322979324852,0.0437298755601795,3.328531319289431,3.3181534938790174,1184.7862554470655,8.946095641753013,0.943175873925911,0.0,0.0,0.0,0.0,0.0,0.0,0.0568241260740891,0.9554338894494264,0.0,0.0,0.0,0.0,0.0,0.0,0.0445661105505735,21.060268964875856,0.7101569112491447,1.0,0.0,0.0,0.0,0.0,0.0,0.0,1.0000003061232017,21.15779579629945,1206.2779501886548,9.12387059747945,302.7106577576344,3.35468958110042
13,205.0,3.325038710819293,0.95,0.0,0.0,0.0,0.0,0.0,0.0,0.05,304.23,76.01,0.6738322979324852,0.0437447534642717,3.328531319289431,3.3181534938790174,1185.389965821404,8.951560477728933,0.944816495863704,0.0,0.0,0.0,0.0,0.0,0.0,0.055183504136296,0.956559247701122,0.0,0.0,0.0,0.0,0.0,0.0,0.0434407522988779,21.06174379107689,0.7101827598124885,1.0,0.0,0.0,0.0,0.0,0.0,0.0,1.0000004475655198,21.15779579629945,1206.2779501886548,9.12387059747945,302.7106577576344,3.35468958110042
13,205.0,3.326169580309339,0.95,0.0,0.0,0.0,0.0,0.0,0.0,0.05,304.23,76.01,0.6738322979324852,0.0437596313683638,3.328531319289431,3.3181534938790174,1186.0012343633366,8.957069248772587,0.9464749395640124,0.0,0.0,0.0,0.0,0.0,0.0,0.0535250604359874,0.9577055204294233,0.0,0.0,0.0,0.0,0.0,0.0,0.0422944795705768,21.063310695835767,0.710207638064351,1.0,0.0,0.0,0.0,0.0,0.0,0.0,1.0000006480038333,21.15779579629945,1206.2779501886548,9.12387059747945,302.7106577576344,3.35468958110042
13,205.0,3.327300449799385,0.95,0.0,0.0,0.0,0.0,0.0,0.0,0.05,304.23,76.01,0.6738322979324852,0.043774509272456,3.328531319289431,3.3181534938790174,1186.620430973927,8.962624020276367,0.9481521145469602,0.0,0.0,0.0,0.0,0.0,0.0,0.0518478854530396,0.958873706150414,0.0,0.0,0.0,0.0,0.0,0.0,0.0411262938495859,21.06497350868313,0.7102315037762033,1.0,0.0,0.0,0.0,0.0,0.0,0.0,1.00000085787341,21.15779579629945,1206.2779501886548,9.12387059747945,302.7106577576344,3.35468958110042
13,205.0,3.3284313192894306,0.95,0.0,0.0,0.0,0.0,0.0,0.0,0.05,304.23,76.01,0.6738322979324852,0.0437893871765482,3.328531319289431,3.3181534938790174,1187.2479441018704,8.968227024741475,0.949848973135898,0.0,0.0,0.0,0.0,0.0,0.0,0.050151026864102,0.960064884555735,0.0,0.0,0.0,0.0,0.0,0.0,0.0399351154442649,21.066736365053767,0.7102543114119513,1.0,0.0,0.0,0.0,0.0,0.0,0.0,1.0000016505305604,21.15779579629945,1206.2779501886548,9.12387059747945,302.7106577576344,3.35468958110042
13,210.0,4.181284980346829,0.95,0.0,0.0,0.0,0.0,0.0,0.0,0.05,304.23,76.01,0.6902672320283996,0.0550096695217317,4.196221297202333,4.1811849803468295,1166.067796327481,11.082237594322525,0.934162267296418,0.0,0.0,0.0,0.0,0.0,0.0,0.065837732703582,0.950066514579094,0.0,0.0,0.0,0.0,0.0,0.0,0.049933485420906,19.72342121058284,0.7394753839131127,1.0,0.0,0.0,0.0,0.0,0.0,0.0,1.000000000062353,19.793904820789816,1190.2941504876192,11.354703713715036,302.7106577576344,4.233266563955471
13,210.0,4.182933459997441,0.95,0.0,0.0,0.0,0.0,0.0,0.0,0.05,304.23,76.01,0.6902672320283996,0.0550313571898097,4.196221297202333,4.1811849803468295,1166.6676357992776,11.089628905582314,0.935846701158695,0.0,0.0,0.0,0.0,0.0,0.0,0.064153298841305,0.951171965719986,0.0,0.0,0.0,0.0,0.0,0.0,0.048828034280014,19.72375977084418,0.7395176517118053,1.0,0.0,0.0,0.0,0.0,0.0,0.0,1.0000000000254785,19.793904820789816,1190.2941504876192,11.354703713715036,302.7106577576344,4.233266563955471
13,210.0,4.184581939648052,0.95,0.0,0.0,0.0,0.0,0.0,0.0,0.05,304.23,76.01,0.6902672320283996,0.0550530448578878,4.196221297202333,4.1811849803468295,1167.2735703467729,11.097066106279412,0.9375453184846144,0.0,0.0,0.0,0.0,0.0,0.0,0.0624546815153855,0.9522947826262902,0.0,0.0,0.0,0.0,0.0,0.0,0.0477052173737098,19.724173780613118,0.7395590471403637,1.0,0.0,0.0,0.0,0.0,0.0,0.0,1.0,19.793904820789816,1190.2941504876192,11.354703713715036,302.7106577576344,4.233266563955471
13,210.0,4.186230419298664,0.95,0.0,0.0,0.0,0.0,0.0,0.0,0.05,304.23,76.01,0.6902672320283996,0.0550747325259658,4.196221297202333,4.1811849803468295,1167.885845897487,11.10455096872684,0.9392587291337248,0.0,0.0,0.0,0.0,0.0,0.0,0.0607412708662751,0.9534356506286004,0.0,0.0,0.0,0.0,0.0,0.0,0.0465643493713995,19.724665671043294,0.7395995387691847,1.0,0.0,0.0,0.0,0.0,0.0,0.0,1.0,19.793904820789816,1190.2941504876192,11.354703713715036,302.7106577576344,4.233266563955471
13,210.0,4.187878898949276,0.95,0.0,0.0,0.0,0.0,0.0,0.0,0.05,304.23,76.01,0.6902672320283996,0.0550964201940438,4.196221297202333,4.1811849803468295,1168.5047215227623,11.1120853828747,0.9409875745324344,0.0,0.0,0.0,0.0,0.0,0.0,0.0590124254675655,0.9545953007756316,0.0,0.0,0.0,0.0,0.0,0.0,0.0454046992243684,19.72523803371021,0.7396390932193875,1.0,0.0,0.0,0.0,0.0,0.0,0.0,1.0,19.793904820789816,1190.2941504876192,11.354703713715036,302.7106577576344,4.233266563955471
13,210.0,4.189527378599887,0.95,0.0,0.0,0.0,0.0,0.0,0.0,0.05,304.23,76.01,0.6902672320283996,0.0551181078621219,4.196221297202333,4.1811849803468295,1169.1304773820195,11.119671367424536,0.9427325494222224,0.0,0.0,0.0,0.0,0.0,0.0,0.0572674505777775,0.9557745141617716,0.0,0.0,0.0,0.0,0.0,0.0,0.0442254858382284,19.725893632569477,0.7396776749738465,1.0,0.0,0.0,0.0,0.0,0.0,0.0,1.0,19.793904820789816,1190.2941504876192,11.354703713715036,302.7106577576344,4.233266563955471
13,210.0,4.1911758582504985,0.95,0.0,0.0,0.0,0.0,0.0,0.0,0.05,304.23,76.01,0.6902672320283996,0.0551397955301999,4.196221297202333,4.1811849803468295,1169.7634040874696,11.127311082570628,0.9444943716635652,0.0,0.0,0.0,0.0,0.0,0.0,0.0555056283364348,0.9569741268926394,0.0,0.0,0.0,0.0,0.0,0.0,0.0430258731073606,19.72663542399836,0.7397152461731281,1.0,0.0,0.0,0.0,0.0,0.0,0.0,1.0,19.793904820789816,1190.2941504876192,11.354703713715036,302.7106577576344,4.233266563955471
13,210.0,4.192824337901111,0.95,0.0,0.0,0.0,0.0,0.0,0.0,0.05,304.23,76.01,0.6902672320283996,0.0551614831982779,4.196221297202333,4.1811849803468295,1170.403819911548,11.135006844242897,0.946273829676029,0.0,0.0,0.0,0.0,0.0,0.0,0.053726170323971,0.9581950356366796,0.0,0.0,0.0,0.0,0.0,0.0,0.0418049643633204,19.727466575270658,0.7397517663890824,1.0,0.0,0.0,0.0,0.0,0.0,0.0,1.0,19.793904820789816,1190.2941504876192,11.354703713715036,302.7106577576344,4.233266563955471
13,210.0,4.194472817551722,0.95,0.0,0.0,0.0,0.0,0.0,0.0,0.05,304.23,76.01,0.6902672320283996,0.055183170866356,4.196221297202333,4.1811849803468295,1171.0520695608395,11.14276114027417,0.948071778240656,0.0,0.0,0.0,0.0,0.0,0.0,0.051928221759344,0.9594382039020588,0.0,0.0,0.0,0.0,0.0,0.0,0.0405617960979414,19.72839048324685,0.7397871923510486,1.0,0.0,0.0,0.0,0.0,0.0,0.0,1.0,19.793904820789816,1190.2941504876192,11.354703713715036,302.7106577576344,4.233266563955471
13,210.0,4.196121297202334,0.95,0.0,0.0,0.0,0.0,0.0,0.0,0.05,304.23,76.01,0.6902672320283996,0.055204858534434,4.196221297202333,4.1811849803468295,1171.7085156048895,11.150576648743508,0.9498891139939164,0.0,0.0,0.0,0.0,0.0,0.0,0.0501108860060836,0.9607046692488486,0.0,0.0,0.0,0.0,0.0,0.0,0.0392953307511515,19.729410804320747,0.7398214776533522,1.0,0.0,0.0,0.0,0.0,0.0,0.0,1.0,19.793904820789816,1190.2941504876192,11.354703713715036,302.7106577576344,4.233266563955471
13,215.0,5.2068711870732445,0.95,0.0,0.0,0.0,0.0,0.0,0.0,0.05,304.23,76.01,0.7067021661243138,0.0685024495076074,5.227697523949966,5.206771187073245,1149.9725259988256,13.633206210994036,0.9333301849198966,0.0,0.0,0.0,0.0,0.0,0.0,0.0666698150801034,0.950050153192508,0.0,0.0,0.0,0.0,0.0,0.0,0.0499498468074921,18.409129521799763,0.7711669543498096,1.0,0.0,0.0,0.0,0.0,0.0,0.0,1.0000000012020476,18.448205290897207,1173.908539729092,13.989350648063478,302.7106577576344,5.278346606766283
13,215.0,5.20917411339288,0.95,0.0,0.0,0.0,0.0,0.0,0.0,0.05,304.23,76.01,0.7067021661243138,0.0685327471831716,5.227697523949966,5.206771187073245,1150.590576880486,13.6432365070044,0.9351114679608262,0.0,0.0,0.0,0.0,0.0,0.0,0.0648885320391737,0.9512140487249706,0.0,0.0,0.0,0.0,0.0,0.0,0.0487859512750293,18.40870505647655,0.7712224642252352,1.0,0.0,0.0,0.0,0.0,0.0,0.0,1.0000000012053982,18.448205290897207,1173.908539729092,13.989350648063478,302.7106577576344,5.278346606766283
13,215.0,5.211477039712516,0.95,0.0,0.0,0.0,0.0,0.0,0.0,0.05,304.23,76.01,0.7067021661243138,0.0685630448587359,5.227697523949966,5.206771187073245,1151.2146388453896,13.653324228938114,0.936906698960562,0.0,0.0,0.0,0.0,0.0,0.0,0.063093301039438,0.9523954399924346,0.0,0.0,0.0,0.0,0.0,0.0,0.0476045600075654,18.408353549230835,0.7712770445648772,1.0,0.0,0.0,0.0,0.0,0.0,0.0,1.0000000012037753,18.448205290897207,1173.908539729092,13.989350648063478,302.7106577576344,5.278346606766283
13,215.0,5.213779966032152,0.95,0.0,0.0,0.0,0.0,0.0,0.0,0.05,304.23,76.01,0.7067021661243138,0.0685933425343001,5.227697523949966,5.206771187073245,1151.8449405727788,13.663471481272008,0.9387164499277424,0.0,0.0,0.0,0.0,0.0,0.0,0.0612835500722575,0.9535949851569936,0.0,0.0,0.0,0.0,0.0,0.0,0.0464050148430064,18.4080771485377,0.771330663297701,1.0,0.0,0.0,0.0,0.0,0.0,0.0,1.0000000011976828,18.448205290897207,1173.908539729092,13.989350648063478,302.7106577576344,5.278346606766283
13,215.0,5.216082892351787,0.95,0.0,0.0,0.0,0.0,0.0,0.0,0.05,304.23,76.01,0.7067021661243138,0.0686236402098643,5.227697523949966,5.206771187073245,1152.4817232209032,13.673680501007036,0.9405413233680228,0.0,0.0,0.0,0.0,0.0,0.0,0.0594586766319774,0.9548133840583584,0.0,0.0,0.0,0.0,0.0,0.0,0.0451866159416416,18.407878134806747,0.7713832864885134,1.0,0.0,0.0,0.0,0.0,0.0,0.0,1.0000000011878911,18.448205290897207,1173.908539729092,13.989350648063478,302.7106577576344,5.278346606766283
13,215.0,5.218385818671424,0.95,0.0,0.0,0.0,0.0,0.0,0.0,0.05,304.23,76.01,0.7067021661243138,0.0686539378854285,5.227697523949966,5.206771187073245,1153.1252435939411,13.683953669813269,0.9423819609329708,0.0,0.0,0.0,0.0,0.0,0.0,0.0576180390670293,0.9560513820455704,0.0,0.0,0.0,0.0,0.0,0.0,0.0439486179544295,18.407758935967056,0.7714348781831405,1.0,0.0,0.0,0.0,0.0,0.0,0.0,1.0000000011742496,18.448205290897207,1173.908539729092,13.989350648063478,302.7106577576344,5.278346606766283
13,215.0,5.220688744991059,0.95,0.0,0.0,0.0,0.0,0.0,0.0,0.05,304.23,76.01,0.7067021661243138,0.0686842355609927,5.227697523949966,5.206771187073245,1153.7757789912823,13.694293527262609,0.9442390567552292,0.0,0.0,0.0,0.0,0.0,0.0,0.0557609432447706,0.9573097741522388,0.0,0.0,0.0,0.0,0.0,0.0,0.0426902258477612,18.40772213670757,0.7714854002039033,1.0,0.0,0.0,0.0,0.0,0.0,0.0,1.0000000011570764,18.448205290897207,1173.908539729092,13.989350648063478,302.7106577576344,5.278346606766283
13,215.0,5.222991671310695,0.95,0.0,0.0,0.0,0.0,0.0,0.0,0.05,304.23,76.01,0.7067021661243138,0.0687145332365569,5.227697523949966,5.206771187073245,1154.4336148665816,13.704702786134613,0.9461133216465198,0.0,0.0,0.0,0.0,0.0,0.0,0.0538866783534802,0.9585894099025308,0.0,0.0,0.0,0.0,0.0,0.0,0.0414105900974693,18.407770496186533,0.7715348119691812,1.0,0.0,0.0,0.0,0.0,0.0,0.0,1.000000001136625,18.448205290897207,1173.908539729092,13.989350648063478,302.7106577576344,5.278346606766283
13,215.0,5.225294597630331,0.95,0.0,0.0,0.0,0.0,0.0,0.0,0.05,304.23,76.01,0.7067021661243138,0.0687448309121211,5.227697523949966,5.206771187073245,1155.099069545987,13.715184349159546,0.9480055530444648,0.0,0.0,0.0,0.0,0.0,0.0,0.0519944469555353,0.9598911986289288,0.0,0.0,0.0,0.0,0.0,0.0,0.0401088013710712,18.40790696385596,0.7715830702268819,1.0,0.0,0.0,0.0,0.0,0.0,0.0,1.0000000011131234,18.448205290897207,1173.908539729092,13.989350648063478,302.7106577576344,5.278346606766283
13,215.0,5.227597523949966,0.95,0.0,0.0,0.0,0.0,0.0,0.0,0.05,304.23,76.01,0.7067021661243138,0.0687751285876853,5.227697523949966,5.206771187073245,1155.7724749436327,13.725741328218731,0.9499165792738408,0.0,0.0,0.0,0.0,0.0,0.0,0.0500834207261591,0.961216115513508,0.0,0.0,0.0,0.0,0.0,0.0,0.038783884486492,18.408134697257708,0.7716301288127632,1.0,0.0,0.0,0.0,0.0,0.0,0.0,1.0000000010867915,18.448205290897207,1173.908539729092,13.989350648063478,302.7106577576344,5.278346606766283
13,220.0,6.41396499518521,0.95,0.0,0.0,0.0,0.0,0.0,0.0,0.05,304.23,76.01,0.723137100220228,0.0843831732033312,6.442036183009371,6.41386499518521,1133.5094460937048,16.622405875590776,0.9326967339383828,0.0,0.0,0.0,0.0,0.0,0.0,0.0673032660616171,0.9500386722682574,0.0,0.0,0.0,0.0,0.0,0.0,0.0499613277317425,17.111620586963312,0.8053557322328537,1.0,0.0,0.0,0.0,0.0,0.0,0.0,1.000000000277285,17.121140165384258,1157.0541060432145,17.08052563899556,302.7106577576344,6.509407158415541
13,220.0,6.41707290494345,0.95,0.0,0.0,0.0,0.0,0.0,0.0,0.05,304.23,76.01,0.723137100220228,0.0844240613727595,6.442036183009371,6.41386499518521,1134.1359165669696,16.63566223246342,0.9345525359489896,0.0,0.0,0.0,0.0,0.0,0.0,0.0654474640510103,0.9512493171099032,0.0,0.0,0.0,0.0,0.0,0.0,0.0487506828900967,17.11042927347391,0.8054264046835542,1.0,0.0,0.0,0.0,0.0,0.0,0.0,1.0000000003761196,17.121140165384258,1157.0541060432145,17.08052563899556,302.7106577576344,6.509407158415541
13,220.0,6.42018081470169,0.95,0.0,0.0,0.0,0.0,0.0,0.0,0.05,304.23,76.01,0.723137100220228,0.0844649495421877,6.442036183009371,6.41386499518521,1134.7682463674898,16.648988755535893,0.9364219026692948,0.0,0.0,0.0,0.0,0.0,0.0,0.0635780973307051,0.95247731081652,0.0,0.0,0.0,0.0,0.0,0.0,0.0475226891834801,17.10930747459137,0.80549609661985,1.0,0.0,0.0,0.0,0.0,0.0,0.0,1.0000000004516698,17.121140165384258,1157.0541060432145,17.08052563899556,302.7106577576344,6.509407158415541
13,220.0,6.423288724459931,0.95,0.0,0.0,0.0,0.0,0.0,0.0,0.05,304.23,76.01,0.723137100220228,0.0845058377116159,6.442036183009371,6.41386499518521,1135.4066453741043,16.662387880011167,0.9383053638601924,0.0,0.0,0.0,0.0,0.0,0.0,0.0616946361398077,0.953723274722282,0.0,0.0,0.0,0.0,0.0,0.0,0.046276725277718,17.108257055062374,0.8055647754980214,1.0,0.0,0.0,0.0,0.0,0.0,0.0,1.0000000005033534,17.121140165384258,1157.0541060432145,17.08052563899556,302.7106577576344,6.509407158415541
13,220.0,6.426396634218171,0.95,0.0,0.0,0.0,0.0,0.0,0.0,0.05,304.23,76.01,0.723137100220228,0.0845467258810442,6.442036183009371,6.41386499518521,1136.0513348381232,16.67586218657453,0.9402034775007028,0.0,0.0,0.0,0.0,0.0,0.0,0.0597965224992973,0.954987867505338,0.0,0.0,0.0,0.0,0.0,0.0,0.0450121324946621,17.107279988329104,0.8056324070020722,1.0,0.0,0.0,0.0,0.0,0.0,0.0,1.0000000005325804,17.121140165384258,1157.0541060432145,17.08052563899556,302.7106577576344,6.509407158415541
13,220.0,6.42950454397641,0.95,0.0,0.0,0.0,0.0,0.0,0.0,0.05,304.23,76.01,0.723137100220228,0.0845876140504724,6.442036183009371,6.41386499518521,1136.702549594151,16.689414413869603,0.9421168358825796,0.0,0.0,0.0,0.0,0.0,0.0,0.0578831641174203,0.9562717883991644,0.0,0.0,0.0,0.0,0.0,0.0,0.0437282116008355,17.106378366063662,0.8056989549004264,1.0,0.0,0.0,0.0,0.0,0.0,0.0,1.00000000054269,17.121140165384258,1157.0541060432145,17.08052563899556,302.7106577576344,6.509407158415541
13,220.0,6.4326124537346505,0.95,0.0,0.0,0.0,0.0,0.0,0.0,0.05,304.23,76.01,0.723137100220228,0.0846285022199006,6.442036183009371,6.41386499518521,1137.3605417821043,16.70304747242734,0.9440460760457844,0.0,0.0,0.0,0.0,0.0,0.0,0.0559539239542155,0.9575757807850528,0.0,0.0,0.0,0.0,0.0,0.0,0.0424242192149473,17.105554410308997,0.8057643808944427,1.0,0.0,0.0,0.0,0.0,0.0,0.0,1.0000000005366243,17.121140165384258,1157.0541060432145,17.08052563899556,302.7106577576344,6.509407158415541
13,220.0,6.435720363492891,0.95,0.0,0.0,0.0,0.0,0.0,0.0,0.05,304.23,76.01,0.723137100220228,0.0846693903893289,6.442036183009371,6.41386499518521,1138.0255743071148,16.71676446017577,0.9459918600426698,0.0,0.0,0.0,0.0,0.0,0.0,0.0540081399573303,0.9589006361602872,0.0,0.0,0.0,0.0,0.0,0.0,0.0410993638397129,17.104810482464952,0.8058286444073389,1.0,0.0,0.0,0.0,0.0,0.0,0.0,1.0000000005170422,17.121140165384258,1157.0541060432145,17.08052563899556,302.7106577576344,6.509407158415541
13,220.0,6.438828273251131,0.95,0.0,0.0,0.0,0.0,0.0,0.0,0.05,304.23,76.01,0.723137100220228,0.0847102785587571,6.442036183009371,6.41386499518521,1138.6979270347845,16.7305686795751,0.9479548926147736,0.0,0.0,0.0,0.0,0.0,0.0,0.0520451073852265,0.960247198593648,0.0,0.0,0.0,0.0,0.0,0.0,0.0397528014063519,17.104149097593165,0.805891702393403,1.0,0.0,0.0,0.0,0.0,0.0,0.0,1.0000000004865144,17.121140165384258,1157.0541060432145,17.08052563899556,302.7106577576344,6.509407158415541
13,220.0,6.441936183009371,0.95,0.0,0.0,0.0,0.0,0.0,0.0,0.05,304.23,76.01,0.723137100220228,0.0847511667281853,6.442036183009371,6.41386499518521,1139.377909542001,16.744463657327746,0.9499359577232588,0.0,0.0,0.0,0.0,0.0,0.0,0.0500640422767413,0.9616163697648916,0.0,0.0,0.0,0.0,0.0,0.0,0.0383836302351083,17.103572939463046,0.8059535091376467,1.0,0.0,0.0,0.0,0.0,0.0,0.0,1.0000000004477587,17.121140165384258,1157.0541060432145,17.08052563899556,302.7106577576344,6.509407158415541
13,225.0,7.822312176544327,0.95,0.0,0.0,0.0,0.0,0.0,0.0,0.05,304.23,76.01,0.7395720343161424,0.1029116192151601,7.85908552453503,7.822212176544327,1116.5976300809946,20.10619148851016,0.932244616154512,0.0,0.0,0.0,0.0,0.0,0.0,0.0677553838454879,0.9500303955928664,0.0,0.0,0.0,0.0,0.0,0.0,0.0499696044071337,15.831439733270454,0.8424215147314094,1.0,0.0,0.0,0.0,0.0,0.0,0.0,1.0,15.813326197117547,1139.6555629264626,20.687604017864448,302.7106577576344,7.946729358776584
13,225.0,7.826386992987738,0.95,0.0,0.0,0.0,0.0,0.0,0.0,0.05,304.23,76.01,0.7395720343161424,0.102965228167185,7.85908552453503,7.822212176544327,1117.2238013411602,20.123333163423315,0.934154621160506,0.0,0.0,0.0,0.0,0.0,0.0,0.065845378839494,0.9512774679093486,0.0,0.0,0.0,0.0,0.0,0.0,0.0487225320906513,15.829504238119029,0.842510073332975,1.0,0.0,0.0,0.0,0.0,0.0,0.0,1.0,15.813326197117547,1139.6555629264626,20.687604017864448,302.7106577576344,7.946729358776584
13,225.0,7.83046180943115,0.95,0.0,0.0,0.0,0.0,0.0,0.0,0.05,304.23,76.01,0.7395720343161424,0.1030188371192099,7.85908552453503,7.822212176544327,1117.8556307507715,20.14055889326704,0.9360777057212616,0.0,0.0,0.0,0.0,0.0,0.0,0.0639222942787383,0.9525415225370109,0.0,0.0,0.0,0.0,0.0,0.0,0.0474584774629893,15.827634151659408,0.8425976041061958,1.0,0.0,0.0,0.0,0.0,0.0,0.0,1.0,15.813326197117547,1139.6555629264626,20.687604017864448,302.7106577576344,7.946729358776584
13,225.0,7.834536625874561,0.95,0.0,0.0,0.0,0.0,0.0,0.0,0.05,304.23,76.01,0.7395720343161424,0.1030724460712348,7.85908552453503,7.822212176544327,1118.4933088547605,20.157871435498222,0.9380143553510968,0.0,0.0,0.0,0.0,0.0,0.0,0.0619856446489031,0.953823137896914,0.0,0.0,0.0,0.0,0.0,0.0,0.0461768621030858,15.82583106751246,0.8426840744347543,1.0,0.0,0.0,0.0,0.0,0.0,0.0,1.0,15.813326197117547,1139.6555629264626,20.687604017864448,302.7106577576344,7.946729358776584
13,225.0,7.838611442317973,0.95,0.0,0.0,0.0,0.0,0.0,0.0,0.05,304.23,76.01,0.7395720343161424,0.1031260550232597,7.85908552453503,7.822212176544327,1119.137036275276,20.17527370370038,0.9399650809225262,0.0,0.0,0.0,0.0,0.0,0.0,0.0600349190774738,0.955122925368183,0.0,0.0,0.0,0.0,0.0,0.0,0.0448770746318169,15.824096667384886,0.8427694500468341,1.0,0.0,0.0,0.0,0.0,0.0,0.0,1.0,15.813326197117547,1139.6555629264626,20.687604017864448,302.7106577576344,7.946729358776584
13,225.0,7.842686258761384,0.95,0.0,0.0,0.0,0.0,0.0,0.0,0.05,304.23,76.01,0.7395720343161424,0.1031796639752846,7.85908552453503,7.822212176544327,1119.787025295914,20.19276878026009,0.941930423074341,0.0,0.0,0.0,0.0,0.0,0.0,0.0580695769256589,0.956441531971702,0.0,0.0,0.0,0.0,0.0,0.0,0.0435584680282979,15.822432728369336,0.8428536948854102,1.0,0.0,0.0,0.0,0.0,0.0,0.0,1.0,15.813326197117547,1139.6555629264626,20.687604017864448,302.7106577576344,7.946729358776584
13,225.0,7.846761075204796,0.95,0.0,0.0,0.0,0.0,0.0,0.0,0.05,304.23,76.01,0.7395720343161424,0.1032332729273095,7.85908552453503,7.822212176544327,1120.443502654963,20.210359930405662,0.9439109601972068,0.0,0.0,0.0,0.0,0.0,0.0,0.0560890398027931,0.957779643343922,0.0,0.0,0.0,0.0,0.0,0.0,0.0422203566560779,15.820841131253028,0.842936770966864,1.0,0.0,0.0,0.0,0.0,0.0,0.0,1.0,15.813326197117547,1139.6555629264626,20.687604017864448,302.7106577576344,7.946729358776584
13,225.0,7.850835891648207,0.95,0.0,0.0,0.0,0.0,0.0,0.0,0.05,304.23,76.01,0.7395720343161424,0.1032868818793343,7.85908552453503,7.822212176544327,1121.1067049928745,20.228050617792693,0.9459072941788434,0.0,0.0,0.0,0.0,0.0,0.0,0.0540927058211565,0.959137987031258,0.0,0.0,0.0,0.0,0.0,0.0,0.0408620129687419,15.81932386904645,0.8430186382147518,1.0,0.0,0.0,0.0,0.0,0.0,0.0,1.0,15.813326197117547,1139.6555629264626,20.687604017864448,302.7106577576344,7.946729358776584
13,225.0,7.854910708091618,0.95,0.0,0.0,0.0,0.0,0.0,0.0,0.05,304.23,76.01,0.7395720343161424,0.1033404908313592,7.85908552453503,7.822212176544327,1121.77688311446,20.24584452158877,0.947920062807991,0.0,0.0,0.0,0.0,0.0,0.0,0.052079937192009,0.9605173361298968,0.0,0.0,0.0,0.0,0.0,0.0,0.0394826638701032,15.817883055846275,0.8430992542792267,1.0,0.0,0.0,0.0,0.0,0.0,0.0,1.0,15.813326197117547,1139.6555629264626,20.687604017864448,302.7106577576344,7.946729358776584
13,225.0,7.85898552453503,0.95,0.0,0.0,0.0,0.0,0.0,0.0,0.05,304.23,76.01,0.7395720343161424,0.1033940997833841,7.85908552453503,7.822212176544327,1122.4543116726948,20.263745555992287,0.949949968243326,0.0,0.0,0.0,0.0,0.0,0.0,0.0500500317566741,0.9619185133952128,0.0,0.0,0.0,0.0,0.0,0.0,0.038081486604787,15.816520938417376,0.8431785743507497,1.0,0.0,0.0,0.0,0.0,0.0,0.0,1.0,15.813326197117547,1139.6555629264626,20.687604017864448,302.7106577576344,7.946729358776584
13,230.0,9.45242910439246,0.95,0.0,0.0,0.0,0.0,0.0,0.0,0.05,304.23,76.01,0.7560069684120566,0.1243577043072288,9.499438230882436,9.452329104392462,1099.1475895147544,24.14867805549814,0.931958864821833,0.0,0.0,0.0,0.0,0.0,0.0,0.0680411351781671,0.950024289586032,0.0,0.0,0.0,0.0,0.0,0.0,0.0499757104139679,14.569343205263408,0.88283220972326,1.0,0.0,0.0,0.0,0.0,0.0,0.0,1.0,14.52556748614066,1121.6270137216943,24.87830228106012,302.7106577576344,9.61137473881863
13,230.0,9.457641229558014,0.95,0.0,0.0,0.0,0.0,0.0,0.0,0.05,304.23,76.01,0.7560069684120566,0.1244262758789371,9.499438230882436,9.452329104392462,1099.7656371980545,24.17044227644735,0.9339044645873116,0.0,0.0,0.0,0.0,0.0,0.0,0.0660955354126884,0.951298495821276,0.0,0.0,0.0,0.0,0.0,0.0,0.048701504178724,14.566706532055472,0.882941083131449,1.0,0.0,0.0,0.0,0.0,0.0,0.0,1.0,14.52556748614066,1121.6270137216943,24.87830228106012,302.7106577576344,9.61137473881863
13,230.0,9.462853354723569,0.95,0.0,0.0,0.0,0.0,0.0,0.0,0.05,304.23,76.01,0.7560069684120566,0.1244948474506455,9.499438230882436,9.452329104392462,1100.3891094889002,24.192305520086844,0.9358626019686084,0.0,0.0,0.0,0.0,0.0,0.0,0.0641373980313916,0.9525891428372693,0.0,0.0,0.0,0.0,0.0,0.0,0.0474108571627308,14.564130724411813,0.8830488955802984,1.0,0.0,0.0,0.0,0.0,0.0,0.0,1.0,14.52556748614066,1121.6270137216943,24.87830228106012,302.7106577576344,9.61137473881863
13,230.0,9.46806547988912,0.95,0.0,0.0,0.0,0.0,0.0,0.0,0.05,304.23,76.01,0.7560069684120566,0.1245634190223538,9.499438230882436,9.452329104392462,1101.0181703721462,24.21427085030547,0.9378336946513928,0.0,0.0,0.0,0.0,0.0,0.0,0.0621663053486071,0.953896762600903,0.0,0.0,0.0,0.0,0.0,0.0,0.0461032373990971,14.561617125474486,0.883155614984782,1.0,0.0,0.0,0.0,0.0,0.0,0.0,1.0,14.52556748614066,1121.6270137216943,24.87830228106012,302.7106577576344,9.61137473881863
13,230.0,9.473277605054673,0.95,0.0,0.0,0.0,0.0,0.0,0.0,0.05,304.23,76.01,0.7560069684120566,0.1246319905940622,9.499438230882436,9.452329104392462,1101.6530023939888,24.23634149524686,0.9398182135589664,0.0,0.0,0.0,0.0,0.0,0.0,0.0601817864410337,0.9552219157816718,0.0,0.0,0.0,0.0,0.0,0.0,0.0447780842183282,14.55916714827619,0.8832612077234842,1.0,0.0,0.0,0.0,0.0,0.0,0.0,1.0,14.52556748614066,1121.6270137216943,24.87830228106012,302.7106577576344,9.61137473881863
13,230.0,9.478489730220224,0.95,0.0,0.0,0.0,0.0,0.0,0.0,0.05,304.23,76.01,0.7560069684120566,0.1247005621657706,9.499438230882436,9.452329104392462,1102.2937955452996,24.25852085993645,0.9418166474293044,0.0,0.0,0.0,0.0,0.0,0.0,0.0581833525706956,0.9565651939654318,0.0,0.0,0.0,0.0,0.0,0.0,0.0434348060345681,14.556782281474424,0.8833656385432193,1.0,0.0,0.0,0.0,0.0,0.0,0.0,1.0,14.52556748614066,1121.6270137216943,24.87830228106012,302.7106577576344,9.61137473881863
13,230.0,9.483701855385778,0.95,0.0,0.0,0.0,0.0,0.0,0.0,0.05,304.23,76.01,0.7560069684120566,0.1247691337374789,9.499438230882436,9.452329104392462,1102.940754124496,24.28081254021761,0.9438295238687144,0.0,0.0,0.0,0.0,0.0,0.0,0.0561704761312855,0.9579272220963024,0.0,0.0,0.0,0.0,0.0,0.0,0.0420727779036976,14.554464095976517,0.8834688704298813,1.0,0.0,0.0,0.0,0.0,0.0,0.0,1.0,14.52556748614066,1121.6270137216943,24.87830228106012,302.7106577576344,9.61137473881863
13,230.0,9.488913980551333,0.95,0.0,0.0,0.0,0.0,0.0,0.0,0.05,304.23,76.01,0.7560069684120566,0.1248377053091873,9.499438230882436,9.452329104392462,1103.5940819872822,24.303220337867547,0.9458573629518076,0.0,0.0,0.0,0.0,0.0,0.0,0.0541426370481925,0.9593086611358363,0.0,0.0,0.0,0.0,0.0,0.0,0.0406913388641636,14.55221424994961,0.8835708644836842,1.0,0.0,0.0,0.0,0.0,0.0,0.0,1.0,14.52556748614066,1121.6270137216943,24.87830228106012,302.7106577576344,9.61137473881863
13,230.0,9.494126105716884,0.95,0.0,0.0,0.0,0.0,0.0,0.0,0.05,304.23,76.01,0.7560069684120566,0.1249062768808957,9.499438230882436,9.452329104392462,1104.254008691805,24.32574827779633,0.9479007582100676,0.0,0.0,0.0,0.0,0.0,0.0,0.0520992417899324,0.960710211056798,0.0,0.0,0.0,0.0,0.0,0.0,0.0392897889432021,14.55003449717973,0.8836715797399685,1.0,0.0,0.0,0.0,0.0,0.0,0.0,1.0,14.52556748614066,1121.6270137216943,24.87830228106012,302.7106577576344,9.61137473881863
13,230.0,9.499338230882437,0.95,0.0,0.0,0.0,0.0,0.0,0.0,0.05,304.23,76.01,0.7560069684120566,0.124974848452604,9.499438230882436,9.452329104392462,1104.9207735845253,24.34840062646518,0.9499603264121872,0.0,0.0,0.0,0.0,0.0,0.0,0.0500396735878126,0.9621326141046176,0.0,0.0,0.0,0.0,0.0,0.0,0.0378673858953823,14.54792669426712,0.8837709730189517,1.0,0.0,0.0,0.0,0.0,0.0,0.0,1.0,14.52556748614066,1121.6270137216943,24.87830228106012,302.7106577576344,9.61137473881863
13,235.0,11.325598152049851,0.95,0.0,0.0,0.0,0.0,0.0,0.0,0.05,304.23,76.01,0.7724419025079708,0.1490014228660683,11.384421137066337,11.325498152049851,1081.0582803334069,28.82380180067232,0.9318266148637548,0.0,0.0,0.0,0.0,0.0,0.0,0.0681733851362451,0.9500196937402235,0.0,0.0,0.0,0.0,0.0,0.0,0.0499803062597762,13.326309724134498,0.9271822265094564,1.0,0.0,0.0,0.0,0.0,0.0,0.0,1.0,13.258875583506692,1102.8688895247462,29.73094022392497,302.7106577576344,11.525181126674264
13,235.0,11.332122928162796,0.95,0.0,0.0,0.0,0.0,0.0,0.0,0.05,304.23,76.01,0.7724419025079708,0.1490872638884725,11.384421137066337,11.325498152049851,1081.6611357584875,28.851011872653185,0.93379068774888,0.0,0.0,0.0,0.0,0.0,0.0,0.0662093122511202,0.9513125077677436,0.0,0.0,0.0,0.0,0.0,0.0,0.0486874922322563,13.323030647772503,0.9273153506951964,1.0,0.0,0.0,0.0,0.0,0.0,0.0,1.0,13.258875583506692,1102.8688895247462,29.73094022392497,302.7106577576344,11.525181126674264
13,235.0,11.338647704275736,0.95,0.0,0.0,0.0,0.0,0.0,0.0,0.05,304.23,76.01,0.7724419025079708,0.1491731049108766,11.384421137066337,11.325498152049851,1082.2691450760203,28.878336936516373,0.9357666777992332,0.0,0.0,0.0,0.0,0.0,0.0,0.064233322200767,0.9526210814518626,0.0,0.0,0.0,0.0,0.0,0.0,0.0473789185481372,13.31980762192387,0.9274473868317388,1.0,0.0,0.0,0.0,0.0,0.0,0.0,1.0,13.258875583506692,1102.8688895247462,29.73094022392497,302.7106577576344,11.525181126674264
13,235.0,11.34517248038868,0.95,0.0,0.0,0.0,0.0,0.0,0.0,0.05,304.23,76.01,0.7724419025079708,0.1492589459332808,11.384421137066337,11.325498152049851,1082.8824574359485,28.905780339067487,0.9377549703375684,0.0,0.0,0.0,0.0,0.0,0.0,0.0622450296624314,0.9539458985658404,0.0,0.0,0.0,0.0,0.0,0.0,0.0460541014341597,13.316641763117984,0.9275783034944922,1.0,0.0,0.0,0.0,0.0,0.0,0.0,1.0,13.258875583506692,1102.8688895247462,29.73094022392497,302.7106577576344,11.525181126674264
13,235.0,11.35169725650162,0.95,0.0,0.0,0.0,0.0,0.0,0.0,0.05,304.23,76.01,0.7724419025079708,0.149344786955685,11.384421137066337,11.325498152049851,1083.5012348443338,28.93334559692336,0.9397559875671496,0.0,0.0,0.0,0.0,0.0,0.0,0.0602440124328506,0.9552874675863092,0.0,0.0,0.0,0.0,0.0,0.0,0.0447125324136907,13.31353424314596,0.9277080678833164,1.0,0.0,0.0,0.0,0.0,0.0,0.0,1.0,13.258875583506692,1102.8688895247462,29.73094022392497,302.7106577576344,11.525181126674264
13,235.0,11.358222032614565,0.95,0.0,0.0,0.0,0.0,0.0,0.0,0.05,304.23,76.01,0.7724419025079708,0.1494306279780892,11.384421137066337,11.325498152049851,1084.1256457852546,28.961036408763583,0.941770167410899,0.0,0.0,0.0,0.0,0.0,0.0,0.0582298325891009,0.9566463234801028,0.0,0.0,0.0,0.0,0.0,0.0,0.0433536765198972,13.310486299855132,0.9278366458482182,1.0,0.0,0.0,0.0,0.0,0.0,0.0,1.0,13.258875583506692,1102.8688895247462,29.73094022392497,302.7106577576344,11.525181126674264
13,235.0,11.364746808727508,0.95,0.0,0.0,0.0,0.0,0.0,0.0,0.05,304.23,76.01,0.7724419025079708,0.1495164690004934,11.384421137066337,11.325498152049851,1084.7558703176803,28.98885666882809,0.9437979796420966,0.0,0.0,0.0,0.0,0.0,0.0,0.0562020203579035,0.958023029672644,0.0,0.0,0.0,0.0,0.0,0.0,0.0419769703273561,13.307499214381412,0.9279640013009804,1.0,0.0,0.0,0.0,0.0,0.0,0.0,1.0,13.258875583506692,1102.8688895247462,29.73094022392497,302.7106577576344,11.525181126674264
13,235.0,11.37127158484045,0.95,0.0,0.0,0.0,0.0,0.0,0.0,0.05,304.23,76.01,0.7724419025079708,0.1496023100228976,11.384421137066337,11.325498152049851,1085.392089351731,29.016810481551296,0.9458398909011956,0.0,0.0,0.0,0.0,0.0,0.0,0.0541601090988043,0.959418180192146,0.0,0.0,0.0,0.0,0.0,0.0,0.040581819807854,13.304574353960357,0.9280900966597097,1.0,0.0,0.0,0.0,0.0,0.0,0.0,1.0,13.258875583506692,1102.8688895247462,29.73094022392497,302.7106577576344,11.525181126674264
13,235.0,11.377796360953392,0.95,0.0,0.0,0.0,0.0,0.0,0.0,0.05,304.23,76.01,0.7724419025079708,0.1496881510453018,11.384421137066337,11.325498152049851,1086.0345038257385,29.044902178119955,0.947896426111369,0.0,0.0,0.0,0.0,0.0,0.0,0.0521035738886309,0.9608324020671808,0.0,0.0,0.0,0.0,0.0,0.0,0.0391675979328194,13.301713144726428,0.9282148921136134,1.0,0.0,0.0,0.0,0.0,0.0,0.0,1.0,13.258875583506692,1102.8688895247462,29.73094022392497,302.7106577576344,11.525181126674264
13,235.0,11.384321137066337,0.95,0.0,0.0,0.0,0.0,0.0,0.0,0.05,304.23,76.01,0.7724419025079708,0.149773992067706,11.384421137066337,11.325498152049851,1086.6833229886058,29.07313633402085,0.9499681301328656,0.0,0.0,0.0,0.0,0.0,0.0,0.0500318698671345,0.962266357911847,0.0,0.0,0.0,0.0,0.0,0.0,0.037733642088153,13.298917126458765,0.9283383471785256,1.0,0.0,0.0,0.0,0.0,0.0,0.0,1.0,13.258875583506692,1102.8688895247462,29.73094022392497,302.7106577576344,11.525181126674264
13,240.0,13.463883637257144,0.95,0.0,0.0,0.0,0.0,0.0,0.0,0.05,304.23,76.01,0.7888768366038852,0.1771330566669799,13.53610473193936,13.463783637257144,1062.213243218018,34.21811724677534,0.9318370414229684,0.0,0.0,0.0,0.0,0.0,0.0,0.0681629585770317,0.9500161730032896,0.0,0.0,0.0,0.0,0.0,0.0,0.0499838269967102,12.103560977474007,0.9762359518705758,1.0,0.0,0.0,0.0,0.0,0.0,0.0,1.0,12.014498351825988,1083.263844328595,35.3375257790447,302.7106577576344,13.710780754884407
13,240.0,13.471897092221834,0.95,0.0,0.0,0.0,0.0,0.0,0.0,0.05,304.23,76.01,0.7888768366038852,0.1772384829919988,13.53610473193936,13.463783637257144,1062.7944441733384,34.251693863950905,0.933803671292896,0.0,0.0,0.0,0.0,0.0,0.0,0.066196328707104,0.9513196235723927,0.0,0.0,0.0,0.0,0.0,0.0,0.0486803764276072,12.09971059459136,0.9763986451611032,1.0,0.0,0.0,0.0,0.0,0.0,0.0,1.0,12.014498351825988,1083.263844328595,35.3375257790447,302.7106577576344,13.710780754884407
13,240.0,13.479910547186526,0.95,0.0,0.0,0.0,0.0,0.0,0.0,0.05,304.23,76.01,0.7888768366038852,0.1773439093170178,13.53610473193936,13.463783637257144,1063.3805077263514,34.28540236445927,0.9357815658120966,0.0,0.0,0.0,0.0,0.0,0.0,0.0642184341879032,0.952638041175168,0.0,0.0,0.0,0.0,0.0,0.0,0.0473619588248319,12.095911306991743,0.976560223974802,1.0,0.0,0.0,0.0,0.0,0.0,0.0,1.0,12.014498351825988,1083.263844328595,35.3375257790447,302.7106577576344,13.710780754884407
13,240.0,13.487924002151216,0.95,0.0,0.0,0.0,0.0,0.0,0.0,0.05,304.23,76.01,0.7888768366038852,0.1774493356420367,13.53610473193936,13.463783637257144,1063.9715659977194,34.31924634687028,0.9377710698935354,0.0,0.0,0.0,0.0,0.0,0.0,0.0622289301064645,0.9539718609816428,0.0,0.0,0.0,0.0,0.0,0.0,0.0460281390183573,12.092164029272292,0.976720657901916,1.0,0.0,0.0,0.0,0.0,0.0,0.0,1.0,12.014498351825988,1083.263844328595,35.3375257790447,302.7106577576344,13.710780754884407
13,240.0,13.495937457115907,0.95,0.0,0.0,0.0,0.0,0.0,0.0,0.05,304.23,76.01,0.7888768366038852,0.1775547619670557,13.53610473193936,13.463783637257144,1064.5677614942597,34.3532295822493,0.9397725588381622,0.0,0.0,0.0,0.0,0.0,0.0,0.0602274411618377,0.9553215391490598,0.0,0.0,0.0,0.0,0.0,0.0,0.0446784608509401,12.08846971905216,0.9768799152704092,1.0,0.0,0.0,0.0,0.0,0.0,0.0,1.0,12.014498351825988,1083.263844328595,35.3375257790447,302.7106577576344,13.710780754884407
13,240.0,13.503950912080596,0.95,0.0,0.0,0.0,0.0,0.0,0.0,0.05,304.23,76.01,0.7888768366038852,0.1776601882920747,13.53610473193936,13.463783637257144,1065.1692422798296,34.38735602587277,0.9417864216312752,0.0,0.0,0.0,0.0,0.0,0.0,0.0582135783687248,0.9566875542501742,0.0,0.0,0.0,0.0,0.0,0.0,0.0433124457498257,12.084829379057387,0.9770379630652812,1.0,0.0,0.0,0.0,0.0,0.0,0.0,1.0,12.014498351825988,1083.263844328595,35.3375257790447,302.7106577576344,13.710780754884407
13,240.0,13.51196436704529,0.95,0.0,0.0,0.0,0.0,0.0,0.0,0.05,304.23,76.01,0.7888768366038852,0.1777656146170936,13.53610473193936,13.463783637257144,1065.7761657107728,34.42162983014339,0.9438130731773772,0.0,0.0,0.0,0.0,0.0,0.0,0.0561869268226226,0.958070408849732,0.0,0.0,0.0,0.0,0.0,0.0,0.0419295911502679,12.081244060887611,0.9771947668383688,1.0,0.0,0.0,0.0,0.0,0.0,0.0,1.0,12.014498351825988,1083.263844328595,35.3375257790447,302.7106577576344,13.710780754884407
13,240.0,13.51997782200998,0.95,0.0,0.0,0.0,0.0,0.0,0.0,0.05,304.23,76.01,0.7888768366038852,0.1778710409421126,13.53610473193936,13.463783637257144,1066.3886907462072,34.456055358527564,0.9458529281738092,0.0,0.0,0.0,0.0,0.0,0.0,0.0541470718261907,0.9594706312078798,0.0,0.0,0.0,0.0,0.0,0.0,0.0405293687921202,12.077714867920983,0.9773502906191096,1.0,0.0,0.0,0.0,0.0,0.0,0.0,1.0,12.014498351825988,1083.263844328595,35.3375257790447,302.7106577576344,13.710780754884407
13,240.0,13.52799127697467,0.95,0.0,0.0,0.0,0.0,0.0,0.0,0.05,304.23,76.01,0.7888768366038852,0.1779764672671315,13.53610473193936,13.463783637257144,1067.0069918183228,34.490637200986605,0.9479064472028438,0.0,0.0,0.0,0.0,0.0,0.0,0.0520935527971561,0.9608887771568098,0.0,0.0,0.0,0.0,0.0,0.0,0.0391112228431902,12.07424295914655,0.977504496787298,1.0,0.0,0.0,0.0,0.0,0.0,0.0,1.0,12.014498351825988,1083.263844328595,35.3375257790447,302.7106577576344,13.710780754884407
13,240.0,13.53600473193936,0.95,0.0,0.0,0.0,0.0,0.0,0.0,0.05,304.23,76.01,0.7888768366038852,0.1780818935921505,13.53610473193936,13.463783637257144,1067.6312503597974,34.525380190651966,0.9499741078546928,0.0,0.0,0.0,0.0,0.0,0.0,0.0500258921453073,0.9623254321487408,0.0,0.0,0.0,0.0,0.0,0.0,0.0376745678512593,12.070829553577044,0.9776573459722314,1.0,0.0,0.0,0.0,0.0,0.0,0.0,1.0,12.014498351825988,1083.263844328595,35.3375257790447,302.7106577576344,13.710780754884407
13,245.0,15.890171764384368,0.95,0.0,0.0,0.0,0.0,0.0,0.0,0.05,304.23,76.01,0.8053117706997994,0.2090537003602732,15.977335233233198,15.890071764384368,1042.475393189236,40.43465816024396,0.931981314745152,0.0,0.0,0.0,0.0,0.0,0.0,0.068018685254848,0.950013433252494,0.0,0.0,0.0,0.0,0.0,0.0,0.0499865667475061,10.902594318032929,1.031001018129463,1.0,0.0,0.0,0.0,0.0,0.0,0.0,1.0,10.793959502416731,1062.6711211462375,41.80803719266337,302.7106577576344,16.191644196077288
13,245.0,15.899845483145349,0.95,0.0,0.0,0.0,0.0,0.0,0.0,0.05,304.23,76.01,0.8053117706997994,0.2091809693875193,15.977335233233198,15.890071764384368,1043.028967552725,40.47563516418093,0.933935596258519,0.0,0.0,0.0,0.0,0.0,0.0,0.0660644037414809,0.9513199168826684,0.0,0.0,0.0,0.0,0.0,0.0,0.0486800831173316,10.898253536724788,1.0311994647107363,1.0,0.0,0.0,0.0,0.0,0.0,0.0,1.0,10.793959502416731,1062.6711211462375,41.80803719266337,302.7106577576344,16.191644196077288
13,245.0,15.90951920190633,0.95,0.0,0.0,0.0,0.0,0.0,0.0,0.05,304.23,76.01,0.8053117706997994,0.2093082384147655,15.977335233233198,15.890071764384368,1043.5870918965643,40.51676179351029,0.9359004498945096,0.0,0.0,0.0,0.0,0.0,0.0,0.0640995501054905,0.9526404857498252,0.0,0.0,0.0,0.0,0.0,0.0,0.0473595142501748,10.893958855549831,1.0313967779124988,1.0,0.0,0.0,0.0,0.0,0.0,0.0,1.0,10.793959502416731,1062.6711211462375,41.80803719266337,302.7106577576344,16.191644196077288
13,245.0,15.919192920667312,0.95,0.0,0.0,0.0,0.0,0.0,0.0,0.05,304.23,76.01,0.8053117706997994,0.2094355074420117,15.977335233233198,15.890071764384368,1044.1498873766047,40.5580418594129,0.9378762000898914,0.0,0.0,0.0,0.0,0.0,0.0,0.0621237999101086,0.9539755269335808,0.0,0.0,0.0,0.0,0.0,0.0,0.0460244730664191,10.889711011539172,1.031592928529974,1.0,0.0,0.0,0.0,0.0,0.0,0.0,1.0,10.793959502416731,1062.6711211462375,41.80803719266337,302.7106577576344,16.191644196077288
13,245.0,15.928866639428293,0.95,0.0,0.0,0.0,0.0,0.0,0.0,0.05,304.23,76.01,0.8053117706997994,0.2095627764692579,15.977335233233198,15.890071764384368,1044.7174729965088,40.59947934532669,0.9398631591211564,0.0,0.0,0.0,0.0,0.0,0.0,0.0601368408788437,0.9553254451056382,0.0,0.0,0.0,0.0,0.0,0.0,0.0446745548943616,10.885510774259666,1.0317878862301184,1.0,0.0,0.0,0.0,0.0,0.0,0.0,1.0,10.793959502416731,1062.6711211462375,41.80803719266337,302.7106577576344,16.191644196077288
13,245.0,15.938540358189274,0.95,0.0,0.0,0.0,0.0,0.0,0.0,0.05,304.23,76.01,0.8053117706997994,0.209690045496504,15.977335233233198,15.890071764384368,1045.2899793883028,40.641078418083445,0.9418616755272056,0.0,0.0,0.0,0.0,0.0,0.0,0.0581383244727944,0.9566906636708022,0.0,0.0,0.0,0.0,0.0,0.0,0.0433093363291977,10.881358949229671,1.0319816194761249,1.0,0.0,0.0,0.0,0.0,0.0,0.0,1.0,10.793959502416731,1062.6711211462375,41.80803719266337,302.7106577576344,16.191644196077288
13,245.0,15.948214076950254,0.95,0.0,0.0,0.0,0.0,0.0,0.0,0.05,304.23,76.01,0.8053117706997994,0.2098173145237502,15.977335233233198,15.890071764384368,1045.8675428430508,40.68284343991591,0.943872112635696,0.0,0.0,0.0,0.0,0.0,0.0,0.0561278873643038,0.9580716259968232,0.0,0.0,0.0,0.0,0.0,0.0,0.0419283740031768,10.877256379091754,1.0321740954532643,1.0,0.0,0.0,0.0,0.0,0.0,0.0,1.0,10.793959502416731,1062.6711211462375,41.80803719266337,302.7106577576344,16.191644196077288
13,245.0,15.957887795711237,0.95,0.0,0.0,0.0,0.0,0.0,0.0,0.05,304.23,76.01,0.8053117706997994,0.2099445835509964,15.977335233233198,15.890071764384368,1046.4503016132228,40.72477898150191,0.9458948353695829,0.0,0.0,0.0,0.0,0.0,0.0,0.0541051646304172,0.959468796748418,0.0,0.0,0.0,0.0,0.0,0.0,0.0405312032515818,10.873203944573106,1.032365279991661,1.0,0.0,0.0,0.0,0.0,0.0,0.0,1.0,10.793959502416731,1062.6711211462375,41.80803719266337,302.7106577576344,16.191644196077288
13,245.0,15.967561514472218,0.95,0.0,0.0,0.0,0.0,0.0,0.0,0.05,304.23,76.01,0.8053117706997994,0.2100718525782425,15.977335233233198,15.890071764384368,1047.0384058013317,40.76688983619366,0.947930244505568,0.0,0.0,0.0,0.0,0.0,0.0,0.0520697554944318,0.9608826633486948,0.0,0.0,0.0,0.0,0.0,0.0,0.0391173366513053,10.869202567717924,1.032555137482036,1.0,0.0,0.0,0.0,0.0,0.0,0.0,1.0,10.793959502416731,1062.6711211462375,41.80803719266337,302.7106577576344,16.191644196077288
13,245.0,15.977235233233198,0.95,0.0,0.0,0.0,0.0,0.0,0.0,0.05,304.23,76.01,0.8053117706997994,0.2101991216054887,15.977335233233198,15.890071764384368,1047.632011333842,40.80918103548642,0.9499787551644778,0.0,0.0,0.0,0.0,0.0,0.0,0.0500212448355221,0.9623137375573578,0.0,0.0,0.0,0.0,0.0,0.0,0.0376862624426421,10.865253214455436,1.0327436307724434,1.0,0.0,0.0,0.0,0.0,0.0,0.0,1.0,10.793959502416731,1062.6711211462375,41.80803719266337,302.7106577576344,16.191644196077288
13,250.0,18.628239071585497,0.95,0.0,0.0,0.0,0.0,0.0,0.0,0.05,304.23,76.01,0.8217467047957138,0.2450761619732337,18.731792724897712,18.628139071585498,1021.679823006772,47.59838342080992,0.9322527182666752,0.0,0.0,0.0,0.0,0.0,0.0,0.0677472817333249,0.950011271050581,0.0,0.0,0.0,0.0,0.0,0.0,0.0499887289494189,9.725230047047225,1.0927815894546158,1.0,0.0,0.0,0.0,0.0,0.0,0.0,1.0,9.599114364051816,1040.9186176418627,49.27650279185157,302.7106577576344,18.99215487266697
13,250.0,18.63973392195352,0.95,0.0,0.0,0.0,0.0,0.0,0.0,0.05,304.23,76.01,0.8217467047957138,0.2452273901059534,18.731792724897712,18.628139071585498,1022.2001592370248,47.647929809169206,0.9341805117398584,0.0,0.0,0.0,0.0,0.0,0.0,0.0658194882601415,0.9513133730935002,0.0,0.0,0.0,0.0,0.0,0.0,0.0486866269064998,9.720487848689322,1.0930254880305612,1.0,0.0,0.0,0.0,0.0,0.0,0.0,1.0,9.599114364051816,1040.9186176418627,49.27650279185157,302.7106577576344,18.99215487266697
13,250.0,18.651228772321545,0.95,0.0,0.0,0.0,0.0,0.0,0.0,0.05,304.23,76.01,0.8217467047957138,0.2453786182386731,18.731792724897712,18.628139071585498,1022.724718205698,47.69764436383639,0.9361181629098108,0.0,0.0,0.0,0.0,0.0,0.0,0.0638818370901891,0.9526286069951364,0.0,0.0,0.0,0.0,0.0,0.0,0.0473713930048636,9.715786799788438,1.093268230734629,1.0,0.0,0.0,0.0,0.0,0.0,0.0,1.0,9.599114364051816,1040.9186176418627,49.27650279185157,302.7106577576344,18.99215487266697
13,250.0,18.66272362268957,0.95,0.0,0.0,0.0,0.0,0.0,0.0,0.05,304.23,76.01,0.8217467047957138,0.2455298463713928,18.731792724897712,18.628139071585498,1023.2536026562244,47.74753106138917,0.9380659482153084,0.0,0.0,0.0,0.0,0.0,0.0,0.0619340517846916,0.9539573129292784,0.0,0.0,0.0,0.0,0.0,0.0,0.0460426870707215,9.711127466282152,1.0935097895058328,1.0,0.0,0.0,0.0,0.0,0.0,0.0,1.0,9.599114364051816,1040.9186176418627,49.27650279185157,302.7106577576344,18.99215487266697
13,250.0,18.674218473057596,0.95,0.0,0.0,0.0,0.0,0.0,0.0,0.05,304.23,76.01,0.8217467047957138,0.2456810745041125,18.731792724897712,18.628139071585498,1023.786919051792,47.79759404758301,0.9400241535806808,0.0,0.0,0.0,0.0,0.0,0.0,0.0599758464193192,0.9552998456118026,0.0,0.0,0.0,0.0,0.0,0.0,0.0447001543881973,9.706510478034762,1.0937501355614148,1.0,0.0,0.0,0.0,0.0,0.0,0.0,1.0,9.599114364051816,1040.9186176418627,49.27650279185157,302.7106577576344,18.99215487266697
13,250.0,18.685713323425617,0.95,0.0,0.0,0.0,0.0,0.0,0.0,0.05,304.23,76.01,0.8217467047957138,0.2458323026368322,18.731792724897712,18.628139071585498,1024.3247806077552,47.847837647596094,0.9419930853794748,0.0,0.0,0.0,0.0,0.0,0.0,0.0580069146205251,0.9566565751831372,0.0,0.0,0.0,0.0,0.0,0.0,0.0433434248168627,9.70193646988716,1.0939892388996877,1.0,0.0,0.0,0.0,0.0,0.0,0.0,1.0,9.599114364051816,1040.9186176418627,49.27650279185157,302.7106577576344,18.99215487266697
13,250.0,18.69720817379364,0.95,0.0,0.0,0.0,0.0,0.0,0.0,0.05,304.23,76.01,0.8217467047957138,0.2459835307695519,18.731792724897712,18.628139071585498,1024.8672999965836,47.89826637704945,0.9439730432327892,0.0,0.0,0.0,0.0,0.0,0.0,0.0560269567672109,0.958027888157481,0.0,0.0,0.0,0.0,0.0,0.0,0.041972111842519,9.697406100112078,1.0942270683665214,1.0,0.0,0.0,0.0,0.0,0.0,0.0,1.0,9.599114364051816,1040.9186176418627,49.27650279185157,302.7106577576344,18.99215487266697
13,250.0,18.708703024161665,0.95,0.0,0.0,0.0,0.0,0.0,0.0,0.05,304.23,76.01,0.8217467047957138,0.2461347589022716,18.731792724897712,18.628139071585498,1025.4145980954836,47.94888495398383,0.9459643520838688,0.0,0.0,0.0,0.0,0.0,0.0,0.0540356479161313,0.9594141884549364,0.0,0.0,0.0,0.0,0.0,0.0,0.0405858115450634,9.692920058227015,1.094463591636773,1.0,0.0,0.0,0.0,0.0,0.0,0.0,1.0,9.599114364051816,1040.9186176418627,49.27650279185157,302.7106577576344,18.99215487266697
13,250.0,18.72019787452969,0.95,0.0,0.0,0.0,0.0,0.0,0.0,0.05,304.23,76.01,0.8217467047957138,0.2462859870349912,18.731792724897712,18.628139071585498,1025.9668048272474,47.99969831173759,0.9479673647915492,0.0,0.0,0.0,0.0,0.0,0.0,0.0520326352084508,0.96081589851032,0.0,0.0,0.0,0.0,0.0,0.0,0.0391841014896799,9.68847906455439,1.094698775125433,1.0,0.0,0.0,0.0,0.0,0.0,0.0,1.0,9.599114364051816,1040.9186176418627,49.27650279185157,302.7106577576344,18.99215487266697
13,250.0,18.731692724897712,0.95,0.0,0.0,0.0,0.0,0.0,0.0,0.05,304.23,76.01,0.8217467047957138,0.2464372151677109,18.731792724897712,18.628139071585498,1026.5240468258337,48.05071161294256,0.9499824166953794,0.0,0.0,0.0,0.0,0.0,0.0,0.0500175833046205,0.9622334604820796,0.0,0.0,0.0,0.0,0.0,0.0,0.0377665395179204,9.684083871995853,1.0949325838926698,1.0,0.0,0.0,0.0,0.0,0.0,0.0,1.0,9.599114364051816,1040.9186176418627,49.27650279185157,302.7106577576344,18.99215487266697
13,255.0,21.702855587162997,0.95,0.0,0.0,0.0,0.0,0.0,0.0,0.05,304.23,76.01,0.838181638891628,0.2855263200521378,21.824079935423136,21.702755587162997,999.6234849884388,55.86406349892146,0.9326468314872292,0.0,0.0,0.0,0.0,0.0,0.0,0.0673531685127707,0.9500095428284202,0.0,0.0,0.0,0.0,0.0,0.0,0.0499904571715798,8.57368054117832,1.1633541628208437,1.0,0.0,0.0,0.0,0.0,0.0,0.0,1.0,8.432227805466914,1017.7913832278248,57.90987351738985,302.7106577576344,22.13772066860631
13,255.0,21.716313848080787,0.95,0.0,0.0,0.0,0.0,0.0,0.0,0.05,304.23,76.01,0.838181638891628,0.2857033791353872,21.824079935423136,21.702755587162997,1000.1051990210044,55.92351441596509,0.9345345067419716,0.0,0.0,0.0,0.0,0.0,0.0,0.0654654932580285,0.9512998503008786,0.0,0.0,0.0,0.0,0.0,0.0,0.0487001496991214,8.568632956106816,1.163654130782235,1.0,0.0,0.0,0.0,0.0,0.0,0.0,1.0,8.432227805466914,1017.7913832278248,57.90987351738985,302.7106577576344,22.13772066860631
13,255.0,21.72977210899858,0.95,0.0,0.0,0.0,0.0,0.0,0.0,0.05,304.23,76.01,0.838181638891628,0.2858804382186367,21.824079935423136,21.702755587162997,1000.5907933582538,55.98315282721819,0.9364312972973484,0.0,0.0,0.0,0.0,0.0,0.0,0.0635687027026514,0.9526022783730383,0.0,0.0,0.0,0.0,0.0,0.0,0.0473977216269615,8.563621664277774,1.1639529251238578,1.0,0.0,0.0,0.0,0.0,0.0,0.0,1.0,8.432227805466914,1017.7913832278248,57.90987351738985,302.7106577576344,22.13772066860631
13,255.0,21.743230369916372,0.95,0.0,0.0,0.0,0.0,0.0,0.0,0.05,304.23,76.01,0.838181638891628,0.2860574973018862,21.824079935423136,21.702755587162997,1001.0803558351586,56.0429828193134,0.9383374422136972,0.0,0.0,0.0,0.0,0.0,0.0,0.0616625577863026,0.953917121984972,0.0,0.0,0.0,0.0,0.0,0.0,0.0460828780150279,8.558647112707371,1.164250519595118,1.0,0.0,0.0,0.0,0.0,0.0,0.0,1.0,8.432227805466914,1017.7913832278248,57.90987351738985,302.7106577576344,22.13772066860631
13,255.0,21.75668863083417,0.95,0.0,0.0,0.0,0.0,0.0,0.0,0.05,304.23,76.01,0.838181638891628,0.2862345563851357,21.824079935423136,21.702755587162997,1001.5739773582608,56.10300864200049,0.9402531885512992,0.0,0.0,0.0,0.0,0.0,0.0,0.0597468114487008,0.9552446878947042,0.0,0.0,0.0,0.0,0.0,0.0,0.0447553121052957,8.55370978790929,1.1645468871611555,1.0,0.0,0.0,0.0,0.0,0.0,0.0,1.0,8.432227805466914,1017.7913832278248,57.90987351738985,302.7106577576344,22.13772066860631
13,255.0,21.77014689175196,0.95,0.0,0.0,0.0,0.0,0.0,0.0,0.05,304.23,76.01,0.838181638891628,0.2864116154683852,21.824079935423136,21.702755587162997,1002.0717524937846,56.16323471743197,0.9421787934729194,0.0,0.0,0.0,0.0,0.0,0.0,0.0578212065270806,0.956585295352832,0.0,0.0,0.0,0.0,0.0,0.0,0.043414704647168,8.548810182127795,1.1648419997164878,1.0,0.0,0.0,0.0,0.0,0.0,0.0,1.0,8.432227805466914,1017.7913832278248,57.90987351738985,302.7106577576344,22.13772066860631
13,255.0,21.783605152669757,0.95,0.0,0.0,0.0,0.0,0.0,0.0,0.05,304.23,76.01,0.838181638891628,0.2865886745516346,21.824079935423136,21.702755587162997,1002.573781904095,56.22366565008789,0.9441145335038692,0.0,0.0,0.0,0.0,0.0,0.0,0.0558854664961309,0.9579392768220298,0.0,0.0,0.0,0.0,0.0,0.0,0.0420607231779701,8.543948802985561,1.1651370645146089,1.0,0.0,0.0,0.0,0.0,0.0,0.0,1.0,8.432227805466914,1017.7913832278248,57.90987351738985,302.7106577576344,22.13772066860631
13,255.0,21.797063413587548,0.95,0.0,0.0,0.0,0.0,0.0,0.0,0.05,304.23,76.01,0.838181638891628,0.2867657336348841,21.824079935423136,21.702755587162997,1003.0801635051116,56.28430623744011,0.946060669784089,0.0,0.0,0.0,0.0,0.0,0.0,0.0539393302159109,0.9593069787528096,0.0,0.0,0.0,0.0,0.0,0.0,0.0406930212471902,8.539126179547727,1.1654313183778795,1.0,0.0,0.0,0.0,0.0,0.0,0.0,1.0,8.432227805466914,1017.7913832278248,57.90987351738985,302.7106577576344,22.13772066860631
13,255.0,21.810521674505345,0.95,0.0,0.0,0.0,0.0,0.0,0.0,0.05,304.23,76.01,0.838181638891628,0.2869427927181336,21.824079935423136,21.702755587162997,1003.5910080218604,56.34516148157324,0.9480175084735843,0.0,0.0,0.0,0.0,0.0,0.0,0.0519824915264157,0.9606887624208524,0.0,0.0,0.0,0.0,0.0,0.0,0.0393112375791476,8.534342863229929,1.1657242201009743,1.0,0.0,0.0,0.0,0.0,0.0,0.0,1.0,8.432227805466914,1017.7913832278248,57.90987351738985,302.7106577576344,22.13772066860631
13,255.0,21.823979935423136,0.95,0.0,0.0,0.0,0.0,0.0,0.0,0.05,304.23,76.01,0.838181638891628,0.2871198518013831,21.824079935423136,21.702755587162997,1004.1064242769056,56.40623660136284,0.949985343149289,0.0,0.0,0.0,0.0,0.0,0.0,0.050014656850711,0.9620850048228048,0.0,0.0,0.0,0.0,0.0,0.0,0.0379149951771953,8.529599428846605,1.1660157370616488,1.0,0.0,0.0,0.0,0.0,0.0,0.0,1.0,8.432227805466914,1017.7913832278248,57.90987351738985,302.7106577576344,22.13772066860631
13,260.0,25.139931544645503,0.95,0.0,0.0,0.0,0.0,0.0,0.0,0.05,304.23,76.01,0.8546165729875422,0.3307450538698263,25.279847795763317,25.139831544645503,976.0499149109004,65.42806883132452,0.9331618809448812,0.0,0.0,0.0,0.0,0.0,0.0,0.0668381190551186,0.9500081454231138,0.0,0.0,0.0,0.0,0.0,0.0,0.049991854576886,7.450648681407025,1.2451963022168564,1.0,0.0,0.0,0.0,0.0,0.0,0.0,1.0,7.296085655146154,993.0143761526203,67.92140682303575,302.7106577576344,25.654931900849267
13,260.0,25.15546668365859,0.95,0.0,0.0,0.0,0.0,0.0,0.0,0.05,304.23,76.01,0.8546165729875422,0.3309494367012049,25.279847795763317,25.139831544645503,976.4877011500084,65.49896984237989,0.9349960227619664,0.0,0.0,0.0,0.0,0.0,0.0,0.0650039772380337,0.9512790323259532,0.0,0.0,0.0,0.0,0.0,0.0,0.0487209676740468,7.44539844529323,1.2455696073199718,1.0,0.0,0.0,0.0,0.0,0.0,0.0,1.0,7.296085655146154,993.0143761526203,67.92140682303575,302.7106577576344,25.654931900849267
13,260.0,25.171001822671684,0.95,0.0,0.0,0.0,0.0,0.0,0.0,0.05,304.23,76.01,0.8546165729875422,0.3311538195325836,25.279847795763317,25.139831544645503,976.9290111534216,65.5700785238105,0.9368385099783694,0.0,0.0,0.0,0.0,0.0,0.0,0.0631614900216306,0.952560981104747,0.0,0.0,0.0,0.0,0.0,0.0,0.0474390188952531,7.440179817851952,1.245941721242118,1.0,0.0,0.0,0.0,0.0,0.0,0.0,1.0,7.296085655146154,993.0143761526203,67.92140682303575,302.7106577576344,25.654931900849267
13,260.0,25.186536961684773,0.95,0.0,0.0,0.0,0.0,0.0,0.0,0.05,304.23,76.01,0.8546165729875422,0.3313582023639622,25.279847795763317,25.139831544645503,977.3739189919008,65.64139900863182,0.938689546640638,0.0,0.0,0.0,0.0,0.0,0.0,0.0613104533593619,0.9538542434804308,0.0,0.0,0.0,0.0,0.0,0.0,0.0461457565195692,7.434993141139444,1.2463126192146596,1.0,0.0,0.0,0.0,0.0,0.0,0.0,1.0,7.296085655146154,993.0143761526203,67.92140682303575,302.7106577576344,25.654931900849267
13,260.0,25.202072100697865,0.95,0.0,0.0,0.0,0.0,0.0,0.0,0.05,304.23,76.01,0.8546165729875422,0.3315625851953409,25.279847795763317,25.139831544645503,977.8225012073732,65.71293558403627,0.9405493433622354,0.0,0.0,0.0,0.0,0.0,0.0,0.0594506566377646,0.9551590805912192,0.0,0.0,0.0,0.0,0.0,0.0,0.0448409194087807,7.429838770412508,1.2466822757949616,1.0,0.0,0.0,0.0,0.0,0.0,0.0,1.0,7.296085655146154,993.0143761526203,67.92140682303575,302.7106577576344,25.654931900849267
13,260.0,25.217607239710954,0.95,0.0,0.0,0.0,0.0,0.0,0.0,0.05,304.23,76.01,0.8546165729875422,0.3317669680267195,25.279847795763317,25.139831544645503,978.2748372045504,65.78469269958535,0.9424181187899622,0.0,0.0,0.0,0.0,0.0,0.0,0.0575818812100377,0.956475763493673,0.0,0.0,0.0,0.0,0.0,0.0,0.0435242365063268,7.424717074275978,1.24705066476349,1.0,0.0,0.0,0.0,0.0,0.0,0.0,1.0,7.296085655146154,993.0143761526203,67.92140682303575,302.7106577576344,25.654931900849267
13,260.0,25.233142378724043,0.95,0.0,0.0,0.0,0.0,0.0,0.0,0.05,304.23,76.01,0.8546165729875422,0.3319713508580981,25.279847795763317,25.139831544645503,978.7310108950232,65.8566749759245,0.9442961062775314,0.0,0.0,0.0,0.0,0.0,0.0,0.0557038937224686,0.95780457369538,0.0,0.0,0.0,0.0,0.0,0.0,0.0421954263046199,7.419628435084404,1.2474177590569369,1.0,0.0,0.0,0.0,0.0,0.0,0.0,1.0,7.296085655146154,993.0143761526203,67.92140682303575,302.7106577576344,25.654931900849267
13,260.0,25.24867751773713,0.95,0.0,0.0,0.0,0.0,0.0,0.0,0.05,304.23,76.01,0.8546165729875422,0.3321757336894768,25.279847795763317,25.139831544645503,979.1911047927096,65.92888721417621,0.9461835289208784,0.0,0.0,0.0,0.0,0.0,0.0,0.0538164710791215,0.9591458037276734,0.0,0.0,0.0,0.0,0.0,0.0,0.0408541962723265,7.414573249750978,1.2477835307263967,1.0,0.0,0.0,0.0,0.0,0.0,0.0,1.0,7.296085655146154,993.0143761526203,67.92140682303575,302.7106577576344,25.654931900849267
13,260.0,25.264212656750225,0.95,0.0,0.0,0.0,0.0,0.0,0.0,0.05,304.23,76.01,0.8546165729875422,0.3323801165208555,25.279847795763317,25.139831544645503,979.6552104963704,66.0013344058352,0.9480806432385188,0.0,0.0,0.0,0.0,0.0,0.0,0.0519193567614811,0.960499757754764,0.0,0.0,0.0,0.0,0.0,0.0,0.039500242245236,7.409551930246815,1.2481479508823348,1.0,0.0,0.0,0.0,0.0,0.0,0.0,1.0,7.296085655146154,993.0143761526203,67.92140682303575,302.7106577576344,25.654931900849267
13,260.0,25.279747795763317,0.95,0.0,0.0,0.0,0.0,0.0,0.0,0.05,304.23,76.01,0.8546165729875422,0.332584499352234,25.279847795763317,25.139831544645503,980.1234185487788,66.07402174367519,0.949987696496159,0.0,0.0,0.0,0.0,0.0,0.0,0.050012303503841,0.9618667522341832,0.0,0.0,0.0,0.0,0.0,0.0,0.0381332477658167,7.404564904687652,1.248510989654811,1.0,0.0,0.0,0.0,0.0,0.0,0.0,1.0,7.296085655146154,993.0143761526203,67.92140682303575,302.7106577576344,25.654931900849267
13,265.0,28.966720624523585,0.95,0.0,0.0,0.0,0.0,0.0,0.0,0.05,304.23,76.01,0.8710515070834566,0.3810909173072435,29.12596598702036,28.966620624523586,950.6257102874484,76.54667545685243,0.9337993397060528,0.0,0.0,0.0,0.0,0.0,0.0,0.0662006602939472,0.9500070034998936,0.0,0.0,0.0,0.0,0.0,0.0,0.0499929965001064,6.359473867099438,1.3418308622837691,1.0,0.0,0.0,0.0,0.0,0.0,0.0,1.0,6.194157229336726,966.2255774553212,79.59167899763797,302.7106577576344,29.571779036695137
13,265.0,28.98440344257878,0.95,0.0,0.0,0.0,0.0,0.0,0.0,0.05,304.23,76.01,0.8710515070834566,0.381323555355595,29.12596598702036,28.966620624523586,951.01416411058,76.6308471663418,0.935566393525138,0.0,0.0,0.0,0.0,0.0,0.0,0.064433606474862,0.951250361067026,0.0,0.0,0.0,0.0,0.0,0.0,0.0487496389329739,6.354130821478576,1.3422999968857108,1.0,0.0,0.0,0.0,0.0,0.0,0.0,1.0,6.194157229336726,966.2255774553212,79.59167899763797,302.7106577576344,29.571779036695137
13,265.0,29.00208626063398,0.95,0.0,0.0,0.0,0.0,0.0,0.0,0.05,304.23,76.01,0.8710515070834566,0.3815561934039466,29.12596598702036,28.966620624523586,951.4057698781928,76.71524776444545,0.9373409874358049,0.0,0.0,0.0,0.0,0.0,0.0,0.0626590125641952,0.9525036818951612,0.0,0.0,0.0,0.0,0.0,0.0,0.0474963181048387,6.348814888587781,1.342767932066751,1.0,0.0,0.0,0.0,0.0,0.0,0.0,1.0,6.194157229336726,966.2255774553212,79.59167899763797,302.7106577576344,29.571779036695137
13,265.0,29.019769078689176,0.95,0.0,0.0,0.0,0.0,0.0,0.0,0.05,304.23,76.01,0.8710515070834566,0.381788831452298,29.12596598702036,28.966620624523586,951.8005905201368,76.79988135864251,0.9391232999004252,0.0,0.0,0.0,0.0,0.0,0.0,0.0608767000995748,0.9537671767591528,0.0,0.0,0.0,0.0,0.0,0.0,0.0462328232408471,6.343526319297488,1.3432346449056347,1.0,0.0,0.0,0.0,0.0,0.0,0.0,1.0,6.194157229336726,966.2255774553212,79.59167899763797,302.7106577576344,29.571779036695137
13,265.0,29.03745189674437,0.95,0.0,0.0,0.0,0.0,0.0,0.0,0.05,304.23,76.01,0.8710515070834566,0.3820214695006495,29.12596598702036,28.966620624523586,952.1986893799226,76.8847521987838,0.9409135074872856,0.0,0.0,0.0,0.0,0.0,0.0,0.0590864925127142,0.955041063754165,0.0,0.0,0.0,0.0,0.0,0.0,0.044958936245835,6.338265372624678,1.3437019103405303,1.0,0.0,0.0,0.0,0.0,0.0,0.0,1.0,6.194157229336726,966.2255774553212,79.59167899763797,302.7106577576344,29.571779036695137
13,265.0,29.05513471479957,0.95,0.0,0.0,0.0,0.0,0.0,0.0,0.05,304.23,76.01,0.8710515070834566,0.382254107549001,29.12596598702036,28.966620624523586,952.6001319876266,76.96986468412115,0.9427117930086852,0.0,0.0,0.0,0.0,0.0,0.0,0.0572882069913148,0.956325568657384,0.0,0.0,0.0,0.0,0.0,0.0,0.043674431342616,6.33303231581383,1.3441694932717567,1.0,0.0,0.0,0.0,0.0,0.0,0.0,1.0,6.194157229336726,966.2255774553212,79.59167899763797,302.7106577576344,29.571779036695137
13,265.0,29.072817532854767,0.95,0.0,0.0,0.0,0.0,0.0,0.0,0.05,304.23,76.01,0.8710515070834566,0.3824867455973525,29.12596598702036,28.966620624523586,953.0049871330458,77.0552233708445,0.9445183502530944,0.0,0.0,0.0,0.0,0.0,0.0,0.0554816497469055,0.9576209253172312,0.0,0.0,0.0,0.0,0.0,0.0,0.0423790746827686,6.327827425069483,1.344635766135339,1.0,0.0,0.0,0.0,0.0,0.0,0.0,1.0,6.194157229336726,966.2255774553212,79.59167899763797,302.7106577576344,29.571779036695137
13,265.0,29.090500350909963,0.95,0.0,0.0,0.0,0.0,0.0,0.0,0.05,304.23,76.01,0.8710515070834566,0.382719383645704,29.12596598702036,28.966620624523586,953.413324647414,77.1408329799516,0.9463333735765008,0.0,0.0,0.0,0.0,0.0,0.0,0.0536666264234991,0.9589273760548226,0.0,0.0,0.0,0.0,0.0,0.0,0.0410726239451773,6.322650985998157,1.3451007030261528,1.0,0.0,0.0,0.0,0.0,0.0,0.0,1.0,6.194157229336726,966.2255774553212,79.59167899763797,302.7106577576344,29.571779036695137
13,265.0,29.10818316896516,0.95,0.0,0.0,0.0,0.0,0.0,0.0,0.05,304.23,76.01,0.8710515070834566,0.3829520216940555,29.12596598702036,28.966620624523586,953.8252143019752,77.22669840573654,0.9481570528200404,0.0,0.0,0.0,0.0,0.0,0.0,0.0518429471799595,0.9602451721030444,0.0,0.0,0.0,0.0,0.0,0.0,0.0397548278969554,6.317503295542799,1.345564277281013,1.0,0.0,0.0,0.0,0.0,0.0,0.0,1.0,6.194157229336726,966.2255774553212,79.59167899763797,302.7106577576344,29.571779036695137
13,265.0,29.12586598702036,0.95,0.0,0.0,0.0,0.0,0.0,0.0,0.05,304.23,76.01,0.8710515070834566,0.383184659742407,29.12596598702036,28.966620624523586,954.240734902279,77.312824724885,0.9499896144962404,0.0,0.0,0.0,0.0,0.0,0.0,0.0500103855037594,0.9615745740726231,0.0,0.0,0.0,0.0,0.0,0.0,0.0384254259273769,6.312384663973158,1.3460264614961872,1.0,0.0,0.0,0.0,0.0,0.0,0.0,1.0,6.194157229336726,966.2255774553212,79.59167899763797,302.7106577576344,29.571779036695137
13,270.0,33.21209921342395,0.95,0.0,0.0,0.0,0.0,0.0,0.0,0.05,304.23,76.01,0.8874864411793708,0.436943812832837,33.39074910957999,33.211999213423944,922.9026171584962,89.56584285820674,0.9345650044628075,0.0,0.0,0.0,0.0,0.0,0.0,0.0654349955371924,0.9500060612562896,0.0,0.0,0.0,0.0,0.0,0.0,0.0499939387437104,5.30435107625501,1.4586057925302414,1.0,0.0,0.0,0.0,0.0,0.0,0.0,1.0,5.130843724671824,936.9320241360858,93.30322734807504,302.7106577576344,33.91794976874195
13,270.0,33.23193809077462,0.95,0.0,0.0,0.0,0.0,0.0,0.0,0.05,304.23,76.01,0.8874864411793708,0.4372048163501462,33.39074910957999,33.211999213423944,923.2359963040664,89.66547800163607,0.9362507686425352,0.0,0.0,0.0,0.0,0.0,0.0,0.0637492313574647,0.9512129280430164,0.0,0.0,0.0,0.0,0.0,0.0,0.0487870719569835,5.299033456898271,1.4592052486780638,1.0,0.0,0.0,0.0,0.0,0.0,0.0,1.0,5.130843724671824,936.9320241360858,93.30322734807504,302.7106577576344,33.91794976874195
13,270.0,33.25177696812529,0.95,0.0,0.0,0.0,0.0,0.0,0.0,0.05,304.23,76.01,0.8874864411793708,0.4374658198674555,33.39074910957999,33.211999213423944,923.5721460880782,89.76536473308228,0.9379432611212608,0.0,0.0,0.0,0.0,0.0,0.0,0.0620567388787391,0.952428624625149,0.0,0.0,0.0,0.0,0.0,0.0,0.047571375374851,5.293738664763313,1.4598034982582329,1.0,0.0,0.0,0.0,0.0,0.0,0.0,1.0,5.130843724671824,936.9320241360858,93.30322734807504,302.7106577576344,33.91794976874195
13,270.0,33.271615845475964,0.95,0.0,0.0,0.0,0.0,0.0,0.0,0.05,304.23,76.01,0.8874864411793708,0.4377268233847646,33.39074910957999,33.211999213423944,923.9111131826406,89.86550705456217,0.9396426061450148,0.0,0.0,0.0,0.0,0.0,0.0,0.0603573938549852,0.9536533232962052,0.0,0.0,0.0,0.0,0.0,0.0,0.0463466767037946,5.288466844422241,1.4604005181163744,1.0,0.0,0.0,0.0,0.0,0.0,0.0,1.0,5.130843724671824,936.9320241360858,93.30322734807504,302.7106577576344,33.91794976874195
13,270.0,33.29145472282664,0.95,0.0,0.0,0.0,0.0,0.0,0.0,0.05,304.23,76.01,0.8874864411793708,0.4379878269020738,33.39074910957999,33.211999213423944,924.2529502321156,89.96590909594651,0.9413489558379308,0.0,0.0,0.0,0.0,0.0,0.0,0.058651044162069,0.9548872018642438,0.0,0.0,0.0,0.0,0.0,0.0,0.0451127981357561,5.2832184363874495,1.4609963133700532,1.0,0.0,0.0,0.0,0.0,0.0,0.0,1.0,5.130843724671824,936.9320241360858,93.30322734807504,302.7106577576344,33.91794976874195
13,270.0,33.3112936001773,0.95,0.0,0.0,0.0,0.0,0.0,0.0,0.05,304.23,76.01,0.8874864411793708,0.4382488304193829,33.39074910957999,33.211999213423944,924.5977101334804,90.06657512087035,0.9430624598033996,0.0,0.0,0.0,0.0,0.0,0.0,0.0569375401966004,0.9561304439083236,0.0,0.0,0.0,0.0,0.0,0.0,0.0438695560916765,5.277993246935688,1.4615908214131672,1.0,0.0,0.0,0.0,0.0,0.0,0.0,1.0,5.130843724671824,936.9320241360858,93.30322734807504,302.7106577576344,33.91794976874195
13,270.0,33.33113247752797,0.95,0.0,0.0,0.0,0.0,0.0,0.0,0.05,304.23,76.01,0.8874864411793708,0.4385098339366921,33.39074910957999,33.211999213423944,924.9454480698488,90.1675095328661,0.94478327563622,0.0,0.0,0.0,0.0,0.0,0.0,0.05521672436378,0.9573832390423084,0.0,0.0,0.0,0.0,0.0,0.0,0.0426167609576915,5.272791617294113,1.462184036611336,1.0,0.0,0.0,0.0,0.0,0.0,0.0,1.0,5.130843724671824,936.9320241360858,93.30322734807504,302.7106577576344,33.91794976874195
13,270.0,33.350971354878645,0.95,0.0,0.0,0.0,0.0,0.0,0.0,0.05,304.23,76.01,0.8874864411793708,0.4387708374540013,33.39074910957999,33.211999213423944,925.296220231734,90.26871688189864,0.9465115620993644,0.0,0.0,0.0,0.0,0.0,0.0,0.0534884379006354,0.9586457831953524,0.0,0.0,0.0,0.0,0.0,0.0,0.0413542168046475,5.267613761151858,1.4627759371297815,1.0,0.0,0.0,0.0,0.0,0.0,0.0,1.0,5.130843724671824,936.9320241360858,93.30322734807504,302.7106577576344,33.91794976874195
13,270.0,33.37081023222932,0.95,0.0,0.0,0.0,0.0,0.0,0.0,0.05,304.23,76.01,0.8874864411793708,0.4390318409713105,33.39074910957999,33.211999213423944,925.6500828168968,90.37020187131544,0.9482474739142795,0.0,0.0,0.0,0.0,0.0,0.0,0.0517525260857204,0.9599182789111924,0.0,0.0,0.0,0.0,0.0,0.0,0.0400817210888076,5.262459893933508,1.4633664999310974,1.0,0.0,0.0,0.0,0.0,0.0,0.0,1.0,5.130843724671824,936.9320241360858,93.30322734807504,302.7106577576344,33.91794976874195
13,270.0,33.39064910957999,0.95,0.0,0.0,0.0,0.0,0.0,0.0,0.05,304.23,76.01,0.8874864411793708,0.4392928444886197,33.39074910957999,33.211999213423944,926.0070981978138,90.47196936515644,0.9499911932243608,0.0,0.0,0.0,0.0,0.0,0.0,0.0500088067756392,0.9612009356652264,0.0,0.0,0.0,0.0,0.0,0.0,0.0387990643347735,5.257330235698029,1.4639559583550772,1.0,0.0,0.0,0.0,0.0,0.0,0.0,1.0,5.130843724671824,936.9320241360858,93.30322734807504,302.7106577576344,33.91794976874195
13,275.0,37.90695183116559,0.95,0.0,0.0,0.0,0.0,0.0,0.0,0.05,304.23,76.01,0.903921375275285,0.4987100622439887,38.10425093874939,37.90685183116558,892.2528406809556,104.97253546328356,0.9354708043484856,0.0,0.0,0.0,0.0,0.0,0.0,0.0645291956515145,0.95000527681529,0.0,0.0,0.0,0.0,0.0,0.0,0.04999472318471,4.290676049427983,1.6039025964958484,1.0,0.0,0.0,0.0,0.0,0.0,0.0,1.0,4.11187312512685,904.4335281070778,109.60126774294156,302.7106577576344,38.72523437118672
13,275.0,37.92886284311934,0.95,0.0,0.0,0.0,0.0,0.0,0.0,0.05,304.23,76.01,0.903921375275285,0.4989983271032672,38.10425093874939,37.90685183116558,892.5247498737125,105.0903504695944,0.9370597972724156,0.0,0.0,0.0,0.0,0.0,0.0,0.0629402027275842,0.9511652864848532,0.0,0.0,0.0,0.0,0.0,0.0,0.0488347135151467,4.285512932258523,1.6046805201888248,1.0,0.0,0.0,0.0,0.0,0.0,0.0,1.0,4.11187312512685,904.4335281070778,109.60126774294156,302.7106577576344,38.72523437118672
13,275.0,37.950773855073095,0.95,0.0,0.0,0.0,0.0,0.0,0.0,0.05,304.23,76.01,0.903921375275285,0.4992865919625456,38.10425093874939,37.90685183116558,892.7990282549097,105.20844215632516,0.93865465431817,0.0,0.0,0.0,0.0,0.0,0.0,0.0613453456818301,0.9523329602665916,0.0,0.0,0.0,0.0,0.0,0.0,0.0476670397334083,4.280368646746941,1.605457426065096,1.0,0.0,0.0,0.0,0.0,0.0,0.0,1.0,4.11187312512685,904.4335281070778,109.60126774294156,302.7106577576344,38.72523437118672
13,275.0,37.97268486702685,0.95,0.0,0.0,0.0,0.0,0.0,0.0,0.05,304.23,76.01,0.903921375275285,0.499574856821824,38.10425093874939,37.90685183116558,893.0757132441895,105.32681433354732,0.940255476518708,0.0,0.0,0.0,0.0,0.0,0.0,0.0597445234812919,0.9535084346106264,0.0,0.0,0.0,0.0,0.0,0.0,0.0464915653893737,4.275243308865647,1.6062377247440254,1.0,0.0,0.0,0.0,0.0,0.0,0.0,1.0,4.11187312512685,904.4335281070778,109.60126774294156,302.7106577576344,38.72523437118672
13,275.0,37.99459587898061,0.95,0.0,0.0,0.0,0.0,0.0,0.0,0.05,304.23,76.01,0.903921375275285,0.4998631216811025,38.10425093874939,37.90685183116558,893.3548459414995,105.4454709221913,0.9418623844489724,0.0,0.0,0.0,0.0,0.0,0.0,0.0581376155510275,0.9546918499530076,0.0,0.0,0.0,0.0,0.0,0.0,0.0453081500469924,4.270137038326553,1.6070167989844044,1.0,0.0,0.0,0.0,0.0,0.0,0.0,1.0,4.11187312512685,904.4335281070778,109.60126774294156,302.7106577576344,38.72523437118672
13,275.0,38.016506890934366,0.95,0.0,0.0,0.0,0.0,0.0,0.0,0.05,304.23,76.01,0.903921375275285,0.500151386540381,38.10425093874939,37.90685183116558,893.636468153163,105.56441595873775,0.9434754992325308,0.0,0.0,0.0,0.0,0.0,0.0,0.056524500767469,0.9558833508863028,0.0,0.0,0.0,0.0,0.0,0.0,0.044116649113697,4.265049959131363,1.607794629410248,1.0,0.0,0.0,0.0,0.0,0.0,0.0,1.0,4.11187312512685,904.4335281070778,109.60126774294156,302.7106577576344,38.72523437118672
13,275.0,38.03841790288812,0.95,0.0,0.0,0.0,0.0,0.0,0.0,0.05,304.23,76.01,0.903921375275285,0.5004396513996595,38.10425093874939,37.90685183116558,893.9206228402411,105.68365360006148,0.9450949452276493,0.0,0.0,0.0,0.0,0.0,0.0,0.0549050547723507,0.9570830863311668,0.0,0.0,0.0,0.0,0.0,0.0,0.042916913668833,4.259982201760423,1.608572701995373,1.0,0.0,0.0,0.0,0.0,0.0,0.0,1.0,4.11187312512685,904.4335281070778,109.60126774294156,302.7106577576344,38.72523437118672
13,275.0,38.06032891484188,0.95,0.0,0.0,0.0,0.0,0.0,0.0,0.05,304.23,76.01,0.903921375275285,0.500727916258938,38.10425093874939,37.90685183116558,894.2073518468387,105.80318812859028,0.9467208359835052,0.0,0.0,0.0,0.0,0.0,0.0,0.0532791640164947,0.9582912097243568,0.0,0.0,0.0,0.0,0.0,0.0,0.041708790275643,4.254933911368383,1.609351379374253,1.0,0.0,0.0,0.0,0.0,0.0,0.0,1.0,4.11187312512685,904.4335281070778,109.60126774294156,302.7106577576344,38.72523437118672
13,275.0,38.08223992679563,0.95,0.0,0.0,0.0,0.0,0.0,0.0,0.05,304.23,76.01,0.903921375275285,0.5010161811182163,38.10425093874939,37.90685183116558,894.496701837738,105.92302395770923,0.948353310599656,0.0,0.0,0.0,0.0,0.0,0.0,0.051646689400344,0.9595078792076394,0.0,0.0,0.0,0.0,0.0,0.0,0.0404921207923606,4.249905247794048,1.6101287413040886,1.0,0.0,0.0,0.0,0.0,0.0,0.0,1.0,4.11187312512685,904.4335281070778,109.60126774294156,302.7106577576344,38.72523437118672
13,275.0,38.104150938749385,0.95,0.0,0.0,0.0,0.0,0.0,0.0,0.05,304.23,76.01,0.903921375275285,0.5013044459774948,38.10425093874939,37.90685183116558,894.7887197138796,106.04316563742252,0.949992505221359,0.0,0.0,0.0,0.0,0.0,0.0,0.0500074947786409,0.9607332578365444,0.0,0.0,0.0,0.0,0.0,0.0,0.0392667421634557,4.244896386479297,1.6109047881239833,1.0,0.0,0.0,0.0,0.0,0.0,0.0,1.0,4.11187312512685,904.4335281070778,109.60126774294156,302.7106577576344,38.72523437118672
13,280.0,43.08471115770666,0.95,0.0,0.0,0.0,0.0,0.0,0.0,0.05,304.23,76.01,0.9203563093711994,0.56682951134991,43.29863673312664,43.08461115770666,857.750561304334,123.4899717310275,0.9365383226774272,0.0,0.0,0.0,0.0,0.0,0.0,0.0634616773225726,0.9500046184358916,0.0,0.0,0.0,0.0,0.0,0.0,0.0499953815641082,3.3256201563580223,1.7919811529405962,1.0,0.0,0.0,0.0,0.0,0.0,0.0,1.0,3.1449654870637134,867.6798743518019,129.30886906724652,302.7106577576344,44.02808165538378
13,280.0,43.10846955497555,0.95,0.0,0.0,0.0,0.0,0.0,0.0,0.05,304.23,76.01,0.9203563093711994,0.5671420807127423,43.29863673312664,43.08461115770666,857.9534483775695,123.62945532645544,0.9380126772596824,0.0,0.0,0.0,0.0,0.0,0.0,0.0619873227403174,0.951105099452151,0.0,0.0,0.0,0.0,0.0,0.0,0.0488949005478489,3.320755880321264,1.793027893548856,1.0,0.0,0.0,0.0,0.0,0.0,0.0,1.0,3.1449654870637134,867.6798743518019,129.30886906724652,302.7106577576344,44.02808165538378
13,280.0,43.13222795224444,0.95,0.0,0.0,0.0,0.0,0.0,0.0,0.05,304.23,76.01,0.9203563093711994,0.5674546500755747,43.29863673312664,43.08461115770666,858.1582826448494,123.76924497126896,0.9394919890328064,0.0,0.0,0.0,0.0,0.0,0.0,0.0605080109671934,0.9522120468709548,0.0,0.0,0.0,0.0,0.0,0.0,0.0477879531290452,3.3159067100682917,1.794077931979822,1.0,0.0,0.0,0.0,0.0,0.0,0.0,1.0,3.1449654870637134,867.6798743518019,129.30886906724652,302.7106577576344,44.02808165538378
13,280.0,43.15598634951332,0.95,0.0,0.0,0.0,0.0,0.0,0.0,0.05,304.23,76.01,0.9203563093711994,0.567767219438407,43.29863673312664,43.08461115770666,858.3650951327826,123.90934419489862,0.940976355930042,0.0,0.0,0.0,0.0,0.0,0.0,0.0590236440699579,0.9533255641219736,0.0,0.0,0.0,0.0,0.0,0.0,0.0466744358780264,3.3110727016336634,1.7951281106503851,1.0,0.0,0.0,0.0,0.0,0.0,0.0,1.0,3.1449654870637134,867.6798743518019,129.30886906724652,302.7106577576344,44.02808165538378
13,280.0,43.179744746782205,0.95,0.0,0.0,0.0,0.0,0.0,0.0,0.05,304.23,76.01,0.9203563093711994,0.5680797888012393,43.29863673312664,43.08461115770666,858.5739143531216,124.04975661833257,0.9424658506349316,0.0,0.0,0.0,0.0,0.0,0.0,0.0575341493650684,0.9544457573446932,0.0,0.0,0.0,0.0,0.0,0.0,0.0455542426553068,3.3062539303305254,1.7961771433796343,1.0,0.0,0.0,0.0,0.0,0.0,0.0,1.0,3.1449654870637134,867.6798743518019,129.30886906724652,302.7106577576344,44.02808165538378
13,280.0,43.2035031440511,0.95,0.0,0.0,0.0,0.0,0.0,0.0,0.05,304.23,76.01,0.9203563093711994,0.5683923581640717,43.29863673312664,43.08461115770666,858.7847731517799,124.19048595776114,0.943960578061175,0.0,0.0,0.0,0.0,0.0,0.0,0.056039421938825,0.9555727355058666,0.0,0.0,0.0,0.0,0.0,0.0,0.0444272644941334,3.3014504721596243,1.797225013728901,1.0,0.0,0.0,0.0,0.0,0.0,0.0,1.0,3.1449654870637134,867.6798743518019,129.30886906724652,302.7106577576344,44.02808165538378
13,280.0,43.22726154131998,0.95,0.0,0.0,0.0,0.0,0.0,0.0,0.05,304.23,76.01,0.9203563093711994,0.568704927526904,43.29863673312664,43.08461115770666,858.9977014014247,124.33153602820931,0.9454606141625272,0.0,0.0,0.0,0.0,0.0,0.0,0.0545393858374728,0.9567066105039976,0.0,0.0,0.0,0.0,0.0,0.0,0.0432933894960024,3.2966624045118715,1.7982717052692352,1.0,0.0,0.0,0.0,0.0,0.0,0.0,1.0,3.1449654870637134,867.6798743518019,129.30886906724652,302.7106577576344,44.02808165538378
13,280.0,43.25101993858887,0.95,0.0,0.0,0.0,0.0,0.0,0.0,0.05,304.23,76.01,0.9203563093711994,0.5690174968897365,43.29863673312664,43.08461115770666,859.2127330766241,124.4729107471646,0.9469660645401238,0.0,0.0,0.0,0.0,0.0,0.0,0.0530339354598762,0.9578474972760008,0.0,0.0,0.0,0.0,0.0,0.0,0.0421525027239993,3.291889812057729,1.7993172021064516,1.0,0.0,0.0,0.0,0.0,0.0,0.0,1.0,3.1449654870637134,867.6798743518019,129.30886906724652,302.7106577576344,44.02808165538378
13,280.0,43.27477833585776,0.95,0.0,0.0,0.0,0.0,0.0,0.0,0.05,304.23,76.01,0.9203563093711994,0.5693300662525688,43.29863673312664,43.08461115770666,859.4299018430507,124.61461413874802,0.9484770276430852,0.0,0.0,0.0,0.0,0.0,0.0,0.0515229723569149,0.9589955139184048,0.0,0.0,0.0,0.0,0.0,0.0,0.0410044860815952,3.287132754641644,1.8003614823767222,1.0,0.0,0.0,0.0,0.0,0.0,0.0,1.0,3.1449654870637134,867.6798743518019,129.30886906724652,302.7106577576344,44.02808165538378
13,280.0,43.29853673312664,0.95,0.0,0.0,0.0,0.0,0.0,0.0,0.05,304.23,76.01,0.9203563093711994,0.5696426356154011,43.29863673312664,43.08461115770666,859.6492424462028,124.7566503378138,0.9499936061009812,0.0,0.0,0.0,0.0,0.0,0.0,0.0500063938990187,0.9601507818142396,0.0,0.0,0.0,0.0,0.0,0.0,0.0398492181857602,3.282391334484968,1.8014063407240153,1.0,0.0,0.0,0.0,0.0,0.0,0.0,1.0,3.1449654870637134,867.6798743518019,129.30886906724652,302.7106577576344,44.02808165538378
13,285.0,48.782135057709255,0.95,0.0,0.0,0.0,0.0,0.0,0.0,0.05,304.23,76.01,0.9367912434671136,0.6417857526339856,49.00862249254413,48.78203505770925,817.9332670480044,146.27277297873613,0.9378059113363826,0.0,0.0,0.0,0.0,0.0,0.0,0.0621940886636174,0.950004061935246,0.0,0.0,0.0,0.0,0.0,0.0,0.0499959380647538,2.419155268912788,2.049355630199944,1.0,0.0,0.0,0.0,0.0,0.0,0.0,1.0,2.2410524707626744,824.9746819221486,153.77005765610247,302.7106577576344,49.86436423924916
13,285.0,48.80728921713535,0.95,0.0,0.0,0.0,0.0,0.0,0.0,0.05,304.23,76.01,0.9367912434671136,0.6421166848721924,49.00862249254413,48.78203505770925,818.0576031497371,146.43862121429376,0.9391435258529398,0.0,0.0,0.0,0.0,0.0,0.0,0.0608564741470601,0.951028413559074,0.0,0.0,0.0,0.0,0.0,0.0,0.048971586440926,2.4147585249396752,2.0514632687963883,1.0000000002888478,0.0,0.0,0.0,0.0,0.0,0.0,1.0000000004001048,2.2410524707626744,824.9746819221486,153.77005765610247,302.7106577576344,49.86436423924916
13,285.0,48.83244337656145,0.95,0.0,0.0,0.0,0.0,0.0,0.0,0.05,304.23,76.01,0.9367912434671136,0.6424476171103992,49.00862249254413,48.78203505770925,818.1834379613294,146.60481321675593,0.940485157302392,0.0,0.0,0.0,0.0,0.0,0.0,0.059514842697608,0.9520579992923608,0.0,0.0,0.0,0.0,0.0,0.0,0.0479420007076392,2.410372065229329,2.0529370686641277,1.0000000002970164,0.0,0.0,0.0,0.0,0.0,0.0,1.0000000004118854,2.2410524707626744,824.9746819221486,153.77005765610247,302.7106577576344,49.86436423924916
13,285.0,48.85759753598754,0.95,0.0,0.0,0.0,0.0,0.0,0.0,0.05,304.23,76.01,0.9367912434671136,0.642778549348606,49.00862249254413,48.78203505770925,818.3107926080927,146.77135215680016,0.9418308698928912,0.0,0.0,0.0,0.0,0.0,0.0,0.0581691301071086,0.953092892591748,0.0,0.0,0.0,0.0,0.0,0.0,0.0469071074082518,2.405995491993712,2.053764406140021,1.0,0.0,0.0,0.0,0.0,0.0,0.0,1.0,2.2410524707626744,824.9746819221486,153.77005765610247,302.7106577576344,49.86436423924916
13,285.0,48.88275169541364,0.95,0.0,0.0,0.0,0.0,0.0,0.0,0.05,304.23,76.01,0.9367912434671136,0.6431094815868127,49.00862249254413,48.78203505770925,818.4396885665061,146.93824127587828,0.9431807273543664,0.0,0.0,0.0,0.0,0.0,0.0,0.0568192726456336,0.95413316860661,0.0,0.0,0.0,0.0,0.0,0.0,0.0458668313933901,2.4016322664781127,2.0552329931903537,1.0,0.0,0.0,0.0,0.0,0.0,0.0,1.0,2.2410524707626744,824.9746819221486,153.77005765610247,302.7106577576344,49.86436423924916
13,285.0,48.90790585483974,0.95,0.0,0.0,0.0,0.0,0.0,0.0,0.05,304.23,76.01,0.9367912434671136,0.6434404138250196,49.00862249254413,48.78203505770925,818.5701486681821,147.1054838886466,0.9445348086964196,0.0,0.0,0.0,0.0,0.0,0.0,0.0554651913035804,0.9551789042486144,0.0,0.0,0.0,0.0,0.0,0.0,0.0448210957513858,2.39728097691466,2.056709142555558,1.0,0.0,0.0,0.0,0.0,0.0,0.0,1.0,2.2410524707626744,824.9746819221486,153.77005765610247,302.7106577576344,49.86436423924916
13,285.0,48.93306001426584,0.95,0.0,0.0,0.0,0.0,0.0,0.0,0.05,304.23,76.01,0.9367912434671136,0.6437713460632263,49.00862249254413,48.78203505770925,818.7021936141396,147.27308338534115,0.9458931529185756,0.0,0.0,0.0,0.0,0.0,0.0,0.0541068470814244,0.956230178235436,0.0,0.0,0.0,0.0,0.0,0.0,0.0437698217645639,2.392941196446561,2.058184521006823,1.0,0.0,0.0,0.0,0.0,0.0,0.0,1.0,2.2410524707626744,824.9746819221486,153.77005765610247,302.7106577576344,49.86436423924916
13,285.0,48.95821417369193,0.95,0.0,0.0,0.0,0.0,0.0,0.0,0.05,304.23,76.01,0.9367912434671136,0.6441022783014331,49.00862249254413,48.78203505770925,818.835847237416,147.44104323442616,0.9472558422758732,0.0,0.0,0.0,0.0,0.0,0.0,0.0527441577241268,0.9572870711704832,0.0,0.0,0.0,0.0,0.0,0.0,0.0427129288295168,2.3886136207484907,2.0596597914079946,1.0,0.0,0.0,0.0,0.0,0.0,0.0,1.0,2.2410524707626744,824.9746819221486,153.77005765610247,302.7106577576344,49.86436423924916
13,285.0,48.98336833311803,0.95,0.0,0.0,0.0,0.0,0.0,0.0,0.05,304.23,76.01,0.9367912434671136,0.6444332105396399,49.00862249254413,48.78203505770925,818.9711330311317,147.60936698528766,0.9486229467956332,0.0,0.0,0.0,0.0,0.0,0.0,0.0513770532043669,0.9583496655981496,0.0,0.0,0.0,0.0,0.0,0.0,0.0416503344018503,2.3842976307267096,2.0611370339454704,1.0,0.0,0.0,0.0,0.0,0.0,0.0,1.0,2.2410524707626744,824.9746819221486,153.77005765610247,302.7106577576344,49.86436423924916
13,285.0,49.00852249254413,0.95,0.0,0.0,0.0,0.0,0.0,0.0,0.05,304.23,76.01,0.9367912434671136,0.6447641427778467,49.00862249254413,48.78203505770925,819.1080751053165,147.77805827092595,0.949994539259328,0.0,0.0,0.0,0.0,0.0,0.0,0.050005460740672,0.9594180460735868,0.0,0.0,0.0,0.0,0.0,0.0,0.0405819539264133,2.3799935276883906,2.0626116051877923,1.0,0.0,0.0,0.0,0.0,0.0,0.0,1.0,2.2410524707626744,824.9746819221486,153.77005765610247,302.7106577576344,49.86436423924916
13,290.0,55.040476942798655,0.95,0.0,0.0,0.0,0.0,0.0,0.0,0.05,304.23,76.01,0.953226177563028,0.7241215227312018,55.271872386990935,55.04037694279865,770.252125668274,175.36703952763207,0.9393452714376688,0.0,0.0,0.0,0.0,0.0,0.0,0.060654728562331,0.9500035890767936,0.0,0.0,0.0,0.0,0.0,0.0,0.0499964109232064,1.586100832108393,2.435453902984912,1.0000000001508809,0.0,0.0,0.0,0.0,0.0,0.0,1.0000000001978118,1.4167983026644004,773.2637021553837,185.44864903964933,302.7106577576344,56.27641671412855
13,290.0,55.0661764365978,0.95,0.0,0.0,0.0,0.0,0.0,0.0,0.05,304.23,76.01,0.953226177563028,0.7244596294776713,55.271872386990935,55.04037694279865,770.2849133329302,175.56598565726543,0.9405161092329044,0.0,0.0,0.0,0.0,0.0,0.0,0.0594838907670954,0.95092794039538,0.0,0.0,0.0,0.0,0.0,0.0,0.0490720596046199,1.5823532263806606,2.434446370158061,1.0,0.0,0.0,0.0,0.0,0.0,0.0,1.0,1.4167983026644004,773.2637021553837,185.44864903964933,302.7106577576344,56.27641671412855
13,290.0,55.09187593039694,0.95,0.0,0.0,0.0,0.0,0.0,0.0,0.05,304.23,76.01,0.953226177563028,0.7247977362241407,55.271872386990935,55.04037694279865,770.3187065911952,175.7653313438083,0.941689973687946,0.0,0.0,0.0,0.0,0.0,0.0,0.0583100263120539,0.9518562528379688,0.0,0.0,0.0,0.0,0.0,0.0,0.0481437471620312,1.578631378995324,2.4366485527847863,1.0,0.0,0.0,0.0,0.0,0.0,0.0,1.0,1.4167983026644004,773.2637021553837,185.44864903964933,302.7106577576344,56.27641671412855
13,290.0,55.11757542419608,0.95,0.0,0.0,0.0,0.0,0.0,0.0,0.05,304.23,76.01,0.953226177563028,0.7251358429706102,55.271872386990935,55.04037694279865,770.3535186727878,175.9650793750473,0.9428669068139216,0.0,0.0,0.0,0.0,0.0,0.0,0.0571330931860785,0.9527885733045612,0.0,0.0,0.0,0.0,0.0,0.0,0.0472114266954386,1.5749178793790737,2.438858804287623,1.0,0.0,0.0,0.0,0.0,0.0,0.0,1.0,1.4167983026644004,773.2637021553837,185.44864903964933,302.7106577576344,56.27641671412855
13,290.0,55.14327491799522,0.95,0.0,0.0,0.0,0.0,0.0,0.0,0.05,304.23,76.01,0.953226177563028,0.7254739497170796,55.271872386990935,55.04037694279865,770.3893631006168,176.1652325882838,0.9440469501042958,0.0,0.0,0.0,0.0,0.0,0.0,0.0559530498957041,0.9537249496019158,0.0,0.0,0.0,0.0,0.0,0.0,0.0462750503980842,1.571214122733301,2.441090556418615,1.0,0.0,0.0,0.0,0.0,0.0,0.0,1.0,1.4167983026644004,773.2637021553837,185.44864903964933,302.7106577576344,56.27641671412855
13,290.0,55.168974411794366,0.95,0.0,0.0,0.0,0.0,0.0,0.0,0.05,304.23,76.01,0.953226177563028,0.7258120564635491,55.271872386990935,55.04037694279865,770.4262534114417,176.36579387150024,0.9452301546327164,0.0,0.0,0.0,0.0,0.0,0.0,0.0547698453672836,0.9546654304939212,0.0,0.0,0.0,0.0,0.0,0.0,0.0453345695060787,1.5675422671616694,2.4466342490355832,1.0000000002080969,0.0,0.0,0.0,0.0,0.0,0.0,1.0000000002723126,1.4167983026644004,773.2637021553837,185.44864903964933,302.7106577576344,56.27641671412855
13,290.0,55.194673905593504,0.95,0.0,0.0,0.0,0.0,0.0,0.0,0.05,304.23,76.01,0.953226177563028,0.7261501632100185,55.271872386990935,55.04037694279865,770.4642041483199,176.56676616506903,0.9464165459915808,0.0,0.0,0.0,0.0,0.0,0.0,0.0535834540084193,0.9556100656974064,0.0,0.0,0.0,0.0,0.0,0.0,0.0443899343025937,1.5638357571081816,2.4455249547797027,1.0,0.0,0.0,0.0,0.0,0.0,0.0,1.0,1.4167983026644004,773.2637021553837,185.44864903964933,302.7106577576344,56.27641671412855
13,290.0,55.22037339939265,0.95,0.0,0.0,0.0,0.0,0.0,0.0,0.05,304.23,76.01,0.953226177563028,0.7264882699564879,55.271872386990935,55.04037694279865,770.5032293776103,176.7681524628941,0.9476061769995102,0.0,0.0,0.0,0.0,0.0,0.0,0.0523938230004897,0.9565589059512656,0.0,0.0,0.0,0.0,0.0,0.0,0.0434410940487343,1.5601791967792928,2.4511246737681005,1.0000000002207328,0.0,0.0,0.0,0.0,0.0,0.0,1.000000000288697,1.4167983026644004,773.2637021553837,185.44864903964933,302.7106577576344,56.27641671412855
13,290.0,55.24607289319179,0.95,0.0,0.0,0.0,0.0,0.0,0.0,0.05,304.23,76.01,0.953226177563028,0.7268263767029572,55.271872386990935,55.04037694279865,770.5433436971308,176.96995581414865,0.9487990926071296,0.0,0.0,0.0,0.0,0.0,0.0,0.0512009073928703,0.9575120030210456,0.0,0.0,0.0,0.0,0.0,0.0,0.0424879969789544,1.5565106545339915,2.453378918010725,1.0000000002273546,0.0,0.0,0.0,0.0,0.0,0.0,1.0000000002969731,1.4167983026644004,773.2637021553837,185.44864903964933,302.7106577576344,56.27641671412855
13,290.0,55.27177238699093,0.95,0.0,0.0,0.0,0.0,0.0,0.0,0.05,304.23,76.01,0.953226177563028,0.7271644834494267,55.271872386990935,55.04037694279865,770.5845619736633,177.17217932477956,0.9499953394585324,0.0,0.0,0.0,0.0,0.0,0.0,0.0500046605414674,0.9584694097424497,0.0,0.0,0.0,0.0,0.0,0.0,0.0415305902575503,1.5528507960523872,2.455637032851817,1.0000000002337417,0.0,0.0,0.0,0.0,0.0,0.0,1.0000000003055398,1.4167983026644004,773.2637021553837,185.44864903964933,302.7106577576344,56.27641671412855
13,295.0,61.90743611134618,0.95,0.0,0.0,0.0,0.0,0.0,0.0,0.05,304.23,76.01,0.9696611116589422,0.8144643614175263,62.12878854692645,61.907336111346176,709.510699724877,215.06221128549035,0.9413090718183632,0.0,0.0,0.0,0.0,0.0,0.0,0.0586909281816368,0.9500031871165686,0.0,0.0,0.0,0.0,0.0,0.0,0.0499968128834313,0.8508305865444871,3.108210078040571,1.0000000000003095,0.0,0.0,0.0,0.0,0.0,0.0,1.0000000000003046,0.7007191954812403,705.9625820508377,229.82343987692175,302.7106577576344,63.31231171729296
13,295.0,61.93201971529954,0.95,0.0,0.0,0.0,0.0,0.0,0.0,0.05,304.23,76.01,0.9696611116589422,0.8147877873345551,62.12878854692645,61.907336111346176,709.4324779380561,215.3048089365124,0.94226616893574,0.0,0.0,0.0,0.0,0.0,0.0,0.0577338310642599,0.9507880165295444,0.0,0.0,0.0,0.0,0.0,0.0,0.0492119834704556,0.8480376772581125,3.1120801577778083,1.0000000000003175,0.0,0.0,0.0,0.0,0.0,0.0,1.000000000000201,0.7007191954812403,705.9625820508377,229.82343987692175,302.7106577576344,63.31231171729296
13,295.0,61.956603319252906,0.95,0.0,0.0,0.0,0.0,0.0,0.0,0.05,304.23,76.01,0.9696611116589422,0.815111213251584,62.12878854692645,61.907336111346176,709.354683957026,215.547908100046,0.9432252434277786,0.0,0.0,0.0,0.0,0.0,0.0,0.0567747565722214,0.9515754816842108,0.0,0.0,0.0,0.0,0.0,0.0,0.048424518315789,0.8452506365600719,3.1159554100921643,1.0000000000000735,0.0,0.0,0.0,0.0,0.0,0.0,1.0000000000003246,0.7007191954812403,705.9625820508377,229.82343987692175,302.7106577576344,63.31231171729296
13,295.0,61.981186923206266,0.95,0.0,0.0,0.0,0.0,0.0,0.0,0.05,304.23,76.01,0.9696611116589422,0.8154346391686128,62.12878854692645,61.907336111346176,709.2773238131166,215.79151139129849,0.9441863179809292,0.0,0.0,0.0,0.0,0.0,0.0,0.0558136820190708,0.9523656069857672,0.0,0.0,0.0,0.0,0.0,0.0,0.0476343930142327,0.842469466905874,3.1198501985446856,1.000000000000105,0.0,0.0,0.0,0.0,0.0,0.0,1.0000000000002072,0.7007191954812403,705.9625820508377,229.82343987692175,302.7106577576344,63.31231171729296
13,295.0,62.00577052715963,0.95,0.0,0.0,0.0,0.0,0.0,0.0,0.05,304.23,76.01,0.9696611116589422,0.8157580650856417,62.12878854692645,61.907336111346176,709.2004038274042,216.0356214574541,0.9451494147145728,0.0,0.0,0.0,0.0,0.0,0.0,0.0548505852854271,0.9531584171936968,0.0,0.0,0.0,0.0,0.0,0.0,0.0468415828063032,0.8396941624212041,3.123747203239549,1.0000000000002076,0.0,0.0,0.0,0.0,0.0,0.0,1.0000000000001992,0.7007191954812403,705.9625820508377,229.82343987692175,302.7106577576344,63.31231171729296
13,295.0,62.03035413111299,0.95,0.0,0.0,0.0,0.0,0.0,0.0,0.05,304.23,76.01,0.9696611116589422,0.8160814910026706,62.12878854692645,61.907336111346176,709.1239293224066,216.2802409759347,0.9461145614535084,0.0,0.0,0.0,0.0,0.0,0.0,0.0538854385464917,0.9539539374720184,0.0,0.0,0.0,0.0,0.0,0.0,0.0460460625279816,0.8369241122527687,3.127659467904948,1.0000000000002351,0.0,0.0,0.0,0.0,0.0,0.0,1.0000000000001343,0.7007191954812403,705.9625820508377,229.82343987692175,302.7106577576344,63.31231171729296
13,295.0,62.05493773506636,0.95,0.0,0.0,0.0,0.0,0.0,0.0,0.05,304.23,76.01,0.9696611116589422,0.8164049169196995,62.12878854692645,61.907336111346176,709.0479090335265,216.52537265900204,0.9470817703091904,0.0,0.0,0.0,0.0,0.0,0.0,0.0529182296908095,0.9547521933298266,0.0,0.0,0.0,0.0,0.0,0.0,0.0452478066701733,0.8341604770070903,3.1315820530170586,1.0000000000001104,0.0,0.0,0.0,0.0,0.0,0.0,1.000000000000388,0.7007191954812403,705.9625820508377,229.82343987692175,302.7106577576344,63.31231171729296
13,295.0,62.07952133901972,0.95,0.0,0.0,0.0,0.0,0.0,0.0,0.05,304.23,76.01,0.9696611116589422,0.8167283428367282,62.12878854692645,61.907336111346176,708.9723484970364,216.77101924867563,0.9480510698119656,0.0,0.0,0.0,0.0,0.0,0.0,0.0519489301880344,0.955553210727404,0.0,0.0,0.0,0.0,0.0,0.0,0.044446789272596,0.831402706906471,3.135513316629698,1.0000000000005662,0.0,0.0,0.0,0.0,0.0,0.0,1.0000000000005744,0.7007191954812403,705.9625820508377,229.82343987692175,302.7106577576344,63.31231171729296
13,295.0,62.10410494297309,0.95,0.0,0.0,0.0,0.0,0.0,0.0,0.05,304.23,76.01,0.9696611116589422,0.8170517687537572,62.12878854692645,61.907336111346176,708.8972529638444,217.01718351769432,0.949022490851706,0.0,0.0,0.0,0.0,0.0,0.0,0.050977509148294,0.9563570160859908,0.0,0.0,0.0,0.0,0.0,0.0,0.0436429839140092,0.8286508186673099,3.1394549245840557,1.000000000000368,0.0,0.0,0.0,0.0,0.0,0.0,1.0000000000004643,0.7007191954812403,705.9625820508377,229.82343987692175,302.7106577576344,63.31231171729296
13,295.0,62.12868854692645,0.95,0.0,0.0,0.0,0.0,0.0,0.0,0.05,304.23,76.01,0.9696611116589422,0.817375194670786,62.12878854692645,61.907336111346176,708.8226336561509,217.2638682855845,0.9499960360113616,0.0,0.0,0.0,0.0,0.0,0.0,0.0500039639886383,0.9571636360216336,0.0,0.0,0.0,0.0,0.0,0.0,0.0428363639783664,0.8259047854368564,3.1434099988434867,1.0000000000002458,0.0,0.0,0.0,0.0,0.0,0.0,1.0000000000001008,0.7007191954812403,705.9625820508377,229.82343987692175,302.7106577576344,63.31231171729296
14,200.0,2.7675795350126298,0.95,0.0,0.0,0.0,0.0,0.0,0.05,0.0,298.92,79.64,0.6690753378830456,0.0347511242467683,14.147402430467531,2.7674795350126296,1221.5192731456186,7.508209862229304,0.9993579005985176,0.0,0.0,0.0,0.0,0.0,0.0006420994014822,0.0,0.9499669536635624,0.0,0.0,0.0,0.0,0.0,0.0500330463364376,0.0,22.472883264853014,0.6844716301221916,1.0000000090863723,0.0,0.0,0.0,0.0,0.0,4.310973544600198,0.0,22.53960113748808,1221.920496490378,7.249541730897533,302.7106577576344,2.6239816647333654
14,200.0,4.031993190063174,0.95,0.0,0.0,0.0,0.0,0.0,0.05,0.0,298.92,79.64,0.6690753378830456,0.0506277397044597,14.147402430467531,2.7674795350126296,1217.9949648334195,9.797424440922727,0.9937262516713968,0.0,0.0,0.0,0.0,0.0,0.0062737483286033,0.0,0.6626918847690978,0.0,0.0,0.0,0.0,0.0,0.3373081152309022,0.0,21.89922763883589,0.7018878092832779,1.000000001768892,0.0,0.0,0.0,0.0,0.0,4.115816135782623,0.0,22.53960113748808,1221.920496490378,7.249541730897533,302.7106577576344,2.6239816647333654
14,200.0,5.296406845113719,0.95,0.0,0.0,0.0,0.0,0.0,0.05,0.0,298.92,79.64,0.6690753378830456,0.0665043551621511,14.147402430467531,2.7674795350126296,1214.4855027800106,12.107567337179644,0.988133504190854,0.0,0.0,0.0,0.0,0.0,0.0118664958091458,0.0,0.5122911632029405,0.0,0.0,0.0,0.0,0.0,0.4877088367970595,0.0,21.34866521108577,0.718744542323229,1.0000000006857148,0.0,0.0,0.0,0.0,0.0,3.9414007757032974,0.0,22.53960113748808,1221.920496490378,7.249541730897533,302.7106577576344,2.6239816647333654
14,200.0,6.560820500164263,0.95,0.0,0.0,0.0,0.0,0.0,0.05,0.0,298.92,79.64,0.6690753378830456,0.0823809706198425,14.147402430467531,2.7674795350126296,1210.9903444838562,14.438900470267056,0.9825786255258432,0.0,0.0,0.0,0.0,0.0,0.0174213744741569,0.0,0.4198475644933729,0.0,0.0,0.0,0.0,0.0,0.5801524355066271,0.0,20.819088442395856,0.7351028127922553,1.0,0.0,0.0,0.0,0.0,0.0,3.784620709973242,0.0,22.53960113748808,1221.920496490378,7.249541730897533,302.7106577576344,2.6239816647333654
14,200.0,7.825234155214808,0.95,0.0,0.0,0.0,0.0,0.0,0.05,0.0,298.92,79.64,0.6690753378830456,0.098257586077534,14.147402430467531,2.7674795350126296,1207.5090536626583,16.791747906634345,0.97706075310329,0.0,0.0,0.0,0.0,0.0,0.02293924689671,0.0,0.3573311333251957,0.0,0.0,0.0,0.0,0.0,0.6426688666748042,0.0,20.30871700672548,0.7510225330453473,1.0,0.0,0.0,0.0,0.0,0.0,3.642909970602382,0.0,22.53960113748808,1221.920496490378,7.249541730897533,302.7106577576344,2.6239816647333654
14,200.0,9.089647810265353,0.95,0.0,0.0,0.0,0.0,0.0,0.05,0.0,298.92,79.64,0.6690753378830456,0.1141342015352254,14.147402430467531,2.7674795350126296,1204.0412395339897,19.16646815112756,0.9715791011429916,0.0,0.0,0.0,0.0,0.0,0.0284208988570083,0.0,0.3122783941563161,0.0,0.0,0.0,0.0,0.0,0.6877216058436839,0.0,19.816020317363296,0.7665902683073732,1.0,0.0,0.0,0.0,0.0,0.0,3.513880131532224,0.0,22.53960113748808,1221.920496490378,7.249541730897533,302.7106577576344,2.6239816647333654
14,200.0,10.354061465315898,0.95,0.0,0.0,0.0,0.0,0.0,0.05,0.0,298.92,79.64,0.6690753378830456,0.1300108169929168,14.147402430467531,2.7674795350126296,1200.5865374464863,21.56344181284947,0.9661329306735376,0.0,0.0,0.0,0.0,0.0,0.0338670693264623,0.0,0.2783040341753785,0.0,0.0,0.0,0.0,0.0,0.7216959658246215,0.0,19.33967135064171,0.7818060918293753,1.0,0.0,0.0,0.0,0.0,0.0,3.395847316837937,0.0,22.53960113748808,1221.920496490378,7.249541730897533,302.7106577576344,2.6239816647333654
14,200.0,11.618475120366442,0.95,0.0,0.0,0.0,0.0,0.0,0.05,0.0,298.92,79.64,0.6690753378830456,0.1458874324506082,14.147402430467531,2.7674795350126296,1197.1446017528249,23.983066185083825,0.9607215382656156,0.0,0.0,0.0,0.0,0.0,0.0392784617343842,0.0,0.2517984654197475,0.0,0.0,0.0,0.0,0.0,0.7482015345802524,0.0,18.878510417179584,0.7967687210780711,1.0000000006681506,0.0,0.0,0.0,0.0,0.0,3.28743758836017,0.0,22.53960113748808,1221.920496490378,7.249541730897533,302.7106577576344,2.6239816647333654
14,200.0,12.882888775416989,0.95,0.0,0.0,0.0,0.0,0.0,0.05,0.0,298.92,79.64,0.6690753378830456,0.1617640479082996,14.147402430467531,2.7674795350126296,1193.715102475827,26.425752708140493,0.9553442505825612,0.0,0.0,0.0,0.0,0.0,0.0446557494174386,0.0,0.2305674703602959,0.0,0.0,0.0,0.0,0.0,0.7694325296397041,0.0,18.431515414246405,0.811483175829985,1.0000000014869803,0.0,0.0,0.0,0.0,0.0,3.187583969617265,0.0,22.53960113748808,1221.920496490378,7.249541730897533,302.7106577576344,2.6239816647333654
14,200.0,14.147302430467532,0.95,0.0,0.0,0.0,0.0,0.0,0.05,0.0,298.92,79.64,0.6690753378830456,0.1776406633659911,14.147402430467531,2.7674795350126296,1190.2977231263717,28.89192572081356,0.9500004207291785,0.0,0.0,0.0,0.0,0.0,0.0499995792708217,0.0,0.213200450926893,0.0,0.0,0.0,0.0,0.0,0.786799549073107,0.0,17.9977812635269,0.8260121752937054,1.00000000153373,0.0,0.0,0.0,0.0,0.0,3.095141555777374,0.0,22.53960113748808,1221.920496490378,7.249541730897533,302.7106577576344,2.6239816647333654
14,205.0,3.5398503315566465,0.95,0.0,0.0,0.0,0.0,0.0,0.05,0.0,298.92,79.64,0.6858022213301217,0.0444481458005606,15.826709276493416,3.5397503315566463,1205.7977316549554,9.45386414915302,0.9992376538601336,0.0,0.0,0.0,0.0,0.0,0.0007623461398662,0.0,0.9499743851783312,0.0,0.0,0.0,0.0,0.0,0.0500256148216689,0.0,21.08287971610027,0.712649471267352,1.0,0.0,0.0,0.0,0.0,0.0,3.954924474814581,0.0,21.15779579629945,1206.2779501886548,9.12387059747945,302.7106577576344,3.35468958110042
14,205.0,4.905045769882954,0.95,0.0,0.0,0.0,0.0,0.0,0.05,0.0,298.92,79.64,0.6858022213301217,0.0615902281502128,15.826709276493416,3.5397503315566463,1202.2640118062486,11.89999613828778,0.9936367807792742,0.0,0.0,0.0,0.0,0.0,0.0063632192207258,0.0,0.6971678879361483,0.0,0.0,0.0,0.0,0.0,0.3028321120638517,0.0,20.54258088983435,0.7299576453439762,1.0,0.0,0.0,0.0,0.0,0.0,3.79354517914882,0.0,21.15779579629945,1206.2779501886548,9.12387059747945,302.7106577576344,3.35468958110042
14,205.0,6.270241208209262,0.95,0.0,0.0,0.0,0.0,0.0,0.05,0.0,298.92,79.64,0.6858022213301217,0.0787323104998651,15.826709276493416,3.5397503315566463,1198.7420482840992,14.369339492484649,0.9880701628456074,0.0,0.0,0.0,0.0,0.0,0.0119298371543925,0.0,0.5541417503564745,0.0,0.0,0.0,0.0,0.0,0.4458582496435255,0.0,20.02220256048287,0.7468003207601392,1.0,0.0,0.0,0.0,0.0,0.0,3.6480715098152983,0.0,21.15779579629945,1206.2779501886548,9.12387059747945,302.7106577576344,3.35468958110042
14,205.0,7.635436646535569,0.95,0.0,0.0,0.0,0.0,0.0,0.05,0.0,298.92,79.64,0.6858022213301217,0.0958743928495174,15.826709276493416,3.5397503315566463,1195.2313564361043,16.862207064090416,0.9825369022289594,0.0,0.0,0.0,0.0,0.0,0.0174630977710405,0.0,0.4622346869905763,0.0,0.0,0.0,0.0,0.0,0.5377653130094238,0.0,19.52012243469173,0.7632501600273948,1.0,0.0,0.0,0.0,0.0,0.0,3.51580364225254,0.0,21.15779579629945,1206.2779501886548,9.12387059747945,302.7106577576344,3.35468958110042
14,205.0,9.000632084861877,0.95,0.0,0.0,0.0,0.0,0.0,0.05,0.0,298.92,79.64,0.6858022213301217,0.1130164751991697,15.826709276493416,3.5397503315566463,1191.731553473649,19.37897251292677,0.977036260847046,0.0,0.0,0.0,0.0,0.0,0.022963739152954,0.0,0.3982604975568729,0.0,0.0,0.0,0.0,0.0,0.6017395024431271,0.0,19.0349445702562,0.7793327030067729,1.0,0.0,0.0,0.0,0.0,0.0,3.3949467910306663,0.0,21.15779579629945,1206.2779501886548,9.12387059747945,302.7106577576344,3.35468958110042
14,205.0,10.365827523188184,0.95,0.0,0.0,0.0,0.0,0.0,0.05,0.0,298.92,79.64,0.6858022213301217,0.130158557548822,15.826709276493416,3.5397503315566463,1188.2423012177182,21.92004708817841,0.9715675737761664,0.0,0.0,0.0,0.0,0.0,0.0284324262238334,0.0,0.3512145713569445,0.0,0.0,0.0,0.0,0.0,0.6487854286430557,0.0,18.56545404901519,0.795124167380289,1.0,0.0,0.0,0.0,0.0,0.0,3.2841384896226296,0.0,21.15779579629945,1206.2779501886548,9.12387059747945,302.7106577576344,3.35468958110042
14,205.0,11.731022961514492,0.95,0.0,0.0,0.0,0.0,0.0,0.05,0.0,298.92,79.64,0.6858022213301217,0.1473006398984742,15.826709276493416,3.5397503315566463,1184.7632868493351,24.485867789161347,0.9661302199410292,0.0,0.0,0.0,0.0,0.0,0.0338697800589706,0.0,0.3152030998409471,0.0,0.0,0.0,0.0,0.0,0.6847969001590529,0.0,18.1105830376696,0.8106317278308716,1.0,0.0,0.0,0.0,0.0,0.0,3.182149169409222,0.0,21.15779579629945,1206.2779501886548,9.12387059747945,302.7106577576344,3.35468958110042
14,205.0,13.0962183998408,0.95,0.0,0.0,0.0,0.0,0.0,0.05,0.0,298.92,79.64,0.6858022213301217,0.1644427222481266,15.826709276493416,3.5397503315566463,1181.2942150553372,27.076891604721293,0.9607236099866192,0.0,0.0,0.0,0.0,0.0,0.0392763900133808,0.0,0.2867849218932127,0.0,0.0,0.0,0.0,0.0,0.7132150781067873,0.0,17.669387983049788,0.8259536780591973,1.0000000001132774,0.0,0.0,0.0,0.0,0.0,3.087822677225091,0.0,21.15779579629945,1206.2779501886548,9.12387059747945,302.7106577576344,3.35468958110042
14,205.0,14.461413838167108,0.95,0.0,0.0,0.0,0.0,0.0,0.05,0.0,298.92,79.64,0.6858022213301217,0.1815848045977788,15.826709276493416,3.5397503315566463,1177.8348043483966,29.69359262379152,0.9553471804488064,0.0,0.0,0.0,0.0,0.0,0.0446528195511936,0.0,0.2638160310205291,0.0,0.0,0.0,0.0,0.0,0.7361839689794709,0.0,17.241028506117562,0.8410550186988467,1.0000000002085865,0.0,0.0,0.0,0.0,0.0,3.0003019245169824,0.0,21.15779579629945,1206.2779501886548,9.12387059747945,302.7106577576344,3.35468958110042
14,205.0,15.826609276493416,0.95,0.0,0.0,0.0,0.0,0.0,0.05,0.0,298.92,79.64,0.6858022213301217,0.1987268869474311,15.826709276493416,3.5397503315566463,1174.3847851195142,32.336460534798974,0.9500003905445108,0.0,0.0,0.0,0.0,0.0,0.049999609455489,0.0,0.2448910662901771,0.0,0.0,0.0,0.0,0.0,0.7551089337098228,0.0,16.82475291161354,0.8560310860533313,1.0000000014270916,0.0,0.0,0.0,0.0,0.0,2.9188541145507583,0.0,21.15779579629945,1206.2779501886548,9.12387059747945,302.7106577576344,3.35468958110042
14,210.0,4.469243546770053,0.95,0.0,0.0,0.0,0.0,0.0,0.05,0.0,298.92,79.64,0.7025291047771979,0.0561180756751639,17.650012712740526,4.469143546770053,1189.721684508265,11.771852049568244,0.9990998871885692,0.0,0.0,0.0,0.0,0.0,0.0009001128114306,0.0,0.9499799124147598,0.0,0.0,0.0,0.0,0.0,0.0500200875852402,0.0,19.710210524300862,0.7429075405942762,1.0,0.0,0.0,0.0,0.0,0.0,3.640109851944868,0.0,19.793904820789816,1190.2941504876192,11.354703713715036,302.7106577576344,4.233266563955471
14,210.0,5.933762342988994,0.95,0.0,0.0,0.0,0.0,0.0,0.05,0.0,298.92,79.64,0.7025291047771979,0.0745073121922274,17.650012712740526,4.469143546770053,1186.1741544082467,14.375503163679827,0.9935313233581388,0.0,0.0,0.0,0.0,0.0,0.0064686766418612,0.0,0.727992026392269,0.0,0.0,0.0,0.0,0.0,0.272007973607731,0.0,19.20140443482586,0.7601635961498652,1.0,0.0,0.0,0.0,0.0,0.0,3.506278908212919,0.0,19.793904820789816,1190.2941504876192,11.354703713715036,302.7106577576344,4.233266563955471
14,210.0,7.398281139207937,0.95,0.0,0.0,0.0,0.0,0.0,0.05,0.0,298.92,79.64,0.7025291047771979,0.092896548709291,17.650012712740526,4.469143546770053,1182.6353283739672,17.004785847552103,0.9879925263950922,0.0,0.0,0.0,0.0,0.0,0.0120074736049078,0.0,0.5935804033949204,0.0,0.0,0.0,0.0,0.0,0.4064195966050797,0.0,18.70986203905282,0.7770561458040988,1.0,0.0,0.0,0.0,0.0,0.0,3.384005994330003,0.0,19.793904820789816,1190.2941504876192,11.354703713715036,302.7106577576344,4.233266563955471
14,210.0,8.862799935426878,0.95,0.0,0.0,0.0,0.0,0.0,0.05,0.0,298.92,79.64,0.7025291047771979,0.1112857852263545,17.650012712740526,4.469143546770053,1179.104765269483,19.660075462495485,0.9824827117730568,0.0,0.0,0.0,0.0,0.0,0.0175172882269433,0.0,0.5035527562594087,0.0,0.0,0.0,0.0,0.0,0.4964472437405914,0.0,18.23432805063633,0.7936354547579151,1.0,0.0,0.0,0.0,0.0,0.0,3.271988559720092,0.0,19.793904820789816,1190.2941504876192,11.354703713715036,302.7106577576344,4.233266563955471
14,210.0,10.32731873164582,0.95,0.0,0.0,0.0,0.0,0.0,0.05,0.0,298.92,79.64,0.7025291047771979,0.1296750217434181,17.650012712740526,4.469143546770053,1175.5821190334632,22.341805564615942,0.97700124103584,0.0,0.0,0.0,0.0,0.0,0.0229987589641601,0.0,0.4391095932369969,0.0,0.0,0.0,0.0,0.0,0.5608904067630032,0.0,17.7737063168815,0.8099361069179409,1.0,0.0,0.0,0.0,0.0,0.0,3.168885046146944,0.0,19.793904820789816,1190.2941504876192,11.354703713715036,302.7106577576344,4.233266563955471
14,210.0,11.79183752786476,0.95,0.0,0.0,0.0,0.0,0.0,0.05,0.0,298.92,79.64,0.7025291047771979,0.1480642582604816,17.650012712740526,4.469143546770053,1172.0670872885223,25.05044966722458,0.971547545394507,0.0,0.0,0.0,0.0,0.0,0.0284524546054928,0.0,0.3907561185318254,0.0,0.0,0.0,0.0,0.0,0.6092438814681745,0.0,17.327030796188964,0.8259888238583436,1.0,0.0,0.0,0.0,0.0,0.0,3.073556002211937,0.0,19.793904820789816,1190.2941504876192,11.354703713715036,302.7106577576344,4.233266563955471
14,210.0,13.256356324083704,0.95,0.0,0.0,0.0,0.0,0.0,0.05,0.0,298.92,79.64,0.7025291047771979,0.1664534947775452,17.650012712740526,4.469143546770053,1168.5593928130108,27.78651054664818,0.9661210980057028,0.0,0.0,0.0,0.0,0.0,0.0338789019942972,0.0,0.3531799001312011,0.0,0.0,0.0,0.0,0.0,0.6468200998687988,0.0,16.89344335337248,0.8418457578941272,1.0,0.0,0.0,0.0,0.0,0.0,2.9851343374433386,0.0,19.793904820789816,1190.2941504876192,11.354703713715036,302.7106577576344,4.233266563955471
14,210.0,14.720875120302644,0.95,0.0,0.0,0.0,0.0,0.0,0.05,0.0,298.92,79.64,0.7025291047771979,0.1848427312946088,17.650012712740526,4.469143546770053,1165.0587737829833,30.55051450211947,0.9607213993501104,0.0,0.0,0.0,0.0,0.0,0.0392786006498897,0.0,0.3231766368456755,0.0,0.0,0.0,0.0,0.0,0.6768233631543246,0.0,16.472176998957238,0.8575448772984701,1.0,0.0,0.0,0.0,0.0,0.0,2.902877272420298,0.0,19.793904820789816,1190.2941504876192,11.354703713715036,302.7106577576344,4.233266563955471
14,210.0,16.185393916521587,0.95,0.0,0.0,0.0,0.0,0.0,0.05,0.0,298.92,79.64,0.7025291047771979,0.2032319678116723,17.650012712740526,4.469143546770053,1161.564981614516,33.34300831529599,0.9553479737212756,0.0,0.0,0.0,0.0,0.0,0.0446520262787243,0.0,0.2986989334431067,0.0,0.0,0.0,0.0,0.0,0.7013010665568932,0.0,16.062542864498315,0.8730941527863536,1.000000000002099,0.0,0.0,0.0,0.0,0.0,2.826145393021344,0.0,19.793904820789816,1190.2941504876192,11.354703713715036,302.7106577576344,4.233266563955471
14,210.0,17.649912712740527,0.95,0.0,0.0,0.0,0.0,0.0,0.05,0.0,298.92,79.64,0.7025291047771979,0.2216212043287359,17.650012712740526,4.469143546770053,1158.077777705854,36.1645575455776,0.9500003642275884,0.0,0.0,0.0,0.0,0.0,0.0499996357724115,0.0,0.2783774743316008,0.0,0.0,0.0,0.0,0.0,0.7216225256683991,0.0,15.66391899240062,0.8885650430634044,1.0000000007066594,0.0,0.0,0.0,0.0,0.0,2.754443453039224,0.0,19.793904820789816,1190.2941504876192,11.354703713715036,302.7106577576344,4.233266563955471
14,215.0,5.575940188864525,0.95,0.0,0.0,0.0,0.0,0.0,0.05,0.0,298.92,79.64,0.7192559882242741,0.0700143167863451,19.628813853406385,5.575840188864525,1173.2282050327751,14.512557596397874,0.9989422434724226,0.0,0.0,0.0,0.0,0.0,0.0010577565275774,0.0,0.9499840812010172,0.0,0.0,0.0,0.0,0.0,0.0500159187989829,0.0,18.355143558112665,0.7755223853825186,1.0,0.0,0.0,0.0,0.0,0.0,3.360380340775944,0.0,18.448205290897207,1173.908539729092,13.989350648063478,302.7106577576344,5.278346606766283
14,215.0,7.137359484924732,0.95,0.0,0.0,0.0,0.0,0.0,0.05,0.0,298.92,79.64,0.7192559882242741,0.0896202848433542,19.628813853406385,5.575840188864525,1169.6622145035865,17.274346967158177,0.993407898475026,0.0,0.0,0.0,0.0,0.0,0.0065921015249739,0.0,0.7554295256141129,0.0,0.0,0.0,0.0,0.0,0.2445704743858871,0.0,17.876284613226776,0.792795843731544,1.0,0.0,0.0,0.0,0.0,0.0,3.248658362426367,0.0,18.448205290897207,1173.908539729092,13.989350648063478,302.7106577576344,5.278346606766283
14,215.0,8.698778780984938,0.95,0.0,0.0,0.0,0.0,0.0,0.05,0.0,298.92,79.64,0.7192559882242741,0.1092262529003633,19.628813853406385,5.575840188864525,1166.1018734620973,20.06434475488009,0.9878989559977344,0.0,0.0,0.0,0.0,0.0,0.0121010440022655,0.0,0.6304143014048186,0.0,0.0,0.0,0.0,0.0,0.3695856985951814,0.0,17.41244767329956,0.8098041415132387,1.0,0.0,0.0,0.0,0.0,0.0,3.145704903115796,0.0,18.448205290897207,1173.908539729092,13.989350648063478,302.7106577576344,5.278346606766283
14,215.0,10.260198077045146,0.95,0.0,0.0,0.0,0.0,0.0,0.05,0.0,298.92,79.64,0.7192559882242741,0.1288322209573725,19.628813853406385,5.575840188864525,1162.546770505627,22.88300200506573,0.982414725136344,0.0,0.0,0.0,0.0,0.0,0.017585274863656,0.0,0.5434039109707193,0.0,0.0,0.0,0.0,0.0,0.4565960890292806,0.0,16.962659095327744,0.8265535580339098,1.0,0.0,0.0,0.0,0.0,0.0,3.050464269871654,0.0,18.448205290897207,1173.908539729092,13.989350648063478,302.7106577576344,5.278346606766283
14,215.0,11.82161737310535,0.95,0.0,0.0,0.0,0.0,0.0,0.05,0.0,298.92,79.64,0.7192559882242741,0.1484381890143816,19.628813853406385,5.575840188864525,1158.9965811316351,25.73082489503261,0.9769546457519837,0.0,0.0,0.0,0.0,0.0,0.0230453542480164,0.0,0.4794274039896156,0.0,0.0,0.0,0.0,0.0,0.5205725960103844,0.0,16.52605610727575,0.843112103532787,1.0,0.0,0.0,0.0,0.0,0.0,2.9620894182823814,0.0,18.448205290897207,1173.908539729092,13.989350648063478,302.7106577576344,5.278346606766283
14,215.0,13.38303666916556,0.95,0.0,0.0,0.0,0.0,0.0,0.05,0.0,298.92,79.64,0.7192559882242741,0.1680441570713907,19.628813853406385,5.575840188864525,1155.4510232339408,28.60836132480445,0.9715182235524972,0.0,0.0,0.0,0.0,0.0,0.0284817764475027,0.0,0.4304657044407949,0.0,0.0,0.0,0.0,0.0,0.569534295559205,0.0,16.10187044617561,0.8595138356202753,1.0,0.0,0.0,0.0,0.0,0.0,2.8799350757022264,0.0,18.448205290897207,1173.908539729092,13.989350648063478,302.7106577576344,5.278346606766283
14,215.0,14.944455965225766,0.95,0.0,0.0,0.0,0.0,0.0,0.05,0.0,298.92,79.64,0.7192559882242741,0.1876501251283998,19.628813853406385,5.575840188864525,1151.9098377179548,31.51619182179586,0.9661050017769366,0.0,0.0,0.0,0.0,0.0,0.0338949982230634,0.0,0.3918365545362358,0.0,0.0,0.0,0.0,0.0,0.6081634454637641,0.0,15.689413505853445,0.8757566463097298,1.0,0.0,0.0,0.0,0.0,0.0,2.8032907513857745,0.0,18.448205290897207,1173.908539729092,13.989350648063478,302.7106577576344,5.278346606766283
14,215.0,16.505875261285972,0.95,0.0,0.0,0.0,0.0,0.0,0.05,0.0,298.92,79.64,0.7192559882242741,0.207256093185409,19.628813853406385,5.575840188864525,1148.372781740517,34.45492428936921,0.960714551108894,0.0,0.0,0.0,0.0,0.0,0.0392854488911058,0.0,0.3606226530968008,0.0,0.0,0.0,0.0,0.0,0.6393773469031993,0.0,15.288062828085998,0.8919006523489778,1.0,0.0,0.0,0.0,0.0,0.0,2.731577640917682,0.0,18.448205290897207,1173.908539729092,13.989350648063478,302.7106577576344,5.278346606766283
14,215.0,18.06729455734618,0.95,0.0,0.0,0.0,0.0,0.0,0.05,0.0,298.92,79.64,0.7192559882242741,0.2268620612424181,19.628813853406385,5.575840188864525,1144.839623573082,37.425190927952855,0.9553464620655672,0.0,0.0,0.0,0.0,0.0,0.0446535379344329,0.0,0.3349117770812412,0.0,0.0,0.0,0.0,0.0,0.6650882229187588,0.0,14.897255508414863,0.9079726334302706,1.0,0.0,0.0,0.0,0.0,0.0,2.6643249624188576,0.0,18.448205290897207,1173.908539729092,13.989350648063478,302.7106577576344,5.278346606766283
14,215.0,19.628713853406385,0.95,0.0,0.0,0.0,0.0,0.0,0.05,0.0,298.92,79.64,0.7192559882242741,0.2464680292994272,19.628813853406385,5.575840188864525,1141.3101404140295,40.427646484866365,0.9500003416326864,0.0,0.0,0.0,0.0,0.0,0.0499996583673134,0.0,0.3133983471979567,0.0,0.0,0.0,0.0,0.0,0.6866016528020432,0.0,14.51647866228366,0.9239787282846458,1.0000000004947942,0.0,0.0,0.0,0.0,0.0,2.601120040155388,0.0,18.448205290897207,1173.908539729092,13.989350648063478,302.7106577576344,5.278346606766283
14,220.0,6.881187081958474,0.95,0.0,0.0,0.0,0.0,0.0,0.05,0.0,298.92,79.64,0.7359828716713501,0.0864036549718542,21.77517690158367,6.881087081958475,1156.247309229948,17.73245974472821,0.9987618957119871,0.0,0.0,0.0,0.0,0.0,0.0012381042880129,0.0,0.949987266268518,0.0,0.0,0.0,0.0,0.0,0.050012733731482,0.0,17.018111609459453,0.8107774726937059,1.0,0.0,0.0,0.0,0.0,0.0,3.1106479538469647,0.0,17.121140165384258,1157.0541060432145,17.08052563899556,302.7106577576344,6.509407158415541
14,220.0,8.536063728583496,0.95,0.0,0.0,0.0,0.0,0.0,0.05,0.0,298.92,79.64,0.7359828716713501,0.1071831206502196,21.77517690158367,6.881087081958475,1152.657867527125,20.653101872613057,0.9932641075225536,0.0,0.0,0.0,0.0,0.0,0.0067358924774465,0.0,0.7797829406119623,0.0,0.0,0.0,0.0,0.0,0.2202170593880377,0.0,16.567926693932243,0.8281621615996934,1.0,0.0,0.0,0.0,0.0,0.0,3.016754031737273,0.0,17.121140165384258,1157.0541060432145,17.08052563899556,302.7106577576344,6.509407158415541
14,220.0,10.190940375208518,0.95,0.0,0.0,0.0,0.0,0.0,0.05,0.0,298.92,79.64,0.7359828716713501,0.1279625863285851,21.77517690158367,6.881087081958475,1149.0709757746663,23.60471119421736,0.987787449099138,0.0,0.0,0.0,0.0,0.0,0.0122125509008618,0.0,0.6645668098912378,0.0,0.0,0.0,0.0,0.0,0.3354331901087622,0.0,16.130859065262666,0.8453378634481098,1.0,0.0,0.0,0.0,0.0,0.0,2.929677876861719,0.0,17.121140165384258,1157.0541060432145,17.08052563899556,302.7106577576344,6.509407158415541
14,220.0,11.84581702183354,0.95,0.0,0.0,0.0,0.0,0.0,0.05,0.0,298.92,79.64,0.7359828716713501,0.1487420520069505,21.77517690158367,6.881087081958475,1145.4862385441525,26.587829459874843,0.9823313047863306,0.0,0.0,0.0,0.0,0.0,0.0176686952136693,0.0,0.5814930754185869,0.0,0.0,0.0,0.0,0.0,0.418506924581413,0.0,15.706152894754524,0.8623743776796197,1.0,0.0,0.0,0.0,0.0,0.0,2.848544966601088,0.0,17.121140165384258,1157.0541060432145,17.08052563899556,302.7106577576344,6.509407158415541
14,220.0,13.50069366845856,0.95,0.0,0.0,0.0,0.0,0.0,0.05,0.0,298.92,79.64,0.7359828716713501,0.1695215176853159,21.77517690158367,6.881087081958475,1141.903338169933,29.603050811843055,0.9768951735507384,0.0,0.0,0.0,0.0,0.0,0.0231048264492614,0.0,0.5188328109439693,0.0,0.0,0.0,0.0,0.0,0.4811671890560307,0.0,15.293128525206368,0.8792810014105505,1.0,0.0,0.0,0.0,0.0,0.0,2.7727475724067085,0.0,17.121140165384258,1157.0541060432145,17.08052563899556,302.7106577576344,6.509407158415541
14,220.0,15.155570315083583,0.95,0.0,0.0,0.0,0.0,0.0,0.05,0.0,298.92,79.64,0.7359828716713501,0.1903009833636813,21.77517690158367,6.881087081958475,1138.3219970229975,32.65101264027477,0.9714786151221236,0.0,0.0,0.0,0.0,0.0,0.0285213848778762,0.0,0.4699463590587637,0.0,0.0,0.0,0.0,0.0,0.5300536409412364,0.0,14.891174985583197,0.8960701977120806,1.0,0.0,0.0,0.0,0.0,0.0,2.7017705034804087,0.0,17.121140165384258,1157.0541060432145,17.08052563899556,302.7106577576344,6.509407158415541
14,220.0,16.810446961708607,0.95,0.0,0.0,0.0,0.0,0.0,0.05,0.0,298.92,79.64,0.7359828716713501,0.2110804490420467,21.77517690158367,6.881087081958475,1134.7419585409702,35.7323883635902,0.96608122297102,0.0,0.0,0.0,0.0,0.0,0.0339187770289799,0.0,0.4307935184752984,0.0,0.0,0.0,0.0,0.0,0.5692064815247015,0.0,14.499740838928236,0.912781249439084,1.0,0.0,0.0,0.0,0.0,0.0,2.635161650498867,0.0,17.121140165384258,1157.0541060432145,17.08052563899556,302.7106577576344,6.509407158415541
14,220.0,18.465323608333627,0.95,0.0,0.0,0.0,0.0,0.0,0.05,0.0,298.92,79.64,0.7359828716713501,0.2318599147204121,21.77517690158367,6.881087081958475,1131.1629819571303,38.8478829908831,0.9607026165195264,0.0,0.0,0.0,0.0,0.0,0.0392973834804736,0.0,0.3987750438788456,0.0,0.0,0.0,0.0,0.0,0.6012249561211543,0.0,14.118322940801711,0.929461676041084,1.0000000000034612,0.0,0.0,0.0,0.0,0.0,2.5725231975858827,0.0,17.121140165384258,1157.0541060432145,17.08052563899556,302.7106577576344,6.509407158415541
14,220.0,20.120200254958647,0.95,0.0,0.0,0.0,0.0,0.0,0.05,0.0,298.92,79.64,0.7359828716713501,0.2526393803987776,21.77517690158367,6.881087081958475,1127.5848363401687,41.99823023508124,0.9553424325976352,0.0,0.0,0.0,0.0,0.0,0.0446575674023648,0.0,0.3721429585205763,0.0,0.0,0.0,0.0,0.0,0.6278570414794238,0.0,13.74646190366509,0.9461020530282496,1.0,0.0,0.0,0.0,0.0,0.0,2.513503816143774,0.0,17.121140165384258,1157.0541060432145,17.08052563899556,302.7106577576344,6.509407158415541
14,220.0,21.77507690158367,0.95,0.0,0.0,0.0,0.0,0.0,0.05,0.0,298.92,79.64,0.7359828716713501,0.273418846077143,21.77517690158367,6.881087081958475,1124.0072984177189,45.18419084487673,0.950000322192836,0.0,0.0,0.0,0.0,0.0,0.049999677807164,0.0,0.3496785259744783,0.0,0.0,0.0,0.0,0.0,0.6503214740255217,0.0,13.383737549944058,0.9627650189300496,1.0000000001011795,0.0,0.0,0.0,0.0,0.0,2.4578063376029475,0.0,17.121140165384258,1157.0541060432145,17.08052563899556,302.7106577576344,6.509407158415541
14,225.0,8.407304217987223,0.95,0.0,0.0,0.0,0.0,0.0,0.05,0.0,298.92,79.64,0.7527097551184263,0.105566351305716,24.10159309622668,8.407204217987223,1138.6999292729174,21.495610313412328,0.9985554088227728,0.0,0.0,0.0,0.0,0.0,0.001444591177227,0.0,0.9499897290180812,0.0,0.0,0.0,0.0,0.0,0.0500102709819188,0.0,15.69972070138606,0.8491038993874106,1.0,0.0,0.0,0.0,0.0,0.0,2.886387072732707,0.0,15.813326197117547,1139.6555629264626,20.687604017864448,302.7106577576344,7.946729358776584
14,225.0,10.15110298223605,0.95,0.0,0.0,0.0,0.0,0.0,0.05,0.0,298.92,79.64,0.7527097551184263,0.127462367933652,24.10159309622668,8.407204217987223,1135.081598860719,24.575992482757915,0.9930970151400778,0.0,0.0,0.0,0.0,0.0,0.0069029848599223,0.0,0.8013651148679167,0.0,0.0,0.0,0.0,0.0,0.1986348851320832,0.0,15.277172537620482,0.8666883376789748,1.0,0.0,0.0,0.0,0.0,0.0,2.8072788820558108,0.0,15.813326197117547,1139.6555629264626,20.687604017864448,302.7106577576344,7.946729358776584
14,225.0,11.89490174648488,0.95,0.0,0.0,0.0,0.0,0.0,0.05,0.0,298.92,79.64,0.7527097551184263,0.1493583845615881,24.10159309622668,8.407204217987223,1131.4626266060643,27.690314976343263,0.987655538649464,0.0,0.0,0.0,0.0,0.0,0.012344461350536,0.0,0.6960521418212546,0.0,0.0,0.0,0.0,0.0,0.3039478581787452,0.0,14.8661118976493,0.8841626474138209,1.0,0.0,0.0,0.0,0.0,0.0,2.733255690011145,0.0,15.813326197117547,1139.6555629264626,20.687604017864448,302.7106577576344,7.946729358776584
14,225.0,13.638700510733708,0.95,0.0,0.0,0.0,0.0,0.0,0.05,0.0,298.92,79.64,0.7527097551184263,0.1712544011895242,24.10159309622668,8.407204217987223,1127.8426184331995,30.8392275211576,0.982230420987929,0.0,0.0,0.0,0.0,0.0,0.0177695790120709,0.0,0.6176207358980121,0.0,0.0,0.0,0.0,0.0,0.3823792641019878,0.0,14.465953686749316,0.901546707966039,1.0,0.0,0.0,0.0,0.0,0.0,2.663908750015207,0.0,15.813326197117547,1139.6555629264626,20.687604017864448,302.7106577576344,7.946729358776584
14,225.0,15.382499274982536,0.95,0.0,0.0,0.0,0.0,0.0,0.05,0.0,298.92,79.64,0.7527097551184263,0.1931504178174602,24.10159309622668,8.407204217987223,1124.2212489554229,34.02343061306658,0.9768212030077854,0.0,0.0,0.0,0.0,0.0,0.0231787969922146,0.0,0.5570193690727024,0.0,0.0,0.0,0.0,0.0,0.4429806309272975,0.0,14.076161122640787,0.91888662579507,1.0,0.0,0.0,0.0,0.0,0.0,2.598745266240044,0.0,15.813326197117547,1139.6555629264626,20.687604017864448,302.7106577576344,7.946729358776584
14,225.0,17.126298039231365,0.95,0.0,0.0,0.0,0.0,0.0,0.05,0.0,298.92,79.64,0.7527097551184263,0.2150464344453963,24.10159309622668,8.407204217987223,1120.5982271945727,37.24366958759017,0.9714274771860912,0.0,0.0,0.0,0.0,0.0,0.0285725228139086,0.0,0.5088518813944146,0.0,0.0,0.0,0.0,0.0,0.4911481186055854,0.0,13.696251349394393,0.9361796388184366,1.0,0.0,0.0,0.0,0.0,0.0,2.537377050188751,0.0,15.813326197117547,1139.6555629264626,20.687604017864448,302.7106577576344,7.946729358776584
14,225.0,18.870096803480195,0.95,0.0,0.0,0.0,0.0,0.0,0.05,0.0,298.92,79.64,0.7527097551184263,0.2369424510733324,24.10159309622668,8.407204217987223,1116.9732837324934,40.50072977429698,0.9660488695778576,0.0,0.0,0.0,0.0,0.0,0.0339511304221425,0.0,0.469701838603373,0.0,0.0,0.0,0.0,0.0,0.5302981613966269,0.0,13.325782192736042,0.9534567115195132,1.0,0.0,0.0,0.0,0.0,0.0,2.479478930003754,0.0,15.813326197117547,1139.6555629264626,20.687604017864448,302.7106577576344,7.946729358776584
14,225.0,20.61389556772902,0.95,0.0,0.0,0.0,0.0,0.0,0.05,0.0,298.92,79.64,0.7527097551184263,0.2588384677012684,24.10159309622668,8.407204217987223,1113.3461620208952,43.79543274939451,0.9606850276905092,0.0,0.0,0.0,0.0,0.0,0.0393149723094907,0.0,0.437301118427575,0.0,0.0,0.0,0.0,0.0,0.5626988815724249,0.0,12.964348686192151,0.970764589270152,1.0,0.0,0.0,0.0,0.0,0.0,2.4247611016898167,0.0,15.813326197117547,1139.6555629264626,20.687604017864448,302.7106577576344,7.946729358776584
14,225.0,22.357694331977847,0.95,0.0,0.0,0.0,0.0,0.0,0.05,0.0,298.92,79.64,0.7527097551184263,0.2807344843292045,24.10159309622668,8.407204217987223,1109.7166142570888,47.12863402026103,0.955335614645867,0.0,0.0,0.0,0.0,0.0,0.0446643853541328,0.0,0.4100849898324321,0.0,0.0,0.0,0.0,0.0,0.589915010167568,0.0,12.6115785087677,0.9880917828472882,1.0,0.0,0.0,0.0,0.0,0.0,2.372964811756676,0.0,15.813326197117547,1139.6555629264626,20.687604017864448,302.7106577576344,7.946729358776584
14,225.0,24.10149309622668,0.95,0.0,0.0,0.0,0.0,0.0,0.05,0.0,298.92,79.64,0.7527097551184263,0.3026305009571405,24.10159309622668,8.407204217987223,1106.0843987752096,50.50122156773218,0.9500003054617208,0.0,0.0,0.0,0.0,0.0,0.0499996945382791,0.0,0.3869391622702026,0.0,0.0,0.0,0.0,0.0,0.6130608377297972,0.0,12.267128908118265,1.0054976379898557,1.0,0.0,0.0,0.0,0.0,0.0,2.323858306690841,0.0,15.813326197117547,1139.6555629264626,20.687604017864448,302.7106577576344,7.946729358776584
14,230.0,10.177724458513506,0.95,0.0,0.0,0.0,0.0,0.0,0.05,0.0,298.92,79.64,0.7694366385655025,0.1277966406141826,26.620833128631787,10.177624458513506,1120.4952847056604,25.875626856676668,0.9983185523674276,0.0,0.0,0.0,0.0,0.0,0.0016814476325723,0.0,0.949991654516594,0.0,0.0,0.0,0.0,0.0,0.050008345483406,0.0,14.400763200979792,0.891024230033289,1.0,0.0,0.0,0.0,0.0,0.0,2.6840487077070123,0.0,14.52556748614066,1121.6270137216943,24.87830228106012,302.7106577576344,9.61137473881863
14,230.0,12.004725421859982,0.95,0.0,0.0,0.0,0.0,0.0,0.05,0.0,298.92,79.64,0.7694366385655025,0.1507373860102961,26.620833128631787,10.177624458513506,1116.842051417364,29.116891801847963,0.992902987388138,0.0,0.0,0.0,0.0,0.0,0.0070970126118619,0.0,0.8204814127132705,0.0,0.0,0.0,0.0,0.0,0.1795185872867296,0.0,14.00501821251058,0.9089253442424337,1.0,0.0,0.0,0.0,0.0,0.0,2.617127570571213,0.0,14.52556748614066,1121.6270137216943,24.87830228106012,302.7106577576344,9.61137473881863
14,230.0,13.831726385206457,0.95,0.0,0.0,0.0,0.0,0.0,0.05,0.0,298.92,79.64,0.7694366385655025,0.1736781314064095,26.620833128631787,10.177624458513506,1113.1848365449416,32.39532560438028,0.987500154345165,0.0,0.0,0.0,0.0,0.0,0.012499845654835,0.0,0.7249513245496962,0.0,0.0,0.0,0.0,0.0,0.2750486754503038,0.0,13.619364103295778,0.926804462740337,1.0,0.0,0.0,0.0,0.0,0.0,2.5541058155527785,0.0,14.52556748614066,1121.6270137216943,24.87830228106012,302.7106577576344,9.61137473881863
14,230.0,15.658727348552931,0.95,0.0,0.0,0.0,0.0,0.0,0.05,0.0,298.92,79.64,0.7694366385655025,0.196618876802523,26.620833128631787,10.177624458513506,1109.5232325109066,35.71170681593211,0.9821095359342786,0.0,0.0,0.0,0.0,0.0,0.0178904640657213,0.0,0.6516712455850725,0.0,0.0,0.0,0.0,0.0,0.3483287544149274,0.0,13.243339805827034,0.9446730049017844,1.0,0.0,0.0,0.0,0.0,0.0,2.494652362345578,0.0,14.52556748614066,1121.6270137216943,24.87830228106012,302.7106577576344,9.61137473881863
14,230.0,17.485728311899408,0.95,0.0,0.0,0.0,0.0,0.0,0.05,0.0,298.92,79.64,0.7694366385655025,0.2195596221986364,26.620833128631787,10.177624458513506,1105.8568888723696,39.0668640291549,0.9767306961843568,0.0,0.0,0.0,0.0,0.0,0.0232693038156433,0.0,0.5937544848050628,0.0,0.0,0.0,0.0,0.0,0.4062455151949372,0.0,12.876525270284944,0.9625432426514572,1.0,0.0,0.0,0.0,0.0,0.0,2.438476657111726,0.0,14.52556748614066,1121.6270137216943,24.87830228106012,302.7106577576344,9.61137473881863
14,230.0,19.31272927524589,0.95,0.0,0.0,0.0,0.0,0.0,0.05,0.0,298.92,79.64,0.7694366385655025,0.2425003675947499,26.620833128631787,10.177624458513506,1102.1854843838753,42.46167329184616,0.971363242788598,0.0,0.0,0.0,0.0,0.0,0.0286367572114021,0.0,0.5468924583194825,0.0,0.0,0.0,0.0,0.0,0.4531075416805175,0.0,12.518539951735994,0.9804538315814412,1.0,0.0,0.0,0.0,0.0,0.0,2.385331897122033,0.0,14.52556748614066,1121.6270137216943,24.87830228106012,302.7106577576344,9.61137473881863
14,230.0,21.13973023859236,0.95,0.0,0.0,0.0,0.0,0.0,0.05,0.0,298.92,79.64,0.7694366385655025,0.2654411129908633,26.620833128631787,10.177624458513506,1098.5087170852858,45.897055330068106,0.9660068134864216,0.0,0.0,0.0,0.0,0.0,0.0339931865135784,0.0,0.5082518499431322,0.0,0.0,0.0,0.0,0.0,0.4917481500568679,0.0,12.169031282979915,0.9984293419704096,1.0,0.0,0.0,0.0,0.0,0.0,2.334946022344548,0.0,14.52556748614066,1121.6270137216943,24.87830228106012,302.7106577576344,9.61137473881863
14,230.0,22.966731201938835,0.95,0.0,0.0,0.0,0.0,0.0,0.05,0.0,298.92,79.64,0.7694366385655025,0.2883818583869768,26.620833128631787,10.177624458513506,1094.8262955299992,49.37397277230776,0.9606610642453636,0.0,0.0,0.0,0.0,0.0,0.0393389357546364,0.0,0.4758931774581476,0.0,0.0,0.0,0.0,0.0,0.5241068225418525,0.0,11.827674865353758,1.0164738322416789,1.0,0.0,0.0,0.0,0.0,0.0,2.2871078443918926,0.0,14.52556748614066,1121.6270137216943,24.87830228106012,302.7106577576344,9.61137473881863
14,230.0,24.793732165285316,0.95,0.0,0.0,0.0,0.0,0.0,0.05,0.0,298.92,79.64,0.7694366385655025,0.3113226037830903,26.620833128631787,10.177624458513506,1091.137934951635,52.89342851245333,0.9553256640107306,0.0,0.0,0.0,0.0,0.0,0.0446743359892694,0.0,0.448444225419582,0.0,0.0,0.0,0.0,0.0,0.5515557745804179,0.0,11.494170933572262,1.0346409497378477,1.0,0.0,0.0,0.0,0.0,0.0,2.2416267805991845,0.0,14.52556748614066,1121.6270137216943,24.87830228106012,302.7106577576344,9.61137473881863
14,230.0,26.620733128631787,0.95,0.0,0.0,0.0,0.0,0.0,0.05,0.0,298.92,79.64,0.7694366385655025,0.3342633491792037,26.620833128631787,10.177624458513506,1087.443354621154,56.45646465585956,0.9500002910892272,0.0,0.0,0.0,0.0,0.0,0.0499997089107727,0.0,0.4249068887227104,0.0,0.0,0.0,0.0,0.0,0.5750931112772896,0.0,11.168241287690876,1.0529187773740674,1.0,0.0,0.0,0.0,0.0,0.0,2.19833046925028,0.0,14.52556748614066,1121.6270137216943,24.87830228106012,302.7106577576344,9.61137473881863
14,235.0,12.217074716902756,0.95,0.0,0.0,0.0,0.0,0.0,0.05,0.0,298.92,79.64,0.7861635220125786,0.1534037508400647,29.34578260289036,12.216974716902756,1101.527393658255,30.958405786724285,0.9980460416813308,0.0,0.0,0.0,0.0,0.0,0.0019539583186691,0.0,0.949993175620544,0.0,0.0,0.0,0.0,0.0,0.0500068243794559,0.0,13.122238414167208,0.9372412138790424,1.0,0.0,0.0,0.0,0.0,0.0,2.500633589761489,0.0,13.258875583506692,1102.8688895247462,29.73094022392497,302.7106577576344,11.525181126674264
14,235.0,14.120253370901375,0.95,0.0,0.0,0.0,0.0,0.0,0.05,0.0,298.92,79.64,0.7861635220125786,0.1773010217340705,29.34578260289036,12.216974716902756,1097.8325013191202,34.36204578673567,0.9926774637795124,0.0,0.0,0.0,0.0,0.0,0.0073225362204875,0.0,0.8374189840685898,0.0,0.0,0.0,0.0,0.0,0.1625810159314102,0.0,12.752653697267052,0.9556076354217822,1.0,0.0,0.0,0.0,0.0,0.0,2.44383083957596,0.0,13.258875583506692,1102.8688895247462,29.73094022392497,302.7106577576344,11.525181126674264
14,235.0,16.0234320249,0.95,0.0,0.0,0.0,0.0,0.0,0.05,0.0,298.92,79.64,0.7861635220125786,0.2011982926280763,29.34578260289036,12.216974716902756,1094.1300755771435,37.80639251405944,0.9873174292603174,0.0,0.0,0.0,0.0,0.0,0.0126825707396826,0.0,0.751391280897827,0.0,0.0,0.0,0.0,0.0,0.248608719102173,0.0,12.391945540628742,0.9740188923897684,1.0,0.0,0.0,0.0,0.0,0.0,2.390028962686227,0.0,13.258875583506692,1102.8688895247462,29.73094022392497,302.7106577576344,11.525181126674264
14,235.0,17.926610678898623,0.95,0.0,0.0,0.0,0.0,0.0,0.05,0.0,298.92,79.64,0.7861635220125786,0.2250955635220821,29.34578260289036,12.216974716902756,1090.4196753986475,41.29237725637569,0.9819654416458606,0.0,0.0,0.0,0.0,0.0,0.0180345583541393,0.0,0.6835990514299706,0.0,0.0,0.0,0.0,0.0,0.3164009485700293,0.0,12.039756321088314,0.9925023322103428,1.0,0.0,0.0,0.0,0.0,0.0,2.3389970686893595,0.0,13.258875583506692,1102.8688895247462,29.73094022392497,302.7106577576344,11.525181126674264
14,235.0,19.82978933289724,0.95,0.0,0.0,0.0,0.0,0.0,0.05,0.0,298.92,79.64,0.7861635220125786,0.2489928344160879,29.34578260289036,12.216974716902756,1086.700906362684,44.82098335278624,0.9766210703448684,0.0,0.0,0.0,0.0,0.0,0.0233789296551316,0.0,0.6288745613165323,0.0,0.0,0.0,0.0,0.0,0.3711254386834676,0.0,11.69575666594122,1.0110612610091103,1.0,0.0,0.0,0.0,0.0,0.0,2.290526248167451,0.0,13.258875583506692,1102.8688895247462,29.73094022392497,302.7106577576344,11.525181126674264
14,235.0,21.732967986895865,0.95,0.0,0.0,0.0,0.0,0.0,0.05,0.0,298.92,79.64,0.7861635220125786,0.2728901053100937,29.34578260289036,12.216974716902756,1082.9733960169085,48.39324544847008,0.97128391864332,0.0,0.0,0.0,0.0,0.0,0.0287160813566799,0.0,0.5838361907110937,0.0,0.0,0.0,0.0,0.0,0.4161638092889063,0.0,11.3596489464246,1.0297266975048347,1.0,0.0,0.0,0.0,0.0,0.0,2.244427776417301,0.0,13.258875583506692,1102.8688895247462,29.73094022392497,302.7106577576344,11.525181126674264
14,235.0,23.636146640894488,0.95,0.0,0.0,0.0,0.0,0.0,0.05,0.0,298.92,79.64,0.7861635220125786,0.2967873762040995,29.34578260289036,12.216974716902756,1079.2367880940358,52.01024904449189,0.96595361581373,0.0,0.0,0.0,0.0,0.0,0.0340463841862699,0.0,0.5461784569625282,0.0,0.0,0.0,0.0,0.0,0.4538215430374719,0.0,11.031153899189594,1.0485461453208054,1.0,0.0,0.0,0.0,0.0,0.0,2.20053027818173,0.0,13.258875583506692,1102.8688895247462,29.73094022392497,302.7106577576344,11.525181126674264
14,235.0,25.53932529489311,0.95,0.0,0.0,0.0,0.0,0.0,0.05,0.0,298.92,79.64,0.7861635220125786,0.3206846470981053,29.34578260289036,12.216974716902756,1075.4907332809566,55.67312863807704,0.9606298052024024,0.0,0.0,0.0,0.0,0.0,0.0393701947975977,0.0,0.5142756687725287,0.0,0.0,0.0,0.0,0.0,0.4857243312274712,0.0,10.710013649797498,1.067504456153258,1.0,0.0,0.0,0.0,0.0,0.0,2.1586782605931365,0.0,13.258875583506692,1102.8688895247462,29.73094022392497,302.7106577576344,11.525181126674264
14,235.0,27.442503948891734,0.95,0.0,0.0,0.0,0.0,0.0,0.05,0.0,298.92,79.64,0.7861635220125786,0.3445819179921112,29.34578260289036,12.216974716902756,1071.7348858540684,59.38306697549344,0.9553121397997522,0.0,0.0,0.0,0.0,0.0,0.0446878602002478,0.0,0.486948718541991,0.0,0.0,0.0,0.0,0.0,0.5130512814580089,0.0,10.395988323525254,1.086641138674434,1.0,0.0,0.0,0.0,0.0,0.0,2.1187300985884403,0.0,13.258875583506692,1102.8688895247462,29.73094022392497,302.7106577576344,11.525181126674264
14,235.0,29.34568260289036,0.95,0.0,0.0,0.0,0.0,0.0,0.05,0.0,298.92,79.64,0.7861635220125786,0.3684791888861169,29.34578260289036,12.216974716902756,1067.96890103823,63.1412945934059,0.9500002788041602,0.0,0.0,0.0,0.0,0.0,0.0499997211958398,0.0,0.4633217019835088,0.0,0.0,0.0,0.0,0.0,0.5366782980164911,0.0,10.088855141404329,1.1059762951153056,1.0,0.0,0.0,0.0,0.0,0.0,2.0805567055082435,0.0,13.258875583506692,1102.8688895247462,29.73094022392497,302.7106577576344,11.525181126674264
14,240.0,14.55131136162268,0.95,0.0,0.0,0.0,0.0,0.0,0.05,0.0,298.92,79.64,0.8028904054596547,0.1827136032348403,32.289249758728964,14.55121136162268,1081.6703316084318,36.84587333394795,0.9977311718830274,0.0,0.0,0.0,0.0,0.0,0.0022688281169725,0.0,0.9499943889596076,0.0,0.0,0.0,0.0,0.0,0.0500056110403923,0.0,11.865381376604372,0.9886206857173064,1.0,0.0,0.0,0.0,0.0,0.0,2.333589955418646,0.0,12.014498351825988,1083.263844328595,35.3375257790447,302.7106577576344,13.710780754884407
14,240.0,16.52218229463449,0.95,0.0,0.0,0.0,0.0,0.0,0.05,0.0,298.92,79.64,0.8028904054596547,0.2074608525192678,32.289249758728964,14.55121136162268,1077.926071669951,40.41384683450933,0.9924146406953694,0.0,0.0,0.0,0.0,0.0,0.0075853593046306,0.0,0.8524412471948748,0.0,0.0,0.0,0.0,0.0,0.1475587528051253,0.0,11.521479612216233,1.0076170715120272,1.0,0.0,0.0,0.0,0.0,0.0,2.28524681848172,0.0,12.014498351825988,1083.263844328595,35.3375257790447,302.7106577576344,13.710780754884407
14,240.0,18.4930532276463,0.95,0.0,0.0,0.0,0.0,0.0,0.05,0.0,298.92,79.64,0.8028904054596547,0.2322081018036954,32.289249758728964,14.55121136162268,1074.1704321013929,44.02644319496712,0.987102425175844,0.0,0.0,0.0,0.0,0.0,0.0128975748241557,0.0,0.7755277746514367,0.0,0.0,0.0,0.0,0.0,0.2244722253485633,0.0,11.185397242819082,1.0267413615991363,1.0,0.0,0.0,0.0,0.0,0.0,2.2392175044867715,0.0,12.014498351825988,1083.263844328595,35.3375257790447,302.7106577576344,13.710780754884407
14,240.0,20.463924160658102,0.95,0.0,0.0,0.0,0.0,0.0,0.05,0.0,298.92,79.64,0.8028904054596547,0.2569553510881229,32.289249758728964,14.55121136162268,1070.402916288354,47.684776621667645,0.9817940304326712,0.0,0.0,0.0,0.0,0.0,0.0182059695673285,0.0,0.7134146868529584,0.0,0.0,0.0,0.0,0.0,0.2865853131470415,0.0,10.856853958660272,1.0459968070570873,1.0,0.0,0.0,0.0,0.0,0.0,2.1953406751830338,0.0,12.014498351825988,1083.263844328595,35.3375257790447,302.7106577576344,13.710780754884407
14,240.0,22.43479509366992,0.95,0.0,0.0,0.0,0.0,0.0,0.05,0.0,298.92,79.64,0.8028904054596547,0.2817026003725504,32.289249758728964,14.55121136162268,1066.6230592068066,51.39001699166106,0.9764890078318346,0.0,0.0,0.0,0.0,0.0,0.0235109921681654,0.0,0.6622776168016717,0.0,0.0,0.0,0.0,0.0,0.3377223831983283,0.0,10.535599484475824,1.0654253407918126,1.0,0.0,0.0,0.0,0.0,0.0,2.153468079769238,0.0,12.014498351825988,1083.263844328595,35.3375257790447,302.7106577576344,13.710780754884407
14,240.0,24.405666026681725,0.95,0.0,0.0,0.0,0.0,0.0,0.05,0.0,298.92,79.64,0.8028904054596547,0.3064498496569779,32.289249758728964,14.55121136162268,1062.8304143783075,55.14339289887951,0.9711869384148736,0.0,0.0,0.0,0.0,0.0,0.0288130615851263,0.0,0.6195074645386414,0.0,0.0,0.0,0.0,0.0,0.3804925354613586,0.0,10.221398365739136,1.085056544961437,1.0,0.0,0.0,0.0,0.0,0.0,2.11346517957162,0.0,12.014498351825988,1083.263844328595,35.3375257790447,302.7106577576344,13.710780754884407
14,240.0,26.37653695969353,0.95,0.0,0.0,0.0,0.0,0.0,0.05,0.0,298.92,79.64,0.8028904054596547,0.3311970989414055,32.289249758728964,14.55121136162268,1059.0245434686735,58.94619138368115,0.9658874199076022,0.0,0.0,0.0,0.0,0.0,0.0341125800923978,0.0,0.5832634520347463,0.0,0.0,0.0,0.0,0.0,0.4167365479652537,0.0,9.914032926230668,1.1048817146719223,1.0,0.0,0.0,0.0,0.0,0.0,2.075208437464249,0.0,12.014498351825988,1083.263844328595,35.3375257790447,302.7106577576344,13.710780754884407
14,240.0,28.34740789270534,0.95,0.0,0.0,0.0,0.0,0.0,0.05,0.0,298.92,79.64,0.8028904054596547,0.355944348225833,32.289249758728964,14.55121136162268,1055.2050118077882,62.799758083743214,0.960590061051438,0.0,0.0,0.0,0.0,0.0,0.0394099389485619,0.0,0.5522098846454278,0.0,0.0,0.0,0.0,0.0,0.4477901153545723,0.0,9.613299613216393,1.124951916493518,1.0,0.0,0.0,0.0,0.0,0.0,2.038584927358826,0.0,12.014498351825988,1083.263844328595,35.3375257790447,302.7106577576344,13.710780754884407
14,240.0,30.31827882571715,0.95,0.0,0.0,0.0,0.0,0.0,0.05,0.0,298.92,79.64,0.8028904054596547,0.3806915975102605,32.289249758728964,14.55121136162268,1051.371380694959,66.70549704389178,0.9552944723396462,0.0,0.0,0.0,0.0,0.0,0.0447055276603538,0.0,0.5253541732345228,0.0,0.0,0.0,0.0,0.0,0.4746458267654771,0.0,9.319010216791533,1.1452839750848705,1.0,0.0,0.0,0.0,0.0,0.0,2.0034907488708456,0.0,12.014498351825988,1083.263844328595,35.3375257790447,302.7106577576344,13.710780754884407
14,240.0,32.28914975872896,0.95,0.0,0.0,0.0,0.0,0.0,0.05,0.0,298.92,79.64,0.8028904054596547,0.4054388467946881,32.289249758728964,14.55121136162268,1047.523209503046,70.66487153924784,0.9500002684025556,0.0,0.0,0.0,0.0,0.0,0.0499997315974442,0.0,0.5019434377368039,0.0,0.0,0.0,0.0,0.0,0.498056562263196,0.0,9.030987716928186,1.16590034584059,1.0,0.0,0.0,0.0,0.0,0.0,1.9698305776597984,0.0,12.014498351825988,1083.263844328595,35.3375257790447,302.7106577576344,13.710780754884407
14,245.0,17.207928789578443,0.95,0.0,0.0,0.0,0.0,0.0,0.05,0.0,298.92,79.64,0.8196172889067308,0.2160714313106283,35.46372651810452,17.207828789578443,1060.771621257702,43.661279416264,0.9973652871091472,0.0,0.0,0.0,0.0,0.0,0.0026347128908529,0.0,0.9499953656830998,0.0,0.0,0.0,0.0,0.0,0.0500046343169001,0.0,10.631704187624328,1.046355184702422,1.0,0.0,0.0,0.0,0.0,0.0,2.180732105308651,0.0,10.793959502416731,1062.6711211462375,41.80803719266337,302.7106577576344,16.191644196077288
14,245.0,19.236339648303563,0.95,0.0,0.0,0.0,0.0,0.0,0.05,0.0,298.92,79.64,0.8196172889067308,0.2415411809179252,35.46372651810452,17.207828789578443,1056.9690536262822,47.39616112011306,0.992107004728276,0.0,0.0,0.0,0.0,0.0,0.007892995271724,0.0,0.8657857238172013,0.0,0.0,0.0,0.0,0.0,0.1342142761827985,0.0,10.313167324726669,1.066170864705282,1.0,0.0,0.0,0.0,0.0,0.0,2.139509744978327,0.0,10.793959502416731,1062.6711211462375,41.80803719266337,302.7106577576344,16.191644196077288
14,245.0,21.26475050702868,0.95,0.0,0.0,0.0,0.0,0.0,0.05,0.0,298.92,79.64,0.8196172889067308,0.267010930525222,35.46372651810452,17.207828789578443,1053.150861177614,51.180051761104906,0.9868487330525688,0.0,0.0,0.0,0.0,0.0,0.0131512669474311,0.0,0.7975322708060767,0.0,0.0,0.0,0.0,0.0,0.2024677291939232,0.0,10.001521302261269,1.0862019343096818,1.0,0.0,0.0,0.0,0.0,0.0,2.1000712277904494,0.0,10.793959502416731,1062.6711211462375,41.80803719266337,302.7106577576344,16.191644196077288
14,245.0,23.2931613657538,0.95,0.0,0.0,0.0,0.0,0.0,0.05,0.0,298.92,79.64,0.8196172889067308,0.2924806801325188,35.46372651810452,17.207828789578443,1049.316461537952,55.014285570930674,0.981589954816858,0.0,0.0,0.0,0.0,0.0,0.0184100451831419,0.0,0.7411717409883156,0.0,0.0,0.0,0.0,0.0,0.2588282590116843,0.0,9.696549200483366,1.1064691948866332,1.0,0.0,0.0,0.0,0.0,0.0,2.062303213447568,0.0,10.793959502416731,1062.6711211462375,41.80803719266337,302.7106577576344,16.191644196077288
14,245.0,25.32157222447892,0.95,0.0,0.0,0.0,0.0,0.0,0.05,0.0,298.92,79.64,0.8196172889067308,0.3179504297398157,35.46372651810452,17.207828789578443,1045.465289833405,58.90025995990382,0.9763301823761954,0.0,0.0,0.0,0.0,0.0,0.0236698176238046,0.0,0.693914742484619,0.0,0.0,0.0,0.0,0.0,0.3060852575153809,0.0,9.398061379760518,1.1269957816309628,1.0,0.0,0.0,0.0,0.0,0.0,2.0261013554355887,0.0,10.793959502416731,1062.6711211462375,41.80803719266337,302.7106577576344,16.191644196077288
14,245.0,27.34998308320404,0.95,0.0,0.0,0.0,0.0,0.0,0.05,0.0,298.92,79.64,0.8196172889067308,0.3434201793471125,35.46372651810452,17.207828789578443,1041.5967912439746,62.8394412066984,0.971068948541631,0.0,0.0,0.0,0.0,0.0,0.0289310514583689,0.0,0.6537831841217709,0.0,0.0,0.0,0.0,0.0,0.3462168158782289,0.0,9.105876167721998,1.1477875207051724,1.0,0.0,0.0,0.0,0.0,0.0,1.991369564137694,0.0,10.793959502416731,1062.6711211462375,41.80803719266337,302.7106577576344,16.191644196077288
14,245.0,29.37839394192916,0.95,0.0,0.0,0.0,0.0,0.0,0.05,0.0,298.92,79.64,0.8196172889067308,0.3688899289544093,35.46372651810452,17.207828789578443,1037.7104122873222,66.83336543027139,0.9658057962551932,0.0,0.0,0.0,0.0,0.0,0.0341942037448066,0.0,0.6193355213813796,0.0,0.0,0.0,0.0,0.0,0.3806644786186203,0.0,8.819824525358957,1.1688980066765724,1.0,0.0,0.0,0.0,0.0,0.0,1.9580191647370928,0.0,10.793959502416731,1062.6711211462375,41.80803719266337,302.7106577576344,16.191644196077288
14,245.0,31.40680480065428,0.95,0.0,0.0,0.0,0.0,0.0,0.05,0.0,298.92,79.64,0.8196172889067308,0.3943596785617062,35.46372651810452,17.207828789578443,1033.8055921914563,70.88363959311663,0.9605402686788392,0.0,0.0,0.0,0.0,0.0,0.0394597313211609,0.0,0.5894965555555914,0.0,0.0,0.0,0.0,0.0,0.4105034444444085,0.0,8.539750616279639,1.190336825935585,1.0,0.0,0.0,0.0,0.0,0.0,1.9259682199449304,0.0,10.793959502416731,1062.6711211462375,41.80803719266337,302.7106577576344,16.191644196077288
14,245.0,33.435215659379395,0.95,0.0,0.0,0.0,0.0,0.0,0.05,0.0,298.92,79.64,0.8196172889067308,0.4198294281690029,35.46372651810452,17.207828789578443,1029.8817637645468,74.99194365844644,0.955271910132971,0.0,0.0,0.0,0.0,0.0,0.0447280898670289,0.0,0.5634481613450085,0.0,0.0,0.0,0.0,0.0,0.4365518386549915,0.0,8.265507020309052,1.212129334996627,1.0,0.0,0.0,0.0,0.0,0.0,1.8951410248403355,0.0,10.793959502416731,1062.6711211462375,41.80803719266337,302.7106577576344,16.191644196077288
14,245.0,35.46362651810452,0.95,0.0,0.0,0.0,0.0,0.0,0.05,0.0,298.92,79.64,0.8196172889067308,0.4452991777762998,35.46372651810452,17.207828789578443,1025.9383476999794,79.16003164020232,0.9500002597406688,0.0,0.0,0.0,0.0,0.0,0.049999740259331,0.0,0.5405569057121843,0.0,0.0,0.0,0.0,0.0,0.4594430942878157,0.0,7.996956223930656,1.2343047563814489,1.0,0.0,0.0,0.0,0.0,0.0,1.865467522988835,0.0,10.793959502416731,1062.6711211462375,41.80803719266337,302.7106577576344,16.191644196077288
14,250.0,20.21627084465589,0.95,0.0,0.0,0.0,0.0,0.0,0.05,0.0,298.92,79.64,0.836344172353807,0.2538456911684567,38.88107047950797,20.216170844655892,1038.6427512405585,51.55686439040274,0.9969369879912656,0.0,0.0,0.0,0.0,0.0,0.0030630120087342,0.0,0.949996158798552,0.0,0.0,0.0,0.0,0.0,0.0500038412014478,0.0,9.423053305944386,1.1119833657426357,1.0,0.0,0.0,0.0,0.0,0.0,2.040212414672516,0.0,9.599114364051816,1040.9186176418627,49.27650279185157,302.7106577576344,18.99215487266697
14,250.0,22.29012635963946,0.95,0.0,0.0,0.0,0.0,0.0,0.05,0.0,298.92,79.64,0.836344172353807,0.2798860667960756,38.88107047950797,20.216170844655892,1034.7713289994792,55.46204825719738,0.9917446391694305,0.0,0.0,0.0,0.0,0.0,0.0082553608305696,0.0,0.8776642055363417,0.0,0.0,0.0,0.0,0.0,0.1223357944636582,0.0,9.129715286405876,1.132896295578432,1.0,0.0,0.0,0.0,0.0,0.0,2.005016677713624,0.0,9.599114364051816,1040.9186176418627,49.27650279185157,302.7106577576344,18.99215487266697
14,250.0,24.363981874623025,0.95,0.0,0.0,0.0,0.0,0.0,0.05,0.0,298.92,79.64,0.836344172353807,0.3059264424236944,38.88107047950797,20.216170844655892,1030.8794986409912,59.42121969536868,0.9865478751364428,0.0,0.0,0.0,0.0,0.0,0.013452124863557,0.0,0.817582371529891,0.0,0.0,0.0,0.0,0.0,0.182417628470109,0.0,8.842448447836762,1.1541021204317168,1.0,0.0,0.0,0.0,0.0,0.0,1.9711893624072163,0.0,9.599114364051816,1040.9186176418627,49.27650279185157,302.7106577576344,18.99215487266697
14,250.0,26.437837389606585,0.95,0.0,0.0,0.0,0.0,0.0,0.05,0.0,298.92,79.64,0.836344172353807,0.3319668180513132,38.88107047950797,20.216170844655892,1026.9665532761778,63.435981220585965,0.9813461295908732,0.0,0.0,0.0,0.0,0.0,0.0186538704091269,0.0,0.7669556439002396,0.0,0.0,0.0,0.0,0.0,0.2330443560997603,0.0,8.561085140825227,1.1756448167196922,1.0,0.0,0.0,0.0,0.0,0.0,1.9386522632032692,0.0,9.599114364051816,1040.9186176418627,49.27650279185157,302.7106577576344,18.99215487266697
14,250.0,28.51169290459015,0.95,0.0,0.0,0.0,0.0,0.0,0.05,0.0,298.92,79.64,0.836344172353807,0.358007193678932,38.88107047950797,20.216170844655892,1023.0317864513308,67.50800989917016,0.9761388481157982,0.0,0.0,0.0,0.0,0.0,0.0238611518842018,0.0,0.723781476283172,0.0,0.0,0.0,0.0,0.0,0.276218523716828,0.0,8.285486349013219,1.197541997434729,1.0,0.0,0.0,0.0,0.0,0.0,1.9073327127821,0.0,9.599114364051816,1040.9186176418627,49.27650279185157,302.7106577576344,18.99215487266697
14,250.0,30.585548419573712,0.95,0.0,0.0,0.0,0.0,0.0,0.05,0.0,298.92,79.64,0.836344172353807,0.3840475693065509,38.88107047950797,20.216170844655892,1019.0744912913952,71.63906688825224,0.9709254869363144,0.0,0.0,0.0,0.0,0.0,0.0290745130636855,0.0,0.6865878481798142,0.0,0.0,0.0,0.0,0.0,0.3134121518201857,0.0,8.01551375570067,1.2198303200401617,1.0,0.0,0.0,0.0,0.0,0.0,1.8771762338964744,0.0,9.599114364051816,1040.9186176418627,49.27650279185157,302.7106577576344,18.99215487266697
14,250.0,32.659403934557275,0.95,0.0,0.0,0.0,0.0,0.0,0.05,0.0,298.92,79.64,0.836344172353807,0.4100879449341697,38.88107047950797,20.216170844655892,1015.093951943967,75.83099928267521,0.965705503518403,0.0,0.0,0.0,0.0,0.0,0.034294496481597,0.0,0.654268671148245,0.0,0.0,0.0,0.0,0.0,0.3457313288517549,0.0,7.751039074028488,1.2425300627897329,1.0,0.0,0.0,0.0,0.0,0.0,1.84810685369814,0.0,9.599114364051816,1040.9186176418627,49.27650279185157,302.7106577576344,18.99215487266697
14,250.0,34.73325944954084,0.95,0.0,0.0,0.0,0.0,0.0,0.05,0.0,298.92,79.64,0.836344172353807,0.4361283205617885,38.88107047950797,20.216170844655892,1011.0894324679014,80.08574218060865,0.9604783447803182,0.0,0.0,0.0,0.0,0.0,0.0395216552196816,0.0,0.6259768823736179,0.0,0.0,0.0,0.0,0.0,0.374023117626382,0.0,7.491945516325978,1.265675820601326,1.0,0.0,0.0,0.0,0.0,0.0,1.820065614634304,0.0,9.599114364051816,1040.9186176418627,49.27650279185157,302.7106577576344,18.99215487266697
14,250.0,36.8071149645244,0.95,0.0,0.0,0.0,0.0,0.0,0.05,0.0,298.92,79.64,0.836344172353807,0.4621686961894073,38.88107047950797,20.216170844655892,1007.0601813809992,84.4053235440522,0.9552434521081872,0.0,0.0,0.0,0.0,0.0,0.0447565478918127,0.0,0.6010529765689776,0.0,0.0,0.0,0.0,0.0,0.3989470234310225,0.0,7.238120685908818,1.289292820441095,1.0,0.0,0.0,0.0,0.0,0.0,1.792997857956358,0.0,9.599114364051816,1040.9186176418627,49.27650279185157,302.7106577576344,18.99215487266697
14,250.0,38.880970479507965,0.95,0.0,0.0,0.0,0.0,0.0,0.05,0.0,298.92,79.64,0.836344172353807,0.4882090718170261,38.88107047950797,20.216170844655892,1003.005423303159,88.7918662375887,0.950000252732568,0.0,0.0,0.0,0.0,0.0,0.049999747267432,0.0,0.5789759323957809,0.0,0.0,0.0,0.0,0.0,0.421024067604219,0.0,6.989460641078958,1.313414030618074,1.0,0.0,0.0,0.0,0.0,0.0,1.7668525395359294,0.0,9.599114364051816,1040.9186176418627,49.27650279185157,302.7106577576344,18.99215487266697
14,255.0,23.60799381676604,0.95,0.0,0.0,0.0,0.0,0.0,0.05,0.0,298.92,79.64,0.8530710558008832,0.2964338751477403,42.55205181960314,23.60789381676604,1015.0451277078351,60.72531687067856,0.9964309073720864,0.0,0.0,0.0,0.0,0.0,0.0035690926279136,0.0,0.9499968082495418,0.0,0.0,0.0,0.0,0.0,0.0500031917504582,0.0,8.24169162891357,1.1876990721434553,1.0,0.0,0.0,0.0,0.0,0.0,1.9103828032757315,0.0,8.432227805466914,1017.7913832278248,57.90987351738985,302.7106577576344,22.13772066860631
14,255.0,25.712878039303494,0.95,0.0,0.0,0.0,0.0,0.0,0.05,0.0,298.92,79.64,0.8530710558008832,0.3228638628742277,42.55205181960314,23.60789381676604,1011.0921789583278,64.80529724277032,0.9913141495359212,0.0,0.0,0.0,0.0,0.0,0.0086858504640787,0.0,0.8882642662562342,0.0,0.0,0.0,0.0,0.0,0.1117357337437657,0.0,7.973541410304465,1.210012206832804,1.0,0.0,0.0,0.0,0.0,0.0,1.8803186927358464,0.0,8.432227805466914,1017.7913832278248,57.90987351738985,302.7106577576344,22.13772066860631
14,255.0,27.817762261840947,0.95,0.0,0.0,0.0,0.0,0.0,0.05,0.0,298.92,79.64,0.8530710558008832,0.349293850600715,42.55205181960314,23.60789381676604,1007.1133122216042,68.94500645587671,0.9861883809744816,0.0,0.0,0.0,0.0,0.0,0.0138116190255182,0.0,0.8358553469425425,0.0,0.0,0.0,0.0,0.0,0.1641446530574574,0.0,7.710727497369492,1.2327423890480844,1.0,0.0,0.0,0.0,0.0,0.0,1.8513018520227624,0.0,8.432227805466914,1017.7913832278248,57.90987351738985,302.7106577576344,22.13772066860631
14,255.0,29.922646484378404,0.95,0.0,0.0,0.0,0.0,0.0,0.05,0.0,298.92,79.64,0.8530710558008832,0.3757238383272024,42.55205181960314,23.60789381676604,1003.107637775245,73.14637581751276,0.9810529489067789,0.0,0.0,0.0,0.0,0.0,0.018947051093221,0.0,0.7908745447606303,0.0,0.0,0.0,0.0,0.0,0.2091254552393696,0.0,7.453134505377841,1.2559316364343986,1.0,0.0,0.0,0.0,0.0,0.0,1.823277653059728,0.0,8.432227805466914,1017.7913832278248,57.90987351738985,302.7106577576344,22.13772066860631
14,255.0,32.02753070691586,0.95,0.0,0.0,0.0,0.0,0.0,0.05,0.0,298.92,79.64,0.8530710558008832,0.4021538260536899,42.55205181960314,23.60789381676604,999.07425403538,77.41143365875115,0.975907202448312,0.0,0.0,0.0,0.0,0.0,0.0240927975516879,0.0,0.7519099215890414,0.0,0.0,0.0,0.0,0.0,0.2480900784109586,0.0,7.200655663825213,1.2795992653357535,1.0,0.0,0.0,0.0,0.0,0.0,1.79619521212888,0.0,8.432227805466914,1017.7913832278248,57.90987351738985,302.7106577576344,22.13772066860631
14,255.0,34.13241492945332,0.95,0.0,0.0,0.0,0.0,0.0,0.05,0.0,298.92,79.64,0.8530710558008832,0.4285838137801773,42.55205181960314,23.60789381676604,995.01224156371,81.74231225753269,0.9707504865171016,0.0,0.0,0.0,0.0,0.0,0.0292495134828982,0.0,0.7178883728865405,0.0,0.0,0.0,0.0,0.0,0.2821116271134594,0.0,6.953189753670428,1.30377960417677,1.0,0.0,0.0,0.0,0.0,0.0,1.7700069348650396,0.0,8.432227805466914,1017.7913832278248,57.90987351738985,302.7106577576344,22.13772066860631
14,255.0,36.23729915199077,0.95,0.0,0.0,0.0,0.0,0.0,0.05,0.0,298.92,79.64,0.8530710558008832,0.4550138015066646,42.55205181960314,23.60789381676604,990.9206509570446,86.14125157391985,0.9655821298598398,0.0,0.0,0.0,0.0,0.0,0.0344178701401602,0.0,0.6879799004575563,0.0,0.0,0.0,0.0,0.0,0.3120200995424437,0.0,6.7106459028719705,1.328507166819137,1.0,0.0,0.0,0.0,0.0,0.0,1.7446683549819508,0.0,8.432227805466914,1017.7913832278248,57.90987351738985,302.7106577576344,22.13772066860631
14,255.0,38.34218337452823,0.95,0.0,0.0,0.0,0.0,0.0,0.05,0.0,298.92,79.64,0.8530710558008832,0.481443789233152,42.55205181960314,23.60789381676604,986.7985044129096,90.61060676892632,0.9604014470017016,0.0,0.0,0.0,0.0,0.0,0.0395985529982984,0.0,0.6615326398281476,0.0,0.0,0.0,0.0,0.0,0.3384673601718523,0.0,6.472936537602354,1.3538173296868152,1.0,0.0,0.0,0.0,0.0,0.0,1.7201534811946082,0.0,8.432227805466914,1017.7913832278248,57.90987351738985,302.7106577576344,22.13772066860631
14,255.0,40.44706759706568,0.95,0.0,0.0,0.0,0.0,0.0,0.05,0.0,298.92,79.64,0.8530710558008832,0.5078737769596394,42.55205181960314,23.60789381676604,982.6447874190746,95.1528523785452,0.955207730410457,0.0,0.0,0.0,0.0,0.0,0.0447922695895429,0.0,0.6380276365446526,0.0,0.0,0.0,0.0,0.0,0.3619723634553474,0.0,6.239980204760115,1.3797570112661617,1.0,0.0,0.0,0.0,0.0,0.0,1.6964063292646316,0.0,8.432227805466914,1017.7913832278248,57.90987351738985,302.7106577576344,22.13772066860631
14,255.0,42.55195181960314,0.95,0.0,0.0,0.0,0.0,0.0,0.05,0.0,298.92,79.64,0.8530710558008832,0.5343037646861268,42.55205181960314,23.60789381676604,978.4584449808168,99.77058805080668,0.950000247353894,0.0,0.0,0.0,0.0,0.0,0.0499997526461061,0.0,0.617046748112184,0.0,0.0,0.0,0.0,0.0,0.382953251887816,0.0,6.011701403901567,1.406360138949684,1.0,0.0,0.0,0.0,0.0,0.0,1.6733902965120957,0.0,8.432227805466914,1017.7913832278248,57.90987351738985,302.7106577576344,22.13772066860631
14,260.0,27.417765188751027,0.95,0.0,0.0,0.0,0.0,0.0,0.05,0.0,298.92,79.64,0.8697979392479592,0.3442712856447893,46.48566476712182,27.417665188751027,989.668451133546,71.41756232789994,0.9958257412968888,0.0,0.0,0.0,0.0,0.0,0.0041742587031112,0.0,0.9499973444840764,0.0,0.0,0.0,0.0,0.0,0.0500026555159236,0.0,7.090417173878836,1.276554516065155,1.0,0.0,0.0,0.0,0.0,0.0,1.7897874019134492,0.0,7.296085655146154,993.0143761526203,67.92140682303575,302.7106577576344,25.654931900849267
14,260.0,29.53640958634778,0.95,0.0,0.0,0.0,0.0,0.0,0.05,0.0,298.92,79.64,0.8697979392479592,0.3708740530681539,46.48566476712182,27.417665188751027,985.618448074555,75.67833539182101,0.9907969362027844,0.0,0.0,0.0,0.0,0.0,0.0092030637972156,0.0,0.8977516752504396,0.0,0.0,0.0,0.0,0.0,0.1022483247495603,0.0,6.8476011680433535,1.300722352959348,1.0,0.0,0.0,0.0,0.0,0.0,1.764111527655967,0.0,7.296085655146154,993.0143761526203,67.92140682303575,302.7106577576344,25.654931900849267
14,260.0,31.655053983944534,0.95,0.0,0.0,0.0,0.0,0.0,0.05,0.0,298.92,79.64,0.8697979392479592,0.3974768204915185,46.48566476712182,27.417665188751027,981.5360172320194,80.00557642002444,0.9857542912236285,0.0,0.0,0.0,0.0,0.0,0.0142457087763716,0.0,0.85252420866811,0.0,0.0,0.0,0.0,0.0,0.1474757913318901,0.0,6.6094678118603,1.3254488494554373,1.0,0.0,0.0,0.0,0.0,0.0,1.7392288877064246,0.0,7.296085655146154,993.0143761526203,67.92140682303575,302.7106577576344,25.654931900849267
14,260.0,33.77369838154129,0.95,0.0,0.0,0.0,0.0,0.0,0.05,0.0,298.92,79.64,0.8697979392479592,0.424079587914883,46.48566476712182,27.417665188751027,977.4200120725314,84.40163404677612,0.980697029290564,0.0,0.0,0.0,0.0,0.0,0.0193029707094359,0.0,0.8130525416231801,0.0,0.0,0.0,0.0,0.0,0.1869474583768198,0.0,6.375936317888918,1.350775401952361,1.0,0.0,0.0,0.0,0.0,0.0,1.7151097870085257,0.0,7.296085655146154,993.0143761526203,67.92140682303575,302.7106577576344,25.654931900849267
14,260.0,35.89234277913805,0.95,0.0,0.0,0.0,0.0,0.0,0.05,0.0,298.92,79.64,0.8697979392479592,0.4506823553382477,46.48566476712182,27.417665188751027,973.2692508447738,88.86898215715577,0.9756243574062426,0.0,0.0,0.0,0.0,0.0,0.0243756425937572,0.0,0.778362262217574,0.0,0.0,0.0,0.0,0.0,0.221637737782426,0.0,6.146930314089634,1.3767334803779896,1.0,0.0,0.0,0.0,0.0,0.0,1.69171991306521,0.0,7.296085655146154,993.0143761526203,67.92140682303575,302.7106577576344,25.654931900849267
14,260.0,38.0109871767348,0.95,0.0,0.0,0.0,0.0,0.0,0.05,0.0,298.92,79.64,0.8697979392479592,0.4772851227616123,46.48566476712182,27.417665188751027,969.082512979536,93.41023012158988,0.9705354636914482,0.0,0.0,0.0,0.0,0.0,0.0294645363085517,0.0,0.7476894632632943,0.0,0.0,0.0,0.0,0.0,0.2523105367367056,0.0,5.922382822857657,1.4033771615873831,1.0,0.0,0.0,0.0,0.0,0.0,1.669017180756026,0.0,7.296085655146154,993.0143761526203,67.92140682303575,302.7106577576344,25.654931900849267
14,260.0,40.12963157433156,0.95,0.0,0.0,0.0,0.0,0.0,0.05,0.0,298.92,79.64,0.8697979392479592,0.5038878901849768,46.48566476712182,27.417665188751027,964.8585205455352,98.0281269005686,0.9654295007610508,0.0,0.0,0.0,0.0,0.0,0.0345704992389489,0.0,0.7204269395494961,0.0,0.0,0.0,0.0,0.0,0.2795730604505039,0.0,5.702228304236062,1.4307298833487267,1.0,0.0,0.0,0.0,0.0,0.0,1.6469705551750582,0.0,7.296085655146154,993.0143761526203,67.92140682303575,302.7106577576344,25.654931900849267
14,260.0,42.24827597192831,0.95,0.0,0.0,0.0,0.0,0.0,0.05,0.0,298.92,79.64,0.8697979392479592,0.5304906576083414,46.48566476712182,27.417665188751027,960.595945632198,102.72557491055096,0.9603055934389602,0.0,0.0,0.0,0.0,0.0,0.0396944065610399,0.0,0.6960861666928956,0.0,0.0,0.0,0.0,0.0,0.3039138333071043,0.0,5.48640693562422,1.4588696090600275,1.0,0.0,0.0,0.0,0.0,0.0,1.6255504573552797,0.0,7.296085655146154,993.0143761526203,67.92140682303575,302.7106577576344,25.654931900849267
14,260.0,44.36692036952506,0.95,0.0,0.0,0.0,0.0,0.0,0.05,0.0,298.92,79.64,0.8697979392479592,0.5570934250317059,46.48566476712182,27.417665188751027,956.2933966480184,107.50563604193152,0.9551628269837108,0.0,0.0,0.0,0.0,0.0,0.0448371730162893,0.0,0.6742697800687444,0.0,0.0,0.0,0.0,0.0,0.3257302199312555,0.0,5.274863223421879,1.4878228571454124,1.0,0.0,0.0,0.0,0.0,0.0,1.6047362380021917,0.0,7.296085655146154,993.0143761526203,67.92140682303575,302.7106577576344,25.654931900849267
14,260.0,46.485564767121815,0.95,0.0,0.0,0.0,0.0,0.0,0.05,0.0,298.92,79.64,0.8697979392479592,0.5836961924550705,46.48566476712182,27.417665188751027,951.9494133790508,112.37154158313574,0.9500002436527176,0.0,0.0,0.0,0.0,0.0,0.0499997563472824,0.0,0.6546514019320925,0.0,0.0,0.0,0.0,0.0,0.3453485980679076,0.0,5.067545993704512,1.517643327018512,1.0,0.0,0.0,0.0,0.0,0.0,1.5845028862285986,0.0,7.296085655146154,993.0143761526203,67.92140682303575,302.7106577576344,25.654931900849267
14,265.0,31.684352264524332,0.95,0.0,0.0,0.0,0.0,0.0,0.05,0.0,298.92,79.64,0.8865248226950354,0.3978447044766993,50.68801501365044,31.684252264524336,962.0958748904612,83.97169771302855,0.995090924072496,0.0,0.0,0.0,0.0,0.0,0.004909075927504,0.0,0.949997791000931,0.0,0.0,0.0,0.0,0.0,0.0500022089990689,0.0,5.972739451102882,1.3831350649714502,1.0,0.0,0.0,0.0,0.0,0.0,1.6771209993414569,0.0,6.194157229336726,966.2255774553212,79.59167899763797,302.7106577576344,29.571779036695137
14,265.0,33.795859236649456,0.95,0.0,0.0,0.0,0.0,0.0,0.05,0.0,298.92,79.64,0.8865248226950354,0.4243578507866581,50.68801501365044,31.684252264524336,957.929370678326,88.42134052052212,0.9901662699204564,0.0,0.0,0.0,0.0,0.0,0.0098337300795435,0.0,0.9062732722876198,0.0,0.0,0.0,0.0,0.0,0.0937267277123801,0.0,5.755584344838385,1.4097844457228732,1.0,0.0,0.0,0.0,0.0,0.0,1.6552296952298124,0.0,6.194157229336726,966.2255774553212,79.59167899763797,302.7106577576344,29.571779036695137
14,265.0,35.907366208774576,0.95,0.0,0.0,0.0,0.0,0.0,0.05,0.0,298.92,79.64,0.8865248226950354,0.450870997096617,50.68801501365044,31.684252264524336,953.7225310077534,92.94553472532291,0.9852226395730712,0.0,0.0,0.0,0.0,0.0,0.0147773604269287,0.0,0.8677561396487155,0.0,0.0,0.0,0.0,0.0,0.1322438603512844,0.0,5.542522139452259,1.4371737956510826,1.0,0.0,0.0,0.0,0.0,0.0,1.6339448223776445,0.0,6.194157229336726,966.2255774553212,79.59167899763797,302.7106577576344,29.571779036695137
14,265.0,38.0188731808997,0.95,0.0,0.0,0.0,0.0,0.0,0.05,0.0,298.92,79.64,0.8865248226950354,0.4773841434065758,50.68801501365044,31.684252264524336,949.473838409226,97.54716965690304,0.980259078629948,0.0,0.0,0.0,0.0,0.0,0.019740921370052,0.0,0.8336253941695061,0.0,0.0,0.0,0.0,0.0,0.1663746058304939,0.0,5.3334990864611385,1.4653482772327069,1.0,0.0,0.0,0.0,0.0,0.0,1.6132282676399845,0.0,6.194157229336726,966.2255774553212,79.59167899763797,302.7106577576344,29.571779036695137
14,265.0,40.13038015302482,0.95,0.0,0.0,0.0,0.0,0.0,0.05,0.0,298.92,79.64,0.8865248226950354,0.5038972897165347,50.68801501365044,31.684252264524336,945.1817103332496,102.22930314446126,0.9752745980476746,0.0,0.0,0.0,0.0,0.0,0.0247254019523253,0.0,0.8032263103868595,0.0,0.0,0.0,0.0,0.0,0.1967736896131404,0.0,5.128468437426883,1.4943713805168386,1.0,0.0,0.0,0.0,0.0,0.0,1.593054690908452,0.0,6.194157229336726,966.2255774553212,79.59167899763797,302.7106577576344,29.571779036695137
14,265.0,42.24188712514994,0.95,0.0,0.0,0.0,0.0,0.0,0.05,0.0,298.92,79.64,0.8865248226950354,0.5304104360264935,50.68801501365044,31.684252264524336,940.8444812360444,106.99517002155704,0.970268159846854,0.0,0.0,0.0,0.0,0.0,0.0297318401531461,0.0,0.7760305138063867,0.0,0.0,0.0,0.0,0.0,0.2239694861936133,0.0,4.927385670878726,1.5242858929028806,1.0,0.0,0.0,0.0,0.0,0.0,1.5734010796262707,0.0,6.194157229336726,966.2255774553212,79.59167899763797,302.7106577576344,29.571779036695137
14,265.0,44.35339409727507,0.95,0.0,0.0,0.0,0.0,0.0,0.05,0.0,298.92,79.64,0.8865248226950354,0.5569235823364524,50.68801501365044,31.684252264524336,936.4604037558626,111.84820033385836,0.9652386794587048,0.0,0.0,0.0,0.0,0.0,0.0347613205412953,0.0,0.7516071048809682,0.0,0.0,0.0,0.0,0.0,0.2483928951190319,0.0,4.73021064108374,1.5551507632248018,1.0,0.0,0.0,0.0,0.0,0.0,1.554254710260697,0.0,6.194157229336726,966.2255774553212,79.59167899763797,302.7106577576344,29.571779036695137
14,265.0,46.46490106940019,0.95,0.0,0.0,0.0,0.0,0.0,0.05,0.0,298.92,79.64,0.8865248226950354,0.5834367286464113,50.68801501365044,31.684252264524336,932.0276340507918,116.7920303631694,0.9601850146835074,0.0,0.0,0.0,0.0,0.0,0.0398149853164926,0.0,0.729601311213738,0.0,0.0,0.0,0.0,0.0,0.2703986887862621,0.0,4.536904187253006,1.5870418595693758,1.0,0.0,0.0,0.0,0.0,0.0,1.535592416822017,0.0,6.194157229336726,966.2255774553212,79.59167899763797,302.7106577576344,29.571779036695137
14,265.0,48.57640804152531,0.95,0.0,0.0,0.0,0.0,0.0,0.05,0.0,298.92,79.64,0.8865248226950354,0.6099498749563701,50.68801501365044,31.684252264524336,927.5442267631768,121.83051927453084,0.9551059630443506,0.0,0.0,0.0,0.0,0.0,0.0448940369556494,0.0,0.7097185512437669,0.0,0.0,0.0,0.0,0.0,0.2902814487562331,0.0,4.3474379217167565,1.620016878543538,1.0,0.0,0.0,0.0,0.0,0.0,1.5173884137257905,0.0,6.194157229336726,966.2255774553212,79.59167899763797,302.7106577576344,29.571779036695137
14,265.0,50.68791501365043,0.95,0.0,0.0,0.0,0.0,0.0,0.05,0.0,298.92,79.64,0.8865248226950354,0.6364630212663289,50.68801501365044,31.684252264524336,923.0081087584964,126.96775929739374,0.950000241773483,0.0,0.0,0.0,0.0,0.0,0.049999758226517,0.0,0.6917123046261138,0.0,0.0,0.0,0.0,0.0,0.3082876953738863,0.0,4.161779390939729,1.6541693550028336,1.0,0.0,0.0,0.0,0.0,0.0,1.4996244093232995,0.0,6.194157229336726,966.2255774553212,79.59167899763797,302.7106577576344,29.571779036695137
14,270.0,36.45240403899764,0.95,0.0,0.0,0.0,0.0,0.0,0.05,0.0,298.92,79.64,0.9032517061421116,0.4577147669386947,55.1604052272772,36.45230403899764,931.7445947318624,98.86287004665684,0.994180663701806,0.0,0.0,0.0,0.0,0.0,0.0058193362981939,0.0,0.9499981662131216,0.0,0.0,0.0,0.0,0.0,0.0500018337868782,0.0,4.893156155708338,1.514618867473242,1.0,0.0,0.0,0.0,0.0,0.0,1.571175793876789,0.0,5.130843724671824,936.9320241360858,93.30322734807504,302.7106577576344,33.91794976874195
14,270.0,38.53105972658426,0.95,0.0,0.0,0.0,0.0,0.0,0.05,0.0,298.92,79.64,0.9032517061421116,0.4838154159540966,55.1604052272772,36.45230403899764,927.4366376666092,103.5123933001768,0.9893820428404648,0.0,0.0,0.0,0.0,0.0,0.010617957159535,0.0,0.913960425675488,0.0,0.0,0.0,0.0,0.0,0.086039574324512,0.0,4.702198726705984,1.5446689774845006,1.0,0.0,0.0,0.0,0.0,0.0,1.5525774814160205,0.0,5.130843724671824,936.9320241360858,93.30322734807504,302.7106577576344,33.91794976874195
14,270.0,40.60971541417088,0.95,0.0,0.0,0.0,0.0,0.0,0.05,0.0,298.92,79.64,0.9032517061421116,0.5099160649694987,55.1604052272772,36.45230403899764,923.078423132684,108.24641953047774,0.9845589087011568,0.0,0.0,0.0,0.0,0.0,0.015441091298843,0.0,0.881713031043166,0.0,0.0,0.0,0.0,0.0,0.1182869689568339,0.0,4.51479704986404,1.5756982654256015,1.0,0.0,0.0,0.0,0.0,0.0,1.534424482166026,0.0,5.130843724671824,936.9320241360858,93.30322734807504,302.7106577576344,33.91794976874195
14,270.0,42.6883711017575,0.95,0.0,0.0,0.0,0.0,0.0,0.05,0.0,298.92,79.64,0.9032517061421116,0.5360167139849008,55.1604052272772,36.45230403899764,918.6678879779062,113.06856454015904,0.9797100604032732,0.0,0.0,0.0,0.0,0.0,0.0202899395967267,0.0,0.8527391173441377,0.0,0.0,0.0,0.0,0.0,0.1472608826558623,0.0,4.3309217939433,1.6077841030845343,1.0,0.0,0.0,0.0,0.0,0.0,1.5166867796773171,0.0,5.130843724671824,936.9320241360858,93.30322734807504,302.7106577576344,33.91794976874195
14,270.0,44.76702678934412,0.95,0.0,0.0,0.0,0.0,0.0,0.05,0.0,298.92,79.64,0.9032517061421116,0.5621173630003028,55.1604052272772,36.45230403899764,914.2028452217656,117.98267180277028,0.9748342277652357,0.0,0.0,0.0,0.0,0.0,0.0251657722347645,0.0,0.8266138885044894,0.0,0.0,0.0,0.0,0.0,0.1733861114955106,0.0,4.150547144222195,1.6410025645311976,1.0,0.0,0.0,0.0,0.0,0.0,1.4993483554321356,0.0,5.130843724671824,936.9320241360858,93.30322734807504,302.7106577576344,33.91794976874195
14,270.0,46.84568247693073,0.95,0.0,0.0,0.0,0.0,0.0,0.05,0.0,298.92,79.64,0.9032517061421116,0.5882180120157048,55.1604052272772,36.45230403899764,909.6809785466062,122.99283737985478,0.9699300690446734,0.0,0.0,0.0,0.0,0.0,0.0300699309553265,0.0,0.8029851908985125,0.0,0.0,0.0,0.0,0.0,0.1970148091014874,0.0,3.9736505082352713,1.6754149139190804,1.0,0.0,0.0,0.0,0.0,0.0,1.4824003203573362,0.0,5.130843724671824,936.9320241360858,93.30322734807504,302.7106577576344,33.91794976874195
14,270.0,48.924338164517344,0.95,0.0,0.0,0.0,0.0,0.0,0.05,0.0,298.92,79.64,0.9032517061421116,0.6143186610311068,55.1604052272772,36.45230403899764,905.0998282321052,128.10343019187246,0.9649961622105024,0.0,0.0,0.0,0.0,0.0,0.0350038377894977,0.0,0.7815587835235014,0.0,0.0,0.0,0.0,0.0,0.2184412164764985,0.0,3.800210908851864,1.7111270660575508,1.0,0.0,0.0,0.0,0.0,0.0,1.4658273977396326,0.0,5.130843724671824,936.9320241360858,93.30322734807504,302.7106577576344,33.91794976874195
14,270.0,51.00299385210396,0.95,0.0,0.0,0.0,0.0,0.0,0.05,0.0,298.92,79.64,0.9032517061421116,0.6404193100465089,55.1604052272772,36.45230403899764,900.4567640181907,133.31910987831492,0.9600309867500436,0.0,0.0,0.0,0.0,0.0,0.0399690132499563,0.0,0.7620870404224321,0.0,0.0,0.0,0.0,0.0,0.2379129595775678,0.0,3.630213617183767,1.7482251838242129,1.0,0.0,0.0,0.0,0.0,0.0,1.4496089833182526,0.0,5.130843724671824,936.9320241360858,93.30322734807504,302.7106577576344,33.91794976874195
14,270.0,53.08164953969058,0.95,0.0,0.0,0.0,0.0,0.0,0.05,0.0,298.92,79.64,0.9032517061421116,0.6665199590619109,55.1604052272772,36.45230403899764,895.7489837551814,138.644859361521,0.9550329253580032,0.0,0.0,0.0,0.0,0.0,0.0449670746419966,0.0,0.7443602711304627,0.0,0.0,0.0,0.0,0.0,0.2556397288695373,0.0,3.4636438582310425,1.78680945863388,1.0,0.0,0.0,0.0,0.0,0.0,1.433736672762937,0.0,5.130843724671824,936.9320241360858,93.30322734807504,302.7106577576344,33.91794976874195
14,270.0,55.1603052272772,0.95,0.0,0.0,0.0,0.0,0.0,0.05,0.0,298.92,79.64,0.9032517061421116,0.6926206080773128,55.1604052272772,36.45230403899764,890.9734802513884,144.08600530999894,0.9500002420030078,0.0,0.0,0.0,0.0,0.0,0.0499997579969922,0.0,0.7281998574754222,0.0,0.0,0.0,0.0,0.0,0.2718001425245778,0.0,3.3004927280794965,1.8269942000396504,1.0,0.0,0.0,0.0,0.0,0.0,1.418198425274459,0.0,5.130843724671824,936.9320241360858,93.30322734807504,302.7106577576344,33.91794976874195
14,275.0,41.77558089844736,0.95,0.0,0.0,0.0,0.0,0.0,0.05,0.0,298.92,79.64,0.9199785895891875,0.5245552599001426,59.89579766367838,41.77548089844736,897.7569361836951,116.79590916897106,0.9930223813594604,0.0,0.0,0.0,0.0,0.0,0.0069776186405395,0.0,0.9499984848796156,0.0,0.0,0.0,0.0,0.0,0.0500015151203843,0.0,3.85760675037793,1.682982370606164,1.0,0.0,0.0,0.0,0.0,0.0,1.47076384186808,0.0,4.11187312512685,904.4335281070778,109.60126774294156,302.7106577576344,38.72523437118672
14,275.0,43.78892720569525,0.95,0.0,0.0,0.0,0.0,0.0,0.05,0.0,298.92,79.64,0.9199785895891875,0.5498358514025019,59.89579766367838,41.77548089844736,893.2746386078346,121.66051433251836,0.9883805766485932,0.0,0.0,0.0,0.0,0.0,0.0116194233514067,0.0,0.9209332688961376,0.0,0.0,0.0,0.0,0.0,0.0790667311038624,0.0,3.693649803990504,1.717864267142428,1.0,0.0,0.0,0.0,0.0,0.0,1.4550591812104905,0.0,4.11187312512685,904.4335281070778,109.60126774294156,302.7106577576344,38.72523437118672
14,275.0,45.80227351294314,0.95,0.0,0.0,0.0,0.0,0.0,0.05,0.0,298.92,79.64,0.9199785895891875,0.5751164429048611,59.89579766367838,41.77548089844736,888.7291438587139,126.62228084621611,0.9837082048214768,0.0,0.0,0.0,0.0,0.0,0.0162917951785233,0.0,0.8945547932210197,0.0,0.0,0.0,0.0,0.0,0.1054452067789803,0.0,3.532753247408904,1.754107064004375,1.0,0.0,0.0,0.0,0.0,0.0,1.4396651187674423,0.0,4.11187312512685,904.4335281070778,109.60126774294156,302.7106577576344,38.72523437118672
14,275.0,47.81561982019103,0.95,0.0,0.0,0.0,0.0,0.0,0.05,0.0,298.92,79.64,0.9199785895891875,0.6003970344072204,59.89579766367838,41.77548089844736,884.1175443573627,131.685838939611,0.9790037136506378,0.0,0.0,0.0,0.0,0.0,0.0209962863493622,0.0,0.8705524807534011,0.0,0.0,0.0,0.0,0.0,0.129447519246599,0.0,3.3749088653383907,1.791788517671423,1.0,0.0,0.0,0.0,0.0,0.0,1.4245680785763333,0.0,4.11187312512685,904.4335281070778,109.60126774294156,302.7106577576344,38.72523437118672
14,275.0,49.828966127438925,0.95,0.0,0.0,0.0,0.0,0.0,0.05,0.0,298.92,79.64,0.9199785895891875,0.6256776259095796,59.89579766367838,41.77548089844736,879.4367284736807,136.85615245317337,0.9742654447477028,0.0,0.0,0.0,0.0,0.0,0.025734555252297,0.0,0.8486639293946664,0.0,0.0,0.0,0.0,0.0,0.1513360706053335,0.0,3.220107822776357,1.8310236313614825,1.0,0.0,0.0,0.0,0.0,0.0,1.409752505399831,0.0,4.11187312512685,904.4335281070778,109.60126774294156,302.7106577576344,38.72523437118672
14,275.0,51.84231243468682,0.95,0.0,0.0,0.0,0.0,0.0,0.05,0.0,298.92,79.64,0.9199785895891875,0.6509582174119389,59.89579766367838,41.77548089844736,874.6833615371883,142.1385523520951,0.96949162368525,0.0,0.0,0.0,0.0,0.0,0.03050837631475,0.0,0.828666095254627,0.0,0.0,0.0,0.0,0.0,0.171333904745373,0.0,3.0683482328411804,1.8719322238211056,1.0,0.0,0.0,0.0,0.0,0.0,1.3952160363481834,0.0,4.11187312512685,904.4335281070778,109.60126774294156,302.7106577576344,38.72523437118672
14,275.0,53.855658741934704,0.95,0.0,0.0,0.0,0.0,0.0,0.05,0.0,298.92,79.64,0.9199785895891875,0.6762388089142981,59.89579766367838,41.77548089844736,869.8538470528027,147.5387667515967,0.9646803373219788,0.0,0.0,0.0,0.0,0.0,0.0353196626780213,0.0,0.8103683285756832,0.0,0.0,0.0,0.0,0.0,0.1896316714243168,0.0,2.9196266571287146,1.9146562836037229,1.0,0.0,0.0,0.0,0.0,0.0,1.3809430447443378,0.0,4.11187312512685,904.4335281070778,109.60126774294156,302.7106577576344,38.72523437118672
14,275.0,55.8690050491826,0.95,0.0,0.0,0.0,0.0,0.0,0.05,0.0,298.92,79.64,0.9199785895891875,0.7015194004166574,59.89579766367838,41.77548089844736,864.9443078136333,153.06296644352986,0.9598295251198732,0.0,0.0,0.0,0.0,0.0,0.0401704748801268,0.0,0.793606896767765,0.0,0.0,0.0,0.0,0.0,0.206393103232235,0.0,2.7739433361132586,1.959323724338367,1.0,0.0,0.0,0.0,0.0,0.0,1.3669219310607708,0.0,4.11187312512685,904.4335281070778,109.60126774294156,302.7106577576344,38.72523437118672
14,275.0,57.88235135643049,0.95,0.0,0.0,0.0,0.0,0.0,0.05,0.0,298.92,79.64,0.9199785895891875,0.7267999919190167,59.89579766367838,41.77548089844736,859.9505588972006,158.71781356745143,0.9549369653075312,0.0,0.0,0.0,0.0,0.0,0.0450630346924688,0.0,0.7782405925788719,0.0,0.0,0.0,0.0,0.0,0.2217594074211281,0.0,2.6313025873767337,2.00611791782543,1.0,0.0,0.0,0.0,0.0,0.0,1.353150234319371,0.0,4.11187312512685,904.4335281070778,109.60126774294156,302.7106577576344,38.72523437118672
14,275.0,59.895697663678376,0.95,0.0,0.0,0.0,0.0,0.0,0.05,0.0,298.92,79.64,0.9199785895891875,0.7520805834213758,59.89579766367838,41.77548089844736,854.8680548792814,164.51050503890093,0.9500002448605512,0.0,0.0,0.0,0.0,0.0,0.0499997551394487,0.0,0.7641471552327188,0.0,0.0,0.0,0.0,0.0,0.2358528447672811,0.0,2.491719825902279,2.0552024889799325,1.0,0.0,0.0,0.0,0.0,0.0,1.3396115658872805,0.0,4.11187312512685,904.4335281070778,109.60126774294156,302.7106577576344,38.72523437118672
14,280.0,47.72262767467376,0.95,0.0,0.0,0.0,0.0,0.0,0.05,0.0,298.92,79.64,0.9367054730362638,0.5992293781350296,64.87166628595628,47.72252767467376,858.7804174491029,138.89537954219605,0.9914918677860636,0.0,0.0,0.0,0.0,0.0,0.0085081322139364,0.0,0.9499987593473846,0.0,0.0,0.0,0.0,0.0,0.0500012406526154,0.0,2.874277323791006,1.910195806674949,1.0,0.0,0.0,0.0,0.0,0.0,1.3746350890846406,0.0,3.1449654870637134,867.6798743518019,129.30886906724652,302.7106577576344,44.02808165538378
14,280.0,49.62806529814959,0.95,0.0,0.0,0.0,0.0,0.0,0.05,0.0,298.92,79.64,0.9367054730362638,0.62315501378892,64.87166628595628,47.72252767467376,854.079176812218,143.9962413138442,0.9870526786204942,0.0,0.0,0.0,0.0,0.0,0.0129473213795058,0.0,0.9273067874418532,0.0,0.0,0.0,0.0,0.0,0.0726932125581466,0.0,2.738482100625229,1.952383431064696,1.0,0.0,0.0,0.0,0.0,0.0,1.3615152346064692,0.0,3.1449654870637134,867.6798743518019,129.30886906724652,302.7106577576344,44.02808165538378
14,280.0,51.53350292162543,0.95,0.0,0.0,0.0,0.0,0.0,0.05,0.0,298.92,79.64,0.9367054730362638,0.6470806494428105,64.87166628595628,47.72252767467376,849.2970254621799,149.21106855264057,0.9825762106365922,0.0,0.0,0.0,0.0,0.0,0.0174237893634078,0.0,0.9064472656380846,0.0,0.0,0.0,0.0,0.0,0.0935527343619152,0.0,2.605284911564334,1.99648561934656,1.0,0.0,0.0,0.0,0.0,0.0,1.3485940497503546,0.0,3.1449654870637134,867.6798743518019,129.30886906724652,302.7106577576344,44.02808165538378
14,280.0,53.43894054510127,0.95,0.0,0.0,0.0,0.0,0.0,0.05,0.0,298.92,79.64,0.9367054730362638,0.671006285096701,64.87166628595628,47.72252767467376,844.4296835515917,154.54599994414744,0.9780604081391072,0.0,0.0,0.0,0.0,0.0,0.0219395918608926,0.0,0.8872465789581355,0.0,0.0,0.0,0.0,0.0,0.1127534210418645,0.0,2.4746924032994047,2.04267719747295,1.0,0.0,0.0,0.0,0.0,0.0,1.335869599508977,0.0,3.1449654870637134,867.6798743518019,129.30886906724652,302.7106577576344,44.02808165538378
14,280.0,55.3443781685771,0.95,0.0,0.0,0.0,0.0,0.0,0.05,0.0,298.92,79.64,0.9367054730362638,0.6949319207505914,64.87166628595628,47.72252767467376,839.4725290506797,160.00770113563104,0.973503056068434,0.0,0.0,0.0,0.0,0.0,0.0264969439315659,0.0,0.8695543690429884,0.0,0.0,0.0,0.0,0.0,0.1304456309570115,0.0,2.3467182700018023,2.091113687435856,1.0,0.0,0.0,0.0,0.0,0.0,1.3233334275953603,0.0,3.1449654870637134,867.6798743518019,129.30886906724652,302.7106577576344,44.02808165538378
14,280.0,57.249815792052935,0.95,0.0,0.0,0.0,0.0,0.0,0.05,0.0,298.92,79.64,0.9367054730362638,0.7188575564044819,64.87166628595628,47.72252767467376,834.4205104926081,165.6033891133158,0.9689017341319356,0.0,0.0,0.0,0.0,0.0,0.0310982658680644,0.0,0.853239842862533,0.0,0.0,0.0,0.0,0.0,0.146760157137467,0.0,2.221362090662648,2.142009372348483,1.0,0.0,0.0,0.0,0.0,0.0,1.3109734852788382,0.0,3.1449654870637134,867.6798743518019,129.30886906724652,302.7106577576344,44.02808165538378
14,280.0,59.15525341552877,0.95,0.0,0.0,0.0,0.0,0.0,0.05,0.0,298.92,79.64,0.9367054730362638,0.7427831920583723,64.87166628595628,47.72252767467376,829.268130185903,171.34092440149487,0.9642538125827712,0.0,0.0,0.0,0.0,0.0,0.0357461874172286,0.0,0.8381889556669047,0.0,0.0,0.0,0.0,0.0,0.1618110443330952,0.0,2.0986663438069453,2.196660415680077,1.0000000002155094,0.0,0.0,0.0,0.0,0.0,1.299056190668073,0.0,3.1449654870637134,867.6798743518019,129.30886906724652,302.7106577576344,44.02808165538378
14,280.0,61.06069103900461,0.95,0.0,0.0,0.0,0.0,0.0,0.05,0.0,298.92,79.64,0.9367054730362638,0.7667088277122628,64.87166628595628,47.72252767467376,824.0093793948731,177.22888515575903,0.9595564208344292,0.0,0.0,0.0,0.0,0.0,0.0404435791655707,0.0,0.8243020102469211,0.0,0.0,0.0,0.0,0.0,0.175697989753079,0.0,1.9786033992607392,2.25205097675846,1.0,0.0,0.0,0.0,0.0,0.0,1.286762660419303,0.0,3.1449654870637134,867.6798743518019,129.30886906724652,302.7106577576344,44.02808165538378
14,280.0,62.96612866248044,0.95,0.0,0.0,0.0,0.0,0.0,0.05,0.0,298.92,79.64,0.9367054730362638,0.7906344633661532,64.87166628595628,47.72252767467376,818.6376279329704,183.2766357345916,0.9548063921891444,0.0,0.0,0.0,0.0,0.0,0.0451936078108556,0.0,0.8114916372587259,0.0,0.0,0.0,0.0,0.0,0.188508362741274,0.0,1.8612320510724416,2.311739504257577,1.0,0.0,0.0,0.0,0.0,0.0,1.2749012201793015,0.0,3.1449654870637134,867.6798743518019,129.30886906724652,302.7106577576344,44.02808165538378
14,280.0,64.87156628595628,0.95,0.0,0.0,0.0,0.0,0.0,0.05,0.0,298.92,79.64,0.9367054730362638,0.8145600990200437,64.87166628595628,47.72252767467376,813.1455885270526,189.49445777968975,0.9500002512759156,0.0,0.0,0.0,0.0,0.0,0.0499997487240843,0.0,0.7996812508727992,0.0,0.0,0.0,0.0,0.0,0.2003187491272007,0.0,1.746574366668311,2.3771465306388992,1.0000000000788931,0.0,0.0,0.0,0.0,0.0,1.2636105133751008,0.0,3.1449654870637134,867.6798743518019,129.30886906724652,302.7106577576344,44.02808165538378
14,285.0,54.391001462931634,0.95,0.0,0.0,0.0,0.0,0.0,0.05,0.0,298.92,79.64,0.95343235648334,0.6829608420759874,70.03363402017787,54.39090146293163,812.458135267994,167.15479492484155,0.9893514770806332,0.0,0.0,0.0,0.0,0.0,0.0106485229193667,0.0,0.9499990010422902,0.0,0.0,0.0,0.0,0.0,0.0500009989577097,0.0,1.9551732540148268,2.242176856878364,1.0,0.0,0.0,0.0,0.0,0.0,1.2812955115701758,0.0,2.2410524707626744,824.9746819221486,153.77005765610247,302.7106577576344,49.86436423924916
14,285.0,56.12906063595899,0.95,0.0,0.0,0.0,0.0,0.0,0.05,0.0,298.92,79.64,0.95343235648334,0.7047847895022475,70.03363402017787,54.39090146293163,807.476058452826,172.52103482800297,0.9851889329950628,0.0,0.0,0.0,0.0,0.0,0.0148110670049371,0.0,0.9332019899787786,0.0,0.0,0.0,0.0,0.0,0.0667980100212214,0.0,1.8492346362586387,2.29632292766571,1.0,0.0,0.0,0.0,0.0,0.0,1.2705390032707724,0.0,2.2410524707626744,824.9746819221486,153.77005765610247,302.7106577576344,49.86436423924916
14,285.0,57.86711980898635,0.95,0.0,0.0,0.0,0.0,0.0,0.05,0.0,298.92,79.64,0.95343235648334,0.7266087369285077,70.03363402017787,54.39090146293163,802.3872059020216,178.02490689216697,0.9809816020754814,0.0,0.0,0.0,0.0,0.0,0.0190183979245186,0.0,0.9175810101929942,0.0,0.0,0.0,0.0,0.0,0.0824189898070058,0.0,1.7454577014435289,2.35558595425768,1.0000000000609612,0.0,0.0,0.0,0.0,0.0,1.2603088822995574,0.0,2.2410524707626744,824.9746819221486,153.77005765610247,302.7106577576344,49.86436423924916
14,285.0,59.60517898201371,0.95,0.0,0.0,0.0,0.0,0.0,0.05,0.0,298.92,79.64,0.95343235648334,0.7484326843547678,70.03363402017787,54.39090146293163,797.1848967551585,183.67503310323764,0.9767266925130496,0.0,0.0,0.0,0.0,0.0,0.0232733074869503,0.0,0.9030506460680476,0.0,0.0,0.0,0.0,0.0,0.0969493539319523,0.0,1.6438504889769912,2.4164333610465207,1.0000000000086255,0.0,0.0,0.0,0.0,0.0,1.2498351901897886,0.0,2.2410524707626744,824.9746819221486,153.77005765610247,302.7106577576344,49.86436423924916
14,285.0,61.34323815504107,0.95,0.0,0.0,0.0,0.0,0.0,0.05,0.0,298.92,79.64,0.95343235648334,0.770256631781028,70.03363402017787,54.39090146293163,791.8617636554602,189.48089296853905,0.972421131681217,0.0,0.0,0.0,0.0,0.0,0.0275788683187829,0.0,0.8895353500578929,0.0,0.0,0.0,0.0,0.0,0.1104646499421071,0.0,1.5444396076673788,2.4809537090932654,1.0000000000006886,0.0,0.0,0.0,0.0,0.0,1.239471665727291,0.0,2.2410524707626744,824.9746819221486,153.77005765610247,302.7106577576344,49.86436423924916
14,285.0,63.08129732806843,0.95,0.0,0.0,0.0,0.0,0.0,0.05,0.0,298.92,79.64,0.95343235648334,0.7920805792072881,70.03363402017787,54.39090146293163,786.4096472320616,195.4529368986231,0.9680615231976164,0.0,0.0,0.0,0.0,0.0,0.0319384768023835,0.0,0.8769682552060564,0.0,0.0,0.0,0.0,0.0,0.1230317447939435,0.0,1.4472540501690156,2.549536182460966,1.0000000000001747,0.0,0.0,0.0,0.0,0.0,1.2292154067248882,0.0,2.2410524707626744,824.9746819221486,153.77005765610247,302.7106577576344,49.86436423924916
14,285.0,64.8193565010958,0.95,0.0,0.0,0.0,0.0,0.0,0.05,0.0,298.92,79.64,0.95343235648334,0.8139045266335484,70.03363402017787,54.39090146293163,780.8194741788814,201.60273330261128,0.9636440977032732,0.0,0.0,0.0,0.0,0.0,0.0363559022967267,0.0,0.8652902063473488,0.0,0.0,0.0,0.0,0.0,0.1347097936526513,0.0,1.3523232778149354,2.622651828734948,1.0000000000001386,0.0,0.0,0.0,0.0,0.0,1.2190590069530682,0.0,2.2410524707626744,824.9746819221486,153.77005765610247,302.7106577576344,49.86436423924916
14,285.0,66.55741567412315,0.95,0.0,0.0,0.0,0.0,0.0,0.05,0.0,298.92,79.64,0.95343235648334,0.8357284740598085,70.03363402017787,54.39090146293163,775.0811073161389,207.94313768650545,0.959164652286464,0.0,0.0,0.0,0.0,0.0,0.0408353477135361,0.0,0.854448940741239,0.0,0.0,0.0,0.0,0.0,0.1455510592587609,0.0,1.2596814742149254,2.700827219310705,1.0000000000001554,0.0,0.0,0.0,0.0,0.0,1.2090007694623306,0.0,2.2410524707626744,824.9746819221486,153.77005765610247,302.7106577576344,49.86436423924916
14,285.0,68.2954748471505,0.95,0.0,0.0,0.0,0.0,0.0,0.05,0.0,298.92,79.64,0.95343235648334,0.8575524214860686,70.03363402017787,54.39090146293163,769.1831642247263,214.4884976904972,0.9546184774319132,0.0,0.0,0.0,0.0,0.0,0.0453815225680866,0.0,0.8443984116742869,0.0,0.0,0.0,0.0,0.0,0.1556015883257131,0.0,1.1693662762323362,2.78467606100175,1.0000000000000693,0.0,0.0,0.0,0.0,0.0,1.1990325368468022,0.0,2.2410524707626744,824.9746819221486,153.77005765610247,302.7106577576344,49.86436423924916
14,285.0,70.03353402017787,0.95,0.0,0.0,0.0,0.0,0.0,0.05,0.0,298.92,79.64,0.95343235648334,0.8793763689123288,70.03363402017787,54.39090146293163,763.112783903635,221.25489266614815,0.950000262928274,0.0,0.0,0.0,0.0,0.0,0.0499997370717258,0.0,0.8350982206346684,0.0,0.0,0.0,0.0,0.0,0.1649017793653314,0.0,1.0814097213537657,2.874941125443004,1.0000000002747382,0.0,0.0,0.0,0.0,0.0,1.189151371640665,0.0,2.2410524707626744,824.9746819221486,153.77005765610247,302.7106577576344,49.86436423924916
14,290.0,61.94535956796496,0.95,0.0,0.0,0.0,0.0,0.0,0.05,0.0,298.92,79.64,0.970159239930416,0.7778171718729904,75.24982629334554,61.94525956796495,753.9625733495436,205.7628330937249,0.986056713407006,0.0,0.0,0.0,0.0,0.0,0.013943286592994,0.0,0.949999223861313,0.0,0.0,0.0,0.0,0.0,0.050000776138687,0.0,1.1197675235354487,2.8061130118020974,1.0000000001049747,0.0,0.0,0.0,0.0,0.0,1.1894735940505017,0.0,1.4167983026644004,773.2637021553837,185.44864903964933,302.7106577576344,56.27641671412855
14,290.0,63.423622537451685,0.95,0.0,0.0,0.0,0.0,0.0,0.05,0.0,298.92,79.64,0.970159239930416,0.7963789871603677,75.24982629334554,61.94525956796495,748.6160112476881,211.4290841761916,0.9823080630869544,0.0,0.0,0.0,0.0,0.0,0.0176919369130454,0.0,0.9387741146273476,0.0,0.0,0.0,0.0,0.0,0.0612258853726524,0.0,1.0462802318784372,2.8847712887125683,1.0000000000185227,0.0,0.0,0.0,0.0,0.0,1.1811244463082406,0.0,1.4167983026644004,773.2637021553837,185.44864903964933,302.7106577576344,56.27641671412855
14,290.0,64.90188550693841,0.95,0.0,0.0,0.0,0.0,0.0,0.05,0.0,298.92,79.64,0.970159239930416,0.814940802447745,75.24982629334554,61.94525956796495,743.1212184096926,217.26954532467343,0.9785063952126892,0.0,0.0,0.0,0.0,0.0,0.0214936047873106,0.0,0.928224688616324,0.0,0.0,0.0,0.0,0.0,0.0717753113836761,0.0,0.9744863992599404,2.9689865916121336,1.000000000001187,0.0,0.0,0.0,0.0,0.0,1.1728272000635378,0.0,1.4167983026644004,773.2637021553837,185.44864903964933,302.7106577576344,56.27641671412855
14,290.0,66.38014847642515,0.95,0.0,0.0,0.0,0.0,0.0,0.05,0.0,298.92,79.64,0.970159239930416,0.8335026177351224,75.24982629334554,61.94525956796495,737.4666330286512,223.29755166074185,0.9746477513390124,0.0,0.0,0.0,0.0,0.0,0.0253522486609877,0.0,0.918319483481832,0.0,0.0,0.0,0.0,0.0,0.0816805165181678,0.0,0.9044247961691606,3.059452189500354,1.0000000000010965,0.0,0.0,0.0,0.0,0.0,1.1645769737354896,0.0,1.4167983026644004,773.2637021553837,185.44864903964933,302.7106577576344,56.27641671412855
14,290.0,67.85841144591188,0.95,0.0,0.0,0.0,0.0,0.0,0.05,0.0,298.92,79.64,0.970159239930416,0.8520644330224998,75.24982629334554,61.94525956796495,731.6391957045046,229.528127921082,0.97072767691658,0.0,0.0,0.0,0.0,0.0,0.0292723230834199,0.0,0.909030602237588,0.0,0.0,0.0,0.0,0.0,0.0909693977624118,0.0,0.8361307729530664,3.156991453169644,1.0000000000009517,0.0,0.0,0.0,0.0,0.0,1.1563712867566684,0.0,1.4167983026644004,773.2637021553837,185.44864903964933,302.7106577576344,56.27641671412855
14,290.0,69.3366744153986,0.95,0.0,0.0,0.0,0.0,0.0,0.05,0.0,298.92,79.64,0.970159239930416,0.870626248309877,75.24982629334554,61.94525956796495,725.6240091456579,235.97829461647973,0.9667411099774574,0.0,0.0,0.0,0.0,0.0,0.0332588900225426,0.0,0.9003335150954521,0.0,0.0,0.0,0.0,0.0,0.099666484904548,0.0,0.7696401761908901,3.262589320394551,1.000000000001097,0.0,0.0,0.0,0.0,0.0,1.1482061387730522,0.0,1.4167983026644004,773.2637021553837,185.44864903964933,302.7106577576344,56.27641671412855
14,290.0,70.81493738488534,0.95,0.0,0.0,0.0,0.0,0.0,0.05,0.0,298.92,79.64,0.970159239930416,0.8891880635972544,75.24982629334554,61.94525956796495,719.4040339817352,242.66743788524707,0.9626822838923212,0.0,0.0,0.0,0.0,0.0,0.0373177161076786,0.0,0.8922069071468038,0.0,0.0,0.0,0.0,0.0,0.1077930928531961,0.0,0.7050065642979555,3.377442597255606,1.000000000000666,0.0,0.0,0.0,0.0,0.0,1.1397001743101232,0.0,1.4167983026644004,773.2637021553837,185.44864903964933,302.7106577576344,56.27641671412855
14,290.0,72.29320035437208,0.95,0.0,0.0,0.0,0.0,0.0,0.05,0.0,298.92,79.64,0.970159239930416,0.9077498788846318,75.24982629334554,61.94525956796495,712.9595706394829,249.6178273895882,0.9585445595950436,0.0,0.0,0.0,0.0,0.0,0.0414554404049564,0.0,0.8846326383384473,0.0,0.0,0.0,0.0,0.0,0.1153673616615527,0.0,0.6422781730952019,3.5029987680663,1.0000000000004297,0.0,0.0,0.0,0.0,0.0,1.1300926485139715,0.0,1.4167983026644004,773.2637021553837,185.44864903964933,302.7106577576344,56.27641671412855
14,290.0,73.7714633238588,0.95,0.0,0.0,0.0,0.0,0.0,0.05,0.0,298.92,79.64,0.970159239930416,0.926311694172009,75.24982629334554,61.94525956796495,706.267659669372,256.85524710741,0.9543202335672764,0.0,0.0,0.0,0.0,0.0,0.0456797664327234,0.0,0.8775957382055242,0.0,0.0,0.0,0.0,0.0,0.1224042617944758,0.0,0.5815092041665395,3.6410466698118458,1.0000000000003062,0.0,0.0,0.0,0.0,0.0,1.120582703501973,0.0,1.4167983026644004,773.2637021553837,185.44864903964933,302.7106577576344,56.27641671412855
14,290.0,75.24972629334553,0.95,0.0,0.0,0.0,0.0,0.0,0.05,0.0,298.92,79.64,0.970159239930416,0.9448735094593864,75.24982629334554,61.94525956796495,699.3013092054239,264.4097872484712,0.9500002909751872,0.0,0.0,0.0,0.0,0.0,0.0499997090248126,0.0,0.8710844570516043,0.0,0.0,0.0,0.0,0.0,0.1289155429483957,0.0,0.5227709604886154,3.793834521587928,1.000000000133051,0.0,0.0,0.0,0.0,0.0,1.1111709053040622,0.0,1.4167983026644004,773.2637021553837,185.44864903964933,302.7106577576344,56.27641671412855
15,200.0,2.768062876295406,0.95,0.0,0.0,0.0,0.0,0.05,0.0,0.0,299.18,81.24,0.6684938832809679,0.0340726597279099,18.448270263304188,2.767962876295406,1221.778522051609,7.541151468371209,0.9995477295546288,0.0,0.0,0.0,0.0,0.0004522704453714,0.0,0.0,0.9499670555634812,0.0,0.0,0.0,0.0,0.0500329444365187,0.0,0.0,22.49569198356868,0.6837745395424314,1.0000000105813396,0.0,0.0,0.0,0.0,4.153857468714379,0.0,0.0,22.53960113748808,1221.920496490378,7.249541730897533,302.7106577576344,2.6239816647333654
15,200.0,4.510297030407493,0.95,0.0,0.0,0.0,0.0,0.05,0.0,0.0,299.18,81.24,0.6684938832809679,0.0555181810734551,18.448270263304188,2.767962876295406,1220.0549116627335,11.09240211352606,0.994075158629756,0.0,0.0,0.0,0.0,0.005924841370244,0.0,0.0,0.5958900692046784,0.0,0.0,0.0,0.0,0.4041099307953216,0.0,0.0,21.969653354573254,0.6998178975565204,1.0000000024609543,0.0,0.0,0.0,0.0,4.054548549989656,0.0,0.0,22.53960113748808,1221.920496490378,7.249541730897533,302.7106577576344,2.6239816647333654
15,200.0,6.25253118451958,0.95,0.0,0.0,0.0,0.0,0.05,0.0,0.0,299.18,81.24,0.6684938832809679,0.0769637024190002,18.448270263304188,2.767962876295406,1218.3182454158436,14.690444494880088,0.988594937396966,0.0,0.0,0.0,0.0,0.0114050626030338,0.0,0.0,0.4380887604430781,0.0,0.0,0.0,0.0,0.5619112395569218,0.0,0.0,21.45248929762697,0.7158333203214795,1.0000000001482614,0.0,0.0,0.0,0.0,3.959028541974184,0.0,0.0,22.53960113748808,1221.920496490378,7.249541730897533,302.7106577576344,2.6239816647333654
15,200.0,7.994765338631668,0.95,0.0,0.0,0.0,0.0,0.05,0.0,0.0,299.18,81.24,0.6684938832809679,0.0984092237645454,18.448270263304188,2.767962876295406,1216.5682097626586,18.33634017663932,0.9831066364024597,0.0,0.0,0.0,0.0,0.0168933635975403,0.0,0.0,0.3488855600847875,0.0,0.0,0.0,0.0,0.6511144399152125,0.0,0.0,20.94398874461021,0.7318389436784742,1.0,0.0,0.0,0.0,0.0,3.866964935080856,0.0,0.0,22.53960113748808,1221.920496490378,7.249541730897533,302.7106577576344,2.6239816647333654
15,200.0,9.736999492743754,0.95,0.0,0.0,0.0,0.0,0.05,0.0,0.0,299.18,81.24,0.6684938832809679,0.1198547451100905,18.448270263304188,2.767962876295406,1214.8045789212615,22.03139612934146,0.9776100791669388,0.0,0.0,0.0,0.0,0.022389920833061,0.0,0.0,0.2916082593164251,0.0,0.0,0.0,0.0,0.7083917406835749,0.0,0.0,20.44396230749317,0.7478152171332425,1.0,0.0,0.0,0.0,0.0,3.7782241378714,0.0,0.0,22.53960113748808,1221.920496490378,7.249541730897533,302.7106577576344,2.6239816647333654
15,200.0,11.47923364685584,0.95,0.0,0.0,0.0,0.0,0.05,0.0,0.0,299.18,81.24,0.6684938832809679,0.1413002664556356,18.448270263304188,2.767962876295406,1213.027147450146,25.777039635360147,0.9721051548266764,0.0,0.0,0.0,0.0,0.0278948451733237,0.0,0.0,0.2517728266081693,0.0,0.0,0.0,0.0,0.7482271733918306,0.0,0.0,19.9522235276246,0.7637562342849663,1.0,0.0,0.0,0.0,0.0,3.6930284248331673,0.0,0.0,22.53960113748808,1221.920496490378,7.249541730897533,302.7106577576344,2.6239816647333654
15,200.0,13.221467800967927,0.95,0.0,0.0,0.0,0.0,0.05,0.0,0.0,299.18,81.24,0.6684938832809679,0.1627457878011808,18.448270263304188,2.767962876295406,1211.2357158467237,29.57478856025117,0.966591778150094,0.0,0.0,0.0,0.0,0.033408221849906,0.0,0.0,0.2225077364411128,0.0,0.0,0.0,0.0,0.7774922635588871,0.0,0.0,19.468590087749973,0.7796743777496794,1.0,0.0,0.0,0.0,0.0,3.6108684692555753,0.0,0.0,22.53960113748808,1221.920496490378,7.249541730897533,302.7106577576344,2.6239816647333654
15,200.0,14.963701955080015,0.95,0.0,0.0,0.0,0.0,0.05,0.0,0.0,299.18,81.24,0.6684938832809679,0.1841913091467259,18.448270263304188,2.767962876295406,1209.4300875392282,33.426244552874024,0.9610698810173636,0.0,0.0,0.0,0.0,0.0389301189826363,0.0,0.0,0.2001337576833239,0.0,0.0,0.0,0.0,0.799866242316676,0.0,0.0,18.992883460756826,0.7955859037512405,1.0,0.0,0.0,0.0,0.0,3.531783758664234,0.0,0.0,22.53960113748808,1221.920496490378,7.249541730897533,302.7106577576344,2.6239816647333654
15,200.0,16.705936109192102,0.95,0.0,0.0,0.0,0.0,0.05,0.0,0.0,299.18,81.24,0.6684938832809679,0.205636830492271,18.448270263304188,2.767962876295406,1207.6100675048997,37.33309325556712,0.955539408456959,0.0,0.0,0.0,0.0,0.044460591543041,0.0,0.0,0.1825031750863698,0.0,0.0,0.0,0.0,0.8174968249136303,0.0,0.0,18.524931170262576,0.8115309631235491,1.000000000980121,0.0,0.0,0.0,0.0,3.455786541377225,0.0,0.0,22.53960113748808,1221.920496490378,7.249541730897533,302.7106577576344,2.6239816647333654
15,200.0,18.44817026330419,0.95,0.0,0.0,0.0,0.0,0.05,0.0,0.0,299.18,81.24,0.6684938832809679,0.2270823518378162,18.448270263304188,2.767962876295406,1205.7754620698902,41.29710721751802,0.9500003178909848,0.0,0.0,0.0,0.0,0.0499996821090152,0.0,0.0,0.1682781106383541,0.0,0.0,0.0,0.0,0.8317218893616459,0.0,0.0,18.0645658813667,0.8275161880723942,1.000000001306656,0.0,0.0,0.0,0.0,3.3825200877854256,0.0,0.0,22.53960113748808,1221.920496490378,7.249541730897533,302.7106577576344,2.6239816647333654
15,205.0,3.540513376031277,0.95,0.0,0.0,0.0,0.0,0.05,0.0,0.0,299.18,81.24,0.6852062303629921,0.0435809130481447,19.89991539202705,3.540413376031277,1206.0986524913162,9.494733894820229,0.9994420696811877,0.0,0.0,0.0,0.0,0.0005579303188123,0.0,0.0,0.9499744677702197,0.0,0.0,0.0,0.0,0.0500255322297804,0.0,0.0,21.107020349790837,0.7118663526165718,1.0,0.0,0.0,0.0,0.0,3.7934461158029817,0.0,0.0,21.15779579629945,1206.2779501886548,9.12387059747945,302.7106577576344,3.35468958110042
15,205.0,5.358213600030807,0.95,0.0,0.0,0.0,0.0,0.05,0.0,0.0,299.18,81.24,0.6852062303629921,0.0659553618910734,19.89991539202705,3.540413376031277,1204.337549210155,13.148580941390067,0.9939807799945964,0.0,0.0,0.0,0.0,0.0060192200054037,0.0,0.0,0.6416492547853447,0.0,0.0,0.0,0.0,0.3583507452146553,0.0,0.0,20.61477306329976,0.7275942227117973,1.0,0.0,0.0,0.0,0.0,3.71053145699071,0.0,0.0,21.15779579629945,1206.2779501886548,9.12387059747945,302.7106577576344,3.35468958110042
15,205.0,7.175913824030338,0.95,0.0,0.0,0.0,0.0,0.05,0.0,0.0,299.18,81.24,0.6852062303629921,0.0883298107340021,19.89991539202705,3.540413376031277,1202.5629060104434,16.850303992122743,0.9885120061108732,0.0,0.0,0.0,0.0,0.0114879938891268,0.0,0.0,0.488411422309533,0.0,0.0,0.0,0.0,0.511588577690467,0.0,0.0,20.130400197460123,0.7433401498476414,1.0,0.0,0.0,0.0,0.0,3.6301946151045312,0.0,0.0,21.15779579629945,1206.2779501886548,9.12387059747945,302.7106577576344,3.35468958110042
15,205.0,8.993614048029869,0.95,0.0,0.0,0.0,0.0,0.05,0.0,0.0,299.18,81.24,0.6852062303629921,0.1107042595769309,19.89991539202705,3.540413376031277,1200.7743857460616,20.60096503974872,0.9830352909645608,0.0,0.0,0.0,0.0,0.0169647090354391,0.0,0.0,0.3968739988206478,0.0,0.0,0.0,0.0,0.6031260011793522,0.0,0.0,19.65373029082497,0.7590981303771628,1.0,0.0,0.0,0.0,0.0,3.5525708983861937,0.0,0.0,21.15779579629945,1206.2779501886548,9.12387059747945,302.7106577576344,3.35468958110042
15,205.0,10.8113142720294,0.95,0.0,0.0,0.0,0.0,0.05,0.0,0.0,299.18,81.24,0.6852062303629921,0.1330787084198596,19.89991539202705,3.540413376031277,1198.9717421003668,24.40186326194226,0.977550430676956,0.0,0.0,0.0,0.0,0.0224495693230438,0.0,0.0,0.3360935154825258,0.0,0.0,0.0,0.0,0.6639064845174742,0.0,0.0,19.184616570241797,0.7748677001184284,1.0,0.0,0.0,0.0,0.0,3.4777278777969487,0.0,0.0,21.15779579629945,1206.2779501886548,9.12387059747945,302.7106577576344,3.35468958110042
15,205.0,12.62901449602893,0.95,0.0,0.0,0.0,0.0,0.05,0.0,0.0,299.18,81.24,0.6852062303629921,0.1554531572627884,19.89991539202705,3.540413376031277,1197.1547532215257,28.254424358464025,0.9720572963915848,0.0,0.0,0.0,0.0,0.0279427036084152,0.0,0.0,0.2928562609176489,0.0,0.0,0.0,0.0,0.7071437390823511,0.0,0.0,18.722914196333168,0.7906535423390069,1.0,0.0,0.0,0.0,0.0,3.405332040334069,0.0,0.0,21.15779579629945,1206.2779501886548,9.12387059747945,302.7106577576344,3.35468958110042
15,205.0,14.44671472002846,0.95,0.0,0.0,0.0,0.0,0.05,0.0,0.0,299.18,81.24,0.6852062303629921,0.1778276061057171,19.89991539202705,3.540413376031277,1195.323204985996,32.16016853895333,0.9665557894113396,0.0,0.0,0.0,0.0,0.0334442105886605,0.0,0.0,0.2605715675104481,0.0,0.0,0.0,0.0,0.7394284324895519,0.0,0.0,18.26848253599672,0.8064812685963105,1.0,0.0,0.0,0.0,0.0,3.335437587588792,0.0,0.0,21.15779579629945,1206.2779501886548,9.12387059747945,302.7106577576344,3.35468958110042
15,205.0,16.26441494402799,0.95,0.0,0.0,0.0,0.0,0.05,0.0,0.0,299.18,81.24,0.6852062303629921,0.2002020549486458,19.89991539202705,3.540413376031277,1193.4768869428185,36.12070151364718,0.961045830159216,0.0,0.0,0.0,0.0,0.0389541698407838,0.0,0.0,0.2355845599472845,0.0,0.0,0.0,0.0,0.7644154400527154,0.0,0.0,17.821183829042507,0.8223516607444652,1.0,0.0,0.0,0.0,0.0,3.268063227994193,0.0,0.0,21.15779579629945,1206.2779501886548,9.12387059747945,302.7106577576344,3.35468958110042
15,205.0,18.08211516802752,0.95,0.0,0.0,0.0,0.0,0.05,0.0,0.0,299.18,81.24,0.6852062303629921,0.2225765037915746,19.89991539202705,3.540413376031277,1191.61559036441,40.13771328729733,0.9555273528472272,0.0,0.0,0.0,0.0,0.0444726471527728,0.0,0.0,0.2157054190645993,0.0,0.0,0.0,0.0,0.7842945809354007,0.0,0.0,17.380884263537826,0.8382765132418996,1.0000000004816647,0.0,0.0,0.0,0.0,3.2029283143862477,0.0,0.0,21.15779579629945,1206.2779501886548,9.12387059747945,302.7106577576344,3.35468958110042
15,205.0,19.89981539202705,0.95,0.0,0.0,0.0,0.0,0.05,0.0,0.0,299.18,81.24,0.6852062303629921,0.2449509526345033,19.89991539202705,3.540413376031277,1189.7391077719474,44.21298013374473,0.9500003040256352,0.0,0.0,0.0,0.0,0.0499996959743647,0.0,0.0,0.1995422683668756,0.0,0.0,0.0,0.0,0.8004577316331244,0.0,0.0,16.9474543703286,0.8542720356960146,1.0000000007004377,0.0,0.0,0.0,0.0,3.1399700114315032,0.0,0.0,21.15779579629945,1206.2779501886548,9.12387059747945,302.7106577576344,3.35468958110042
15,210.0,4.47012293602334,0.95,0.0,0.0,0.0,0.0,0.05,0.0,0.0,299.18,81.24,0.7019185774450164,0.055023669818111,21.429473611547053,4.47002293602334,1190.0685692928423,11.821858676674331,0.9993158398267412,0.0,0.0,0.0,0.0,0.0006841601732589,0.0,0.0,0.9499799783986038,0.0,0.0,0.0,0.0,0.0500200216013962,0.0,0.0,19.735561158060243,0.7420361446428878,1.0,0.0,0.0,0.0,0.0,3.4736001450365093,0.0,0.0,19.793904820789816,1190.2941504876192,11.354703713715036,302.7106577576344,4.233266563955471
15,210.0,6.354484122192641,0.95,0.0,0.0,0.0,0.0,0.05,0.0,0.0,299.18,81.24,0.7019185774450164,0.0782186622623417,21.429473611547053,4.47002293602334,1188.266169996832,15.565517368561704,0.993869024806656,0.0,0.0,0.0,0.0,0.0061309751933438,0.0,0.0,0.6830947622695432,0.0,0.0,0.0,0.0,0.3169052377304568,0.0,0.0,19.275421294189407,0.7575086156073659,1.0,0.0,0.0,0.0,0.0,3.40357276854624,0.0,0.0,19.793904820789816,1190.2941504876192,11.354703713715036,302.7106577576344,4.233266563955471
15,210.0,8.238845308361942,0.95,0.0,0.0,0.0,0.0,0.05,0.0,0.0,299.18,81.24,0.7019185774450164,0.1014136547065724,21.429473611547053,4.47002293602334,1186.4496151135754,19.35788283899979,0.9884146737610908,0.0,0.0,0.0,0.0,0.011585326238909,0.0,0.0,0.5371574414906791,0.0,0.0,0.0,0.0,0.4628425585093207,0.0,0.0,18.82229711164364,0.7730312414392381,1.0,0.0,0.0,0.0,0.0,3.33585221493326,0.0,0.0,19.793904820789816,1190.2941504876192,11.354703713715036,302.7106577576344,4.233266563955471
15,210.0,10.123206494531244,0.95,0.0,0.0,0.0,0.0,0.05,0.0,0.0,299.18,81.24,0.7019185774450164,0.1246086471508031,21.429473611547053,4.47002293602334,1184.6185422184176,23.200024855891964,0.9829523075092148,0.0,0.0,0.0,0.0,0.0170476924907852,0.0,0.0,0.445251353715849,0.0,0.0,0.0,0.0,0.554748646284151,0.0,0.0,18.37604731167109,0.78860092409681,1.0,0.0,0.0,0.0,0.0,3.27022301238573,0.0,0.0,19.793904820789816,1190.2941504876192,11.354703713715036,302.7106577576344,4.233266563955471
15,210.0,12.007567680700546,0.95,0.0,0.0,0.0,0.0,0.05,0.0,0.0,299.18,81.24,0.7019185774450164,0.1478036395950338,21.429473611547053,4.47002293602334,1182.7726784446445,27.09323258830976,0.9774816885910388,0.0,0.0,0.0,0.0,0.0225183114089611,0.0,0.0,0.3821364741680009,0.0,0.0,0.0,0.0,0.6178635258319992,0.0,0.0,17.93655742279046,0.804229738235798,1.0,0.0,0.0,0.0,0.0,3.206569677532905,0.0,0.0,19.793904820789816,1190.2941504876192,11.354703713715036,302.7106577576344,4.233266563955471
15,210.0,13.891928866869849,0.95,0.0,0.0,0.0,0.0,0.05,0.0,0.0,299.18,81.24,0.7019185774450164,0.1709986320392645,21.429473611547053,4.47002293602334,1180.911778481238,31.03892399801898,0.9720026608102356,0.0,0.0,0.0,0.0,0.0279973391897645,0.0,0.0,0.3361773301409116,0.0,0.0,0.0,0.0,0.6638226698590884,0.0,0.0,17.503713798643812,0.8199235513103297,1.0,0.0,0.0,0.0,0.0,3.1449953505288137,0.0,0.0,19.793904820789816,1190.2941504876192,11.354703713715036,302.7106577576344,4.233266563955471
15,210.0,15.776290053039148,0.95,0.0,0.0,0.0,0.0,0.05,0.0,0.0,299.18,81.24,0.7019185774450164,0.1941936244834951,21.429473611547053,4.47002293602334,1179.0356062330295,35.03861435987901,0.9665151018985246,0.0,0.0,0.0,0.0,0.0334848981014753,0.0,0.0,0.301265944973615,0.0,0.0,0.0,0.0,0.698734055026385,0.0,0.0,17.077407302440143,0.8356794657954759,1.0,0.0,0.0,0.0,0.0,3.085421452019556,0.0,0.0,19.793904820789816,1190.2941504876192,11.354703713715036,302.7106577576344,4.233266563955471
15,210.0,17.660651239208452,0.95,0.0,0.0,0.0,0.0,0.05,0.0,0.0,299.18,81.24,0.7019185774450164,0.2173886169277259,21.429473611547053,4.47002293602334,1177.1439298063835,39.09390588746541,0.9610189104226566,0.0,0.0,0.0,0.0,0.0389810895773432,0.0,0.0,0.2738882107539889,0.0,0.0,0.0,0.0,0.726111789246011,0.0,0.0,16.6575315543732,0.8515087026968147,1.0,0.0,0.0,0.0,0.0,3.027681223844908,0.0,0.0,19.793904820789816,1190.2941504876192,11.354703713715036,302.7106577576344,4.233266563955471
15,210.0,19.545012425377752,0.95,0.0,0.0,0.0,0.0,0.05,0.0,0.0,299.18,81.24,0.7019185774450164,0.2405836093719565,21.429473611547053,4.47002293602334,1175.2365189406662,43.20648531219384,0.955513999095486,0.0,0.0,0.0,0.0,0.0444860009045139,0.0,0.0,0.25187927922732,0.0,0.0,0.0,0.0,0.74812072077268,0.0,0.0,16.243982721924525,0.8674529979227231,1.0,0.0,0.0,0.0,0.0,2.971730568216873,0.0,0.0,19.793904820789816,1190.2941504876192,11.354703713715036,302.7106577576344,4.233266563955471
15,210.0,21.429373611547053,0.95,0.0,0.0,0.0,0.0,0.05,0.0,0.0,299.18,81.24,0.7019185774450164,0.2637786018161873,21.429473611547053,4.47002293602334,1173.3131442010583,47.37812495564746,0.9500002925649376,0.0,0.0,0.0,0.0,0.0499997074350622,0.0,0.0,0.2338328263021921,0.0,0.0,0.0,0.0,0.7661671736978078,0.0,0.0,15.83666124657573,0.8835014068407688,1.0000000007899252,0.0,0.0,0.0,0.0,2.9176207521913016,0.0,0.0,19.793904820789816,1190.2941504876192,11.354703713715036,302.7106577576344,4.233266563955471
15,215.0,5.577064519220796,0.95,0.0,0.0,0.0,0.0,0.05,0.0,0.0,299.18,81.24,0.7186309245270406,0.0686492432203446,23.053352899871395,5.576964519220796,1173.625552646277,14.572942107166334,0.9991654787394492,0.0,0.0,0.0,0.0,0.0008345212605508,0.0,0.0,0.9499841327518992,0.0,0.0,0.0,0.0,0.0500158672481008,0.0,0.0,18.381559136602988,0.7745326627253903,1.0,0.0,0.0,0.0,0.0,3.188222321728758,0.0,0.0,18.448205290897207,1173.908539729092,13.989350648063478,302.7106577576344,5.278346606766283
15,215.0,7.518863228181973,0.95,0.0,0.0,0.0,0.0,0.05,0.0,0.0,299.18,81.24,0.7186309245270406,0.0925512460386752,23.053352899871395,5.576964519220796,1171.77764220286,18.39465470398616,0.9937366205231224,0.0,0.0,0.0,0.0,0.0062633794768776,0.0,0.0,0.7201527878499666,0.0,0.0,0.0,0.0,0.2798472121500334,0.0,0.0,17.952012163525858,0.7898072023684584,1.0000000001128593,0.0,0.0,0.0,0.0,3.1291430074433437,0.0,0.0,18.448205290897207,1173.908539729092,13.989350648063478,302.7106577576344,5.278346606766283
15,215.0,9.46066193714315,0.95,0.0,0.0,0.0,0.0,0.05,0.0,0.0,299.18,81.24,0.7186309245270406,0.1164532488570058,23.053352899871395,5.576964519220796,1169.914819235482,22.265700980826573,0.9882999785075808,0.0,0.0,0.0,0.0,0.0117000214924191,0.0,0.0,0.5835564163335505,0.0,0.0,0.0,0.0,0.4164435836664495,0.0,0.0,17.52873557573606,0.8051616286780097,1.0,0.0,0.0,0.0,0.0,3.071670432577378,0.0,0.0,18.448205290897207,1173.908539729092,13.989350648063478,302.7106577576344,5.278346606766283
15,215.0,11.402460646104329,0.95,0.0,0.0,0.0,0.0,0.05,0.0,0.0,299.18,81.24,0.7186309245270406,0.1403552516753364,23.053352899871395,5.576964519220796,1168.036694597833,26.18716801235311,0.9828550580449028,0.0,0.0,0.0,0.0,0.0171449419550973,0.0,0.0,0.4931387947888246,0.0,0.0,0.0,0.0,0.5068612052111753,0.0,0.0,17.11161219657241,0.8206249921670704,1.0,0.0,0.0,0.0,0.0,3.0157983439420764,0.0,0.0,18.448205290897207,1173.908539729092,13.989350648063478,302.7106577576344,5.278346606766283
15,215.0,13.344259355065509,0.95,0.0,0.0,0.0,0.0,0.05,0.0,0.0,299.18,81.24,0.7186309245270406,0.164257254493667,23.053352899871395,5.576964519220796,1166.1429634113322,30.160338181359386,0.9774015851318432,0.0,0.0,0.0,0.0,0.0225984148681567,0.0,0.0,0.4289488550810145,0.0,0.0,0.0,0.0,0.5710511449189855,0.0,0.0,16.700552701567954,0.8361683933680212,1.0,0.0,0.0,0.0,0.0,2.9617062676488453,0.0,0.0,18.448205290897207,1173.908539729092,13.989350648063478,302.7106577576344,5.278346606766283
15,215.0,15.286058064026683,0.95,0.0,0.0,0.0,0.0,0.05,0.0,0.0,299.18,81.24,0.7186309245270406,0.1881592573119976,23.053352899871395,5.576964519220796,1164.2333499704516,34.186620812460625,0.9719393692852508,0.0,0.0,0.0,0.0,0.0280606307147493,0.0,0.0,0.3810834467088743,0.0,0.0,0.0,0.0,0.6189165532911257,0.0,0.0,16.295466707311274,0.8517939746483641,1.0000000002738243,0.0,0.0,0.0,0.0,2.9091415014371367,0.0,0.0,18.448205290897207,1173.908539729092,13.989350648063478,302.7106577576344,5.278346606766283
15,215.0,17.227856772987863,0.95,0.0,0.0,0.0,0.0,0.05,0.0,0.0,299.18,81.24,0.7186309245270406,0.2120612601303282,23.053352899871395,5.576964519220796,1162.3075887233151,38.26752382150346,0.9664682564118564,0.0,0.0,0.0,0.0,0.0335317435881434,0.0,0.0,0.3440698638247204,0.0,0.0,0.0,0.0,0.6559301361752795,0.0,0.0,15.89626971486269,0.8675436009572338,1.0000000003485927,0.0,0.0,0.0,0.0,2.8580776156748224,0.0,0.0,18.448205290897207,1173.908539729092,13.989350648063478,302.7106577576344,5.278346606766283
15,215.0,19.16965548194904,0.95,0.0,0.0,0.0,0.0,0.05,0.0,0.0,299.18,81.24,0.7186309245270406,0.2359632629486587,23.053352899871395,5.576964519220796,1160.3654185346036,42.40464312524157,0.9609881144679638,0.0,0.0,0.0,0.0,0.0390118855320361,0.0,0.0,0.3146377731412773,0.0,0.0,0.0,0.0,0.6853622268587226,0.0,0.0,15.502879038660902,0.8833959667440546,1.0,0.0,0.0,0.0,0.0,2.808483207254844,0.0,0.0,18.448205290897207,1173.908539729092,13.989350648063478,302.7106577576344,5.278346606766283
15,215.0,21.111454190910216,0.95,0.0,0.0,0.0,0.0,0.05,0.0,0.0,299.18,81.24,0.7186309245270406,0.2598652657669894,23.053352899871395,5.576964519220796,1158.4065795060408,46.5996594224855,0.955498825589696,0.0,0.0,0.0,0.0,0.044501174410304,0.0,0.0,0.2907127865909134,0.0,0.0,0.0,0.0,0.7092872134090866,0.0,0.0,15.115214841167766,0.8993953228503415,1.0000000000056497,0.0,0.0,0.0,0.0,2.7604158578073514,0.0,0.0,18.448205290897207,1173.908539729092,13.989350648063478,302.7106577576344,5.278346606766283
15,215.0,23.0532528998714,0.95,0.0,0.0,0.0,0.0,0.05,0.0,0.0,299.18,81.24,0.7186309245270406,0.28376726858532,23.053352899871395,5.576964519220796,1156.4308118045226,50.854338538604296,0.9500002831385678,0.0,0.0,0.0,0.0,0.0499997168614322,0.0,0.0,0.2709156938705289,0.0,0.0,0.0,0.0,0.7290843061294711,0.0,0.0,14.733199760578644,0.9155497665621198,1.000000000241141,0.0,0.0,0.0,0.0,2.713752811534389,0.0,0.0,18.448205290897207,1173.908539729092,13.989350648063478,302.7106577576344,5.278346606766283
15,220.0,6.88256491135621,0.95,0.0,0.0,0.0,0.0,0.05,0.0,0.0,299.18,81.24,0.7353432716090648,0.0847189181604654,24.789633367188944,6.882464911356211,1156.699833561962,17.80445605457262,0.9989867636005324,0.0,0.0,0.0,0.0,0.0010132363994676,0.0,0.0,0.949987305164821,0.0,0.0,0.0,0.0,0.050012694835179,0.0,0.0,17.045425411461803,0.8096663289262664,1.0,0.0,0.0,0.0,0.0,2.9330426887596395,0.0,0.0,17.121140165384258,1157.0541060432145,17.08052563899556,302.7106577576344,6.509407158415541
15,220.0,8.872228073115403,0.95,0.0,0.0,0.0,0.0,0.05,0.0,0.0,299.18,81.24,0.7353432716090648,0.109210094449968,24.789633367188944,6.882464911356211,1154.8017142004528,21.693599512671028,0.993579724335092,0.0,0.0,0.0,0.0,0.0064202756649078,0.0,0.0,0.7529445456865675,0.0,0.0,0.0,0.0,0.2470554543134324,0.0,0.0,16.64510699570621,0.824832320725919,1.0,0.0,0.0,0.0,0.0,2.882767246410733,0.0,0.0,17.121140165384258,1157.0541060432145,17.08052563899556,302.7106577576344,6.509407158415541
15,220.0,10.861891234874594,0.95,0.0,0.0,0.0,0.0,0.05,0.0,0.0,299.18,81.24,0.7353432716090648,0.1337012707394706,24.789633367188944,6.882464911356211,1152.8877711425514,25.63255444900276,0.988164477132272,0.0,0.0,0.0,0.0,0.011835522867728,0.0,0.0,0.6270409182456332,0.0,0.0,0.0,0.0,0.3729590817543668,0.0,0.0,16.250407193441514,0.8401275868145277,1.0,0.0,0.0,0.0,0.0,2.833939850176376,0.0,0.0,17.121140165384258,1157.0541060432145,17.08052563899556,302.7106577576344,6.509407158415541
15,220.0,12.851554396633787,0.95,0.0,0.0,0.0,0.0,0.05,0.0,0.0,299.18,81.24,0.7353432716090648,0.1581924470289732,24.789633367188944,6.882464911356211,1150.9575866139446,29.62243557211911,0.9827405179988606,0.0,0.0,0.0,0.0,0.0172594820011393,0.0,0.0,0.5397476134539679,0.0,0.0,0.0,0.0,0.460252386546032,0.0,0.0,15.861227018467304,0.855514665722582,1.0,0.0,0.0,0.0,0.0,2.786396705289953,0.0,0.0,17.121140165384258,1157.0541060432145,17.08052563899556,302.7106577576344,6.509407158415541
15,220.0,14.84121755839298,0.95,0.0,0.0,0.0,0.0,0.05,0.0,0.0,299.18,81.24,0.7353432716090648,0.1826836233184758,24.789633367188944,6.882464911356211,1149.0108185011954,33.66452615514622,0.9773075358217728,0.0,0.0,0.0,0.0,0.0226924641782272,0.0,0.0,0.4757444362959425,0.0,0.0,0.0,0.0,0.5242555637040576,0.0,0.0,15.477498053129835,0.8710305725452429,1.0,0.0,0.0,0.0,0.0,2.740101346528867,0.0,0.0,17.121140165384258,1157.0541060432145,17.08052563899556,302.7106577576344,6.509407158415541
15,220.0,16.830880720152173,0.95,0.0,0.0,0.0,0.0,0.05,0.0,0.0,299.18,81.24,0.7353432716090648,0.2071747996079785,24.789633367188944,6.882464911356211,1147.0471537210044,37.76023106073862,0.9718653010296032,0.0,0.0,0.0,0.0,0.0281346989703968,0.0,0.0,0.4268713353520914,0.0,0.0,0.0,0.0,0.5731286646479085,0.0,0.0,15.099147257725669,0.8866902297588972,1.0,0.0,0.0,0.0,0.0,2.695034795610006,0.0,0.0,17.121140165384258,1157.0541060432145,17.08052563899556,302.7106577576344,6.509407158415541
15,220.0,18.82054388191136,0.95,0.0,0.0,0.0,0.0,0.05,0.0,0.0,299.18,81.24,0.7353432716090648,0.231665975897481,24.789633367188944,6.882464911356211,1145.0662894580018,41.91105332705788,0.966413621105621,0.0,0.0,0.0,0.0,0.033586378894379,0.0,0.0,0.3883836706717791,0.0,0.0,0.0,0.0,0.611616329328221,0.0,0.0,14.726109506800729,0.9024949629311578,1.0,0.0,0.0,0.0,0.0,2.6511954764467944,0.0,0.0,17.121140165384258,1157.0541060432145,17.08052563899556,302.7106577576344,6.509407158415541
15,220.0,20.81020704367056,0.95,0.0,0.0,0.0,0.0,0.05,0.0,0.0,299.18,81.24,0.7353432716090648,0.2561571521869837,24.789633367188944,6.882464911356211,1143.0679270585354,46.11858458432478,0.9609523260190692,0.0,0.0,0.0,0.0,0.0390476739809307,0.0,0.0,0.3573348863119213,0.0,0.0,0.0,0.0,0.6426651136880787,0.0,0.0,14.3583204589237,0.9184373165567962,1.0,0.0,0.0,0.0,0.0,2.6086022132335995,0.0,0.0,17.121140165384258,1157.0541060432145,17.08052563899556,302.7106577576344,6.509407158415541
15,220.0,22.799870205429748,0.95,0.0,0.0,0.0,0.0,0.05,0.0,0.0,299.18,81.24,0.7353432716090648,0.2806483284764863,24.789633367188944,6.882464911356211,1141.0517683110077,50.38450159634191,0.9554812595017712,0.0,0.0,0.0,0.0,0.0445187404982286,0.0,0.0,0.3317986322374715,0.0,0.0,0.0,0.0,0.6682013677625286,0.0,0.0,13.995718597096348,0.9345668777392276,1.0,0.0,0.0,0.0,0.0,2.567143630156877,0.0,0.0,17.121140165384258,1157.0541060432145,17.08052563899556,302.7106577576344,6.509407158415541
15,220.0,24.789533367188945,0.95,0.0,0.0,0.0,0.0,0.05,0.0,0.0,299.18,81.24,0.7353432716090648,0.305139504765989,24.789633367188944,6.882464911356211,1139.0175139103037,54.710566178307815,0.9500002754576626,0.0,0.0,0.0,0.0,0.0499997245423374,0.0,0.0,0.3104625343355922,0.0,0.0,0.0,0.0,0.6895374656644078,0.0,0.0,13.63824484480891,0.9508815403524752,1.0000000000481972,0.0,0.0,0.0,0.0,2.5267916353905777,0.0,0.0,17.121140165384258,1157.0541060432145,17.08052563899556,302.7106577576344,6.509407158415541
15,225.0,8.408905132750046,0.95,0.0,0.0,0.0,0.0,0.05,0.0,0.0,299.18,81.24,0.752055618691089,0.103506956336165,26.657804872047155,8.408805132750047,1139.2125724061789,21.58038965706491,0.9987746486070004,0.0,0.0,0.0,0.0,0.0012253513929997,0.0,0.0,0.9499897567190144,0.0,0.0,0.0,0.0,0.0500102432809856,0.0,0.0,15.727745361493144,0.8478669484919039,1.0,0.0,0.0,0.0,0.0,2.704030435780497,0.0,0.0,15.813326197117547,1139.6555629264626,20.687604017864448,302.7106577576344,7.946729358776584
15,225.0,10.436549548227504,0.95,0.0,0.0,0.0,0.0,0.05,0.0,0.0,299.18,81.24,0.752055618691089,0.1284656517507078,26.657804872047155,8.408805132750047,1137.2589751531402,25.527552687815167,0.9933937826553152,0.0,0.0,0.0,0.0,0.0066062173446848,0.0,0.0,0.7817233557651907,0.0,0.0,0.0,0.0,0.2182766442348092,0.0,0.0,15.355428989532534,0.8629995026393559,1.0,0.0,0.0,0.0,0.0,2.6612725358118454,0.0,0.0,15.813326197117547,1139.6555629264626,20.687604017864448,302.7106577576344,7.946729358776584
15,225.0,12.46419396370496,0.95,0.0,0.0,0.0,0.0,0.05,0.0,0.0,299.18,81.24,0.752055618691089,0.1534243471652506,26.657804872047155,8.408805132750047,1135.28847155277,29.524915089275435,0.98800412504691,0.0,0.0,0.0,0.0,0.01199587495309,0.0,0.0,0.6672459709225262,0.0,0.0,0.0,0.0,0.3327540290774738,0.0,0.0,14.988152063157685,0.8782991343042525,1.0,0.0,0.0,0.0,0.0,2.619548115597699,0.0,0.0,15.813326197117547,1139.6555629264626,20.687604017864448,302.7106577576344,7.946729358776584
15,225.0,14.491838379182417,0.95,0.0,0.0,0.0,0.0,0.05,0.0,0.0,299.18,81.24,0.752055618691089,0.1783830425797934,26.657804872047155,8.408805132750047,1133.3006116239883,33.57362908284664,0.9826051656434884,0.0,0.0,0.0,0.0,0.0173948343565115,0.0,0.0,0.5844188934490653,0.0,0.0,0.0,0.0,0.4155811065509346,0.0,0.0,14.625841603548336,0.8937241693436783,1.0,0.0,0.0,0.0,0.0,2.578845056648847,0.0,0.0,15.813326197117547,1139.6555629264626,20.687604017864448,302.7106577576344,7.946729358776584
15,225.0,16.519482794659872,0.95,0.0,0.0,0.0,0.0,0.05,0.0,0.0,299.18,81.24,0.752055618691089,0.2033417379943362,26.657804872047155,8.408805132750047,1131.2950110327918,37.674990325930544,0.977196558081976,0.0,0.0,0.0,0.0,0.0228034419180239,0.0,0.0,0.5217869917839264,0.0,0.0,0.0,0.0,0.4782130082160737,0.0,0.0,14.268435611914276,0.9093204915845036,1.0,0.0,0.0,0.0,0.0,2.5391635478220658,0.0,0.0,15.813326197117547,1139.6555629264626,20.687604017864448,302.7106577576344,7.946729358776584
15,225.0,18.54712721013733,0.95,0.0,0.0,0.0,0.0,0.05,0.0,0.0,299.18,81.24,0.752055618691089,0.228300433408879,26.657804872047155,8.408805132750047,1129.2713117993092,41.83040782231705,0.9717780301802618,0.0,0.0,0.0,0.0,0.0282219698197382,0.0,0.0,0.4728296055998685,0.0,0.0,0.0,0.0,0.5271703944001316,0.0,0.0,13.91587800350256,0.9250756071979184,1.0,0.0,0.0,0.0,0.0,2.500525078429677,0.0,0.0,15.813326197117547,1139.6555629264626,20.687604017864448,302.7106577576344,7.946729358776584
15,225.0,20.574771625614787,0.95,0.0,0.0,0.0,0.0,0.05,0.0,0.0,299.18,81.24,0.752055618691089,0.2532591288234218,26.657804872047155,8.408805132750047,1127.2291654153696,46.04138698429695,0.9663493457365996,0.0,0.0,0.0,0.0,0.0336506542634005,0.0,0.0,0.4335624879206435,0.0,0.0,0.0,0.0,0.5664375120793566,0.0,0.0,13.56811893334173,0.9410119614904516,1.0,0.0,0.0,0.0,0.0,2.462841416542767,0.0,0.0,15.813326197117547,1139.6555629264626,20.687604017864448,302.7106577576344,7.946729358776584
15,225.0,22.60241604109224,0.95,0.0,0.0,0.0,0.0,0.05,0.0,0.0,299.18,81.24,0.752055618691089,0.2782178242379646,26.657804872047155,8.408805132750047,1125.1682266152109,50.30952195703232,0.960910290415058,0.0,0.0,0.0,0.0,0.0390897095849419,0.0,0.0,0.4014141538403271,0.0,0.0,0.0,0.0,0.5985858461596729,0.0,0.0,13.22510841182526,0.9571528453284984,1.0,0.0,0.0,0.0,0.0,2.426092556295303,0.0,0.0,15.813326197117547,1139.6555629264626,20.687604017864448,302.7106577576344,7.946729358776584
15,225.0,24.630060456569694,0.95,0.0,0.0,0.0,0.0,0.05,0.0,0.0,299.18,81.24,0.752055618691089,0.3031765196525073,26.657804872047155,8.408805132750047,1123.0881492341937,54.63649250156587,0.955460662588766,0.0,0.0,0.0,0.0,0.0445393374112339,0.0,0.0,0.3746508747875989,0.0,0.0,0.0,0.0,0.625349125212401,0.0,0.0,12.886799306012406,0.973487540638776,1.0,0.0,0.0,0.0,0.0,2.390257008031502,0.0,0.0,15.813326197117547,1139.6555629264626,20.687604017864448,302.7106577576344,7.946729358776584
15,225.0,26.657704872047155,0.95,0.0,0.0,0.0,0.0,0.05,0.0,0.0,299.18,81.24,0.752055618691089,0.3281352150670502,26.657804872047155,8.408805132750047,1120.9885843430304,59.02406387303863,0.9500002692987608,0.0,0.0,0.0,0.0,0.049999730701239,0.0,0.0,0.3520613514850707,0.0,0.0,0.0,0.0,0.6479386485149292,0.0,0.0,12.55314689154911,0.990049031198044,1.0,0.0,0.0,0.0,0.0,2.3553122660485784,0.0,0.0,15.813326197117547,1139.6555629264626,20.687604017864448,302.7106577576344,7.946729358776584
15,230.0,10.179450037846042,0.95,0.0,0.0,0.0,0.0,0.05,0.0,0.0,299.18,81.24,0.7687679657731131,0.1253009605840231,28.678520203607828,10.179350037846042,1121.0732376580315,25.974218370569787,0.9985230503414612,0.0,0.0,0.0,0.0,0.0014769496585388,0.0,0.0,0.9499916722232686,0.0,0.0,0.0,0.0,0.0500083277767314,0.0,0.0,14.429293743283068,0.8896267019871552,1.0,0.0,0.0,0.0,0.0,2.497932210650247,0.0,0.0,14.52556748614066,1121.6270137216943,24.87830228106012,302.7106577576344,9.61137473881863
15,230.0,12.23489116737513,0.95,0.0,0.0,0.0,0.0,0.05,0.0,0.0,299.18,81.24,0.7687679657731131,0.1506018115137263,28.678520203607828,10.179350037846042,1119.058209123636,29.9712598348892,0.9931733426530402,0.0,0.0,0.0,0.0,0.0068266573469597,0.0,0.0,0.8068207900143284,0.0,0.0,0.0,0.0,0.1931792099856716,0.0,0.0,14.083880189921288,0.904863051990936,1.0,0.0,0.0,0.0,0.0,2.4613767118625014,0.0,0.0,14.52556748614066,1121.6270137216943,24.87830228106012,302.7106577576344,9.61137473881863
15,230.0,14.290332296904218,0.95,0.0,0.0,0.0,0.0,0.05,0.0,0.0,299.18,81.24,0.7687679657731131,0.1759026624434295,28.678520203607828,10.179350037846042,1117.0249964000973,34.01886154560237,0.9878141118335008,0.0,0.0,0.0,0.0,0.0121858881664993,0.0,0.0,0.7039897128652652,0.0,0.0,0.0,0.0,0.2960102871347347,0.0,0.0,13.742993377822089,0.920247050586837,1.0,0.0,0.0,0.0,0.0,2.4257153959347506,0.0,0.0,14.52556748614066,1121.6270137216943,24.87830228106012,302.7106577576344,9.61137473881863
15,230.0,16.345773426433304,0.95,0.0,0.0,0.0,0.0,0.05,0.0,0.0,299.18,81.24,0.7687679657731131,0.2012035133731327,28.678520203607828,10.179350037846042,1114.973112767368,38.11822373779673,0.9824448441997496,0.0,0.0,0.0,0.0,0.0175551558002504,0.0,0.0,0.6266451165956816,0.0,0.0,0.0,0.0,0.3733548834043183,0.0,0.0,13.406575608856528,0.9358285094088152,1.0,0.0,0.0,0.0,0.0,2.39086558063735,0.0,0.0,14.52556748614066,1121.6270137216943,24.87830228106012,302.7106577576344,9.61137473881863
15,230.0,18.40121455596239,0.95,0.0,0.0,0.0,0.0,0.05,0.0,0.0,299.18,81.24,0.7687679657731131,0.2265043643028359,28.678520203607828,10.179350037846042,1112.9021248346926,42.27066769896782,0.9770651581261688,0.0,0.0,0.0,0.0,0.0229348418738311,0.0,0.0,0.5664290953084282,0.0,0.0,0.0,0.0,0.4335709046915716,0.0,0.0,13.074577061251125,0.95158621888856,1.0,0.0,0.0,0.0,0.0,2.356814264811724,0.0,0.0,14.52556748614066,1121.6270137216943,24.87830228106012,302.7106577576344,9.61137473881863
15,230.0,20.45665568549148,0.95,0.0,0.0,0.0,0.0,0.05,0.0,0.0,299.18,81.24,0.7687679657731131,0.2518052152325392,28.678520203607828,10.179350037846042,1110.8116212441337,46.47761928151668,0.9716747361449009,0.0,0.0,0.0,0.0,0.028325263855099,0.0,0.0,0.5182797320727739,0.0,0.0,0.0,0.0,0.481720267927226,0.0,0.0,12.74695423013595,0.9675688609067992,1.0,0.0,0.0,0.0,0.0,2.3235469547026693,0.0,0.0,14.52556748614066,1121.6270137216943,24.87830228106012,302.7106577576344,9.61137473881863
15,230.0,22.512096815020566,0.95,0.0,0.0,0.0,0.0,0.05,0.0,0.0,299.18,81.24,0.7687679657731131,0.2771060661622423,28.678520203607828,10.179350037846042,1108.7011994041072,50.74059839488172,0.9662732962678742,0.0,0.0,0.0,0.0,0.0337267037321257,0.0,0.0,0.4789527204880496,0.0,0.0,0.0,0.0,0.5210472795119503,0.0,0.0,12.42366494549676,0.9837490592415058,1.0,0.0,0.0,0.0,0.0,2.2910478361870417,0.0,0.0,14.52556748614066,1121.6270137216943,24.87830228106012,302.7106577576344,9.61137473881863
15,230.0,24.567537944549656,0.95,0.0,0.0,0.0,0.0,0.05,0.0,0.0,299.18,81.24,0.7687679657731131,0.3024069170919455,28.678520203607828,10.179350037846042,1106.5704559019737,55.061212916194926,0.9608605718882138,0.0,0.0,0.0,0.0,0.0391394281117862,0.0,0.0,0.4462730219258559,0.0,0.0,0.0,0.0,0.5537269780741442,0.0,0.0,12.10467542821159,1.0001668290702697,1.0,0.0,0.0,0.0,0.0,2.2593000592674417,0.0,0.0,14.52556748614066,1121.6270137216943,24.87830228106012,302.7106577576344,9.61137473881863
15,230.0,26.622979074078746,0.95,0.0,0.0,0.0,0.0,0.05,0.0,0.0,299.18,81.24,0.7687679657731131,0.3277077680216487,28.678520203607828,10.179350037846042,1104.4189858496898,59.44115752727008,0.95543631027618,0.0,0.0,0.0,0.0,0.0445636897238199,0.0,0.0,0.4187280944100324,0.0,0.0,0.0,0.0,0.5812719055899674,0.0,0.0,11.78994838781066,1.0168314040925217,1.0,0.0,0.0,0.0,0.0,2.2282860937668243,0.0,0.0,14.52556748614066,1121.6270137216943,24.87830228106012,302.7106577576344,9.61137473881863
15,230.0,28.67842020360783,0.95,0.0,0.0,0.0,0.0,0.05,0.0,0.0,299.18,81.24,0.7687679657731131,0.3530086189513519,28.678520203607828,10.179350037846042,1102.2463788578991,63.88221339956355,0.9500002644913552,0.0,0.0,0.0,0.0,0.0499997355086449,0.0,0.0,0.395233635448279,0.0,0.0,0.0,0.0,0.604766364551721,0.0,0.0,11.479450233822774,1.03375923101991,1.0,0.0,0.0,0.0,0.0,2.197987946324869,0.0,0.0,14.52556748614066,1121.6270137216943,24.87830228106012,302.7106577576344,9.61137473881863
15,235.0,12.218714766607333,0.95,0.0,0.0,0.0,0.0,0.05,0.0,0.0,299.18,81.24,0.7854803128551373,0.1504026928435171,30.8733631927149,12.218614766607333,1102.1761290721388,31.071581110370232,0.9982245568140594,0.0,0.0,0.0,0.0,0.0017754431859406,0.0,0.0,0.9499931843328568,0.0,0.0,0.0,0.0,0.0500068156671433,0.0,0.0,13.151054914416966,0.9356756773552568,1.0,0.0,0.0,0.0,0.0,2.31203368418419,0.0,0.0,13.258875583506692,1102.8688895247462,29.73094022392497,302.7106577576344,11.525181126674264
15,235.0,14.291442369508172,0.95,0.0,0.0,0.0,0.0,0.05,0.0,0.0,299.18,81.24,0.7854803128551373,0.1759163265572153,30.8733631927149,12.218614766607333,1100.092884369261,35.11168185649194,0.992911795811424,0.0,0.0,0.0,0.0,0.007088204188576,0.0,0.0,0.828604842002981,0.0,0.0,0.0,0.0,0.1713951579970191,0.0,0.0,12.83156578366926,0.9510965833237548,1.0,0.0,0.0,0.0,0.0,2.280772239352665,0.0,0.0,13.258875583506692,1102.8688895247462,29.73094022392497,302.7106577576344,11.525181126674264
15,235.0,16.364169972409016,0.95,0.0,0.0,0.0,0.0,0.05,0.0,0.0,299.18,81.24,0.7854803128551373,0.2014299602709135,30.8733631927149,12.218614766607333,1097.989950985934,39.20274465518752,0.9875886405994536,0.0,0.0,0.0,0.0,0.0124113594005465,0.0,0.0,0.7372430605452823,0.0,0.0,0.0,0.0,0.2627569394547177,0.0,0.0,12.51614434451102,0.9666990799698368,1.0,0.0,0.0,0.0,0.0,2.250176291837659,0.0,0.0,13.258875583506692,1102.8688895247462,29.73094022392497,302.7106577576344,11.525181126674264
15,235.0,18.436897575309857,0.95,0.0,0.0,0.0,0.0,0.05,0.0,0.0,299.18,81.24,0.7854803128551373,0.2269435939846117,30.8733631927149,12.218614766607333,1095.8667979585168,43.34602842914994,0.982254572541294,0.0,0.0,0.0,0.0,0.0177454274587061,0.0,0.0,0.6660747078379473,0.0,0.0,0.0,0.0,0.3339252921620526,0.0,0.0,12.204746352535231,0.982553254801062,1.0,0.0,0.0,0.0,0.0,2.220234084994626,0.0,0.0,13.258875583506692,1102.8688895247462,29.73094022392497,302.7106577576344,11.525181126674264
15,235.0,20.509625178210698,0.95,0.0,0.0,0.0,0.0,0.05,0.0,0.0,299.18,81.24,0.7854803128551373,0.2524572276983099,30.8733631927149,12.218614766607333,1093.7229346134602,47.54289560777514,0.9769091747765712,0.0,0.0,0.0,0.0,0.0230908252234287,0.0,0.0,0.6091385090995158,0.0,0.0,0.0,0.0,0.3908614909004841,0.0,0.0,11.8973319725304,0.998614026600312,1.0,0.0,0.0,0.0,0.0,2.190933779347424,0.0,0.0,13.258875583506692,1102.8688895247462,29.73094022392497,302.7106577576344,11.525181126674264
15,235.0,22.58235278111154,0.95,0.0,0.0,0.0,0.0,0.05,0.0,0.0,299.18,81.24,0.7854803128551373,0.2779708614120081,30.8733631927149,12.218614766607333,1091.5578866344529,51.79480516826126,0.9715520830687384,0.0,0.0,0.0,0.0,0.0284479169312617,0.0,0.0,0.5626110256776526,0.0,0.0,0.0,0.0,0.4373889743223474,0.0,0.0,11.593867546967816,1.0149275727202287,1.0,0.0,0.0,0.0,0.0,2.162262207562588,0.0,0.0,13.258875583506692,1102.8688895247462,29.73094022392497,302.7106577576344,11.525181126674264
15,235.0,24.65508038401238,0.95,0.0,0.0,0.0,0.0,0.05,0.0,0.0,299.18,81.24,0.7854803128551373,0.3034844951257063,30.8733631927149,12.218614766607333,1089.3711850902791,56.103307595953375,0.9661829634298064,0.0,0.0,0.0,0.0,0.0338170365701936,0.0,0.0,0.5239276310499696,0.0,0.0,0.0,0.0,0.4760723689500303,0.0,0.0,11.294318836478812,1.0314868233583192,1.0,0.0,0.0,0.0,0.0,2.134206232616909,0.0,0.0,13.258875583506692,1102.8688895247462,29.73094022392497,302.7106577576344,11.525181126674264
15,235.0,26.72780798691322,0.95,0.0,0.0,0.0,0.0,0.05,0.0,0.0,299.18,81.24,0.7854803128551373,0.3289981288394045,30.8733631927149,12.218614766607333,1087.162356908918,60.47004089651372,0.960801493458133,0.0,0.0,0.0,0.0,0.0391985065418669,0.0,0.0,0.4913040906117562,0.0,0.0,0.0,0.0,0.5086959093882437,0.0,0.0,10.99866357782162,1.0483264733772069,1.0,0.0,0.0,0.0,0.0,2.1067518666388096,0.0,0.0,13.258875583506692,1102.8688895247462,29.73094022392497,302.7106577576344,11.525181126674264
15,235.0,28.80053558981406,0.95,0.0,0.0,0.0,0.0,0.05,0.0,0.0,299.18,81.24,0.7854803128551373,0.3545117625531027,30.8733631927149,12.218614766607333,1084.9309247344238,64.89673154051765,0.9554073620542076,0.0,0.0,0.0,0.0,0.0445926379457924,0.0,0.0,0.4634609294110889,0.0,0.0,0.0,0.0,0.536539070588911,0.0,0.0,10.706872675957252,1.065446749388334,1.0,0.0,0.0,0.0,0.0,2.079885116973773,0.0,0.0,13.258875583506692,1102.8688895247462,29.73094022392497,302.7106577576344,11.525181126674264
15,235.0,30.8732631927149,0.95,0.0,0.0,0.0,0.0,0.05,0.0,0.0,299.18,81.24,0.7854803128551373,0.3800253962668009,30.8733631927149,12.218614766607333,1082.6764023442556,69.38519440207071,0.9500002609100564,0.0,0.0,0.0,0.0,0.0499997390899434,0.0,0.0,0.4394568499052414,0.0,0.0,0.0,0.0,0.5605431500947587,0.0,0.0,10.418921894789476,1.0828848654677907,1.0,0.0,0.0,0.0,0.0,2.053591606566834,0.0,0.0,13.258875583506692,1102.8688895247462,29.73094022392497,302.7106577576344,11.525181126674264
15,240.0,14.55247851141658,0.95,0.0,0.0,0.0,0.0,0.05,0.0,0.0,299.18,81.24,0.8021926599371616,0.1791294745373779,33.2646262088608,14.55237851141658,1082.3956561820394,36.97397529983165,0.9978700242219398,0.0,0.0,0.0,0.0,0.0021299757780602,0.0,0.0,0.9499943895063324,0.0,0.0,0.0,0.0,0.0500056104936676,0.0,0.0,11.8942533228956,0.9868596137420768,1.0,0.0,0.0,0.0,0.0,2.143861408782917,0.0,0.0,12.014498351825988,1083.263844328595,35.3375257790447,302.7106577576344,13.710780754884407
15,240.0,16.631594922243714,0.95,0.0,0.0,0.0,0.0,0.05,0.0,0.0,299.18,81.24,0.8021926599371616,0.2047217494121579,33.2646262088608,14.55237851141658,1080.2363849056485,41.05169644336481,0.9926010221422232,0.0,0.0,0.0,0.0,0.0073989778577768,0.0,0.0,0.8474500420708695,0.0,0.0,0.0,0.0,0.1525499579291304,0.0,0.0,11.599825674505755,1.0026083845815197,1.0,0.0,0.0,0.0,0.0,2.1170652597319544,0.0,0.0,12.014498351825988,1083.263844328595,35.3375257790447,302.7106577576344,13.710780754884407
15,240.0,18.71071133307085,0.95,0.0,0.0,0.0,0.0,0.05,0.0,0.0,299.18,81.24,0.8021926599371616,0.2303140242869381,33.2646262088608,14.55237851141658,1078.0556508187124,45.180896453224285,0.9873206173662986,0.0,0.0,0.0,0.0,0.0126793826337012,0.0,0.0,0.7670950878523839,0.0,0.0,0.0,0.0,0.232904912147616,0.0,0.0,11.309055361835592,1.018600588014804,1.0,0.0,0.0,0.0,0.0,2.09080246446025,0.0,0.0,12.014498351825988,1083.263844328595,35.3375257790447,302.7106577576344,13.710780754884407
15,240.0,20.789827743897987,0.95,0.0,0.0,0.0,0.0,0.05,0.0,0.0,299.18,81.24,0.8021926599371616,0.2559062991617182,33.2646262088608,14.55237851141658,1075.852867957533,49.36290547314858,0.9820282819158797,0.0,0.0,0.0,0.0,0.0179717180841204,0.0,0.0,0.7025029164553338,0.0,0.0,0.0,0.0,0.2974970835446662,0.0,0.0,11.021905379767938,1.0348353208740306,1.0,0.0,0.0,0.0,0.0,2.065062436214216,0.0,0.0,12.014498351825988,1083.263844328595,35.3375257790447,302.7106577576344,13.710780754884407
15,240.0,22.86894415472512,0.95,0.0,0.0,0.0,0.0,0.05,0.0,0.0,299.18,81.24,0.8021926599371616,0.2814985740364983,33.2646262088608,14.55237851141658,1073.627477223437,53.59914460124123,0.976723561798895,0.0,0.0,0.0,0.0,0.023276438201105,0.0,0.0,0.6495113049404186,0.0,0.0,0.0,0.0,0.3504886950595814,0.0,0.0,10.738346219106884,1.051357885875747,1.0,0.0,0.0,0.0,0.0,2.0398345396654483,0.0,0.0,12.014498351825988,1083.263844328595,35.3375257790447,302.7106577576344,13.710780754884407
15,240.0,24.94806056555225,0.95,0.0,0.0,0.0,0.0,0.05,0.0,0.0,299.18,81.24,0.8021926599371616,0.3070908489112783,33.2646262088608,14.55237851141658,1071.378929255198,57.891125998749466,0.9714060439139768,0.0,0.0,0.0,0.0,0.0285939560860232,0.0,0.0,0.6053065009631817,0.0,0.0,0.0,0.0,0.3946934990368183,0.0,0.0,10.458348786854776,1.068153466122756,1.0,0.0,0.0,0.0,0.0,2.0151079857646983,0.0,0.0,12.014498351825988,1083.263844328595,35.3375257790447,302.7106577576344,13.710780754884407
15,240.0,27.02717697637939,0.95,0.0,0.0,0.0,0.0,0.05,0.0,0.0,299.18,81.24,0.8021926599371616,0.3326831237860585,33.2646262088608,14.55237851141658,1069.1066730374512,62.24045028343591,0.9660753346785552,0.0,0.0,0.0,0.0,0.0339246653214449,0.0,0.0,0.5679183747052194,0.0,0.0,0.0,0.0,0.4320816252947806,0.0,0.0,10.181895278298525,1.0852531070347688,1.0,0.0,0.0,0.0,0.0,1.9908717542462333,0.0,0.0,12.014498351825988,1083.263844328595,35.3375257790447,302.7106577576344,13.710780754884407
15,240.0,29.106293387206527,0.95,0.0,0.0,0.0,0.0,0.05,0.0,0.0,299.18,81.24,0.8021926599371616,0.3582753986608386,33.2646262088608,14.55237851141658,1066.810151828139,66.64880798999157,0.9607310525719772,0.0,0.0,0.0,0.0,0.0392689474280227,0.0,0.0,0.5359265614379756,0.0,0.0,0.0,0.0,0.4640734385620244,0.0,0.0,9.90896327994414,1.102675472524613,1.0,0.0,0.0,0.0,0.0,1.967114646287313,0.0,0.0,12.014498351825988,1083.263844328595,35.3375257790447,302.7106577576344,13.710780754884407
15,240.0,31.18540979803366,0.95,0.0,0.0,0.0,0.0,0.05,0.0,0.0,299.18,81.24,0.8021926599371616,0.3838676735356187,33.2646262088608,14.55237851141658,1064.4887984109307,71.11797949191093,0.9553728198415772,0.0,0.0,0.0,0.0,0.0446271801584227,0.0,0.0,0.5082813542678366,0.0,0.0,0.0,0.0,0.4917186457321635,0.0,0.0,9.639533717122086,1.1204267171261109,1.0,0.0,0.0,0.0,0.0,1.943825517873132,0.0,0.0,12.014498351825988,1083.263844328595,35.3375257790447,302.7106577576344,13.710780754884407
15,240.0,33.264526208860794,0.95,0.0,0.0,0.0,0.0,0.05,0.0,0.0,299.18,81.24,0.8021926599371616,0.4094599484103988,33.2646262088608,14.55237851141658,1062.1420325718173,75.6498371028729,0.9500002584694148,0.0,0.0,0.0,0.0,0.049999741530585,0.0,0.0,0.4841903377675985,0.0,0.0,0.0,0.0,0.5158096622324014,0.0,0.0,9.373589724211795,1.1385407579566702,1.0,0.0,0.0,0.0,0.0,1.9209931170986905,0.0,0.0,12.014498351825988,1083.263844328595,35.3375257790447,302.7106577576344,13.710780754884407
15,245.0,17.207960905026322,0.95,0.0,0.0,0.0,0.0,0.05,0.0,0.0,299.18,81.24,0.8189050070191858,0.2118163577674338,35.87508543765299,17.207860905026322,1061.579762103809,43.80396125389262,0.9974480037711052,0.0,0.0,0.0,0.0,0.0025519962288947,0.0,0.0,0.9499953587565604,0.0,0.0,0.0,0.0,0.0500046412434394,0.0,0.0,10.66039608595101,1.0443569950101186,1.0,0.0,0.0,0.0,0.0,1.9914582549663968,0.0,0.0,10.793959502416731,1062.6711211462375,41.80803719266337,302.7106577576344,16.191644196077288
15,245.0,19.28207474198484,0.95,0.0,0.0,0.0,0.0,0.05,0.0,0.0,299.18,81.24,0.8189050070191858,0.2373470549234963,35.87508543765299,17.207860905026322,1059.3353679773818,47.915323081654186,0.992230883999684,0.0,0.0,0.0,0.0,0.0077691160003159,0.0,0.0,0.8637178052904495,0.0,0.0,0.0,0.0,0.1362821947095506,0.0,0.0,10.39028544096342,1.060608282317873,1.0,0.0,0.0,0.0,0.0,1.968480796648634,0.0,0.0,10.793959502416731,1062.6711211462375,41.80803719266337,302.7106577576344,16.191644196077288
15,245.0,21.35618857894336,0.95,0.0,0.0,0.0,0.0,0.05,0.0,0.0,299.18,81.24,0.8189050070191858,0.2628777520795589,35.87508543765299,17.207860905026322,1057.0674085432024,52.07888005757721,0.9870012117539858,0.0,0.0,0.0,0.0,0.0129987882460141,0.0,0.0,0.7937194076837074,0.0,0.0,0.0,0.0,0.2062805923162925,0.0,0.0,10.123458676531026,1.0771334513994966,1.0,0.0,0.0,0.0,0.0,1.9459241966103968,0.0,0.0,10.793959502416731,1062.6711211462375,41.80803719266337,302.7106577576344,16.191644196077288
15,245.0,23.43030241590188,0.95,0.0,0.0,0.0,0.0,0.05,0.0,0.0,299.18,81.24,0.8189050070191858,0.2884084492356213,35.87508543765299,17.207860905026322,1054.7752274731365,56.29604839844446,0.9817584417767228,0.0,0.0,0.0,0.0,0.0182415582232774,0.0,0.0,0.7358535353870661,0.0,0.0,0.0,0.0,0.2641464646129338,0.0,0.0,9.85988818469214,1.093966661892234,1.0,0.0,0.0,0.0,0.0,1.9237801877914975,0.0,0.0,10.793959502416731,1062.6711211462375,41.80803719266337,302.7106577576344,16.191644196077288
15,245.0,25.504416252860395,0.95,0.0,0.0,0.0,0.0,0.05,0.0,0.0,299.18,81.24,0.8189050070191858,0.3139391463916838,35.87508543765299,17.207860905026322,1052.4581818791494,60.56832860678311,0.9765020785119224,0.0,0.0,0.0,0.0,0.0234979214880774,0.0,0.0,0.6872729686410308,0.0,0.0,0.0,0.0,0.3127270313589691,0.0,0.0,9.599552392213983,1.1111126319660742,1.0,0.0,0.0,0.0,0.0,1.9020402448408729,0.0,0.0,10.793959502416731,1062.6711211462375,41.80803719266337,302.7106577576344,16.191644196077288
15,245.0,27.57853008981892,0.95,0.0,0.0,0.0,0.0,0.05,0.0,0.0,299.18,81.24,0.8189050070191858,0.3394698435477464,35.87508543765299,17.207860905026322,1050.1156300964517,64.89730961782966,0.9712316542436004,0.0,0.0,0.0,0.0,0.0287683457563997,0.0,0.0,0.6459583461463809,0.0,0.0,0.0,0.0,0.3540416538536191,0.0,0.0,9.342427631918785,1.1285866113890486,1.0,0.0,0.0,0.0,0.0,1.8806959557462248,0.0,0.0,10.793959502416731,1062.6711211462375,41.80803719266337,302.7106577576344,16.191644196077288
15,245.0,29.652643926777436,0.95,0.0,0.0,0.0,0.0,0.05,0.0,0.0,299.18,81.24,0.8189050070191858,0.3650005407038089,35.87508543765299,17.207860905026322,1047.7469217295477,69.28466829930622,0.9659467120305096,0.0,0.0,0.0,0.0,0.0340532879694904,0.0,0.0,0.610437901071313,0.0,0.0,0.0,0.0,0.3895620989286871,0.0,0.0,9.088504822890794,1.1464297091000677,1.0,0.0,0.0,0.0,0.0,1.859745030750525,0.0,0.0,10.793959502416731,1062.6711211462375,41.80803719266337,302.7106577576344,16.191644196077288
15,245.0,31.726757763735957,0.95,0.0,0.0,0.0,0.0,0.05,0.0,0.0,299.18,81.24,0.8189050070191858,0.3905312378598714,35.87508543765299,17.207860905026322,1045.351394722356,73.73217439735548,0.9606468010279268,0.0,0.0,0.0,0.0,0.0393531989720731,0.0,0.0,0.5796138759338267,0.0,0.0,0.0,0.0,0.4203861240661732,0.0,0.0,8.837767018377718,1.1646268765411598,1.0,0.0,0.0,0.0,0.0,1.8391810604460903,0.0,0.0,10.793959502416731,1062.6711211462375,41.80803719266337,302.7106577576344,16.191644196077288
15,245.0,33.80087160069447,0.95,0.0,0.0,0.0,0.0,0.05,0.0,0.0,299.18,81.24,0.8189050070191858,0.4160619350159339,35.87508543765299,17.207860905026322,1042.9283703818278,78.24169138495668,0.9553314687037002,0.0,0.0,0.0,0.0,0.0446685312962997,0.0,0.0,0.5526509410926701,0.0,0.0,0.0,0.0,0.4473490589073299,0.0,0.0,8.59020158878013,1.1832169110577284,1.0,0.0,0.0,0.0,0.0,1.818986955653817,0.0,0.0,10.793959502416731,1062.6711211462375,41.80803719266337,302.7106577576344,16.191644196077288
15,245.0,35.87498543765299,0.95,0.0,0.0,0.0,0.0,0.05,0.0,0.0,299.18,81.24,0.8189050070191858,0.4415926321719964,35.87508543765299,17.207860905026322,1040.4771506714649,82.81517993223882,0.9500002571224456,0.0,0.0,0.0,0.0,0.0499997428775544,0.0,0.0,0.5289023277402604,0.0,0.0,0.0,0.0,0.4710976722597396,0.0,0.0,8.345797682511224,1.202228392627306,1.0,0.0,0.0,0.0,0.0,1.7991541911749638,0.0,0.0,10.793959502416731,1062.6711211462375,41.80803719266337,302.7106577576344,16.191644196077288
15,250.0,20.21408466876148,0.95,0.0,0.0,0.0,0.0,0.05,0.0,0.0,299.18,81.24,0.83561735410121,0.2488193583057789,38.72775337298162,20.21398466876148,1039.540502820758,51.71268095338476,0.9969439027865667,0.0,0.0,0.0,0.0,0.0030560972134331,0.0,0.0,0.949996144973598,0.0,0.0,0.0,0.0,0.050003855026402,0.0,0.0,9.451332047495033,1.109710503734138,1.0,0.0,0.0,0.0,0.0,1.8530094773039745,0.0,0.0,9.599114364051816,1040.9186176418627,49.27650279185157,302.7106577576344,18.99215487266697
15,250.0,22.27114785811927,0.95,0.0,0.0,0.0,0.0,0.05,0.0,0.0,299.18,81.24,0.83561735410121,0.2741401755061456,38.72775337298162,20.21398466876148,1037.2002482932394,55.85528214850196,0.9917884859813868,0.0,0.0,0.0,0.0,0.008211514018613,0.0,0.0,0.8777448674691296,0.0,0.0,0.0,0.0,0.1222551325308703,0.0,0.0,9.204910276140858,1.1266585207983149,1.0,0.0,0.0,0.0,0.0,1.833308924979019,0.0,0.0,9.599114364051816,1040.9186176418627,49.27650279185157,302.7106577576344,18.99215487266697
15,250.0,24.328211047477065,0.95,0.0,0.0,0.0,0.0,0.05,0.0,0.0,299.18,81.24,0.83561735410121,0.2994609927065123,38.72775337298162,20.21398466876148,1034.8339157801138,60.051093282592085,0.9866192138452116,0.0,0.0,0.0,0.0,0.0133807861547885,0.0,0.0,0.8173446865225202,0.0,0.0,0.0,0.0,0.1826553134774798,0.0,0.0,8.961432856107727,1.1439490501507883,1.0,0.0,0.0,0.0,0.0,1.813939174701534,0.0,0.0,9.599114364051816,1040.9186176418627,49.27650279185157,302.7106577576344,18.99215487266697
15,250.0,26.385274236834857,0.95,0.0,0.0,0.0,0.0,0.05,0.0,0.0,299.18,81.24,0.83561735410121,0.3247818099068791,38.72775337298162,20.21398466876148,1032.4407572694097,64.30163659738544,0.981435512738452,0.0,0.0,0.0,0.0,0.0185644872615481,0.0,0.0,0.7661559482416377,0.0,0.0,0.0,0.0,0.2338440517583623,0.0,0.0,8.720880447435084,1.1616000864685894,1.0,0.0,0.0,0.0,0.0,1.7948932829838613,0.0,0.0,9.599114364051816,1040.9186176418627,49.27650279185157,302.7106577576344,18.99215487266697
15,250.0,28.44233742619265,0.95,0.0,0.0,0.0,0.0,0.05,0.0,0.0,299.18,81.24,0.83561735410121,0.3501026271072459,38.72775337298162,20.21398466876148,1030.0200248204544,68.60851796945015,0.976236838254166,0.0,0.0,0.0,0.0,0.0237631617458342,0.0,0.0,0.7222701558635611,0.0,0.0,0.0,0.0,0.2777298441364388,0.0,0.0,8.483234840713523,1.179606339792529,1.0,0.0,0.0,0.0,0.0,1.776164483871456,0.0,0.0,9.599114364051816,1040.9186176418627,49.27650279185157,302.7106577576344,18.99215487266697
15,250.0,30.49940061555045,0.95,0.0,0.0,0.0,0.0,0.05,0.0,0.0,299.18,81.24,0.83561735410121,0.3754234443076126,38.72775337298162,20.21398466876148,1027.5709601811034,72.9734306094566,0.9710226585687186,0.0,0.0,0.0,0.0,0.0289773414312814,0.0,0.0,0.6842734793304365,0.0,0.0,0.0,0.0,0.3157265206695636,0.0,0.0,8.248487404574751,1.1980079532309114,1.0,0.0,0.0,0.0,0.0,1.7577493381045437,0.0,0.0,9.599114364051816,1040.9186176418627,49.27650279185157,302.7106577576344,18.99215487266697
15,250.0,32.55646380490824,0.95,0.0,0.0,0.0,0.0,0.05,0.0,0.0,299.18,81.24,0.83561735410121,0.4007442615079793,38.72775337298162,20.21398466876148,1025.0927892407556,77.39816136268188,0.9657924460583502,0.0,0.0,0.0,0.0,0.0342075539416497,0.0,0.0,0.6510964859930792,0.0,0.0,0.0,0.0,0.3489035140069209,0.0,0.0,8.016626382317705,1.2168298562362725,1.0,0.0,0.0,0.0,0.0,1.7396546123555314,0.0,0.0,9.599114364051816,1040.9186176418627,49.27650279185157,302.7106577576344,18.99215487266697
15,250.0,34.61352699426603,0.95,0.0,0.0,0.0,0.0,0.05,0.0,0.0,299.18,81.24,0.83561735410121,0.426065078708346,38.72775337298162,20.21398466876148,1022.5847167085824,81.88459343047955,0.960545669692804,0.0,0.0,0.0,0.0,0.0394543303071959,0.0,0.0,0.6219154409334682,0.0,0.0,0.0,0.0,0.3780845590665319,0.0,0.0,7.787643117415187,1.2360674328541876,1.0,0.0,0.0,0.0,0.0,1.7218562522415353,0.0,0.0,9.599114364051816,1040.9186176418627,49.27650279185157,302.7106577576344,18.99215487266697
15,250.0,36.67059018362383,0.95,0.0,0.0,0.0,0.0,0.05,0.0,0.0,299.18,81.24,0.83561735410121,0.4513858959087128,38.72775337298162,20.21398466876148,1020.045922459066,86.43471082745474,0.9552817903512668,0.0,0.0,0.0,0.0,0.0447182096487332,0.0,0.0,0.5960857167326803,0.0,0.0,0.0,0.0,0.4039142832673197,0.0,0.0,7.561530125609821,1.2557882737671933,1.0,0.0,0.0,0.0,0.0,1.704347206419689,0.0,0.0,9.599114364051816,1040.9186176418627,49.27650279185157,302.7106577576344,18.99215487266697
15,250.0,38.72765337298162,0.95,0.0,0.0,0.0,0.0,0.05,0.0,0.0,299.18,81.24,0.83561735410121,0.4767067131090796,38.72775337298162,20.21398466876148,1017.4755581836416,91.05060290085213,0.950000256862048,0.0,0.0,0.0,0.0,0.0499997431379518,0.0,0.0,0.5730957385056767,0.0,0.0,0.0,0.0,0.4269042614943232,0.0,0.0,7.338282060888759,1.2759725966157134,1.0,0.0,0.0,0.0,0.0,1.687121392632644,0.0,0.0,9.599114364051816,1040.9186176418627,49.27650279185157,302.7106577576344,18.99215487266697
15,255.0,23.60186283688487,0.95,0.0,0.0,0.0,0.0,0.05,0.0,0.0,299.18,81.24,0.8523297011832341,0.2905202220197547,41.84557272242807,23.60176283688487,1016.040111458018,60.89106173998505,0.9963387143664512,0.0,0.0,0.0,0.0,0.0036612856335487,0.0,0.0,0.9499967880021366,0.0,0.0,0.0,0.0,0.0500032119978634,0.0,0.0,8.269336549210298,1.1850554092714227,1.0,0.0,0.0,0.0,0.0,1.7269905430486676,0.0,0.0,8.432227805466914,1017.7913832278248,57.90987351738985,302.7106577576344,22.13772066860631
15,255.0,25.628930601945225,0.95,0.0,0.0,0.0,0.0,0.05,0.0,0.0,299.18,81.24,0.8523297011832341,0.3154718193247812,41.84557272242807,23.60176283688487,1013.5911218471484,65.06426369193704,0.9912570534264088,0.0,0.0,0.0,0.0,0.0087429465735911,0.0,0.0,0.8898375415593428,0.0,0.0,0.0,0.0,0.1101624584406571,0.0,0.0,8.046098219075558,1.2029892001898546,1.0,0.0,0.0,0.0,0.0,1.710117747011097,0.0,0.0,8.432227805466914,1017.7913832278248,57.90987351738985,302.7106577576344,22.13772066860631
15,255.0,27.65599836700558,0.95,0.0,0.0,0.0,0.0,0.05,0.0,0.0,299.18,81.24,0.8523297011832341,0.3404234166298077,41.84557272242807,23.60176283688487,1011.1130157252592,69.29211207328868,0.986160060467494,0.0,0.0,0.0,0.0,0.0138399395325061,0.0,0.0,0.8382308060684192,0.0,0.0,0.0,0.0,0.1617691939315808,0.0,0.0,7.825494455080652,1.2213206959898693,1.0,0.0,0.0,0.0,0.0,1.6935006955713108,0.0,0.0,8.432227805466914,1017.7913832278248,57.90987351738985,302.7106577576344,22.13772066860631
15,255.0,29.68306613206593,0.95,0.0,0.0,0.0,0.0,0.05,0.0,0.0,299.18,81.24,0.8523297011832341,0.3653750139348342,41.84557272242807,23.60176283688487,1008.6049235150732,73.57626264269533,0.9810471187088572,0.0,0.0,0.0,0.0,0.0189528812911426,0.0,0.0,0.7935212650821798,0.0,0.0,0.0,0.0,0.2064787349178202,0.0,0.0,7.607512901947329,1.2400534733182598,1.0,0.0,0.0,0.0,0.0,1.677134022598772,0.0,0.0,8.432227805466914,1017.7913832278248,57.90987351738985,302.7106577576344,22.13772066860631
15,255.0,31.71013389712629,0.95,0.0,0.0,0.0,0.0,0.05,0.0,0.0,299.18,81.24,0.8523297011832341,0.3903266112398608,41.84557272242807,23.60176283688487,1006.0659611933175,77.91845926731875,0.9759176224474048,0.0,0.0,0.0,0.0,0.024082377552595,0.0,0.0,0.7544563043542581,0.0,0.0,0.0,0.0,0.2455436956457418,0.0,0.0,7.392140410907921,1.2592384610766565,1.0,0.0,0.0,0.0,0.0,1.6610240417048965,0.0,0.0,8.432227805466914,1017.7913832278248,57.90987351738985,302.7106577576344,22.13772066860631
15,255.0,33.73720166218664,0.95,0.0,0.0,0.0,0.0,0.05,0.0,0.0,299.18,81.24,0.8523297011832341,0.4152782085448873,41.84557272242807,23.60176283688487,1003.4952216828784,82.32053776023612,0.9707709650782332,0.0,0.0,0.0,0.0,0.0292290349217668,0.0,0.0,0.7200707367251289,0.0,0.0,0.0,0.0,0.279929263274871,0.0,0.0,7.17937502166827,1.2788846504802167,1.0,0.0,0.0,0.0,0.0,1.6451654940260112,0.0,0.0,8.432227805466914,1017.7913832278248,57.90987351738985,302.7106577576344,22.13772066860631
15,255.0,35.764269427247,0.95,0.0,0.0,0.0,0.0,0.05,0.0,0.0,299.18,81.24,0.8523297011832341,0.4402298058499139,41.84557272242807,23.60176283688487,1000.8917706374208,86.78443536712817,0.9656065339527437,0.0,0.0,0.0,0.0,0.0343934660472564,0.0,0.0,0.6896090403782483,0.0,0.0,0.0,0.0,0.3103909596217516,0.0,0.0,6.969209445773601,1.2990028728767904,1.0,0.0,0.0,0.0,0.0,1.6295406455490025,0.0,0.0,8.432227805466914,1017.7913832278248,57.90987351738985,302.7106577576344,22.13772066860631
15,255.0,37.79133719230735,0.95,0.0,0.0,0.0,0.0,0.05,0.0,0.0,299.18,81.24,0.8523297011832341,0.4651814031549404,41.84557272242807,23.60176283688487,998.2546409727032,91.31219448044476,0.960423703786164,0.0,0.0,0.0,0.0,0.039576296213836,0.0,0.0,0.6624714718517872,0.0,0.0,0.0,0.0,0.3375285281482129,0.0,0.0,6.761639928925034,1.3196627435662138,1.0,0.0,0.0,0.0,0.0,1.6141445199001936,0.0,0.0,8.432227805466914,1017.7913832278248,57.90987351738985,302.7106577576344,22.13772066860631
15,255.0,39.8184049573677,0.95,0.0,0.0,0.0,0.0,0.05,0.0,0.0,299.18,81.24,0.8523297011832341,0.4901330004599668,41.84557272242807,23.60176283688487,995.582828939842,95.90596903709236,0.9552218325839203,0.0,0.0,0.0,0.0,0.0447781674160795,0.0,0.0,0.6381760073750979,0.0,0.0,0.0,0.0,0.3618239926249019,0.0,0.0,6.556663673913253,1.340847481103397,1.0,0.0,0.0,0.0,0.0,1.5989842811693118,0.0,0.0,8.432227805466914,1017.7913832278248,57.90987351738985,302.7106577576344,22.13772066860631
15,255.0,41.84547272242806,0.95,0.0,0.0,0.0,0.0,0.05,0.0,0.0,299.18,81.24,0.8523297011832341,0.5150845977649934,41.84557272242807,23.60176283688487,992.875290124222,100.56803073342331,0.9500002577271878,0.0,0.0,0.0,0.0,0.0499997422728121,0.0,0.0,0.616330916428266,0.0,0.0,0.0,0.0,0.3836690835717339,0.0,0.0,6.354279676577748,1.362619292261053,1.0,0.0,0.0,0.0,0.0,1.584053258483709,0.0,0.0,8.432227805466914,1017.7913832278248,57.90987351738985,302.7106577576344,22.13772066860631
15,260.0,27.404975832971367,0.95,0.0,0.0,0.0,0.0,0.05,0.0,0.0,299.18,81.24,0.8690420482652583,0.3373335282246599,45.250987390322535,27.404875832971367,990.7695949231456,71.58714833489154,0.9956070145148822,0.0,0.0,0.0,0.0,0.0043929854851177,0.0,0.0,0.9499973182006188,0.0,0.0,0.0,0.0,0.0500026817993812,0.0,0.0,7.117234019812248,1.2734643984827976,1.0,0.0,0.0,0.0,0.0,1.6120723422719647,0.0,0.0,7.296085655146154,993.0143761526203,67.92140682303575,302.7106577576344,25.654931900849267
15,260.0,29.387854894899277,0.95,0.0,0.0,0.0,0.0,0.05,0.0,0.0,299.18,81.24,0.8690420482652583,0.3617411976230831,45.250987390322535,27.404875832971367,988.1961498904908,75.79236342113319,0.9906141641888576,0.0,0.0,0.0,0.0,0.0093858358111425,0.0,0.0,0.9002700693357863,0.0,0.0,0.0,0.0,0.0997299306642136,0.0,0.0,6.916806760324874,1.2927207880869165,1.0,0.0,0.0,0.0,0.0,1.5976451772609717,0.0,0.0,7.296085655146154,993.0143761526203,67.92140682303575,302.7106577576344,25.654931900849267
15,260.0,31.37073395682718,0.95,0.0,0.0,0.0,0.0,0.05,0.0,0.0,299.18,81.24,0.8690420482652583,0.3861488670215064,45.250987390322535,27.404875832971367,985.5898564590984,80.0542449226876,0.9856042995017348,0.0,0.0,0.0,0.0,0.0143957004982651,0.0,0.0,0.8566510049973989,0.0,0.0,0.0,0.0,0.1433489950026012,0.0,0.0,6.71872979088532,1.3124606746650926,1.0,0.0,0.0,0.0,0.0,1.583418513758515,0.0,0.0,7.296085655146154,993.0143761526203,67.92140682303575,302.7106577576344,25.654931900849267
15,260.0,33.35361301875509,0.95,0.0,0.0,0.0,0.0,0.05,0.0,0.0,299.18,81.24,0.8690420482652583,0.4105565364199297,45.250987390322535,27.404875832971367,982.9496811030612,84.37462192847745,0.9805767416848687,0.0,0.0,0.0,0.0,0.0194232583151313,0.0,0.0,0.8181203079345639,0.0,0.0,0.0,0.0,0.1818796920654361,0.0,0.0,6.522994798198801,1.332687256282096,1.0,0.0,0.0,0.0,0.0,1.569400510149754,0.0,0.0,7.296085655146154,993.0143761526203,67.92140682303575,302.7106577576344,25.654931900849267
15,260.0,35.336492080682994,0.95,0.0,0.0,0.0,0.0,0.05,0.0,0.0,299.18,81.24,0.8690420482652583,0.434964205818353,45.250987390322535,27.404875832971367,980.2745582564546,88.75541914997869,0.9755308054054572,0.0,0.0,0.0,0.0,0.0244691945945429,0.0,0.0,0.7838745393836215,0.0,0.0,0.0,0.0,0.2161254606163785,0.0,0.0,6.329599893677466,1.3534400009787348,1.0,0.0,0.0,0.0,0.0,1.5555671662843402,0.0,0.0,7.296085655146154,993.0143761526203,67.92140682303575,302.7106577576344,25.654931900849267
15,260.0,37.319371142610905,0.95,0.0,0.0,0.0,0.0,0.05,0.0,0.0,299.18,81.24,0.8690420482652583,0.4593718752167763,45.250987390322535,27.404875832971367,977.5633846238478,93.1986672255339,0.9704657925518312,0.0,0.0,0.0,0.0,0.0295342074481687,0.0,0.0,0.7532723165920316,0.0,0.0,0.0,0.0,0.2467276834079682,0.0,0.0,6.138542264189536,1.3747590261168334,1.0,0.0,0.0,0.0,0.0,1.5419180697758073,0.0,0.0,7.296085655146154,993.0143761526203,67.92140682303575,302.7106577576344,25.654931900849267
15,260.0,39.30225020453881,0.95,0.0,0.0,0.0,0.0,0.05,0.0,0.0,299.18,81.24,0.8690420482652583,0.4837795446151995,45.250987390322535,27.404875832971367,974.8150133320707,97.7065091107006,0.9653809861969564,0.0,0.0,0.0,0.0,0.0346190138030435,0.0,0.0,0.7257955307626828,0.0,0.0,0.0,0.0,0.2742044692373173,0.0,0.0,5.949821107720189,1.3966571477583445,1.0,0.0,0.0,0.0,0.0,1.528467154692284,0.0,0.0,7.296085655146154,993.0143761526203,67.92140682303575,302.7106577576344,25.654931900849267
15,260.0,41.28512926646672,0.95,0.0,0.0,0.0,0.0,0.05,0.0,0.0,299.18,81.24,0.8690420482652583,0.5081872140136229,45.250987390322535,27.404875832971367,972.0282488685745,102.28120795545098,0.9602756459410028,0.0,0.0,0.0,0.0,0.0397243540589972,0.0,0.0,0.7010212036303142,0.0,0.0,0.0,0.0,0.2989787963696857,0.0,0.0,5.763434214688326,1.4191819324440964,1.0,0.0,0.0,0.0,0.0,1.51518933159714,0.0,0.0,7.296085655146154,993.0143761526203,67.92140682303575,302.7106577576344,25.654931900849267
15,260.0,43.26800832839463,0.95,0.0,0.0,0.0,0.0,0.05,0.0,0.0,299.18,81.24,0.8690420482652583,0.5325948834120462,45.250987390322535,27.404875832971367,969.2018421715296,106.92515518597958,0.9551490037595528,0.0,0.0,0.0,0.0,0.044850996240447,0.0,0.0,0.6786007170069263,0.0,0.0,0.0,0.0,0.3213992829930738,0.0,0.0,5.579389200399716,1.4423606694406284,1.0,0.0,0.0,0.0,0.0,1.5020888567549429,0.0,0.0,7.296085655146154,993.0143761526203,67.92140682303575,302.7106577576344,25.654931900849267
15,260.0,45.25088739032253,0.95,0.0,0.0,0.0,0.0,0.05,0.0,0.0,299.18,81.24,0.8690420482652583,0.5570025528104694,45.250987390322535,27.404875832971367,966.3344854518626,111.64087891243663,0.9500002598162064,0.0,0.0,0.0,0.0,0.0499997401837937,0.0,0.0,0.6582442574022987,0.0,0.0,0.0,0.0,0.3417557425977013,0.0,0.0,5.397687053435508,1.466229890842582,1.0,0.0,0.0,0.0,0.0,1.4891663953144574,0.0,0.0,7.296085655146154,993.0143761526203,67.92140682303575,302.7106577576344,25.654931900849267
15,265.0,31.66065617445835,0.95,0.0,0.0,0.0,0.0,0.05,0.0,0.0,299.18,81.24,0.8857543953472825,0.3897175796954499,48.96526861625701,31.66055617445835,963.3143466945104,84.13417038597271,0.9947136471600287,0.0,0.0,0.0,0.0,0.0052863528399711,0.0,0.0,0.9499977589833872,0.0,0.0,0.0,0.0,0.0500022410166127,0.0,0.0,5.998579849892279,1.3794523939568848,1.0,0.0,0.0,0.0,0.0,1.507066014681289,0.0,0.0,6.194157229336726,966.2255774553212,79.59167899763797,302.7106577576344,29.571779036695137
15,265.0,33.58337977910264,0.95,0.0,0.0,0.0,0.0,0.05,0.0,0.0,299.18,81.24,0.8857543953472825,0.4133847831007218,48.96526861625701,31.66055617445835,960.5968391072254,88.3753151672488,0.9898288205458958,0.0,0.0,0.0,0.0,0.0101711794541042,0.0,0.0,0.9092856991847548,0.0,0.0,0.0,0.0,0.0907143008152451,0.0,0.0,5.820740313221789,1.4005281757475452,1.0,0.0,0.0,0.0,0.0,1.4947867429770434,0.0,0.0,6.194157229336726,966.2255774553212,79.59167899763797,302.7106577576344,29.571779036695137
15,265.0,35.50610338374694,0.95,0.0,0.0,0.0,0.0,0.05,0.0,0.0,299.18,81.24,0.8857543953472825,0.4370519865059938,48.96526861625701,31.66055617445835,957.8418078238554,92.6759553686169,0.9849250459049036,0.0,0.0,0.0,0.0,0.0150749540950964,0.0,0.0,0.872879686257828,0.0,0.0,0.0,0.0,0.127120313742172,0.0,0.0,5.644989550564675,1.42218423692767,1.0,0.0,0.0,0.0,0.0,1.4826498219793778,0.0,0.0,6.194157229336726,966.2255774553212,79.59167899763797,302.7106577576344,29.571779036695137
15,265.0,37.42882698839124,0.95,0.0,0.0,0.0,0.0,0.05,0.0,0.0,299.18,81.24,0.8857543953472825,0.4607191899112658,48.96526861625701,31.66055617445835,955.047992614648,97.03815058143438,0.9800015572216152,0.0,0.0,0.0,0.0,0.0199984427783846,0.0,0.0,0.8401652011209945,0.0,0.0,0.0,0.0,0.1598347988790055,0.0,0.0,5.471324123185837,1.4444564929024477,1.0,0.0,0.0,0.0,0.0,1.4706765471013057,0.0,0.0,6.194157229336726,966.2255774553212,79.59167899763797,302.7106577576344,29.571779036695137
15,265.0,39.35155059303553,0.95,0.0,0.0,0.0,0.0,0.05,0.0,0.0,299.18,81.24,0.8857543953472825,0.4843863933165379,48.96526861625701,31.66055617445835,952.2140798567608,101.46407152587494,0.975057565566336,0.0,0.0,0.0,0.0,0.0249424344336639,0.0,0.0,0.8106405636562789,0.0,0.0,0.0,0.0,0.189359436343721,0.0,0.0,5.299747050723937,1.467368702005458,1.0,0.0,0.0,0.0,0.0,1.4588388479758652,0.0,0.0,6.194157229336726,966.2255774553212,79.59167899763797,302.7106577576344,29.571779036695137
15,265.0,41.27427419767983,0.95,0.0,0.0,0.0,0.0,0.05,0.0,0.0,299.18,81.24,0.8857543953472825,0.5080535967218098,48.96526861625701,31.66055617445835,949.3386972603754,105.95601409270658,0.9700922550066842,0.0,0.0,0.0,0.0,0.0299077449933159,0.0,0.0,0.783892321943131,0.0,0.0,0.0,0.0,0.216107678056869,0.0,0.0,5.1302562704849946,1.4909653617487593,1.0,0.0,0.0,0.0,0.0,1.4471508673250515,0.0,0.0,6.194157229336726,966.2255774553212,79.59167899763797,302.7106577576344,29.571779036695137
15,265.0,43.19699780232412,0.95,0.0,0.0,0.0,0.0,0.05,0.0,0.0,299.18,81.24,0.8857543953472825,0.5317208001270818,48.96526861625701,31.66055617445835,946.4204069038096,110.51640684607057,0.965104776881716,0.0,0.0,0.0,0.0,0.0348952231182839,0.0,0.0,0.7595767606294366,0.0,0.0,0.0,0.0,0.2404232393705633,0.0,0.0,4.962865405862589,1.5152813135448704,1.0,0.0,0.0,0.0,0.0,1.4355991660269385,0.0,0.0,6.194157229336726,966.2255774553212,79.59167899763797,302.7106577576344,29.571779036695137
15,265.0,45.11972140696842,0.95,0.0,0.0,0.0,0.0,0.05,0.0,0.0,299.18,81.24,0.8857543953472825,0.5553880035323538,48.96526861625701,31.66055617445835,943.4576999135896,115.14782311437446,0.9600942463407536,0.0,0.0,0.0,0.0,0.0399057536592465,0.0,0.0,0.7374059065451972,0.0,0.0,0.0,0.0,0.2625940934548027,0.0,0.0,4.797568596903933,1.5403638150119137,1.0,0.0,0.0,0.0,0.0,1.4241888559179885,0.0,0.0,6.194157229336726,966.2255774553212,79.59167899763797,302.7106577576344,29.571779036695137
15,265.0,47.04244501161271,0.95,0.0,0.0,0.0,0.0,0.05,0.0,0.0,299.18,81.24,0.8857543953472825,0.5790552069376258,48.96526861625701,31.66055617445835,940.4489858153956,119.85298584163247,0.9550597332093002,0.0,0.0,0.0,0.0,0.0449402667906997,0.0,0.0,0.7171367190534657,0.0,0.0,0.0,0.0,0.2828632809465343,0.0,0.0,4.634376790441157,1.566255172177654,1.0,0.0,0.0,0.0,0.0,1.412907855437084,0.0,0.0,6.194157229336726,966.2255774553212,79.59167899763797,302.7106577576344,29.571779036695137
15,265.0,48.96516861625701,0.95,0.0,0.0,0.0,0.0,0.05,0.0,0.0,299.18,81.24,0.8857543953472825,0.6027224103428978,48.96526861625701,31.66055617445835,937.3925907674344,124.63478733852112,0.9500002633112712,0.0,0.0,0.0,0.0,0.0499997366887288,0.0,0.0,0.6985628034242698,0.0,0.0,0.0,0.0,0.3014371965757301,0.0,0.0,4.4732962511438,1.5930158589570278,1.0,0.0,0.0,0.0,0.0,1.401764898187925,0.0,0.0,6.194157229336726,966.2255774553212,79.59167899763797,302.7106577576344,29.571779036695137
15,270.0,36.411108825285694,0.95,0.0,0.0,0.0,0.0,0.05,0.0,0.0,299.18,81.24,0.9024667424293068,0.4481918860818032,53.00734926713273,36.41100882528569,933.0957447801682,98.99865545073496,0.9936078987709543,0.0,0.0,0.0,0.0,0.0063921012290455,0.0,0.0,0.9499981286753684,0.0,0.0,0.0,0.0,0.0500018713246315,0.0,0.0,4.917945759035682,1.510083520588688,1.0,0.0,0.0,0.0,0.0,1.4109381913977643,0.0,0.0,5.130843724671824,936.9320241360858,93.30322734807504,302.7106577576344,33.91794976874195
15,270.0,38.25512442993536,0.95,0.0,0.0,0.0,0.0,0.05,0.0,0.0,299.18,81.24,0.9024667424293068,0.4708902563999922,53.00734926713273,36.41100882528569,930.2091011716972,103.2828703042796,0.9888563000259172,0.0,0.0,0.0,0.0,0.0111436999740827,0.0,0.0,0.917099639861988,0.0,0.0,0.0,0.0,0.082900360138012,0.0,0.0,4.762647122966303,1.5336953612469828,1.0,0.0,0.0,0.0,0.0,1.4005390799731352,0.0,0.0,5.130843724671824,936.9320241360858,93.30322734807504,302.7106577576344,33.91794976874195
15,270.0,40.09914003458504,0.95,0.0,0.0,0.0,0.0,0.05,0.0,0.0,299.18,81.24,0.9024667424293068,0.4935886267181811,53.00734926713273,36.41100882528569,927.2789271710666,107.63055345108656,0.9840835049647978,0.0,0.0,0.0,0.0,0.0159164950352022,0.0,0.0,0.8871854085126692,0.0,0.0,0.0,0.0,0.1128145914873306,0.0,0.0,4.609194087679245,1.5580521079278071,1.0,0.0,0.0,0.0,0.0,1.390254121906375,0.0,0.0,5.130843724671824,936.9320241360858,93.30322734807504,302.7106577576344,33.91794976874195
15,270.0,41.9431556392347,0.95,0.0,0.0,0.0,0.0,0.05,0.0,0.0,299.18,81.24,0.9024667424293068,0.51628699703637,53.00734926713273,36.41100882528569,924.3036400768356,112.0440831208422,0.9792886268328064,0.0,0.0,0.0,0.0,0.0207113731671937,0.0,0.0,0.8598959138798948,0.0,0.0,0.0,0.0,0.1401040861201052,0.0,0.0,4.457590497015608,1.5831598982620392,1.0,0.0,0.0,0.0,0.0,1.3800808405634346,0.0,0.0,5.130843724671824,936.9320241360858,93.30322734807504,302.7106577576344,33.91794976874195
15,270.0,43.78717124388437,0.95,0.0,0.0,0.0,0.0,0.05,0.0,0.0,299.18,81.24,0.9024667424293068,0.538985367354559,53.00734926713273,36.41100882528569,921.2815739138694,116.525972223724,0.9744707379148164,0.0,0.0,0.0,0.0,0.0255292620851834,0.0,0.0,0.83492824082109,0.0,0.0,0.0,0.0,0.1650717591789099,0.0,0.0,4.307840411252279,1.6090852128244144,1.0,0.0,0.0,0.0,0.0,1.370010288213147,0.0,0.0,5.130843724671824,936.9320241360858,93.30322734807504,302.7106577576344,33.91794976874195
15,270.0,45.63118684853404,0.95,0.0,0.0,0.0,0.0,0.05,0.0,0.0,299.18,81.24,0.9024667424293068,0.5616837376727479,53.00734926713273,36.41100882528569,918.2109740434904,121.07889006449416,0.9696288670783414,0.0,0.0,0.0,0.0,0.0303711329216585,0.0,0.0,0.8120255171120607,0.0,0.0,0.0,0.0,0.1879744828879392,0.0,0.0,4.159950265045116,1.6358773829609818,1.0,0.0,0.0,0.0,0.0,1.3600536357027668,0.0,0.0,5.130843724671824,936.9320241360858,93.30322734807504,302.7106577576344,33.91794976874195
15,270.0,47.47520245318372,0.95,0.0,0.0,0.0,0.0,0.05,0.0,0.0,299.18,81.24,0.9024667424293068,0.584382107990937,53.00734926713273,36.41100882528569,915.0899883777198,125.70567298420072,0.9647619941254628,0.0,0.0,0.0,0.0,0.035238005874537,0.0,0.0,0.7909685624286553,0.0,0.0,0.0,0.0,0.2090314375713446,0.0,0.0,4.013929634204288,1.6635813578211796,1.0,0.0,0.0,0.0,0.0,1.3501961277911063,0.0,0.0,5.130843724671824,936.9320241360858,93.30322734807504,302.7106577576344,33.91794976874195
15,270.0,49.31921805783339,0.95,0.0,0.0,0.0,0.0,0.05,0.0,0.0,299.18,81.24,0.9024667424293068,0.6070804783091259,53.00734926713273,36.41100882528569,911.9166544080758,130.40933168231055,0.9598690404386876,0.0,0.0,0.0,0.0,0.0401309595613125,0.0,0.0,0.7715692678455234,0.0,0.0,0.0,0.0,0.2284307321544766,0.0,0.0,3.869784979415834,1.692259872041474,1.0,0.0,0.0,0.0,0.0,1.3404373681067412,0.0,0.0,5.130843724671824,936.9320241360858,93.30322734807504,302.7106577576344,33.91794976874195
15,270.0,51.16323366248306,0.95,0.0,0.0,0.0,0.0,0.05,0.0,0.0,299.18,81.24,0.9024667424293068,0.6297788486273149,53.00734926713273,36.41100882528569,908.6888938545344,135.1930757383876,0.9549488677969504,0.0,0.0,0.0,0.0,0.0450511322030497,0.0,0.0,0.7536654198806956,0.0,0.0,0.0,0.0,0.2463345801193044,0.0,0.0,3.727527063390242,1.7219756158278918,1.0,0.0,0.0,0.0,0.0,1.3307835902727707,0.0,0.0,5.130843724671824,936.9320241360858,93.30322734807504,302.7106577576344,33.91794976874195
15,270.0,53.00724926713273,0.95,0.0,0.0,0.0,0.0,0.05,0.0,0.0,299.18,81.24,0.9024667424293068,0.6524772189455038,53.00734926713273,36.41100882528569,905.404498199072,140.06032424733343,0.9500002685255676,0.0,0.0,0.0,0.0,0.0499997314744323,0.0,0.0,0.7371164504644465,0.0,0.0,0.0,0.0,0.2628835495355535,0.0,0.0,3.587167157201222,1.752797384171417,1.0,0.0,0.0,0.0,0.0,1.3212247973589433,0.0,0.0,5.130843724671824,936.9320241360858,93.30322734807504,302.7106577576344,33.91794976874195
15,275.0,41.70595021261062,0.95,0.0,0.0,0.0,0.0,0.05,0.0,0.0,299.18,81.24,0.919179089511331,0.5133671862704409,57.39162304208823,41.70585021261061,899.2646964483392,116.86912572342064,0.992212451742172,0.0,0.0,0.0,0.0,0.0077875482578281,0.0,0.0,0.9499984419271748,0.0,0.0,0.0,0.0,0.0500015580728252,0.0,0.0,3.8813864452046505,1.67713246553553,1.0,0.0,0.0,0.0,0.0,1.3227471545840643,0.0,0.0,4.11187312512685,904.4335281070778,109.60126774294156,302.7106577576344,38.72523437118672
15,275.0,43.448791638108126,0.95,0.0,0.0,0.0,0.0,0.05,0.0,0.0,299.18,81.24,0.919179089511331,0.5348201826453487,57.39162304208823,41.70585021261061,896.1758944935597,121.20793480305709,0.9876283818224286,0.0,0.0,0.0,0.0,0.0123716181775712,0.0,0.0,0.923903575368914,0.0,0.0,0.0,0.0,0.0760964246310859,0.0,0.0,3.748801950988637,1.7044242991939889,1.0,0.0,0.0,0.0,0.0,1.3140253552389984,0.0,0.0,4.11187312512685,904.4335281070778,109.60126774294156,302.7106577576344,38.72523437118672
15,275.0,45.19163306360564,0.95,0.0,0.0,0.0,0.0,0.05,0.0,0.0,299.18,81.24,0.919179089511331,0.5562731790202566,57.39162304208823,41.70585021261061,893.0355918290576,125.61586455635393,0.9830204677080312,0.0,0.0,0.0,0.0,0.0169795322919687,0.0,0.0,0.8998289346775112,0.0,0.0,0.0,0.0,0.1001710653224888,0.0,0.0,3.6178374474700417,1.732656317923179,1.0,0.0,0.0,0.0,0.0,1.3053841120181169,0.0,0.0,4.11187312512685,904.4335281070778,109.60126774294156,302.7106577576344,38.72523437118672
15,275.0,46.93447448910315,0.95,0.0,0.0,0.0,0.0,0.05,0.0,0.0,299.18,81.24,0.919179089511331,0.5777261753951644,57.39162304208823,41.70585021261061,889.8417264235281,130.09574739462508,0.9783876533132432,0.0,0.0,0.0,0.0,0.0216123466867566,0.0,0.0,0.8775728152867275,0.0,0.0,0.0,0.0,0.1224271847132724,0.0,0.0,3.488500133120429,1.7618900598453913,1.0,0.0,0.0,0.0,0.0,1.2968240899335226,0.0,0.0,4.11187312512685,904.4335281070778,109.60126774294156,302.7106577576344,38.72523437118672
15,275.0,48.67731591460066,0.95,0.0,0.0,0.0,0.0,0.05,0.0,0.0,299.18,81.24,0.919179089511331,0.5991791717700722,57.39162304208823,41.70585021261061,886.5921106817596,134.6505994377814,0.973728822526446,0.0,0.0,0.0,0.0,0.0262711774735537,0.0,0.0,0.8569605082559355,0.0,0.0,0.0,0.0,0.1430394917440645,0.0,0.0,3.360797690225187,1.7921896915713,1.0,0.0,0.0,0.0,0.0,1.28833971168919,0.0,0.0,4.11187312512685,904.4335281070778,109.60126774294156,302.7106577576344,38.72523437118672
15,275.0,50.42015734009818,0.95,0.0,0.0,0.0,0.0,0.05,0.0,0.0,299.18,81.24,0.919179089511331,0.6206321681449801,57.39162304208823,41.70585021261061,883.2844204041654,139.28363852448305,0.969042793651594,0.0,0.0,0.0,0.0,0.030957206348406,0.0,0.0,0.8378400171912148,0.0,0.0,0.0,0.0,0.1621599828087851,0.0,0.0,3.2347435431399147,1.8236346053660972,1.0,0.0,0.0,0.0,0.0,1.2799298448553005,0.0,0.0,4.11187312512685,904.4335281070778,109.60126774294156,302.7106577576344,38.72523437118672
15,275.0,52.16299876559569,0.95,0.0,0.0,0.0,0.0,0.05,0.0,0.0,299.18,81.24,0.919179089511331,0.6420851645198878,57.39162304208823,41.70585021261061,879.9161766407215,143.99829556192535,0.964328308189604,0.0,0.0,0.0,0.0,0.0356716918103959,0.0,0.0,0.8200785316743108,0.0,0.0,0.0,0.0,0.1799214683256891,0.0,0.0,3.1103465755455444,1.856286815946529,1.0,0.0,0.0,0.0,0.0,1.271593109542745,0.0,0.0,4.11187312512685,904.4335281070778,109.60126774294156,302.7106577576344,38.72523437118672
15,275.0,53.905840191093205,0.95,0.0,0.0,0.0,0.0,0.05,0.0,0.0,299.18,81.24,0.919179089511331,0.6635381608947958,57.39162304208823,41.70585021261061,876.48473894334,148.7982469923841,0.9595840301702776,0.0,0.0,0.0,0.0,0.0404159698297224,0.0,0.0,0.8035596307625985,0.0,0.0,0.0,0.0,0.1964403692374015,0.0,0.0,2.987620967556679,1.8902356303593992,1.0,0.0,0.0,0.0,0.0,1.2633279591308857,0.0,0.0,4.11187312512685,904.4335281070778,109.60126774294156,302.7106577576344,38.72523437118672
15,275.0,55.64868161659072,0.95,0.0,0.0,0.0,0.0,0.05,0.0,0.0,299.18,81.24,0.919179089511331,0.6849911572697036,57.39162304208823,41.70585021261061,872.9872779090665,153.68742652313222,0.9548085282287552,0.0,0.0,0.0,0.0,0.0451914717712447,0.0,0.0,0.7881808711337391,0.0,0.0,0.0,0.0,0.2118191288662608,0.0,0.0,2.866579787076835,1.9255669625176723,1.0,0.0,0.0,0.0,0.0,1.2551327338004064,0.0,0.0,4.11187312512685,904.4335281070778,109.60126774294156,302.7106577576344,38.72523437118672
15,275.0,57.391523042088224,0.95,0.0,0.0,0.0,0.0,0.05,0.0,0.0,299.18,81.24,0.919179089511331,0.7064441536446113,57.39162304208823,41.70585021261061,869.4207681971806,158.67005957249873,0.950000275995722,0.0,0.0,0.0,0.0,0.0499997240042781,0.0,0.0,0.7738518774279116,0.0,0.0,0.0,0.0,0.2261481225720883,0.0,0.0,2.7472398779016185,1.9623909087906064,1.0,0.0,0.0,0.0,0.0,1.2470054610330124,0.0,0.0,4.11187312512685,904.4335281070778,109.60126774294156,302.7106577576344,38.72523437118672
15,280.0,47.60681852527456,0.95,0.0,0.0,0.0,0.0,0.05,0.0,0.0,299.18,81.24,0.9358914365933552,0.5860021975046105,62.1233802776967,47.60671852527455,860.4884878521825,138.8362311157017,0.9904002155896916,0.0,0.0,0.0,0.0,0.0095997844103081,0.0,0.0,0.9499987109206488,0.0,0.0,0.0,0.0,0.0500012890793511,0.0,0.0,2.8972643845406654,1.902087285017355,1.0,0.0,0.0,0.0,0.0,1.241656840393913,0.0,0.0,3.1449654870637134,867.6798743518019,129.30886906724652,302.7106577576344,44.02808165538378
15,280.0,49.21975871998813,0.95,0.0,0.0,0.0,0.0,0.05,0.0,0.0,299.18,81.24,0.9358914365933552,0.6058562127029559,62.1233802776967,47.60671852527455,857.152515946406,143.2474335488517,0.9860328229218408,0.0,0.0,0.0,0.0,0.0139671770781591,0.0,0.0,0.9298722358987862,0.0,0.0,0.0,0.0,0.0701277641012138,0.0,0.0,2.787863018549149,1.9349621552891407,1.0,0.0,0.0,0.0,0.0,1.2344561792432498,0.0,0.0,3.1449654870637134,867.6798743518019,129.30886906724652,302.7106577576344,44.02808165538378
15,280.0,50.832698914701695,0.95,0.0,0.0,0.0,0.0,0.05,0.0,0.0,299.18,81.24,0.9358914365933552,0.625710227901301,62.1233802776967,47.60671852527455,853.7540068307433,147.73601556353137,0.981638427391274,0.0,0.0,0.0,0.0,0.0183615726087259,0.0,0.0,0.9110673203793154,0.0,0.0,0.0,0.0,0.0889326796206846,0.0,0.0,2.6798662836263607,1.969135654834332,1.0,0.0,0.0,0.0,0.0,1.227308920915088,0.0,0.0,3.1449654870637134,867.6798743518019,129.30886906724652,302.7106577576344,44.02808165538378
15,280.0,52.44563910941527,0.95,0.0,0.0,0.0,0.0,0.05,0.0,0.0,299.18,81.24,0.9358914365933552,0.6455642430996463,62.1233802776967,47.60671852527455,850.2901471924708,152.3055032591671,0.977215733397587,0.0,0.0,0.0,0.0,0.0227842666024129,0.0,0.0,0.8934779237963775,0.0,0.0,0.0,0.0,0.1065220762036225,0.0,0.0,2.573287606817785,2.0046816377725367,1.0,0.0,0.0,0.0,0.0,1.220214238567363,0.0,0.0,3.1449654870637134,867.6798743518019,129.30886906724652,302.7106577576344,44.02808165538378
15,280.0,54.05857930412884,0.95,0.0,0.0,0.0,0.0,0.05,0.0,0.0,299.18,81.24,0.9358914365933552,0.6654182582979917,62.1233802776967,47.60671852527455,846.7579279997292,156.95969282051706,0.9727633595757358,0.0,0.0,0.0,0.0,0.0272366404242643,0.0,0.0,0.8770099965288184,0.0,0.0,0.0,0.0,0.1229900034711816,0.0,0.0,2.468138951611036,2.041715196319372,1.0,0.0,0.0,0.0,0.0,1.2131707898328228,0.0,0.0,3.1449654870637134,867.6798743518019,129.30886906724652,302.7106577576344,44.02808165538378
15,280.0,55.67151949884241,0.95,0.0,0.0,0.0,0.0,0.05,0.0,0.0,299.18,81.24,0.9358914365933552,0.6852722734963369,62.1233802776967,47.60671852527455,843.1541129780676,161.70264824707982,0.9682798213051412,0.0,0.0,0.0,0.0,0.0317201786948588,0.0,0.0,0.8615798093965809,0.0,0.0,0.0,0.0,0.1384201906034192,0.0,0.0,2.3644368451075555,2.08033068992808,1.0,0.0,0.0,0.0,0.0,1.206177682344944,0.0,0.0,3.1449654870637134,867.6798743518019,129.30886906724652,302.7106577576344,44.02808165538378
15,280.0,57.28445969355598,0.95,0.0,0.0,0.0,0.0,0.05,0.0,0.0,299.18,81.24,0.9358914365933552,0.7051262886946822,62.1233802776967,47.60671852527455,839.475226343721,166.53875350926955,0.9637635283076074,0.0,0.0,0.0,0.0,0.0362364716923925,0.0,0.0,0.847112732356626,0.0,0.0,0.0,0.0,0.152887267643374,0.0,0.0,2.262194014294333,2.120653822948262,1.0,0.0,0.0,0.0,0.0,1.1992326904557309,0.0,0.0,3.1449654870637134,867.6798743518019,129.30886906724652,302.7106577576344,44.02808165538378
15,280.0,58.89739988826955,0.95,0.0,0.0,0.0,0.0,0.05,0.0,0.0,299.18,81.24,0.9358914365933552,0.7249803038930275,62.1233802776967,47.60671852527455,835.7175180174637,171.4727354330698,0.9592127665793844,0.0,0.0,0.0,0.0,0.0407872334206155,0.0,0.0,0.8335420846928767,0.0,0.0,0.0,0.0,0.1664579153071232,0.0,0.0,2.161427336173046,2.162811227813206,1.0,0.0,0.0,0.0,0.0,1.1923349997952055,0.0,0.0,3.1449654870637134,867.6798743518019,129.30886906724652,302.7106577576344,44.02808165538378
15,280.0,60.51034008298312,0.95,0.0,0.0,0.0,0.0,0.05,0.0,0.0,299.18,81.24,0.9358914365933552,0.7448343190913728,62.1233802776967,47.60671852527455,831.8769376200833,176.5097079058983,0.954625687798892,0.0,0.0,0.0,0.0,0.045374312201108,0.0,0.0,0.8208082152045315,0.0,0.0,0.0,0.0,0.1791917847954686,0.0,0.0,2.062154402442233,2.206950502354508,1.0,0.0,0.0,0.0,0.0,1.1854810672533656,0.0,0.0,3.1449654870637134,867.6798743518019,129.30886906724652,302.7106577576344,44.02808165538378
15,280.0,62.12328027769669,0.95,0.0,0.0,0.0,0.0,0.05,0.0,0.0,299.18,81.24,0.9358914365933552,0.764688334289718,62.1233802776967,47.60671852527455,827.949089636072,181.6551977114446,0.950000286676638,0.0,0.0,0.0,0.0,0.0499997133233619,0.0,0.0,0.8088576492065325,0.0,0.0,0.0,0.0,0.1911423507934674,0.0,0.0,1.964406946484781,2.2532238510236207,1.0,0.0,0.0,0.0,0.0,1.1786716390840095,0.0,0.0,3.1449654870637134,867.6798743518019,129.30886906724652,302.7106577576344,44.02808165538378
15,285.0,54.19740209405949,0.95,0.0,0.0,0.0,0.0,0.05,0.0,0.0,299.18,81.24,0.9526037836753792,0.6671270567954146,67.18811819694348,54.19730209405948,814.463595771502,166.81213862291634,0.9879383447093316,0.0,0.0,0.0,0.0,0.0120616552906682,0.0,0.0,0.9499989467462652,0.0,0.0,0.0,0.0,0.0500010532537349,0.0,0.0,1.977861657198958,2.2294202883746297,1.0,0.0,0.0,0.0,0.0,1.1669200769454764,0.0,0.0,2.2410524707626744,824.9746819221486,153.77005765610247,302.7106577576344,49.86436423924916
15,285.0,55.640803883268816,0.95,0.0,0.0,0.0,0.0,0.05,0.0,0.0,299.18,81.24,0.9526037836753792,0.6848941886172922,67.18811819694348,54.19730209405948,810.8167765298971,171.32282687549895,0.9838636951825068,0.0,0.0,0.0,0.0,0.0161363048174931,0.0,0.0,0.935174556186114,0.0,0.0,0.0,0.0,0.0648254438138859,0.0,0.0,1.8925381710796527,2.271492416047028,1.0,0.0,0.0,0.0,0.0,1.1611355084788617,0.0,0.0,2.2410524707626744,824.9746819221486,153.77005765610247,302.7106577576344,49.86436423924916
15,285.0,57.08420567247815,0.95,0.0,0.0,0.0,0.0,0.05,0.0,0.0,299.18,81.24,0.9526037836753792,0.7026613204391697,67.18811819694348,54.19730209405948,807.0912096287886,175.92355045205392,0.9797582458447912,0.0,0.0,0.0,0.0,0.0202417541552088,0.0,0.0,0.921168972717215,0.0,0.0,0.0,0.0,0.078831027282785,0.0,0.0,1.8084190932263324,2.317426134105293,1.0000000000530835,0.0,0.0,0.0,0.0,1.1556445775383906,0.0,0.0,2.2410524707626744,824.9746819221486,153.77005765610247,302.7106577576344,49.86436423924916
15,285.0,58.52760746168748,0.95,0.0,0.0,0.0,0.0,0.05,0.0,0.0,299.18,81.24,0.9526037836753792,0.7204284522610473,67.18811819694348,54.19730209405948,803.2828074550413,180.6190120635212,0.9756203528168969,0.0,0.0,0.0,0.0,0.0243796471831031,0.0,0.0,0.9079325314930377,0.0,0.0,0.0,0.0,0.0920674685069624,0.0,0.0,1.7254985927876567,2.361576267900949,1.0,0.0,0.0,0.0,0.0,1.1496709248734318,0.0,0.0,2.2410524707626744,824.9746819221486,153.77005765610247,302.7106577576344,49.86436423924916
15,285.0,59.97100925089681,0.95,0.0,0.0,0.0,0.0,0.05,0.0,0.0,299.18,81.24,0.9526037836753792,0.7381955840829248,67.18811819694348,54.19730209405948,799.387138344645,185.4143110849628,0.9714482370563332,0.0,0.0,0.0,0.0,0.0285517629436668,0.0,0.0,0.895420291874996,0.0,0.0,0.0,0.0,0.1045797081250039,0.0,0.0,1.643815273098304,2.409831669516167,1.0,0.0,0.0,0.0,0.0,1.1439782327097288,0.0,0.0,2.2410524707626744,824.9746819221486,153.77005765610247,302.7106577576344,49.86436423924916
15,285.0,61.41441104010615,0.95,0.0,0.0,0.0,0.0,0.05,0.0,0.0,299.18,81.24,0.9526037836753792,0.7559627159048025,67.18811819694348,54.19730209405948,795.399380403946,190.31498322620308,0.9672399654194804,0.0,0.0,0.0,0.0,0.0327600345805195,0.0,0.0,0.8835915532706968,0.0,0.0,0.0,0.0,0.1164084467293031,0.0,0.0,1.563392893575127,2.4605009261278994,1.0,0.0,0.0,0.0,0.0,1.1383167255758488,0.0,0.0,2.2410524707626744,824.9746819221486,153.77005765610247,302.7106577576344,49.86436423924916
15,285.0,62.85781282931548,0.95,0.0,0.0,0.0,0.0,0.05,0.0,0.0,299.18,81.24,0.9526037836753792,0.77372984772668,67.18811819694348,54.19730209405948,791.3142955634967,195.32707620751583,0.9629934443673852,0.0,0.0,0.0,0.0,0.0370065556326147,0.0,0.0,0.8724095017297695,0.0,0.0,0.0,0.0,0.1275904982702305,0.0,0.0,1.4842522904349509,2.5178531818929657,1.0000000000001343,0.0,0.0,0.0,0.0,1.1331040029420263,0.0,0.0,2.2410524707626744,824.9746819221486,153.77005765610247,302.7106577576344,49.86436423924916
15,285.0,64.30121461852481,0.95,0.0,0.0,0.0,0.0,0.05,0.0,0.0,299.18,81.24,0.9526037836753792,0.7914969795485576,67.18811819694348,54.19730209405948,787.1261311142312,200.4571679377251,0.9587063739571936,0.0,0.0,0.0,0.0,0.0412936260428064,0.0,0.0,0.8618407628236833,0.0,0.0,0.0,0.0,0.1381592371763167,0.0,0.0,1.4063930208777458,2.5748257880037984,1.0000000000002094,0.0,0.0,0.0,0.0,1.1275527183458798,0.0,0.0,2.2410524707626744,824.9746819221486,153.77005765610247,302.7106577576344,49.86436423924916
15,285.0,65.74461640773414,0.95,0.0,0.0,0.0,0.0,0.05,0.0,0.0,299.18,81.24,0.9526037836753792,0.8092641113704351,67.18811819694348,54.19730209405948,782.8286013091604,205.712495163072,0.9543762487681932,0.0,0.0,0.0,0.0,0.0456237512318068,0.0,0.0,0.8518552263358612,0.0,0.0,0.0,0.0,0.1481447736641388,0.0,0.0,1.3298444868474433,2.6350776347295377,1.0000000000001843,0.0,0.0,0.0,0.0,1.1220331730288808,0.0,0.0,2.2410524707626744,824.9746819221486,153.77005765610247,302.7106577576344,49.86436423924916
15,285.0,67.18801819694347,0.95,0.0,0.0,0.0,0.0,0.05,0.0,0.0,299.18,81.24,0.9526037836753792,0.8270312431923127,67.18811819694348,54.19730209405948,778.4147642444166,211.1009882438967,0.9500003023850156,0.0,0.0,0.0,0.0,0.0499996976149843,0.0,0.0,0.8424256838008852,0.0,0.0,0.0,0.0,0.1575743161991148,0.0,0.0,1.2546385798452349,2.698936036411763,1.000000000113404,0.0,0.0,0.0,0.0,1.1165457997284296,0.0,0.0,2.2410524707626744,824.9746819221486,153.77005765610247,302.7106577576344,49.86436423924916
15,290.0,61.61064848996729,0.95,0.0,0.0,0.0,0.0,0.05,0.0,0.0,299.18,81.24,0.9693161307574036,0.7583782433526255,72.52135855398946,61.610548489967286,756.5480850071932,204.7376803818518,0.984319901125604,0.0,0.0,0.0,0.0,0.015680098874396,0.0,0.0,0.9499991623046952,0.0,0.0,0.0,0.0,0.0500008376953048,0.0,0.0,1.1430768125564414,2.780104242213292,1.0000000000180602,0.0,0.0,0.0,0.0,1.098526906237678,0.0,0.0,1.4167983026644004,773.2637021553837,185.44864903964933,302.7106577576344,56.27641671412855
15,290.0,62.82293849708086,0.95,0.0,0.0,0.0,0.0,0.05,0.0,0.0,299.18,81.24,0.9693161307574036,0.7733005723422066,72.52135855398946,61.610548489967286,752.4983297882999,209.3876930786018,0.9806717895965,0.0,0.0,0.0,0.0,0.0193282104034999,0.0,0.0,0.9399992023577984,0.0,0.0,0.0,0.0,0.0600007976422015,0.0,0.0,1.0834299877067366,2.841088052229173,1.0000000000448868,0.0,0.0,0.0,0.0,1.094219663465859,0.0,0.0,1.4167983026644004,773.2637021553837,185.44864903964933,302.7106577576344,56.27641671412855
15,290.0,64.03522850419444,0.95,0.0,0.0,0.0,0.0,0.05,0.0,0.0,299.18,81.24,0.9693161307574036,0.7882229013317877,72.52135855398946,61.610548489967286,748.3438082939078,214.14893722038065,0.9769883975453584,0.0,0.0,0.0,0.0,0.0230116024546416,0.0,0.0,0.9304589471266064,0.0,0.0,0.0,0.0,0.0695410528733936,0.0,0.0,1.0247658250801477,2.9055706848342315,1.0000000000401192,0.0,0.0,0.0,0.0,1.0899361316338398,0.0,0.0,1.4167983026644004,773.2637021553837,185.44864903964933,302.7106577576344,56.27641671412855
15,290.0,65.24751851130802,0.95,0.0,0.0,0.0,0.0,0.05,0.0,0.0,299.18,81.24,0.9693161307574036,0.803145230321369,72.52135855398946,61.610548489967286,744.0779388118185,219.0283968248141,0.9732675339409458,0.0,0.0,0.0,0.0,0.0267324660590542,0.0,0.0,0.9213604586347524,0.0,0.0,0.0,0.0,0.0786395413652475,0.0,0.0,0.967106316873639,2.97391404027174,1.00000000000088,0.0,0.0,0.0,0.0,1.0856759950301968,0.0,0.0,1.4167983026644004,773.2637021553837,185.44864903964933,302.7106577576344,56.27641671412855
15,290.0,66.45980851842158,0.95,0.0,0.0,0.0,0.0,0.05,0.0,0.0,299.18,81.24,0.9693161307574036,0.8180675593109501,72.52135855398946,61.610548489967286,739.6934670836882,224.03377708678835,0.9695067911739802,0.0,0.0,0.0,0.0,0.0304932088260198,0.0,0.0,0.9126874151115412,0.0,0.0,0.0,0.0,0.0873125848884587,0.0,0.0,0.9104757847730908,3.0465008306343804,1.000000000000869,0.0,0.0,0.0,0.0,1.0814396717953605,0.0,0.0,1.4167983026644004,773.2637021553837,185.44864903964933,302.7106577576344,56.27641671412855
15,290.0,67.67209852553516,0.95,0.0,0.0,0.0,0.0,0.05,0.0,0.0,299.18,81.24,0.9693161307574036,0.8329898883005313,72.52135855398946,61.610548489967286,735.1823430214737,229.17361277857157,0.965703503581128,0.0,0.0,0.0,0.0,0.0342964964188719,0.0,0.0,0.9044250381626968,0.0,0.0,0.0,0.0,0.0955749618373032,0.0,0.0,0.85489601619681,3.123814233632231,1.0000000000006255,0.0,0.0,0.0,0.0,1.0772274303418332,0.0,0.0,1.4167983026644004,773.2637021553837,185.44864903964933,302.7106577576344,56.27641671412855
15,290.0,68.88438853264873,0.95,0.0,0.0,0.0,0.0,0.05,0.0,0.0,299.18,81.24,0.9693161307574036,0.8479122172901125,72.52135855398946,61.610548489967286,730.5356106503681,234.457392360047,0.9618547138861684,0.0,0.0,0.0,0.0,0.0381452861138314,0.0,0.0,0.8965600300506447,0.0,0.0,0.0,0.0,0.1034399699493553,0.0,0.0,0.8003911860916852,3.206380189527096,1.000000000000642,0.0,0.0,0.0,0.0,1.073039891256873,0.0,0.0,1.4167983026644004,773.2637021553837,185.44864903964933,302.7106577576344,56.27641671412855
15,290.0,70.09667853976231,0.95,0.0,0.0,0.0,0.0,0.05,0.0,0.0,299.18,81.24,0.9693161307574036,0.8628345462796937,72.52135855398946,61.610548489967286,725.7432687564525,239.895704040216,0.957957129605631,0.0,0.0,0.0,0.0,0.042042870394369,0.0,0.0,0.8890805249224927,0.0,0.0,0.0,0.0,0.1109194750775072,0.0,0.0,0.7469905643517186,3.294830618588867,1.0000000000005054,0.0,0.0,0.0,0.0,1.0688776078236908,0.0,0.0,1.4167983026644004,773.2637021553837,185.44864903964933,302.7106577576344,56.27641671412855
15,290.0,71.30896854687589,0.95,0.0,0.0,0.0,0.0,0.05,0.0,0.0,299.18,81.24,0.9693161307574036,0.8777568752692749,72.52135855398946,61.610548489967286,720.7940664501905,245.5004389912668,0.9540070564139982,0.0,0.0,0.0,0.0,0.0459929435860017,0.0,0.0,0.8819760876454216,0.0,0.0,0.0,0.0,0.1180239123545783,0.0,0.0,0.6947261466755544,3.389907985805621,1.0000000000003182,0.0,0.0,0.0,0.0,1.0647412358678054,0.0,0.0,1.4167983026644004,773.2637021553837,185.44864903964933,302.7106577576344,56.27641671412855
15,290.0,72.52125855398945,0.95,0.0,0.0,0.0,0.0,0.05,0.0,0.0,299.18,81.24,0.9693161307574036,0.8926792042588559,72.52135855398946,61.610548489967286,715.6752763294924,251.2849949918366,0.9500003267824288,0.0,0.0,0.0,0.0,0.0499996732175712,0.0,0.0,0.8752376840740772,0.0,0.0,0.0,0.0,0.1247623159259227,0.0,0.0,0.6436445224640402,3.492477428272838,1.0000000000937648,0.0,0.0,0.0,0.0,1.0606316447059756,0.0,0.0,1.4167983026644004,773.2637021553837,185.44864903964933,302.7106577576344,56.27641671412855
16,200.0,2.76856450288989,0.95,0.02,0.0,0.02,0.0,0.0,0.01,0.0,299.74,85.74,0.667244945619537,0.0322902321307428,98.8230753630262,2.76846450288989,1221.8199960842153,7.454666807484048,0.9997345555268136,1.3798480378923684e-05,0.0,0.0001232774002811,0.0,0.0,0.0001283685925261,0.0,0.9499671678083402,0.020013193860725,0.0,0.0200131215883815,0.0,0.0,0.0100065167425531,0.0,22.508338748849454,0.6834678566539367,1.00000001026111,1.631307478549214,0.0,5.371721632636995,0.0,0.0,4.325582832224391,0.0,22.53960113748808,1221.920496490378,7.249541730897533,302.7106577576344,2.6239816647333654
16,200.0,13.441276820682813,0.95,0.02,0.0,0.02,0.0,0.0,0.01,0.0,299.74,85.74,0.667244945619537,0.156767865881535,98.8230753630262,2.76846450288989,1216.7655860494965,20.12315379038174,0.9848910515865524,0.0013935865737479,0.0,0.0079062746485645,0.0,0.0,0.0058090871911349,0.0,0.2180746332218532,0.4103151482165161,0.0,0.2736955454496861,0.0,0.0,0.0979146731119446,0.0,20.76271101059638,0.7442078334665482,1.0000000004350498,1.5118636443025162,0.0,4.800176602513763,0.0,0.0,3.862571695843012,0.0,22.53960113748808,1221.920496490378,7.249541730897533,302.7106577576344,2.6239816647333654
16,200.0,24.11398913847573,0.95,0.02,0.0,0.02,0.0,0.0,0.01,0.0,299.74,85.74,0.667244945619537,0.2812454996323272,98.8230753630262,2.76846450288989,1214.1391634782012,28.423838124329745,0.9762021192829125,0.003325109609799,0.0,0.0126088959274909,0.0,0.0,0.0078638751797975,0.0,0.1325456344236994,0.5402236428969089,0.0,0.2505878476952629,0.0,0.0,0.0766428749841286,0.0,19.717210341962076,0.7844287359564561,1.0000000003111194,1.444205469117362,0.0,4.460691702111951,0.0,0.0,3.625624841735676,0.0,22.53960113748808,1221.920496490378,7.249541730897533,302.7106577576344,2.6239816647333654
16,200.0,34.78670145626865,0.95,0.02,0.0,0.02,0.0,0.0,0.01,0.0,299.74,85.74,0.667244945619537,0.4057231333831194,98.8230753630262,2.76846450288989,1212.3878114128331,34.1394124000288,0.9704154963363836,0.0055431494208692,0.0,0.015273031673314,0.0,0.0,0.0087683225694331,0.0,0.0993162368914933,0.622395741485601,0.0,0.2169658311502145,0.0,0.0,0.0613221904726911,0.0,18.99558111730921,0.8142222379093526,1.0000000000347031,1.3981433401111052,0.0,4.219822154263023,0.0,0.0,3.4757127661256297,0.0,22.53960113748808,1221.920496490378,7.249541730897533,302.7106577576344,2.6239816647333654
16,200.0,45.45941377406157,0.95,0.02,0.0,0.02,0.0,0.0,0.01,0.0,299.74,85.74,0.667244945619537,0.5302007671339115,98.8230753630262,2.76846450288989,1210.9970865499092,38.545510859504205,0.9659820442252584,0.007889803100098,0.0,0.0168849708241169,0.0,0.0,0.0092431818505264,0.0,0.0816995261843888,0.6779439749995486,0.0,0.1892387576486612,0.0,0.0,0.0511177411674012,0.0,18.428870194912875,0.8385994515519344,1.0000000004788836,1.3624822182924747,0.0,4.027651193116358,0.0,0.0,3.3646118425493627,0.0,22.53960113748808,1221.920496490378,7.249541730897533,302.7106577576344,2.6239816647333654
16,200.0,56.132126091854495,0.95,0.02,0.0,0.02,0.0,0.0,0.01,0.0,299.74,85.74,0.667244945619537,0.6546784008847037,98.8230753630262,2.76846450288989,1209.7810672675191,42.26116075196647,0.9622385782383892,0.0102927483734717,0.0,0.0179423928124863,0.0,0.0,0.0095262805756527,0.0,0.0708616184766714,0.7173046474644273,0.0,0.1678048689485375,0.0,0.0,0.0440288651103637,0.0,17.946099696416177,0.8598029453429973,1.0,1.3327704589245637,0.0,3.86335983920662,0.0,0.0,3.274004927992975,0.0,22.53960113748808,1221.920496490378,7.249541730897533,302.7106577576344,2.6239816647333654
16,200.0,66.80483840964742,0.95,0.02,0.0,0.02,0.0,0.0,0.01,0.0,299.74,85.74,0.667244945619537,0.7791560346354959,98.8230753630262,2.76846450288989,1208.6627531966872,45.58157056381383,0.9588861032809765,0.0127185060061767,0.0,0.0186848119412171,0.0,0.0,0.0097105787716298,0.0,0.0635889407296775,0.7463472638173353,0.0,0.1511933030106919,0.0,0.0,0.0388704924422954,0.0,17.515274041535154,0.8788653015355871,1.0000000001453344,1.306965300112703,0.0,3.71822859054971,0.0,0.0,3.195958245101232,0.0,22.53960113748808,1221.920496490378,7.249541730897533,302.7106577576344,2.6239816647333654
16,200.0,77.47755072744033,0.95,0.02,0.0,0.02,0.0,0.0,0.01,0.0,299.74,85.74,0.667244945619537,0.903633668386288,98.8230753630262,2.76846450288989,1207.6058284292146,48.65744267605909,0.9557766218335524,0.0151503441852016,0.0,0.0192348029392155,0.0,0.0,0.0098382310420305,0.0,0.0584267074929344,0.7685038361368653,0.0,0.138101769954493,0.0,0.0,0.0349676864157073,0.0,17.12032446571069,0.8964034009143035,1.0,1.2840985617277734,0.0,3.587005290488084,0.0,0.0,3.126536089976657,0.0,22.53960113748808,1221.920496490378,7.249541730897533,302.7106577576344,2.6239816647333654
16,200.0,88.15026304523326,0.95,0.02,0.0,0.02,0.0,0.0,0.01,0.0,299.74,85.74,0.667244945619537,1.0281113021370802,98.8230753630262,2.76846450288989,1206.5912342134743,51.57171641763346,0.9528301233685108,0.0175792316628536,0.0,0.0196599306118669,0.0,0.0,0.0099307143567685,0.0,0.0546188203675672,0.7858713515628025,0.0,0.1275895606853686,0.0,0.0,0.0319202673842615,0.0,16.75229846488652,0.9126996303346344,1.0,1.263464420801686,0.0,3.466915971567898,0.0,0.0,3.0635413248685346,0.0,22.53960113748808,1221.920496490378,7.249541730897533,302.7106577576344,2.6239816647333654
16,200.0,98.8229753630262,0.95,0.02,0.0,0.02,0.0,0.0,0.01,0.0,299.74,85.74,0.667244945619537,1.1525889358878725,98.8230753630262,2.76846450288989,1205.608074676799,54.37308303619414,0.9500000259120428,0.0199999775056815,0.0,0.0199999971441847,0.0,0.0,0.0099999994380906,0.0,0.0517327059653,0.7997884002822128,0.0,0.1189997360811429,0.0,0.0,0.0294791576713442,0.0,16.405794655649583,0.927979468929108,1.0,1.2447476982482295,0.0,3.356343421459113,0.0,0.0,3.005633705563421,0.0,22.53960113748808,1221.920496490378,7.249541730897533,302.7106577576344,2.6239816647333654
16,205.0,3.541260015798476,0.95,0.02,0.0,0.02,0.0,0.0,0.01,0.0,299.74,85.74,0.6839260692600253,0.0413023094914681,91.82764128060482,3.541160015798476,1206.1517329105034,9.385111654007057,0.9996571064139764,1.938505733827135e-05,0.0,0.0001711194971067,0.0,0.0,0.0001523890315783,0.0,0.9499745683257468,0.0200102329863194,0.0,0.0200101552761763,0.0,0.0,0.0100050434117572,0.0,21.12097655917202,0.711510100752833,1.0,1.5586773735642638,0.0,4.631787925319699,0.0,0.0,3.968516043852138,0.0,21.15779579629945,1206.2779501886548,9.12387059747945,302.7106577576344,3.35468958110042
16,205.0,13.350846822999182,0.95,0.02,0.0,0.02,0.0,0.0,0.01,0.0,299.74,85.74,0.6839260692600253,0.1557131656519615,91.82764128060482,3.541160015798476,1201.2858278456044,20.97658022281944,0.985428236103922,0.0013780740940072,0.0,0.007822904961216,0.0,0.0,0.0053707848408547,0.0,0.2780911754394866,0.3731713040933306,0.0,0.2509428442915131,0.0,0.0,0.0977946761756697,0.0,19.605993725549336,0.7656635423909244,1.0,1.4630408608028045,0.0,4.291497112646475,0.0,0.0,3.604978206804423,0.0,21.15779579629945,1206.2779501886548,9.12387059747945,302.7106577576344,3.35468958110042
16,205.0,23.160433630199886,0.95,0.02,0.0,0.02,0.0,0.0,0.01,0.0,299.74,85.74,0.6839260692600253,0.2701240218124549,91.82764128060482,3.541160015798476,1198.504660836969,28.703525303535145,0.9766621860578412,0.0032790036857743,0.0,0.0125219826342312,0.0,0.0,0.0075368276221531,0.0,0.1733307463036841,0.5070824807933989,0.0,0.2378345824307081,0.0,0.0,0.0817521904722089,0.0,18.66202138980537,0.8026590034687978,1.000000000229062,1.4064809471747677,0.0,4.098908322873889,0.0,0.0,3.4061083152821428,0.0,21.15779579629945,1206.2779501886548,9.12387059747945,302.7106577576344,3.35468958110042
16,205.0,42.7796072446013,0.95,0.02,0.0,0.02,0.0,0.0,0.01,0.0,299.74,85.74,0.6839260692600253,0.4989457341334418,91.82764128060482,3.541160015798476,1195.0942927482797,38.145704046334416,0.9662192043540748,0.0078210946949021,0.0,0.0168597963733546,0.0,0.0,0.0090999045776684,0.0,0.1074032795339847,0.6527009293993793,0.0,0.1831353314037345,0.0,0.0,0.0567604596629015,0.0,17.488596031467974,0.853014578578118,1.000000000066792,1.3369751082179056,0.0,3.846663908210693,0.0,0.0,3.182876471545953,0.0,21.15779579629945,1206.2779501886548,9.12387059747945,302.7106577576344,3.35468958110042
16,205.0,52.589194051802,0.95,0.02,0.0,0.02,0.0,0.0,0.01,0.0,299.74,85.74,0.6839260692600253,0.6133565902939352,91.82764128060482,3.541160015798476,1193.7752139535305,41.58897339558057,0.9624068148239598,0.010227468851422,0.0,0.0179335004034348,0.0,0.0,0.0094322159211832,0.0,0.0929131891121672,0.695105389681585,0.0,0.1627577967473634,0.0,0.0,0.0492236244588843,0.0,17.048922869610553,0.8728518320320519,1.0000000001173166,1.3113996429564905,0.0,3.7064816372816263,0.0,0.0,3.1049904730791598,0.0,21.15779579629945,1206.2779501886548,9.12387059747945,302.7106577576344,3.35468958110042
16,205.0,62.39878085900271,0.95,0.02,0.0,0.02,0.0,0.0,0.01,0.0,299.74,85.74,0.6839260692600253,0.7277674464544287,91.82764128060482,3.541160015798476,1192.5636064973385,44.65490890052405,0.9590016774920898,0.0126629109973025,0.0,0.0186844285565702,0.0,0.0,0.0096509829540374,0.0,0.0830657483899516,0.7266209347245964,0.0,0.1467001562488278,0.0,0.0,0.0436131606366238,0.0,16.6562565107643,0.8907772651620136,1.0000000003676242,1.289059716351502,0.0,3.581940880953223,0.0,0.0,3.037686277100595,0.0,21.15779579629945,1206.2779501886548,9.12387059747945,302.7106577576344,3.35468958110042
16,205.0,82.01795447340412,0.95,0.02,0.0,0.02,0.0,0.0,0.01,0.0,299.74,85.74,0.6839260692600253,0.9565891587754156,91.82764128060482,3.541160015798476,1190.319219234277,50.16857868130146,0.952864829069524,0.0175569269384493,0.0,0.0196626339487234,0.0,0.0,0.0099156100433032,0.0,0.0707130741857341,0.7698395714713572,0.0,0.1235459885745938,0.0,0.0,0.0359013657683147,0.0,15.95906324171005,0.9227952849155217,1.0000000005576115,1.250940543216605,0.0,3.365103086180678,0.0,0.0,2.9228415303811883,0.0,21.15779579629945,1206.2779501886548,9.12387059747945,302.7106577576344,3.35468958110042
16,205.0,91.82754128060482,0.95,0.02,0.0,0.02,0.0,0.0,0.01,0.0,299.74,85.74,0.6839260692600253,1.071000014935909,91.82764128060482,3.541160015798476,1189.252524714351,52.74328344041526,0.9500000285367652,0.0199999752811431,0.0,0.0199999969300829,0.0,0.0,0.0099999992520087,0.0,0.0666596042408658,0.7851590745274187,0.0,0.1150276494731707,0.0,0.0,0.0331536717585446,0.0,15.641311092094622,0.937384529826366,1.0000000004735787,1.2343533571777596,0.0,3.2686925564850653,0.0,0.0,2.8722905883719614,0.0,21.15779579629945,1206.2779501886548,9.12387059747945,302.7106577576344,3.35468958110042
16,210.0,4.471214963091521,0.95,0.02,0.0,0.02,0.0,0.0,0.01,0.0,299.74,85.74,0.7006071929005138,0.0521485300103979,86.0373699640081,4.471114963091521,1190.1358780627493,11.684299344473509,0.999561923464615,2.686088343625221e-05,0.0,0.0002313152668289,0.0,0.0,0.0001799003851197,0.0,0.9499800690377116,0.0200080320507092,0.0,0.0200079498308856,0.0,0.0,0.0100039490806936,0.0,19.75094945593329,0.741623751166096,1.0,1.4933287914932458,0.0,3.991681135259496,0.0,0.0,3.65278433508114,0.0,19.793904820789816,1190.2941504876192,11.354703713715036,302.7106577576344,4.233266563955471
16,210.0,13.534109963193362,0.95,0.02,0.0,0.02,0.0,0.0,0.01,0.0,299.74,85.74,0.7006071929005138,0.1578505943922715,86.0373699640081,4.471114963091521,1185.4508726965316,22.37814914864448,0.9859704020561614,0.0013687463717352,0.0,0.007700276472805,0.0,0.0,0.0049605750992982,0.0,0.343495888204778,0.3341452774366935,0.0,0.2273880876155047,0.0,0.0,0.0949707467430238,0.0,18.43405900692033,0.790368816685195,1.0,1.4163882455225991,0.0,3.7355210796156006,0.0,0.0,3.3663472143786293,0.0,19.793904820789816,1190.2941504876192,11.354703713715036,302.7106577576344,4.233266563955471
16,210.0,22.597004963295205,0.95,0.02,0.0,0.02,0.0,0.0,0.01,0.0,299.74,85.74,0.7006071929005138,0.2635526587741452,86.0373699640081,4.471114963091521,1182.542147718782,29.671028074615013,0.9771840778328252,0.0032382216600905,0.0,0.0123771306065994,0.0,0.0,0.0072005699004848,0.0,0.2209443480403533,0.4695377518692062,0.0,0.2244393799041483,0.0,0.0,0.085078520186292,0.0,17.580038638549826,0.8247688704169719,1.0000000002347846,1.3689936981586328,0.0,3.5827997296627543,0.0,0.0,3.199459223227101,0.0,19.793904820789816,1190.2941504876192,11.354703713715036,302.7106577576344,4.233266563955471
16,210.0,31.659899963397045,0.95,0.02,0.0,0.02,0.0,0.0,0.01,0.0,299.74,85.74,0.7006071929005138,0.3692547231560187,86.0373699640081,4.471114963091521,1180.501489701894,34.76190303949824,0.9711470675764432,0.0054186868746947,0.0,0.0151152255420895,0.0,0.0,0.0083190200067726,0.0,0.1680862411808605,0.5591446976330106,0.0,0.2006147515990935,0.0,0.0,0.0721543095870353,0.0,16.977912611495714,0.8507310780247274,1.0,1.3357677201154274,0.0,3.48110012894148,0.0,0.0,3.089886591378013,0.0,19.793904820789816,1190.2941504876192,11.354703713715036,302.7106577576344,4.233266563955471
16,210.0,40.722794963498885,0.95,0.02,0.0,0.02,0.0,0.0,0.01,0.0,299.74,85.74,0.7006071929005138,0.4749567875378923,86.0373699640081,4.471114963091521,1178.871112806166,38.67058879051592,0.9665114889326888,0.0077531251164551,0.0,0.0167922430085256,0.0,0.0,0.0089431429423306,0.0,0.1386270319557691,0.6218102464312463,0.0,0.1776288680898131,0.0,0.0,0.0619338535231713,0.0,16.504353638336102,0.8721478223515923,1.0,1.3096609988373344,0.0,3.4045879349731067,0.0,0.0,3.007861195782194,0.0,19.793904820789816,1190.2941504876192,11.354703713715036,302.7106577576344,4.233266563955471
16,210.0,49.78568996360072,0.95,0.02,0.0,0.02,0.0,0.0,0.01,0.0,299.74,85.74,0.7006071929005138,0.5806588519197659,86.0373699640081,4.471114963091521,1177.4499201726403,41.94041994558423,0.9626166656366356,0.010162084577992,0.0,0.017893106811632,0.0,0.0,0.0093281429737403,0.0,0.1199018400917809,0.6672736715339624,0.0,0.1586204730439231,0.0,0.0,0.0542040153303334,0.0,16.10136446881507,0.8908858418887284,1.0,1.2876500869949448,0.0,3.341541117912361,0.0,0.0,2.9406317800615023,0.0,19.793904820789816,1190.2941504876192,11.354703713715036,302.7106577576344,4.233266563955471
16,210.0,58.84858496370257,0.95,0.02,0.0,0.02,0.0,0.0,0.01,0.0,299.74,85.74,0.7006071929005138,0.6863609163016395,86.0373699640081,4.471114963091521,1176.146756412399,44.84209766178029,0.9591463180839056,0.0126069937267474,0.0,0.0186620946660431,0.0,0.0,0.0095845935233035,0.0,0.1070094551949476,0.7013927012884859,0.0,0.1433109909390142,0.0,0.0,0.0482868525775524,0.0,15.741581846463994,0.9078709269388966,1.0,1.2682949863335635,0.0,3.286732161750161,0.0,0.0,2.882406128408248,0.0,19.793904820789816,1190.2941504876192,11.354703713715036,302.7106577576344,4.233266563955471
16,210.0,67.91147996380441,0.95,0.02,0.0,0.02,0.0,0.0,0.01,0.0,299.74,85.74,0.7006071929005138,0.7920629806835131,86.0373699640081,4.471114963091521,1174.916669606924,47.51670475318628,0.9559394766586958,0.0150680917401563,0.0,0.0192269615805869,0.0,0.0,0.0097654700205608,0.0,0.0976458697015816,0.7277614101531996,0.0,0.1309361190436521,0.0,0.0,0.0436566011015665,0.0,15.4110691131581,0.9236302365301592,1.0,1.250889184327766,0.0,3.237647049133611,0.0,0.0,2.830293044949929,0.0,19.793904820789816,1190.2941504876192,11.354703713715036,302.7106577576344,4.233266563955471
16,210.0,76.97437496390626,0.95,0.02,0.0,0.02,0.0,0.0,0.01,0.0,299.74,85.74,0.7006071929005138,0.8977650450653868,86.0373699640081,4.471114963091521,1173.73552173334,50.04277312853661,0.9529079405154404,0.0175345309763486,0.0,0.0196588782067283,0.0,0.0,0.0098986503014827,0.0,0.0905825027173926,0.7486487487222225,0.0,0.1208156928539205,0.0,0.0,0.0399530557064641,0.0,15.102097501797882,0.938429083005586,1.0000000003131877,1.235002881503828,0.0,3.1926746919055597,0.0,0.0,2.782634872435377,0.0,19.793904820789816,1190.2941504876192,11.354703713715036,302.7106577576344,4.233266563955471
16,210.0,86.0372699640081,0.95,0.02,0.0,0.02,0.0,0.0,0.01,0.0,299.74,85.74,0.7006071929005138,1.0034671094472605,86.0373699640081,4.471114963091521,1172.589361419888,52.46678196854194,0.9500000313442226,0.0199999729814355,0.0,0.019999996650371,0.0,0.0,0.0099999990239708,0.0,0.0851032524942239,0.7655367073459989,0.0,0.1124279803744128,0.0,0.0,0.0369320597853643,0.0,14.810019548117722,0.9524260733248872,1.0,1.22040188396446,0.0,3.150925942478356,0.0,0.0,2.738532488103866,0.0,19.793904820789816,1190.2941504876192,11.354703713715036,302.7106577576344,4.233266563955471
16,215.0,5.578642316156055,0.95,0.02,0.0,0.02,0.0,0.0,0.01,0.0,299.74,85.74,0.7172883165410022,0.0650646409628651,81.26163448543281,5.578542316156056,1173.7103422840785,14.401837339670204,0.9994465829115582,3.6768112943583527e-05,0.0,0.0003052798783064,0.0,0.0,0.0002113690971918,0.0,0.9499842152238126,0.0200063728397142,0.0,0.0200062871230101,0.0,0.0,0.010003124813463,0.0,18.398542452797617,0.7740240680281559,1.0,1.43441823933236,0.0,3.486632500889252,0.0,0.0,3.37248738360177,0.0,18.448205290897207,1173.908539729092,13.989350648063478,302.7106577576344,5.278346606766283
16,215.0,13.987852557186804,0.95,0.02,0.0,0.02,0.0,0.0,0.01,0.0,299.74,85.74,0.7172883165410022,0.1631426703660695,81.26163448543281,5.578542316156056,1169.1940931597692,24.33845364323428,0.9865050306199132,0.0013658487769197,0.0,0.0075461241826525,0.0,0.0,0.0045829964205145,0.0,0.4116771727998299,0.2947892221575662,0.0,0.2036515550253295,0.0,0.0,0.0898820500172743,0.0,17.252497876574807,0.8183407262484522,1.0,1.37218906697085,0.0,3.2922055957281056,0.0,0.0,3.1457234036256887,0.0,18.448205290897207,1173.908539729092,13.989350648063478,302.7106577576344,5.278346606766283
16,215.0,22.39706279821756,0.95,0.02,0.0,0.02,0.0,0.0,0.01,0.0,299.74,85.74,0.7172883165410022,0.2612206997692741,81.26163448543281,5.578542316156056,1166.1822766091454,31.29673136105247,0.977753972054873,0.0032036337711857,0.0,0.0121817842975133,0.0,0.0,0.0068606098764277,0.0,0.2746013738989756,0.4287430315200203,0.0,0.2102578893421406,0.0,0.0,0.0863977052388634,0.0,16.47948005117709,0.8506148384159957,1.000000000452515,1.332403503472965,0.0,3.17001947862909,0.0,0.0,3.005861625555057,0.0,18.448205290897207,1173.908539729092,13.989350648063478,302.7106577576344,5.278346606766283
16,215.0,30.80627303924831,0.95,0.02,0.0,0.02,0.0,0.0,0.01,0.0,299.74,85.74,0.7172883165410022,0.3592987291724785,81.26163448543281,5.578542316156056,1164.0066376625284,36.22893607818308,0.9716047482552644,0.0053611508032752,0.0,0.0149611017273036,0.0,0.0,0.0080729992141568,0.0,0.2117232879923978,0.5202382497051193,0.0,0.1921890579308452,0.0,0.0,0.0758494043716374,0.0,15.925553670564696,0.8753307851040184,1.0,1.3040368826034665,0.0,3.087199352074088,0.0,0.0,2.911683404334789,0.0,18.448205290897207,1173.908539729092,13.989350648063478,302.7106577576344,5.278346606766283
16,215.0,39.21548328027906,0.95,0.02,0.0,0.02,0.0,0.0,0.01,0.0,299.74,85.74,0.7172883165410022,0.457376758575683,81.26163448543281,5.578542316156056,1162.257015505802,40.02669744601469,0.96685493141246,0.0076862426865053,0.0,0.0166854881851244,0.0,0.0,0.0087733377159101,0.0,0.1755954357241611,0.5857590430718606,0.0,0.1722861775568126,0.0,0.0,0.0663593436471656,0.0,15.48871042098456,0.8957464444127666,1.0000000005248293,1.281624655174856,0.0,3.024476292364715,0.0,0.0,2.840715667320132,0.0,18.448205290897207,1173.908539729092,13.989350648063478,302.7106577576344,5.278346606766283
16,215.0,47.62469352130981,0.95,0.02,0.0,0.02,0.0,0.0,0.01,0.0,299.74,85.74,0.7172883165410022,0.5554547879788875,81.26163448543281,5.578542316156056,1160.7327751078824,43.19692899298569,0.9628660143137168,0.0100965165091177,0.0,0.0178235327829373,0.0,0.0,0.009213936394228,0.0,0.1521846039036616,0.6341102762172512,0.0,0.1549616915178058,0.0,0.0,0.0587434283612811,0.0,15.117318683332662,0.9136567148515836,1.0,1.262629278418645,0.0,2.9728212769052007,0.0,0.0,2.782458286466794,0.0,18.448205290897207,1173.908539729092,13.989350648063478,302.7106577576344,5.278346606766283
16,215.0,56.03390376234056,0.95,0.02,0.0,0.02,0.0,0.0,0.01,0.0,299.74,85.74,0.7172883165410022,0.653532817382092,81.26163448543281,5.578542316156056,1159.337634572002,46.00157034449045,0.959318895568047,0.0125504171259311,0.0,0.0186195304649199,0.0,0.0,0.0095111568411019,0.0,0.1358372837885338,0.6708467213851836,0.0,0.1406072992363749,0.0,0.0,0.0527086955899076,0.0,14.786102298332136,0.9299283832101914,1.0,1.2458941956994856,0.0,2.9279371588130925,0.0,0.0,2.731952894861704,0.0,18.448205290897207,1173.908539729092,13.989350648063478,302.7106577576344,5.278346606766283
16,215.0,64.4431140033713,0.95,0.02,0.0,0.02,0.0,0.0,0.01,0.0,299.74,85.74,0.7172883165410022,0.7516108467852963,81.26163448543281,5.578542316156056,1158.022618311406,48.57986625823148,0.9560473860243188,0.0150261968910117,0.0,0.0192036772313539,0.0,0.0,0.0097227398533157,0.0,0.1238279027903229,0.6995030661406844,0.0,0.1287907484626462,0.0,0.0,0.0478782826063464,0.0,14.481946629976932,0.9450480300092464,1.0,1.2307518681248055,0.0,2.8876708679975938,0.0,0.0,2.686669596985888,0.0,18.448205290897207,1173.908539729092,13.989350648063478,302.7106577576344,5.278346606766283
16,215.0,72.85232424440206,0.95,0.02,0.0,0.02,0.0,0.0,0.01,0.0,299.74,85.74,0.7172883165410022,0.8496888761885009,81.26163448543281,5.578542316156056,1156.760956708492,51.01020680505902,0.952959248051325,0.0175117600477532,0.0,0.0196492723026976,0.0,0.0,0.009879719598224,0.0,0.1146773044143851,0.7223687329096713,0.0,0.1190017735741926,0.0,0.0,0.043952189101751,0.0,14.197520048459944,0.9592838906835952,1.0,1.21690193194897,0.0,2.8507621574119315,0.0,0.0,2.645199667447629,0.0,18.448205290897207,1173.908539729092,13.989350648063478,302.7106577576344,5.278346606766283
16,220.0,6.884828760692162,0.95,0.02,0.0,0.02,0.0,0.0,0.01,0.0,299.74,85.74,0.7339694401814906,0.0802989125343149,77.36258549860769,6.8847287606921626,1156.8061935526518,17.593238948670148,0.9993085698214612,4.9792126560665824e-05,0.0,0.0003942842093112,0.0,0.0,0.0002473538426667,0.0,0.9499873811565096,0.0200051055739735,0.0,0.0200050174129968,0.0,0.0,0.0100024958565198,0.0,17.06421053570233,0.8090661886300353,1.0,1.38110911596924,0.0,3.0832938619353616,0.0,0.0,3.122006700704823,0.0,17.121140165384258,1157.0541060432145,17.08052563899556,302.7106577576344,6.509407158415541
16,220.0,14.715679509349442,0.95,0.02,0.0,0.02,0.0,0.0,0.01,0.0,299.74,85.74,0.7339694401814906,0.1716314381776235,77.36258549860769,6.8847287606921626,1152.443363974859,26.88488284970386,0.987021077778692,0.0013698789310661,0.0,0.0073682128587696,0.0,0.0,0.0042408304314722,0.0,0.4798313548602967,0.256603019342965,0.0,0.1804240233466057,0.0,0.0,0.0831416024501324,0.0,16.06602655483316,0.8497167393579232,1.0,1.330620147194503,0.0,2.9342951964024886,0.0,0.0,2.941793740280446,0.0,17.121140165384258,1157.0541060432145,17.08052563899556,302.7106577576344,6.509407158415541
16,220.0,22.54653025800672,0.95,0.02,0.0,0.02,0.0,0.0,0.01,0.0,299.74,85.74,0.7339694401814906,0.2629639638209322,77.36258549860769,6.8847287606921626,1149.3493541024927,33.58009931256749,0.9783575458580946,0.0031765086307068,0.0,0.0119432408778899,0.0,0.0,0.0065227046333086,0.0,0.3329578491621285,0.3860684655526293,0.0,0.1953099510926252,0.0,0.0,0.085663734192617,0.0,15.366805861676378,0.8803154035153725,1.0,1.2971155808070185,0.0,2.8361930409997425,0.0,0.0,2.8246057929917763,0.0,17.121140165384258,1157.0541060432145,17.08052563899556,302.7106577576344,6.509407158415541
16,220.0,30.377381006664,0.95,0.02,0.0,0.02,0.0,0.0,0.01,0.0,299.74,85.74,0.7339694401814906,0.3542964894642408,77.36258549860769,6.8847287606921626,1147.045324077227,38.41959343405423,0.9721128421759369,0.0053084786633649,0.0,0.01476252390109,0.0,0.0,0.0078161552596082,0.0,0.260998163150489,0.4777649994748598,0.0,0.1831916252055239,0.0,0.0,0.0780452121691272,0.0,14.85608899385253,0.9040785699073546,1.0,1.2728427780237328,0.0,2.767937738834489,0.0,0.0,2.743577359402805,0.0,17.121140165384258,1157.0541060432145,17.08052563899556,302.7106577576344,6.509407158415541
16,220.0,38.20823175532128,0.95,0.02,0.0,0.02,0.0,0.0,0.01,0.0,299.74,85.74,0.7339694401814906,0.4456290151075494,77.36258549860769,6.8847287606921626,1145.1757472984834,42.1690013802418,0.9672454351069276,0.0076215432675779,0.0,0.016541693986922,0.0,0.0,0.0085913276385724,0.0,0.2182212907765531,0.5452573236723577,0.0,0.1667469330091442,0.0,0.0,0.0697744525419448,0.0,14.451421483877471,0.923801634572026,1.0,1.2535491212229153,0.0,2.7159014794861527,0.0,0.0,2.6819577407917654,0.0,17.121140165384258,1157.0541060432145,17.08052563899556,302.7106577576344,6.509407158415541
16,220.0,46.03908250397856,0.95,0.02,0.0,0.02,0.0,0.0,0.01,0.0,299.74,85.74,0.7339694401814906,0.536961540750858,77.36258549860769,6.8847287606921626,1143.5460892056228,45.297073733966805,0.9631529257870554,0.0100313816339853,0.0,0.0177260351237582,0.0,0.0,0.009089657455201,0.0,0.1898955349736429,0.5960840935945001,0.0,0.151411891447417,0.0,0.0,0.06260847998444,0.0,14.107603900151206,0.9411199181690086,1.0,1.2371597192529644,0.0,2.673035394856333,0.0,0.0,2.6312579320449907,0.0,17.121140165384258,1157.0541060432145,17.08052563899556,302.7106577576344,6.509407158415541
16,220.0,53.869933252635846,0.95,0.02,0.0,0.02,0.0,0.0,0.01,0.0,299.74,85.74,0.7339694401814906,0.6282940663941666,77.36258549860769,6.8847287606921626,1142.056786595273,48.05732656083045,0.9595185469992108,0.0124934152943784,0.0,0.0185575459040316,0.0,0.0,0.0094304918023792,0.0,0.1698056201182338,0.6352824795547065,0.0,0.1382317615288655,0.0,0.0,0.0566801387981941,0.0,13.801429856447214,0.9568615462770668,1.000000000230829,1.2226860085638358,0.0,2.635840878702543,0.0,0.0,2.587271360610951,0.0,17.121140165384258,1157.0541060432145,17.08052563899556,302.7106577576344,6.509407158415541
16,220.0,61.70078400129312,0.95,0.02,0.0,0.02,0.0,0.0,0.01,0.0,299.74,85.74,0.7339694401814906,0.7196265920374751,77.36258549860769,6.8847287606921626,1140.6552848067818,50.588120499588754,0.9561724326161068,0.0149836591841471,0.0,0.0191683975366109,0.0,0.0,0.009675510663135,0.0,0.154864927524593,0.6662068954412204,0.0,0.1271273395957496,0.0,0.0,0.0518008374384369,0.0,13.520549929482655,0.9715269883289346,1.0000000000111289,1.209544879767541,0.0,2.6024537112976565,0.0,0.0,2.54780778435845,0.0,17.121140165384258,1157.0541060432145,17.08052563899556,302.7106577576344,6.509407158415541
16,220.0,69.5316347499504,0.95,0.02,0.0,0.02,0.0,0.0,0.01,0.0,299.74,85.74,0.7339694401814906,0.8109591176807838,77.36258549860769,6.8847287606921626,1139.3122154583175,52.96857243345848,0.953018668167051,0.0174885434430265,0.0,0.0196340848675835,0.0,0.0,0.0098587035223388,0.0,0.1433628569893455,0.6911019661003167,0.0,0.1177784640983308,0.0,0.0,0.0477567128120068,0.0,13.2579930843751,0.9853677632084676,1.0,1.1974833513970022,0.0,2.5718054681250724,0.0,0.0,2.511648561206488,0.0,17.121140165384258,1157.0541060432145,17.08052563899556,302.7106577576344,6.509407158415541
16,220.0,77.36248549860768,0.95,0.02,0.0,0.02,0.0,0.0,0.01,0.0,299.74,85.74,0.7339694401814906,0.9022916433240924,77.36258549860769,6.8847287606921626,1138.0101888017773,55.24633625887223,0.9500000376140986,0.0199999681142883,0.0,0.0199999958564236,0.0,0.0,0.0099999984151893,0.0,0.1342733601178256,0.7114966826593486,0.0,0.1098606028722082,0.0,0.0,0.0443693543506175,0.0,13.00954921495438,0.998556782061334,1.0,1.1862739572283811,0.0,2.543267262419863,0.0,0.0,2.478016806018521,0.0,17.121140165384258,1157.0541060432145,17.08052563899556,302.7106577576344,6.509407158415541
16,225.0,8.412146517251783,0.95,0.02,0.0,0.02,0.0,0.0,0.01,0.0,299.74,85.74,0.750650563821979,0.0981122756852319,74.23874656028353,8.412046517251783,1139.345709358994,21.32134270607286,0.999145195700822,6.680346302525375e-05,0.0,0.0004994683502879,0.0,0.0,0.0002885324858647,0.0,0.9499898278346028,0.020004125810655,0.0,0.0200040362568597,0.0,0.0,0.0100020100978822,0.0,15.748585450872543,0.8471317444567362,1.0,1.332756966320358,0.0,2.757572313472263,0.0,0.0,2.8970902182367424,0.0,15.813326197117547,1139.6555629264626,20.687604017864448,302.7106577576344,7.946729358776584
16,225.0,15.726202077588642,0.95,0.02,0.0,0.02,0.0,0.0,0.01,0.0,299.74,85.74,0.750650563821979,0.1834173323721558,74.23874656028353,8.412046517251783,1135.1188806131229,30.05955691458501,0.987508834285873,0.0013815688679229,0.0,0.0071742093442085,0.0,0.0,0.0039353875019954,0.0,0.5453992193919039,0.2208335346367622,0.0,0.1583494051481011,0.0,0.0,0.0754178408232326,0.0,14.878786873291322,0.8848233176007277,1.0,1.2916755745732549,0.0,2.642486101112199,0.0,0.0,2.753431493871285,0.0,15.813326197117547,1139.6555629264626,20.687604017864448,302.7106577576344,7.946729358776584
16,225.0,23.040257637925503,0.95,0.02,0.0,0.02,0.0,0.0,0.01,0.0,299.74,85.74,0.750650563821979,0.2687223890590798,74.23874656028353,8.412046517251783,1131.9594113703365,36.543923137570566,0.9789803365401614,0.003158355605958,0.0,0.0116687957008615,0.0,0.0,0.006192512153019,0.0,0.3942432379119912,0.3429727075011505,0.0,0.1797677486997564,0.0,0.0,0.0830163058871017,0.0,14.247327004024363,0.9140615563035844,1.0,1.26344114599721,0.0,2.563116297146474,0.0,0.0,2.6553095687030326,0.0,15.813326197117547,1139.6555629264626,20.687604017864448,302.7106577576344,7.946729358776584
16,225.0,30.35431319826236,0.95,0.02,0.0,0.02,0.0,0.0,0.01,0.0,299.74,85.74,0.750650563821979,0.3540274457460037,74.23874656028353,8.412046517251783,1129.533528280217,41.338675511755326,0.972662226338355,0.0052625892342579,0.0,0.0145233823185737,0.0,0.0,0.0075518021088133,0.0,0.3149628681748704,0.4329692698093932,0.0,0.1734648684815913,0.0,0.0,0.0786029935341448,0.0,13.776186817354455,0.9371815691990988,1.0000000000053637,1.2425998495938868,0.0,2.506450198978346,0.0,0.0,2.585498247916372,0.0,15.813326197117547,1139.6555629264626,20.687604017864448,302.7106577576344,7.946729358776584
16,225.0,37.66836875859922,0.95,0.02,0.0,0.02,0.0,0.0,0.01,0.0,299.74,85.74,0.750650563821979,0.4393325024329277,74.23874656028353,8.412046517251783,1127.542856863573,45.088266100631415,0.9676784693139014,0.0075606892747463,0.0,0.0163624556468639,0.0,0.0,0.0083983857644881,0.0,0.2660561937157444,0.5012514801998385,0.0,0.1607291483349913,0.0,0.0,0.0719631777494257,0.0,13.400307063612448,0.9564710989016206,1.0,1.22595710876248,0.0,2.462895761902632,0.0,0.0,2.531836658540734,0.0,15.813326197117547,1139.6555629264626,20.687604017864448,302.7106577576344,7.946729358776584
16,225.0,44.98242431893608,0.95,0.02,0.0,0.02,0.0,0.0,0.01,0.0,299.74,85.74,0.750650563821979,0.5246375591198517,74.23874656028353,8.412046517251783,1125.8042409662494,48.22047691971785,0.9634753898956888,0.0099678430960276,0.0,0.017601175185449,0.0,0.0,0.0089555918228342,0.0,0.232886178214477,0.5538768253719442,0.0,0.1476571916562416,0.0,0.0,0.065579804757337,0.0,13.08089042988946,0.9734307534172488,1.0,1.2118064184421973,0.0,2.426947360116183,0.0,0.0,2.487564527332239,0.0,15.813326197117547,1139.6555629264626,20.687604017864448,302.7106577576344,7.946729358776584
16,225.0,52.296479879272944,0.95,0.02,0.0,0.02,0.0,0.0,0.01,0.0,299.74,85.74,0.750650563821979,0.6099426158067757,74.23874656028353,8.412046517251783,1124.217035751333,50.97947014290449,0.9597444995388884,0.0124366721165145,0.0,0.0184763166272093,0.0,0.0,0.0093425117173878,0.0,0.2089514829752141,0.595175039976298,0.0,0.1358728880139762,0.0,0.0,0.0600005890345116,0.0,12.79687546327955,0.9888594429767992,1.0,1.1992680992885116,0.0,2.395725957675342,0.0,0.0,2.449144106808224,0.0,15.813326197117547,1139.6555629264626,20.687604017864448,302.7106577576344,7.946729358776584
16,225.0,59.610535439609805,0.95,0.02,0.0,0.02,0.0,0.0,0.01,0.0,299.74,85.74,0.750650563821979,0.6952476724936997,74.23874656028353,8.412046517251783,1122.7257753542465,53.5029651973672,0.9563144051750688,0.014940798777209,0.0,0.0191211783002518,0.0,0.0,0.0096236177474704,0.0,0.1909120770302044,0.6281932409497083,0.0,0.1256477879114507,0.0,0.0,0.0552468941086364,0.0,12.536732601860669,1.0032344279429497,1.0000000000131957,1.1878850052540866,0.0,2.3677067916980734,0.0,0.0,2.414614809213612,0.0,15.813326197117547,1139.6555629264626,20.687604017864448,302.7106577576344,7.946729358776584
16,225.0,66.92459099994666,0.95,0.02,0.0,0.02,0.0,0.0,0.01,0.0,299.74,85.74,0.750650563821979,0.7805527291806236,74.23874656028353,8.412046517251783,1121.2986251712762,55.87132488797948,0.953086194914478,0.0174649746219664,0.0,0.0196133387389668,0.0,0.0,0.0098354917245887,0.0,0.1768712632175286,0.6550541759486083,0.0,0.1168632703342457,0.0,0.0,0.0512112904996173,0.0,12.293764045577973,1.0168361278808131,1.0000000001095146,1.1774055273625776,0.0,2.341979342295205,0.0,0.0,2.3829724152101783,0.0,15.813326197117547,1139.6555629264626,20.687604017864448,302.7106577576344,7.946729358776584
16,225.0,74.23864656028353,0.95,0.02,0.0,0.02,0.0,0.0,0.01,0.0,299.74,85.74,0.750650563821979,0.8658577858675476,74.23874656028353,8.412046517251783,1119.9164087468082,58.1335885834978,0.950000041138905,0.0199999655267175,0.0,0.0199999953154991,0.0,0.0,0.0099999980188783,0.0,0.1656701354552102,0.6772470744472042,0.0,0.1093119036892996,0.0,0.0,0.0477708864082857,0.0,12.063932772813484,1.0298224923126549,1.0,1.1676402452656294,0.0,2.3180319149852373,0.0,0.0,2.3535527545501718,0.0,15.813326197117547,1139.6555629264626,20.687604017864448,302.7106577576344,7.946729358776584
16,230.0,10.1841000789918,0.95,0.02,0.0,0.02,0.0,0.0,0.01,0.0,299.74,85.74,0.7673316874624675,0.1187788672613925,71.81446858569838,10.1840000789918,1121.2398574231242,25.65822314572405,0.9989534472798574,8.891563525901564e-05,0.0,0.0006218985833036,0.0,0.0,0.00033573850158,0.0,0.949991739959648,0.0200033596481849,0.0,0.0200032697166091,0.0,0.0,0.0100016306755577,0.0,14.452486132186744,0.8887520300255829,1.0,1.2888032199785826,0.0,2.49183715039114,0.0,0.0,2.6941872487056493,0.0,14.52556748614066,1121.6270137216943,24.87830228106012,302.7106577576344,9.61137473881863
16,230.0,17.031907690848087,0.95,0.02,0.0,0.02,0.0,0.0,0.01,0.0,299.74,85.74,0.7673316874624675,0.1986459959277826,71.81446858569838,10.1840000789918,1117.130357811371,33.91898908376801,0.9879595666630508,0.0014019149464437,0.0,0.006971636281854,0.0,0.0,0.0036668821086513,0.0,0.6063901348181836,0.1883498011085779,0.0,0.1379327029854981,0.0,0.0,0.06732736108774,0.0,13.694527734286533,0.9240515454502948,1.0,1.2552874155236688,0.0,2.4020905716344174,0.0,0.0,2.579202692187605,0.0,14.52556748614066,1121.6270137216943,24.87830228106012,302.7106577576344,9.61137473881863
16,230.0,23.87971530270437,0.95,0.02,0.0,0.02,0.0,0.0,0.01,0.0,299.74,85.74,0.7673316874624675,0.2785131245941727,71.81446858569838,10.1840000789918,1113.9176984164258,40.23146504086911,0.9796079537903029,0.0031508671324592,0.0,0.0113658766243809,0.0,0.0,0.0058753024528568,0.0,0.4564792652428557,0.3008500881791063,0.0,0.163918047917074,0.0,0.0,0.0787525986609639,0.0,13.125575375576105,0.9522476977857884,1.0,1.2314716063934674,0.0,2.337657359117057,0.0,0.0,2.497131439018392,0.0,14.52556748614066,1121.6270137216943,24.87830228106012,302.7106577576344,9.61137473881863
16,230.0,30.72752291456066,0.95,0.02,0.0,0.02,0.0,0.0,0.01,0.0,299.74,85.74,0.7673316874624675,0.3583802532605629,71.81446858569838,10.1840000789918,1111.3760357784104,45.01628483601451,0.9732428086353512,0.0052257402063032,0.0,0.0142477201275937,0.0,0.0,0.0072837310307518,0.0,0.3722947922082971,0.3872175320113696,0.0,0.1629742029502474,0.0,0.0,0.0775134728300859,0.0,12.691351192780717,0.9749870589990394,1.0,1.2135718093559182,0.0,2.290354436061396,0.0,0.0,2.437000767306836,0.0,14.52556748614066,1121.6270137216943,24.87830228106012,302.7106577576344,9.61137473881863
16,230.0,37.57533052641694,0.95,0.02,0.0,0.02,0.0,0.0,0.01,0.0,299.74,85.74,0.7673316874624675,0.4382473819269529,71.81446858569838,10.1840000789918,1109.2627803187622,48.804230952794384,0.968148752802678,0.0075058153500064,0.0,0.0161491866445931,0.0,0.0,0.0081962452027223,0.0,0.3182868344570078,0.4548916436264111,0.0,0.1540372818511423,0.0,0.0,0.0727842400654387,0.0,12.341794097729384,0.9941089449319428,1.0,1.1991828323923328,0.0,2.2535127217390607,0.0,0.0,2.390163214992571,0.0,14.52556748614066,1121.6270137216943,24.87830228106012,302.7106577576344,9.61137473881863
16,230.0,44.42313813827322,0.95,0.02,0.0,0.02,0.0,0.0,0.01,0.0,299.74,85.74,0.7673316874624675,0.518114510593343,71.81446858569838,10.1840000789918,1107.4106293415227,51.97905645597872,0.9638310491463272,0.0099075443232123,0.0,0.0174491154401499,0.0,0.0,0.0088122910903106,0.0,0.2806924232285875,0.508390792429325,0.0,0.1434415658070488,0.0,0.0,0.0674752185350388,0.0,12.044331505293274,1.0109423327982896,1.0,1.1869385218669464,0.0,2.2230095086284507,0.0,0.0,2.3513576877091444,0.0,14.52556748614066,1121.6270137216943,24.87830228106012,302.7106577576344,9.61137473881863
16,230.0,51.27094575012951,0.95,0.02,0.0,0.02,0.0,0.0,0.01,0.0,299.74,85.74,0.7673316874624675,0.5979816392597331,71.81446858569838,10.1840000789918,1105.7203033835094,54.77360605234956,0.9599958881449538,0.0123812743935083,0.0,0.0183755865319792,0.0,0.0,0.0092472509295585,0.0,0.2530485184723148,0.5512066343477263,0.0,0.1332603083120876,0.0,0.0,0.0624845388678712,0.0,11.780170129466596,1.0262630476009436,1.0,1.1760865265001963,0.0,2.19652884472662,0.0,0.0,2.317650692927038,0.0,14.52556748614066,1121.6270137216943,24.87830228106012,302.7106577576344,9.61137473881863
16,230.0,58.1187533619858,0.95,0.02,0.0,0.02,0.0,0.0,0.01,0.0,299.74,85.74,0.7673316874624675,0.6778487679261233,71.81446858569838,10.1840000789918,1104.134332553855,57.32451846014541,0.9564731104546926,0.0148982185889719,0.0,0.0190617328314355,0.0,0.0,0.0095669381248998,0.0,0.23190725212239,0.585964733362481,0.0,0.124086413175505,0.0,0.0,0.0580416013396241,0.0,11.538597549111596,1.0405493244385131,1.0,1.1662395920991375,0.0,2.172767424196992,0.0,0.0,2.2873971687592176,0.0,14.52556748614066,1121.6270137216943,24.87830228106012,302.7106577576344,9.61137473881863
16,230.0,64.96656097384209,0.95,0.02,0.0,0.02,0.0,0.0,0.01,0.0,299.74,85.74,0.7673316874624675,0.7577158965925134,71.81446858569838,10.1840000789918,1102.618671778406,59.71356658076905,0.953161857235534,0.0174412918889049,0.0,0.0195868695139728,0.0,0.0,0.0098099813615881,0.0,0.2152559491558098,0.6145858469970737,0.0,0.1160021734755957,0.0,0.0,0.0541560303715207,0.0,11.313294082990106,1.054056091060774,1.0,1.157140910446039,0.0,2.1509623582377597,0.0,0.0,2.259635446397102,0.0,14.52556748614066,1121.6270137216943,24.87830228106012,302.7106577576344,9.61137473881863
16,230.0,71.81436858569838,0.95,0.02,0.0,0.02,0.0,0.0,0.01,0.0,299.74,85.74,0.7673316874624675,0.8375830252589034,71.81446858569838,10.1840000789918,1101.1523806915202,61.99148167337169,0.9500000452674,0.0199999625797488,0.0,0.0199999946197054,0.0,0.0,0.0099999975331455,0.0,0.2018384595875306,0.6384669898514268,0.0,0.1089233636211168,0.0,0.0,0.0507711869399257,0.0,11.100361801629017,1.0669953647714998,1.0,1.1486584470218817,0.0,2.130644025005578,0.0,0.0,2.233773533688425,0.0,14.52556748614066,1121.6270137216943,24.87830228106012,302.7106577576344,9.61137473881863
16,235.0,12.225417996963822,0.95,0.02,0.0,0.02,0.0,0.0,0.01,0.0,299.74,85.74,0.7840128111029558,0.1425871005010942,70.03285130314924,12.225317996963822,1102.3849631160167,30.68778561922501,0.9987297474344504,0.0001175664668454,0.0,0.0007626749563078,0.0,0.0,0.0003900111423961,0.0,0.9499932500556872,0.0200027540737684,0.0,0.0200026647146683,0.0,0.0,0.010001331155876,0.0,13.176937082298323,0.9345756988501932,1.0,1.2487642369410088,0.0,2.2728400681713627,0.0,0.0,2.5102940953755364,0.0,13.258875583506692,1102.8688895247462,29.73094022392497,302.7106577576344,11.525181126674264
16,235.0,18.648455030984422,0.95,0.02,0.0,0.02,0.0,0.0,0.01,0.0,299.74,85.74,0.7840128111029558,0.2175000586772151,70.03285130314924,12.225317996963822,1098.37340854793,38.5352081601436,0.9883650559940652,0.001432245450946,0.0,0.0067678737223025,0.0,0.0,0.0034348248326862,0.0,0.6615265382215071,0.159614143481181,0.0,0.1194946358115058,0.0,0.0,0.0593646824858059,0.0,12.516740853982496,0.9680096556528264,1.0,1.2214073582667628,0.0,2.2022800781143235,0.0,0.0,2.417909186723901,0.0,13.258875583506692,1102.8688895247462,29.73094022392497,302.7106577576344,11.525181126674264
16,235.0,25.071492065005025,0.95,0.02,0.0,0.02,0.0,0.0,0.01,0.0,299.74,85.74,0.7840128111029558,0.292413016853336,70.03285130314924,12.225317996963822,1095.1153160332149,44.70579180487396,0.9802261375114236,0.0031559385305052,0.0,0.0110421581060506,0.0,0.0,0.0055757658520205,0.0,0.5177304776682876,0.2608900046455721,0.0,0.1481077357355709,0.0,0.0,0.0732717819505693,0.0,12.005606956478612,0.9954981033660816,1.0,1.2013163827363944,0.0,2.1496953565038885,0.0,0.0,2.3492943445925625,0.0,13.258875583506692,1102.8688895247462,29.73094022392497,302.7106577576344,11.525181126674264
16,235.0,31.494529099025627,0.95,0.02,0.0,0.02,0.0,0.0,0.01,0.0,299.74,85.74,0.7840128111029558,0.3673259750294568,70.03285130314924,12.225317996963822,1092.4629400832102,49.50591022759384,0.9738433890272632,0.0052004826672889,0.0,0.0139400492779654,0.0,0.0,0.0070160790274822,0.0,0.4314300251285946,0.3418747688324648,0.0,0.1517978954272882,0.0,0.0,0.0748973106116522,0.0,11.60633363992708,1.0180934042756384,1.0,1.1859124255980815,0.0,2.109986313243475,0.0,0.0,2.2975289523054423,0.0,13.258875583506692,1102.8688895247462,29.73094022392497,302.7106577576344,11.525181126674264
16,235.0,37.91756613304623,0.95,0.02,0.0,0.02,0.0,0.0,0.01,0.0,299.74,85.74,0.7840128111029558,0.4422389332055776,70.03285130314924,12.225317996963822,1090.225172649432,53.36255323026487,0.9686499248221088,0.0074594901793109,0.0,0.0159034729634724,0.0,0.0,0.0079871120351077,0.0,0.3737856959255267,0.4074557784008457,0.0,0.1465676670544388,0.0,0.0,0.0721908586191887,0.0,11.281345907717116,1.0372889977312276,1.0,1.1734592983722243,0.0,2.078607287314953,0.0,0.0,2.256594747515923,0.0,13.258875583506692,1102.8688895247462,29.73094022392497,302.7106577576344,11.525181126674264
16,235.0,44.34060316706683,0.95,0.02,0.0,0.02,0.0,0.0,0.01,0.0,299.74,85.74,0.7840128111029558,0.5171518913816986,70.03285130314924,12.225317996963822,1088.2538902040208,56.61285763402376,0.9642168960464784,0.0098525957053337,0.0,0.0172698896792174,0.0,0.0,0.0086606185689704,0.0,0.3325396140426301,0.460716465237301,0.0,0.1385726453134014,0.0,0.0,0.0681712754066675,0.0,11.003996813599,1.0542374196687057,1.0,1.1628472507377898,0.0,2.052490845122836,0.0,0.0,2.222488010729689,0.0,13.258875583506692,1102.8688895247462,29.73094022392497,302.7106577576344,11.525181126674264
16,235.0,50.76364020108743,0.95,0.02,0.0,0.02,0.0,0.0,0.01,0.0,299.74,85.74,0.7840128111029558,0.5920648495578195,70.03285130314924,12.225317996963822,1086.4537170490044,59.475625106463134,0.9602715492816954,0.0123287118349626,0.0,0.0182548403010706,0.0,0.0,0.0091448985822713,0.0,0.3015884700738216,0.5042649885797442,0.0,0.1301666009006867,0.0,0.0,0.0639799404457474,0.0,10.757862586524984,1.0696581728347043,1.0,1.153453521618278,0.0,2.0297976279244905,0.0,0.0,2.1928210449851613,0.0,13.258875583506692,1102.8688895247462,29.73094022392497,302.7106577576344,11.525181126674264
16,235.0,57.18667723510804,0.95,0.02,0.0,0.02,0.0,0.0,0.01,0.0,299.74,85.74,0.7840128111029558,0.6669778077339402,70.03285130314924,12.225317996963822,1084.7663208274532,62.08532101426125,0.95664825664435,0.0148568080538589,0.0,0.0189895280491282,0.0,0.0,0.0095054072526627,0.0,0.2775410273518496,0.5402244373603579,0.0,0.1222073855332383,0.0,0.0,0.0600271497545541,0.0,10.5331449507321,1.0840643017543252,1.0,1.1449334634704085,0.0,2.0094520514093954,0.0,0.0,2.1662045177826568,0.0,13.258875583506692,1102.8688895247462,29.73094022392497,302.7106577576344,11.525181126674264
16,235.0,63.60971426912864,0.95,0.02,0.0,0.02,0.0,0.0,0.01,0.0,299.74,85.74,0.7840128111029558,0.7418907659100611,70.03285130314924,12.225317996963822,1083.155851886337,64.52492481995858,0.9532456715427442,0.017417879987349,0.0,0.0195543662293547,0.0,0.0,0.009782082240552,0.0,0.2583566041264017,0.5702424476979461,0.0,0.1149632919985611,0.0,0.0,0.0564376561770909,0.0,10.323888805636498,1.0977000870229532,1.0,1.1370586388440809,0.0,1.9907905957201268,0.0,0.0,2.141799897351743,0.0,13.258875583506692,1102.8688895247462,29.73094022392497,302.7106577576344,11.525181126674264
16,235.0,70.03275130314924,0.95,0.02,0.0,0.02,0.0,0.0,0.01,0.0,299.74,85.74,0.7840128111029558,0.816803724086182,70.03285130314924,12.225317996963822,1081.59970028603,66.8469808709623,0.9500000495117872,0.0199999597076296,0.0,0.0199999938065692,0.0,0.0,0.0099999969740139,0.0,0.2427309474231177,0.5955709547390009,0.0,0.1084723042233726,0.0,0.0,0.0532257936145086,0.0,10.126363255234258,1.1107531089680862,1.0,1.129705545179497,0.0,1.9734044317902597,0.0,0.0,2.119064175544778,0.0,13.258875583506692,1102.8688895247462,29.73094022392497,302.7106577576344,11.525181126674264
16,240.0,14.562203891786352,0.95,0.02,0.0,0.02,0.0,0.0,0.01,0.0,299.74,85.74,0.8006939347434443,0.1698414263096145,68.85078266354114,14.562103891786354,1082.6581972089978,36.50934175851727,0.9984696002339812,0.0001546350919719,0.0,0.0009230986017017,0.0,0.0,0.000452666072345,0.0,0.9499944544418236,0.020002270570112,0.0,0.0200021826478044,0.0,0.0,0.0100010923402601,0.0,11.923195330477954,0.9854841766967796,1.0,1.2122090648982284,0.0,2.0906450986375527,0.0,0.0,2.342853676287533,0.0,12.014498351825988,1083.263844328595,35.3375257790447,302.7106577576344,13.710780754884407
16,240.0,20.594257088648,0.95,0.02,0.0,0.02,0.0,0.0,0.01,0.0,299.74,85.74,0.8006939347434443,0.2401942744185677,68.85078266354114,14.562103891786354,1078.7247604437937,43.99835995063013,0.9887170784220306,0.0014743279786661,0.0,0.006570202639141,0.0,0.0,0.0032383909601621,0.0,0.7102201367983507,0.1347318776115716,0.0,0.1031724682041165,0.0,0.0,0.051875517385961,0.0,11.348773545940992,1.0175469163871562,1.0,1.189883575552014,0.0,2.034772868383257,0.0,0.0,2.2683686358665165,0.0,12.014498351825988,1083.263844328595,35.3375257790447,302.7106577576344,13.710780754884407
16,240.0,26.62631028550964,0.95,0.02,0.0,0.02,0.0,0.0,0.01,0.0,299.74,85.74,0.8006939347434443,0.3105471225275208,68.85078266354114,14.562103891786354,1075.4245940737949,50.05110327035207,0.9808206508979866,0.0031757552378871,0.0,0.0107056582500669,0.0,0.0,0.0052979356140591,0.0,0.5763238083427472,0.2239807572859038,0.0,0.1326865957689059,0.0,0.0,0.067008838602443,0.0,10.89121215554807,1.044592779662716,1.0,1.1729644525869438,0.0,1.9916608380303384,0.0,0.0,2.211028323855416,0.0,12.014498351825988,1083.263844328595,35.3375257790447,302.7106577576344,13.710780754884407
16,240.0,32.658363482371286,0.95,0.02,0.0,0.02,0.0,0.0,0.01,0.0,299.74,85.74,0.8006939347434443,0.3808999706364741,68.85078266354114,14.562103891786354,1072.664961619825,54.88492142872908,0.974451514585246,0.0051896798347163,0.0,0.0136056161913608,0.0,0.0,0.0067531893886764,0.0,0.4907364922550858,0.2981766162672612,0.0,0.1401032814382326,0.0,0.0,0.0709836100394201,0.0,10.525383252180866,1.0673076660475878,1.0,1.1597438455916644,0.0,1.958186273880934,0.0,0.0,2.1665121273244994,0.0,12.014498351825988,1083.263844328595,35.3375257790447,302.7106577576344,13.710780754884407
16,240.0,38.690416679232925,0.95,0.02,0.0,0.02,0.0,0.0,0.01,0.0,299.74,85.74,0.8006939347434443,0.4512528187454271,68.85078266354114,14.562103891786354,1070.3000611648129,58.83460733169108,0.9691741946253424,0.0074247262692421,0.0,0.0156274149655438,0.0,0.0,0.0077736641398714,0.0,0.4312120758404507,0.360243764183728,0.0,0.1383071496644989,0.0,0.0,0.0702370103113224,0.0,10.223798860321384,1.0868300199106642,1.0,1.1489508134218709,0.0,1.931301529584757,0.0,0.0,2.1307214694059784,0.0,12.014498351825988,1083.263844328595,35.3375257790447,302.7106577576344,13.710780754884407
16,240.0,44.72246987609456,0.95,0.02,0.0,0.02,0.0,0.0,0.01,0.0,299.74,85.74,0.8006939347434443,0.5216056668543803,68.85078266354114,14.562103891786354,1068.202932235817,62.18916874621341,0.9646289182284776,0.009805603677453,0.0,0.0170636784722147,0.0,0.0,0.0085017996218544,0.0,0.3873909844459636,0.412063117013723,0.0,0.1329270762400914,0.0,0.0,0.0676188223002218,0.0,9.965257075283269,1.1041425338079187,1.0,1.1397461236830504,0.0,1.9087685868626247,0.0,0.0,2.100683324362219,0.0,12.014498351825988,1083.263844328595,35.3375257790447,302.7106577576344,13.710780754884407
16,240.0,50.75452307295621,0.95,0.02,0.0,0.02,0.0,0.0,0.01,0.0,299.74,85.74,0.8006939347434443,0.5919585149633335,68.85078266354114,14.562103891786354,1066.2845420150277,65.15021828892239,0.9605697652048608,0.0122809160882515,0.0,0.0181134766633025,0.0,0.0,0.009035842043585,0.0,0.3537962387099683,0.4554067259489698,0.0,0.1264122321830936,0.0,0.0,0.0643848031579684,0.0,9.735755284566812,1.1199447605580324,1.0,1.131613186951998,0.0,1.8891466024856196,0.0,0.0,2.074514629122344,0.0,12.014498351825988,1083.263844328595,35.3375257790447,302.7106577576344,13.710780754884407
16,240.0,56.78657626981786,0.95,0.02,0.0,0.02,0.0,0.0,0.01,0.0,299.74,85.74,0.8006939347434443,0.6623113630722867,68.85078266354114,14.562103891786354,1064.4870425527324,67.84833008605827,0.9568393089071924,0.0148177749038186,0.0,0.0189038738236711,0.0,0.0,0.0094390423653176,0.0,0.3272515158371334,0.4918638779195685,0.0,0.1198070015586165,0.0,0.0,0.0610776046846816,0.0,9.52650081039677,1.1346777270580488,1.0,1.1242393694298356,0.0,1.871543925077244,0.0,0.0,2.0510253701805268,0.0,12.014498351825988,1083.263844328595,35.3375257790447,302.7106577576344,13.710780754884407
16,240.0,62.818629466679496,0.95,0.02,0.0,0.02,0.0,0.0,0.01,0.0,299.74,85.74,0.8006939347434443,0.7326642111812398,68.85078266354114,14.562103891786354,1062.7733531414606,70.36706843503818,0.9533375825394438,0.017395287601552,0.0,0.0195154051273428,0.0,0.0,0.0097517247316612,0.0,0.3057821764901188,0.522759746722829,0.0,0.113536159917488,0.0,0.0,0.0579219168695641,0.0,9.331968867144028,1.1486396884660115,1.0,1.1174347032100325,0.0,1.855405018740346,0.0,0.0,2.029480880871057,0.0,12.014498351825988,1083.263844328595,35.3375257790447,302.7106577576344,13.710780754884407
16,240.0,68.85068266354114,0.95,0.02,0.0,0.02,0.0,0.0,0.01,0.0,299.74,85.74,0.8006939347434443,0.803017059290193,68.85078266354114,14.562103891786354,1061.1193854915734,72.76069590150388,0.9500000537682552,0.0199999570154119,0.0,0.0199999928718179,0.0,0.0,0.0099999963445149,0.0,0.2880931071919662,0.5491560049540875,0.0,0.1077505291557856,0.0,0.0,0.0550003586981606,0.0,9.148611920913272,1.162022777159234,1.0,1.1110807434621932,0.0,1.8403743804904,0.0,0.0,2.0094138890751463,0.0,12.014498351825988,1083.263844328595,35.3375257790447,302.7106577576344,13.710780754884407
16,245.0,17.222167859486596,0.95,0.02,0.0,0.02,0.0,0.0,0.01,0.0,299.74,85.74,0.8173750583839328,0.200865032184355,68.23528098136984,17.222067859486597,1061.9113116238443,43.24263486883152,0.9981670740569228,0.0002026145373748,0.0,0.0011049140835134,0.0,0.0,0.0005253973221888,0.0,0.9499954239774,0.0200018808135033,0.0,0.0200017950922259,0.0,0.0,0.0100009001168709,0.0,10.692789219118652,1.0425952919316368,1.0,1.178810687673135,0.0,1.937638769576376,0.0,0.0,2.1896765247475622,0.0,10.793959502416731,1062.6711211462375,41.80803719266337,302.7106577576344,16.191644196077288
16,245.0,22.89028042858473,0.95,0.02,0.0,0.02,0.0,0.0,0.01,0.0,299.74,85.74,0.8173750583839328,0.266973179712908,68.23528098136984,17.222067859486597,1058.0357434271236,50.42108104542071,0.9890068105759536,0.0015305302335823,0.0,0.0063859045345845,0.0,0.0,0.0030767546558795,0.0,0.7524402686277876,0.1135432410844185,0.0,0.0889519856484033,0.0,0.0,0.0450645046393905,0.0,10.1939346009773,1.073752288334245,1.0,1.1606172007507742,0.0,1.8930614799046623,0.0,0.0,2.1294403727539883,0.0,10.793959502416731,1062.6711211462375,41.80803719266337,302.7106577576344,16.191644196077288
16,245.0,28.558392997682876,0.95,0.02,0.0,0.02,0.0,0.0,0.01,0.0,299.74,85.74,0.8173750583839328,0.3330813272414611,68.23528098136984,17.222067859486597,1054.692631077713,56.37622090702239,0.9813769927823558,0.0032129479768588,0.0,0.0103648334813099,0.0,0.0,0.0050452257594753,0.0,0.630991339393726,0.1906733025238001,0.0,0.1179603618219956,0.0,0.0,0.0603749962604782,0.0,9.786079386392856,1.1006641151280805,1.0,1.1464166085362315,0.0,1.8575660386867208,0.0,0.0,2.0815444091075075,0.0,10.793959502416731,1062.6711211462375,41.80803719266337,302.7106577576344,16.191644196077288
16,245.0,34.226505566781015,0.95,0.02,0.0,0.02,0.0,0.0,0.01,0.0,299.74,85.74,0.8173750583839328,0.3991894747700142,68.23528098136984,17.222067859486597,1051.8269647259058,61.25746040745914,0.9750532888576146,0.005196595641979,0.0,0.0132506264621651,0.0,0.0,0.0064994890382411,0.0,0.548688461880596,0.2571256327296626,0.0,0.1281136090037803,0.0,0.0,0.0660722963859611,0.0,9.452499282847551,1.1237739390840793,1.0,1.1350981346059632,0.0,1.829237876865214,0.0,0.0,2.043320856146797,0.0,10.793959502416731,1062.6711211462375,41.80803719266337,302.7106577576344,16.191644196077288
16,245.0,39.89461813587915,0.95,0.02,0.0,0.02,0.0,0.0,0.01,0.0,299.74,85.74,0.8173750583839328,0.4652976222985672,68.23528098136984,17.222067859486597,1049.3311964708746,65.31996309184626,0.9697119591450388,0.00740504001088,0.0,0.0153239641297529,0.0,0.0,0.0075590367143281,0.0,0.4891459441358071,0.3144627853438935,0.0,0.1293229790257639,0.0,0.0,0.0670682914945354,0.0,9.173598749234774,1.1438934563232015,1.0,1.1257651850978747,0.0,1.806076625561872,0.0,0.0,2.012040344120544,0.0,10.793959502416731,1062.6711211462375,41.80803719266337,302.7106577576344,16.191644196077288
16,245.0,45.56273070497728,0.95,0.02,0.0,0.02,0.0,0.0,0.01,0.0,299.74,85.74,0.8173750583839328,0.5314057698271202,68.23528098136984,17.222067859486597,1047.100148231479,68.80456470066646,0.9650616740694488,0.0097697415960102,0.0,0.0168311094384515,0.0,0.0,0.0083374748960892,0.0,0.4440352607627994,0.3636636592875914,0.0,0.1264521034814652,0.0,0.0,0.0658489764681439,0.0,8.933017721387236,1.16186367067885,1.0,1.1177863876251386,0.0,1.7864880978218898,0.0,0.0,1.9855527759361864,0.0,10.793959502416731,1062.6711211462375,41.80803719266337,302.7106577576344,16.191644196077288
16,245.0,51.23084327407543,0.95,0.02,0.0,0.02,0.0,0.0,0.01,0.0,299.74,85.74,0.8173750583839328,0.5975139173556733,68.23528098136984,17.222067859486597,1045.053273177513,71.89251666287889,0.9608879345161458,0.0122403372315997,0.0,0.0179510062371082,0.0,0.0,0.0089207220151462,0.0,0.408680720470411,0.4057898899882353,0.0,0.1218705454045873,0.0,0.0,0.0636588441367663,0.0,8.719153592790123,1.1783051777907956,1.0,1.1107410332801153,0.0,1.7693694130209368,0.0,0.0,1.962400883246378,0.0,10.793959502416731,1062.6711211462375,41.80803719266337,302.7106577576344,16.191644196077288
16,245.0,56.89895584317356,0.95,0.02,0.0,0.02,0.0,0.0,0.01,0.0,299.74,85.74,0.8173750583839328,0.6636220648842263,68.23528098136984,17.222067859486597,1043.1346957916833,74.70824063231521,0.9570452880343894,0.0147827102571016,0.0,0.0188040255809835,0.0,0.0,0.0093679761275253,0.0,0.3802489634200943,0.4419211797508374,0.0,0.1167182124608101,0.0,0.0,0.0611116443682582,0.0,8.524307855083396,1.193660890069316,1.0,1.1043677401133465,0.0,1.7540067899694385,0.0,0.0,1.9415978172647208,0.0,10.793959502416731,1062.6711211462375,41.80803719266337,302.7106577576344,16.191644196077288
16,245.0,62.5670684122717,0.95,0.02,0.0,0.02,0.0,0.0,0.01,0.0,299.74,85.74,0.8173750583839328,0.7297302124127794,68.23528098136984,17.222067859486597,1041.3068578164075,77.33480722076003,0.953437376794067,0.0173742642705173,0.0,0.019469486445324,0.0,0.0,0.0097188724900915,0.0,0.3569176542767607,0.4730424212960195,0.0,0.1115344002985816,0.0,0.0,0.058505524128638,0.0,8.343450903361092,1.2082213750755053,1.0,1.098500430459518,0.0,1.7399377410886765,0.0,0.0,1.9225193913281415,0.0,10.793959502416731,1062.6711211462375,41.80803719266337,302.7106577576344,16.191644196077288
16,245.0,68.23518098136984,0.95,0.02,0.0,0.02,0.0,0.0,0.01,0.0,299.74,85.74,0.8173750583839328,0.7958383599413325,68.23528098136984,17.222067859486597,1039.544509088484,79.8278230457751,0.9500000593614668,0.0199999534835767,0.0,0.019999991610993,0.0,0.0,0.0099999955439632,0.0,0.3374583489645246,0.4999956633822369,0.0,0.106564844633969,0.0,0.0,0.0559811430192693,0.0,8.173262006797147,1.222196490809634,1.0000000000258276,1.0930322645742092,0.0,1.7268407766519371,0.0,0.0,1.9047568032550943,0.0,10.793959502416731,1062.6711211462375,41.80803719266337,302.7106577576344,16.191644196077288
16,250.0,20.234971577186364,0.95,0.02,0.0,0.02,0.0,0.0,0.01,0.0,299.74,85.74,0.8340561820244211,0.2360038672403355,68.16060732592761,20.234871577186365,1039.9616984428874,51.035081891707335,0.9978140422653088,0.0002648737433584,0.0,0.0013106552790328,0.0,0.0,0.0006104287122998,0.0,0.9499962114017728,0.0200015637344346,0.0,0.0200014808707844,0.0,0.0,0.0100007439930081,0.0,9.487573456003568,1.107428449749395,1.0,1.1482811802083468,0.0,1.807887963091347,0.0,0.0,2.0488729748257306,0.0,9.599114364051816,1040.9186176418627,49.27650279185157,302.7106577576344,18.99215487266697
16,250.0,25.56003110482428,0.95,0.02,0.0,0.02,0.0,0.0,0.01,0.0,299.74,85.74,0.8340561820244211,0.2981109296107334,68.16060732592761,20.234871577186365,1036.1231166683222,57.94530016952938,0.9892240867672571,0.001604062862765,0.0,0.0062224496761668,0.0,0.0,0.0029494006938109,0.0,0.7885428096121332,0.0957227655127754,0.0,0.0767122079581584,0.0,0.0,0.0390222169169328,0.0,9.05560448533957,1.138133369454058,1.0,1.1335008065298957,0.0,1.7720429312731594,0.0,0.0,2.000037875091928,0.0,9.599114364051816,1040.9186176418627,49.27650279185157,302.7106577576344,18.99215487266697
16,250.0,30.885090632462195,0.95,0.02,0.0,0.02,0.0,0.0,0.01,0.0,299.74,85.74,0.8340561820244211,0.3602179919811313,68.16060732592761,20.234871577186365,1032.7320623522694,63.820798025445846,0.981879893716522,0.0032708310648124,0.0,0.0100286990689087,0.0,0.0,0.0048205761497569,0.0,0.6809214544315485,0.1612006101926334,0.0,0.1041616090637361,0.0,0.0,0.0537163263120819,0.0,8.693940893566369,1.1652728501640552,1.0,1.121657777395558,0.0,1.742688638308733,0.0,0.0,1.960055218431305,0.0,9.599114364051816,1040.9186176418627,49.27650279185157,302.7106577576344,18.99215487266697
16,250.0,36.21015016010011,0.95,0.02,0.0,0.02,0.0,0.0,0.01,0.0,299.74,85.74,0.8340561820244211,0.4223250543515292,68.16060732592761,20.234871577186365,1029.7587012594577,68.7602334867857,0.97563308103459,0.0052250683936056,0.0,0.0128824419649619,0.0,0.0,0.0062594086068422,0.0,0.6040065998540151,0.2194309157187315,0.0,0.1160722631023572,0.0,0.0,0.0604902213248961,0.0,8.391615529598205,1.189067500897415,1.0,1.1120189043602844,0.0,1.7186390884820533,0.0,0.0,1.927299553129361,0.0,9.599114364051816,1040.9186176418627,49.27650279185157,302.7106577576344,18.99215487266697
16,250.0,41.53520968773803,0.95,0.02,0.0,0.02,0.0,0.0,0.01,0.0,299.74,85.74,0.8340561820244211,0.4844321167219271,68.16060732592761,20.234871577186365,1027.1266132998933,72.95193432778686,0.9702513635417548,0.007404575811635,0.0,0.0149972590007652,0.0,0.0,0.0073468016458448,0.0,0.546228186343103,0.2711276466805934,0.0,0.1197446815051193,0.0,0.0,0.0628994854711841,0.0,8.135029875370032,1.2101105493544686,1.0,1.1039784284262515,0.0,1.698603464783201,0.0,0.0,1.8999948076297988,0.0,9.599114364051816,1040.9186176418627,49.27650279185157,302.7106577576344,18.99215487266697
16,250.0,46.86026921537594,0.95,0.02,0.0,0.02,0.0,0.0,0.01,0.0,299.74,85.74,0.8340561820244211,0.546539179092325,68.16060732592761,20.234871577186365,1024.751794263496,76.59017633816865,0.9655077795515788,0.0097488687495316,0.0,0.0165735959441045,0.0,0.0,0.0081697557547849,0.0,0.5011992712812244,0.3166714325606716,0.0,0.1191613681414691,0.0,0.0,0.0629679280166347,0.0,7.911964755481157,1.2290778386710344,1.0,1.0970817300873923,0.0,1.6814745271505132,0.0,0.0,1.8766304029873504,0.0,9.599114364051816,1040.9186176418627,49.27650279185157,302.7106577576344,18.99215487266697
16,250.0,52.18532874301386,0.95,0.02,0.0,0.02,0.0,0.0,0.01,0.0,299.74,85.74,0.8340561820244211,0.608646241462723,68.16060732592761,20.234871577186365,1022.5638513173872,79.83308257671877,0.9612221405126424,0.012210064202638,0.0,0.0177672944450943,0.0,0.0,0.0088005008396254,0.0,0.4651162730451982,0.3565857964359206,0.0,0.1164702401859749,0.0,0.0,0.0618276903329061,0.0,7.713116935973597,1.2464993115316103,1.0,1.0909897737214636,0.0,1.6664487031808806,0.0,0.0,1.8560944725079007,0.0,9.599114364051816,1040.9186176418627,49.27650279185157,302.7106577576344,18.99215487266697
16,250.0,57.510388270651774,0.95,0.02,0.0,0.02,0.0,0.0,0.01,0.0,299.74,85.74,0.8340561820244211,0.6707533038331208,68.16060732592761,20.234871577186365,1020.510420524522,82.79628161440466,0.9572644932370356,0.0147536878565084,0.0,0.018689316079243,0.0,0.0,0.0092925028272128,0.0,0.4355703379248004,0.3915136754974351,0.0,0.1128151027803208,0.0,0.0,0.0601008837974435,0.0,7.531946104093945,1.26280117331156,1.0,1.0854991332215809,0.0,1.6529361700188268,0.0,0.0,1.8376228628547209,0.0,9.599114364051816,1040.9186176418627,49.27650279185157,302.7106577576344,18.99215487266697
16,250.0,62.83544779828969,0.95,0.02,0.0,0.02,0.0,0.0,0.01,0.0,299.74,85.74,0.8340561820244211,0.7328603662035187,68.16060732592761,20.234871577186365,1018.5543925739372,85.56079243488706,0.953544560682458,0.0173558156664511,0.0,0.0194160821914399,0.0,0.0,0.0096835414596507,0.0,0.4109575774326111,0.4221168366293762,0.0,0.1087998537207045,0.0,0.0,0.058125732217308,0.0,7.363980619194541,1.2782876965386458,1.0,1.0804562993644138,0.0,1.6405447178981805,0.0,0.0,1.820677738414082,0.0,9.599114364051816,1040.9186176418627,49.27650279185157,302.7106577576344,18.99215487266697
16,250.0,68.16050732592761,0.95,0.02,0.0,0.02,0.0,0.0,0.01,0.0,299.74,85.74,0.8340561820244211,0.7949674285739167,68.16060732592761,20.234871577186365,1016.6698147231716,88.1828400900767,0.9500000652016688,0.0199999500349152,0.0,0.0199999901306879,0.0,0.0,0.0099999946327281,0.0,0.3901657679653903,0.449009953723432,0.0,0.1047398367338655,0.0,0.0,0.0560844415773121,0.0,7.206156759483736,1.2931578544841216,1.0,1.0757675737272818,0.0,1.6290112664677314,0.0,0.0,1.8049045543711,0.0,9.599114364051816,1040.9186176418627,49.27650279185157,302.7106577576344,18.99215487266697
16,255.0,23.63274207302793,0.95,0.02,0.0,0.02,0.0,0.0,0.01,0.0,299.74,85.74,0.8507373056649096,0.2756326343950074,68.60576225350543,23.63264207302793,1016.579218975651,60.072532804526205,0.9973990352201616,0.000346069005003,0.0,0.0015441494581509,0.0,0.0,0.0007107463166843,0.0,0.94999685641143,0.0200013034837639,0.0,0.020001224024931,0.0,0.0,0.0100006160798752,0.0,8.309808058612736,1.1820795520287994,1.0,1.1203904678894565,0.0,1.6966320659439311,0.0,0.0,1.9188313685571687,0.0,8.432227805466914,1017.7913832278248,57.90987351738985,302.7106577576344,22.13772066860631
16,255.0,28.6297332041921,0.95,0.02,0.0,0.02,0.0,0.0,0.01,0.0,299.74,85.74,0.8507373056649096,0.3339133800348974,68.60576225350543,23.63264207302793,1012.755663127472,66.75269943223066,0.9893563647349478,0.0016993578350985,0.0,0.0060878310178638,0.0,0.0,0.0028564464120897,0.0,0.8191093646811533,0.0808639211430968,0.0,0.0662688220570829,0.0,0.0,0.0337578921186668,0.0,7.937360597431565,1.2128215479700315,1.0,1.1084603559150563,0.0,1.667635933911251,0.0,0.0,1.8791382313800584,0.0,8.432227805466914,1017.7913832278248,57.90987351738985,302.7106577576344,22.13772066860631
16,255.0,33.626724335356265,0.95,0.02,0.0,0.02,0.0,0.0,0.01,0.0,299.74,85.74,0.8507373056649096,0.3921941256747873,68.60576225350543,23.63264207302793,1009.3074880340002,72.56541015130864,0.9823125091584995,0.0033537637598012,0.0,0.0097070265353509,0.0,0.0,0.0046267005463481,0.0,0.7257320924864783,0.1355347160213682,0.0,0.0914393181193681,0.0,0.0,0.0472938733727852,0.0,7.618718263422575,1.2405825794763536,1.0,1.0986588646497877,0.0,1.6432334269258635,0.0,0.0,1.845787797820196,0.0,8.432227805466914,1017.7913832278248,57.90987351738985,302.7106577576344,22.13772066860631
16,255.0,38.62371546652044,0.95,0.02,0.0,0.02,0.0,0.0,0.01,0.0,299.74,85.74,0.8507373056649096,0.4504748713146774,68.60576225350543,23.63264207302793,1006.221165352255,77.57231879967107,0.9761730353436138,0.0052798037711669,0.0,0.0125097845790011,0.0,0.0,0.0060373763062183,0.0,0.6557415098139213,0.18549638437699,0.0,0.1042110764768221,0.0,0.0,0.0545510293322663,0.0,7.346797782790468,1.265433946409236,1.0,1.0905288196595602,0.0,1.6227616478520048,0.0,0.0,1.8177858304299628,0.0,8.432227805466914,1017.7913832278248,57.90987351738985,302.7106577576344,22.13772066860631
16,255.0,43.6207065976846,0.95,0.02,0.0,0.02,0.0,0.0,0.01,0.0,299.74,85.74,0.8507373056649096,0.5087556169545674,68.60576225350543,23.63264207302793,1003.4447647424732,81.90729450160482,0.9707777537599344,0.0074283228495701,0.0,0.0146529674970918,0.0,0.0,0.0071409558934036,0.0,0.601280659699339,0.2309942688234384,0.0,0.1097408674933781,0.0,0.0,0.0579842039838445,0.0,7.112422164396379,1.287788171758932,1.0,1.08366390039003,0.0,1.6053754286775366,0.0,0.0,1.7940012451768097,0.0,8.432227805466914,1017.7913832278248,57.90987351738985,302.7106577576344,22.13772066860631
16,255.0,48.61769772884877,0.95,0.02,0.0,0.02,0.0,0.0,0.01,0.0,299.74,85.74,0.8507373056649096,0.5670363625944573,68.60576225350543,23.63264207302793,1000.913867235074,85.72127165686305,0.9659572748232056,0.0097477173452442,0.0,0.0162937240591878,0.0,0.0,0.0080012837723624,0.0,0.5576655213188748,0.2720683522223835,0.0,0.1111245720335875,0.0,0.0,0.059141554425154,0.0,6.906779336981073,1.3081510557185505,1.0,1.0777392238378876,0.0,1.5903281568457832,0.0,0.0,1.773405396521125,0.0,8.432227805466914,1017.7913832278248,57.90987351738985,302.7106577576344,22.13772066860631
16,255.0,53.61468886001293,0.95,0.02,0.0,0.02,0.0,0.0,0.01,0.0,299.74,85.74,0.8507373056649096,0.6253171082343473,68.60576225350543,23.63264207302793,998.5693033994884,89.14730229674817,0.9615665912663894,0.0121939970045554,0.0,0.0175628668803696,0.0,0.0,0.0086765448486853,0.0,0.5219425501988808,0.3088852608701965,0.0,0.1101936416691998,0.0,0.0,0.0589785472617229,0.0,6.722686166114955,1.32697054900119,1.0,1.0725082640188743,0.0,1.5770442110807954,0.0,0.0,1.7551821808880534,0.0,8.432227805466914,1017.7913832278248,57.90987351738985,302.7106577576344,22.13772066860631
16,255.0,58.6116799911771,0.95,0.02,0.0,0.02,0.0,0.0,0.01,0.0,299.74,85.74,0.8507373056649096,0.6835978538742372,68.60576225350543,23.63264207302793,996.3636862537346,92.28946635623645,0.9574941171836276,0.0147334069976768,0.0,0.0185593353013115,0.0,0.0,0.009213140517384,0.0,0.4921577919724862,0.3417548524906709,0.0,0.1080153179504367,0.0,0.0,0.0580720375864061,0.0,6.554774479843462,1.3446574711891237,1.0,1.067796393404283,0.0,1.565056179606386,0.0,0.0,1.7387314196336747,0.0,8.432227805466914,1017.7913832278248,57.90987351738985,302.7106577576344,22.13772066860631
16,255.0,63.60867112234126,0.95,0.02,0.0,0.02,0.0,0.0,0.01,0.0,299.74,85.74,0.8507373056649096,0.7418785995141273,68.60576225350543,23.63264207302793,994.2614293429316,95.22473159031033,0.9536581761712718,0.0173412888086314,0.0,0.0193547066924935,0.0,0.0,0.0096458283276031,0.0,0.4669644121008919,0.3710634981065196,0.0,0.1052062934001294,0.0,0.0,0.056765796392459,0.0,6.399189303539093,1.3614917557074022,1.0,1.06348978076072,0.0,1.5540502697871366,0.0,0.0,1.7236374153584266,0.0,8.432227805466914,1017.7913832278248,57.90987351738985,302.7106577576344,22.13772066860631
16,255.0,68.60566225350543,0.95,0.02,0.0,0.02,0.0,0.0,0.01,0.0,299.74,85.74,0.8507373056649096,0.8001593451540172,68.60576225350543,23.63264207302793,992.2365001102074,98.00879298207242,0.9500000717181192,0.0199999463869526,0.0,0.0199999883281738,0.0,0.0,0.0099999935667542,0.0,0.4454013700531101,0.3972138827114895,0.0,0.1021213319893051,0.0,0.0,0.0552634152460952,0.0,6.253196653506823,1.3776777146339356,1.0,1.0594972974107564,0.0,1.543807333598077,0.0,0.0,1.7095894584164155,0.0,8.432227805466914,1017.7913832278248,57.90987351738985,302.7106577576344,22.13772066860631
16,260.0,27.450849482473256,0.95,0.02,0.0,0.02,0.0,0.0,0.01,0.0,299.74,85.74,0.867418429305398,0.3201638614704135,69.55203653469495,27.450749482473256,991.46607268414,70.59585755215868,0.9969054280190018,0.0004528164065079,0.0,0.0018112860008009,0.0,0.0,0.0008304695736892,0.0,0.9499973892289284,0.0200010880024682,0.0,0.0200010123896177,0.0,0.0,0.0100005103789857,0.0,7.162271991129083,1.2694699212288492,1.0,1.0949684591047086,0.0,1.600053016090548,0.0,0.0,1.7981102540258578,0.0,7.296085655146154,993.0143761526203,67.92140682303575,302.7106577576344,25.654931900849267
16,260.0,32.12874804383122,0.95,0.02,0.0,0.02,0.0,0.0,0.01,0.0,299.74,85.74,0.867418429305398,0.3747229769516121,69.55203653469495,27.450749482473256,987.6337907762252,77.08110573691154,0.9893871395738952,0.0018226831841154,0.0,0.0059911445729519,0.0,0.0,0.0027990326690373,0.0,0.8448213241474685,0.068540364543604,0.0,0.0574089837435928,0.0,0.0,0.0292293275653347,0.0,6.843132630836227,1.3008258523439928,1.0,1.0854369441843414,0.0,1.576437642985755,0.0,0.0,1.7658234716016743,0.0,7.296085655146154,993.0143761526203,67.92140682303575,302.7106577576344,25.654931900849267
16,260.0,36.80664660518919,0.95,0.02,0.0,0.02,0.0,0.0,0.01,0.0,299.74,85.74,0.867418429305398,0.4292820924328107,69.55203653469495,27.450749482473256,984.114793352074,82.84774102135982,0.9826551165983411,0.0034677196851126,0.0,0.0094107107493124,0.0,0.0,0.0044664529672337,0.0,0.7653950885235126,0.113459784007915,0.0,0.0798630477657337,0.0,0.0,0.0412820797028385,0.0,6.564687884380724,1.32970296000003,1.0,1.077431893385613,0.0,1.5560903964768371,0.0,0.0,1.7380227785852231,0.0,7.296085655146154,993.0143761526203,67.92140682303575,302.7106577576344,25.654931900849267
16,260.0,41.48454516654715,0.95,0.02,0.0,0.02,0.0,0.0,0.01,0.0,299.74,85.74,0.867418429305398,0.4838412079140092,69.55203653469495,27.450749482473256,980.9057402954672,87.93119611129387,0.976652202806504,0.0053668578084183,0.0,0.0121430151193731,0.0,0.0,0.0058379242657044,0.0,0.7032973996102166,0.155449750879716,0.0,0.0927271443695013,0.0,0.0,0.0485257051405659,0.0,6.322440623235298,1.3561075327882728,1.0,1.0706673693785869,0.0,1.5385988243478537,0.0,0.0,1.7141319945049212,0.0,7.296085655146154,993.0143761526203,67.92140682303575,302.7106577576344,25.654931900849267
16,260.0,46.16244372790512,0.95,0.02,0.0,0.02,0.0,0.0,0.01,0.0,299.74,85.74,0.867418429305398,0.5384003233952078,69.55203653469495,27.450749482473256,977.9733649543898,92.42234061654108,0.9712728981343306,0.0074824857558623,0.0,0.0142986661833399,0.0,0.0,0.0069459499264671,0.0,0.6533873335096277,0.1945344359917293,0.0,0.099494943060069,0.0,0.0,0.0525832874385739,0.0,6.110375332421039,1.3802625455803204,1.0,1.0648865373414016,0.0,1.523476614887454,0.0,0.0,1.693461364414493,0.0,7.296085655146154,993.0143761526203,67.92140682303575,302.7106577576344,25.654931900849267
16,260.0,50.84034228926308,0.95,0.02,0.0,0.02,0.0,0.0,0.01,0.0,299.74,85.74,0.867418429305398,0.5929594388764063,69.55203653469495,27.450749482473256,975.270574750978,96.43334988368905,0.9663968052430714,0.0097721877793755,0.0,0.0159957027464746,0.0,0.0,0.0078353042310784,0.0,0.6123743164520139,0.2306002993264764,0.0,0.1024522568457107,0.0,0.0,0.0545731273757987,0.0,5.922372509275469,1.402534220050326,1.0,1.0598624156663958,0.0,1.5102084913634877,0.0,0.0,1.6753377524555144,0.0,7.296085655146154,993.0143761526203,67.92140682303575,302.7106577576344,25.654931900849267
16,260.0,55.51824085062105,0.95,0.02,0.0,0.02,0.0,0.0,0.01,0.0,299.74,85.74,0.867418429305398,0.647518554357605,69.55203653469495,27.450749482473256,972.749826430108,100.07142261247652,0.9619128713970512,0.0121971025930223,0.0,0.0173393000068119,0.0,0.0,0.0085507260031146,0.0,0.5780663631074701,0.2636154906863928,0.0,0.1030701341568519,0.0,0.0,0.055248012049285,0.0,5.75311466679956,1.4233252156266696,1.0,1.0554225468179788,0.0,1.498389256600164,0.0,0.0,1.659173418504068,0.0,7.296085655146154,993.0143761526203,67.92140682303575,302.7106577576344,25.654931900849267
16,260.0,60.19613941197902,0.95,0.02,0.0,0.02,0.0,0.0,0.01,0.0,299.74,85.74,0.867418429305398,0.7020776698388036,69.55203653469495,27.450749482473256,970.3699809430508,103.42656416556196,0.957729711000594,0.0147253952733385,0.0,0.0184141803586257,0.0,0.0,0.0091307133674414,0.0,0.5489499071720135,0.2936687975909957,0.0,0.1022790288450224,0.0,0.0,0.0551022663919681,0.0,5.598376814532343,1.442955413984599,1.0,1.0514308435535746,0.0,1.4876817494167769,0.0,0.0,1.6445188556077055,0.0,7.296085655146154,993.0143761526203,67.92140682303575,302.7106577576344,25.654931900849267
16,260.0,64.87403797333698,0.95,0.02,0.0,0.02,0.0,0.0,0.01,0.0,299.74,85.74,0.867418429305398,0.7566367853200021,69.55203653469495,27.450749482473256,968.0981320218044,106.5693848367202,0.9537765369688304,0.0173324899564331,0.0,0.0192850220626994,0.0,0.0,0.0096059510120369,0.0,0.52394531766285,0.3209384400637819,0.0,0.1006611190275164,0.0,0.0,0.0544551232458514,0.0,5.45496269292377,1.4617046225979835,1.0,1.047791795051625,0.0,1.4778297145656598,0.0,0.0,1.6310367461097024,0.0,7.296085655146154,993.0143761526203,67.92140682303575,302.7106577576344,25.654931900849267
16,260.0,69.55193653469495,0.95,0.02,0.0,0.02,0.0,0.0,0.01,0.0,299.74,85.74,0.867418429305398,0.8111959008012007,69.55203653469495,27.450749482473256,965.908957986784,109.55348461087416,0.9500000791248744,0.019999942450933,0.0,0.0199999861134823,0.0,0.0,0.0099999923107101,0.0,0.5022600859737618,0.3456499867058389,0.0,0.0985789329872698,0.0,0.0,0.0535109943331293,0.0,5.320506874554656,1.479784212838591,1.0,1.0444370829706993,0.0,1.4686600312439282,0.0,0.0,1.6184801026785844,0.0,7.296085655146154,993.0143761526203,67.92140682303575,302.7106577576344,25.654931900849267
16,265.0,31.729123816609977,0.95,0.02,0.0,0.02,0.0,0.0,0.01,0.0,299.74,85.74,0.8840995529458864,0.3700620925660133,70.9802500243836,31.729023816609978,964.224638024746,82.9276953680793,0.996308419063821,0.0005948452847637,0.0,0.0021212633384571,0.0,0.0,0.0009754723129582,0.0,0.9499978331491776,0.0200009080006682,0.0,0.020000836576934,0.0,0.0,0.0100004222732202,0.0,6.048433178802838,1.3739732562667242,1.0,1.0719343019726328,0.0,1.5149681441127756,0.0,0.0,1.6854083217248783,0.0,6.194157229336726,966.2255774553212,79.59167899763797,302.7106577576344,29.571779036695137
16,265.0,36.09034895080705,0.95,0.02,0.0,0.02,0.0,0.0,0.01,0.0,299.74,85.74,0.8840995529458864,0.4209277927549224,70.9802500243836,31.729023816609978,960.357023723976,89.2511283819071,0.9892933106335964,0.0019831935516638,0.0,0.0059436068475981,0.0,0.0,0.0027798889671416,0.0,0.8663740135623824,0.058344267444075,0.0,0.0499155180403538,0.0,0.0,0.0253662009531887,0.0,5.777406672274765,1.4066229951321787,1.0,1.0644357779060254,0.0,1.4956253348873891,0.0,0.0,1.6591174092918446,0.0,6.194157229336726,966.2255774553212,79.59167899763797,302.7106577576344,29.571779036695137
16,265.0,40.45157408500411,0.95,0.02,0.0,0.02,0.0,0.0,0.01,0.0,299.74,85.74,0.8840995529458864,0.4717934929438315,70.9802500243836,31.729023816609978,956.7482110676488,94.98913747686989,0.9828829072558136,0.0036212398097069,0.0,0.0091524813539116,0.0,0.0,0.0043433715805678,0.0,0.8001416793685485,0.0946434455155617,0.0,0.0694357422436777,0.0,0.0,0.0357791328722119,0.0,5.536705404131287,1.437296469424131,1.0,1.0580228477127949,0.0,1.4785796958878734,0.0,0.0,1.635987837556817,0.0,6.194157229336726,966.2255774553212,79.59167899763797,302.7106577576344,29.571779036695137
16,265.0,44.81279921920118,0.95,0.02,0.0,0.02,0.0,0.0,0.01,0.0,299.74,85.74,0.8840995529458864,0.5226591931327407,70.9802500243836,31.729023816609978,953.4009130272492,100.15926421999389,0.977044935168666,0.0054944601874762,0.0,0.0117946318119363,0.0,0.0,0.0056659728319214,0.0,0.7464073409898792,0.129196838609192,0.0,0.0817695223577549,0.0,0.0,0.0426262980431738,0.0,5.323518899061408,1.4658847105179262,1.0,1.0525147319682868,0.0,1.463619762754007,0.0,0.0,1.6156930381010028,0.0,6.194157229336726,966.2255774553212,79.59167899763797,302.7106577576344,29.571779036695137
16,265.0,49.17402435339825,0.95,0.02,0.0,0.02,0.0,0.0,0.01,0.0,299.74,85.74,0.8840995529458864,0.5735248933216498,70.9802500243836,31.729023816609978,950.2956443399328,104.81958684885596,0.9717137092011274,0.0075751352570489,0.0,0.0139443415602211,0.0,0.0,0.0067668139816024,0.0,0.7019302073651907,0.1619487380875197,0.0,0.0891832942731485,0.0,0.0,0.046937760274141,0.0,5.1340270374867485,1.4925224847647656,1.0,1.0477527699197435,0.0,1.4504211439008363,0.0,0.0,1.597801628898794,0.0,6.194157229336726,966.2255774553212,79.59167899763797,302.7106577576344,29.571779036695137
16,265.0,53.53524948759532,0.95,0.02,0.0,0.02,0.0,0.0,0.01,0.0,299.74,85.74,0.8840995529458864,0.6243905935105589,70.9802500243836,31.729023816609978,947.4000029394972,109.04906484000308,0.9668084320421636,0.0098298553170494,0.0,0.0156859263983138,0.0,0.0,0.0076757862424733,0.0,0.664495814590398,0.1927477533847275,0.0,0.0932778682959142,0.0,0.0,0.0494785637289603,0.0,4.964157456367017,1.5174505482025396,1.0,1.0435870413760906,0.0,1.4386930831808893,0.0,0.0,1.581884302976244,0.0,6.194157229336726,966.2255774553212,79.59167899763797,302.7106577576344,29.571779036695137
16,265.0,57.89647462179239,0.95,0.02,0.0,0.02,0.0,0.0,0.01,0.0,299.74,85.74,0.8840995529458864,0.675256293699468,70.9802500243836,31.729023816609978,944.6778322468832,112.92961838198194,0.9622488967284032,0.0122258143502984,0.0,0.0170997321427117,0.0,0.0,0.0084255567785866,0.0,0.6325495937608744,0.2214808719019931,0.0,0.0951652356871866,0.0,0.0,0.0508042986499457,0.0,4.8101533790275885,1.5409645570713566,1.0,1.0398966553379771,0.0,1.428129132663697,0.0,0.0,1.5675534780616482,0.0,6.194157229336726,966.2255774553212,79.59167899763797,302.7106577576344,29.571779036695137
16,265.0,62.25769975598945,0.95,0.02,0.0,0.02,0.0,0.0,0.01,0.0,299.74,85.74,0.8840995529458864,0.7261219938883771,70.9802500243836,31.729023816609978,942.0951845980176,116.5352711361083,0.9579644176540306,0.0147343107171269,0.0,0.0182548080787675,0.0,0.0,0.0090464635500748,0.0,0.6049720987305659,0.2481158272867779,0.0,0.0956037581216599,0.0,0.0,0.0513083158609962,0.0,4.668849796446533,1.5633317334659842,1.0,1.0365854883467234,0.0,1.41850374894699,0.0,0.0,1.5544921112100911,0.0,6.194157229336726,966.2255774553212,79.59167899763797,302.7106577576344,29.571779036695137
16,265.0,66.61892489018652,0.95,0.02,0.0,0.02,0.0,0.0,0.01,0.0,299.74,85.74,0.8840995529458864,0.7769876940772863,70.9802500243836,31.729023816609978,939.622989631352,119.92791561237524,0.9538968365584752,0.0173318575784515,0.0,0.0192069989785408,0.0,0.0,0.0095643068845324,0.0,0.580937301599957,0.2726951867331126,0.0,0.095103764918544,0.0,0.0,0.0512637467483861,0.0,4.5377200446290695,1.58482055775439,1.0,1.0335799448450211,0.0,1.409621576000537,0.0,0.0,1.542441066647698,0.0,6.194157229336726,966.2255774553212,79.59167899763797,302.7106577576344,29.571779036695137
16,265.0,70.98015002438359,0.95,0.02,0.0,0.02,0.0,0.0,0.01,0.0,299.74,85.74,0.8840995529458864,0.8278533942661954,70.9802500243836,31.729023816609978,937.2375730119298,123.1571295556774,0.9500000876495028,0.0199999381535413,0.0,0.0199999833752836,0.0,0.0,0.0099999908216722,0.0,0.55982165569628,0.2953141556831181,0.0,0.0940061733139444,0.0,0.0,0.0508580153066572,0.0,4.41480376269304,1.6056180792559964,1.0,1.0308249456769902,0.0,1.401330913566181,0.0,0.0,1.5311979994538347,0.0,6.194157229336726,966.2255774553212,79.59167899763797,302.7106577576344,29.571779036695137
16,270.0,36.513855316971146,0.95,0.02,0.0,0.02,0.0,0.0,0.01,0.0,299.74,85.74,0.9007806765863748,0.425867218532437,72.86713348620601,36.51375531697114,934.3032278078452,97.51807326122456,0.9955696509790376,0.0007870988698135,0.0,0.0024887659502108,0.0,0.0,0.001154484200938,0.0,0.9499982064012176,0.0200007562102261,0.0,0.0200006892334568,0.0,0.0,0.0100003481550994,0.0,4.972711010973742,1.502337188338629,1.0,1.0512793860964649,0.0,1.4386513010131188,0.0,0.0,1.5795184964359517,0.0,5.130843724671824,936.9320241360858,93.30322734807504,302.7106577576344,33.91794976874195
16,270.0,40.55309733577502,0.95,0.02,0.0,0.02,0.0,0.0,0.01,0.0,299.74,85.74,0.9007806765863748,0.4729775756446818,72.86713348620601,36.51375531697114,930.3692441516304,103.71172526791098,0.9890404774885136,0.0021948389038183,0.0,0.0059604038571729,0.0,0.0,0.0028042797504951,0.0,0.8844255919187625,0.0499064707909043,0.0,0.0435816328587779,0.0,0.0,0.0220863044315552,0.0,4.745525967099505,1.5372310570591958,1.0,1.0455375816515593,0.0,1.4227199841968066,0.0,0.0,1.5581428830162127,0.0,5.130843724671824,936.9320241360858,93.30322734807504,302.7106577576344,33.91794976874195
16,270.0,44.5923393545789,0.95,0.02,0.0,0.02,0.0,0.0,0.01,0.0,299.74,85.74,0.9007806765863748,0.5200879327569268,72.86713348620601,36.51375531697114,926.6449092374756,109.44022985897163,0.9829619977864904,0.0038271449914161,0.0,0.0089483067764999,0.0,0.0,0.0042625504455933,0.0,0.8303719887124354,0.0786956680857481,0.0,0.0601095859010531,0.0,0.0,0.0308227573007632,0.0,4.540501524822673,1.570609438896306,1.0,1.0405503960925455,0.0,1.4083996086647732,0.0,0.0,1.5389603667465386,0.0,5.130843724671824,936.9320241360858,93.30322734807504,302.7106577576344,33.91794976874195
16,270.0,48.631581373382765,0.95,0.02,0.0,0.02,0.0,0.0,0.01,0.0,299.74,85.74,0.9007806765863748,0.5671982898691715,72.86713348620601,36.51375531697114,923.136225346013,114.70956030565964,0.9773177971418612,0.0056745004304893,0.0,0.0114802814161023,0.0,0.0,0.005527421011547,0.0,0.7850792874476537,0.1064847038874766,0.0,0.0714345301088994,0.0,0.0,0.0370014785559704,0.0,4.355911964570473,1.6023394532081732,1.0,1.0362144816857133,0.0,1.3955718246099285,0.0,0.0,1.5217857152781806,0.0,5.130843724671824,936.9320241360858,93.30322734807504,302.7106577576344,33.91794976874195
16,270.0,52.67082339218664,0.95,0.02,0.0,0.02,0.0,0.0,0.01,0.0,299.74,85.74,0.9007806765863748,0.6143086469814164,72.86713348620601,36.51375531697114,919.8335227842206,119.55379570135872,0.9720698498801152,0.0077174192940752,0.0,0.0136032308704349,0.0,0.0,0.0066094999553744,0.0,0.7465853884990683,0.1332067683331005,0.0,0.0789580950672434,0.0,0.0,0.0412497481005877,0.0,4.189415984360081,1.6324593862049506,1.0,1.0324285428320532,0.0,1.38404995608948,0.0,0.0,1.5063685761929668,0.0,5.130843724671824,936.9320241360858,93.30322734807504,302.7106577576344,33.91794976874195
16,270.0,56.71006541099052,0.95,0.02,0.0,0.02,0.0,0.0,0.01,0.0,299.74,85.74,0.9007806765863748,0.6614190040936613,72.86713348620601,36.51375531697114,916.7163416482992,124.02475566916333,0.9671676498908804,0.0099309037699739,0.0,0.0153737804977629,0.0,0.0,0.0075276658413827,0.0,0.7134666588741929,0.1587305186524394,0.0,0.0837393680906078,0.0,0.0,0.0440634543827597,0.0,4.038427438631006,1.6610981469181745,1.0,1.0290997384755436,0.0,1.373649596367094,0.0,0.0,1.4924514087911909,0.0,5.130843724671824,936.9320241360858,93.30322734807504,302.7106577576344,33.91794976874195
16,270.0,60.74930742979439,0.95,0.02,0.0,0.02,0.0,0.0,0.01,0.0,299.74,85.74,0.9007806765863748,0.7085293612059061,72.86713348620601,36.51375531697114,913.7590911881956,128.18100325545237,0.9625572757408554,0.012288737305007,0.0,0.0168495840512575,0.0,0.0,0.0083044029028799,0.0,0.6846723721406428,0.1829343084349169,0.0,0.0865663801369371,0.0,0.0,0.0458269392875031,0.0,3.900432712898821,1.6884530442185126,1.0,1.0261497856476094,0.0,1.364180892449779,0.0,0.0,1.4797918335464333,0.0,5.130843724671824,936.9320241360858,93.30322734807504,302.7106577576344,33.91794976874195
16,270.0,64.78854944859826,0.95,0.02,0.0,0.02,0.0,0.0,0.01,0.0,299.74,85.74,0.9007806765863748,0.755639718318151,72.86713348620601,36.51375531697114,910.9355339719656,132.0796473509332,0.9581877919946208,0.0147664392376441,0.0,0.0180835520708415,0.0,0.0,0.0089622166968938,0.0,0.6594139612349622,0.2057399029638642,0.0,0.0880150414909797,0.0,0.0,0.0468310943101938,0.0,3.773196570699609,1.7147438451524473,1.0,1.0235104191608475,0.0,1.3554842598235397,0.0,0.0,1.4681628586295767,0.0,5.130843724671824,936.9320241360858,93.30322734807504,302.7106577576344,33.91794976874195
16,270.0,68.82779146740214,0.95,0.02,0.0,0.02,0.0,0.0,0.01,0.0,299.74,85.74,0.9007806765863748,0.8027500754303959,72.86713348620601,36.51375531697114,908.2214627579642,135.7718108601661,0.9540145374160433,0.0173427347775607,0.0,0.0191211674048069,0.0,0.0,0.009521560401589,0.0,0.6370895346687662,0.2271187813418074,0.0,0.0885000257342607,0.0,0.0,0.0472916582551656,0.0,3.65483369693821,1.7401877289256378,1.0,1.021130000580966,0.0,1.3474148171372993,0.0,0.0,1.4573787916438588,0.0,5.130843724671824,936.9320241360858,93.30322734807504,302.7106577576344,33.91794976874195
16,270.0,72.86703348620601,0.95,0.02,0.0,0.02,0.0,0.0,0.01,0.0,299.74,85.74,0.9007806765863748,0.8498604325426408,72.86713348620601,36.51375531697114,905.5958772747284,139.30095215698378,0.9500000976244876,0.0199999333799261,0.0,0.0199999799577883,0.0,0.0,0.0099999890377977,0.0,0.6172318281531399,0.2470848297902696,0.0,0.0883169796104723,0.0,0.0,0.0473663624461179,0.0,3.543807304284519,1.7649736648379597,1.0,1.0189665351308594,0.0,1.3398661809669925,0.0,0.0,1.4472903856224315,0.0,5.130843724671824,936.9320241360858,93.30322734807504,302.7106577576344,33.91794976874195
16,275.0,41.86131944396273,0.95,0.02,0.0,0.02,0.0,0.0,0.01,0.0,299.74,85.74,0.9174618002268632,0.4882355895027144,75.17981765896626,41.861219443962725,900.898045602596,115.02795248221936,0.9946268372898286,0.0010538627592832,0.0,0.0029381058436467,0.0,0.0,0.0013811941072415,0.0,0.9499985235761372,0.0200006268095798,0.0,0.0200005644717216,0.0,0.0,0.0100002851425613,0.0,3.940901615663904,1.6657330034686488,1.0,1.0331359358027097,0.0,1.3686298350261348,0.0,0.0,1.4792858247838834,0.0,4.11187312512685,904.4335281070778,109.60126774294156,302.7106577576344,38.72523437118672
16,275.0,45.56336369007423,0.95,0.02,0.0,0.02,0.0,0.0,0.01,0.0,299.74,85.74,0.9174618002268632,0.5314131524384679,75.17981765896626,41.861219443962725,896.8598370726897,121.12376979362551,0.9885738386312932,0.0024801112209766,0.0,0.0060642648165778,0.0,0.0,0.0028817853311523,0.0,0.8995723987171738,0.0429037606112481,0.0,0.0382181945678219,0.0,0.0,0.0193056461037562,0.0,3.754152725237069,1.7042491025688875,1.0,1.028934450643043,0.0,1.3554631549530705,0.0,0.0,1.4619680517073457,0.0,4.11187312512685,904.4335281070778,109.60126774294156,302.7106577576344,38.72523437118672
16,275.0,49.26540793618573,0.95,0.02,0.0,0.02,0.0,0.0,0.01,0.0,299.74,85.74,0.9174618002268632,0.5745907153742214,75.17981765896626,41.861219443962725,892.9850866770001,126.86464064567248,0.9828416434971656,0.0041058799338962,0.0,0.0088202687336114,0.0,0.0,0.0042322078353268,0.0,0.8565814577845298,0.0652110603569891,0.0,0.0518009114664701,0.0,0.0,0.0264065703920109,0.0,3.5831691428040293,1.7417482812281848,1.0,1.0252520472614648,0.0,1.3434159063439386,0.0,0.0,1.4461343531408584,0.0,4.11187312512685,904.4335281070778,109.60126774294156,302.7106577576344,38.72523437118672
16,275.0,52.96745218229724,0.95,0.02,0.0,0.02,0.0,0.0,0.01,0.0,299.74,85.74,0.9174618002268632,0.6177682783099748,75.17981765896626,41.861219443962725,889.2812096849685,132.2497487418447,0.9774232702894456,0.0059254376881206,0.0,0.0112209463843677,0.0,0.0,0.005430345638066,0.0,0.819532242730531,0.0869605251306231,0.0,0.0617668434176791,0.0,0.0,0.0317403887211669,0.0,3.426917045041071,1.7780920757869736,1.0,1.022026957653002,0.0,1.332408390729496,0.0,0.0,1.4316916649337224,0.0,4.11187312512685,904.4335281070778,109.60126774294156,302.7106577576344,38.72523437118672
16,275.0,56.66949642840874,0.95,0.02,0.0,0.02,0.0,0.0,0.01,0.0,299.74,85.74,0.9174618002268632,0.6609458412457283,75.17981765896626,41.861219443962725,885.7451805963225,137.29653948093735,0.972298823410222,0.0079259723132002,0.0,0.0132935144773006,0.0,0.0,0.0064816897992769,0.0,0.7872929490375655,0.1081001388287331,0.0,0.0689349801846697,0.0,0.0,0.0356719319490315,0.0,3.2840165673423223,1.813237228637511,1.0,1.0191993816394458,0.0,1.3223458990646568,0.0,0.0,1.418494306805365,0.0,4.11187312512685,904.4335281070778,109.60126774294156,302.7106577576344,38.72523437118672
16,275.0,60.37154067452025,0.95,0.02,0.0,0.02,0.0,0.0,0.01,0.0,299.74,85.74,0.9174618002268632,0.7041234041814818,75.17981765896626,41.861219443962725,882.3657779673771,142.0358756589965,0.9674395343227526,0.0100900117993581,0.0,0.0150730528375648,0.0,0.0,0.0073974010403243,0.0,0.7589958298833014,0.1285378220025255,0.0,0.0739617306605475,0.0,0.0,0.0385046174536253,0.0,3.1529160874285846,1.8472373698256008,1.0,1.01671381828474,0.0,1.3131216557968124,0.0,0.0,1.4064057020740162,0.0,4.11187312512685,904.4335281070778,109.60126774294156,302.7106577576344,38.72523437118672
16,275.0,64.07358492063175,0.95,0.02,0.0,0.02,0.0,0.0,0.01,0.0,299.74,85.74,0.9174618002268632,0.7473009671172353,75.17981765896626,41.861219443962725,879.1266797006803,146.5060724739362,0.9628123436843428,0.0123980404977952,0.0,0.0165977234657878,0.0,0.0,0.0081918923520741,0.0,0.7339689706654445,0.1481778866287991,0.0,0.0773663429482341,0.0,0.0,0.0404867997575221,0.0,3.032037633776078,1.8802033926792183,1.0,1.014520097335826,0.0,1.3046166540152535,0.0,0.0,1.3952709358997109,0.0,4.11187312512685,904.4335281070778,109.60126774294156,302.7106577576344,38.72523437118672
16,275.0,67.77562916674324,0.95,0.02,0.0,0.02,0.0,0.0,0.01,0.0,299.74,85.74,0.9174618002268632,0.7904785300529886,75.17981765896626,41.861219443962725,876.0093512652775,150.7476500635486,0.9583837370283264,0.0148306390455013,0.0,0.01790495472057,0.0,0.0,0.008880669205602,0.0,0.7116870604771003,0.1669423003559297,0.0,0.0795529651380513,0.0,0.0,0.0418176740289186,0.0,2.919910173492254,1.9123070469348435,1.0,1.0125754477899944,0.0,1.2967312694702902,0.0,0.0,1.3849481375642343,0.0,4.11187312512685,904.4335281070778,109.60126774294156,302.7106577576344,38.72523437118672
16,275.0,71.47767341285476,0.95,0.02,0.0,0.02,0.0,0.0,0.01,0.0,299.74,85.74,0.9174618002268632,0.8336560929887422,75.17981765896626,41.861219443962725,872.9952090665807,154.79961355230338,0.9541223123855396,0.0173698631347402,0.0,0.0190290334851387,0.0,0.0,0.0094787909945814,0.0,0.691735047775568,0.1847794025103017,0.0,0.0808315423769942,0.0,0.0,0.0426540073371359,0.0,2.815222833902688,1.943695318760443,1.0,1.010844447233111,0.0,1.2893637432088725,0.0,0.0,1.375310768306465,0.0,4.11187312512685,904.4335281070778,109.60126774294156,302.7106577576344,38.72523437118672
16,275.0,75.17971765896625,0.95,0.02,0.0,0.02,0.0,0.0,0.01,0.0,299.74,85.74,0.9174618002268632,0.8768336559244957,75.17981765896626,41.861219443962725,870.0669274219775,158.69737745651352,0.9500001096717204,0.0199999278707857,0.0,0.0199999756066171,0.0,0.0,0.0099999868508766,0.0,0.6737813372790952,0.201664288919411,0.0,0.0814370556795987,0.0,0.0,0.043117318121895,0.0,2.7168616614408503,1.9745325804854843,1.0,1.0092980678953838,0.0,1.2824403354942409,0.0,0.0,1.3662532360517068,0.0,4.11187312512685,904.4335281070778,109.60126774294156,302.7106577576344,38.72523437118672
16,280.0,47.84461651235459,0.95,0.02,0.0,0.02,0.0,0.0,0.01,0.0,299.74,85.74,0.9341429238673516,0.5580197867081245,77.86607420477391,47.84451651235459,862.7589958881022,136.49740125896724,0.9933716060543482,0.0014377394356996,0.0,0.003511975103702,0.0,0.0,0.00167867940625,0.0,0.9499987968609735,0.0200005149216764,0.0,0.0200004573818685,0.0,0.0,0.0100002308354812,0.0,2.960924207832285,1.884321669680959,1.0,1.0178483952034434,0.0,1.3025453438303876,0.0,0.0,1.3835119257537891,0.0,3.1449654870637134,867.6798743518019,129.30886906724652,302.7106577576344,44.02808165538378
16,280.0,51.18032292262341,0.95,0.02,0.0,0.02,0.0,0.0,0.01,0.0,299.74,85.74,0.9341429238673516,0.5969246900235994,77.86607420477391,47.84451651235459,858.5681635631772,142.5281560827301,0.9877986913160148,0.0028781805800668,0.0,0.0062930603821887,0.0,0.0,0.0030300677217294,0.0,0.9123426006449846,0.0370578178538075,0.0,0.0336557029132991,0.0,0.0,0.0169438785879087,0.0,2.8120567645820373,1.9286774624494607,1.0,1.0150383845759174,0.0,1.2916695825070184,0.0,0.0,1.3695875792457224,0.0,3.1449654870637134,867.6798743518019,129.30886906724652,302.7106577576344,44.02808165538378
16,280.0,54.51602933289222,0.95,0.02,0.0,0.02,0.0,0.0,0.01,0.0,299.74,85.74,0.9341429238673516,0.6358295933390742,77.86607420477391,47.84451651235459,854.4946743152368,148.30734439659966,0.9824374442483852,0.0044927625828646,0.0,0.0088028797672345,0.0,0.0,0.0042669134015154,0.0,0.8793103275368084,0.0537943250224103,0.0,0.0444014527076856,0.0,0.0,0.0224938947330957,0.0,2.673980798594486,1.9726417629271784,1.0,1.0125805612644443,0.0,1.2815375135488212,0.0,0.0,1.3566310456833817,0.0,3.1449654870637134,867.6798743518019,129.30886906724652,302.7106577576344,44.02808165538378
16,280.0,57.85173574316103,0.95,0.02,0.0,0.02,0.0,0.0,0.01,0.0,299.74,85.74,0.9341429238673516,0.674734496654549,77.86607420477391,47.84451651235459,850.54597179262,153.83101053460004,0.977285836562083,0.0062786065065537,0.0,0.0110479641530127,0.0,0.0,0.0053875927783503,0.0,0.8501393038393237,0.0702175516382815,0.0,0.0527626580076248,0.0,0.0,0.02688048651477,0.0,2.546100744459276,2.016063584189452,1.0,1.0104392995436675,0.0,1.272111811117139,0.0,0.0,1.3445961080441815,0.0,3.1449654870637134,867.6798743518019,129.30886906724652,302.7106577576344,44.02808165538378
16,280.0,61.18744215342984,0.95,0.02,0.0,0.02,0.0,0.0,0.01,0.0,299.74,85.74,0.9341429238673516,0.7136393999700239,77.86607420477391,47.84451651235459,846.7230588418539,159.1060606114363,0.9723348874272676,0.0082281973055647,0.0,0.0130422023774353,0.0,0.0,0.0063947128897323,0.0,0.8242179864046704,0.086294538146868,0.0,0.0591838014856764,0.0,0.0,0.0303036739627849,0.0,2.4276446949927,2.058891272518327,1.0,1.0085811415992807,0.0,1.2633447416798622,0.0,0.0,1.3334141036312694,0.0,3.1449654870637134,867.6798743518019,129.30886906724652,302.7106577576344,44.02808165538378
16,280.0,64.52314856369865,0.95,0.02,0.0,0.02,0.0,0.0,0.01,0.0,299.74,85.74,0.9341429238673516,0.7525443032854987,77.86607420477391,47.84451651235459,843.0213403057975,164.14838503524138,0.967570187045142,0.0103305423325944,0.0,0.0148049438823007,0.0,0.0,0.0072943267399628,0.0,0.8010530004587475,0.1019704823318564,0.0,0.0640398283291854,0.0,0.0,0.0329366888802106,0.0,2.3177400319984,2.101097779607147,1.0,1.0069741810196005,0.0,1.25517563543724,0.0,0.0,1.3230023174238386,0.0,3.1449654870637134,867.6798743518019,129.30886906724652,302.7106577576344,44.02808165538378
16,280.0,67.85885497396747,0.95,0.02,0.0,0.02,0.0,0.0,0.01,0.0,299.74,85.74,0.9341429238673516,0.7914492066009735,77.86607420477391,47.84451651235459,839.4320174680023,168.9801399095612,0.9629738263880366,0.0125725627568692,0.0,0.0163587551600743,0.0,0.0,0.0080948556950198,0.0,0.7802443525921714,0.1171840827892786,0.0,0.0676437603436701,0.0,0.0,0.0349278042748799,0.0,2.2154719992331557,2.1427427355970887,1.0,1.005589314765737,0.0,1.2475387342742623,0.0,0.0,1.3132817356297493,0.0,3.1449654870637134,867.6798743518019,129.30886906724652,302.7106577576344,44.02808165538378
16,280.0,71.19456138423628,0.95,0.02,0.0,0.02,0.0,0.0,0.01,0.0,299.74,85.74,0.9341429238673516,0.8303541099164484,77.86607420477391,47.84451651235459,835.943645801963,173.6269591082814,0.9585262807050547,0.0149403967593448,0.0,0.0177273289888208,0.0,0.0,0.0088059935467795,0.0,0.7614662718014682,0.1318783083930807,0.0,0.0702534637936936,0.0,0.0,0.0364019560117574,0.0,2.1199627379719623,2.1839188166139203,1.0,1.0044009564448364,0.0,1.2403768388431713,0.0,0.0,1.304170627991302,0.0,3.1449654870637134,867.6798743518019,129.30886906724652,302.7106577576344,44.02808165538378
16,280.0,74.5302677945051,0.95,0.02,0.0,0.02,0.0,0.0,0.01,0.0,299.74,85.74,0.9341429238673516,0.8692590132319232,77.86607420477391,47.84451651235459,832.5435285971677,178.1155631128155,0.9542079338030044,0.0174204191470969,0.0,0.0189338587423552,0.0,0.0,0.0094377883075432,0.0,0.7444520134891695,0.1460066520004487,0.0,0.0720785732628517,0.0,0.0,0.0374627612475299,0.0,2.0303704363080817,2.2247338847695604,1.0,1.003387322189902,0.0,1.2336248796992122,0.0,0.0,1.2955891620822877,0.0,3.1449654870637134,867.6798743518019,129.30886906724652,302.7106577576344,44.02808165538378
16,280.0,77.8659742047739,0.95,0.02,0.0,0.02,0.0,0.0,0.01,0.0,299.74,85.74,0.9341429238673516,0.908163916547398,77.86607420477391,47.84451651235459,829.218772472125,182.4720550901812,0.950000124598376,0.0199999213371659,0.0,0.0199999699592883,0.0,0.0,0.0099999841051696,0.0,0.7289818623766632,0.1595356314066762,0.0,0.073287549645096,0.0,0.0,0.0381949565715644,0.0,1.945971200879295,2.2653313863638083,1.0,1.0025302494750823,0.0,1.227233067166945,0.0,0.0,1.287470656339428,0.0,3.1449654870637134,867.6798743518019,129.30886906724652,302.7106577576344,44.02808165538378
16,285.0,54.56890249634719,0.95,0.02,0.0,0.02,0.0,0.0,0.01,0.0,299.74,85.74,0.95082404750784,0.6364462619121436,80.83394705087885,54.56880249634718,817.7523396924803,163.73211287401838,0.9915950512374632,0.0020221128301513,0.0,0.0042927341167117,0.0,0.0,0.0020901018156735,0.0,0.9499990374963192,0.0200004160058001,0.0,0.0200003634639404,0.0,0.0,0.01000018303394,0.0,2.044252980790126,2.200403972342128,1.0000000000761473,1.0062127501191165,0.0,1.238110376430677,0.0,0.0,1.2910858353329493,0.0,2.2410524707626744,824.9746819221486,153.77005765610247,302.7106577576344,49.86436423924916
16,285.0,57.48722966907293,0.95,0.02,0.0,0.02,0.0,0.0,0.01,0.0,299.74,85.74,0.95082404750784,0.6704832011788305,80.83394705087885,54.56880249634718,813.3441361633762,169.73160780073138,0.9865323832026388,0.0034652436267678,0.0,0.0067183303167561,0.0,0.0,0.0032840428538373,0.0,0.9232044532400696,0.032127810964465,0.0,0.0297417570343892,0.0,0.0,0.014925978761076,0.0,1.931623291536377,2.2549217364187712,1.000000000016264,1.0047176245300122,0.0,1.2292150996375408,0.0,0.0,1.280094073970249,0.0,2.2410524707626744,824.9746819221486,153.77005765610247,302.7106577576344,49.86436423924916
16,285.0,60.40555684179866,0.95,0.02,0.0,0.02,0.0,0.0,0.01,0.0,299.74,85.74,0.95082404750784,0.7045201404455175,80.83394705087885,54.56880249634718,809.002905918962,175.58045937642382,0.981589769249311,0.0050560917160303,0.0,0.0089587603855345,0.0,0.0,0.004395378649124,0.0,0.8991205769880648,0.0440691036718553,0.0,0.0377833493016976,0.0,0.0,0.0190269700383821,0.0,1.8259449173250089,2.308187836040871,1.0,1.0034557544201237,0.0,1.2204893309856006,0.0,0.0,1.2693275057228082,0.0,2.2410524707626744,824.9746819221486,153.77005765610247,302.7106577576344,49.86436423924916
16,285.0,63.32388401452441,0.95,0.02,0.0,0.02,0.0,0.0,0.01,0.0,299.74,85.74,0.95082404750784,0.7385570797122045,80.83394705087885,54.56880249634718,804.7347629338936,181.27452957945945,0.9767670145884656,0.006793970342371,0.0,0.0110158503640913,0.0,0.0,0.0054231647050721,0.0,0.8773937195739396,0.0558217271286527,0.0,0.0443697587453612,0.0,0.0,0.0224147945520462,0.0,1.7269236556067074,2.36560110010756,1.0000000000063818,1.0024288534789485,0.0,1.2128189850997706,0.0,0.0,1.2598786015016663,0.0,2.2410524707626744,824.9746819221486,153.77005765610247,302.7106577576344,49.86436423924916
16,285.0,66.24221118725015,0.95,0.02,0.0,0.02,0.0,0.0,0.01,0.0,299.74,85.74,0.95082404750784,0.7725940189788915,80.83394705087885,54.56880249634718,800.5423136051317,186.8153879537623,0.972060728190576,0.0086755209531581,0.0,0.0128952443411774,0.0,0.0,0.0063685065150883,0.0,0.8577255514422766,0.067367432762134,0.0,0.0497173966739352,0.0,0.0,0.0251896191216541,0.0,1.6341350465942197,2.4216298505712786,1.0000000000001317,1.001599986035095,0.0,1.2052773370899998,0.0,0.0,1.2506011003902096,0.0,2.2410524707626744,824.9746819221486,153.77005765610247,302.7106577576344,49.86436423924916
16,285.0,69.16053835997589,0.95,0.02,0.0,0.02,0.0,0.0,0.01,0.0,299.74,85.74,0.95082404750784,0.8066309582455784,80.83394705087885,54.56880249634718,796.4248310169124,192.2097295253364,0.9674647550935316,0.0106951719825036,0.0,0.0146057723126876,0.0,0.0,0.0072343006112771,0.0,0.8398636553130694,0.0786781629802036,0.0,0.0540171114171341,0.0,0.0,0.0274410702895929,0.0,1.547142684604005,2.4780797197490814,1.000000000000142,1.000959453375439,0.0,1.19813801507573,0.0,0.0,1.2418271999266977,0.0,2.2410524707626744,824.9746819221486,153.77005765610247,302.7106577576344,49.86436423924916
16,285.0,72.07886553270163,0.95,0.02,0.0,0.02,0.0,0.0,0.01,0.0,299.74,85.74,0.95082404750784,0.8406678975122653,80.83394705087885,54.56880249634718,792.378706554594,197.46847365016416,0.9629707981028044,0.0128457421585719,0.0,0.0161586133226985,0.0,0.0,0.0080248464159249,0.0,0.8235941478058368,0.089721234737818,0.0,0.0574359197254491,0.0,0.0,0.0292486977308959,0.0,1.4654777170823123,2.534995957747245,1.0000000000000633,1.0004923314745415,0.0,1.191367582611602,0.0,0.0,1.2335174661575243,0.0,2.2410524707626744,824.9746819221486,153.77005765610247,302.7106577576344,49.86436423924916
16,285.0,74.99719270542737,0.95,0.02,0.0,0.02,0.0,0.0,0.01,0.0,299.74,85.74,0.95082404750784,0.8747048367789523,80.83394705087885,54.56880249634718,788.3980669833853,202.605640019648,0.9585691092956724,0.0151190766822642,0.0,0.0175664066870591,0.0,0.0,0.0087454073350041,0.0,0.8087355660583857,0.1004635401185252,0.0,0.0601185432388285,0.0,0.0,0.0306823505842604,0.0,1.3886610259532015,2.592441257302343,1.0000000000000513,1.0001854419683585,0.0,1.1849355795963057,0.0,0.0,1.2256300130216955,0.0,2.2410524707626744,824.9746819221486,153.77005765610247,302.7106577576344,49.86436423924916
16,285.0,77.9155198781531,0.95,0.02,0.0,0.02,0.0,0.0,0.01,0.0,299.74,85.74,0.95082404750784,0.9087417760456392,80.83394705087885,54.56880249634718,784.4754579259686,207.63718932095745,0.9542491547573952,0.0175066227156347,0.0,0.01884243432812,0.0,0.0,0.00940178819885,0.0,0.7951336768101106,0.1108745843353431,0.0,0.0621890822269752,0.0,0.0,0.031802656627571,0.0,1.316256264955591,2.650537318183436,1.000000000000018,1.0000274120225148,0.0,1.1788063090924354,0.0,0.0,1.2181245606347804,0.0,2.2410524707626744,824.9746819221486,153.77005765610247,302.7106577576344,49.86436423924916
16,285.0,80.83384705087884,0.95,0.02,0.0,0.02,0.0,0.0,0.01,0.0,299.74,85.74,0.95082404750784,0.9427787153123264,80.83394705087885,54.56880249634718,780.602405536432,212.58011918913587,0.9500001442734104,0.0199999129853913,0.0,0.0199999622787735,0.0,0.0,0.0099999804624248,0.0,0.7826572550667434,0.1209282544680874,0.0,0.0637528547899018,0.0,0.0,0.0326616356752674,0.0,1.2478116232809793,2.709398218708924,1.0000000000000189,1.0000000000000513,0.0,1.172950715697214,0.0,0.0,1.2098885668885582,0.0,2.2410524707626744,824.9746819221486,153.77005765610247,302.7106577576344,49.86436423924916
16,290.0,62.21333149040784,0.95,0.02,0.0,0.02,0.0,0.0,0.01,0.0,299.74,85.74,0.9675051711483286,0.7256045193656151,83.89913414806485,62.21323149040784,761.6603214137343,200.39255086637576,0.9888221371903864,0.0030009415010304,0.0,0.0054663538499538,0.0,0.0,0.0027105674586294,0.0,0.9499992476758298,0.0200003294203643,0.0,0.0200002816437751,0.0,0.0,0.0100001412600305,0.0,1.2091332913360793,2.7190658144428768,1.0000000001774674,1.0001670069493664,0.0,1.1721480646022988,0.0,0.0,1.2000258627946838,0.0,1.4167983026644004,773.2637021553837,185.44864903964933,302.7106577576344,56.27641671412855
16,290.0,64.62285400792528,0.95,0.02,0.0,0.02,0.0,0.0,0.01,0.0,299.74,85.74,0.9675051711483286,0.7537071846037472,83.89913414806485,62.21323149040784,756.9463320035759,206.39076920356632,0.984357715432805,0.0044176739423011,0.0,0.0075011357527599,0.0,0.0,0.0037234748721337,0.0,0.9325941479103406,0.0278941122585288,0.0,0.0263320095540598,0.0,0.0,0.0131797302770707,0.0,1.1321692362725744,2.793412348870368,1.0000000001520597,1.0000122893570993,0.0,1.1650657924819503,0.0,0.0,1.191667266558747,0.0,1.4167983026644004,773.2637021553837,185.44864903964933,302.7106577576344,56.27641671412855
16,290.0,67.03237652544273,0.95,0.02,0.0,0.02,0.0,0.0,0.01,0.0,299.74,85.74,0.9675051711483286,0.7818098498418793,83.89913414806485,62.21323149040784,752.2363913958704,212.34412932197756,0.979936332912684,0.0059533011765593,0.0,0.0094264010770678,0.0,0.0,0.0046839648336888,0.0,0.9166163052698978,0.035664266790965,0.0,0.0317912170362102,0.0,0.0,0.0159282109029268,0.0,1.059263577740322,2.870278944843682,1.0000000000626503,1.000000000000039,0.0,1.1582427299733038,0.0,0.0,1.1836291507884382,0.0,1.4167983026644004,773.2637021553837,185.44864903964933,302.7106577576344,56.27641671412855
16,290.0,69.44189904296017,0.95,0.02,0.0,0.02,0.0,0.0,0.01,0.0,299.74,85.74,0.9675051711483286,0.8099125150800114,83.89913414806485,62.21323149040784,747.5331358306488,218.2515054978272,0.9755573395573692,0.0076089358966065,0.0,0.0112420186737017,0.0,0.0,0.0055917058723224,0.0,0.901930250163686,0.0433058433300076,0.0,0.0364725272159588,0.0,0.0,0.0182913792903476,0.0,0.9902688791669128,2.94975570268108,1.0000000000001248,1.000000000000252,0.0,1.1516738482615392,0.0,0.0,1.175902403088279,0.0,1.4167983026644004,773.2637021553837,185.44864903964933,302.7106577576344,56.27641671412855
16,290.0,71.85142156047762,0.95,0.02,0.0,0.02,0.0,0.0,0.01,0.0,299.74,85.74,0.9675051711483286,0.8380151803181435,83.89913414806485,62.21323149040784,742.8375683051557,224.1142458062816,0.9712189076990884,0.0093845333554625,0.0,0.0129494140766383,0.0,0.0,0.0064471448688107,0.0,0.8884163495343386,0.0508092761718913,0.0,0.0404629203934502,0.0,0.0,0.0203114539003197,0.0,0.9250001144268156,3.0319643055931067,1.0000000000006155,1.000000000000288,0.0,1.1453479292045747,0.0,0.0,1.1684731314765662,0.0,1.4167983026644004,773.2637021553837,185.44864903964933,302.7106577576344,56.27641671412855
16,290.0,74.26094407799506,0.95,0.02,0.0,0.02,0.0,0.0,0.01,0.0,299.74,85.74,0.9675051711483286,0.8661178455562756,83.89913414806485,62.21323149040784,738.1490346635968,229.93608048350671,0.9669181038492216,0.0112790196398731,0.0,0.0145514298313903,0.0,0.0,0.0072514466795148,0.0,0.8759688468323443,0.0581617371879632,0.0,0.0438421478134866,0.0,0.0,0.0220272681662057,0.0,0.8632883029219124,3.117066131592196,1.0000000000016982,1.000000000001383,0.0,1.139255459554278,0.0,0.0,1.161327500300941,0.0,1.4167983026644004,773.2637021553837,185.44864903964933,302.7106577576344,56.27641671412855
16,290.0,76.67046659551251,0.95,0.02,0.0,0.02,0.0,0.0,0.01,0.0,299.74,85.74,0.9675051711483286,0.8942205107944077,83.89913414806485,62.21323149040784,733.4651917382345,235.72307514865545,0.9626509786978024,0.013290490140079,0.0,0.0160521281683288,0.0,0.0,0.0080064029937898,0.0,0.8644943999125794,0.0653483228902019,0.0,0.0466829277085028,0.0,0.0,0.0234743494887157,0.0,0.8049154574220452,3.205279566988765,1.000000000000386,1.0000000000001574,0.0,1.1333818931918318,0.0,0.0,1.1527212046056914,0.0,1.4167983026644004,773.2637021553837,185.44864903964933,302.7106577576344,56.27641671412855
16,290.0,79.07998911302995,0.95,0.02,0.0,0.02,0.0,0.0,0.01,0.0,299.74,85.74,0.9675051711483286,0.9223231760325398,83.89913414806485,62.21323149040784,728.7821599394928,241.48330732734928,0.9584127250718149,0.0154164223273518,0.0,0.0174565401814622,0.0,0.0,0.0087143124193709,0.0,0.8539106233584854,0.0723532051259236,0.0,0.0490511655129251,0.0,0.0,0.0246850060026656,0.0,0.749685103554774,3.296863260389307,1.0000000000001688,1.0000000000002751,0.0,1.1277142254741044,0.0,0.0,1.1442459125854532,0.0,1.4167983026644004,773.2637021553837,185.44864903964933,302.7106577576344,56.27641671412855
16,290.0,81.4895116305474,0.95,0.02,0.0,0.02,0.0,0.0,0.01,0.0,299.74,85.74,0.9675051711483286,0.950425841270672,83.89913414806485,62.21323149040784,724.0946368143809,247.22662496910897,0.9541978206451298,0.0176539124860443,0.0,0.0187704107584401,0.0,0.0,0.0093778561103859,0.0,0.8441449428398591,0.079160514201721,0.0,0.0510061459152207,0.0,0.0,0.025688397043199,0.0,0.6973977117978224,3.392137831378233,1.000000000000279,1.0000000000002314,0.0,1.1222369905672167,0.0,0.0,1.136083855136049,0.0,1.4167983026644004,773.2637021553837,185.44864903964933,302.7106577576344,56.27641671412855
16,290.0,83.89903414806484,0.95,0.02,0.0,0.02,0.0,0.0,0.01,0.0,299.74,85.74,0.9675051711483286,0.978528506508804,83.89913414806485,62.21323149040784,719.3960553107606,252.96436817899004,0.9500001734932906,0.019999900684195,0.0,0.01999995076004,0.0,0.0,0.0099999750624744,0.0,0.835133542550732,0.0857550194532047,0.0,0.0526007982744773,0.0,0.0,0.0265106397215858,0.0,0.6478560189460951,3.4914880620943904,1.000000000000592,1.0000000000005898,0.0,1.1169350881199038,0.0,0.0,1.1282138672253643,0.0,1.4167983026644004,773.2637021553837,185.44864903964933,302.7106577576344,56.27641671412855
16,295.0,71.20129800019022,0.95,0.02,0.0,0.02,0.0,0.0,0.01,0.0,299.74,85.74,0.9841862947888168,0.8304326801981599,86.58886950797536,71.20119800019022,683.4340835544954,256.4583922340007,0.983567747629916,0.0050010023826579,0.0,0.0076046366007277,0.0,0.0,0.0038266133866983,0.0,0.9499994657155502,0.0200002387330624,0.0,0.020000197292055,0.0,0.0,0.0100000982593323,0.0,0.4896819752913458,3.846881596696147,1.0000000000001408,1.0000000000002012,0.0,1.0947088614887988,0.0,0.0,1.1074433274882014,0.0,0.7007191954812403,705.9625820508377,229.82343987692175,302.7106577576344,63.31231171729296
16,295.0,72.91101705661079,0.95,0.02,0.0,0.02,0.0,0.0,0.01,0.0,299.74,85.74,0.9841862947888168,0.8503734203010356,86.58886950797536,71.20119800019022,678.3194489230257,262.43215305482704,0.9799621193517358,0.0063029860061767,0.0,0.0091399047518835,0.0,0.0,0.0045949898902038,0.0,0.941015157978246,0.0241073698912799,0.0,0.0232566534763461,0.0,0.0,0.0116208186541279,0.0,0.4494246463235783,3.975300856819133,1.0000000000016276,1.0000000000002698,0.0,1.0888055027046462,0.0,0.0,1.1017935981730116,0.0,0.7007191954812403,705.9625820508377,229.82343987692175,302.7106577576344,63.31231171729296
16,295.0,74.62073611303136,0.95,0.02,0.0,0.02,0.0,0.0,0.01,0.0,299.74,85.74,0.9841862947888168,0.8703141604039114,86.58886950797536,71.20119800019022,673.111630487853,268.489894192606,0.9763356598918488,0.0076891673727029,0.0,0.0106337297423874,0.0,0.0,0.0053414429930609,0.0,0.9326132728556312,0.0281275763998249,0.0,0.0261835847667492,0.0,0.0,0.0130755659777944,0.0,0.4110577266918743,4.112681483501718,1.0000000000067268,1.0000000000002116,0.0,1.0830418377587134,0.0,0.0,1.095776078214879,0.0,0.7007191954812403,705.9625820508377,229.82343987692175,302.7106577576344,63.31231171729296
16,295.0,76.33045516945194,0.95,0.02,0.0,0.02,0.0,0.0,0.01,0.0,299.74,85.74,0.9841862947888168,0.8902549005067872,86.58886950797536,71.20119800019022,667.8036120352502,274.63980580834965,0.9726851069050184,0.0091623690163649,0.0,0.0120862942807421,0.0,0.0,0.0060662297978744,0.0,0.9247646333981728,0.032055997448566,0.0,0.0288033645087327,0.0,0.0,0.0143760046445282,0.0,0.3745402291368335,4.260142659133135,1.000000000001572,1.0000000000003375,0.0,1.0774169387017194,0.0,0.0,1.089325063157706,0.0,0.7007191954812403,705.9625820508377,229.82343987692175,302.7106577576344,63.31231171729296
16,295.0,78.0401742258725,0.95,0.02,0.0,0.02,0.0,0.0,0.01,0.0,299.74,85.74,0.9841862947888168,0.9101956406096632,86.58886950797536,71.20119800019022,662.3868267864716,280.89182078218016,0.9690065678119352,0.0107254222249825,0.0,0.0134982037124232,0.0,0.0,0.0067698062506589,0.0,0.9174428762924562,0.0358868018121013,0.0,0.0311371915303381,0.0,0.0,0.0155331303651041,0.0,0.3398378735881698,4.419016905033686,1.0000000000007525,1.0000000000011573,0.0,1.0719292950137462,0.0,0.0,1.0830382918144308,0.0,0.7007191954812403,705.9625820508377,229.82343987692175,302.7106577576344,63.31231171729296
16,295.0,79.74989328229307,0.95,0.02,0.0,0.02,0.0,0.0,0.01,0.0,299.74,85.74,0.9841862947888168,0.9301363807125388,86.58886950797536,71.20119800019022,656.8508318387695,287.25802319842666,0.965295424706359,0.0123812449577338,0.0,0.0148704979793817,0.0,0.0,0.0074528323565255,0.0,0.9106244426432948,0.0396132328400611,0.0,0.0332050600033499,0.0,0.0,0.0165572645132942,0.0,0.3066356074653494,4.320935060748352,1.0,1.0,0.0,1.0613980719618827,0.0,0.0,1.071031441248819,0.0,0.7007191954812403,705.9625820508377,229.82343987692175,302.7106577576344,63.31231171729296
16,295.0,81.45961233871364,0.95,0.02,0.0,0.02,0.0,0.0,0.01,0.0,299.74,85.74,0.9841862947888168,0.9500771208154146,86.58886950797536,71.20119800019022,651.1829847948301,293.7528185957315,0.9615462319550444,0.014132936437021,0.0,0.0162046569496392,0.0,0.0,0.0081161746582951,0.0,0.9042884476931348,0.0432277148069627,0.0,0.0350257697095081,0.0,0.0,0.0174580677903943,0.0,0.2753340476111915,4.445071342873123,1.0,1.0,0.0,1.055607653245079,0.0,0.0,1.0644143197639018,0.0,0.7007191954812403,705.9625820508377,229.82343987692175,302.7106577576344,63.31231171729296
16,295.0,83.16933139513421,0.95,0.02,0.0,0.02,0.0,0.0,0.01,0.0,299.74,85.74,0.9841862947888168,0.9700178609182905,86.58886950797536,71.20119800019022,645.3680052123259,300.3933888902656,0.957752578920714,0.015983903754093,0.0,0.0175026076531301,0.0,0.0,0.0087609096720627,0.0,0.8984167139789416,0.0467218745477327,0.0,0.0366168838850753,0.0,0.0,0.0182445275882502,0.0,0.2457036902608609,4.572139341496646,1.0,1.0,0.0,1.0498997134925103,0.0,0.0,1.0578953865849368,0.0,0.7007191954812403,705.9625820508377,229.82343987692175,302.7106577576344,63.31231171729296
16,295.0,84.87905045155479,0.95,0.02,0.0,0.02,0.0,0.0,0.01,0.0,299.74,85.74,0.9841862947888168,0.9899586010211664,86.58886950797536,71.20119800019022,639.3873669302674,307.2003678427474,0.953906900729226,0.0179380283134759,0.0,0.0187667394334065,0.0,0.0,0.0093883315238913,0.0,0.8929939053925107,0.0500864959686953,0.0,0.0379946646734575,0.0,0.0,0.0189249339653365,0.0,0.2176909620248125,4.701770303132876,1.0,1.0,0.0,1.044274598550386,0.0,0.0,1.0514735186760389,0.0,0.7007191954812403,705.9625820508377,229.82343987692175,302.7106577576344,63.31231171729296
16,295.0,86.58876950797536,0.95,0.02,0.0,0.02,0.0,0.0,0.01,0.0,299.74,85.74,0.9841862947888168,1.009899341124042,86.58886950797536,71.20119800019022,633.2185080295171,314.19846134270125,0.9500002263163296,0.0199998783893801,0.0,0.019999930001124,0.0,0.0,0.0099999652931661,0.0,0.888007609977054,0.0533114848110606,0.0,0.039174036732927,0.0,0.0,0.0195068684789582,0.0,0.1912516677808488,4.833525444021004,1.0,1.0,0.0,1.0387311582725276,0.0,0.0,1.0451457550148893,0.0,0.7007191954812403,705.9625820508377,229.82343987692175,302.7106577576344,63.31231171729296
17,200.0,2.693398567232912,0.95,0.0273659156250218,0.0,0.0,0.0,0.0,0.0,0.0226340843749782,302.48,85.27,0.6612007405448294,0.0315867077193961,152.8177784761153,2.693298567232912,1211.2898821282463,7.2010576475882,0.9728886368503832,1.4614286676586184e-05,0.0,0.0,0.0,0.0,0.0,0.0270967488629402,0.9499718468074404,0.0273995579278976,0.0,0.0,0.0,0.0,0.0,0.022628595264662,22.461474500290137,0.6829224226411391,1.0000000079950715,1.534287752871129,0.0,0.0,0.0,0.0,0.0,1.0014944433713189,22.53960113748808,1221.920496490378,7.249541730897533,302.7106577576344,2.6239816647333654
17,200.0,36.05434965809567,0.95,0.0273659156250218,0.0,0.0,0.0,0.0,0.0,0.0226340843749782,302.48,85.27,0.6612007405448294,0.4228257260243423,152.8177784761153,2.693298567232912,1211.2759943595097,12.434124891769644,0.97043694958412,0.0064186467337185,0.0,0.0,0.0,0.0,0.0,0.0231444036821614,0.0895594023550907,0.9092920802746892,0.0,0.0,0.0,0.0,0.0,0.00114851737022,21.23267968851164,0.7466273075017164,1.000000001230792,1.470152055201979,0.0,0.0,0.0,0.0,0.0,1.0000000011174344,22.53960113748808,1221.920496490378,7.249541730897533,302.7106577576344,2.6239816647333654
17,200.0,52.734825203527045,0.95,0.0273659156250218,0.0,0.0,0.0,0.0,0.0,0.0226340843749782,302.48,85.27,0.6612007405448294,0.6184452351768154,152.8177784761153,2.693298567232912,1210.5702479298216,15.009272977374229,0.9673850750268832,0.0095484183071182,0.0,0.0,0.0,0.0,0.0,0.0230665066659986,0.0673479739931528,0.9319723140271308,0.0,0.0,0.0,0.0,0.0,0.0006797119797162,20.65572908555996,0.7759130823614151,1.0000000007371532,1.43294592640217,0.0,0.0,0.0,0.0,0.0,1.0,22.53960113748808,1221.920496490378,7.249541730897533,302.7106577576344,2.6239816647333654
17,200.0,69.41530074895843,0.95,0.0273659156250218,0.0,0.0,0.0,0.0,0.0,0.0226340843749782,302.48,85.27,0.6612007405448294,0.8140647443292885,152.8177784761153,2.693298567232912,1209.887764776858,17.56438305301507,0.9643780173427547,0.0126310208690751,0.0,0.0,0.0,0.0,0.0,0.0229909617881701,0.0560834274598469,0.9434704314964756,0.0,0.0,0.0,0.0,0.0,0.0004461410436774,20.106292500432883,0.8029851495537799,1.0000000001356824,1.3981353474089937,0.0,0.0,0.0,0.0,0.0,1.0,22.53960113748808,1221.920496490378,7.249541730897533,302.7106577576344,2.6239816647333654
17,200.0,86.09577629438981,0.95,0.0273659156250218,0.0,0.0,0.0,0.0,0.0,0.0226340843749782,302.48,85.27,0.6612007405448294,1.0096842534817616,152.8177784761153,2.693298567232912,1209.228241632755,20.100982134055453,0.9614156543623812,0.0156672891302948,0.0,0.0,0.0,0.0,0.0,0.022917056507324,0.0494180828304075,0.9502715277282489,0.0,0.0,0.0,0.0,0.0,0.0003103894413436,19.58315685740485,0.8279604183495437,1.0000000000957836,1.3659110609930425,0.0,0.0,0.0,0.0,0.0,1.0,22.53960113748808,1221.920496490378,7.249541730897533,302.7106577576344,2.6239816647333654
17,200.0,119.45672738525256,0.95,0.0273659156250218,0.0,0.0,0.0,0.0,0.0,0.0226340843749782,302.48,85.27,0.6612007405448294,1.4009232717867075,152.8177784761153,2.693298567232912,1207.9761118474798,25.121505634356467,0.9556225902487244,0.0216041677865437,0.0,0.0,0.0,0.0,0.0,0.0227732419647317,0.0421992296746794,0.9576345097800336,0.0,0.0,0.0,0.0,0.0,0.0001662605452869,18.61044541534327,0.8723825275958191,1.0000000000353677,1.308963291971044,0.0,0.0,0.0,0.0,0.0,1.0000000000011835,22.53960113748808,1221.920496490378,7.249541730897533,302.7106577576344,2.6239816647333654
17,200.0,136.13720293068394,0.95,0.0273659156250218,0.0,0.0,0.0,0.0,0.0,0.0226340843749782,302.48,85.27,0.6612007405448294,1.5965427809391808,152.8177784761153,2.693298567232912,1207.3823936477045,27.605825514981497,0.9527903987769264,0.0245064863368304,0.0,0.0,0.0,0.0,0.0,0.0227031148862432,0.0401529353166139,0.9597213072785368,0.0,0.0,0.0,0.0,0.0,0.0001257574048493,18.158124282676518,0.8922279721383675,1.0,1.283972571255049,0.0,0.0,0.0,0.0,0.0,1.0,22.53960113748808,1221.920496490378,7.249541730897533,302.7106577576344,2.6239816647333654
17,200.0,152.8176784761153,0.95,0.0273659156250218,0.0,0.0,0.0,0.0,0.0,0.0226340843749782,302.48,85.27,0.6612007405448294,1.7921622900916536,152.8177784761153,2.693298567232912,1206.809441333281,30.07260112991316,0.9500000164683736,0.027365898749369,0.0,0.0,0.0,0.0,0.0,0.0226340847822573,0.0386950402171512,0.9612083464718956,0.0,0.0,0.0,0.0,0.0,9.66133109531642e-05,17.726740006617675,0.9107542271738546,1.0000000000322264,1.261031423595611,0.0,0.0,0.0,0.0,0.0,1.0,22.53960113748808,1221.920496490378,7.249541730897533,302.7106577576344,2.6239816647333654
17,205.0,3.441853142074633,0.95,0.0273659156250218,0.0,0.0,0.0,0.0,0.0,0.0226340843749782,302.48,85.27,0.6777307590584501,0.0403641742942961,134.14502085001388,3.4417531420746323,1195.6252428470243,9.05632337226393,0.9722272155718616,2.141755080034905e-05,0.0,0.0,0.0,0.0,0.0,0.0277513668773381,0.9499789964537804,0.0273917547332672,0.0,0.0,0.0,0.0,0.0,0.0226292488129524,21.094140361190963,0.7106101523409414,1.0,1.4845350052773667,0.0,0.0,0.0,0.0,0.0,1.0001006327257875,21.15779579629945,1206.2779501886548,9.12387059747945,302.7106577576344,3.35468958110042
17,205.0,17.96441622073455,0.95,0.0273659156250218,0.0,0.0,0.0,0.0,0.0,0.0226340843749782,302.48,85.27,0.6777307590584501,0.2106768643219719,134.14502085001388,3.4417531420746323,1196.3953545459374,11.426374742805748,0.9735527784565594,0.0032080211013658,0.0,0.0,0.0,0.0,0.0,0.0232392004420747,0.2051665684481131,0.7913355470768053,0.0,0.0,0.0,0.0,0.0,0.0034978844750815,20.563222168009844,0.7380503756809318,1.0,1.4631106504044142,0.0,0.0,0.0,0.0,0.0,1.000000000249429,21.15779579629945,1206.2779501886548,9.12387059747945,302.7106577576344,3.35468958110042
17,205.0,32.48697929939447,0.95,0.0273659156250218,0.0,0.0,0.0,0.0,0.0,0.0226340843749782,302.48,85.27,0.6777307590584501,0.3809895543496478,134.14502085001388,3.4417531420746323,1195.506301019709,13.768085780079211,0.9704917107271798,0.0063568766554462,0.0,0.0,0.0,0.0,0.0,0.023151412617374,0.1236417127003849,0.8745862229897036,0.0,0.0,0.0,0.0,0.0,0.0017720643099116,20.045788880165865,0.7646474892736479,1.0,1.4304737961236729,0.0,0.0,0.0,0.0,0.0,1.0,21.15779579629945,1206.2779501886548,9.12387059747945,302.7106577576344,3.35468958110042
17,205.0,47.00954237805439,0.95,0.0273659156250218,0.0,0.0,0.0,0.0,0.0,0.0226340843749782,302.48,85.27,0.6777307590584501,0.5513022443773237,134.14502085001388,3.4417531420746323,1194.63263609405,16.093700005993167,0.9674598296210488,0.009467919884357,0.0,0.0,0.0,0.0,0.0,0.023072250494594,0.0926756006099608,0.9062054450871102,0.0,0.0,0.0,0.0,0.0,0.0011189543029289,19.55037865387384,0.7898808651207049,1.0,1.3993402431117528,0.0,0.0,0.0,0.0,0.0,1.0000000001542846,21.15779579629945,1206.2779501886548,9.12387059747945,302.7106577576344,3.35468958110042
17,205.0,61.53210545671431,0.95,0.0273659156250218,0.0,0.0,0.0,0.0,0.0,0.0226340843749782,302.48,85.27,0.6777307590584501,0.7216149344049995,134.14502085001388,3.4417531420746323,1193.7763132261357,18.40690551583344,0.9644624857051636,0.0125415717863781,0.0,0.0,0.0,0.0,0.0,0.0229959425084583,0.0765710748084634,0.9226484396404844,0.0,0.0,0.0,0.0,0.0,0.0007804855510521,19.07622107995341,0.8136134290718033,1.0000000007255336,1.370194445631391,0.0,0.0,0.0,0.0,0.0,1.0000000009152998,21.15779579629945,1206.2779501886548,9.12387059747945,302.7106577576344,3.35468958110042
17,205.0,76.05466853537422,0.95,0.0273659156250218,0.0,0.0,0.0,0.0,0.0,0.0226340843749782,302.48,85.27,0.6777307590584501,0.8919276244326753,134.14502085001388,3.4417531420746323,1192.937483175854,20.70944299768577,0.9615003771360228,0.0155783063180395,0.0,0.0,0.0,0.0,0.0,0.0229213165459374,0.0668400430117228,0.9325835798301704,0.0,0.0,0.0,0.0,0.0,0.0005763771581068,18.62229672908193,0.8358735155702505,1.000000001775431,1.3431366171395158,0.0,0.0,0.0,0.0,0.0,1.000000000397514,21.15779579629945,1206.2779501886548,9.12387059747945,302.7106577576344,3.35468958110042
17,205.0,90.57723161403416,0.95,0.0273659156250218,0.0,0.0,0.0,0.0,0.0,0.0226340843749782,302.48,85.27,0.6777307590584501,1.0622403144603512,134.14502085001388,3.4417531420746323,1192.1159960809457,23.002278172894652,0.9585734261161116,0.018578606933609,0.0,0.0,0.0,0.0,0.0,0.0228479669502794,0.0604270872077139,0.9391311402106848,0.0,0.0,0.0,0.0,0.0,0.0004417725816015,18.187544385069227,0.8567680971160094,1.0,1.3180678285913754,0.0,0.0,0.0,0.0,0.0,1.0,21.15779579629945,1206.2779501886548,9.12387059747945,302.7106577576344,3.35468958110042
17,205.0,105.09979469269406,0.95,0.0273659156250218,0.0,0.0,0.0,0.0,0.0,0.0226340843749782,302.48,85.27,0.6777307590584501,1.232553004488027,134.14502085001388,3.4417531420746323,1191.3116099602948,25.2859432194422,0.9556813264530593,0.0215429657999137,0.0,0.0,0.0,0.0,0.0,0.022775707747027,0.0559619946071109,0.943690384946662,0.0,0.0,0.0,0.0,0.0,0.0003476204462272,17.770952678361464,0.8763794357872193,1.0,1.2948473780560317,0.0,0.0,0.0,0.0,0.0,1.0,21.15779579629945,1206.2779501886548,9.12387059747945,302.7106577576344,3.35468958110042
17,205.0,134.14492085001388,0.95,0.0273659156250218,0.0,0.0,0.0,0.0,0.0,0.0226340843749782,302.48,85.27,0.6777307590584501,1.5731783845433784,134.14502085001388,3.4417531420746323,1189.7529625133666,29.82642201062444,0.9500000191752092,0.0273658959722313,0.0,0.0,0.0,0.0,0.0,0.0226340848525594,0.0503545306157548,0.94941811813695,0.0,0.0,0.0,0.0,0.0,0.000227351247295,16.988360637076468,0.9122319282572214,1.0000000002106024,1.2534747655472591,0.0,0.0,0.0,0.0,0.0,1.0,21.15779579629945,1206.2779501886548,9.12387059747945,302.7106577576344,3.35468958110042
17,210.0,4.341788083328246,0.95,0.0273659156250218,0.0,0.0,0.0,0.0,0.0,0.0226340843749782,302.48,85.27,0.6942607775720708,0.0509181198936114,119.35792066219084,4.341688083328246,1179.667835869422,11.263373101657194,0.9716573592083128,3.084192762300444e-05,0.0,0.0,0.0,0.0,0.0,0.0283117988640642,0.9499840921097203,0.0273859939433884,0.0,0.0,0.0,0.0,0.0,0.0226299139468912,19.744001996750377,0.7403353853421507,1.0,1.4385900118825117,0.0,0.0,0.0,0.0,0.0,1.0000000008189676,19.793904820789816,1190.2941504876192,11.354703713715036,302.7106577576344,4.233266563955471
17,210.0,17.121347258757424,0.95,0.0273659156250218,0.0,0.0,0.0,0.0,0.0,0.0226340843749782,302.48,85.27,0.6942607775720708,0.2007898118770661,119.35792066219084,4.341688083328246,1180.4733703673608,13.43260541979252,0.9735605416926872,0.0031861953876051,0.0,0.0,0.0,0.0,0.0,0.0232532629197076,0.2688638315777835,0.7264025596401726,0.0,0.0,0.0,0.0,0.0,0.0047336087820438,19.286455610778305,0.7640199435464461,1.0,1.4199110355987423,0.0,0.0,0.0,0.0,0.0,1.0000000007222962,19.793904820789816,1190.2941504876192,11.354703713715036,302.7106577576344,4.233266563955471
17,210.0,42.68046560961578,0.95,0.0273659156250218,0.0,0.0,0.0,0.0,0.0,0.0226340843749782,302.48,85.27,0.6942607775720708,0.5005331958439754,119.35792066219084,4.341688083328246,1178.4419458221716,17.714732614380765,0.9675142383465396,0.0094078924314227,0.0,0.0,0.0,0.0,0.0,0.0230778692220375,0.1248202547294379,0.8734544928873385,0.0,0.0,0.0,0.0,0.0,0.0017252523832236,18.40951334351477,0.8090080778174311,1.0,1.3664623212404965,0.0,0.0,0.0,0.0,0.0,1.0,19.793904820789816,1190.2941504876192,11.354703713715036,302.7106577576344,4.233266563955471
17,210.0,55.46002478504496,0.95,0.0273659156250218,0.0,0.0,0.0,0.0,0.0,0.0226340843749782,302.48,85.27,0.6942607775720708,0.65040488782743,119.35792066219084,4.341688083328246,1177.4431578343342,19.84227579790919,0.9645255639062504,0.0124739283085219,0.0,0.0,0.0,0.0,0.0,0.0230005077852275,0.1027952754927253,0.8959423160504824,0.0,0.0,0.0,0.0,0.0,0.0012624084567922,17.99630899816531,0.8299657860875811,1.0,1.341858346600446,0.0,0.0,0.0,0.0,0.0,1.0,19.793904820789816,1190.2941504876192,11.354703713715036,302.7106577576344,4.233266563955471
17,210.0,68.23958396047414,0.95,0.0273659156250218,0.0,0.0,0.0,0.0,0.0,0.0226340843749782,302.48,85.27,0.6942607775720708,0.8002765798108847,119.35792066219084,4.341688083328246,1176.4573841528695,21.963928305744638,0.9615645501819868,0.0155103799649686,0.0,0.0,0.0,0.0,0.0,0.0229250698530443,0.0892241868375018,0.909800440761552,0.0,0.0,0.0,0.0,0.0,0.000975372400946,17.598983051227822,0.8498624910574848,1.0,1.3188774885962735,0.0,0.0,0.0,0.0,0.0,1.0,19.793904820789816,1190.2941504876192,11.354703713715036,302.7106577576344,4.233266563955471
17,210.0,81.0191431359033,0.95,0.0273659156250218,0.0,0.0,0.0,0.0,0.0,0.0226340843749782,302.48,85.27,0.6942607775720708,0.9501482717943392,119.35792066219084,4.341688083328246,1175.4847205470228,24.0808150027592,0.9586315580870804,0.0185175159506173,0.0,0.0,0.0,0.0,0.0,0.0228509259623022,0.080123259303791,0.91909565798395,0.0,0.0,0.0,0.0,0.0,0.0007810827122588,17.216731637613965,0.8687336064576818,1.0,1.2974595379902771,0.0,0.0,0.0,0.0,0.0,1.0,19.793904820789816,1190.2941504876192,11.354703713715036,302.7106577576344,4.233266563955471
17,210.0,93.79870231133248,0.95,0.0273659156250218,0.0,0.0,0.0,0.0,0.0,0.0226340843749782,302.48,85.27,0.6942607775720708,1.100019963777794,119.35792066219084,4.341688083328246,1174.525118865413,26.193608915062946,0.9557265830646312,0.0214956171226672,0.0,0.0,0.0,0.0,0.0,0.0227777998127016,0.0736735213623685,0.9256848532988162,0.0,0.0,0.0,0.0,0.0,0.0006416253388152,16.848784651902232,0.886684139597459,1.0,1.277551264760051,0.0,0.0,0.0,0.0,0.0,1.0,19.793904820789816,1190.2941504876192,11.354703713715036,302.7106577576344,4.233266563955471
17,210.0,119.35782066219085,0.95,0.0273659156250218,0.0,0.0,0.0,0.0,0.0,0.0226340843749782,302.48,85.27,0.6942607775720708,1.3997633477447031,119.35792066219084,4.341688083328246,1172.6446332082623,30.408214638306355,0.950000022020716,0.0273658930522718,0.0,0.0,0.0,0.0,0.0,0.0226340849270122,0.0653362677060986,0.9342071518140974,0.0,0.0,0.0,0.0,0.0,0.0004565804798039,16.152913125895545,0.9199774268769368,1.0,1.2417281532361513,0.0,0.0,0.0,0.0,0.0,1.0,19.793904820789816,1190.2941504876192,11.354703713715036,302.7106577576344,4.233266563955471
17,215.0,5.41248195810653,0.95,0.0273659156250218,0.0,0.0,0.0,0.0,0.0,0.0226340843749782,302.48,85.27,0.7107907960856916,0.0634746330257597,107.5602418843858,5.41238195810653,1163.3543071491142,13.868863571363857,0.9711734978137218,4.368990226614906e-05,0.0,0.0,0.0,0.0,0.0,0.0287828122840122,0.9499877776282952,0.0273816873412266,0.0,0.0,0.0,0.0,0.0,0.022630535030478,18.411242036037613,0.7723100043527155,1.0,1.39575455825031,0.0,0.0,0.0,0.0,0.0,1.0000000010238226,18.448205290897207,1173.908539729092,13.989350648063478,302.7106577576344,5.278346606766283
17,215.0,16.762221949915336,0.95,0.0273659156250218,0.0,0.0,0.0,0.0,0.0,0.0226340843749782,302.48,85.27,0.7107907960856916,0.1965781863482507,107.5602418843858,5.41238195810653,1164.171791266351,15.88590020843438,0.9735547040036544,0.0031738437885754,0.0,0.0,0.0,0.0,0.0,0.0232714522077702,0.3395738272601419,0.6543096386061549,0.0,0.0,0.0,0.0,0.0,0.0061165341337031,18.012902999204655,0.7931034425057327,1.0,1.379066022739849,0.0,0.0,0.0,0.0,0.0,1.0,18.448205290897207,1173.908539729092,13.989350648063478,302.7106577576344,5.278346606766283
17,215.0,28.111961941724143,0.95,0.0273659156250218,0.0,0.0,0.0,0.0,0.0,0.0226340843749782,302.48,85.27,0.7107907960856916,0.3296817396707417,107.5602418843858,5.41238195810653,1163.0434919994216,17.88429543988136,0.970551367288924,0.0062809056192652,0.0,0.0,0.0,0.0,0.0,0.0231677270918109,0.2166885170353953,0.779718775572109,0.0,0.0,0.0,0.0,0.0,0.0035927073924957,17.623404367996894,0.8132900746923397,1.0,1.356436720204139,0.0,0.0,0.0,0.0,0.0,1.0,18.448205290897207,1173.908539729092,13.989350648063478,302.7106577576344,5.278346606766283
17,215.0,39.46170193353296,0.95,0.0273659156250218,0.0,0.0,0.0,0.0,0.0,0.0226340843749782,302.48,85.27,0.7107907960856916,0.4627852929932328,107.5602418843858,5.41238195810653,1161.9180831765348,19.875707490518565,0.9675522647919566,0.009364109413035,0.0,0.0,0.0,0.0,0.0,0.0230836257950083,0.1642880061756799,0.8332012433680723,0.0,0.0,0.0,0.0,0.0,0.0025107504562477,17.24734601598163,0.8327652511056379,1.0,1.3344770641931245,0.0,0.0,0.0,0.0,0.0,1.0,18.448205290897207,1173.908539729092,13.989350648063478,302.7106577576344,5.278346606766283
17,215.0,50.81144192534176,0.95,0.0273659156250218,0.0,0.0,0.0,0.0,0.0,0.0226340843749782,302.48,85.27,0.7107907960856916,0.5958888463157237,107.5602418843858,5.41238195810653,1160.8009007536127,21.862355716994152,0.964571764136288,0.0124234295732822,0.0,0.0,0.0,0.0,0.0,0.0230048062904299,0.135420394231429,0.862669334166984,0.0,0.0,0.0,0.0,0.0,0.0019102716015868,16.884411326933673,0.8514743209144768,1.0,1.3136560329507998,0.0,0.0,0.0,0.0,0.0,1.0,18.448205290897207,1173.908539729092,13.989350648063478,302.7106577576344,5.278346606766283
17,215.0,62.16118191715056,0.95,0.0273659156250218,0.0,0.0,0.0,0.0,0.0,0.0226340843749782,302.48,85.27,0.7107907960856916,0.7289923996382147,107.5602418843858,5.41238195810653,1159.693001015436,23.846148500530752,0.9616126482317852,0.0154589517632058,0.0,0.0,0.0,0.0,0.0,0.0229284000050088,0.1172678856730347,0.8812031277714557,0.0,0.0,0.0,0.0,0.0,0.0015289865555094,16.5340443554226,0.8693892492574428,1.0,1.2940768898608814,0.0,0.0,0.0,0.0,0.0,1.0,18.448205290897207,1173.908539729092,13.989350648063478,302.7106577576344,5.278346606766283
17,215.0,84.86066190076818,0.95,0.0273659156250218,0.0,0.0,0.0,0.0,0.0,0.0226340843749782,302.48,85.27,0.7107907960856916,0.9951995062831966,107.5602418843858,5.41238195810653,1157.5061014331695,27.80963926343769,0.9557613267100312,0.0214591368858458,0.0,0.0,0.0,0.0,0.0,0.0227795364041231,0.0959951485509411,0.9029312070204202,0.0,0.0,0.0,0.0,0.0,0.0010736444286386,15.868733155365616,0.9030347515353974,1.0,1.2585926277781547,0.0,0.0,0.0,0.0,0.0,1.0,18.448205290897207,1173.908539729092,13.989350648063478,302.7106577576344,5.278346606766283
17,215.0,96.21040189257698,0.95,0.0273659156250218,0.0,0.0,0.0,0.0,0.0,0.0226340843749782,302.48,85.27,0.7107907960856916,1.1283030596056876,107.5602418843858,5.41238195810653,1156.4272132984825,29.79062484880248,0.9528694366050644,0.0244241082850318,0.0,0.0,0.0,0.0,0.0,0.0227064551099035,0.0893467965818008,0.909725855737566,0.0,0.0,0.0,0.0,0.0,0.000927347680633,15.552670515044682,0.9188086696254254,1.0,1.2425206188386422,0.0,0.0,0.0,0.0,0.0,1.0,18.448205290897207,1173.908539729092,13.989350648063478,302.7106577576344,5.278346606766283
17,215.0,107.5601418843858,0.95,0.0273659156250218,0.0,0.0,0.0,0.0,0.0,0.0226340843749782,302.48,85.27,0.7107907960856916,1.261406612928179,107.5602418843858,5.41238195810653,1155.3580052297702,31.771559080427657,0.950000024996145,0.0273658899988438,0.0,0.0,0.0,0.0,0.0,0.0226340850050111,0.0842413371175845,0.914946201833554,0.0,0.0,0.0,0.0,0.0,0.0008124610488612,15.246978086933035,0.9339476988872192,1.0,1.2274561408842848,0.0,0.0,0.0,0.0,0.0,1.0,18.448205290897207,1173.908539729092,13.989350648063478,302.7106577576344,5.278346606766283
17,220.0,6.674184832349924,0.95,0.0273659156250218,0.0,0.0,0.0,0.0,0.0,0.0226340843749782,302.48,85.27,0.7273208145993123,0.0782711954069417,98.11718222077316,6.674084832349924,1146.6150415776942,16.924821187385167,0.9707697305915548,6.095436501180581e-05,0.0,0.0,0.0,0.0,0.0,0.0291693150434332,0.9499904818051728,0.0273784287358625,0.0,0.0,0.0,0.0,0.0,0.0226310894589647,17.096225477040825,0.80685514300734,1.0,1.3555630680540185,0.0,0.0,0.0,0.0,0.0,1.000000000003162,17.121140165384258,1157.0541060432145,17.08052563899556,302.7106577576344,6.509407158415541
17,220.0,16.834506764396952,0.95,0.0273659156250218,0.0,0.0,0.0,0.0,0.0,0.0226340843749782,302.48,85.27,0.7273208145993123,0.1974259031827952,98.11718222077316,6.674084832349924,1147.4193653148002,18.828202283727016,0.9735345032308984,0.0031702240101489,0.0,0.0,0.0,0.0,0.0,0.0232952727589526,0.4140191530591831,0.5784048373657672,0.0,0.0,0.0,0.0,0.0,0.0075760095750496,16.746453664693128,0.825401700802152,1.0,1.340382993177898,0.0,0.0,0.0,0.0,0.0,1.0,17.121140165384258,1157.0541060432145,17.08052563899556,302.7106577576344,6.509407158415541
17,220.0,26.994828696443975,0.95,0.0273659156250218,0.0,0.0,0.0,0.0,0.0,0.0226340843749782,302.48,85.27,0.7273208145993123,0.3165806109586487,98.11718222077316,6.674084832349924,1146.201262779627,20.71350316918291,0.970560209323727,0.0062615670267609,0.0,0.0,0.0,0.0,0.0,0.0231782236495119,0.2747217382226287,0.7205158545670768,0.0,0.0,0.0,0.0,0.0,0.0047624072102943,16.404977523029096,0.8434082177518682,1.0,1.3216237927331045,0.0,0.0,0.0,0.0,0.0,1.0,17.121140165384258,1157.0541060432145,17.08052563899556,302.7106577576344,6.509407158415541
17,220.0,37.15515062849101,0.95,0.0273659156250218,0.0,0.0,0.0,0.0,0.0,0.0226340843749782,302.48,85.27,0.7273208145993123,0.4357353187345023,98.11718222077316,6.674084832349924,1144.9799665248531,22.597040055190256,0.9675762464746752,0.0093338375569126,0.0,0.0,0.0,0.0,0.0,0.0230899159684121,0.211096590566563,0.7854324335754652,0.0,0.0,0.0,0.0,0.0,0.0034709758579716,16.073962989395472,0.8608985109062225,1.0000000000868554,1.3033043764746095,0.0,0.0,0.0,0.0,0.0,1.0000000000763138,17.121140165384258,1157.0541060432145,17.08052563899556,302.7106577576344,6.509407158415541
17,220.0,47.31547256053803,0.95,0.0273659156250218,0.0,0.0,0.0,0.0,0.0,0.0226340843749782,302.48,85.27,0.7273208145993123,0.5548900265103558,98.11718222077316,6.674084832349924,1143.763170370671,24.478610258308045,0.9646039691686732,0.0123869476597435,0.0,0.0,0.0,0.0,0.0,0.023009083171583,0.1748119198303617,0.8224591732055803,0.0,0.0,0.0,0.0,0.0,0.002728906964058,15.753275148854572,0.87782377650271,1.0,1.2857843840954088,0.0,0.0,0.0,0.0,0.0,1.0,17.121140165384258,1157.0541060432145,17.08052563899556,302.7106577576344,6.509407158415541
17,220.0,57.47579449258506,0.95,0.0273659156250218,0.0,0.0,0.0,0.0,0.0,0.0226340843749782,302.48,85.27,0.7273208145993123,0.6740447342862093,98.11718222077316,6.674084832349924,1142.5524799422335,26.359591502668188,0.96164765779058,0.0154208819236536,0.0,0.0,0.0,0.0,0.0,0.0229314602857662,0.151481554344758,0.8462713055335385,0.0,0.0,0.0,0.0,0.0,0.0022471401217035,15.442573151211873,0.8941560331899915,1.0,1.2691702597932613,0.0,0.0,0.0,0.0,0.0,1.0,17.121140165384258,1157.0541060432145,17.08052563899556,302.7106577576344,6.509407158415541
17,220.0,67.63611642463209,0.95,0.0273659156250218,0.0,0.0,0.0,0.0,0.0,0.0226340843749782,302.48,85.27,0.7273208145993123,0.7931994420620628,98.11718222077316,6.674084832349924,1141.3484414131003,28.24113891725928,0.9587087002299725,0.0184356749040226,0.0,0.0,0.0,0.0,0.0,0.0228556248660049,0.1353109180980978,0.8627798605343254,0.0,0.0,0.0,0.0,0.0,0.0019092213675768,15.141454821000655,0.9099097672211875,1.0,1.2534798033346857,0.0,0.0,0.0,0.0,0.0,1.0,17.121140165384258,1157.0541060432145,17.08052563899556,302.7106577576344,6.509407158415541
17,220.0,77.79643835667912,0.95,0.0273659156250218,0.0,0.0,0.0,0.0,0.0,0.0226340843749782,302.48,85.27,0.7273208145993123,0.9123541498379164,98.11718222077316,6.674084832349924,1140.151285402155,30.12408219443492,0.955787646615453,0.0214313874130228,0.0,0.0,0.0,0.0,0.0,0.0227809659715241,0.12351522907626,0.8748256027349065,0.0,0.0,0.0,0.0,0.0,0.0016591681888333,14.849520274366611,0.9251274147082312,1.0,1.2386862009576591,0.0,0.0,0.0,0.0,0.0,1.0,17.121140165384258,1157.0541060432145,17.08052563899556,302.7106577576344,6.509407158415541
17,220.0,87.95676028872614,0.95,0.0273659156250218,0.0,0.0,0.0,0.0,0.0,0.0226340843749782,302.48,85.27,0.7273208145993123,1.03150885761377,98.11718222077316,6.674084832349924,1138.9611183694185,32.00899648726429,0.9528847277418332,0.0244080955773872,0.0,0.0,0.0,0.0,0.0,0.0227071766807795,0.1145894203150911,0.8839438604912176,0.0,0.0,0.0,0.0,0.0,0.0014667191936912,14.56637453367828,0.939818203957161,1.0,1.2247763168905303,0.0,0.0,0.0,0.0,0.0,1.0,17.121140165384258,1157.0541060432145,17.08052563899556,302.7106577576344,6.509407158415541
17,220.0,98.11708222077316,0.95,0.0273659156250218,0.0,0.0,0.0,0.0,0.0,0.0226340843749782,302.48,85.27,0.7273208145993123,1.150663565389623,98.11718222077316,6.674084832349924,1137.777986776799,33.896262487560335,0.9500000280949484,0.0273658868189873,0.0,0.0,0.0,0.0,0.0,0.0226340850860642,0.1076485215120666,0.8910373975224936,0.0,0.0,0.0,0.0,0.0,0.0013140809654398,14.291641637924284,0.9540199635614416,1.0,1.2116685212219218,0.0,0.0,0.0,0.0,0.0,1.0,17.121140165384258,1157.0541060432145,17.08052563899556,302.7106577576344,6.509407158415541
17,225.0,8.148109564915654,0.95,0.0273659156250218,0.0,0.0,0.0,0.0,0.0,0.0226340843749782,302.48,85.27,0.7438508331129331,0.0955565798629723,90.56896135270873,8.148009564915654,1129.3724097917457,20.489892978315986,0.9704399264469477,8.38606801903816e-05,0.0,0.0,0.0,0.0,0.0,0.0294762128728621,0.9499924939259048,0.0273759343071545,0.0,0.0,0.0,0.0,0.0,0.0226315717669407,15.799504869554646,0.8443064911714743,1.0,1.3175997885485549,0.0,0.0,0.0,0.0,0.0,1.0,15.813326197117547,1139.6555629264626,20.687604017864448,302.7106577576344,7.946729358776584
17,225.0,17.305970874670436,0.95,0.0273659156250218,0.0,0.0,0.0,0.0,0.0,0.0226340843749782,302.48,85.27,0.7438508331129331,0.2029549768344134,90.56896135270873,8.148009564915654,1130.13777404523,22.31141558413984,0.9734982894438472,0.0031752006632676,0.0,0.0,0.0,0.0,0.0,0.0233265098928851,0.48856705156787,0.5023959366892246,0.0,0.0,0.0,0.0,0.0,0.0090370117429054,15.490202489419875,0.8611191564231753,1.0,1.3036336400501924,0.0,0.0,0.0,0.0,0.0,1.0,15.813326197117547,1139.6555629264626,20.687604017864448,302.7106577576344,7.946729358776584
17,225.0,26.463832184425225,0.95,0.0273659156250218,0.0,0.0,0.0,0.0,0.0,0.0226340843749782,302.48,85.27,0.7438508331129331,0.3103533738058546,90.56896135270873,8.148009564915654,1128.8445735913626,24.110689697746107,0.9705556152921092,0.0062529832286744,0.0,0.0,0.0,0.0,0.0,0.0231914014792163,0.3384705623431705,0.655475533953071,0.0,0.0,0.0,0.0,0.0,0.0060539037037586,15.189406655657978,0.8774492215757782,1.0,1.288118938930149,0.0,0.0,0.0,0.0,0.0,1.0,15.813326197117547,1139.6555629264626,20.687604017864448,302.7106577576344,7.946729358776584
17,225.0,35.62169349418001,0.95,0.0273659156250218,0.0,0.0,0.0,0.0,0.0,0.0226340843749782,302.48,85.27,0.7438508331129331,0.4177517707772957,90.56896135270873,8.148009564915654,1127.541888460917,25.91437349545897,0.9675872922379816,0.0093154158647239,0.0,0.0,0.0,0.0,0.0,0.0230972918972945,0.2646638261292272,0.7307522172105593,0.0,0.0,0.0,0.0,0.0,0.0045839566602135,14.896764455657834,0.893372417700936,1.0,1.2729296381105808,0.0,0.0,0.0,0.0,0.0,1.0,15.813326197117547,1139.6555629264626,20.687604017864448,302.7106577576344,7.946729358776584
17,225.0,44.77955480393479,0.95,0.0273659156250218,0.0,0.0,0.0,0.0,0.0,0.0226340843749782,302.48,85.27,0.7438508331129331,0.5251501677487368,90.56896135270873,8.148009564915654,1126.240298474769,27.71939129632336,0.9646238286138336,0.0123624640905372,0.0,0.0,0.0,0.0,0.0,0.0230137072956291,0.2209155267308515,0.7753768399934312,0.0,0.0,0.0,0.0,0.0,0.0037076332757173,14.612241511464816,0.9088881030790176,1.0,1.2582671317072298,0.0,0.0,0.0,0.0,0.0,1.0,15.813326197117547,1139.6555629264626,20.687604017864448,302.7106577576344,7.946729358776584
17,225.0,53.93741611368958,0.95,0.0273659156250218,0.0,0.0,0.0,0.0,0.0,0.0226340843749782,302.48,85.27,0.7438508331129331,0.6325485647201781,90.56896135270873,8.148009564915654,1124.9420476456046,29.526064561655808,0.9616714323130492,0.0153940665862222,0.0,0.0,0.0,0.0,0.0,0.0229345011007283,0.192080939679643,0.8047934266974369,0.0,0.0,0.0,0.0,0.0,0.00312563362292,14.335632708474304,0.9239647096364656,1.0,1.2442384816602,0.0,0.0,0.0,0.0,0.0,1.0,15.813326197117547,1139.6555629264626,20.687604017864448,302.7106577576344,7.946729358776584
17,225.0,63.09527742344436,0.95,0.0273659156250218,0.0,0.0,0.0,0.0,0.0,0.0226340843749782,302.48,85.27,0.7438508331129331,0.7399469616916191,90.56896135270873,8.148009564915654,1123.647930544258,31.335189580494795,0.9587321801034636,0.018410198875388,0.0,0.0,0.0,0.0,0.0,0.0228576210211481,0.1717315238436572,0.8255574262261983,0.0,0.0,0.0,0.0,0.0,0.0027110499301443,14.066690701887666,0.9385922984696934,1.0,1.2308842683578594,0.0,0.0,0.0,0.0,0.0,1.0,15.813326197117547,1139.6555629264626,20.687604017864448,302.7106577576344,7.946729358776584
17,225.0,72.25313873319915,0.95,0.0273659156250218,0.0,0.0,0.0,0.0,0.0,0.0226340843749782,302.48,85.27,0.7438508331129331,0.8473453586630604,90.56896135270873,8.148009564915654,1122.3583084019408,33.14749556938448,0.9558069499154304,0.0214108635387734,0.0,0.0,0.0,0.0,0.0,0.022782186545796,0.1566719448784719,0.8409272444694741,0.0,0.0,0.0,0.0,0.0,0.0024008106520539,13.805139045769456,0.9528087762661328,1.0,1.2182041292513877,0.0,0.0,0.0,0.0,0.0,1.0,15.813326197117547,1139.6555629264626,20.687604017864448,302.7106577576344,7.946729358776584
17,225.0,81.41100004295393,0.95,0.0273659156250218,0.0,0.0,0.0,0.0,0.0,0.0226340843749782,302.48,85.27,0.7438508331129331,0.9547437556345014,90.56896135270873,8.148009564915654,1121.0733714581534,34.96355584597799,0.9528961625278396,0.0243960809083888,0.0,0.0,0.0,0.0,0.0,0.0227077565637717,0.1451338604207594,0.8527061306812581,0.0,0.0,0.0,0.0,0.0,0.0021600088979824,13.55070604321947,0.9666276150599727,1.0,1.2062054889246911,0.0,0.0,0.0,0.0,0.0,1.0,15.813326197117547,1139.6555629264626,20.687604017864448,302.7106577576344,7.946729358776584
17,225.0,90.56886135270872,0.95,0.0273659156250218,0.0,0.0,0.0,0.0,0.0,0.0226340843749782,302.48,85.27,0.7438508331129331,1.0621421526059425,90.56896135270873,8.148009564915654,1119.7932291901193,36.78379543654706,0.9500000313135796,0.0273658835163764,0.0,0.0,0.0,0.0,0.0,0.0226340851700441,0.1360590366676201,0.861973209339917,0.0,0.0,0.0,0.0,0.0,0.0019677539924628,13.303102385951624,0.9800456699930522,1.000000000139389,1.1948330181270086,0.0,0.0,0.0,0.0,0.0,1.0000000000865392,15.813326197117547,1139.6555629264626,20.687604017864448,302.7106577576344,7.946729358776584
17,230.0,9.856448810889896,0.95,0.0273659156250218,0.0,0.0,0.0,0.0,0.0,0.0226340843749782,302.48,85.27,0.7603808516265538,0.115591049734841,84.57638463785023,9.856348810889896,1111.5384969895083,24.63101883976149,0.9701777820972232,0.0001139249986413,0.0,0.0,0.0,0.0,0.0,0.0297082929041352,0.9499940116541972,0.0273740034486934,0.0,0.0,0.0,0.0,0.0,0.0226319848971094,14.52183111234814,0.8851965547672037,1.0,1.2816075104187832,0.0,0.0,0.0,0.0,0.0,1.0,14.52556748614066,1121.6270137216943,24.87830228106012,302.7106577576344,9.61137473881863
17,230.0,18.158652791663265,0.95,0.0273659156250218,0.0,0.0,0.0,0.0,0.0,0.0226340843749782,302.48,85.27,0.7603808516265538,0.2129547647667792,84.57638463785023,9.856348810889896,1112.2389948751584,26.39781637569569,0.973443630989294,0.0031891476974579,0.0,0.0,0.0,0.0,0.0,0.0233672213132479,0.5598985230755693,0.4296667742295981,0.0,0.0,0.0,0.0,0.0,0.0104347026948327,14.246768101806929,0.9006833397517398,1.0,1.268742849124182,0.0,0.0,0.0,0.0,0.0,1.0,14.52556748614066,1121.6270137216943,24.87830228106012,302.7106577576344,9.61137473881863
17,230.0,26.460856772436635,0.95,0.0273659156250218,0.0,0.0,0.0,0.0,0.0,0.0226340843749782,302.48,85.27,0.7603808516265538,0.3103184797987174,84.57638463785023,9.856348810889896,1110.882610406862,28.132708922347657,0.970536842124924,0.0062548039636132,0.0,0.0,0.0,0.0,0.0,0.0232083539114628,0.4056558099740184,0.5869315444580411,0.0,0.0,0.0,0.0,0.0,0.0074126455679403,13.980894001145446,0.915700514337064,1.0,1.2558875254883313,0.0,0.0,0.0,0.0,0.0,1.0,14.52556748614066,1121.6270137216943,24.87830228106012,302.7106577576344,9.61137473881863
17,230.0,34.76306075321,0.95,0.0273659156250218,0.0,0.0,0.0,0.0,0.0,0.0226340843749782,302.48,85.27,0.7603808516265538,0.4076821948306555,84.57638463785023,9.856348810889896,1109.510065486277,29.878350493074787,0.967585556647496,0.009307977502228,0.0,0.0,0.0,0.0,0.0,0.0231064658502757,0.3237917001026474,0.6703953606517908,0.0,0.0,0.0,0.0,0.0,0.0058129392455617,13.721433226882509,0.930423298553078,1.0,1.2433321193316795,0.0,0.0,0.0,0.0,0.0,1.0,14.52556748614066,1121.6270137216943,24.87830228106012,302.7106577576344,9.61137473881863
17,230.0,43.06526473398337,0.95,0.0273659156250218,0.0,0.0,0.0,0.0,0.0,0.0226340843749782,302.48,85.27,0.7603808516265538,0.5050459098625938,84.57638463785023,9.856348810889896,1108.1354238567762,31.62936664173339,0.9646320381589912,0.0123487842567863,0.0,0.0,0.0,0.0,0.0,0.0230191775842225,0.2731815035318827,0.7219972556661786,0.0,0.0,0.0,0.0,0.0,0.0048212408019387,13.468351825320356,0.944828624895134,1.0,1.2311236045800664,0.0,0.0,0.0,0.0,0.0,1.0,14.52556748614066,1121.6270137216943,24.87830228106012,302.7106577576344,9.61137473881863
17,230.0,51.36746871475674,0.95,0.0273659156250218,0.0,0.0,0.0,0.0,0.0,0.0226340843749782,302.48,85.27,0.7603808516265538,0.602409624894532,84.57638463785023,9.856348810889896,1106.761662347957,33.38471781149345,0.9616849459075824,0.0153771766752199,0.0,0.0,0.0,0.0,0.0,0.0229378774171975,0.2388990613423391,0.7569545322906472,0.0,0.0,0.0,0.0,0.0,0.0041464063670134,13.221545313874865,0.958917044983942,1.0,1.2193529500927205,0.0,0.0,0.0,0.0,0.0,1.0,14.52556748614066,1121.6270137216943,24.87830228106012,302.7106577576344,9.61137473881863
17,230.0,59.6696726955301,0.95,0.0273659156250218,0.0,0.0,0.0,0.0,0.0,0.0226340843749782,302.48,85.27,0.7603808516265538,0.6997733399264701,84.57638463785023,9.856348810889896,1105.389846177154,35.14456219467509,0.9587472122372824,0.0183931061169388,0.0,0.0,0.0,0.0,0.0,0.0228596816457788,0.21422209360541,0.782120095041838,0.0,0.0,0.0,0.0,0.0,0.0036578113527518,12.98085847937471,0.972663634518355,1.0,1.2080809982450742,0.0,0.0,0.0,0.0,0.0,1.0,14.52556748614066,1121.6270137216943,24.87830228106012,302.7106577576344,9.61137473881863
17,230.0,67.97187667630348,0.95,0.0273659156250218,0.0,0.0,0.0,0.0,0.0,0.0226340843749782,302.48,85.27,0.7603808516265538,0.7971370549584084,84.57638463785023,9.856348810889896,1104.0204709230768,36.90934204191005,0.9558201066281032,0.0213965414311736,0.0,0.0,0.0,0.0,0.0,0.0227833519407229,0.1956760129935528,0.8010359580421443,0.0,0.0,0.0,0.0,0.0,0.0032880289643029,12.746114895613204,0.9861183591319028,1.0,1.197300460902565,0.0,0.0,0.0,0.0,0.0,1.0,14.52556748614066,1121.6270137216943,24.87830228106012,302.7106577576344,9.61137473881863
17,230.0,76.27408065707685,0.95,0.0273659156250218,0.0,0.0,0.0,0.0,0.0,0.0226340843749782,302.48,85.27,0.7603808516265538,0.8945007699903466,84.57638463785023,9.856348810889896,1102.653807676766,38.67951349235521,0.9529042646797424,0.0243874671225658,0.0,0.0,0.0,0.0,0.0,0.0227082681976915,0.1812834622023314,0.8157178302375371,0.0,0.0,0.0,0.0,0.0,0.0029987075601315,12.517128183066536,0.9992442989066314,1.000000000001054,1.1870097578601952,0.0,0.0,0.0,0.0,0.0,1.0000000000182108,14.52556748614066,1121.6270137216943,24.87830228106012,302.7106577576344,9.61137473881863
17,230.0,84.57628463785022,0.95,0.0273659156250218,0.0,0.0,0.0,0.0,0.0,0.0226340843749782,302.48,85.27,0.7603808516265538,0.9918644850222847,84.57638463785023,9.856348810889896,1101.2900214560216,40.4554736988416,0.950000034652528,0.027365880090032,0.0,0.0,0.0,0.0,0.0,0.02263408525744,0.1698359989941553,0.8273975866227344,0.0,0.0,0.0,0.0,0.0,0.0027664143831101,12.29371556769175,1.0120806442749242,1.0,1.177196343601278,0.0,0.0,0.0,0.0,0.0,1.0,14.52556748614066,1121.6270137216943,24.87830228106012,302.7106577576344,9.61137473881863
17,235.0,11.822424453830331,0.95,0.0273659156250218,0.0,0.0,0.0,0.0,0.0,0.0226340843749782,302.48,85.27,0.7769108701401745,0.1386469385930612,79.88545352007553,11.822324453830332,1093.012107740809,29.425683955815536,0.9699768363536196,0.0001530380706907,0.0,0.0,0.0,0.0,0.0,0.0298701255756896,0.9499951720029036,0.0273724924268481,0.0,0.0,0.0,0.0,0.0,0.0226323355702481,13.264171077255597,0.9301302712471256,1.0,1.2474583235189516,0.0,0.0,0.0,0.0,0.0,1.0,13.258875583506692,1102.8688895247462,29.73094022392497,302.7106577576344,11.525181126674264
17,235.0,19.384972127857576,0.95,0.0273659156250218,0.0,0.0,0.0,0.0,0.0,0.0226340843749782,302.48,85.27,0.7769108701401745,0.227336368334204,79.88545352007553,11.822324453830332,1093.622056858734,31.16147256176584,0.9733673289527373,0.0032129399636926,0.0,0.0,0.0,0.0,0.0,0.02341973108357,0.6255023349529261,0.362773707499412,0.0,0.0,0.0,0.0,0.0,0.0117239575476619,13.01852473258645,0.944630679412034,1.0,1.2356619600274923,0.0,0.0,0.0,0.0,0.0,1.0,13.258875583506692,1102.8688895247462,29.73094022392497,302.7106577576344,11.525181126674264
17,235.0,26.94751980188482,0.95,0.0273659156250218,0.0,0.0,0.0,0.0,0.0,0.0226340843749782,302.48,85.27,0.7769108701401745,0.3160257980753468,79.88545352007553,11.822324453830332,1092.2121573812303,32.850390531968245,0.9705023778228296,0.0062672474472794,0.0,0.0,0.0,0.0,0.0,0.0232303747298907,0.4737156689275333,0.5175024815586687,0.0,0.0,0.0,0.0,0.0,0.0087818495137977,12.782992484819257,0.9586460660011932,1.0,1.2249263716488528,0.0,0.0,0.0,0.0,0.0,1.0,13.258875583506692,1102.8688895247462,29.73094022392497,302.7106577576344,11.525181126674264
17,235.0,34.51006747591207,0.95,0.0273659156250218,0.0,0.0,0.0,0.0,0.0,0.0226340843749782,302.48,85.27,0.7769108701401745,0.4047152278164896,79.88545352007553,11.822324453830332,1090.7788725023224,34.55544053202573,0.9675704135045504,0.0093112810418313,0.0,0.0,0.0,0.0,0.0,0.0231183054536183,0.3867663868284893,0.6061216215250655,0.0,0.0,0.0,0.0,0.0,0.0071119916464453,12.552579013221976,0.9724571462606127,1.0,1.214551476642006,0.0,0.0,0.0,0.0,0.0,1.0,13.258875583506692,1102.8688895247462,29.73094022392497,302.7106577576344,11.525181126674264
17,235.0,42.07261514993931,0.95,0.0273659156250218,0.0,0.0,0.0,0.0,0.0,0.0226340843749782,302.48,85.27,0.7769108701401745,0.4934046575576323,79.88545352007553,11.822324453830332,1089.3404285457236,36.27032712604234,0.9646285301594748,0.0123453527701514,0.0,0.0,0.0,0.0,0.0,0.0230261170703736,0.3305609863290837,0.6634053904164451,0.0,0.0,0.0,0.0,0.0,0.0060336232544713,12.327198784329092,0.9860123823116552,1.0,1.2044395142607354,0.0,0.0,0.0,0.0,0.0,1.0,13.258875583506692,1102.8688895247462,29.73094022392497,302.7106577576344,11.525181126674264
17,235.0,49.63516282396655,0.95,0.0273659156250218,0.0,0.0,0.0,0.0,0.0,0.0226340843749782,302.48,85.27,0.7769108701401745,0.5820940872987751,79.88545352007553,11.822324453830332,1087.900641090059,37.9927750004968,0.9616884736800212,0.0153694834930517,0.0,0.0,0.0,0.0,0.0,0.0229420428269269,0.2913403941685741,0.7033793520870244,0.0,0.0,0.0,0.0,0.0,0.0052802537444014,12.106798137818958,0.9993648220722549,1.0,1.1946407484798314,0.0,0.0,0.0,0.0,0.0,1.0,13.258875583506692,1102.8688895247462,29.73094022392497,302.7106577576344,11.525181126674264
17,235.0,57.1977104979938,0.95,0.0273659156250218,0.0,0.0,0.0,0.0,0.0,0.0226340843749782,302.48,85.27,0.7769108701401745,0.6707835170399179,79.88545352007553,11.822324453830332,1086.4608668333965,39.72216159859782,0.9587542355707828,0.0183836373664244,0.0,0.0,0.0,0.0,0.0,0.0228621270627929,0.2624928225994519,0.7327822506394678,0.0,0.0,0.0,0.0,0.0,0.0047249267610802,11.891282527800923,1.0124629347819665,1.0,1.1851833074563092,0.0,0.0,0.0,0.0,0.0,1.0,13.258875583506692,1102.8688895247462,29.73094022392497,302.7106577576344,11.525181126674264
17,235.0,64.76025817202104,0.95,0.0273659156250218,0.0,0.0,0.0,0.0,0.0,0.0226340843749782,302.48,85.27,0.7769108701401745,0.7594729467810607,79.88545352007553,11.822324453830332,1085.021738236085,41.45848489360112,0.9558275576498574,0.0213877745593989,0.0,0.0,0.0,0.0,0.0,0.0227846677907436,0.240446570130003,0.7552541240691117,0.0,0.0,0.0,0.0,0.0,0.0042993058008851,11.680545277821352,1.0253316886290094,1.0,1.1760765844859005,0.0,0.0,0.0,0.0,0.0,1.0,13.258875583506692,1102.8688895247462,29.73094022392497,302.7106577576344,11.525181126674264
17,235.0,72.32280584604828,0.95,0.0273659156250218,0.0,0.0,0.0,0.0,0.0,0.0226340843749782,302.48,85.27,0.7769108701401745,0.8481623765222034,79.88545352007553,11.822324453830332,1083.5836048762965,43.20196282301356,0.9529093257465376,0.0243818621525201,0.0,0.0,0.0,0.0,0.0,0.0227088121009423,0.2231026456579189,0.7729340518016782,0.0,0.0,0.0,0.0,0.0,0.0039633025404027,11.474459155842688,1.0379621949145077,1.0,1.167326643021465,0.0,0.0,0.0,0.0,0.0,1.0,13.258875583506692,1102.8688895247462,29.73094022392497,302.7106577576344,11.525181126674264
17,235.0,79.88535352007553,0.95,0.0273659156250218,0.0,0.0,0.0,0.0,0.0,0.0226340843749782,302.48,85.27,0.7769108701401745,0.9368518062633462,79.88545352007553,11.822324453830332,1082.146683230245,44.95286648313223,0.9500000383836704,0.0273658762599521,0.0,0.0,0.0,0.0,0.0,0.0226340853563773,0.2091464013754014,0.7871617654107513,0.0,0.0,0.0,0.0,0.0,0.0036918332138472,11.272904384876329,1.0503746145607296,1.0,1.158948921983696,0.0,0.0,0.0,0.0,0.0,1.0,13.258875583506692,1102.8688895247462,29.73094022392497,302.7106577576344,11.525181126674264
17,240.0,14.070378597053947,0.95,0.0273659156250218,0.0,0.0,0.0,0.0,0.0,0.0226340843749782,302.48,85.27,0.7934408886537953,0.1650097173338096,76.30367359186545,14.070278597053948,1073.674751480821,34.96499326343481,0.9698304831640648,0.0002035890433189,0.0,0.0,0.0,0.0,0.0,0.0299659277926162,0.949996070255526,0.0273712982978443,0.0,0.0,0.0,0.0,0.0,0.0226326314466296,12.027733163101802,0.979909828153018,1.0,1.2150232097728049,0.0,0.0,0.0,0.0,0.0,1.0,12.014498351825988,1083.263844328595,35.3375257790447,302.7106577576344,13.710780754884407
17,240.0,20.98517804092189,0.95,0.0273659156250218,0.0,0.0,0.0,0.0,0.0,0.0226340843749782,302.48,85.27,0.7934408886537953,0.2461027095217766,76.30367359186545,14.070278597053948,1074.1688352820272,36.690856177007305,0.973265361056075,0.0032480227339136,0.0,0.0,0.0,0.0,0.0,0.0234866162100114,0.6838734928058767,0.3032443161588765,0.0,0.0,0.0,0.0,0.0,0.0128821910352467,11.807765171666134,0.9937137587073842,1.0,1.2043324865953768,0.0,0.0,0.0,0.0,0.0,1.0,12.014498351825988,1083.263844328595,35.3375257790447,302.7106577576344,13.710780754884407
17,240.0,27.89997748478984,0.95,0.0273659156250218,0.0,0.0,0.0,0.0,0.0,0.0226340843749782,302.48,85.27,0.7934408886537953,0.3271957017097436,76.30367359186545,14.070278597053948,1072.713203290538,38.35045997495376,0.9704499415770071,0.0062910922770037,0.0,0.0,0.0,0.0,0.0,0.0232589661459891,0.5401800294062732,0.449708612900187,0.0,0.0,0.0,0.0,0.0,0.0101113576935398,11.598874060321508,1.0070084990337478,1.0,1.1953021554996783,0.0,0.0,0.0,0.0,0.0,1.0,12.014498351825988,1083.263844328595,35.3375257790447,302.7106577576344,13.710780754884407
17,240.0,34.81477692865778,0.95,0.0273659156250218,0.0,0.0,0.0,0.0,0.0,0.0226340843749782,302.48,85.27,0.7934408886537953,0.4082886938977105,76.30367359186545,14.070278597053948,1071.226269006762,40.02972922478609,0.9675405258305952,0.0093256417321203,0.0,0.0,0.0,0.0,0.0,0.0231338324372844,0.4515593982258554,0.5400076153204675,0.0,0.0,0.0,0.0,0.0,0.0084329864536771,11.394152838757456,1.0201534461338375,1.0,1.1867120682272376,0.0,0.0,0.0,0.0,0.0,1.0,12.014498351825988,1083.263844328595,35.3375257790447,302.7106577576344,13.710780754884407
17,240.0,41.72957637252573,0.95,0.0273659156250218,0.0,0.0,0.0,0.0,0.0,0.0226340843749782,302.48,85.27,0.7934408886537953,0.4893816860856776,76.30367359186545,14.070278597053948,1069.7311619302538,41.723073275034565,0.9646125794164092,0.0123521548947192,0.0,0.0,0.0,0.0,0.0,0.0230352656888716,0.3915849488209368,0.60111198246846,0.0,0.0,0.0,0.0,0.0,0.0073030687106031,11.193457957454449,1.0331182414451348,1.0,1.178356910353591,0.0,0.0,0.0,0.0,0.0,1.0,12.014498351825988,1083.263844328595,35.3375257790447,302.7106577576344,13.710780754884407
17,240.0,48.64437581639367,0.95,0.0273659156250218,0.0,0.0,0.0,0.0,0.0,0.0226340843749782,302.48,85.27,0.7934408886537953,0.5704746782736445,76.30367359186545,14.070278597053948,1068.2326652275374,43.427521734996944,0.9616817048319644,0.0153707555804223,0.0,0.0,0.0,0.0,0.0,0.0229475395876132,0.3483932398265586,0.6451155913784604,0.0,0.0,0.0,0.0,0.0,0.0064911687949809,10.996727300862196,1.0459312504906613,1.0,1.170222691009663,0.0,0.0,0.0,0.0,0.0,1.0,12.014498351825988,1083.263844328595,35.3375257790447,302.7106577576344,13.710780754884407
17,240.0,55.55917526026161,0.95,0.0273659156250218,0.0,0.0,0.0,0.0,0.0,0.0226340843749782,302.48,85.27,0.7934408886537953,0.6515676704616115,76.30367359186545,14.070278597053948,1066.7324510328467,45.14176271613128,0.9587532035440892,0.0183814539663027,0.0,0.0,0.0,0.0,0.0,0.022865342489608,0.3158769579253245,0.6782423781376964,0.0,0.0,0.0,0.0,0.0,0.005880663936979,10.803897999683404,1.0585636143338626,1.0,1.162343440491698,0.0,0.0,0.0,0.0,0.0,1.0,12.014498351825988,1083.263844328595,35.3375257790447,302.7106577576344,13.710780754884407
17,240.0,62.47397470412956,0.95,0.0273659156250218,0.0,0.0,0.0,0.0,0.0,0.0226340843749782,302.48,85.27,0.7934408886537953,0.7326606626495785,76.30367359186545,14.070278597053948,1065.2312898064074,46.86529969846893,0.9558293905087748,0.0213842266245331,0.0,0.0,0.0,0.0,0.0,0.0227863828666921,0.290573073590502,0.704021011280778,0.0,0.0,0.0,0.0,0.0,0.0054059151287198,10.614909425077482,1.0710428020751777,1.0,1.1547144584867657,0.0,0.0,0.0,0.0,0.0,1.0,12.014498351825988,1083.263844328595,35.3375257790447,302.7106577576344,13.710780754884407
17,240.0,69.38877414799751,0.95,0.0273659156250218,0.0,0.0,0.0,0.0,0.0,0.0226340843749782,302.48,85.27,0.7934408886537953,0.8137536548375456,76.30367359186545,14.070278597053948,1063.7296048460182,48.59802756838223,0.952911446827379,0.0243790425149416,0.0,0.0,0.0,0.0,0.0,0.0227095106576793,0.2703717245550455,0.7246011876853127,0.0,0.0,0.0,0.0,0.0,0.0050270877596419,10.42968135008883,1.083349124412964,1.0,1.14734183310107,0.0,0.0,0.0,0.0,0.0,1.0,12.014498351825988,1083.263844328595,35.3375257790447,302.7106577576344,13.710780754884407
17,240.0,76.30357359186544,0.95,0.0273659156250218,0.0,0.0,0.0,0.0,0.0,0.0226340843749782,302.48,85.27,0.7934408886537953,0.8948466470255124,76.30367359186545,14.070278597053948,1062.2276578611345,50.34001620613951,0.9500000420248824,0.0273658725185247,0.0,0.0,0.0,0.0,0.0,0.0226340854565928,0.2539140173493601,0.7413673978734764,0.0,0.0,0.0,0.0,0.0,0.0047185847771633,10.24813747582231,1.0955042990293613,1.0,1.140241624022998,0.0,0.0,0.0,0.0,0.0,1.0,12.014498351825988,1083.263844328595,35.3375257790447,302.7106577576344,13.710780754884407
17,245.0,16.62591941150737,0.95,0.0273659156250218,0.0,0.0,0.0,0.0,0.0,0.0226340843749782,302.48,85.27,0.8099709071674159,0.1949797046031121,73.68374035525322,16.62581941150737,1053.3850921724754,41.35794582977191,0.969731858591549,0.0002686520767959,0.0,0.0,0.0,0.0,0.0,0.0299994893316551,0.9499967745460064,0.0273703450596094,0.0,0.0,0.0,0.0,0.0,0.022632880394384,10.8140037248746,1.0356027237920118,1.0,1.18423564194047,0.0,0.0,0.0,0.0,0.0,1.0,10.793959502416731,1062.6711211462375,41.80803719266337,302.7106577576344,16.191644196077288
17,245.0,22.965666183034685,0.95,0.0273659156250218,0.0,0.0,0.0,0.0,0.0,0.0226340843749782,302.48,85.27,0.8099709071674159,0.2693287930460266,73.68374035525322,16.62581941150737,1053.738385654293,43.0929061509502,0.9731327701482442,0.0032965606093728,0.0,0.0,0.0,0.0,0.0,0.0235706692423829,0.7344436649565196,0.2516495583009719,0.0,0.0,0.0,0.0,0.0,0.0139067767425083,10.616817472603447,1.0489691069145786,1.0,1.1747293443282187,0.0,0.0,0.0,0.0,0.0,1.0,10.793959502416731,1062.6711211462375,41.80803719266337,302.7106577576344,16.191644196077288
17,245.0,29.305412954562,0.95,0.0273659156250218,0.0,0.0,0.0,0.0,0.0,0.0226340843749782,302.48,85.27,0.8099709071674159,0.343677881488941,73.68374035525322,16.62581941150737,1052.2430989148404,44.73899061100236,0.9703763710429484,0.0063277723045109,0.0,0.0,0.0,0.0,0.0,0.0232958566525408,0.6029843238434655,0.3856517710434087,0.0,0.0,0.0,0.0,0.0,0.0113639051131257,10.431558216120877,1.061791976400381,1.0,1.1670982359288182,0.0,0.0,0.0,0.0,0.0,1.0,10.793959502416731,1062.6711211462375,41.80803719266337,302.7106577576344,16.191644196077288
17,245.0,35.64515972608932,0.95,0.0273659156250218,0.0,0.0,0.0,0.0,0.0,0.0226340843749782,302.48,85.27,0.8099709071674159,0.4180269699318555,73.68374035525322,16.62581941150737,1050.7078208975938,46.40604481707253,0.9674938013245118,0.0093519664224393,0.0,0.0,0.0,0.0,0.0,0.0231542322530488,0.5160826469176076,0.4741850495312071,0.0,0.0,0.0,0.0,0.0,0.0097323035511852,10.249788368457896,1.0744828645475024,1.0,1.1599407003295372,0.0,0.0,0.0,0.0,0.0,1.0,10.793959502416731,1062.6711211462375,41.80803719266337,302.7106577576344,16.191644196077288
17,245.0,41.98490649761664,0.95,0.0273659156250218,0.0,0.0,0.0,0.0,0.0,0.0226340843749782,302.48,85.27,0.8099709071674159,0.49237605837477,73.68374035525322,16.62581941150737,1049.161318086842,48.09054725986151,0.9645828115920372,0.0123697076559274,0.0,0.0,0.0,0.0,0.0,0.0230474807520352,0.4545151699490315,0.5368968459315566,0.0,0.0,0.0,0.0,0.0,0.0085879841194116,10.071280996242775,1.0870749692723054,1.0,1.1530370970716777,0.0,0.0,0.0,0.0,0.0,1.0,10.793959502416731,1062.6711211462375,41.80803719266337,302.7106577576344,16.191644196077288
17,245.0,48.32465326914395,0.95,0.0273659156250218,0.0,0.0,0.0,0.0,0.0,0.0226340843749782,302.48,85.27,0.8099709071674159,0.5667251468176845,73.68374035525322,16.62581941150737,1047.6094987502406,49.789575455198026,0.9616637812752984,0.0153812253969225,0.0,0.0,0.0,0.0,0.0,0.022954993327779,0.4087045037131503,0.5835542298385182,0.0,0.0,0.0,0.0,0.0,0.0077412664483314,9.895960495467136,1.0995547623223607,1.0,1.146315714773898,0.0,0.0,0.0,0.0,0.0,1.0,10.793959502416731,1062.6711211462375,41.80803719266337,302.7106577576344,16.191644196077288
17,245.0,54.66440004067127,0.95,0.0273659156250218,0.0,0.0,0.0,0.0,0.0,0.0226340843749782,302.48,85.27,0.8099709071674159,0.6410742352605989,73.68374035525322,16.62581941150737,1046.0543849535295,51.50143910797186,0.9587436330783078,0.0183865967753231,0.0,0.0,0.0,0.0,0.0,0.0228697701463689,0.373357345443226,0.6195520482347773,0.0,0.0,0.0,0.0,0.0,0.0070906063219966,9.723778593824235,1.1119239945470203,1.0,1.139773422560979,0.0,0.0,0.0,0.0,0.0,1.0,10.793959502416731,1062.6711211462375,41.80803719266337,302.7106577576344,16.191644196077288
17,245.0,61.00414681219858,0.95,0.0273659156250218,0.0,0.0,0.0,0.0,0.0,0.0226340843749782,302.48,85.27,0.8099709071674159,0.7154233237035134,73.68374035525322,16.62581941150737,1044.4968872847596,53.22524840504059,0.955825382042553,0.0213858366432951,0.0,0.0,0.0,0.0,0.0,0.0227887813141519,0.3453128117673706,0.6481109789452999,0.0,0.0,0.0,0.0,0.0,0.0065762092873293,9.554690559235,1.1241926864073537,1.0,1.1334280966446584,0.0,0.0,0.0,0.0,0.0,1.0,10.793959502416731,1062.6711211462375,41.80803719266337,302.7106577576344,16.191644196077288
17,245.0,67.3438935837259,0.95,0.0273659156250218,0.0,0.0,0.0,0.0,0.0,0.0226340843749782,302.48,85.27,0.8099709071674159,0.7897724121464279,73.68374035525322,16.62581941150737,1042.937497392695,54.96058116514001,0.9529105631181016,0.0243789338825171,0.0,0.0,0.0,0.0,0.0,0.022710502999381,0.3225676049188907,0.6712719340540348,0.0,0.0,0.0,0.0,0.0,0.0061604610270744,9.38864305801102,1.1363439740236132,1.0,1.1272669391268064,0.0,0.0,0.0,0.0,0.0,1.0,10.793959502416731,1062.6711211462375,41.80803719266337,302.7106577576344,16.191644196077288
17,245.0,73.68364035525322,0.95,0.0273659156250218,0.0,0.0,0.0,0.0,0.0,0.0226340843749782,302.48,85.27,0.8099709071674159,0.8641215005893423,73.68374035525322,16.62581941150737,1041.3765156266302,56.70727481456533,0.9500000458367176,0.0273658685955452,0.0,0.0,0.0,0.0,0.0,0.0226340855677372,0.3037906912039437,0.69039082694975,0.0,0.0,0.0,0.0,0.0,0.0058184818463063,9.225583252383714,1.1483971604726373,1.000000000002322,1.121302250850146,0.0,0.0,0.0,0.0,0.0,1.0,10.793959502416731,1062.6711211462375,41.80803719266337,302.7106577576344,16.191644196077288
17,250.0,19.516142272955616,0.95,0.0273659156250218,0.0,0.0,0.0,0.0,0.0,0.0226340843749782,302.48,85.27,0.8265009256810367,0.2288746601730458,71.91197889308408,19.516042272955616,1031.9711491339692,48.73751606515399,0.969673736616744,0.0003522741748822,0.0,0.0,0.0,0.0,0.0,0.0299739892083737,0.9499973335695624,0.0273695768510104,0.0,0.0,0.0,0.0,0.0,0.0226330895794272,9.624798800226005,1.098587625208574,1.0,1.1551146190124746,0.0,0.0,0.0,0.0,0.0,1.0,9.599114364051816,1040.9186176418627,49.27650279185157,302.7106577576344,18.99215487266697
17,250.0,25.337890786303223,0.95,0.0273659156250218,0.0,0.0,0.0,0.0,0.0,0.0226340843749782,302.48,85.27,0.8265009256810367,0.2971489478867506,71.91197889308408,19.516042272955616,1032.1590430643032,50.4990221343115,0.9729634981007936,0.0033616870465003,0.0,0.0,0.0,0.0,0.0,0.0236748148527061,0.7773568033478445,0.2078334879772395,0.0,0.0,0.0,0.0,0.0,0.0148097086749159,9.448162575640666,1.1117856786866849,1.0,1.1468226747961563,0.0,0.0,0.0,0.0,0.0,1.0,9.599114364051816,1040.9186176418627,49.27650279185157,302.7106577576344,18.99215487266697
17,250.0,31.159639299650827,0.95,0.0273659156250218,0.0,0.0,0.0,0.0,0.0,0.0226340843749782,302.48,85.27,0.8265009256810367,0.3654232356004553,71.91197889308408,19.516042272955616,1030.6284646346544,52.14702637403754,0.9702773933373552,0.0063795831589675,0.0,0.0,0.0,0.0,0.0,0.0233430235036772,0.6606520863737122,0.3268300238905487,0.0,0.0,0.0,0.0,0.0,0.0125178897357391,9.284073984270128,1.1243663045493375,1.0,1.140377906230992,0.0,0.0,0.0,0.0,0.0,1.0,9.599114364051816,1040.9186176418627,49.27650279185157,302.7106577576344,18.99215487266697
17,250.0,36.98138781299844,0.95,0.0273659156250218,0.0,0.0,0.0,0.0,0.0,0.0226340843749782,302.48,85.27,0.8265009256810367,0.4336975233141601,71.91197889308408,19.516042272955616,1029.0484794351062,53.81517487256268,0.9674272207526694,0.0093919031550006,0.0,0.0,0.0,0.0,0.0,0.0231808760923298,0.5784347613507436,0.4105892836933421,0.0,0.0,0.0,0.0,0.0,0.0109759549559143,9.122992088720482,1.1368554213406257,1.0,1.1344021301463223,0.0,0.0,0.0,0.0,0.0,1.0,9.599114364051816,1040.9186176418627,49.27650279185157,302.7106577576344,18.99215487266697
17,250.0,42.80313632634604,0.95,0.0273659156250218,0.0,0.0,0.0,0.0,0.0,0.0226340843749782,302.48,85.27,0.8265009256810367,0.5019718110278649,71.91197889308408,19.516042272955616,1027.45409344504,55.502874180700765,0.9645370957300368,0.0123991547293323,0.0,0.0,0.0,0.0,0.0,0.0230637495406307,0.5175365148806061,0.4726114927401768,0.0,0.0,0.0,0.0,0.0,0.0098519923792169,8.964602336025228,1.149268082816565,1.0,1.1286782558067925,0.0,0.0,0.0,0.0,0.0,1.0,9.599114364051816,1040.9186176418627,49.27650279185157,302.7106577576344,18.99215487266697
17,250.0,48.62488483969365,0.95,0.0273659156250218,0.0,0.0,0.0,0.0,0.0,0.0226340843749782,302.48,85.27,0.8265009256810367,0.5702460987415697,71.91197889308408,19.516042272955616,1025.8525159710114,57.20795328604553,0.9616332408779416,0.0154016414353523,0.0,0.0,0.0,0.0,0.0,0.022965117686706,0.470706430477894,0.5202981727040604,0.0,0.0,0.0,0.0,0.0,0.0089953968180456,8.808806521453917,1.1616242971217303,1.0,1.1231309296399026,0.0,0.0,0.0,0.0,0.0,1.0,9.599114364051816,1040.9186176418627,49.27650279185157,302.7106577576344,18.99215487266697
17,250.0,54.44663335304125,0.95,0.0273659156250218,0.0,0.0,0.0,0.0,0.0,0.0226340843749782,302.48,85.27,0.8265009256810367,0.6385203864552744,71.91197889308408,19.516042272955616,1024.246168339148,58.92877214356516,0.9587245815524912,0.0183995096998831,0.0,0.0,0.0,0.0,0.0,0.0228759087476255,0.4336409948157235,0.5580371479044569,0.0,0.0,0.0,0.0,0.0,0.0083218572798193,8.655552765823403,1.1739200426258798,1.0,1.1177281113362647,0.0,0.0,0.0,0.0,0.0,1.0,9.599114364051816,1040.9186176418627,49.27650279185157,302.7106577576344,18.99215487266697
17,250.0,60.268381866388864,0.95,0.0273659156250218,0.0,0.0,0.0,0.0,0.0,0.0226340843749782,302.48,85.27,0.8265009256810367,0.7067946741689793,71.91197889308408,19.516042272955616,1022.6361119124506,60.66427203240328,0.9558149962929436,0.0213928238816116,0.0,0.0,0.0,0.0,0.0,0.0227921798254446,0.4036283937582801,0.5885920223443568,0.0,0.0,0.0,0.0,0.0,0.007779583897363,8.504803802449572,1.1861590601612575,1.0,1.1124795877621356,0.0,0.0,0.0,0.0,0.0,1.0,9.599114364051816,1040.9186176418627,49.27650279185157,302.7106577576344,18.99215487266697
17,250.0,66.09013037973646,0.95,0.0273659156250218,0.0,0.0,0.0,0.0,0.0,0.0226340843749782,302.48,85.27,0.8265009256810367,0.775068961882684,71.91197889308408,19.516042272955616,1021.0229017620712,62.41381607357192,0.9529064497577988,0.0243816078235256,0.0,0.0,0.0,0.0,0.0,0.0227119424186754,0.3788760631824001,0.6137891337427648,0.0,0.0,0.0,0.0,0.0,0.0073348030748351,8.356521281484472,1.1983382658425812,1.0,1.1073678546730414,0.0,0.0,0.0,0.0,0.0,1.0,9.599114364051816,1040.9186176418627,49.27650279185157,302.7106577576344,18.99215487266697
17,250.0,71.91187889308408,0.95,0.0273659156250218,0.0,0.0,0.0,0.0,0.0,0.0226340843749782,302.48,85.27,0.8265009256810367,0.843343249596389,71.91197889308408,19.516042272955616,1019.4068690347774,64.17705395815867,0.950000049896303,0.0273658644076789,0.0,0.0,0.0,0.0,0.0,0.022634085696018,0.3581520400243124,0.6348834685562874,0.0,0.0,0.0,0.0,0.0,0.0069644914194001,8.21067958176609,1.2104658165641615,1.0,1.102408448273402,0.0,0.0,0.0,0.0,0.0,1.0,9.599114364051816,1040.9186176418627,49.27650279185157,302.7106577576344,18.99215487266697
17,255.0,22.769959076508574,0.95,0.0273659156250218,0.0,0.0,0.0,0.0,0.0,0.0226340843749782,302.48,85.27,0.8430309441946574,0.26703364696269,70.8998858391393,22.76985907650857,1009.2189485358032,57.269552421421785,0.9696482652972894,0.0004599299450009,0.0,0.0,0.0,0.0,0.0,0.0298918047577095,0.9499977826623632,0.027368952007817,0.0,0.0,0.0,0.0,0.0,0.0226332653298198,8.462337446062993,1.1707555440403816,1.0,1.127684131302759,0.0,0.0,0.0,0.0,0.0,1.0,8.432227805466914,1017.7913832278248,57.90987351738985,302.7106577576344,22.13772066860631
17,255.0,28.11771760568977,0.95,0.0273659156250218,0.0,0.0,0.0,0.0,0.0,0.0226340843749782,302.48,85.27,0.8430309441946574,0.3297492389549638,70.8998858391393,22.76985907650857,1009.2170208102416,59.07392416521615,0.9727501467139098,0.0034479060908685,0.0,0.0,0.0,0.0,0.0,0.0238019471952216,0.8132068784691768,0.1711812160767051,0.0,0.0,0.0,0.0,0.0,0.015611905454118,8.304551146542535,1.1840461447975776,1.0,1.1206425884226334,0.0,0.0,0.0,0.0,0.0,1.0,8.432227805466914,1017.7913832278248,57.90987351738985,302.7106577576344,22.13772066860631
17,255.0,33.465476134870954,0.95,0.0273659156250218,0.0,0.0,0.0,0.0,0.0,0.0226340843749782,302.48,85.27,0.8430309441946574,0.3924648309472376,70.8998858391393,22.76985907650857,1007.6535636996512,60.73931516628854,0.970147256619846,0.0064500324437468,0.0,0.0,0.0,0.0,0.0,0.0234027109364071,0.7123326911693003,0.2741003351694784,0.0,0.0,0.0,0.0,0.0,0.0135669736612212,8.159624185659938,1.1966217154315046,1.0,1.1152180543127237,0.0,0.0,0.0,0.0,0.0,1.0,8.432227805466914,1017.7913832278248,57.90987351738985,302.7106577576344,22.13772066860631
17,255.0,38.81323466405215,0.95,0.0273659156250218,0.0,0.0,0.0,0.0,0.0,0.0226340843749782,302.48,85.27,0.8430309441946574,0.4551804229395115,70.8998858391393,22.76985907650857,1006.0308042092696,62.42225400430747,0.9673365164243756,0.0094481306583316,0.0,0.0,0.0,0.0,0.0,0.0232153529172929,0.6370838324089902,0.3507737137229879,0.0,0.0,0.0,0.0,0.0,0.0121424538680218,8.017356260110438,1.2091373422343608,1.0,1.11022559492815,0.0,0.0,0.0,0.0,0.0,1.0,8.432227805466914,1017.7913832278248,57.90987351738985,302.7106577576344,22.13772066860631
17,255.0,44.16099319323334,0.95,0.0273659156250218,0.0,0.0,0.0,0.0,0.0,0.0226340843749782,302.48,85.27,0.8430309441946574,0.5178960149317854,70.8998858391393,22.76985907650857,1004.3902814044184,64.12549695488956,0.9644722968393582,0.0124424885652707,0.0,0.0,0.0,0.0,0.0,0.0230852145953709,0.578949253127765,0.4099830508232719,0.0,0.0,0.0,0.0,0.0,0.0110676960489629,7.8773518776397,1.2216266573523953,1.0,1.1054887970465737,0.0,0.0,0.0,0.0,0.0,1.0,8.432227805466914,1017.7913832278248,57.90987351738985,302.7106577576344,22.13772066860631
17,255.0,49.50875172241453,0.95,0.0273659156250218,0.0,0.0,0.0,0.0,0.0,0.0226340843749782,302.48,85.27,0.8430309441946574,0.5806116069240592,70.8998858391393,22.76985907650857,1002.7406685019196,65.84811493422752,0.961587842836917,0.0154334263166707,0.0,0.0,0.0,0.0,0.0,0.0229787308464122,0.5327725778767756,0.4570025463338323,0.0,0.0,0.0,0.0,0.0,0.010224875789392,7.739490364278521,1.234085543434128,1.0,1.1009112363670923,0.0,0.0,0.0,0.0,0.0,1.0,8.432227805466914,1017.7913832278248,57.90987351738985,302.7106577576344,22.13772066860631
17,255.0,54.85651025159572,0.95,0.0273659156250218,0.0,0.0,0.0,0.0,0.0,0.0226340843749782,302.48,85.27,0.8430309441946574,0.6433271989163332,70.8998858391393,22.76985907650857,1001.084848603972,67.58892428745392,0.958694536389662,0.0184211408175157,0.0,0.0,0.0,0.0,0.0,0.0228843227928222,0.4952716790985166,0.4951818228533114,0.0,0.0,0.0,0.0,0.0,0.0095464980481717,7.603711147281971,1.2465185324150745,1.0,1.0964754035245654,0.0,0.0,0.0,0.0,0.0,1.0,8.432227805466914,1017.7913832278248,57.90987351738985,302.7106577576344,22.13772066860631
17,255.0,60.204268780776914,0.95,0.0273659156250218,0.0,0.0,0.0,0.0,0.0,0.0226340843749782,302.48,85.27,0.8430309441946574,0.706042790908607,70.8998858391393,22.76985907650857,999.424051248469,69.34697917359802,0.9557973218590862,0.021405746428901,0.0,0.0,0.0,0.0,0.0,0.0227969317120126,0.4642625887901267,0.5267477381400182,0.0,0.0,0.0,0.0,0.0,0.0089896730698549,7.469975897028074,1.2589385368965482,1.0,1.0921557600204994,0.0,0.0,0.0,0.0,0.0,1.0,8.432227805466914,1017.7913832278248,57.90987351738985,302.7106577576344,22.13772066860631
17,255.0,65.5520273099581,0.95,0.0273659156250218,0.0,0.0,0.0,0.0,0.0,0.0226340843749782,302.48,85.27,0.8430309441946574,0.7687583829008808,70.8998858391393,22.76985907650857,997.7588973355054,71.12161063146421,0.9528986949201146,0.0243873077088065,0.0,0.0,0.0,0.0,0.0,0.0227139973710787,0.4382371187228766,0.5532373893076867,0.0,0.0,0.0,0.0,0.0,0.0085254919694366,7.33825486478623,1.2713580722791211,1.0,1.0879526713590484,0.0,0.0,0.0,0.0,0.0,1.0,8.432227805466914,1017.7913832278248,57.90987351738985,302.7106577576344,22.13772066860631
17,255.0,70.8997858391393,0.95,0.0273659156250218,0.0,0.0,0.0,0.0,0.0,0.0226340843749782,302.48,85.27,0.8430309441946574,0.8314739748931547,70.8998858391393,22.76985907650857,996.0897426320904,72.91237630387094,0.9500000541917182,0.0273658599614288,0.0,0.0,0.0,0.0,0.0,0.0226340858468528,0.4161208148971366,0.5757455308601701,0.0,0.0,0.0,0.0,0.0,0.0081336542426932,7.208523057274228,1.28375780173264,1.0,1.083864873431538,0.0,0.0,0.0,0.0,0.0,1.0,8.432227805466914,1017.7913832278248,57.90987351738985,302.7106577576344,22.13772066860631
17,260.0,26.418591208397537,0.95,0.0273659156250218,0.0,0.0,0.0,0.0,0.0,0.0226340843749782,302.48,85.27,0.8595609627082782,0.3098228123419437,70.5776831156227,26.418491208397537,984.8554766069944,67.1662467723048,0.9696465084808008,0.0005992633199552,0.0,0.0,0.0,0.0,0.0,0.0297542281992437,0.9499981477721277,0.0273684391237643,0.0,0.0,0.0,0.0,0.0,0.0226334131041079,7.329345745092183,1.254758175094875,1.0,1.1020401067725598,0.0,0.0,0.0,0.0,0.0,1.0,7.296085655146154,993.0143761526203,67.92140682303575,302.7106577576344,25.654931900849267
17,260.0,31.32514586475589,0.95,0.0273659156250218,0.0,0.0,0.0,0.0,0.0,0.0226340843749782,302.48,85.27,0.8595609627082782,0.3673642062244153,70.5776831156227,26.418491208397537,984.6393390479352,69.02909871898811,0.972483619030845,0.0035617496207413,0.0,0.0,0.0,0.0,0.0,0.0239546313484136,0.8428122293943694,0.140849224589863,0.0,0.0,0.0,0.0,0.0,0.0163385460157675,7.189141714549559,1.268437975164754,1.0,1.0962277221126544,0.0,0.0,0.0,0.0,0.0,1.0,7.296085655146154,993.0143761526203,67.92140682303575,302.7106577576344,25.654931900849267
17,260.0,36.23170052111424,0.95,0.0273659156250218,0.0,0.0,0.0,0.0,0.0,0.0226340843749782,302.48,85.27,0.8595609627082782,0.4249056001068869,70.5776831156227,26.418491208397537,983.042948699404,70.72782688160588,0.9699781575099816,0.0065444126352178,0.0,0.0,0.0,0.0,0.0,0.0234774298548005,0.7577280481538735,0.2277543157174413,0.0,0.0,0.0,0.0,0.0,0.0145176361286852,7.061729098187151,1.281287911325912,1.0,1.0917116707922605,0.0,0.0,0.0,0.0,0.0,1.0,7.296085655146154,993.0143761526203,67.92140682303575,302.7106577576344,25.654931900849267
17,260.0,41.13825517747259,0.95,0.0273659156250218,0.0,0.0,0.0,0.0,0.0,0.0226340843749782,302.48,85.27,0.8595609627082782,0.4824469939893583,70.5776831156227,26.418491208397537,981.3774121229676,72.44010708975688,0.9672156454386166,0.0095248472214197,0.0,0.0,0.0,0.0,0.0,0.0232595073399636,0.6909589911527705,0.2958175618127865,0.0,0.0,0.0,0.0,0.0,0.0132234470344429,6.936734415365532,1.2940978748467928,1.0,1.0875723444064755,0.0,0.0,0.0,0.0,0.0,1.0,7.296085655146154,993.0143761526203,67.92140682303575,302.7106577576344,25.654931900849267
17,260.0,46.04480983383094,0.95,0.0273659156250218,0.0,0.0,0.0,0.0,0.0,0.0226340843749782,302.48,85.27,0.8595609627082782,0.53998838787183,70.5776831156227,26.418491208397537,979.6905532673214,74.17227576742506,0.9643838403431468,0.0125029491755975,0.0,0.0,0.0,0.0,0.0,0.0231132104812557,0.63732278233585,0.3504584197667157,0.0,0.0,0.0,0.0,0.0,0.0122187978974342,6.81367898591552,1.306910281241352,1.0,1.0836623932051184,0.0,0.0,0.0,0.0,0.0,1.0,7.296085655146154,993.0143761526203,67.92140682303575,302.7106577576344,25.654931900849267
17,260.0,50.95136449018929,0.95,0.0273659156250218,0.0,0.0,0.0,0.0,0.0,0.0226340843749782,302.48,85.27,0.8595609627082782,0.5975297817543016,70.5776831156227,26.418491208397537,977.9926086449144,75.92489626529769,0.9615242337509028,0.0154789823610956,0.0,0.0,0.0,0.0,0.0,0.0229967838880014,0.593373009254898,0.3952169442254862,0.0,0.0,0.0,0.0,0.0,0.0114100465196157,6.692415960152864,1.3197292983520186,1.0,1.0799130646752917,0.0,0.0,0.0,0.0,0.0,1.0,7.296085655146154,993.0143761526203,67.92140682303575,302.7106577576344,25.654931900849267
17,260.0,55.85791914654765,0.95,0.0273659156250218,0.0,0.0,0.0,0.0,0.0,0.0226340843749782,302.48,85.27,0.8595609627082782,0.6550711756367732,70.5776831156227,26.418491208397537,976.286980789146,77.69752758109259,0.9586511769153718,0.0184531612058504,0.0,0.0,0.0,0.0,0.0,0.0228956618787777,0.5567620460432785,0.4324938359298466,0.0,0.0,0.0,0.0,0.0,0.0107441180268748,6.572877317002668,1.3325653765414422,1.0,1.076285987851541,0.0,0.0,0.0,0.0,0.0,1.0,7.296085655146154,993.0143761526203,67.92140682303575,302.7106577576344,25.654931900849267
17,260.0,60.764473802906,0.95,0.0273659156250218,0.0,0.0,0.0,0.0,0.0,0.0226340843749782,302.48,85.27,0.8595609627082782,0.7126125695192448,70.5776831156227,26.418491208397537,974.5750933204253,79.48959090584579,0.955770925240076,0.0214256363783211,0.0,0.0,0.0,0.0,0.0,0.0228034383816028,0.5258410737033624,0.4639722417103635,0.0,0.0,0.0,0.0,0.0,0.010186684586274,6.455021490240475,1.3454396543264588,1.0,1.0727643533934836,0.0,0.0,0.0,0.0,0.0,1.0,7.296085655146154,993.0143761526203,67.92140682303575,302.7106577576344,25.654931900849267
17,260.0,65.67102845926435,0.95,0.0273659156250218,0.0,0.0,0.0,0.0,0.0,0.0226340843749782,302.48,85.27,0.8595609627082782,0.7701539634017164,70.5776831156227,26.418491208397537,972.8576401829232,81.30058265752531,0.952886632718412,0.0243965107641231,0.0,0.0,0.0,0.0,0.0,0.0227168565174649,0.4994197611663719,0.4908662227072234,0.0,0.0,0.0,0.0,0.0,0.0097140161264047,6.338819401138249,1.358334672917868,1.0,1.0693405510159937,0.0,0.0,0.0,0.0,0.0,1.0,7.296085655146154,993.0143761526203,67.92140682303575,302.7106577576344,25.654931900849267
17,260.0,70.5775831156227,0.95,0.0273659156250218,0.0,0.0,0.0,0.0,0.0,0.0226340843749782,302.48,85.27,0.8595609627082782,0.827695357284188,70.5776831156227,26.418491208397537,971.1350000857412,83.13011875639455,0.9500000588386188,0.0273658551301741,0.0,0.0,0.0,0.0,0.0,0.022634086031207,0.4766179319805665,0.514073059211417,0.0,0.0,0.0,0.0,0.0,0.0093090088080164,6.224249836732049,1.3712531760845352,1.0,1.0660121509365896,0.0,0.0,0.0,0.0,0.0,1.0,7.296085655146154,993.0143761526203,67.92140682303575,302.7106577576344,25.654931900849267
17,265.0,30.49632488193306,0.95,0.0273659156250218,0.0,0.0,0.0,0.0,0.0,0.0226340843749782,302.48,85.27,0.8760909812218989,0.3576442462992033,70.8890994699993,30.49622488193306,958.522021399852,78.70737278994964,0.9696576131354558,0.0007813470404469,0.0,0.0,0.0,0.0,0.0,0.0295610398240972,0.9499984481943424,0.0273680142564093,0.0,0.0,0.0,0.0,0.0,0.0226335375492481,6.229211533553899,1.3544363227566585,1.0,1.0782957702865514,0.0,0.0,0.0,0.0,0.0,1.0,6.194157229336726,966.2255774553212,79.59167899763797,302.7106577576344,29.571779036695137
17,265.0,34.98439983616264,0.95,0.0273659156250218,0.0,0.0,0.0,0.0,0.0,0.0226340843749782,302.48,85.27,0.8760909812218989,0.4102779387376878,70.8890994699993,30.49622488193306,958.0671706504166,80.64402672236288,0.972152538540454,0.003712893944625,0.0,0.0,0.0,0.0,0.0,0.0241345675149208,0.8670546768959836,0.1159294688306309,0.0,0.0,0.0,0.0,0.0,0.0170158542733854,6.105680901854267,1.3688545738612967,1.0,1.0736667381258582,0.0,0.0,0.0,0.0,0.0,1.0,6.194157229336726,966.2255774553212,79.59167899763797,302.7106577576344,29.571779036695137
17,265.0,39.47247479039222,0.95,0.0273659156250218,0.0,0.0,0.0,0.0,0.0,0.0226340843749782,302.48,85.27,0.8760909812218989,0.4629116311761724,70.8890994699993,30.49622488193306,956.434429786028,82.39315569951339,0.9697593231142771,0.0066707683029098,0.0,0.0,0.0,0.0,0.0,0.0235699085828128,0.7969608200988477,0.1876532066315172,0.0,0.0,0.0,0.0,0.0,0.015385973269635,5.99445528695343,1.382319081904293,1.0,1.069981122489095,0.0,0.0,0.0,0.0,0.0,1.0,6.194157229336726,966.2255774553212,79.59167899763797,302.7106577576344,29.571779036695137
17,265.0,43.9605497446218,0.95,0.0273659156250218,0.0,0.0,0.0,0.0,0.0,0.0226340843749782,302.48,85.27,0.8760909812218989,0.515545323614657,70.8890994699993,30.49622488193306,954.7236630665656,84.1506882570692,0.96705592822424,0.009628596688286,0.0,0.0,0.0,0.0,0.0,0.023315475087474,0.7394536455536351,0.2463236756884509,0.0,0.0,0.0,0.0,0.0,0.0142226787579139,5.885478649624187,1.3957577924769482,1.0,1.0666009413716409,0.0,0.0,0.0,0.0,0.0,1.0,6.194157229336726,966.2255774553212,79.59167899763797,302.7106577576344,29.571779036695137
17,265.0,48.44862469885138,0.95,0.0273659156250218,0.0,0.0,0.0,0.0,0.0,0.0226340843749782,302.48,85.27,0.8760909812218989,0.5681790160531416,70.8890994699993,30.49622488193306,952.9878977707908,85.92683481612691,0.9642649822537724,0.0125857076162183,0.0,0.0,0.0,0.0,0.0,0.0231493101300093,0.6915872607633415,0.2951120628052951,0.0,0.0,0.0,0.0,0.0,0.0133006764313634,5.778186135403463,1.4092192669879262,1.0,1.0634180417818313,0.0,0.0,0.0,0.0,0.0,1.0,6.194157229336726,966.2255774553212,79.59167899763797,302.7106577576344,29.571779036695137
17,265.0,52.93669965308096,0.95,0.0273659156250218,0.0,0.0,0.0,0.0,0.0,0.0226340843749782,302.48,85.27,0.8760909812218989,0.6208127084916262,70.8890994699993,30.49622488193306,951.2388960191712,87.72373503466517,0.9614373682013436,0.0155422310419705,0.0,0.0,0.0,0.0,0.0,0.0230204007566857,0.6512010722140851,0.3362572806402279,0.0,0.0,0.0,0.0,0.0,0.012541647145687,5.672412447318881,1.4227292348490033,1.0,1.060378705060313,0.0,0.0,0.0,0.0,0.0,1.0,6.194157229336726,966.2255774553212,79.59167899763797,302.7106577576344,29.571779036695137
17,265.0,57.42477460731054,0.95,0.0273659156250218,0.0,0.0,0.0,0.0,0.0,0.0226340843749782,302.48,85.27,0.8760909812218989,0.6734464009301108,70.8890994699993,30.49622488193306,949.4806064190371,89.54183743834051,0.9585909510162776,0.0184983585942885,0.0,0.0,0.0,0.0,0.0,0.0229106903894338,0.6167226323910301,0.371373937405794,0.0,0.0,0.0,0.0,0.0,0.0119034302031757,5.568080400096519,1.4363057110701407,1.0,1.057452897200437,0.0,0.0,0.0,0.0,0.0,1.0,6.194157229336726,966.2255774553212,79.59167899763797,302.7106577576344,29.571779036695137
17,265.0,61.91284956154013,0.95,0.0273659156250218,0.0,0.0,0.0,0.0,0.0,0.0226340843749782,302.48,85.27,0.8760909812218989,0.7260800933685954,70.8890994699993,30.49622488193306,947.71466839498,91.38110212557424,0.9557335767497538,0.0214542548942606,0.0,0.0,0.0,0.0,0.0,0.0228121683559857,0.5869875419850401,0.4016534827908968,0.0,0.0,0.0,0.0,0.0,0.011358975224063,5.465144855033156,1.4499413649023063,1.0,1.0546231661394172,0.0,0.0,0.0,0.0,0.0,1.0,6.194157229336726,966.2255774553212,79.59167899763797,302.7106577576344,29.571779036695137
17,265.0,66.4009245157697,0.95,0.0273659156250218,0.0,0.0,0.0,0.0,0.0,0.0226340843749782,302.48,85.27,0.8760909812218989,0.77871378580708,70.8890994699993,30.49622488193306,945.9418586453882,93.2413572624198,0.9528692113436558,0.0244100508621417,0.0,0.0,0.0,0.0,0.0,0.0227207377942024,0.5611171608896218,0.4279934551601585,0.0,0.0,0.0,0.0,0.0,0.0108893839502194,5.363576279516411,1.4636426564650946,1.0,1.0518791048428515,0.0,0.0,0.0,0.0,0.0,1.0,6.194157229336726,966.2255774553212,79.59167899763797,302.7106577576344,29.571779036695137
17,265.0,70.88899946999929,0.95,0.0273659156250218,0.0,0.0,0.0,0.0,0.0,0.0226340843749782,302.48,85.27,0.8760909812218989,0.8313474782455647,70.8890994699993,30.49622488193306,944.1625800597396,95.12242167489713,0.9500000639593256,0.0273658497770035,0.0,0.0,0.0,0.0,0.0,0.0226340862636709,0.538436770575841,0.4510824387304604,0.0,0.0,0.0,0.0,0.0,0.0104807906936984,5.26335232987898,1.477430805009091,1.0,1.049214214667167,0.0,0.0,0.0,0.0,0.0,1.0,6.194157229336726,966.2255774553212,79.59167899763797,302.7106577576344,29.571779036695137
17,270.0,35.041716101030154,0.95,0.0273659156250218,0.0,0.0,0.0,0.0,0.0,0.0226340843749782,302.48,85.27,0.8926209997355197,0.4109501125956392,71.78670881619587,35.04161610103015,929.7304076407388,92.27549596064424,0.9696672422698706,0.0010229346793591,0.0,0.0,0.0,0.0,0.0,0.0293098230507701,0.9499986984885758,0.0273676589142016,0.0,0.0,0.0,0.0,0.0,0.0226336425972224,5.166219013514233,1.4756500016258494,1.0,1.056651513253002,0.0,0.0,0.0,0.0,0.0,1.0,5.130843724671824,936.9320241360858,93.30322734807504,302.7106577576344,33.91794976874195
17,270.0,39.12448195827079,0.95,0.0273659156250218,0.0,0.0,0.0,0.0,0.0,0.0226340843749782,302.48,85.27,0.8926209997355197,0.4588305612556678,71.78670881619587,35.04161610103015,929.0121027507296,94.30140922309536,0.971742210579885,0.0039161571293468,0.0,0.0,0.0,0.0,0.0,0.0243416322907681,0.8867815061402013,0.0955493419618131,0.0,0.0,0.0,0.0,0.0,0.0176691518979857,5.058758471269548,1.491267264286246,1.0,1.0531255604191576,0.0,0.0,0.0,0.0,0.0,1.0,5.130843724671824,936.9320241360858,93.30322734807504,302.7106577576344,33.91794976874195
17,270.0,43.20724781551142,0.95,0.0273659156250218,0.0,0.0,0.0,0.0,0.0,0.0226340843749782,302.48,85.27,0.8926209997355197,0.5067110099156963,71.78670881619587,35.04161610103015,927.3347997951956,96.12002935274216,0.9694754520214162,0.0068416233686597,0.0,0.0,0.0,0.0,0.0,0.0236829246099241,0.8304316590365091,0.1533735467621292,0.0,0.0,0.0,0.0,0.0,0.0161947942013615,4.962670478146035,1.505777157289499,1.0,1.0502084016838251,0.0,0.0,0.0,0.0,0.0,1.0,5.130843724671824,936.9320241360858,93.30322734807504,302.7106577576344,33.91794976874195
17,270.0,47.29001367275205,0.95,0.0273659156250218,0.0,0.0,0.0,0.0,0.0,0.0226340843749782,302.48,85.27,0.8926209997355197,0.5545914585757248,71.78670881619587,35.04161610103015,925.5729500561732,97.94082797419308,0.9668445714390091,0.0097697345364845,0.0,0.0,0.0,0.0,0.0,0.0233856940245062,0.7823650921246832,0.2024807415744224,0.0,0.0,0.0,0.0,0.0,0.0151541663008944,4.868711194124751,1.5202675274854136,1.0,1.0475249720308166,0.0,0.0,0.0,0.0,0.0,1.0,5.130843724671824,936.9320241360858,93.30322734807504,302.7106577576344,33.91794976874195
17,270.0,51.37277952999269,0.95,0.0273659156250218,0.0,0.0,0.0,0.0,0.0,0.0226340843749782,302.48,85.27,0.8926209997355197,0.6024719072357534,71.78670881619587,35.04161610103015,923.7825208593306,99.77840989040408,0.964105548011994,0.0126990771222966,0.0,0.0,0.0,0.0,0.0,0.0231953748657091,0.7410592300500124,0.2446208940835494,0.0,0.0,0.0,0.0,0.0,0.0143198758664383,4.776232884355968,1.5348183927120689,1.0,1.0449987617351677,0.0,0.0,0.0,0.0,0.0,1.0,5.130843724671824,936.9320241360858,93.30322734807504,302.7106577576344,33.91794976874195
17,270.0,55.45554538723333,0.95,0.0273659156250218,0.0,0.0,0.0,0.0,0.0,0.0226340843749782,302.48,85.27,0.8926209997355197,0.650352355895782,71.78670881619587,35.04161610103015,921.9765203230188,101.63655251511824,0.9613194975856212,0.0156295731442306,0.0,0.0,0.0,0.0,0.0,0.0230509292701482,0.7052537806781931,0.281125009534661,0.0,0.0,0.0,0.0,0.0,0.0136212097871459,4.685051136846493,1.549463241198065,1.0,1.0425964733161983,0.0,0.0,0.0,0.0,0.0,1.0,5.130843724671824,936.9320241360858,93.30322734807504,302.7106577576344,33.91794976874195
17,270.0,59.53831124447396,0.95,0.0273659156250218,0.0,0.0,0.0,0.0,0.0,0.0226340843749782,302.48,85.27,0.8926209997355197,0.6982328045558105,71.78670881619587,35.04161610103015,920.1594011841468,103.51663935345196,0.958508322779822,0.0185613490240468,0.0,0.0,0.0,0.0,0.0,0.0229303281961312,0.6739671711774904,0.3130096891766147,0.0,0.0,0.0,0.0,0.0,0.0130231396458949,4.59508525479337,1.564241506041472,1.000000000091626,1.0402932517232033,0.0,0.0,0.0,0.0,0.0,1.0000000001246714,5.130843724671824,936.9320241360858,93.30322734807504,302.7106577576344,33.91794976874195
17,270.0,63.62107710171459,0.95,0.0273659156250218,0.0,0.0,0.0,0.0,0.0,0.0226340843749782,302.48,85.27,0.8926209997355197,0.746113253215839,71.78670881619587,35.04161610103015,918.3330151403784,105.41925319946232,0.9556817563795088,0.0214945590544473,0.0,0.0,0.0,0.0,0.0,0.0228236845660437,0.6464335488521443,0.3410623782155207,0.0,0.0,0.0,0.0,0.0,0.0125040729323348,4.50627799475679,1.5790797156400942,1.0,1.0380753292179976,0.0,0.0,0.0,0.0,0.0,1.0,5.130843724671824,936.9320241360858,93.30322734807504,302.7106577576344,33.91794976874195
17,270.0,67.70384295895522,0.95,0.0273659156250218,0.0,0.0,0.0,0.0,0.0,0.0226340843749782,302.48,85.27,0.8926209997355197,0.7939937018758675,71.78670881619587,35.04161610103015,916.4982246495003,107.34465548139688,0.9528447506601138,0.0244293474784327,0.0,0.0,0.0,0.0,0.0,0.0227259018614535,0.6220491556983933,0.365901737595648,0.0,0.0,0.0,0.0,0.0,0.0120491067059587,4.418609097873127,1.5940681608956055,1.0,1.0359328600541295,0.0,0.0,0.0,0.0,0.0,1.0,5.130843724671824,936.9320241360858,93.30322734807504,302.7106577576344,33.91794976874195
17,270.0,71.78660881619587,0.95,0.0273659156250218,0.0,0.0,0.0,0.0,0.0,0.0226340843749782,302.48,85.27,0.8926209997355197,0.8418741505358962,71.78670881619587,35.04161610103015,914.655455420232,109.29297929941056,0.950000069736392,0.0273658436974611,0.0,0.0,0.0,0.0,0.0,0.0226340865661468,0.6003325194496392,0.3880202051320343,0.0,0.0,0.0,0.0,0.0,0.0116472754183266,4.332056425462124,1.6091835241791637,1.0,1.0338616849303133,0.0,0.0,0.0,0.0,0.0,1.0,5.130843724671824,936.9320241360858,93.30322734807504,302.7106577576344,33.91794976874195
17,275.0,40.09963022385477,0.95,0.0273659156250218,0.0,0.0,0.0,0.0,0.0,0.0226340843749782,302.48,85.27,0.9091510182491404,0.4702665676539788,73.22704486211128,40.09953022385477,897.7866467921417,108.4181386664124,0.9696544531780422,0.001350764305986,0.0,0.0,0.0,0.0,0.0,0.0289947825159716,0.9499989098602662,0.027367358562654,0.0,0.0,0.0,0.0,0.0,0.0226337315770796,4.14592113803694,1.6278008671254731,1.0,1.037399639517146,0.0,0.0,0.0,0.0,0.0,1.0,4.11187312512685,904.4335281070778,109.60126774294156,302.7106577576344,38.72523437118672
17,275.0,43.78044296143882,0.95,0.0273659156250218,0.0,0.0,0.0,0.0,0.0,0.0226340843749782,302.48,85.27,0.9091510182491404,0.5134331296052401,73.22704486211128,40.09953022385477,896.7798152233264,110.54940176948443,0.9712325404968088,0.0041953172123452,0.0,0.0,0.0,0.0,0.0,0.0245721422908459,0.9027559034020314,0.0789223457095777,0.0,0.0,0.0,0.0,0.0,0.0183217508883907,4.05419519215345,1.6452685990825835,1.0,1.0348647921411842,0.0,0.0,0.0,0.0,0.0,1.0,4.11187312512685,904.4335281070778,109.60126774294156,302.7106577576344,38.72523437118672
17,275.0,47.461255699022885,0.95,0.0273659156250218,0.0,0.0,0.0,0.0,0.0,0.0226340843749782,302.48,85.27,0.9091510182491404,0.5565996915565016,73.22704486211128,40.09953022385477,895.0427136725704,112.45991690408414,0.9691038647672998,0.0070772919996029,0.0,0.0,0.0,0.0,0.0,0.0238188432330971,0.858695018257436,0.1243333320229573,0.0,0.0,0.0,0.0,0.0,0.0169716497196065,3.9724633388656456,1.6614461927041582,1.0,1.0326721251451478,0.0,0.0,0.0,0.0,0.0,1.0,4.11187312512685,904.4335281070778,109.60126774294156,302.7106577576344,38.72523437118672
17,275.0,51.14206843660694,0.95,0.0273659156250218,0.0,0.0,0.0,0.0,0.0,0.0226340843749782,302.48,85.27,0.9091510182491404,0.5997662535077629,73.22704486211128,40.09953022385477,893.2188493036929,114.36530848864732,0.9665619430328144,0.0099652336509106,0.0,0.0,0.0,0.0,0.0,0.0234728233162747,0.8198018918427421,0.1641575873018659,0.0,0.0,0.0,0.0,0.0,0.0160405208553918,3.892760196970202,1.6776205844492422,1.0,1.0306406538037671,0.0,0.0,0.0,0.0,0.0,1.0,4.11187312512685,904.4335281070778,109.60126774294156,302.7106577576344,38.72523437118672
17,275.0,54.822881174191,0.95,0.0273659156250218,0.0,0.0,0.0,0.0,0.0,0.0226340843749782,302.48,85.27,0.9091510182491404,0.6429328154590243,73.22704486211128,40.09953022385477,891.3633206887729,116.28532118893196,0.9638895884839416,0.0128568278667046,0.0,0.0,0.0,0.0,0.0,0.0232535836493537,0.7854138341658627,0.1992929044377797,0.0,0.0,0.0,0.0,0.0,0.0152932613963576,3.814371696959694,1.6939031901153785,1.0,1.028729817165997,0.0,0.0,0.0,0.0,0.0,1.0,4.11187312512685,904.4335281070778,109.60126774294156,302.7106577576344,38.72523437118672
17,275.0,58.50369391177505,0.95,0.0273659156250218,0.0,0.0,0.0,0.0,0.0,0.0226340843749782,302.48,85.27,0.9091510182491404,0.6860993774102856,73.22704486211128,40.09953022385477,889.4897201152903,118.22553381818032,0.9611582835838772,0.0157517206076657,0.0,0.0,0.0,0.0,0.0,0.0230899958084569,0.7548616437970208,0.2304773446607926,0.0,0.0,0.0,0.0,0.0,0.0146610115421866,3.737093266638681,1.7103292483025152,1.0,1.026918302219686,0.0,0.0,0.0,0.0,0.0,1.0,4.11187312512685,904.4335281070778,109.60126774294156,302.7106577576344,38.72523437118672
17,275.0,62.18450664935911,0.95,0.0273659156250218,0.0,0.0,0.0,0.0,0.0,0.0226340843749782,302.48,85.27,0.9091510182491404,0.7292659393615469,73.22704486211128,40.09953022385477,887.6028311825461,120.18829437616075,0.958394362881466,0.018649935679926,0.0,0.0,0.0,0.0,0.0,0.0229557014386077,0.7275811884331158,0.25830636082655,0.0,0.0,0.0,0.0,0.0,0.0141124507403341,3.660837355677997,1.7269224403237522,1.0,1.025189781213798,0.0,0.0,0.0,0.0,0.0,1.0,4.11187312512685,904.4335281070778,109.60126774294156,302.7106577576344,38.72523437118672
17,275.0,65.86531938694317,0.95,0.0273659156250218,0.0,0.0,0.0,0.0,0.0,0.0226340843749782,302.48,85.27,0.9091510182491404,0.7724325013128084,73.22704486211128,40.09953022385477,885.7046606827175,122.17483443914377,0.955609724225614,0.0215515949530547,0.0,0.0,0.0,0.0,0.0,0.0228386808213312,0.7031076914848772,0.2832628181134912,0.0,0.0,0.0,0.0,0.0,0.0136294904016317,3.5855552091702783,1.7436869213782709,1.0,1.0235338264641374,0.0,0.0,0.0,0.0,0.0,1.0,4.11187312512685,904.4335281070778,109.60126774294156,302.7106577576344,38.72523437118672
17,275.0,69.54613212452722,0.95,0.0273659156250218,0.0,0.0,0.0,0.0,0.0,0.0226340843749782,302.48,85.27,0.9091510182491404,0.8155990632640697,73.22704486211128,40.09953022385477,883.796129619984,124.18590334065794,0.952810483960782,0.0244568452806192,0.0,0.0,0.0,0.0,0.0,0.0227326707585988,0.6810582659410055,0.3057416095768709,0.0,0.0,0.0,0.0,0.0,0.0132001244821235,3.511216130249008,1.760652132697205,1.0,1.0219457884273733,0.0,0.0,0.0,0.0,0.0,1.0,4.11187312512685,904.4335281070778,109.60126774294156,302.7106577576344,38.72523437118672
17,275.0,73.22694486211128,0.95,0.0273659156250218,0.0,0.0,0.0,0.0,0.0,0.0226340843749782,302.48,85.27,0.9091510182491404,0.8587656252153312,73.22704486211128,40.09953022385477,881.8776714748001,126.22201543963564,0.950000076479416,0.0273658365462753,0.0,0.0,0.0,0.0,0.0,0.0226340869743086,0.6611158082810004,0.3260685069564059,0.0,0.0,0.0,0.0,0.0,0.0128156847625936,3.4377997550959587,1.7778152421249112,1.0,1.0204188358397392,0.0,0.0,0.0,0.0,0.0,1.0,4.11187312512685,904.4335281070778,109.60126774294156,302.7106577576344,38.72523437118672
17,280.0,45.72499382297178,0.95,0.0273659156250218,0.0,0.0,0.0,0.0,0.0,0.0226340843749782,302.48,85.27,0.9256810367627611,0.5362377603256924,75.16417987128504,45.72489382297178,861.6468408514895,127.96687978973824,0.9695849508859102,0.001810532996316,0.0,0.0,0.0,0.0,0.0,0.0286045161177736,0.949999091224206,0.0273671014392356,0.0,0.0,0.0,0.0,0.0,0.0226338073365582,3.175776576741696,1.827212757738532,1.0,1.0209983506441156,0.0,0.0,0.0,0.0,0.0,1.0,3.1449654870637134,867.6798743518019,129.30886906724652,302.7106577576344,44.02808165538378
17,280.0,48.99600338389548,0.95,0.0273659156250218,0.0,0.0,0.0,0.0,0.0,0.0226340843749782,302.48,85.27,0.9256810367627611,0.5745983743860148,75.16417987128504,45.72489382297178,860.3259517572612,130.22088178098105,0.9705933159618396,0.0045910755763659,0.0,0.0,0.0,0.0,0.0,0.0248156084617944,0.9156400535093094,0.0653657349283306,0.0,0.0,0.0,0.0,0.0,0.0189942115623599,3.099695099033835,1.8475268078592693,1.0,1.0193332796006376,0.0,0.0,0.0,0.0,0.0,1.0,3.1449654870637134,867.6798743518019,129.30886906724652,302.7106577576344,44.02808165538378
17,280.0,52.26701294481917,0.95,0.0273659156250218,0.0,0.0,0.0,0.0,0.0,0.0226340843749782,302.48,85.27,0.9256810367627611,0.6129589884463372,75.16417987128504,45.72489382297178,858.5033258693882,132.25083974733585,0.9686087765287286,0.0074128115290196,0.0,0.0,0.0,0.0,0.0,0.0239784119422517,0.882366510790865,0.0998853554969727,0.0,0.0,0.0,0.0,0.0,0.0177481337121621,3.03181840597889,1.8663842721056632,1.0,1.0178258362692854,0.0,0.0,0.0,0.0,0.0,1.0,3.1449654870637134,867.6798743518019,129.30886906724652,302.7106577576344,44.02808165538378
17,280.0,55.53802250574287,0.95,0.0273659156250218,0.0,0.0,0.0,0.0,0.0,0.0226340843749782,302.48,85.27,0.9256810367627611,0.6513196025066598,75.16417987128504,45.72489382297178,856.5984475504591,134.26747233853726,0.9661760714785436,0.0102445659385592,0.0,0.0,0.0,0.0,0.0,0.0235793625828971,0.8520866376977575,0.1310010236410582,0.0,0.0,0.0,0.0,0.0,0.0169123386611842,2.9658553356994184,1.885235817291276,1.0,1.01642256344184,0.0,0.0,0.0,0.0,0.0,1.0,3.1449654870637134,867.6798743518019,129.30886906724652,302.7106577576344,44.02808165538378
17,280.0,58.80903206666656,0.95,0.0273659156250218,0.0,0.0,0.0,0.0,0.0,0.0226340843749782,302.48,85.27,0.9256810367627611,0.6896802165669821,75.16417987128504,45.72489382297178,854.659957910076,136.29639268556588,0.9635906149790328,0.0130830364514517,0.0,0.0,0.0,0.0,0.0,0.0233263485695154,0.824624824331808,0.1591273177541067,0.0,0.0,0.0,0.0,0.0,0.0162478579140852,2.901059919368984,1.9042567759518847,1.0,1.0151046333236848,0.0,0.0,0.0,0.0,0.0,1.0,3.1449654870637134,867.6798743518019,129.30886906724652,302.7106577576344,44.02808165538378
17,280.0,62.08004162759026,0.95,0.0273659156250218,0.0,0.0,0.0,0.0,0.0,0.0226340843749782,302.48,85.27,0.9256810367627611,0.7280408306273046,75.16417987128504,45.72489382297178,852.7008056286934,138.34531197150395,0.9609329415412232,0.0159275344753003,0.0,0.0,0.0,0.0,0.0,0.0231395239834763,0.7996763549701617,0.1846391564251671,0.0,0.0,0.0,0.0,0.0,0.0156844886046713,2.8372175941623423,1.923506787769533,1.0,1.0138617646917816,0.0,0.0,0.0,0.0,0.0,1.0,3.1449654870637134,867.6798743518019,129.30886906724652,302.7106577576344,44.02808165538378
17,280.0,65.35105118851396,0.95,0.0273659156250218,0.0,0.0,0.0,0.0,0.0,0.0226340843749782,302.48,85.27,0.9256810367627611,0.7664014446876272,75.16417987128504,45.72489382297178,850.7257061697272,140.4176506425499,0.9582338573613376,0.0187779543674445,0.0,0.0,0.0,0.0,0.0,0.0229881882712177,0.7769516088799451,0.2078563969883841,0.0,0.0,0.0,0.0,0.0,0.0151919941316708,2.7742275344980305,1.9430074769160297,1.0,1.012685712208577,0.0,0.0,0.0,0.0,0.0,1.0,3.1449654870637134,867.6798743518019,129.30886906724652,302.7106577576344,44.02808165538378
17,280.0,68.62206074943765,0.95,0.0273659156250218,0.0,0.0,0.0,0.0,0.0,0.0226340843749782,302.48,85.27,0.9256810367627611,0.8047620587479495,75.16417987128504,45.72489382297178,848.736653490498,142.51533631054738,0.9555076024350914,0.0216343746742434,0.0,0.0,0.0,0.0,0.0,0.0228580228906653,0.7561958014607345,0.2290501717875991,0.0,0.0,0.0,0.0,0.0,0.0147540267516662,2.712055884368843,1.9627901321272567,1.0,1.0115705134666253,0.0,0.0,0.0,0.0,0.0,1.0,3.1449654870637134,867.6798743518019,129.30886906724652,302.7106577576344,44.02808165538378
17,280.0,71.89307031036134,0.95,0.0273659156250218,0.0,0.0,0.0,0.0,0.0,0.0226340843749782,302.48,85.27,0.9256810367627611,0.8431226728082719,75.16417987128504,45.72489382297178,846.7345433280423,144.63963251585034,0.9527616078076878,0.024496941084668,0.0,0.0,0.0,0.0,0.0,0.022741451107644,0.7371887273493093,0.2484509377036219,0.0,0.0,0.0,0.0,0.0,0.0143603349470688,2.6506629222958837,1.9828765511804287,1.0,1.0105123963654197,0.0,0.0,0.0,0.0,0.0,1.0,3.1449654870637134,867.6798743518019,129.30886906724652,302.7106577576344,44.02808165538378
17,280.0,75.16407987128504,0.95,0.0273659156250218,0.0,0.0,0.0,0.0,0.0,0.0226340843749782,302.48,85.27,0.9256810367627611,0.8814832868685943,75.16417987128504,45.72489382297178,844.7197614851053,146.79147825293137,0.950000084622608,0.0273658278307043,0.0,0.0,0.0,0.0,0.0,0.0226340875466876,0.7197407134783428,0.2662554674982606,0.0,0.0,0.0,0.0,0.0,0.0140038190233965,2.590029122581312,2.003262714788264,1.0,1.009508137591951,0.0,0.0,0.0,0.0,0.0,1.0,3.1449654870637134,867.6798743518019,129.30886906724652,302.7106577576344,44.02808165538378
17,285.0,51.99055768005629,0.95,0.0273659156250218,0.0,0.0,0.0,0.0,0.0,0.0226340843749782,302.48,85.27,0.9422110552763818,0.6097168720541373,77.53876431170232,51.99045768005628,819.6145478352095,152.29236496009548,0.9693947224885264,0.0024879763203814,0.0,0.0,0.0,0.0,0.0,0.0281173011910921,0.9499992501857012,0.0273668774245333,0.0,0.0,0.0,0.0,0.0,0.0226338723897654,2.2663103095829724,2.1053182641276686,1.0,1.0082513136716544,0.0,0.0,0.0,0.0,0.0,1.0,2.2410524707626744,824.9746819221486,153.77005765610247,302.7106577576344,49.86436423924916
17,285.0,54.82923619468362,0.95,0.0273659156250218,0.0,0.0,0.0,0.0,0.0,0.0226340843749782,302.48,85.27,0.9422110552763818,0.6430073436693283,77.53876431170232,51.99045768005628,817.9532284908863,154.68881302627702,0.9697719677786948,0.005179764707674,0.0,0.0,0.0,0.0,0.0,0.0250482675136311,0.925998965157773,0.0542975082283617,0.0,0.0,0.0,0.0,0.0,0.0197035266138653,2.2060228139494478,2.130195850219146,1.0,1.007338858772005,0.0,0.0,0.0,0.0,0.0,1.0,2.2410524707626744,824.9746819221486,153.77005765610247,302.7106577576344,49.86436423924916
17,285.0,57.66791470931096,0.95,0.0273659156250218,0.0,0.0,0.0,0.0,0.0,0.0226340843749782,302.48,85.27,0.9422110552763818,0.6762978152845193,77.53876431170232,51.99045768005628,816.0034378600874,156.87353096778543,0.9679281873394736,0.0079142868164536,0.0,0.0,0.0,0.0,0.0,0.0241575258440728,0.9020638512840852,0.0793754218666984,0.0,0.0,0.0,0.0,0.0,0.0185607268492164,2.1518346287551973,2.1544841358575755,1.0000000001067093,1.006492684244986,0.0,0.0,0.0,0.0,0.0,1.0000000002164389,2.2410524707626744,824.9746819221486,153.77005765610247,302.7106577576344,49.86436423924916
17,285.0,60.506593223938296,0.95,0.0273659156250218,0.0,0.0,0.0,0.0,0.0,0.0226340843749782,302.48,85.27,0.9422110552763818,0.7095882868997103,77.53876431170232,51.99045768005628,813.984951043328,159.03678996771887,0.965630101638525,0.0106636197956573,0.0,0.0,0.0,0.0,0.0,0.0237062785658175,0.8796733267830009,0.1025168601249708,0.0,0.0,0.0,0.0,0.0,0.0178098130920283,2.0993689550546453,2.1768065679451767,1.0,1.0057022506692044,0.0,0.0,0.0,0.0,0.0,1.0,2.2410524707626744,824.9746819221486,153.77005765610247,302.7106577576344,49.86436423924916
17,285.0,63.34527173856564,0.95,0.0273659156250218,0.0,0.0,0.0,0.0,0.0,0.0226340843749782,302.48,85.27,0.9422110552763818,0.7428787585149014,77.53876431170232,51.99045768005628,811.9329146737979,161.2100985529422,0.9631606569681062,0.0134235851654967,0.0,0.0,0.0,0.0,0.0,0.023415757866397,0.8588954105421338,0.1238816363583552,0.0,0.0,0.0,0.0,0.0,0.017222953099511,2.047935156521384,2.200384375293787,1.0,1.0049748597993131,0.0,0.0,0.0,0.0,0.0,1.0,2.2410524707626744,824.9746819221486,153.77005765610247,302.7106577576344,49.86436423924916
17,285.0,66.18395025319298,0.95,0.0273659156250218,0.0,0.0,0.0,0.0,0.0,0.0226340843749782,302.48,85.27,0.9422110552763818,0.7761692301300924,77.53876431170232,51.99045768005628,809.8576300139562,163.40375238480516,0.9606053255901972,0.0161931392374543,0.0,0.0,0.0,0.0,0.0,0.0232015351723485,0.8396339553607329,0.1436372292256729,0.0,0.0,0.0,0.0,0.0,0.016728815413594,1.997310999783124,2.2243176051345923,1.0,1.0043033157505643,0.0,0.0,0.0,0.0,0.0,1.0,2.2410524707626744,824.9746819221486,153.77005765610247,302.7106577576344,49.86436423924916
17,285.0,69.02262876782031,0.95,0.0273659156250218,0.0,0.0,0.0,0.0,0.0,0.0226340843749782,302.48,85.27,0.9422110552763818,0.8094597017452834,77.53876431170232,51.99045768005628,807.7629730379888,165.6225106699248,0.9579985859249742,0.0189720429768076,0.0,0.0,0.0,0.0,0.0,0.0230293710982181,0.8217668860410628,0.1619362556765626,0.0,0.0,0.0,0.0,0.0,0.0162968582823745,1.947398674796193,2.248656492587897,1.0,1.0036842834192072,0.0,0.0,0.0,0.0,0.0,1.0,2.2410524707626744,824.9746819221486,153.77005765610247,302.7106577576344,49.86436423924916
17,285.0,71.86130728244765,0.95,0.0273659156250218,0.0,0.0,0.0,0.0,0.0,0.0226340843749782,302.48,85.27,0.9422110552763818,0.8427501733604744,77.53876431170232,51.99045768005628,805.650562038971,167.8691187228188,0.9553569060332934,0.0217603381188601,0.0,0.0,0.0,0.0,0.0,0.0228827558478464,0.8051745459478947,0.1789142725513088,0.0,0.0,0.0,0.0,0.0,0.0159111815007964,1.8981512184903344,2.2734595280538885,1.0,1.0031157373920805,0.0,0.0,0.0,0.0,0.0,1.0,2.2410524707626744,824.9746819221486,153.77005765610247,302.7106577576344,49.86436423924916
17,285.0,74.69998579707499,0.95,0.0273659156250218,0.0,0.0,0.0,0.0,0.0,0.0226340843749782,302.48,85.27,0.9422110552763818,0.8760406449756655,77.53876431170232,51.99045768005628,803.5210527128369,170.14545728696038,0.952689062358221,0.0245581882060458,0.0,0.0,0.0,0.0,0.0,0.022752749435733,0.789746723731862,0.1946909746305072,0.0,0.0,0.0,0.0,0.0,0.0155623016376307,1.8495557751313765,2.300451612710424,1.000000000003478,1.0026013257425783,0.0,0.0,0.0,0.0,0.0,1.0000000000086464,2.2410524707626744,824.9746819221486,153.77005765610247,302.7106577576344,49.86436423924916
17,285.0,77.53866431170232,0.95,0.0273659156250218,0.0,0.0,0.0,0.0,0.0,0.0226340843749782,302.48,85.27,0.9422110552763818,0.9093311165908564,77.53876431170232,51.99045768005628,801.3746382746214,172.45296308735436,0.9500000950290364,0.0273658165741593,0.0,0.0,0.0,0.0,0.0,0.022634088396804,0.7753839405547868,0.2093720888283587,0.0,0.0,0.0,0.0,0.0,0.0152439706168545,1.801551433121113,2.3244939225638244,1.0,1.002124094956889,0.0,0.0,0.0,0.0,0.0,1.0,2.2410524707626744,824.9746819221486,153.77005765610247,302.7106577576344,49.86436423924916
17,290.0,59.00601093960956,0.95,0.0273659156250218,0.0,0.0,0.0,0.0,0.0,0.0226340843749782,302.48,85.27,0.9587410737900026,0.691990277232433,80.25361829662151,59.00591093960956,768.5977542478803,183.946636352161,0.9689429103736148,0.0035677519852038,0.0,0.0,0.0,0.0,0.0,0.0274893376411812,0.94999939447752,0.0273666763488376,0.0,0.0,0.0,0.0,0.0,0.0226339291736421,1.4335338567816551,2.536842028358476,1.0000000000673157,1.0007794909482473,0.0,0.0,0.0,0.0,0.0,1.0000000000849156,1.4167983026644004,773.2637021553837,185.44864903964933,302.7106577576344,56.27641671412855
17,290.0,61.366845090388665,0.95,0.0273659156250218,0.0,0.0,0.0,0.0,0.0,0.0226340843749782,302.48,85.27,0.9587410737900026,0.7196768510658926,80.25361829662151,59.00591093960956,766.5676190070387,186.50914851302772,0.9686559044540048,0.0061256384454117,0.0,0.0,0.0,0.0,0.0,0.0252184571005833,0.93431942881533,0.0452186913571306,0.0,0.0,0.0,0.0,0.0,0.0204618798275394,1.38944351848277,2.570170253529952,1.0000000004416134,1.0005420155378912,0.0,0.0,0.0,0.0,0.0,1.0000000005650405,1.4167983026644004,773.2637021553837,185.44864903964933,302.7106577576344,56.27641671412855
17,290.0,63.72767924116777,0.95,0.0273659156250218,0.0,0.0,0.0,0.0,0.0,0.0226340843749782,302.48,85.27,0.9587410737900026,0.7473634248993524,80.25361829662151,59.00591093960956,764.4245331178257,188.89541405545808,0.9669375866817348,0.0087246899998011,0.0,0.0,0.0,0.0,0.0,0.0243377233184639,0.9183817980176096,0.0621643817874493,0.0,0.0,0.0,0.0,0.0,0.0194538201949409,1.3492097440327468,2.6019750426706367,1.0000000003937832,1.0003441023096384,0.0,0.0,0.0,0.0,0.0,1.000000000521691,1.4167983026644004,773.2637021553837,185.44864903964933,302.7106577576344,56.27641671412855
17,290.0,66.08851339194688,0.95,0.0273659156250218,0.0,0.0,0.0,0.0,0.0,0.0226340843749782,302.48,85.27,0.9587410737900026,0.775049998732812,80.25361829662151,59.00591093960956,762.2355284449235,191.25540318507785,0.964808161178262,0.0113438391533635,0.0,0.0,0.0,0.0,0.0,0.0238479996683745,0.9030942922725956,0.078116770313783,0.0,0.0,0.0,0.0,0.0,0.0187889374136214,1.310390467704024,2.6338859383735382,1.000000000201286,1.000190752268858,0.0,0.0,0.0,0.0,0.0,1.0000000002792693,1.4167983026644004,773.2637021553837,185.44864903964933,302.7106577576344,56.27641671412855
17,290.0,68.44934754272597,0.95,0.0273659156250218,0.0,0.0,0.0,0.0,0.0,0.0226340843749782,302.48,85.27,0.9587410737900026,0.8027365725662716,80.25361829662151,59.00591093960956,760.0156638540911,193.62433940691668,0.962500383734858,0.0139786114964059,0.0,0.0,0.0,0.0,0.0,0.023521004768736,0.8886046341296743,0.093117371934457,0.0,0.0,0.0,0.0,0.0,0.0182779939358686,1.2724323101415738,2.666317184131089,1.000000000065257,1.0000823826528058,0.0,0.0,0.0,0.0,0.0,1.0000000000918996,1.4167983026644004,773.2637021553837,185.44864903964933,302.7106577576344,56.27641671412855
17,290.0,70.81018169350509,0.95,0.0273659156250218,0.0,0.0,0.0,0.0,0.0,0.0226340843749782,302.48,85.27,0.9587410737900026,0.8304231463997314,80.25361829662151,59.00591093960956,757.7697763732091,196.01536339570652,0.960095425984971,0.0166277199931129,0.0,0.0,0.0,0.0,0.0,0.023276854021916,0.8749206024051226,0.1072255729094066,0.0,0.0,0.0,0.0,0.0,0.0178538246854707,1.2351406750731742,2.6994195368886724,1.000000000000082,1.000018911477402,0.0,0.0,0.0,0.0,0.0,1.0000000000001137,1.4167983026644004,773.2637021553837,185.44864903964933,302.7106577576344,56.27641671412855
17,290.0,73.1710158442842,0.95,0.0273659156250218,0.0,0.0,0.0,0.0,0.0,0.0226340843749782,302.48,85.27,0.9587410737900026,0.8581097202331911,80.25361829662151,59.00591093960956,755.4995847988565,198.4349461287948,0.9576287371063468,0.0192908458644843,0.0,0.0,0.0,0.0,0.0,0.0230804170291687,0.8620125570406709,0.1205012183682204,0.0,0.0,0.0,0.0,0.0,0.0174862245911086,1.1984309107310775,2.733298637951054,1.0000000000000226,1.0000000000000715,0.0,0.0,0.0,0.0,0.0,1.0000000000000902,1.4167983026644004,773.2637021553837,185.44864903964933,302.7106577576344,56.27641671412855
17,290.0,75.5318499950633,0.95,0.0273659156250218,0.0,0.0,0.0,0.0,0.0,0.0226340843749782,302.48,85.27,0.9587410737900026,0.8857962940666506,80.25361829662151,59.00591093960956,753.2055873588572,200.88699650257985,0.955118106450842,0.0219680534591315,0.0,0.0,0.0,0.0,0.0,0.0229138400900264,0.8498400328745471,0.1330006268753811,0.0,0.0,0.0,0.0,0.0,0.0171593402500717,1.1622503220133698,2.768028363888999,1.0000000000000444,1.0000000000000695,0.0,0.0,0.0,0.0,0.0,1.0000000000001024,1.4167983026644004,773.2637021553837,185.44864903964933,302.7106577576344,56.27641671412855
17,290.0,77.8926841458424,0.95,0.0273659156250218,0.0,0.0,0.0,0.0,0.0,0.0226340843749782,302.48,85.27,0.9587410737900026,0.9134828679001102,80.25361829662151,59.00591093960956,750.8877184926034,203.37425199708517,0.9525733211602088,0.0246595895932549,0.0,0.0,0.0,0.0,0.0,0.0227670892465362,0.8383604000725722,0.1447757283337913,0.0,0.0,0.0,0.0,0.0,0.0168638715936365,1.1265768484158838,2.8036607009917245,1.0000000000000635,1.0000000000000684,0.0,0.0,0.0,0.0,0.0,1.0000000000000933,1.4167983026644004,773.2637021553837,185.44864903964933,302.7106577576344,56.27641671412855
17,290.0,80.25351829662151,0.95,0.0273659156250218,0.0,0.0,0.0,0.0,0.0,0.0226340843749782,302.48,85.27,0.9587410737900026,0.94116944173357,80.25361829662151,59.00591093960956,748.545622315013,205.89885666519973,0.950000109513662,0.0273658007100696,0.0,0.0,0.0,0.0,0.0,0.0226340897762683,0.8275320599231458,0.1558740598792747,0.0,0.0,0.0,0.0,0.0,0.0165938801975793,1.0914013065889492,2.8402565782943525,1.0000000000001383,1.00000000000022,0.0,0.0,0.0,0.0,0.0,1.0000000000001377,1.4167983026644004,773.2637021553837,185.44864903964933,302.7106577576344,56.27641671412855
17,295.0,66.98064255881492,0.95,0.0273659156250218,0.0,0.0,0.0,0.0,0.0,0.0226340843749782,302.48,85.27,0.9752710923036232,0.7855124024723223,83.09935595306658,66.98054255881492,701.7453061751814,228.7799222236543,0.9678313530142784,0.005552259779904,0.0,0.0,0.0,0.0,0.0,0.0266163872058176,0.9499995251039848,0.0273664965802769,0.0,0.0,0.0,0.0,0.0,0.0226339783157383,0.7045600476569173,3.3043912646685096,1.0,1.0,0.0,0.0,0.0,0.0,0.0,1.0,0.7007191954812403,705.9625820508377,229.82343987692175,302.7106577576344,63.31231171729296
17,295.0,68.77159960262065,0.95,0.0273659156250218,0.0,0.0,0.0,0.0,0.0,0.0226340843749782,302.48,85.27,0.9752710923036232,0.8065157687653414,83.09935595306658,66.98054255881492,699.3141820636637,231.5368188283762,0.9669204672073012,0.0078754705181373,0.0,0.0,0.0,0.0,0.0,0.0252040622745614,0.9410529755779348,0.037671865586792,0.0,0.0,0.0,0.0,0.0,0.0212751588352733,0.6778280164049671,3.3958225426606305,1.000000000001689,1.0000000000003604,0.0,0.0,0.0,0.0,0.0,1.0000000000017144,0.7007191954812403,705.9625820508377,229.82343987692175,302.7106577576344,63.31231171729296
17,295.0,70.5625566464264,0.95,0.0273659156250218,0.0,0.0,0.0,0.0,0.0,0.0226340843749782,302.48,85.27,0.9752710923036232,0.8275191350583605,83.09935595306658,66.98054255881492,696.8746858705518,234.18664810692903,0.965313208420899,0.0102345670190139,0.0,0.0,0.0,0.0,0.0,0.0244522245600871,0.9319209911936596,0.0475914486289224,0.0,0.0,0.0,0.0,0.0,0.0204875601774177,0.6524530160777844,3.447333807567321,1.0000000000014593,1.000000000000538,0.0,0.0,0.0,0.0,0.0,1.0000000000015288,0.7007191954812403,705.9625820508377,229.82343987692175,302.7106577576344,63.31231171729296
17,295.0,72.35351369023213,0.95,0.0273659156250218,0.0,0.0,0.0,0.0,0.0,0.0226340843749782,302.48,85.27,0.9752710923036232,0.8485225013513796,83.09935595306658,66.98054255881492,694.4126012478749,236.81833069287265,0.9634105715460902,0.0126186385617888,0.0,0.0,0.0,0.0,0.0,0.023970789892121,0.922973392444528,0.0570864139893151,0.0,0.0,0.0,0.0,0.0,0.0199401935661568,0.6279995550616201,3.4995810419377165,1.000000000001107,1.0000000000001863,0.0,0.0,0.0,0.0,0.0,1.0000000000010785,0.7007191954812403,705.9625820508377,229.82343987692175,302.7106577576344,63.31231171729296
17,295.0,74.14447073403788,0.95,0.0273659156250218,0.0,0.0,0.0,0.0,0.0,0.0226340843749782,302.48,85.27,0.9752710923036232,0.8695258676443988,83.09935595306658,66.98054255881492,691.9222906820107,239.46367712957948,0.9613503197441978,0.0150243805489863,0.0,0.0,0.0,0.0,0.0,0.0236252997068159,0.9143236057051578,0.0661579040006223,0.0,0.0,0.0,0.0,0.0,0.0195184902942199,0.6041668873900535,3.5531370519582426,1.0000000000009028,1.0000000000003106,0.0,0.0,0.0,0.0,0.0,1.0000000000010454,0.7007191954812403,705.9625820508377,229.82343987692175,302.7106577576344,63.31231171729296
17,295.0,75.93542777784361,0.95,0.0273659156250218,0.0,0.0,0.0,0.0,0.0,0.0226340843749782,302.48,85.27,0.9752710923036232,0.8905292339374178,83.09935595306658,66.98054255881492,689.4005434590066,242.13752023348212,0.9591918330260624,0.0174507709499663,0.0,0.0,0.0,0.0,0.0,0.0233573960239713,0.9060097938583276,0.0748177412775863,0.0,0.0,0.0,0.0,0.0,0.0191724648640859,0.580837306545614,3.6083396085485218,1.0000000000010465,1.0000000000003686,0.0,0.0,0.0,0.0,0.0,1.0000000000011453,0.7007191954812403,705.9625820508377,229.82343987692175,302.7106577576344,63.31231171729296
17,295.0,77.72638482164936,0.95,0.0273659156250218,0.0,0.0,0.0,0.0,0.0,0.0226340843749782,302.48,85.27,0.9752710923036232,0.911532600230437,83.09935595306658,66.98054255881492,686.8449780357156,244.848317902035,0.9569645866439696,0.0198976888527904,0.0,0.0,0.0,0.0,0.0,0.02313772450324,0.8980423611137826,0.0830808416627306,0.0,0.0,0.0,0.0,0.0,0.0188767972234868,0.5579431623085944,3.6654120542920903,1.0000000000008824,1.0000000000002314,0.0,0.0,0.0,0.0,0.0,1.000000000001002,0.7007191954812403,705.9625820508377,229.82343987692175,302.7106577576344,63.31231171729296
17,295.0,79.5173418654551,0.95,0.0273659156250218,0.0,0.0,0.0,0.0,0.0,0.0226340843749782,302.48,85.27,0.9752710923036232,0.932535966523456,83.09935595306658,66.98054255881492,684.2535684412483,247.601675844506,0.9546846446541882,0.0223654350833134,0.0,0.0,0.0,0.0,0.0,0.0229499202624984,0.8904199797153903,0.0909627845660689,0.0,0.0,0.0,0.0,0.0,0.0186172357185406,0.5354602664985584,3.7245505618589902,1.0000000000009628,1.0000000000005704,0.0,0.0,0.0,0.0,0.0,1.0000000000012583,0.7007191954812403,705.9625820508377,229.82343987692175,302.7106577576344,63.31231171729296
17,295.0,81.30829890926083,0.95,0.0273659156250218,0.0,0.0,0.0,0.0,0.0,0.0226340843749782,302.48,85.27,0.9752710923036232,0.9535393328164752,83.09935595306658,66.98054255881492,681.6243556744791,250.40190145794605,0.9523613011266032,0.0248545616576536,0.0,0.0,0.0,0.0,0.0,0.0227841372157431,0.883136084280411,0.0984788110216865,0.0,0.0,0.0,0.0,0.0,0.0183851046979022,0.5133536755409878,3.7859454730672266,1.0000000000009042,1.0000000000007174,0.0,0.0,0.0,0.0,0.0,1.000000000001074,0.7007191954812403,705.9625820508377,229.82343987692175,302.7106577576344,63.31231171729296
17,295.0,83.09925595306657,0.95,0.0273659156250218,0.0,0.0,0.0,0.0,0.0,0.0226340843749782,302.48,85.27,0.9752710923036232,0.9745426991094944,83.09935595306658,66.98054255881492,678.9554131739842,253.2525632985176,0.9500001325229523,0.0273657750964733,0.0,0.0,0.0,0.0,0.0,0.0226340923805741,0.8761816884266659,0.1056435270122848,0.0,0.0,0.0,0.0,0.0,0.0181747845610493,0.4916204167529314,3.849776868403751,1.0000000000008653,1.0000000000006988,0.0,0.0,0.0,0.0,0.0,1.0000000000012677,0.7007191954812403,705.9625820508377,229.82343987692175,302.7106577576344,63.31231171729296
18,200.0,2.680297829634782,0.98,0.02,0.0,0.0,0.0,0.0,0.0,0.0,301.98,81.99,0.6622955162593549,0.0326905455498814,89.61281744144841,2.680197829634782,1221.9155550307337,7.258411744558988,0.9999866300047094,1.3369995290525654e-05,0.0,0.0,0.0,0.0,0.0,0.0,0.9799651463525708,0.020034853647429,0.0,0.0,0.0,0.0,0.0,0.0,22.53707859449952,0.6825696072590801,1.000000010303449,1.6334161034445636,0.0,0.0,0.0,0.0,0.0,0.0,22.53960113748808,1221.920496490378,7.249541730897533,302.7106577576344,2.6239816647333654
18,200.0,12.33945556428074,0.98,0.02,0.0,0.0,0.0,0.0,0.0,0.0,301.98,81.99,0.6622955162593549,0.150499519017938,89.61281744144841,2.680197829634782,1221.0740131925747,8.799901865767234,0.9977035587335968,0.0022964412664033,0.0,0.0,0.0,0.0,0.0,0.0,0.2313986534924781,0.7686013465075219,0.0,0.0,0.0,0.0,0.0,0.0,22.11183994256829,0.7030033240772461,1.0000000059778538,1.598387922550914,0.0,0.0,0.0,0.0,0.0,0.0,22.53960113748808,1221.920496490378,7.249541730897533,302.7106577576344,2.6239816647333654
18,200.0,21.9986132989267,0.98,0.02,0.0,0.0,0.0,0.0,0.0,0.0,301.98,81.99,0.6622955162593549,0.2683084924859946,89.61281744144841,2.680197829634782,1220.2401584289123,10.33497769278615,0.9954363924210884,0.0045636075789115,0.0,0.0,0.0,0.0,0.0,0.0,0.1380406156518995,0.8619593843481005,0.0,0.0,0.0,0.0,0.0,0.0,21.70128946163532,0.7228420590170686,1.0000000039329973,1.5644787597551777,0.0,0.0,0.0,0.0,0.0,0.0,22.53960113748808,1221.920496490378,7.249541730897533,302.7106577576344,2.6239816647333654
18,200.0,31.657771033572654,0.98,0.02,0.0,0.0,0.0,0.0,0.0,0.0,301.98,81.99,0.6622955162593549,0.3861174659540512,89.61281744144841,2.680197829634782,1219.4138820507817,11.859658242020936,0.993184971814844,0.006815028185156,0.0,0.0,0.0,0.0,0.0,0.0,0.1016776526038114,0.8983223473961885,0.0,0.0,0.0,0.0,0.0,0.0,21.30567452650562,0.7418553608721994,1.000000001940642,1.532154589226256,0.0,0.0,0.0,0.0,0.0,0.0,22.53960113748808,1221.920496490378,7.249541730897533,302.7106577576344,2.6239816647333654
18,200.0,89.61271744144841,0.98,0.02,0.0,0.0,0.0,0.0,0.0,0.0,301.98,81.99,0.6622955162593549,1.0929713067623907,89.61281744144841,2.680197829634782,1214.611150700253,20.850485509538856,0.9800000222005084,0.0199999777994916,0.0,0.0,0.0,0.0,0.0,0.0,0.0495240512145022,0.9504759487854978,0.0,0.0,0.0,0.0,0.0,0.0,19.208376404611307,0.837547635501678,1.0000000001557492,1.3779161774692197,0.0,0.0,0.0,0.0,0.0,0.0,22.53960113748808,1221.920496490378,7.249541730897533,302.7106577576344,2.6239816647333654
18,205.0,3.4274142120512803,0.98,0.02,0.0,0.0,0.0,0.0,0.0,0.0,301.98,81.99,0.6788529041658388,0.0418028321996741,83.01808144823141,3.42731421205128,1206.2706334275283,9.13564379460038,0.99998122856729,1.8771432710021603e-05,0.0,0.0,0.0,0.0,0.0,0.0,0.9799730228456353,0.0200269771543648,0.0,0.0,0.0,0.0,0.0,0.0,21.15469245299536,0.7104006813871693,1.0,1.5608915967106287,0.0,0.0,0.0,0.0,0.0,0.0,21.15779579629945,1206.2779501886548,9.12387059747945,302.7106577576344,3.35468958110042
18,205.0,12.270810571626852,0.98,0.02,0.0,0.0,0.0,0.0,0.0,0.0,301.98,81.99,0.6788529041658388,0.1496622828592127,83.01808144823141,3.42731421205128,1205.386431952567,10.588442678437088,0.9977078135488776,0.0022921864511225,0.0,0.0,0.0,0.0,0.0,0.0,0.2960888275223566,0.7039111724776432,0.0,0.0,0.0,0.0,0.0,0.0,20.78318863704672,0.7283844635358634,1.0,1.5325173949153696,0.0,0.0,0.0,0.0,0.0,0.0,21.15779579629945,1206.2779501886548,9.12387059747945,302.7106577576344,3.35468958110042
18,205.0,21.114206931202425,0.98,0.02,0.0,0.0,0.0,0.0,0.0,0.0,301.98,81.99,0.6788529041658388,0.2575217335187514,83.01808144823141,3.42731421205128,1204.5084010982448,12.04170583336339,0.9954480202874532,0.0045519797125468,0.0,0.0,0.0,0.0,0.0,0.0,0.182010734329622,0.8179892656703779,0.0,0.0,0.0,0.0,0.0,0.0,20.422816835310854,0.7459231044989665,1.0,1.5054273763022137,0.0,0.0,0.0,0.0,0.0,0.0,21.15779579629945,1206.2779501886548,9.12387059747945,302.7106577576344,3.35468958110042
18,205.0,29.957603290778,0.98,0.02,0.0,0.0,0.0,0.0,0.0,0.0,301.98,81.99,0.6788529041658388,0.36538118417829,83.01808144823141,3.42731421205128,1203.6363043167112,13.487160194412064,0.9932015776790852,0.0067984223209149,0.0,0.0,0.0,0.0,0.0,0.0,0.1351753785120474,0.8648246214879526,0.0,0.0,0.0,0.0,0.0,0.0,20.07387749544609,0.7628598378825465,1.0,1.4791837708090114,0.0,0.0,0.0,0.0,0.0,0.0,21.15779579629945,1206.2779501886548,9.12387059747945,302.7106577576344,3.35468958110042
18,205.0,38.80099965035357,0.98,0.02,0.0,0.0,0.0,0.0,0.0,0.0,301.98,81.99,0.6788529041658388,0.4732406348378286,83.01808144823141,3.42731421205128,1202.770168824367,14.926314436586074,0.9909684693384536,0.0090315306615464,0.0,0.0,0.0,0.0,0.0,0.0,0.1097696284260489,0.890230371573951,0.0,0.0,0.0,0.0,0.0,0.0,19.73608954460722,0.7791323160052492,1.0,1.4542463323220631,0.0,0.0,0.0,0.0,0.0,0.0,21.15779579629945,1206.2779501886548,9.12387059747945,302.7106577576344,3.35468958110042
18,205.0,47.64439600992914,0.98,0.02,0.0,0.0,0.0,0.0,0.0,0.0,301.98,81.99,0.6788529041658388,0.5811000854973672,83.01808144823141,3.42731421205128,1201.9099637203678,16.360201759763616,0.98874862277662,0.01125137722338,0.0,0.0,0.0,0.0,0.0,0.0,0.0939011736171741,0.9060988263828258,0.0,0.0,0.0,0.0,0.0,0.0,19.408998279293083,0.7947174711285065,1.0000000000677118,1.4307179774664798,0.0,0.0,0.0,0.0,0.0,0.0,21.15779579629945,1206.2779501886548,9.12387059747945,302.7106577576344,3.35468958110042
18,205.0,56.48779236950471,0.98,0.02,0.0,0.0,0.0,0.0,0.0,0.0,301.98,81.99,0.6788529041658388,0.6889595361569059,83.01808144823141,3.42731421205128,1201.055641161898,17.789468431456427,0.9865419491555388,0.0134580508444611,0.0,0.0,0.0,0.0,0.0,0.0,0.0831056044694998,0.9168943955305,0.0,0.0,0.0,0.0,0.0,0.0,19.09210846380774,0.8096349797686976,1.0000000005760732,1.408575950633916,0.0,0.0,0.0,0.0,0.0,0.0,21.15779579629945,1206.2779501886548,9.12387059747945,302.7106577576344,3.35468958110042
18,205.0,65.33118872908028,0.98,0.02,0.0,0.0,0.0,0.0,0.0,0.0,301.98,81.99,0.6788529041658388,0.7968189868164445,83.01808144823141,3.42731421205128,1200.2071484922756,19.214551198361665,0.9843483550044618,0.0156516449955381,0.0,0.0,0.0,0.0,0.0,0.0,0.0753298543572909,0.9246701456427092,0.0,0.0,0.0,0.0,0.0,0.0,18.784942832992726,0.8239115095034805,1.0000000009065335,1.3877518075767243,0.0,0.0,0.0,0.0,0.0,0.0,21.15779579629945,1206.2779501886548,9.12387059747945,302.7106577576344,3.35468958110042
18,205.0,74.17458508865585,0.98,0.02,0.0,0.0,0.0,0.0,0.0,0.0,301.98,81.99,0.6788529041658388,0.9046784374759832,83.01808144823141,3.42731421205128,1199.3644315154916,20.63576302458097,0.9821677453883144,0.0178322546116854,0.0,0.0,0.0,0.0,0.0,0.0,0.0694976597301204,0.9305023402698794,0.0,0.0,0.0,0.0,0.0,0.0,18.487036997594966,0.8375744195604228,1.0,1.3681616115660769,0.0,0.0,0.0,0.0,0.0,0.0,21.15779579629945,1206.2779501886548,9.12387059747945,302.7106577576344,3.35468958110042
18,205.0,83.01798144823141,0.98,0.02,0.0,0.0,0.0,0.0,0.0,0.0,301.98,81.99,0.6788529041658388,1.0125378881355216,83.01808144823141,3.42731421205128,1198.5274349494448,22.05333401280679,0.9800000243511712,0.0199999756488289,0.0,0.0,0.0,0.0,0.0,0.0,0.0649902881797084,0.9350097118202916,0.0,0.0,0.0,0.0,0.0,0.0,18.19795044604376,0.8506846752848808,1.0,1.349720027555005,0.0,0.0,0.0,0.0,0.0,0.0,21.15779579629945,1206.2779501886548,9.12387059747945,302.7106577576344,3.35468958110042
18,210.0,4.326112777244045,0.98,0.02,0.0,0.0,0.0,0.0,0.0,0.0,301.98,81.99,0.6954102920723226,0.0527639075160878,77.41176032874927,4.3260127772440455,1190.2835393913024,11.370251692512692,0.999974005628362,2.5994371637919256e-05,0.0,0.0,0.0,0.0,0.0,0.0,0.9799788774083784,0.0200211225916215,0.0,0.0,0.0,0.0,0.0,0.0,19.79012451463381,0.7402732406469014,1.0,1.4957128385755,0.0,0.0,0.0,0.0,0.0,0.0,19.793904820789816,1190.2941504876192,11.354703713715036,302.7106577576344,4.233266563955471
18,210.0,12.446729171855736,0.98,0.02,0.0,0.0,0.0,0.0,0.0,0.0,301.98,81.99,0.6954102920723226,0.1518078933023019,77.41176032874927,4.3260127772440455,1189.3606293328437,12.750735674658722,0.9977089429816288,0.0022910570183712,0.0,0.0,0.0,0.0,0.0,0.0,0.3668412152622209,0.633158784737779,0.0,0.0,0.0,0.0,0.0,0.0,19.464233900020933,0.7562437800052578,1.0,1.4724605802850854,0.0,0.0,0.0,0.0,0.0,0.0,19.793904820789816,1190.2941504876192,11.354703713715036,302.7106577576344,4.233266563955471
18,210.0,20.567345566467427,0.98,0.02,0.0,0.0,0.0,0.0,0.0,0.0,301.98,81.99,0.6954102920723226,0.250851879088516,77.41176032874927,4.3260127772440455,1188.442773460615,14.138589222049196,0.9954557223627208,0.0045442776372791,0.0,0.0,0.0,0.0,0.0,0.0,0.2338343790223818,0.7661656209776182,0.0,0.0,0.0,0.0,0.0,0.0,19.146893725709717,0.7718881256918799,1.0,1.450704447742265,0.0,0.0,0.0,0.0,0.0,0.0,19.793904820789816,1190.2941504876192,11.354703713715036,302.7106577576344,4.233266563955471
18,210.0,28.68796196107912,0.98,0.02,0.0,0.0,0.0,0.0,0.0,0.0,301.98,81.99,0.6954102920723226,0.34989586487473,77.41176032874927,4.3260127772440455,1187.5294766884226,15.521490860629418,0.9932138384561644,0.0067861615438354,0.0,0.0,0.0,0.0,0.0,0.0,0.1758182551845835,0.8241817448154165,0.0,0.0,0.0,0.0,0.0,0.0,18.838351017053824,0.7870865107364111,1.0000000003387195,1.4293794934831598,0.0,0.0,0.0,0.0,0.0,0.0,19.793904820789816,1190.2941504876192,11.354703713715036,302.7106577576344,4.233266563955471
18,210.0,36.80857835569081,0.98,0.02,0.0,0.0,0.0,0.0,0.0,0.0,301.98,81.99,0.6954102920723226,0.4489398506609442,77.41176032874927,4.3260127772440455,1186.620810212538,16.899953660816724,0.9909833245208636,0.0090166754791363,0.0,0.0,0.0,0.0,0.0,0.0,0.143419760428299,0.8565802395717009,0.0,0.0,0.0,0.0,0.0,0.0,18.53848334820447,0.8017904290191737,1.000000000082104,1.4088937580727745,0.0,0.0,0.0,0.0,0.0,0.0,19.793904820789816,1190.2941504876192,11.354703713715036,302.7106577576344,4.233266563955471
18,210.0,53.04981114491419,0.98,0.02,0.0,0.0,0.0,0.0,0.0,0.0,301.98,81.99,0.6954102920723226,0.6470278222333723,77.41176032874927,4.3260127772440455,1184.8174079803823,19.647085405589053,0.9865563067179524,0.0134436932820475,0.0,0.0,0.0,0.0,0.0,0.0,0.1086143686860274,0.8913856313139725,0.0,0.0,0.0,0.0,0.0,0.0,17.963719630462784,0.8296838248695999,1.0,1.370888811066731,0.0,0.0,0.0,0.0,0.0,0.0,19.793904820789816,1190.2941504876192,11.354703713715036,302.7106577576344,4.233266563955471
18,210.0,69.29104393413758,0.98,0.02,0.0,0.0,0.0,0.0,0.0,0.0,301.98,81.99,0.6954102920723226,0.8451157938058005,77.41176032874927,4.3260127772440455,1183.0324673627613,22.384787747188632,0.9821742989686808,0.017825701031319,0.0,0.0,0.0,0.0,0.0,0.0,0.0904529438548941,0.909547056145106,0.0,0.0,0.0,0.0,0.0,0.0,17.42007870143478,0.855595496424089,1.0000000011711174,1.3367221687212063,0.0,0.0,0.0,0.0,0.0,0.0,19.793904820789816,1190.2941504876192,11.354703713715036,302.7106577576344,4.233266563955471
18,210.0,77.41166032874926,0.98,0.02,0.0,0.0,0.0,0.0,0.0,0.0,301.98,81.99,0.6954102920723226,0.9441597795920144,77.41176032874927,4.3260127772440455,1182.146855827334,23.75093177276004,0.980000026609834,0.0199999733901658,0.0,0.0,0.0,0.0,0.0,0.0,0.0843533280288088,0.9156466719711912,0.0,0.0,0.0,0.0,0.0,0.0,17.159136381829875,0.8678519785095269,1.0000000001267224,1.3209699428090056,0.0,0.0,0.0,0.0,0.0,0.0,19.793904820789816,1190.2941504876192,11.354703713715036,302.7106577576344,4.233266563955471
18,215.0,5.3956723021768935,0.98,0.02,0.0,0.0,0.0,0.0,0.0,0.0,301.98,81.99,0.7119676799788065,0.0658089072103536,72.67230242637233,5.395572302176894,1173.8934190287016,14.009804468399244,0.999964441318174,3.555868182603986e-05,0.0,0.0,0.0,0.0,0.0,0.0,0.979983290027212,0.0200167099727882,0.0,0.0,0.0,0.0,0.0,0.0,18.44364156208859,0.7724042918547198,1.0,1.4369119987508774,0.0,0.0,0.0,0.0,0.0,0.0,18.448205290897207,1173.908539729092,13.989350648063478,302.7106577576344,5.278346606766283
18,215.0,12.870842315976386,0.98,0.02,0.0,0.0,0.0,0.0,0.0,0.0,301.98,81.99,0.7119676799788065,0.1569806356382045,72.67230242637233,5.395572302176894,1172.934904797703,15.331774716586356,0.9977067426562892,0.0022932573437107,0.0,0.0,0.0,0.0,0.0,0.0,0.4406618463081191,0.5593381536918808,0.0,0.0,0.0,0.0,0.0,0.0,18.156773296832583,0.786743018736847,1.0,1.4176209231128314,0.0,0.0,0.0,0.0,0.0,0.0,18.448205290897207,1173.908539729092,13.989350648063478,302.7106577576344,5.278346606766283
18,215.0,20.34601232977588,0.98,0.02,0.0,0.0,0.0,0.0,0.0,0.0,301.98,81.99,0.7119676799788065,0.2481523640660553,72.67230242637233,5.395572302176894,1171.9806775585346,16.667214958216274,0.9954595284618036,0.0045404715381964,0.0,0.0,0.0,0.0,0.0,0.0,0.2926751209603101,0.7073248790396899,0.0,0.0,0.0,0.0,0.0,0.0,17.87657904707054,0.8008312410175145,1.0000000001922966,1.400086938743515,0.0,0.0,0.0,0.0,0.0,0.0,18.448205290897207,1173.908539729092,13.989350648063478,302.7106577576344,5.278346606766283
18,215.0,27.821182343575373,0.98,0.02,0.0,0.0,0.0,0.0,0.0,0.0,301.98,81.99,0.7119676799788065,0.3393240924939062,72.67230242637233,5.395572302176894,1171.029882273473,18.001242394670818,0.9932219718287968,0.006778028171203,0.0,0.0,0.0,0.0,0.0,0.0,0.2236324046403631,0.776367595359637,0.0,0.0,0.0,0.0,0.0,0.0,17.603186580500644,0.814585262593922,1.0,1.3827884714741554,0.0,0.0,0.0,0.0,0.0,0.0,18.448205290897207,1173.908539729092,13.989350648063478,302.7106577576344,5.278346606766283
18,215.0,35.296352357374865,0.98,0.02,0.0,0.0,0.0,0.0,0.0,0.0,301.98,81.99,0.7119676799788065,0.4304958209217571,72.67230242637233,5.395572302176894,1170.082582378095,19.33272345032317,0.9909941042569465,0.0090058957430535,0.0,0.0,0.0,0.0,0.0,0.0,0.1837588655178089,0.816241134482191,0.0,0.0,0.0,0.0,0.0,0.0,17.336584847693047,0.8279553866978866,1.0,1.3659969452061642,0.0,0.0,0.0,0.0,0.0,0.0,18.448205290897207,1173.908539729092,13.989350648063478,302.7106577576344,5.278346606766283
18,215.0,42.77152237117436,0.98,0.02,0.0,0.0,0.0,0.0,0.0,0.0,301.98,81.99,0.7119676799788065,0.521667549349608,72.67230242637233,5.395572302176894,1169.1388263839444,20.66219692202664,0.9887759433399542,0.0112240566600458,0.0,0.0,0.0,0.0,0.0,0.0,0.1578655288942927,0.8421344711057073,0.0,0.0,0.0,0.0,0.0,0.0,17.07663385572566,0.840957269546761,1.0,1.349847562369654,0.0,0.0,0.0,0.0,0.0,0.0,18.448205290897207,1173.908539729092,13.989350648063478,302.7106577576344,5.278346606766283
18,215.0,50.24669238497385,0.98,0.02,0.0,0.0,0.0,0.0,0.0,0.0,301.98,81.99,0.7119676799788065,0.6128392777774588,72.67230242637233,5.395572302176894,1168.1986354319922,21.99026989893878,0.9865674811003564,0.0134325188996434,0.0,0.0,0.0,0.0,0.0,0.0,0.1397528441868863,0.8602471558131136,0.0,0.0,0.0,0.0,0.0,0.0,16.823138772200668,0.8535540914007861,1.0,1.3343897762861294,0.0,0.0,0.0,0.0,0.0,0.0,18.448205290897207,1173.908539729092,13.989350648063478,302.7106577576344,5.278346606766283
18,215.0,57.72186239877334,0.98,0.02,0.0,0.0,0.0,0.0,0.0,0.0,301.98,81.99,0.7119676799788065,0.7040110062053098,72.67230242637233,5.395572302176894,1167.2620154271003,23.3174305610086,0.9843686953196544,0.0156313046803454,0.0,0.0,0.0,0.0,0.0,0.0,0.1264164945001064,0.8735835054998937,0.0,0.0,0.0,0.0,0.0,0.0,16.57587538464286,0.8657902325241714,1.0,1.3196296695188547,0.0,0.0,0.0,0.0,0.0,0.0,18.448205290897207,1173.908539729092,13.989350648063478,302.7106577576344,5.278346606766283
18,215.0,72.67220242637232,0.98,0.02,0.0,0.0,0.0,0.0,0.0,0.0,301.98,81.99,0.7119676799788065,0.8863544630610114,72.67230242637233,5.395572302176894,1165.3994741578358,25.970413519698266,0.9800000289869754,0.0199999710130246,0.0,0.0,0.0,0.0,0.0,0.0,0.10820950742636,0.89179049257364,0.0,0.0,0.0,0.0,0.0,0.0,16.09918865660655,0.889159007640707,1.0000000000010572,1.292160438339917,0.0,0.0,0.0,0.0,0.0,0.0,18.448205290897207,1173.908539729092,13.989350648063478,302.7106577576344,5.278346606766283
18,220.0,6.656315110703772,0.98,0.02,0.0,0.0,0.0,0.0,0.0,0.0,301.98,81.99,0.7285250678852904,0.0811844750665175,68.70638879452079,6.656215110703772,1157.0328764713977,17.107358509596708,0.999951879890028,4.8120109971996434e-05,0.0,0.0,0.0,0.0,0.0,0.0,0.9799866588007587,0.0200133411992411,0.0,0.0,0.0,0.0,0.0,0.0,17.115675189277475,0.8071111409475314,1.0,1.3837414868548372,0.0,0.0,0.0,0.0,0.0,0.0,17.121140165384258,1157.0541060432145,17.08052563899556,302.7106577576344,6.509407158415541
18,220.0,13.550756631127886,0.98,0.02,0.0,0.0,0.0,0.0,0.0,0.0,301.98,81.99,0.7285250678852904,0.1652732849265506,68.70638879452079,6.656215110703772,1156.041147145388,18.38285093609939,0.9977008417908746,0.0022991582091253,0.0,0.0,0.0,0.0,0.0,0.0,0.5142893285079705,0.4857106714920295,0.0,0.0,0.0,0.0,0.0,0.0,16.86244293709605,0.8201281287482829,1.0,1.3675974817404477,0.0,0.0,0.0,0.0,0.0,0.0,17.121140165384258,1157.0541060432145,17.08052563899556,302.7106577576344,6.509407158415541
18,220.0,20.445198151552,0.98,0.02,0.0,0.0,0.0,0.0,0.0,0.0,301.98,81.99,0.7285250678852904,0.2493620947865837,68.70638879452079,6.656215110703772,1155.0532173471006,19.676278111316915,0.9954592584476964,0.0045407415523037,0.0,0.0,0.0,0.0,0.0,0.0,0.3569782980760053,0.6430217019239947,0.0,0.0,0.0,0.0,0.0,0.0,16.61452559413138,0.8329040373466491,1.0,1.3533450209153783,0.0,0.0,0.0,0.0,0.0,0.0,17.121140165384258,1157.0541060432145,17.08052563899556,302.7106577576344,6.509407158415541
18,220.0,27.339639671976112,0.98,0.02,0.0,0.0,0.0,0.0,0.0,0.0,301.98,81.99,0.7285250678852904,0.3334509046466168,68.70638879452079,6.656215110703772,1154.0678346333043,20.972446304527,0.9932259601426848,0.0067740398573153,0.0,0.0,0.0,0.0,0.0,0.0,0.2780968773075283,0.7219031226924717,0.0,0.0,0.0,0.0,0.0,0.0,16.37190361277802,0.8454519765928752,1.0,1.339281720516872,0.0,0.0,0.0,0.0,0.0,0.0,17.121140165384258,1157.0541060432145,17.08052563899556,302.7106577576344,6.509407158415541
18,220.0,34.234081192400225,0.98,0.02,0.0,0.0,0.0,0.0,0.0,0.0,301.98,81.99,0.7285250678852904,0.4175397145066499,68.70638879452079,6.656215110703772,1153.084988232282,22.268341628583133,0.9910009146545145,0.0089990853454857,0.0,0.0,0.0,0.0,0.0,0.0,0.230783176372796,0.769216823627204,0.0,0.0,0.0,0.0,0.0,0.0,16.134604988405997,0.857712881729293,1.0,1.3255241251991097,0.0,0.0,0.0,0.0,0.0,0.0,17.121140165384258,1157.0541060432145,17.08052563899556,302.7106577576344,6.509407158415541
18,220.0,41.128522712824335,0.98,0.02,0.0,0.0,0.0,0.0,0.0,0.0,301.98,81.99,0.7285250678852904,0.5016285243666829,68.70638879452079,6.656215110703772,1152.1047332123037,23.563756622093432,0.9887841501528316,0.0112158498471683,0.0,0.0,0.0,0.0,0.0,0.0,0.1993149493058148,0.8006850506941852,0.0,0.0,0.0,0.0,0.0,0.0,15.902561209705498,0.8696870745127896,1.0,1.3121841643397631,0.0,0.0,0.0,0.0,0.0,0.0,17.121140165384258,1157.0541060432145,17.08052563899556,302.7106577576344,6.509407158415541
18,220.0,48.02296423324845,0.98,0.02,0.0,0.0,0.0,0.0,0.0,0.0,301.98,81.99,0.7285250678852904,0.5857173342267161,68.70638879452079,6.656215110703772,1151.1271106948502,24.859028017878316,0.9865756820623306,0.0134243179376693,0.0,0.0,0.0,0.0,0.0,0.0,0.1769279001683359,0.823072099831664,0.0,0.0,0.0,0.0,0.0,0.0,15.675665606579908,0.8813807544933695,1.0,1.2993185156602285,0.0,0.0,0.0,0.0,0.0,0.0,17.121140165384258,1157.0541060432145,17.08052563899556,302.7106577576344,6.509407158415541
18,220.0,54.91740575367257,0.98,0.02,0.0,0.0,0.0,0.0,0.0,0.0,301.98,81.99,0.7285250678852904,0.6698061440867492,68.70638879452079,6.656215110703772,1150.1521469286724,26.15455304216453,0.9843755121938428,0.0156244878061572,0.0,0.0,0.0,0.0,0.0,0.0,0.1602303058493132,0.8397696941506868,0.0,0.0,0.0,0.0,0.0,0.0,15.45377670061541,0.8927810929305579,1.0,1.2869491718942083,0.0,0.0,0.0,0.0,0.0,0.0,17.121140165384258,1157.0541060432145,17.08052563899556,302.7106577576344,6.509407158415541
18,220.0,61.81184727409668,0.98,0.02,0.0,0.0,0.0,0.0,0.0,0.0,301.98,81.99,0.7285250678852904,0.7538949539467823,68.70638879452079,6.656215110703772,1149.1798581180358,27.45068182021686,0.9821836331585844,0.0178163668414157,0.0,0.0,0.0,0.0,0.0,0.0,0.1473336139589334,0.8526663860410667,0.0,0.0,0.0,0.0,0.0,0.0,15.236746704600469,0.9038898253760508,1.0000000002048497,1.2750858832157317,0.0,0.0,0.0,0.0,0.0,0.0,17.121140165384258,1157.0541060432145,17.08052563899556,302.7106577576344,6.509407158415541
18,220.0,68.70628879452079,0.98,0.02,0.0,0.0,0.0,0.0,0.0,0.0,301.98,81.99,0.7285250678852904,0.8379837638068154,68.70638879452079,6.656215110703772,1148.2102538409329,28.747703858018404,0.9800000314954116,0.0199999685045886,0.0,0.0,0.0,0.0,0.0,0.0,0.1371025596696486,0.8628974403303512,0.0,0.0,0.0,0.0,0.0,0.0,15.024429381352377,0.9147178374153796,1.0,1.2637255376499388,0.0,0.0,0.0,0.0,0.0,0.0,17.121140165384258,1157.0541060432145,17.08052563899556,302.7106577576344,6.509407158415541
18,225.0,8.129189622079691,0.98,0.02,0.0,0.0,0.0,0.0,0.0,0.0,301.98,81.99,0.7450824557917742,0.0991485500924465,65.44228559506357,8.129089622079691,1139.626124380067,20.722743809352465,0.9999354905997144,6.450940028556796e-05,0.0,0.0,0.0,0.0,0.0,0.0,0.9799892613613304,0.0200107386386697,0.0,0.0,0.0,0.0,0.0,0.0,15.806829726826034,0.8447585454295579,1.0,1.335535846956141,0.0,0.0,0.0,0.0,0.0,0.0,15.813326197117547,1139.6555629264626,20.687604017864448,302.7106577576344,7.946729358776584
18,225.0,14.497300285744563,0.98,0.02,0.0,0.0,0.0,0.0,0.0,0.0,301.98,81.99,0.7450824557917742,0.1768179081076298,65.44228559506357,8.129089622079691,1138.6029521839653,21.962548135033675,0.9976906906645624,0.0023093093354376,0.0,0.0,0.0,0.0,0.0,0.0,0.5847344218070322,0.4152655781929678,0.0,0.0,0.0,0.0,0.0,0.0,15.58280451872564,0.8566888702649017,1.0,1.3219423091266582,0.0,0.0,0.0,0.0,0.0,0.0,15.813326197117547,1139.6555629264626,20.687604017864448,302.7106577576344,7.946729358776584
18,225.0,20.86541094940944,0.98,0.02,0.0,0.0,0.0,0.0,0.0,0.0,301.98,81.99,0.7450824557917742,0.254487266122813,65.44228559506357,8.129089622079691,1137.5832844111935,23.222663301508668,0.9954545381695926,0.0045454618304074,0.0,0.0,0.0,0.0,0.0,0.0,0.4246156919764371,0.5753843080235628,0.0,0.0,0.0,0.0,0.0,0.0,15.363093555848014,0.8684329469116697,1.0,1.310232949239453,0.0,0.0,0.0,0.0,0.0,0.0,15.813326197117547,1139.6555629264626,20.687604017864448,302.7106577576344,7.946729358776584
18,225.0,27.23352161307432,0.98,0.02,0.0,0.0,0.0,0.0,0.0,0.0,301.98,81.99,0.7450824557917742,0.3321566241379963,65.44228559506357,8.129089622079691,1136.5655130811758,24.489787676825703,0.9932255754444508,0.0067744245555492,0.0,0.0,0.0,0.0,0.0,0.0,0.3381066139720116,0.6618933860279885,0.0,0.0,0.0,0.0,0.0,0.0,15.147545860610384,0.8799836167491635,1.0,1.298752894834612,0.0,0.0,0.0,0.0,0.0,0.0,15.813326197117547,1139.6555629264626,20.687604017864448,302.7106577576344,7.946729358776584
18,225.0,33.60163227673919,0.98,0.02,0.0,0.0,0.0,0.0,0.0,0.0,301.98,81.99,0.7450824557917742,0.4098259821531795,65.44228559506357,8.129089622079691,1135.5494891357832,25.759387612708647,0.9910036511067618,0.0089963488932382,0.0,0.0,0.0,0.0,0.0,0.0,0.2840204894341953,0.7159795105658048,0.0,0.0,0.0,0.0,0.0,0.0,14.93618892115792,0.8913243464404232,1.0,1.2874813281596331,0.0,0.0,0.0,0.0,0.0,0.0,15.813326197117547,1139.6555629264626,20.687604017864448,302.7106577576344,7.946729358776584
18,225.0,39.96974294040407,0.98,0.02,0.0,0.0,0.0,0.0,0.0,0.0,301.98,81.99,0.7450824557917742,0.4874953401683628,65.44228559506357,8.129089622079691,1134.5352391408708,27.030317574572607,0.9887887711364118,0.0112112288635881,0.0,0.0,0.0,0.0,0.0,0.0,0.2470699713098756,0.7529300286901244,0.0,0.0,0.0,0.0,0.0,0.0,14.728998438519756,0.902447147923384,1.0,1.276496797463758,0.0,0.0,0.0,0.0,0.0,0.0,15.813326197117547,1139.6555629264626,20.687604017864448,302.7106577576344,7.946729358776584
18,225.0,46.33785360406894,0.98,0.02,0.0,0.0,0.0,0.0,0.0,0.0,301.98,81.99,0.7450824557917742,0.5651646981835461,65.44228559506357,8.129089622079691,1133.5228070517653,28.302453453061467,0.98658095714872,0.0134190428512798,0.0,0.0,0.0,0.0,0.0,0.0,0.220276378551506,0.7797236214484939,0.0,0.0,0.0,0.0,0.0,0.0,14.525914264012131,0.9133625209995934,1.0,1.2658306608580197,0.0,0.0,0.0,0.0,0.0,0.0,15.813326197117547,1139.6555629264626,20.687604017864448,302.7106577576344,7.946729358776584
18,225.0,52.70596426773382,0.98,0.02,0.0,0.0,0.0,0.0,0.0,0.0,301.98,81.99,0.7450824557917742,0.6428340561987294,65.44228559506357,8.129089622079691,1132.5122304156366,29.57597319413253,0.9843802250562048,0.0156197749437952,0.0,0.0,0.0,0.0,0.0,0.0,0.1999997411564225,0.8000002588435776,0.0,0.0,0.0,0.0,0.0,0.0,14.32684968130521,0.9240539433840596,1.0,1.2555100593725717,0.0,0.0,0.0,0.0,0.0,0.0,15.813326197117547,1139.6555629264626,20.687604017864448,302.7106577576344,7.946729358776584
18,225.0,59.07407493139869,0.98,0.02,0.0,0.0,0.0,0.0,0.0,0.0,301.98,81.99,0.7450824557917742,0.7205034142139126,65.44228559506357,8.129089622079691,1131.5035384289486,30.8511259621781,0.9821865833131164,0.0178134166868837,0.0,0.0,0.0,0.0,0.0,0.0,0.1841550740895314,0.8158449259104685,0.0,0.0,0.0,0.0,0.0,0.0,14.131709741531646,0.934522632813762,1.0,1.245546050948828,0.0,0.0,0.0,0.0,0.0,0.0,15.813326197117547,1139.6555629264626,20.687604017864448,302.7106577576344,7.946729358776584
18,230.0,9.83637685413666,0.98,0.02,0.0,0.0,0.0,0.0,0.0,0.0,301.98,81.99,0.7616398436982581,0.1199704458365247,62.82498618409738,9.836276854136662,1121.5866068974146,24.9242868118038,0.9999142140451712,8.578595482876237e-05,0.0,0.0,0.0,0.0,0.0,0.0,0.9799912942140142,0.0200087057859858,0.0,0.0,0.0,0.0,0.0,0.0,14.517895458202869,0.8858854420301641,1.0,1.291689270987591,0.0,0.0,0.0,0.0,0.0,0.0,14.52556748614066,1121.6270137216943,24.87830228106012,302.7106577576344,9.61137473881863
18,230.0,15.723989001910072,0.98,0.02,0.0,0.0,0.0,0.0,0.0,0.0,301.98,81.99,0.7616398436982581,0.1917793511636794,62.82498618409738,9.836276854136662,1120.5332151146852,26.13824424562807,0.9976755261092496,0.0023244738907502,0.0,0.0,0.0,0.0,0.0,0.0,0.6496904419336096,0.3503095580663905,0.0,0.0,0.0,0.0,0.0,0.0,14.31941486701234,0.8969281799793912,1.0,1.2802129900316248,0.0,0.0,0.0,0.0,0.0,0.0,14.52556748614066,1121.6270137216943,24.87830228106012,302.7106577576344,9.61137473881863
18,230.0,21.611601149683487,0.98,0.02,0.0,0.0,0.0,0.0,0.0,0.0,301.98,81.99,0.7616398436982581,0.2635882564908341,62.82498618409738,9.836276854136662,1119.483131866786,27.37286687908443,0.9954447967689944,0.0045552032310057,0.0,0.0,0.0,0.0,0.0,0.0,0.4931585535892729,0.5068414464107269,0.0,0.0,0.0,0.0,0.0,0.0,14.124496385593629,0.9078241747365084,1.0,1.2704970705825502,0.0,0.0,0.0,0.0,0.0,0.0,14.52556748614066,1121.6270137216943,24.87830228106012,302.7106577576344,9.61137473881863
18,230.0,27.499213297456897,0.98,0.02,0.0,0.0,0.0,0.0,0.0,0.0,301.98,81.99,0.7616398436982581,0.3353971618179888,62.82498618409738,9.836276854136662,1118.4345030259085,28.61819697909855,0.993220394522592,0.006779605477408,0.0,0.0,0.0,0.0,0.0,0.0,0.402036373352594,0.597963626647406,0.0,0.0,0.0,0.0,0.0,0.0,13.93290185713571,0.9185730927093844,1.0,1.2610934084633487,0.0,0.0,0.0,0.0,0.0,0.0,14.52556748614066,1121.6270137216943,24.87830228106012,302.7106577576344,9.61137473881863
18,230.0,33.386825445230315,0.98,0.02,0.0,0.0,0.0,0.0,0.0,0.0,301.98,81.99,0.7616398436982581,0.4072060671451435,62.82498618409738,9.836276854136662,1117.3870005296465,29.869022013688507,0.9910020189198354,0.0089979810801646,0.0,0.0,0.0,0.0,0.0,0.0,0.342498978250772,0.657501021749228,0.0,0.0,0.0,0.0,0.0,0.0,13.744623844299149,0.929163560872815,1.0,1.251869127627133,0.0,0.0,0.0,0.0,0.0,0.0,14.52556748614066,1121.6270137216943,24.87830228106012,302.7106577576344,9.61137473881863
18,230.0,39.274437593003725,0.98,0.02,0.0,0.0,0.0,0.0,0.0,0.0,301.98,81.99,0.7616398436982581,0.4790149724722982,62.82498618409738,9.836276854136662,1116.3405847625622,31.12333902768367,0.988789621243434,0.011210378756566,0.0,0.0,0.0,0.0,0.0,0.0,0.3006110995477105,0.6993889004522895,0.0,0.0,0.0,0.0,0.0,0.0,13.559658055053378,0.9396010310549622,1.0,1.2428277698803072,0.0,0.0,0.0,0.0,0.0,0.0,14.52556748614066,1121.6270137216943,24.87830228106012,302.7106577576344,9.61137473881863
18,230.0,45.162049740777135,0.98,0.02,0.0,0.0,0.0,0.0,0.0,0.0,301.98,81.99,0.7616398436982581,0.5508238777994529,62.82498618409738,9.836276854136662,1115.2952795838607,32.38046431021672,0.9865832082441855,0.0134167917558143,0.0,0.0,0.0,0.0,0.0,0.0,0.269585931777989,0.7304140682220109,0.0,0.0,0.0,0.0,0.0,0.0,13.37796549697239,0.9498698067816173,1.0,1.2340013421607523,0.0,0.0,0.0,0.0,0.0,0.0,14.52556748614066,1121.6270137216943,24.87830228106012,302.7106577576344,9.61137473881863
18,230.0,51.04966188855055,0.98,0.02,0.0,0.0,0.0,0.0,0.0,0.0,301.98,81.99,0.7616398436982581,0.6226327831266076,62.82498618409738,9.836276854136662,1114.2511203260017,33.640242691567856,0.98438279674753,0.0156172032524699,0.0,0.0,0.0,0.0,0.0,0.0,0.2457227536785978,0.7542772463214021,0.0,0.0,0.0,0.0,0.0,0.0,13.19950514262954,0.9599757489490728,1.0,1.2254134364798093,0.0,0.0,0.0,0.0,0.0,0.0,14.52556748614066,1121.6270137216943,24.87830228106012,302.7106577576344,9.61137473881863
18,230.0,56.93727403632396,0.98,0.02,0.0,0.0,0.0,0.0,0.0,0.0,301.98,81.99,0.7616398436982581,0.6944416884537622,62.82498618409738,9.836276854136662,1113.208140891995,34.902732368928206,0.9821884023764254,0.0178115976235747,0.0,0.0,0.0,0.0,0.0,0.0,0.2268317125300778,0.7731682874699222,0.0,0.0,0.0,0.0,0.0,0.0,13.024218437451555,0.9699141683772616,1.0,1.2170780559906424,0.0,0.0,0.0,0.0,0.0,0.0,14.52556748614066,1121.6270137216943,24.87830228106012,302.7106577576344,9.61137473881863
18,230.0,62.82488618409737,0.98,0.02,0.0,0.0,0.0,0.0,0.0,0.0,301.98,81.99,0.7616398436982581,0.7662505937809169,62.82498618409738,9.836276854136662,1112.1663708160213,36.168071661240994,0.9800000369728952,0.0199999630271049,0.0,0.0,0.0,0.0,0.0,0.0,0.2115340263137564,0.7884659736862436,0.0,0.0,0.0,0.0,0.0,0.0,12.852033551746777,0.9796949392466594,1.0,1.209001820784534,0.0,0.0,0.0,0.0,0.0,0.0,14.52556748614066,1121.6270137216943,24.87830228106012,302.7106577576344,9.61137473881863
18,235.0,11.800926653432802,0.98,0.02,0.0,0.0,0.0,0.0,0.0,0.0,301.98,81.99,0.778197231604742,0.1439312922726284,60.81262844049596,11.800826653432802,1102.8138768672216,29.79113522362009,0.9998866871225232,0.0001133128774768,0.0,0.0,0.0,0.0,0.0,0.0,0.979992898385312,0.0200071016146879,0.0,0.0,0.0,0.0,0.0,0.0,13.249868767040343,0.9310941240306314,1.0,1.25175737331473,0.0,0.0,0.0,0.0,0.0,0.0,13.258875583506692,1102.8688895247462,29.73094022392497,302.7106577576344,11.525181126674264
18,235.0,17.246660185328707,0.98,0.02,0.0,0.0,0.0,0.0,0.0,0.0,301.98,81.99,0.778197231604742,0.2103507767450751,60.81262844049596,11.800826653432802,1101.730976494564,30.988315381366515,0.9976543106599056,0.0023456893400945,0.0,0.0,0.0,0.0,0.0,0.0,0.707718200125598,0.2922817998744019,0.0,0.0,0.0,0.0,0.0,0.0,13.073898410392005,0.94144796160732,1.0,1.2420720499696063,0.0,0.0,0.0,0.0,0.0,0.0,13.258875583506692,1102.8688895247462,29.73094022392497,302.7106577576344,11.525181126674264
18,235.0,22.69239371722461,0.98,0.02,0.0,0.0,0.0,0.0,0.0,0.0,301.98,81.99,0.778197231604742,0.2767702612175218,60.81262844049596,11.800826653432802,1100.651204185828,32.204967279896245,0.995429234514861,0.004570765485139,0.0,0.0,0.0,0.0,0.0,0.0,0.5602091843697117,0.4397908156302883,0.0,0.0,0.0,0.0,0.0,0.0,12.90090277945556,0.951665332636334,1.0,1.2339356300439106,0.0,0.0,0.0,0.0,0.0,0.0,13.258875583506692,1102.8688895247462,29.73094022392497,302.7106577576344,11.525181126674264
18,235.0,28.13812724912052,0.98,0.02,0.0,0.0,0.0,0.0,0.0,0.0,301.98,81.99,0.778197231604742,0.3431897456899686,60.81262844049596,11.800826653432802,1099.5726046385091,33.4349141973803,0.9932097924413136,0.0067902075586864,0.0,0.0,0.0,0.0,0.0,0.0,0.4679057805994825,0.5320942194005175,0.0,0.0,0.0,0.0,0.0,0.0,12.730598597966395,0.961787726840332,1.0,1.2261815555004834,0.0,0.0,0.0,0.0,0.0,0.0,13.258875583506692,1102.8688895247462,29.73094022392497,302.7106577576344,11.525181126674264
18,235.0,33.583860781016426,0.98,0.02,0.0,0.0,0.0,0.0,0.0,0.0,301.98,81.99,0.778197231604742,0.4096092301624153,60.81262844049596,11.800826653432802,1098.494667367665,34.673235060903544,0.990995540996614,0.0090044590033859,0.0,0.0,0.0,0.0,0.0,0.0,0.4047939479111684,0.5952060520888316,0.0,0.0,0.0,0.0,0.0,0.0,12.562948193906628,0.9718042528011154,1.0,1.2185973582134433,0.0,0.0,0.0,0.0,0.0,0.0,13.258875583506692,1102.8688895247462,29.73094022392497,302.7106577576344,11.525181126674264
18,235.0,39.02959431291233,0.98,0.02,0.0,0.0,0.0,0.0,0.0,0.0,301.98,81.99,0.778197231604742,0.4760287146348619,60.81262844049596,11.800826653432802,1097.4172572552568,35.91742080906012,0.9887863545948754,0.0112136454051246,0.0,0.0,0.0,0.0,0.0,0.0,0.3589762076136981,0.6410237923863019,0.0,0.0,0.0,0.0,0.0,0.0,12.397939785737597,0.9816883084005348,1.0,1.2111551113991397,0.0,0.0,0.0,0.0,0.0,0.0,13.258875583506692,1102.8688895247462,29.73094022392497,302.7106577576344,11.525181126674264
18,235.0,44.47532784480824,0.98,0.02,0.0,0.0,0.0,0.0,0.0,0.0,301.98,81.99,0.778197231604742,0.5424481991073088,60.81262844049596,11.800826653432802,1096.3403536337896,37.1662846959092,0.9865822046569872,0.0134177953430127,0.0,0.0,0.0,0.0,0.0,0.0,0.3242466306740917,0.6757533693259083,0.0,0.0,0.0,0.0,0.0,0.0,12.235554133430872,0.9914438941559915,1.0,1.2038650149718813,0.0,0.0,0.0,0.0,0.0,0.0,13.258875583506692,1102.8688895247462,29.73094022392497,302.7106577576344,11.525181126674264
18,235.0,49.92106137670415,0.98,0.02,0.0,0.0,0.0,0.0,0.0,0.0,301.98,81.99,0.778197231604742,0.6088676835797554,60.81262844049596,11.800826653432802,1095.263972686378,38.419302427889846,0.9843830938965302,0.0156169061034697,0.0,0.0,0.0,0.0,0.0,0.0,0.2970523041970269,0.702947695802973,0.0,0.0,0.0,0.0,0.0,0.0,12.07576516381044,1.0011045013242523,1.0,1.196743937744554,0.0,0.0,0.0,0.0,0.0,0.0,13.258875583506692,1102.8688895247462,29.73094022392497,302.7106577576344,11.525181126674264
18,235.0,55.36679490860005,0.98,0.02,0.0,0.0,0.0,0.0,0.0,0.0,301.98,81.99,0.778197231604742,0.6752871680522021,60.81262844049596,11.800826653432802,1094.1881416734614,39.676280810994605,0.9821890344787216,0.0178109655212784,0.0,0.0,0.0,0.0,0.0,0.0,0.2752127469202347,0.7247872530797652,0.0,0.0,0.0,0.0,0.0,0.0,11.918534498819152,1.0106215549210853,1.0,1.1898091689900925,0.0,0.0,0.0,0.0,0.0,0.0,13.258875583506692,1102.8688895247462,29.73094022392497,302.7106577576344,11.525181126674264
18,235.0,60.81252844049595,0.98,0.02,0.0,0.0,0.0,0.0,0.0,0.0,301.98,81.99,0.778197231604742,0.7417066525246488,60.81262844049596,11.800826653432802,1093.1128896446078,40.93718899642064,0.9800000401394524,0.0199999598605474,0.0,0.0,0.0,0.0,0.0,0.0,0.2573155447265517,0.7426844552734483,0.0,0.0,0.0,0.0,0.0,0.0,11.76382701603922,1.020014819799942,1.0,1.1830590734441642,0.0,0.0,0.0,0.0,0.0,0.0,13.258875583506692,1102.8688895247462,29.73094022392497,302.7106577576344,11.525181126674264
18,240.0,14.0469312612244,0.98,0.02,0.0,0.0,0.0,0.0,0.0,0.0,301.98,81.99,0.7947546195112258,0.1713249330555482,59.37382867606714,14.0468312612244,1083.1894000291077,35.4164369348084,0.9998511358114625,0.0001488641885376,0.0,0.0,0.0,0.0,0.0,0.0,0.9799941764075863,0.0200058235924136,0.0,0.0,0.0,0.0,0.0,0.0,12.003980068633968,0.981201180216457,1.0,1.2153020614424843,0.0,0.0,0.0,0.0,0.0,0.0,12.014498351825988,1083.263844328595,35.3375257790447,302.7106577576344,13.710780754884407
18,240.0,19.08324208509581,0.98,0.02,0.0,0.0,0.0,0.0,0.0,0.0,301.98,81.99,0.7947546195112258,0.2327508487022297,59.37382867606714,14.0468312612244,1082.077192909721,36.60528483397693,0.9976256381389196,0.0023743618610803,0.0,0.0,0.0,0.0,0.0,0.0,0.7582141808825809,0.241785819117419,0.0,0.0,0.0,0.0,0.0,0.0,11.847991249098934,0.9910551975001696,1.0,1.2071552140944726,0.0,0.0,0.0,0.0,0.0,0.0,12.014498351825988,1083.263844328595,35.3375257790447,302.7106577576344,13.710780754884407
18,240.0,24.11955290896723,0.98,0.02,0.0,0.0,0.0,0.0,0.0,0.0,301.98,81.99,0.7947546195112258,0.2941767643489112,59.37382867606714,14.0468312612244,1080.9678849382258,37.81151172458312,0.99540675010307,0.0045932498969301,0.0,0.0,0.0,0.0,0.0,0.0,0.6237017273127959,0.3762982726872039,0.0,0.0,0.0,0.0,0.0,0.0,11.694496535885268,1.000783323975447,1.0,1.2002931747406345,0.0,0.0,0.0,0.0,0.0,0.0,12.014498351825988,1083.263844328595,35.3375257790447,302.7106577576344,13.710780754884407
18,240.0,29.155863732838647,0.98,0.02,0.0,0.0,0.0,0.0,0.0,0.0,301.98,81.99,0.7947546195112258,0.3556026799955927,59.37382867606714,14.0468312612244,1079.8595634188728,39.03230317315277,0.9931928990772833,0.0068071009227168,0.0,0.0,0.0,0.0,0.0,0.0,0.5336133844163097,0.4663866155836903,0.0,0.0,0.0,0.0,0.0,0.0,11.54322184963742,1.01042405108116,1.0,1.1938503394658555,0.0,0.0,0.0,0.0,0.0,0.0,12.014498351825988,1083.263844328595,35.3375257790447,302.7106577576344,13.710780754884407
18,240.0,34.19217455671006,0.98,0.02,0.0,0.0,0.0,0.0,0.0,0.0,301.98,81.99,0.7947546195112258,0.4170285956422742,59.37382867606714,14.0468312612244,1078.7515695988473,40.26378203399096,0.9909835374665696,0.0090164625334304,0.0,0.0,0.0,0.0,0.0,0.0,0.4691541927836397,0.5308458072163603,0.0,0.0,0.0,0.0,0.0,0.0,11.394095692713984,1.0200006925189953,1.0,1.1875977582907002,0.0,0.0,0.0,0.0,0.0,0.0,12.014498351825988,1083.263844328595,35.3375257790447,302.7106577576344,13.710780754884407
18,240.0,39.22848538058148,0.98,0.02,0.0,0.0,0.0,0.0,0.0,0.0,301.98,81.99,0.7947546195112258,0.4784545112889557,59.37382867606714,14.0468312612244,1077.643661547248,41.503418901162746,0.9887784585843142,0.0112215414156858,0.0,0.0,0.0,0.0,0.0,0.0,0.4208086243787645,0.5791913756212355,0.0,0.0,0.0,0.0,0.0,0.0,11.247091819055903,1.029467003614443,1.0,1.1814748444790473,0.0,0.0,0.0,0.0,0.0,0.0,12.014498351825988,1083.263844328595,35.3375257790447,302.7106577576344,13.710780754884407
18,240.0,44.26479620445289,0.98,0.02,0.0,0.0,0.0,0.0,0.0,0.0,301.98,81.99,0.7947546195112258,0.5398804269356372,59.37382867606714,14.0468312612244,1076.5357549497728,42.749737284143656,0.9865775847595648,0.0134224152404352,0.0,0.0,0.0,0.0,0.0,0.0,0.3832501743377879,0.616749825662212,0.0,0.0,0.0,0.0,0.0,0.0,11.102195734586903,1.038872935485631,1.0,1.175470504920787,0.0,0.0,0.0,0.0,0.0,0.0,12.014498351825988,1083.263844328595,35.3375257790447,302.7106577576344,13.710780754884407
18,240.0,49.3011070283243,0.98,0.02,0.0,0.0,0.0,0.0,0.0,0.0,301.98,81.99,0.7947546195112258,0.6013063425823186,59.37382867606714,14.0468312612244,1075.4278298560384,44.00191045575057,0.984380891075328,0.0156191089246718,0.0,0.0,0.0,0.0,0.0,0.0,0.3532667998117215,0.6467332001882785,0.0,0.0,0.0,0.0,0.0,0.0,10.959390908498593,1.0481763925843095,1.0,1.1695879183770768,0.0,0.0,0.0,0.0,0.0,0.0,12.014498351825988,1083.263844328595,35.3375257790447,302.7106577576344,13.710780754884407
18,240.0,54.33741785219572,0.98,0.02,0.0,0.0,0.0,0.0,0.0,0.0,301.98,81.99,0.7947546195112258,0.6627322582290002,59.37382867606714,14.0468312612244,1074.3198936188544,45.259495860091874,0.9821883750442618,0.0178116249557381,0.0,0.0,0.0,0.0,0.0,0.0,0.3288070449229639,0.6711929550770361,0.0,0.0,0.0,0.0,0.0,0.0,10.818650038883238,1.0573964471082695,1.0,1.1638332863549878,0.0,0.0,0.0,0.0,0.0,0.0,12.014498351825988,1083.263844328595,35.3375257790447,302.7106577576344,13.710780754884407
18,240.0,59.37372867606714,0.98,0.02,0.0,0.0,0.0,0.0,0.0,0.0,301.98,81.99,0.7947546195112258,0.7241581738756817,59.37382867606714,14.0468312612244,1073.211964761469,46.52227033826095,0.9800000433971524,0.0199999566028476,0.0,0.0,0.0,0.0,0.0,0.0,0.3084994192899523,0.6915005807100476,0.0,0.0,0.0,0.0,0.0,0.0,10.679956803338351,1.0665277119390553,1.0,1.1582121793686944,0.0,0.0,0.0,0.0,0.0,0.0,12.014498351825988,1083.263844328595,35.3375257790447,302.7106577576344,13.710780754884407
18,245.0,16.599647066716887,0.98,0.02,0.0,0.0,0.0,0.0,0.0,0.0,301.98,81.99,0.8113120074177097,0.2024594104978276,58.48566458724775,16.599547066716887,1062.570780942517,41.911767299182046,0.999805218278654,0.000194781721346,0.0,0.0,0.0,0.0,0.0,0.0,0.979995203744253,0.020004796255747,0.0,0.0,0.0,0.0,0.0,0.0,10.781733549093964,1.0373234489256022,1.0,1.1819858319171792,0.0,0.0,0.0,0.0,0.0,0.0,10.793959502416731,1062.6711211462375,41.80803719266337,302.7106577576344,16.191644196077288
18,245.0,21.253637902331427,0.98,0.02,0.0,0.0,0.0,0.0,0.0,0.0,301.98,81.99,0.8113120074177097,0.2592223186038715,58.48566458724775,16.599547066716887,1061.4289251156408,43.10026946654402,0.9975875922859516,0.0024124077140483,0.0,0.0,0.0,0.0,0.0,0.0,0.8012397437562563,0.1987602562437437,0.0,0.0,0.0,0.0,0.0,0.0,10.643615331068824,1.0468094910067125,1.0,1.1751723045093798,0.0,0.0,0.0,0.0,0.0,0.0,10.793959502416731,1062.6711211462375,41.80803719266337,302.7106577576344,16.191644196077288
18,245.0,25.907628737945966,0.98,0.02,0.0,0.0,0.0,0.0,0.0,0.0,301.98,81.99,0.8113120074177097,0.3159852267099154,58.48566458724775,16.599547066716887,1060.289649955181,44.30376715539166,0.9953758156542232,0.0046241843457768,0.0,0.0,0.0,0.0,0.0,0.0,0.6821006870891136,0.3178993129108863,0.0,0.0,0.0,0.0,0.0,0.0,10.507590992709504,1.056197532970402,1.0,1.1693717123866805,0.0,0.0,0.0,0.0,0.0,0.0,10.793959502416731,1062.6711211462375,41.80803719266337,302.7106577576344,16.191644196077288
18,245.0,30.561619573560503,0.98,0.02,0.0,0.0,0.0,0.0,0.0,0.0,301.98,81.99,0.8113120074177097,0.3727481348159593,58.48566458724775,16.599547066716887,1059.1512000087675,45.52192578348322,0.9931685026959816,0.0068314973040183,0.0,0.0,0.0,0.0,0.0,0.0,0.5971849236702352,0.4028150763297647,0.0,0.0,0.0,0.0,0.0,0.0,10.373415689635616,1.065536703972451,1.0,1.1639851678137276,0.0,0.0,0.0,0.0,0.0,0.0,10.793959502416731,1062.6711211462375,41.80803719266337,302.7106577576344,16.191644196077288
18,245.0,35.21561040917504,0.98,0.02,0.0,0.0,0.0,0.0,0.0,0.0,301.98,81.99,0.8113120074177097,0.4295110429220032,58.48566458724775,16.599547066716887,1058.0128278491643,46.75225292999107,0.9909650591929844,0.0090349408070155,0.0,0.0,0.0,0.0,0.0,0.0,0.5336875188276866,0.4663124811723135,0.0,0.0,0.0,0.0,0.0,0.0,10.241002934748876,1.0747934550089406,1.0,1.1588050685398017,0.0,0.0,0.0,0.0,0.0,0.0,10.793959502416731,1062.6711211462375,41.80803719266337,302.7106577576344,16.191644196077288
18,245.0,39.86960124478959,0.98,0.02,0.0,0.0,0.0,0.0,0.0,0.0,301.98,81.99,0.8113120074177097,0.4862739510280471,58.48566458724775,16.599547066716887,1056.8741950626534,47.99263875720421,0.9887652122442,0.0112347877558001,0.0,0.0,0.0,0.0,0.0,0.0,0.4844703752082732,0.5155296247917267,0.0,0.0,0.0,0.0,0.0,0.0,10.110312867146291,1.0840220548374342,1.0,1.1537560519030443,0.0,0.0,0.0,0.0,0.0,0.0,10.793959502416731,1062.6711211462375,41.80803719266337,302.7106577576344,16.191644196077288
18,245.0,44.52359208040413,0.98,0.02,0.0,0.0,0.0,0.0,0.0,0.0,301.98,81.99,0.8113120074177097,0.5430368591340912,58.48566458724775,16.599547066716887,1055.7351458789058,49.24160746053229,0.986568832541904,0.0134311674580959,0.0,0.0,0.0,0.0,0.0,0.0,0.4452459608340847,0.5547540391659153,0.0,0.0,0.0,0.0,0.0,0.0,9.98133019593347,1.093162527825006,1.0,1.1488116854151758,0.0,0.0,0.0,0.0,0.0,0.0,10.793959502416731,1062.6711211462375,41.80803719266337,302.7106577576344,16.191644196077288
18,245.0,49.177582916018665,0.98,0.02,0.0,0.0,0.0,0.0,0.0,0.0,301.98,81.99,0.8113120074177097,0.599799767240135,58.48566458724775,16.599547066716887,1054.5956119286711,50.49819145803309,0.9843758595700024,0.0156241404299974,0.0,0.0,0.0,0.0,0.0,0.0,0.4132858239843989,0.586714176015601,0.0,0.0,0.0,0.0,0.0,0.0,9.85402966774531,1.10227459541872,1.0000000001150962,1.143964421555985,0.0,0.0,0.0,0.0,0.0,0.0,10.793959502416731,1062.6711211462375,41.80803719266337,302.7106577576344,16.191644196077288
18,245.0,53.8315737516332,0.98,0.02,0.0,0.0,0.0,0.0,0.0,0.0,301.98,81.99,0.8113120074177097,0.6565626753461788,58.48566458724775,16.599547066716887,1053.4555684632264,51.761773252151,0.9821862672024128,0.0178137327975871,0.0,0.0,0.0,0.0,0.0,0.0,0.3867718267193041,0.6132281732806959,0.0,0.0,0.0,0.0,0.0,0.0,9.728406389445782,1.111308583387112,1.0,1.1392137494512935,0.0,0.0,0.0,0.0,0.0,0.0,10.793959502416731,1062.6711211462375,41.80803719266337,302.7106577576344,16.191644196077288
18,245.0,58.485564587247744,0.98,0.02,0.0,0.0,0.0,0.0,0.0,0.0,301.98,81.99,0.8113120074177097,0.7133255834522229,58.48566458724775,16.599547066716887,1052.31501301458,53.03196576618511,0.9800000469241276,0.0199999530758725,0.0,0.0,0.0,0.0,0.0,0.0,0.3644460423380192,0.6355539576619809,0.0,0.0,0.0,0.0,0.0,0.0,9.604446999196922,1.1202902920482118,1.0000000000589016,1.134561354708305,0.0,0.0,0.0,0.0,0.0,0.0,10.793959502416731,1062.6711211462375,41.80803719266337,302.7106577576344,16.191644196077288
18,250.0,19.48568097612769,0.98,0.02,0.0,0.0,0.0,0.0,0.0,0.0,301.98,81.99,0.8278693953241936,0.2376592386404158,58.132094825297145,19.48558097612769,1040.7836054489933,49.41343972273844,0.999745788895948,0.0002542111040519,0.0,0.0,0.0,0.0,0.0,0.0,0.9799960365814252,0.0200039634185748,0.0,0.0,0.0,0.0,0.0,0.0,9.584962046849116,1.100851794601449,1.0,1.1515195882199374,0.0,0.0,0.0,0.0,0.0,0.0,9.599114364051816,1040.9186176418627,49.27650279185157,302.7106577576344,18.99215487266697
18,250.0,23.779715848257627,0.98,0.02,0.0,0.0,0.0,0.0,0.0,0.0,301.98,81.99,0.8278693953241936,0.2900319044792978,58.132094825297145,19.48558097612769,1039.6111348992197,50.60933432607123,0.9975375341887872,0.0024624658112126,0.0,0.0,0.0,0.0,0.0,0.0,0.8373021993638474,0.1626978006361526,0.0,0.0,0.0,0.0,0.0,0.0,9.462949534623393,1.1101380271540784,1.0,1.1458660174693007,0.0,0.0,0.0,0.0,0.0,0.0,9.599114364051816,1040.9186176418627,49.27650279185157,302.7106577576344,18.99215487266697
18,250.0,28.073750720387565,0.98,0.02,0.0,0.0,0.0,0.0,0.0,0.0,301.98,81.99,0.8278693953241936,0.3424045703181798,58.132094825297145,19.48558097612769,1038.440814587244,51.81800528159191,0.9953342821053096,0.0046657178946903,0.0,0.0,0.0,0.0,0.0,0.0,0.734470577938142,0.265529422061858,0.0,0.0,0.0,0.0,0.0,0.0,9.342687073267834,1.1193547845591816,1.0,1.140976337740061,0.0,0.0,0.0,0.0,0.0,0.0,9.599114364051816,1040.9186176418627,49.27650279185157,302.7106577576344,18.99215487266697
18,250.0,32.36778559251751,0.98,0.02,0.0,0.0,0.0,0.0,0.0,0.0,301.98,81.99,0.8278693953241936,0.3947772361570619,58.132094825297145,19.48558097612769,1037.2711186992397,53.04062505380832,0.9931348835358408,0.0068651164641592,0.0,0.0,0.0,0.0,0.0,0.0,0.6569784701512963,0.3430215298487037,0.0,0.0,0.0,0.0,0.0,0.0,9.223975449716374,1.1285205196685788,1.0,1.136461313429416,0.0,0.0,0.0,0.0,0.0,0.0,9.599114364051816,1040.9186176418627,49.27650279185157,302.7106577576344,18.99215487266697
18,250.0,36.66182046464745,0.98,0.02,0.0,0.0,0.0,0.0,0.0,0.0,301.98,81.99,0.8278693953241936,0.447149901995944,58.132094825297145,19.48558097612769,1036.1012784563409,54.27603503478159,0.9909387564318524,0.0090612435681476,0.0,0.0,0.0,0.0,0.0,0.0,0.5965669209256205,0.4034330790743794,0.0,0.0,0.0,0.0,0.0,0.0,9.106723858956732,1.1376574356394054,1.0,1.1321545541442817,0.0,0.0,0.0,0.0,0.0,0.0,9.599114364051816,1040.9186176418627,49.27650279185157,302.7106577576344,18.99215487266697
18,250.0,40.95585533677738,0.98,0.02,0.0,0.0,0.0,0.0,0.0,0.0,301.98,81.99,0.8278693953241936,0.499522567834826,58.132094825297145,19.48558097612769,1034.930887165309,55.52280360470392,0.988745590121374,0.011254409878626,0.0,0.0,0.0,0.0,0.0,0.0,0.5482035249259601,0.4517964750740397,0.0,0.0,0.0,0.0,0.0,0.0,8.990889500385451,1.146738250077631,1.0,1.1279816537395573,0.0,0.0,0.0,0.0,0.0,0.0,9.599114364051816,1040.9186176418627,49.27650279185157,302.7106577576344,18.99215487266697
18,250.0,45.24989020890733,0.98,0.02,0.0,0.0,0.0,0.0,0.0,0.0,301.98,81.99,0.8278693953241936,0.5518952336737081,58.132094825297145,19.48558097612769,1033.7597238365593,56.7797252733622,0.986555213221916,0.0134447867780839,0.0,0.0,0.0,0.0,0.0,0.0,0.508651574244314,0.491348425755686,0.0,0.0,0.0,0.0,0.0,0.0,8.876439879255063,1.1558102208617411,1.0,1.1239087470465232,0.0,0.0,0.0,0.0,0.0,0.0,9.599114364051816,1040.9186176418627,49.27650279185157,302.7106577576344,18.99215487266697
18,250.0,49.54392508103726,0.98,0.02,0.0,0.0,0.0,0.0,0.0,0.0,301.98,81.99,0.8278693953241936,0.6042678995125901,58.132094825297145,19.48558097612769,1032.587667471818,58.04588096637352,0.9843675294275516,0.0156324705724486,0.0,0.0,0.0,0.0,0.0,0.0,0.4757366425467447,0.5242633574532553,0.0,0.0,0.0,0.0,0.0,0.0,8.763365757660464,1.164832257196116,1.0,1.119920920574733,0.0,0.0,0.0,0.0,0.0,0.0,9.599114364051816,1040.9186176418627,49.27650279185157,302.7106577576344,18.99215487266697
18,250.0,53.8379599531672,0.98,0.02,0.0,0.0,0.0,0.0,0.0,0.0,301.98,81.99,0.8278693953241936,0.6566405653514722,58.132094825297145,19.48558097612769,1031.4146537888575,59.320609374218186,0.9821824850792586,0.0178175149207413,0.0,0.0,0.0,0.0,0.0,0.0,0.4479447813889277,0.5520552186110722,0.0,0.0,0.0,0.0,0.0,0.0,8.651648231176246,1.1738212348014203,1.0,1.116011862003376,0.0,0.0,0.0,0.0,0.0,0.0,9.599114364051816,1040.9186176418627,49.27650279185157,302.7106577576344,18.99215487266697
18,250.0,58.13199482529714,0.98,0.02,0.0,0.0,0.0,0.0,0.0,0.0,301.98,81.99,0.8278693953241936,0.7090132311903542,58.132094825297145,19.48558097612769,1030.2406507283026,60.603441372425166,0.9800000507932336,0.0199999492067663,0.0,0.0,0.0,0.0,0.0,0.0,0.4241898238653599,0.57581017613464,0.0,0.0,0.0,0.0,0.0,0.0,8.541278336683428,1.182785667697585,1.0,1.1121794133719691,0.0,0.0,0.0,0.0,0.0,0.0,9.599114364051816,1040.9186176418627,49.27650279185157,302.7106577576344,18.99215487266697
18,255.0,22.73326753090861,0.98,0.02,0.0,0.0,0.0,0.0,0.0,0.0,301.98,81.99,0.8444267832306774,0.2772687831553678,58.30263960140757,22.73316753090861,1017.6095690917292,58.09175874152447,0.999668531839737,0.0003314681602629,0.0,0.0,0.0,0.0,0.0,0.0,0.979996717220416,0.020003282779584,0.0,0.0,0.0,0.0,0.0,0.0,8.415904588448269,1.1737399313825116,1.0,1.1236801058325645,0.0,0.0,0.0,0.0,0.0,0.0,8.432227805466914,1017.7913832278248,57.90987351738985,302.7106577576344,22.13772066860631
18,255.0,26.68540887207516,0.98,0.02,0.0,0.0,0.0,0.0,0.0,0.0,301.98,81.99,0.8444267832306774,0.3254715071603263,58.30263960140757,22.73316753090861,1016.4047539742824,59.302799878333474,0.997471774760176,0.0025282252398239,0.0,0.0,0.0,0.0,0.0,0.0,0.8671531844422263,0.1328468155577735,0.0,0.0,0.0,0.0,0.0,0.0,8.30852206116848,1.1829901434809964,1.0,1.1190338596541418,0.0,0.0,0.0,0.0,0.0,0.0,8.432227805466914,1017.7913832278248,57.90987351738985,302.7106577576344,22.13772066860631
18,255.0,30.63755021324171,0.98,0.02,0.0,0.0,0.0,0.0,0.0,0.0,301.98,81.99,0.8444267832306774,0.3736742311652849,58.30263960140757,22.73316753090861,1015.2015351133732,60.52483663859924,0.9952790822261904,0.0047209177738096,0.0,0.0,0.0,0.0,0.0,0.0,0.7804338817081803,0.2195661182918197,0.0,0.0,0.0,0.0,0.0,0.0,8.202592604580788,1.192203439867272,1.0,1.114941375072959,0.0,0.0,0.0,0.0,0.0,0.0,8.432227805466914,1017.7913832278248,57.90987351738985,302.7106577576344,22.13772066860631
18,255.0,34.58969155440826,0.98,0.02,0.0,0.0,0.0,0.0,0.0,0.0,301.98,81.99,0.8444267832306774,0.4218769551702435,58.30263960140757,22.73316753090861,1013.9986468341764,61.75973437634413,0.9930895517687794,0.0069104482312205,0.0,0.0,0.0,0.0,0.0,0.0,0.7118076682553222,0.2881923317446779,0.0,0.0,0.0,0.0,0.0,0.0,8.097963144107753,1.20136719624662,1.0,1.1111636015685806,0.0,0.0,0.0,0.0,0.0,0.0,8.432227805466914,1017.7913832278248,57.90987351738985,302.7106577576344,22.13772066860631
18,255.0,38.541832895574814,0.98,0.02,0.0,0.0,0.0,0.0,0.0,0.0,301.98,81.99,0.8444267832306774,0.470079679175202,58.30263960140757,22.73316753090861,1012.7953582280048,63.007365386386034,0.990902659835127,0.009097340164873,0.0,0.0,0.0,0.0,0.0,0.0,0.6562134724132034,0.3437865275867967,0.0,0.0,0.0,0.0,0.0,0.0,7.994552748674678,1.2105299666675493,1.0,1.107583573814005,0.0,0.0,0.0,0.0,0.0,0.0,8.432227805466914,1017.7913832278248,57.90987351738985,302.7106577576344,22.13772066860631
18,255.0,42.493974236741366,0.98,0.02,0.0,0.0,0.0,0.0,0.0,0.0,301.98,81.99,0.8444267832306774,0.5182824031801606,58.30263960140757,22.73316753090861,1011.5912317917685,64.26702585591858,0.9887180908972204,0.0112819091027795,0.0,0.0,0.0,0.0,0.0,0.0,0.6103091397403051,0.3896908602596948,0.0,0.0,0.0,0.0,0.0,0.0,7.892311874482033,1.2196691825791732,1.0,1.1041361323348986,0.0,0.0,0.0,0.0,0.0,0.0,8.432227805466914,1017.7913832278248,57.90987351738985,302.7106577576344,22.13772066860631
18,255.0,46.44611557790791,0.98,0.02,0.0,0.0,0.0,0.0,0.0,0.0,301.98,81.99,0.8444267832306774,0.5664851271851191,58.30263960140757,22.73316753090861,1010.3859989236654,65.53793053949339,0.9865356492734751,0.0134643507265247,0.0,0.0,0.0,0.0,0.0,0.0,0.5718015556120625,0.4281984443879376,0.0,0.0,0.0,0.0,0.0,0.0,7.791214687387475,1.2287877133747611,1.0,1.100785305331596,0.0,0.0,0.0,0.0,0.0,0.0,8.432227805466914,1017.7913832278248,57.90987351738985,302.7106577576344,22.13772066860631
18,255.0,50.398256919074456,0.98,0.02,0.0,0.0,0.0,0.0,0.0,0.0,301.98,81.99,0.8444267832306774,0.6146878511900775,58.30263960140757,22.73316753090861,1009.1794921996884,66.81938295660217,0.9843552111486368,0.0156447888513631,0.0,0.0,0.0,0.0,0.0,0.0,0.5390664450869046,0.4609335549130953,0.0,0.0,0.0,0.0,0.0,0.0,7.69123939819735,1.2379011010453085,1.0,1.097512989135023,0.0,0.0,0.0,0.0,0.0,0.0,8.432227805466914,1017.7913832278248,57.90987351738985,302.7106577576344,22.13772066860631
18,255.0,54.35039826024101,0.98,0.02,0.0,0.0,0.0,0.0,0.0,0.0,301.98,81.99,0.8444267832306774,0.6628905751950361,58.30263960140757,22.73316753090861,1007.9716061614556,68.11081072556173,0.982176696775622,0.0178233032243781,0.0,0.0,0.0,0.0,0.0,0.0,0.5109218045929647,0.4890781954070354,0.0,0.0,0.0,0.0,0.0,0.0,7.592375483104724,1.2470005962823223,1.0,1.0943094113115108,0.0,0.0,0.0,0.0,0.0,0.0,8.432227805466914,1017.7913832278248,57.90987351738985,302.7106577576344,22.13772066860631
18,255.0,58.30253960140757,0.98,0.02,0.0,0.0,0.0,0.0,0.0,0.0,301.98,81.99,0.8444267832306774,0.7110932991999948,58.30263960140757,22.73316753090861,1006.762275549768,69.41176916780046,0.980000055049873,0.0199999449501269,0.0,0.0,0.0,0.0,0.0,0.0,0.4864873949489813,0.5135126050510188,0.0,0.0,0.0,0.0,0.0,0.0,7.494607402991595,1.2560981353525107,1.0,1.0911693845490518,0.0,0.0,0.0,0.0,0.0,0.0,8.432227805466914,1017.7913832278248,57.90987351738985,302.7106577576344,22.13772066860631
18,260.0,26.37268039442381,0.98,0.02,0.0,0.0,0.0,0.0,0.0,0.0,301.98,81.99,0.8609841711371613,0.321657280088106,58.991170602037386,26.37258039442381,992.7685980007788,68.16505826190587,0.9995673704646488,0.000432629535351,0.0,0.0,0.0,0.0,0.0,0.0,0.979997277857764,0.020002722142236,0.0,0.0,0.0,0.0,0.0,0.0,7.277317228826436,1.2587125681088986,1.0,1.0982926659732632,0.0,0.0,0.0,0.0,0.0,0.0,7.296085655146154,993.0143761526203,67.92140682303575,302.7106577576344,25.654931900849267
18,260.0,29.99694597304754,0.98,0.02,0.0,0.0,0.0,0.0,0.0,0.0,301.98,81.99,0.8609841711371613,0.3658610315044218,58.991170602037386,26.37258039442381,991.5287208886252,69.39934795660305,0.9973850508898534,0.0026149491101465,0.0,0.0,0.0,0.0,0.0,0.0,0.8916351961412515,0.1083648038587485,0.0,0.0,0.0,0.0,0.0,0.0,7.1833356260190016,1.268123506362442,1.0,1.0945264252716718,0.0,0.0,0.0,0.0,0.0,0.0,7.296085655146154,993.0143761526203,67.92140682303575,302.7106577576344,25.654931900849267
18,260.0,33.62121155167127,0.98,0.02,0.0,0.0,0.0,0.0,0.0,0.0,301.98,81.99,0.8609841711371613,0.4100647829207376,58.991170602037386,26.37258039442381,990.289752235545,70.64342082526655,0.99520576516098,0.00479423483902,0.0,0.0,0.0,0.0,0.0,0.0,0.8200601055050379,0.1799398944949619,0.0,0.0,0.0,0.0,0.0,0.0,7.090548591590655,1.277503415529773,1.0,1.091145407962652,0.0,0.0,0.0,0.0,0.0,0.0,7.296085655146154,993.0143761526203,67.92140682303575,302.7106577576344,25.654931900849267
18,260.0,37.245477130295,0.98,0.02,0.0,0.0,0.0,0.0,0.0,0.0,301.98,81.99,0.8609841711371613,0.4542685343370533,58.991170602037386,26.37258039442381,989.0506836079109,71.89927219708422,0.9930288387299564,0.0069711612700437,0.0,0.0,0.0,0.0,0.0,0.0,0.760973718039692,0.2390262819603079,0.0,0.0,0.0,0.0,0.0,0.0,6.998846136960551,1.2868750576468364,1.0,1.0880189015214008,0.0,0.0,0.0,0.0,0.0,0.0,7.296085655146154,993.0143761526203,67.92140682303575,302.7106577576344,25.654931900849267
18,260.0,40.86974270891873,0.98,0.02,0.0,0.0,0.0,0.0,0.0,0.0,301.98,81.99,0.8609841711371613,0.4984722857533691,58.991170602037386,26.37258039442381,987.8108636692924,73.16742305217551,0.990853833809986,0.009146166190014,0.0,0.0,0.0,0.0,0.0,0.0,0.7114215645199843,0.2885784354800156,0.0,0.0,0.0,0.0,0.0,0.0,6.908160393719894,1.2962504158012067,1.0,1.085059369321017,0.0,0.0,0.0,0.0,0.0,0.0,7.296085655146154,993.0143761526203,67.92140682303575,302.7106577576344,25.654931900849267
18,260.0,44.49400828754246,0.98,0.02,0.0,0.0,0.0,0.0,0.0,0.0,301.98,81.99,0.8609841711371613,0.5426760371696848,58.991170602037386,26.37258039442381,986.569860687895,74.44777446613483,0.988680458311732,0.0113195416882678,0.0,0.0,0.0,0.0,0.0,0.0,0.6693083288801422,0.3306916711198577,0.0,0.0,0.0,0.0,0.0,0.0,6.818448727684629,1.3056239464062451,1.0,1.0822182514131735,0.0,0.0,0.0,0.0,0.0,0.0,7.296085655146154,993.0143761526203,67.92140682303575,302.7106577576344,25.654931900849267
18,260.0,48.11827386616619,0.98,0.02,0.0,0.0,0.0,0.0,0.0,0.0,301.98,81.99,0.8609841711371613,0.5868797885860007,58.991170602037386,26.37258039442381,985.327382599921,75.73999452858124,0.9865085128858984,0.0134914871141016,0.0,0.0,0.0,0.0,0.0,0.0,0.6331081456017147,0.3668918543982853,0.0,0.0,0.0,0.0,0.0,0.0,6.729682438212581,1.3150051266342593,1.0,1.0794701250058694,0.0,0.0,0.0,0.0,0.0,0.0,7.296085655146154,993.0143761526203,67.92140682303575,302.7106577576344,25.654931900849267
18,260.0,51.74253944478992,0.98,0.02,0.0,0.0,0.0,0.0,0.0,0.0,301.98,81.99,0.8609841711371613,0.6310835400023164,58.991170602037386,26.37258039442381,984.083228338111,77.04369032198171,0.9843378586634602,0.0156621413365397,0.0,0.0,0.0,0.0,0.0,0.0,0.6016842845807525,0.3983157154192475,0.0,0.0,0.0,0.0,0.0,0.0,6.641842247486626,1.3243861242629165,1.0,1.076799112077581,0.0,0.0,0.0,0.0,0.0,0.0,7.296085655146154,993.0143761526203,67.92140682303575,302.7106577576344,25.654931900849267
18,260.0,55.36680502341365,0.98,0.02,0.0,0.0,0.0,0.0,0.0,0.0,301.98,81.99,0.8609841711371613,0.6752872914186322,58.991170602037386,26.37258039442381,982.8372586275628,78.35848998067029,0.9821683979050418,0.0178316020949582,0.0,0.0,0.0,0.0,0.0,0.0,0.5741730674251574,0.4258269325748425,0.0,0.0,0.0,0.0,0.0,0.0,6.55491132376512,1.3337861900589716,1.0,1.0741896702727396,0.0,0.0,0.0,0.0,0.0,0.0,7.296085655146154,993.0143761526203,67.92140682303575,302.7106577576344,25.654931900849267
18,260.0,58.99107060203738,0.98,0.02,0.0,0.0,0.0,0.0,0.0,0.0,301.98,81.99,0.8609841711371613,0.719491042834948,58.991170602037386,26.37258039442381,981.5893746294572,79.68405924127566,0.9800000598109124,0.0199999401890874,0.0,0.0,0.0,0.0,0.0,0.0,0.5499067659153749,0.450093234084625,0.0,0.0,0.0,0.0,0.0,0.0,6.46888104270301,1.3432033397381091,1.0,1.0716366321345656,0.0,0.0,0.0,0.0,0.0,0.0,7.296085655146154,993.0143761526203,67.92140682303575,302.7106577576344,25.654931900849267
18,265.0,30.436855023486796,0.98,0.02,0.0,0.0,0.0,0.0,0.0,0.0,301.98,81.99,0.8775415590436452,0.3712264303389047,60.19466070864491,30.436755023486796,965.8908062846853,79.92189717650504,0.9994334714686074,0.0005665285313925,0.0,0.0,0.0,0.0,0.0,0.0,0.9799977432745592,0.0200022567254409,0.0,0.0,0.0,0.0,0.0,0.0,6.172635538799748,1.3597332860118685,1.0,1.0752586401015427,0.0,0.0,0.0,0.0,0.0,0.0,6.194157229336726,966.2255774553212,79.59167899763797,302.7106577576344,29.571779036695137
18,265.0,33.74326676628214,0.98,0.02,0.0,0.0,0.0,0.0,0.0,0.0,301.98,81.99,0.8775415590436452,0.4115534426915739,60.19466070864491,30.436755023486796,964.61181094399,81.18831392701128,0.9972696465116596,0.0027303534883404,0.0,0.0,0.0,0.0,0.0,0.0,0.9115809505341246,0.0884190494658754,0.0,0.0,0.0,0.0,0.0,0.0,6.091040758629593,1.3695333388613853,1.0,1.0722607722319897,0.0,0.0,0.0,0.0,0.0,0.0,6.194157229336726,966.2255774553212,79.59167899763797,302.7106577576344,29.571779036695137
18,265.0,37.04967850907748,0.98,0.02,0.0,0.0,0.0,0.0,0.0,0.0,301.98,81.99,0.8775415590436452,0.451880455044243,60.19466070864491,30.436755023486796,963.332883419078,82.46391059623183,0.9951077272618069,0.0048922727381933,0.0,0.0,0.0,0.0,0.0,0.0,0.8537307066306101,0.1462692933693899,0.0,0.0,0.0,0.0,0.0,0.0,6.010415572732476,1.37933008828834,1.0,1.0695251216292236,0.0,0.0,0.0,0.0,0.0,0.0,6.194157229336726,966.2255774553212,79.59167899763797,302.7106577576344,29.571779036695137
18,265.0,40.35609025187283,0.98,0.02,0.0,0.0,0.0,0.0,0.0,0.0,301.98,81.99,0.8775415590436452,0.4922074673969122,60.19466070864491,30.436755023486796,962.0532473381002,83.75048880851534,0.9929472315467872,0.0070527684532127,0.0,0.0,0.0,0.0,0.0,0.0,0.8042224891243854,0.1957775108756146,0.0,0.0,0.0,0.0,0.0,0.0,5.930686658693562,1.3891399776101765,1.0,1.066975350327092,0.0,0.0,0.0,0.0,0.0,0.0,6.194157229336726,966.2255774553212,79.59167899763797,302.7106577576344,29.571779036695137
18,265.0,43.662501994668176,0.98,0.02,0.0,0.0,0.0,0.0,0.0,0.0,301.98,81.99,0.8775415590436452,0.5325344797495813,60.19466070864491,30.436755023486796,960.7723521196395,85.04887515575447,0.9907878152672366,0.0092121847327634,0.0,0.0,0.0,0.0,0.0,0.0,0.7614116001638637,0.2385883998361362,0.0,0.0,0.0,0.0,0.0,0.0,5.851803157801212,1.3989634033278158,1.0,1.064561554622838,0.0,0.0,0.0,0.0,0.0,0.0,6.194157229336726,966.2255774553212,79.59167899763797,302.7106577576344,29.571779036695137
18,265.0,46.96891373746352,0.98,0.02,0.0,0.0,0.0,0.0,0.0,0.0,301.98,81.99,0.8775415590436452,0.5728614921022506,60.19466070864491,30.436755023486796,959.4898003665562,86.3593835275482,0.9886292280648082,0.0113707719351917,0.0,0.0,0.0,0.0,0.0,0.0,0.724056692774609,0.2759433072253908,0.0,0.0,0.0,0.0,0.0,0.0,5.773728185366148,1.4088167676051606,1.0,1.0622516662004169,0.0,0.0,0.0,0.0,0.0,0.0,6.194157229336726,966.2255774553212,79.59167899763797,302.7106577576344,29.571779036695137
18,265.0,50.27532548025887,0.98,0.02,0.0,0.0,0.0,0.0,0.0,0.0,301.98,81.99,0.8775415590436452,0.6131885044549198,60.19466070864491,30.436755023486796,958.2052999406932,87.68205550371755,0.9864712840365484,0.0135287159634516,0.0,0.0,0.0,0.0,0.0,0.0,0.6912038254272567,0.3087961745727434,0.0,0.0,0.0,0.0,0.0,0.0,5.696437076655618,1.4186915411652266,1.0,1.060024347713278,0.0,0.0,0.0,0.0,0.0,0.0,6.194157229336726,966.2255774553212,79.59167899763797,302.7106577576344,29.571779036695137
18,265.0,53.58173722305421,0.98,0.02,0.0,0.0,0.0,0.0,0.0,0.0,301.98,81.99,0.8775415590436452,0.6535155168075889,60.19466070864491,30.436755023486796,956.9186335061756,89.01680764371632,0.9843138431341198,0.0156861568658802,0.0,0.0,0.0,0.0,0.0,0.0,0.6621082857498927,0.3378917142501073,0.0,0.0,0.0,0.0,0.0,0.0,5.619910683014132,1.4285993634270746,1.0,1.0578649394520758,0.0,0.0,0.0,0.0,0.0,0.0,6.194157229336726,966.2255774553212,79.59167899763797,302.7106577576344,29.571779036695137
18,265.0,56.88814896584956,0.98,0.02,0.0,0.0,0.0,0.0,0.0,0.0,301.98,81.99,0.8775415590436452,0.6938425291602581,60.19466070864491,30.436755023486796,955.6296370302327,90.36350050309956,0.9821567980156528,0.0178432019843472,0.0,0.0,0.0,0.0,0.0,0.0,0.6361804634573163,0.3638195365426838,0.0,0.0,0.0,0.0,0.0,0.0,5.544134888289169,1.4385364500584032,1.0,1.0557637065050949,0.0,0.0,0.0,0.0,0.0,0.0,6.194157229336726,966.2255774553212,79.59167899763797,302.7106577576344,29.571779036695137
18,265.0,60.19456070864491,0.98,0.02,0.0,0.0,0.0,0.0,0.0,0.0,301.98,81.99,0.8775415590436452,0.7341695415129273,60.19466070864491,30.436755023486796,954.3381853515904,91.72197858253524,0.9800000652211456,0.0199999347788543,0.0,0.0,0.0,0.0,0.0,0.0,0.612947650924193,0.387052349075807,0.0,0.0,0.0,0.0,0.0,0.0,5.469099403377306,1.4485163988030232,1.0,1.0537150681302447,0.0,0.0,0.0,0.0,0.0,0.0,6.194157229336726,966.2255774553212,79.59167899763797,302.7106577576344,29.571779036695137
18,270.0,34.9623668488448,0.98,0.02,0.0,0.0,0.0,0.0,0.0,0.0,301.98,81.99,0.8940989469501291,0.4264223301481254,61.911697819840086,34.9622668488448,936.4702887578864,93.75797768251174,0.9992534709316764,0.0007465290683235,0.0,0.0,0.0,0.0,0.0,0.0,0.9799981327830604,0.0200018672169396,0.0,0.0,0.0,0.0,0.0,0.0,5.106222795888196,1.482879194404188,1.0,1.0545577475827836,0.0,0.0,0.0,0.0,0.0,0.0,5.130843724671824,936.9320241360858,93.30322734807504,302.7106577576344,33.91794976874195
18,270.0,37.95672584562205,0.98,0.02,0.0,0.0,0.0,0.0,0.0,0.0,301.98,81.99,0.8940989469501291,0.4629433570633254,61.911697819840086,34.9622668488448,935.146221651944,95.06676709490328,0.9971138293725826,0.0028861706274173,0.0,0.0,0.0,0.0,0.0,0.0,0.92775679728035,0.07224320271965,0.0,0.0,0.0,0.0,0.0,0.0,5.036192899299293,1.493372181897339,1.0,1.052235418530416,0.0,0.0,0.0,0.0,0.0,0.0,5.130843724671824,936.9320241360858,93.30322734807504,302.7106577576344,33.91794976874195
18,270.0,40.95108484239931,0.98,0.02,0.0,0.0,0.0,0.0,0.0,0.0,301.98,81.99,0.8940989469501291,0.4994643839785256,61.911697819840086,34.9622668488448,933.8211889397412,96.38473623579088,0.9949748536520816,0.0050251463479182,0.0,0.0,0.0,0.0,0.0,0.0,0.8820127522239604,0.1179872477760395,0.0,0.0,0.0,0.0,0.0,0.0,4.966941158731398,1.503890538067198,1.0,1.0500834551424356,0.0,0.0,0.0,0.0,0.0,0.0,5.130843724671824,936.9320241360858,93.30322734807504,302.7106577576344,33.91794976874195
18,270.0,43.94544383917656,0.98,0.02,0.0,0.0,0.0,0.0,0.0,0.0,301.98,81.99,0.8940989469501291,0.5359854108937256,61.911697819840086,34.9622668488448,932.4946086434602,97.7133648730045,0.992836211296788,0.0071637887032119,0.0,0.0,0.0,0.0,0.0,0.0,0.841656551850953,0.158343448149047,0.0,0.0,0.0,0.0,0.0,0.0,4.898419465963346,1.5144421724700885,1.0,1.0480621451019312,0.0,0.0,0.0,0.0,0.0,0.0,5.130843724671824,936.9320241360858,93.30322734807504,302.7106577576344,33.91794976874195
18,270.0,46.93980283595381,0.98,0.02,0.0,0.0,0.0,0.0,0.0,0.0,301.98,81.99,0.8940989469501291,0.5725064378089256,61.911697819840086,34.9622668488448,931.1660341216206,99.05354242953672,0.9906976446396324,0.0093023553603675,0.0,0.0,0.0,0.0,0.0,0.0,0.8058164099369369,0.1941835900630631,0.0,0.0,0.0,0.0,0.0,0.0,4.83059135812494,1.5250461158011044,1.0,1.0461436765277787,0.0,0.0,0.0,0.0,0.0,0.0,5.130843724671824,936.9320241360858,93.30322734807504,302.7106577576344,33.91794976874195
18,270.0,49.93416183273106,0.98,0.02,0.0,0.0,0.0,0.0,0.0,0.0,301.98,81.99,0.8940989469501291,0.6090274647241257,61.911697819840086,34.9622668488448,929.8351174757632,100.4057911031842,0.988558950611298,0.0114410493887019,0.0,0.0,0.0,0.0,0.0,0.0,0.7737980358292567,0.2262019641707434,0.0,0.0,0.0,0.0,0.0,0.0,4.763430940438664,1.5356979753307336,1.0,1.044308943182672,0.0,0.0,0.0,0.0,0.0,0.0,5.130843724671824,936.9320241360858,93.30322734807504,302.7106577576344,33.91794976874195
18,270.0,52.92852082950832,0.98,0.02,0.0,0.0,0.0,0.0,0.0,0.0,301.98,81.99,0.8940989469501291,0.6455484916393258,61.911697819840086,34.9622668488448,928.5015845013768,101.7704091679,0.9864199669152472,0.0135800330847526,0.0,0.0,0.0,0.0,0.0,0.0,0.7450418637887017,0.2549581362112983,0.0,0.0,0.0,0.0,0.0,0.0,4.696917425135542,1.5463998805592467,1.0,1.0425448125724268,0.0,0.0,0.0,0.0,0.0,0.0,5.130843724671824,936.9320241360858,93.30322734807504,302.7106577576344,33.91794976874195
18,270.0,55.92287982628557,0.98,0.02,0.0,0.0,0.0,0.0,0.0,0.0,301.98,81.99,0.8940989469501291,0.6820695185545259,61.911697819840086,34.9622668488448,927.165216204409,103.14755738616932,0.984280561812081,0.015719438187919,0.0,0.0,0.0,0.0,0.0,0.0,0.7190920395931568,0.2809079604068431,0.0,0.0,0.0,0.0,0.0,0.0,4.63103489612628,1.5571564315973254,1.0,1.040839305643261,0.0,0.0,0.0,0.0,0.0,0.0,5.130843724671824,936.9320241360858,93.30322734807504,302.7106577576344,33.91794976874195
18,270.0,58.91723882306283,0.98,0.02,0.0,0.0,0.0,0.0,0.0,0.0,301.98,81.99,0.8940989469501291,0.718590545469726,61.911697819840086,34.9622668488448,925.8258356222328,104.53731469462622,0.9821406268365542,0.0178593731634457,0.0,0.0,0.0,0.0,0.0,0.0,0.695573577164917,0.3044264228350831,0.0,0.0,0.0,0.0,0.0,0.0,4.565770806993004,1.5679831271252165,1.0,1.039185153711728,0.0,0.0,0.0,0.0,0.0,0.0,5.130843724671824,936.9320241360858,93.30322734807504,302.7106577576344,33.91794976874195
18,270.0,61.91159781984008,0.98,0.02,0.0,0.0,0.0,0.0,0.0,0.0,301.98,81.99,0.8940989469501291,0.755111572384926,61.911697819840086,34.9622668488448,924.4832982226238,105.93971128146666,0.9800000714916918,0.0199999285083082,0.0,0.0,0.0,0.0,0.0,0.0,0.6741752694342719,0.3258247305657281,0.0,0.0,0.0,0.0,0.0,0.0,4.501113761447025,1.5788700728404863,1.0,1.0375770125733066,0.0,0.0,0.0,0.0,0.0,0.0,5.130843724671824,936.9320241360858,93.30322734807504,302.7106577576344,33.91794976874195
18,275.0,39.99105913166431,0.98,0.02,0.0,0.0,0.0,0.0,0.0,0.0,301.98,81.99,0.910656334856613,0.4877553254258362,64.1404088665598,39.990959131664304,903.7841406870862,110.2415950455958,0.9990060884162648,0.0009939115837351,0.0,0.0,0.0,0.0,0.0,0.0,0.979998461677454,0.020001538322546,0.0,0.0,0.0,0.0,0.0,0.0,4.083768729692865,1.6379439031840357,1.0,1.036288355678999,0.0,0.0,0.0,0.0,0.0,0.0,4.11187312512685,904.4335281070778,109.60126774294156,302.7106577576344,38.72523437118672
18,275.0,42.67430910220825,0.98,0.02,0.0,0.0,0.0,0.0,0.0,0.0,301.98,81.99,0.910656334856613,0.520481877085111,64.1404088665598,39.990959131664304,902.406232411228,111.60522071332052,0.9968988653190446,0.0031011346809555,0.0,0.0,0.0,0.0,0.0,0.0,0.9408374230606896,0.0591625769393104,0.0,0.0,0.0,0.0,0.0,0.0,4.024666278107068,1.6495610499865876,1.0,1.034561216354437,0.0,0.0,0.0,0.0,0.0,0.0,4.11187312512685,904.4335281070778,109.60126774294156,302.7106577576344,38.72523437118672
18,275.0,45.3575590727522,0.98,0.02,0.0,0.0,0.0,0.0,0.0,0.0,301.98,81.99,0.910656334856613,0.5532084287443859,64.1404088665598,39.990959131664304,901.0260528754268,112.97864247275936,0.9947909269811562,0.0052090730188437,0.0,0.0,0.0,0.0,0.0,0.0,0.9055584607194924,0.0944415392805073,0.0,0.0,0.0,0.0,0.0,0.0,3.966178662900465,1.661251548157917,1.0,1.032941323762948,0.0,0.0,0.0,0.0,0.0,0.0,4.11187312512685,904.4335281070778,109.60126774294156,302.7106577576344,38.72523437118672
18,275.0,48.040809043296136,0.98,0.02,0.0,0.0,0.0,0.0,0.0,0.0,301.98,81.99,0.910656334856613,0.5859349804036607,64.1404088665598,39.990959131664304,899.6431710029059,114.36300368946544,0.9926820470669442,0.0073179529330557,0.0,0.0,0.0,0.0,0.0,0.0,0.8736322687902034,0.1263677312097966,0.0,0.0,0.0,0.0,0.0,0.0,3.908274878061822,1.6730197663718342,1.0,1.031410795323357,0.0,0.0,0.0,0.0,0.0,0.0,4.11187312512685,904.4335281070778,109.60126774294156,302.7106577576344,38.72523437118672
18,275.0,50.72405901384008,0.98,0.02,0.0,0.0,0.0,0.0,0.0,0.0,301.98,81.99,0.910656334856613,0.6186615320629355,64.1404088665598,39.990959131664304,898.2572319548502,115.75911764950148,0.990572036151112,0.0094279638488878,0.0,0.0,0.0,0.0,0.0,0.0,0.8446212568321657,0.1553787431678342,0.0,0.0,0.0,0.0,0.0,0.0,3.8509316180022535,1.6848616887534582,1.0,1.0299548086807762,0.0,0.0,0.0,0.0,0.0,0.0,4.11187312512685,904.4335281070778,109.60126774294156,302.7106577576344,38.72523437118672
18,275.0,53.40730898438402,0.98,0.02,0.0,0.0,0.0,0.0,0.0,0.0,301.98,81.99,0.910656334856613,0.6513880837222102,64.1404088665598,39.990959131664304,896.8679395314125,117.16757026238425,0.9884607331535424,0.0115392668464575,0.0,0.0,0.0,0.0,0.0,0.0,0.8181605628234186,0.1818394371765813,0.0,0.0,0.0,0.0,0.0,0.0,3.7941314862713575,1.6967877913695142,1.0,1.0285612467771623,0.0,0.0,0.0,0.0,0.0,0.0,4.11187312512685,904.4335281070778,109.60126774294156,302.7106577576344,38.72523437118672
18,275.0,56.09055895492797,0.98,0.02,0.0,0.0,0.0,0.0,0.0,0.0,301.98,81.99,0.910656334856613,0.6841146353814852,64.1404088665598,39.990959131664304,895.47504334218,118.58879238330728,0.9863479990996056,0.0136520009003943,0.0,0.0,0.0,0.0,0.0,0.0,0.7939436064184435,0.2060563935815565,0.0,0.0,0.0,0.0,0.0,0.0,3.737859159115297,1.7088084647149429,1.0,1.0272230059085228,0.0,0.0,0.0,0.0,0.0,0.0,4.11187312512685,904.4335281070778,109.60126774294156,302.7106577576344,38.72523437118672
18,275.0,58.773808925471904,0.98,0.02,0.0,0.0,0.0,0.0,0.0,0.0,301.98,81.99,0.910656334856613,0.7168411870407599,64.1404088665598,39.990959131664304,894.0783330641923,120.02310222786814,0.9842337144396311,0.0157662855603688,0.0,0.0,0.0,0.0,0.0,0.0,0.7717109277657409,0.2282890722342591,0.0,0.0,0.0,0.0,0.0,0.0,3.682103334301439,1.720915464766994,1.0,1.025933433932894,0.0,0.0,0.0,0.0,0.0,0.0,4.11187312512685,904.4335281070778,109.60126774294156,302.7106577576344,38.72523437118672
18,275.0,61.45705889601585,0.98,0.02,0.0,0.0,0.0,0.0,0.0,0.0,301.98,81.99,0.910656334856613,0.7495677387000348,64.1404088665598,39.990959131664304,892.6776255379768,121.47074412087385,0.982117772628797,0.017882227371203,0.0,0.0,0.0,0.0,0.0,0.0,0.7512415233128943,0.2487584766871055,0.0,0.0,0.0,0.0,0.0,0.0,3.626854041750899,1.7331181402204188,1.0,1.0246868569931948,0.0,0.0,0.0,0.0,0.0,0.0,4.11187312512685,904.4335281070778,109.60126774294156,302.7106577576344,38.72523437118672
18,275.0,64.14030886655979,0.98,0.02,0.0,0.0,0.0,0.0,0.0,0.0,301.98,81.99,0.910656334856613,0.7822942903593096,64.1404088665598,39.990959131664304,891.272762166977,122.93190686387727,0.9800000789462562,0.0199999210537437,0.0,0.0,0.0,0.0,0.0,0.0,0.7323459933433024,0.2676540066566976,0.0,0.0,0.0,0.0,0.0,0.0,3.5721018878945143,1.7454274127175495,1.0,1.023480668176146,0.0,0.0,0.0,0.0,0.0,0.0,4.11187312512685,904.4335281070778,109.60126774294156,302.7106577576344,38.72523437118672
18,280.0,45.572986938739895,0.98,0.02,0.0,0.0,0.0,0.0,0.0,0.0,301.98,81.99,0.9272137227630968,0.5558359182673485,66.87499746459498,45.57288693873989,866.7387309383798,130.23970068411086,0.9986550589023554,0.0013449410976446,0.0,0.0,0.0,0.0,0.0,0.0,0.9799987423839344,0.0200012576160655,0.0,0.0,0.0,0.0,0.0,0.0,3.112963739905525,1.84206378818878,1.0,1.0207207114250458,0.0,0.0,0.0,0.0,0.0,0.0,3.1449654870637134,867.6798743518019,129.30886906724652,302.7106577576344,44.02808165538378
18,280.0,47.93986588605713,0.98,0.02,0.0,0.0,0.0,0.0,0.0,0.0,301.98,81.99,0.9272137227630968,0.5847038161490076,66.87499746459498,45.57288693873989,865.2938091036945,131.6741958206056,0.996592774988571,0.0034072250114289,0.0,0.0,0.0,0.0,0.0,0.0,0.9514007931047088,0.0485992068952913,0.0,0.0,0.0,0.0,0.0,0.0,3.064345292983196,1.8555141590448612,1.0,1.0195296844997808,0.0,0.0,0.0,0.0,0.0,0.0,3.1449654870637134,867.6798743518019,129.30886906724652,302.7106577576344,44.02808165538378
18,280.0,50.30674483337436,0.98,0.02,0.0,0.0,0.0,0.0,0.0,0.0,301.98,81.99,0.9272137227630968,0.6135717140306667,66.87499746459498,45.57288693873989,863.8448827956233,133.11978332978282,0.9945282017042456,0.0054717982957544,0.0,0.0,0.0,0.0,0.0,0.0,0.9250354874629476,0.0749645125370525,0.0,0.0,0.0,0.0,0.0,0.0,3.0161909382310443,1.869081207907932,1.0,1.0184041574479303,0.0,0.0,0.0,0.0,0.0,0.0,3.1449654870637134,867.6798743518019,129.30886906724652,302.7106577576344,44.02808165538378
18,280.0,52.67362378069159,0.98,0.02,0.0,0.0,0.0,0.0,0.0,0.0,301.98,81.99,0.9272137227630968,0.6424396119123258,66.87499746459498,45.57288693873989,862.3916246743693,134.57732329107185,0.9924611769015768,0.007538823098423,0.0,0.0,0.0,0.0,0.0,0.0,0.9006646480479183,0.0993353519520816,0.0,0.0,0.0,0.0,0.0,0.0,2.9684986668356617,1.8827759526201548,1.0,1.0173364650492691,0.0,0.0,0.0,0.0,0.0,0.0,3.1449654870637134,867.6798743518019,129.30886906724652,302.7106577576344,44.02808165538378
18,280.0,55.04050272800882,0.98,0.02,0.0,0.0,0.0,0.0,0.0,0.0,301.98,81.99,0.9272137227630968,0.6713075097939849,66.87499746459498,45.57288693873989,860.9337469638643,136.0475030002792,0.9903915541877716,0.0096084458122283,0.0,0.0,0.0,0.0,0.0,0.0,0.8780828284298329,0.1219171715701671,0.0,0.0,0.0,0.0,0.0,0.0,2.9212493058543734,1.8966067615048567,1.0,1.016319579558104,0.0,0.0,0.0,0.0,0.0,0.0,3.1449654870637134,867.6798743518019,129.30886906724652,302.7106577576344,44.02808165538378
18,280.0,57.40738167532605,0.98,0.02,0.0,0.0,0.0,0.0,0.0,0.0,301.98,81.99,0.9272137227630968,0.700175407675644,66.87499746459498,45.57288693873989,859.4709904003008,137.53089107803547,0.988319198253108,0.0116808017468921,0.0,0.0,0.0,0.0,0.0,0.0,0.8571119088438021,0.1428880911561979,0.0,0.0,0.0,0.0,0.0,0.0,2.874433450377156,1.910573821661784,1.0,1.015348271955562,0.0,0.0,0.0,0.0,0.0,0.0,3.1449654870637134,867.6798743518019,129.30886906724652,302.7106577576344,44.02808165538378
18,280.0,59.77426062264328,0.98,0.02,0.0,0.0,0.0,0.0,0.0,0.0,301.98,81.99,0.9272137227630968,0.7290433055573031,66.87499746459498,45.57288693873989,858.0031268010968,139.02796141191644,0.9862439862051988,0.0137560137948012,0.0,0.0,0.0,0.0,0.0,0.0,0.8375966927048593,0.1624033072951408,0.0,0.0,0.0,0.0,0.0,0.0,2.828040823358345,1.9246913757365145,1.0,1.0144188808943375,0.0,0.0,0.0,0.0,0.0,0.0,3.1449654870637134,867.6798743518019,129.30886906724652,302.7106577576344,44.02808165538378
18,280.0,62.14113956996052,0.98,0.02,0.0,0.0,0.0,0.0,0.0,0.0,301.98,81.99,0.9272137227630968,0.7579112034389623,66.87499746459498,45.57288693873989,856.5299463906086,140.53911943001114,0.9841658020848532,0.0158341979151468,0.0,0.0,0.0,0.0,0.0,0.0,0.8194013508766803,0.1805986491233197,0.0,0.0,0.0,0.0,0.0,0.0,2.7820607105919204,1.9389510903978668,1.0,1.0135269667983935,0.0,0.0,0.0,0.0,0.0,0.0,3.1449654870637134,867.6798743518019,129.30886906724652,302.7106577576344,44.02808165538378
18,280.0,64.50801851727775,0.98,0.02,0.0,0.0,0.0,0.0,0.0,0.0,301.98,81.99,0.9272137227630968,0.7867791013206215,66.87499746459498,45.57288693873989,855.0512581000737,142.06471639180705,0.9820845371197768,0.0179154628802233,0.0,0.0,0.0,0.0,0.0,0.0,0.8024064952322706,0.1975935047677295,0.0,0.0,0.0,0.0,0.0,0.0,2.736495599286565,1.9533715891116528,1.0,1.0126708664592177,0.0,0.0,0.0,0.0,0.0,0.0,3.1449654870637134,867.6798743518019,129.30886906724652,302.7106577576344,44.02808165538378
18,280.0,66.87489746459498,0.98,0.02,0.0,0.0,0.0,0.0,0.0,0.0,301.98,81.99,0.9272137227630968,0.8156469992022806,66.87499746459498,45.57288693873989,853.566885735564,143.60505908215148,0.9800000881156996,0.0199999118843005,0.0,0.0,0.0,0.0,0.0,0.0,0.7865067644442648,0.2134932355557351,0.0,0.0,0.0,0.0,0.0,0.0,2.691323153864248,1.9679470034992557,1.0,1.0118477865766904,0.0,0.0,0.0,0.0,0.0,0.0,3.1449654870637134,867.6798743518019,129.30886906724652,302.7106577576344,44.02808165538378
18,285.0,51.77241850143779,0.98,0.02,0.0,0.0,0.0,0.0,0.0,0.0,301.98,81.99,0.9437711106695807,0.631447963183776,70.098803480824,51.77231850143779,823.5443494835017,155.1897973160338,0.998132467158054,0.0018675328419459,0.0,0.0,0.0,0.0,0.0,0.0,0.9799989855376744,0.0200010144623257,0.0,0.0,0.0,0.0,0.0,0.0,2.2047569411425165,2.129400806794942,1.0000000001182705,1.0084802654058798,0.0,0.0,0.0,0.0,0.0,0.0,2.2410524707626744,824.9746819221486,153.77005765610247,302.7106577576344,49.86436423924916
18,285.0,53.80867238803626,0.98,0.02,0.0,0.0,0.0,0.0,0.0,0.0,301.98,81.99,0.9437711106695807,0.656283356360974,70.098803480824,51.77231850143779,822.0119201218806,156.7170738408692,0.996135583544167,0.003864416455833,0.0,0.0,0.0,0.0,0.0,0.0,0.9599352875887333,0.0400647124112669,0.0,0.0,0.0,0.0,0.0,0.0,2.166371971562951,2.1450240212292098,1.0,1.007779946869294,0.0,0.0,0.0,0.0,0.0,0.0,2.2410524707626744,824.9746819221486,153.77005765610247,302.7106577576344,49.86436423924916
18,285.0,55.84492627463473,0.98,0.02,0.0,0.0,0.0,0.0,0.0,0.0,301.98,81.99,0.9437711106695807,0.6811187495381721,70.098803480824,51.77231850143779,820.4730098378059,158.25761118116463,0.99413455896619,0.0058654410338099,0.0,0.0,0.0,0.0,0.0,0.0,0.9410864833516988,0.0589135166483011,0.0,0.0,0.0,0.0,0.0,0.0,2.128343052203494,2.1617328495077657,1.0,1.0071238620943603,0.0,0.0,0.0,0.0,0.0,0.0,2.2410524707626744,824.9746819221486,153.77005765610247,302.7106577576344,49.86436423924916
18,285.0,57.8811801612332,0.98,0.02,0.0,0.0,0.0,0.0,0.0,0.0,301.98,81.99,0.9437711106695807,0.7059541427153702,70.098803480824,51.77231850143779,818.9273404588138,159.81206685795206,0.9921292541626876,0.0078707458373125,0.0,0.0,0.0,0.0,0.0,0.0,0.9233542197215928,0.076645780278407,0.0,0.0,0.0,0.0,0.0,0.0,2.090668218587699,2.179762722582368,1.0000000000908456,1.0065093694063274,0.0,0.0,0.0,0.0,0.0,0.0,2.2410524707626744,824.9746819221486,153.77005765610247,302.7106577576344,49.86436423924916
18,285.0,59.91743404783166,0.98,0.02,0.0,0.0,0.0,0.0,0.0,0.0,301.98,81.99,0.9437711106695807,0.7307895358925682,70.098803480824,51.77231850143779,817.3746457631526,161.3810237141654,0.9901195323218988,0.0098804676781011,0.0,0.0,0.0,0.0,0.0,0.0,0.9066505884773826,0.0933494115226173,0.0,0.0,0.0,0.0,0.0,0.0,2.0533231936650846,2.1958252472564204,1.0,1.0059205695995028,0.0,0.0,0.0,0.0,0.0,0.0,2.2410524707626744,824.9746819221486,153.77005765610247,302.7106577576344,49.86436423924916
18,285.0,61.95368793443013,0.98,0.02,0.0,0.0,0.0,0.0,0.0,0.0,301.98,81.99,0.9437711106695807,0.7556249290697662,70.098803480824,51.77231850143779,815.8146787204474,162.96501281596684,0.9881052618394912,0.0118947381605086,0.0,0.0,0.0,0.0,0.0,0.0,0.8908967873919782,0.1091032126080218,0.0,0.0,0.0,0.0,0.0,0.0,2.016320062486745,2.2132154699892626,1.0,1.0053688915662564,0.0,0.0,0.0,0.0,0.0,0.0,2.2410524707626744,824.9746819221486,153.77005765610247,302.7106577576344,49.86436423924916
18,285.0,63.989941821028594,0.98,0.02,0.0,0.0,0.0,0.0,0.0,0.0,301.98,81.99,0.9437711106695807,0.7804603222469643,70.098803480824,51.77231850143779,814.2471993086007,164.56452404196273,0.9860863118989628,0.0139136881010373,0.0,0.0,0.0,0.0,0.0,0.0,0.8760219710720589,0.123978028927941,0.0,0.0,0.0,0.0,0.0,0.0,1.9796268163262356,2.2308560824249604,1.0,1.0048480851579749,0.0,0.0,0.0,0.0,0.0,0.0,2.2410524707626744,824.9746819221486,153.77005765610247,302.7106577576344,49.86436423924916
18,285.0,66.02619570762707,0.98,0.02,0.0,0.0,0.0,0.0,0.0,0.0,301.98,81.99,0.9437711106695807,0.8052957154241623,70.098803480824,51.77231850143779,812.6719758326411,166.180015356555,0.984062552997768,0.0159374470022318,0.0,0.0,0.0,0.0,0.0,0.0,0.861962274091228,0.1380377259087719,0.0,0.0,0.0,0.0,0.0,0.0,1.9432967761375557,2.248712014486842,1.0,1.0043569231389162,0.0,0.0,0.0,0.0,0.0,0.0,2.2410524707626744,824.9746819221486,153.77005765610247,302.7106577576344,49.86436423924916
18,285.0,68.06244959422554,0.98,0.02,0.0,0.0,0.0,0.0,0.0,0.0,301.98,81.99,0.9437711106695807,0.8301311086013605,70.098803480824,51.77231850143779,811.0887883477244,167.81190876448989,0.9820338582775316,0.0179661417224683,0.0,0.0,0.0,0.0,0.0,0.0,0.8486599542922805,0.1513400457077195,0.0,0.0,0.0,0.0,0.0,0.0,1.9072731953701547,2.266841332167311,1.0,1.003894071012581,0.0,0.0,0.0,0.0,0.0,0.0,2.2410524707626744,824.9746819221486,153.77005765610247,302.7106577576344,49.86436423924916
18,285.0,70.098703480824,0.98,0.02,0.0,0.0,0.0,0.0,0.0,0.0,301.98,81.99,0.9437711106695807,0.8549665017785584,70.098803480824,51.77231850143779,809.4974191345863,169.46061023479206,0.980000099996536,0.019999900003464,0.0,0.0,0.0,0.0,0.0,0.0,0.8360627009056328,0.1639372990943672,0.0,0.0,0.0,0.0,0.0,0.0,1.8715763630933844,2.2868854648004744,1.000000000026623,1.0034643703130792,0.0,0.0,0.0,0.0,0.0,0.0,2.2410524707626744,824.9746819221486,153.77005765610247,302.7106577576344,49.86436423924916
18,290.0,58.68247659191095,0.98,0.02,0.0,0.0,0.0,0.0,0.0,0.0,301.98,81.99,0.9603284985760646,0.7157272422479687,73.76729204182922,58.68237659191095,770.9076121596942,187.792274717622,0.9972918003152892,0.002708199684711,0.0,0.0,0.0,0.0,0.0,0.0,0.979999201532572,0.0200007984674278,0.0,0.0,0.0,0.0,0.0,0.0,1.3759900601765611,2.5778163684480635,1.0000000000060263,1.000985704056763,0.0,0.0,0.0,0.0,0.0,0.0,1.4167983026644004,773.2637021553837,185.44864903964933,302.7106577576344,56.27641671412855
18,290.0,60.35855608634631,0.98,0.02,0.0,0.0,0.0,0.0,0.0,0.0,301.98,81.99,0.9603284985760646,0.7361697290687439,73.76729204182922,58.68237659191095,769.2541022667715,189.44445162788125,0.9953976818079652,0.0046023181920347,0.0,0.0,0.0,0.0,0.0,0.0,0.9668560208080064,0.0331439791919935,0.0,0.0,0.0,0.0,0.0,0.0,1.347877349845308,2.600259718727869,1.0000000000181906,1.0007739169794505,0.0,0.0,0.0,0.0,0.0,0.0,1.4167983026644004,773.2637021553837,185.44864903964933,302.7106577576344,56.27641671412855
18,290.0,62.03463558078168,0.98,0.02,0.0,0.0,0.0,0.0,0.0,0.0,301.98,81.99,0.9603284985760646,0.7566122158895192,73.76729204182922,58.68237659191095,767.5901814884573,191.11339919187603,0.9934971656409176,0.0065028343590824,0.0,0.0,0.0,0.0,0.0,0.0,0.9543170652423998,0.0456829347576002,0.0,0.0,0.0,0.0,0.0,0.0,1.3200277760971906,2.6231028232146767,1.0000000000712843,1.0005888275223358,0.0,0.0,0.0,0.0,0.0,0.0,1.4167983026644004,773.2637021553837,185.44864903964933,302.7106577576344,56.27641671412855
18,290.0,63.71071507521704,0.98,0.02,0.0,0.0,0.0,0.0,0.0,0.0,301.98,81.99,0.9603284985760646,0.7770547027102944,73.76729204182922,58.68237659191095,765.9155291542841,192.799705869686,0.9915900855199028,0.0084099144800972,0.0,0.0,0.0,0.0,0.0,0.0,0.942347269052632,0.0576527309473679,0.0,0.0,0.0,0.0,0.0,0.0,1.2924277995107858,2.646354682525671,1.000000000337775,1.000429764657416,0.0,0.0,0.0,0.0,0.0,0.0,1.4167983026644004,773.2637021553837,185.44864903964933,302.7106577576344,56.27641671412855
18,290.0,65.38679456965241,0.98,0.02,0.0,0.0,0.0,0.0,0.0,0.0,301.98,81.99,0.9603284985760646,0.7974971895310698,73.76729204182922,58.68237659191095,764.2298357166039,194.50392436034304,0.9896762752241708,0.0103237247758291,0.0,0.0,0.0,0.0,0.0,0.0,0.930914313816114,0.069085686183886,0.0,0.0,0.0,0.0,0.0,0.0,1.2650822550991492,2.670039881352679,1.000000000120328,1.0002961565802535,0.0,0.0,0.0,0.0,0.0,0.0,1.4167983026644004,773.2637021553837,185.44864903964933,302.7106577576344,56.27641671412855
18,290.0,67.06287406408777,0.98,0.02,0.0,0.0,0.0,0.0,0.0,0.0,301.98,81.99,0.9603284985760646,0.817939676351845,73.76729204182922,58.68237659191095,762.5327790989443,196.2266133641681,0.9877555618302865,0.0122444381697135,0.0,0.0,0.0,0.0,0.0,0.0,0.9199884049188086,0.0800115950811914,0.0,0.0,0.0,0.0,0.0,0.0,1.2379838223855284,2.6941721761200514,1.0000000001060152,1.0001876688906963,0.0,0.0,0.0,0.0,0.0,0.0,1.4167983026644004,773.2637021553837,185.44864903964933,302.7106577576344,56.27641671412855
18,290.0,68.73895355852312,0.98,0.02,0.0,0.0,0.0,0.0,0.0,0.0,301.98,81.99,0.9603284985760646,0.8383821631726202,73.76729204182922,58.68237659191095,760.8240452174939,197.96830615181392,0.9858277714902832,0.0141722285097168,0.0,0.0,0.0,0.0,0.0,0.0,0.9095419943068436,0.0904580056931564,0.0,0.0,0.0,0.0,0.0,0.0,1.2111355247818545,2.71875962940874,1.0000000000674458,1.0001039301574437,0.0,0.0,0.0,0.0,0.0,0.0,1.4167983026644004,773.2637021553837,185.44864903964933,302.7106577576344,56.27641671412855
18,290.0,70.41503305295849,0.98,0.02,0.0,0.0,0.0,0.0,0.0,0.0,301.98,81.99,0.9603284985760646,0.8588246499933955,73.76729204182922,58.68237659191095,759.1033083428939,199.7295496253668,0.983892723712913,0.0161072762870869,0.0,0.0,0.0,0.0,0.0,0.0,0.8995496132073956,0.1004503867926043,0.0,0.0,0.0,0.0,0.0,0.0,1.184530575529549,2.7438325017165908,1.0000000000413023,1.0000448211158035,0.0,0.0,0.0,0.0,0.0,0.0,1.4167983026644004,773.2637021553837,185.44864903964933,302.7106577576344,56.27641671412855
18,290.0,72.09111254739386,0.98,0.02,0.0,0.0,0.0,0.0,0.0,0.0,301.98,81.99,0.9603284985760646,0.8792671368141708,73.76729204182922,58.68237659191095,757.3702447649525,201.51086986364817,0.981950235204046,0.0180497647959541,0.0,0.0,0.0,0.0,0.0,0.0,0.8899876417185304,0.1100123582814696,0.0,0.0,0.0,0.0,0.0,0.0,1.158173589372948,2.769400247163261,1.0000000000004132,1.0000102219095786,0.0,0.0,0.0,0.0,0.0,0.0,1.4167983026644004,773.2637021553837,185.44864903964933,302.7106577576344,56.27641671412855
18,290.0,73.76719204182922,0.98,0.02,0.0,0.0,0.0,0.0,0.0,0.0,301.98,81.99,0.9603284985760646,0.899709623634946,73.76729204182922,58.68237659191095,755.6245217257318,203.3128020648269,0.9800001165504908,0.019999883449509,0.0,0.0,0.0,0.0,0.0,0.0,0.8808341752085459,0.1191658247914541,0.0,0.0,0.0,0.0,0.0,0.0,1.1320628417922431,2.7954799521534457,1.0000000000100144,1.0000000000003002,0.0,0.0,0.0,0.0,0.0,0.0,1.4167983026644004,773.2637021553837,185.44864903964933,302.7106577576344,56.27641671412855
18,295.0,66.47332192512832,0.98,0.02,0.0,0.0,0.0,0.0,0.0,0.0,301.98,81.99,0.9768858864825484,0.8107491392258608,77.7528643276994,66.47322192512831,701.4148765170842,234.3360597586076,0.9957302614238488,0.0042697385761512,0.0,0.0,0.0,0.0,0.0,0.0,0.979999395889328,0.020000604110672,0.0,0.0,0.0,0.0,0.0,0.0,0.6560864123747124,3.4355299356868216,1.0000000000023717,1.000000000000281,0.0,0.0,0.0,0.0,0.0,0.0,0.7007191954812403,705.9625820508377,229.82343987692175,302.7106577576344,63.31231171729296
18,295.0,67.72659330319178,0.98,0.02,0.0,0.0,0.0,0.0,0.0,0.0,301.98,81.99,0.9768858864825484,0.8260348006243662,77.7528643276994,66.47322192512831,699.5818845381356,236.16402724805693,0.9940218662359928,0.0059781337640071,0.0,0.0,0.0,0.0,0.0,0.0,0.9725388447147852,0.0274611552852148,0.0,0.0,0.0,0.0,0.0,0.0,0.6386966113842709,3.4721619923509026,1.0000000000023048,1.0000000000003408,0.0,0.0,0.0,0.0,0.0,0.0,0.7007191954812403,705.9625820508377,229.82343987692175,302.7106577576344,63.31231171729296
18,295.0,68.97986468125522,0.98,0.02,0.0,0.0,0.0,0.0,0.0,0.0,301.98,81.99,0.9768858864825484,0.8413204620228714,77.7528643276994,66.47322192512831,697.7311098835046,238.01509076331996,0.9923042761454492,0.0076957238545508,0.0,0.0,0.0,0.0,0.0,0.0,0.9653299890527174,0.0346700109472826,0.0,0.0,0.0,0.0,0.0,0.0,0.6214796841287237,3.509743380252479,1.000000000003674,1.0000000000026743,0.0,0.0,0.0,0.0,0.0,0.0,0.7007191954812403,705.9625820508377,229.82343987692175,302.7106577576344,63.31231171729296
18,295.0,70.23313605931868,0.98,0.02,0.0,0.0,0.0,0.0,0.0,0.0,301.98,81.99,0.9768858864825484,0.8566061234213769,77.7528643276994,66.47322192512831,695.8620000660402,239.8899648902789,0.990577229370358,0.0094227706296418,0.0,0.0,0.0,0.0,0.0,0.0,0.9583637922030944,0.0416362077969055,0.0,0.0,0.0,0.0,0.0,0.0,0.6044406549990474,3.5483150714925618,1.0000000000119358,1.0000000000060414,0.0,0.0,0.0,0.0,0.0,0.0,0.7007191954812403,705.9625820508377,229.82343987692175,302.7106577576344,63.31231171729296
18,295.0,71.48640743738213,0.98,0.02,0.0,0.0,0.0,0.0,0.0,0.0,301.98,81.99,0.9768858864825484,0.871891784819882,77.7528643276994,66.47322192512831,693.9739744462127,241.78941615804723,0.9888404515225871,0.0111595484774129,0.0,0.0,0.0,0.0,0.0,0.0,0.9516317409575972,0.0483682590424029,0.0,0.0,0.0,0.0,0.0,0.0,0.587569768977366,3.587918502740962,1.0000000000581917,1.00000000011471,0.0,0.0,0.0,0.0,0.0,0.0,0.7007191954812403,705.9625820508377,229.82343987692175,302.7106577576344,63.31231171729296
18,295.0,72.73967881544559,0.98,0.02,0.0,0.0,0.0,0.0,0.0,0.0,301.98,81.99,0.9768858864825484,0.8871774462183875,77.7528643276994,66.47322192512831,692.066439470265,243.7142026211548,0.987093658097861,0.0129063419021389,0.0,0.0,0.0,0.0,0.0,0.0,0.9451257762709596,0.0548742237290405,0.0,0.0,0.0,0.0,0.0,0.0,0.5708757511439322,3.62861139133326,1.0000000000032172,1.0000000000019666,0.0,0.0,0.0,0.0,0.0,0.0,0.7007191954812403,705.9625820508377,229.82343987692175,302.7106577576344,63.31231171729296
18,295.0,73.99295019350903,0.98,0.02,0.0,0.0,0.0,0.0,0.0,0.0,301.98,81.99,0.9768858864825484,0.9024631076168927,77.7528643276994,66.47322192512831,690.1387719748197,245.665110375664,0.9853365508331492,0.0146634491668509,0.0,0.0,0.0,0.0,0.0,0.0,0.938838284731922,0.061161715268078,0.0,0.0,0.0,0.0,0.0,0.0,0.5543553435781943,3.670441998649426,1.0000000001671117,1.0000000000698752,0.0,0.0,0.0,0.0,0.0,0.0,0.7007191954812403,705.9625820508377,229.82343987692175,302.7106577576344,63.31231171729296
18,295.0,75.24622157157249,0.98,0.02,0.0,0.0,0.0,0.0,0.0,0.0,301.98,81.99,0.9768858864825484,0.917748769015398,77.7528643276994,66.47322192512831,688.1903158638764,247.642985492952,0.9835688165123684,0.0164311834876317,0.0,0.0,0.0,0.0,0.0,0.0,0.9327620909278596,0.0672379090721402,0.0,0.0,0.0,0.0,0.0,0.0,0.5380117691345168,3.713467391375093,1.00000000000187,1.0000000000004765,0.0,0.0,0.0,0.0,0.0,0.0,0.7007191954812403,705.9625820508377,229.82343987692175,302.7106577576344,63.31231171729296
18,295.0,76.49949294963594,0.98,0.02,0.0,0.0,0.0,0.0,0.0,0.0,301.98,81.99,0.9768858864825484,0.9330344304139034,77.7528643276994,66.47322192512831,686.2203930198159,249.64866275161015,0.9817901285697336,0.0182098714302662,0.0,0.0,0.0,0.0,0.0,0.0,0.9268903867995766,0.0731096132004233,0.0,0.0,0.0,0.0,0.0,0.0,0.5218419014910439,3.75774508104048,1.0000000002382805,1.0000000002890317,0.0,0.0,0.0,0.0,0.0,0.0,0.7007191954812403,705.9625820508377,229.82343987692175,302.7106577576344,63.31231171729296
18,295.0,77.7527643276994,0.98,0.02,0.0,0.0,0.0,0.0,0.0,0.0,301.98,81.99,0.9768858864825484,0.9483200918124088,77.7528643276994,66.47322192512831,684.2282857468768,251.6830304514863,0.9800001430225826,0.0199998569774172,0.0,0.0,0.0,0.0,0.0,0.0,0.9212167482350748,0.0787832517649253,0.0,0.0,0.0,0.0,0.0,0.0,0.5058551796655164,3.8033478339267446,1.0000000000028455,1.000000000002906,0.0,0.0,0.0,0.0,0.0,0.0,0.7007191954812403,705.9625820508377,229.82343987692175,302.7106577576344,63.31231171729296
19,200.0,2.7015825551393933,0.95,0.0,0.0,0.0,0.0,0.03,0.0,0.02,301.2,79.08,0.6640106241699868,0.0341626524423292,11.939741448049546,2.701482555139393,1212.483129417035,7.367387667229437,0.9759109656273214,0.0,0.0,0.0,0.0,0.0002715045337555,0.0,0.0238175298389231,0.9499704571872556,0.0,0.0,0.0,0.0,0.0300338954320485,0.0,0.0199956473806958,22.446541217608907,0.6835166702540797,1.0000000081606362,0.0,0.0,0.0,0.0,4.089474591077977,0.0,1.001609324443523,22.53960113748808,1221.920496490378,7.249541730897533,302.7106577576344,2.6239816647333654
19,200.0,3.7280335432405214,0.95,0.0,0.0,0.0,0.0,0.03,0.0,0.02,301.2,79.08,0.6640106241699868,0.0471425587157375,11.939741448049546,2.701482555139393,1212.6514292434767,9.457642905896748,0.9757137910674007,0.0,0.0,0.0,0.0,0.0035599919713882,0.0,0.0207262169612108,0.6998473384388542,0.0,0.0,0.0,0.0,0.2872175515745075,0.0,0.0129351099866382,22.14152259519526,0.6929962321726734,1.0000000030402652,0.0,0.0,0.0,0.0,4.039048083109248,0.0,1.0016933872829117,22.53960113748808,1221.920496490378,7.249541730897533,302.7106577576344,2.6239816647333654
19,200.0,4.7544845313416495,0.95,0.0,0.0,0.0,0.0,0.03,0.0,0.02,301.2,79.08,0.6640106241699868,0.0601224649891457,11.939741448049546,2.701482555139393,1211.677539472635,11.559300301263717,0.9725857625829613,0.0,0.0,0.0,0.0,0.0068545255873383,0.0,0.0205597118297004,0.5553921665147993,0.0,0.0,0.0,0.0,0.4343868556316904,0.0,0.0102209778535104,21.832190450223592,0.7025005586878016,1.0000000021813398,0.0,0.0,0.0,0.0,3.981978823674547,0.0,1.001672467022765,22.53960113748808,1221.920496490378,7.249541730897533,302.7106577576344,2.6239816647333654
19,200.0,5.780935519442778,0.95,0.0,0.0,0.0,0.0,0.03,0.0,0.02,301.2,79.08,0.6640106241699868,0.0731023712625541,11.939741448049546,2.701482555139393,1210.6739466849149,13.677128593526705,0.9693907233495096,0.0,0.0,0.0,0.0,0.0101519733922107,0.0,0.0204573032582796,0.4619369263904744,0.0,0.0,0.0,0.0,0.5295733628228084,0.0,0.0084897107867172,21.52580433343796,0.7119990428170418,1.000000000811747,0.0,0.0,0.0,0.0,3.925884984330888,0.0,1.0016460532466356,22.53960113748808,1221.920496490378,7.249541730897533,302.7106577576344,2.6239816647333654
19,200.0,6.807386507543906,0.95,0.0,0.0,0.0,0.0,0.03,0.0,0.02,301.2,79.08,0.6640106241699868,0.0860822775359623,11.939741448049546,2.701482555139393,1209.6590226742098,15.811424762041858,0.966175973878061,0.0,0.0,0.0,0.0,0.0134523664139422,0.0,0.0203716597079967,0.3965615984215659,0.0,0.0,0.0,0.0,0.596154220500706,0.0,0.0072841810777281,21.222441954769817,0.7214882558305866,1.0,0.0,0.0,0.0,0.0,3.870902719231244,0.0,1.0016155876392534,22.53960113748808,1221.920496490378,7.249541730897533,302.7106577576344,2.6239816647333654
19,200.0,7.833837495645034,0.95,0.0,0.0,0.0,0.0,0.03,0.0,0.02,301.2,79.08,0.6640106241699868,0.0990621838093707,11.939741448049546,2.701482555139393,1208.6365961694987,17.96245803174507,0.9629514404586236,0.0,0.0,0.0,0.0,0.0167557435315712,0.0,0.0202928160098052,0.3482866009909054,0.0,0.0,0.0,0.0,0.6453173928742604,0.0,0.0063960061348341,20.92208793120805,0.7309661767587045,1.0,0.0,0.0,0.0,0.0,3.8172571854963264,0.0,1.0015812182566428,22.53960113748808,1221.920496490378,7.249541730897533,302.7106577576344,2.6239816647333654
19,200.0,8.860288483746162,0.95,0.0,0.0,0.0,0.0,0.03,0.0,0.02,301.2,79.08,0.6640106241699868,0.1120420900827789,11.939741448049546,2.701482555139393,1207.6079408006765,20.130506556539345,0.9597204851674448,0.0,0.0,0.0,0.0,0.0200621375340053,0.0,0.0202173772985499,0.3111961892790001,0.0,0.0,0.0,0.0,0.6830892547380331,0.0,0.0057145559829666,20.624711902948825,0.7404318527527125,1.0,0.0,0.0,0.0,0.0,3.764862408257364,0.0,1.0015431589192696,22.53960113748808,1221.920496490378,7.249541730897533,302.7106577576344,2.6239816647333654
19,200.0,9.886739471847289,0.95,0.0,0.0,0.0,0.0,0.03,0.0,0.02,301.2,79.08,0.6640106241699868,0.1250219963561872,11.939741448049546,2.701482555139393,1206.5735840090106,22.315859477289447,0.9564845542719534,0.0,0.0,0.0,0.0,0.0233715755177416,0.0,0.020143870210305,0.2818213740822335,0.0,0.0,0.0,0.0,0.7130032376644655,0.0,0.0051753882533009,20.330277625929767,0.7498852638068265,1.0,0.0,0.0,0.0,0.0,3.713569681144876,0.0,1.0015014945658058,22.53960113748808,1221.920496490378,7.249541730897533,302.7106577576344,2.6239816647333654
19,200.0,10.913190459948416,0.95,0.0,0.0,0.0,0.0,0.03,0.0,0.02,301.2,79.08,0.6640106241699868,0.1380019026295955,11.939741448049546,2.701482555139393,1205.5337696264137,24.518816405397796,0.9532443667234238,0.0,0.0,0.0,0.0,0.0266840814300678,0.0,0.0200715518465083,0.2579936064422397,0.0,0.0,0.0,0.0,0.7372680268673263,0.0,0.0047383666904341,20.038747854846545,0.7593272338157299,1.0,0.0,0.0,0.0,0.0,3.6633712407367103,0.0,1.0014559280228077,22.53960113748808,1221.920496490378,7.249541730897533,302.7106577576344,2.6239816647333654
19,200.0,11.939641448049546,0.95,0.0,0.0,0.0,0.0,0.03,0.0,0.02,301.2,79.08,0.6640106241699868,0.1509818089030038,11.939741448049546,2.701482555139393,1204.4886143502538,26.739686994062392,0.9500003161677206,0.0,0.0,0.0,0.0,0.0299996768920688,0.0,0.0200000069402104,0.2382876605867281,0.0,0.0,0.0,0.0,0.7573351659298059,0.0,0.0043771734834659,19.750085132751902,0.7687593265969135,1.0,0.0,0.0,0.0,0.0,3.614255332802609,0.0,1.001406720313254,22.53960113748808,1221.920496490378,7.249541730897533,302.7106577576344,2.6239816647333654
19,205.0,3.452519936282249,0.95,0.0,0.0,0.0,0.0,0.03,0.0,0.02,301.2,79.08,0.6806108897742364,0.0436585727906202,13.0999690997307,3.452419936282249,1196.8000703786056,9.267739536082976,0.9752709827920396,0.0,0.0,0.0,0.0,0.0003344698884037,0.0,0.0243945473195566,0.949977751003267,0.0,0.0,0.0,0.0,0.0300261180298356,0.0,0.0199961309668974,21.07412278388284,0.7113617404216896,1.0000000000211984,0.0,0.0,0.0,0.0,3.738612859011121,0.0,1.0001285945103529,21.15779579629945,1206.2779501886548,9.12387059747945,302.7106577576344,3.35468958110042
19,205.0,4.524447621109855,0.95,0.0,0.0,0.0,0.0,0.03,0.0,0.02,301.2,79.08,0.6806108897742364,0.0572135511015409,13.0999690997307,3.452419936282249,1197.112353396893,11.42236592387878,0.9755867613717676,0.0,0.0,0.0,0.0,0.0036142129781607,0.0,0.0207990256500716,0.7373457364850315,0.0,0.0,0.0,0.0,0.2492950496885966,0.0,0.0133592138263718,20.788227439442664,0.7206741522533066,1.0,0.0,0.0,0.0,0.0,3.697530738507523,0.0,1.000145147177402,21.15779579629945,1206.2779501886548,9.12387059747945,302.7106577576344,3.35468958110042
19,205.0,5.59637530593746,0.95,0.0,0.0,0.0,0.0,0.03,0.0,0.02,301.2,79.08,0.6806108897742364,0.0707685294124615,13.0999690997307,3.452419936282249,1196.1299331117282,13.586507797490922,0.9725048216693772,0.0,0.0,0.0,0.0,0.0069021241195754,0.0,0.0205930542110474,0.603450031184221,0.0,0.0,0.0,0.0,0.3856823637027036,0.0,0.0108676051130753,20.498352489160307,0.7300091454084126,1.0,0.0,0.0,0.0,0.0,3.649518215710624,0.0,1.000132186547742,21.15779579629945,1206.2779501886548,9.12387059747945,302.7106577576344,3.35468958110042
19,205.0,6.668302990765067,0.95,0.0,0.0,0.0,0.0,0.03,0.0,0.02,301.2,79.08,0.6806108897742364,0.0843235077233822,13.0999690997307,3.452419936282249,1195.1084909314134,15.767145076439476,0.9693304928900568,0.0,0.0,0.0,0.0,0.0101929402851193,0.0,0.0204765668248237,0.5122509073053552,0.0,0.0,0.0,0.0,0.4785411969809393,0.0,0.0092078957137054,20.21106346584942,0.7393473762136615,1.0,0.0,0.0,0.0,0.0,3.602335522686264,0.0,1.000117447783152,21.15779579629945,1206.2779501886548,9.12387059747945,302.7106577576344,3.35468958110042
19,205.0,7.740230675592672,0.95,0.0,0.0,0.0,0.0,0.03,0.0,0.02,301.2,79.08,0.6806108897742364,0.0978784860343028,13.0999690997307,3.452419936282249,1194.0730571005531,17.964633365884886,0.9661296282711987,0.0,0.0,0.0,0.0,0.0134866479862415,0.0,0.0203837237425596,0.4461759971091916,0.0,0.0,0.0,0.0,0.5458099723583054,0.0,0.008014030532503,19.92645777596683,0.74868787049205,1.0,0.0,0.0,0.0,0.0,3.556159337445807,0.0,1.0001016005059142,21.15779579629945,1206.2779501886548,9.12387059747945,302.7106577576344,3.35468958110042
19,205.0,8.812158360420279,0.95,0.0,0.0,0.0,0.0,0.03,0.0,0.02,301.2,79.08,0.6806108897742364,0.1114334643452235,13.0999690997307,3.452419936282249,1193.0289118481162,20.179253020583577,0.96291619427597,0.0,0.0,0.0,0.0,0.0167832816206774,0.0,0.0203005241033526,0.3961249082038996,0.0,0.0,0.0,0.0,0.5967622326810182,0.0,0.0071128591150821,19.64453098742145,0.7580335970411518,1.0,0.0,0.0,0.0,0.0,3.510847959086716,0.0,1.0000847429528694,21.15779579629945,1206.2779501886548,9.12387059747945,302.7106577576344,3.35468958110042
19,205.0,9.884086045247884,0.95,0.0,0.0,0.0,0.0,0.03,0.0,0.02,301.2,79.08,0.6806108897742364,0.1249884426561442,13.0999690997307,3.452419936282249,1191.9778287469403,22.411285785655515,0.9596949471804336,0.0,0.0,0.0,0.0,0.0200828751443469,0.0,0.0202221776752196,0.3569180065261358,0.0,0.0,0.0,0.0,0.6366735660809435,0.0,0.0064084273929206,19.365262721661008,0.7673794752199513,1.0,0.0,0.0,0.0,0.0,3.466409496645484,0.0,1.0000671031018369,21.15779579629945,1206.2779501886548,9.12387059747945,302.7106577576344,3.35468958110042
19,205.0,10.95601373007549,0.95,0.0,0.0,0.0,0.0,0.03,0.0,0.02,301.2,79.08,0.6806108897742364,0.1385434209670648,13.0999690997307,3.452419936282249,1190.9205524400836,24.661022854437302,0.9564679419355672,0.0,0.0,0.0,0.0,0.023385457679098,0.0,0.0201466003853347,0.3253909820005413,0.0,0.0,0.0,0.0,0.668766214157755,0.0,0.0058428038417038,19.08862595326676,0.7767478485617701,1.0,0.0,0.0,0.0,0.0,3.422842679967613,0.0,1.0000487592450544,21.15779579629945,1206.2779501886548,9.12387059747945,302.7106577576344,3.35468958110042
19,205.0,12.027941414903095,0.95,0.0,0.0,0.0,0.0,0.03,0.0,0.02,301.2,79.08,0.6806108897742364,0.1520983992779855,13.0999690997307,3.452419936282249,1189.857435508722,26.92876563362509,0.9532362050565714,0.0,0.0,0.0,0.0,0.0266910552114745,0.0,0.0200727397319539,0.2995017590601955,0.0,0.0,0.0,0.0,0.6951193996288701,0.0,0.0053788413109344,18.81459246315735,0.7861174470439195,1.0,0.0,0.0,0.0,0.0,3.38024590656921,0.0,1.0000300262475728,21.15779579629945,1206.2779501886548,9.12387059747945,302.7106577576344,3.35468958110042
19,205.0,13.0998690997307,0.95,0.0,0.0,0.0,0.0,0.03,0.0,0.02,301.2,79.08,0.6806108897742364,0.1656533775889061,13.0999690997307,3.452419936282249,1188.7886544861642,29.214825621539102,0.950000302003995,0.0,0.0,0.0,0.0,0.0299996912523351,0.0,0.0200000067436697,0.2778735784905843,0.0,0.0,0.0,0.0,0.7171348276726767,0.0,0.0049915938367389,18.543133496863973,0.7954897423357942,1.0,0.0,0.0,0.0,0.0,3.338584070806062,0.0,1.0000168222652257,21.15779579629945,1206.2779501886548,9.12387059747945,302.7106577576344,3.35468958110042
19,210.0,4.355440316702432,0.95,0.0,0.0,0.0,0.0,0.03,0.0,0.02,301.2,79.08,0.6972111553784861,0.0550763823558729,14.367484532230572,4.355340316702432,1180.8138936921662,11.529269098403224,0.9747003141671744,0.0,0.0,0.0,0.0,0.0004095435773341,0.0,0.0248901422554913,0.9499830019496786,0.0,0.0,0.0,0.0,0.0300203633064706,0.0,0.0199966347438508,19.71871630613885,0.7412586610649776,1.0,0.0,0.0,0.0,0.0,3.426738121129129,0.0,1.0000000003145142,19.793904820789816,1190.2941504876192,11.354703713715036,302.7106577576344,4.233266563955471
19,210.0,5.467878562872225,0.95,0.0,0.0,0.0,0.0,0.03,0.0,0.02,301.2,79.08,0.6972111553784861,0.069143633824889,14.367484532230572,4.355340316702432,1181.2236214630848,13.741682840398228,0.9754362273245274,0.0,0.0,0.0,0.0,0.0036782625784269,0.0,0.0208855100970456,0.7699625476558627,0.0,0.0,0.0,0.0,0.2163050870787652,0.0,0.013732365265372,19.450457724887144,0.7504329242141928,1.0,0.0,0.0,0.0,0.0,3.3929483637768088,0.0,1.0000000007683831,19.793904820789816,1190.2941504876192,11.354703713715036,302.7106577576344,4.233266563955471
19,210.0,6.580316809042019,0.95,0.0,0.0,0.0,0.0,0.03,0.0,0.02,301.2,79.08,0.6972111553784861,0.0832108852939051,14.367484532230572,4.355340316702432,1180.2321817244638,15.96109704632502,0.9724088250790948,0.0,0.0,0.0,0.0,0.006957994817018,0.0,0.020633180103887,0.6477613275816375,0.0,0.0,0.0,0.0,0.3407786790150971,0.0,0.0114599934032653,19.179071501407048,0.7596350531122597,1.0,0.0,0.0,0.0,0.0,3.3526271676132486,0.0,1.0000000000368117,19.793904820789816,1190.2941504876192,11.354703713715036,302.7106577576344,4.233266563955471
19,210.0,7.692755055211812,0.95,0.0,0.0,0.0,0.0,0.03,0.0,0.02,301.2,79.08,0.6972111553784861,0.0972781367629212,14.367484532230572,4.355340316702432,1179.1912413702617,18.19720280294718,0.9692593882288566,0.0,0.0,0.0,0.0,0.0102407455832023,0.0,0.020499866187941,0.5605088341854056,0.0,0.0,0.0,0.0,0.4296001818424624,0.0,0.0098909839721319,18.909971538154227,0.7688496025730622,1.0,0.0,0.0,0.0,0.0,3.3127827163739174,0.0,1.0,19.793904820789816,1190.2941504876192,11.354703713715036,302.7106577576344,4.233266563955471
19,210.0,8.805193301381605,0.95,0.0,0.0,0.0,0.0,0.03,0.0,0.02,301.2,79.08,0.6972111553784861,0.1113453882319373,14.367484532230572,4.355340316702432,1178.1332396381924,20.450448996637096,0.9660752179909822,0.0,0.0,0.0,0.0,0.0135264226637357,0.0,0.020398359345282,0.4951373420983975,0.0,0.0,0.0,0.0,0.496134591551061,0.0,0.0087280663505415,18.643264728178632,0.7780807460269096,1.0,0.0,0.0,0.0,0.0,3.2735876887665336,0.0,1.0,19.793904820789816,1190.2941504876192,11.354703713715036,302.7106577576344,4.233266563955471
19,210.0,9.917631547551398,0.95,0.0,0.0,0.0,0.0,0.03,0.0,0.02,301.2,79.08,0.6972111553784861,0.1254126397009534,14.367484532230572,4.355340316702432,1177.0651092625185,22.721134738926192,0.9628750537419782,0.0,0.0,0.0,0.0,0.0168150494141914,0.0,0.0203098968438303,0.4443594772275179,0.0,0.0,0.0,0.0,0.54781106631041,0.0,0.0078294564620721,18.3789529269116,0.7873261172587157,1.0,0.0,0.0,0.0,0.0,3.235077206799186,0.0,1.0,19.793904820789816,1190.2941504876192,11.354703713715036,302.7106577576344,4.233266563955471
19,210.0,11.030069793721191,0.95,0.0,0.0,0.0,0.0,0.03,0.0,0.02,301.2,79.08,0.6972111553784861,0.1394798911699695,14.367484532230572,4.355340316702432,1175.9891979978077,25.009547250123365,0.95966531328509,0.0,0.0,0.0,0.0,0.0201066600466281,0.0,0.0202280266682819,0.4037989342954672,0.0,0.0,0.0,0.0,0.5890871880216206,0.0,0.0071138776829121,18.11702360978403,0.7966055855613086,1.0,0.0,0.0,0.0,0.0,3.1973279570458715,0.0,1.0,19.793904820789816,1190.2941504876192,11.354703713715036,302.7106577576344,4.233266563955471
19,210.0,12.142508039890984,0.95,0.0,0.0,0.0,0.0,0.03,0.0,0.02,301.2,79.08,0.6972111553784861,0.1535471426389856,14.367484532230572,4.355340316702432,1174.9065007595252,27.315979790447432,0.9564487799030424,0.0,0.0,0.0,0.0,0.0234012865635206,0.0,0.0201499335334368,0.3706700702509107,0.0,0.0,0.0,0.0,0.6227992967764858,0.0,0.0065306329726034,17.85745602375005,0.8058941188492355,1.0000000001714184,0.0,0.0,0.0,0.0,3.1603556034665248,0.0,1.0,19.793904820789816,1190.2941504876192,11.354703713715036,302.7106577576344,4.233266563955471
19,210.0,13.25494628606078,0.95,0.0,0.0,0.0,0.0,0.03,0.0,0.02,301.2,79.08,0.6972111553784861,0.1676143941080017,14.367484532230572,4.355340316702432,1173.8174953568578,29.64073481326373,0.9532268485426612,0.0,0.0,0.0,0.0,0.026698958532313,0.0,0.0200741929250256,0.3431156967524443,0.0,0.0,0.0,0.0,0.6508380172241511,0.0,0.0060462860234046,17.600228545955606,0.8151929723347969,1.0,0.0,0.0,0.0,0.0,3.1240551666744283,0.0,1.0,19.793904820789816,1190.2941504876192,11.354703713715036,302.7106577576344,4.233266563955471
19,210.0,14.367384532230572,0.95,0.0,0.0,0.0,0.0,0.03,0.0,0.02,301.2,79.08,0.6972111553784861,0.1816816455770178,14.367484532230572,4.355340316702432,1172.7224269047288,31.984124574710105,0.9500002901821843,0.0,0.0,0.0,0.0,0.029999703204083,0.0,0.0200000066137325,0.3198501195932375,0.0,0.0,0.0,0.0,0.6745120398642721,0.0,0.0056378405424904,17.345318954542908,0.8245081776825587,1.0,0.0,0.0,0.0,0.0,3.0884211383909648,0.0,1.0,19.793904820789816,1190.2941504876192,11.354703713715036,302.7106577576344,4.233266563955471
19,215.0,5.429657733940882,0.95,0.0,0.0,0.0,0.0,0.03,0.0,0.02,301.2,79.08,0.7138114209827358,0.0686603153002134,15.75934825564988,5.429557733940882,1164.4607578163757,14.200169228027653,0.974192564588392,0.0,0.0,0.0,0.0,0.0004987808087757,0.0,0.0253086546028321,0.9499868375871034,0.0,0.0,0.0,0.0,0.0300160506847683,0.0,0.0199971117281281,18.38051482851403,0.7734483648746917,1.0,0.0,0.0,0.0,0.0,3.148797337559881,0.0,1.0000000003215688,18.448205290897207,1173.908539729092,13.989350648063478,302.7106577576344,5.278346606766283
19,215.0,6.577390014130771,0.95,0.0,0.0,0.0,0.0,0.03,0.0,0.02,301.2,79.08,0.7138114209827358,0.0831738747360997,15.75934825564988,5.429557733940882,1164.9244645930175,16.46442203507074,0.9752593889566036,0.0,0.0,0.0,0.0,0.0037539715276151,0.0,0.0209866395157814,0.7980992035314303,0.0,0.0,0.0,0.0,0.1878340883835899,0.0,0.01406670808498,18.1287051902156,0.7825244806727185,1.0,0.0,0.0,0.0,0.0,3.120692706246321,0.0,1.0,18.448205290897207,1173.908539729092,13.989350648063478,302.7106577576344,5.278346606766283
19,215.0,7.725122294320659,0.95,0.0,0.0,0.0,0.0,0.03,0.0,0.02,301.2,79.08,0.7138114209827358,0.097687434171986,15.75934825564988,5.429557733940882,1163.92315697839,18.732521996688373,0.9722954378978332,0.0,0.0,0.0,0.0,0.0070237441294198,0.0,0.0206808179727468,0.6880351238235851,0.0,0.0,0.0,0.0,0.2999642882869365,0.0,0.0120005878894782,17.87492253872228,0.7916192579054482,1.0,0.0,0.0,0.0,0.0,3.086496078641938,0.0,1.0,18.448205290897207,1173.908539729092,13.989350648063478,302.7106577576344,5.278346606766283
19,215.0,8.872854574510548,0.95,0.0,0.0,0.0,0.0,0.03,0.0,0.02,301.2,79.08,0.7138114209827358,0.1122009936078723,15.75934825564988,5.429557733940882,1162.8608299996797,21.017378747672,0.9691755336383736,0.0,0.0,0.0,0.0,0.0102967839686991,0.0,0.0205276823929273,0.6060186356401807,0.0,0.0,0.0,0.0,0.3834472239750414,0.0,0.010534140384778,17.6231862431333,0.8007657929379547,1.0,0.0,0.0,0.0,0.0,3.052619569699122,0.0,1.0,18.448205290897207,1173.908539729092,13.989350648063478,302.7106577576344,5.278346606766283
19,215.0,10.020586854700436,0.95,0.0,0.0,0.0,0.0,0.03,0.0,0.02,301.2,79.08,0.7138114209827358,0.1267145530437586,15.75934825564988,5.429557733940882,1161.777964358695,23.31958286670806,0.966011241732881,0.0,0.0,0.0,0.0,0.0135728716968639,0.0,0.0204158865702551,0.5425991906421338,0.0,0.0,0.0,0.0,0.4479829071207805,0.0,0.0094179022370856,17.373595536813884,0.8099253689419705,1.0,0.0,0.0,0.0,0.0,3.01934712558415,0.0,1.0,18.448205290897207,1173.908539729092,13.989350648063478,302.7106577576344,5.278346606766283
19,215.0,11.168319134890323,0.95,0.0,0.0,0.0,0.0,0.03,0.0,0.02,301.2,79.08,0.7138114209827358,0.1412281124796449,15.75934825564988,5.429557733940882,1160.6833379910784,25.639464195360954,0.9628268454737404,0.0,0.0,0.0,0.0,0.0168520089897471,0.0,0.0203211455365122,0.4921238044561865,0.0,0.0,0.0,0.0,0.4993400349402679,0.0,0.0085361606035455,17.126153992894874,0.8190986234731596,1.0,0.0,0.0,0.0,0.0,2.986637999387584,0.0,1.0,18.448205290897207,1173.908539729092,13.989350648063478,302.7106577576344,5.278346606766283
19,215.0,12.316051415080214,0.95,0.0,0.0,0.0,0.0,0.03,0.0,0.02,301.2,79.08,0.7138114209827358,0.1557416719155313,15.75934825564988,5.429557733940882,1159.5799470837303,27.977319643819424,0.9596307140563614,0.0,0.0,0.0,0.0,0.0201342275471748,0.0,0.0202350583964639,0.4510170869480374,0.0,0.0,0.0,0.0,0.541161669758733,0.0,0.0078212432932294,16.880854592107177,0.8283200034956381,1.0,0.0,0.0,0.0,0.0,2.954467430940873,0.0,1.0,18.448205290897207,1173.908539729092,13.989350648063478,302.7106577576344,5.278346606766283
19,215.0,13.463783695270102,0.95,0.0,0.0,0.0,0.0,0.03,0.0,0.02,301.2,79.08,0.7138114209827358,0.1702552313514176,15.75934825564988,5.429557733940882,1158.4690706398328,30.33344618002436,0.956426491183229,0.0,0.0,0.0,0.0,0.0234195620431561,0.0,0.0201539467736149,0.4169089807546586,0.0,0.0,0.0,0.0,0.5758612293204906,0.0,0.0072297899248508,16.63768078812487,0.8375726937138425,1.0000000000000977,0.0,0.0,0.0,0.0,2.922837250585647,0.0,1.0,18.448205290897207,1173.908539729092,13.989350648063478,302.7106577576344,5.278346606766283
19,215.0,14.61151597545999,0.95,0.0,0.0,0.0,0.0,0.03,0.0,0.02,301.2,79.08,0.7138114209827358,0.1847687907873038,15.75934825564988,5.429557733940882,1157.3513287808682,32.70814784927163,0.953216008367301,0.0,0.0,0.0,0.0,0.0267080464616915,0.0,0.0200759451710074,0.3881667601984083,0.0,0.0,0.0,0.0,0.6051007803677899,0.0,0.0067324594338017,16.396615907138447,0.8468512198610271,1.0,0.0,0.0,0.0,0.0,2.891745243272963,0.0,1.0,18.448205290897207,1173.908539729092,13.989350648063478,302.7106577576344,5.278346606766283
19,215.0,15.75924825564988,0.95,0.0,0.0,0.0,0.0,0.03,0.0,0.02,301.2,79.08,0.7138114209827358,0.1992823502231901,15.75934825564988,5.429557733940882,1156.2270443605255,35.10173770584562,0.9500002803366272,0.0,0.0,0.0,0.0,0.0299997131176867,0.0,0.0200000065456861,0.3636291443907948,0.0,0.0,0.0,0.0,0.6300622509155926,0.0,0.0063086046936125,16.157642892025198,0.8561757368828972,1.0,0.0,0.0,0.0,0.0,2.8611870656714498,0.0,1.0,18.448205290897207,1173.908539729092,13.989350648063478,302.7106577576344,5.278346606766283
19,220.0,6.695441398326424,0.95,0.0,0.0,0.0,0.0,0.03,0.0,0.02,301.2,79.08,0.7304116865869854,0.0846666843490949,17.293928965244813,6.695341398326424,1147.6703669878682,17.334269048859387,0.973740972360057,0.0,0.0,0.0,0.0,0.0006046106963634,0.0,0.0256544169435796,0.9499896788665976,0.0,0.0,0.0,0.0,0.0300127793305942,0.0,0.0199975418028081,17.05989216422725,0.8082157906209687,1.0,0.0,0.0,0.0,0.0,2.899980331104302,0.0,1.0,17.121140165384258,1157.0541060432145,17.08052563899556,302.7106577576344,6.509407158415541
19,220.0,7.873040016872911,0.95,0.0,0.0,0.0,0.0,0.03,0.0,0.02,301.2,79.08,0.7304116865869854,0.0995579162477606,17.293928965244813,6.695341398326424,1148.1475650550676,19.645101377954088,0.975053320225994,0.0,0.0,0.0,0.0,0.0038435217208643,0.0,0.0211031580531417,0.8222198541178994,0.0,0.0,0.0,0.0,0.1634066135793923,0.0,0.0143735323027082,16.823584011332386,0.817249534773702,1.0,0.0,0.0,0.0,0.0,2.876374186818632,0.0,1.0,17.121140165384258,1157.0541060432145,17.08052563899556,302.7106577576344,6.509407158415541
19,220.0,9.0506386354194,0.95,0.0,0.0,0.0,0.0,0.03,0.0,0.02,301.2,79.08,0.7304116865869854,0.1144491481464264,17.293928965244813,6.695341398326424,1147.1350327177934,21.95600182455154,0.9721620350567972,0.0,0.0,0.0,0.0,0.0071012743391796,0.0,0.0207366906040231,0.7242019995961204,0.0,0.0,0.0,0.0,0.2633037761540962,0.0,0.0124942242497832,16.586603946109605,0.8263147881909767,1.0,0.0,0.0,0.0,0.0,2.8474025198476127,0.0,1.0,17.121140165384258,1157.0541060432145,17.08052563899556,302.7106577576344,6.509407158415541
19,220.0,10.228237253965888,0.95,0.0,0.0,0.0,0.0,0.03,0.0,0.02,301.2,79.08,0.7304116865869854,0.1293403800450921,17.293928965244813,6.695341398326424,1146.0491200629883,24.2835875458092,0.96907678667338,0.0,0.0,0.0,0.0,0.0103626960843492,0.0,0.0205605172422708,0.6483044724044991,0.0,0.0,0.0,0.0,0.3405599945536204,0.0,0.0111355330418804,16.351481791334987,0.8353944447060926,1.0,0.0,0.0,0.0,0.0,2.8186152904121884,0.0,1.0,17.121140165384258,1157.0541060432145,17.08052563899556,302.7106577576344,6.509407158415541
19,220.0,11.405835872512377,0.95,0.0,0.0,0.0,0.0,0.03,0.0,0.02,301.2,79.08,0.7304116865869854,0.1442316119437579,17.293928965244813,6.695341398326424,1144.9387995659056,26.628655788405776,0.9659359777084636,0.0,0.0,0.0,0.0,0.0136273756468442,0.0,0.0204366466446919,0.587869667790361,0.0,0.0,0.0,0.0,0.4020527227521741,0.0,0.0100776094574648,16.118294070361674,0.8445177011950712,1.0,0.0,0.0,0.0,0.0,2.790206639386649,0.0,1.0,17.121140165384258,1157.0541060432145,17.08052563899556,302.7106577576344,6.509407158415541
19,220.0,12.583434491058863,0.95,0.0,0.0,0.0,0.0,0.03,0.0,0.02,301.2,79.08,0.7304116865869854,0.1591228438424236,17.293928965244813,6.695341398326424,1143.8148679061378,28.991584100664134,0.9627702236287377,0.0,0.0,0.0,0.0,0.0168952781149915,0.0,0.0203344982562708,0.538639186712167,0.0,0.0,0.0,0.0,0.4521358379658089,0.0,0.0092249753220239,15.887044519864824,0.8536993577647295,1.0,0.0,0.0,0.0,0.0,2.7622172105004563,0.0,1.0,17.121140165384258,1157.0541060432145,17.08052563899556,302.7106577576344,6.509407158415541
19,220.0,13.76103310960535,0.95,0.0,0.0,0.0,0.0,0.03,0.0,0.02,301.2,79.08,0.7304116865869854,0.1740140757410894,17.293928965244813,6.695341398326424,1142.6810417135923,31.372686217073067,0.9595901549720414,0.0,0.0,0.0,0.0,0.0201664262167398,0.0,0.0202434188112187,0.4977825321899879,0.0,0.0,0.0,0.0,0.4936957222018956,0.0,0.0085217456081162,15.657720952474897,0.8629002430796932,1.0,0.0,0.0,0.0,0.0,2.734658445612152,0.0,1.0,17.121140165384258,1157.0541060432145,17.08052563899556,302.7106577576344,6.509407158415541
19,220.0,14.938631728151837,0.95,0.0,0.0,0.0,0.0,0.03,0.0,0.02,301.2,79.08,0.7304116865869854,0.1889053076397551,17.293928965244813,6.695341398326424,1141.5389169174116,33.77226593465563,0.9564004180264049,0.0,0.0,0.0,0.0,0.0234408574470115,0.0,0.0201587245265835,0.4633476728486246,0.0,0.0,0.0,0.0,0.5287208607876468,0.0,0.0079314663637284,15.43031807807175,0.8721565553427681,1.0,0.0,0.0,0.0,0.0,2.707532747687338,0.0,1.0,17.121140165384258,1157.0541060432145,17.08052563899556,302.7106577576344,6.509407158415541
19,220.0,16.116230346698327,0.95,0.0,0.0,0.0,0.0,0.03,0.0,0.02,301.2,79.08,0.7304116865869854,0.2037965395384209,17.293928965244813,6.695341398326424,1140.389273391961,36.19063095062598,0.9532033566646904,0.0,0.0,0.0,0.0,0.0267186097512155,0.0,0.020078033584094,0.4339454885065253,0.0,0.0,0.0,0.0,0.5586255697098771,0.0,0.0074289417835975,15.204819875426242,0.8814618016863357,1.0,0.0,0.0,0.0,0.0,2.680843022575702,0.0,1.0,17.121140165384258,1157.0541060432145,17.08052563899556,302.7106577576344,6.509407158415541
19,220.0,17.293828965244813,0.95,0.0,0.0,0.0,0.0,0.03,0.0,0.02,301.2,79.08,0.7304116865869854,0.2186877714370866,17.293928965244813,6.695341398326424,1139.2325210490103,38.628096375199725,0.9500002721798896,0.0,0.0,0.0,0.0,0.0299997212830749,0.0,0.0200000065370353,0.4085607092759541,0.0,0.0,0.0,0.0,0.5844432191403682,0.0,0.0069960715836777,14.98121300208701,0.8908063217773673,1.0,0.0,0.0,0.0,0.0,2.654638266765031,0.0,1.0,17.121140165384258,1157.0541060432145,17.08052563899556,302.7106577576344,6.509407158415541
19,225.0,8.173999010287794,0.95,0.0,0.0,0.0,0.0,0.03,0.0,0.02,301.2,79.08,0.7470119521912351,0.1033636698316615,18.990745222651583,8.173899010287794,1130.3641274790132,20.992363905178166,0.9733384657198064,0.0,0.0,0.0,0.0,0.0007299261147133,0.0,0.0259316081654803,0.9499918120773648,0.0,0.0,0.0,0.0,0.0300102689312734,0.0,0.0199979189913619,15.757408242350776,0.8459687555405033,1.0,0.0,0.0,0.0,0.0,2.676768247800686,0.0,1.0,15.813326197117547,1139.6555629264626,20.687604017864448,302.7106577576344,7.946729358776584
19,225.0,9.375848589439329,0.95,0.0,0.0,0.0,0.0,0.03,0.0,0.02,301.2,79.08,0.7470119521912351,0.1185615653697436,18.990745222651583,8.173899010287794,1130.8172043173315,23.34523861694637,0.9748149876135778,0.0,0.0,0.0,0.0,0.0039495307183114,0.0,0.0212354816681108,0.8428021892984366,0.0,0.0,0.0,0.0,0.1425349453415553,0.0,0.0146628653600079,15.535858733795612,0.8550067681103499,1.0,0.0,0.0,0.0,0.0,2.656732036391138,0.0,1.0,15.813326197117547,1139.6555629264626,20.687604017864448,302.7106577576344,7.946729358776584
19,225.0,10.577698168590858,0.95,0.0,0.0,0.0,0.0,0.03,0.0,0.02,301.2,79.08,0.7470119521912351,0.1337594609078257,18.990745222651583,8.173899010287794,1129.7913987156178,25.69381744952204,0.9720056546421234,0.0,0.0,0.0,0.0,0.0071928560938497,0.0,0.0208014892640267,0.7563608609139209,0.0,0.0,0.0,0.0,0.2306918577439365,0.0,0.0129472813421426,15.3149551160648,0.8640786855453044,1.0,0.0,0.0,0.0,0.0,2.6320179933344146,0.0,1.0,15.813326197117547,1139.6555629264626,20.687604017864448,302.7106577576344,7.946729358776584
19,225.0,11.779547747742392,0.95,0.0,0.0,0.0,0.0,0.03,0.0,0.02,301.2,79.08,0.7470119521912351,0.1489573564459078,18.990745222651583,8.173899010287794,1128.6792998990177,28.05886315195403,0.9689606843999432,0.0,0.0,0.0,0.0,0.0104404296092752,0.0,0.0205988859907817,0.6870936341872875,0.0,0.0,0.0,0.0,0.3012104404996496,0.0,0.0116959253130628,15.09576785746325,0.8731719792352615,1.0,0.0,0.0,0.0,0.0,2.6073962965385173,0.0,1.0,15.813326197117547,1139.6555629264626,20.687604017864448,302.7106577576344,7.946729358776584
19,225.0,12.981397326893925,0.95,0.0,0.0,0.0,0.0,0.03,0.0,0.02,301.2,79.08,0.7470119521912351,0.1641552519839899,18.990745222651583,8.173899010287794,1127.538565872587,30.44146444244333,0.9658474352870876,0.0,0.0,0.0,0.0,0.0136915644170382,0.0,0.020461000295874,0.6304314346885476,0.0,0.0,0.0,0.0,0.3588647826798655,0.0,0.0107037826315869,14.87833531462006,0.8823175500598474,1.0,0.0,0.0,0.0,0.0,2.5830640108729845,0.0,1.0,15.813326197117547,1139.6555629264626,20.687604017864448,302.7106577576344,7.946729358776584
19,225.0,14.183246906045456,0.95,0.0,0.0,0.0,0.0,0.03,0.0,0.02,301.2,79.08,0.7470119521912351,0.179353147522072,18.990745222651583,8.173899010287794,1126.3821538080226,32.84206996145781,0.962703632953306,0.0,0.0,0.0,0.0,0.016946166979768,0.0,0.0203502000669261,0.5832530144790529,0.0,0.0,0.0,0.0,0.4068570713008546,0.0,0.0098899142200925,14.662651622652753,0.8915272203273376,1.0,0.0,0.0,0.0,0.0,2.559067410998708,0.0,1.0,15.813326197117547,1139.6555629264626,20.687604017864448,302.7106577576344,7.946729358776584
19,225.0,15.38509648519699,0.95,0.0,0.0,0.0,0.0,0.03,0.0,0.02,301.2,79.08,0.7470119521912351,0.1945510430601541,18.990745222651583,8.173899010287794,1125.2145640187098,35.26101942073989,0.9595424868169018,0.0,0.0,0.0,0.0,0.0202042468518821,0.0,0.0202532663312159,0.5433826481961403,0.0,0.0,0.0,0.0,0.4474093483636769,0.0,0.0092080034401827,14.448714800565869,0.9007808874145582,1.0,0.0,0.0,0.0,0.0,2.53545756572136,0.0,1.0,15.813326197117547,1139.6555629264626,20.687604017864448,302.7106577576344,7.946729358776584
19,225.0,16.58694606434852,0.95,0.0,0.0,0.0,0.0,0.03,0.0,0.02,301.2,79.08,0.7470119521912351,0.2097489385982362,18.990745222651583,8.173899010287794,1124.0377424158942,37.69862943818635,0.9563698023907105,0.0,0.0,0.0,0.0,0.0234658385064255,0.0,0.0201643591028639,0.5092614197587403,0.0,0.0,0.0,0.0,0.4821108949855356,0.0,0.008627685255724,14.23651201773541,0.9100907579048204,1.0,0.0,0.0,0.0,0.0,2.512188935808768,0.0,1.0,15.813326197117547,1139.6555629264626,20.687604017864448,302.7106577576344,7.946729358776584
19,225.0,17.788795643500052,0.95,0.0,0.0,0.0,0.0,0.03,0.0,0.02,301.2,79.08,0.7470119521912351,0.2249468341363183,18.990745222651583,8.173899010287794,1122.852644875164,40.15521462308583,0.953188516890802,0.0,0.0,0.0,0.0,0.0267309841294748,0.0,0.020080498979723,0.4797440671636669,0.0,0.0,0.0,0.0,0.5121282622291162,0.0,0.0081276706072167,14.026032522548348,0.9194606213106788,1.0,0.0,0.0,0.0,0.0,2.489261229373863,0.0,1.0,15.813326197117547,1139.6555629264626,20.687604017864448,302.7106577576344,7.946729358776584
19,225.0,18.990645222651587,0.95,0.0,0.0,0.0,0.0,0.03,0.0,0.02,301.2,79.08,0.7470119521912351,0.2401447296744004,18.990745222651583,8.173899010287794,1121.6597774904212,42.63109469190557,0.9500002654857804,0.0,0.0,0.0,0.0,0.0299997279269263,0.0,0.020000006587293,0.4539706361781795,0.0,0.0,0.0,0.0,0.5383369562351826,0.0,0.0076924075866378,13.817265616570303,0.9289043769808976,1.0,0.0,0.0,0.0,0.0,2.4666723777948376,0.0,1.0,15.813326197117547,1139.6555629264626,20.687604017864448,302.7106577576344,7.946729358776584
19,230.0,9.887482815821969,0.95,0.0,0.0,0.0,0.0,0.03,0.0,0.02,301.2,79.08,0.7636122177954847,0.1250313962547037,20.870321511740684,9.887382815821969,1112.4527597988458,25.243998403395626,0.9729776968845136,0.0,0.0,0.0,0.0,0.0008782021852466,0.0,0.0261441009302396,0.9499934343559306,0.0,0.0,0.0,0.0,0.0300083212586567,0.0,0.0199982443854126,14.473819887483526,0.8871912630942113,1.0,0.0,0.0,0.0,0.0,2.4757547596170637,0.0,1.0,14.52556748614066,1121.6270137216943,24.87830228106012,302.7106577576344,9.61137473881863
19,230.0,11.107787115368492,0.95,0.0,0.0,0.0,0.0,0.03,0.0,0.02,301.2,79.08,0.7636122177954847,0.1404626595266627,20.870321511740684,9.887382815821969,1112.8468686562865,27.635121163594864,0.9745412663553584,0.0,0.0,0.0,0.0,0.0040751619082607,0.0,0.0213835717363808,0.8603061277893242,0.0,0.0,0.0,0.0,0.1247505756717076,0.0,0.0149432965389681,14.266457942751591,0.8963289714127683,1.0,0.0,0.0,0.0,0.0,2.45857348888679,0.0,1.0,14.52556748614066,1121.6270137216943,24.87830228106012,302.7106577576344,9.61137473881863
19,230.0,12.328091414915017,0.95,0.0,0.0,0.0,0.0,0.03,0.0,0.02,301.2,79.08,0.7636122177954847,0.1558939227986218,20.870321511740684,9.887382815821969,1111.8048270469792,30.017074055992477,0.9718229383940792,0.0,0.0,0.0,0.0,0.0073012245222592,0.0,0.0208758370836616,0.7847270220919085,0.0,0.0,0.0,0.0,0.2019060078129169,0.0,0.0133669700951745,14.060975736270368,0.9054396578834264,1.0,0.0,0.0,0.0,0.0,2.4374967706767747,0.0,1.0,14.52556748614066,1121.6270137216943,24.87830228106012,302.7106577576344,9.61137473881863
19,230.0,13.548395714461538,0.95,0.0,0.0,0.0,0.0,0.03,0.0,0.02,301.2,79.08,0.7636122177954847,0.1713251860705809,20.870321511740684,9.887382815821969,1110.6634232191177,32.415113887224926,0.9688243735653644,0.0,0.0,0.0,0.0,0.0105323207325034,0.0,0.0206433057021321,0.7222880342652802,0.0,0.0,0.0,0.0,0.2654938133214254,0.0,0.0122181524132943,13.857110698097044,0.914621842388349,1.0,0.0,0.0,0.0,0.0,2.416436687360312,0.0,1.0,14.52556748614066,1121.6270137216943,24.87830228106012,302.7106577576344,9.61137473881863
19,230.0,14.768700014008065,0.95,0.0,0.0,0.0,0.0,0.03,0.0,0.02,301.2,79.08,0.7636122177954847,0.18675644934254,20.870321511740684,9.887382815821969,1109.4888553340977,34.83072875854668,0.9657432915418016,0.0,0.0,0.0,0.0,0.0137673841611862,0.0,0.0204893242970123,0.6699417450944104,0.0,0.0,0.0,0.0,0.3187628709854178,0.0,0.0112953839201717,13.654845030473538,0.923841734859112,1.0,0.0,0.0,0.0,0.0,2.395589384912506,0.0,1.0,14.52556748614066,1121.6270137216943,24.87830228106012,302.7106577576344,9.61137473881863
19,230.0,15.989004313554588,0.95,0.0,0.0,0.0,0.0,0.03,0.0,0.02,301.2,79.08,0.7636122177954847,0.202187712614499,20.870321511740684,9.887382815821969,1108.2963324809823,37.26446830956351,0.9626252510916856,0.0,0.0,0.0,0.0,0.0170062365829226,0.0,0.0203685123253916,0.625459621143498,0.0,0.0,0.0,0.0,0.3640132304320763,0.0,0.0105271484244255,13.454172091679771,0.9331552476425876,1.0,0.0,0.0,0.0,0.0,2.3749982225109534,0.0,1.0,14.52556748614066,1121.6270137216943,24.87830228106012,302.7106577576344,9.61137473881863
19,230.0,17.20930861310111,0.95,0.0,0.0,0.0,0.0,0.03,0.0,0.02,301.2,79.08,0.7636122177954847,0.2176189758864581,20.870321511740684,9.887382815821969,1107.091192429313,39.71671230649818,0.9594863658293288,0.0,0.0,0.0,0.0,0.0202488619483042,0.0,0.0202647722223671,0.5872151910116916,0.0,0.0,0.0,0.0,0.4029104294677447,0.0,0.0098743795205637,13.255079635944522,0.9424977317451976,1.0,0.0,0.0,0.0,0.0,2.3546763393766104,0.0,1.0,14.52556748614066,1121.6270137216943,24.87830228106012,302.7106577576344,9.61137473881863
19,230.0,18.429612912647634,0.95,0.0,0.0,0.0,0.0,0.03,0.0,0.02,301.2,79.08,0.7636122177954847,0.2330502391584172,20.870321511740684,9.887382815821969,1105.8757582746125,42.18779721220115,0.9563337593884708,0.0,0.0,0.0,0.0,0.0234952893816096,0.0,0.0201709512299196,0.5539993465707779,0.0,0.0,0.0,0.0,0.4366889026348918,0.0,0.0093117507943303,13.057557885112516,0.9519518318985368,1.0,0.0,0.0,0.0,0.0,2.33462779490567,0.0,1.0,14.52556748614066,1121.6270137216943,24.87830228106012,302.7106577576344,9.61137473881863
19,230.0,19.64991721219416,0.95,0.0,0.0,0.0,0.0,0.03,0.0,0.02,301.2,79.08,0.7636122177954847,0.2484815024303763,20.870321511740684,9.887382815821969,1104.6511773544846,44.678049738366425,0.9531710506215022,0.0,0.0,0.0,0.0,0.0267455631699938,0.0,0.0200833862085039,0.5248959302293557,0.0,0.0,0.0,0.0,0.4662826414268065,0.0,0.0088214283438378,12.861597665524087,0.9614413859629112,1.0,0.0,0.0,0.0,0.0,2.314852980037968,0.0,1.0,14.52556748614066,1121.6270137216943,24.87830228106012,302.7106577576344,9.61137473881863
19,230.0,20.870221511740684,0.95,0.0,0.0,0.0,0.0,0.03,0.0,0.02,301.2,79.08,0.7636122177954847,0.2639127657023354,20.870321511740684,9.887382815821969,1103.4180599488684,47.187797947480526,0.9500002592296132,0.0,0.0,0.0,0.0,0.0299997340942935,0.0,0.0200000066760932,0.4991985193189765,0.0,0.0,0.0,0.0,0.4924112372993051,0.0,0.0083902433817184,12.667193045981954,0.9710346181792566,1.0,0.0,0.0,0.0,0.0,2.295350362317261,0.0,1.0,14.52556748614066,1121.6270137216943,24.87830228106012,302.7106577576344,9.61137473881863
19,235.0,11.85902364080169,0.95,0.0,0.0,0.0,0.0,0.03,0.0,0.02,301.2,79.08,0.7802124833997345,0.1499623626808509,22.95405969459474,11.85892364080169,1093.8331034368637,30.169876456872,0.9726509319525224,0.0,0.0,0.0,0.0,0.0010536568868418,0.0,0.0262954111606356,0.9499946834121032,0.0,0.0,0.0,0.0,0.0300067942360064,0.0,0.0199985223518903,13.21009996347818,0.9325515794478236,1.0,0.0,0.0,0.0,0.0,2.294390491935528,0.0,1.0,13.258875583506692,1102.8688895247462,29.73094022392497,302.7106577576344,11.525181126674264
19,235.0,13.091794313445362,0.95,0.0,0.0,0.0,0.0,0.03,0.0,0.02,301.2,79.08,0.7802124833997345,0.1655512685058847,22.95405969459474,11.85892364080169,1094.136082840081,32.596209204249284,0.9742289442840072,0.0,0.0,0.0,0.0,0.0042242714446281,0.0,0.0215467842713647,0.8751561193131618,0.0,0.0,0.0,0.0,0.1096219401886183,0.0,0.0152219404982198,13.016499559704831,0.9418525026560546,1.0,0.0,0.0,0.0,0.0,2.2795643589634014,0.0,1.0,13.258875583506692,1102.8688895247462,29.73094022392497,302.7106577576344,11.525181126674264
19,235.0,14.324564986089031,0.95,0.0,0.0,0.0,0.0,0.03,0.0,0.02,301.2,79.08,0.7802124833997345,0.1811401743309184,22.95405969459474,11.85892364080169,1093.0736624063156,35.008103841936254,0.9716100536565232,0.0,0.0,0.0,0.0,0.007429708420854,0.0,0.0209602379226227,0.8095873272667329,0.0,0.0,0.0,0.0,0.1766518785824665,0.0,0.0137607941508005,12.825852673551095,0.9510896144532972,1.0,0.0,0.0,0.0,0.0,2.261512380690771,0.0,1.0,13.258875583506692,1102.8688895247462,29.73094022392497,302.7106577576344,11.525181126674264
19,235.0,15.557335658732706,0.95,0.0,0.0,0.0,0.0,0.03,0.0,0.02,301.2,79.08,0.7802124833997345,0.1967290801559522,22.95405969459474,11.85892364080169,1091.899165150808,37.43552551807163,0.968664518630686,0.0,0.0,0.0,0.0,0.010641204061507,0.0,0.020694277307807,0.7539283825904645,0.0,0.0,0.0,0.0,0.2333650321161249,0.0,0.0127065852934106,12.636761345380725,0.9604174599733312,1.0,0.0,0.0,0.0,0.0,2.243428636900186,0.0,1.0,13.258875583506692,1102.8688895247462,29.73094022392497,302.7106577576344,11.525181126674264
19,235.0,16.79010633137638,0.95,0.0,0.0,0.0,0.0,0.03,0.0,0.02,301.2,79.08,0.7802124833997345,0.212317985980986,22.95405969459474,11.85892364080169,1090.6867581390488,39.88049448574625,0.9656208055569864,0.0,0.0,0.0,0.0,0.0138571892576396,0.0,0.0205220051853739,0.7062174285592833,0.0,0.0,0.0,0.0,0.2819291273869906,0.0,0.0118534440537261,12.449141497686169,0.9697996646415477,1.0,0.0,0.0,0.0,0.0,2.2255019153969062,0.0,1.0,13.258875583506692,1102.8688895247462,29.73094022392497,302.7106577576344,11.525181126674264
19,235.0,18.022877004020053,0.95,0.0,0.0,0.0,0.0,0.03,0.0,0.02,301.2,79.08,0.7802124833997345,0.2279068918060199,22.95405969459474,11.85892364080169,1089.4539250493983,42.34370125096718,0.9625329232021772,0.0,0.0,0.0,0.0,0.017077365730114,0.0,0.020389711067709,0.664904935271263,0.0,0.0,0.0,0.0,0.3239600916886656,0.0,0.0111349730400714,12.262973197057024,0.9792684722271994,1.0,0.0,0.0,0.0,0.0,2.2077749670114337,0.0,1.0,13.258875583506692,1102.8688895247462,29.73094022392497,302.7106577576344,11.525181126674264
19,235.0,19.255647676663724,0.95,0.0,0.0,0.0,0.0,0.03,0.0,0.02,301.2,79.08,0.7802124833997345,0.2434957976310536,22.95405969459474,11.85892364080169,1088.2068751979125,44.82558269259396,0.959420200024666,0.0,0.0,0.0,0.0,0.0203016794520488,0.0,0.0202781205232853,0.6288072032028191,0.0,0.0,0.0,0.0,0.3606756430729297,0.0,0.010517153724251,12.078240382164498,0.988811813760087,1.0,0.0,0.0,0.0,0.0,2.1902613647818465,0.0,1.0,13.258875583506692,1102.8688895247462,29.73094022392497,302.7106577576344,11.525181126674264
19,235.0,20.488418349307395,0.95,0.0,0.0,0.0,0.0,0.03,0.0,0.02,301.2,79.08,0.7802124833997345,0.2590847034560875,22.95405969459474,11.85892364080169,1086.948330616664,47.32650521419242,0.9562912413279252,0.0,0.0,0.0,0.0,0.0235301482291169,0.0,0.0201786104429577,0.5970123438326362,0.0,0.0,0.0,0.0,0.3930090936453386,0.0,0.0099785625220252,11.89493282614552,0.9984379179018376,1.0,0.0,0.0,0.0,0.0,2.172965751717692,0.0,1.0,13.258875583506692,1102.8688895247462,29.73094022392497,302.7106577576344,11.525181126674264
19,235.0,21.72118902195107,0.95,0.0,0.0,0.0,0.0,0.03,0.0,0.02,301.2,79.08,0.7802124833997345,0.2746736092811213,22.95405969459474,11.85892364080169,1085.6796426346702,49.84681451999646,0.9531504395876046,0.0,0.0,0.0,0.0,0.0267628159395402,0.0,0.0200867444728551,0.5688084211664438,0.0,0.0,0.0,0.0,0.421687340343423,0.0,0.0095042384901333,11.71304199009302,1.0081520603457548,1.0,0.0,0.0,0.0,0.0,2.1558887382423646,0.0,1.0,13.258875583506692,1102.8688895247462,29.73094022392497,302.7106577576344,11.525181126674264
19,235.0,22.95395969459474,0.95,0.0,0.0,0.0,0.0,0.03,0.0,0.02,301.2,79.08,0.7802124833997345,0.290262515106155,22.95405969459474,11.85892364080169,1084.4015331222572,52.38685256211991,0.9500002549664364,0.0,0.0,0.0,0.0,0.0299997381840046,0.0,0.0200000068495591,0.5436321050605775,0.0,0.0,0.0,0.0,0.447284786460466,0.0,0.0090831084789565,11.532563151634326,1.0179509209502753,1.0,0.0,0.0,0.0,0.0,2.1390296405583293,0.0,1.0,13.258875583506692,1102.8688895247462,29.73094022392497,302.7106577576344,11.525181126674264
19,240.0,14.112799687788554,0.95,0.0,0.0,0.0,0.0,0.03,0.0,0.02,301.2,79.08,0.7968127490039841,0.1784623126933302,25.26412458196007,14.112699687788554,1074.3838356655974,35.865164305923095,0.9723499576766522,0.0,0.0,0.0,0.0,0.0012614712073623,0.0,0.0263885711159854,0.9499956565340424,0.0,0.0,0.0,0.0,0.0300055850137745,0.0,0.0199987584521831,11.967463180762577,0.9829065779549432,1.0,0.0,0.0,0.0,0.0,2.130263309454034,0.0,1.0,12.014498351825988,1083.263844328595,35.3375257790447,302.7106577576344,13.710780754884407
19,240.0,15.351824676029834,0.95,0.0,0.0,0.0,0.0,0.03,0.0,0.02,301.2,79.08,0.7968127490039841,0.1941303069806504,25.26412458196007,14.112699687788554,1074.5661263293257,38.32443889293965,0.9738746964894044,0.0,0.0,0.0,0.0,0.0044016082640443,0.0,0.0217236952465513,0.8877329953347595,0.0,0.0,0.0,0.0,0.0967625315510419,0.0,0.0155044731141986,11.7873214578945,0.9924105160932114,1.0,0.0,0.0,0.0,0.0,2.117350197874779,0.0,1.0,12.014498351825988,1083.263844328595,35.3375257790447,302.7106577576344,13.710780754884407
19,240.0,16.59084966427111,0.95,0.0,0.0,0.0,0.0,0.03,0.0,0.02,301.2,79.08,0.7968127490039841,0.2097983012679705,25.26412458196007,14.112699687788554,1073.4776915396426,40.76377606823871,0.9713625871084288,0.0,0.0,0.0,0.0,0.0075824072427042,0.0,0.0210550056488669,0.8312646963614464,0.0,0.0,0.0,0.0,0.154599126003457,0.0,0.0141361776350965,11.61099337257998,1.0018895327426,1.0,0.0,0.0,0.0,0.0,2.101873291809749,0.0,1.0,12.014498351825988,1083.263844328595,35.3375257790447,302.7106577576344,13.710780754884407
19,240.0,17.82987465251239,0.95,0.0,0.0,0.0,0.0,0.03,0.0,0.02,301.2,79.08,0.7968127490039841,0.2254662955552907,25.26412458196007,14.112699687788554,1072.2654464077875,43.217880542723606,0.9684771780524192,0.0,0.0,0.0,0.0,0.0107705634519389,0.0,0.020752258495642,0.7821574727540057,0.0,0.0,0.0,0.0,0.2046758741289783,0.0,0.0131666531170159,11.436188280946377,1.011433218209701,1.0,0.0,0.0,0.0,0.0,2.0863322698109354,0.0,1.0,12.014498351825988,1083.263844328595,35.3375257790447,302.7106577576344,13.710780754884407
19,240.0,19.06889964075367,0.95,0.0,0.0,0.0,0.0,0.03,0.0,0.02,301.2,79.08,0.7968127490039841,0.2411342898426109,25.26412458196007,14.112699687788554,1071.010447813508,45.68946236371448,0.9654767054108464,0.0,0.0,0.0,0.0,0.0139638657220407,0.0,0.0205594288671128,0.7392107286971775,0.0,0.0,0.0,0.0,0.2484085675363636,0.0,0.0123807037664587,11.262752878142132,1.021057803173212,1.0,0.0,0.0,0.0,0.0,2.0709039394261617,0.0,1.0,12.014498351825988,1083.263844328595,35.3375257790447,302.7106577576344,13.710780754884407
19,240.0,20.30792462899495,0.95,0.0,0.0,0.0,0.0,0.03,0.0,0.02,301.2,79.08,0.7968127490039841,0.2568022841299311,25.26412458196007,14.112699687788554,1069.7323828408146,48.17940384906996,0.9624240637098572,0.0,0.0,0.0,0.0,0.0171618530021696,0.0,0.0204140832879732,0.7013778937263044,0.0,0.0,0.0,0.0,0.2869084658443545,0.0,0.011713640429341,11.090643615553033,1.0307864040408554,1.0,0.0,0.0,0.0,0.0,2.0556295293188995,0.0,1.0,12.014498351825988,1083.263844328595,35.3375257790447,302.7106577576344,13.710780754884407
19,240.0,21.54694961723623,0.95,0.0,0.0,0.0,0.0,0.03,0.0,0.02,301.2,79.08,0.7968127490039841,0.2724702784172512,25.26412458196007,14.112699687788554,1068.4383402501546,50.68822133853236,0.9593420759934528,0.0,0.0,0.0,0.0,0.020364416833446,0.0,0.0202935071731011,0.6678203657978834,0.0,0.0,0.0,0.0,0.3210450883901828,0.0,0.0111345458119337,10.919841225734167,1.0405843695399468,1.0,0.0,0.0,0.0,0.0,2.040522817844334,0.0,1.0,12.014498351825988,1083.263844328595,35.3375257790447,302.7106577576344,13.710780754884407
19,240.0,22.78597460547751,0.95,0.0,0.0,0.0,0.0,0.03,0.0,0.02,301.2,79.08,0.7968127490039841,0.2881382727045714,25.26412458196007,14.112699687788554,1067.131452882115,53.2163241609009,0.9562409885192592,0.0,0.0,0.0,0.0,0.0235715562802656,0.0,0.0201874552004751,0.6378689904333237,0.0,0.0,0.0,0.0,0.3515062200469185,0.0,0.0106247895197576,10.7503341194546,1.050510192091727,1.0,0.0,0.0,0.0,0.0,2.025588472050708,0.0,1.0,12.014498351825988,1083.263844328595,35.3375257790447,302.7106577576344,13.710780754884407
19,240.0,24.02499959371879,0.95,0.0,0.0,0.0,0.0,0.03,0.0,0.02,301.2,79.08,0.7968127490039841,0.3038062669918916,25.26412458196007,14.112699687788554,1065.813284173365,55.76408602551976,0.9531260610311912,0.0,0.0,0.0,0.0,0.0267833113822492,0.0,0.0200906275865595,0.6109859206555847,0.0,0.0,0.0,0.0,0.3788424312269114,0.0,0.0101716481175038,10.582113499279288,1.0605115135487069,1.0,0.0,0.0,0.0,0.0,2.010827579798626,0.0,1.0,12.014498351825988,1083.263844328595,35.3375257790447,302.7106577576344,13.710780754884407
19,240.0,25.26402458196007,0.95,0.0,0.0,0.0,0.0,0.03,0.0,0.02,301.2,79.08,0.7968127490039841,0.3194742612792118,25.26412458196007,14.112699687788554,1064.4846721966144,58.33186990131348,0.9500002517438793,0.0,0.0,0.0,0.0,0.0299997411637782,0.0,0.0200000070923426,0.5867347461361491,0.0,0.0,0.0,0.0,0.4034994715562964,0.0,0.0097657823075544,10.415175517508043,1.0706323280602597,1.0,0.0,0.0,0.0,0.0,1.9962400989618012,0.0,1.0,12.014498351825988,1083.263844328595,35.3375257790447,302.7106577576344,13.710780754884407
19,245.0,16.67414960647793,0.95,0.0,0.0,0.0,0.0,0.03,0.0,0.02,301.2,79.08,0.8134130146082338,0.2108516642194983,27.82333960880682,16.67404960647793,1053.9595331241194,42.44410392492208,0.9720658562914876,0.0,0.0,0.0,0.0,0.0015081001808408,0.0,0.0264260435276715,0.9499964233164508,0.0,0.0,0.0,0.0,0.0300046182893615,0.0,0.0199989583941875,10.74740548157607,1.0392952284173569,1.0,0.0,0.0,0.0,0.0,1.9814063399578332,0.0,1.0,10.793959502416731,1062.6711211462375,41.80803719266337,302.7106577576344,16.191644196077288
19,245.0,17.91293738451447,0.95,0.0,0.0,0.0,0.0,0.03,0.0,0.02,301.2,79.08,0.8134130146082338,0.2265166588835922,27.82333960880682,16.67404960647793,1053.9940962280514,44.934844652381685,0.9734750022536712,0.0,0.0,0.0,0.0,0.004613093462232,0.0,0.0219119042840967,0.898372026462435,0.0,0.0,0.0,0.0,0.085832775851067,0.0,0.0157951976864979,10.58052416604508,1.049151588983309,1.0,0.0,0.0,0.0,0.0,1.9701119179389408,0.0,1.0,10.793959502416731,1062.6711211462375,41.80803719266337,302.7106577576344,16.191644196077288
19,245.0,19.151725162551017,0.95,0.0,0.0,0.0,0.0,0.03,0.0,0.02,301.2,79.08,0.8134130146082338,0.2421816535476861,27.82333960880682,16.67404960647793,1052.872156596688,47.40013436063333,0.9710753938447884,0.0,0.0,0.0,0.0,0.0077644393355547,0.0,0.0211601668196568,0.8500921910982219,0.0,0.0,0.0,0.0,0.1354075744466635,0.0,0.0145002344551146,10.418070351005069,1.0589493343486234,1.0,0.0,0.0,0.0,0.0,1.9568277209337084,0.0,1.0,10.793959502416731,1062.6711211462375,41.80803719266337,302.7106577576344,16.191644196077288
19,245.0,20.39051294058756,0.95,0.0,0.0,0.0,0.0,0.03,0.0,0.02,301.2,79.08,0.8134130146082338,0.2578466482117799,27.82333960880682,16.67404960647793,1051.6163857871354,49.8792142038405,0.9682576325133316,0.0,0.0,0.0,0.0,0.0109247446496357,0.0,0.0208176228370327,0.807186771987624,0.0,0.0,0.0,0.0,0.179208764595119,0.0,0.0136044634172569,10.25713230308872,1.0688107604873638,1.0,0.0,0.0,0.0,0.0,1.9434592098649963,0.0,1.0,10.793959502416731,1062.6711211462375,41.80803719266337,302.7106577576344,16.191644196077288
19,245.0,21.6293007186241,0.95,0.0,0.0,0.0,0.0,0.03,0.0,0.02,301.2,79.08,0.8134130146082338,0.2735116428758738,27.82333960880682,16.67404960647793,1050.3130782273388,52.3756646719154,0.9653070284833682,0.0,0.0,0.0,0.0,0.0140910080598653,0.0,0.0206019634567663,0.7689811242187793,0.0,0.0,0.0,0.0,0.2181376152755398,0.0,0.0128812605056807,10.097476648574595,1.0787993938163234,1.0,0.0,0.0,0.0,0.0,1.930169162498316,0.0,1.0,10.793959502416731,1062.6711211462375,41.80803719266337,302.7106577576344,16.191644196077288
19,245.0,22.868088496660647,0.95,0.0,0.0,0.0,0.0,0.03,0.0,0.02,301.2,79.08,0.8134130146082338,0.2891766375399677,27.82333960880682,16.67404960647793,1048.983932052232,54.89062242310671,0.962295523803512,0.0,0.0,0.0,0.0,0.0172625560537882,0.0,0.0204419201426997,0.7347930199571439,0.0,0.0,0.0,0.0,0.252941851761242,0.0,0.0122651282816139,9.93903966601105,1.088878195275227,1.0,0.0,0.0,0.0,0.0,1.917000880339837,0.0,1.0,10.793959502416731,1062.6711211462375,41.80803719266337,302.7106577576344,16.191644196077288
19,245.0,24.10687627469719,0.95,0.0,0.0,0.0,0.0,0.03,0.0,0.02,301.2,79.08,0.8134130146082338,0.3048416322040616,27.82333960880682,16.67404960647793,1047.6368868999484,57.42471236116851,0.9592496569338848,0.0,0.0,0.0,0.0,0.0204392053259566,0.0,0.0203111377401585,0.7040451935998938,0.0,0.0,0.0,0.0,0.2842281751522076,0.0,0.0117266312478985,9.78179548395712,1.099058168534512,1.0,0.0,0.0,0.0,0.0,1.9039631492640303,0.0,1.0,10.793959502416731,1062.6711211462375,41.80803719266337,302.7106577576344,16.191644196077288
19,245.0,25.34566405273373,0.95,0.0,0.0,0.0,0.0,0.03,0.0,0.02,301.2,79.08,0.8134130146082338,0.3205066268681554,27.82333960880682,16.67404960647793,1046.2754840821256,59.9784035347786,0.9561814606163348,0.0,0.0,0.0,0.0,0.0236209269172454,0.0,0.0201976124664196,0.6762600724180392,0.0,0.0,0.0,0.0,0.3124910020616838,0.0,0.011248925520277,9.625729739923454,1.1093754480491649,1.0,0.0,0.0,0.0,0.0,1.8910599085287836,0.0,1.0,10.793959502416731,1062.6711211462375,41.80803719266337,302.7106577576344,16.191644196077288
19,245.0,26.58445183077028,0.95,0.0,0.0,0.0,0.0,0.03,0.0,0.02,301.2,79.08,0.8134130146082338,0.3361716215322493,27.82333960880682,16.67404960647793,1044.901500556371,62.55210932794065,0.9530971532568724,0.0,0.0,0.0,0.0,0.0268077526468082,0.0,0.0200950940963192,0.6510425896744548,0.0,0.0,0.0,0.0,0.3381365120408904,0.0,0.0108208982846547,9.470833271973124,1.119789194523014,1.0,0.0,0.0,0.0,0.0,1.87829346814888,0.0,1.0,10.793959502416731,1062.6711211462375,41.80803719266337,302.7106577576344,16.191644196077288
19,245.0,27.82323960880682,0.95,0.0,0.0,0.0,0.0,0.03,0.0,0.02,301.2,79.08,0.8134130146082338,0.3518366161963432,27.82333960880682,16.67404960647793,1043.5158914511435,65.14622296974012,0.950000249491287,0.0,0.0,0.0,0.0,0.0299997430957572,0.0,0.0200000074129557,0.6280642133780142,0.0,0.0,0.0,0.0,0.361501233855483,0.0,0.0104345527665028,9.317102445496555,1.1303377575475466,1.0,0.0,0.0,0.0,0.0,1.8656639574879423,0.0,1.0,10.793959502416731,1062.6711211462375,41.80803719266337,302.7106577576344,16.191644196077288
19,250.0,19.56974400774856,0.95,0.0,0.0,0.0,0.0,0.03,0.0,0.02,301.2,79.08,0.8300132802124834,0.247467678398439,30.65508468410395,19.56964400774856,1032.3822510411192,50.04661205177463,0.9717886685375904,0.0,0.0,0.0,0.0,0.0018017238143991,0.0,0.0264096076480106,0.9499970341345628,0.0,0.0,0.0,0.0,0.0300038383388401,0.0,0.0199991275265968,9.551759014047414,1.103208049759477,1.0,0.0,0.0,0.0,0.0,1.8461625192562177,0.0,1.0,9.599114364051816,1040.9186176418627,49.27650279185157,302.7106577576344,18.99215487266697
19,250.0,20.80143741623249,0.95,0.0,0.0,0.0,0.0,0.03,0.0,0.02,301.2,79.08,0.8300132802124834,0.2630429617631827,30.65508468410395,19.56964400774856,1032.2444607458697,52.568178126622605,0.9730259601662437,0.0,0.0,0.0,0.0,0.0048662219954077,0.0,0.0221078178383484,0.9073646811226722,0.0,0.0,0.0,0.0,0.0765381956748413,0.0,0.0160971232024863,9.3980318753845,1.11352717612344,1.0,0.0,0.0,0.0,0.0,1.836229890084273,0.0,1.0,9.599114364051816,1040.9186176418627,49.27650279185157,302.7106577576344,18.99215487266697
19,250.0,22.033130824716427,0.95,0.0,0.0,0.0,0.0,0.03,0.0,0.02,301.2,79.08,0.8300132802124834,0.2786182451279265,30.65508468410395,19.56964400774856,1031.0792545668205,55.05904149999614,0.9707423733873018,0.0,0.0,0.0,0.0,0.0079822999347324,0.0,0.0212753266779657,0.8663954465598019,0.0,0.0,0.0,0.0,0.1187449062537758,0.0,0.0148596471864222,9.24908183111524,1.1237765159760364,1.0,0.0,0.0,0.0,0.0,1.8248151849882683,0.0,1.0,9.599114364051816,1040.9186176418627,49.27650279185157,302.7106577576344,18.99215487266697
19,250.0,23.26482423320036,0.95,0.0,0.0,0.0,0.0,0.03,0.0,0.02,301.2,79.08,0.8300132802124834,0.2941935284926701,30.65508468410395,19.56964400774856,1029.7727173034184,57.56249337427617,0.9680001401652872,0.0,0.0,0.0,0.0,0.0111092612272243,0.0,0.0208905986074883,0.829268655134056,0.0,0.0,0.0,0.0,0.156704807662926,0.0,0.0140265372030179,9.101655776182136,1.1341045150243,1.0,0.0,0.0,0.0,0.0,1.8133105142061048,0.0,1.0,9.599114364051816,1040.9186176418627,49.27650279185157,302.7106577576344,18.99215487266697
19,250.0,24.49651764168429,0.95,0.0,0.0,0.0,0.0,0.03,0.0,0.02,301.2,79.08,0.8300132802124834,0.3097688118574139,30.65508468410395,19.56964400774856,1028.414121948544,60.08317831217559,0.9651068951316204,0.0,0.0,0.0,0.0,0.0142431733004323,0.0,0.0206499315679472,0.7956673712745178,0.0,0.0,0.0,0.0,0.1909723549232908,0.0,0.0133602738021912,8.955440537021508,1.1445571274992992,1.0,0.0,0.0,0.0,0.0,1.8018583112545008,0.0,1.0,9.599114364051816,1040.9186176418627,49.27650279185157,302.7106577576344,18.99215487266697
19,250.0,25.72821105016822,0.95,0.0,0.0,0.0,0.0,0.03,0.0,0.02,301.2,79.08,0.8300132802124834,0.3253440952221575,30.65508468410395,19.56964400774856,1027.0268354668792,62.62256416694535,0.9621434012700736,0.0,0.0,0.0,0.0,0.0173830938763279,0.0,0.0204735048535985,0.765168355168145,0.0,0.0,0.0,0.0,0.222038742660547,0.0,0.012792902171308,8.810350242804917,1.155132014906746,1.0,0.0,0.0,0.0,0.0,1.7905036216083394,0.0,1.0,9.599114364051816,1040.9186176418627,49.27650279185157,302.7106577576344,18.99215487266697
19,250.0,26.959904458652154,0.95,0.0,0.0,0.0,0.0,0.03,0.0,0.02,301.2,79.08,0.8300132802124834,0.3409193785869013,30.65508468410395,19.56964400774856,1025.6195709644148,65.181421315816,0.959140036618506,0.0,0.0,0.0,0.0,0.0205287407130547,0.0,0.0203312226684391,0.7373873980695466,0.0,0.0,0.0,0.0,0.2503173974684286,0.0,0.0122952044620248,8.666350800146834,1.165833427657254,1.0,0.0,0.0,0.0,0.0,1.779248605663275,0.0,1.0,9.599114364051816,1040.9186176418627,49.27650279185157,302.7106577576344,18.99215487266697
19,250.0,28.191597867136085,0.95,0.0,0.0,0.0,0.0,0.03,0.0,0.02,301.2,79.08,0.8300132802124834,0.356494661951645,30.65508468410395,19.56964400774856,1024.1962559556964,67.76030026306405,0.9561107381490308,0.0,0.0,0.0,0.0,0.0236800455801753,0.0,0.0202092162707939,0.7119937133896385,0.0,0.0,0.0,0.0,0.2761550219179003,0.0,0.011851264692461,8.523425230331014,1.1766787940019292,1.0,0.0,0.0,0.0,0.0,1.7680985571124328,0.0,1.0,9.599114364051816,1040.9186176418627,49.27650279185157,302.7106577576344,18.99215487266697
19,250.0,29.423291275620016,0.95,0.0,0.0,0.0,0.0,0.03,0.0,0.02,301.2,79.08,0.8300132802124834,0.3720699453163887,30.65508468410395,19.56964400774856,1022.7588725511222,70.35966923255046,0.9530627661734872,0.0,0.0,0.0,0.0,0.0268370267245296,0.0,0.0201002071019832,0.6887054476272456,0.0,0.0,0.0,0.0,0.299843546443523,0.0,0.0114510059292313,8.381563045158968,1.187647180950844,1.0,0.0,0.0,0.0,0.0,1.7570545276765774,0.0,1.0,9.599114364051816,1040.9186176418627,49.27650279185157,302.7106577576344,18.99215487266697
19,250.0,30.65498468410395,0.95,0.0,0.0,0.0,0.0,0.03,0.0,0.02,301.2,79.08,0.8300132802124834,0.3876452286811324,30.65508468410395,19.56964400774856,1021.3084881302844,72.97996373917783,0.950000248168272,0.0,0.0,0.0,0.0,0.0299997440082766,0.0,0.0200000078234511,0.6672824045163952,0.0,0.0,0.0,0.0,0.3216302065655307,0.0,0.011087388918074,8.240760379303623,1.1987703573946562,1.0,0.0,0.0,0.0,0.0,1.7461175558952209,0.0,1.0,9.599114364051816,1040.9186176418627,49.27650279185157,302.7106577576344,18.99215487266697
19,255.0,22.82783760826836,0.95,0.0,0.0,0.0,0.0,0.03,0.0,0.02,301.2,79.08,0.8466135458167331,0.2886676480559984,33.78318166978434,22.82773760826836,1009.4292110700908,58.84799732394186,0.9715068721143896,0.0,0.0,0.0,0.0,0.0021529224118371,0.0,0.0263402054737733,0.9499975258771538,0.0,0.0,0.0,0.0,0.0300032034919114,0.0,0.0199992706309346,8.382769977915654,1.176618946240349,1.0,0.0,0.0,0.0,0.0,1.7229946590705412,0.0,1.0,8.432227805466914,1017.7913832278248,57.90987351738985,302.7106577576344,22.13772066860631
19,255.0,24.0450869484368,0.95,0.0,0.0,0.0,0.0,0.03,0.0,0.02,301.2,79.08,0.8466135458167331,0.3040602800763379,33.78318166978434,22.82773760826836,1009.0966797105312,61.40066219192498,0.972522922814416,0.0,0.0,0.0,0.0,0.0051706620090945,0.0,0.0223064151764895,0.914962421697274,0.0,0.0,0.0,0.0,0.0686255319182811,0.0,0.0164120463844449,8.242169824968785,1.187567309506573,1.0,0.0,0.0,0.0,0.0,1.714241329842726,0.0,1.0,8.432227805466914,1017.7913832278248,57.90987351738985,302.7106577576344,22.13772066860631
19,255.0,25.26233628860524,0.95,0.0,0.0,0.0,0.0,0.03,0.0,0.02,301.2,79.08,0.8466135458167331,0.3194529120966773,33.78318166978434,22.82773760826836,1007.8756962236304,63.91797334912224,0.970356122230118,0.0,0.0,0.0,0.0,0.0082443946047352,0.0,0.0213994831651467,0.8804818320853184,0.0,0.0,0.0,0.0,0.1042975411454288,0.0,0.0152206267692528,8.106435679981892,1.1984266181827408,1.0,0.0,0.0,0.0,0.0,1.704428664976562,0.0,1.0,8.432227805466914,1017.7913832278248,57.90987351738985,302.7106577576344,22.13772066860631
19,255.0,26.479585628773684,0.95,0.0,0.0,0.0,0.0,0.03,0.0,0.02,301.2,79.08,0.8466135458167331,0.3348455441170167,33.78318166978434,22.82773760826836,1006.5092336374464,66.44646219768691,0.9676975717871882,0.0,0.0,0.0,0.0,0.0113312527546212,0.0,0.0209711754581905,0.8486748160701826,0.0,0.0,0.0,0.0,0.1368855248123174,0.0,0.0144396591174998,7.972237292063564,1.209380543257185,1.0,0.0,0.0,0.0,0.0,1.694544116461993,0.0,1.0,8.432227805466914,1017.7913832278248,57.90987351738985,302.7106577576344,22.13772066860631
19,255.0,27.696834968942127,0.95,0.0,0.0,0.0,0.0,0.03,0.0,0.02,301.2,79.08,0.8466135458167331,0.3502381761373562,33.78318166978434,22.82773760826836,1005.0866993248928,68.99202752292173,0.9648701738124018,0.0,0.0,0.0,0.0,0.0144262610166641,0.0,0.020703565170934,0.819462406187795,0.0,0.0,0.0,0.0,0.1667138299250072,0.0,0.0138237638871977,7.839190198970448,1.2204855969478845,1.0,0.0,0.0,0.0,0.0,1.6846916301537658,0.0,1.0,8.432227805466914,1017.7913832278248,57.90987351738985,302.7106577576344,22.13772066860631
19,255.0,28.91408430911057,0.95,0.0,0.0,0.0,0.0,0.03,0.0,0.02,301.2,79.08,0.8466135458167331,0.3656308081576956,33.78318166978434,22.82773760826836,1003.6326082347828,71.55655923731568,0.9619627592928262,0.0,0.0,0.0,0.0,0.0175281492122179,0.0,0.0205090914949559,0.7926023080949808,0.0,0.0,0.0,0.0,0.1940959647961737,0.0,0.0133017271088455,7.70718589808201,1.2317240189996213,1.0,0.0,0.0,0.0,0.0,1.674902809976834,0.0,1.0,8.432227805466914,1017.7913832278248,57.90987351738985,302.7106577576344,22.13772066860631
19,255.0,30.13133364927901,0.95,0.0,0.0,0.0,0.0,0.03,0.0,0.02,301.2,79.08,0.8466135458167331,0.381023440178035,33.78318166978434,22.82773760826836,1002.1563063075148,74.14101972294463,0.9590095231642995,0.0,0.0,0.0,0.0,0.0206365088099685,0.0,0.0203539680257318,0.7678498755184089,0.0,0.0,0.0,0.0,0.2193064765741237,0.0,0.0128436479074674,7.576181821022576,1.2431156070029945,1.0,0.0,0.0,0.0,0.0,1.6651891551351723,0.0,1.0,8.432227805466914,1017.7913832278248,57.90987351738985,302.7106577576344,22.13772066860631
19,255.0,31.34858298944745,0.95,0.0,0.0,0.0,0.0,0.03,0.0,0.02,301.2,79.08,0.8466135458167331,0.3964160721983745,33.78318166978434,22.82773760826836,1000.6620577383908,76.7460691352444,0.9560263765403616,0.0,0.0,0.0,0.0,0.0237512191584306,0.0,0.0202224043012077,0.7449838942011383,0.0,0.0,0.0,0.0,0.2425822549502037,0.0,0.0124338508486579,7.446157095047924,1.2546704492016367,1.0,0.0,0.0,0.0,0.0,1.655555376135701,0.0,1.0,8.432227805466914,1017.7913832278248,57.90987351738985,302.7106577576344,22.13772066860631
19,255.0,32.565832329615894,0.95,0.0,0.0,0.0,0.0,0.03,0.0,0.02,301.2,79.08,0.8466135458167331,0.4118087042187139,33.78318166978434,22.82773760826836,999.1520274823572,79.37225045458504,0.9530216878961588,0.0,0.0,0.0,0.0,0.0268722786619848,0.0,0.0201060334418562,0.7238096412404096,0.0,0.0,0.0,0.0,0.2641275591185232,0.0,0.0120627996410672,7.317099985159467,1.266378419277267,1.0,0.0,0.0,0.0,0.0,1.646003499516905,0.0,1.0,8.432227805466914,1017.7913832278248,57.90987351738985,302.7106577576344,22.13772066860631
19,255.0,33.78308166978434,0.95,0.0,0.0,0.0,0.0,0.03,0.0,0.02,301.2,79.08,0.8466135458167331,0.4272013362390533,33.78318166978434,22.82773760826836,997.6273820297408,82.02005735771598,0.9500002477665888,0.0,0.0,0.0,0.0,0.0299997438927194,0.0,0.0200000083406918,0.7041569006372494,0.0,0.0,0.0,0.0,0.2841190397762392,0.0,0.0117240595865112,7.189005960148813,1.2782728992817751,1.0,0.0,0.0,0.0,0.0,1.636533569735498,0.0,1.0,8.432227805466914,1017.7913832278248,57.90987351738985,302.7106577576344,22.13772066860631
19,260.0,26.47863844254668,0.95,0.0,0.0,0.0,0.0,0.03,0.0,0.02,301.2,79.08,0.8632138114209827,0.3348335665471255,37.23174055853278,26.47853844254668,984.8141553833028,69.07377869245694,0.9712065581841468,0.0,0.0,0.0,0.0,0.0025757270436836,0.0,0.0262177147721697,0.9499979258734986,0.0,0.0,0.0,0.0,0.0300026822556883,0.0,0.019999391870813,7.243211526169981,1.2623407313739314,1.0,0.0,0.0,0.0,0.0,1.6106300151170565,0.0,1.0,7.296085655146154,993.0143761526203,67.92140682303575,302.7106577576344,25.654931900849267
19,260.0,27.673416455434023,0.95,0.0,0.0,0.0,0.0,0.03,0.0,0.02,301.2,79.08,0.8632138114209827,0.3499420391430706,37.23174055853278,26.47853844254668,984.2664297499974,71.6588699401677,0.971959832377402,0.0,0.0,0.0,0.0,0.0055391841571792,0.0,0.0225009834654187,0.9213813623164064,0.0,0.0,0.0,0.0,0.0618779858616395,0.0,0.0167406518219541,7.115784245024461,1.2741294569276436,1.0,0.0,0.0,0.0,0.0,1.6029219850798189,0.0,1.0,7.296085655146154,993.0143761526203,67.92140682303575,302.7106577576344,25.654931900849267
19,260.0,28.86819446832137,0.95,0.0,0.0,0.0,0.0,0.03,0.0,0.02,301.2,79.08,0.8632138114209827,0.3650505117390158,37.23174055853278,26.47853844254668,982.973847898599,74.20496157421748,0.96990737046999,0.0,0.0,0.0,0.0,0.0085618654517418,0.0,0.0215307640782681,0.892634699872162,0.0,0.0,0.0,0.0,0.0917763669187604,0.0,0.0155889332090775,6.993067822799859,1.2858065510777714,1.0,0.0,0.0,0.0,0.0,1.5944987886936497,0.0,1.0,7.296085655146154,993.0143761526203,67.92140682303575,302.7106577576344,25.654931900849267
19,260.0,30.062972481208718,0.95,0.0,0.0,0.0,0.0,0.03,0.0,0.02,301.2,79.08,0.8632138114209827,0.380158984334961,37.23174055853278,26.47853844254668,981.5357617567182,76.7606666687036,0.9673408454747288,0.0,0.0,0.0,0.0,0.01160019472354,0.0,0.021058959801731,0.86568071520737,0.0,0.0,0.0,0.0,0.1194684416336982,0.0,0.0148508431589317,6.871890620275764,1.2976209867417552,1.0,0.0,0.0,0.0,0.0,1.5860016431227486,0.0,1.0,7.296085655146154,993.0143761526203,67.92140682303575,302.7106577576344,25.654931900849267
19,260.0,31.257750494096054,0.95,0.0,0.0,0.0,0.0,0.03,0.0,0.02,301.2,79.08,0.8632138114209827,0.3952674569309061,37.23174055853278,26.47853844254668,980.0383820903778,79.3332978354845,0.9645889657188296,0.0,0.0,0.0,0.0,0.0146481035162649,0.0,0.0207629307649052,0.8405925570513506,0.0,0.0,0.0,0.0,0.145128911196903,0.0,0.0142785317517464,6.751813296462193,1.3095818292187835,1.0,0.0,0.0,0.0,0.0,1.5775232972515685,0.0,1.0,7.296085655146154,993.0143761526203,67.92140682303575,302.7106577576344,25.654931900849267
19,260.0,32.4525285069834,0.95,0.0,0.0,0.0,0.0,0.03,0.0,0.02,301.2,79.08,0.8632138114209827,0.4103759295268512,37.23174055853278,26.47853844254668,978.506648630964,81.92526972845256,0.9617471939158462,0.0,0.0,0.0,0.0,0.0177039385761946,0.0,0.0205488675079591,0.817252022506178,0.0,0.0,0.0,0.0,0.1689503992905177,0.0,0.0137975782033042,6.632706312769152,1.3217220077322926,1.0,0.0,0.0,0.0,0.0,1.5690911478006526,0.0,1.0,7.296085655146154,993.0143761526203,67.92140682303575,302.7106577576344,25.654931900849267
19,260.0,33.647306519870746,0.95,0.0,0.0,0.0,0.0,0.03,0.0,0.02,301.2,79.08,0.8632138114209827,0.4254844021227965,37.23174055853278,26.47853844254668,976.9503199227628,84.53779446821919,0.9588533060871648,0.0,0.0,0.0,0.0,0.0207671360681893,0.0,0.0203795578446459,0.795513373825979,0.0,0.0,0.0,0.0,0.1911097577228389,0.0,0.013376868451182,6.514517872715147,1.33404252775887,1.0,0.0,0.0,0.0,0.0,1.5607297973979792,0.0,1.0,7.296085655146154,993.0143761526203,67.92140682303575,302.7106577576344,25.654931900849267
19,260.0,34.842084532758086,0.95,0.0,0.0,0.0,0.0,0.03,0.0,0.02,301.2,79.08,0.8632138114209827,0.4405928747187416,37.23174055853278,26.47853844254668,975.3739107529124,87.17167848959969,0.9559251810452264,0.0,0.0,0.0,0.0,0.0238375083355644,0.0,0.0202373106192091,0.775235303549758,0.0,0.0,0.0,0.0,0.2117642325005244,0.0,0.0130004639497176,6.397223559699614,1.3465498207443796,1.0,0.0,0.0,0.0,0.0,1.5524278811478809,0.0,1.0,7.296085655146154,993.0143761526203,67.92140682303575,302.7106577576344,25.654931900849267
19,260.0,36.03686254564544,0.95,0.0,0.0,0.0,0.0,0.03,0.0,0.02,301.2,79.08,0.8632138114209827,0.4557013473146868,37.23174055853278,26.47853844254668,973.779726999623,89.82756604207631,0.9529723314640038,0.0,0.0,0.0,0.0,0.0269150269923099,0.0,0.0201126415436861,0.7562883782074934,0.0,0.0,0.0,0.0,0.2310526523514815,0.0,0.012658969441025,6.2808096372720765,1.3592596085801525,1.0,0.0,0.0,0.0,0.0,1.544187369796375,0.0,1.0,7.296085655146154,993.0143761526203,67.92140682303575,302.7106577576344,25.654931900849267
19,260.0,37.23164055853277,0.95,0.0,0.0,0.0,0.0,0.03,0.0,0.02,301.2,79.08,0.8632138114209827,0.470809819910632,37.23174055853278,26.47853844254668,972.1690089335106,92.50603037591183,0.9500002483154222,0.0,0.0,0.0,0.0,0.029999742696166,0.0,0.0200000089884118,0.7385561986535256,0.0,0.0,0.0,0.0,0.2490975505886626,0.0,0.0123462507578117,6.165267269790998,1.3721649635791648,1.0,0.0,0.0,0.0,0.0,1.5360089838618494,0.0,1.0,7.296085655146154,993.0143761526203,67.92140682303575,302.7106577576344,25.654931900849267
19,265.0,30.55485723793675,0.95,0.0,0.0,0.0,0.0,0.03,0.0,0.02,301.2,79.08,0.8798140770252324,0.3863790748348097,41.024914450772926,30.55475723793675,958.1579005399432,81.023263825894,0.9708700801002964,0.0,0.0,0.0,0.0,0.0030893293605394,0.0,0.026040590539164,0.9499982546170588,0.0,0.0,0.0,0.0,0.0300022505627792,0.0,0.019999494820162,6.13655111944489,1.3644545655137166,1.0,0.0,0.0,0.0,0.0,1.507926171133425,0.0,1.0,6.194157229336726,966.2255774553212,79.59167899763797,302.7106577576344,29.571779036695137
19,265.0,31.71818581714077,0.95,0.0,0.0,0.0,0.0,0.03,0.0,0.02,301.2,79.08,0.8798140770252324,0.4010898560589374,41.024914450772926,30.55475723793675,957.3759345985956,83.64340259978826,0.971328034369184,0.0,0.0,0.0,0.0,0.0059891742518328,0.0,0.0226827913789831,0.9268071792065796,0.0,0.0,0.0,0.0,0.0561101782302027,0.0,0.0170826425632176,6.0224125194095,1.377378202910483,1.0,0.0,0.0,0.0,0.0,1.501153059964967,0.0,1.0,6.194157229336726,966.2255774553212,79.59167899763797,302.7106577576344,29.571779036695137
19,265.0,32.88151439634479,0.95,0.0,0.0,0.0,0.0,0.03,0.0,0.02,301.2,79.08,0.8798140770252324,0.4158006372830651,41.024914450772926,30.55475723793675,955.99193029136,86.22237382307604,0.9693840251300548,0.0,0.0,0.0,0.0,0.0089499313947873,0.0,0.0216660434751578,0.903111325941536,0.0,0.0,0.0,0.0,0.0809187229750218,0.0,0.0159699510834421,5.912618349989753,1.3901950976286317,1.0,0.0,0.0,0.0,0.0,1.4939286818610853,0.0,1.0,6.194157229336726,966.2255774553212,79.59167899763797,302.7106577576344,29.571779036695137
19,265.0,34.04484297554881,0.95,0.0,0.0,0.0,0.0,0.03,0.0,0.02,301.2,79.08,0.8798140770252324,0.4305114185071929,41.024914450772926,30.55475723793675,954.467112233699,88.80936440299517,0.9669180051490348,0.0,0.0,0.0,0.0,0.0119290515370365,0.0,0.0211529433139287,0.8805552991557796,0.0,0.0,0.0,0.0,0.1041772802955689,0.0,0.0152674205486515,5.804345801623275,1.4031533131058331,1.0,0.0,0.0,0.0,0.0,1.486646581291485,0.0,1.0,6.194157229336726,966.2255774553212,79.59167899763797,302.7106577576344,29.571779036695137
19,265.0,35.20817155475282,0.95,0.0,0.0,0.0,0.0,0.03,0.0,0.02,301.2,79.08,0.8798140770252324,0.4452221997313205,41.024914450772926,30.55475723793675,952.8808753688432,91.41318996007894,0.9642527730295424,0.0,0.0,0.0,0.0,0.0149194254080349,0.0,0.0208278015624226,0.8593016018199845,0.0,0.0,0.0,0.0,0.1259661643590617,0.0,0.0147322338209536,5.6971236946260815,1.41629391031221,1.0,0.0,0.0,0.0,0.0,1.4793751323659523,0.0,1.0,6.194157229336726,966.2255774553212,79.59167899763797,302.7106577576344,29.571779036695137
19,265.0,36.37150013395684,0.95,0.0,0.0,0.0,0.0,0.03,0.0,0.02,301.2,79.08,0.8798140770252324,0.4599329809554482,41.024914450772926,30.55475723793675,951.2576469093498,94.03689816511094,0.961488136993497,0.0,0.0,0.0,0.0,0.0179189771793667,0.0,0.0205928858271363,0.8393149411083864,0.0,0.0,0.0,0.0,0.1463973517315868,0.0,0.0142877071600267,5.590806032974751,1.4296563366634822,1.0,0.0,0.0,0.0,0.0,1.4721463230013034,0.0,1.0,6.194157229336726,966.2255774553212,79.59167899763797,302.7106577576344,29.571779036695137
19,265.0,37.53482871316086,0.95,0.0,0.0,0.0,0.0,0.03,0.0,0.02,301.2,79.08,0.8798140770252324,0.4746437621795759,41.024914450772926,30.55475723793675,949.6072807037768,96.68202086997668,0.9586649193521484,0.0,0.0,0.0,0.0,0.0209269605646884,0.0,0.0204081200831631,0.8205182520992973,0.0,0.0,0.0,0.0,0.1655803738167347,0.0,0.0139013740839679,5.485333403406132,1.443234264917795,1.0,0.0,0.0,0.0,0.0,1.4649615514490584,0.0,1.0,6.194157229336726,966.2255774553212,79.59167899763797,302.7106577576344,29.571779036695137
19,265.0,38.69815729236488,0.95,0.0,0.0,0.0,0.0,0.03,0.0,0.02,301.2,79.08,0.8798140770252324,0.4893545434037036,41.024914450772926,30.55475723793675,947.934407720831,99.34955836600224,0.9558028433389052,0.0,0.0,0.0,0.0,0.02394310617916,0.0,0.0202540504819348,0.8028272336302487,0.0,0.0,0.0,0.0,0.183616040819924,0.0,0.0135567255498271,5.38067745107852,1.457048212172782,1.0,0.0,0.0,0.0,0.0,1.4578199080560683,0.0,1.0,6.194157229336726,966.2255774553212,79.59167899763797,302.7106577576344,29.571779036695137
19,265.0,39.8614858715689,0.95,0.0,0.0,0.0,0.0,0.03,0.0,0.02,301.2,79.08,0.8798140770252324,0.5040653246278314,41.024914450772926,30.55475723793675,946.2414053625128,102.04029201002548,0.95291255169277,0.0,0.0,0.0,0.0,0.0269673518932889,0.0,0.0201200964139411,0.7861601877387533,0.0,0.0,0.0,0.0,0.2005955975618847,0.0,0.0132442146993619,5.276822836229205,1.471096839917931,1.0,0.0,0.0,0.0,0.0,1.450725034533276,0.0,1.0,6.194157229336726,966.2255774553212,79.59167899763797,302.7106577576344,29.571779036695137
19,265.0,41.02481445077292,0.95,0.0,0.0,0.0,0.0,0.03,0.0,0.02,301.2,79.08,0.8798140770252324,0.5187761058519591,41.024914450772926,30.55475723793675,944.5295454830313,104.75490543570442,0.9500002510757688,0.0,0.0,0.0,0.0,0.029999739077135,0.0,0.0200000098470962,0.770441003246692,0.0,0.0,0.0,0.0,0.2166012324058266,0.0,0.0129577643474813,5.173759931449217,1.4854071142101042,1.0,0.0,0.0,0.0,0.0,1.4436887758041614,0.0,1.0,6.194157229336726,966.2255774553212,79.59167899763797,302.7106577576344,29.571779036695137
19,270.0,35.09255347213026,0.95,0.0,0.0,0.0,0.0,0.03,0.0,0.02,301.2,79.08,0.896414342629482,0.4437601602444393,45.1864575566461,35.09245347213026,928.9393961112144,95.109082784384,0.970473713669936,0.0,0.0,0.0,0.0,0.0037210231137115,0.0,0.0258052632163523,0.9499985276859314,0.0,0.0,0.0,0.0,0.0300018897845306,0.0,0.0199995825295379,5.067208644971333,1.4892680379992562,1.0,0.0,0.0,0.0,0.0,1.4139023677718392,0.0,1.0,5.130843724671824,936.9320241360858,93.30322734807504,302.7106577576344,33.91794976874195
19,270.0,36.21408725929869,0.95,0.0,0.0,0.0,0.0,0.03,0.0,0.02,301.2,79.08,0.896414342629482,0.4579424286709495,45.1864575566461,35.09245347213026,927.9046554892228,97.76858709829642,0.9706141493839904,0.0,0.0,0.0,0.0,0.0065452382515542,0.0,0.0228406123644552,0.9313999294200838,0.0,0.0,0.0,0.0,0.0511631445872331,0.0,0.0174369259926832,4.966549917543698,1.503749754586562,1.0,0.0,0.0,0.0,0.0,1.407972195272748,0.0,1.0,5.130843724671824,936.9320241360858,93.30322734807504,302.7106577576344,33.91794976874195
19,270.0,37.33562104646711,0.95,0.0,0.0,0.0,0.0,0.03,0.0,0.02,301.2,79.08,0.896414342629482,0.4721246970974597,45.1864575566461,35.09245347213026,926.404472310053,100.38678350485924,0.968769458903772,0.0,0.0,0.0,0.0,0.0094301882811685,0.0,0.0218003528150594,0.91214352269651,0.0,0.0,0.0,0.0,0.0714876430089582,0.0,0.0163688342945318,4.869700011612611,1.5181288896096596,1.0,0.0,0.0,0.0,0.0,1.4017932387856222,0.0,1.0,5.130843724671824,936.9320241360858,93.30322734807504,302.7106577576344,33.91794976874195
19,270.0,38.45715483363554,0.95,0.0,0.0,0.0,0.0,0.03,0.0,0.02,301.2,79.08,0.896414342629482,0.4863069655239699,45.1864575566461,35.09245347213026,924.7731396044256,103.01160618169202,0.966412628353447,0.0,0.0,0.0,0.0,0.0123362564329658,0.0,0.0212511152135871,0.8935552081336672,0.0,0.0,0.0,0.0,0.0907475114741219,0.0,0.0156972803922109,4.774320544613005,1.5326906958380866,1.0,0.0,0.0,0.0,0.0,1.3955801982148797,0.0,1.0,5.130843724671824,936.9320241360858,93.30322734807504,302.7106577576344,33.91794976874195
19,270.0,39.578688620803966,0.95,0.0,0.0,0.0,0.0,0.03,0.0,0.02,301.2,79.08,0.896414342629482,0.5004892339504801,45.1864575566461,35.09245347213026,923.0796448991208,105.65334128053736,0.963847077373012,0.0,0.0,0.0,0.0,0.0152554932696513,0.0,0.0208974293573367,0.8758397192388804,0.0,0.0,0.0,0.0,0.1089666100182294,0.0,0.0151936707428903,4.679939013958379,1.5474686855677513,1.0,0.0,0.0,0.0,0.0,1.38937315390904,0.0,1.0,5.130843724671824,936.9320241360858,93.30322734807504,302.7106577576344,33.91794976874195
19,270.0,40.70022240797239,0.95,0.0,0.0,0.0,0.0,0.03,0.0,0.02,301.2,79.08,0.896414342629482,0.5146715023769903,45.1864575566461,35.09245347213026,921.3467625185142,108.31576961406628,0.9611736676857784,0.0,0.0,0.0,0.0,0.0181853953936817,0.0,0.0206409369205398,0.8590145827023852,0.0,0.0,0.0,0.0,0.1262044657619777,0.0,0.0147809515356371,4.586400299455654,1.5625294977553132,1.0,0.0,0.0,0.0,0.0,1.3831968946743258,0.0,1.0,5.130843724671824,936.9320241360858,93.30322734807504,302.7106577576344,33.91794976874195
19,270.0,41.821756195140814,0.95,0.0,0.0,0.0,0.0,0.03,0.0,0.02,301.2,79.08,0.896414342629482,0.5288537708035005,45.1864575566461,35.09245347213026,919.5840106259128,111.00082477507358,0.9584353255224094,0.0,0.0,0.0,0.0,0.0211250155971474,0.0,0.0204396588804432,0.8430491641498166,0.0,0.0,0.0,0.0,0.1425252365804743,0.0,0.014425599269709,4.493637507140022,1.5778470734471293,1.0,0.0,0.0,0.0,0.0,1.377052442499005,0.0,1.0,5.130843724671824,936.9320241360858,93.30322734807504,302.7106577576344,33.91794976874195
19,270.0,42.94328998230924,0.95,0.0,0.0,0.0,0.0,0.03,0.0,0.02,301.2,79.08,0.896414342629482,0.5430360392300106,45.1864575566461,35.09245347213026,917.795938927684,113.7097626480282,0.9556533209314616,0.0,0.0,0.0,0.0,0.0240739908049454,0.0,0.0202726882635929,0.8278988953803208,0.0,0.0,0.0,0.0,0.1579906584952128,0.0,0.0141104461244662,4.401620889394985,1.5934738582128702,1.0,0.0,0.0,0.0,0.0,1.3709377558891431,0.0,1.0,5.130843724671824,936.9320241360858,93.30322734807504,302.7106577576344,33.91794976874195
19,270.0,44.06482376947767,0.95,0.0,0.0,0.0,0.0,0.03,0.0,0.02,301.2,79.08,0.896414342629482,0.5572183076565209,45.1864575566461,35.09245347213026,915.9848882895934,116.44355105163936,0.9528393319973404,0.0,0.0,0.0,0.0,0.0270322197665248,0.0,0.0201284482361349,0.8135161500886514,0.0,0.0,0.0,0.0,0.1726582281800538,0.0,0.0138256217312946,4.310334134814955,1.6093976007590052,1.0,0.0,0.0,0.0,0.0,1.3648682122480198,0.0,1.0,5.130843724671824,936.9320241360858,93.30322734807504,302.7106577576344,33.91794976874195
19,270.0,45.186357556646094,0.95,0.0,0.0,0.0,0.0,0.03,0.0,0.02,301.2,79.08,0.896414342629482,0.5714005760830311,45.1864575566461,35.09245347213026,914.1520914418442,119.20302560114727,0.9500002540074572,0.0,0.0,0.0,0.0,0.0299997351060903,0.0,0.0200000108864523,0.7998541927255004,0.0,0.0,0.0,0.0,0.1865808749574916,0.0,0.0135649323170079,4.219765571496754,1.6256346022259316,1.0,0.0,0.0,0.0,0.0,1.3588300775549045,0.0,1.0,5.130843724671824,936.9320241360858,93.30322734807504,302.7106577576344,33.91794976874195
19,275.0,40.13251166712106,0.95,0.0,0.0,0.0,0.0,0.03,0.0,0.02,301.2,79.08,0.9130146082337318,0.5074925602822592,49.738854862426,40.132411667121055,896.4089853408425,111.92800780198776,0.9699833113698508,0.0,0.0,0.0,0.0,0.0045116291595726,0.0,0.0255050594705764,0.949998757134305,0.0,0.0,0.0,0.0,0.0300015852538726,0.0,0.0199996576118222,4.040969394981248,1.6470417040174357,1.0,0.0,0.0,0.0,0.0,1.3276558193866856,0.0,1.0,4.11187312512685,904.4335281070778,109.60126774294156,302.7106577576344,38.72523437118672
19,275.0,41.19987202215494,0.95,0.0,0.0,0.0,0.0,0.03,0.0,0.02,301.2,79.08,0.9130146082337318,0.5209897827788941,49.738854862426,40.132411667121055,895.1019493781283,114.6335720811371,0.9697960999523546,0.0,0.0,0.0,0.0,0.007244014304927,0.0,0.0229598857427183,0.9352987313629106,0.0,0.0,0.0,0.0,0.0468993821818544,0.0,0.0178018864552349,3.9540705498943383,1.6637274937183797,1.0,0.0,0.0,0.0,0.0,1.3225199691587894,0.0,1.0,4.11187312512685,904.4335281070778,109.60126774294156,302.7106577576344,38.72523437118672
19,275.0,42.26723237718882,0.95,0.0,0.0,0.0,0.0,0.03,0.0,0.02,301.2,79.08,0.9130146082337318,0.5344870052755288,49.738854862426,40.132411667121055,893.4545146339335,117.30036430086363,0.9680392493802584,0.0,0.0,0.0,0.0,0.0100348462800782,0.0,0.0219259043396632,0.9199403023248488,0.0,0.0,0.0,0.0,0.0632689277811939,0.0,0.0167907698939571,3.870331195335456,1.6803494232941056,1.0,0.0,0.0,0.0,0.0,1.3172674846785488,0.0,1.0,4.11187312512685,904.4335281070778,109.60126774294156,302.7106577576344,38.72523437118672
19,275.0,43.3345927322227,0.95,0.0,0.0,0.0,0.0,0.03,0.0,0.02,301.2,79.08,0.9130146082337318,0.5479842277721637,49.738854862426,40.132411667121055,891.6902900828528,119.97299935620492,0.9658008712517988,0.0,0.0,0.0,0.0,0.0128493584009874,0.0,0.0213497703472135,0.9049229401186262,0.0,0.0,0.0,0.0,0.0789277132914204,0.0,0.0161493465899534,3.787963968097728,1.6971925209169394,1.0,0.0,0.0,0.0,0.0,1.3119978041636589,0.0,1.0,4.11187312512685,904.4335281070778,109.60126774294156,302.7106577576344,38.72523437118672
19,275.0,44.40195308725659,0.95,0.0,0.0,0.0,0.0,0.03,0.0,0.02,301.2,79.08,0.9130146082337318,0.5614814502687985,49.738854862426,40.132411667121055,889.8647276560475,122.66300870946893,0.9633507310114736,0.0,0.0,0.0,0.0,0.0156791573178713,0.0,0.020970111670655,0.8904573494080905,0.0,0.0,0.0,0.0,0.0938692316750955,0.0,0.0156734189168138,3.70653300272506,1.7143363688203317,1.0,0.0,0.0,0.0,0.0,1.3067384930159494,0.0,1.0,4.11187312512685,904.4335281070778,109.60126774294156,302.7106577576344,38.72523437118672
19,275.0,45.46931344229046,0.95,0.0,0.0,0.0,0.0,0.03,0.0,0.02,301.2,79.08,0.9130146082337318,0.5749786727654332,49.738854862426,40.132411667121055,887.9976557307044,125.3749768563886,0.9607863382092996,0.0,0.0,0.0,0.0,0.0185213688085216,0.0,0.0206922929821786,0.8765913364901958,0.0,0.0,0.0,0.0,0.1081202070932541,0.0,0.0152884564165498,3.625882127145684,1.7318127368997709,1.0,0.0,0.0,0.0,0.0,1.301498960622869,0.0,1.0,4.11187312512685,904.4335281070778,109.60126774294156,302.7106577576344,38.72523437118672
19,275.0,46.53667379732435,0.95,0.0,0.0,0.0,0.0,0.03,0.0,0.02,301.2,79.08,0.9130146082337318,0.5884758952620681,49.738854862426,40.132411667121055,886.0977007040502,128.1113317559028,0.9581512407882604,0.0,0.0,0.0,0.0,0.0213748468265012,0.0,0.0204739123852384,0.8633242774771133,0.0,0.0,0.0,0.0,0.121715041010723,0.0,0.0149606815121635,3.54594532548209,1.7496556768721498,1.0,0.0,0.0,0.0,0.0,1.296282703480722,0.0,1.0,4.11187312512685,904.4335281070778,109.60126774294156,302.7106577576344,38.72523437118672
19,275.0,47.60403415235823,0.95,0.0,0.0,0.0,0.0,0.03,0.0,0.02,301.2,79.08,0.9130146082337318,0.601973117758703,49.738854862426,40.132411667121055,884.1690515579468,130.87366257819778,0.9554677012705828,0.0,0.0,0.0,0.0,0.0242391320245823,0.0,0.020293166704835,0.850638445755813,0.0,0.0,0.0,0.0,0.1346891129390598,0.0,0.014672441305127,3.466687452889988,1.7678787823858606,1.0,0.0,0.0,0.0,0.0,1.291092169134812,0.0,1.0,4.11187312512685,904.4335281070778,109.60126774294156,302.7106577576344,38.72523437118672
19,275.0,48.67139450739211,0.95,0.0,0.0,0.0,0.0,0.03,0.0,0.02,301.2,79.08,0.9130146082337318,0.6154703402553378,49.738854862426,40.132411667121055,882.2138494185377,133.66319384311657,0.952748210584296,0.0,0.0,0.0,0.0,0.0271140836009138,0.0,0.0201377058147899,0.8385098898951111,0.0,0.0,0.0,0.0,0.1470765948308931,0.0,0.0144135152739957,3.38809062601825,1.7864998198857305,1.0,0.0,0.0,0.0,0.0,1.2859285316445483,0.0,1.0,4.11187312512685,904.4335281070778,109.60126774294156,302.7106577576344,38.72523437118672
19,275.0,49.73875486242599,0.95,0.0,0.0,0.0,0.0,0.03,0.0,0.02,301.2,79.08,0.9130146082337318,0.6289675627519726,49.738854862426,40.132411667121055,880.2331764745011,136.48097563694574,0.9500002584740502,0.0,0.0,0.0,0.0,0.0299997292991461,0.0,0.0200000122268035,0.8269127312969525,0.0,0.0,0.0,0.0,0.1589097636805493,0.0,0.0141775050224981,3.310144919776851,1.805537629458265,1.0,0.0,0.0,0.0,0.0,1.2807897312777852,0.0,1.0,4.11187312512685,904.4335281070778,109.60126774294156,302.7106577576344,38.72523437118672
19,280.0,45.72266945044864,0.95,0.0,0.0,0.0,0.0,0.03,0.0,0.02,301.2,79.08,0.9296148738379816,0.578182466495304,54.70146900399283,45.72256945044864,859.4212448634393,132.3992969368748,0.969345452566288,0.0,0.0,0.0,0.0,0.0055264489754998,0.0,0.0251280984582123,0.949998952558196,0.0,0.0,0.0,0.0,0.0300013250979965,0.0,0.0199997223438075,3.065700963800841,1.855902028109769,1.0,0.0,0.0,0.0,0.0,1.2484171745737105,0.0,1.0,3.1449654870637134,867.6798743518019,129.30886906724652,302.7106577576344,44.02808165538378
19,280.0,46.720302734175775,0.95,0.0,0.0,0.0,0.0,0.03,0.0,0.02,301.2,79.08,0.9296148738379816,0.5907979607255409,54.70146900399283,45.72256945044864,857.8188989653811,135.16116285373508,0.968835086580242,0.0,0.0,0.0,0.0,0.0081439035775787,0.0,0.0230210098421791,0.9386266566683564,0.0,0.0,0.0,0.0,0.0431975442450293,0.0,0.0181757990866142,2.9929619540418666,1.875863178346301,1.0,0.0,0.0,0.0,0.0,1.244035434853864,0.0,1.0,3.1449654870637134,867.6798743518019,129.30886906724652,302.7106577576344,44.02808165538378
19,280.0,47.71793601790291,0.95,0.0,0.0,0.0,0.0,0.03,0.0,0.02,301.2,79.08,0.9296148738379816,0.6034134549557778,54.70146900399283,45.72256945044864,855.9845465143435,137.89027636470817,0.9671544212527649,0.0,0.0,0.0,0.0,0.0108152793853175,0.0,0.0220302993619175,0.9266927878476005,0.0,0.0,0.0,0.0,0.05606572071785,0.0,0.0172414914345496,2.922676957700361,1.8958423425662003,1.0,0.0,0.0,0.0,0.0,1.2396207541832414,0.0,1.0,3.1449654870637134,867.6798743518019,129.30886906724652,302.7106577576344,44.02808165538378
19,280.0,48.71556930163003,0.95,0.0,0.0,0.0,0.0,0.03,0.0,0.02,301.2,79.08,0.9296148738379816,0.6160289491860146,54.70146900399283,45.72256945044864,854.0513736473906,140.62576152885254,0.9650454579329868,0.0,0.0,0.0,0.0,0.0135123810437594,0.0,0.0214421610232538,0.9148891718383086,0.0,0.0,0.0,0.0,0.0684763267789142,0.0,0.016634501382777,2.8536140168204778,1.916130187465531,1.0,0.0,0.0,0.0,0.0,1.2352048036639418,0.0,1.0,3.1449654870637134,867.6798743518019,129.30886906724652,302.7106577576344,44.02808165538378
19,280.0,49.713202585357166,0.95,0.0,0.0,0.0,0.0,0.03,0.0,0.02,301.2,79.08,0.9296148738379816,0.6286444434162515,54.70146900399283,45.72256945044864,852.0591757248086,143.3799038020417,0.962730707477761,0.0,0.0,0.0,0.0,0.0162269942963868,0.0,0.0210422982258521,0.9034046400626796,0.0,0.0,0.0,0.0,0.0804102509070837,0.0,0.0161851090302365,2.7854067351683143,1.9368252269916968,1.0,0.0,0.0,0.0,0.0,1.2307973839165554,0.0,1.0,3.1449654870637134,867.6798743518019,129.30886906724652,302.7106577576344,44.02808165538378
19,280.0,50.7108358690843,0.95,0.0,0.0,0.0,0.0,0.03,0.0,0.02,301.2,79.08,0.9296148738379816,0.6412599376464884,54.70146900399283,45.72256945044864,850.0235018381815,146.15809513809648,0.9602988162064452,0.0,0.0,0.0,0.0,0.0189560310352097,0.0,0.020745152758345,0.8922996924203811,0.0,0.0,0.0,0.0,0.0918751119929072,0.0,0.0158251955867117,2.71791605003183,1.9579740165568589,1.0,0.0,0.0,0.0,0.0,1.22640836614786,0.0,1.0,3.1449654870637134,867.6798743518019,129.30886906724652,302.7106577576344,44.02808165538378
19,280.0,51.70846915281143,0.95,0.0,0.0,0.0,0.0,0.03,0.0,0.02,301.2,79.08,0.9296148738379816,0.6538754318767253,54.70146900399283,45.72256945044864,847.9514030854508,148.96334509634252,0.9577917778441144,0.0,0.0,0.0,0.0,0.0216981926971811,0.0,0.0205100294587043,0.8815912359501543,0.0,0.0,0.0,0.0,0.102886623351921,0.0,0.0155221406979246,2.651074545333328,1.9796205136924896,1.0,0.0,0.0,0.0,0.0,1.2220355368162616,0.0,1.0,3.1449654870637134,867.6798743518019,129.30886906724652,302.7106577576344,44.02808165538378
19,280.0,52.70610243653856,0.95,0.0,0.0,0.0,0.0,0.03,0.0,0.02,301.2,79.08,0.9296148738379816,0.666490926106962,54.70146900399283,45.72256945044864,845.8463264751988,151.79768700148472,0.9552319218723218,0.0,0.0,0.0,0.0,0.0244529394494338,0.0,0.0203151386782443,0.871278760336337,0.0,0.0,0.0,0.0,0.1134629212144909,0.0,0.0152583184491719,2.5848470994420474,2.001794388372333,1.0,0.0,0.0,0.0,0.0,1.2176799408256096,0.0,1.0,3.1449654870637134,867.6798743518019,129.30886906724652,302.7106577576344,44.02808165538378
19,280.0,53.70373572026569,0.95,0.0,0.0,0.0,0.0,0.03,0.0,0.02,301.2,79.08,0.9296148738379816,0.6791064203371989,54.70146900399283,45.72256945044864,843.7099679533446,154.662703391111,0.9526321260047048,0.0,0.0,0.0,0.0,0.0272201035293754,0.0,0.0201477704659197,0.8613541318952331,0.0,0.0,0.0,0.0,0.1236225452122785,0.0,0.0150233228924883,2.519217168352967,2.0245156537022595,1.0,0.0,0.0,0.0,0.0,1.2133416650502793,0.0,1.0,3.1449654870637134,867.6798743518019,129.30886906724652,302.7106577576344,44.02808165538378
19,280.0,54.70136900399282,0.95,0.0,0.0,0.0,0.0,0.03,0.0,0.02,301.2,79.08,0.9296148738379816,0.6917219145674358,54.70146900399283,45.72256945044864,841.5430806561664,157.55975931307793,0.9500002650113444,0.0,0.0,0.0,0.0,0.0299997209831837,0.0,0.0200000140054718,0.8518058076544901,0.0,0.0,0.0,0.0,0.1333836154534273,0.0,0.0148105768920825,2.4541764645540662,2.047824532130025,1.0,0.0,0.0,0.0,0.0,1.2090233946165327,0.0,1.0,3.1449654870637134,867.6798743518019,129.30886906724652,302.7106577576344,44.02808165538378
19,285.0,51.9229480378698,0.95,0.0,0.0,0.0,0.0,0.03,0.0,0.02,301.2,79.08,0.9462151394422312,0.6565876079649697,60.08619856292643,51.9228480378698,816.0735559369709,158.0691855534071,0.9684670062372904,0.0,0.0,0.0,0.0,0.0068803018780612,0.0,0.0246526918846482,0.9499991220608616,0.0,0.0,0.0,0.0,0.0300010991325604,0.0,0.0199997788065779,2.1526968949070246,2.1516610125390776,1.0,0.0,0.0,0.0,0.0,1.175520442051296,0.0,1.0,2.2410524707626744,824.9746819221486,153.77005765610247,302.7106577576344,49.86436423924916
19,285.0,52.829964762876095,0.95,0.0,0.0,0.0,0.0,0.03,0.0,0.02,301.2,79.08,0.9462151394422312,0.668057217537634,60.08619856292643,51.9228480378698,814.1451420833322,160.90319853591694,0.967657293724739,0.0,0.0,0.0,0.0,0.0093473409633921,0.0,0.0229953653118687,0.9414967578938016,0.0,0.0,0.0,0.0,0.0399457234309353,0.0,0.0185575186752631,2.0946975682971454,2.1768669754375685,1.0,0.0,0.0,0.0,0.0,1.171880939485167,0.0,1.0,2.2410524707626744,824.9746819221486,153.77005765610247,302.7106577576344,49.86436423924916
19,285.0,53.73698148788238,0.95,0.0,0.0,0.0,0.0,0.03,0.0,0.02,301.2,79.08,0.9462151394422312,0.6795268271102982,60.08619856292643,51.9228480378698,812.071557432298,163.7151139537246,0.9660456856472472,0.0,0.0,0.0,0.0,0.0118615753789642,0.0,0.0220927389737884,0.9325827845563144,0.0,0.0,0.0,0.0,0.0496888345178212,0.0,0.0177283809258644,2.0384515744879983,2.20347473255182,1.0000000003501552,0.0,0.0,0.0,0.0,1.168436537678961,0.0,1.0000000005618397,2.2410524707626744,824.9746819221486,153.77005765610247,302.7106577576344,49.86436423924916
19,285.0,54.64399821288868,0.95,0.0,0.0,0.0,0.0,0.03,0.0,0.02,301.2,79.08,0.9462151394422312,0.6909964366829625,60.08619856292643,51.9228480378698,809.9184214382723,166.53648632280868,0.9640818294367668,0.0,0.0,0.0,0.0,0.0144026446140445,0.0,0.0215155259491887,0.9236813993300304,0.0,0.0,0.0,0.0,0.0591510822335889,0.0,0.0171675184363806,1.9832314788709804,2.2294839745777693,1.0000000001356577,0.0,0.0,0.0,0.0,1.164827567646306,0.0,1.0000000002327525,2.2410524707626744,824.9746819221486,153.77005765610247,302.7106577576344,49.86436423924916
19,285.0,55.55101493789497,0.95,0.0,0.0,0.0,0.0,0.03,0.0,0.02,301.2,79.08,0.9462151394422312,0.7024660462556268,60.08619856292643,51.9228480378698,807.709364523059,169.37954033333622,0.961930126117999,0.0,0.0,0.0,0.0,0.0169633595480006,0.0,0.0211065143340003,0.914939513807395,0.0,0.0,0.0,0.0,0.0683123319941851,0.0,0.0167481541984198,1.9287548985796248,2.2561033560969124,1.0000000000387692,0.0,0.0,0.0,0.0,1.1612311805808984,0.0,1.0000000000497271,2.2410524707626744,824.9746819221486,153.77005765610247,302.7106577576344,49.86436423924916
19,285.0,56.458031662901256,0.95,0.0,0.0,0.0,0.0,0.03,0.0,0.02,301.2,79.08,0.9462151394422312,0.7139356558282911,60.08619856292643,51.9228480378698,805.454482159095,172.2503430153569,0.9596639857612173,0.0,0.0,0.0,0.0,0.0195407280170506,0.0,0.0207952862217321,0.9064159870860812,0.0,0.0,0.0,0.0,0.0771707074532813,0.0,0.0164133054606374,1.8749127999062072,2.2817149869078883,1.0,0.0,0.0,0.0,0.0,1.1574101507651262,0.0,1.0,2.2410524707626744,824.9746819221486,153.77005765610247,302.7106577576344,49.86436423924916
19,285.0,57.36504838790755,0.95,0.0,0.0,0.0,0.0,0.03,0.0,0.02,301.2,79.08,0.9462151394422312,0.7254052654009554,60.08619856292643,51.9228480378698,803.1584710256697,175.15257767936194,0.9573208342435446,0.0,0.0,0.0,0.0,0.0221334199113602,0.0,0.020545745845095,0.8981353575078649,0.0,0.0,0.0,0.0,0.085730993266622,0.0,0.0161336492255129,1.8216659239790851,2.31150204832438,1.0000000000215323,0.0,0.0,0.0,0.0,1.154078267814239,0.0,1.0000000000291356,2.2410524707626744,824.9746819221486,153.77005765610247,302.7106577576344,49.86436423924916
19,285.0,58.27206511291384,0.95,0.0,0.0,0.0,0.0,0.03,0.0,0.02,301.2,79.08,0.9462151394422312,0.7368748749736197,60.08619856292643,51.9228480378698,800.8235168580732,178.08886193749282,0.9549216016080084,0.0,0.0,0.0,0.0,0.0247408775305716,0.0,0.02033752086142,0.8901068027734849,0.0,0.0,0.0,0.0,0.0940006413333681,0.0,0.0158925558931469,1.768949839715208,2.3382488769344985,1.0,0.0,0.0,0.0,0.0,1.1502455607615496,0.0,1.0,2.2410524707626744,824.9746819221486,153.77005765610247,302.7106577576344,49.86436423924916
19,285.0,59.17908183792013,0.95,0.0,0.0,0.0,0.0,0.03,0.0,0.02,301.2,79.08,0.9462151394422312,0.7483444845462839,60.08619856292643,51.9228480378698,798.450495568146,181.06130295226572,0.9524787991942906,0.0,0.0,0.0,0.0,0.0273629470513803,0.0,0.0201582537543289,0.882331993746114,0.0,0.0,0.0,0.0,0.1019881286995849,0.0,0.0156798775543011,1.7167962519522872,2.370128824473383,1.000000000000104,0.0,0.0,0.0,0.0,1.1469789050631447,0.0,1.000000000009414,2.2410524707626744,824.9746819221486,153.77005765610247,302.7106577576344,49.86436423924916
19,285.0,60.08609856292642,0.95,0.0,0.0,0.0,0.0,0.03,0.0,0.02,301.2,79.08,0.9462151394422312,0.7598140941189482,60.08619856292643,51.9228480378698,796.039530029891,184.0717565969477,0.9500002746418148,0.0,0.0,0.0,0.0,0.0299997088816204,0.0,0.0200000164765647,0.8748087221001624,0.0,0.0,0.0,0.0,0.1097022223042321,0.0,0.0154890555956054,1.6651545987769063,2.4007783650668784,1.0000000000000364,0.0,0.0,0.0,0.0,1.143449490023244,0.0,1.0000000000056604,2.2410524707626744,824.9746819221486,153.77005765610247,302.7106577576344,49.86436423924916
19,290.0,58.81683100449303,0.95,0.0,0.0,0.0,0.0,0.03,0.0,0.02,301.2,79.08,0.9628154050464808,0.7437636697583844,65.88571990237348,58.81673100449303,762.7787092964674,191.91143509594372,0.967158301301672,0.0,0.0,0.0,0.0,0.0088063067382947,0.0,0.0240353919600332,0.9499992736028392,0.0,0.0,0.0,0.0,0.0300008972355912,0.0,0.0199998291615695,1.3195785674081677,2.623556471884644,1.000000000110023,0.0,0.0,0.0,0.0,1.1089456187014233,0.0,1.0000000001337928,1.4167983026644004,773.2637021553837,185.44864903964933,302.7106577576344,56.27641671412855
19,290.0,59.60225199314642,0.95,0.0,0.0,0.0,0.0,0.03,0.0,0.02,301.2,79.08,0.9628154050464808,0.7536956498880427,65.88571990237348,58.81673100449303,760.4785724739273,194.84267325430187,0.9661033915331784,0.0,0.0,0.0,0.0,0.0110620386502537,0.0,0.0228345698165681,0.9440228052471484,0.0,0.0,0.0,0.0,0.0370293194434347,0.0,0.0189478753094169,1.277195719862785,2.6587730396647005,1.0000000000629352,0.0,0.0,0.0,0.0,1.1060993996773454,0.0,1.000000000076197,1.4167983026644004,773.2637021553837,185.44864903964933,302.7106577576344,56.27641671412855
19,290.0,60.3876729817998,0.95,0.0,0.0,0.0,0.0,0.03,0.0,0.02,301.2,79.08,0.9628154050464808,0.7636276300177011,65.88571990237348,58.81673100449303,758.0933472991276,197.7691208538519,0.9645694084415058,0.0,0.0,0.0,0.0,0.0133562873973482,0.0,0.0220743041611459,0.9378013196314364,0.0,0.0,0.0,0.0,0.0439354546206266,0.0,0.0182632257479367,1.2359324506841285,2.6946260421094737,1.0000000001103913,0.0,0.0,0.0,0.0,1.1032760451943602,0.0,1.0000000001372409,1.4167983026644004,773.2637021553837,185.44864903964933,302.7106577576344,56.27641671412855
19,290.0,61.17309397045318,0.95,0.0,0.0,0.0,0.0,0.03,0.0,0.02,301.2,79.08,0.9628154050464808,0.7735596101473594,65.88571990237348,58.81673100449303,755.6447362776166,200.71315155955293,0.962779747670411,0.0,0.0,0.0,0.0,0.0156770115248165,0.0,0.0215432408047724,0.9315479045339244,0.0,0.0,0.0,0.0,0.050680310560082,0.0,0.0177717849059934,1.1954389869180573,2.731405075324969,1.0000000000942864,0.0,0.0,0.0,0.0,1.1004689601918418,0.0,1.0000000001217386,1.4167983026644004,773.2637021553837,185.44864903964933,302.7106577576344,56.27641671412855
19,290.0,61.958514959106566,0.95,0.0,0.0,0.0,0.0,0.03,0.0,0.02,301.2,79.08,0.9628154050464808,0.7834915902770178,65.88571990237348,58.81673100449303,753.1418636013848,203.6857516203929,0.960835353118484,0.0,0.0,0.0,0.0,0.0180190481745378,0.0,0.021145598706978,0.925356119314351,0.0,0.0,0.0,0.0,0.0572494254740544,0.0,0.0173944552115944,1.1555635512387463,2.769295017089954,1.000000000018786,0.0,0.0,0.0,0.0,1.0976751124234614,0.0,1.0000000000463156,1.4167983026644004,773.2637021553837,185.44864903964933,302.7106577576344,56.27641671412855
19,290.0,62.74393594775994,0.95,0.0,0.0,0.0,0.0,0.03,0.0,0.02,301.2,79.08,0.9628154050464808,0.7934235704066761,65.88571990237348,58.81673100449303,750.5886925584721,206.6933794195466,0.9587879013789712,0.0,0.0,0.0,0.0,0.0203800074672704,0.0,0.0208320911537585,0.9192715875280216,0.0,0.0,0.0,0.0,0.063637962668816,0.0,0.0170904498031622,1.1162293787042994,2.808406176653341,1.0000000000011102,0.0,0.0,0.0,0.0,1.0948934342612422,0.0,1.0000000000008735,1.4167983026644004,773.2637021553837,185.44864903964933,302.7106577576344,56.27641671412855
19,290.0,63.52935693641333,0.95,0.0,0.0,0.0,0.0,0.03,0.0,0.02,301.2,79.08,0.9628154050464808,0.8033555505363345,65.88571990237348,58.81673100449303,747.9867402614232,209.74046221116544,0.9566663298687124,0.0,0.0,0.0,0.0,0.0227587917687097,0.0,0.020574878362578,0.9133179745212124,0.0,0.0,0.0,0.0,0.0698453406999954,0.0,0.0168366847787921,1.077399968369298,2.848868260324662,1.0000000000009996,0.0,0.0,0.0,0.0,1.0921233192925466,0.0,1.0000000000007276,1.4167983026644004,773.2637021553837,185.44864903964933,302.7106577576344,56.27641671412855
19,290.0,64.3147779250667,0.95,0.0,0.0,0.0,0.0,0.03,0.0,0.02,301.2,79.08,0.9628154050464808,0.8132875306659928,65.88571990237348,58.81673100449303,745.3362203176403,212.83045105480448,0.9544879413453484,0.0,0.0,0.0,0.0,0.0251549780029019,0.0,0.0203570806517498,0.9075078685340584,0.0,0.0,0.0,0.0,0.07587299516948,0.0,0.0166191362964616,1.039045215649698,2.8907743993060597,1.0000000000008928,0.0,0.0,0.0,0.0,1.0893644112149352,0.0,1.00000000000067,1.4167983026644004,773.2637021553837,185.44864903964933,302.7106577576344,56.27641671412855
19,290.0,65.10019891372009,0.95,0.0,0.0,0.0,0.0,0.03,0.0,0.02,301.2,79.08,0.9628154050464808,0.8232195107956511,65.88571990237348,58.81673100449303,742.6365578006864,215.9662870925228,0.9522635828541852,0.0,0.0,0.0,0.0,0.027568538658071,0.0,0.0201678784877437,0.9018478140820404,0.0,0.0,0.0,0.0,0.0817233899224935,0.0,0.0164287959954659,1.0011633837136649,2.934232376233507,1.0000000000008105,0.0,0.0,0.0,0.0,1.086616686571506,0.0,1.000000000000601,1.4167983026644004,773.2637021553837,185.44864903964933,302.7106577576344,56.27641671412855
19,290.0,65.88561990237348,0.95,0.0,0.0,0.0,0.0,0.03,0.0,0.02,301.2,79.08,0.9628154050464808,0.8331514909253095,65.88571990237348,58.81673100449303,739.8866730726819,219.150696114896,0.950000289556428,0.0,0.0,0.0,0.0,0.0299996902595992,0.0,0.0200000201839726,0.8963409466675727,0.0,0.0,0.0,0.0,0.0873994395298444,0.0,0.0162596138025827,0.9637471117694032,2.979356748384805,1.000000000000543,0.0,0.0,0.0,0.0,1.0838793757693792,0.0,1.000000000000369,1.4167983026644004,773.2637021553837,185.44864903964933,302.7106577576344,56.27641671412855
20,200.0,2.625288730879517,0.9995589201162975,1.0000000000000002e-06,0.0003670500789078,1.0000000000000002e-06,1.8574475587429483e-05,5.05755386697143e-05,1.8797905373315453e-06,1.0000000000000002e-06,302.68,75.57,0.6607638430025109,0.0347398270594087,2.9065837811274826,2.625188730879517,1221.9186930742394,7.251865408849582,0.9999965943835538,7.085322410633225e-10,1.5552845637776188e-06,6.331883849531939e-09,2.7154496995584146e-07,4.696846083444551e-07,2.47812798078344e-08,1.0772806080127197e-06,0.999522494098855,1.0831673487753623e-06,0.000397468864635,1.0826993379300812e-06,2.009776109860118e-05,5.474566437863771e-05,2.034176126400957e-06,9.935682195960506e-07,22.53923010517139,0.6824652740574016,1.000000010955855,1.6336945106217,5.254434898002738,5.382564815660332,5.241786959370293,4.162091097765536,4.334706648216686,1.0024496473588014,22.53960113748808,1221.920496490378,7.249541730897533,302.7106577576344,2.6239816647333654
20,200.0,2.656532625351513,0.9995589201162975,1.0000000000000002e-06,0.0003670500789078,1.0000000000000002e-06,1.8574475587429483e-05,5.05755386697143e-05,1.8797905373315453e-06,1.0000000000000002e-06,302.68,75.57,0.6607638430025109,0.0351532701515351,2.9065837811274826,2.625188730879517,1221.8871282758996,7.307539537427974,0.9999425754001976,1.9748457324480785e-08,3.9587634499211024e-05,1.5328393294618933e-07,5.507590685168363e-06,1.0636273739665676e-05,5.171674601552436e-07,1.0029010277948284e-06,0.988273216698872,2.983533382533293e-05,0.009999770343758,2.5907219612355693e-05,0.0004029533536716,0.0012254393229724,4.196306467453666e-05,9.146626133613514e-07,22.530555042416943,0.6827693758375475,1.0000000107920803,1.6330001744968836,5.25115061607677,5.379564546674821,5.239136478289032,4.160363455356814,4.332185324462156,1.0024505479951058,22.53960113748808,1221.920496490378,7.249541730897533,302.7106577576344,2.6239816647333654
20,200.0,2.687776519823509,0.9995589201162975,1.0000000000000002e-06,0.0003670500789078,1.0000000000000002e-06,1.8574475587429483e-05,5.05755386697143e-05,1.8797905373315453e-06,1.0000000000000002e-06,302.68,75.57,0.6607638430025109,0.0355667132436616,2.9065837811274826,2.625188730879517,1221.8572607778983,7.363286769432379,0.9998907657679166,4.366014575214879e-08,7.89226118409074e-05,2.9087118999014804e-07,9.073509015357985e-06,1.903300439073325e-05,8.691345536907136e-07,1.001440946979268e-06,0.97728400298448,6.519367226692412e-05,0.019707413350224,4.859979647675403e-05,0.000656320494053,0.002167847028485,6.971939661489152e-05,9.032773990017708e-07,22.5220281556744,0.6830696881691495,1.0000000106252096,1.6323131716555304,5.2479018516653895,5.376592687650392,5.236525048398809,4.15866523749426,4.329707794276244,1.002451706661797,22.53960113748808,1221.920496490378,7.249541730897533,302.7106577576344,2.6239816647333654
20,200.0,2.719020414295505,0.9995589201162975,1.0000000000000002e-06,0.0003670500789078,1.0000000000000002e-06,1.8574475587429483e-05,5.05755386697143e-05,1.8797905373315453e-06,1.0000000000000002e-06,302.68,75.57,0.6607638430025109,0.035980156335788,2.9065837811274826,2.625188730879517,1221.8284619959406,7.419028820394108,0.999840544335338,7.420266566163385e-08,0.000119181795335,4.1861212117176725e-07,1.1634391593271882e-05,2.601499504975601e-05,1.1307549689575368e-06,1.0009129282886308e-06,0.9665454079253424,0.000109526964363,0.0294235091766763,6.915342760926747e-05,0.0008321286092775,0.0029296951292272,8.96857858890624e-05,8.929816146889143e-07,22.51360046227178,0.6833673723123852,1.000000010460597,1.6316312030962543,5.244676601168612,5.373640088765195,5.233965778265709,4.156986739357971,4.32725953230892,1.0024530844551316,22.53960113748808,1221.920496490378,7.249541730897533,302.7106577576344,2.6239816647333654
20,200.0,2.750264308767502,0.9995589201162975,1.0000000000000002e-06,0.0003670500789078,1.0000000000000002e-06,1.8574475587429483e-05,5.05755386697143e-05,1.8797905373315453e-06,1.0000000000000002e-06,302.68,75.57,0.6607638430025109,0.0363935994279145,2.9065837811274826,2.625188730879517,1221.800376412123,7.47471777859022,0.9997914899974272,1.1424227386164693e-07,0.0001601027216822,5.367140403744875e-07,1.3550672246193508e-05,3.187344154655393e-05,1.3315860851551518e-06,1.0006246984994937e-06,0.9560486039152806,0.0001667119079849,0.0390837785999104,8.767381389590073e-05,0.0009584522914397,0.0035494557698473,0.0001044405733058,8.831283349706835e-07,22.50524550359292,0.6836629964352617,1.0000000102975946,1.6309530760459665,5.241469130830346,5.370702418152455,5.231424392894451,4.1553227097025776,4.324832791522159,1.002454583564104,22.53960113748808,1221.920496490378,7.249541730897533,302.7106577576344,2.6239816647333654
20,200.0,2.7815082032394978,0.9995589201162975,1.0000000000000002e-06,0.0003670500789078,1.0000000000000002e-06,1.8574475587429483e-05,5.05755386697143e-05,1.8797905373315453e-06,1.0000000000000002e-06,302.68,75.57,0.6607638430025109,0.0368070425200409,2.9065837811274826,2.625188730879517,1221.7728044424043,7.530308153399432,0.9997433414720728,1.68685543590442e-07,0.0002014864849527,6.456866208116356e-07,1.503173626209514e-05,3.683562539156716e-05,1.4898755813398872e-06,1.0004335750552252e-06,0.945785302732334,0.0002433948425975,0.0486421173379915,0.0001043107690073,0.0010515671470219,0.0040568623182176,0.0001155712747348,8.735780949613372e-07,22.49695001830988,0.6839567905687197,1.000000010135905,1.6302783172894182,5.2382772139698295,5.367778104499776,5.228898191768167,4.153670561376273,4.322423825242559,1.0024561319123593,22.53960113748808,1221.920496490378,7.249541730897533,302.7106577576344,2.6239816647333654
20,200.0,2.812752097711494,0.9995589201162975,1.0000000000000002e-06,0.0003670500789078,1.0000000000000002e-06,1.8574475587429483e-05,5.05755386697143e-05,1.8797905373315453e-06,1.0000000000000002e-06,302.68,75.57,0.6607638430025109,0.0372204856121674,2.9065837811274826,2.625188730879517,1221.7456407364557,7.585733307219727,0.9996959492864008,2.465877334663622e-07,0.000243158755895,7.461288152117379e-07,1.620614553687367e-05,4.107546119533744e-05,1.6173429740327672e-06,1.0002914494314654e-06,0.9357476752782068,0.0003518462801584,0.0580603101354832,0.0001192218086681,0.001121449787464,0.004474537015216,0.0001240954159128,8.642788902889692e-07,22.488710871235916,0.6842487127210966,1.0000000099753057,1.6296070488336785,5.235101475994069,5.364867931663694,5.22638725140981,4.152029731633644,4.3200319040465285,1.0024576881621918,22.53960113748808,1221.920496490378,7.249541730897533,302.7106577576344,2.6239816647333654
20,200.0,2.84399599218349,0.9995589201162975,1.0000000000000002e-06,0.0003670500789078,1.0000000000000002e-06,1.8574475587429483e-05,5.05755386697143e-05,1.8797905373315453e-06,1.0000000000000002e-06,302.68,75.57,0.6607638430025109,0.0376339287042939,2.9065837811274826,2.625188730879517,1221.718857157852,7.640864489618318,0.9996492708946922,3.665303305143943e-07,0.0002849222831825,8.385796103926266e-07,1.715609158111656e-05,4.472370722751733e-05,1.7217356990403831e-06,1.000177676580956e-06,0.9259283098363412,0.0005172408026458,0.067296409489511,0.0001325481948204,0.0011744746443731,0.0048194765708553,0.0001306852574948,8.552039581651006e-07,22.480537423976923,0.684538350156879,1.0000000098156867,1.6289402270173503,5.23194649158611,5.361976098843198,5.223895357297965,4.1504021439362,4.317659999603829,1.0024591984086504,22.53960113748808,1221.920496490378,7.249541730897533,302.7106577576344,2.6239816647333654
20,200.0,2.8752398866554865,0.9995589201162975,1.0000000000000002e-06,0.0003670500789078,1.0000000000000002e-06,1.8574475587429483e-05,5.05755386697143e-05,1.8797905373315453e-06,1.0000000000000002e-06,302.68,75.57,0.6607638430025109,0.0380473717964203,2.9065837811274826,2.625188730879517,1221.692536764982,7.695397254777817,0.9996034359782564,5.728816078875033e-07,0.000326451780586,9.233182220283116e-07,1.793474719002284e-05,4.787303492801356e-05,1.8081770298897328e-06,1.0000821794691472e-06,0.916320213528284,0.0007996542538982,0.0762804367520766,0.0001443846664168,0.0012147809966911,0.0051038959981564,0.0001357874690901,8.463353865589006e-07,22.47246508230504,0.6848244611828769,1.000000009657673,1.6282806993628824,5.228825750079496,5.35911467974762,5.221434453299467,4.148794901219202,4.315318808892525,1.0024605591445408,22.53960113748808,1221.920496490378,7.249541730897533,302.7106577576344,2.6239816647333654
20,200.0,2.9064837811274824,0.9995589201162975,1.0000000000000002e-06,0.0003670500789078,1.0000000000000002e-06,1.8574475587429483e-05,5.05755386697143e-05,1.8797905373315453e-06,1.0000000000000002e-06,302.68,75.57,0.6607638430025109,0.0384608148885468,2.9065837811274826,2.625188730879517,1221.667063420643,7.748423504617872,0.9995590581112316,9.97948860650159e-07,0.0003669242661193,9.997710701853548e-07,1.857264903220843e-05,5.056766814679118e-05,1.87958529717836e-06,1.0000002418191085e-06,0.9069169345604032,0.0013780188252963,0.0848306327954962,0.0001546905156945,0.001244820232622,0.005334399005324,0.0001396664088209,8.376563426333309e-07,22.46461166985009,0.6851031144961092,1.0000000095061217,1.6276374742969073,5.2257817602705305,5.356321528639052,5.219042792403208,4.147231503000203,4.31304350982403,1.0024614849824716,22.53960113748808,1221.920496490378,7.249541730897533,302.7106577576344,2.6239816647333654
20,205.0,3.3563466713064294,0.9995589201162975,1.0000000000000002e-06,0.0003670500789078,1.0000000000000002e-06,1.8574475587429483e-05,5.05755386697143e-05,1.8797905373315453e-06,1.0000000000000002e-06,302.68,75.57,0.6772829390775736,0.0444137444926085,3.624115801788345,3.356246671306429,1206.275706120138,9.126781131410038,0.9999958604341538,9.780107426008788e-10,2.0817675318873066e-06,8.637073786642653e-09,3.438253768133006e-07,5.693796931769165e-07,2.8912912061197056e-08,1.1060652476831589e-06,0.9995306865999676,1.0645532181284242e-06,0.0003906330222939,1.0640583169424062e-06,1.975247482300556e-05,5.380675732444738e-05,1.999387611628087e-06,9.931464440791482e-07,21.15736373075684,0.7102671124041621,1.0,1.5612168967711466,4.775813618885729,4.640550986021355,4.508277068066238,3.802147015268498,3.9779660471654665,1.0004438068188246,21.15779579629945,1206.2779501886548,9.12387059747945,302.7106577576344,3.35468958110042
20,205.0,3.38608768580442,0.9995589201162975,1.0000000000000002e-06,0.0003670500789078,1.0000000000000002e-06,1.8574475587429483e-05,5.05755386697143e-05,1.8797905373315453e-06,1.0000000000000002e-06,302.68,75.57,0.6772829390775736,0.044807300328231,3.624115801788345,3.356246671306429,1206.2443079899847,9.179144978297012,0.9999427938365868,2.0679189181179742e-08,4.020710836546305e-05,1.5817593317265196e-07,5.370611129970321e-06,9.971042899263836e-06,4.737126770171392e-07,1.0048332187110927e-06,0.9912054348873937,2.231102363913795e-05,0.0074794877955024,1.931895369725977e-05,0.0003059040865507,0.0009341709444447,3.2477484560166413e-05,8.948242117727503e-07,21.14974634525316,0.710542133811007,1.0,1.560657819428588,4.773196845901944,4.638801108633046,4.506291232384126,3.800783442078492,3.975984109148811,1.0004429348028467,21.15779579629945,1206.2779501886548,9.12387059747945,302.7106577576344,3.35468958110042
20,205.0,3.4158287003024106,0.9995589201162975,1.0000000000000002e-06,0.0003670500789078,1.0000000000000002e-06,1.8574475587429483e-05,5.05755386697143e-05,1.8797905373315453e-06,1.0000000000000002e-06,302.68,75.57,0.6772829390775736,0.0452008561638535,3.624115801788345,3.356246671306429,1206.2143712158977,9.231583831496712,0.9998914822253826,4.53155355472654e-08,7.950513666473729e-05,2.969242159815768e-07,8.871036870341738e-06,1.7987000338463062e-05,8.100539051221467e-07,1.0023070872706837e-06,0.9830245396455491,4.846516735840301e-05,0.0146632592609155,3.595564345776265e-05,0.0005010117203608,0.0016708181250464,5.506514147560204e-05,8.852958359637785e-07,21.14224026143714,0.7108141588066709,1.0,1.560103594668076,4.770604268096002,4.637078754094298,4.504328526247582,3.799439539014385,3.9740312169797,1.0004421872126128,21.15779579629945,1206.2779501886548,9.12387059747945,302.7106577576344,3.35468958110042
20,205.0,3.445569714800401,0.9995589201162975,1.0000000000000002e-06,0.0003670500789078,1.0000000000000002e-06,1.8574475587429483e-05,5.05755386697143e-05,1.8797905373315453e-06,1.0000000000000002e-06,302.68,75.57,0.6772829390775736,0.0455944119994759,3.624115801788345,3.356246671306429,1206.18538151883,9.284025104639952,0.9998414898200156,7.66801522973641e-08,0.0001196624918722,4.248941006250545e-07,1.1428622506088963e-05,2.4844889615276323e-05,1.0711915413040888e-06,1.0014101966222903e-06,0.9749838961715996,8.130092068387033e-05,0.0218822932031,5.10168314646764e-05,0.000640047720131,0.0022883643331009,7.220346440464533e-05,8.77355515104631e-07,21.134810431030303,0.711084078883544,1.0,1.559552808902751,4.768043128346639,4.63537530241596,4.502381593153264,3.798109146254701,3.972098180764573,1.0004415164327471,21.15779579629945,1206.2779501886548,9.12387059747945,302.7106577576344,3.35468958110042
20,205.0,3.475310729298392,0.9995589201162975,1.0000000000000002e-06,0.0003670500789078,1.0000000000000002e-06,1.8574475587429483e-05,5.05755386697143e-05,1.8797905373315453e-06,1.0000000000000002e-06,302.68,75.57,0.6772829390775736,0.0459879678350984,3.624115801788345,3.356246671306429,1206.157034541954,9.336422298815556,0.999792491200294,1.1767074689353949e-07,0.000160455233431,5.426013091455084e-07,1.3368620864648284e-05,3.074506983984398e-05,1.2786680263161184e-06,1.0009354879319934e-06,0.967079646298373,0.0001236924708267,0.0290951376520833,6.460366647288693e-05,0.0007424756456487,0.0028081053494782,8.546900157889187e-05,8.699155384447147e-07,21.127437724319694,0.7113523362598385,1.0,1.5590046847672752,4.765505095503536,4.633685933191089,4.500446616258966,3.796788856524593,3.9701800124911424,1.0004408926933797,21.15779579629945,1206.2779501886548,9.12387059747945,302.7106577576344,3.35468958110042
20,205.0,3.505051743796382,0.9995589201162975,1.0000000000000002e-06,0.0003670500789078,1.0000000000000002e-06,1.8574475587429483e-05,5.05755386697143e-05,1.8797905373315453e-06,1.0000000000000002e-06,302.68,75.57,0.6772829390775736,0.0463815236707209,3.624115801788345,3.356246671306429,1206.129157297752,9.388731606608502,0.9997442836223608,1.732151378197486e-07,0.0002017074735459,6.507551232063081e-07,1.4884412761817068e-05,3.585310858968177e-05,1.4467804013363782e-06,1.0006320792683182e-06,0.95930817618235,0.0001805321338211,0.0362703571059256,7.68367512819739e-05,0.0008198528774067,0.003247476459582,9.590574243536748e-05,8.627471970326655e-07,21.12011271677021,0.7116191056267951,1.0,1.558458936110923,4.762978008099336,4.632008253222238,4.498522008231264,3.795477028080101,3.968274360121472,1.0004402953994558,21.15779579629945,1206.2779501886548,9.12387059747945,302.7106577576344,3.35468958110042
20,205.0,3.534792758294373,0.9995589201162975,1.0000000000000002e-06,0.0003670500789078,1.0000000000000002e-06,1.8574475587429483e-05,5.05755386697143e-05,1.8797905373315453e-06,1.0000000000000002e-06,302.68,75.57,0.6772829390775736,0.0467750795063434,3.624115801788345,3.356246671306429,1206.1016587079675,9.440891066503076,0.9996967536692096,2.523437177110414e-07,0.0002432594269897,7.500905611420936e-07,1.6097037955449363e-05,4.030176436516454e-05,1.5852521159406944e-06,1.0004150851840674e-06,0.9516660705344404,0.0002607871788843,0.0433804306868886,8.783571533525322e-05,0.0008794065832285,0.0036203908485899,0.0001042226817545,8.557708782498936e-07,21.11283378911547,0.71188433697424,1.0,1.5579157036127602,4.760462524755361,4.630341777339305,4.496608056694726,3.7941734233635858,3.966380953708445,1.000439706604405,21.15779579629945,1206.2779501886548,9.12387059747945,302.7106577576344,3.35468958110042
20,205.0,3.5645337727923634,0.9995589201162975,1.0000000000000002e-06,0.0003670500789078,1.0000000000000002e-06,1.8574475587429483e-05,5.05755386697143e-05,1.8797905373315453e-06,1.0000000000000002e-06,302.68,75.57,0.6772829390775736,0.0471686353419659,3.624115801788345,3.356246671306429,1206.074517272623,9.492784281594467,0.9996498790368038,3.734195669254861e-07,0.0002849256553052,8.412487763989429e-07,1.708512577160295e-05,4.419445905915078e-05,1.7008067538439069e-06,1.0002479628508174e-06,0.9441500978980204,0.0003826897081502,0.0503942223655358,9.7705394880362e-05,0.0009258314956431,0.0039376940723404,0.00011091011526,8.489501695799023e-07,21.10560936610476,0.7121476662026489,1.0,1.5573757455661392,4.757962190612307,4.628688416920055,4.494707646610946,3.792879603445276,3.964502191085138,1.000439104257488,21.15779579629945,1206.2779501886548,9.12387059747945,302.7106577576344,3.35468958110042
20,205.0,3.594274787290354,0.9995589201162975,1.0000000000000002e-06,0.0003670500789078,1.0000000000000002e-06,1.8574475587429483e-05,5.05755386697143e-05,1.8797905373315453e-06,1.0000000000000002e-06,302.68,75.57,0.6772829390775736,0.0475621911775883,3.624115801788345,3.356246671306429,1206.0478142059771,9.544141589135196,0.999603792455557,5.797277503496465e-07,0.0003263993134724,9.246072436174874e-07,1.790023506529805e-05,4.7605515096065e-05,1.798033111764497e-06,1.0001127033721858e-06,0.936757238927642,0.0005891976351267,0.0572603712893331,0.0001065169382389,0.0009622167954272,0.0042073116632763,0.0001163044864638,8.422644915393749e-07,21.098469076670384,0.7124080280900345,1.0,1.556841223581588,4.755487074336514,4.6270550703924505,4.492829417098205,3.791600923616148,3.962646109441408,1.0004384481092132,21.15779579629945,1206.2779501886548,9.12387059747945,302.7106577576344,3.35468958110042
20,205.0,3.6240158017883446,0.9995589201162975,1.0000000000000002e-06,0.0003670500789078,1.0000000000000002e-06,1.8574475587429483e-05,5.05755386697143e-05,1.8797905373315453e-06,1.0000000000000002e-06,302.68,75.57,0.6772829390775736,0.0479557470132108,3.624115801788345,3.356246671306429,1206.02190711812,9.59417561733402,0.999559066570714,9.978998152732089e-07,0.0003669173998821,9.99763307334219e-07,1.857244445702689e-05,5.056637907825321e-05,1.8795424026563904e-06,1.000000343389446e-06,0.9294848516670003,0.0010058757292317,0.0638500051657835,0.000114250378453,0.00099040977104,0.0044331667610113,0.0001206048290841,8.356983958064745e-07,21.09150882640057,0.7126621218477923,1.0,1.5563187989247624,4.753068134054996,4.6254641480768255,4.491000300982597,3.790354599910589,3.960838392618299,1.0004376311679863,21.15779579629945,1206.2779501886548,9.12387059747945,302.7106577576344,3.35468958110042
20,210.0,4.235351486871025,0.9995589201162975,1.0000000000000002e-06,0.0003670500789078,1.0000000000000002e-06,1.8574475587429483e-05,5.05755386697143e-05,1.8797905373315453e-06,1.0000000000000002e-06,302.68,75.57,0.6938020351526364,0.0560454080570467,4.491537072359547,4.235251486871025,1190.291348647671,11.358330812698735,0.999994951094716,1.3370322887833564e-09,2.749616776877805e-06,1.152142184335687e-08,4.318205780504869e-07,6.88966678669884e-07,3.36860599191636e-08,1.131956736106259e-06,0.9995367751638342,1.050719662230136e-06,0.0003855520129806,1.0502024218648383e-06,1.9495896891498186e-05,5.31091562794711e-05,1.9735496918844487e-06,9.93298238444108e-07,19.79340420564075,0.7401063769022564,1.0,1.4960358560460902,4.353862877161932,4.000227149113816,3.9082454383884033,3.48242163003266,3.662815181458389,1.0000000031988456,19.793904820789816,1190.2941504876192,11.354703713715036,302.7106577576344,4.233266563955471
20,210.0,4.263805440814194,0.9995589201162975,1.0000000000000002e-06,0.0003670500789078,1.0000000000000002e-06,1.8574475587429483e-05,5.05755386697143e-05,1.8797905373315453e-06,1.0000000000000002e-06,302.68,75.57,0.6938020351526364,0.0564219325236759,4.491537072359547,4.235251486871025,1190.2600278105413,11.407954650344784,0.999942688767599,2.179760273669749e-08,4.095986255886772e-05,1.624616215406793e-07,5.269991748205188e-06,9.451830559274242e-06,4.3787054941915057e-07,1.007417761037636e-06,0.9932758767376298,1.7015086365922476e-05,0.0057057846726084,1.4712141273959938e-05,0.0002363948963258,0.000723851068272,2.5486840779461643e-05,8.785567445020945e-07,19.786670420414985,0.7403566369923739,1.0,1.495589262920045,4.351776915298084,3.99888079738308,3.906737921969328,3.481323187294103,3.661246651726021,1.0000000031557064,19.793904820789816,1190.2941504876192,11.354703713715036,302.7106577576344,4.233266563955471
20,210.0,4.292259394757363,0.9995589201162975,1.0000000000000002e-06,0.0003670500789078,1.0000000000000002e-06,1.8574475587429483e-05,5.05755386697143e-05,1.8797905373315453e-06,1.0000000000000002e-06,302.68,75.57,0.6938020351526364,0.0567984569903051,4.491537072359547,4.235251486871025,1190.2299816318246,11.457653780609489,0.999891836699936,4.727926119670561e-08,8.022568540930787e-05,3.016459428376151e-07,8.70515966699844e-06,1.7121709857256415e-05,7.583402833764606e-07,1.0034796428650657e-06,0.9870978420339144,3.666036689186744e-05,0.0111028960504579,2.713941408488284e-05,0.0003879832775165,0.0013027533918446,4.385570843038492e-05,8.697568593113975e-07,19.78002174680264,0.7406044874518835,1.0,1.4951458852774768,4.349707678185898,3.997552546128944,3.905245620681365,3.480238347415791,3.659697849443828,1.000000003129614,19.793904820789816,1190.2941504876192,11.354703713715036,302.7106577576344,4.233266563955471
20,210.0,4.320713348700532,0.9995589201162975,1.0000000000000002e-06,0.0003670500789078,1.0000000000000002e-06,1.8574475587429483e-05,5.05755386697143e-05,1.8797905373315453e-06,1.0000000000000002e-06,302.68,75.57,0.6938020351526364,0.0571749814569344,4.491537072359547,4.235251486871025,1190.2007833252185,11.507361660801758,0.9998420906504004,7.960754239443762e-08,0.0001202845184365,4.294669061662678e-07,1.1253501072046116e-05,2.3843277023722445e-05,1.0168921785085903e-06,1.002086440172302e-06,0.9810007645242778,6.131978746690477e-05,0.0165393318471665,3.839104409049253e-05,0.0004983693969488,0.0018025285535725,5.843158556741176e-05,8.632609092831047e-07,19.773432472260268,0.7408506276439127,1.0,1.4947048482707268,4.347649828847464,3.99623698329663,3.9037638575522537,3.479163050703997,3.658162781328836,1.000000003103068,19.793904820789816,1190.2941504876192,11.354703713715036,302.7106577576344,4.233266563955471
20,210.0,4.349167302643702,0.9995589201162975,1.0000000000000002e-06,0.0003670500789078,1.0000000000000002e-06,1.8574475587429483e-05,5.05755386697143e-05,1.8797905373315453e-06,1.0000000000000002e-06,302.68,75.57,0.6938020351526364,0.0575515059235636,4.491537072359547,4.235251486871025,1190.172168439052,11.557033792506946,0.9997931935730616,1.2171093382145818e-07,0.0001609448298819,5.466700746552497e-07,1.3210064276703437e-05,2.97529189583392e-05,1.2288736381487382e-06,1.0013591749564395e-06,0.9749828336980508,9.313552524805876e-05,0.0219881952196597,4.8555858760754665e-05,0.0005813195589469,0.0022349395231783,7.016319825409593e-05,8.574179010785033e-07,19.766888460846364,0.7410954089638928,1.0,1.494265642617511,4.34560082343001,3.994931032934332,3.902290184188095,3.4780949981752154,3.6566381407810153,1.0000000030753993,19.793904820789816,1190.2941504876192,11.354703713715036,302.7106577576344,4.233266563955471
20,210.0,4.37762125658687,0.9995589201162975,1.0000000000000002e-06,0.0003670500789078,1.0000000000000002e-06,1.8574475587429483e-05,5.05755386697143e-05,1.8797905373315453e-06,1.0000000000000002e-06,302.68,75.57,0.6938020351526364,0.0579280303901928,4.491537072359547,4.235251486871025,1190.1439850062518,11.606628225122453,0.9997449860420567,1.7853565930794286e-07,0.0002020519565402,6.541066223145756e-07,1.4753915943505548e-05,3.496937063404799e-05,1.405169423053829e-06,1.0009031207202468e-06,0.9690423782256248,0.0001357277899602,0.0274282763220797,5.772973010390263e-05,0.0006451817812721,0.0026101322047839,7.972206637030698e-05,8.518798045407252e-07,19.760382912437688,0.7413389672820189,1.0,1.4938280953515877,4.343559786387985,3.993633209760452,3.900823630409872,3.477033111648077,3.6551224084509166,1.00000000304657,19.793904820789816,1190.2941504876192,11.354703713715036,302.7106577576344,4.233266563955471
20,210.0,4.40607521053004,0.9995589201162975,1.0000000000000002e-06,0.0003670500789078,1.0000000000000002e-06,1.8574475587429483e-05,5.05755386697143e-05,1.8797905373315453e-06,1.0000000000000002e-06,302.68,75.57,0.6938020351526364,0.058304554856822,4.491537072359547,4.235251486871025,1190.1161532458798,11.656087230470876,0.9996973821913662,2.590742693305079e-07,0.0002434610336397,7.526028128926612e-07,1.5999060350014947e-05,3.959186382480049e-05,1.5535896380369325e-06,1.0005840990102553e-06,0.963177835729101,0.0001956791676985,0.0328402271781783,6.600392209823015e-05,0.0006952680686752,0.002936549919863,8.758948713513345e-05,8.465272503531921e-07,19.753915151987403,0.7415812507163835,1.0,1.4933923388990549,4.341527322108154,3.992343328689817,3.899364515321305,3.4759773217645686,3.653615534878965,1.0000000030165883,19.793904820789816,1190.2941504876192,11.354703713715036,302.7106577576344,4.233266563955471
20,210.0,4.434529164473209,0.9995589201162975,1.0000000000000002e-06,0.0003670500789078,1.0000000000000002e-06,1.8574475587429483e-05,5.05755386697143e-05,1.8797905373315453e-06,1.0000000000000002e-06,302.68,75.57,0.6938020351526364,0.0586810793234512,4.491537072359547,4.235251486871025,1190.0886565041758,11.705305301944996,0.9996503750275932,3.814230791374976e-07,0.0002849999384003,8.428654130704971e-07,1.702062017395311e-05,4.370001274569379e-05,1.6797684448579437e-06,1.0003441498528035e-06,0.957387748859412,0.0002862346899227,0.0382015466410068,7.345701167847448e-05,0.0007350794923437,0.0032209791519487,9.41128461205358e-05,8.413075670290688e-07,19.747492643431237,0.7418219405181297,1.0,1.49295895768818,4.339506189377467,3.9910628932091066,3.897914983734129,3.474928890036568,3.6521194087167648,1.00000000298553,19.793904820789816,1190.2941504876192,11.354703713715036,302.7106577576344,4.233266563955471
20,210.0,4.462983118416378,0.9995589201162975,1.0000000000000002e-06,0.0003670500789078,1.0000000000000002e-06,1.8574475587429483e-05,5.05755386697143e-05,1.8797905373315453e-06,1.0000000000000002e-06,302.68,75.57,0.6938020351526364,0.0590576037900804,4.491537072359547,4.235251486871025,1190.0615726555857,11.754043522997785,0.9996040968170784,5.87607365237745e-07,0.000326382726897,9.253381589780604e-07,1.7868475077127786e-05,4.735121874627605e-05,1.7876621446021394e-06,1.000154532183486e-06,0.95167080334711,0.0004381436228616,0.0434751759075891,8.014289665398189e-05,0.0007669477364081,0.0034684127495826,9.953754669336094e-05,8.361931013229723e-07,19.74114008947701,0.7420601265572863,1.0,1.4925295589816046,4.337503988376191,3.989796943294684,3.8964812128681294,3.473891894523205,3.650640028284179,1.000000002953533,19.793904820789816,1190.2941504876192,11.354703713715036,302.7106577576344,4.233266563955471
20,210.0,4.491437072359547,0.9995589201162975,1.0000000000000002e-06,0.0003670500789078,1.0000000000000002e-06,1.8574475587429483e-05,5.05755386697143e-05,1.8797905373315453e-06,1.0000000000000002e-06,302.68,75.57,0.6938020351526364,0.0594341282567096,4.491537072359547,4.235251486871025,1190.0352305996687,11.801621453927174,0.9995590745925048,9.978694544903435e-07,0.0003669109815258,9.997545678433731e-07,1.857224294633309e-05,5.056506267830345e-05,1.8794958349489603e-06,1.0000004871916214e-06,0.9460260057830682,0.0007393293015674,0.0485705136499615,8.6053218513032e-05,0.0007922844638899,0.0036809750708719,0.0001040073458127,8.311663149342448e-07,19.73493513296281,0.7422930536885787,1.0,1.4921089629769997,4.335543498557148,3.988561334942632,3.8950819445798417,3.472879060436228,3.649196016975272,1.0000000029215872,19.793904820789816,1190.2941504876192,11.354703713715036,302.7106577576344,4.233266563955471
20,215.0,5.280949958130588,0.9995589201162975,1.0000000000000002e-06,0.0003670500789078,1.0000000000000002e-06,1.8574475587429483e-05,5.05755386697143e-05,1.8797905373315453e-06,1.0000000000000002e-06,302.68,75.57,0.7103211312276992,0.0698815662052479,5.527128574206158,5.280849958130588,1173.905037433093,13.993848558052774,0.9999938338653735,1.8110778615661206e-09,3.5856007394372764e-06,1.505069307113928e-08,5.378872582326658e-07,8.317719244179188e-07,3.9178805448718665e-08,1.154834127844968e-06,0.9995413635392252,1.0402948418663826e-06,0.000381722395287,1.039760385723453e-06,1.9302575707972837e-05,5.258359262662042e-05,1.9540922622141834e-06,9.937496634568273e-07,18.44762844773044,0.7721953839628128,1.0000000000275489,1.437317932450363,3.979716142743359,3.495316516458983,3.413659739432637,3.197424650861074,3.3826350533740914,1.0000000017351758,18.448205290897207,1173.908539729092,13.989350648063478,302.7106577576344,5.278346606766283
20,215.0,5.3082920265834295,0.9995589201162975,1.0000000000000002e-06,0.0003670500789078,1.0000000000000002e-06,1.8574475587429483e-05,5.05755386697143e-05,1.8797905373315453e-06,1.0000000000000002e-06,302.68,75.57,0.7103211312276992,0.0702433773532278,5.527128574206158,5.280849958130588,1173.8737141635431,14.041208183731376,0.999942264086444,2.313215528133741e-08,4.186417766833254e-05,1.6625862847963975e-07,5.203647190479007e-06,9.059305755195326e-06,4.0865230389157993e-07,1.0107398540931423e-06,0.9947641846873304,1.3218329305405328e-05,0.0044343642486797,1.1428152270392196e-05,0.000185812229725,0.0005698463980924,2.028028502296844e-05,8.65669573718226e-07,18.44164193361389,0.7724280499475917,1.0000000000284894,1.4369478471139447,3.9780231227109786,3.494275770788352,3.412501848927209,3.1965385568603417,3.381374325647805,1.0000000017340085,18.448205290897207,1173.908539729092,13.989350648063478,302.7106577576344,5.278346606766283
20,215.0,5.33563409503627,0.9995589201162975,1.0000000000000002e-06,0.0003670500789078,1.0000000000000002e-06,1.8574475587429483e-05,5.05755386697143e-05,1.8797905373315453e-06,1.0000000000000002e-06,302.68,75.57,0.7103211312276992,0.0706051885012077,5.527128574206158,5.280849958130588,1173.8435158960017,14.08864206286794,0.999891841068438,4.958095857987496e-08,8.109346160643559e-05,3.052011839853133e-07,8.57360995044511e-06,1.6418478684591193e-05,7.135907592884375e-07,1.0050084185507096e-06,0.9900360775614394,2.8185705298494723e-05,0.0085465288007287,2.0873966146232524e-05,0.0003046383843351,0.0010276011727848,3.523766964471719e-05,8.567396224220657e-07,18.43572159776144,0.7726613418498225,1.000000000029159,1.4365800470098693,3.976342086203256,3.4932472083094157,3.411354280294019,3.195662062222859,3.3801322017540976,1.000000001732792,18.448205290897207,1173.908539729092,13.989350648063478,302.7106577576344,5.278346606766283
20,215.0,5.362976163489112,0.9995589201162975,1.0000000000000002e-06,0.0003670500789078,1.0000000000000002e-06,1.8574475587429483e-05,5.05755386697143e-05,1.8797905373315453e-06,1.0000000000000002e-06,302.68,75.57,0.7103211312276992,0.0709669996491876,5.527128574206158,5.280849958130588,1173.8140840849628,14.13608969490732,0.99984235542534,8.301446320611516e-08,0.0001210505830409,4.325301891506994e-07,1.1107534515597284e-05,2.2999891777634323e-05,9.680478210234978e-07,1.0029728525448128e-06,0.9853561000729996,4.694974636505794e-05,0.0126939778083645,2.9435665375400348e-05,0.0003927396446184,0.0014323792091765,4.7566821448442354e-05,8.51031652154012e-07,18.429848158303912,0.772893178255346,1.0000000000289195,1.4362139454031893,3.9746693145954457,3.492227335137527,3.4102139556593225,3.194792429974203,3.378899813723588,1.0000000017303554,18.448205290897207,1173.908539729092,13.989350648063478,302.7106577576344,5.278346606766283
20,215.0,5.3903182319419525,0.9995589201162975,1.0000000000000002e-06,0.0003670500789078,1.0000000000000002e-06,1.8574475587429483e-05,5.05755386697143e-05,1.8797905373315453e-06,1.0000000000000002e-06,302.68,75.57,0.7103211312276992,0.0713288107971675,5.527128574206158,5.280849958130588,1173.7851860939195,14.18350897741955,0.9997935994940832,1.263906815331275e-07,0.0001615707918318,5.491365889288003e-07,1.3074274043014705e-05,2.889529383757705e-05,1.1827027599416671e-06,1.001916174100042e-06,0.9807233313173824,7.111671007834357e-05,0.0168590119827666,3.718672375712661e-05,0.0004600258531196,0.00179065249205,5.7828714791230114e-05,8.462060545919365e-07,18.424010955831086,0.773123850291504,1.0000000000277025,1.4358491856777642,3.973003027973764,3.491214128164408,3.409079245174702,3.193928064966133,3.37767489984776,1.0000000017265736,18.448205290897207,1173.908539729092,13.989350648063478,302.7106577576344,5.278346606766283
20,215.0,5.417660300394794,0.9995589201162975,1.0000000000000002e-06,0.0003670500789078,1.0000000000000002e-06,1.8574475587429483e-05,5.05755386697143e-05,1.8797905373315453e-06,1.0000000000000002e-06,302.68,75.57,0.7103211312276992,0.0716906219451474,5.527128574206158,5.280849958130588,1173.756686762186,14.23085999924017,0.9997454456165604,1.846695183957273e-07,0.0002025182567428,6.559527660128236e-07,1.4640044184537345e-05,3.418859159387936e-05,1.365608492975768e-06,1.0012601408882878e-06,0.9761369455198956,0.0001033809066369,0.0210272823453758,4.420195127775261e-05,0.0005126203419167,0.0021082816302342,6.644554033487667e-05,8.41764328031399e-07,18.41820499155406,0.7733534685026933,1.0000000000254647,1.4354856549030068,3.9713426430221728,3.490206633674352,3.407949527210619,3.193068234789197,3.3764564450589307,1.0000000017213757,18.448205290897207,1173.908539729092,13.989350648063478,302.7106577576344,5.278346606766283
20,215.0,5.445002368847635,0.9995589201162975,1.0000000000000002e-06,0.0003670500789078,1.0000000000000002e-06,1.8574475587429483e-05,5.05755386697143e-05,1.8797905373315453e-06,1.0000000000000002e-06,302.68,75.57,0.7103211312276992,0.0720524330931273,5.527128574206158,5.280849958130588,1173.7285152070954,14.278088988136082,0.999697828361994,2.667890534411976e-07,0.000243762518894,7.538510600150398e-07,1.5912297822810836e-05,3.895253522431448e-05,1.5228388894266964e-06,1.0008070620600405e-06,0.9715961906438852,0.0001485980006952,0.025185279340251,5.055066694728228e-05,0.0005544804347077,0.0023903279368937,7.373544111497544e-05,8.375355045393142e-07,18.412430148593376,0.7735819811857916,1.0000000000221858,1.4351234695309811,3.9696886733219054,3.4892048008458314,3.406825085475756,3.192212942417941,3.37524449422796,1.0000000017147186,18.448205290897207,1173.908539729092,13.989350648063478,302.7106577576344,5.278346606766283
20,215.0,5.472344437300476,0.9995589201162975,1.0000000000000002e-06,0.0003670500789078,1.0000000000000002e-06,1.8574475587429483e-05,5.05755386697143e-05,1.8797905373315453e-06,1.0000000000000002e-06,302.68,75.57,0.7103211312276992,0.0724142442411072,5.527128574206158,5.280849958130588,1173.7006580730226,14.325100199828745,0.9996507514829897,3.905249811230429e-07,0.0002851453922036,8.435688365835722e-07,1.6962759420684427e-05,4.324684942891546e-05,1.6589509231957329e-06,1.0004712162753763e-06,0.9671003894746132,0.0002164238174624,0.0293169163267375,5.629184519383359e-05,0.0005882484385102,0.0026409593351339,7.993731750820735e-05,8.334448406449023e-07,18.40669293386337,0.7738091035907104,1.0000000000178548,1.4347630898247306,3.968043247789048,3.48820977597077,3.405707500285684,3.1913631776706906,3.374040516651706,1.0000000017065902,18.448205290897207,1173.908539729092,13.989350648063478,302.7106577576344,5.278346606766283
20,215.0,5.499686505753317,0.9995589201162975,1.0000000000000002e-06,0.0003670500789078,1.0000000000000002e-06,1.8574475587429483e-05,5.05755386697143e-05,1.8797905373315453e-06,1.0000000000000002e-06,302.68,75.57,0.7103211312276992,0.0727760553890871,5.527128574206158,5.280849958130588,1173.6731886004209,14.371682090701114,0.9996043434058486,5.964672061655991e-07,0.0003264033443387,9.255869960022884e-07,1.7839616852214883e-05,4.7114146273711856e-05,1.777222601982667e-06,1.0002098825745929e-06,0.9626489804760628,0.0003289016383568,0.0333956689735379,6.146632714543556e-05,0.0006157040940951,0.0028632248573538,8.52241792899728e-05,8.294541580684322e-07,18.401013832616226,0.7740340406203772,1.000000000012513,1.4344057457370432,3.966412084170195,3.4872252037849623,3.404601186146101,3.1905220059659394,3.3728489854670616,1.0000000016970425,18.448205290897207,1173.908539729092,13.989350648063478,302.7106577576344,5.278346606766283
20,215.0,5.527028574206159,0.9995589201162975,1.0000000000000002e-06,0.0003670500789078,1.0000000000000002e-06,1.8574475587429483e-05,5.05755386697143e-05,1.8797905373315453e-06,1.0000000000000002e-06,302.68,75.57,0.7103211312276992,0.073137866537067,5.527128574206158,5.280849958130588,1173.64640536029,14.417248921013538,0.9995590821322377,9.978570237011e-07,0.0003669050268135,9.997448356162832e-07,1.8572046884071188e-05,5.056374533096986e-05,1.8794461904656695e-06,1.000000684099301e-06,0.9582416916544656,0.0005475008039083,0.0373581666578091,6.607190065599425e-05,0.0006379412592732,0.0030581072168837,8.969496568458283e-05,8.255413193334702e-07,18.395455293265773,0.7742544454695632,1.0000000000061713,1.4340550248416808,3.9648118688707945,3.4862621982466484,3.403519170454466,3.1896987152684044,3.371683386379189,1.0000000016860606,18.448205290897207,1173.908539729092,13.989350648063478,302.7106577576344,5.278346606766283
20,220.0,6.512634016690794,0.9995589201162975,1.0000000000000002e-06,0.0003670500789078,1.0000000000000002e-06,1.8574475587429483e-05,5.05755386697143e-05,1.8797905373315453e-06,1.0000000000000002e-06,302.68,75.57,0.726840227302762,0.0861801510743786,6.750079908713624,6.512534016690794,1157.0497299317008,17.086078476655224,0.9999924719388344,2.432273242029104e-09,4.619832774268627e-06,1.9283750321886177e-08,6.646043701795099e-07,1.001742447067245e-06,4.548589543244293e-08,1.1746796553996146e-06,0.9995448660957524,1.032337166166463e-06,0.0003787986216669,1.031790908504086e-06,1.9155042165554836e-05,5.218252338158342e-05,1.9392513763442296e-06,9.943375824106548e-07,17.120479378336693,0.8068688519421784,1.0,1.384187235545502,3.646459897325879,3.0920328164636715,3.003539050264724,2.942510560170412,3.132607880972423,1.0000000011218213,17.121140165384258,1157.0541060432145,17.08052563899556,302.7106577576344,6.509407158415541
20,220.0,6.539005782471109,0.9995589201162975,1.0000000000000002e-06,0.0003670500789078,1.0000000000000002e-06,1.8574475587429483e-05,5.05755386697143e-05,1.8797905373315453e-06,1.0000000000000002e-06,302.68,75.57,0.726840227302762,0.0865291224357696,6.750079908713624,6.512534016690794,1157.0183314177923,17.13157589214261,0.999941514015783,2.471928980593295e-08,4.2942344513160495e-05,1.696985068433835e-07,5.170229673226551e-06,8.778899519780645e-06,3.852247435776754e-07,1.0148679705833138e-06,0.9958522053249051,1.0448889381402852e-05,0.0035071287228734,9.044275745481892e-06,0.0001484398933697,0.0004555172295225,1.6359710739586736e-05,8.559534625269835e-07,17.115132377749163,0.8070853765689819,1.0,1.3838830553936845,3.6450764061179535,3.091216110949083,3.0026367323869296,2.941784984359119,3.1315882252967384,1.000000001135516,17.121140165384258,1157.0541060432145,17.08052563899556,302.7106577576344,6.509407158415541
20,220.0,6.565377548251423,0.9995589201162975,1.0000000000000002e-06,0.0003670500789078,1.0000000000000002e-06,1.8574475587429483e-05,5.05755386697143e-05,1.8797905373315453e-06,1.0000000000000002e-06,302.68,75.57,0.726840227302762,0.0868780937971605,6.750079908713624,6.512534016690794,1156.9879361906455,17.177145439389577,0.9998914999116196,5.2259534480659854e-08,8.212204089445886e-05,3.0776715964019134e-07,8.474543131862104e-06,1.586120367419819e-05,6.753334525388841e-07,1.0069405332207277e-06,0.992189454955188,2.2000495041075152e-05,0.0066806243822731,1.6338832581427723e-05,0.0002423737003383,0.0008197926887763,2.85687375187348e-05,8.462082829771026e-07,17.109837614605468,0.8073002211311945,1.0,1.3835805103500922,3.643701673852222,3.090407842139146,3.0017416202988763,2.941066373451119,3.130578482041694,1.000000001149774,17.121140165384258,1157.0541060432145,17.08052563899556,302.7106577576344,6.509407158415541
20,220.0,6.591749314031738,0.9995589201162975,1.0000000000000002e-06,0.0003670500789078,1.0000000000000002e-06,1.8574475587429483e-05,5.05755386697143e-05,1.8797905373315453e-06,1.0000000000000002e-06,302.68,75.57,0.726840227302762,0.0872270651585515,6.750079908713624,6.512534016690794,1156.9582398183463,17.22273246387477,0.999842289431737,8.694054561991296e-08,0.0001219672485845,4.342841418625081e-07,1.0989315225598565e-05,2.230400524885683e-05,9.24674299439068e-07,1.004100217006843e-06,0.9885561250079864,3.645269565505176e-05,0.0098832397991349,2.296587752262186e-05,0.0003130945974839,0.0011483157408691,3.896548647395586e-05,8.407948737993684e-07,17.104580360709527,0.8075138508657268,1.0,1.383279195515174,3.642333065546476,3.0896056828498084,3.000851626666273,2.9403528307442364,3.1295758280181967,1.0000000011642614,17.121140165384258,1157.0541060432145,17.08052563899556,302.7106577576344,6.509407158415541
20,220.0,6.618121079812052,0.9995589201162975,1.0000000000000002e-06,0.0003670500789078,1.0000000000000002e-06,1.8574475587429483e-05,5.05755386697143e-05,1.8797905373315453e-06,1.0000000000000002e-06,302.68,75.57,0.726840227302762,0.0875760365199424,6.750079908713624,6.512534016690794,1156.9290356859792,17.26829749539197,0.9997937112680764,1.3174772158059745e-07,0.0001623351287152,5.50203925504505e-07,1.2960405615207754e-05,2.8168134373205297e-05,1.1404845427014131e-06,1.0026270302717036e-06,0.9849517031514752,5.501715232879954e-05,0.0131031164542952,2.898346019563555e-05,0.0003678463178981,0.0014446221784101,4.787472256587743e-05,8.365628310042748e-07,17.09935243110454,0.8077265052657944,1.0,1.382978860989285,3.640969308353248,3.08880825951277,2.9999656327339026,2.939643215957342,3.128578670382775,1.0000000011786263,17.121140165384258,1157.0541060432145,17.08052563899556,302.7106577576344,6.509407158415541
20,220.0,6.644492845592366,0.9995589201162975,1.0000000000000002e-06,0.0003670500789078,1.0000000000000002e-06,1.8574475587429483e-05,5.05755386697143e-05,1.8797905373315453e-06,1.0000000000000002e-06,302.68,75.57,0.726840227302762,0.0879250078813334,6.750079908713624,6.512534016690794,1156.900202341805,17.313802812088326,0.999745661058712,1.916477412386252e-07,0.0002031061360745,6.564816141142248e-07,1.45424030770363e-05,3.3512011972769056e-05,1.328543983133573e-06,1.0017168252099511e-06,0.9813757498622188,7.97101454898047e-05,0.0163304514954517,3.4448761772401946e-05,0.0004111817955753,0.0017120698368902,5.555527175409677e-05,8.328308474539706e-07,17.094150080760738,0.8079382744236058,1.0,1.3826794326257832,3.639609999721295,3.088014937102049,2.9990832233189257,2.938937014066861,3.1275863073474173,1.000000001192839,17.121140165384258,1157.0541060432145,17.08052563899556,302.7106577576344,6.509407158415541
20,220.0,6.67086461137268,0.9995589201162975,1.0000000000000002e-06,0.0003670500789078,1.0000000000000002e-06,1.8574475587429483e-05,5.05755386697143e-05,1.8797905373315453e-06,1.0000000000000002e-06,302.68,75.57,0.726840227302762,0.0882739792427243,6.750079908713624,6.512534016690794,1156.87167596775,17.35919841445201,0.9996980881806607,2.7550354725047294e-07,0.0002441631717014,7.539927814605659e-07,1.5836647862651864e-05,3.838799120128057e-05,1.49341947339372e-06,1.0010927719746685e-06,0.9778278828913028,0.0001141298294343,0.01955579116827,3.9413928139144686e-05,0.0004460851726367,0.0019536561694918,6.221147662878404e-05,8.293640960757592e-07,17.088973494836246,0.8081491108335307,1.0,1.3823810069400693,3.638255556815233,3.0872257214630223,2.998204630143866,2.938234257302811,3.126598816570098,1.0000000012068784,17.121140165384258,1157.0541060432145,17.08052563899556,302.7106577576344,6.509407158415541
20,220.0,6.697236377152995,0.9995589201162975,1.0000000000000002e-06,0.0003670500789078,1.0000000000000002e-06,1.8574475587429483e-05,5.05755386697143e-05,1.8797905373315453e-06,1.0000000000000002e-06,302.68,75.57,0.726840227302762,0.0886229506041153,6.750079908713624,6.512534016690794,1156.8434452702068,17.404397434668567,0.9996510032425704,4.007106027015293e-07,0.0002853619408182,8.43472955956908e-07,1.691159038927148e-05,4.283974664902432e-05,1.6386617085872122e-06,1.000634305751168e-06,0.9743077808300816,0.0001653378179745,0.0227676639201607,4.392302348082906e-05,0.0004745727399308,0.0021718931970768,6.800241133663861e-05,8.260599577673791e-07,17.08382826113306,0.8083587686000222,1.0,1.3820839380650864,3.6369076101094033,3.0864414783365217,2.9973310153159107,2.937535719058188,3.125617334457184,1.000000001220703,17.121140165384258,1157.0541060432145,17.08052563899556,302.7106577576344,6.509407158415541
20,220.0,6.723608142933309,0.9995589201162975,1.0000000000000002e-06,0.0003670500789078,1.0000000000000002e-06,1.8574475587429483e-05,5.05755386697143e-05,1.8797905373315453e-06,1.0000000000000002e-06,302.68,75.57,0.726840227302762,0.0889719219655062,6.750079908713624,6.512534016690794,1156.8155778455482,17.449212855474023,0.9996045279063408,6.062502217004725e-07,0.0003264619869397,9.254139952309136e-07,1.781374078931492e-05,4.689754916506068e-05,1.7668714893972972e-06,1.0002810587721051e-06,0.970815223101864,0.0002491555084395,0.0259471498123624,4.800682757431224e-05,0.000498017362969,0.0023685790166766,7.304550362967125e-05,8.228664844096053e-07,17.07873125580386,0.8085688300615189,1.0,1.381789148332107,3.635570442930017,3.0856648491696776,2.996465542752367,2.93684371226947,3.124645203755504,1.0000000012342456,17.121140165384258,1157.0541060432145,17.08052563899556,302.7106577576344,6.509407158415541
20,220.0,6.749979908713624,0.9995589201162975,1.0000000000000002e-06,0.0003670500789078,1.0000000000000002e-06,1.8574475587429483e-05,5.05755386697143e-05,1.8797905373315453e-06,1.0000000000000002e-06,302.68,75.57,0.726840227302762,0.0893208933268972,6.750079908713624,6.512534016690794,1156.788341180754,17.493142734806284,0.999559089165162,9.978612976929817e-07,0.0003668995345545,9.997340763832018e-07,1.857185811799261e-05,5.0562451704946736e-05,1.8793941403400004e-06,1.0000009460266222e-06,0.9673502507223036,0.0004084842845286,0.0290500780413621,5.166609521796457e-05,0.0005172776645535,0.0025440186221046,7.740481520240716e-05,8.197547269447e-07,17.07373231788482,0.8087777756287928,1.0,1.381499250750742,3.634256211338069,3.0849036389248554,2.995617284028792,2.9361650363688265,3.123692204185173,1.0000000012472687,17.121140165384258,1157.0541060432145,17.08052563899556,302.7106577576344,6.509407158415541
20,225.0,7.950701296482207,0.9995589201162975,1.0000000000000002e-06,0.0003670500789078,1.0000000000000002e-06,1.8574475587429483e-05,5.05755386697143e-05,1.8797905373315453e-06,1.0000000000000002e-06,302.68,75.57,0.7433593233778247,0.1052097564705863,8.180433892801254,7.950601296482207,1139.6501023635192,20.694432776277207,0.999990823439144,3.241294621389872e-09,5.886392631992818e-06,2.4273045393062962e-08,8.148014625508781e-07,1.2035892231904956e-06,5.2723122948362864e-08,1.1915400752565772e-06,0.9995475718040802,1.0261899559363457e-06,0.0003765396985904,1.025637344132704e-06,1.904111318012324e-05,5.187279263250237e-05,1.927796955351493e-06,9.949672612800422e-07,15.812573813636092,0.8444607918862957,1.0,1.3359922090650076,3.348715761983747,2.766333578387361,2.660981412157569,2.7138267707393933,2.9080634042535083,1.0000000004665062,15.813326197117547,1139.6555629264626,20.687604017864448,302.7106577576344,7.946729358776584
20,225.0,7.976216029406546,0.9995589201162975,1.0000000000000002e-06,0.0003670500789078,1.0000000000000002e-06,1.8574475587429483e-05,5.05755386697143e-05,1.8797905373315453e-06,1.0000000000000002e-06,302.68,75.57,0.7433593233778247,0.1055473869181758,8.180433892801254,7.950601296482207,1139.6185599812432,20.738412186590047,0.999940423292212,2.6605365049317083e-08,4.422120352167272e-05,1.72923563042019e-07,5.16906956754247e-06,8.60014643374346e-06,3.669121827480798e-07,1.0198471540758712e-06,0.996660261951624,8.395844868884113e-06,0.0028199013643199,7.284120338058522e-06,0.0001204286463087,0.0003695042425489,1.3374628513872118e-05,8.492014776294511e-07,15.807782039612825,0.8446664882616381,1.0,1.335743767219122,3.347584061684699,2.765683996835329,2.660275482303032,2.713231555962801,2.907231015068413,1.000000000468256,15.813326197117547,1139.6555629264626,20.687604017864448,302.7106577576344,7.946729358776584
20,225.0,8.001730762330885,0.9995589201162975,1.0000000000000002e-06,0.0003670500789078,1.0000000000000002e-06,1.8574475587429483e-05,5.05755386697143e-05,1.8797905373315453e-06,1.0000000000000002e-06,302.68,75.57,0.7433593233778247,0.1058850173657653,8.180433892801254,7.950601296482207,1139.587920369487,20.782460864507133,0.9998908095945443,5.5365108933578586e-08,8.332990640549884e-05,3.095314775344672e-07,8.406568677498115e-06,1.5436623473247838e-05,6.430919987596128e-07,1.0093183141502007e-06,0.9937916895492664,1.7414883795724677e-05,0.0052972444917677,1.2998244684866816e-05,0.0001952617988598,0.0006611831026213,2.336985298683871e-05,8.380760171001951e-07,15.803028877132142,0.8448707171401346,1.0,1.3354965144487965,3.346458939862319,2.765040396498208,2.6595746730642182,2.712641551629218,2.9064062334305647,1.0000000004781118,15.813326197117547,1139.6555629264626,20.687604017864448,302.7106577576344,7.946729358776584
20,225.0,8.027245495255222,0.9995589201162975,1.0000000000000002e-06,0.0003670500789078,1.0000000000000002e-06,1.8574475587429483e-05,5.05755386697143e-05,1.8797905373315453e-06,1.0000000000000002e-06,302.68,75.57,0.7433593233778247,0.1062226478133548,8.180433892801254,7.950601296482207,1139.5579224928497,20.826529488348285,0.9998418926575084,9.14374519346415e-08,0.0001230457294193,4.349311134377754e-07,1.089761691322229e-05,2.1745452708848276e-05,8.866768656061814e-07,1.0054980190955577e-06,0.990941569928706,2.8668414788625533e-05,0.0077977036604906,1.8208017621727603e-05,0.0002523575106948,0.0009285368617019,3.2123036926985284e-05,8.325690694871973e-07,15.798307653483302,0.8450738926336165,1.0,1.3352501486428645,3.345338357457854,2.7644012047290647,2.6588775647606178,2.712055322240194,2.905586548839209,1.0000000004836471,15.813326197117547,1139.6555629264626,20.687604017864448,302.7106577576344,7.946729358776584
20,225.0,8.052760228179562,0.9995589201162975,1.0000000000000002e-06,0.0003670500789078,1.0000000000000002e-06,1.8574475587429483e-05,5.05755386697143e-05,1.8797905373315453e-06,1.0000000000000002e-06,302.68,75.57,0.7433593233778247,0.1065602782609443,8.180433892801254,7.950601296482207,1139.52838164462,20.870581412304546,0.9997935287193764,1.3783180685342828e-07,0.0001632436601991,5.500674084277835e-07,1.2867607913273762e-05,2.7566185625876263e-05,1.1024156854984726e-06,1.0035119844160972e-06,0.9881095970297636,4.307536325918854e-05,0.0103131709981017,2.295752219002444e-05,0.0002970799138197,0.001173473478276,3.9817085765147786e-05,8.286088245396812e-07,15.793610408209108,0.845276212783152,1.0,1.335004498531576,3.344221445889769,2.763765456428789,2.6581833612571293,2.7114720687461507,2.904770978315804,1.000000000489023,15.813326197117547,1139.6555629264626,20.687604017864448,302.7106577576344,7.946729358776584
20,225.0,8.0782749611039,0.9995589201162975,1.0000000000000002e-06,0.0003670500789078,1.0000000000000002e-06,1.8574475587429483e-05,5.05755386697143e-05,1.8797905373315453e-06,1.0000000000000002e-06,302.68,75.57,0.7433593233778247,0.1068979087085338,8.180433892801254,7.950601296482207,1139.49918784814,20.914581209036147,0.9997456306552884,1.9951217367891894e-07,0.0002038180209278,6.55865746205101e-07,1.4460497498448185e-05,3.2938845166410214e-05,1.2943163247510389e-06,1.0022868742523823e-06,0.985295516811486,6.215177412657078e-05,0.0128368586276296,2.728949431248514e-05,0.0003328541567853,0.0013978978363869,4.660600076491129e-05,8.252985078108403e-07,15.788934282277587,0.8454777544448178,1.0,1.334759515118423,3.34310791979831,2.7631327140969284,2.657491772714385,2.710891417435508,2.9039590223607075,1.0000000004942922,15.813326197117547,1139.6555629264626,20.687604017864448,302.7106577576344,7.946729358776584
20,225.0,8.103789694028238,0.9995589201162975,1.0000000000000002e-06,0.0003670500789078,1.0000000000000002e-06,1.8574475587429483e-05,5.05755386697143e-05,1.8797905373315453e-06,1.0000000000000002e-06,302.68,75.57,0.7433593233778247,0.1072355391561233,8.180433892801254,7.950601296482207,1139.4702830059266,20.95848251741282,0.999698158384586,2.852412553956908e-07,0.0002446637832555,7.531664543470722e-07,1.577188357574911e-05,3.7900404230255056e-05,1.4656865124803164e-06,1.0014501300247097e-06,0.9824991231272464,8.857390643381645e-05,0.0153621041235596,3.124262101711452e-05,0.000361954577553,0.0016035625371733,5.261678032577335e-05,8.223266912655017e-07,15.784279603043798,0.8456784741819988,1.0,1.3345152752181464,3.341998105954985,2.762503002726368,2.6568029744462534,2.710313404238525,2.903150759157028,1.0000000004994836,15.813326197117547,1139.6555629264626,20.687604017864448,302.7106577576344,7.946729358776584
20,225.0,8.129304426952578,0.9995589201162975,1.0000000000000002e-06,0.0003670500789078,1.0000000000000002e-06,1.8574475587429483e-05,5.05755386697143e-05,1.8797905373315453e-06,1.0000000000000002e-06,302.68,75.57,0.7433593233778247,0.1075731696037128,8.180433892801254,7.950601296482207,1139.4416569630298,21.00220663328286,0.9996511262577444,4.1196880628049873e-07,0.0002856500550236,8.426741799536156e-07,1.6867057015906197e-05,4.2481968208198615e-05,1.6191803576120036e-06,1.000838663940118e-06,0.9797202624177134,0.0001275181406059,0.017880712240198,3.4849514165519586e-05,0.0003859349578414,0.0017919516707371,5.795150189084214e-05,8.195568476124404e-07,15.77965110141978,0.8458795622972147,1.0,1.334272045997588,3.3408932369516005,2.761876970889432,2.656117808937097,2.709738620637536,2.9023470545703183,1.000000000504628,15.813326197117547,1139.6555629264626,20.687604017864448,302.7106577576344,7.946729358776584
20,225.0,8.154819159876915,0.9995589201162975,1.0000000000000002e-06,0.0003670500789078,1.0000000000000002e-06,1.8574475587429483e-05,5.05755386697143e-05,1.8797905373315453e-06,1.0000000000000002e-06,302.68,75.57,0.7433593233778247,0.1079108000513023,8.180433892801254,7.950601296482207,1139.413370971289,21.04558863273454,0.999604646865825,6.168983409646889e-07,0.0003265594309314,9.248684298333216e-07,1.7790870512864945e-05,4.67039351210247e-05,1.756760412354566e-06,1.0003704264285869e-06,0.9769588708693788,0.0001903446713415,0.0203792015605633,3.813312674345969e-05,0.000405864485447,0.0019640820041272,6.268636244709865e-05,8.169199513424114e-07,15.77506257035106,0.8460819538869749,1.0,1.33403050676693,3.3397964868144303,2.7612565339334703,2.6554385243932086,2.709168790771612,2.901550387266352,1.0000000005097438,15.813326197117547,1139.6555629264626,20.687604017864448,302.7106577576344,7.946729358776584
20,225.0,8.180333892801254,0.9995589201162975,1.0000000000000002e-06,0.0003670500789078,1.0000000000000002e-06,1.8574475587429483e-05,5.05755386697143e-05,1.8797905373315453e-06,1.0000000000000002e-06,302.68,75.57,0.7433593233778247,0.1082484304988918,8.180433892801254,7.950601296482207,1139.3856614943184,21.08820061239331,0.9995590956867868,9.97880690940072e-07,0.0003668944873432,9.997222372466564e-07,1.8571677893270112e-05,5.0561203374957736e-05,1.8793403876667952e-06,1.0000012859053737e-06,0.9742151170643402,0.000306924712673,0.022826872285761,4.1095374532535565e-05,0.000422424861563,0.0021198919080505,6.685941500666634e-05,8.14378072913594e-07,15.77055343423847,0.8462810228746008,1.0,1.333792523888776,3.338716603091443,2.7606471742884384,2.6547713807639086,2.708608832464326,2.9007677909408165,1.000000000514835,15.813326197117547,1139.6555629264626,20.687604017864448,302.7106577576344,7.946729358776584
20,230.0,9.616232253472248,0.9995589201162975,1.0000000000000002e-06,0.0003670500789078,1.0000000000000002e-06,1.8574475587429483e-05,5.05755386697143e-05,1.8797905373315453e-06,1.0000000000000002e-06,302.68,75.57,0.7598784194528875,0.1272493350995401,9.839051198642553,9.616132253472248,1121.620211999572,24.88667418172522,0.9999888402565128,4.289979340451789e-09,7.424276167563768e-06,3.006709388359102e-08,9.916006430326517e-07,1.4429772228936602e-06,6.103332326943142e-08,1.2054990571747908e-06,0.9995496851950124,1.0213883993877935e-06,0.0003747750391267,1.0208346927769589e-06,1.895216542070773e-05,5.163093313734637e-05,1.9188584435257844e-06,9.955857671234864e-07,14.52471578963192,0.8854955270690815,1.0,1.2922012818400916,3.0814676228438747,2.500597837497003,2.3735599587093072,2.508099859464161,2.705487547891778,1.0,14.52556748614066,1121.6270137216943,24.87830228106012,302.7106577576344,9.61137473881863
20,230.0,9.640978802935615,0.9995589201162975,1.0000000000000002e-06,0.0003670500789078,1.0000000000000002e-06,1.8574475587429483e-05,5.05755386697143e-05,1.8797905373315453e-06,1.0000000000000002e-06,302.68,75.57,0.7598784194528875,0.1275768003564326,9.839051198642553,9.616132253472248,1121.5884587542428,24.929434945470536,0.999938967197768,2.8849300464911906e-08,4.573273653515668e-05,1.7608470571044046e-07,5.200109688296223e-06,8.516141137630748e-06,3.531880499332675e-07,1.0256928150512257e-06,0.997269362810695,6.850604536578095e-06,0.0023027956865323,5.963598915013097e-06,9.914706420913728e-05,0.0003039583577571,1.1076661262543917e-05,8.452160922417907e-07,14.520408297304694,0.8856957599456259,1.0,1.291991655261573,3.0805314659424488,2.500073226492264,2.3730024677135804,2.507606540963189,2.704802679351005,1.0,14.52556748614066,1121.6270137216943,24.87830228106012,302.7106577576344,9.61137473881863
20,230.0,9.665725352398985,0.9995589201162975,1.0000000000000002e-06,0.0003670500789078,1.0000000000000002e-06,1.8574475587429483e-05,5.05755386697143e-05,1.8797905373315453e-06,1.0000000000000002e-06,302.68,75.57,0.7598784194528875,0.1279042656133251,9.839051198642553,9.616132253472248,1121.5575235346969,24.972261088846764,0.9998897573468676,5.8961701510569335e-08,8.474122657170578e-05,3.106916876263732e-07,8.36877498873609e-06,1.5134392130486312e-05,6.164289660465725e-07,1.0121770861000216e-06,0.9950010542194582,1.396446098558618e-05,0.0042563520423581,1.0496436794499398e-05,0.0001591759871887,0.000538839791389,1.9284822646975107e-05,8.322391788779845e-07,14.51613430300781,0.8858946935989637,1.0,1.291782942093742,3.079600194763105,2.4995529782263146,2.372448710986039,2.507117100469888,2.704123294740723,1.0,14.52556748614066,1121.6270137216943,24.87830228106012,302.7106577576344,9.61137473881863
20,230.0,9.690471901862349,0.9995589201162975,1.0000000000000002e-06,0.0003670500789078,1.0000000000000002e-06,1.8574475587429483e-05,5.05755386697143e-05,1.8797905373315453e-06,1.0000000000000002e-06,302.68,75.57,0.7598784194528875,0.1282317308702176,9.839051198642553,9.616132253472248,1121.5271809793037,25.01510889708272,0.9998411582003944,9.657155685672916e-08,0.0001243026977284,4.3467803275133483e-07,1.0831464449757655e-05,2.1315290712426525e-05,8.539035681928177e-07,1.0071935569768083e-06,0.992744628683159,2.2812168688238224e-05,0.0062278870573063,1.4649003644264349e-05,0.0002055199568501,0.0007570282402068,2.664856973146936e-05,8.26320413711272e-07,14.511882267219,0.886092657520939,1.0,1.291574921065955,3.078672503701173,2.499035973568964,2.3718976655643726,2.506630617522044,2.703448127902042,1.0,14.52556748614066,1121.6270137216943,24.87830228106012,302.7106577576344,9.61137473881863
20,230.0,9.715218451325716,0.9995589201162975,1.0000000000000002e-06,0.0003670500789078,1.0000000000000002e-06,1.8574475587429483e-05,5.05755386697143e-05,1.8797905373315453e-06,1.0000000000000002e-06,302.68,75.57,0.7598784194528875,0.1285591961271102,9.839051198642553,9.616132253472248,1121.4972650358668,25.057944150563387,0.99979304719519,1.447073851946925e-07,0.0001643069907268,5.489201302469929e-07,1.2795110488064522e-05,2.7083886217551927e-05,1.068599293739354e-06,1.0045905682329834e-06,0.9904998548979844,3.4093786566334953e-05,0.0082117764005374,1.8453606725429603e-05,0.0002421951076103,0.0009595366578059,3.326716535528282e-05,8.223774148276509e-07,14.50765201628606,0.8862898555440637,1.0,1.2913674502642,3.077747609522976,2.498521534034252,2.371348772332308,2.506146400740874,2.702775926704582,1.0,14.52556748614066,1121.6270137216943,24.87830228106012,302.7106577576344,9.61137473881863
20,230.0,9.739965000789084,0.9995589201162975,1.0000000000000002e-06,0.0003670500789078,1.0000000000000002e-06,1.8574475587429483e-05,5.05755386697143e-05,1.8797905373315453e-06,1.0000000000000002e-06,302.68,75.57,0.7598784194528875,0.1288866613840027,9.839051198642553,9.616132253472248,1121.4676756810627,25.100733898267983,0.9997453502800712,2.08318092339647e-07,0.0002046600844081,6.542697906327648e-07,1.4393811106500074e-05,3.2467073062573453e-05,1.2631796590111527e-06,1.0029838096977311e-06,0.9882665816890056,4.895329171587412e-05,0.0102032414868893,2.1941367264249708e-05,0.0002718032300661,0.00114743088598,3.9228782647890965e-05,8.192664307779891e-07,14.503439336071908,0.8864863455092646,1.0,1.291160499456416,3.0768253473177074,2.498009347737307,2.370801822597284,2.5056642032762784,2.7021064959946397,1.0,14.52556748614066,1121.6270137216943,24.87830228106012,302.7106577576344,9.61137473881863
20,230.0,9.764711550252452,0.9995589201162975,1.0000000000000002e-06,0.0003670500789078,1.0000000000000002e-06,1.8574475587429483e-05,5.05755386697143e-05,1.8797905373315453e-06,1.0000000000000002e-06,302.68,75.57,0.7598784194528875,0.1292141266408952,9.839051198642553,9.616132253472248,1121.4383595872937,25.143435307588184,0.9996980347907748,2.960362139210851e-07,0.0002452676934252,7.514995268886336e-07,1.5717713019528676e-05,3.74904427491316e-05,1.439936242615419e-06,1.00188804799891e-06,0.98604469034651,6.938623164990603e-05,0.01219754276785,2.5140461846712265e-05,0.0002960933346546,0.0013217210414383,4.460922958732701e-05,8.165864631492423e-07,14.499244598893222,0.886682087676445,1.0,1.2909578941319044,3.075905970217219,2.4974994434052222,2.370256945325293,2.5051840570508546,2.7014399023929627,1.0,14.52556748614066,1121.6270137216943,24.87830228106012,302.7106577576344,9.61137473881863
20,230.0,9.789458099715818,0.9995589201162975,1.0000000000000002e-06,0.0003670500789078,1.0000000000000002e-06,1.8574475587429483e-05,5.05755386697143e-05,1.8797905373315453e-06,1.0000000000000002e-06,302.68,75.57,0.7598784194528875,0.1295415918977877,9.839051198642553,9.616132253472248,1121.4093070921042,25.185977247838185,0.9996511164547728,4.24294497587783e-07,0.0002860115882125,8.412581701508925e-07,1.6829036108686714e-05,4.217552140929011e-05,1.600757233185376e-06,1.0010895960871652e-06,0.9838341086659704,9.919110635100364e-05,0.0141888027372427,2.8074668961399027e-05,0.0003162729216998,0.001483264621391,4.947111757535334e-05,8.141608082150497e-07,14.495071756139746,0.8868768884929744,1.0,1.2907560604431436,3.0749904108017367,2.496992306103389,2.369714748818501,2.504706412298682,2.7007767998744123,1.0,14.52556748614066,1121.6270137216943,24.87830228106012,302.7106577576344,9.61137473881863
20,230.0,9.814204649179183,0.9995589201162975,1.0000000000000002e-06,0.0003670500789078,1.0000000000000002e-06,1.8574475587429483e-05,5.05755386697143e-05,1.8797905373315453e-06,1.0000000000000002e-06,302.68,75.57,0.7598784194528875,0.1298690571546802,9.839051198642553,9.616132253472248,1121.3805726635987,25.228214681282697,0.9996046971069678,6.283555645310116e-07,0.0003266969126273,9.239926764755788e-07,1.7770988321321464e-05,4.653513005623609e-05,1.747033390380112e-06,1.000480395887448e-06,0.98163483693293,0.0001465182107532,0.0161674226795384,3.0760837692785225e-05,0.0003331817134962,0.001632606577029,5.386114864566446e-05,8.118999147493673e-07,14.490933609266255,0.8870702453921148,1.0,1.290555491993885,3.0740809924272443,2.4964893280678773,2.3691768249192267,2.504232529417556,2.700118881911457,1.0,14.52556748614066,1121.6270137216943,24.87830228106012,302.7106577576344,9.61137473881863
20,230.0,9.838951198642553,0.9995589201162975,1.0000000000000002e-06,0.0003670500789078,1.0000000000000002e-06,1.8574475587429483e-05,5.05755386697143e-05,1.8797905373315453e-06,1.0000000000000002e-06,302.68,75.57,0.7598784194528875,0.1301965224115727,9.839051198642553,9.616132253472248,1121.352362621897,25.26978527510313,0.999559101711687,9.979133837906408e-07,0.0003668898536252,9.997092476898106e-07,1.8571506834670782e-05,5.05600178754498e-05,1.87928562810149e-06,1.0000017177802642e-06,0.9794471066521468,0.0002320941708833,0.0181121095923423,3.3201017012267906e-05,0.0003473658720362,0.0017695141081674,5.779883274909869e-05,8.097546620592625e-07,14.486856129916887,0.8872607509797987,1.0,1.2903575404112708,3.073184104617587,2.4959943711245485,2.3686474837964298,2.503766028806948,2.699471593660524,1.0,14.52556748614066,1121.6270137216943,24.87830228106012,302.7106577576344,9.61137473881863
20,235.0,11.531086635576356,0.9995589201162975,1.0000000000000002e-06,0.0003670500789078,1.0000000000000002e-06,1.8574475587429483e-05,5.05755386697143e-05,1.8797905373315453e-06,1.0000000000000002e-06,302.68,75.57,0.7763975155279503,0.1525881518535974,11.747596709247082,11.530986635576356,1102.8604318163295,29.74118142690929,0.999986466306835,5.6449722499120795e-09,9.278821088133662e-06,3.671524043693226e-08,1.1984782787178037e-06,1.7267814444380515e-06,7.059466474317542e-08,1.2166574761568725e-06,0.9995513530253182,1.0175989755667792e-06,0.0003733822313575,1.0170490664544233e-06,1.8882011370475064e-05,5.1440107220064325e-05,1.9118112875350657e-06,9.961654041837832e-07,13.257916986186494,0.9306072149071029,1.0,1.2523106340703634,2.840837933875741,2.2816860603190663,2.1310350050239237,2.322517846320435,2.521904066088548,1.0,13.258875583506692,1102.8688895247462,29.73094022392497,302.7106577576344,11.525181126674264
20,235.0,11.555132199317548,0.9995589201162975,1.0000000000000002e-06,0.0003670500789078,1.0000000000000002e-06,1.8574475587429483e-05,5.05755386697143e-05,1.8797905373315453e-06,1.0000000000000002e-06,302.68,75.57,0.7763975155279503,0.1529063411316335,11.747596709247082,11.530986635576356,1102.8283993880443,29.78298812275248,0.9999371103669294,3.152633985279736e-08,4.7515553778084446e-05,1.793427010106542e-07,5.263924983069849e-06,8.52323172182935e-06,3.436689113335296e-07,1.0323846353713705e-06,0.9977349137734696,5.670935054565291e-06,0.0019081606697166,4.958018791188987e-06,8.27710768703376e-05,0.0002533932328735,9.288483872222433e-06,8.438093519626994e-07,13.254038307393529,0.9308024603511824,1.0,1.2521379414599196,2.8400628198839515,2.2812594872652143,2.1305925413590923,2.3221081426218224,2.521336587508205,1.0,13.258875583506692,1102.8688895247462,29.73094022392497,302.7106577576344,11.525181126674264
20,235.0,11.57917776305874,0.9995589201162975,1.0000000000000002e-06,0.0003670500789078,1.0000000000000002e-06,1.8574475587429483e-05,5.05755386697143e-05,1.8797905373315453e-06,1.0000000000000002e-06,302.68,75.57,0.7763975155279503,0.1532245304096697,11.747596709247082,11.530986635576356,1102.7971122742763,29.824855809722298,0.999888320566021,6.313090670035429e-08,8.63865853190611e-05,3.114555141064033e-07,8.360723551259814e-06,1.4947023645248653e-05,5.949720597953075e-07,1.0155429830171956e-06,0.9959263606786792,1.133159690443582e-05,0.0034621485321365,8.593124941255149e-06,0.0001312096021747,0.0004434793692785,1.604850065938671e-05,8.285952259770057e-07,13.250186927200083,0.930996539521462,1.0,1.2519659393052325,2.8392914119154757,2.2808361460562656,2.1301528288797877,2.3217013984217165,2.5207732898925674,1.0,13.258875583506692,1102.8688895247462,29.73094022392497,302.7106577576344,11.525181126674264
20,235.0,11.603223326799933,0.9995589201162975,1.0000000000000002e-06,0.0003670500789078,1.0000000000000002e-06,1.8574475587429483e-05,5.05755386697143e-05,1.8797905373315453e-06,1.0000000000000002e-06,302.68,75.57,0.7763975155279503,0.1535427196877058,11.747596709247082,11.530986635576356,1102.7663742756274,29.866745520253183,0.999840070659938,1.0242764755967384e-07,0.0001257613484384,4.337400062955205e-07,1.0790195619385292e-05,2.10062289565849e-05,8.261883796752201e-07,1.009211014292629e-06,0.9941256189476204,1.8345799329950236e-05,0.0050300122210914,1.1943109146212036e-05,0.0001690075386009,0.0006220094862669,2.2240902987621983e-05,8.219949566061674e-07,13.246355883116037,0.9311897525913992,1.0,1.2517944493053594,2.83852272207215,2.280415240144211,2.1297151369020293,2.3212969139472595,2.520213051944173,1.0,13.258875583506692,1102.8688895247462,29.73094022392497,302.7106577576344,11.525181126674264
20,235.0,11.627268890541124,0.9995589201162975,1.0000000000000002e-06,0.0003670500789078,1.0000000000000002e-06,1.8574475587429483e-05,5.05755386697143e-05,1.8797905373315453e-06,1.0000000000000002e-06,302.68,75.57,0.7763975155279503,0.153860908965742,11.747596709247082,11.530986635576356,1102.73603626125,29.908626280344283,0.9997922557753208,1.5245712445974225e-07,0.0001655415214506,5.46958749283388e-07,1.274229483431289e-05,2.6716030082120585e-05,1.0390812179018716e-06,1.0058812206213972e-06,0.9923325478592758,2.7248282616074336e-05,0.0066077415156923,1.5030623262533206e-05,0.0001991962861102,0.0007895011347212,2.79164388901256e-05,8.178594317137039e-07,13.242538851369376,0.9313822456443832,1.0,1.251623384979162,2.837756291581899,2.2799962704906087,2.1292790563894872,2.320894262590965,2.519655412169824,1.0,13.258875583506692,1102.8688895247462,29.73094022392497,302.7106577576344,11.525181126674264
20,235.0,11.651314454282316,0.9995589201162975,1.0000000000000002e-06,0.0003670500789078,1.0000000000000002e-06,1.8574475587429483e-05,5.05755386697143e-05,1.8797905373315453e-06,1.0000000000000002e-06,302.68,75.57,0.7763975155279503,0.1541790982437781,11.747596709247082,11.530986635576356,1102.7060067252714,29.950467075067326,0.9997448115903724,2.181374835884971e-07,0.0002056432841036,6.51857677199732e-07,1.4341874536879468e-05,3.209411062551365e-05,1.235324386625428e-06,1.003820814117759e-06,0.9905470176583172,3.890420603486965e-05,0.0081919505918045,1.7877722177353016e-05,0.000223768328619,0.0009465436170745,3.3123106652523464e-05,8.147693200523957e-07,13.238738473944332,0.9315741034917602,1.0,1.2514527074712212,2.8369918822408904,2.2795790189860226,2.1288444426965105,2.320493164494465,2.5190997915480398,1.0,13.258875583506692,1102.8688895247462,29.73094022392497,302.7106577576344,11.525181126674264
20,235.0,11.675360018023508,0.9995589201162975,1.0000000000000002e-06,0.0003670500789078,1.0000000000000002e-06,1.8574475587429483e-05,5.05755386697143e-05,1.8797905373315453e-06,1.0000000000000002e-06,302.68,75.57,0.7763975155279503,0.1544972875218143,11.747596709247082,11.530986635576356,1102.6762365429531,29.992228650661023,0.999697710736466,3.079359463904117e-07,0.0002459817698475,7.491157742654813e-07,1.5673833053147203e-05,3.715777749773412e-05,1.4164160282670638e-06,1.0024153865778489e-06,0.9887689636612004,5.480292265810472e-05,0.0097792263575917,2.0504415123036503e-05,0.0002440782351264,0.0010937084146162,3.790377233916302e-05,8.122213448890848e-07,13.23495316799085,0.9317652797466208,1.0,1.2512824699809222,2.836229723183015,2.2791635064179747,2.128411384233138,2.320093673881083,2.51854637767467,1.0,13.258875583506692,1102.8688895247462,29.73094022392497,302.7106577576344,11.525181126674264
20,235.0,11.6994055817647,0.9995589201162975,1.0000000000000002e-06,0.0003670500789078,1.0000000000000002e-06,1.8574475587429483e-05,5.05755386697143e-05,1.8797905373315453e-06,1.0000000000000002e-06,302.68,75.57,0.7763975155279503,0.1548154767998504,11.747596709247082,11.530986635576356,1102.646716065835,30.03384680174721,0.9996509685340024,4.376915432264108e-07,0.0002864506342177,8.393060347067278e-07,1.679737393207143e-05,4.1921451835378805e-05,1.5836159889643529e-06,1.0013924454001376e-06,0.986998345059076,7.77304615628327e-05,0.011365342063097,2.292768395848486e-05,0.0002610709712689,0.0012314791320701,4.229463674073581e-05,8.099922258565649e-07,13.231188099525436,0.9319556140004516,1.0,1.2511128197667305,2.8354704777777724,2.278750091977068,2.1279803171358687,2.3196960986254043,2.517995527519448,1.0,13.258875583506692,1102.8688895247462,29.73094022392497,302.7106577576344,11.525181126674264
20,235.0,11.72345114550589,0.9995589201162975,1.0000000000000002e-06,0.0003670500789078,1.0000000000000002e-06,1.8574475587429483e-05,5.05755386697143e-05,1.8797905373315453e-06,1.0000000000000002e-06,302.68,75.57,0.7763975155279503,0.1551336660778866,11.747596709247082,11.530986635576356,1102.6174930444663,30.075195071022627,0.9996046753315012,6.405699574574005e-07,0.000326876429025,9.228254333229616e-07,1.775404701290056e-05,4.63923580952582e-05,1.7378255542681673e-06,1.0006134204328516e-06,0.9852352204309348,0.0001135198070728,0.012943437133913,2.515954796655546e-05,0.0002754101709844,0.0013601229205716,4.632202021960537e-05,8.079683371186519e-07,13.227447643827825,0.9321446366982116,1.0,1.250944144605061,2.8347159564871296,2.278339778479496,2.127552360354652,2.319301453140433,2.5174489028734564,1.0,13.258875583506692,1102.8688895247462,29.73094022392497,302.7106577576344,11.525181126674264
20,235.0,11.747496709247082,0.9995589201162975,1.0000000000000002e-06,0.0003670500789078,1.0000000000000002e-06,1.8574475587429483e-05,5.05755386697143e-05,1.8797905373315453e-06,1.0000000000000002e-06,302.68,75.57,0.7763975155279503,0.1554518553559227,11.747596709247082,11.530986635576356,1102.5887447446537,30.115968044445115,0.9995591072728492,9.979574281667752e-07,0.0003668855889547,9.996950187727192e-07,1.8571344936614837e-05,5.055890804325742e-05,1.879230511906179e-06,1.000002257092026e-06,0.9834797896709158,0.0001764829240971,0.0144988311344487,2.720177008584107e-05,0.0002875372363315,0.0014793580728988,4.9993104161626455e-05,8.060870603155779e-07,13.223757945125046,0.9323311966350432,1.0,1.250777397463888,2.833970588864797,2.2779352651703517,2.1271304508439246,2.318912234154244,2.5169099271478004,1.0,13.258875583506692,1102.8688895247462,29.73094022392497,302.7106577576344,11.525181126674264
20,240.0,13.717922358841934,0.9995589201162975,1.0000000000000002e-06,0.0003670500789078,1.0000000000000002e-06,1.8574475587429483e-05,5.05755386697143e-05,1.8797905373315453e-06,1.0000000000000002e-06,302.68,75.57,0.7929166116030131,0.1815260335958969,13.92854978889145,13.717822358841934,1083.2533407521018,35.35003901166532,0.999983634959976,7.392926369803618e-09,1.1503827042305886e-05,4.427508410058553e-08,1.439355326813314e-06,2.0634382566592007e-06,8.163228827586795e-08,1.225119099590566e-06,0.999552681982662,1.0145792304297649e-06,0.0003722722769679,1.0140375120695106e-06,1.8826153087376782e-05,5.1288075492535e-05,1.9062015555064288e-06,9.966934920027637e-07,12.013425363799517,0.9806146628093584,1.0,1.2158992824481616,2.6234406387177738,2.0995983019919917,1.9256025946614692,2.1547774814814376,2.3547776001096627,1.0,12.014498351825988,1083.263844328595,35.3375257790447,302.7106577576344,13.710780754884407
20,240.0,13.741314295514105,0.9995589201162975,1.0000000000000002e-06,0.0003670500789078,1.0000000000000002e-06,1.8574475587429483e-05,5.05755386697143e-05,1.8797905373315453e-06,1.0000000000000002e-06,302.68,75.57,0.7929166116030131,0.1818355735809726,13.92854978889145,13.717822358841934,1083.2209564487837,35.3911301322764,0.9999348053608084,3.4733352300279384e-08,4.961651618522314e-05,1.8287062478951974e-07,5.3617176861564375e-06,8.620832740754292e-06,3.381069365141098e-07,1.0398616659610526e-06,0.9980954296633984,4.75821755187573e-06,0.0016029618239384,4.181452469519698e-06,7.001768951342894e-05,0.0002139240937883,7.882258748409194e-06,8.448005916097524e-07,12.00993054478536,0.9808062857979054,1.0,1.215755018737228,2.622793979429157,2.0992479412264986,1.92525052650794,2.154435001950099,2.3543045333320207,1.0,12.014498351825988,1083.263844328595,35.3375257790447,302.7106577576344,13.710780754884407
20,240.0,13.76470623218627,0.9995589201162975,1.0000000000000002e-06,0.0003670500789078,1.0000000000000002e-06,1.8574475587429483e-05,5.05755386697143e-05,1.8797905373315453e-06,1.0000000000000002e-06,302.68,75.57,0.7929166116030131,0.1821451135660483,13.92854978889145,13.717822358841934,1083.1892536299124,35.43227730662411,0.9998864646847252,6.797727768655726e-08,8.830495974780837e-05,3.1204500796924973e-07,8.38252153130824e-06,1.4869944267951777e-05,5.784370864699321e-07,1.0194303555202966e-06,0.9966434654446494,9.295878673536918e-06,0.0028481437626025,7.123446360379411e-06,0.0001092924508809,0.0003683889052669,1.3463060001985044e-05,8.270515641722135e-07,12.006458090002903,0.9809968508168168,1.0,1.215611292764913,2.62215016141238,2.0989000154340864,1.924900497141618,2.154094805700964,2.3538346964653774,1.0,12.014498351825988,1083.263844328595,35.3375257790447,302.7106577576344,13.710780754884407
20,240.0,13.78809816885844,0.9995589201162975,1.0000000000000002e-06,0.0003670500789078,1.0000000000000002e-06,1.8574475587429483e-05,5.05755386697143e-05,1.8797905373315453e-06,1.0000000000000002e-06,302.68,75.57,0.7929166116030131,0.182454653551124,13.92854978889145,13.717822358841934,1083.1580605264612,35.47344617479339,0.9998386048165172,1.0911395318709674e-07,0.0001274523915111,4.323441533962328e-07,1.0773492300487368e-05,2.081288781383146e-05,8.033832033812496e-07,1.011570547608904e-06,0.9951967540972212,1.4894906790504149e-05,0.0041039898878845,9.853573479864528e-06,0.0001402442851372,0.0005147754898983,1.8668222264779503e-05,8.195373234141926e-07,12.003002538307792,0.9811866341277984,1.0,1.21546789949144,2.621509135385757,2.098554106706107,1.924552162101068,2.1537567027022373,2.3533675215086407,1.0,12.014498351825988,1083.263844328595,35.3375257790447,302.7106577576344,13.710780754884407
20,240.0,13.811490105530607,0.9995589201162975,1.0000000000000002e-06,0.0003670500789078,1.0000000000000002e-06,1.8574475587429483e-05,5.05755386697143e-05,1.8797905373315453e-06,1.0000000000000002e-06,302.68,75.57,0.7929166116030131,0.1827641935361996,13.92854978889145,13.717822358841934,1083.1272429778958,35.51460833488271,0.9997911353153616,1.6118681991739317e-07,0.0001669707768022,5.443901534225343e-07,1.2708763245945686e-05,2.6458283228835343e-05,1.0138834965453897e-06,1.007400891698158e-06,0.9937551799646568,2.1964406087981552e-05,0.0053676197393975,1.2387028802280289e-05,0.000165175862454,0.0006533366168163,2.3521351815249988e-05,8.150299701322397e-07,11.999560578435275,0.9813757573581716,1.0,1.2153248926315423,2.620869208724234,2.098209518828227,1.9242048527677715,2.1534197072349675,2.352901976310495,1.0,12.014498351825988,1083.263844328595,35.3375257790447,302.7106577576344,13.710780754884407
20,240.0,13.834882042202777,0.9995589201162975,1.0000000000000002e-06,0.0003670500789078,1.0000000000000002e-06,1.8574475587429483e-05,5.05755386697143e-05,1.8797905373315453e-06,1.0000000000000002e-06,302.68,75.57,0.7929166116030131,0.1830737335212753,13.92854978889145,13.717822358841934,1083.0967176447034,35.5557355054132,0.9997440001292468,2.290634967575084e-07,0.0002067845968252,6.488002552381918e-07,1.4304330370361802e-05,3.181736799210501e-05,1.2109012251470015e-06,1.0048105882405283e-06,0.9923186620551124,3.115873590734997e-05,0.0066365733520481,1.4738797304904048e-05,0.000185620894256,0.0007843878736566,2.804648005401332e-05,8.118116606297824e-07,11.99613084240267,0.9815642849737304,1.0,1.2151821915937484,2.620230915148754,2.097866257070313,1.923858651858071,2.1530839698812745,2.352438136599436,1.0,12.014498351825988,1083.263844328595,35.3375257790447,302.7106577576344,13.710780754884407
20,240.0,13.858273978874944,0.9995589201162975,1.0000000000000002e-06,0.0003670500789078,1.0000000000000002e-06,1.8574475587429483e-05,5.05755386697143e-05,1.8797905373315453e-06,1.0000000000000002e-06,302.68,75.57,0.7929166116030131,0.183383273506351,13.92854978889145,13.717822358841934,1083.0664390154348,35.59679163023782,0.9996971754371404,3.210053308951627e-07,0.0002468175025149,7.461426958503172e-07,1.563998161261948e-05,3.690155201851803e-05,1.395337768079506e-06,1.003040918489169e-06,0.990887151333633,4.358848584809353e-05,0.0079083808303498,1.692265550400758e-05,0.0002026343228941,0.0009082470543374,3.2266052530464495e-05,8.092649030486452e-07,11.992713616296236,0.9817521858187946,1.0,1.21503983203267,2.619594399683654,2.0975243391079936,1.923513623337536,2.1527495070186635,2.3519760414901607,1.0,12.014498351825988,1083.263844328595,35.3375257790447,302.7106577576344,13.710780754884407
20,240.0,13.881665915547114,0.9995589201162975,1.0000000000000002e-06,0.0003670500789078,1.0000000000000002e-06,1.8574475587429483e-05,5.05755386697143e-05,1.8797905373315453e-06,1.0000000000000002e-06,302.68,75.57,0.7929166116030131,0.1836928134914267,13.92854978889145,13.717822358841934,1083.0363973362794,35.63771928956176,0.9996506751433636,4.521751828964595e-07,0.0002869740494884,8.368996063135286e-07,1.677191170305038e-05,4.172011059383648e-05,1.5679574571674125e-06,1.0017526047560331e-06,0.9894606352973648,6.12919666736759e-05,0.0091799792240964,1.8950343236731416e-05,0.0002169592844735,0.0010251775606351,3.619920997584914e-05,8.071135438851453e-07,11.98931150696782,0.9819393090837764,1.0,1.2148979284857375,2.61896018311542,2.097184027470998,1.923170075424273,2.15241656944987,2.351516055960716,1.0,12.014498351825988,1083.263844328595,35.3375257790447,302.7106577576344,13.710780754884407
20,240.0,13.90505785221928,0.9995589201162975,1.0000000000000002e-06,0.0003670500789078,1.0000000000000002e-06,1.8574475587429483e-05,5.05755386697143e-05,1.8797905373315453e-06,1.0000000000000002e-06,302.68,75.57,0.7929166116030131,0.1840023534765023,13.92854978889145,13.717822358841934,1083.0066333793611,35.67840816203377,0.9996045772464406,6.534977188323754e-07,0.0003271014384802,9.214054900937088e-07,1.773999080310591e-05,4.627638437123792e-05,1.7292646945235792e-06,1.0007720014283928e-06,0.988039162296851,8.842604606223758e-05,0.0104464979439442,2.0830193383293732e-05,0.0002291234651833,0.0011352958483332,3.985899004661309e-05,8.052161959473509e-07,11.98593151942408,0.9821252606375837,1.0,1.214756806868266,2.6183287504261945,2.096845943277554,1.922828672284082,2.152085448256866,2.3510588504384367,1.0,12.014498351825988,1083.263844328595,35.3375257790447,302.7106577576344,13.710780754884407
20,240.0,13.92844978889145,0.9995589201162975,1.0000000000000002e-06,0.0003670500789078,1.0000000000000002e-06,1.8574475587429483e-05,5.05755386697143e-05,1.8797905373315453e-06,1.0000000000000002e-06,302.68,75.57,0.7929166116030131,0.184311893461578,13.92854978889145,13.717822358841934,1082.9772974355728,35.71860328833545,0.9995591124206132,9.98010843239106e-07,0.0003668816372985,9.996794424036475e-07,1.857119156810692e-05,5.055788170151189e-05,1.8791756115204665e-06,1.0000029212183218e-06,0.9866229241050614,0.0001348073138505,0.0116978409512664,2.256338391500978e-05,0.000239485070883,0.0012383308389845,4.324484160591833e-05,8.034944331751602e-07,11.982591940575562,0.9823090877128706,1.0,1.2146170367286202,2.6177047973286234,2.0965121791430783,1.9224916393069895,2.1517587226791424,2.350607570219186,1.0,12.014498351825988,1083.263844328595,35.3375257790447,302.7106577576344,13.710780754884407
20,245.0,16.200240509613298,0.9995589201162975,1.0000000000000002e-06,0.0003670500789078,1.0000000000000002e-06,1.8574475587429483e-05,5.05755386697143e-05,1.8797905373315453e-06,1.0000000000000002e-06,302.68,75.57,0.8094357076780758,0.2143739646634021,16.40524145944573,16.2001405096133,1062.6580823350112,41.82332677237132,0.9999802652326274,9.648099061719893e-09,1.416471220916123e-05,5.2823180575610484e-08,1.7187304079315709e-06,2.463438858535412e-06,9.443500725252872e-08,1.230979610057521e-06,0.9995537505717632,1.0121507715606196e-06,0.0003713796808137,1.0116210502039089e-06,1.8781281177408205e-05,5.116583302221011e-05,1.9016953240845431e-06,9.97166077558582e-07,10.792765006853248,1.0365673097738546,1.0,1.1826209036563762,2.4264283145723287,1.946727589673443,1.7510002508981046,2.0027606491447374,2.2019389351341125,1.0,10.793959502416731,1062.6711211462375,41.80803719266337,302.7106577576344,16.191644196077288
20,245.0,16.2230072818169,0.9995589201162975,1.0000000000000002e-06,0.0003670500789078,1.0000000000000002e-06,1.8574475587429483e-05,5.05755386697143e-05,1.8797905373315453e-06,1.0000000000000002e-06,302.68,75.57,0.8094357076780758,0.2146752319944012,16.40524145944573,16.2001405096133,1062.6252655028425,41.86392224034974,0.9999319897376004,3.859657522549906e-08,5.209352509131599e-05,1.868602854993781e-07,5.4953880679578985e-06,8.811484069599291e-06,3.363902973343381e-07,1.0480180128708071e-06,0.9983780806767216,4.04303276518158e-06,0.0013639501191765,3.5737486783721053e-06,5.997238497158285e-05,0.0001827670654315,6.764958801842581e-06,8.480134533335489e-07,10.789617565537574,1.0367588738107465,1.0,1.1824988034049873,2.425888423402088,1.9464371978685675,1.7507194223377922,2.0024736392313187,2.201542545901518,1.0,10.793959502416731,1062.6711211462375,41.80803719266337,302.7106577576344,16.191644196077288
20,245.0,16.245774054020504,0.9995589201162975,1.0000000000000002e-06,0.0003670500789078,1.0000000000000002e-06,1.8574475587429483e-05,5.05755386697143e-05,1.8797905373315453e-06,1.0000000000000002e-06,302.68,75.57,0.8094357076780758,0.2149764993254003,16.40524145944573,16.2001405096133,1062.593072783136,41.90456834102456,0.9998841410354692,7.363596386733067e-08,9.054574545232656e-05,3.1270142805904564e-07,8.434855960665952e-06,1.4901544042932414e-05,5.666425732617382e-07,1.0238391096826875e-06,0.9972060282506444,7.702011699626202e-06,0.002367489652914,5.972432964382664e-06,9.19320830913075e-05,0.0003086679516256,1.1380087046333516e-05,8.275300143677422e-07,10.786488486738952,1.0369494596462416,1.0,1.1823790527388516,2.425350717806698,1.9461486640668644,1.750440112556992,2.002188403028338,2.201148677246356,1.0,10.793959502416731,1062.6711211462375,41.80803719266337,302.7106577576344,16.191644196077288
20,245.0,16.268540826224108,0.9995589201162975,1.0000000000000002e-06,0.0003670500789078,1.0000000000000002e-06,1.8574475587429483e-05,5.05755386697143e-05,1.8797905373315453e-06,1.0000000000000002e-06,302.68,75.57,0.8094357076780758,0.2152777666563994,16.40524145944573,16.2001405096133,1062.561353126593,41.94523505024013,0.999836722633415,1.1676974602353723e-07,0.0001294165640724,4.307374938776086e-07,1.0781482534397683e-05,2.073213546006324e-05,7.853902182207159e-07,1.014287059763488e-06,0.9960375810607645,1.2195554383837598e-05,0.0033792192463294,8.215796013870193e-06,0.0001173560528095,0.0004288613165042,1.5752071559332208e-05,8.189016353922039e-07,10.78337341484826,1.0371393068466148,1.0,1.182259604790059,2.424814675503021,1.945861564223526,1.750161941640223,2.0019045574368777,2.200756674655844,1.0,10.793959502416731,1062.6711211462375,41.80803719266337,302.7106577576344,16.191644196077288
20,245.0,16.29130759842771,0.9995589201162975,1.0000000000000002e-06,0.0003670500789078,1.0000000000000002e-06,1.8574475587429483e-05,5.05755386697143e-05,1.8797905373315453e-06,1.0000000000000002e-06,302.68,75.57,0.8094357076780758,0.2155790339873986,16.40524145944573,16.2001405096133,1062.5299862321222,41.985896670677135,0.9997896566553808,1.710320532186318e-07,0.0001686267235126,5.414382820628963e-07,1.2694386307138126e-05,2.6307567200560287e-05,9.93032603467456e-07,1.0091646600644236e-06,0.9948726470453346,1.7836389161123336e-05,0.0043970404338531,1.0313416239504563e-05,0.0001379994446824,0.0005434595076966,1.9889897833056764e-05,8.138651995253375e-07,10.78026978604785,1.0373285442689737,1.0,1.1821404074285249,2.424280016798056,1.9455756276381928,1.749884696813372,2.001621838138428,2.2003661833938635,1.0,10.793959502416731,1062.6711211462375,41.80803719266337,302.7106577576344,16.191644196077288
20,245.0,16.314074370631317,0.9995589201162975,1.0000000000000002e-06,0.0003670500789078,1.0000000000000002e-06,1.8574475587429483e-05,5.05755386697143e-05,1.8797905373315453e-06,1.0000000000000002e-06,302.68,75.57,0.8094357076780758,0.2158803013183977,16.40524145944573,16.2001405096133,1062.498896213941,42.02652731607844,0.999742893740052,2.4121615293329134e-07,0.0002081080891025,6.452826281175381e-07,1.4280977706762988e-05,3.163468573144724e-05,1.190043376213974e-06,1.0059652501298835e-06,0.993711162824708,2.511858658801168e-05,0.0054191557061016,1.2274991792579576e-05,0.0001550469384641,0.0006526265752177,2.3803987650329456e-05,8.103894774079337e-07,10.777176471929888,1.0375172218800677,1.0,1.1820214474950506,2.4237466539456425,1.9452907289118184,1.749608295183036,2.001340121286734,2.1999770459122985,1.0,10.793959502416731,1062.6711211462375,41.80803719266337,302.7106577576344,16.191644196077288
20,245.0,16.33684114283492,0.9995589201162975,1.0000000000000002e-06,0.0003670500789078,1.0000000000000002e-06,1.8574475587429483e-05,5.05755386697143e-05,1.8797905373315453e-06,1.0000000000000002e-06,302.68,75.57,0.8094357076780758,0.2161815686493969,16.40524145944573,16.2001405096133,1062.468040995893,42.06709419097773,0.9996964126872772,3.353310687352859e-07,0.0002477918554169,7.427184466016817e-07,1.561597419567979e-05,3.6720768670120834e-05,1.3768915890324837e-06,1.0037733357539698e-06,0.9925530929392344,3.48676892084792e-05,0.0064437602405471,1.4109581747696736e-05,0.0001693226164219,0.0007565345843382,2.750461589490556e-05,8.077326070416431e-07,10.774093713847472,1.0377053126078135,1.0,1.1819027515703016,2.4232146936180703,1.94500687950867,1.7493327799576397,2.001059416181207,2.199589288045796,1.0,10.793959502416731,1062.6711211462375,41.80803719266337,302.7106577576344,16.191644196077288
20,245.0,16.359607915038524,0.9995589201162975,1.0000000000000002e-06,0.0003670500789078,1.0000000000000002e-06,1.8574475587429483e-05,5.05755386697143e-05,1.8797905373315453e-06,1.0000000000000002e-06,302.68,75.57,0.8094357076780758,0.216482835980396,16.40524145944573,16.2001405096133,1062.4374105556976,42.107546125210455,0.9996502251797116,4.677770348046032e-07,0.0002875927502777,8.341282931907083e-07,1.6752529586177376e-05,4.157149084346855e-05,1.5539687217451902e-06,1.00217553136235e-06,0.99139843394806,4.856798783671422e-05,0.0074686324775984,1.5824958425201856e-05,0.0001814128175873,0.0008553217925687,3.100045832936827e-05,8.055595940985903e-07,10.771023594094869,1.0378926831333324,1.0,1.1817844039069827,2.4226845190047053,1.9447242702780576,1.749058366731663,2.000779906211283,2.1992031770849314,1.0,10.793959502416731,1062.6711211462375,41.80803719266337,302.7106577576344,16.191644196077288
20,245.0,16.382374687242127,0.9995589201162975,1.0000000000000002e-06,0.0003670500789078,1.0000000000000002e-06,1.8574475587429483e-05,5.05755386697143e-05,1.8797905373315453e-06,1.0000000000000002e-06,302.68,75.57,0.8094357076780758,0.2167841033113951,16.40524145944573,16.2001405096133,1062.40703906988,42.14778779370384,0.9996043970820048,6.671052646352512e-07,0.0003273772033286,9.197748601361332e-07,1.7728767546427617e-05,4.618763542622958e-05,1.721472856504514e-06,1.0009587128168614e-06,0.9902472343410552,6.916222506858264e-05,0.0084903130418434,1.742658612058809e-05,0.000191738349056,0.0009490254589841,3.429630016174561e-05,8.036977102464063e-07,10.76797160990774,1.0380790000805915,1.0,1.1816666006364138,2.4221570431919828,1.9444434191959337,1.7487855941146224,2.000502091445893,2.1988194226399727,1.0,10.793959502416731,1062.6711211462375,41.80803719266337,302.7106577576344,16.191644196077288
20,245.0,16.40514145944573,0.9995589201162975,1.0000000000000002e-06,0.0003670500789078,1.0000000000000002e-06,1.8574475587429483e-05,5.05755386697143e-05,1.8797905373315453e-06,1.0000000000000002e-06,302.68,75.57,0.8094357076780758,0.2170853706423942,16.40524145944573,16.2001405096133,1062.3770517441849,42.18760786684874,0.9995591170218324,9.980736468926772e-07,0.0003668781065658,9.99662732675929e-07,1.8571048957174468e-05,5.055696046510232e-05,1.8791220736370832e-06,1.000003726587966e-06,0.989099650708968,0.0001033244277294,0.0095019129511103,1.8915036343146518e-05,0.0002005909390032,0.0010374165014907,3.73873850348259e-05,8.02050320104268e-07,10.764953340940783,1.0382634625045513,1.0,1.1815498044249662,2.421634434781197,1.9441656182613525,1.7485157773979068,2.000227192393785,2.1984397024353712,1.0,10.793959502416731,1062.6711211462375,41.80803719266337,302.7106577576344,16.191644196077288
20,250.0,19.002461364920254,0.9995589201162975,1.0000000000000002e-06,0.0003670500789078,1.0000000000000002e-06,1.8574475587429483e-05,5.05755386697143e-05,1.8797905373315453e-06,1.0000000000000002e-06,302.68,75.57,0.8259548037531386,0.2514550928267866,19.201922664809157,19.002361364920255,1040.9024185209632,49.2952111073329,0.9999762560899704,1.2563750770080089e-08,1.73432601552735e-05,6.247015694572744e-08,2.0418780307606936e-06,2.940040744341266e-06,1.0937987476478957e-07,1.2343173166406376e-06,0.9995546172225586,1.0101808459437124e-06,0.000370655690156,1.0096662917805704e-06,1.8744933000660063e-05,5.1066678898978174e-05,1.898044149376631e-06,9.975840987157171e-07,9.597791415514411,1.0998790280305386,1.0,1.152206258843933,2.247299138287483,1.8171390290012264,1.6023235590014078,1.864747204687677,2.0615140717719638,1.0,9.599114364051816,1040.9186176418627,49.27650279185157,302.7106577576344,18.99215487266697
20,250.0,19.02461262046347,0.9995589201162975,1.0000000000000002e-06,0.0003670500789078,1.0000000000000002e-06,1.8574475587429483e-05,5.05755386697143e-05,1.8797905373315453e-06,1.0000000000000002e-06,302.68,75.57,0.8259548037531386,0.2517482151708809,19.201922664809157,19.002361364920255,1040.8690761415924,49.33551924381766,0.999928581426364,4.3283163557151016e-08,5.501968041740375e-05,1.91532987827343e-07,5.667662272507323e-06,9.101163544470944e-06,3.385520796156246e-07,1.0566991705258365e-06,0.9986023076682043,3.4757993604393548e-06,0.001174524800365,3.0921572981985976e-06,5.197482868375892e-05,0.0001579032530971,5.8682195505441255e-06,8.532734401881794e-07,9.594961809177034,1.1000741809024668,1.0,1.1521046795087293,2.2468464292175367,1.8168963616415967,1.6020988207440805,1.864506166375717,2.061180539464538,1.0,9.599114364051816,1040.9186176418627,49.27650279185157,302.7106577576344,18.99215487266697
20,250.0,19.04676387600668,0.9995589201162975,1.0000000000000002e-06,0.0003670500789078,1.0000000000000002e-06,1.8574475587429483e-05,5.05755386697143e-05,1.8797905373315453e-06,1.0000000000000002e-06,302.68,75.57,0.8259548037531386,0.2520413375149752,19.201922664809157,19.002361364920255,1040.836305031966,49.375872162167695,0.999881282789429,8.02841488636936e-08,9.317239643078358e-05,3.1369489258043214e-07,8.51910697600588e-06,1.504344755316778e-05,5.595291971646113e-07,1.0287513724530531e-06,0.9976525196733872,6.439050026874705e-06,0.0019867181692169,5.058696833747864e-06,7.804029087008143e-05,0.0002607065491373,9.687601470289294e-06,8.299690573776079e-07,9.592147264459078,1.100268412205915,1.0,1.1520034319609436,2.2463954041624263,1.816655126763343,1.6018752192552763,1.8642665106918024,2.060848983552689,1.0,9.599114364051816,1040.9186176418627,49.27650279185157,302.7106577576344,18.99215487266697
20,250.0,19.06891513154989,0.9995589201162975,1.0000000000000002e-06,0.0003670500789078,1.0000000000000002e-06,1.8574475587429483e-05,5.05755386697143e-05,1.8797905373315453e-06,1.0000000000000002e-06,302.68,75.57,0.8259548037531386,0.2523344598590696,19.201922664809157,19.002361364920255,1040.8039720488357,49.4162439308443,0.9998343701890836,1.2557619901644741e-07,0.0001317072823644,4.29195611837601e-07,1.0814811725746147e-05,2.0763388451066267e-05,7.721877507411964e-07,1.0173688134412502e-06,0.9967052537304504,1.0059042107387768e-05,0.0028052045540707,6.913540987366315e-06,9.896469550493e-05,0.0003594298080053,1.3354570010049406e-05,8.200588637424272e-07,9.589344354433734,1.1004619412391654,1.0,1.1519024232601651,2.2459456863618428,1.8164150102818877,1.6016524783993638,1.864027951754829,2.060518900655472,1.0,9.599114364051816,1040.9186176418627,49.27650279185157,302.7106577576344,18.99215487266697
20,250.0,19.0910663870931,0.9995589201162975,1.0000000000000002e-06,0.0003670500789078,1.0000000000000002e-06,1.8574475587429483e-05,5.05755386697143e-05,1.8797905373315453e-06,1.0000000000000002e-06,302.68,75.57,0.8259548037531386,0.252627582203164,19.201922664809157,19.002361364920255,1040.771969847848,49.45661151918506,0.9997877768750844,1.821686619450404e-07,0.0001705528535953,5.38355318595317e-07,1.2699416259967974e-05,2.6262553529159927e-05,9.76592441797717e-07,1.0111851087868988e-06,0.9957604349069324,1.457408126299957e-05,0.0036284429605854,8.662218514299097e-06,0.0001160866752612,0.0004541140443338,1.6870759671041523e-05,8.143534387298691e-07,9.586551040499966,1.1006548867098154,1.0,1.1518016135272768,2.2454970672332397,1.816175809801876,1.601430443654959,1.8637902895635745,2.0601900207251425,1.0,9.599114364051816,1040.9186176418627,49.27650279185157,302.7106577576344,18.99215487266697
20,250.0,19.11321764263631,0.9995589201162975,1.0000000000000002e-06,0.0003670500789078,1.0000000000000002e-06,1.8574475587429483e-05,5.05755386697143e-05,1.8797905373315453e-06,1.0000000000000002e-06,302.68,75.57,0.8259548037531386,0.2529207045472583,19.201922664809157,19.002361364920255,1040.7402296440036,49.49695143193866,0.9997414592805082,2.547517297498036e-07,0.0002096475402319,6.41515181611278e-07,1.4271865614588437e-05,3.1544855877456724e-05,1.1728947271230352e-06,1.0072961293378123e-06,0.9948180115598544,2.03555937236043e-05,0.0044551100064412,1.031057042035496e-05,0.000130321894414,0.0005448405763947,2.0239293878037767e-05,8.105048735367672e-07,9.58376642207471,1.10084729554644,1.0,1.151700992527397,2.245049479835675,1.815937429956508,1.6012090532019103,1.86355342825381,2.059862221725093,1.0,9.599114364051816,1040.9186176418627,49.27650279185157,302.7106577576344,18.99215487266697
20,250.0,19.13536889817952,0.9995589201162975,1.0000000000000002e-06,0.0003670500789078,1.0000000000000002e-06,1.8574475587429483e-05,5.05755386697143e-05,1.8797905373315453e-06,1.0000000000000002e-06,302.68,75.57,0.8259548037531386,0.2532138268913527,19.201922664809157,19.002361364920255,1040.7087126583967,49.5372340625431,0.9996953981692258,3.510296597267038e-07,0.000248929382741,7.390017362752893e-07,1.5601774376020537e-05,3.661475512697441e-05,1.361265913399179e-06,1.0046212207074273e-06,0.9938779561918378,2.801369936072499e-05,0.0052838802890283,1.1864176977581772e-05,0.0001423145786874,0.0006316997997644,2.346362485577381e-05,8.076394880890619e-07,9.580990688995769,1.101039144475476,1.0,1.151600579904516,2.2446030017043395,1.815699876992961,1.6009883352732068,1.8633173715826956,2.059535519104712,1.0,9.599114364051816,1040.9186176418627,49.27650279185157,302.7106577576344,18.99215487266697
20,250.0,19.15752015372273,0.9995589201162975,1.0000000000000002e-06,0.0003670500789078,1.0000000000000002e-06,1.8574475587429483e-05,5.05755386697143e-05,1.8797905373315453e-06,1.0000000000000002e-06,302.68,75.57,0.8259548037531386,0.253506949235447,19.201922664809157,19.002361364920255,1040.6774086010648,49.577414145302576,0.9996496026126984,4.845496697608213e-07,0.0002883225702515,8.310953911680707e-07,1.6739174065465617e-05,4.147549926715165e-05,1.5418318591345968e-06,1.0026667974157806e-06,0.9929402689976288,3.862121732713472e-05,0.0061131414848576,1.3327855127131528e-05,0.0001525277846998,0.0007147608926502,2.654640948030296e-05,8.053582289879275e-07,9.578225472546212,1.1012303152349112,1.0,1.1515004377235956,2.2441579122638826,1.8154632881984891,1.600768438760444,1.8630822513774148,2.059210105984248,1.0,9.599114364051816,1040.9186176418627,49.27650279185157,302.7106577576344,18.99215487266697
20,250.0,19.179671409265943,0.9995589201162975,1.0000000000000002e-06,0.0003670500789078,1.0000000000000002e-06,1.8574475587429483e-05,5.05755386697143e-05,1.8797905373315453e-06,1.0000000000000002e-06,302.68,75.57,0.8259548037531386,0.2538000715795414,19.201922664809157,19.002361364920255,1040.6463454202478,49.61741000115586,0.9996041267525514,6.813728501867505e-07,0.00032771144558,9.179827258941494e-07,1.7720346703732787e-05,4.6126353238515104e-05,1.7145701144506009e-06,1.0011762360903407e-06,0.9920049937013417,5.424187426835573e-05,0.0069404465102937,1.470490053448486e-05,0.0001612974753738,0.000794024335997,2.948774857464137e-05,8.034536163396517e-07,9.57547498756822,1.1014205171206102,1.0,1.151400707416377,2.2437148643372824,1.815228031333681,1.600549730345338,1.862848423982332,2.0588864891221728,1.0,9.599114364051816,1040.9186176418627,49.27650279185157,302.7106577576344,18.99215487266697
20,250.0,19.201822664809157,0.9995589201162975,1.0000000000000002e-06,0.0003670500789078,1.0000000000000002e-06,1.8574475587429483e-05,5.05755386697143e-05,1.8797905373315453e-06,1.0000000000000002e-06,302.68,75.57,0.8259548037531386,0.2540931939236358,19.201922664809157,19.002361364920255,1040.6156257246714,49.657048404673866,0.9995591215551304,9.981400351623875e-07,0.0003668745735252,9.996440722958277e-07,1.857090838880306e-05,5.0556105209763145e-05,1.879068934239964e-06,1.000004704260559e-06,0.991072259962261,7.936070769208508e-05,0.0077611285615519,1.599530863282421e-05,0.000168861299936,0.0008693112716707,3.228107973679557e-05,8.018085185767575e-07,9.572750846975342,1.101609078146246,1.0,1.1513017109059371,2.2432753631307865,1.814994986606885,1.6003330678636545,1.862616734253646,2.058565831515662,1.0,9.599114364051816,1040.9186176418627,49.27650279185157,302.7106577576344,18.99215487266697
20,255.0,22.150038199194423,0.9995589201162975,1.0000000000000002e-06,0.0003670500789078,1.0000000000000002e-06,1.8574475587429483e-05,5.05755386697143e-05,1.8797905373315453e-06,1.0000000000000002e-06,302.68,75.57,0.8424738998282014,0.2931062352678897,22.343869566843654,22.149938199194423,1017.7712076245888,57.93283590359942,0.9999714777442302,1.6349792910073034e-08,2.114489539262681e-05,7.338240019014497e-08,2.415149350193023e-06,3.5103253820591526e-06,1.2696941616764386e-07,1.2351840354598254e-06,0.9995553259117642,1.0085695665146476e-06,0.000370063606945,1.0080726980973304e-06,1.871525573470517e-05,5.09855710906781e-05,1.8950611254713389e-06,9.979510752699188e-07,8.430770443618664,1.172462249470388,1.0,1.1244044035144185,2.076402861368963,1.7061394743058207,1.475535573342715,1.7392237455170094,1.931877959567376,1.0,8.432227805466914,1017.7913832278248,57.90987351738985,302.7106577576344,22.13772066860631
20,255.0,22.171563906711004,0.9995589201162975,1.0000000000000002e-06,0.0003670500789078,1.0000000000000002e-06,1.8574475587429483e-05,5.05755386697143e-05,1.8797905373315453e-06,1.0000000000000002e-06,302.68,75.57,0.8424738998282014,0.293391079882374,22.343869566843654,22.149938199194423,1017.7372286713236,57.97306049635645,0.99992447142548,4.9018938377664433e-08,5.848964724335932e-05,1.9715677127637585e-07,5.882309676717365e-06,9.4999510793368e-06,3.4479233243597426e-07,1.0656984786424224e-06,0.9987822123681812,3.0206037848057216e-06,0.0010226660540554,2.7058468691239185e-06,4.554224551632407e-05,0.0001378511859961,5.141288907436555e-06,8.604066895145226e-07,8.428234587326882,1.1726643443551383,1.0,1.1243198406312962,2.076093314635273,1.7059348870708282,1.4753559484861305,1.7390210016278724,1.9315964161059649,1.0,8.432227805466914,1017.7913832278248,57.90987351738985,302.7106577576344,22.13772066860631
20,255.0,22.193089614227585,0.9995589201162975,1.0000000000000002e-06,0.0003670500789078,1.0000000000000002e-06,1.8574475587429483e-05,5.05755386697143e-05,1.8797905373315453e-06,1.0000000000000002e-06,302.68,75.57,0.8424738998282014,0.2936759244968583,22.343869566843654,22.149938199194423,1017.7037710079968,58.01332349393122,0.9998777986398996,8.815853895226692e-08,9.62679687932486e-05,3.1533961141428e-07,8.637527614400778e-06,1.5301051882076968e-05,5.571865006356608e-07,1.0341271597767728e-06,0.9980108844433676,5.426648410857177e-06,0.0016815956974518,4.32376948250128e-06,6.681463227325856e-05,0.0002218199463355,8.300537243130485e-06,8.343254347972543e-07,8.425711692959617,1.1728655672933683,1.0,1.124235531958056,2.075785542311514,1.7057314096459568,1.475177165124196,1.7388193309426907,1.93131640504142,1.0,8.432227805466914,1017.7913832278248,57.90987351738985,302.7106577576344,22.13772066860631
20,255.0,22.21461532174417,0.9995589201162975,1.0000000000000002e-06,0.0003670500789078,1.0000000000000002e-06,1.8574475587429483e-05,5.05755386697143e-05,1.8797905373315453e-06,1.0000000000000002e-06,302.68,75.57,0.8424738998282014,0.2939607691113427,22.343869566843654,22.149938199194423,1017.6707175004856,58.053603057380606,0.9998314721386208,1.3577312883120018e-07,0.0001343954306723,4.2803716336301465e-07,1.087479691897748e-05,2.0909144991656183e-05,7.638631380324987e-07,1.0208153661467191e-06,0.9972413536410696,8.348700650032208e-06,0.0023453608926051,5.863518839334399e-06,8.4046443103747e-05,0.0003028350480404,1.1368753075058424e-05,8.230026167478723e-07,8.42319809438686,1.1730661090629726,1.0,1.1241514080346269,2.075479109727056,1.7055288164610525,1.4749990307620091,1.7386185278494777,1.931037569222919,1.0,8.432227805466914,1017.7913832278248,57.90987351738985,302.7106577576344,22.13772066860631
20,255.0,22.23614102926075,0.9995589201162975,1.0000000000000002e-06,0.0003670500789078,1.0000000000000002e-06,1.8574475587429483e-05,5.05755386697143e-05,1.8797905373315453e-06,1.0000000000000002e-06,302.68,75.57,0.8424738998282014,0.2942456137258271,22.343869566843654,22.149938199194423,1017.6379730176787,58.093878720539145,0.9997854351388512,1.9482786948516854e-07,0.0001728076931738,5.354344954533736e-07,1.2724586846666575e-05,2.6324151935899237e-05,9.6469529912599e-07,1.01347152843737e-06,0.9964735567631756,1.1967257519799248e-05,0.0030128275280627,7.327851312887028e-06,9.825586774030802e-05,0.0003809039162203,1.4344311789607413e-05,8.165041784749051e-07,8.420692514980917,1.173266084269502,1.0,1.1240674384510467,2.075173771550997,1.7053269521554453,1.4748214317932289,1.7384184388709123,1.930759693717556,1.0,8.432227805466914,1017.7913832278248,57.90987351738985,302.7106577576344,22.13772066860631
20,255.0,22.25766673677733,0.9995589201162975,1.0000000000000002e-06,0.0003670500789078,1.0000000000000002e-06,1.8574475587429483e-05,5.05755386697143e-05,1.8797905373315453e-06,1.0000000000000002e-06,302.68,75.57,0.8424738998282014,0.2945304583403114,22.343869566843654,22.149938199194423,1017.605475655432,58.13412937883685,0.9997396492856342,2.6987574519894e-07,0.0002114491797165,6.377455220197595e-07,1.4277369955835124e-05,3.154809320954962e-05,1.1596366968543884e-06,1.0088135196329649e-06,0.99570745069896,1.6559476362035126e-05,0.0036830178706319,8.719905139585764e-06,0.0001101489070082,0.000456064174228,1.7226790153152087e-05,8.121775170545297e-07,8.418194237862936,1.173465537611435,1.0,1.1239836153259153,2.074869414218822,1.7051257432912224,1.4746443223845762,1.738218989924763,1.930482683716146,1.0,8.432227805466914,1017.7913832278248,57.90987351738985,302.7106577576344,22.13772066860631
20,255.0,22.279192444293912,0.9995589201162975,1.0000000000000002e-06,0.0003670500789078,1.0000000000000002e-06,1.8574475587429483e-05,5.05755386697143e-05,1.8797905373315453e-06,1.0000000000000002e-06,302.68,75.57,0.8424738998282014,0.2948153029547957,22.343869566843654,22.149938199194423,1017.5731898854526,58.174328554160574,0.9996940969232438,3.682575889863337e-07,0.0002502642541566,7.351822354934882e-07,1.5597549268038425e-05,3.658357324929218e-05,1.3486672268349977e-06,1.0055930306895546e-06,0.994943012905458,2.257222393594023e-05,0.0043549570488283,1.0042780757719266e-05,0.0001202281244213,0.0005283617472431,2.0016155599865837e-05,8.090137555874044e-07,8.415703401391458,1.173664449471395,1.0,1.1238999526642632,2.0745660393328533,1.7049251918249482,1.474467720205279,1.7380201807783189,1.9302065468662184,1.0,8.432227805466914,1017.7913832278248,57.90987351738985,302.7106577576344,22.13772066860631
20,255.0,22.300718151810496,0.9995589201162975,1.0000000000000002e-06,0.0003670500789078,1.0000000000000002e-06,1.8574475587429483e-05,5.05755386697143e-05,1.8797905373315453e-06,1.0000000000000002e-06,302.68,75.57,0.8424738998282014,0.2951001475692801,22.343869566843654,22.149938199194423,1017.5411052308308,58.214436573546095,0.9996487843862286,5.025745137321444e-07,0.0002891859495404,8.27926705120685e-07,1.673190291839535e-05,4.143229072229943e-05,1.5317372340849644e-06,1.003232137359674e-06,0.9941802443967032,3.077257131623737e-05,0.0050274774364978,1.1299159542170444e-05,0.0001288585838782,0.0005978293668136,2.271193942963984e-05,8.0654581901954e-07,8.413221254661057,1.173862715124664,1.0,1.1238164947657987,2.0742637923454543,1.7047253950514014,1.4742917260881367,1.7378221042997115,1.9299314202573687,1.0,8.432227805466914,1017.7913832278248,57.90987351738985,302.7106577576344,22.13772066860631
20,255.0,22.32224385932708,0.9995589201162975,1.0000000000000002e-06,0.0003670500789078,1.0000000000000002e-06,1.8574475587429483e-05,5.05755386697143e-05,1.8797905373315453e-06,1.0000000000000002e-06,302.68,75.57,0.8424738998282014,0.2953849921837644,22.343869566843654,22.149938199194423,1017.5092438789236,58.25438416721941,0.9996037548053348,6.962990301840829e-07,0.0003281151916175,9.160902015566292e-07,1.7714739894515983e-05,4.609276643660847e-05,1.7086800778404158e-06,1.0014274069734178e-06,0.9934191819472454,4.2589324614624624e-05,0.0056988594153386,1.24907497592923e-05,0.0001363081358949,0.0006644539523246,2.531194634851518e-05,8.045284741414202e-07,8.410750961301773,1.1740600813295416,1.0,1.1237333404227716,2.073963060908519,1.7045266114198676,1.4741165850485909,1.737625010188001,1.9296576605100164,1.0,8.432227805466914,1017.7913832278248,57.90987351738985,302.7106577576344,22.13772066860631
20,255.0,22.34376956684366,0.9995589201162975,1.0000000000000002e-06,0.0003670500789078,1.0000000000000002e-06,1.8574475587429483e-05,5.05755386697143e-05,1.8797905373315453e-06,1.0000000000000002e-06,302.68,75.57,0.8424738998282014,0.2956698367982487,22.343869566843654,22.149938199194423,1017.4776882654454,58.2940310300604,0.9995591259325876,9.98210281073102e-07,0.0003668711141176,9.99623597095414e-07,1.857077048729693e-05,5.055532606210945e-05,1.8790169846122387e-06,1.0000058823761454e-06,0.9926599287428663,6.099163348992901e-05,0.0063659753485677,1.3617079004479135e-05,0.0001427699600599,0.0007281050261676,2.7809387930722072e-05,8.028219132983559e-07,8.408301028097267,1.1742559859615378,1.0,1.12365131859317,2.073664732501392,1.7043294346372668,1.4739428471183549,1.7374294741113376,1.92938606359264,1.0,8.432227805466914,1017.7913832278248,57.90987351738985,302.7106577576344,22.13772066860631
20,260.0,25.66961854495265,0.9995589201162975,1.0000000000000002e-06,0.0003670500789078,1.0000000000000002e-06,1.8574475587429483e-05,5.05755386697143e-05,1.8797905373315453e-06,1.0000000000000002e-06,302.68,75.57,0.8589929959032642,0.3396800125043358,25.857534399290905,25.669518544952656,992.9891289940916,67.9497372158906,0.9999657579732436,2.1301136123662513e-08,2.5710156915845283e-05,8.58144800319413e-08,2.8464409767872608e-06,4.196828744152216e-06,1.478901041365044e-07,1.2335943992422136e-06,0.9995559100801176,1.007241014913654e-06,0.0003695755211628,1.0067637055975697e-06,1.869084124123954e-05,5.091867683267988e-05,1.892604199765012e-06,9.98271725255755e-07,7.294487825753331,1.256993210440948,1.0,1.099055200277895,1.903294215113492,1.609921597808889,1.3675394354428143,1.6248503237271497,1.8116030431515957,1.0,7.296085655146154,993.0143761526203,67.92140682303575,302.7106577576344,25.654931900849267
20,260.0,25.69048697321246,0.9995589201162975,1.0000000000000002e-06,0.0003670500789078,1.0000000000000002e-06,1.8574475587429483e-05,5.05755386697143e-05,1.8797905373315453e-06,1.0000000000000002e-06,302.68,75.57,0.8589929959032642,0.3399561594973199,25.857534399290905,25.669518544952656,992.9543764983404,67.99008504060126,0.9999195117252112,5.6116804483683423e-08,6.263001100010354e-05,2.0407477699826545e-07,6.144532637453298e-06,1.0023264973698325e-05,3.5552261894148e-07,1.0747519774997302e-06,0.998928152596566,2.6510946107342213e-06,0.0008995591180657,2.3922780408509563e-06,4.031764456631267e-05,0.0001215119012096,4.546127386344131e-06,8.69239554451422e-07,7.292227294175044,1.257205527117153,1.0,1.0989855616917004,1.9030390409181148,1.6097480746345274,1.3673970130817503,1.624679625315287,1.8113648313420228,1.0,7.296085655146154,993.0143761526203,67.92140682303575,302.7106577576344,25.654931900849267
20,260.0,25.711355401472268,0.9995589201162975,1.0000000000000002e-06,0.0003670500789078,1.0000000000000002e-06,1.8574475587429483e-05,5.05755386697143e-05,1.8797905373315453e-06,1.0000000000000002e-06,302.68,75.57,0.8589929959032642,0.3402323064903039,25.857534399290905,25.669518544952656,992.9200971280854,68.03046468978053,0.999873562592698,9.758309662838743e-08,9.99439545495012e-05,3.1801850940902774e-07,8.793544152372423e-06,1.5684513288004725e-05,5.598955130135481e-07,1.0398981929619715e-06,0.9983016821583298,4.605847493352892e-06,0.0014343438600615,3.725038991593299e-06,5.765679659226279e-05,0.0001899919391638,7.153783241971877e-06,8.405761255759743e-07,7.289977227054939,1.2574175247615196,1.0,1.0989161352911636,1.9027852378872845,1.6095754150791728,1.3672552044448285,1.624509777729802,1.8111278446008852,1.0,7.296085655146154,993.0143761526203,67.92140682303575,302.7106577576344,25.654931900849267
20,260.0,25.73222382973207,0.9995589201162975,1.0000000000000002e-06,0.0003670500789078,1.0000000000000002e-06,1.8574475587429483e-05,5.05755386697143e-05,1.8797905373315453e-06,1.0000000000000002e-06,302.68,75.57,0.8589929959032642,0.340508453483288,25.857534399290905,25.669518544952656,992.8861881681956,68.07085802637953,0.9998279230029624,1.4768537155736193e-07,0.0001375768797935,4.27646164757601e-07,1.0963667196867954e-05,2.1175847515136704e-05,7.60656608062198e-07,1.024614387859827e-06,0.9976765113389262,6.964265133198159e-06,0.0019728408923086,5.005175916816062e-06,7.183283535795303e-05,0.0002563065528146,9.711184310211562e-06,8.277552321780189e-07,7.2877348280410175,1.2576293519148032,1.0,1.0988468303396055,1.902532440946349,1.6094034550551033,1.3671138769213729,1.6243405996283269,1.810891766100992,1.0,7.296085655146154,993.0143761526203,67.92140682303575,302.7106577576344,25.654931900849267
20,260.0,25.75309225799188,0.9995589201162975,1.0000000000000002e-06,0.0003670500789078,1.0000000000000002e-06,1.8574475587429483e-05,5.05755386697143e-05,1.8797905373315453e-06,1.0000000000000002e-06,302.68,75.57,0.8589929959032642,0.340784600476272,25.857534399290905,25.669518544952656,992.8525662215832,68.11124719300719,0.9997825453049316,2.0932047113478458e-07,0.0001754711294401,5.330306252394808e-07,1.2771305668596644e-05,2.6496295853235944e-05,9.57584524273874e-07,1.0160284857061845e-06,0.9970525882055048,9.86172683189783e-06,0.0025142162251731,6.233669124998007e-06,8.361486768356754e-05,0.0003204493173228,1.2215631383217157e-05,8.203569756497419e-07,7.285499087992931,1.25784062111016,1.0,1.0987776407313268,1.9022804864895455,1.6092320764932695,1.3669729487430522,1.624171987275669,1.8106564514988992,1.0,7.296085655146154,993.0143761526203,67.92140682303575,302.7106577576344,25.654931900849267
20,260.0,25.773960686251684,0.9995589201162975,1.0000000000000002e-06,0.0003670500789078,1.0000000000000002e-06,1.8574475587429483e-05,5.05755386697143e-05,1.8797905373315453e-06,1.0000000000000002e-06,302.68,75.57,0.8589929959032642,0.3410607474692561,25.857534399290905,25.669518544952656,992.8191761444664,68.15161348326735,0.9997373959885772,2.868639581431833e-07,0.0002135767552225,6.342768193204556e-07,1.4298337392113287e-05,3.1646726692773754e-05,1.1505252052742363e-06,1.0105261325327943e-06,0.9964298763976424,1.3502719968914631e-05,0.0030577484535667,7.411868487633091e-06,9.354384365528652e-05,0.0003824359714641,1.4665289649127589e-05,8.154555657143021e-07,7.283269441343036,1.2580513757695166,1.0,1.0987085598173811,1.902029289425854,1.6090612229155647,1.3668323866087275,1.624003883336428,1.810421826627752,1.0,7.296085655146154,993.0143761526203,67.92140682303575,302.7106577576344,25.654931900849267
20,260.0,25.79482911451149,0.9995589201162975,1.0000000000000002e-06,0.0003670500789078,1.0000000000000002e-06,1.8574475587429483e-05,5.05755386697143e-05,1.8797905373315453e-06,1.0000000000000002e-06,302.68,75.57,0.8589929959032642,0.3413368944622402,25.857534399290905,25.669518544952656,992.7859856822652,68.1919334991077,0.9996924587961802,3.87228224766245e-07,0.0002518440765439,7.314960446324199e-07,1.5603770370778738e-05,3.662858730593637e-05,1.339348367564778e-06,1.006696961982052e-06,0.995808356712674,1.8210289909893923e-05,0.003602722445321,8.541194129031938e-06,0.0001020096142177,0.0004422892011311,1.705863329272777e-05,8.119093243439862e-07,7.281045981770667,1.2582616000706082,1.0,1.0986395966021745,1.901778847218848,1.60889089333143,1.3666922009958455,1.6238362845096248,1.810187892866617,1.0,7.296085655146154,993.0143761526203,67.92140682303575,302.7106577576344,25.654931900849267
20,260.0,25.815697542771293,0.9995589201162975,1.0000000000000002e-06,0.0003670500789078,1.0000000000000002e-06,1.8574475587429483e-05,5.05755386697143e-05,1.8797905373315453e-06,1.0000000000000002e-06,302.68,75.57,0.8589929959032642,0.3416130414552242,25.857534399290905,25.669518544952656,992.7529843155112,68.23217287734619,0.9996477374064178,5.219737712793949e-07,0.000290214443485,8.247819820833378e-07,1.67309459834745e-05,4.144266941509374e-05,1.52390147175753e-06,1.0038774736285316e-06,0.9951880295926072,2.452470234534252e-05,0.0041482975173021,9.62285680026892e-06,0.0001092985459254,0.0005000237443652,1.9393859499610463e-05,8.091811547511821e-07,7.278829639591263,1.2584712017192707,1.0,1.098570781136092,1.9015292579693732,1.6087211554309746,1.3665524583097934,1.623669254145696,1.8099547446605984,1.0,7.296085655146154,993.0143761526203,67.92140682303575,302.7106577576344,25.654931900849267
20,260.0,25.8365659710311,0.9995589201162975,1.0000000000000002e-06,0.0003670500789078,1.0000000000000002e-06,1.8574475587429483e-05,5.05755386697143e-05,1.8797905373315453e-06,1.0000000000000002e-06,302.68,75.57,0.8589929959032642,0.3418891884482083,25.857534399290905,25.669518544952656,992.7201890129916,68.2722736178367,0.9996032648827166,7.119071572871583e-07,0.0003286040494385,9.141766936755464e-07,1.771202922749807e-05,4.608730135027604e-05,1.7039381503706693e-06,1.0017152659307104e-06,0.9945689241744364,3.341830394239268e-05,0.0046932771971412,1.0657463210706826e-05,0.0001156232185099,0.0005556246756667,2.1667981301845877e-05,8.069857905521787e-07,7.2766227295091985,1.258679960606606,1.0,1.0985021797797745,1.9012807821683615,1.608552188111838,1.3664133177912994,1.6235029631664817,1.809722627557068,1.0,7.296085655146154,993.0143761526203,67.92140682303575,302.7106577576344,25.654931900849267
20,260.0,25.857434399290906,0.9995589201162975,1.0000000000000002e-06,0.0003670500789078,1.0000000000000002e-06,1.8574475587429483e-05,5.05755386697143e-05,1.8797905373315453e-06,1.0000000000000002e-06,302.68,75.57,0.8589929959032642,0.3421653354411924,25.857534399290905,25.669518544952656,992.687664472966,68.3121236871229,0.9995591302872228,9.98282781828607e-07,0.0003668676140566,9.996010727742175e-07,1.857063161048058e-05,5.05546097559709e-05,1.8789661972953803e-06,1.0000073023179484e-06,0.9939511192995288,4.68189802637399e-05,0.0052355947719479,1.1644214572910186e-05,0.0001211398379218,0.0006090028263173,2.3874910596547176e-05,8.051588508014995e-07,7.274431238086878,1.2588873928436528,1.0,1.0984339920205186,1.901034055995916,1.6083843823111268,1.3662751179901664,1.6233378336883846,1.809492136968792,1.0,7.296085655146154,993.0143761526203,67.92140682303575,302.7106577576344,25.654931900849267
20,265.0,29.58926702928141,0.9995589201162975,1.0000000000000002e-06,0.0003670500789078,1.0000000000000002e-06,1.8574475587429483e-05,5.05755386697143e-05,1.8797905373315453e-06,1.0000000000000002e-06,302.68,75.57,0.8755120919783269,0.391547797132214,29.77075417333722,29.58916702928141,966.1937394222132,79.62690972815376,0.9999588597674688,2.784527140179392e-08,3.123349080287408e-05,1.0016045528667916e-07,3.345951723489721e-06,5.030164881982112e-06,1.7310815743562675e-07,1.2295112386372525e-06,0.9995563954408028,1.0061368639333958e-06,0.000369169968517,1.0056803641286168e-06,1.8670607793661943e-05,5.086305026998599e-05,1.8905642107343864e-06,9.985511779130751e-07,6.192414761725769,1.3573699429653858,1.0,1.076049995532212,1.751256882478749,1.5253098341303573,1.2758118011901602,1.5204632660091169,1.699467698854903,1.0,6.194157229336726,966.2255774553212,79.59167899763797,302.7106577576344,29.571779036695137
20,265.0,29.60942115639872,0.9995589201162975,1.0000000000000002e-06,0.0003670500789078,1.0000000000000002e-06,1.8574475587429483e-05,5.05755386697143e-05,1.8797905373315453e-06,1.0000000000000002e-06,302.68,75.57,0.8755120919783269,0.3918144919465227,29.77075417333722,29.58916702928141,966.1580395032448,79.66760023237624,0.9999134960666578,6.50238722774823e-08,6.761568606044281e-05,2.127503906252263e-07,6.461561514985295e-06,1.069393766206403e-05,3.7144295907425714e-07,1.08353088279508e-06,0.999047843662825,2.347650011099592e-06,0.0007986469409873,2.134720891105925e-06,3.603371149748518e-05,0.0001080598299227,4.053883083985045e-06,8.796007814657744e-07,6.190415109138035,1.3575988169584456,1.0,1.075992947608005,1.7510459450432585,1.52516148816361,1.275699855078377,1.5203197688902712,1.6992657208754325,1.0,6.194157229336726,966.2255774553212,79.59167899763797,302.7106577576344,29.571779036695137
20,265.0,29.629575283516036,0.9995589201162975,1.0000000000000002e-06,0.0003670500789078,1.0000000000000002e-06,1.8574475587429483e-05,5.05755386697143e-05,1.8797905373315453e-06,1.0000000000000002e-06,302.68,75.57,0.8755120919783269,0.3920811867608315,29.77075417333722,29.58916702928141,966.1227652282864,79.70831570204645,0.9998683969891352,1.0901495026563617e-07,0.0001043548522513,3.2222410466652736e-07,8.992263394827751e-06,1.6210496996459706e-05,5.682008478090751e-07,1.0459583193642434e-06,0.9985402327383952,3.932804689870399e-06,0.0012317489792702,3.230996272168372e-06,5.011569714459721e-05,0.0001636929870679,6.197075539772367e-06,8.487216204018251e-07,6.188423835670754,1.3578268614629465,1.0,1.075936050033908,1.7508360404698355,1.525013821094188,1.2755883519287112,1.5201769257015283,1.699064696494607,1.0,6.194157229336726,966.2255774553212,79.59167899763797,302.7106577576344,29.571779036695137
20,265.0,29.649729410633345,0.9995589201162975,1.0000000000000002e-06,0.0003670500789078,1.0000000000000002e-06,1.8574475587429483e-05,5.05755386697143e-05,1.8797905373315453e-06,1.0000000000000002e-06,302.68,75.57,0.8755120919783269,0.3923478815751402,29.77075417333722,29.58916702928141,966.0878273859726,79.74904152338365,0.9998235726958752,1.617662043763635e-07,0.0001413849353998,4.285084048342831e-07,1.10849672766819e-05,2.157536155544991e-05,7.63028950275217e-07,1.0287363332594892e-06,0.9980335737429304,5.831227725910293e-06,0.001667689236836,4.293837654964931e-06,6.174085756013335e-05,0.0002177203859214,8.316335533234567e-06,8.343758379713732e-07,6.186438606145827,1.3580542600731178,1.0,1.075879432246622,1.750627067265058,1.5248667573052608,1.2754772128561311,1.5200347545925614,1.69886419495326,1.0,6.194157229336726,966.2255774553212,79.59167899763797,302.7106577576344,29.571779036695137
20,265.0,29.669883537750657,0.9995589201162975,1.0000000000000002e-06,0.0003670500789078,1.0000000000000002e-06,1.8574475587429483e-05,5.05755386697143e-05,1.8797905373315453e-06,1.0000000000000002e-06,302.68,75.57,0.8755120919783269,0.3926145763894489,29.77075417333722,29.58916702928141,966.0531538969158,79.78976243150099,0.9997789838925716,2.260763953875833e-07,0.0001786547506911,5.315923178073659e-07,1.2841964991585066e-05,2.678719387419994e-05,9.5567592987546e-07,1.0188532282397964e-06,0.9975278243704035,8.142988126397037e-06,0.0021058594193903,5.3232051487701365e-06,7.148312816828517e-05,0.0002701319178889,1.0408978210570488e-05,8.259926630244607e-07,6.184459012077202,1.358281099545831,1.0,1.0758227162549734,1.7504185803701215,1.524720107934151,1.2753663481425317,1.5198928802936345,1.6986644967085598,1.0,6.194157229336726,966.2255774553212,79.59167899763797,302.7106577576344,29.571779036695137
20,265.0,29.69003766486797,0.9995589201162975,1.0000000000000002e-06,0.0003670500789078,1.0000000000000002e-06,1.8574475587429483e-05,5.05755386697143e-05,1.8797905373315453e-06,1.0000000000000002e-06,302.68,75.57,0.8755120919783269,0.3928812712037577,29.77075417333722,29.58916702928141,966.018696330348,79.83046213485555,0.999734601692024,3.060965707544886e-07,0.0002161197844312,6.31495659029141e-07,1.4336314349515554e-05,3.18462342188211e-05,1.1459427790531729e-06,1.0124399676056411e-06,0.9970229540024826,1.1016506145010013e-05,0.0025457310860559,6.319365548907684e-06,7.975239501242233e-05,0.0003209333222133,1.2472893655858446e-05,8.204288857584822e-07,6.182484439588294,1.3585074269104958,1.0,1.075766082976516,1.750210679409951,1.5245738807140723,1.2752557515908052,1.519751408474906,1.6984653499538371,1.0,6.194157229336726,966.2255774553212,79.59167899763797,302.7106577576344,29.571779036695137
20,265.0,29.710191791985284,0.9995589201162975,1.0000000000000002e-06,0.0003670500789078,1.0000000000000002e-06,1.8574475587429483e-05,5.05755386697143e-05,1.8797905373315453e-06,1.0000000000000002e-06,302.68,75.57,0.8755120919783269,0.3931479660180665,29.77075417333722,29.58916702928141,965.984425783967,79.87112027990132,0.999690411203597,4.0823920545209757e-07,0.0002537360762084,7.28248526120066e-07,1.5621371294943337e-05,3.675327193214691e-05,1.3336486817099838e-06,1.0079405541401889e-06,0.996518945953078,1.4681060543192928e-05,0.0029867838389072,7.28268787169937e-06,8.684800602084076e-05,0.0003701358573374,1.4506175828095312e-05,8.164204135533888e-07,6.180514943000567,1.3587332299106016,1.0,1.0757102718141374,1.750003360096965,1.5244280724565444,1.2751454287533814,1.5196103346711662,1.698266752448225,1.0,6.194157229336726,966.2255774553212,79.59167899763797,302.7106577576344,29.571779036695137
20,265.0,29.7303459191026,0.9995589201162975,1.0000000000000002e-06,0.0003670500789078,1.0000000000000002e-06,1.8574475587429483e-05,5.05755386697143e-05,1.8797905373315453e-06,1.0000000000000002e-06,302.68,75.57,0.8755120919783269,0.3934146608323752,29.77075417333722,29.58916702928141,965.9503318910944,79.9117075546705,0.999646413694516,5.429298030626592e-07,0.0002914528499041,8.218716366090721e-07,1.673680162667846e-05,4.150864955795527e-05,1.5185941067113755e-06,1.004608848677335e-06,0.996015799497424,1.950941374233408e-05,0.0034284187675197,8.213446860766352e-06,9.299251441597616e-05,0.0004177462775407,1.650672141447096e-05,8.133610819164947e-07,6.178551189788053,1.3589584279733926,1.0,1.0756546240785698,1.7497966874127024,1.5242827288984655,1.2750354217177144,1.5194697011336613,1.69806876776507,1.0,6.194157229336726,966.2255774553212,79.59167899763797,302.7106577576344,29.571779036695137
20,265.0,29.75050004621991,0.9995589201162975,1.0000000000000002e-06,0.0003670500789078,1.0000000000000002e-06,1.8574475587429483e-05,5.05755386697143e-05,1.8797905373315453e-06,1.0000000000000002e-06,302.68,75.57,0.8755120919783269,0.393681355646684,29.77075417333722,29.58916702928141,965.9164270009657,79.95217617355628,0.9996026332796408,7.282556613054409e-07,0.0003292002843309,9.12349085307083e-07,1.771241155177883e-05,4.611087225495712e-05,1.7005043836896523e-06,1.0020430912707778e-06,0.9955135363156744,2.6148263397003608e-05,0.0038698152445536,9.11155183682916e-06,9.835318795278376e-05,0.0004637528932282,1.84716188597968e-05,8.10924497384356e-07,6.176594985358744,1.359182825432972,1.0,1.0755989456816264,1.749590665934286,1.524137921963572,1.274925814595194,1.519329470935648,1.6978717535407677,1.0,6.194157229336726,966.2255774553212,79.59167899763797,302.7106577576344,29.571779036695137
20,265.0,29.77065417333722,0.9995589201162975,1.0000000000000002e-06,0.0003670500789078,1.0000000000000002e-06,1.8574475587429483e-05,5.05755386697143e-05,1.8797905373315453e-06,1.0000000000000002e-06,302.68,75.57,0.8755120919783269,0.3939480504609927,29.77075417333722,29.58916702928141,965.8827604576396,79.99243821658176,0.9995591347901168,9.98356049448034e-07,0.0003668639289241,9.995761944958658e-07,1.857048681071433e-05,5.055393658881874e-05,1.8789162935274235e-06,1.000009021872792e-06,0.995012213876485,3.581821983445411e-05,0.0043096328083204,9.976032273204145e-06,0.0001030551823658,0.0005080990332808,2.0395927123324124e-05,8.089203170914817e-07,6.174649999680032,1.3594060345819778,1.0,1.0755438940133095,1.7493861972042803,1.523994061589235,1.2748168651315632,1.5191903653293766,1.6976755282551688,1.0,6.194157229336726,966.2255774553212,79.59167899763797,302.7106577576344,29.571779036695137
20,270.0,33.93877079913475,0.9995589201162975,1.0000000000000002e-06,0.0003670500789078,1.0000000000000002e-06,1.8574475587429483e-05,5.05755386697143e-05,1.8797905373315453e-06,1.0000000000000002e-06,302.68,75.57,0.8920311880533897,0.4491037554470657,34.113034957437215,33.93867079913475,936.891397838304,93.34755014117567,0.9999504429476972,3.6626534086673286e-08,3.799559067111418e-05,1.170407851605794e-07,3.927462337270419e-06,6.053474174197428e-06,2.040348521591091e-07,1.222822949041315e-06,0.9995568019893196,1.0052118220563574e-06,0.0003688302539906,1.0047767833281576e-06,1.865371549741036e-05,5.081640172640261e-05,1.888856326197515e-06,9.98794534413116e-07,5.128954280228841,1.4794948699872323,1.0,1.05537054029319,1.6167039111253432,1.4496394706230036,1.198406676577343,1.425044251365367,1.5942753059739585,1.0,5.130843724671824,936.9320241360858,93.30322734807504,302.7106577576344,33.91794976874195
20,270.0,33.95812237227947,0.9995589201162975,1.0000000000000002e-06,0.0003670500789078,1.0000000000000002e-06,1.8574475587429483e-05,5.05755386697143e-05,1.8797905373315453e-06,1.0000000000000002e-06,302.68,75.57,0.8920311880533897,0.4493598302537974,34.113034957437215,33.93867079913475,936.8545229124484,93.38882826464418,0.999906125845586,7.640450654050007e-08,7.36988756934407e-05,2.2384687291311625e-07,6.843748593659414e-06,1.1545967195932792e-05,3.936856226771944e-07,1.091625928661556e-06,0.9991471058793666,2.095459381248022e-06,0.0007149884673443,1.920580741648669e-06,3.248807198887005e-05,9.686778513455586e-05,3.642431847088311e-06,8.913241956801899e-07,5.127205099924599,1.479746868717322,1.0,1.0553249410200551,1.6165293458020376,1.4495121152110753,1.1983198525870415,1.4249240190608845,1.5941040259673973,1.0,5.130843724671824,936.9320241360858,93.30322734807504,302.7106577576344,33.91794976874195
20,270.0,33.97747394542419,0.9995589201162975,1.0000000000000002e-06,0.0003670500789078,1.0000000000000002e-06,1.8574475587429483e-05,5.05755386697143e-05,1.8797905373315453e-06,1.0000000000000002e-06,302.68,75.57,0.8920311880533897,0.4496159050605292,34.113034957437215,33.93867079913475,936.8180259813151,93.43012429379596,0.9998620430472484,1.231244953705364e-07,0.0001097233436177,3.2862944166369344e-07,9.241356548320945e-06,1.690531283445036e-05,5.830382776811586e-07,1.0521475363522303e-06,0.9987381049947386,3.374458018294376e-06,0.0010638554141065,2.817978945782096e-06,4.384727568403118e-05,0.0001417498699062,5.391216942120127e-06,8.587916583686841e-07,5.12546256718962,1.4799980404829165,1.0,1.0552794370027232,1.616355548122377,1.4493853756341035,1.1982333543774295,1.424804282642578,1.593933473134611,1.0,5.130843724671824,936.9320241360858,93.30322734807504,302.7106577576344,33.91794976874195
20,270.0,33.996825518568905,0.9995589201162975,1.0000000000000002e-06,0.0003670500789078,1.0000000000000002e-06,1.8574475587429483e-05,5.05755386697143e-05,1.8797905373315453e-06,1.0000000000000002e-06,302.68,75.57,0.8920311880533897,0.4498719798672609,34.113034957437215,33.93867079913475,936.781830845343,93.47142696218977,0.9998182013809912,1.7867263924310228e-07,0.0001460119043809,4.312742021480797e-07,1.124426306117195e-05,2.2127603892518948e-05,7.717759078787087e-07,1.0331249248105706e-06,0.9983298075280976,4.893469893910982e-06,0.0014148728095814,3.696022168050437e-06,5.332305837012376e-05,0.0001854318491874,7.132290098300688e-06,8.429726030688081e-07,5.123724553740987,1.4802485914088543,1.0,1.0552340226362305,1.6161823399540012,1.449258965834236,1.1981470272339712,1.4246849276289073,1.5937635949202278,1.0,5.130843724671824,936.9320241360858,93.30322734807504,302.7106577576344,33.91794976874195
20,270.0,34.01617709171362,0.9995589201162975,1.0000000000000002e-06,0.0003670500789078,1.0000000000000002e-06,1.8574475587429483e-05,5.05755386697143e-05,1.8797905373315453e-06,1.0000000000000002e-06,302.68,75.57,0.8920311880533897,0.4501280546739926,34.113034957437215,33.93867079913475,936.7458764038694,93.51272357910072,0.9997745691935778,2.457129691092653e-07,0.0001825198013988,5.317165920740022e-07,1.2940485526693862e-05,2.7211501481325403e-05,9.59657789816191e-07,1.0219306643648029e-06,0.997922179577497,6.724912793146451e-06,0.0017676041162563,4.554192983654936e-06,6.133552072574579e-05,0.0002279046851637,8.863444666215427e-06,8.335499142335825e-07,5.121991296829209,1.4804985595854774,1.0,1.055188659192322,1.616009626590926,1.449133010435146,1.198060963926786,1.424565940563027,1.593594091711556,1.0,5.130843724671824,936.9320241360858,93.30322734807504,302.7106577576344,33.91794976874195
20,270.0,34.03552866485834,0.9995589201162975,1.0000000000000002e-06,0.0003670500789078,1.0000000000000002e-06,1.8574475587429483e-05,5.05755386697143e-05,1.8797905373315453e-06,1.0000000000000002e-06,302.68,75.57,0.8920311880533897,0.4503841294807244,34.113034957437215,33.93867079913475,936.7101209433388,93.55400029260298,0.9997311220916008,3.281170578815148e-07,0.0002192079050353,6.299182271129615e-07,1.4393947293707885e-05,3.21569831812553e-05,1.1464817265415598e-06,1.0145558773691456e-06,0.997515195690537,8.9740292040394e-06,0.0021216679418499,5.392197925994543e-06,6.818974725564569e-05,0.0002691703118873,1.0582833145291607e-05,8.272481946542519e-07,5.120262101766368,1.4807480101099146,1.0,1.0551433562838883,1.6158373644362636,1.4490073905302157,1.197975089958554,1.424447267894673,1.593425027277467,1.0,5.130843724671824,936.9320241360858,93.30322734807504,302.7106577576344,33.91794976874195
20,270.0,34.05488023800306,0.9995589201162975,1.0000000000000002e-06,0.0003670500789078,1.0000000000000002e-06,1.8574475587429483e-05,5.05755386697143e-05,1.8797905373315453e-06,1.0000000000000002e-06,302.68,75.57,0.8920311880533897,0.4506402042874561,34.113034957437215,33.93867079913475,936.6745390353832,93.59523976991451,0.999687846635123,4.317194712884529e-07,0.0002560378545847,7.258513150206777e-07,1.5652023032217025e-05,3.696452886492909e-05,1.3320579569666652e-06,1.0093296517271603e-06,0.997108841326666,1.179942344401062e-05,0.0024766912813678,6.209834907458473e-06,7.41118396958346e-05,0.0003092348644004,1.2288727269428175e-05,8.227022491599586e-07,5.118536989489786,1.480996934534901,1.0,1.055098550728804,1.615665548261112,1.4488821012648876,1.1978894074335535,1.4243289047280585,1.5932563975065448,1.0,5.130843724671824,936.9320241360858,93.30322734807504,302.7106577576344,33.91794976874195
20,270.0,34.074231811147776,0.9995589201162975,1.0000000000000002e-06,0.0003670500789078,1.0000000000000002e-06,1.8574475587429483e-05,5.05755386697143e-05,1.8797905373315453e-06,1.0000000000000002e-06,302.68,75.57,0.8920311880533897,0.4508962790941879,34.113034957437215,33.93867079913475,936.6391207053298,93.63641751227082,0.999644742058419,5.657182936615245e-07,0.000292966378905,8.194833148764393e-07,1.6750404588068127e-05,4.163434385224472e-05,1.5161805392176822e-06,1.005432087656544e-06,0.9967031144909972,1.5451131135800798e-05,0.0028322546872047,7.006862022614103e-06,7.927214907459565e-05,0.0003481021830853,1.397925429170931e-05,8.192421879159259e-07,5.11681641559212,1.4812452632959896,1.0,1.0550540028171194,1.6154942194312871,1.4487571718534715,1.1978039413496424,1.424210877982068,1.5930882436024454,1.0,5.130843724671824,936.9320241360858,93.30322734807504,302.7106577576344,33.91794976874195
20,270.0,34.093583384292494,0.9995589201162975,1.0000000000000002e-06,0.0003670500789078,1.0000000000000002e-06,1.8574475587429483e-05,5.05755386697143e-05,1.8797905373315453e-06,1.0000000000000002e-06,302.68,75.57,0.8920311880533897,0.4511523539009196,34.113034957437215,33.93867079913475,936.6038743231088,93.67749496831468,0.9996018247749224,7.454554416837545e-07,0.0003299364078126,9.10756090901972e-07,1.7716275068042516e-05,4.616533157056555e-05,1.6985847378685003e-06,1.0024143559714492e-06,0.9962980300912804,2.03461931115484e-05,0.0031878066994154,7.782819915147777e-06,8.380043479204147e-05,0.0003857652546331,1.5652005557497806e-05,8.165012948120475e-07,5.115101879957894,1.4814929670801882,1.0,1.0550095434580442,1.6153234842451978,1.448632766095156,1.1977188077582248,1.4240932819685468,1.5929205623003762,1.0,5.130843724671824,936.9320241360858,93.30322734807504,302.7106577576344,33.91794976874195
20,270.0,34.11293495743721,0.9995589201162975,1.0000000000000002e-06,0.0003670500789078,1.0000000000000002e-06,1.8574475587429483e-05,5.05755386697143e-05,1.8797905373315453e-06,1.0000000000000002e-06,302.68,75.57,0.8920311880533897,0.4514084287076513,34.113034957437215,33.93867079913475,936.5688361628268,93.71840462172612,0.9995591396707494,9.9842867366565e-07,0.000366859866532,9.995485436056552e-07,1.857032918110277e-05,5.055327853986313e-05,1.8788666545099088e-06,1.000011125834968e-06,0.9958936275666788,2.7232083492398423e-05,0.0035424992600006,8.536716957357755e-06,8.779553716963495e-05,0.0004221912699423,1.73033030086494e-05,8.142627502555115e-07,5.1133951776619,1.4817406361544727,1.0,1.0549652669247742,1.615153590092159,1.4485088509625204,1.1976340011465914,1.423976220645715,1.5927539226660845,1.0,5.130843724671824,936.9320241360858,93.30322734807504,302.7106577576344,33.91794976874195
20,275.0,38.75005933318745,0.9995589201162975,1.0000000000000002e-06,0.0003670500789078,1.0000000000000002e-06,1.8574475587429483e-05,5.05755386697143e-05,1.8797905373315453e-06,1.0000000000000002e-06,302.68,75.57,0.9085502841284524,0.5127704027151972,38.91593697359398,38.74995933318745,904.3807637446818,109.65797892964537,0.999939993938,4.8665665854056574e-08,4.642269481519229e-05,1.374614558024883e-07,4.610633510839111e-06,7.330470779218886e-06,2.428308316215893e-07,1.2133049412472353e-06,0.9995571454916912,1.0044302736696135e-06,0.0003685432101935,1.0040167601065462e-06,1.863950387418221e-05,5.077692684497437e-05,1.887413703259784e-06,9.990066591408643e-07,4.109836415334395,1.632867846881088,1.0,1.0371000622471054,1.4966165388552235,1.3805331858220942,1.1338589961769665,1.337712718565354,1.4949632137089306,1.0,4.11187312512685,904.4335281070778,109.60126774294156,302.7106577576344,38.72523437118672
20,275.0,38.7684790710104,0.9995589201162975,1.0000000000000002e-06,0.0003670500789078,1.0000000000000002e-06,1.8574475587429483e-05,5.05755386697143e-05,1.8797905373315453e-06,1.0000000000000002e-06,302.68,75.57,0.9085502841284524,0.5130141467647268,38.91593697359398,38.74995933318745,904.3424060002658,109.7001343974845,0.9998969479809848,9.129615066176176e-08,8.126182463091892e-05,2.383729248966579e-07,7.30651970940485e-06,1.2631404940441516e-05,4.240835777214399e-07,1.0985170812442625e-06,0.999230399716443,1.8831453945681532e-06,0.0006448001740241,1.740205342197867e-06,2.952550583465642e-05,8.745244524195904e-05,3.2945538820193763e-06,9.04253837319466e-07,4.108331184693236,1.6331545258635531,1.0,1.0370648889327212,1.49647223942424,1.3804230998995288,1.1337931525898188,1.3376122156169552,1.4948183263330943,1.0,4.11187312512685,904.4335281070778,109.60126774294156,302.7106577576344,38.72523437118672
20,275.0,38.78689880883334,0.9995589201162975,1.0000000000000002e-06,0.0003670500789078,1.0000000000000002e-06,1.8574475587429483e-05,5.05755386697143e-05,1.8797905373315453e-06,1.0000000000000002e-06,302.68,75.57,0.9085502841284524,0.5132578908142562,38.91593697359398,38.74995933318745,904.3043777114456,109.74230062542152,0.999854106633138,1.4094466486857005e-07,0.000116386552582,3.382189756061589e-07,9.552680393984756e-06,1.781077374747626e-05,6.059731175928496e-07,1.0582233803303583e-06,0.9989041703058952,2.905460736564003e-06,0.0009230439572642,2.4678888618887915e-06,3.858561551219428e-05,0.0001232506860658,4.705230272819603e-06,8.708553912274376e-07,4.106831049159258,1.6334403694791562,1.0,1.0370297783736335,1.496328500987541,1.3803134670894726,1.133727549617798,1.3375120879914466,1.4946739773912403,1.0,4.11187312512685,904.4335281070778,109.60126774294156,302.7106577576344,38.72523437118672
20,275.0,38.805318546656295,0.9995589201162975,1.0000000000000002e-06,0.0003670500789078,1.0000000000000002e-06,1.8574475587429483e-05,5.05755386697143e-05,1.8797905373315453e-06,1.0000000000000002e-06,302.68,75.57,0.9085502841284524,0.5135016348637859,38.91593697359398,38.74995933318745,904.26661552406,109.78446951463852,0.9998114731239524,1.994047630832346e-07,0.0001517487815841,4.3687382419438614e-07,1.145044482604945e-05,2.286545450619781e-05,7.882375144734176e-07,1.0376790295554134e-06,0.9985784621599212,4.1080602728192295e-06,0.0012028899366058,3.1861610148300325e-06,4.623129387810515e-05,0.0001581512620487,6.117403290420912e-06,8.537229682622558e-07,4.105334674607493,1.6337255613692463,1.0,1.0369947168187192,1.4961852036117511,1.3802041309627897,1.1336620760138834,1.3374122605515388,1.4945300742273102,1.0,4.11187312512685,904.4335281070778,109.60126774294156,302.7106577576344,38.72523437118672
20,275.0,38.82373828447924,0.9995589201162975,1.0000000000000002e-06,0.0003670500789078,1.0000000000000002e-06,1.8574475587429483e-05,5.05755386697143e-05,1.8797905373315453e-06,1.0000000000000002e-06,302.68,75.57,0.9085502841284524,0.5137453789133154,38.91593697359398,38.74995933318745,904.2290690182272,109.82663091205796,0.9997690227461558,2.69160515474669e-07,0.0001873102752436,5.342483698051943e-07,1.3073327146752096e-05,2.779434939105032e-05,9.706700829830668e-07,1.0252230946583403e-06,0.9982532487703754,5.541762157184756e-06,0.0014840332957515,3.894388129617483e-06,5.276106284489246e-05,0.000192147998221,7.529470067939088e-06,8.432524525125498e-07,4.103841760883281,1.634010177879309,1.0,1.036959697675766,1.496042282045906,1.380095086554165,1.1335967409258778,1.3373126980921697,1.4943865474183708,1.0,4.11187312512685,904.4335281070778,109.60126774294156,302.7106577576344,38.72523437118672
20,275.0,38.842158022302186,0.9995589201162975,1.0000000000000002e-06,0.0003670500789078,1.0000000000000002e-06,1.8574475587429483e-05,5.05755386697143e-05,1.8797905373315453e-06,1.0000000000000002e-06,302.68,75.57,0.9085502841284524,0.5139891229628449,38.91593697359398,38.74995933318745,904.1917032326336,109.86877343344224,0.9997267355221442,3.53739932093068e-07,0.0002230373606351,6.302732431035119e-07,1.4475731015599447e-05,3.259741776538216e-05,1.153091125474546e-06,1.0168641389292808e-06,0.9979285095129748,7.278739796889184e-06,0.0017662056671604,4.5920803679225e-06,5.839582915454924e-05,0.0002252419752962,8.940038793703133e-06,8.361564554367751e-07,4.10235205894293,1.6342942603595916,1.0,1.0369247186799069,1.4958997035293626,1.37998630756943,1.1335315324510131,1.3372133773973427,1.4942433651866425,1.0,4.11187312512685,904.4335281070778,109.60126774294156,302.7106577576344,38.72523437118672
20,275.0,38.86057776012513,0.9995589201162975,1.0000000000000002e-06,0.0003670500789078,1.0000000000000002e-06,1.8574475587429483e-05,5.05755386697143e-05,1.8797905373315453e-06,1.0000000000000002e-06,302.68,75.57,0.9085502841284524,0.5142328670123745,38.91593697359398,38.74995933318745,904.1544963670652,109.91088275195828,0.9996845996330896,4.58315148951349e-07,0.0002588972583085,7.2488762334068e-07,1.569865117011493e-05,3.727506009549344e-05,1.335328777482854e-06,1.0108657866359057e-06,0.997604231896654,9.424801623475832e-06,0.002049146332484,5.278811181502964e-06,6.330205135942952e-05,0.0002574373205123,1.03477813061592e-05,8.310048791039658e-07,4.100865567766332,1.6345778041599672,1.0,1.0368897821158871,1.4957574626120804,1.3798777886188731,1.1334664509092338,1.3371142936076557,1.4941005226204631,1.0,4.11187312512685,904.4335281070778,109.60126774294156,302.7106577576344,38.72523437118672
20,275.0,38.878997497948085,0.9995589201162975,1.0000000000000002e-06,0.0003670500789078,1.0000000000000002e-06,1.8574475587429483e-05,5.05755386697143e-05,1.8797905373315453e-06,1.0000000000000002e-06,302.68,75.57,0.9085502841284524,0.514476611061904,38.91593697359398,38.74995933318745,904.1174391154208,109.9529389608764,0.9996426127701192,5.907686023063322e-07,0.0002948539026429,8.180279217882338e-07,1.6773442779359375e-05,4.182753841703352e-05,1.5171977844849832e-06,1.006351732962695e-06,0.9972804128610512,1.214120136170008e-05,0.0023325692004736,5.954134939279356e-06,6.76070505238166e-05,0.0002887372068031,1.1751268861144438e-05,8.270759860266098e-07,4.0993825790880045,1.6348607500839087,1.0,1.036855281339362,1.4956155841859051,1.3797695468998763,1.1334015097671903,1.3370154627101491,1.4939580451205017,1.0,4.11187312512685,904.4335281070778,109.60126774294156,302.7106577576344,38.72523437118672
20,275.0,38.89741723577103,0.9995589201162975,1.0000000000000002e-06,0.0003670500789078,1.0000000000000002e-06,1.8574475587429483e-05,5.05755386697143e-05,1.8797905373315453e-06,1.0000000000000002e-06,302.68,75.57,0.9085502841284524,0.5147203551114335,38.91593697359398,38.74995933318745,904.0805365396104,109.99491182922748,0.9996007849851752,7.637013185846427e-07,0.0003308618001878,9.09612704423488e-07,1.7724344323408563e-05,4.625425483339621e-05,1.698469014112196e-06,1.0028324429488797e-06,0.996957061538828,1.5685720212909405e-05,0.0026161144117438,6.61747753177234e-06,7.14092599919727e-05,0.0003191388882433,1.3148736866732669e-05,8.239665815436526e-07,4.097903800538021,1.6351429606062873,1.0,1.0368209212381478,1.4954741352617684,1.3796616322320971,1.1333367421517555,1.3369169299028518,1.4938160002957763,1.0,4.11187312512685,904.4335281070778,109.60126774294156,302.7106577576344,38.72523437118672
20,275.0,38.915836973593976,0.9995589201162975,1.0000000000000002e-06,0.0003670500789078,1.0000000000000002e-06,1.8574475587429483e-05,5.05755386697143e-05,1.8797905373315453e-06,1.0000000000000002e-06,302.68,75.57,0.9085502841284524,0.5149640991609631,38.91593697359398,38.74995933318745,904.0438139924792,110.03675094050844,0.9995591452546068,9.98499251670412e-07,0.0003668551546958,9.995175065009225e-07,1.8570148622645214e-05,5.055259540993501e-05,1.8788161610748188e-06,1.000013745591245e-06,0.9966342027566976,2.049585883822984e-05,0.0028992634059874,7.267956434085585e-06,7.478502932851384e-05,0.0003486258813735,1.4537676994334558e-05,8.214343462709739e-07,4.096431239898502,1.6354241686134088,1.0,1.0367866898419906,1.4953331848328644,1.379554855108103,1.1332727681697596,1.3368188226332476,1.4936744453894133,1.0,4.11187312512685,904.4335281070778,109.60126774294156,302.7106577576344,38.72523437118672
20,280.0,44.05778743811631,0.9995589201162975,1.0000000000000002e-06,0.0003670500789078,1.0000000000000002e-06,1.8574475587429483e-05,5.05755386697143e-05,1.8797905373315453e-06,1.0000000000000002e-06,302.68,75.57,0.9250693802035151,0.5830063178260727,44.21359478458822,44.057687438116304,867.6095010880464,129.3832698575183,0.999926686173892,6.568921316562786e-08,5.720469869284513e-05,1.6313340003329766e-07,5.425473615340711e-06,8.961268522106871e-06,2.930150335730336e-07,1.2005476305019652e-06,0.9995574386282832,1.0037637248026587e-06,0.000368298242537,1.0033711861440486e-06,1.8627444284302005e-05,5.074317524515164e-05,1.8861826141478493e-06,9.991921252524637e-07,3.14278749772326,1.8339248230423049,1.0,1.0214956467777008,1.388425195048831,1.3157620020906629,1.0812068074778969,1.2576842008390827,1.4004663521540912,1.0,3.1449654870637134,867.6798743518019,129.30886906724652,302.7106577576344,44.02808165538378
20,280.0,44.07508825439096,0.9995589201162975,1.0000000000000002e-06,0.0003670500789078,1.0000000000000002e-06,1.8574475587429483e-05,5.05755386697143e-05,1.8797905373315453e-06,1.0000000000000002e-06,302.68,75.57,0.9250693802035151,0.5832352554504561,44.21359478458822,44.057687438116304,867.5692279532531,129.42666886466486,0.9998852310711088,1.114281894010253e-07,9.09220141650489e-05,2.5797474400661864e-07,7.874209659095292e-06,1.4034077445688158e-05,4.657135751877004e-07,1.1035111125001983e-06,0.9993012155326436,1.701750968273282e-06,0.0005851226471451,1.5860155990381653e-06,2.7025027232690952e-05,7.943421445731924e-05,2.996560015679578e-06,9.182519380452844e-07,3.1415238889900587,1.8342628202659437,1.0,1.021470312407859,1.3883063329041498,1.3156665982425886,1.0811588426412788,1.2576011261869904,1.4003442104469157,1.0,3.1449654870637134,867.6798743518019,129.30886906724652,302.7106577576344,44.02808165538378
20,280.0,44.09238907066562,0.9995589201162975,1.0000000000000002e-06,0.0003670500789078,1.0000000000000002e-06,1.8574475587429483e-05,5.05755386697143e-05,1.8797905373315453e-06,1.0000000000000002e-06,302.68,75.57,0.9250693802035151,0.5834641930748395,44.21359478458822,44.057687438116304,867.5292345034474,129.47007195845856,0.9998439503141094,1.6417357399828586e-07,0.0001248880843101,3.525503362628428e-07,9.945471213879642e-06,1.899592120417161e-05,6.396796017313145e-07,1.0638056503094354e-06,0.9990453760168148,2.505923697069121e-06,0.0008033577557763,2.166521853042272e-06,3.412150995245103e-05,0.0001074731107089,4.114120999755948e-06,8.85040197559287e-07,3.140263730451145,1.8345999963694093,1.0,1.0214450119318286,1.3881878721930163,1.3155714922686956,1.0811109949673203,1.2575183155919667,1.4002224719940233,1.0,3.1449654870637134,867.6798743518019,129.30886906724652,302.7106577576344,44.02808165538378
20,280.0,44.109689886940274,0.9995589201162975,1.0000000000000002e-06,0.0003670500789078,1.0000000000000002e-06,1.8574475587429483e-05,5.05755386697143e-05,1.8797905373315453e-06,1.0000000000000002e-06,302.68,75.57,0.9250693802035151,0.5836931306992229,44.21359478458822,44.057687438116304,867.4894693231222,129.51347291078864,0.9998028433557063,2.2558623153259357e-07,0.000159064419108,4.467480680410538e-07,1.1718324847015346e-05,2.3844634586041915e-05,8.147159717111126e-07,1.0422154810618587e-06,0.998789916654646,3.4414519508088627e-06,0.001022755098026,2.7442071197198654e-06,4.018948720240988e-05,0.0001348485986013,5.237592892959924e-06,8.669095607677764e-07,3.139006458955996,1.834936605365764,1.0,1.0214197283370785,1.3880697173126249,1.3154762183342894,1.0810629212568923,1.257435697785925,1.4001010387675346,1.0,3.1449654870637134,867.6798743518019,129.30886906724652,302.7106577576344,44.02808165538378
20,280.0,44.12699070321493,0.9995589201162975,1.0000000000000002e-06,0.0003670500789078,1.0000000000000002e-06,1.8574475587429483e-05,5.05755386697143e-05,1.8797905373315453e-06,1.0000000000000002e-06,302.68,75.57,0.9250693802035151,0.5839220683236064,44.21359478458822,44.057687438116304,867.4498933395969,129.55686513657145,0.999761892357896,2.979134379580186e-07,0.0001934189852446,5.404780418665405e-07,1.3251520943980711e-05,2.85794381706514e-05,9.906585396943967e-07,1.0286477253174576e-06,0.9985348228612004,4.542380550987439e-06,0.0012431064549909,3.3185198738304536e-06,4.543146448620536e-05,0.0001615569515297,6.365909580159927e-06,8.554577875704698e-07,3.1377516186820475,1.8352708237424624,1.0,1.0213945114892682,1.3879517872017784,1.3153812064263644,1.0810156431499416,1.2573529310841274,1.3999803155604706,1.0,3.1449654870637134,867.6798743518019,129.30886906724652,302.7106577576344,44.02808165538378
20,280.0,44.14429151948959,0.9995589201162975,1.0000000000000002e-06,0.0003670500789078,1.0000000000000002e-06,1.8574475587429483e-05,5.05755386697143e-05,1.8797905373315453e-06,1.0000000000000002e-06,302.68,75.57,0.9250693802035151,0.5841510059479899,44.21359478458822,44.057687438116304,867.4104780637484,129.60023936939282,0.9997210814841648,3.842649349410953e-07,0.0002279239238765,6.336650526408967e-07,1.458952609327836e-05,3.320043953110154e-05,1.1673646610667372e-06,1.019331685734518e-06,0.9982800768046164,5.855833914550852e-06,0.0014642321955979,3.889004967260326e-06,5.0000739900669686e-05,0.000187599723995,7.498151302995127e-06,8.475457050572082e-07,3.136499567227092,1.835606160964906,1.0,1.0213693069817051,1.3878341769658111,1.315286812601086,1.0809680534208603,1.257270712768101,1.3998594501744996,1.0,3.1449654870637134,867.6798743518019,129.30886906724652,302.7106577576344,44.02808165538378
20,280.0,44.16159233576425,0.9995589201162975,1.0000000000000002e-06,0.0003670500789078,1.0000000000000002e-06,1.8574475587429483e-05,5.05755386697143e-05,1.8797905373315453e-06,1.0000000000000002e-06,302.68,75.57,0.9250693802035151,0.5843799435723733,44.21359478458822,44.057687438116304,867.371205498791,129.64358427654255,0.999680400768852,4.890594445565112e-07,0.0002625521134598,7.262390248485231e-07,1.576649371595209e-05,3.770809057835427e-05,1.3446954616433486e-06,1.0125394626425889e-06,0.9980256681168284,7.448768686787541e-06,0.0016859573377553,4.455237963423963e-06,5.401504763231834e-05,0.0002129803339954,8.633422308755704e-06,8.417348296643262e-07,3.1352499580197235,1.835940936611263,1.0,1.0213441264615368,1.387716817360104,1.3151926283516318,1.080920547047572,1.2571886717437828,1.3997388429239446,1.0,3.1449654870637134,867.6798743518019,129.30886906724652,302.7106577576344,44.02808165538378
20,280.0,44.1788931520389,0.9995589201162975,1.0000000000000002e-06,0.0003670500789078,1.0000000000000002e-06,1.8574475587429483e-05,5.05755386697143e-05,1.8797905373315453e-06,1.0000000000000002e-06,302.68,75.57,0.9250693802035151,0.5846088811967567,44.21359478458822,44.057687438116304,867.3320673148352,129.6868843330708,0.9996398469420512,6.187825647597651e-07,0.0002972744637197,8.181276427239495e-07,1.6809010487924522e-05,4.2102803565109626e-05,1.522502009155842e-06,1.0073679594699595e-06,0.9977715930779828,9.419460705878572e-06,0.0019080946272346,5.0167815635353775e-06,5.756603961050443e-05,0.0002377019754224,9.770764153847365e-06,8.372733261773967e-07,3.134002962862849,1.8362751019832744,1.0,1.0213189740191058,1.3875997218758396,1.3150986641944962,1.0808731314328606,1.2571068167444346,1.399618507329118,1.0,3.1449654870637134,867.6798743518019,129.30886906724652,302.7106577576344,44.02808165538378
20,280.0,44.19619396831356,0.9995589201162975,1.0000000000000002e-06,0.0003670500789078,1.0000000000000002e-06,1.8574475587429483e-05,5.05755386697143e-05,1.8797905373315453e-06,1.0000000000000002e-06,302.68,75.57,0.9250693802035151,0.5848378188211402,44.21359478458822,44.057687438116304,867.2930659608643,129.730116774316,0.9995994250985912,7.83333640577108e-07,0.0003320559579548,9.092462060998062e-07,1.773798138237971e-05,4.638447754869688e-05,1.7006050487540624e-06,1.0032996273811144e-06,0.9975178562385872,1.1917913172478152e-05,0.0021304192291931,5.573123601257157e-06,6.072578659085639e-05,0.0002617649523917,1.0909026138409074e-05,8.337303246129621e-07,3.1327589970399936,1.836608543321087,1.0,1.021293858011138,1.3874829287533548,1.3150050678900516,1.080825823968676,1.257025173682536,1.3994984824236396,1.0,3.1449654870637134,867.6798743518019,129.30886906724652,302.7106577576344,44.02808165538378
20,280.0,44.21349478458821,0.9995589201162975,1.0000000000000002e-06,0.0003670500789078,1.0000000000000002e-06,1.8574475587429483e-05,5.05755386697143e-05,1.8797905373315453e-06,1.0000000000000002e-06,302.68,75.57,0.9250693802035151,0.5850667564455236,44.21359478458822,44.057687438116304,867.2542178504513,129.7732453365443,0.9995591520388596,9.985662471355567e-07,0.000366849376871,9.994821088556456e-07,1.856992933969714e-05,5.055182660375356e-05,1.878762871449547e-06,1.0000170985080206e-06,0.9972644711310156,1.5184358688869558e-05,0.0023526291486601,6.123584360660585e-06,6.355127048928946e-05,0.0002851630029269,1.2046662279370284e-05,8.308415788925053e-07,3.1315191590052702,1.8369410258880976,1.0,1.021268793760921,1.387366512390242,1.3149117915224222,1.0807786484582205,1.2569437911922334,1.3993788578141857,1.0,3.1449654870637134,867.6798743518019,129.30886906724652,302.7106577576344,44.02808165538378
20,285.0,49.90015672747873,0.9995589201162975,1.0000000000000002e-06,0.0003670500789078,1.0000000000000002e-06,1.8574475587429483e-05,5.05755386697143e-05,1.8797905373315453e-06,1.0000000000000002e-06,302.68,75.57,0.941588476278578,0.6603170137287115,50.04341124314785,49.90005672747873,824.8768741738618,153.87151527118277,0.9999090697225982,9.089344486906277e-08,7.155833720874923e-05,1.9719329244669626e-07,6.42202032743406e-06,1.1117198482270669e-05,3.608281893116267e-07,1.183806456619954e-06,0.999557691957365,1.0031887150989112e-06,0.0003680865239461,1.0028158655940105e-06,1.861710064315885e-05,5.071393983338818e-05,1.8851183376278603e-06,9.993552940299538e-07,2.2387498913119788,2.114171382280796,1.0,1.00913294284818,1.2898383321475628,1.2530943821194438,1.0401631143088663,1.1843168362065335,1.309642277278264,1.0,2.2410524707626744,824.9746819221486,153.77005765610247,302.7106577576344,49.86436423924916
20,285.0,49.9160627847753,0.9995589201162975,1.0000000000000002e-06,0.0003670500789078,1.0000000000000002e-06,1.8574475587429483e-05,5.05755386697143e-05,1.8797905373315453e-06,1.0000000000000002e-06,302.68,75.57,0.941588476278578,0.6605274948362485,50.04341124314785,49.90005672747873,824.8340483742679,153.9166578453295,0.9998696897681107,1.39954266606087e-07,0.0001037665399462,2.8559232847215134e-07,8.588428631374444e-06,1.5899995831309485e-05,5.24116236962948e-07,1.1056046481890503e-06,0.9993623815275348,1.5439146767605916e-06,0.0005335572487364,1.4518094825038602e-06,2.488990428072088e-05,7.250522908282935e-05,2.737153256832301e-06,9.3321294920272e-07,2.237730387277578,2.11459031339383,1.0,1.0091170144622403,1.2897396752527637,1.253011793525346,1.0401309523246605,1.1842482687082367,1.3095395372630891,1.0,2.2410524707626744,824.9746819221486,153.77005765610247,302.7106577576344,49.86436423924916
20,285.0,49.93196884207187,0.9995589201162975,1.0000000000000002e-06,0.0003670500789078,1.0000000000000002e-06,1.8574475587429483e-05,5.05755386697143e-05,1.8797905373315453e-06,1.0000000000000002e-06,302.68,75.57,0.941588476278578,0.6607379759437855,50.04341124314785,49.90005672747873,824.7914500982242,153.96179814085457,0.9998304516996042,1.958642012839998e-07,0.0001361841115923,3.743432873792931e-07,1.045342887303749e-05,2.05832739694939e-05,6.890214470396355e-07,1.0682570252978003e-06,0.999167349169238,2.159630170580645e-06,0.0006999778524092,1.9022486022134115e-06,3.0285695012980465e-05,9.382685901380436e-05,3.5969778152791686e-06,9.015677376684362e-07,2.2367130372232977,2.115010549705019,1.0,1.0091012068681495,1.2896433605786466,1.252929527273581,1.0400988562835134,1.1841812312369413,1.30943795692756,1.0,2.2410524707626744,824.9746819221486,153.77005765610247,302.7106577576344,49.86436423924916
20,285.0,49.94787489936844,0.9995589201162975,1.0000000000000002e-06,0.0003670500789078,1.0000000000000002e-06,1.8574475587429483e-05,5.05755386697143e-05,1.8797905373315453e-06,1.0000000000000002e-06,302.68,75.57,0.941588476278578,0.6609484570513225,50.04341124314785,49.90005672747873,824.7490403263664,154.0069320169893,0.9997913525949664,2.600967851126983e-07,0.0001687819599152,4.633631706317455e-07,1.207440088696178e-05,2.516579054567621e-05,8.554087873013534e-07,1.0463849424189068e-06,0.9989725891582404,2.8664696230879225e-06,0.0008671984954581,2.353712648482849e-06,3.497147418416244e-05,0.0001146738180792,4.463881781168377e-06,8.829899853769954e-07,2.235698870939835,2.1154295429372305,1.0,1.0090853833858082,1.2895471399548462,1.2528474194656467,1.040066847996043,1.1841142747345266,1.3093365389820626,1.0,2.2410524707626744,824.9746819221486,153.77005765610247,302.7106577576344,49.86436423924916
20,285.0,49.963780956665005,0.9995589201162975,1.0000000000000002e-06,0.0003670500789078,1.0000000000000002e-06,1.8574475587429483e-05,5.05755386697143e-05,1.8797905373315453e-06,1.0000000000000002e-06,302.68,75.57,0.941588476278578,0.6611589381588595,50.04341124314785,49.90005672747873,824.7067907128315,154.05205590389718,0.9997523804091148,3.345918111728427e-07,0.0002015348446558,5.52580516958757e-07,1.3495221780975877e-05,2.9647168577716472e-05,1.0231610027106835e-06,1.032022539777808e-06,0.9987780930251492,3.685660881323629e-06,0.0010350878298063,2.805834408596425e-06,3.907490447206701e-05,0.0001350447499143,5.337241872537924e-06,8.707534956047441e-07,2.2346868728420106,2.1167015479794262,1.0000000002645348,1.0090734800317342,1.2896644111204874,1.2529494643767396,1.0400888438188405,1.184200216310776,1.309464438986805,1.000000000372888,2.2410524707626744,824.9746819221486,153.77005765610247,302.7106577576344,49.86436423924916
20,285.0,49.97968701396157,0.9995589201162975,1.0000000000000002e-06,0.0003670500789078,1.0000000000000002e-06,1.8574475587429483e-05,5.05755386697143e-05,1.8797905373315453e-06,1.0000000000000002e-06,302.68,75.57,0.941588476278578,0.6613694192663965,50.04341124314785,49.90005672747873,824.6646793364682,154.0971627648077,0.9997135234600713,4.219526538276283e-07,0.0002344209097952,6.419335292075997e-07,1.4749992846377716e-05,3.4027704969747405e-05,1.192176762169298e-06,1.0218693726056622e-06,0.9985838471661052,4.645705955820486e-06,0.0012035333790232,3.258301285857316e-06,4.269523247578885e-05,0.0001549416191912,6.216524633617289e-06,8.620713294742069e-07,2.233670698195605,2.1162631181488503,1.0,1.0090538188989888,1.2893535809913148,1.252683537316812,1.04000308602131,1.1839795557692472,1.3091335464685103,1.0,2.2410524707626744,824.9746819221486,153.77005765610247,302.7106577576344,49.86436423924916
20,285.0,49.99559307125814,0.9995589201162975,1.0000000000000002e-06,0.0003670500789078,1.0000000000000002e-06,1.8574475587429483e-05,5.05755386697143e-05,1.8797905373315453e-06,1.0000000000000002e-06,302.68,75.57,0.941588476278578,0.6615799003739334,50.04341124314785,49.90005672747873,824.622692184482,154.14224424079518,0.99967477389847,5.257474969367293e-07,0.0002674188611569,7.313626119926197e-07,1.586551932736373e-05,3.830794303579037e-05,1.3623561763997495e-06,1.0143117242758485e-06,0.9983898435013664,5.78566603961475e-06,0.0013724253424978,3.710810836956649e-06,4.5910461993111904e-05,0.0001743674331432,7.101203250699326e-06,8.555808722297485e-07,2.2326642652961834,2.116681706297987,1.0,1.0090379249146546,1.2892588657090722,1.2526020690785626,1.0399712526513534,1.1839137013739227,1.309033167616759,1.0,2.2410524707626744,824.9746819221486,153.77005765610247,302.7106577576344,49.86436423924916
20,285.0,50.01149912855471,0.9995589201162975,1.0000000000000002e-06,0.0003670500789078,1.0000000000000002e-06,1.8574475587429483e-05,5.05755386697143e-05,1.8797905373315453e-06,1.0000000000000002e-06,302.68,75.57,0.941588476278578,0.6617903814814704,50.04341124314785,49.90005672747873,824.5808222368676,154.18728898093718,0.9996361281493564,6.509950151164989e-07,0.0003005064256556,8.208061214096024e-07,1.686311671861539e-05,4.248844686451009e-05,1.5335928673811266e-06,1.0084674008418155e-06,0.9981960782008428,7.160481018082335e-06,0.0015416490975167,4.163050774134899e-06,4.878262241368564e-05,0.0001933252921555,7.990718078798622e-06,8.505372002754949e-07,2.2316538748968204,2.1170981971197373,1.0,1.0090223456622711,1.289164224494041,1.2525203596405148,1.0399394427488926,1.1838479444548404,1.3089326216202737,1.0,2.2410524707626744,824.9746819221486,153.77005765610247,302.7106577576344,49.86436423924916
20,285.0,50.02740518585128,0.9995589201162975,1.0000000000000002e-06,0.0003670500789078,1.0000000000000002e-06,1.8574475587429483e-05,5.05755386697143e-05,1.8797905373315453e-06,1.0000000000000002e-06,302.68,75.57,0.941588476278578,0.6620008625890074,50.04341124314785,49.90005672747873,824.5390700436958,154.23228088342248,0.999597587794614,8.049726647008954e-07,0.0003336580547074,9.101942132864724e-07,1.7759888060719807e-05,4.656952013225297e-05,1.7057619008927976e-06,1.003813706683099e-06,0.998002552541339,8.849817576521569e-06,0.0017110734594316,4.614667871742356e-06,5.136148708494139e-05,0.0002118171137494,8.884414002241467e-06,8.464989448439432e-07,2.2306499466079104,2.1175127280913366,1.0,1.0090066797724435,1.2890681483073163,1.2524393204218347,1.039907819934064,1.1837810716854968,1.3088320847004478,1.0,2.2410524707626744,824.9746819221486,153.77005765610247,302.7106577576344,49.86436423924916
20,285.0,50.04331124314785,0.9995589201162975,1.0000000000000002e-06,0.0003670500789078,1.0000000000000002e-06,1.8574475587429483e-05,5.05755386697143e-05,1.8797905373315453e-06,1.0000000000000002e-06,302.68,75.57,0.941588476278578,0.6622113436965443,50.04341124314785,49.90005672747873,824.4974448480327,154.27719517117976,0.9995591608589536,9.98627694462565e-07,0.0003668418310805,9.994406453692378e-07,1.856964424782166e-05,5.0550872493205446e-05,1.878703308466776e-06,1.0000215765005351e-06,0.997809271869922,1.0973521178597742e-05,0.0018805352749385,5.065228263000625e-06,5.368725957405222e-05,0.0002298422013007,9.781456611657058e-06,8.431882119708598e-07,2.2296438628829827,2.1179274183730934,1.0,1.0089910787503042,1.2889726436036553,1.252358337873334,1.039876211840665,1.1837146159775376,1.3087317723857574,1.0,2.2410524707626744,824.9746819221486,153.77005765610247,302.7106577576344,49.86436423924916
20,290.0,56.32009002329324,0.9995589201162975,1.0000000000000002e-06,0.0003670500789078,1.0000000000000002e-06,1.8574475587429483e-05,5.05755386697143e-05,1.8797905373315453e-06,1.0000000000000002e-06,302.68,75.57,0.9581075723536407,0.7452704780110261,56.44692913934201,56.31999002329324,773.1181169986967,185.596268411554,0.9998842601290324,1.310390010205617e-07,9.19165308642747e-05,2.461198078023849e-07,7.694899684464665e-06,1.4130820062898148e-05,4.5882285564847573e-07,1.1616386913886144e-06,0.9995579149783116,1.0026846550511376e-06,0.0003679001040186,1.0023291128926534e-06,1.860808803774248e-05,5.068813462972859e-05,1.8841806170573488e-06,9.995006172546235e-07,1.414407458442999,2.548060452506044,1.0000000011543608,1.0013227253377952,1.19928390279195,1.1905141876015308,1.0117886932379847,1.1176020335382733,1.2217595942878083,1.000000001452374,1.4167983026644004,773.2637021553837,185.44864903964933,302.7106577576344,56.27641671412855
20,290.0,56.33417214729866,0.9995589201162975,1.0000000000000002e-06,0.0003670500789078,1.0000000000000002e-06,1.8574475587429483e-05,5.05755386697143e-05,1.8797905373315453e-06,1.0000000000000002e-06,302.68,75.57,0.9581075723536407,0.7454568234391777,56.44692913934201,56.31999002329324,773.0717413636869,185.64390520073417,0.999847764090904,1.8343844050711438e-07,0.0001219658419806,3.271954060811837e-07,9.529416368534082e-06,1.851636293209628e-05,6.105090632542072e-07,1.103144905008167e-06,0.9994163639761332,1.4030060321903349e-06,0.0004880090252703,1.3320561771277138e-06,2.303857677411461e-05,6.639803369058438e-05,2.506232089292777e-06,9.490938332514632e-07,1.4136423187065557,2.5486356751280144,1.0000000007163108,1.0013151868856294,1.1992053617305038,1.190431076532534,1.0117649640995896,1.1175434886954048,1.2216777163770796,1.0000000008881167,1.4167983026644004,773.2637021553837,185.44864903964933,302.7106577576344,56.27641671412855
20,290.0,56.34825427130408,0.9995589201162975,1.0000000000000002e-06,0.0003670500789078,1.0000000000000002e-06,1.8574475587429483e-05,5.05755386697143e-05,1.8797905373315453e-06,1.0000000000000002e-06,302.68,75.57,0.9581075723536407,0.7456431688673294,56.44692913934201,56.31999002329324,773.0255379272039,185.6915348157635,0.9998113742576704,2.422722947886766e-07,0.0001521803852387,4.090247276097722e-07,1.1142791013235693e-05,2.2816999615735703e-05,7.63879609439846e-07,1.070389830153708e-06,0.9992750039437244,1.852159321873653e-06,0.0006086978518332,1.664625410817865e-06,2.693233190384549e-05,8.179347837781118e-05,3.134771572132671e-06,9.20837855712487e-07,1.4128771833075104,2.549211192298611,1.0000000007301932,1.001309139968985,1.199124278287933,1.1903568953046813,1.0117460001885388,1.1174876094345396,1.2215903498149392,1.000000000904567,1.4167983026644004,773.2637021553837,185.44864903964933,302.7106577576344,56.27641671412855
20,290.0,56.3623363953095,0.9995589201162975,1.0000000000000002e-06,0.0003670500789078,1.0000000000000002e-06,1.8574475587429483e-05,5.05755386697143e-05,1.8797905373315453e-06,1.0000000000000002e-06,302.68,75.57,0.9581075723536407,0.745829514295481,56.44692913934201,56.31999002329324,772.9794792698455,185.739154090549,0.9997750865614626,3.0875217330147533e-07,0.0001825406747734,4.915612730718946e-07,1.2571828241463911e-05,2.703231390054961e-05,9.188559485792788e-07,1.0494522269483315e-06,0.9991338277655338,2.359342165189716e-06,0.0007298887067147,1.999847194066019e-06,3.037871037122118e-05,9.687340304943427e-05,3.7694730130348464e-06,9.027519586217586e-07,1.4121145503065446,2.5497853944158835,1.0000000007345111,1.001303301144669,1.1990496590157986,1.1902895107948372,1.0117306116313414,1.117437351785094,1.221508539974696,1.0000000009099357,1.4167983026644004,773.2637021553837,185.44864903964933,302.7106577576344,56.27641671412855
20,290.0,56.37641851931492,0.9995589201162975,1.0000000000000002e-06,0.0003670500789078,1.0000000000000002e-06,1.8574475587429483e-05,5.05755386697143e-05,1.8797905373315453e-06,1.0000000000000002e-06,302.68,75.57,0.9581075723536407,0.7460158597236327,56.44692913934201,56.31999002329324,772.9335484030065,185.7867632543176,0.9997388942769488,3.844186304146247e-07,0.0002130283596482,5.747612614489412e-07,1.3845658842598766e-05,3.116224519396659e-05,1.075363297210674e-06,1.0349161773025756e-06,0.9989928329722564,2.936237391929241e-06,0.000851506930161,2.337537467441484e-06,3.34484016893345e-05,0.0001116377257101,4.410019973055971e-06,8.901753506250303e-07,1.4113520171533027,2.5503585890483693,1.0000000007306615,1.0012978322145691,1.1989746789494335,1.1902218520268548,1.0117150207575445,1.117386598561798,1.2214271771859735,1.0000000009055978,1.4167983026644004,773.2637021553837,185.44864903964933,302.7106577576344,56.27641671412855
20,290.0,56.39050064332033,0.9995589201162975,1.0000000000000002e-06,0.0003670500789078,1.0000000000000002e-06,1.8574475587429483e-05,5.05755386697143e-05,1.8797905373315453e-06,1.0000000000000002e-06,302.68,75.57,0.9581075723536407,0.7462022051517843,56.44692913934201,56.31999002329324,772.8877294616648,185.83435698047853,0.9997027895617182,4.71264638588381e-07,0.0002436280533046,6.585880618102267e-07,1.498770515238142e-05,3.520725088445558e-05,1.233340599134354e-06,1.024235640785941e-06,0.9988520096184468,3.597970517468401e-06,0.0009734910456459,2.677546490101813e-06,3.619827101186277e-05,0.0001260884728972,5.056158155286492e-06,8.809168350954825e-07,1.4105903794100787,2.5509323249272824,1.000000000217108,1.001289001740332,1.1988918292041215,1.1901609853472002,1.0117030949025343,1.1173270830298512,1.2213492384700062,1.0000000002620293,1.4167983026644004,773.2637021553837,185.44864903964933,302.7106577576344,56.27641671412855
20,290.0,56.40458276732575,0.9995589201162975,1.0000000000000002e-06,0.0003670500789078,1.0000000000000002e-06,1.8574475587429483e-05,5.05755386697143e-05,1.8797905373315453e-06,1.0000000000000002e-06,302.68,75.57,0.9581075723536407,0.7463885505799359,56.44692913934201,56.31999002329324,772.8420125785722,185.8819298298883,0.9996667669299292,5.719060048105694e-07,0.0002743245433645,7.430050382425993e-07,1.601691796274609e-05,3.916791496113535e-05,1.392726133487213e-06,1.016056605949229e-06,0.99871135210045,4.364390341092327e-06,0.001095779983228,3.0197231840717465e-06,3.867431876664605e-05,0.0001402280436131,5.707629269474132e-06,8.73811147613957e-07,1.4098278847502572,2.551506967224373,1.0000000007185854,1.0012880334765994,1.1988217988060927,1.190084897621699,1.01168285453299,1.1172826073262636,1.2212621138023092,1.000000000892441,1.4167983026644004,773.2637021553837,185.44864903964933,302.7106577576344,56.27641671412855
20,290.0,56.41866489133117,0.9995589201162975,1.0000000000000002e-06,0.0003670500789078,1.0000000000000002e-06,1.8574475587429483e-05,5.05755386697143e-05,1.8797905373315453e-06,1.0000000000000002e-06,302.68,75.57,0.9581075723536407,0.7465748960080875,56.44692913934201,56.31999002329324,772.7963923929955,185.92947440040933,0.9996308232000648,6.898427477349682e-07,0.0003051022901047,8.279740620852884e-07,1.694877984149681e-05,4.304486558910005e-05,1.5534549258046918e-06,1.009592664084708e-06,0.9985708571066574,5.262055145326343e-06,0.001218311463516,3.3639106564965174e-06,4.091412706450272e-05,0.0001540589933257,6.364162132881864e-06,8.681815014124509e-07,1.409067895423498,2.5520796923167466,1.000000000704238,1.0012827993239553,1.1987471160164138,1.19001639512118,1.0116667827887378,1.117231801791157,1.221181682813199,1.0000000008759813,1.4167983026644004,773.2637021553837,185.44864903964933,302.7106577576344,56.27641671412855
20,290.0,56.43274701533659,0.9995589201162975,1.0000000000000002e-06,0.0003670500789078,1.0000000000000002e-06,1.8574475587429483e-05,5.05755386697143e-05,1.8797905373315453e-06,1.0000000000000002e-06,302.68,75.57,0.9581075723536407,0.7467612414362391,56.44692913934201,56.31999002329324,772.7508682911504,185.9769804842477,0.9995949579003772,8.298615258923618e-07,0.0003359443090673,9.134523783757022e-07,1.7796033964960405e-05,4.683863394759931e-05,1.7154527650888165e-06,1.004355973465258e-06,0.998430524013158,6.327286238059824e-06,0.0013410175513709,3.7099335175901416e-06,4.294862943042743e-05,0.0001675835299748,7.025448255574806e-06,8.636080544595654e-07,1.4083097631120634,2.552652471904699,1.0000000004429055,1.0012726789953574,1.1986775107794618,1.1899587471375104,1.0116565291221622,1.1171841528669328,1.2211071975792192,1.0000000005446288,1.4167983026644004,773.2637021553837,185.44864903964933,302.7106577576344,56.27641671412855
20,290.0,56.44682913934201,0.9995589201162975,1.0000000000000002e-06,0.0003670500789078,1.0000000000000002e-06,1.8574475587429483e-05,5.05755386697143e-05,1.8797905373315453e-06,1.0000000000000002e-06,302.68,75.57,0.9581075723536407,0.7469475868643908,56.44692913934201,56.31999002329324,772.7054437547852,186.02443221732213,0.999559173316958,9.986804594042518e-07,0.0003668311680894,9.993897184819233e-07,1.856924039195841e-05,5.054954578197503e-05,1.8786306205579984e-06,1.0000279800064872e-06,0.9982903527970884,7.611065205792658e-06,0.0014638209541943,4.057587559561695e-06,4.480346674986377e-05,0.0001808031923583,7.69112021367558e-06,8.598166301664592e-07,1.4075550848895493,2.5532237082895364,1.000000000344793,1.0012675671644171,1.1985924257708434,1.189883504930621,1.0116367808070668,1.1171232982991954,1.2210224282420812,1.000000000421628,1.4167983026644004,773.2637021553837,185.44864903964933,302.7106577576344,56.27641671412855
21,200.0,2.7684636783075365,0.95,0.0,0.0,0.05,0.0,0.0,0.0,0.0,299.09,82.12,0.6686950416262664,0.033712416930194,26.05871153969042,2.7683636783075363,1221.8824988541464,7.610374922037726,0.999691714819674,0.0,0.0,0.0003082851803261,0.0,0.0,0.0,0.0,0.9499671480723244,0.0,0.0,0.0500328519276756,0.0,0.0,0.0,0.0,22.501324242452984,0.6837046370643804,1.000000009678755,0.0,0.0,5.371016960660559,0.0,0.0,0.0,0.0,22.53960113748808,1221.920496490378,7.249541730897533,302.7106577576344,2.6239816647333654
21,200.0,5.356257885127857,0.95,0.0,0.0,0.05,0.0,0.0,0.0,0.0,299.09,82.12,0.6686950416262664,0.0652247672324385,26.05871153969042,2.7683636783075363,1221.197084445693,14.136313587288804,0.994170244332082,0.0,0.0,0.005829755667918,0.0,0.0,0.0,0.0,0.507368699017128,0.0,0.0,0.492631300982872,0.0,0.0,0.0,0.0,21.823564127331704,0.7062389942027196,1.0000000027641134,0.0,0.0,5.169810302588342,0.0,0.0,0.0,0.0,22.53960113748808,1221.920496490378,7.249541730897533,302.7106577576344,2.6239816647333654
21,200.0,7.944052091948178,0.95,0.0,0.0,0.05,0.0,0.0,0.0,0.0,299.09,82.12,0.6686950416262664,0.0967371175346831,26.05871153969042,2.7683636783075363,1220.5021549667763,20.78279214421682,0.9886477238275024,0.0,0.0,0.0113522761724976,0.0,0.0,0.0,0.0,0.3518795097806971,0.0,0.0,0.648120490219303,0.0,0.0,0.0,0.0,21.16028960023554,0.7288478770903986,1.0000000000449605,0.0,0.0,4.977841324889567,0.0,0.0,0.0,0.0,22.53960113748808,1221.920496490378,7.249541730897533,302.7106577576344,2.6239816647333654
21,200.0,10.531846298768498,0.95,0.0,0.0,0.05,0.0,0.0,0.0,0.0,299.09,82.12,0.6686950416262664,0.1282494678369276,26.05871153969042,2.7683636783075363,1219.7976106857857,27.55365372249969,0.9831241452952988,0.0,0.0,0.016875854704701,0.0,0.0,0.0,0.0,0.2727586426798541,0.0,0.0,0.7272413573201458,0.0,0.0,0.0,0.0,20.511254689405384,0.7514566363662184,1.0,0.0,0.0,4.794275636419723,0.0,0.0,0.0,0.0,22.53960113748808,1221.920496490378,7.249541730897533,302.7106577576344,2.6239816647333654
21,200.0,13.11964050558882,0.95,0.0,0.0,0.05,0.0,0.0,0.0,0.0,299.09,82.12,0.6686950416262664,0.1597618181391721,26.05871153969042,2.7683636783075363,1219.0834659216152,34.45365386692181,0.977600059516304,0.0,0.0,0.0223999404836959,0.0,0.0,0.0,0.0,0.2249727429286477,0.0,0.0,0.7750272570713522,0.0,0.0,0.0,0.0,19.87621406251186,0.7740476731384056,1.0,0.0,0.0,4.6185526356063455,0.0,0.0,0.0,0.0,22.53960113748808,1221.920496490378,7.249541730897533,302.7106577576344,2.6239816647333654
21,200.0,15.70743471240914,0.95,0.0,0.0,0.05,0.0,0.0,0.0,0.0,299.09,82.12,0.6686950416262664,0.1912741684414166,26.05871153969042,2.7683636783075363,1218.3597718477372,41.48798178861292,0.9720761719173178,0.0,0.0,0.0279238280826822,0.0,0.0,0.0,0.0,0.1930857585535934,0.0,0.0,0.8069142414464066,0.0,0.0,0.0,0.0,19.25490324558905,0.7966779160073856,1.0,0.0,0.0,4.450462608464709,0.0,0.0,0.0,0.0,22.53960113748808,1221.920496490378,7.249541730897533,302.7106577576344,2.6239816647333654
21,200.0,18.29522891922946,0.95,0.0,0.0,0.05,0.0,0.0,0.0,0.0,299.09,82.12,0.6686950416262664,0.2227865187436612,26.05871153969042,2.7683636783075363,1217.6266077647144,48.66220472330035,0.9665532912585642,0.0,0.0,0.0334467087414358,0.0,0.0,0.0,0.0,0.1703758686196342,0.0,0.0,0.8296241313803658,0.0,0.0,0.0,0.0,18.64704868209361,0.8193362444034626,1.0,0.0,0.0,4.289748244157252,0.0,0.0,0.0,0.0,22.53960113748808,1221.920496490378,7.249541730897533,302.7106577576344,2.6239816647333654
21,200.0,20.883023126049785,0.95,0.0,0.0,0.05,0.0,0.0,0.0,0.0,299.09,82.12,0.6686950416262664,0.2542988690459057,26.05871153969042,2.7683636783075363,1216.884080594727,55.98227224936259,0.9610323202589224,0.0,0.0,0.0389676797410775,0.0,0.0,0.0,0.0,0.1534471247214481,0.0,0.0,0.8465528752785518,0.0,0.0,0.0,0.0,18.052376746621302,0.8420819028838977,1.0000000005231644,0.0,0.0,4.136480855150776,0.0,0.0,0.0,0.0,22.53960113748808,1221.920496490378,7.249541730897533,302.7106577576344,2.6239816647333654
21,200.0,23.4708173328701,0.95,0.0,0.0,0.05,0.0,0.0,0.0,0.0,299.09,82.12,0.6686950416262664,0.2858112193481503,26.05871153969042,2.7683636783075363,1216.1323271229755,63.45453519768213,0.9555142594463012,0.0,0.0,0.0444857405536986,0.0,0.0,0.0,0.0,0.1403992664775016,0.0,0.0,0.8596007335224983,0.0,0.0,0.0,0.0,17.47061999130494,0.8649631673052626,1.0000000008820773,0.0,0.0,3.989936258036944,0.0,0.0,0.0,0.0,22.53960113748808,1221.920496490378,7.249541730897533,302.7106577576344,2.6239816647333654
21,200.0,26.05861153969042,0.95,0.0,0.0,0.05,0.0,0.0,0.0,0.0,299.09,82.12,0.6686950416262664,0.3173235696503947,26.05871153969042,2.7683636783075363,1215.3715166580805,71.08576961252788,0.9500002124990464,0.0,0.0,0.0499997875009534,0.0,0.0,0.0,0.0,0.1300862911968322,0.0,0.0,0.8699137088031678,0.0,0.0,0.0,0.0,16.90152270086349,0.8880151726141072,1.0000000000595095,0.0,0.0,3.849792404102634,0.0,0.0,0.0,0.0,22.53960113748808,1221.920496490378,7.249541730897533,302.7106577576344,2.6239816647333654
21,205.0,3.540983323591228,0.95,0.0,0.0,0.05,0.0,0.0,0.0,0.0,299.09,82.12,0.6854124176669231,0.0431196215732005,25.04050211213976,3.540883323591228,1206.221231543151,9.58195573227518,0.9995720308488978,0.0,0.0,0.000427969151102,0.0,0.0,0.0,0.0,0.9499745332990042,0.0,0.0,0.0500254667009958,0.0,0.0,0.0,0.0,21.111223459516644,0.7118209170648079,1.0,0.0,0.0,4.6307962884019656,0.0,0.0,0.0,0.0,21.15779579629945,1206.2779501886548,9.12387059747945,302.7106577576344,3.35468958110042
21,205.0,5.929807633429954,0.95,0.0,0.0,0.05,0.0,0.0,0.0,0.0,299.09,82.12,0.6854124176669231,0.0722090554484894,25.04050211213976,3.540883323591228,1205.4881847094607,15.507511938985308,0.9940825093583048,0.0,0.0,0.0059174906416951,0.0,0.0,0.0,0.0,0.584169027556219,0.0,0.0,0.415830972443781,0.0,0.0,0.0,0.0,20.5204325371456,0.7318669885466235,1.0,0.0,0.0,4.509254707457662,0.0,0.0,0.0,0.0,21.15779579629945,1206.2779501886548,9.12387059747945,302.7106577576344,3.35468958110042
21,205.0,8.31863194326868,0.95,0.0,0.0,0.05,0.0,0.0,0.0,0.0,299.09,82.12,0.6854124176669231,0.1012984893237783,25.04050211213976,3.540883323591228,1204.744084541535,21.52932115301051,0.988588388230057,0.0,0.0,0.011411611769943,0.0,0.0,0.0,0.0,0.4271395046327249,0.0,0.0,0.572860495367275,0.0,0.0,0.0,0.0,19.941236211264567,0.7519590731817986,1.0,0.0,0.0,4.391878539652277,0.0,0.0,0.0,0.0,21.15779579629945,1206.2779501886548,9.12387059747945,302.7106577576344,3.35468958110042
21,205.0,10.707456253107406,0.95,0.0,0.0,0.05,0.0,0.0,0.0,0.0,299.09,82.12,0.6854124176669231,0.1303879231990672,25.04050211213976,3.540883323591228,1203.988691644871,27.64981629573125,0.9830892045700458,0.0,0.0,0.0169107954299541,0.0,0.0,0.0,0.0,0.3400216524156271,0.0,0.0,0.6599783475843728,0.0,0.0,0.0,0.0,19.373396019807675,0.7720825896584579,1.0,0.0,0.0,4.278826073604337,0.0,0.0,0.0,0.0,21.15779579629945,1206.2779501886548,9.12387059747945,302.7106577576344,3.35468958110042
21,205.0,13.096280562946134,0.95,0.0,0.0,0.05,0.0,0.0,0.0,0.0,299.09,82.12,0.6854124176669231,0.1594773570743562,25.04050211213976,3.540883323591228,1203.2218777237676,33.87216611069279,0.9775850411863664,0.0,0.0,0.0224149588136336,0.0,0.0,0.0,0.0,0.2847525301489559,0.0,0.0,0.715247469851044,0.0,0.0,0.0,0.0,18.816701966536435,0.792236939709835,1.0,0.0,0.0,4.170501365322939,0.0,0.0,0.0,0.0,21.15779579629945,1206.2779501886548,9.12387059747945,302.7106577576344,3.35468958110042
21,205.0,15.48510487278486,0.95,0.0,0.0,0.05,0.0,0.0,0.0,0.0,299.09,82.12,0.6854124176669231,0.1885667909496451,25.04050211213976,3.540883323591228,1202.4435467271378,40.19987119505105,0.9720761328122078,0.0,0.0,0.0279238671877921,0.0,0.0,0.0,0.0,0.2466601943487323,0.0,0.0,0.7533398056512677,0.0,0.0,0.0,0.0,18.27094323905676,0.8124333205468119,1.0,0.0,0.0,4.066306115531931,0.0,0.0,0.0,0.0,21.15779579629945,1206.2779501886548,9.12387059747945,302.7106577576344,3.35468958110042
21,205.0,17.873929182623584,0.95,0.0,0.0,0.05,0.0,0.0,0.0,0.0,299.09,82.12,0.6854124176669231,0.217656224824934,25.04050211213976,3.540883323591228,1201.6536209932551,46.636686166609145,0.9665627940617908,0.0,0.0,0.0334372059382092,0.0,0.0,0.0,0.0,0.2188893979063251,0.0,0.0,0.7811106020936749,0.0,0.0,0.0,0.0,17.735906537823034,0.8326953924650327,1.0,0.0,0.0,3.966526609262632,0.0,0.0,0.0,0.0,21.15779579629945,1206.2779501886548,9.12387059747945,302.7106577576344,3.35468958110042
21,205.0,20.262753492462316,0.95,0.0,0.0,0.05,0.0,0.0,0.0,0.0,299.09,82.12,0.6854124176669231,0.246745658700223,25.04050211213976,3.540883323591228,1200.8520382373445,53.1866050972676,0.9610454007762694,0.0,0.0,0.0389545992237305,0.0,0.0,0.0,0.0,0.1978083072123852,0.0,0.0,0.8021916927876147,0.0,0.0,0.0,0.0,17.211381270506322,0.8530612099075741,1.0,0.0,0.0,3.8708024488243824,0.0,0.0,0.0,0.0,21.15779579629945,1206.2779501886548,9.12387059747945,302.7106577576344,3.35468958110042
21,205.0,22.65157780230104,0.95,0.0,0.0,0.05,0.0,0.0,0.0,0.0,299.09,82.12,0.6854124176669231,0.2758350925755118,25.04050211213976,3.540883323591228,1200.038751031071,59.8538645510556,0.9555243835425468,0.0,0.0,0.0444756164574533,0.0,0.0,0.0,0.0,0.1813134920535024,0.0,0.0,0.8186865079464974,0.0,0.0,0.0,0.0,16.697161682751364,0.8735478316466186,1.0000000007301972,0.0,0.0,3.779048754592738,0.0,0.0,0.0,0.0,21.15779579629945,1206.2779501886548,9.12387059747945,302.7106577576344,3.35468958110042
21,205.0,25.040402112139763,0.95,0.0,0.0,0.05,0.0,0.0,0.0,0.0,299.09,82.12,0.6854124176669231,0.3049245264508008,25.04050211213976,3.540883323591228,1199.2137284262794,66.64295285143002,0.9500002308965207,0.0,0.0,0.0499997691034791,0.0,0.0,0.0,0.0,0.1681027067385602,0.0,0.0,0.8318972932614398,0.0,0.0,0.0,0.0,16.193049525715526,0.8941889076744289,1.0000000006913796,0.0,0.0,3.691168456228943,0.0,0.0,0.0,0.0,21.15779579629945,1206.2779501886548,9.12387059747945,302.7106577576344,3.35468958110042
21,210.0,4.470614372954189,0.95,0.0,0.0,0.05,0.0,0.0,0.0,0.0,299.09,82.12,0.7021297937075797,0.0544400191543374,24.63527893831387,4.470514372954189,1190.2118372375196,11.930524768173411,0.9994214166936318,0.0,0.0,0.0005785833063681,0.0,0.0,0.0,0.0,0.9499800208822192,0.0,0.0,0.0500199791177806,0.0,0.0,0.0,0.0,19.73812587163814,0.7420205050688728,1.0,0.0,0.0,3.9902067825448606,0.0,0.0,0.0,0.0,19.793904820789816,1190.2941504876192,11.354703713715036,302.7106577576344,4.233266563955471
21,210.0,6.711121546883042,0.95,0.0,0.0,0.05,0.0,0.0,0.0,0.0,299.09,82.12,0.7021297937075797,0.0817233505465543,24.63527893831387,4.470514372954189,1189.4282667894963,17.41017738234853,0.9939570768252552,0.0,0.0,0.0060429231747448,0.0,0.0,0.0,0.0,0.6498391949046775,0.0,0.0,0.3501608050953225,0.0,0.0,0.0,0.0,19.216960277627184,0.7602369000771916,1.0,0.0,0.0,3.895582045379636,0.0,0.0,0.0,0.0,19.793904820789816,1190.2941504876192,11.354703713715036,302.7106577576344,4.233266563955471
21,210.0,8.951628720811897,0.95,0.0,0.0,0.05,0.0,0.0,0.0,0.0,299.09,82.12,0.7021297937075797,0.1090066819387712,24.63527893831387,4.470514372954189,1188.6324448122382,22.969884736338013,0.988486638230022,0.0,0.0,0.0115133617699779,0.0,0.0,0.0,0.0,0.4986610297845928,0.0,0.0,0.5013389702154072,0.0,0.0,0.0,0.0,18.705275652776137,0.7785035604045824,1.0,0.0,0.0,3.804202449448833,0.0,0.0,0.0,0.0,19.793904820789816,1190.2941504876192,11.354703713715036,302.7106577576344,4.233266563955471
21,210.0,11.19213589474075,0.95,0.0,0.0,0.05,0.0,0.0,0.0,0.0,299.09,82.12,0.7021297937075797,0.1362900133309881,24.63527893831387,4.470514372954189,1187.8240450693347,28.611317853190418,0.9830094116151196,0.0,0.0,0.0169905883848803,0.0,0.0,0.0,0.0,0.4077627870149565,0.0,0.0,0.5922372129850435,0.0,0.0,0.0,0.0,18.20285838957093,0.7968313517238407,1.0,0.0,0.0,3.716116620687964,0.0,0.0,0.0,0.0,19.793904820789816,1190.2941504876192,11.354703713715036,302.7106577576344,4.233266563955471
21,210.0,13.432643068669602,0.95,0.0,0.0,0.05,0.0,0.0,0.0,0.0,299.09,82.12,0.7021297937075797,0.1635733447232051,24.63527893831387,4.470514372954189,1187.002843751383,34.33672564496191,0.9775252028839496,0.0,0.0,0.0224747971160503,0.0,0.0,0.0,0.0,0.3471969854078887,0.0,0.0,0.6528030145921112,0.0,0.0,0.0,0.0,17.709530708292228,0.8152013275258376,1.0,0.0,0.0,3.631231194699124,0.0,0.0,0.0,0.0,19.793904820789816,1190.2941504876192,11.354703713715036,302.7106577576344,4.233266563955471
21,210.0,15.673150242598457,0.95,0.0,0.0,0.05,0.0,0.0,0.0,0.0,299.09,82.12,0.7021297937075797,0.190856676115422,24.63527893831387,4.470514372954189,1186.1686483056744,40.1486321180481,0.9720339746524984,0.0,0.0,0.0279660253475016,0.0,0.0,0.0,0.0,0.3040380032227818,0.0,0.0,0.6959619967772182,0.0,0.0,0.0,0.0,17.22512310242377,0.8336748919553749,1.0,0.0,0.0,3.549468199437312,0.0,0.0,0.0,0.0,19.793904820789816,1190.2941504876192,11.354703713715036,302.7106577576344,4.233266563955471
21,210.0,17.91365741652731,0.95,0.0,0.0,0.05,0.0,0.0,0.0,0.0,299.09,82.12,0.7021297937075797,0.2181400075076389,24.63527893831387,4.470514372954189,1185.3212802821947,46.04975648360884,0.966535763396732,0.0,0.0,0.0334642366032681,0.0,0.0,0.0,0.0,0.2717941290484342,0.0,0.0,0.7282058709515659,0.0,0.0,0.0,0.0,16.749468130696766,0.8522099996528034,1.0,0.0,0.0,3.470829670644356,0.0,0.0,0.0,0.0,19.793904820789816,1190.2941504876192,11.354703713715036,302.7106577576344,4.233266563955471
21,210.0,20.15416459045616,0.95,0.0,0.0,0.05,0.0,0.0,0.0,0.0,299.09,82.12,0.7021297937075797,0.2454233388998558,24.63527893831387,4.470514372954189,1184.4605699441213,52.04298979077836,0.961030652207204,0.0,0.0,0.0389693477927959,0.0,0.0,0.0,0.0,0.2468478540639659,0.0,0.0,0.753152145936034,0.0,0.0,0.0,0.0,16.282402272924422,0.8708648633285087,1.0,0.0,0.0,3.3950189418652243,0.0,0.0,0.0,0.0,19.793904820789816,1190.2941504876192,11.354703713715036,302.7106577576344,4.233266563955471
21,210.0,22.394671764385016,0.95,0.0,0.0,0.05,0.0,0.0,0.0,0.0,299.09,82.12,0.7021297937075797,0.2727066702920727,24.63527893831387,4.470514372954189,1183.5863547439978,58.13138992810078,0.9555187615540864,0.0,0.0,0.0444812384459136,0.0,0.0,0.0,0.0,0.2270239852518858,0.0,0.0,0.7729760147481142,0.0,0.0,0.0,0.0,15.823766367063389,0.8896502099478398,1.0,0.0,0.0,3.3222421816624506,0.0,0.0,0.0,0.0,19.793904820789816,1190.2941504876192,11.354703713715036,302.7106577576344,4.233266563955471
21,210.0,24.63517893831387,0.95,0.0,0.0,0.05,0.0,0.0,0.0,0.0,299.09,82.12,0.7021297937075797,0.2999900016842897,24.63527893831387,4.470514372954189,1182.6984791285734,64.31818373187127,0.9500002461022752,0.0,0.0,0.0499997538977249,0.0,0.0,0.0,0.0,0.2109361892412223,0.0,0.0,0.7890638107587777,0.0,0.0,0.0,0.0,15.37340677886472,0.9086027921577796,1.0000000006533578,0.0,0.0,3.2520695818238314,0.0,0.0,0.0,0.0,19.793904820789816,1190.2941504876192,11.354703713715036,302.7106577576344,4.233266563955471
21,215.0,5.57748774476359,0.95,0.0,0.0,0.05,0.0,0.0,0.0,0.0,299.09,82.12,0.7188471697482364,0.0679187499362346,24.74816706908628,5.57738774476359,1173.791867952113,14.70694875826902,0.9992363167802588,0.0,0.0,0.0007636832197411,0.0,0.0,0.0,0.0,0.9499841560890429,0.0,0.0,0.0500158439109572,0.0,0.0,0.0,0.0,18.382359484522357,0.774556224097799,1.0,0.0,0.0,3.4847524493286093,0.0,0.0,0.0,0.0,18.448205290897207,1173.908539729092,13.989350648063478,302.7106577576344,5.278346606766283
21,215.0,7.707552114132778,0.95,0.0,0.0,0.05,0.0,0.0,0.0,0.0,299.09,82.12,0.7188471697482364,0.0938571859977201,24.74816706908628,5.57738774476359,1172.9537533146167,19.855794139470103,0.993795393589063,0.0,0.0,0.0062046064109369,0.0,0.0,0.0,0.0,0.7042840400093148,0.0,0.0,0.2957159599906852,0.0,0.0,0.0,0.0,17.91810723830864,0.7914484614772739,1.0,0.0,0.0,3.4100426319386794,0.0,0.0,0.0,0.0,18.448205290897207,1173.908539729092,13.989350648063478,302.7106577576344,5.278346606766283
21,215.0,9.837616483501966,0.95,0.0,0.0,0.05,0.0,0.0,0.0,0.0,299.09,82.12,0.7188471697482364,0.1197956220592056,24.74816706908628,5.57738774476359,1172.102361252429,25.073637179614117,0.988347982216884,0.0,0.0,0.0116520177831158,0.0,0.0,0.0,0.0,0.5638098187280779,0.0,0.0,0.4361901812719221,0.0,0.0,0.0,0.0,17.461745995834498,0.8083996957227527,1.0,0.0,0.0,3.3379690122344527,0.0,0.0,0.0,0.0,18.448205290897207,1173.908539729092,13.989350648063478,302.7106577576344,5.278346606766283
21,215.0,11.967680852871156,0.95,0.0,0.0,0.05,0.0,0.0,0.0,0.0,299.09,82.12,0.7188471697482364,0.1457340581206911,24.74816706908628,5.57738774476359,1171.237311788517,30.36174171642119,0.9828933066796692,0.0,0.0,0.0171066933203307,0.0,0.0,0.0,0.0,0.4730307571574503,0.0,0.0,0.5269692428425496,0.0,0.0,0.0,0.0,17.01309276795463,0.8254339181872801,1.0,0.0,0.0,3.268221020354108,0.0,0.0,0.0,0.0,18.448205290897207,1173.908539729092,13.989350648063478,302.7106577576344,5.278346606766283
21,215.0,14.09774522224034,0.95,0.0,0.0,0.05,0.0,0.0,0.0,0.0,299.09,82.12,0.7188471697482364,0.1716724941821766,24.74816706908628,5.57738774476359,1170.358314008456,35.72181113868432,0.977431011265711,0.0,0.0,0.022568988734289,0.0,0.0,0.0,0.0,0.4096409486865942,0.0,0.0,0.5903590513134058,0.0,0.0,0.0,0.0,16.571998550995595,0.8425492981985955,1.0000000003214615,0.0,0.0,3.200767097258552,0.0,0.0,0.0,0.0,18.448205290897207,1173.908539729092,13.989350648063478,302.7106577576344,5.278346606766283
21,215.0,16.22780959160953,0.95,0.0,0.0,0.05,0.0,0.0,0.0,0.0,299.09,82.12,0.7188471697482364,0.197610930243662,24.74816706908628,5.57738774476359,1169.4651075741644,41.15578042872039,0.9719608965124475,0.0,0.0,0.0280391034875524,0.0,0.0,0.0,0.0,0.3629481849213835,0.0,0.0,0.6370518150786164,0.0,0.0,0.0,0.0,16.13832484627159,0.859763260794702,1.0,0.0,0.0,3.135775624252971,0.0,0.0,0.0,0.0,18.448205290897207,1173.908539729092,13.989350648063478,302.7106577576344,5.278346606766283
21,215.0,18.35787396097872,0.95,0.0,0.0,0.05,0.0,0.0,0.0,0.0,299.09,82.12,0.7188471697482364,0.2235493663051475,24.74816706908628,5.57738774476359,1168.5574439697657,46.66574668563972,0.966482834455866,0.0,0.0,0.0335171655441339,0.0,0.0,0.0,0.0,0.3271872745934357,0.0,0.0,0.6728127254065642,0.0,0.0,0.0,0.0,15.711940272060202,0.8771019770052568,1.0000000000947424,0.0,0.0,3.072925879822643,0.0,0.0,0.0,0.0,18.448205290897207,1173.908539729092,13.989350648063478,302.7106577576344,5.278346606766283
21,215.0,20.487938330347905,0.95,0.0,0.0,0.05,0.0,0.0,0.0,0.0,299.09,82.12,0.7188471697482364,0.249487802366633,24.74816706908628,5.57738774476359,1167.6350804549932,52.253943806154005,0.9609967405480138,0.0,0.0,0.0390032594519861,0.0,0.0,0.0,0.0,0.2989757201546396,0.0,0.0,0.7010242798453604,0.0,0.0,0.0,0.0,15.29271599299684,0.8945561934794228,1.0000000001038345,0.0,0.0,3.01218658525144,0.0,0.0,0.0,0.0,18.448205290897207,1173.908539729092,13.989350648063478,302.7106577576344,5.278346606766283
21,215.0,22.618002699717096,0.95,0.0,0.0,0.05,0.0,0.0,0.0,0.0,299.09,82.12,0.7188471697482364,0.2754262384281185,24.74816706908628,5.57738774476359,1166.6977769869986,57.92273370914428,0.9555025591984312,0.0,0.0,0.0444974408015686,0.0,0.0,0.0,0.0,0.2761983359901699,0.0,0.0,0.7238016640098301,0.0,0.0,0.0,0.0,14.880527998926416,0.9121589875873148,1.0,0.0,0.0,2.9536748940975865,0.0,0.0,0.0,0.0,18.448205290897207,1173.908539729092,13.989350648063478,302.7106577576344,5.278346606766283
21,215.0,24.74806706908628,0.95,0.0,0.0,0.05,0.0,0.0,0.0,0.0,299.09,82.12,0.7188471697482364,0.301364674489604,24.74816706908628,5.57738774476359,1165.7452951772552,63.674604722358175,0.9500002582063688,0.0,0.0,0.0499997417936311,0.0,0.0,0.0,0.0,0.2574647465009568,0.0,0.0,0.7425352534990431,0.0,0.0,0.0,0.0,14.475256950054114,0.9299263746467568,1.0,0.0,0.0,2.8971133882900992,0.0,0.0,0.0,0.0,18.448205290897207,1173.908539729092,13.989350648063478,302.7106577576344,5.278346606766283
21,220.0,6.882778254863746,0.95,0.0,0.0,0.05,0.0,0.0,0.0,0.0,299.09,82.12,0.7355645457888931,0.0838136660358468,25.32142942667775,6.882678254863746,1156.8919745518608,17.968200225407056,0.9990135314757695,0.0,0.0,0.0009864685242304,0.0,0.0,0.0,0.0,0.9499873131404408,0.0,0.0,0.0500126868595593,0.0,0.0,0.0,0.0,17.044432147895307,0.8097350362949655,1.0,0.0,0.0,3.0810680729400244,0.0,0.0,0.0,0.0,17.121140165384258,1157.0541060432145,17.08052563899556,302.7106577576344,6.509407158415541
21,220.0,8.93150616284308,0.95,0.0,0.0,0.05,0.0,0.0,0.0,0.0,299.09,82.12,0.7355645457888931,0.1087616434832328,25.32142942667775,6.882678254863746,1155.9941552732976,22.87499799065416,0.9935975013511044,0.0,0.0,0.0064024986488957,0.0,0.0,0.0,0.0,0.7485691842950764,0.0,0.0,0.2514308157049236,0.0,0.0,0.0,0.0,16.627557950217955,0.8256786645390101,1.0,0.0,0.0,3.021458795065818,0.0,0.0,0.0,0.0,17.121140165384258,1157.0541060432145,17.08052563899556,302.7106577576344,6.509407158415541
21,220.0,10.980234070822414,0.95,0.0,0.0,0.05,0.0,0.0,0.0,0.0,299.09,82.12,0.7355645457888931,0.1337096209306187,25.32142942667775,6.882678254863746,1155.0820873370387,27.843181050339496,0.9881751048669528,0.0,0.0,0.0118248951330469,0.0,0.0,0.0,0.0,0.6212867990223407,0.0,0.0,0.3787132009776592,0.0,0.0,0.0,0.0,16.21735182942359,0.8417340579923939,1.0,0.0,0.0,2.9636279220994064,0.0,0.0,0.0,0.0,17.121140165384258,1157.0541060432145,17.08052563899556,302.7106577576344,6.509407158415541
21,220.0,13.028961978801748,0.95,0.0,0.0,0.05,0.0,0.0,0.0,0.0,299.09,82.12,0.7355645457888931,0.1586575983780047,25.32142942667775,6.882678254863746,1154.1553562219135,32.873805001784966,0.9827455597291964,0.0,0.0,0.0172544402708037,0.0,0.0,0.0,0.0,0.5336954380427212,0.0,0.0,0.4663045619572787,0.0,0.0,0.0,0.0,15.813654300467318,0.8578800383168123,1.0,0.0,0.0,2.907715549685693,0.0,0.0,0.0,0.0,17.121140165384258,1157.0541060432145,17.08052563899556,302.7106577576344,6.509407158415541
21,220.0,15.077689886781082,0.95,0.0,0.0,0.05,0.0,0.0,0.0,0.0,299.09,82.12,0.7355645457888931,0.1836055758253906,25.32142942667775,6.882678254863746,1153.2136205528627,37.96825226461979,0.9773084202680542,0.0,0.0,0.0226915797319458,0.0,0.0,0.0,0.0,0.4698239255774954,0.0,0.0,0.5301760744225045,0.0,0.0,0.0,0.0,15.416348797432995,0.8741413433655624,1.0,0.0,0.0,2.8535504039704325,0.0,0.0,0.0,0.0,17.121140165384258,1157.0541060432145,17.08052563899556,302.7106577576344,6.509407158415541
21,220.0,17.126417794760414,0.95,0.0,0.0,0.05,0.0,0.0,0.0,0.0,299.09,82.12,0.7355645457888931,0.2085535532727765,25.32142942667775,6.882678254863746,1152.2565674476784,43.128098623464965,0.9718633869247688,0.0,0.0,0.028136613075231,0.0,0.0,0.0,0.0,0.421257411923247,0.0,0.0,0.5787425880767529,0.0,0.0,0.0,0.0,15.02531991482525,0.8905150286343372,1.0,0.0,0.0,2.8010576053780007,0.0,0.0,0.0,0.0,17.121140165384258,1157.0541060432145,17.08052563899556,302.7106577576344,6.509407158415541
21,220.0,19.175145702739748,0.95,0.0,0.0,0.05,0.0,0.0,0.0,0.0,299.09,82.12,0.7355645457888931,0.2335015307201625,25.32142942667775,6.882678254863746,1151.2838946190989,48.35505904592991,0.9664102304159762,0.0,0.0,0.0335897695840238,0.0,0.0,0.0,0.0,0.3831423088036915,0.0,0.0,0.6168576911963085,0.0,0.0,0.0,0.0,14.640462862652155,0.9070239727065704,1.0,0.0,0.0,2.7502002278085715,0.0,0.0,0.0,0.0,17.121140165384258,1157.0541060432145,17.08052563899556,302.7106577576344,6.509407158415541
21,220.0,21.22387361071908,0.95,0.0,0.0,0.05,0.0,0.0,0.0,0.0,299.09,82.12,0.7355645457888931,0.2584495081675484,25.32142942667775,6.882678254863746,1150.2953036859426,53.650964823321736,0.960948763097881,0.0,0.0,0.0390512369021189,0.0,0.0,0.0,0.0,0.3524830843204213,0.0,0.0,0.6475169156795787,0.0,0.0,0.0,0.0,14.261675980060774,0.9236746642501672,1.0,0.0,0.0,2.701016988506616,0.0,0.0,0.0,0.0,17.121140165384258,1157.0541060432145,17.08052563899556,302.7106577576344,6.509407158415541
21,220.0,23.272601518698416,0.95,0.0,0.0,0.05,0.0,0.0,0.0,0.0,299.09,82.12,0.7355645457888931,0.2833974856149344,25.32142942667775,6.882678254863746,1149.290496426912,59.01775389212634,0.9554788231728096,0.0,0.0,0.0445211768271903,0.0,0.0,0.0,0.0,0.3273310652521056,0.0,0.0,0.6726689347478945,0.0,0.0,0.0,0.0,13.888861715717042,0.940496519881856,1.0,0.0,0.0,2.653399839977884,0.0,0.0,0.0,0.0,17.121140165384258,1157.0541060432145,17.08052563899556,302.7106577576344,6.509407158415541
21,220.0,25.32132942667775,0.95,0.0,0.0,0.05,0.0,0.0,0.0,0.0,299.09,82.12,0.7355645457888931,0.3083454630623203,25.32142942667775,6.882678254863746,1148.2691730601885,64.45746755324866,0.9500002673609692,0.0,0.0,0.0499997326390306,0.0,0.0,0.0,0.0,0.3063640514864839,0.0,0.0,0.6936359485135161,0.0,0.0,0.0,0.0,13.5219266990124,0.957487350528593,1.0,0.0,0.0,2.607262629669973,0.0,0.0,0.0,0.0,17.121140165384258,1157.0541060432145,17.08052563899556,302.7106577576344,6.509407158415541
21,225.0,8.408710267261812,0.95,0.0,0.0,0.05,0.0,0.0,0.0,0.0,299.09,82.12,0.7522819218295497,0.1023954002345568,26.320863792397155,8.408610267261812,1139.4339448603412,21.77883612252032,0.9987501811680892,0.0,0.0,0.0012498188319108,0.0,0.0,0.0,0.0,0.9499897529486332,0.0,0.0,0.0500102470513666,0.0,0.0,0.0,0.0,15.725034796440545,0.8479818957654588,1.0,0.0,0.0,2.7550563539021757,0.0,0.0,0.0,0.0,15.813326197117547,1139.6555629264626,20.687604017864448,302.7106577576344,7.946729358776584
21,225.0,10.398938436721297,0.95,0.0,0.0,0.05,0.0,0.0,0.0,0.0,299.09,82.12,0.7522819218295497,0.1266310087277313,26.320863792397155,8.408610267261812,1138.4700562081007,26.51422266155642,0.9933626885192288,0.0,0.0,0.0066373114807713,0.0,0.0,0.0,0.0,0.7842364838464799,0.0,0.0,0.2157635161535201,0.0,0.0,0.0,0.0,15.348261250356789,0.8633218512692871,1.0,0.0,0.0,2.706856326748844,0.0,0.0,0.0,0.0,15.813326197117547,1139.6555629264626,20.687604017864448,302.7106577576344,7.946729358776584
21,225.0,12.389166606180776,0.95,0.0,0.0,0.05,0.0,0.0,0.0,0.0,299.09,82.12,0.7522819218295497,0.1508666172209057,26.320863792397155,8.408610267261812,1137.4909119127635,31.30581302560385,0.9879690763021134,0.0,0.0,0.0120309236978866,0.0,0.0,0.0,0.0,0.6708670683658927,0.0,0.0,0.3291329316341073,0.0,0.0,0.0,0.0,14.977192322984523,0.8787902703787785,1.0000000000208409,0.0,0.0,2.660027201832561,0.0,0.0,0.0,0.0,15.813326197117547,1139.6555629264626,20.687604017864448,302.7106577576344,7.946729358776584
21,225.0,14.37939477564026,0.95,0.0,0.0,0.05,0.0,0.0,0.0,0.0,299.09,82.12,0.7522819218295497,0.1751022257140801,26.320863792397155,8.408610267261812,1136.4960711033443,36.15456889071671,0.9825685939394344,0.0,0.0,0.0174314060605657,0.0,0.0,0.0,0.0,0.5885425119905986,0.0,0.0,0.4114574880094014,0.0,0.0,0.0,0.0,14.611696277028194,0.8943778115589667,1.0,0.0,0.0,2.6145459845531103,0.0,0.0,0.0,0.0,15.813326197117547,1139.6555629264626,20.687604017864448,302.7106577576344,7.946729358776584
21,225.0,16.369622945099742,0.95,0.0,0.0,0.05,0.0,0.0,0.0,0.0,299.09,82.12,0.7522819218295497,0.1993378342072545,26.320863792397155,8.408610267261812,1135.4851506457917,41.06169345668091,0.9771607512263306,0.0,0.0,0.0228392487736694,0.0,0.0,0.0,0.0,0.5261261675946193,0.0,0.0,0.4738738324053808,0.0,0.0,0.0,0.0,14.25167893861388,0.9100864351504284,1.0,0.0,0.0,2.570384565105367,0.0,0.0,0.0,0.0,15.813326197117547,1139.6555629264626,20.687604017864448,302.7106577576344,7.946729358776584
21,225.0,18.359851114559223,0.95,0.0,0.0,0.05,0.0,0.0,0.0,0.0,299.09,82.12,0.7522819218295497,0.2235734427004289,26.320863792397155,8.408610267261812,1134.4577918734392,46.02854980701958,0.9717451851348928,0.0,0.0,0.0282548148651072,0.0,0.0,0.0,0.0,0.4772397979373523,0.0,0.0,0.5227602020626477,0.0,0.0,0.0,0.0,13.897046241399307,0.9259508912705956,1.0,0.0,0.0,2.52757768876044,0.0,0.0,0.0,0.0,15.813326197117547,1139.6555629264626,20.687604017864448,302.7106577576344,7.946729358776584
21,225.0,20.350079284018705,0.95,0.0,0.0,0.05,0.0,0.0,0.0,0.0,299.09,82.12,0.7522819218295497,0.2478090511936033,26.320863792397155,8.408610267261812,1133.4136457307,51.05662218416747,0.9663216007382688,0.0,0.0,0.0336783992617312,0.0,0.0,0.0,0.0,0.4379683290022135,0.0,0.0,0.5620316709977865,0.0,0.0,0.0,0.0,13.547712312209654,0.9419787940153554,1.0,0.0,0.0,2.48602080831242,0.0,0.0,0.0,0.0,15.813326197117547,1139.6555629264626,20.687604017864448,302.7106577576344,7.946729358776584
21,225.0,22.34030745347819,0.95,0.0,0.0,0.05,0.0,0.0,0.0,0.0,299.09,82.12,0.7522819218295497,0.2720446596867777,26.320863792397155,8.408610267261812,1132.3523646272192,56.147497468584994,0.960889739586596,0.0,0.0,0.0391102604134038,0.0,0.0,0.0,0.0,0.4057759462737444,0.0,0.0,0.5942240537262555,0.0,0.0,0.0,0.0,13.203598423394984,0.9581564223733352,1.0,0.0,0.0,2.4456692007249714,0.0,0.0,0.0,0.0,15.813326197117547,1139.6555629264626,20.687604017864448,302.7106577576344,7.946729358776584
21,225.0,24.33053562293767,0.95,0.0,0.0,0.05,0.0,0.0,0.0,0.0,299.09,82.12,0.7522819218295497,0.2962802681799521,26.320863792397155,8.408610267261812,1131.273599896154,61.302856674490016,0.9554493694940416,0.0,0.0,0.0445506305059585,0.0,0.0,0.0,0.0,0.3789481424544593,0.0,0.0,0.6210518575455407,0.0,0.0,0.0,0.0,12.864627030391077,0.9745415879045702,1.0,0.0,0.0,2.406487488114853,0.0,0.0,0.0,0.0,15.813326197117547,1139.6555629264626,20.687604017864448,302.7106577576344,7.946729358776584
21,225.0,26.320763792397155,0.95,0.0,0.0,0.05,0.0,0.0,0.0,0.0,299.09,82.12,0.7522819218295497,0.3205158766731266,26.320863792397155,8.408610267261812,1130.1769988796202,66.52447124901681,0.9500002737769232,0.0,0.0,0.0499997262230766,0.0,0.0,0.0,0.0,0.3562842834340576,0.0,0.0,0.6437157165659424,0.0,0.0,0.0,0.0,12.5307247734841,0.9911292527992416,1.0,0.0,0.0,2.3684394419713786,0.0,0.0,0.0,0.0,15.813326197117547,1139.6555629264626,20.687604017864448,302.7106577576344,7.946729358776584
21,230.0,10.178597545054494,0.95,0.0,0.0,0.05,0.0,0.0,0.0,0.0,299.09,82.12,0.7689992978702064,0.1239478512549256,27.727713592149392,10.178497545054494,1121.3281605971372,26.21299159017905,0.9984435601418618,0.0,0.0,0.0015564398581383,0.0,0.0,0.0,0.0,0.9499916600988833,0.0,0.0,0.0500083399011168,0.0,0.0,0.0,0.0,14.42505028587638,0.8897976526075837,1.0,0.0,0.0,2.489035547663833,0.0,0.0,0.0,0.0,14.52556748614066,1121.6270137216943,24.87830228106012,302.7106577576344,9.61137473881863
21,230.0,12.128488216953928,0.95,0.0,0.0,0.05,0.0,0.0,0.0,0.0,299.09,82.12,0.7689992978702064,0.147692257878153,27.727713592149392,10.178497545054494,1120.2905148958755,30.834874886077333,0.9930897457543024,0.0,0.0,0.0069102542456974,0.0,0.0,0.0,0.0,0.8128775522705336,0.0,0.0,0.1871224477294663,0.0,0.0,0.0,0.0,14.082757209370204,0.9048355498569912,1.0,0.0,0.0,2.4495797345050025,0.0,0.0,0.0,0.0,14.52556748614066,1121.6270137216943,24.87830228106012,302.7106577576344,9.61137473881863
21,230.0,14.07837888885336,0.95,0.0,0.0,0.05,0.0,0.0,0.0,0.0,299.09,82.12,0.7689992978702064,0.1714366645013804,27.727713592149392,10.178497545054494,1119.2364926363714,35.50959127599817,0.9877299311574173,0.0,0.0,0.0122700688425828,0.0,0.0,0.0,0.0,0.7130240757722033,0.0,0.0,0.2869759242277967,0.0,0.0,0.0,0.0,13.745394616395304,0.9199890843524116,1.0,0.0,0.0,2.4111834875172877,0.0,0.0,0.0,0.0,14.52556748614066,1121.6270137216943,24.87830228106012,302.7106577576344,9.61137473881863
21,230.0,16.028269560752793,0.95,0.0,0.0,0.05,0.0,0.0,0.0,0.0,299.09,82.12,0.7689992978702064,0.1951810711246078,27.727713592149392,10.178497545054494,1118.1656268800236,40.23807788814685,0.9823634103845492,0.0,0.0,0.0176365896154508,0.0,0.0,0.0,0.0,0.6371485794299688,0.0,0.0,0.3628514205700312,0.0,0.0,0.0,0.0,13.412864201924272,0.9353020806909912,1.0,0.0,0.0,2.3738234777287706,0.0,0.0,0.0,0.0,14.52556748614066,1121.6270137216943,24.87830228106012,302.7106577576344,9.61137473881863
21,230.0,17.978160232652225,0.95,0.0,0.0,0.05,0.0,0.0,0.0,0.0,299.09,82.12,0.7689992978702064,0.2189254777478351,27.727713592149392,10.178497545054494,1117.077494732628,45.0214528090574,0.976989674601179,0.0,0.0,0.0230103253988209,0.0,0.0,0.0,0.0,0.5776100044350775,0.0,0.0,0.4223899955649224,0.0,0.0,0.0,0.0,13.085082210763256,0.9507700901298136,1.0,0.0,0.0,2.337475001669174,0.0,0.0,0.0,0.0,14.52556748614066,1121.6270137216943,24.87830228106012,302.7106577576344,9.61137473881863
21,230.0,19.92805090455166,0.95,0.0,0.0,0.05,0.0,0.0,0.0,0.0,299.09,82.12,0.7689992978702064,0.2426698843710626,27.727713592149392,10.178497545054494,1115.971692480352,49.86096627854736,0.9716083195961558,0.0,0.0,0.0283916804038442,0.0,0.0,0.0,0.0,0.5297027394129922,0.0,0.0,0.4702972605870079,0.0,0.0,0.0,0.0,12.761974879843256,0.9664237059315468,1.0,0.0,0.0,2.302112110042746,0.0,0.0,0.0,0.0,14.52556748614066,1121.6270137216943,24.87830228106012,302.7106577576344,9.61137473881863
21,230.0,21.877941576451093,0.95,0.0,0.0,0.05,0.0,0.0,0.0,0.0,299.09,82.12,0.7689992978702064,0.26641429099429,27.727713592149392,10.178497545054494,1114.847823655153,54.757975211836296,0.9662190016978476,0.0,0.0,0.0337809983021522,0.0,0.0,0.0,0.0,0.4903712355086844,0.0,0.0,0.5096287644913154,0.0,0.0,0.0,0.0,12.443472870631844,0.9822352101208176,1.0,0.0,0.0,2.267707482532149,0.0,0.0,0.0,0.0,14.52556748614066,1121.6270137216943,24.87830228106012,302.7106577576344,9.61137473881863
21,230.0,23.827832248350525,0.95,0.0,0.0,0.05,0.0,0.0,0.0,0.0,299.09,82.12,0.7689992978702064,0.2901586976175173,27.727713592149392,10.178497545054494,1113.7054914429702,59.713929525103744,0.9608214107006768,0.0,0.0,0.0391785892993232,0.0,0.0,0.0,0.0,0.4575454132602661,0.0,0.0,0.5424545867397339,0.0,0.0,0.0,0.0,12.129514515849484,0.9982704354807062,1.0,0.0,0.0,2.2342333790715965,0.0,0.0,0.0,0.0,14.52556748614066,1121.6270137216943,24.87830228106012,302.7106577576344,9.61137473881863
21,230.0,25.77772292024996,0.95,0.0,0.0,0.05,0.0,0.0,0.0,0.0,299.09,82.12,0.7689992978702064,0.3139031042407447,27.727713592149392,10.178497545054494,1112.5442960323635,64.73036565111214,0.9554152602929816,0.0,0.0,0.0445847397070185,0.0,0.0,0.0,0.0,0.4297732612737785,0.0,0.0,0.5702267387262214,0.0,0.0,0.0,0.0,11.820038237906273,1.014504203339299,1.0,0.0,0.0,2.201661598983724,0.0,0.0,0.0,0.0,14.52556748614066,1121.6270137216943,24.87830228106012,302.7106577576344,9.61137473881863
21,230.0,27.727613592149392,0.95,0.0,0.0,0.05,0.0,0.0,0.0,0.0,299.09,82.12,0.7689992978702064,0.3376475108639721,27.727713592149392,10.178497545054494,1111.3638314971454,69.80890334121435,0.9500002777158032,0.0,0.0,0.0499997222841968,0.0,0.0,0.0,0.0,0.4060063403870812,0.0,0.0,0.593993659612919,0.0,0.0,0.0,0.0,11.51498686225572,1.0309796236877682,1.0,0.0,0.0,2.1699638453681214,0.0,0.0,0.0,0.0,14.52556748614066,1121.6270137216943,24.87830228106012,302.7106577576344,9.61137473881863
21,235.0,12.216926866795363,0.95,0.0,0.0,0.05,0.0,0.0,0.0,0.0,299.09,82.12,0.785716673910863,0.1487692019824082,29.533535528411715,12.216826866795364,1102.4702260105516,31.357092028167543,0.9980908618413104,0.0,0.0,0.0019091381586896,0.0,0.0,0.0,0.0,0.9499931669711562,0.0,0.0,0.0500068330288437,0.0,0.0,0.0,0.0,13.145568304819278,0.9359036849783444,1.0,0.0,0.0,2.269834642269009,0.0,0.0,0.0,0.0,13.258875583506692,1102.8688895247462,29.73094022392497,302.7106577576344,11.525181126674264
21,235.0,14.140983384752737,0.95,0.0,0.0,0.05,0.0,0.0,0.0,0.0,299.09,82.12,0.785716673910863,0.1721990183238277,29.533535528411715,12.216826866795364,1101.3496329190768,35.91431440768637,0.9927769544322306,0.0,0.0,0.0072230455677693,0.0,0.0,0.0,0.0,0.8359248684646144,0.0,0.0,0.1640751315353855,0.0,0.0,0.0,0.0,12.8333885287862,0.9508635622383018,1.0,0.0,0.0,2.2371686324509006,0.0,0.0,0.0,0.0,13.258875583506692,1102.8688895247462,29.73094022392497,302.7106577576344,11.525181126674264
21,235.0,16.06503990271011,0.95,0.0,0.0,0.05,0.0,0.0,0.0,0.0,299.09,82.12,0.785716673910863,0.1956288346652473,29.533535528411715,12.216826866795364,1100.2113520936175,40.52242982399149,0.987456873800023,0.0,0.0,0.0125431261999769,0.0,0.0,0.0,0.0,0.7485934391808978,0.0,0.0,0.2514065608191022,0.0,0.0,0.0,0.0,12.525512802167244,0.9659788035475187,1.0,0.0,0.0,2.205324215595572,0.0,0.0,0.0,0.0,13.258875583506692,1102.8688895247462,29.73094022392497,302.7106577576344,11.525181126674264
21,235.0,17.989096420667483,0.95,0.0,0.0,0.05,0.0,0.0,0.0,0.0,299.09,82.12,0.785716673910863,0.2190586510066668,29.533535528411715,12.216826866795364,1099.0548849907834,45.18239846288956,0.9821299581695806,0.0,0.0,0.0178700418304194,0.0,0.0,0.0,0.0,0.6796598071232822,0.0,0.0,0.3203401928767178,0.0,0.0,0.0,0.0,12.221863793524838,0.9812962541541012,1.0,0.0,0.0,2.174279752189152,0.0,0.0,0.0,0.0,13.258875583506692,1102.8688895247462,29.73094022392497,302.7106577576344,11.525181126674264
21,235.0,19.91315293862485,0.95,0.0,0.0,0.05,0.0,0.0,0.0,0.0,299.09,82.12,0.785716673910863,0.2424884673480863,29.533535528411715,12.216826866795364,1097.8797645308666,49.89531983847122,0.976795690563146,0.0,0.0,0.0232043094368539,0.0,0.0,0.0,0.0,0.6239257484577703,0.0,0.0,0.3760742515422298,0.0,0.0,0.0,0.0,11.922374234281335,0.9967911370303854,1.0,0.0,0.0,2.144016140750992,0.0,0.0,0.0,0.0,13.258875583506692,1102.8688895247462,29.73094022392497,302.7106577576344,11.525181126674264
21,235.0,21.837209456582222,0.95,0.0,0.0,0.05,0.0,0.0,0.0,0.0,299.09,82.12,0.785716673910863,0.2659182836895059,29.533535528411715,12.216826866795364,1096.6855370962307,54.66240492272979,0.9714536370628256,0.0,0.0,0.0285463629371743,0.0,0.0,0.0,0.0,0.5779834373935188,0.0,0.0,0.4220165626064813,0.0,0.0,0.0,0.0,11.62698516803165,1.012479238876408,1.0,0.0,0.0,2.1145119718963263,0.0,0.0,0.0,0.0,13.258875583506692,1102.8688895247462,29.73094022392497,302.7106577576344,11.525181126674264
21,235.0,23.7612659745396,0.95,0.0,0.0,0.05,0.0,0.0,0.0,0.0,299.09,82.12,0.785716673910863,0.2893481000309254,29.533535528411715,12.216826866795364,1095.4717526752672,59.48496028145326,0.96610341357325,0.0,0.0,0.0338965864267499,0.0,0.0,0.0,0.0,0.5395062680378284,0.0,0.0,0.4604937319621717,0.0,0.0,0.0,0.0,11.335642284277114,1.028397765211711,1.0,0.0,0.0,2.085746120358788,0.0,0.0,0.0,0.0,13.258875583506692,1102.8688895247462,29.73094022392497,302.7106577576344,11.525181126674264
21,235.0,25.68532249249697,0.95,0.0,0.0,0.05,0.0,0.0,0.0,0.0,299.09,82.12,0.785716673910863,0.312777916372345,29.533535528411715,12.216826866795364,1094.2379595420846,64.36437934156405,0.9607446681948132,0.0,0.0,0.0392553318051867,0.0,0.0,0.0,0.0,0.5068518777330703,0.0,0.0,0.4931481222669298,0.0,0.0,0.0,0.0,11.048293244333689,1.0445308164268448,1.0,0.0,0.0,2.057697315394568,0.0,0.0,0.0,0.0,13.258875583506692,1102.8688895247462,29.73094022392497,302.7106577576344,11.525181126674264
21,235.0,27.609379010454344,0.95,0.0,0.0,0.05,0.0,0.0,0.0,0.0,299.09,82.12,0.785716673910863,0.3362077327137645,29.533535528411715,12.216826866795364,1092.9836986946882,69.30213727729344,0.9553770641798895,0.0,0.0,0.0446229358201104,0.0,0.0,0.0,0.0,0.4788280199250055,0.0,0.0,0.5211719800749945,0.0,0.0,0.0,0.0,10.764894293548226,1.0609225522106862,1.0,0.0,0.0,2.030344340676602,0.0,0.0,0.0,0.0,13.258875583506692,1102.8688895247462,29.73094022392497,302.7106577576344,11.525181126674264
21,235.0,29.533435528411715,0.95,0.0,0.0,0.05,0.0,0.0,0.0,0.0,299.09,82.12,0.785716673910863,0.359637549055184,29.533535528411715,12.216826866795364,1091.7085036966291,74.29978981382395,0.950000279479306,0.0,0.0,0.0499997205206941,0.0,0.0,0.0,0.0,0.4545484163368093,0.0,0.0,0.5454515836631908,0.0,0.0,0.0,0.0,10.48539928877553,1.0775704395313035,1.0,0.0,0.0,2.0036660440922764,0.0,0.0,0.0,0.0,13.258875583506692,1102.8688895247462,29.73094022392497,302.7106577576344,11.525181126674264
21,240.0,14.549498523998968,0.95,0.0,0.0,0.05,0.0,0.0,0.0,0.0,299.09,82.12,0.8024340499515197,0.1771736303458227,31.73671877096429,14.549398523998969,1082.7363926209446,37.313596847451656,0.9976887517364084,0.0,0.0,0.0023112482635914,0.0,0.0,0.0,0.0,0.9499943697219956,0.0,0.0,0.0500056302780044,0.0,0.0,0.0,0.0,11.887910785500472,0.987137884553473,1.0,0.0,0.0,2.0874952630347834,0.0,0.0,0.0,0.0,12.014498351825988,1083.263844328595,35.3375257790447,302.7106577576344,13.710780754884407
21,240.0,16.45917855143956,0.95,0.0,0.0,0.05,0.0,0.0,0.0,0.0,299.09,82.12,0.8024340499515197,0.200428379827564,31.73671877096429,14.549398523998969,1081.5219040573536,41.84848550632276,0.9924218568043494,0.0,0.0,0.0075781431956507,0.0,0.0,0.0,0.0,0.8545798674339025,0.0,0.0,0.1454201325660975,0.0,0.0,0.0,0.0,11.602453318752586,1.0022888896689304,1.0,0.0,0.0,2.060165934118308,0.0,0.0,0.0,0.0,12.014498351825988,1083.263844328595,35.3375257790447,302.7106577576344,13.710780754884407
21,240.0,18.368858578880157,0.95,0.0,0.0,0.05,0.0,0.0,0.0,0.0,299.09,82.12,0.8024340499515197,0.2236831293093053,31.73671877096429,14.549398523998969,1080.2881433766431,46.4335345891153,0.9871482169113404,0.0,0.0,0.0128517830886595,0.0,0.0,0.0,0.0,0.7785349771563298,0.0,0.0,0.2214650228436702,0.0,0.0,0.0,0.0,11.320785675880645,1.017643295204575,1.0,0.0,0.0,2.033473990028224,0.0,0.0,0.0,0.0,12.014498351825988,1083.263844328595,35.3375257790447,302.7106577576344,13.710780754884407
21,240.0,20.278538606320744,0.95,0.0,0.0,0.05,0.0,0.0,0.0,0.0,299.09,82.12,0.8024340499515197,0.2469378787910465,31.73671877096429,14.549398523998969,1079.0345690263507,51.0697656466744,0.9818672046136806,0.0,0.0,0.0181327953863194,0.0,0.0,0.0,0.0,0.7165692087238157,0.0,0.0,0.2834307912761842,0.0,0.0,0.0,0.0,11.042846299879573,1.0332041345458045,1.0,0.0,0.0,2.007403112702003,0.0,0.0,0.0,0.0,12.014498351825988,1083.263844328595,35.3375257790447,302.7106577576344,13.710780754884407
21,240.0,22.188218633761338,0.95,0.0,0.0,0.05,0.0,0.0,0.0,0.0,299.09,82.12,0.8024340499515197,0.2701926282727878,31.73671877096429,14.549398523998969,1077.7606596416656,55.75831257073396,0.9765782961596714,0.0,0.0,0.0234217038403285,0.0,0.0,0.0,0.0,0.6651580983797946,0.0,0.0,0.3348419016202055,0.0,0.0,0.0,0.0,10.76858266292518,1.0489890832297242,1.0,0.0,0.0,1.981937002439744,0.0,0.0,0.0,0.0,12.014498351825988,1083.263844328595,35.3375257790447,302.7106577576344,13.710780754884407
21,240.0,24.09789866120193,0.95,0.0,0.0,0.05,0.0,0.0,0.0,0.0,299.09,82.12,0.8024340499515197,0.2934473777545291,31.73671877096429,14.549398523998969,1076.4659010006978,60.50040673241244,0.9712810308168034,0.0,0.0,0.0287189691831966,0.0,0.0,0.0,0.0,0.6218637278691252,0.0,0.0,0.3781362721308747,0.0,0.0,0.0,0.0,10.497948258835372,1.0650246336354692,1.0,0.0,0.0,1.957072916079468,0.0,0.0,0.0,0.0,12.014498351825988,1083.263844328595,35.3375257790447,302.7106577576344,13.710780754884407
21,240.0,26.00757868864252,0.95,0.0,0.0,0.05,0.0,0.0,0.0,0.0,299.09,82.12,0.8024340499515197,0.3167021272362703,31.73671877096429,14.549398523998969,1075.1497781361809,65.29736799426465,0.9659749869348224,0.0,0.0,0.0340250130651774,0.0,0.0,0.0,0.0,0.5849463605972408,0.0,0.0,0.4150536394027592,0.0,0.0,0.0,0.0,10.23090057647903,1.0813040077540357,1.0,0.0,0.0,1.9327877204046329,0.0,0.0,0.0,0.0,12.014498351825988,1083.263844328595,35.3375257790447,302.7106577576344,13.710780754884407
21,240.0,27.91725871608311,0.95,0.0,0.0,0.05,0.0,0.0,0.0,0.0,299.09,82.12,0.8024340499515197,0.3399568767180115,31.73671877096429,14.549398523998969,1073.8117708320667,70.15059989494385,0.9606597686808954,0.0,0.0,0.0393402313191045,0.0,0.0,0.0,0.0,0.5531314584503413,0.0,0.0,0.4468685415496587,0.0,0.0,0.0,0.0,9.96739791369107,1.0978471733951118,1.0,0.0,0.0,1.909059442690913,0.0,0.0,0.0,0.0,12.014498351825988,1083.263844328595,35.3375257790447,302.7106577576344,13.710780754884407
21,240.0,29.826938743523705,0.95,0.0,0.0,0.05,0.0,0.0,0.0,0.0,299.09,82.12,0.8024340499515197,0.3632116261997528,31.73671877096429,14.549398523998969,1072.4513479929435,75.0615863101597,0.9553349908140928,0.0,0.0,0.0446650091859073,0.0,0.0,0.0,0.0,0.5254640807566336,0.0,0.0,0.4745359192433664,0.0,0.0,0.0,0.0,9.707408542193065,1.114688117046286,1.0,0.0,0.0,1.8858717698306615,0.0,0.0,0.0,0.0,12.014498351825988,1083.263844328595,35.3375257790447,302.7106577576344,13.710780754884407
21,240.0,31.73661877096429,0.95,0.0,0.0,0.05,0.0,0.0,0.0,0.0,299.09,82.12,0.8024340499515197,0.386466375681494,31.73671877096429,14.549398523998969,1071.067967770362,80.03189214426716,0.9500002794002904,0.0,0.0,0.0499997205997095,0.0,0.0,0.0,0.0,0.5012147791764413,0.0,0.0,0.4987852208235588,0.0,0.0,0.0,0.0,9.450896605152938,1.1318165513397265,1.0,0.0,0.0,1.863208740453806,0.0,0.0,0.0,0.0,12.014498351825988,1083.263844328595,35.3375257790447,302.7106577576344,13.710780754884407
21,245.0,17.20364303610618,0.95,0.0,0.0,0.05,0.0,0.0,0.0,0.0,299.09,82.12,0.8191514259921764,0.2094939483208253,34.339930274970904,17.20354303610618,1061.977191466351,44.206271993340295,0.9972327479367136,0.0,0.0,0.0027672520632864,0.0,0.0,0.0,0.0,0.9499953390358344,0.0,0.0,0.0500046609641656,0.0,0.0,0.0,0.0,10.653669712299209,1.044695664773756,1.0,0.0,0.0,1.9343697441516463,0.0,0.0,0.0,0.0,10.793959502416731,1062.6711211462375,41.80803719266337,302.7106577576344,16.191644196077288
21,245.0,19.107663840424483,0.95,0.0,0.0,0.05,0.0,0.0,0.0,0.0,299.09,82.12,0.8191514259921764,0.2326797837362942,34.339930274970904,17.20354303610618,1060.655746791609,48.75644566699709,0.9920208083304108,0.0,0.0,0.0079791916695891,0.0,0.0,0.0,0.0,0.8698119100839933,0.0,0.0,0.1301880899160067,0.0,0.0,0.0,0.0,10.392331351755384,1.0603000407015444,1.0,0.0,0.0,1.911283187444286,0.0,0.0,0.0,0.0,10.793959502416731,1062.6711211462375,41.80803719266337,302.7106577576344,16.191644196077288
21,245.0,21.011684644742783,0.95,0.0,0.0,0.05,0.0,0.0,0.0,0.0,299.09,82.12,0.8191514259921764,0.255865619151763,34.339930274970904,17.20354303610618,1059.313073417945,53.3571427641763,0.9868010839383192,0.0,0.0,0.0131989160616809,0.0,0.0,0.0,0.0,0.8037909253804868,0.0,0.0,0.1962090746195131,0.0,0.0,0.0,0.0,10.134353651876005,1.0761410114863368,1.0,0.0,0.0,1.8886916534746057,0.0,0.0,0.0,0.0,10.793959502416731,1062.6711211462375,41.80803719266337,302.7106577576344,16.191644196077288
21,245.0,22.91570544906109,0.95,0.0,0.0,0.05,0.0,0.0,0.0,0.0,299.09,82.12,0.8191514259921764,0.2790514545672319,34.339930274970904,17.20354303610618,1057.9485692280296,58.00948327595932,0.9815729661413328,0.0,0.0,0.0184270338586671,0.0,0.0,0.0,0.0,0.7485400485444422,0.0,0.0,0.2514599514555578,0.0,0.0,0.0,0.0,9.879689626860053,1.0922384706196184,1.0,0.0,0.0,1.86658213646482,0.0,0.0,0.0,0.0,10.793959502416731,1062.6711211462375,41.80803719266337,302.7106577576344,16.191644196077288
21,245.0,24.81972625337939,0.95,0.0,0.0,0.05,0.0,0.0,0.0,0.0,299.09,82.12,0.8191514259921764,0.3022372899827008,34.339930274970904,17.20354303610618,1056.561641807452,62.71468396508937,0.9763359180983708,0.0,0.0,0.0236640819016291,0.0,0.0,0.0,0.0,0.701670778467575,0.0,0.0,0.2983292215324249,0.0,0.0,0.0,0.0,9.628299191991925,1.1086153546876554,1.0,0.0,0.0,1.8449642014954728,0.0,0.0,0.0,0.0,10.793959502416731,1062.6711211462375,41.80803719266337,302.7106577576344,16.191644196077288
21,245.0,26.723747057697693,0.95,0.0,0.0,0.05,0.0,0.0,0.0,0.0,299.09,82.12,0.8191514259921764,0.3254231253981696,34.339930274970904,17.20354303610618,1055.1516987795203,67.47405143221458,0.9710894479416003,0.0,0.0,0.0289105520583995,0.0,0.0,0.0,0.0,0.6614531454436428,0.0,0.0,0.3385468545563573,0.0,0.0,0.0,0.0,9.38014658998521,1.1252698858209336,1.0,0.0,0.0,1.8238076778820205,0.0,0.0,0.0,0.0,10.793959502416731,1062.6711211462375,41.80803719266337,302.7106577576344,16.191644196077288
21,245.0,28.627767862015997,0.95,0.0,0.0,0.05,0.0,0.0,0.0,0.0,299.09,82.12,0.8191514259921764,0.3486089608136384,34.339930274970904,17.20354303610618,1053.718141413984,72.28897800154593,0.9658330917879616,0.0,0.0,0.0341669082120383,0.0,0.0,0.0,0.0,0.6266036684970245,0.0,0.0,0.3733963315029753,0.0,0.0,0.0,0.0,9.135204037153123,1.142231438301177,1.000000000034432,0.0,0.0,1.803079022290712,0.0,0.0,0.0,0.0,10.793959502416731,1062.6711211462375,41.80803719266337,302.7106577576344,16.191644196077288
21,245.0,30.531788666334297,0.95,0.0,0.0,0.05,0.0,0.0,0.0,0.0,299.09,82.12,0.8191514259921764,0.3717947962291073,34.339930274970904,17.20354303610618,1052.2603608777097,77.16094019858096,0.9605664042606598,0.0,0.0,0.0394335957393402,0.0,0.0,0.0,0.0,0.5961502473592489,0.0,0.0,0.4038497526407511,0.0,0.0,0.0,0.0,8.893424406232288,1.1595018075305512,1.0,0.0,0.0,1.78281577831491,0.0,0.0,0.0,0.0,10.793959502416731,1062.6711211462375,41.80803719266337,302.7106577576344,16.191644196077288
21,245.0,32.4358094706526,0.95,0.0,0.0,0.05,0.0,0.0,0.0,0.0,299.09,82.12,0.8191514259921764,0.3949806316445762,34.339930274970904,17.20354303610618,1050.7777321608291,82.09149667234938,0.9552889442914824,0.0,0.0,0.0447110557085175,0.0,0.0,0.0,0.0,0.5693432386074566,0.0,0.0,0.4306567613925434,0.0,0.0,0.0,0.0,8.654801273513952,1.177117913719138,1.0,0.0,0.0,1.762956094376425,0.0,0.0,0.0,0.0,10.793959502416731,1062.6711211462375,41.80803719266337,302.7106577576344,16.191644196077288
21,245.0,34.3398302749709,0.95,0.0,0.0,0.05,0.0,0.0,0.0,0.0,299.09,82.12,0.8191514259921764,0.418166467060045,34.339930274970904,17.20354303610618,1049.2696148610537,87.08229144081551,0.950000277835412,0.0,0.0,0.0499997221645879,0.0,0.0,0.0,0.0,0.5455954293359588,0.0,0.0,0.4544045706640412,0.0,0.0,0.0,0.0,8.41930200135508,1.1950726204662323,1.0,0.0,0.0,1.7435123686003842,0.0,0.0,0.0,0.0,10.793959502416731,1062.6711211462375,41.80803719266337,302.7106577576344,16.191644196077288
21,250.0,20.208544303638693,0.95,0.0,0.0,0.05,0.0,0.0,0.0,0.0,299.09,82.12,0.835868802032833,0.246085537063306,37.34804120151974,20.208444303638693,1040.008318284559,52.18780601728008,0.996716335046271,0.0,0.0,0.0032836649537289,0.0,0.0,0.0,0.0,0.9499961274727896,0.0,0.0,0.0500038725272103,0.0,0.0,0.0,0.0,9.444761753900334,1.1100894506930048,1.0,0.0,0.0,1.8044897049498128,0.0,0.0,0.0,0.0,9.599114364051816,1040.9186176418627,49.27650279185157,302.7106577576344,18.99215487266697
21,250.0,22.11292173673659,0.95,0.0,0.0,0.05,0.0,0.0,0.0,0.0,299.09,82.12,0.835868802032833,0.2692757152549511,37.34804120151974,20.208444303638693,1038.5642506310778,56.787463844473066,0.99156826668973,0.0,0.0,0.00843173331027,0.0,0.0,0.0,0.0,0.8823870759904854,0.0,0.0,0.1176129240095145,0.0,0.0,0.0,0.0,9.2055945613226,1.12643954324586,1.0,0.0,0.0,1.7848135770431173,0.0,0.0,0.0,0.0,9.599114364051816,1040.9186176418627,49.27650279185157,302.7106577576344,18.99215487266697
21,250.0,24.01729916983448,0.95,0.0,0.0,0.05,0.0,0.0,0.0,0.0,299.09,82.12,0.835868802032833,0.2924658934465962,37.34804120151974,20.208444303638693,1037.09649883026,61.43908043998463,0.986410857748371,0.0,0.0,0.0135891422516289,0.0,0.0,0.0,0.0,0.825215582552001,0.0,0.0,0.174784417447999,0.0,0.0,0.0,0.0,8.969426953070018,1.143085129096029,1.0,0.0,0.0,1.765520693645091,0.0,0.0,0.0,0.0,9.599114364051816,1040.9186176418627,49.27650279185157,302.7106577576344,18.99215487266697
21,250.0,25.921676602932376,0.95,0.0,0.0,0.05,0.0,0.0,0.0,0.0,299.09,82.12,0.835868802032833,0.3156560716382413,37.34804120151974,20.208444303638693,1035.6043749317982,66.14391644773009,0.9812434985493168,0.0,0.0,0.0187565014506834,0.0,0.0,0.0,0.0,0.7762861813390142,0.0,0.0,0.2237138186609857,0.0,0.0,0.0,0.0,8.736224167680565,1.1600555716343153,1.0,0.0,0.0,1.7466011448014993,0.0,0.0,0.0,0.0,9.599114364051816,1040.9186176418627,49.27650279185157,302.7106577576344,18.99215487266697
21,250.0,27.826054036030268,0.95,0.0,0.0,0.05,0.0,0.0,0.0,0.0,299.09,82.12,0.835868802032833,0.3388462498298863,37.34804120151974,20.208444303638693,1034.087190077069,70.90332281004903,0.9760656258816106,0.0,0.0,0.0239343741183893,0.0,0.0,0.0,0.0,0.7339795829458432,0.0,0.0,0.2660204170541568,0.0,0.0,0.0,0.0,8.505956720935261,1.177343928798554,1.0,0.0,0.0,1.728066258210526,0.0,0.0,0.0,0.0,9.599114364051816,1040.9186176418627,49.27650279185157,302.7106577576344,18.99215487266697
21,250.0,29.730431469128163,0.95,0.0,0.0,0.05,0.0,0.0,0.0,0.0,299.09,82.12,0.835868802032833,0.3620364280215314,37.34804120151974,20.208444303638693,1032.5442473889552,75.7187393462819,0.970876705978602,0.0,0.0,0.0291232940213979,0.0,0.0,0.0,0.0,0.6970755955145133,0.0,0.0,0.3029244044854868,0.0,0.0,0.0,0.0,8.27859550812602,1.1949642108355547,1.0,0.0,0.0,1.7098953442982896,0.0,0.0,0.0,0.0,9.599114364051816,1040.9186176418627,49.27650279185157,302.7106577576344,18.99215487266697
21,250.0,31.63480890222605,0.95,0.0,0.0,0.05,0.0,0.0,0.0,0.0,299.09,82.12,0.835868802032833,0.3852266062131765,37.34804120151974,20.208444303638693,1030.9748355310614,80.59169273803296,0.9656762201891878,0.0,0.0,0.0343237798108122,0.0,0.0,0.0,0.0,0.6646374771948781,0.0,0.0,0.3353625228051218,0.0,0.0,0.0,0.0,8.05412148066018,1.212959634719585,1.0,0.0,0.0,1.6920686687894249,0.0,0.0,0.0,0.0,9.599114364051816,1040.9186176418627,49.27650279185157,302.7106577576344,18.99215487266697
21,250.0,33.53918633532395,0.95,0.0,0.0,0.05,0.0,0.0,0.0,0.0,299.09,82.12,0.835868802032833,0.4084167844048215,37.34804120151974,20.208444303638693,1029.3782257217408,85.52379897503235,0.9604636590160056,0.0,0.0,0.0395363409839942,0.0,0.0,0.0,0.0,0.6359343366047597,0.0,0.0,0.3640656633952403,0.0,0.0,0.0,0.0,7.8325119139841055,1.231339130861559,1.0,0.0,0.0,1.6745772639621432,0.0,0.0,0.0,0.0,9.599114364051816,1040.9186176418627,49.27650279185157,302.7106577576344,18.99215487266697
21,250.0,35.443563768421846,0.95,0.0,0.0,0.05,0.0,0.0,0.0,0.0,299.09,82.12,0.835868802032833,0.4316069625964667,37.34804120151974,20.208444303638693,1027.7536676910615,90.5167639786442,0.9552385144254648,0.0,0.0,0.044761485574535,0.0,0.0,0.0,0.0,0.6103876381578734,0.0,0.0,0.3896123618421265,0.0,0.0,0.0,0.0,7.61374788548626,1.2501064991179496,1.0,0.0,0.0,1.657432791818367,0.0,0.0,0.0,0.0,9.599114364051816,1040.9186176418627,49.27650279185157,302.7106577576344,18.99215487266697
21,250.0,37.34794120151974,0.95,0.0,0.0,0.05,0.0,0.0,0.0,0.0,299.09,82.12,0.835868802032833,0.4547971407881117,37.34804120151974,20.208444303638693,1026.100386799164,95.5723862526496,0.9500002751616542,0.0,0.0,0.0499997248383458,0.0,0.0,0.0,0.0,0.5875335765470475,0.0,0.0,0.4124664234529523,0.0,0.0,0.0,0.0,7.397812490876061,1.269316098398574,1.0,0.0,0.0,1.6406166702505978,0.0,0.0,0.0,0.0,9.599114364051816,1040.9186176418627,49.27650279185157,302.7106577576344,18.99215487266697
21,255.0,23.59571888155831,0.95,0.0,0.0,0.05,0.0,0.0,0.0,0.0,299.09,82.12,0.8525861780734897,0.2873321831655906,40.76621946032643,23.59561888155831,1016.597161444402,61.45115790641205,0.9961296679812772,0.0,0.0,0.0038703320187225,0.0,0.0,0.0,0.0,0.9499967745487043,0.0,0.0,0.0500032254512955,0.0,0.0,0.0,0.0,8.263508571619935,1.1854586288392064,1.0,0.0,0.0,1.6931143373180677,0.0,0.0,0.0,0.0,8.432227805466914,1017.7913832278248,57.90987351738985,302.7106577576344,22.13772066860631
21,255.0,25.5035411680881,0.95,0.0,0.0,0.05,0.0,0.0,0.0,0.0,299.09,82.12,0.8525861780734897,0.3105643103761337,40.76621946032643,23.59561888155831,1015.0115019951334,66.13199049425401,0.991055701950289,0.0,0.0,0.0089442980497109,0.0,0.0,0.0,0.0,0.8929050968598576,0.0,0.0,0.1070949031401423,0.0,0.0,0.0,0.0,8.045133766840374,1.202926161278993,1.0,0.0,0.0,1.676206468617199,0.0,0.0,0.0,0.0,8.432227805466914,1017.7913832278248,57.90987351738985,302.7106577576344,22.13772066860631
21,255.0,27.41136345461789,0.95,0.0,0.0,0.05,0.0,0.0,0.0,0.0,299.09,82.12,0.8525861780734897,0.3337964375866767,40.76621946032643,23.59561888155831,1013.3990331379534,70.86734872271367,0.9859702849559928,0.0,0.0,0.0140297150440072,0.0,0.0,0.0,0.0,0.843549933779511,0.0,0.0,0.1564500662204891,0.0,0.0,0.0,0.0,7.829451507253929,1.220760211148312,1.0,0.0,0.0,1.6595956871514952,0.0,0.0,0.0,0.0,8.432227805466914,1017.7913832278248,57.90987351738985,302.7106577576344,22.13772066860631
21,255.0,29.31918574114768,0.95,0.0,0.0,0.05,0.0,0.0,0.0,0.0,299.09,82.12,0.8525861780734897,0.3570285647972196,40.76621946032643,23.59561888155831,1011.7589447128148,75.65868708160434,0.9808727812660754,0.0,0.0,0.0191272187339246,0.0,0.0,0.0,0.0,0.8005013606290475,0.0,0.0,0.1994986393709524,0.0,0.0,0.0,0.0,7.6164374500018175,1.238957121442955,1.0,0.0,0.0,1.6432722381685432,0.0,0.0,0.0,0.0,8.432227805466914,1017.7913832278248,57.90987351738985,302.7106577576344,22.13772066860631
21,255.0,31.227008027677478,0.95,0.0,0.0,0.05,0.0,0.0,0.0,0.0,299.09,82.12,0.8525861780734897,0.3802606920077627,40.76621946032643,23.59561888155831,1010.090413926706,80.50755252000091,0.975762581017568,0.0,0.0,0.0242374189824321,0.0,0.0,0.0,0.0,0.7626623585781342,0.0,0.0,0.2373376414218657,0.0,0.0,0.0,0.0,7.406069153973172,1.2575663789029337,1.0,0.0,0.0,1.62723329816552,0.0,0.0,0.0,0.0,8.432227805466914,1017.7913832278248,57.90987351738985,302.7106577576344,22.13772066860631
21,255.0,33.134830314207264,0.95,0.0,0.0,0.05,0.0,0.0,0.0,0.0,299.09,82.12,0.8525861780734897,0.4034928192183056,40.76621946032643,23.59561888155831,1008.3925985635656,85.415584862627,0.9706390870443328,0.0,0.0,0.0293609129556672,0.0,0.0,0.0,0.0,0.7291774380783849,0.0,0.0,0.2708225619216151,0.0,0.0,0.0,0.0,7.198331616686355,1.2765919754088235,1.0,0.0,0.0,1.611494740996381,0.0,0.0,0.0,0.0,8.432227805466914,1017.7913832278248,57.90987351738985,302.7106577576344,22.13772066860631
21,255.0,35.04265260073706,0.95,0.0,0.0,0.05,0.0,0.0,0.0,0.0,299.09,82.12,0.8525861780734897,0.4267249464288487,40.76621946032643,23.59561888155831,1006.6646326728372,90.38452066977784,0.9655017073710566,0.0,0.0,0.0344982926289434,0.0,0.0,0.0,0.0,0.6993698163389344,0.0,0.0,0.3006301836610656,0.0,0.0,0.0,0.0,6.993208534012082,1.2960657603231769,1.0,0.0,0.0,1.596021390792414,0.0,0.0,0.0,0.0,8.432227805466914,1017.7913832278248,57.90987351738985,302.7106577576344,22.13772066860631
21,255.0,36.95047488726685,0.95,0.0,0.0,0.05,0.0,0.0,0.0,0.0,299.09,82.12,0.8525861780734897,0.4499570736393917,40.76621946032643,23.59561888155831,1004.905622010477,95.41619545400208,0.9603498478497874,0.0,0.0,0.0396501521502126,0.0,0.0,0.0,0.0,0.6726971841040427,0.0,0.0,0.3273028158959573,0.0,0.0,0.0,0.0,6.79068638053818,1.3160054161726258,1.0,0.0,0.0,1.5808094938998765,0.0,0.0,0.0,0.0,8.432227805466914,1017.7913832278248,57.90987351738985,302.7106577576344,22.13772066860631
21,255.0,38.85829717379664,0.95,0.0,0.0,0.05,0.0,0.0,0.0,0.0,299.09,82.12,0.8525861780734897,0.4731892008499346,40.76621946032643,23.59561888155831,1003.114640387366,100.51254765052607,0.955182907065486,0.0,0.0,0.0448170929345138,0.0,0.0,0.0,0.0,0.6487199987582352,0.0,0.0,0.3512800012417648,0.0,0.0,0.0,0.0,6.590753508510786,1.336435044755521,1.0,0.0,0.0,1.5658783727218986,0.0,0.0,0.0,0.0,8.432227805466914,1017.7913832278248,57.90987351738985,302.7106577576344,22.13772066860631
21,255.0,40.76611946032643,0.95,0.0,0.0,0.05,0.0,0.0,0.0,0.0,299.09,82.12,0.8525861780734897,0.4964213280604777,40.76621946032643,23.59561888155831,1001.2907260639792,105.67562298451416,0.9500002717780178,0.0,0.0,0.0499997282219821,0.0,0.0,0.0,0.0,0.6270783382838995,0.0,0.0,0.3729216617161006,0.0,0.0,0.0,0.0,6.393400194988129,1.3573889655262414,1.0,0.0,0.0,1.5511914178131587,0.0,0.0,0.0,0.0,8.432227805466914,1017.7913832278248,57.90987351738985,302.7106577576344,22.13772066860631
21,260.0,27.399737266978317,0.95,0.0,0.0,0.05,0.0,0.0,0.0,0.0,299.09,82.12,0.8693035541141463,0.3336548619943779,44.597910972306806,27.399637266978317,991.4421277712688,72.2471140520682,0.9954575856920944,0.0,0.0,0.0045424143079056,0.0,0.0,0.0,0.0,0.949997310312125,0.0,0.0,0.050002689687875,0.0,0.0,0.0,0.0,7.112752927083673,1.2738407852193128,1.0,0.0,0.0,1.596448195816185,0.0,0.0,0.0,0.0,7.296085655146154,993.0143761526203,67.92140682303575,302.7106577576344,25.654931900849267
21,260.0,29.310634345348145,0.95,0.0,0.0,0.05,0.0,0.0,0.0,0.0,299.09,82.12,0.8693035541141463,0.3569244318722375,44.597910972306806,27.399637266978317,989.6916046882518,77.03892348345295,0.9904698886661778,0.0,0.0,0.009530111333822,0.0,0.0,0.0,0.0,0.9018347067937996,0.0,0.0,0.0981652932062005,0.0,0.0,0.0,0.0,6.914307850395903,1.292878117426281,1.0,0.0,0.0,1.58178548316249,0.0,0.0,0.0,0.0,7.296085655146154,993.0143761526203,67.92140682303575,302.7106577576344,25.654931900849267
21,260.0,31.221531423717977,0.95,0.0,0.0,0.05,0.0,0.0,0.0,0.0,299.09,82.12,0.8693035541141463,0.3801940017500971,44.597910972306806,27.399637266978317,987.9102355094202,81.88910687509228,0.9854680352958448,0.0,0.0,0.014531964704155,0.0,0.0,0.0,0.0,0.8594212341706171,0.0,0.0,0.140578765829383,0.0,0.0,0.0,0.0,6.718291217697945,1.3123606927208236,1.0,0.0,0.0,1.5673516010308146,0.0,0.0,0.0,0.0,7.296085655146154,993.0143761526203,67.92140682303575,302.7106577576344,25.654931900849267
21,260.0,33.13242850208781,0.95,0.0,0.0,0.05,0.0,0.0,0.0,0.0,299.09,82.12,0.8693035541141463,0.4034635716279567,44.597910972306806,27.399637266978317,986.0970342645236,86.79938430747627,0.9804513315753826,0.0,0.0,0.0195486684246174,0.0,0.0,0.0,0.0,0.8218239520571519,0.0,0.0,0.1781760479428481,0.0,0.0,0.0,0.0,6.524686691956545,1.3323041006981329,1.0,0.0,0.0,1.553163056141281,0.0,0.0,0.0,0.0,7.296085655146154,993.0143761526203,67.92140682303575,302.7106577576344,25.654931900849267
21,260.0,35.04332558045764,0.95,0.0,0.0,0.05,0.0,0.0,0.0,0.0,299.09,82.12,0.8693035541141463,0.4267331415058163,44.597910972306806,27.399637266978317,984.2509874228656,91.77157921506272,0.9754190906723866,0.0,0.0,0.0245809093276133,0.0,0.0,0.0,0.0,0.7883025084203648,0.0,0.0,0.2116974915796352,0.0,0.0,0.0,0.0,6.333482133994554,1.3527620498220123,1.0,0.0,0.0,1.5391878862094068,0.0,0.0,0.0,0.0,7.296085655146154,993.0143761526203,67.92140682303575,302.7106577576344,25.654931900849267
21,260.0,36.95422265882748,0.95,0.0,0.0,0.05,0.0,0.0,0.0,0.0,299.09,82.12,0.8693035541141463,0.450002711383676,44.597910972306806,27.399637266978317,982.3710469185996,96.80762043770385,0.9703706224323616,0.0,0.0,0.0296293775676383,0.0,0.0,0.0,0.0,0.7582619944120975,0.0,0.0,0.2417380055879025,0.0,0.0,0.0,0.0,6.144668623964243,1.3737453158383617,1.0,0.0,0.0,1.5254332098086645,0.0,0.0,0.0,0.0,7.296085655146154,993.0143761526203,67.92140682303575,302.7106577576344,25.654931900849267
21,260.0,38.8651197371973,0.95,0.0,0.0,0.05,0.0,0.0,0.0,0.0,299.09,82.12,0.8693035541141463,0.4732722812615356,44.597910972306806,27.399637266978317,980.4561263016031,101.909550645596,0.9653052288297492,0.0,0.0,0.0346947711702508,0.0,0.0,0.0,0.0,0.73121907012784,0.0,0.0,0.2687809298721599,0.0,0.0,0.0,0.0,5.958237701098697,1.3952789386995603,1.0,0.0,0.0,1.5118984224248604,0.0,0.0,0.0,0.0,7.296085655146154,993.0143761526203,67.92140682303575,302.7106577576344,25.654931900849267
21,260.0,40.77601681556714,0.95,0.0,0.0,0.05,0.0,0.0,0.0,0.0,299.09,82.12,0.8693035541141463,0.4965418511393952,44.597910972306806,27.399637266978317,978.5050952247416,107.0795302652504,0.9602221971573024,0.0,0.0,0.0397778028426976,0.0,0.0,0.0,0.0,0.7067770707595448,0.0,0.0,0.2932229292404552,0.0,0.0,0.0,0.0,5.7741825377506695,1.4174057278613483,1.0,0.0,0.0,1.4985618432597902,0.0,0.0,0.0,0.0,7.296085655146154,993.0143761526203,67.92140682303575,302.7106577576344,25.654931900849267
21,260.0,42.686913893936975,0.95,0.0,0.0,0.05,0.0,0.0,0.0,0.0,299.09,82.12,0.8693035541141463,0.5198114210172549,44.597910972306806,27.399637266978317,976.5167749861132,112.31984432278878,0.955120795494572,0.0,0.0,0.0448792045054278,0.0,0.0,0.0,0.0,0.684607516851916,0.0,0.0,0.315392483148084,0.0,0.0,0.0,0.0,5.592498690291795,1.440149272198025,1.0,0.0,0.0,1.485445622546257,0.0,0.0,0.0,0.0,7.296085655146154,993.0143761526203,67.92140682303575,302.7106577576344,25.654931900849267
21,260.0,44.5978109723068,0.95,0.0,0.0,0.05,0.0,0.0,0.0,0.0,299.09,82.12,0.8693035541141463,0.5430809908951145,44.597910972306806,27.399637266978317,974.4899337463096,117.63290945066258,0.9500002681146306,0.0,0.0,0.0499997318853694,0.0,0.0,0.0,0.0,0.6644361593759032,0.0,0.0,0.3355638406240969,0.0,0.0,0.0,0.0,5.413182573127696,1.4635439745735446,1.0,0.0,0.0,1.4725164679934002,0.0,0.0,0.0,0.0,7.296085655146154,993.0143761526203,67.92140682303575,302.7106577576344,25.654931900849267
21,265.0,31.659344396325157,0.95,0.0,0.0,0.05,0.0,0.0,0.0,0.0,299.09,82.12,0.886020930154803,0.3855253823225176,48.84238573144443,31.659244396325157,964.139452418653,84.91273112922009,0.9946763698469908,0.0,0.0,0.0053236301530092,0.0,0.0,0.0,0.0,0.9499977578915326,0.0,0.0,0.0500022421084673,0.0,0.0,0.0,0.0,5.9960328183378655,1.3797378841264334,1.0,0.0,0.0,1.5112476741018133,0.0,0.0,0.0,0.0,6.194157229336726,966.2255774553212,79.59167899763797,302.7106577576344,29.571779036695137
21,265.0,33.568560100227295,0.95,0.0,0.0,0.05,0.0,0.0,0.0,0.0,299.09,82.12,0.886020930154803,0.408774477596533,48.84238573144443,31.659244396325157,962.195009900817,89.8438090319608,0.989790086241227,0.0,0.0,0.0102099137587729,0.0,0.0,0.0,0.0,0.9095439196146374,0.0,0.0,0.0904560803853626,0.0,0.0,0.0,0.0,5.817145212914939,1.400936509926873,1.0,0.0,0.0,1.4984476948921368,0.0,0.0,0.0,0.0,6.194157229336726,966.2255774553212,79.59167899763797,302.7106577576344,29.571779036695137
21,265.0,35.47777580412944,0.95,0.0,0.0,0.05,0.0,0.0,0.0,0.0,299.09,82.12,0.886020930154803,0.4320235728705484,48.84238573144443,31.659244396325157,960.2144161933004,94.83865810217314,0.984886292934436,0.0,0.0,0.0151137070655639,0.0,0.0,0.0,0.0,0.8733547407177631,0.0,0.0,0.126645259282237,0.0,0.0,0.0,0.0,5.640456347286468,1.4227212679078705,1.0,0.0,0.0,1.485840821032717,0.0,0.0,0.0,0.0,6.194157229336726,966.2255774553212,79.59167899763797,302.7106577576344,29.571779036695137
21,265.0,37.38699150803158,0.95,0.0,0.0,0.05,0.0,0.0,0.0,0.0,299.09,82.12,0.886020930154803,0.4552726681445637,48.84238573144443,31.659244396325157,958.1964279776148,99.899366892089,0.9799641950004084,0.0,0.0,0.0200358049995914,0.0,0.0,0.0,0.0,0.8408246164238896,0.0,0.0,0.1591753835761103,0.0,0.0,0.0,0.0,5.4659560196222765,1.445103347745451,1.0,0.0,0.0,1.4734007685039847,0.0,0.0,0.0,0.0,6.194157229336726,966.2255774553212,79.59167899763797,302.7106577576344,29.571779036695137
21,265.0,39.29620721193372,0.95,0.0,0.0,0.05,0.0,0.0,0.0,0.0,299.09,82.12,0.886020930154803,0.4785217634185791,48.84238573144443,31.659244396325157,956.1397521279458,105.02814615961756,0.9750229839955742,0.0,0.0,0.0249770160044257,0.0,0.0,0.0,0.0,0.8114585576387768,0.0,0.0,0.1885414423612231,0.0,0.0,0.0,0.0,5.293642107953714,1.468136824281406,1.0,0.0,0.0,1.4611355203464425,0.0,0.0,0.0,0.0,6.194157229336726,966.2255774553212,79.59167899763797,302.7106577576344,29.571779036695137
21,265.0,41.20542291583586,0.95,0.0,0.0,0.05,0.0,0.0,0.0,0.0,299.09,82.12,0.886020930154803,0.5017708586925945,48.84238573144443,31.659244396325157,954.043040099056,110.22734006541889,0.9700618324628942,0.0,0.0,0.0299381675371058,0.0,0.0,0.0,0.0,0.7848481947143858,0.0,0.0,0.2151518052856141,0.0,0.0,0.0,0.0,5.123510914015672,1.4918359036870918,1.0,0.0,0.0,1.449037710812314,0.0,0.0,0.0,0.0,6.194157229336726,966.2255774553212,79.59167899763797,302.7106577576344,29.571779036695137
21,265.0,43.114638619738,0.95,0.0,0.0,0.05,0.0,0.0,0.0,0.0,299.09,82.12,0.886020930154803,0.5250199539666098,48.84238573144443,31.659244396325157,951.9048811456972,115.49943325720758,0.9650798873183788,0.0,0.0,0.0349201126816213,0.0,0.0,0.0,0.0,0.7606537209959207,0.0,0.0,0.2393462790040793,0.0,0.0,0.0,0.0,4.955560745061418,1.516258364027396,1.0,0.0,0.0,1.4371036153186356,0.0,0.0,0.0,0.0,6.194157229336726,966.2255774553212,79.59167899763797,302.7106577576344,29.571779036695137
21,265.0,45.023854323640144,0.95,0.0,0.0,0.05,0.0,0.0,0.0,0.0,299.09,82.12,0.886020930154803,0.5482690492406253,48.84238573144443,31.659244396325157,949.7237960465966,120.8470605395677,0.9600762645477524,0.0,0.0,0.0399237354522476,0.0,0.0,0.0,0.0,0.7385901898699982,0.0,0.0,0.2614098101300017,0.0,0.0,0.0,0.0,4.789792894888808,1.5414380933927376,1.0,0.0,0.0,1.4253325129026486,0.0,0.0,0.0,0.0,6.194157229336726,966.2255774553212,79.59167899763797,302.7106577576344,29.571779036695137
21,265.0,46.933070027542286,0.95,0.0,0.0,0.05,0.0,0.0,0.0,0.0,299.09,82.12,0.886020930154803,0.5715181445146406,48.84238573144443,31.659244396325157,947.4982305997116,126.27301722419004,0.9550500441245228,0.0,0.0,0.0449499558754771,0.0,0.0,0.0,0.0,0.718416973017486,0.0,0.0,0.281583026982514,0.0,0.0,0.0,0.0,4.626209220849658,1.567424997844659,1.0,0.0,0.0,1.4137168912480875,0.0,0.0,0.0,0.0,6.194157229336726,966.2255774553212,79.59167899763797,302.7106577576344,29.571779036695137
21,265.0,48.84228573144443,0.95,0.0,0.0,0.05,0.0,0.0,0.0,0.0,299.09,82.12,0.886020930154803,0.594767239788656,48.84238573144443,31.659244396325157,945.2265485136468,131.78027023885224,0.9500002646545348,0.0,0.0,0.0499997353454652,0.0,0.0,0.0,0.0,0.6999295615689151,0.0,0.0,0.3000704384310849,0.0,0.0,0.0,0.0,4.464813496530696,1.594262006117643,1.0,0.0,0.0,1.402253287996678,0.0,0.0,0.0,0.0,6.194157229336726,966.2255774553212,79.59167899763797,302.7106577576344,29.571779036695137
21,270.0,36.41928774557975,0.95,0.0,0.0,0.05,0.0,0.0,0.0,0.0,299.09,82.12,0.9027383061954596,0.4434886476568406,53.49135176226452,36.41918774557975,934.1268645181448,99.92012906581954,0.9937480447622244,0.0,0.0,0.0062519552377756,0.0,0.0,0.0,0.0,0.9499981353620336,0.0,0.0,0.0500018646379664,0.0,0.0,0.0,0.0,4.917851816725668,1.5101417127174408,1.0,0.0,0.0,1.434774207963323,0.0,0.0,0.0,0.0,5.130843724671824,936.9320241360858,93.30322734807504,302.7106577576344,33.91794976874195
21,270.0,38.316172636322506,0.95,0.0,0.0,0.05,0.0,0.0,0.0,0.0,299.09,82.12,0.9027383061954596,0.4665875869011508,53.49135176226452,36.41918774557975,931.951396102037,105.01740660257929,0.9889830483954462,0.0,0.0,0.0110169516045537,0.0,0.0,0.0,0.0,0.9163247918937724,0.0,0.0,0.0836752081062275,0.0,0.0,0.0,0.0,4.758642099670076,1.5343997873226831,1.0,0.0,0.0,1.4235463553623535,0.0,0.0,0.0,0.0,5.130843724671824,936.9320241360858,93.30322734807504,302.7106577576344,33.91794976874195
21,270.0,40.21305752706525,0.95,0.0,0.0,0.05,0.0,0.0,0.0,0.0,299.09,82.12,0.9027383061954596,0.4896865261454609,53.49135176226452,36.41918774557975,929.7326498845648,110.1858432316451,0.9841964641941284,0.0,0.0,0.0158035358058716,0.0,0.0,0.0,0.0,0.8857904599118992,0.0,0.0,0.1142095400881007,0.0,0.0,0.0,0.0,4.601425131569358,1.5594164666098862,1.0,0.0,0.0,1.4124590581678818,0.0,0.0,0.0,0.0,5.130843724671824,936.9320241360858,93.30322734807504,302.7106577576344,33.91794976874195
21,270.0,42.10994241780801,0.95,0.0,0.0,0.05,0.0,0.0,0.0,0.0,299.09,82.12,0.9027383061954596,0.5127854653897711,53.49135176226452,36.41918774557975,927.4689944774263,115.4280490791723,0.9793873361263884,0.0,0.0,0.0206126638736116,0.0,0.0,0.0,0.0,0.8580079174972909,0.0,0.0,0.141992082502709,0.0,0.0,0.0,0.0,4.446202189961434,1.5852328913149891,1.0,0.0,0.0,1.4014958639317951,0.0,0.0,0.0,0.0,5.130843724671824,936.9320241360858,93.30322734807504,302.7106577576344,33.91794976874195
21,270.0,44.00682730855076,0.95,0.0,0.0,0.05,0.0,0.0,0.0,0.0,299.09,82.12,0.9027383061954596,0.5358844046340814,53.49135176226452,36.41918774557975,925.1587144624464,120.74679087641913,0.9745546708734796,0.0,0.0,0.0254453291265203,0.0,0.0,0.0,0.0,0.8326522791330174,0.0,0.0,0.1673477208669825,0.0,0.0,0.0,0.0,4.292974148104486,1.6119027019383012,1.0,0.0,0.0,1.3906673364501363,0.0,0.0,0.0,0.0,5.130843724671824,936.9320241360858,93.30322734807504,302.7106577576344,33.91794976874195
21,270.0,45.90371219929351,0.95,0.0,0.0,0.05,0.0,0.0,0.0,0.0,299.09,82.12,0.9027383061954596,0.5589833438783914,53.49135176226452,36.41918774557975,922.8000048247322,126.14501505725836,0.9696974351977132,0.0,0.0,0.0303025648022867,0.0,0.0,0.0,0.0,0.8094491282421059,0.0,0.0,0.1905508717578941,0.0,0.0,0.0,0.0,4.141745402905046,1.639467034226992,1.0,0.0,0.0,1.3799566171448785,0.0,0.0,0.0,0.0,5.130843724671824,936.9320241360858,93.30322734807504,302.7106577576344,33.91794976874195
21,270.0,47.80059709003626,0.95,0.0,0.0,0.05,0.0,0.0,0.0,0.0,299.09,82.12,0.9027383061954596,0.5820822831227016,53.49135176226452,36.41918774557975,920.3909583352836,131.6258533554112,0.964814545412526,0.0,0.0,0.035185454587474,0.0,0.0,0.0,0.0,0.7881651305158524,0.0,0.0,0.2118348694841476,0.0,0.0,0.0,0.0,3.992522646595985,1.667988340848812,1.0,0.0,0.0,1.3693762583626814,0.0,0.0,0.0,0.0,5.130843724671824,936.9320241360858,93.30322734807504,302.7106577576344,33.91794976874195
21,270.0,49.69748198077902,0.95,0.0,0.0,0.05,0.0,0.0,0.0,0.0,299.09,82.12,0.9027383061954596,0.6051812223670119,53.49135176226452,36.41918774557975,917.9295588482436,137.19264364325204,0.9599048646177716,0.0,0.0,0.0400951353822284,0.0,0.0,0.0,0.0,0.7686007668105773,0.0,0.0,0.2313992331894227,0.0,0.0,0.0,0.0,3.845311856790923,1.69753082983014,1.0,0.0,0.0,1.3589110379025937,0.0,0.0,0.0,0.0,5.130843724671824,936.9320241360858,93.30322734807504,302.7106577576344,33.91794976874195
21,270.0,51.59436687152176,0.95,0.0,0.0,0.05,0.0,0.0,0.0,0.0,299.09,82.12,0.9027383061954596,0.6282801616113219,53.49135176226452,36.41918774557975,915.4136683038864,142.84894343118546,0.9549671931766804,0.0,0.0,0.0450328068233195,0.0,0.0,0.0,0.0,0.7505845055766465,0.0,0.0,0.2494154944233535,0.0,0.0,0.0,0.0,3.7001222199040384,1.7281606878032527,1.0,0.0,0.0,1.3485622430717192,0.0,0.0,0.0,0.0,5.130843724671824,936.9320241360858,93.30322734807504,302.7106577576344,33.91794976874195
21,270.0,53.49125176226452,0.95,0.0,0.0,0.05,0.0,0.0,0.0,0.0,299.09,82.12,0.9027383061954596,0.6513791008556322,53.49135176226452,36.41918774557975,912.8410153904852,148.59854855925363,0.9500002619768642,0.0,0.0,0.0499997380231359,0.0,0.0,0.0,0.0,0.7339681678964215,0.0,0.0,0.2660318321035785,0.0,0.0,0.0,0.0,3.556963404316558,1.7599455599626057,1.0,0.0,0.0,1.338331426837481,0.0,0.0,0.0,0.0,5.130843724671824,936.9320241360858,93.30322734807504,302.7106577576344,33.91794976874195
21,275.0,41.733514272492165,0.95,0.0,0.0,0.05,0.0,0.0,0.0,0.0,299.09,82.12,0.9194556822361164,0.5082015863674155,58.5236929318425,41.73341427249216,900.580929376384,117.9665520009774,0.992609435602523,0.0,0.0,0.007390564397477,0.0,0.0,0.0,0.0,0.949998457172836,0.0,0.0,0.050001542827164,0.0,0.0,0.0,0.0,3.8841216426104106,1.676718449507795,1.0,0.0,0.0,1.3645451270526665,0.0,0.0,0.0,0.0,4.11187312512685,904.4335281070778,109.60126774294156,302.7106577576344,38.72523437118672
21,275.0,43.59907856797554,0.95,0.0,0.0,0.05,0.0,0.0,0.0,0.0,299.09,82.12,0.9194556822361164,0.53091912527978,58.5236929318425,41.73341427249216,898.1256667045204,123.25547222507564,0.9879934042361078,0.0,0.0,0.0120065957638922,0.0,0.0,0.0,0.0,0.9224136506343836,0.0,0.0,0.0775863493656163,0.0,0.0,0.0,0.0,3.745233132797893,1.7053989540308123,1.0,0.0,0.0,1.3546659363212208,0.0,0.0,0.0,0.0,4.11187312512685,904.4335281070778,109.60126774294156,302.7106577576344,38.72523437118672
21,275.0,45.464642863458906,0.95,0.0,0.0,0.05,0.0,0.0,0.0,0.0,299.09,82.12,0.9194556822361164,0.5536366641921444,58.5236929318425,41.73341427249216,895.6172731626353,128.62566518754988,0.9833508703902568,0.0,0.0,0.0166491296097432,0.0,0.0,0.0,0.0,0.8971018399447813,0.0,0.0,0.1028981600552186,0.0,0.0,0.0,0.0,3.608151379029116,1.7351082545654244,1.0,0.0,0.0,1.344877036340797,0.0,0.0,0.0,0.0,4.11187312512685,904.4335281070778,109.60126774294156,302.7106577576344,38.72523437118672
21,275.0,47.33020715894228,0.95,0.0,0.0,0.05,0.0,0.0,0.0,0.0,299.09,82.12,0.9194556822361164,0.576354203104509,58.5236929318425,41.73341427249216,893.0535060726005,134.08049867484937,0.978680626983276,0.0,0.0,0.0213193730167239,0.0,0.0,0.0,0.0,0.8738228850237056,0.0,0.0,0.1261771149762944,0.0,0.0,0.0,0.0,3.472883175273959,1.765912962975186,1.0,0.0,0.0,1.3351863550697023,0.0,0.0,0.0,0.0,4.11187312512685,904.4335281070778,109.60126774294156,302.7106577576344,38.72523437118672
21,275.0,49.195771454425646,0.95,0.0,0.0,0.05,0.0,0.0,0.0,0.0,299.09,82.12,0.9194556822361164,0.5990717420168734,58.5236929318425,41.73341427249216,890.431984687323,139.62357152733975,0.9739814017787222,0.0,0.0,0.0260185982212778,0.0,0.0,0.0,0.0,0.8523705879391801,0.0,0.0,0.1476294120608199,0.0,0.0,0.0,0.0,3.3394397301555023,1.797895124605126,1.0,0.0,0.0,1.3255819237936188,0.0,0.0,0.0,0.0,4.11187312512685,904.4335281070778,109.60126774294156,302.7106577576344,38.72523437118672
21,275.0,51.06133574990902,0.95,0.0,0.0,0.05,0.0,0.0,0.0,0.0,299.09,82.12,0.9194556822361164,0.6217892809292379,58.5236929318425,41.73341427249216,887.7501737326389,145.2587266727115,0.9692518469610876,0.0,0.0,0.0307481530389124,0.0,0.0,0.0,0.0,0.8325669675016458,0.0,0.0,0.1674330324983542,0.0,0.0,0.0,0.0,3.207829785650828,1.831130945049108,1.0,0.0,0.0,1.3160662348220744,0.0,0.0,0.0,0.0,4.11187312512685,904.4335281070778,109.60126774294156,302.7106577576344,38.72523437118672
21,275.0,52.92690004539239,0.95,0.0,0.0,0.05,0.0,0.0,0.0,0.0,299.09,82.12,0.9194556822361164,0.6445068198416023,58.5236929318425,41.73341427249216,885.005369661247,150.99008250241914,0.9644905322588828,0.0,0.0,0.0355094677411172,0.0,0.0,0.0,0.0,0.8142577462803063,0.0,0.0,0.1857422537196935,0.0,0.0,0.0,0.0,3.078065792464572,1.8657092008741287,1.0,0.0,0.0,1.30663834796302,0.0,0.0,0.0,0.0,4.11187312512685,904.4335281070778,109.60126774294156,302.7106577576344,38.72523437118672
21,275.0,54.79246434087576,0.95,0.0,0.0,0.05,0.0,0.0,0.0,0.0,299.09,82.12,0.9194556822361164,0.6672243587539668,58.5236929318425,41.73341427249216,882.1946819078913,156.82205463964618,0.959695934063668,0.0,0.0,0.0403040659363319,0.0,0.0,0.0,0.0,0.7973086264093717,0.0,0.0,0.2026913735906282,0.0,0.0,0.0,0.0,2.9501640232178588,1.9017208113494315,1.0,0.0,0.0,1.297292306895628,0.0,0.0,0.0,0.0,4.11187312512685,904.4335281070778,109.60126774294156,302.7106577576344,38.72523437118672
21,275.0,56.658028636359134,0.95,0.0,0.0,0.05,0.0,0.0,0.0,0.0,299.09,82.12,0.9194556822361164,0.6899418976663314,58.5236929318425,41.73341427249216,879.3150134445277,162.75938542186304,0.9548664249339234,0.0,0.0,0.0451335750660766,0.0,0.0,0.0,0.0,0.7816022772924007,0.0,0.0,0.2183977227075993,0.0,0.0,0.0,0.0,2.8241400491492783,1.9395814850994528,1.0000000003506937,0.0,0.0,1.2881148218011094,0.0,0.0,0.0,0.0,4.11187312512685,904.4335281070778,109.60126774294156,302.7106577576344,38.72523437118672
21,275.0,58.5235929318425,0.95,0.0,0.0,0.05,0.0,0.0,0.0,0.0,299.09,82.12,0.9194556822361164,0.7126594365786958,58.5236929318425,41.73341427249216,876.3630377361926,168.80717531364863,0.9500002608423564,0.0,0.0,0.0499997391576437,0.0,0.0,0.0,0.0,0.7670358562685535,0.0,0.0,0.2329641437314465,0.0,0.0,0.0,0.0,2.7000066973525443,1.97849445915758,1.0,0.0,0.0,1.2788423185248514,0.0,0.0,0.0,0.0,4.11187312512685,904.4335281070778,109.60126774294156,302.7106577576344,38.72523437118672
21,280.0,47.6713314186203,0.95,0.0,0.0,0.05,0.0,0.0,0.0,0.0,299.09,82.12,0.936173058276773,0.5805081760669788,63.896198456162885,47.671231418620295,862.2114202318372,140.157623319495,0.9911487673823716,0.0,0.0,0.0088512326176284,0.0,0.0,0.0,0.0,0.949998735379492,0.0,0.0,0.0500012646205082,0.0,0.0,0.0,0.0,2.9029375759637484,1.9007155380204608,1.0,0.0,0.0,1.298171101520592,0.0,0.0,0.0,0.0,3.1449654870637134,867.6798743518019,129.30886906724652,302.7106577576344,44.02808165538378
21,280.0,49.47408331168059,0.95,0.0,0.0,0.05,0.0,0.0,0.0,0.0,299.09,82.12,0.936173058276773,0.6024608294164708,63.896198456162885,47.671231418620295,859.4099168490108,145.66147866264845,0.9867230210573306,0.0,0.0,0.0132769789426694,0.0,0.0,0.0,0.0,0.9280087277246356,0.0,0.0,0.0719912722753644,0.0,0.0,0.0,0.0,2.785613039309421,1.936099531332406,1.0,0.0,0.0,1.2894771195059782,0.0,0.0,0.0,0.0,3.1449654870637134,867.6798743518019,129.30886906724652,302.7106577576344,44.02808165538378
21,280.0,51.27683520474087,0.95,0.0,0.0,0.05,0.0,0.0,0.0,0.0,299.09,82.12,0.936173058276773,0.6244134827659629,63.896198456162885,47.671231418620295,856.5411149292884,151.26072176371372,0.982264863388971,0.0,0.0,0.0177351366110289,0.0,0.0,0.0,0.0,0.9076165441729772,0.0,0.0,0.0923834558270226,0.0,0.0,0.0,0.0,2.6699174888337964,1.9729683060656344,1.0,0.0,0.0,1.280842154063725,0.0,0.0,0.0,0.0,3.1449654870637134,867.6798743518019,129.30886906724652,302.7106577576344,44.02808165538378
21,280.0,53.07958709780116,0.95,0.0,0.0,0.05,0.0,0.0,0.0,0.0,299.09,82.12,0.936173058276773,0.6463661361154549,63.896198456162885,47.671231418620295,853.6017561800168,156.95989157499787,0.9777727008347276,0.0,0.0,0.0222272991652724,0.0,0.0,0.0,0.0,0.888681565644307,0.0,0.0,0.1113184343556931,0.0,0.0,0.0,0.0,2.555865545237472,2.011430440766886,1.0,0.0,0.0,1.272268122626248,0.0,0.0,0.0,0.0,3.1449654870637134,867.6798743518019,129.30886906724652,302.7106577576344,44.02808165538378
21,280.0,54.88233899086145,0.95,0.0,0.0,0.05,0.0,0.0,0.0,0.0,299.09,82.12,0.936173058276773,0.6683187894649469,63.896198456162885,47.671231418620295,850.5883382062461,162.76387690854153,0.9732448270072104,0.0,0.0,0.0267551729927894,0.0,0.0,0.0,0.0,0.8710804846733994,0.0,0.0,0.1289195153266006,0.0,0.0,0.0,0.0,2.443474971733422,2.051617586910073,1.0,0.0,0.0,1.2637482904346498,0.0,0.0,0.0,0.0,3.1449654870637134,867.6798743518019,129.30886906724652,302.7106577576344,44.02808165538378
21,280.0,56.68509088392173,0.95,0.0,0.0,0.05,0.0,0.0,0.0,0.0,299.09,82.12,0.936173058276773,0.690271442814439,63.896198456162885,47.671231418620295,847.4970887601017,168.6779530379048,0.9686794105485944,0.0,0.0,0.0313205894514055,0.0,0.0,0.0,0.0,0.8547048388621076,0.0,0.0,0.1452951611378923,0.0,0.0,0.0,0.0,2.332764575594523,2.0936580102584386,1.0,0.0,0.0,1.255281721751366,0.0,0.0,0.0,0.0,3.1449654870637134,867.6798743518019,129.30886906724652,302.7106577576344,44.02808165538378
21,280.0,58.48784277698202,0.95,0.0,0.0,0.05,0.0,0.0,0.0,0.0,299.09,82.12,0.936173058276773,0.712224096163931,63.896198456162885,47.671231418620295,844.3239237790447,174.70782118360333,0.9640744718620944,0.0,0.0,0.0359255281379057,0.0,0.0,0.0,0.0,0.8394589593096929,0.0,0.0,0.160541040690307,0.0,0.0,0.0,0.0,2.223754205124244,2.137702487308394,1.0,0.0,0.0,1.24686715071568,0.0,0.0,0.0,0.0,3.1449654870637134,867.6798743518019,129.30886906724652,302.7106577576344,44.02808165538378
21,280.0,60.29059467004231,0.95,0.0,0.0,0.05,0.0,0.0,0.0,0.0,299.09,82.12,0.936173058276773,0.7341767495134232,63.896198456162885,47.671231418620295,841.0644279833199,180.85965539116464,0.9594278784251437,0.0,0.0,0.0405721215748563,0.0,0.0,0.0,0.0,0.8252582689033718,0.0,0.0,0.1747417310966282,0.0,0.0,0.0,0.0,2.1164405996286804,2.1839119195605954,1.0,0.0,0.0,1.238502114397823,0.0,0.0,0.0,0.0,3.1449654870637134,867.6798743518019,129.30886906724652,302.7106577576344,44.02808165538378
21,280.0,62.09334656310259,0.95,0.0,0.0,0.05,0.0,0.0,0.0,0.0,299.09,82.12,0.936173058276773,0.7561294028629151,63.896198456162885,47.671231418620295,837.7138023484904,187.1401662187112,0.9547373163327584,0.0,0.0,0.0452626836672416,0.0,0.0,0.0,0.0,0.8120278905629905,0.0,0.0,0.1879721094370095,0.0,0.0,0.0,0.0,2.0109129086694333,2.232466713164758,1.0,0.0,0.0,1.230184674243323,0.0,0.0,0.0,0.0,3.1449654870637134,867.6798743518019,129.30886906724652,302.7106577576344,44.02808165538378
21,280.0,63.89609845616288,0.95,0.0,0.0,0.05,0.0,0.0,0.0,0.0,299.09,82.12,0.936173058276773,0.7780820562124072,63.896198456162885,47.671231418620295,834.2668089478218,193.5566447461284,0.9500002623640847,0.0,0.0,0.0499997376359152,0.0,0.0,0.0,0.0,0.7997013945956829,0.0,0.0,0.200298605404317,0.0,0.0,0.0,0.0,1.90714907614797,2.285154388382202,1.0000000000511875,0.0,0.0,1.2221858376337984,0.0,0.0,0.0,0.0,3.1449654870637134,867.6798743518019,129.30886906724652,302.7106577576344,44.02808165538378
21,285.0,54.33106917075789,0.95,0.0,0.0,0.05,0.0,0.0,0.0,0.0,299.09,82.12,0.9528904343174296,0.6616058106521906,69.52453059841163,54.33096917075789,816.7905011599862,168.43530624230505,0.9891477624823696,0.0,0.0,0.0108522375176302,0.0,0.0,0.0,0.0,0.9499989810974508,0.0,0.0,0.0500010189025492,0.0,0.0,0.0,0.0,1.9860889344483843,2.22607723263026,1.0,0.0,0.0,1.2330599260406354,0.0,0.0,0.0,0.0,2.2410524707626744,824.9746819221486,153.77005765610247,302.7106577576344,49.86436423924916
21,285.0,56.01922044049719,0.95,0.0,0.0,0.05,0.0,0.0,0.0,0.0,299.09,82.12,0.9528904343174296,0.6821629376582707,69.52453059841163,54.33096917075789,813.5482043420807,174.17290341082492,0.9849797932340764,0.0,0.0,0.0150202067659235,0.0,0.0,0.0,0.0,0.933289211682268,0.0,0.0,0.0667107883177319,0.0,0.0,0.0,0.0,1.8923146546673453,2.272455868375641,1.0,0.0,0.0,1.2254684784540613,0.0,0.0,0.0,0.0,2.2410524707626744,824.9746819221486,153.77005765610247,302.7106577576344,49.86436423924916
21,285.0,57.7073717102365,0.95,0.0,0.0,0.05,0.0,0.0,0.0,0.0,299.09,82.12,0.9528904343174296,0.7027200646643509,69.52453059841163,54.33096917075789,810.217073144638,180.02642355897083,0.9807723188293186,0.0,0.0,0.0192276811706813,0.0,0.0,0.0,0.0,0.9176448769431516,0.0,0.0,0.0823551230568484,0.0,0.0,0.0,0.0,1.7999964680272489,2.323090727918225,1.0000000000058282,0.0,0.0,1.2182166773418035,0.0,0.0,0.0,0.0,2.2410524707626744,824.9746819221486,153.77005765610247,302.7106577576344,49.86436423924916
21,285.0,59.3955229799758,0.95,0.0,0.0,0.05,0.0,0.0,0.0,0.0,299.09,82.12,0.9528904343174296,0.723277191670431,69.52453059841163,54.33096917075789,806.792013460562,186.0023619966973,0.9765231352011352,0.0,0.0,0.0234768647988647,0.0,0.0,0.0,0.0,0.9029923048284388,0.0,0.0,0.0970076951715612,0.0,0.0,0.0,0.0,1.7091546983826147,2.374722128965024,1.000000000018435,0.0,0.0,1.210719049243551,0.0,0.0,0.0,0.0,2.2410524707626744,824.9746819221486,153.77005765610247,302.7106577576344,49.86436423924916
21,285.0,61.08367424971511,0.95,0.0,0.0,0.05,0.0,0.0,0.0,0.0,299.09,82.12,0.9528904343174296,0.7438343186765113,69.52453059841163,54.33096917075789,803.2674668012338,192.10781744938728,0.9722298446662708,0.0,0.0,0.0277701553337292,0.0,0.0,0.0,0.0,0.8892657832505013,0.0,0.0,0.1107342167494987,0.0,0.0,0.0,0.0,1.6197745541528903,2.426275927563137,1.0,0.0,0.0,1.2028373633074985,0.0,0.0,0.0,0.0,2.2410524707626744,824.9746819221486,153.77005765610247,302.7106577576344,49.86436423924916
21,285.0,62.77182551945441,0.95,0.0,0.0,0.05,0.0,0.0,0.0,0.0,299.09,82.12,0.9528904343174296,0.7643914456825914,69.52453059841163,54.33096917075789,799.6373388314522,198.35053561854625,0.9678898243793744,0.0,0.0,0.0321101756206255,0.0,0.0,0.0,0.0,0.8764065841692595,0.0,0.0,0.1235934158307404,0.0,0.0,0.0,0.0,1.5319526168528466,2.4831770292135418,1.0,0.0,0.0,1.1953328764439937,0.0,0.0,0.0,0.0,2.2410524707626744,824.9746819221486,153.77005765610247,302.7106577576344,49.86436423924916
21,285.0,64.45997678919372,0.95,0.0,0.0,0.05,0.0,0.0,0.0,0.0,299.09,82.12,0.9528904343174296,0.7849485726886716,69.52453059841163,54.33096917075789,795.8949242513776,204.73902313896463,0.9635001948620128,0.0,0.0,0.0364998051379873,0.0,0.0,0.0,0.0,0.8643622739354777,0.0,0.0,0.1356377260645223,0.0,0.0,0.0,0.0,1.4456960547990525,2.547747165561665,1.0000000000000695,0.0,0.0,1.188389609108411,0.0,0.0,0.0,0.0,2.2410524707626744,824.9746819221486,153.77005765610247,302.7106577576344,49.86436423924916
21,285.0,66.14812805893303,0.95,0.0,0.0,0.05,0.0,0.0,0.0,0.0,299.09,82.12,0.9528904343174296,0.8055056996947518,69.52453059841163,54.33096917075789,792.0328366676958,211.28264427483316,0.9590577931637612,0.0,0.0,0.0409422068362388,0.0,0.0,0.0,0.0,0.853086053550827,0.0,0.0,0.1469139464491729,0.0,0.0,0.0,0.0,1.3610010844403448,2.6125082611418406,1.000000000000151,0.0,0.0,1.1809945553689598,0.0,0.0,0.0,0.0,2.2410524707626744,824.9746819221486,153.77005765610247,302.7106577576344,49.86436423924916
21,285.0,67.83627932867232,0.95,0.0,0.0,0.05,0.0,0.0,0.0,0.0,299.09,82.12,0.9528904343174296,0.8260628267008319,69.52453059841163,54.33096917075789,788.0428788182078,217.9917369041869,0.9545591149641056,0.0,0.0,0.0454408850358942,0.0,0.0,0.0,0.0,0.842536205866306,0.0,0.0,0.157463794133694,0.0,0.0,0.0,0.0,1.2779243324849945,2.68145030402481,1.000000000000078,0.0,0.0,1.1736206675291536,0.0,0.0,0.0,0.0,2.2410524707626744,824.9746819221486,153.77005765610247,302.7106577576344,49.86436423924916
21,285.0,69.52443059841163,0.95,0.0,0.0,0.05,0.0,0.0,0.0,0.0,299.09,82.12,0.9528904343174296,0.8466199537069121,69.52453059841163,54.33096917075789,783.9159274466859,224.8777582925955,0.9500002683425388,0.0,0.0,0.0499997316574612,0.0,0.0,0.0,0.0,0.8326756468165253,0.0,0.0,0.1673243531834746,0.0,0.0,0.0,0.0,1.196489652174091,2.755043005701413,1.0000000002611988,0.0,0.0,1.166265997696241,0.0,0.0,0.0,0.0,2.2410524707626744,824.9746819221486,153.77005765610247,302.7106577576344,49.86436423924916
21,290.0,61.8778218088416,0.95,0.0,0.0,0.05,0.0,0.0,0.0,0.0,299.09,82.12,0.9696078103580864,0.7535048929474135,75.23466307522513,61.8777218088416,759.8248533227518,206.816245229577,0.9861027434814392,0.0,0.0,0.0138972565185608,0.0,0.0,0.0,0.0,0.9499992077101452,0.0,0.0,0.0500007922898547,0.0,0.0,0.0,0.0,1.1525062730226132,2.7721439313090688,1.000000000013509,0.0,0.0,1.1666157641980894,0.0,0.0,0.0,0.0,1.4167983026644004,773.2637021553837,185.44864903964933,302.7106577576344,56.27641671412855
21,290.0,63.36190417177311,0.95,0.0,0.0,0.05,0.0,0.0,0.0,0.0,299.09,82.12,0.9696078103580864,0.771577011346482,75.23466307522513,61.8777218088416,756.001459386533,212.791572424531,0.9823189377007197,0.0,0.0,0.0176810622992802,0.0,0.0,0.0,0.0,0.9384474261007788,0.0,0.0,0.0615525738992211,0.0,0.0,0.0,0.0,1.085336364559829,2.84075946231344,1.000000000110269,0.0,0.0,1.160241628885228,0.0,0.0,0.0,0.0,1.4167983026644004,773.2637021553837,185.44864903964933,302.7106577576344,56.27641671412855
21,290.0,64.84598653470461,0.95,0.0,0.0,0.05,0.0,0.0,0.0,0.0,299.09,82.12,0.9696078103580864,0.7896491297455505,75.23466307522513,61.8777218088416,752.0536113211622,218.91512736872744,0.9784872769477292,0.0,0.0,0.0215127230522708,0.0,0.0,0.0,0.0,0.9275374153525604,0.0,0.0,0.0724625846474398,0.0,0.0,0.0,0.0,1.0194100642971686,2.913804987694101,1.0000000000091007,0.0,0.0,1.1538715099331311,0.0,0.0,0.0,0.0,1.4167983026644004,773.2637021553837,185.44864903964933,302.7106577576344,56.27641671412855
21,290.0,66.33006889763611,0.95,0.0,0.0,0.05,0.0,0.0,0.0,0.0,299.09,82.12,0.9696078103580864,0.8077212481446189,75.23466307522513,61.8777218088416,747.9724244073003,225.197171127382,0.9746045450393588,0.0,0.0,0.0253954549606412,0.0,0.0,0.0,0.0,0.9172394056768064,0.0,0.0,0.0827605943231935,0.0,0.0,0.0,0.0,0.9547613492064992,2.9917880790045217,1.0000000000001543,0.0,0.0,1.1475030708439566,0.0,0.0,0.0,0.0,1.4167983026644004,773.2637021553837,185.44864903964933,302.7106577576344,56.27641671412855
21,290.0,67.81415126056761,0.95,0.0,0.0,0.05,0.0,0.0,0.0,0.0,299.09,82.12,0.9696078103580864,0.8257933665436874,75.23466307522513,61.8777218088416,743.7479712182528,231.64913397361275,0.970667161307012,0.0,0.0,0.0293328386929877,0.0,0.0,0.0,0.0,0.907526712533459,0.0,0.0,0.092473287466541,0.0,0.0,0.0,0.0,0.8914244562776732,3.075296377002166,1.000000000000289,0.0,0.0,1.141134175434515,0.0,0.0,0.0,0.0,1.4167983026644004,773.2637021553837,185.44864903964933,302.7106577576344,56.27641671412855
21,290.0,69.29823362349912,0.95,0.0,0.0,0.05,0.0,0.0,0.0,0.0,299.09,82.12,0.9696078103580864,0.8438654849427558,75.23466307522513,61.8777218088416,739.3690902492332,238.2838382616407,0.9666711140729866,0.0,0.0,0.0333288859270134,0.0,0.0,0.0,0.0,0.8983755901494073,0.0,0.0,0.1016244098505927,0.0,0.0,0.0,0.0,0.829426549973618,3.165014382504694,1.0000000000010143,0.0,0.0,1.1347631169490606,0.0,0.0,0.0,0.0,1.4167983026644004,773.2637021553837,185.44864903964933,302.7106577576344,56.27641671412855
21,290.0,70.78231598643062,0.95,0.0,0.0,0.05,0.0,0.0,0.0,0.0,299.09,82.12,0.9696078103580864,0.8619376033418243,75.23466307522513,61.8777218088416,734.8231796661031,245.11568681352148,0.9626118907590367,0.0,0.0,0.0373881092409631,0.0,0.0,0.0,0.0,0.8897650256755514,0.0,0.0,0.1102349743244487,0.0,0.0,0.0,0.0,0.7688105082488589,3.2617521911000327,1.0000000000004876,0.0,0.0,1.1283878802116551,0.0,0.0,0.0,0.0,1.4167983026644004,773.2637021553837,185.44864903964933,302.7106577576344,56.27641671412855
21,290.0,72.26639834936212,0.95,0.0,0.0,0.05,0.0,0.0,0.0,0.0,299.09,82.12,0.9696078103580864,0.8800097217408928,75.23466307522513,61.8777218088416,730.09590643145,252.1609953078682,0.9584843776082226,0.0,0.0,0.0415156223917774,0.0,0.0,0.0,0.0,0.881676693759322,0.0,0.0,0.1183233062406779,0.0,0.0,0.0,0.0,0.7091295207542923,3.324602031631934,1.0,0.0,0.0,1.119752245047393,0.0,0.0,0.0,0.0,1.4167983026644004,773.2637021553837,185.44864903964933,302.7106577576344,56.27641671412855
21,290.0,73.75048071229362,0.95,0.0,0.0,0.05,0.0,0.0,0.0,0.0,299.09,82.12,0.9696078103580864,0.8980818401399613,75.23466307522513,61.8777218088416,725.1708617730369,259.438352777732,0.9542827425500074,0.0,0.0,0.0457172574499925,0.0,0.0,0.0,0.0,0.8740948952182498,0.0,0.0,0.1259051047817502,0.0,0.0,0.0,0.0,0.6518967738069791,3.4803797794735774,1.0000000000003144,0.0,0.0,1.1156153095447718,0.0,0.0,0.0,0.0,1.4167983026644004,773.2637021553837,185.44864903964933,302.7106577576344,56.27641671412855
21,290.0,75.23456307522513,0.95,0.0,0.0,0.05,0.0,0.0,0.0,0.0,299.09,82.12,0.9696078103580864,0.9161539585390296,75.23466307522513,61.8777218088416,720.0291276558027,266.96906110946355,0.9500002882559564,0.0,0.0,0.0499997117440435,0.0,0.0,0.0,0.0,0.867006532249136,0.0,0.0,0.1329934677508639,0.0,0.0,0.0,0.0,0.5957023377104738,3.604857917021144,1.000000000000236,0.0,0.0,1.1092123791550683,0.0,0.0,0.0,0.0,1.4167983026644004,773.2637021553837,185.44864903964933,302.7106577576344,56.27641671412855
21,295.0,73.00976898459065,0.95,0.0,0.0,0.05,0.0,0.0,0.0,0.0,299.09,82.12,0.9863251863987428,0.88906197009974,80.57929170551442,73.00966898459065,669.096189433987,279.89931419375085,0.9738231975730116,0.0,0.0,0.0261768024269883,0.0,0.0,0.0,0.0,0.9373070627043356,0.0,0.0,0.0626929372956643,0.0,0.0,0.0,0.0,0.3644684219410689,4.300919105968615,1.0000000000044549,0.0,0.0,1.0772191765494843,0.0,0.0,0.0,0.0,0.7007191954812403,705.9625820508377,229.82343987692175,302.7106577576344,63.31231171729296
21,295.0,73.85081595358218,0.95,0.0,0.0,0.05,0.0,0.0,0.0,0.0,299.09,82.12,0.9863251863987428,0.8993036526252092,80.57929170551442,73.00966898459065,665.26583041359,284.9263237998227,0.9713670762580804,0.0,0.0,0.0286329237419196,0.0,0.0,0.0,0.0,0.9330113436207166,0.0,0.0,0.0669886563792833,0.0,0.0,0.0,0.0,0.3385884424386017,4.421455476481413,1.00000000000401,0.0,0.0,1.0732168408987786,0.0,0.0,0.0,0.0,0.7007191954812403,705.9625820508377,229.82343987692175,302.7106577576344,63.31231171729296
21,295.0,74.6918629225737,0.95,0.0,0.0,0.05,0.0,0.0,0.0,0.0,299.09,82.12,0.9863251863987428,0.9095453351506784,80.57929170551442,73.00966898459065,661.2994815359436,290.09915658073714,0.968872034723319,0.0,0.0,0.0311279652766809,0.0,0.0,0.0,0.0,0.9288894046163996,0.0,0.0,0.0711105953836004,0.0,0.0,0.0,0.0,0.313297323887851,4.551593315823965,1.000000000010649,0.0,0.0,1.0692205821317935,0.0,0.0,0.0,0.0,0.7007191954812403,705.9625820508377,229.82343987692175,302.7106577576344,63.31231171729296
21,295.0,75.53290989156524,0.95,0.0,0.0,0.05,0.0,0.0,0.0,0.0,299.09,82.12,0.9863251863987428,0.9197870176761476,80.57929170551442,73.00966898459065,657.1856558797753,295.4297703780895,0.9663350845718116,0.0,0.0,0.0336649154281884,0.0,0.0,0.0,0.0,0.924940966837174,0.0,0.0,0.075059033162826,0.0,0.0,0.0,0.0,0.288622004415123,4.692689672556457,1.000000000009845,0.0,0.0,1.065230625071383,0.0,0.0,0.0,0.0,0.7007191954812403,705.9625820508377,229.82343987692175,302.7106577576344,63.31231171729296
21,295.0,76.37395686055677,0.95,0.0,0.0,0.05,0.0,0.0,0.0,0.0,299.09,82.12,0.9863251863987428,0.9300287002016168,80.57929170551442,73.00966898459065,652.9111599818884,300.9318660636767,0.9637528166191618,0.0,0.0,0.0362471833808381,0.0,0.0,0.0,0.0,0.9211663447666896,0.0,0.0,0.0788336552333104,0.0,0.0,0.0,0.0,0.2641919516008927,4.488297108041447,1.0,0.0,0.0,1.0551868474929746,0.0,0.0,0.0,0.0,0.7007191954812403,705.9625820508377,229.82343987692175,302.7106577576344,63.31231171729296
21,295.0,77.2150038295483,0.95,0.0,0.0,0.05,0.0,0.0,0.0,0.0,299.09,82.12,0.9863251863987428,0.940270382727086,80.57929170551442,73.00966898459065,648.4607978705121,306.6211819751121,0.9611213295698868,0.0,0.0,0.0388786704301131,0.0,0.0,0.0,0.0,0.9175664893290608,0.0,0.0,0.082433510670939,0.0,0.0,0.0,0.0,0.2407091070608799,4.5909919591795845,1.0,0.0,0.0,1.0506801375837451,0.0,0.0,0.0,0.0,0.7007191954812403,705.9625820508377,229.82343987692175,302.7106577576344,63.31231171729296
21,295.0,78.05605079853983,0.95,0.0,0.0,0.05,0.0,0.0,0.0,0.0,299.09,82.12,0.9863251863987428,0.950512065252555,80.57929170551442,73.00966898459065,643.816863866255,312.51600703898896,0.9584361099622616,0.0,0.0,0.0415638900377385,0.0,0.0,0.0,0.0,0.9141431169852576,0.0,0.0,0.0858568830147424,0.0,0.0,0.0,0.0,0.2178843710335402,4.697176239738519,1.0,0.0,0.0,1.0461363602490836,0.0,0.0,0.0,0.0,0.7007191954812403,705.9625820508377,229.82343987692175,302.7106577576344,63.31231171729296
21,295.0,78.89709776753136,0.95,0.0,0.0,0.05,0.0,0.0,0.0,0.0,299.09,82.12,0.9863251863987428,0.9607537477780244,80.57929170551442,73.00966898459065,638.9585408608195,318.6377859814724,0.9556918899540257,0.0,0.0,0.0443081100459742,0.0,0.0,0.0,0.0,0.9108988431890664,0.0,0.0,0.0891011568109335,0.0,0.0,0.0,0.0,0.1957415350649521,4.806740425648037,1.0,0.0,0.0,1.0415532597958717,0.0,0.0,0.0,0.0,0.7007191954812403,705.9625820508377,229.82343987692175,302.7106577576344,63.31231171729296
21,295.0,79.73814473652288,0.95,0.0,0.0,0.05,0.0,0.0,0.0,0.0,299.09,82.12,0.9863251863987428,0.9709954303034934,80.57929170551442,73.00966898459065,633.8610424280758,325.0119840314729,0.9528824466305292,0.0,0.0,0.0471175533694707,0.0,0.0,0.0,0.0,0.907837387472726,0.0,0.0,0.092162612527274,0.0,0.0,0.0,0.0,0.1743208462013037,4.919506597152781,1.0,0.0,0.0,1.036930414387104,0.0,0.0,0.0,0.0,0.7007191954812403,705.9625820508377,229.82343987692175,302.7106577576344,63.31231171729296
21,295.0,80.57919170551442,0.95,0.0,0.0,0.05,0.0,0.0,0.0,0.0,299.09,82.12,0.9863251863987428,0.9812371128289626,80.57929170551442,73.00966898459065,628.4944568043569,331.66909666831367,0.9500003332262996,0.0,0.0,0.0499996667737005,0.0,0.0,0.0,0.0,0.9049637787971924,0.0,0.0,0.0950362212028075,0.0,0.0,0.0,0.0,0.1535963767596544,5.035247795932063,1.0,0.0,0.0,1.0322662681433743,0.0,0.0,0.0,0.0,0.7007191954812403,705.9625820508377,229.82343987692175,302.7106577576344,63.31231171729296
22,200.0,2.693398567232912,0.95,0.0273659156250218,0.0,0.0,0.0,0.0,0.0,0.0226340843749782,302.48,85.27,0.6612007405448294,0.0315867077193961,152.8177784761153,2.693298567232912,1211.2898821282463,7.2010576475882,0.9728886368503832,1.4614286676586184e-05,0.0,0.0,0.0,0.0,0.0,0.0270967488629402,0.9499718468074404,0.0273995579278976,0.0,0.0,0.0,0.0,0.0,0.022628595264662,22.461474500290137,0.6829224226411391,1.0000000079950715,1.534287752871129,0.0,0.0,0.0,0.0,0.0,1.0014944433713189,22.53960113748808,1221.920496490378,7.249541730897533,302.7106577576344,2.6239816647333654
22,200.0,36.05434965809567,0.95,0.0273659156250218,0.0,0.0,0.0,0.0,0.0,0.0226340843749782,302.48,85.27,0.6612007405448294,0.4228257260243423,152.8177784761153,2.693298567232912,1211.2759943595097,12.434124891769644,0.97043694958412,0.0064186467337185,0.0,0.0,0.0,0.0,0.0,0.0231444036821614,0.0895594023550907,0.9092920802746892,0.0,0.0,0.0,0.0,0.0,0.00114851737022,21.23267968851164,0.7466273075017164,1.000000001230792,1.470152055201979,0.0,0.0,0.0,0.0,0.0,1.0000000011174344,22.53960113748808,1221.920496490378,7.249541730897533,302.7106577576344,2.6239816647333654
22,200.0,52.734825203527045,0.95,0.0273659156250218,0.0,0.0,0.0,0.0,0.0,0.0226340843749782,302.48,85.27,0.6612007405448294,0.6184452351768154,152.8177784761153,2.693298567232912,1210.5702479298216,15.009272977374229,0.9673850750268832,0.0095484183071182,0.0,0.0,0.0,0.0,0.0,0.0230665066659986,0.0673479739931528,0.9319723140271308,0.0,0.0,0.0,0.0,0.0,0.0006797119797162,20.65572908555996,0.7759130823614151,1.0000000007371532,1.43294592640217,0.0,0.0,0.0,0.0,0.0,1.0,22.53960113748808,1221.920496490378,7.249541730897533,302.7106577576344,2.6239816647333654
22,200.0,69.41530074895843,0.95,0.0273659156250218,0.0,0.0,0.0,0.0,0.0,0.0226340843749782,302.48,85.27,0.6612007405448294,0.8140647443292885,152.8177784761153,2.693298567232912,1209.887764776858,17.56438305301507,0.9643780173427547,0.0126310208690751,0.0,0.0,0.0,0.0,0.0,0.0229909617881701,0.0560834274598469,0.9434704314964756,0.0,0.0,0.0,0.0,0.0,0.0004461410436774,20.106292500432883,0.8029851495537799,1.0000000001356824,1.3981353474089937,0.0,0.0,0.0,0.0,0.0,1.0,22.53960113748808,1221.920496490378,7.249541730897533,302.7106577576344,2.6239816647333654
22,200.0,86.09577629438981,0.95,0.0273659156250218,0.0,0.0,0.0,0.0,0.0,0.0226340843749782,302.48,85.27,0.6612007405448294,1.0096842534817616,152.8177784761153,2.693298567232912,1209.228241632755,20.100982134055453,0.9614156543623812,0.0156672891302948,0.0,0.0,0.0,0.0,0.0,0.022917056507324,0.0494180828304075,0.9502715277282489,0.0,0.0,0.0,0.0,0.0,0.0003103894413436,19.58315685740485,0.8279604183495437,1.0000000000957836,1.3659110609930425,0.0,0.0,0.0,0.0,0.0,1.0,22.53960113748808,1221.920496490378,7.249541730897533,302.7106577576344,2.6239816647333654
22,200.0,119.45672738525256,0.95,0.0273659156250218,0.0,0.0,0.0,0.0,0.0,0.0226340843749782,302.48,85.27,0.6612007405448294,1.4009232717867075,152.8177784761153,2.693298567232912,1207.9761118474798,25.121505634356467,0.9556225902487244,0.0216041677865437,0.0,0.0,0.0,0.0,0.0,0.0227732419647317,0.0421992296746794,0.9576345097800336,0.0,0.0,0.0,0.0,0.0,0.0001662605452869,18.61044541534327,0.8723825275958191,1.0000000000353677,1.308963291971044,0.0,0.0,0.0,0.0,0.0,1.0000000000011835,22.53960113748808,1221.920496490378,7.249541730897533,302.7106577576344,2.6239816647333654
22,200.0,136.13720293068394,0.95,0.0273659156250218,0.0,0.0,0.0,0.0,0.0,0.0226340843749782,302.48,85.27,0.6612007405448294,1.5965427809391808,152.8177784761153,2.693298567232912,1207.3823936477045,27.605825514981497,0.9527903987769264,0.0245064863368304,0.0,0.0,0.0,0.0,0.0,0.0227031148862432,0.0401529353166139,0.9597213072785368,0.0,0.0,0.0,0.0,0.0,0.0001257574048493,18.158124282676518,0.8922279721383675,1.0,1.283972571255049,0.0,0.0,0.0,0.0,0.0,1.0,22.53960113748808,1221.920496490378,7.249541730897533,302.7106577576344,2.6239816647333654
22,200.0,152.8176784761153,0.95,0.0273659156250218,0.0,0.0,0.0,0.0,0.0,0.0226340843749782,302.48,85.27,0.6612007405448294,1.7921622900916536,152.8177784761153,2.693298567232912,1206.809441333281,30.07260112991316,0.9500000164683736,0.027365898749369,0.0,0.0,0.0,0.0,0.0,0.0226340847822573,0.0386950402171512,0.9612083464718956,0.0,0.0,0.0,0.0,0.0,9.66133109531642e-05,17.726740006617675,0.9107542271738546,1.0000000000322264,1.261031423595611,0.0,0.0,0.0,0.0,0.0,1.0,22.53960113748808,1221.920496490378,7.249541730897533,302.7106577576344,2.6239816647333654
22,205.0,3.441853142074633,0.95,0.0273659156250218,0.0,0.0,0.0,0.0,0.0,0.0226340843749782,302.48,85.27,0.6777307590584501,0.0403641742942961,134.14502085001388,3.4417531420746323,1195.6252428470243,9.05632337226393,0.9722272155718616,2.141755080034905e-05,0.0,0.0,0.0,0.0,0.0,0.0277513668773381,0.9499789964537804,0.0273917547332672,0.0,0.0,0.0,0.0,0.0,0.0226292488129524,21.094140361190963,0.7106101523409414,1.0,1.4845350052773667,0.0,0.0,0.0,0.0,0.0,1.0001006327257875,21.15779579629945,1206.2779501886548,9.12387059747945,302.7106577576344,3.35468958110042
22,205.0,17.96441622073455,0.95,0.0273659156250218,0.0,0.0,0.0,0.0,0.0,0.0226340843749782,302.48,85.27,0.6777307590584501,0.2106768643219719,134.14502085001388,3.4417531420746323,1196.3953545459374,11.426374742805748,0.9735527784565594,0.0032080211013658,0.0,0.0,0.0,0.0,0.0,0.0232392004420747,0.2051665684481131,0.7913355470768053,0.0,0.0,0.0,0.0,0.0,0.0034978844750815,20.563222168009844,0.7380503756809318,1.0,1.4631106504044142,0.0,0.0,0.0,0.0,0.0,1.000000000249429,21.15779579629945,1206.2779501886548,9.12387059747945,302.7106577576344,3.35468958110042
22,205.0,32.48697929939447,0.95,0.0273659156250218,0.0,0.0,0.0,0.0,0.0,0.0226340843749782,302.48,85.27,0.6777307590584501,0.3809895543496478,134.14502085001388,3.4417531420746323,1195.506301019709,13.768085780079211,0.9704917107271798,0.0063568766554462,0.0,0.0,0.0,0.0,0.0,0.023151412617374,0.1236417127003849,0.8745862229897036,0.0,0.0,0.0,0.0,0.0,0.0017720643099116,20.045788880165865,0.7646474892736479,1.0,1.4304737961236729,0.0,0.0,0.0,0.0,0.0,1.0,21.15779579629945,1206.2779501886548,9.12387059747945,302.7106577576344,3.35468958110042
22,205.0,47.00954237805439,0.95,0.0273659156250218,0.0,0.0,0.0,0.0,0.0,0.0226340843749782,302.48,85.27,0.6777307590584501,0.5513022443773237,134.14502085001388,3.4417531420746323,1194.63263609405,16.093700005993167,0.9674598296210488,0.009467919884357,0.0,0.0,0.0,0.0,0.0,0.023072250494594,0.0926756006099608,0.9062054450871102,0.0,0.0,0.0,0.0,0.0,0.0011189543029289,19.55037865387384,0.7898808651207049,1.0,1.3993402431117528,0.0,0.0,0.0,0.0,0.0,1.0000000001542846,21.15779579629945,1206.2779501886548,9.12387059747945,302.7106577576344,3.35468958110042
22,205.0,61.53210545671431,0.95,0.0273659156250218,0.0,0.0,0.0,0.0,0.0,0.0226340843749782,302.48,85.27,0.6777307590584501,0.7216149344049995,134.14502085001388,3.4417531420746323,1193.7763132261357,18.40690551583344,0.9644624857051636,0.0125415717863781,0.0,0.0,0.0,0.0,0.0,0.0229959425084583,0.0765710748084634,0.9226484396404844,0.0,0.0,0.0,0.0,0.0,0.0007804855510521,19.07622107995341,0.8136134290718033,1.0000000007255336,1.370194445631391,0.0,0.0,0.0,0.0,0.0,1.0000000009152998,21.15779579629945,1206.2779501886548,9.12387059747945,302.7106577576344,3.35468958110042
22,205.0,76.05466853537422,0.95,0.0273659156250218,0.0,0.0,0.0,0.0,0.0,0.0226340843749782,302.48,85.27,0.6777307590584501,0.8919276244326753,134.14502085001388,3.4417531420746323,1192.937483175854,20.70944299768577,0.9615003771360228,0.0155783063180395,0.0,0.0,0.0,0.0,0.0,0.0229213165459374,0.0668400430117228,0.9325835798301704,0.0,0.0,0.0,0.0,0.0,0.0005763771581068,18.62229672908193,0.8358735155702505,1.000000001775431,1.3431366171395158,0.0,0.0,0.0,0.0,0.0,1.000000000397514,21.15779579629945,1206.2779501886548,9.12387059747945,302.7106577576344,3.35468958110042
22,205.0,90.57723161403416,0.95,0.0273659156250218,0.0,0.0,0.0,0.0,0.0,0.0226340843749782,302.48,85.27,0.6777307590584501,1.0622403144603512,134.14502085001388,3.4417531420746323,1192.1159960809457,23.002278172894652,0.9585734261161116,0.018578606933609,0.0,0.0,0.0,0.0,0.0,0.0228479669502794,0.0604270872077139,0.9391311402106848,0.0,0.0,0.0,0.0,0.0,0.0004417725816015,18.187544385069227,0.8567680971160094,1.0,1.3180678285913754,0.0,0.0,0.0,0.0,0.0,1.0,21.15779579629945,1206.2779501886548,9.12387059747945,302.7106577576344,3.35468958110042
22,205.0,105.09979469269406,0.95,0.0273659156250218,0.0,0.0,0.0,0.0,0.0,0.0226340843749782,302.48,85.27,0.6777307590584501,1.232553004488027,134.14502085001388,3.4417531420746323,1191.3116099602948,25.2859432194422,0.9556813264530593,0.0215429657999137,0.0,0.0,0.0,0.0,0.0,0.022775707747027,0.0559619946071109,0.943690384946662,0.0,0.0,0.0,0.0,0.0,0.0003476204462272,17.770952678361464,0.8763794357872193,1.0,1.2948473780560317,0.0,0.0,0.0,0.0,0.0,1.0,21.15779579629945,1206.2779501886548,9.12387059747945,302.7106577576344,3.35468958110042
22,205.0,134.14492085001388,0.95,0.0273659156250218,0.0,0.0,0.0,0.0,0.0,0.0226340843749782,302.48,85.27,0.6777307590584501,1.5731783845433784,134.14502085001388,3.4417531420746323,1189.7529625133666,29.82642201062444,0.9500000191752092,0.0273658959722313,0.0,0.0,0.0,0.0,0.0,0.0226340848525594,0.0503545306157548,0.94941811813695,0.0,0.0,0.0,0.0,0.0,0.000227351247295,16.988360637076468,0.9122319282572214,1.0000000002106024,1.2534747655472591,0.0,0.0,0.0,0.0,0.0,1.0,21.15779579629945,1206.2779501886548,9.12387059747945,302.7106577576344,3.35468958110042
22,210.0,4.341788083328246,0.95,0.0273659156250218,0.0,0.0,0.0,0.0,0.0,0.0226340843749782,302.48,85.27,0.6942607775720708,0.0509181198936114,119.35792066219084,4.341688083328246,1179.667835869422,11.263373101657194,0.9716573592083128,3.084192762300444e-05,0.0,0.0,0.0,0.0,0.0,0.0283117988640642,0.9499840921097203,0.0273859939433884,0.0,0.0,0.0,0.0,0.0,0.0226299139468912,19.744001996750377,0.7403353853421507,1.0,1.4385900118825117,0.0,0.0,0.0,0.0,0.0,1.0000000008189676,19.793904820789816,1190.2941504876192,11.354703713715036,302.7106577576344,4.233266563955471
22,210.0,17.121347258757424,0.95,0.0273659156250218,0.0,0.0,0.0,0.0,0.0,0.0226340843749782,302.48,85.27,0.6942607775720708,0.2007898118770661,119.35792066219084,4.341688083328246,1180.4733703673608,13.43260541979252,0.9735605416926872,0.0031861953876051,0.0,0.0,0.0,0.0,0.0,0.0232532629197076,0.2688638315777835,0.7264025596401726,0.0,0.0,0.0,0.0,0.0,0.0047336087820438,19.286455610778305,0.7640199435464461,1.0,1.4199110355987423,0.0,0.0,0.0,0.0,0.0,1.0000000007222962,19.793904820789816,1190.2941504876192,11.354703713715036,302.7106577576344,4.233266563955471
22,210.0,42.68046560961578,0.95,0.0273659156250218,0.0,0.0,0.0,0.0,0.0,0.0226340843749782,302.48,85.27,0.6942607775720708,0.5005331958439754,119.35792066219084,4.341688083328246,1178.4419458221716,17.714732614380765,0.9675142383465396,0.0094078924314227,0.0,0.0,0.0,0.0,0.0,0.0230778692220375,0.1248202547294379,0.8734544928873385,0.0,0.0,0.0,0.0,0.0,0.0017252523832236,18.40951334351477,0.8090080778174311,1.0,1.3664623212404965,0.0,0.0,0.0,0.0,0.0,1.0,19.793904820789816,1190.2941504876192,11.354703713715036,302.7106577576344,4.233266563955471
22,210.0,55.46002478504496,0.95,0.0273659156250218,0.0,0.0,0.0,0.0,0.0,0.0226340843749782,302.48,85.27,0.6942607775720708,0.65040488782743,119.35792066219084,4.341688083328246,1177.4431578343342,19.84227579790919,0.9645255639062504,0.0124739283085219,0.0,0.0,0.0,0.0,0.0,0.0230005077852275,0.1027952754927253,0.8959423160504824,0.0,0.0,0.0,0.0,0.0,0.0012624084567922,17.99630899816531,0.8299657860875811,1.0,1.341858346600446,0.0,0.0,0.0,0.0,0.0,1.0,19.793904820789816,1190.2941504876192,11.354703713715036,302.7106577576344,4.233266563955471
22,210.0,68.23958396047414,0.95,0.0273659156250218,0.0,0.0,0.0,0.0,0.0,0.0226340843749782,302.48,85.27,0.6942607775720708,0.8002765798108847,119.35792066219084,4.341688083328246,1176.4573841528695,21.963928305744638,0.9615645501819868,0.0155103799649686,0.0,0.0,0.0,0.0,0.0,0.0229250698530443,0.0892241868375018,0.909800440761552,0.0,0.0,0.0,0.0,0.0,0.000975372400946,17.598983051227822,0.8498624910574848,1.0,1.3188774885962735,0.0,0.0,0.0,0.0,0.0,1.0,19.793904820789816,1190.2941504876192,11.354703713715036,302.7106577576344,4.233266563955471
22,210.0,81.0191431359033,0.95,0.0273659156250218,0.0,0.0,0.0,0.0,0.0,0.0226340843749782,302.48,85.27,0.6942607775720708,0.9501482717943392,119.35792066219084,4.341688083328246,1175.4847205470228,24.0808150027592,0.9586315580870804,0.0185175159506173,0.0,0.0,0.0,0.0,0.0,0.0228509259623022,0.080123259303791,0.91909565798395,0.0,0.0,0.0,0.0,0.0,0.0007810827122588,17.216731637613965,0.8687336064576818,1.0,1.2974595379902771,0.0,0.0,0.0,0.0,0.0,1.0,19.793904820789816,1190.2941504876192,11.354703713715036,302.7106577576344,4.233266563955471
22,210.0,93.79870231133248,0.95,0.0273659156250218,0.0,0.0,0.0,0.0,0.0,0.0226340843749782,302.48,85.27,0.6942607775720708,1.100019963777794,119.35792066219084,4.341688083328246,1174.525118865413,26.193608915062946,0.9557265830646312,0.0214956171226672,0.0,0.0,0.0,0.0,0.0,0.0227777998127016,0.0736735213623685,0.9256848532988162,0.0,0.0,0.0,0.0,0.0,0.0006416253388152,16.848784651902232,0.886684139597459,1.0,1.277551264760051,0.0,0.0,0.0,0.0,0.0,1.0,19.793904820789816,1190.2941504876192,11.354703713715036,302.7106577576344,4.233266563955471
22,210.0,119.35782066219085,0.95,0.0273659156250218,0.0,0.0,0.0,0.0,0.0,0.0226340843749782,302.48,85.27,0.6942607775720708,1.3997633477447031,119.35792066219084,4.341688083328246,1172.6446332082623,30.408214638306355,0.950000022020716,0.0273658930522718,0.0,0.0,0.0,0.0,0.0,0.0226340849270122,0.0653362677060986,0.9342071518140974,0.0,0.0,0.0,0.0,0.0,0.0004565804798039,16.152913125895545,0.9199774268769368,1.0,1.2417281532361513,0.0,0.0,0.0,0.0,0.0,1.0,19.793904820789816,1190.2941504876192,11.354703713715036,302.7106577576344,4.233266563955471
22,215.0,5.41248195810653,0.95,0.0273659156250218,0.0,0.0,0.0,0.0,0.0,0.0226340843749782,302.48,85.27,0.7107907960856916,0.0634746330257597,107.5602418843858,5.41238195810653,1163.3543071491142,13.868863571363857,0.9711734978137218,4.368990226614906e-05,0.0,0.0,0.0,0.0,0.0,0.0287828122840122,0.9499877776282952,0.0273816873412266,0.0,0.0,0.0,0.0,0.0,0.022630535030478,18.411242036037613,0.7723100043527155,1.0,1.39575455825031,0.0,0.0,0.0,0.0,0.0,1.0000000010238226,18.448205290897207,1173.908539729092,13.989350648063478,302.7106577576344,5.278346606766283
22,215.0,16.762221949915336,0.95,0.0273659156250218,0.0,0.0,0.0,0.0,0.0,0.0226340843749782,302.48,85.27,0.7107907960856916,0.1965781863482507,107.5602418843858,5.41238195810653,1164.171791266351,15.88590020843438,0.9735547040036544,0.0031738437885754,0.0,0.0,0.0,0.0,0.0,0.0232714522077702,0.3395738272601419,0.6543096386061549,0.0,0.0,0.0,0.0,0.0,0.0061165341337031,18.012902999204655,0.7931034425057327,1.0,1.379066022739849,0.0,0.0,0.0,0.0,0.0,1.0,18.448205290897207,1173.908539729092,13.989350648063478,302.7106577576344,5.278346606766283
22,215.0,28.111961941724143,0.95,0.0273659156250218,0.0,0.0,0.0,0.0,0.0,0.0226340843749782,302.48,85.27,0.7107907960856916,0.3296817396707417,107.5602418843858,5.41238195810653,1163.0434919994216,17.88429543988136,0.970551367288924,0.0062809056192652,0.0,0.0,0.0,0.0,0.0,0.0231677270918109,0.2166885170353953,0.779718775572109,0.0,0.0,0.0,0.0,0.0,0.0035927073924957,17.623404367996894,0.8132900746923397,1.0,1.356436720204139,0.0,0.0,0.0,0.0,0.0,1.0,18.448205290897207,1173.908539729092,13.989350648063478,302.7106577576344,5.278346606766283
22,215.0,39.46170193353296,0.95,0.0273659156250218,0.0,0.0,0.0,0.0,0.0,0.0226340843749782,302.48,85.27,0.7107907960856916,0.4627852929932328,107.5602418843858,5.41238195810653,1161.9180831765348,19.875707490518565,0.9675522647919566,0.009364109413035,0.0,0.0,0.0,0.0,0.0,0.0230836257950083,0.1642880061756799,0.8332012433680723,0.0,0.0,0.0,0.0,0.0,0.0025107504562477,17.24734601598163,0.8327652511056379,1.0,1.3344770641931245,0.0,0.0,0.0,0.0,0.0,1.0,18.448205290897207,1173.908539729092,13.989350648063478,302.7106577576344,5.278346606766283
22,215.0,50.81144192534176,0.95,0.0273659156250218,0.0,0.0,0.0,0.0,0.0,0.0226340843749782,302.48,85.27,0.7107907960856916,0.5958888463157237,107.5602418843858,5.41238195810653,1160.8009007536127,21.862355716994152,0.964571764136288,0.0124234295732822,0.0,0.0,0.0,0.0,0.0,0.0230048062904299,0.135420394231429,0.862669334166984,0.0,0.0,0.0,0.0,0.0,0.0019102716015868,16.884411326933673,0.8514743209144768,1.0,1.3136560329507998,0.0,0.0,0.0,0.0,0.0,1.0,18.448205290897207,1173.908539729092,13.989350648063478,302.7106577576344,5.278346606766283
22,215.0,62.16118191715056,0.95,0.0273659156250218,0.0,0.0,0.0,0.0,0.0,0.0226340843749782,302.48,85.27,0.7107907960856916,0.7289923996382147,107.5602418843858,5.41238195810653,1159.693001015436,23.846148500530752,0.9616126482317852,0.0154589517632058,0.0,0.0,0.0,0.0,0.0,0.0229284000050088,0.1172678856730347,0.8812031277714557,0.0,0.0,0.0,0.0,0.0,0.0015289865555094,16.5340443554226,0.8693892492574428,1.0,1.2940768898608814,0.0,0.0,0.0,0.0,0.0,1.0,18.448205290897207,1173.908539729092,13.989350648063478,302.7106577576344,5.278346606766283
22,215.0,84.86066190076818,0.95,0.0273659156250218,0.0,0.0,0.0,0.0,0.0,0.0226340843749782,302.48,85.27,0.7107907960856916,0.9951995062831966,107.5602418843858,5.41238195810653,1157.5061014331695,27.80963926343769,0.9557613267100312,0.0214591368858458,0.0,0.0,0.0,0.0,0.0,0.0227795364041231,0.0959951485509411,0.9029312070204202,0.0,0.0,0.0,0.0,0.0,0.0010736444286386,15.868733155365616,0.9030347515353974,1.0,1.2585926277781547,0.0,0.0,0.0,0.0,0.0,1.0,18.448205290897207,1173.908539729092,13.989350648063478,302.7106577576344,5.278346606766283
22,215.0,96.21040189257698,0.95,0.0273659156250218,0.0,0.0,0.0,0.0,0.0,0.0226340843749782,302.48,85.27,0.7107907960856916,1.1283030596056876,107.5602418843858,5.41238195810653,1156.4272132984825,29.79062484880248,0.9528694366050644,0.0244241082850318,0.0,0.0,0.0,0.0,0.0,0.0227064551099035,0.0893467965818008,0.909725855737566,0.0,0.0,0.0,0.0,0.0,0.000927347680633,15.552670515044682,0.9188086696254254,1.0,1.2425206188386422,0.0,0.0,0.0,0.0,0.0,1.0,18.448205290897207,1173.908539729092,13.989350648063478,302.7106577576344,5.278346606766283
22,215.0,107.5601418843858,0.95,0.0273659156250218,0.0,0.0,0.0,0.0,0.0,0.0226340843749782,302.48,85.27,0.7107907960856916,1.261406612928179,107.5602418843858,5.41238195810653,1155.3580052297702,31.771559080427657,0.950000024996145,0.0273658899988438,0.0,0.0,0.0,0.0,0.0,0.0226340850050111,0.0842413371175845,0.914946201833554,0.0,0.0,0.0,0.0,0.0,0.0008124610488612,15.246978086933035,0.9339476988872192,1.0,1.2274561408842848,0.0,0.0,0.0,0.0,0.0,1.0,18.448205290897207,1173.908539729092,13.989350648063478,302.7106577576344,5.278346606766283
22,220.0,6.674184832349924,0.95,0.0273659156250218,0.0,0.0,0.0,0.0,0.0,0.0226340843749782,302.48,85.27,0.7273208145993123,0.0782711954069417,98.11718222077316,6.674084832349924,1146.6150415776942,16.924821187385167,0.9707697305915548,6.095436501180581e-05,0.0,0.0,0.0,0.0,0.0,0.0291693150434332,0.9499904818051728,0.0273784287358625,0.0,0.0,0.0,0.0,0.0,0.0226310894589647,17.096225477040825,0.80685514300734,1.0,1.3555630680540185,0.0,0.0,0.0,0.0,0.0,1.000000000003162,17.121140165384258,1157.0541060432145,17.08052563899556,302.7106577576344,6.509407158415541
22,220.0,16.834506764396952,0.95,0.0273659156250218,0.0,0.0,0.0,0.0,0.0,0.0226340843749782,302.48,85.27,0.7273208145993123,0.1974259031827952,98.11718222077316,6.674084832349924,1147.4193653148002,18.828202283727016,0.9735345032308984,0.0031702240101489,0.0,0.0,0.0,0.0,0.0,0.0232952727589526,0.4140191530591831,0.5784048373657672,0.0,0.0,0.0,0.0,0.0,0.0075760095750496,16.746453664693128,0.825401700802152,1.0,1.340382993177898,0.0,0.0,0.0,0.0,0.0,1.0,17.121140165384258,1157.0541060432145,17.08052563899556,302.7106577576344,6.509407158415541
22,220.0,26.994828696443975,0.95,0.0273659156250218,0.0,0.0,0.0,0.0,0.0,0.0226340843749782,302.48,85.27,0.7273208145993123,0.3165806109586487,98.11718222077316,6.674084832349924,1146.201262779627,20.71350316918291,0.970560209323727,0.0062615670267609,0.0,0.0,0.0,0.0,0.0,0.0231782236495119,0.2747217382226287,0.7205158545670768,0.0,0.0,0.0,0.0,0.0,0.0047624072102943,16.404977523029096,0.8434082177518682,1.0,1.3216237927331045,0.0,0.0,0.0,0.0,0.0,1.0,17.121140165384258,1157.0541060432145,17.08052563899556,302.7106577576344,6.509407158415541
22,220.0,37.15515062849101,0.95,0.0273659156250218,0.0,0.0,0.0,0.0,0.0,0.0226340843749782,302.48,85.27,0.7273208145993123,0.4357353187345023,98.11718222077316,6.674084832349924,1144.9799665248531,22.597040055190256,0.9675762464746752,0.0093338375569126,0.0,0.0,0.0,0.0,0.0,0.0230899159684121,0.211096590566563,0.7854324335754652,0.0,0.0,0.0,0.0,0.0,0.0034709758579716,16.073962989395472,0.8608985109062225,1.0000000000868554,1.3033043764746095,0.0,0.0,0.0,0.0,0.0,1.0000000000763138,17.121140165384258,1157.0541060432145,17.08052563899556,302.7106577576344,6.509407158415541
22,220.0,47.31547256053803,0.95,0.0273659156250218,0.0,0.0,0.0,0.0,0.0,0.0226340843749782,302.48,85.27,0.7273208145993123,0.5548900265103558,98.11718222077316,6.674084832349924,1143.763170370671,24.478610258308045,0.9646039691686732,0.0123869476597435,0.0,0.0,0.0,0.0,0.0,0.023009083171583,0.1748119198303617,0.8224591732055803,0.0,0.0,0.0,0.0,0.0,0.002728906964058,15.753275148854572,0.87782377650271,1.0,1.2857843840954088,0.0,0.0,0.0,0.0,0.0,1.0,17.121140165384258,1157.0541060432145,17.08052563899556,302.7106577576344,6.509407158415541
22,220.0,57.47579449258506,0.95,0.0273659156250218,0.0,0.0,0.0,0.0,0.0,0.0226340843749782,302.48,85.27,0.7273208145993123,0.6740447342862093,98.11718222077316,6.674084832349924,1142.5524799422335,26.359591502668188,0.96164765779058,0.0154208819236536,0.0,0.0,0.0,0.0,0.0,0.0229314602857662,0.151481554344758,0.8462713055335385,0.0,0.0,0.0,0.0,0.0,0.0022471401217035,15.442573151211873,0.8941560331899915,1.0,1.2691702597932613,0.0,0.0,0.0,0.0,0.0,1.0,17.121140165384258,1157.0541060432145,17.08052563899556,302.7106577576344,6.509407158415541
22,220.0,67.63611642463209,0.95,0.0273659156250218,0.0,0.0,0.0,0.0,0.0,0.0226340843749782,302.48,85.27,0.7273208145993123,0.7931994420620628,98.11718222077316,6.674084832349924,1141.3484414131003,28.24113891725928,0.9587087002299725,0.0184356749040226,0.0,0.0,0.0,0.0,0.0,0.0228556248660049,0.1353109180980978,0.8627798605343254,0.0,0.0,0.0,0.0,0.0,0.0019092213675768,15.141454821000655,0.9099097672211875,1.0,1.2534798033346857,0.0,0.0,0.0,0.0,0.0,1.0,17.121140165384258,1157.0541060432145,17.08052563899556,302.7106577576344,6.509407158415541
22,220.0,77.79643835667912,0.95,0.0273659156250218,0.0,0.0,0.0,0.0,0.0,0.0226340843749782,302.48,85.27,0.7273208145993123,0.9123541498379164,98.11718222077316,6.674084832349924,1140.151285402155,30.12408219443492,0.955787646615453,0.0214313874130228,0.0,0.0,0.0,0.0,0.0,0.0227809659715241,0.12351522907626,0.8748256027349065,0.0,0.0,0.0,0.0,0.0,0.0016591681888333,14.849520274366611,0.9251274147082312,1.0,1.2386862009576591,0.0,0.0,0.0,0.0,0.0,1.0,17.121140165384258,1157.0541060432145,17.08052563899556,302.7106577576344,6.509407158415541
22,220.0,87.95676028872614,0.95,0.0273659156250218,0.0,0.0,0.0,0.0,0.0,0.0226340843749782,302.48,85.27,0.7273208145993123,1.03150885761377,98.11718222077316,6.674084832349924,1138.9611183694185,32.00899648726429,0.9528847277418332,0.0244080955773872,0.0,0.0,0.0,0.0,0.0,0.0227071766807795,0.1145894203150911,0.8839438604912176,0.0,0.0,0.0,0.0,0.0,0.0014667191936912,14.56637453367828,0.939818203957161,1.0,1.2247763168905303,0.0,0.0,0.0,0.0,0.0,1.0,17.121140165384258,1157.0541060432145,17.08052563899556,302.7106577576344,6.509407158415541
22,220.0,98.11708222077316,0.95,0.0273659156250218,0.0,0.0,0.0,0.0,0.0,0.0226340843749782,302.48,85.27,0.7273208145993123,1.150663565389623,98.11718222077316,6.674084832349924,1137.777986776799,33.896262487560335,0.9500000280949484,0.0273658868189873,0.0,0.0,0.0,0.0,0.0,0.0226340850860642,0.1076485215120666,0.8910373975224936,0.0,0.0,0.0,0.0,0.0,0.0013140809654398,14.291641637924284,0.9540199635614416,1.0,1.2116685212219218,0.0,0.0,0.0,0.0,0.0,1.0,17.121140165384258,1157.0541060432145,17.08052563899556,302.7106577576344,6.509407158415541
22,225.0,8.148109564915654,0.95,0.0273659156250218,0.0,0.0,0.0,0.0,0.0,0.0226340843749782,302.48,85.27,0.7438508331129331,0.0955565798629723,90.56896135270873,8.148009564915654,1129.3724097917457,20.489892978315986,0.9704399264469477,8.38606801903816e-05,0.0,0.0,0.0,0.0,0.0,0.0294762128728621,0.9499924939259048,0.0273759343071545,0.0,0.0,0.0,0.0,0.0,0.0226315717669407,15.799504869554646,0.8443064911714743,1.0,1.3175997885485549,0.0,0.0,0.0,0.0,0.0,1.0,15.813326197117547,1139.6555629264626,20.687604017864448,302.7106577576344,7.946729358776584
22,225.0,17.305970874670436,0.95,0.0273659156250218,0.0,0.0,0.0,0.0,0.0,0.0226340843749782,302.48,85.27,0.7438508331129331,0.2029549768344134,90.56896135270873,8.148009564915654,1130.13777404523,22.31141558413984,0.9734982894438472,0.0031752006632676,0.0,0.0,0.0,0.0,0.0,0.0233265098928851,0.48856705156787,0.5023959366892246,0.0,0.0,0.0,0.0,0.0,0.0090370117429054,15.490202489419875,0.8611191564231753,1.0,1.3036336400501924,0.0,0.0,0.0,0.0,0.0,1.0,15.813326197117547,1139.6555629264626,20.687604017864448,302.7106577576344,7.946729358776584
22,225.0,26.463832184425225,0.95,0.0273659156250218,0.0,0.0,0.0,0.0,0.0,0.0226340843749782,302.48,85.27,0.7438508331129331,0.3103533738058546,90.56896135270873,8.148009564915654,1128.8445735913626,24.110689697746107,0.9705556152921092,0.0062529832286744,0.0,0.0,0.0,0.0,0.0,0.0231914014792163,0.3384705623431705,0.655475533953071,0.0,0.0,0.0,0.0,0.0,0.0060539037037586,15.189406655657978,0.8774492215757782,1.0,1.288118938930149,0.0,0.0,0.0,0.0,0.0,1.0,15.813326197117547,1139.6555629264626,20.687604017864448,302.7106577576344,7.946729358776584
22,225.0,35.62169349418001,0.95,0.0273659156250218,0.0,0.0,0.0,0.0,0.0,0.0226340843749782,302.48,85.27,0.7438508331129331,0.4177517707772957,90.56896135270873,8.148009564915654,1127.541888460917,25.91437349545897,0.9675872922379816,0.0093154158647239,0.0,0.0,0.0,0.0,0.0,0.0230972918972945,0.2646638261292272,0.7307522172105593,0.0,0.0,0.0,0.0,0.0,0.0045839566602135,14.896764455657834,0.893372417700936,1.0,1.2729296381105808,0.0,0.0,0.0,0.0,0.0,1.0,15.813326197117547,1139.6555629264626,20.687604017864448,302.7106577576344,7.946729358776584
22,225.0,44.77955480393479,0.95,0.0273659156250218,0.0,0.0,0.0,0.0,0.0,0.0226340843749782,302.48,85.27,0.7438508331129331,0.5251501677487368,90.56896135270873,8.148009564915654,1126.240298474769,27.71939129632336,0.9646238286138336,0.0123624640905372,0.0,0.0,0.0,0.0,0.0,0.0230137072956291,0.2209155267308515,0.7753768399934312,0.0,0.0,0.0,0.0,0.0,0.0037076332757173,14.612241511464816,0.9088881030790176,1.0,1.2582671317072298,0.0,0.0,0.0,0.0,0.0,1.0,15.813326197117547,1139.6555629264626,20.687604017864448,302.7106577576344,7.946729358776584
22,225.0,53.93741611368958,0.95,0.0273659156250218,0.0,0.0,0.0,0.0,0.0,0.0226340843749782,302.48,85.27,0.7438508331129331,0.6325485647201781,90.56896135270873,8.148009564915654,1124.9420476456046,29.526064561655808,0.9616714323130492,0.0153940665862222,0.0,0.0,0.0,0.0,0.0,0.0229345011007283,0.192080939679643,0.8047934266974369,0.0,0.0,0.0,0.0,0.0,0.00312563362292,14.335632708474304,0.9239647096364656,1.0,1.2442384816602,0.0,0.0,0.0,0.0,0.0,1.0,15.813326197117547,1139.6555629264626,20.687604017864448,302.7106577576344,7.946729358776584
22,225.0,63.09527742344436,0.95,0.0273659156250218,0.0,0.0,0.0,0.0,0.0,0.0226340843749782,302.48,85.27,0.7438508331129331,0.7399469616916191,90.56896135270873,8.148009564915654,1123.647930544258,31.335189580494795,0.9587321801034636,0.018410198875388,0.0,0.0,0.0,0.0,0.0,0.0228576210211481,0.1717315238436572,0.8255574262261983,0.0,0.0,0.0,0.0,0.0,0.0027110499301443,14.066690701887666,0.9385922984696934,1.0,1.2308842683578594,0.0,0.0,0.0,0.0,0.0,1.0,15.813326197117547,1139.6555629264626,20.687604017864448,302.7106577576344,7.946729358776584
22,225.0,72.25313873319915,0.95,0.0273659156250218,0.0,0.0,0.0,0.0,0.0,0.0226340843749782,302.48,85.27,0.7438508331129331,0.8473453586630604,90.56896135270873,8.148009564915654,1122.3583084019408,33.14749556938448,0.9558069499154304,0.0214108635387734,0.0,0.0,0.0,0.0,0.0,0.022782186545796,0.1566719448784719,0.8409272444694741,0.0,0.0,0.0,0.0,0.0,0.0024008106520539,13.805139045769456,0.9528087762661328,1.0,1.2182041292513877,0.0,0.0,0.0,0.0,0.0,1.0,15.813326197117547,1139.6555629264626,20.687604017864448,302.7106577576344,7.946729358776584
22,225.0,81.41100004295393,0.95,0.0273659156250218,0.0,0.0,0.0,0.0,0.0,0.0226340843749782,302.48,85.27,0.7438508331129331,0.9547437556345014,90.56896135270873,8.148009564915654,1121.0733714581534,34.96355584597799,0.9528961625278396,0.0243960809083888,0.0,0.0,0.0,0.0,0.0,0.0227077565637717,0.1451338604207594,0.8527061306812581,0.0,0.0,0.0,0.0,0.0,0.0021600088979824,13.55070604321947,0.9666276150599727,1.0,1.2062054889246911,0.0,0.0,0.0,0.0,0.0,1.0,15.813326197117547,1139.6555629264626,20.687604017864448,302.7106577576344,7.946729358776584
22,225.0,90.56886135270872,0.95,0.0273659156250218,0.0,0.0,0.0,0.0,0.0,0.0226340843749782,302.48,85.27,0.7438508331129331,1.0621421526059425,90.56896135270873,8.148009564915654,1119.7932291901193,36.78379543654706,0.9500000313135796,0.0273658835163764,0.0,0.0,0.0,0.0,0.0,0.0226340851700441,0.1360590366676201,0.861973209339917,0.0,0.0,0.0,0.0,0.0,0.0019677539924628,13.303102385951624,0.9800456699930522,1.000000000139389,1.1948330181270086,0.0,0.0,0.0,0.0,0.0,1.0000000000865392,15.813326197117547,1139.6555629264626,20.687604017864448,302.7106577576344,7.946729358776584
22,230.0,9.856448810889896,0.95,0.0273659156250218,0.0,0.0,0.0,0.0,0.0,0.0226340843749782,302.48,85.27,0.7603808516265538,0.115591049734841,84.57638463785023,9.856348810889896,1111.5384969895083,24.63101883976149,0.9701777820972232,0.0001139249986413,0.0,0.0,0.0,0.0,0.0,0.0297082929041352,0.9499940116541972,0.0273740034486934,0.0,0.0,0.0,0.0,0.0,0.0226319848971094,14.52183111234814,0.8851965547672037,1.0,1.2816075104187832,0.0,0.0,0.0,0.0,0.0,1.0,14.52556748614066,1121.6270137216943,24.87830228106012,302.7106577576344,9.61137473881863
22,230.0,18.158652791663265,0.95,0.0273659156250218,0.0,0.0,0.0,0.0,0.0,0.0226340843749782,302.48,85.27,0.7603808516265538,0.2129547647667792,84.57638463785023,9.856348810889896,1112.2389948751584,26.39781637569569,0.973443630989294,0.0031891476974579,0.0,0.0,0.0,0.0,0.0,0.0233672213132479,0.5598985230755693,0.4296667742295981,0.0,0.0,0.0,0.0,0.0,0.0104347026948327,14.246768101806929,0.9006833397517398,1.0,1.268742849124182,0.0,0.0,0.0,0.0,0.0,1.0,14.52556748614066,1121.6270137216943,24.87830228106012,302.7106577576344,9.61137473881863
22,230.0,26.460856772436635,0.95,0.0273659156250218,0.0,0.0,0.0,0.0,0.0,0.0226340843749782,302.48,85.27,0.7603808516265538,0.3103184797987174,84.57638463785023,9.856348810889896,1110.882610406862,28.132708922347657,0.970536842124924,0.0062548039636132,0.0,0.0,0.0,0.0,0.0,0.0232083539114628,0.4056558099740184,0.5869315444580411,0.0,0.0,0.0,0.0,0.0,0.0074126455679403,13.980894001145446,0.915700514337064,1.0,1.2558875254883313,0.0,0.0,0.0,0.0,0.0,1.0,14.52556748614066,1121.6270137216943,24.87830228106012,302.7106577576344,9.61137473881863
22,230.0,34.76306075321,0.95,0.0273659156250218,0.0,0.0,0.0,0.0,0.0,0.0226340843749782,302.48,85.27,0.7603808516265538,0.4076821948306555,84.57638463785023,9.856348810889896,1109.510065486277,29.878350493074787,0.967585556647496,0.009307977502228,0.0,0.0,0.0,0.0,0.0,0.0231064658502757,0.3237917001026474,0.6703953606517908,0.0,0.0,0.0,0.0,0.0,0.0058129392455617,13.721433226882509,0.930423298553078,1.0,1.2433321193316795,0.0,0.0,0.0,0.0,0.0,1.0,14.52556748614066,1121.6270137216943,24.87830228106012,302.7106577576344,9.61137473881863
22,230.0,43.06526473398337,0.95,0.0273659156250218,0.0,0.0,0.0,0.0,0.0,0.0226340843749782,302.48,85.27,0.7603808516265538,0.5050459098625938,84.57638463785023,9.856348810889896,1108.1354238567762,31.62936664173339,0.9646320381589912,0.0123487842567863,0.0,0.0,0.0,0.0,0.0,0.0230191775842225,0.2731815035318827,0.7219972556661786,0.0,0.0,0.0,0.0,0.0,0.0048212408019387,13.468351825320356,0.944828624895134,1.0,1.2311236045800664,0.0,0.0,0.0,0.0,0.0,1.0,14.52556748614066,1121.6270137216943,24.87830228106012,302.7106577576344,9.61137473881863
22,230.0,51.36746871475674,0.95,0.0273659156250218,0.0,0.0,0.0,0.0,0.0,0.0226340843749782,302.48,85.27,0.7603808516265538,0.602409624894532,84.57638463785023,9.856348810889896,1106.761662347957,33.38471781149345,0.9616849459075824,0.0153771766752199,0.0,0.0,0.0,0.0,0.0,0.0229378774171975,0.2388990613423391,0.7569545322906472,0.0,0.0,0.0,0.0,0.0,0.0041464063670134,13.221545313874865,0.958917044983942,1.0,1.2193529500927205,0.0,0.0,0.0,0.0,0.0,1.0,14.52556748614066,1121.6270137216943,24.87830228106012,302.7106577576344,9.61137473881863
22,230.0,59.6696726955301,0.95,0.0273659156250218,0.0,0.0,0.0,0.0,0.0,0.0226340843749782,302.48,85.27,0.7603808516265538,0.6997733399264701,84.57638463785023,9.856348810889896,1105.389846177154,35.14456219467509,0.9587472122372824,0.0183931061169388,0.0,0.0,0.0,0.0,0.0,0.0228596816457788,0.21422209360541,0.782120095041838,0.0,0.0,0.0,0.0,0.0,0.0036578113527518,12.98085847937471,0.972663634518355,1.0,1.2080809982450742,0.0,0.0,0.0,0.0,0.0,1.0,14.52556748614066,1121.6270137216943,24.87830228106012,302.7106577576344,9.61137473881863
22,230.0,67.97187667630348,0.95,0.0273659156250218,0.0,0.0,0.0,0.0,0.0,0.0226340843749782,302.48,85.27,0.7603808516265538,0.7971370549584084,84.57638463785023,9.856348810889896,1104.0204709230768,36.90934204191005,0.9558201066281032,0.0213965414311736,0.0,0.0,0.0,0.0,0.0,0.0227833519407229,0.1956760129935528,0.8010359580421443,0.0,0.0,0.0,0.0,0.0,0.0032880289643029,12.746114895613204,0.9861183591319028,1.0,1.197300460902565,0.0,0.0,0.0,0.0,0.0,1.0,14.52556748614066,1121.6270137216943,24.87830228106012,302.7106577576344,9.61137473881863
22,230.0,76.27408065707685,0.95,0.0273659156250218,0.0,0.0,0.0,0.0,0.0,0.0226340843749782,302.48,85.27,0.7603808516265538,0.8945007699903466,84.57638463785023,9.856348810889896,1102.653807676766,38.67951349235521,0.9529042646797424,0.0243874671225658,0.0,0.0,0.0,0.0,0.0,0.0227082681976915,0.1812834622023314,0.8157178302375371,0.0,0.0,0.0,0.0,0.0,0.0029987075601315,12.517128183066536,0.9992442989066314,1.000000000001054,1.1870097578601952,0.0,0.0,0.0,0.0,0.0,1.0000000000182108,14.52556748614066,1121.6270137216943,24.87830228106012,302.7106577576344,9.61137473881863
22,230.0,84.57628463785022,0.95,0.0273659156250218,0.0,0.0,0.0,0.0,0.0,0.0226340843749782,302.48,85.27,0.7603808516265538,0.9918644850222847,84.57638463785023,9.856348810889896,1101.2900214560216,40.4554736988416,0.950000034652528,0.027365880090032,0.0,0.0,0.0,0.0,0.0,0.02263408525744,0.1698359989941553,0.8273975866227344,0.0,0.0,0.0,0.0,0.0,0.0027664143831101,12.29371556769175,1.0120806442749242,1.0,1.177196343601278,0.0,0.0,0.0,0.0,0.0,1.0,14.52556748614066,1121.6270137216943,24.87830228106012,302.7106577576344,9.61137473881863
22,235.0,11.822424453830331,0.95,0.0273659156250218,0.0,0.0,0.0,0.0,0.0,0.0226340843749782,302.48,85.27,0.7769108701401745,0.1386469385930612,79.88545352007553,11.822324453830332,1093.012107740809,29.425683955815536,0.9699768363536196,0.0001530380706907,0.0,0.0,0.0,0.0,0.0,0.0298701255756896,0.9499951720029036,0.0273724924268481,0.0,0.0,0.0,0.0,0.0,0.0226323355702481,13.264171077255597,0.9301302712471256,1.0,1.2474583235189516,0.0,0.0,0.0,0.0,0.0,1.0,13.258875583506692,1102.8688895247462,29.73094022392497,302.7106577576344,11.525181126674264
22,235.0,19.384972127857576,0.95,0.0273659156250218,0.0,0.0,0.0,0.0,0.0,0.0226340843749782,302.48,85.27,0.7769108701401745,0.227336368334204,79.88545352007553,11.822324453830332,1093.622056858734,31.16147256176584,0.9733673289527373,0.0032129399636926,0.0,0.0,0.0,0.0,0.0,0.02341973108357,0.6255023349529261,0.362773707499412,0.0,0.0,0.0,0.0,0.0,0.0117239575476619,13.01852473258645,0.944630679412034,1.0,1.2356619600274923,0.0,0.0,0.0,0.0,0.0,1.0,13.258875583506692,1102.8688895247462,29.73094022392497,302.7106577576344,11.525181126674264
22,235.0,26.94751980188482,0.95,0.0273659156250218,0.0,0.0,0.0,0.0,0.0,0.0226340843749782,302.48,85.27,0.7769108701401745,0.3160257980753468,79.88545352007553,11.822324453830332,1092.2121573812303,32.850390531968245,0.9705023778228296,0.0062672474472794,0.0,0.0,0.0,0.0,0.0,0.0232303747298907,0.4737156689275333,0.5175024815586687,0.0,0.0,0.0,0.0,0.0,0.0087818495137977,12.782992484819257,0.9586460660011932,1.0,1.2249263716488528,0.0,0.0,0.0,0.0,0.0,1.0,13.258875583506692,1102.8688895247462,29.73094022392497,302.7106577576344,11.525181126674264
22,235.0,34.51006747591207,0.95,0.0273659156250218,0.0,0.0,0.0,0.0,0.0,0.0226340843749782,302.48,85.27,0.7769108701401745,0.4047152278164896,79.88545352007553,11.822324453830332,1090.7788725023224,34.55544053202573,0.9675704135045504,0.0093112810418313,0.0,0.0,0.0,0.0,0.0,0.0231183054536183,0.3867663868284893,0.6061216215250655,0.0,0.0,0.0,0.0,0.0,0.0071119916464453,12.552579013221976,0.9724571462606127,1.0,1.214551476642006,0.0,0.0,0.0,0.0,0.0,1.0,13.258875583506692,1102.8688895247462,29.73094022392497,302.7106577576344,11.525181126674264
22,235.0,42.07261514993931,0.95,0.0273659156250218,0.0,0.0,0.0,0.0,0.0,0.0226340843749782,302.48,85.27,0.7769108701401745,0.4934046575576323,79.88545352007553,11.822324453830332,1089.3404285457236,36.27032712604234,0.9646285301594748,0.0123453527701514,0.0,0.0,0.0,0.0,0.0,0.0230261170703736,0.3305609863290837,0.6634053904164451,0.0,0.0,0.0,0.0,0.0,0.0060336232544713,12.327198784329092,0.9860123823116552,1.0,1.2044395142607354,0.0,0.0,0.0,0.0,0.0,1.0,13.258875583506692,1102.8688895247462,29.73094022392497,302.7106577576344,11.525181126674264
22,235.0,49.63516282396655,0.95,0.0273659156250218,0.0,0.0,0.0,0.0,0.0,0.0226340843749782,302.48,85.27,0.7769108701401745,0.5820940872987751,79.88545352007553,11.822324453830332,1087.900641090059,37.9927750004968,0.9616884736800212,0.0153694834930517,0.0,0.0,0.0,0.0,0.0,0.0229420428269269,0.2913403941685741,0.7033793520870244,0.0,0.0,0.0,0.0,0.0,0.0052802537444014,12.106798137818958,0.9993648220722549,1.0,1.1946407484798314,0.0,0.0,0.0,0.0,0.0,1.0,13.258875583506692,1102.8688895247462,29.73094022392497,302.7106577576344,11.525181126674264
22,235.0,57.1977104979938,0.95,0.0273659156250218,0.0,0.0,0.0,0.0,0.0,0.0226340843749782,302.48,85.27,0.7769108701401745,0.6707835170399179,79.88545352007553,11.822324453830332,1086.4608668333965,39.72216159859782,0.9587542355707828,0.0183836373664244,0.0,0.0,0.0,0.0,0.0,0.0228621270627929,0.2624928225994519,0.7327822506394678,0.0,0.0,0.0,0.0,0.0,0.0047249267610802,11.891282527800923,1.0124629347819665,1.0,1.1851833074563092,0.0,0.0,0.0,0.0,0.0,1.0,13.258875583506692,1102.8688895247462,29.73094022392497,302.7106577576344,11.525181126674264
22,235.0,64.76025817202104,0.95,0.0273659156250218,0.0,0.0,0.0,0.0,0.0,0.0226340843749782,302.48,85.27,0.7769108701401745,0.7594729467810607,79.88545352007553,11.822324453830332,1085.021738236085,41.45848489360112,0.9558275576498574,0.0213877745593989,0.0,0.0,0.0,0.0,0.0,0.0227846677907436,0.240446570130003,0.7552541240691117,0.0,0.0,0.0,0.0,0.0,0.0042993058008851,11.680545277821352,1.0253316886290094,1.0,1.1760765844859005,0.0,0.0,0.0,0.0,0.0,1.0,13.258875583506692,1102.8688895247462,29.73094022392497,302.7106577576344,11.525181126674264
22,235.0,72.32280584604828,0.95,0.0273659156250218,0.0,0.0,0.0,0.0,0.0,0.0226340843749782,302.48,85.27,0.7769108701401745,0.8481623765222034,79.88545352007553,11.822324453830332,1083.5836048762965,43.20196282301356,0.9529093257465376,0.0243818621525201,0.0,0.0,0.0,0.0,0.0,0.0227088121009423,0.2231026456579189,0.7729340518016782,0.0,0.0,0.0,0.0,0.0,0.0039633025404027,11.474459155842688,1.0379621949145077,1.0,1.167326643021465,0.0,0.0,0.0,0.0,0.0,1.0,13.258875583506692,1102.8688895247462,29.73094022392497,302.7106577576344,11.525181126674264
22,235.0,79.88535352007553,0.95,0.0273659156250218,0.0,0.0,0.0,0.0,0.0,0.0226340843749782,302.48,85.27,0.7769108701401745,0.9368518062633462,79.88545352007553,11.822324453830332,1082.146683230245,44.95286648313223,0.9500000383836704,0.0273658762599521,0.0,0.0,0.0,0.0,0.0,0.0226340853563773,0.2091464013754014,0.7871617654107513,0.0,0.0,0.0,0.0,0.0,0.0036918332138472,11.272904384876329,1.0503746145607296,1.0,1.158948921983696,0.0,0.0,0.0,0.0,0.0,1.0,13.258875583506692,1102.8688895247462,29.73094022392497,302.7106577576344,11.525181126674264
22,240.0,14.070378597053947,0.95,0.0273659156250218,0.0,0.0,0.0,0.0,0.0,0.0226340843749782,302.48,85.27,0.7934408886537953,0.1650097173338096,76.30367359186545,14.070278597053948,1073.674751480821,34.96499326343481,0.9698304831640648,0.0002035890433189,0.0,0.0,0.0,0.0,0.0,0.0299659277926162,0.949996070255526,0.0273712982978443,0.0,0.0,0.0,0.0,0.0,0.0226326314466296,12.027733163101802,0.979909828153018,1.0,1.2150232097728049,0.0,0.0,0.0,0.0,0.0,1.0,12.014498351825988,1083.263844328595,35.3375257790447,302.7106577576344,13.710780754884407
22,240.0,20.98517804092189,0.95,0.0273659156250218,0.0,0.0,0.0,0.0,0.0,0.0226340843749782,302.48,85.27,0.7934408886537953,0.2461027095217766,76.30367359186545,14.070278597053948,1074.1688352820272,36.690856177007305,0.973265361056075,0.0032480227339136,0.0,0.0,0.0,0.0,0.0,0.0234866162100114,0.6838734928058767,0.3032443161588765,0.0,0.0,0.0,0.0,0.0,0.0128821910352467,11.807765171666134,0.9937137587073842,1.0,1.2043324865953768,0.0,0.0,0.0,0.0,0.0,1.0,12.014498351825988,1083.263844328595,35.3375257790447,302.7106577576344,13.710780754884407
22,240.0,27.89997748478984,0.95,0.0273659156250218,0.0,0.0,0.0,0.0,0.0,0.0226340843749782,302.48,85.27,0.7934408886537953,0.3271957017097436,76.30367359186545,14.070278597053948,1072.713203290538,38.35045997495376,0.9704499415770071,0.0062910922770037,0.0,0.0,0.0,0.0,0.0,0.0232589661459891,0.5401800294062732,0.449708612900187,0.0,0.0,0.0,0.0,0.0,0.0101113576935398,11.598874060321508,1.0070084990337478,1.0,1.1953021554996783,0.0,0.0,0.0,0.0,0.0,1.0,12.014498351825988,1083.263844328595,35.3375257790447,302.7106577576344,13.710780754884407
22,240.0,34.81477692865778,0.95,0.0273659156250218,0.0,0.0,0.0,0.0,0.0,0.0226340843749782,302.48,85.27,0.7934408886537953,0.4082886938977105,76.30367359186545,14.070278597053948,1071.226269006762,40.02972922478609,0.9675405258305952,0.0093256417321203,0.0,0.0,0.0,0.0,0.0,0.0231338324372844,0.4515593982258554,0.5400076153204675,0.0,0.0,0.0,0.0,0.0,0.0084329864536771,11.394152838757456,1.0201534461338375,1.0,1.1867120682272376,0.0,0.0,0.0,0.0,0.0,1.0,12.014498351825988,1083.263844328595,35.3375257790447,302.7106577576344,13.710780754884407
22,240.0,41.72957637252573,0.95,0.0273659156250218,0.0,0.0,0.0,0.0,0.0,0.0226340843749782,302.48,85.27,0.7934408886537953,0.4893816860856776,76.30367359186545,14.070278597053948,1069.7311619302538,41.723073275034565,0.9646125794164092,0.0123521548947192,0.0,0.0,0.0,0.0,0.0,0.0230352656888716,0.3915849488209368,0.60111198246846,0.0,0.0,0.0,0.0,0.0,0.0073030687106031,11.193457957454449,1.0331182414451348,1.0,1.178356910353591,0.0,0.0,0.0,0.0,0.0,1.0,12.014498351825988,1083.263844328595,35.3375257790447,302.7106577576344,13.710780754884407
22,240.0,48.64437581639367,0.95,0.0273659156250218,0.0,0.0,0.0,0.0,0.0,0.0226340843749782,302.48,85.27,0.7934408886537953,0.5704746782736445,76.30367359186545,14.070278597053948,1068.2326652275374,43.427521734996944,0.9616817048319644,0.0153707555804223,0.0,0.0,0.0,0.0,0.0,0.0229475395876132,0.3483932398265586,0.6451155913784604,0.0,0.0,0.0,0.0,0.0,0.0064911687949809,10.996727300862196,1.0459312504906613,1.0,1.170222691009663,0.0,0.0,0.0,0.0,0.0,1.0,12.014498351825988,1083.263844328595,35.3375257790447,302.7106577576344,13.710780754884407
22,240.0,55.55917526026161,0.95,0.0273659156250218,0.0,0.0,0.0,0.0,0.0,0.0226340843749782,302.48,85.27,0.7934408886537953,0.6515676704616115,76.30367359186545,14.070278597053948,1066.7324510328467,45.14176271613128,0.9587532035440892,0.0183814539663027,0.0,0.0,0.0,0.0,0.0,0.022865342489608,0.3158769579253245,0.6782423781376964,0.0,0.0,0.0,0.0,0.0,0.005880663936979,10.803897999683404,1.0585636143338626,1.0,1.162343440491698,0.0,0.0,0.0,0.0,0.0,1.0,12.014498351825988,1083.263844328595,35.3375257790447,302.7106577576344,13.710780754884407
22,240.0,62.47397470412956,0.95,0.0273659156250218,0.0,0.0,0.0,0.0,0.0,0.0226340843749782,302.48,85.27,0.7934408886537953,0.7326606626495785,76.30367359186545,14.070278597053948,1065.2312898064074,46.86529969846893,0.9558293905087748,0.0213842266245331,0.0,0.0,0.0,0.0,0.0,0.0227863828666921,0.290573073590502,0.704021011280778,0.0,0.0,0.0,0.0,0.0,0.0054059151287198,10.614909425077482,1.0710428020751777,1.0,1.1547144584867657,0.0,0.0,0.0,0.0,0.0,1.0,12.014498351825988,1083.263844328595,35.3375257790447,302.7106577576344,13.710780754884407
22,240.0,69.38877414799751,0.95,0.0273659156250218,0.0,0.0,0.0,0.0,0.0,0.0226340843749782,302.48,85.27,0.7934408886537953,0.8137536548375456,76.30367359186545,14.070278597053948,1063.7296048460182,48.59802756838223,0.952911446827379,0.0243790425149416,0.0,0.0,0.0,0.0,0.0,0.0227095106576793,0.2703717245550455,0.7246011876853127,0.0,0.0,0.0,0.0,0.0,0.0050270877596419,10.42968135008883,1.083349124412964,1.0,1.14734183310107,0.0,0.0,0.0,0.0,0.0,1.0,12.014498351825988,1083.263844328595,35.3375257790447,302.7106577576344,13.710780754884407
22,240.0,76.30357359186544,0.95,0.0273659156250218,0.0,0.0,0.0,0.0,0.0,0.0226340843749782,302.48,85.27,0.7934408886537953,0.8948466470255124,76.30367359186545,14.070278597053948,1062.2276578611345,50.34001620613951,0.9500000420248824,0.0273658725185247,0.0,0.0,0.0,0.0,0.0,0.0226340854565928,0.2539140173493601,0.7413673978734764,0.0,0.0,0.0,0.0,0.0,0.0047185847771633,10.24813747582231,1.0955042990293613,1.0,1.140241624022998,0.0,0.0,0.0,0.0,0.0,1.0,12.014498351825988,1083.263844328595,35.3375257790447,302.7106577576344,13.710780754884407
22,245.0,16.62591941150737,0.95,0.0273659156250218,0.0,0.0,0.0,0.0,0.0,0.0226340843749782,302.48,85.27,0.8099709071674159,0.1949797046031121,73.68374035525322,16.62581941150737,1053.3850921724754,41.35794582977191,0.969731858591549,0.0002686520767959,0.0,0.0,0.0,0.0,0.0,0.0299994893316551,0.9499967745460064,0.0273703450596094,0.0,0.0,0.0,0.0,0.0,0.022632880394384,10.8140037248746,1.0356027237920118,1.0,1.18423564194047,0.0,0.0,0.0,0.0,0.0,1.0,10.793959502416731,1062.6711211462375,41.80803719266337,302.7106577576344,16.191644196077288
22,245.0,22.965666183034685,0.95,0.0273659156250218,0.0,0.0,0.0,0.0,0.0,0.0226340843749782,302.48,85.27,0.8099709071674159,0.2693287930460266,73.68374035525322,16.62581941150737,1053.738385654293,43.0929061509502,0.9731327701482442,0.0032965606093728,0.0,0.0,0.0,0.0,0.0,0.0235706692423829,0.7344436649565196,0.2516495583009719,0.0,0.0,0.0,0.0,0.0,0.0139067767425083,10.616817472603447,1.0489691069145786,1.0,1.1747293443282187,0.0,0.0,0.0,0.0,0.0,1.0,10.793959502416731,1062.6711211462375,41.80803719266337,302.7106577576344,16.191644196077288
22,245.0,29.305412954562,0.95,0.0273659156250218,0.0,0.0,0.0,0.0,0.0,0.0226340843749782,302.48,85.27,0.8099709071674159,0.343677881488941,73.68374035525322,16.62581941150737,1052.2430989148404,44.73899061100236,0.9703763710429484,0.0063277723045109,0.0,0.0,0.0,0.0,0.0,0.0232958566525408,0.6029843238434655,0.3856517710434087,0.0,0.0,0.0,0.0,0.0,0.0113639051131257,10.431558216120877,1.061791976400381,1.0,1.1670982359288182,0.0,0.0,0.0,0.0,0.0,1.0,10.793959502416731,1062.6711211462375,41.80803719266337,302.7106577576344,16.191644196077288
22,245.0,35.64515972608932,0.95,0.0273659156250218,0.0,0.0,0.0,0.0,0.0,0.0226340843749782,302.48,85.27,0.8099709071674159,0.4180269699318555,73.68374035525322,16.62581941150737,1050.7078208975938,46.40604481707253,0.9674938013245118,0.0093519664224393,0.0,0.0,0.0,0.0,0.0,0.0231542322530488,0.5160826469176076,0.4741850495312071,0.0,0.0,0.0,0.0,0.0,0.0097323035511852,10.249788368457896,1.0744828645475024,1.0,1.1599407003295372,0.0,0.0,0.0,0.0,0.0,1.0,10.793959502416731,1062.6711211462375,41.80803719266337,302.7106577576344,16.191644196077288
22,245.0,41.98490649761664,0.95,0.0273659156250218,0.0,0.0,0.0,0.0,0.0,0.0226340843749782,302.48,85.27,0.8099709071674159,0.49237605837477,73.68374035525322,16.62581941150737,1049.161318086842,48.09054725986151,0.9645828115920372,0.0123697076559274,0.0,0.0,0.0,0.0,0.0,0.0230474807520352,0.4545151699490315,0.5368968459315566,0.0,0.0,0.0,0.0,0.0,0.0085879841194116,10.071280996242775,1.0870749692723054,1.0,1.1530370970716777,0.0,0.0,0.0,0.0,0.0,1.0,10.793959502416731,1062.6711211462375,41.80803719266337,302.7106577576344,16.191644196077288
22,245.0,48.32465326914395,0.95,0.0273659156250218,0.0,0.0,0.0,0.0,0.0,0.0226340843749782,302.48,85.27,0.8099709071674159,0.5667251468176845,73.68374035525322,16.62581941150737,1047.6094987502406,49.789575455198026,0.9616637812752984,0.0153812253969225,0.0,0.0,0.0,0.0,0.0,0.022954993327779,0.4087045037131503,0.5835542298385182,0.0,0.0,0.0,0.0,0.0,0.0077412664483314,9.895960495467136,1.0995547623223607,1.0,1.146315714773898,0.0,0.0,0.0,0.0,0.0,1.0,10.793959502416731,1062.6711211462375,41.80803719266337,302.7106577576344,16.191644196077288
22,245.0,54.66440004067127,0.95,0.0273659156250218,0.0,0.0,0.0,0.0,0.0,0.0226340843749782,302.48,85.27,0.8099709071674159,0.6410742352605989,73.68374035525322,16.62581941150737,1046.0543849535295,51.50143910797186,0.9587436330783078,0.0183865967753231,0.0,0.0,0.0,0.0,0.0,0.0228697701463689,0.373357345443226,0.6195520482347773,0.0,0.0,0.0,0.0,0.0,0.0070906063219966,9.723778593824235,1.1119239945470203,1.0,1.139773422560979,0.0,0.0,0.0,0.0,0.0,1.0,10.793959502416731,1062.6711211462375,41.80803719266337,302.7106577576344,16.191644196077288
22,245.0,61.00414681219858,0.95,0.0273659156250218,0.0,0.0,0.0,0.0,0.0,0.0226340843749782,302.48,85.27,0.8099709071674159,0.7154233237035134,73.68374035525322,16.62581941150737,1044.4968872847596,53.22524840504059,0.955825382042553,0.0213858366432951,0.0,0.0,0.0,0.0,0.0,0.0227887813141519,0.3453128117673706,0.6481109789452999,0.0,0.0,0.0,0.0,0.0,0.0065762092873293,9.554690559235,1.1241926864073537,1.0,1.1334280966446584,0.0,0.0,0.0,0.0,0.0,1.0,10.793959502416731,1062.6711211462375,41.80803719266337,302.7106577576344,16.191644196077288
22,245.0,67.3438935837259,0.95,0.0273659156250218,0.0,0.0,0.0,0.0,0.0,0.0226340843749782,302.48,85.27,0.8099709071674159,0.7897724121464279,73.68374035525322,16.62581941150737,1042.937497392695,54.96058116514001,0.9529105631181016,0.0243789338825171,0.0,0.0,0.0,0.0,0.0,0.022710502999381,0.3225676049188907,0.6712719340540348,0.0,0.0,0.0,0.0,0.0,0.0061604610270744,9.38864305801102,1.1363439740236132,1.0,1.1272669391268064,0.0,0.0,0.0,0.0,0.0,1.0,10.793959502416731,1062.6711211462375,41.80803719266337,302.7106577576344,16.191644196077288
22,245.0,73.68364035525322,0.95,0.0273659156250218,0.0,0.0,0.0,0.0,0.0,0.0226340843749782,302.48,85.27,0.8099709071674159,0.8641215005893423,73.68374035525322,16.62581941150737,1041.3765156266302,56.70727481456533,0.9500000458367176,0.0273658685955452,0.0,0.0,0.0,0.0,0.0,0.0226340855677372,0.3037906912039437,0.69039082694975,0.0,0.0,0.0,0.0,0.0,0.0058184818463063,9.225583252383714,1.1483971604726373,1.000000000002322,1.121302250850146,0.0,0.0,0.0,0.0,0.0,1.0,10.793959502416731,1062.6711211462375,41.80803719266337,302.7106577576344,16.191644196077288
22,250.0,19.516142272955616,0.95,0.0273659156250218,0.0,0.0,0.0,0.0,0.0,0.0226340843749782,302.48,85.27,0.8265009256810367,0.2288746601730458,71.91197889308408,19.516042272955616,1031.9711491339692,48.73751606515399,0.969673736616744,0.0003522741748822,0.0,0.0,0.0,0.0,0.0,0.0299739892083737,0.9499973335695624,0.0273695768510104,0.0,0.0,0.0,0.0,0.0,0.0226330895794272,9.624798800226005,1.098587625208574,1.0,1.1551146190124746,0.0,0.0,0.0,0.0,0.0,1.0,9.599114364051816,1040.9186176418627,49.27650279185157,302.7106577576344,18.99215487266697
22,250.0,25.337890786303223,0.95,0.0273659156250218,0.0,0.0,0.0,0.0,0.0,0.0226340843749782,302.48,85.27,0.8265009256810367,0.2971489478867506,71.91197889308408,19.516042272955616,1032.1590430643032,50.4990221343115,0.9729634981007936,0.0033616870465003,0.0,0.0,0.0,0.0,0.0,0.0236748148527061,0.7773568033478445,0.2078334879772395,0.0,0.0,0.0,0.0,0.0,0.0148097086749159,9.448162575640666,1.1117856786866849,1.0,1.1468226747961563,0.0,0.0,0.0,0.0,0.0,1.0,9.599114364051816,1040.9186176418627,49.27650279185157,302.7106577576344,18.99215487266697
22,250.0,31.159639299650827,0.95,0.0273659156250218,0.0,0.0,0.0,0.0,0.0,0.0226340843749782,302.48,85.27,0.8265009256810367,0.3654232356004553,71.91197889308408,19.516042272955616,1030.6284646346544,52.14702637403754,0.9702773933373552,0.0063795831589675,0.0,0.0,0.0,0.0,0.0,0.0233430235036772,0.6606520863737122,0.3268300238905487,0.0,0.0,0.0,0.0,0.0,0.0125178897357391,9.284073984270128,1.1243663045493375,1.0,1.140377906230992,0.0,0.0,0.0,0.0,0.0,1.0,9.599114364051816,1040.9186176418627,49.27650279185157,302.7106577576344,18.99215487266697
22,250.0,36.98138781299844,0.95,0.0273659156250218,0.0,0.0,0.0,0.0,0.0,0.0226340843749782,302.48,85.27,0.8265009256810367,0.4336975233141601,71.91197889308408,19.516042272955616,1029.0484794351062,53.81517487256268,0.9674272207526694,0.0093919031550006,0.0,0.0,0.0,0.0,0.0,0.0231808760923298,0.5784347613507436,0.4105892836933421,0.0,0.0,0.0,0.0,0.0,0.0109759549559143,9.122992088720482,1.1368554213406257,1.0,1.1344021301463223,0.0,0.0,0.0,0.0,0.0,1.0,9.599114364051816,1040.9186176418627,49.27650279185157,302.7106577576344,18.99215487266697
22,250.0,42.80313632634604,0.95,0.0273659156250218,0.0,0.0,0.0,0.0,0.0,0.0226340843749782,302.48,85.27,0.8265009256810367,0.5019718110278649,71.91197889308408,19.516042272955616,1027.45409344504,55.502874180700765,0.9645370957300368,0.0123991547293323,0.0,0.0,0.0,0.0,0.0,0.0230637495406307,0.5175365148806061,0.4726114927401768,0.0,0.0,0.0,0.0,0.0,0.0098519923792169,8.964602336025228,1.149268082816565,1.0,1.1286782558067925,0.0,0.0,0.0,0.0,0.0,1.0,9.599114364051816,1040.9186176418627,49.27650279185157,302.7106577576344,18.99215487266697
22,250.0,48.62488483969365,0.95,0.0273659156250218,0.0,0.0,0.0,0.0,0.0,0.0226340843749782,302.48,85.27,0.8265009256810367,0.5702460987415697,71.91197889308408,19.516042272955616,1025.8525159710114,57.20795328604553,0.9616332408779416,0.0154016414353523,0.0,0.0,0.0,0.0,0.0,0.022965117686706,0.470706430477894,0.5202981727040604,0.0,0.0,0.0,0.0,0.0,0.0089953968180456,8.808806521453917,1.1616242971217303,1.0,1.1231309296399026,0.0,0.0,0.0,0.0,0.0,1.0,9.599114364051816,1040.9186176418627,49.27650279185157,302.7106577576344,18.99215487266697
22,250.0,54.44663335304125,0.95,0.0273659156250218,0.0,0.0,0.0,0.0,0.0,0.0226340843749782,302.48,85.27,0.8265009256810367,0.6385203864552744,71.91197889308408,19.516042272955616,1024.246168339148,58.92877214356516,0.9587245815524912,0.0183995096998831,0.0,0.0,0.0,0.0,0.0,0.0228759087476255,0.4336409948157235,0.5580371479044569,0.0,0.0,0.0,0.0,0.0,0.0083218572798193,8.655552765823403,1.1739200426258798,1.0,1.1177281113362647,0.0,0.0,0.0,0.0,0.0,1.0,9.599114364051816,1040.9186176418627,49.27650279185157,302.7106577576344,18.99215487266697
22,250.0,60.268381866388864,0.95,0.0273659156250218,0.0,0.0,0.0,0.0,0.0,0.0226340843749782,302.48,85.27,0.8265009256810367,0.7067946741689793,71.91197889308408,19.516042272955616,1022.6361119124506,60.66427203240328,0.9558149962929436,0.0213928238816116,0.0,0.0,0.0,0.0,0.0,0.0227921798254446,0.4036283937582801,0.5885920223443568,0.0,0.0,0.0,0.0,0.0,0.007779583897363,8.504803802449572,1.1861590601612575,1.0,1.1124795877621356,0.0,0.0,0.0,0.0,0.0,1.0,9.599114364051816,1040.9186176418627,49.27650279185157,302.7106577576344,18.99215487266697
22,250.0,66.09013037973646,0.95,0.0273659156250218,0.0,0.0,0.0,0.0,0.0,0.0226340843749782,302.48,85.27,0.8265009256810367,0.775068961882684,71.91197889308408,19.516042272955616,1021.0229017620712,62.41381607357192,0.9529064497577988,0.0243816078235256,0.0,0.0,0.0,0.0,0.0,0.0227119424186754,0.3788760631824001,0.6137891337427648,0.0,0.0,0.0,0.0,0.0,0.0073348030748351,8.356521281484472,1.1983382658425812,1.0,1.1073678546730414,0.0,0.0,0.0,0.0,0.0,1.0,9.599114364051816,1040.9186176418627,49.27650279185157,302.7106577576344,18.99215487266697
22,250.0,71.91187889308408,0.95,0.0273659156250218,0.0,0.0,0.0,0.0,0.0,0.0226340843749782,302.48,85.27,0.8265009256810367,0.843343249596389,71.91197889308408,19.516042272955616,1019.4068690347774,64.17705395815867,0.950000049896303,0.0273658644076789,0.0,0.0,0.0,0.0,0.0,0.022634085696018,0.3581520400243124,0.6348834685562874,0.0,0.0,0.0,0.0,0.0,0.0069644914194001,8.21067958176609,1.2104658165641615,1.0,1.102408448273402,0.0,0.0,0.0,0.0,0.0,1.0,9.599114364051816,1040.9186176418627,49.27650279185157,302.7106577576344,18.99215487266697
22,255.0,22.769959076508574,0.95,0.0273659156250218,0.0,0.0,0.0,0.0,0.0,0.0226340843749782,302.48,85.27,0.8430309441946574,0.26703364696269,70.8998858391393,22.76985907650857,1009.2189485358032,57.269552421421785,0.9696482652972894,0.0004599299450009,0.0,0.0,0.0,0.0,0.0,0.0298918047577095,0.9499977826623632,0.027368952007817,0.0,0.0,0.0,0.0,0.0,0.0226332653298198,8.462337446062993,1.1707555440403816,1.0,1.127684131302759,0.0,0.0,0.0,0.0,0.0,1.0,8.432227805466914,1017.7913832278248,57.90987351738985,302.7106577576344,22.13772066860631
22,255.0,28.11771760568977,0.95,0.0273659156250218,0.0,0.0,0.0,0.0,0.0,0.0226340843749782,302.48,85.27,0.8430309441946574,0.3297492389549638,70.8998858391393,22.76985907650857,1009.2170208102416,59.07392416521615,0.9727501467139098,0.0034479060908685,0.0,0.0,0.0,0.0,0.0,0.0238019471952216,0.8132068784691768,0.1711812160767051,0.0,0.0,0.0,0.0,0.0,0.015611905454118,8.304551146542535,1.1840461447975776,1.0,1.1206425884226334,0.0,0.0,0.0,0.0,0.0,1.0,8.432227805466914,1017.7913832278248,57.90987351738985,302.7106577576344,22.13772066860631
22,255.0,33.465476134870954,0.95,0.0273659156250218,0.0,0.0,0.0,0.0,0.0,0.0226340843749782,302.48,85.27,0.8430309441946574,0.3924648309472376,70.8998858391393,22.76985907650857,1007.6535636996512,60.73931516628854,0.970147256619846,0.0064500324437468,0.0,0.0,0.0,0.0,0.0,0.0234027109364071,0.7123326911693003,0.2741003351694784,0.0,0.0,0.0,0.0,0.0,0.0135669736612212,8.159624185659938,1.1966217154315046,1.0,1.1152180543127237,0.0,0.0,0.0,0.0,0.0,1.0,8.432227805466914,1017.7913832278248,57.90987351738985,302.7106577576344,22.13772066860631
22,255.0,38.81323466405215,0.95,0.0273659156250218,0.0,0.0,0.0,0.0,0.0,0.0226340843749782,302.48,85.27,0.8430309441946574,0.4551804229395115,70.8998858391393,22.76985907650857,1006.0308042092696,62.42225400430747,0.9673365164243756,0.0094481306583316,0.0,0.0,0.0,0.0,0.0,0.0232153529172929,0.6370838324089902,0.3507737137229879,0.0,0.0,0.0,0.0,0.0,0.0121424538680218,8.017356260110438,1.2091373422343608,1.0,1.11022559492815,0.0,0.0,0.0,0.0,0.0,1.0,8.432227805466914,1017.7913832278248,57.90987351738985,302.7106577576344,22.13772066860631
22,255.0,44.16099319323334,0.95,0.0273659156250218,0.0,0.0,0.0,0.0,0.0,0.0226340843749782,302.48,85.27,0.8430309441946574,0.5178960149317854,70.8998858391393,22.76985907650857,1004.3902814044184,64.12549695488956,0.9644722968393582,0.0124424885652707,0.0,0.0,0.0,0.0,0.0,0.0230852145953709,0.578949253127765,0.4099830508232719,0.0,0.0,0.0,0.0,0.0,0.0110676960489629,7.8773518776397,1.2216266573523953,1.0,1.1054887970465737,0.0,0.0,0.0,0.0,0.0,1.0,8.432227805466914,1017.7913832278248,57.90987351738985,302.7106577576344,22.13772066860631
22,255.0,49.50875172241453,0.95,0.0273659156250218,0.0,0.0,0.0,0.0,0.0,0.0226340843749782,302.48,85.27,0.8430309441946574,0.5806116069240592,70.8998858391393,22.76985907650857,1002.7406685019196,65.84811493422752,0.961587842836917,0.0154334263166707,0.0,0.0,0.0,0.0,0.0,0.0229787308464122,0.5327725778767756,0.4570025463338323,0.0,0.0,0.0,0.0,0.0,0.010224875789392,7.739490364278521,1.234085543434128,1.0,1.1009112363670923,0.0,0.0,0.0,0.0,0.0,1.0,8.432227805466914,1017.7913832278248,57.90987351738985,302.7106577576344,22.13772066860631
22,255.0,54.85651025159572,0.95,0.0273659156250218,0.0,0.0,0.0,0.0,0.0,0.0226340843749782,302.48,85.27,0.8430309441946574,0.6433271989163332,70.8998858391393,22.76985907650857,1001.084848603972,67.58892428745392,0.958694536389662,0.0184211408175157,0.0,0.0,0.0,0.0,0.0,0.0228843227928222,0.4952716790985166,0.4951818228533114,0.0,0.0,0.0,0.0,0.0,0.0095464980481717,7.603711147281971,1.2465185324150745,1.0,1.0964754035245654,0.0,0.0,0.0,0.0,0.0,1.0,8.432227805466914,1017.7913832278248,57.90987351738985,302.7106577576344,22.13772066860631
22,255.0,60.204268780776914,0.95,0.0273659156250218,0.0,0.0,0.0,0.0,0.0,0.0226340843749782,302.48,85.27,0.8430309441946574,0.706042790908607,70.8998858391393,22.76985907650857,999.424051248469,69.34697917359802,0.9557973218590862,0.021405746428901,0.0,0.0,0.0,0.0,0.0,0.0227969317120126,0.4642625887901267,0.5267477381400182,0.0,0.0,0.0,0.0,0.0,0.0089896730698549,7.469975897028074,1.2589385368965482,1.0,1.0921557600204994,0.0,0.0,0.0,0.0,0.0,1.0,8.432227805466914,1017.7913832278248,57.90987351738985,302.7106577576344,22.13772066860631
22,255.0,65.5520273099581,0.95,0.0273659156250218,0.0,0.0,0.0,0.0,0.0,0.0226340843749782,302.48,85.27,0.8430309441946574,0.7687583829008808,70.8998858391393,22.76985907650857,997.7588973355054,71.12161063146421,0.9528986949201146,0.0243873077088065,0.0,0.0,0.0,0.0,0.0,0.0227139973710787,0.4382371187228766,0.5532373893076867,0.0,0.0,0.0,0.0,0.0,0.0085254919694366,7.33825486478623,1.2713580722791211,1.0,1.0879526713590484,0.0,0.0,0.0,0.0,0.0,1.0,8.432227805466914,1017.7913832278248,57.90987351738985,302.7106577576344,22.13772066860631
22,255.0,70.8997858391393,0.95,0.0273659156250218,0.0,0.0,0.0,0.0,0.0,0.0226340843749782,302.48,85.27,0.8430309441946574,0.8314739748931547,70.8998858391393,22.76985907650857,996.0897426320904,72.91237630387094,0.9500000541917182,0.0273658599614288,0.0,0.0,0.0,0.0,0.0,0.0226340858468528,0.4161208148971366,0.5757455308601701,0.0,0.0,0.0,0.0,0.0,0.0081336542426932,7.208523057274228,1.28375780173264,1.0,1.083864873431538,0.0,0.0,0.0,0.0,0.0,1.0,8.432227805466914,1017.7913832278248,57.90987351738985,302.7106577576344,22.13772066860631
22,260.0,26.418591208397537,0.95,0.0273659156250218,0.0,0.0,0.0,0.0,0.0,0.0226340843749782,302.48,85.27,0.8595609627082782,0.3098228123419437,70.5776831156227,26.418491208397537,984.8554766069944,67.1662467723048,0.9696465084808008,0.0005992633199552,0.0,0.0,0.0,0.0,0.0,0.0297542281992437,0.9499981477721277,0.0273684391237643,0.0,0.0,0.0,0.0,0.0,0.0226334131041079,7.329345745092183,1.254758175094875,1.0,1.1020401067725598,0.0,0.0,0.0,0.0,0.0,1.0,7.296085655146154,993.0143761526203,67.92140682303575,302.7106577576344,25.654931900849267
22,260.0,31.32514586475589,0.95,0.0273659156250218,0.0,0.0,0.0,0.0,0.0,0.0226340843749782,302.48,85.27,0.8595609627082782,0.3673642062244153,70.5776831156227,26.418491208397537,984.6393390479352,69.02909871898811,0.972483619030845,0.0035617496207413,0.0,0.0,0.0,0.0,0.0,0.0239546313484136,0.8428122293943694,0.140849224589863,0.0,0.0,0.0,0.0,0.0,0.0163385460157675,7.189141714549559,1.268437975164754,1.0,1.0962277221126544,0.0,0.0,0.0,0.0,0.0,1.0,7.296085655146154,993.0143761526203,67.92140682303575,302.7106577576344,25.654931900849267
22,260.0,36.23170052111424,0.95,0.0273659156250218,0.0,0.0,0.0,0.0,0.0,0.0226340843749782,302.48,85.27,0.8595609627082782,0.4249056001068869,70.5776831156227,26.418491208397537,983.042948699404,70.72782688160588,0.9699781575099816,0.0065444126352178,0.0,0.0,0.0,0.0,0.0,0.0234774298548005,0.7577280481538735,0.2277543157174413,0.0,0.0,0.0,0.0,0.0,0.0145176361286852,7.061729098187151,1.281287911325912,1.0,1.0917116707922605,0.0,0.0,0.0,0.0,0.0,1.0,7.296085655146154,993.0143761526203,67.92140682303575,302.7106577576344,25.654931900849267
22,260.0,41.13825517747259,0.95,0.0273659156250218,0.0,0.0,0.0,0.0,0.0,0.0226340843749782,302.48,85.27,0.8595609627082782,0.4824469939893583,70.5776831156227,26.418491208397537,981.3774121229676,72.44010708975688,0.9672156454386166,0.0095248472214197,0.0,0.0,0.0,0.0,0.0,0.0232595073399636,0.6909589911527705,0.2958175618127865,0.0,0.0,0.0,0.0,0.0,0.0132234470344429,6.936734415365532,1.2940978748467928,1.0,1.0875723444064755,0.0,0.0,0.0,0.0,0.0,1.0,7.296085655146154,993.0143761526203,67.92140682303575,302.7106577576344,25.654931900849267
22,260.0,46.04480983383094,0.95,0.0273659156250218,0.0,0.0,0.0,0.0,0.0,0.0226340843749782,302.48,85.27,0.8595609627082782,0.53998838787183,70.5776831156227,26.418491208397537,979.6905532673214,74.17227576742506,0.9643838403431468,0.0125029491755975,0.0,0.0,0.0,0.0,0.0,0.0231132104812557,0.63732278233585,0.3504584197667157,0.0,0.0,0.0,0.0,0.0,0.0122187978974342,6.81367898591552,1.306910281241352,1.0,1.0836623932051184,0.0,0.0,0.0,0.0,0.0,1.0,7.296085655146154,993.0143761526203,67.92140682303575,302.7106577576344,25.654931900849267
22,260.0,50.95136449018929,0.95,0.0273659156250218,0.0,0.0,0.0,0.0,0.0,0.0226340843749782,302.48,85.27,0.8595609627082782,0.5975297817543016,70.5776831156227,26.418491208397537,977.9926086449144,75.92489626529769,0.9615242337509028,0.0154789823610956,0.0,0.0,0.0,0.0,0.0,0.0229967838880014,0.593373009254898,0.3952169442254862,0.0,0.0,0.0,0.0,0.0,0.0114100465196157,6.692415960152864,1.3197292983520186,1.0,1.0799130646752917,0.0,0.0,0.0,0.0,0.0,1.0,7.296085655146154,993.0143761526203,67.92140682303575,302.7106577576344,25.654931900849267
22,260.0,55.85791914654765,0.95,0.0273659156250218,0.0,0.0,0.0,0.0,0.0,0.0226340843749782,302.48,85.27,0.8595609627082782,0.6550711756367732,70.5776831156227,26.418491208397537,976.286980789146,77.69752758109259,0.9586511769153718,0.0184531612058504,0.0,0.0,0.0,0.0,0.0,0.0228956618787777,0.5567620460432785,0.4324938359298466,0.0,0.0,0.0,0.0,0.0,0.0107441180268748,6.572877317002668,1.3325653765414422,1.0,1.076285987851541,0.0,0.0,0.0,0.0,0.0,1.0,7.296085655146154,993.0143761526203,67.92140682303575,302.7106577576344,25.654931900849267
22,260.0,60.764473802906,0.95,0.0273659156250218,0.0,0.0,0.0,0.0,0.0,0.0226340843749782,302.48,85.27,0.8595609627082782,0.7126125695192448,70.5776831156227,26.418491208397537,974.5750933204253,79.48959090584579,0.955770925240076,0.0214256363783211,0.0,0.0,0.0,0.0,0.0,0.0228034383816028,0.5258410737033624,0.4639722417103635,0.0,0.0,0.0,0.0,0.0,0.010186684586274,6.455021490240475,1.3454396543264588,1.0,1.0727643533934836,0.0,0.0,0.0,0.0,0.0,1.0,7.296085655146154,993.0143761526203,67.92140682303575,302.7106577576344,25.654931900849267
22,260.0,65.67102845926435,0.95,0.0273659156250218,0.0,0.0,0.0,0.0,0.0,0.0226340843749782,302.48,85.27,0.8595609627082782,0.7701539634017164,70.5776831156227,26.418491208397537,972.8576401829232,81.30058265752531,0.952886632718412,0.0243965107641231,0.0,0.0,0.0,0.0,0.0,0.0227168565174649,0.4994197611663719,0.4908662227072234,0.0,0.0,0.0,0.0,0.0,0.0097140161264047,6.338819401138249,1.358334672917868,1.0,1.0693405510159937,0.0,0.0,0.0,0.0,0.0,1.0,7.296085655146154,993.0143761526203,67.92140682303575,302.7106577576344,25.654931900849267
22,260.0,70.5775831156227,0.95,0.0273659156250218,0.0,0.0,0.0,0.0,0.0,0.0226340843749782,302.48,85.27,0.8595609627082782,0.827695357284188,70.5776831156227,26.418491208397537,971.1350000857412,83.13011875639455,0.9500000588386188,0.0273658551301741,0.0,0.0,0.0,0.0,0.0,0.022634086031207,0.4766179319805665,0.514073059211417,0.0,0.0,0.0,0.0,0.0,0.0093090088080164,6.224249836732049,1.3712531760845352,1.0,1.0660121509365896,0.0,0.0,0.0,0.0,0.0,1.0,7.296085655146154,993.0143761526203,67.92140682303575,302.7106577576344,25.654931900849267
22,265.0,30.49632488193306,0.95,0.0273659156250218,0.0,0.0,0.0,0.0,0.0,0.0226340843749782,302.48,85.27,0.8760909812218989,0.3576442462992033,70.8890994699993,30.49622488193306,958.522021399852,78.70737278994964,0.9696576131354558,0.0007813470404469,0.0,0.0,0.0,0.0,0.0,0.0295610398240972,0.9499984481943424,0.0273680142564093,0.0,0.0,0.0,0.0,0.0,0.0226335375492481,6.229211533553899,1.3544363227566585,1.0,1.0782957702865514,0.0,0.0,0.0,0.0,0.0,1.0,6.194157229336726,966.2255774553212,79.59167899763797,302.7106577576344,29.571779036695137
22,265.0,34.98439983616264,0.95,0.0273659156250218,0.0,0.0,0.0,0.0,0.0,0.0226340843749782,302.48,85.27,0.8760909812218989,0.4102779387376878,70.8890994699993,30.49622488193306,958.0671706504166,80.64402672236288,0.972152538540454,0.003712893944625,0.0,0.0,0.0,0.0,0.0,0.0241345675149208,0.8670546768959836,0.1159294688306309,0.0,0.0,0.0,0.0,0.0,0.0170158542733854,6.105680901854267,1.3688545738612967,1.0,1.0736667381258582,0.0,0.0,0.0,0.0,0.0,1.0,6.194157229336726,966.2255774553212,79.59167899763797,302.7106577576344,29.571779036695137
22,265.0,39.47247479039222,0.95,0.0273659156250218,0.0,0.0,0.0,0.0,0.0,0.0226340843749782,302.48,85.27,0.8760909812218989,0.4629116311761724,70.8890994699993,30.49622488193306,956.434429786028,82.39315569951339,0.9697593231142771,0.0066707683029098,0.0,0.0,0.0,0.0,0.0,0.0235699085828128,0.7969608200988477,0.1876532066315172,0.0,0.0,0.0,0.0,0.0,0.015385973269635,5.99445528695343,1.382319081904293,1.0,1.069981122489095,0.0,0.0,0.0,0.0,0.0,1.0,6.194157229336726,966.2255774553212,79.59167899763797,302.7106577576344,29.571779036695137
22,265.0,43.9605497446218,0.95,0.0273659156250218,0.0,0.0,0.0,0.0,0.0,0.0226340843749782,302.48,85.27,0.8760909812218989,0.515545323614657,70.8890994699993,30.49622488193306,954.7236630665656,84.1506882570692,0.96705592822424,0.009628596688286,0.0,0.0,0.0,0.0,0.0,0.023315475087474,0.7394536455536351,0.2463236756884509,0.0,0.0,0.0,0.0,0.0,0.0142226787579139,5.885478649624187,1.3957577924769482,1.0,1.0666009413716409,0.0,0.0,0.0,0.0,0.0,1.0,6.194157229336726,966.2255774553212,79.59167899763797,302.7106577576344,29.571779036695137
22,265.0,48.44862469885138,0.95,0.0273659156250218,0.0,0.0,0.0,0.0,0.0,0.0226340843749782,302.48,85.27,0.8760909812218989,0.5681790160531416,70.8890994699993,30.49622488193306,952.9878977707908,85.92683481612691,0.9642649822537724,0.0125857076162183,0.0,0.0,0.0,0.0,0.0,0.0231493101300093,0.6915872607633415,0.2951120628052951,0.0,0.0,0.0,0.0,0.0,0.0133006764313634,5.778186135403463,1.4092192669879262,1.0,1.0634180417818313,0.0,0.0,0.0,0.0,0.0,1.0,6.194157229336726,966.2255774553212,79.59167899763797,302.7106577576344,29.571779036695137
22,265.0,52.93669965308096,0.95,0.0273659156250218,0.0,0.0,0.0,0.0,0.0,0.0226340843749782,302.48,85.27,0.8760909812218989,0.6208127084916262,70.8890994699993,30.49622488193306,951.2388960191712,87.72373503466517,0.9614373682013436,0.0155422310419705,0.0,0.0,0.0,0.0,0.0,0.0230204007566857,0.6512010722140851,0.3362572806402279,0.0,0.0,0.0,0.0,0.0,0.012541647145687,5.672412447318881,1.4227292348490033,1.0,1.060378705060313,0.0,0.0,0.0,0.0,0.0,1.0,6.194157229336726,966.2255774553212,79.59167899763797,302.7106577576344,29.571779036695137
22,265.0,57.42477460731054,0.95,0.0273659156250218,0.0,0.0,0.0,0.0,0.0,0.0226340843749782,302.48,85.27,0.8760909812218989,0.6734464009301108,70.8890994699993,30.49622488193306,949.4806064190371,89.54183743834051,0.9585909510162776,0.0184983585942885,0.0,0.0,0.0,0.0,0.0,0.0229106903894338,0.6167226323910301,0.371373937405794,0.0,0.0,0.0,0.0,0.0,0.0119034302031757,5.568080400096519,1.4363057110701407,1.0,1.057452897200437,0.0,0.0,0.0,0.0,0.0,1.0,6.194157229336726,966.2255774553212,79.59167899763797,302.7106577576344,29.571779036695137
22,265.0,61.91284956154013,0.95,0.0273659156250218,0.0,0.0,0.0,0.0,0.0,0.0226340843749782,302.48,85.27,0.8760909812218989,0.7260800933685954,70.8890994699993,30.49622488193306,947.71466839498,91.38110212557424,0.9557335767497538,0.0214542548942606,0.0,0.0,0.0,0.0,0.0,0.0228121683559857,0.5869875419850401,0.4016534827908968,0.0,0.0,0.0,0.0,0.0,0.011358975224063,5.465144855033156,1.4499413649023063,1.0,1.0546231661394172,0.0,0.0,0.0,0.0,0.0,1.0,6.194157229336726,966.2255774553212,79.59167899763797,302.7106577576344,29.571779036695137
22,265.0,66.4009245157697,0.95,0.0273659156250218,0.0,0.0,0.0,0.0,0.0,0.0226340843749782,302.48,85.27,0.8760909812218989,0.77871378580708,70.8890994699993,30.49622488193306,945.9418586453882,93.2413572624198,0.9528692113436558,0.0244100508621417,0.0,0.0,0.0,0.0,0.0,0.0227207377942024,0.5611171608896218,0.4279934551601585,0.0,0.0,0.0,0.0,0.0,0.0108893839502194,5.363576279516411,1.4636426564650946,1.0,1.0518791048428515,0.0,0.0,0.0,0.0,0.0,1.0,6.194157229336726,966.2255774553212,79.59167899763797,302.7106577576344,29.571779036695137
22,265.0,70.88899946999929,0.95,0.0273659156250218,0.0,0.0,0.0,0.0,0.0,0.0226340843749782,302.48,85.27,0.8760909812218989,0.8313474782455647,70.8890994699993,30.49622488193306,944.1625800597396,95.12242167489713,0.9500000639593256,0.0273658497770035,0.0,0.0,0.0,0.0,0.0,0.0226340862636709,0.538436770575841,0.4510824387304604,0.0,0.0,0.0,0.0,0.0,0.0104807906936984,5.26335232987898,1.477430805009091,1.0,1.049214214667167,0.0,0.0,0.0,0.0,0.0,1.0,6.194157229336726,966.2255774553212,79.59167899763797,302.7106577576344,29.571779036695137
22,270.0,35.041716101030154,0.95,0.0273659156250218,0.0,0.0,0.0,0.0,0.0,0.0226340843749782,302.48,85.27,0.8926209997355197,0.4109501125956392,71.78670881619587,35.04161610103015,929.7304076407388,92.27549596064424,0.9696672422698706,0.0010229346793591,0.0,0.0,0.0,0.0,0.0,0.0293098230507701,0.9499986984885758,0.0273676589142016,0.0,0.0,0.0,0.0,0.0,0.0226336425972224,5.166219013514233,1.4756500016258494,1.0,1.056651513253002,0.0,0.0,0.0,0.0,0.0,1.0,5.130843724671824,936.9320241360858,93.30322734807504,302.7106577576344,33.91794976874195
22,270.0,39.12448195827079,0.95,0.0273659156250218,0.0,0.0,0.0,0.0,0.0,0.0226340843749782,302.48,85.27,0.8926209997355197,0.4588305612556678,71.78670881619587,35.04161610103015,929.0121027507296,94.30140922309536,0.971742210579885,0.0039161571293468,0.0,0.0,0.0,0.0,0.0,0.0243416322907681,0.8867815061402013,0.0955493419618131,0.0,0.0,0.0,0.0,0.0,0.0176691518979857,5.058758471269548,1.491267264286246,1.0,1.0531255604191576,0.0,0.0,0.0,0.0,0.0,1.0,5.130843724671824,936.9320241360858,93.30322734807504,302.7106577576344,33.91794976874195
22,270.0,43.20724781551142,0.95,0.0273659156250218,0.0,0.0,0.0,0.0,0.0,0.0226340843749782,302.48,85.27,0.8926209997355197,0.5067110099156963,71.78670881619587,35.04161610103015,927.3347997951956,96.12002935274216,0.9694754520214162,0.0068416233686597,0.0,0.0,0.0,0.0,0.0,0.0236829246099241,0.8304316590365091,0.1533735467621292,0.0,0.0,0.0,0.0,0.0,0.0161947942013615,4.962670478146035,1.505777157289499,1.0,1.0502084016838251,0.0,0.0,0.0,0.0,0.0,1.0,5.130843724671824,936.9320241360858,93.30322734807504,302.7106577576344,33.91794976874195
22,270.0,47.29001367275205,0.95,0.0273659156250218,0.0,0.0,0.0,0.0,0.0,0.0226340843749782,302.48,85.27,0.8926209997355197,0.5545914585757248,71.78670881619587,35.04161610103015,925.5729500561732,97.94082797419308,0.9668445714390091,0.0097697345364845,0.0,0.0,0.0,0.0,0.0,0.0233856940245062,0.7823650921246832,0.2024807415744224,0.0,0.0,0.0,0.0,0.0,0.0151541663008944,4.868711194124751,1.5202675274854136,1.0,1.0475249720308166,0.0,0.0,0.0,0.0,0.0,1.0,5.130843724671824,936.9320241360858,93.30322734807504,302.7106577576344,33.91794976874195
22,270.0,51.37277952999269,0.95,0.0273659156250218,0.0,0.0,0.0,0.0,0.0,0.0226340843749782,302.48,85.27,0.8926209997355197,0.6024719072357534,71.78670881619587,35.04161610103015,923.7825208593306,99.77840989040408,0.964105548011994,0.0126990771222966,0.0,0.0,0.0,0.0,0.0,0.0231953748657091,0.7410592300500124,0.2446208940835494,0.0,0.0,0.0,0.0,0.0,0.0143198758664383,4.776232884355968,1.5348183927120689,1.0,1.0449987617351677,0.0,0.0,0.0,0.0,0.0,1.0,5.130843724671824,936.9320241360858,93.30322734807504,302.7106577576344,33.91794976874195
22,270.0,55.45554538723333,0.95,0.0273659156250218,0.0,0.0,0.0,0.0,0.0,0.0226340843749782,302.48,85.27,0.8926209997355197,0.650352355895782,71.78670881619587,35.04161610103015,921.9765203230188,101.63655251511824,0.9613194975856212,0.0156295731442306,0.0,0.0,0.0,0.0,0.0,0.0230509292701482,0.7052537806781931,0.281125009534661,0.0,0.0,0.0,0.0,0.0,0.0136212097871459,4.685051136846493,1.549463241198065,1.0,1.0425964733161983,0.0,0.0,0.0,0.0,0.0,1.0,5.130843724671824,936.9320241360858,93.30322734807504,302.7106577576344,33.91794976874195
22,270.0,59.53831124447396,0.95,0.0273659156250218,0.0,0.0,0.0,0.0,0.0,0.0226340843749782,302.48,85.27,0.8926209997355197,0.6982328045558105,71.78670881619587,35.04161610103015,920.1594011841468,103.51663935345196,0.958508322779822,0.0185613490240468,0.0,0.0,0.0,0.0,0.0,0.0229303281961312,0.6739671711774904,0.3130096891766147,0.0,0.0,0.0,0.0,0.0,0.0130231396458949,4.59508525479337,1.564241506041472,1.000000000091626,1.0402932517232033,0.0,0.0,0.0,0.0,0.0,1.0000000001246714,5.130843724671824,936.9320241360858,93.30322734807504,302.7106577576344,33.91794976874195
22,270.0,63.62107710171459,0.95,0.0273659156250218,0.0,0.0,0.0,0.0,0.0,0.0226340843749782,302.48,85.27,0.8926209997355197,0.746113253215839,71.78670881619587,35.04161610103015,918.3330151403784,105.41925319946232,0.9556817563795088,0.0214945590544473,0.0,0.0,0.0,0.0,0.0,0.0228236845660437,0.6464335488521443,0.3410623782155207,0.0,0.0,0.0,0.0,0.0,0.0125040729323348,4.50627799475679,1.5790797156400942,1.0,1.0380753292179976,0.0,0.0,0.0,0.0,0.0,1.0,5.130843724671824,936.9320241360858,93.30322734807504,302.7106577576344,33.91794976874195
22,270.0,67.70384295895522,0.95,0.0273659156250218,0.0,0.0,0.0,0.0,0.0,0.0226340843749782,302.48,85.27,0.8926209997355197,0.7939937018758675,71.78670881619587,35.04161610103015,916.4982246495003,107.34465548139688,0.9528447506601138,0.0244293474784327,0.0,0.0,0.0,0.0,0.0,0.0227259018614535,0.6220491556983933,0.365901737595648,0.0,0.0,0.0,0.0,0.0,0.0120491067059587,4.418609097873127,1.5940681608956055,1.0,1.0359328600541295,0.0,0.0,0.0,0.0,0.0,1.0,5.130843724671824,936.9320241360858,93.30322734807504,302.7106577576344,33.91794976874195
22,270.0,71.78660881619587,0.95,0.0273659156250218,0.0,0.0,0.0,0.0,0.0,0.0226340843749782,302.48,85.27,0.8926209997355197,0.8418741505358962,71.78670881619587,35.04161610103015,914.655455420232,109.29297929941056,0.950000069736392,0.0273658436974611,0.0,0.0,0.0,0.0,0.0,0.0226340865661468,0.6003325194496392,0.3880202051320343,0.0,0.0,0.0,0.0,0.0,0.0116472754183266,4.332056425462124,1.6091835241791637,1.0,1.0338616849303133,0.0,0.0,0.0,0.0,0.0,1.0,5.130843724671824,936.9320241360858,93.30322734807504,302.7106577576344,33.91794976874195
22,275.0,40.09963022385477,0.95,0.0273659156250218,0.0,0.0,0.0,0.0,0.0,0.0226340843749782,302.48,85.27,0.9091510182491404,0.4702665676539788,73.22704486211128,40.09953022385477,897.7866467921417,108.4181386664124,0.9696544531780422,0.001350764305986,0.0,0.0,0.0,0.0,0.0,0.0289947825159716,0.9499989098602662,0.027367358562654,0.0,0.0,0.0,0.0,0.0,0.0226337315770796,4.14592113803694,1.6278008671254731,1.0,1.037399639517146,0.0,0.0,0.0,0.0,0.0,1.0,4.11187312512685,904.4335281070778,109.60126774294156,302.7106577576344,38.72523437118672
22,275.0,43.78044296143882,0.95,0.0273659156250218,0.0,0.0,0.0,0.0,0.0,0.0226340843749782,302.48,85.27,0.9091510182491404,0.5134331296052401,73.22704486211128,40.09953022385477,896.7798152233264,110.54940176948443,0.9712325404968088,0.0041953172123452,0.0,0.0,0.0,0.0,0.0,0.0245721422908459,0.9027559034020314,0.0789223457095777,0.0,0.0,0.0,0.0,0.0,0.0183217508883907,4.05419519215345,1.6452685990825835,1.0,1.0348647921411842,0.0,0.0,0.0,0.0,0.0,1.0,4.11187312512685,904.4335281070778,109.60126774294156,302.7106577576344,38.72523437118672
22,275.0,47.461255699022885,0.95,0.0273659156250218,0.0,0.0,0.0,0.0,0.0,0.0226340843749782,302.48,85.27,0.9091510182491404,0.5565996915565016,73.22704486211128,40.09953022385477,895.0427136725704,112.45991690408414,0.9691038647672998,0.0070772919996029,0.0,0.0,0.0,0.0,0.0,0.0238188432330971,0.858695018257436,0.1243333320229573,0.0,0.0,0.0,0.0,0.0,0.0169716497196065,3.9724633388656456,1.6614461927041582,1.0,1.0326721251451478,0.0,0.0,0.0,0.0,0.0,1.0,4.11187312512685,904.4335281070778,109.60126774294156,302.7106577576344,38.72523437118672
22,275.0,51.14206843660694,0.95,0.0273659156250218,0.0,0.0,0.0,0.0,0.0,0.0226340843749782,302.48,85.27,0.9091510182491404,0.5997662535077629,73.22704486211128,40.09953022385477,893.2188493036929,114.36530848864732,0.9665619430328144,0.0099652336509106,0.0,0.0,0.0,0.0,0.0,0.0234728233162747,0.8198018918427421,0.1641575873018659,0.0,0.0,0.0,0.0,0.0,0.0160405208553918,3.892760196970202,1.6776205844492422,1.0,1.0306406538037671,0.0,0.0,0.0,0.0,0.0,1.0,4.11187312512685,904.4335281070778,109.60126774294156,302.7106577576344,38.72523437118672
22,275.0,54.822881174191,0.95,0.0273659156250218,0.0,0.0,0.0,0.0,0.0,0.0226340843749782,302.48,85.27,0.9091510182491404,0.6429328154590243,73.22704486211128,40.09953022385477,891.3633206887729,116.28532118893196,0.9638895884839416,0.0128568278667046,0.0,0.0,0.0,0.0,0.0,0.0232535836493537,0.7854138341658627,0.1992929044377797,0.0,0.0,0.0,0.0,0.0,0.0152932613963576,3.814371696959694,1.6939031901153785,1.0,1.028729817165997,0.0,0.0,0.0,0.0,0.0,1.0,4.11187312512685,904.4335281070778,109.60126774294156,302.7106577576344,38.72523437118672
22,275.0,58.50369391177505,0.95,0.0273659156250218,0.0,0.0,0.0,0.0,0.0,0.0226340843749782,302.48,85.27,0.9091510182491404,0.6860993774102856,73.22704486211128,40.09953022385477,889.4897201152903,118.22553381818032,0.9611582835838772,0.0157517206076657,0.0,0.0,0.0,0.0,0.0,0.0230899958084569,0.7548616437970208,0.2304773446607926,0.0,0.0,0.0,0.0,0.0,0.0146610115421866,3.737093266638681,1.7103292483025152,1.0,1.026918302219686,0.0,0.0,0.0,0.0,0.0,1.0,4.11187312512685,904.4335281070778,109.60126774294156,302.7106577576344,38.72523437118672
22,275.0,62.18450664935911,0.95,0.0273659156250218,0.0,0.0,0.0,0.0,0.0,0.0226340843749782,302.48,85.27,0.9091510182491404,0.7292659393615469,73.22704486211128,40.09953022385477,887.6028311825461,120.18829437616075,0.958394362881466,0.018649935679926,0.0,0.0,0.0,0.0,0.0,0.0229557014386077,0.7275811884331158,0.25830636082655,0.0,0.0,0.0,0.0,0.0,0.0141124507403341,3.660837355677997,1.7269224403237522,1.0,1.025189781213798,0.0,0.0,0.0,0.0,0.0,1.0,4.11187312512685,904.4335281070778,109.60126774294156,302.7106577576344,38.72523437118672
22,275.0,65.86531938694317,0.95,0.0273659156250218,0.0,0.0,0.0,0.0,0.0,0.0226340843749782,302.48,85.27,0.9091510182491404,0.7724325013128084,73.22704486211128,40.09953022385477,885.7046606827175,122.17483443914377,0.955609724225614,0.0215515949530547,0.0,0.0,0.0,0.0,0.0,0.0228386808213312,0.7031076914848772,0.2832628181134912,0.0,0.0,0.0,0.0,0.0,0.0136294904016317,3.5855552091702783,1.7436869213782709,1.0,1.0235338264641374,0.0,0.0,0.0,0.0,0.0,1.0,4.11187312512685,904.4335281070778,109.60126774294156,302.7106577576344,38.72523437118672
22,275.0,69.54613212452722,0.95,0.0273659156250218,0.0,0.0,0.0,0.0,0.0,0.0226340843749782,302.48,85.27,0.9091510182491404,0.8155990632640697,73.22704486211128,40.09953022385477,883.796129619984,124.18590334065794,0.952810483960782,0.0244568452806192,0.0,0.0,0.0,0.0,0.0,0.0227326707585988,0.6810582659410055,0.3057416095768709,0.0,0.0,0.0,0.0,0.0,0.0132001244821235,3.511216130249008,1.760652132697205,1.0,1.0219457884273733,0.0,0.0,0.0,0.0,0.0,1.0,4.11187312512685,904.4335281070778,109.60126774294156,302.7106577576344,38.72523437118672
22,275.0,73.22694486211128,0.95,0.0273659156250218,0.0,0.0,0.0,0.0,0.0,0.0226340843749782,302.48,85.27,0.9091510182491404,0.8587656252153312,73.22704486211128,40.09953022385477,881.8776714748001,126.22201543963564,0.950000076479416,0.0273658365462753,0.0,0.0,0.0,0.0,0.0,0.0226340869743086,0.6611158082810004,0.3260685069564059,0.0,0.0,0.0,0.0,0.0,0.0128156847625936,3.4377997550959587,1.7778152421249112,1.0,1.0204188358397392,0.0,0.0,0.0,0.0,0.0,1.0,4.11187312512685,904.4335281070778,109.60126774294156,302.7106577576344,38.72523437118672
22,280.0,45.72499382297178,0.95,0.0273659156250218,0.0,0.0,0.0,0.0,0.0,0.0226340843749782,302.48,85.27,0.9256810367627611,0.5362377603256924,75.16417987128504,45.72489382297178,861.6468408514895,127.96687978973824,0.9695849508859102,0.001810532996316,0.0,0.0,0.0,0.0,0.0,0.0286045161177736,0.949999091224206,0.0273671014392356,0.0,0.0,0.0,0.0,0.0,0.0226338073365582,3.175776576741696,1.827212757738532,1.0,1.0209983506441156,0.0,0.0,0.0,0.0,0.0,1.0,3.1449654870637134,867.6798743518019,129.30886906724652,302.7106577576344,44.02808165538378
22,280.0,48.99600338389548,0.95,0.0273659156250218,0.0,0.0,0.0,0.0,0.0,0.0226340843749782,302.48,85.27,0.9256810367627611,0.5745983743860148,75.16417987128504,45.72489382297178,860.3259517572612,130.22088178098105,0.9705933159618396,0.0045910755763659,0.0,0.0,0.0,0.0,0.0,0.0248156084617944,0.9156400535093094,0.0653657349283306,0.0,0.0,0.0,0.0,0.0,0.0189942115623599,3.099695099033835,1.8475268078592693,1.0,1.0193332796006376,0.0,0.0,0.0,0.0,0.0,1.0,3.1449654870637134,867.6798743518019,129.30886906724652,302.7106577576344,44.02808165538378
22,280.0,52.26701294481917,0.95,0.0273659156250218,0.0,0.0,0.0,0.0,0.0,0.0226340843749782,302.48,85.27,0.9256810367627611,0.6129589884463372,75.16417987128504,45.72489382297178,858.5033258693882,132.25083974733585,0.9686087765287286,0.0074128115290196,0.0,0.0,0.0,0.0,0.0,0.0239784119422517,0.882366510790865,0.0998853554969727,0.0,0.0,0.0,0.0,0.0,0.0177481337121621,3.03181840597889,1.8663842721056632,1.0,1.0178258362692854,0.0,0.0,0.0,0.0,0.0,1.0,3.1449654870637134,867.6798743518019,129.30886906724652,302.7106577576344,44.02808165538378
22,280.0,55.53802250574287,0.95,0.0273659156250218,0.0,0.0,0.0,0.0,0.0,0.0226340843749782,302.48,85.27,0.9256810367627611,0.6513196025066598,75.16417987128504,45.72489382297178,856.5984475504591,134.26747233853726,0.9661760714785436,0.0102445659385592,0.0,0.0,0.0,0.0,0.0,0.0235793625828971,0.8520866376977575,0.1310010236410582,0.0,0.0,0.0,0.0,0.0,0.0169123386611842,2.9658553356994184,1.885235817291276,1.0,1.01642256344184,0.0,0.0,0.0,0.0,0.0,1.0,3.1449654870637134,867.6798743518019,129.30886906724652,302.7106577576344,44.02808165538378
22,280.0,58.80903206666656,0.95,0.0273659156250218,0.0,0.0,0.0,0.0,0.0,0.0226340843749782,302.48,85.27,0.9256810367627611,0.6896802165669821,75.16417987128504,45.72489382297178,854.659957910076,136.29639268556588,0.9635906149790328,0.0130830364514517,0.0,0.0,0.0,0.0,0.0,0.0233263485695154,0.824624824331808,0.1591273177541067,0.0,0.0,0.0,0.0,0.0,0.0162478579140852,2.901059919368984,1.9042567759518847,1.0,1.0151046333236848,0.0,0.0,0.0,0.0,0.0,1.0,3.1449654870637134,867.6798743518019,129.30886906724652,302.7106577576344,44.02808165538378
22,280.0,62.08004162759026,0.95,0.0273659156250218,0.0,0.0,0.0,0.0,0.0,0.0226340843749782,302.48,85.27,0.9256810367627611,0.7280408306273046,75.16417987128504,45.72489382297178,852.7008056286934,138.34531197150395,0.9609329415412232,0.0159275344753003,0.0,0.0,0.0,0.0,0.0,0.0231395239834763,0.7996763549701617,0.1846391564251671,0.0,0.0,0.0,0.0,0.0,0.0156844886046713,2.8372175941623423,1.923506787769533,1.0,1.0138617646917816,0.0,0.0,0.0,0.0,0.0,1.0,3.1449654870637134,867.6798743518019,129.30886906724652,302.7106577576344,44.02808165538378
22,280.0,65.35105118851396,0.95,0.0273659156250218,0.0,0.0,0.0,0.0,0.0,0.0226340843749782,302.48,85.27,0.9256810367627611,0.7664014446876272,75.16417987128504,45.72489382297178,850.7257061697272,140.4176506425499,0.9582338573613376,0.0187779543674445,0.0,0.0,0.0,0.0,0.0,0.0229881882712177,0.7769516088799451,0.2078563969883841,0.0,0.0,0.0,0.0,0.0,0.0151919941316708,2.7742275344980305,1.9430074769160297,1.0,1.012685712208577,0.0,0.0,0.0,0.0,0.0,1.0,3.1449654870637134,867.6798743518019,129.30886906724652,302.7106577576344,44.02808165538378
22,280.0,68.62206074943765,0.95,0.0273659156250218,0.0,0.0,0.0,0.0,0.0,0.0226340843749782,302.48,85.27,0.9256810367627611,0.8047620587479495,75.16417987128504,45.72489382297178,848.736653490498,142.51533631054738,0.9555076024350914,0.0216343746742434,0.0,0.0,0.0,0.0,0.0,0.0228580228906653,0.7561958014607345,0.2290501717875991,0.0,0.0,0.0,0.0,0.0,0.0147540267516662,2.712055884368843,1.9627901321272567,1.0,1.0115705134666253,0.0,0.0,0.0,0.0,0.0,1.0,3.1449654870637134,867.6798743518019,129.30886906724652,302.7106577576344,44.02808165538378
22,280.0,71.89307031036134,0.95,0.0273659156250218,0.0,0.0,0.0,0.0,0.0,0.0226340843749782,302.48,85.27,0.9256810367627611,0.8431226728082719,75.16417987128504,45.72489382297178,846.7345433280423,144.63963251585034,0.9527616078076878,0.024496941084668,0.0,0.0,0.0,0.0,0.0,0.022741451107644,0.7371887273493093,0.2484509377036219,0.0,0.0,0.0,0.0,0.0,0.0143603349470688,2.6506629222958837,1.9828765511804287,1.0,1.0105123963654197,0.0,0.0,0.0,0.0,0.0,1.0,3.1449654870637134,867.6798743518019,129.30886906724652,302.7106577576344,44.02808165538378
22,280.0,75.16407987128504,0.95,0.0273659156250218,0.0,0.0,0.0,0.0,0.0,0.0226340843749782,302.48,85.27,0.9256810367627611,0.8814832868685943,75.16417987128504,45.72489382297178,844.7197614851053,146.79147825293137,0.950000084622608,0.0273658278307043,0.0,0.0,0.0,0.0,0.0,0.0226340875466876,0.7197407134783428,0.2662554674982606,0.0,0.0,0.0,0.0,0.0,0.0140038190233965,2.590029122581312,2.003262714788264,1.0,1.009508137591951,0.0,0.0,0.0,0.0,0.0,1.0,3.1449654870637134,867.6798743518019,129.30886906724652,302.7106577576344,44.02808165538378
22,285.0,51.99055768005629,0.95,0.0273659156250218,0.0,0.0,0.0,0.0,0.0,0.0226340843749782,302.48,85.27,0.9422110552763818,0.6097168720541373,77.53876431170232,51.99045768005628,819.6145478352095,152.29236496009548,0.9693947224885264,0.0024879763203814,0.0,0.0,0.0,0.0,0.0,0.0281173011910921,0.9499992501857012,0.0273668774245333,0.0,0.0,0.0,0.0,0.0,0.0226338723897654,2.2663103095829724,2.1053182641276686,1.0,1.0082513136716544,0.0,0.0,0.0,0.0,0.0,1.0,2.2410524707626744,824.9746819221486,153.77005765610247,302.7106577576344,49.86436423924916
22,285.0,54.82923619468362,0.95,0.0273659156250218,0.0,0.0,0.0,0.0,0.0,0.0226340843749782,302.48,85.27,0.9422110552763818,0.6430073436693283,77.53876431170232,51.99045768005628,817.9532284908863,154.68881302627702,0.9697719677786948,0.005179764707674,0.0,0.0,0.0,0.0,0.0,0.0250482675136311,0.925998965157773,0.0542975082283617,0.0,0.0,0.0,0.0,0.0,0.0197035266138653,2.2060228139494478,2.130195850219146,1.0,1.007338858772005,0.0,0.0,0.0,0.0,0.0,1.0,2.2410524707626744,824.9746819221486,153.77005765610247,302.7106577576344,49.86436423924916
22,285.0,57.66791470931096,0.95,0.0273659156250218,0.0,0.0,0.0,0.0,0.0,0.0226340843749782,302.48,85.27,0.9422110552763818,0.6762978152845193,77.53876431170232,51.99045768005628,816.0034378600874,156.87353096778543,0.9679281873394736,0.0079142868164536,0.0,0.0,0.0,0.0,0.0,0.0241575258440728,0.9020638512840852,0.0793754218666984,0.0,0.0,0.0,0.0,0.0,0.0185607268492164,2.1518346287551973,2.1544841358575755,1.0000000001067093,1.006492684244986,0.0,0.0,0.0,0.0,0.0,1.0000000002164389,2.2410524707626744,824.9746819221486,153.77005765610247,302.7106577576344,49.86436423924916
22,285.0,60.506593223938296,0.95,0.0273659156250218,0.0,0.0,0.0,0.0,0.0,0.0226340843749782,302.48,85.27,0.9422110552763818,0.7095882868997103,77.53876431170232,51.99045768005628,813.984951043328,159.03678996771887,0.965630101638525,0.0106636197956573,0.0,0.0,0.0,0.0,0.0,0.0237062785658175,0.8796733267830009,0.1025168601249708,0.0,0.0,0.0,0.0,0.0,0.0178098130920283,2.0993689550546453,2.1768065679451767,1.0,1.0057022506692044,0.0,0.0,0.0,0.0,0.0,1.0,2.2410524707626744,824.9746819221486,153.77005765610247,302.7106577576344,49.86436423924916
22,285.0,63.34527173856564,0.95,0.0273659156250218,0.0,0.0,0.0,0.0,0.0,0.0226340843749782,302.48,85.27,0.9422110552763818,0.7428787585149014,77.53876431170232,51.99045768005628,811.9329146737979,161.2100985529422,0.9631606569681062,0.0134235851654967,0.0,0.0,0.0,0.0,0.0,0.023415757866397,0.8588954105421338,0.1238816363583552,0.0,0.0,0.0,0.0,0.0,0.017222953099511,2.047935156521384,2.200384375293787,1.0,1.0049748597993131,0.0,0.0,0.0,0.0,0.0,1.0,2.2410524707626744,824.9746819221486,153.77005765610247,302.7106577576344,49.86436423924916
22,285.0,66.18395025319298,0.95,0.0273659156250218,0.0,0.0,0.0,0.0,0.0,0.0226340843749782,302.48,85.27,0.9422110552763818,0.7761692301300924,77.53876431170232,51.99045768005628,809.8576300139562,163.40375238480516,0.9606053255901972,0.0161931392374543,0.0,0.0,0.0,0.0,0.0,0.0232015351723485,0.8396339553607329,0.1436372292256729,0.0,0.0,0.0,0.0,0.0,0.016728815413594,1.997310999783124,2.2243176051345923,1.0,1.0043033157505643,0.0,0.0,0.0,0.0,0.0,1.0,2.2410524707626744,824.9746819221486,153.77005765610247,302.7106577576344,49.86436423924916
22,285.0,69.02262876782031,0.95,0.0273659156250218,0.0,0.0,0.0,0.0,0.0,0.0226340843749782,302.48,85.27,0.9422110552763818,0.8094597017452834,77.53876431170232,51.99045768005628,807.7629730379888,165.6225106699248,0.9579985859249742,0.0189720429768076,0.0,0.0,0.0,0.0,0.0,0.0230293710982181,0.8217668860410628,0.1619362556765626,0.0,0.0,0.0,0.0,0.0,0.0162968582823745,1.947398674796193,2.248656492587897,1.0,1.0036842834192072,0.0,0.0,0.0,0.0,0.0,1.0,2.2410524707626744,824.9746819221486,153.77005765610247,302.7106577576344,49.86436423924916
22,285.0,71.86130728244765,0.95,0.0273659156250218,0.0,0.0,0.0,0.0,0.0,0.0226340843749782,302.48,85.27,0.9422110552763818,0.8427501733604744,77.53876431170232,51.99045768005628,805.650562038971,167.8691187228188,0.9553569060332934,0.0217603381188601,0.0,0.0,0.0,0.0,0.0,0.0228827558478464,0.8051745459478947,0.1789142725513088,0.0,0.0,0.0,0.0,0.0,0.0159111815007964,1.8981512184903344,2.2734595280538885,1.0,1.0031157373920805,0.0,0.0,0.0,0.0,0.0,1.0,2.2410524707626744,824.9746819221486,153.77005765610247,302.7106577576344,49.86436423924916
22,285.0,74.69998579707499,0.95,0.0273659156250218,0.0,0.0,0.0,0.0,0.0,0.0226340843749782,302.48,85.27,0.9422110552763818,0.8760406449756655,77.53876431170232,51.99045768005628,803.5210527128369,170.14545728696038,0.952689062358221,0.0245581882060458,0.0,0.0,0.0,0.0,0.0,0.022752749435733,0.789746723731862,0.1946909746305072,0.0,0.0,0.0,0.0,0.0,0.0155623016376307,1.8495557751313765,2.300451612710424,1.000000000003478,1.0026013257425783,0.0,0.0,0.0,0.0,0.0,1.0000000000086464,2.2410524707626744,824.9746819221486,153.77005765610247,302.7106577576344,49.86436423924916
22,285.0,77.53866431170232,0.95,0.0273659156250218,0.0,0.0,0.0,0.0,0.0,0.0226340843749782,302.48,85.27,0.9422110552763818,0.9093311165908564,77.53876431170232,51.99045768005628,801.3746382746214,172.45296308735436,0.9500000950290364,0.0273658165741593,0.0,0.0,0.0,0.0,0.0,0.022634088396804,0.7753839405547868,0.2093720888283587,0.0,0.0,0.0,0.0,0.0,0.0152439706168545,1.801551433121113,2.3244939225638244,1.0,1.002124094956889,0.0,0.0,0.0,0.0,0.0,1.0,2.2410524707626744,824.9746819221486,153.77005765610247,302.7106577576344,49.86436423924916
22,290.0,59.00601093960956,0.95,0.0273659156250218,0.0,0.0,0.0,0.0,0.0,0.0226340843749782,302.48,85.27,0.9587410737900026,0.691990277232433,80.25361829662151,59.00591093960956,768.5977542478803,183.946636352161,0.9689429103736148,0.0035677519852038,0.0,0.0,0.0,0.0,0.0,0.0274893376411812,0.94999939447752,0.0273666763488376,0.0,0.0,0.0,0.0,0.0,0.0226339291736421,1.4335338567816551,2.536842028358476,1.0000000000673157,1.0007794909482473,0.0,0.0,0.0,0.0,0.0,1.0000000000849156,1.4167983026644004,773.2637021553837,185.44864903964933,302.7106577576344,56.27641671412855
22,290.0,61.366845090388665,0.95,0.0273659156250218,0.0,0.0,0.0,0.0,0.0,0.0226340843749782,302.48,85.27,0.9587410737900026,0.7196768510658926,80.25361829662151,59.00591093960956,766.5676190070387,186.50914851302772,0.9686559044540048,0.0061256384454117,0.0,0.0,0.0,0.0,0.0,0.0252184571005833,0.93431942881533,0.0452186913571306,0.0,0.0,0.0,0.0,0.0,0.0204618798275394,1.38944351848277,2.570170253529952,1.0000000004416134,1.0005420155378912,0.0,0.0,0.0,0.0,0.0,1.0000000005650405,1.4167983026644004,773.2637021553837,185.44864903964933,302.7106577576344,56.27641671412855
22,290.0,63.72767924116777,0.95,0.0273659156250218,0.0,0.0,0.0,0.0,0.0,0.0226340843749782,302.48,85.27,0.9587410737900026,0.7473634248993524,80.25361829662151,59.00591093960956,764.4245331178257,188.89541405545808,0.9669375866817348,0.0087246899998011,0.0,0.0,0.0,0.0,0.0,0.0243377233184639,0.9183817980176096,0.0621643817874493,0.0,0.0,0.0,0.0,0.0,0.0194538201949409,1.3492097440327468,2.6019750426706367,1.0000000003937832,1.0003441023096384,0.0,0.0,0.0,0.0,0.0,1.000000000521691,1.4167983026644004,773.2637021553837,185.44864903964933,302.7106577576344,56.27641671412855
22,290.0,66.08851339194688,0.95,0.0273659156250218,0.0,0.0,0.0,0.0,0.0,0.0226340843749782,302.48,85.27,0.9587410737900026,0.775049998732812,80.25361829662151,59.00591093960956,762.2355284449235,191.25540318507785,0.964808161178262,0.0113438391533635,0.0,0.0,0.0,0.0,0.0,0.0238479996683745,0.9030942922725956,0.078116770313783,0.0,0.0,0.0,0.0,0.0,0.0187889374136214,1.310390467704024,2.6338859383735382,1.000000000201286,1.000190752268858,0.0,0.0,0.0,0.0,0.0,1.0000000002792693,1.4167983026644004,773.2637021553837,185.44864903964933,302.7106577576344,56.27641671412855
22,290.0,68.44934754272597,0.95,0.0273659156250218,0.0,0.0,0.0,0.0,0.0,0.0226340843749782,302.48,85.27,0.9587410737900026,0.8027365725662716,80.25361829662151,59.00591093960956,760.0156638540911,193.62433940691668,0.962500383734858,0.0139786114964059,0.0,0.0,0.0,0.0,0.0,0.023521004768736,0.8886046341296743,0.093117371934457,0.0,0.0,0.0,0.0,0.0,0.0182779939358686,1.2724323101415738,2.666317184131089,1.000000000065257,1.0000823826528058,0.0,0.0,0.0,0.0,0.0,1.0000000000918996,1.4167983026644004,773.2637021553837,185.44864903964933,302.7106577576344,56.27641671412855
22,290.0,70.81018169350509,0.95,0.0273659156250218,0.0,0.0,0.0,0.0,0.0,0.0226340843749782,302.48,85.27,0.9587410737900026,0.8304231463997314,80.25361829662151,59.00591093960956,757.7697763732091,196.01536339570652,0.960095425984971,0.0166277199931129,0.0,0.0,0.0,0.0,0.0,0.023276854021916,0.8749206024051226,0.1072255729094066,0.0,0.0,0.0,0.0,0.0,0.0178538246854707,1.2351406750731742,2.6994195368886724,1.000000000000082,1.000018911477402,0.0,0.0,0.0,0.0,0.0,1.0000000000001137,1.4167983026644004,773.2637021553837,185.44864903964933,302.7106577576344,56.27641671412855
22,290.0,73.1710158442842,0.95,0.0273659156250218,0.0,0.0,0.0,0.0,0.0,0.0226340843749782,302.48,85.27,0.9587410737900026,0.8581097202331911,80.25361829662151,59.00591093960956,755.4995847988565,198.4349461287948,0.9576287371063468,0.0192908458644843,0.0,0.0,0.0,0.0,0.0,0.0230804170291687,0.8620125570406709,0.1205012183682204,0.0,0.0,0.0,0.0,0.0,0.0174862245911086,1.1984309107310775,2.733298637951054,1.0000000000000226,1.0000000000000715,0.0,0.0,0.0,0.0,0.0,1.0000000000000902,1.4167983026644004,773.2637021553837,185.44864903964933,302.7106577576344,56.27641671412855
22,290.0,75.5318499950633,0.95,0.0273659156250218,0.0,0.0,0.0,0.0,0.0,0.0226340843749782,302.48,85.27,0.9587410737900026,0.8857962940666506,80.25361829662151,59.00591093960956,753.2055873588572,200.88699650257985,0.955118106450842,0.0219680534591315,0.0,0.0,0.0,0.0,0.0,0.0229138400900264,0.8498400328745471,0.1330006268753811,0.0,0.0,0.0,0.0,0.0,0.0171593402500717,1.1622503220133698,2.768028363888999,1.0000000000000444,1.0000000000000695,0.0,0.0,0.0,0.0,0.0,1.0000000000001024,1.4167983026644004,773.2637021553837,185.44864903964933,302.7106577576344,56.27641671412855
22,290.0,77.8926841458424,0.95,0.0273659156250218,0.0,0.0,0.0,0.0,0.0,0.0226340843749782,302.48,85.27,0.9587410737900026,0.9134828679001102,80.25361829662151,59.00591093960956,750.8877184926034,203.37425199708517,0.9525733211602088,0.0246595895932549,0.0,0.0,0.0,0.0,0.0,0.0227670892465362,0.8383604000725722,0.1447757283337913,0.0,0.0,0.0,0.0,0.0,0.0168638715936365,1.1265768484158838,2.8036607009917245,1.0000000000000635,1.0000000000000684,0.0,0.0,0.0,0.0,0.0,1.0000000000000933,1.4167983026644004,773.2637021553837,185.44864903964933,302.7106577576344,56.27641671412855
22,290.0,80.25351829662151,0.95,0.0273659156250218,0.0,0.0,0.0,0.0,0.0,0.0226340843749782,302.48,85.27,0.9587410737900026,0.94116944173357,80.25361829662151,59.00591093960956,748.545622315013,205.89885666519973,0.950000109513662,0.0273658007100696,0.0,0.0,0.0,0.0,0.0,0.0226340897762683,0.8275320599231458,0.1558740598792747,0.0,0.0,0.0,0.0,0.0,0.0165938801975793,1.0914013065889492,2.8402565782943525,1.0000000000001383,1.00000000000022,0.0,0.0,0.0,0.0,0.0,1.0000000000001377,1.4167983026644004,773.2637021553837,185.44864903964933,302.7106577576344,56.27641671412855
22,295.0,66.98064255881492,0.95,0.0273659156250218,0.0,0.0,0.0,0.0,0.0,0.0226340843749782,302.48,85.27,0.9752710923036232,0.7855124024723223,83.09935595306658,66.98054255881492,701.7453061751814,228.7799222236543,0.9678313530142784,0.005552259779904,0.0,0.0,0.0,0.0,0.0,0.0266163872058176,0.9499995251039848,0.0273664965802769,0.0,0.0,0.0,0.0,0.0,0.0226339783157383,0.7045600476569173,3.3043912646685096,1.0,1.0,0.0,0.0,0.0,0.0,0.0,1.0,0.7007191954812403,705.9625820508377,229.82343987692175,302.7106577576344,63.31231171729296
22,295.0,68.77159960262065,0.95,0.0273659156250218,0.0,0.0,0.0,0.0,0.0,0.0226340843749782,302.48,85.27,0.9752710923036232,0.8065157687653414,83.09935595306658,66.98054255881492,699.3141820636637,231.5368188283762,0.9669204672073012,0.0078754705181373,0.0,0.0,0.0,0.0,0.0,0.0252040622745614,0.9410529755779348,0.037671865586792,0.0,0.0,0.0,0.0,0.0,0.0212751588352733,0.6778280164049671,3.3958225426606305,1.000000000001689,1.0000000000003604,0.0,0.0,0.0,0.0,0.0,1.0000000000017144,0.7007191954812403,705.9625820508377,229.82343987692175,302.7106577576344,63.31231171729296
22,295.0,70.5625566464264,0.95,0.0273659156250218,0.0,0.0,0.0,0.0,0.0,0.0226340843749782,302.48,85.27,0.9752710923036232,0.8275191350583605,83.09935595306658,66.98054255881492,696.8746858705518,234.18664810692903,0.965313208420899,0.0102345670190139,0.0,0.0,0.0,0.0,0.0,0.0244522245600871,0.9319209911936596,0.0475914486289224,0.0,0.0,0.0,0.0,0.0,0.0204875601774177,0.6524530160777844,3.447333807567321,1.0000000000014593,1.000000000000538,0.0,0.0,0.0,0.0,0.0,1.0000000000015288,0.7007191954812403,705.9625820508377,229.82343987692175,302.7106577576344,63.31231171729296
22,295.0,72.35351369023213,0.95,0.0273659156250218,0.0,0.0,0.0,0.0,0.0,0.0226340843749782,302.48,85.27,0.9752710923036232,0.8485225013513796,83.09935595306658,66.98054255881492,694.4126012478749,236.81833069287265,0.9634105715460902,0.0126186385617888,0.0,0.0,0.0,0.0,0.0,0.023970789892121,0.922973392444528,0.0570864139893151,0.0,0.0,0.0,0.0,0.0,0.0199401935661568,0.6279995550616201,3.4995810419377165,1.000000000001107,1.0000000000001863,0.0,0.0,0.0,0.0,0.0,1.0000000000010785,0.7007191954812403,705.9625820508377,229.82343987692175,302.7106577576344,63.31231171729296
22,295.0,74.14447073403788,0.95,0.0273659156250218,0.0,0.0,0.0,0.0,0.0,0.0226340843749782,302.48,85.27,0.9752710923036232,0.8695258676443988,83.09935595306658,66.98054255881492,691.9222906820107,239.46367712957948,0.9613503197441978,0.0150243805489863,0.0,0.0,0.0,0.0,0.0,0.0236252997068159,0.9143236057051578,0.0661579040006223,0.0,0.0,0.0,0.0,0.0,0.0195184902942199,0.6041668873900535,3.5531370519582426,1.0000000000009028,1.0000000000003106,0.0,0.0,0.0,0.0,0.0,1.0000000000010454,0.7007191954812403,705.9625820508377,229.82343987692175,302.7106577576344,63.31231171729296
22,295.0,75.93542777784361,0.95,0.0273659156250218,0.0,0.0,0.0,0.0,0.0,0.0226340843749782,302.48,85.27,0.9752710923036232,0.8905292339374178,83.09935595306658,66.98054255881492,689.4005434590066,242.13752023348212,0.9591918330260624,0.0174507709499663,0.0,0.0,0.0,0.0,0.0,0.0233573960239713,0.9060097938583276,0.0748177412775863,0.0,0.0,0.0,0.0,0.0,0.0191724648640859,0.580837306545614,3.6083396085485218,1.0000000000010465,1.0000000000003686,0.0,0.0,0.0,0.0,0.0,1.0000000000011453,0.7007191954812403,705.9625820508377,229.82343987692175,302.7106577576344,63.31231171729296
22,295.0,77.72638482164936,0.95,0.0273659156250218,0.0,0.0,0.0,0.0,0.0,0.0226340843749782,302.48,85.27,0.9752710923036232,0.911532600230437,83.09935595306658,66.98054255881492,686.8449780357156,244.848317902035,0.9569645866439696,0.0198976888527904,0.0,0.0,0.0,0.0,0.0,0.02313772450324,0.8980423611137826,0.0830808416627306,0.0,0.0,0.0,0.0,0.0,0.0188767972234868,0.5579431623085944,3.6654120542920903,1.0000000000008824,1.0000000000002314,0.0,0.0,0.0,0.0,0.0,1.000000000001002,0.7007191954812403,705.9625820508377,229.82343987692175,302.7106577576344,63.31231171729296
22,295.0,79.5173418654551,0.95,0.0273659156250218,0.0,0.0,0.0,0.0,0.0,0.0226340843749782,302.48,85.27,0.9752710923036232,0.932535966523456,83.09935595306658,66.98054255881492,684.2535684412483,247.601675844506,0.9546846446541882,0.0223654350833134,0.0,0.0,0.0,0.0,0.0,0.0229499202624984,0.8904199797153903,0.0909627845660689,0.0,0.0,0.0,0.0,0.0,0.0186172357185406,0.5354602664985584,3.7245505618589902,1.0000000000009628,1.0000000000005704,0.0,0.0,0.0,0.0,0.0,1.0000000000012583,0.7007191954812403,705.9625820508377,229.82343987692175,302.7106577576344,63.31231171729296
22,295.0,81.30829890926083,0.95,0.0273659156250218,0.0,0.0,0.0,0.0,0.0,0.0226340843749782,302.48,85.27,0.9752710923036232,0.9535393328164752,83.09935595306658,66.98054255881492,681.6243556744791,250.40190145794605,0.9523613011266032,0.0248545616576536,0.0,0.0,0.0,0.0,0.0,0.0227841372157431,0.883136084280411,0.0984788110216865,0.0,0.0,0.0,0.0,0.0,0.0183851046979022,0.5133536755409878,3.7859454730672266,1.0000000000009042,1.0000000000007174,0.0,0.0,0.0,0.0,0.0,1.000000000001074,0.7007191954812403,705.9625820508377,229.82343987692175,302.7106577576344,63.31231171729296
22,295.0,83.09925595306657,0.95,0.0273659156250218,0.0,0.0,0.0,0.0,0.0,0.0226340843749782,302.48,85.27,0.9752710923036232,0.9745426991094944,83.09935595306658,66.98054255881492,678.9554131739842,253.2525632985176,0.9500001325229523,0.0273657750964733,0.0,0.0,0.0,0.0,0.0,0.0226340923805741,0.8761816884266659,0.1056435270122848,0.0,0.0,0.0,0.0,0.0,0.0181747845610493,0.4916204167529314,3.849776868403751,1.0000000000008653,1.0000000000006988,0.0,0.0,0.0,0.0,0.0,1.0000000000012677,0.7007191954812403,705.9625820508377,229.82343987692175,302.7106577576344,63.31231171729296
23,200.0,2.7675795350126298,0.95,0.0,0.0,0.0,0.0,0.0,0.05,0.0,298.92,79.64,0.6690753378830456,0.0347511242467683,14.147402430467531,2.7674795350126296,1221.5192731456186,7.508209862229304,0.9993579005985176,0.0,0.0,0.0,0.0,0.0,0.0006420994014822,0.0,0.9499669536635624,0.0,0.0,0.0,0.0,0.0,0.0500330463364376,0.0,22.472883264853014,0.6844716301221916,1.0000000090863723,0.0,0.0,0.0,0.0,0.0,4.310973544600198,0.0,22.53960113748808,1221.920496490378,7.249541730897533,302.7106577576344,2.6239816647333654
23,200.0,4.031993190063174,0.95,0.0,0.0,0.0,0.0,0.0,0.05,0.0,298.92,79.64,0.6690753378830456,0.0506277397044597,14.147402430467531,2.7674795350126296,1217.9949648334195,9.797424440922727,0.9937262516713968,0.0,0.0,0.0,0.0,0.0,0.0062737483286033,0.0,0.6626918847690978,0.0,0.0,0.0,0.0,0.0,0.3373081152309022,0.0,21.89922763883589,0.7018878092832779,1.000000001768892,0.0,0.0,0.0,0.0,0.0,4.115816135782623,0.0,22.53960113748808,1221.920496490378,7.249541730897533,302.7106577576344,2.6239816647333654
23,200.0,5.296406845113719,0.95,0.0,0.0,0.0,0.0,0.0,0.05,0.0,298.92,79.64,0.6690753378830456,0.0665043551621511,14.147402430467531,2.7674795350126296,1214.4855027800106,12.107567337179644,0.988133504190854,0.0,0.0,0.0,0.0,0.0,0.0118664958091458,0.0,0.5122911632029405,0.0,0.0,0.0,0.0,0.0,0.4877088367970595,0.0,21.34866521108577,0.718744542323229,1.0000000006857148,0.0,0.0,0.0,0.0,0.0,3.9414007757032974,0.0,22.53960113748808,1221.920496490378,7.249541730897533,302.7106577576344,2.6239816647333654
23,200.0,6.560820500164263,0.95,0.0,0.0,0.0,0.0,0.0,0.05,0.0,298.92,79.64,0.6690753378830456,0.0823809706198425,14.147402430467531,2.7674795350126296,1210.9903444838562,14.438900470267056,0.9825786255258432,0.0,0.0,0.0,0.0,0.0,0.0174213744741569,0.0,0.4198475644933729,0.0,0.0,0.0,0.0,0.0,0.5801524355066271,0.0,20.819088442395856,0.7351028127922553,1.0,0.0,0.0,0.0,0.0,0.0,3.784620709973242,0.0,22.53960113748808,1221.920496490378,7.249541730897533,302.7106577576344,2.6239816647333654
23,200.0,7.825234155214808,0.95,0.0,0.0,0.0,0.0,0.0,0.05,0.0,298.92,79.64,0.6690753378830456,0.098257586077534,14.147402430467531,2.7674795350126296,1207.5090536626583,16.791747906634345,0.97706075310329,0.0,0.0,0.0,0.0,0.0,0.02293924689671,0.0,0.3573311333251957,0.0,0.0,0.0,0.0,0.0,0.6426688666748042,0.0,20.30871700672548,0.7510225330453473,1.0,0.0,0.0,0.0,0.0,0.0,3.642909970602382,0.0,22.53960113748808,1221.920496490378,7.249541730897533,302.7106577576344,2.6239816647333654
23,200.0,9.089647810265353,0.95,0.0,0.0,0.0,0.0,0.0,0.05,0.0,298.92,79.64,0.6690753378830456,0.1141342015352254,14.147402430467531,2.7674795350126296,1204.0412395339897,19.16646815112756,0.9715791011429916,0.0,0.0,0.0,0.0,0.0,0.0284208988570083,0.0,0.3122783941563161,0.0,0.0,0.0,0.0,0.0,0.6877216058436839,0.0,19.816020317363296,0.7665902683073732,1.0,0.0,0.0,0.0,0.0,0.0,3.513880131532224,0.0,22.53960113748808,1221.920496490378,7.249541730897533,302.7106577576344,2.6239816647333654
23,200.0,10.354061465315898,0.95,0.0,0.0,0.0,0.0,0.0,0.05,0.0,298.92,79.64,0.6690753378830456,0.1300108169929168,14.147402430467531,2.7674795350126296,1200.5865374464863,21.56344181284947,0.9661329306735376,0.0,0.0,0.0,0.0,0.0,0.0338670693264623,0.0,0.2783040341753785,0.0,0.0,0.0,0.0,0.0,0.7216959658246215,0.0,19.33967135064171,0.7818060918293753,1.0,0.0,0.0,0.0,0.0,0.0,3.395847316837937,0.0,22.53960113748808,1221.920496490378,7.249541730897533,302.7106577576344,2.6239816647333654
23,200.0,11.618475120366442,0.95,0.0,0.0,0.0,0.0,0.0,0.05,0.0,298.92,79.64,0.6690753378830456,0.1458874324506082,14.147402430467531,2.7674795350126296,1197.1446017528249,23.983066185083825,0.9607215382656156,0.0,0.0,0.0,0.0,0.0,0.0392784617343842,0.0,0.2517984654197475,0.0,0.0,0.0,0.0,0.0,0.7482015345802524,0.0,18.878510417179584,0.7967687210780711,1.0000000006681506,0.0,0.0,0.0,0.0,0.0,3.28743758836017,0.0,22.53960113748808,1221.920496490378,7.249541730897533,302.7106577576344,2.6239816647333654
23,200.0,12.882888775416989,0.95,0.0,0.0,0.0,0.0,0.0,0.05,0.0,298.92,79.64,0.6690753378830456,0.1617640479082996,14.147402430467531,2.7674795350126296,1193.715102475827,26.425752708140493,0.9553442505825612,0.0,0.0,0.0,0.0,0.0,0.0446557494174386,0.0,0.2305674703602959,0.0,0.0,0.0,0.0,0.0,0.7694325296397041,0.0,18.431515414246405,0.811483175829985,1.0000000014869803,0.0,0.0,0.0,0.0,0.0,3.187583969617265,0.0,22.53960113748808,1221.920496490378,7.249541730897533,302.7106577576344,2.6239816647333654
23,200.0,14.147302430467532,0.95,0.0,0.0,0.0,0.0,0.0,0.05,0.0,298.92,79.64,0.6690753378830456,0.1776406633659911,14.147402430467531,2.7674795350126296,1190.2977231263717,28.89192572081356,0.9500004207291785,0.0,0.0,0.0,0.0,0.0,0.0499995792708217,0.0,0.213200450926893,0.0,0.0,0.0,0.0,0.0,0.786799549073107,0.0,17.9977812635269,0.8260121752937054,1.00000000153373,0.0,0.0,0.0,0.0,0.0,3.095141555777374,0.0,22.53960113748808,1221.920496490378,7.249541730897533,302.7106577576344,2.6239816647333654
23,205.0,3.5398503315566465,0.95,0.0,0.0,0.0,0.0,0.0,0.05,0.0,298.92,79.64,0.6858022213301217,0.0444481458005606,15.826709276493416,3.5397503315566463,1205.7977316549554,9.45386414915302,0.9992376538601336,0.0,0.0,0.0,0.0,0.0,0.0007623461398662,0.0,0.9499743851783312,0.0,0.0,0.0,0.0,0.0,0.0500256148216689,0.0,21.08287971610027,0.712649471267352,1.0,0.0,0.0,0.0,0.0,0.0,3.954924474814581,0.0,21.15779579629945,1206.2779501886548,9.12387059747945,302.7106577576344,3.35468958110042
23,205.0,4.905045769882954,0.95,0.0,0.0,0.0,0.0,0.0,0.05,0.0,298.92,79.64,0.6858022213301217,0.0615902281502128,15.826709276493416,3.5397503315566463,1202.2640118062486,11.89999613828778,0.9936367807792742,0.0,0.0,0.0,0.0,0.0,0.0063632192207258,0.0,0.6971678879361483,0.0,0.0,0.0,0.0,0.0,0.3028321120638517,0.0,20.54258088983435,0.7299576453439762,1.0,0.0,0.0,0.0,0.0,0.0,3.79354517914882,0.0,21.15779579629945,1206.2779501886548,9.12387059747945,302.7106577576344,3.35468958110042
23,205.0,6.270241208209262,0.95,0.0,0.0,0.0,0.0,0.0,0.05,0.0,298.92,79.64,0.6858022213301217,0.0787323104998651,15.826709276493416,3.5397503315566463,1198.7420482840992,14.369339492484649,0.9880701628456074,0.0,0.0,0.0,0.0,0.0,0.0119298371543925,0.0,0.5541417503564745,0.0,0.0,0.0,0.0,0.0,0.4458582496435255,0.0,20.02220256048287,0.7468003207601392,1.0,0.0,0.0,0.0,0.0,0.0,3.6480715098152983,0.0,21.15779579629945,1206.2779501886548,9.12387059747945,302.7106577576344,3.35468958110042
23,205.0,7.635436646535569,0.95,0.0,0.0,0.0,0.0,0.0,0.05,0.0,298.92,79.64,0.6858022213301217,0.0958743928495174,15.826709276493416,3.5397503315566463,1195.2313564361043,16.862207064090416,0.9825369022289594,0.0,0.0,0.0,0.0,0.0,0.0174630977710405,0.0,0.4622346869905763,0.0,0.0,0.0,0.0,0.0,0.5377653130094238,0.0,19.52012243469173,0.7632501600273948,1.0,0.0,0.0,0.0,0.0,0.0,3.51580364225254,0.0,21.15779579629945,1206.2779501886548,9.12387059747945,302.7106577576344,3.35468958110042
23,205.0,9.000632084861877,0.95,0.0,0.0,0.0,0.0,0.0,0.05,0.0,298.92,79.64,0.6858022213301217,0.1130164751991697,15.826709276493416,3.5397503315566463,1191.731553473649,19.37897251292677,0.977036260847046,0.0,0.0,0.0,0.0,0.0,0.022963739152954,0.0,0.3982604975568729,0.0,0.0,0.0,0.0,0.0,0.6017395024431271,0.0,19.0349445702562,0.7793327030067729,1.0,0.0,0.0,0.0,0.0,0.0,3.3949467910306663,0.0,21.15779579629945,1206.2779501886548,9.12387059747945,302.7106577576344,3.35468958110042
23,205.0,10.365827523188184,0.95,0.0,0.0,0.0,0.0,0.0,0.05,0.0,298.92,79.64,0.6858022213301217,0.130158557548822,15.826709276493416,3.5397503315566463,1188.2423012177182,21.92004708817841,0.9715675737761664,0.0,0.0,0.0,0.0,0.0,0.0284324262238334,0.0,0.3512145713569445,0.0,0.0,0.0,0.0,0.0,0.6487854286430557,0.0,18.56545404901519,0.795124167380289,1.0,0.0,0.0,0.0,0.0,0.0,3.2841384896226296,0.0,21.15779579629945,1206.2779501886548,9.12387059747945,302.7106577576344,3.35468958110042
23,205.0,11.731022961514492,0.95,0.0,0.0,0.0,0.0,0.0,0.05,0.0,298.92,79.64,0.6858022213301217,0.1473006398984742,15.826709276493416,3.5397503315566463,1184.7632868493351,24.485867789161347,0.9661302199410292,0.0,0.0,0.0,0.0,0.0,0.0338697800589706,0.0,0.3152030998409471,0.0,0.0,0.0,0.0,0.0,0.6847969001590529,0.0,18.1105830376696,0.8106317278308716,1.0,0.0,0.0,0.0,0.0,0.0,3.182149169409222,0.0,21.15779579629945,1206.2779501886548,9.12387059747945,302.7106577576344,3.35468958110042
23,205.0,13.0962183998408,0.95,0.0,0.0,0.0,0.0,0.0,0.05,0.0,298.92,79.64,0.6858022213301217,0.1644427222481266,15.826709276493416,3.5397503315566463,1181.2942150553372,27.076891604721293,0.9607236099866192,0.0,0.0,0.0,0.0,0.0,0.0392763900133808,0.0,0.2867849218932127,0.0,0.0,0.0,0.0,0.0,0.7132150781067873,0.0,17.669387983049788,0.8259536780591973,1.0000000001132774,0.0,0.0,0.0,0.0,0.0,3.087822677225091,0.0,21.15779579629945,1206.2779501886548,9.12387059747945,302.7106577576344,3.35468958110042
23,205.0,14.461413838167108,0.95,0.0,0.0,0.0,0.0,0.0,0.05,0.0,298.92,79.64,0.6858022213301217,0.1815848045977788,15.826709276493416,3.5397503315566463,1177.8348043483966,29.69359262379152,0.9553471804488064,0.0,0.0,0.0,0.0,0.0,0.0446528195511936,0.0,0.2638160310205291,0.0,0.0,0.0,0.0,0.0,0.7361839689794709,0.0,17.241028506117562,0.8410550186988467,1.0000000002085865,0.0,0.0,0.0,0.0,0.0,3.0003019245169824,0.0,21.15779579629945,1206.2779501886548,9.12387059747945,302.7106577576344,3.35468958110042
23,205.0,15.826609276493416,0.95,0.0,0.0,0.0,0.0,0.0,0.05,0.0,298.92,79.64,0.6858022213301217,0.1987268869474311,15.826709276493416,3.5397503315566463,1174.3847851195142,32.336460534798974,0.9500003905445108,0.0,0.0,0.0,0.0,0.0,0.049999609455489,0.0,0.2448910662901771,0.0,0.0,0.0,0.0,0.0,0.7551089337098228,0.0,16.82475291161354,0.8560310860533313,1.0000000014270916,0.0,0.0,0.0,0.0,0.0,2.9188541145507583,0.0,21.15779579629945,1206.2779501886548,9.12387059747945,302.7106577576344,3.35468958110042
23,210.0,4.469243546770053,0.95,0.0,0.0,0.0,0.0,0.0,0.05,0.0,298.92,79.64,0.7025291047771979,0.0561180756751639,17.650012712740526,4.469143546770053,1189.721684508265,11.771852049568244,0.9990998871885692,0.0,0.0,0.0,0.0,0.0,0.0009001128114306,0.0,0.9499799124147598,0.0,0.0,0.0,0.0,0.0,0.0500200875852402,0.0,19.710210524300862,0.7429075405942762,1.0,0.0,0.0,0.0,0.0,0.0,3.640109851944868,0.0,19.793904820789816,1190.2941504876192,11.354703713715036,302.7106577576344,4.233266563955471
23,210.0,5.933762342988994,0.95,0.0,0.0,0.0,0.0,0.0,0.05,0.0,298.92,79.64,0.7025291047771979,0.0745073121922274,17.650012712740526,4.469143546770053,1186.1741544082467,14.375503163679827,0.9935313233581388,0.0,0.0,0.0,0.0,0.0,0.0064686766418612,0.0,0.727992026392269,0.0,0.0,0.0,0.0,0.0,0.272007973607731,0.0,19.20140443482586,0.7601635961498652,1.0,0.0,0.0,0.0,0.0,0.0,3.506278908212919,0.0,19.793904820789816,1190.2941504876192,11.354703713715036,302.7106577576344,4.233266563955471
23,210.0,7.398281139207937,0.95,0.0,0.0,0.0,0.0,0.0,0.05,0.0,298.92,79.64,0.7025291047771979,0.092896548709291,17.650012712740526,4.469143546770053,1182.6353283739672,17.004785847552103,0.9879925263950922,0.0,0.0,0.0,0.0,0.0,0.0120074736049078,0.0,0.5935804033949204,0.0,0.0,0.0,0.0,0.0,0.4064195966050797,0.0,18.70986203905282,0.7770561458040988,1.0,0.0,0.0,0.0,0.0,0.0,3.384005994330003,0.0,19.793904820789816,1190.2941504876192,11.354703713715036,302.7106577576344,4.233266563955471
23,210.0,8.862799935426878,0.95,0.0,0.0,0.0,0.0,0.0,0.05,0.0,298.92,79.64,0.7025291047771979,0.1112857852263545,17.650012712740526,4.469143546770053,1179.104765269483,19.660075462495485,0.9824827117730568,0.0,0.0,0.0,0.0,0.0,0.0175172882269433,0.0,0.5035527562594087,0.0,0.0,0.0,0.0,0.0,0.4964472437405914,0.0,18.23432805063633,0.7936354547579151,1.0,0.0,0.0,0.0,0.0,0.0,3.271988559720092,0.0,19.793904820789816,1190.2941504876192,11.354703713715036,302.7106577576344,4.233266563955471
23,210.0,10.32731873164582,0.95,0.0,0.0,0.0,0.0,0.0,0.05,0.0,298.92,79.64,0.7025291047771979,0.1296750217434181,17.650012712740526,4.469143546770053,1175.5821190334632,22.341805564615942,0.97700124103584,0.0,0.0,0.0,0.0,0.0,0.0229987589641601,0.0,0.4391095932369969,0.0,0.0,0.0,0.0,0.0,0.5608904067630032,0.0,17.7737063168815,0.8099361069179409,1.0,0.0,0.0,0.0,0.0,0.0,3.168885046146944,0.0,19.793904820789816,1190.2941504876192,11.354703713715036,302.7106577576344,4.233266563955471
23,210.0,11.79183752786476,0.95,0.0,0.0,0.0,0.0,0.0,0.05,0.0,298.92,79.64,0.7025291047771979,0.1480642582604816,17.650012712740526,4.469143546770053,1172.0670872885223,25.05044966722458,0.971547545394507,0.0,0.0,0.0,0.0,0.0,0.0284524546054928,0.0,0.3907561185318254,0.0,0.0,0.0,0.0,0.0,0.6092438814681745,0.0,17.327030796188964,0.8259888238583436,1.0,0.0,0.0,0.0,0.0,0.0,3.073556002211937,0.0,19.793904820789816,1190.2941504876192,11.354703713715036,302.7106577576344,4.233266563955471
23,210.0,13.256356324083704,0.95,0.0,0.0,0.0,0.0,0.0,0.05,0.0,298.92,79.64,0.7025291047771979,0.1664534947775452,17.650012712740526,4.469143546770053,1168.5593928130108,27.78651054664818,0.9661210980057028,0.0,0.0,0.0,0.0,0.0,0.0338789019942972,0.0,0.3531799001312011,0.0,0.0,0.0,0.0,0.0,0.6468200998687988,0.0,16.89344335337248,0.8418457578941272,1.0,0.0,0.0,0.0,0.0,0.0,2.9851343374433386,0.0,19.793904820789816,1190.2941504876192,11.354703713715036,302.7106577576344,4.233266563955471
23,210.0,14.720875120302644,0.95,0.0,0.0,0.0,0.0,0.0,0.05,0.0,298.92,79.64,0.7025291047771979,0.1848427312946088,17.650012712740526,4.469143546770053,1165.0587737829833,30.55051450211947,0.9607213993501104,0.0,0.0,0.0,0.0,0.0,0.0392786006498897,0.0,0.3231766368456755,0.0,0.0,0.0,0.0,0.0,0.6768233631543246,0.0,16.472176998957238,0.8575448772984701,1.0,0.0,0.0,0.0,0.0,0.0,2.902877272420298,0.0,19.793904820789816,1190.2941504876192,11.354703713715036,302.7106577576344,4.233266563955471
23,210.0,16.185393916521587,0.95,0.0,0.0,0.0,0.0,0.0,0.05,0.0,298.92,79.64,0.7025291047771979,0.2032319678116723,17.650012712740526,4.469143546770053,1161.564981614516,33.34300831529599,0.9553479737212756,0.0,0.0,0.0,0.0,0.0,0.0446520262787243,0.0,0.2986989334431067,0.0,0.0,0.0,0.0,0.0,0.7013010665568932,0.0,16.062542864498315,0.8730941527863536,1.000000000002099,0.0,0.0,0.0,0.0,0.0,2.826145393021344,0.0,19.793904820789816,1190.2941504876192,11.354703713715036,302.7106577576344,4.233266563955471
23,210.0,17.649912712740527,0.95,0.0,0.0,0.0,0.0,0.0,0.05,0.0,298.92,79.64,0.7025291047771979,0.2216212043287359,17.650012712740526,4.469143546770053,1158.077777705854,36.1645575455776,0.9500003642275884,0.0,0.0,0.0,0.0,0.0,0.0499996357724115,0.0,0.2783774743316008,0.0,0.0,0.0,0.0,0.0,0.7216225256683991,0.0,15.66391899240062,0.8885650430634044,1.0000000007066594,0.0,0.0,0.0,0.0,0.0,2.754443453039224,0.0,19.793904820789816,1190.2941504876192,11.354703713715036,302.7106577576344,4.233266563955471
23,215.0,5.575940188864525,0.95,0.0,0.0,0.0,0.0,0.0,0.05,0.0,298.92,79.64,0.7192559882242741,0.0700143167863451,19.628813853406385,5.575840188864525,1173.2282050327751,14.512557596397874,0.9989422434724226,0.0,0.0,0.0,0.0,0.0,0.0010577565275774,0.0,0.9499840812010172,0.0,0.0,0.0,0.0,0.0,0.0500159187989829,0.0,18.355143558112665,0.7755223853825186,1.0,0.0,0.0,0.0,0.0,0.0,3.360380340775944,0.0,18.448205290897207,1173.908539729092,13.989350648063478,302.7106577576344,5.278346606766283
23,215.0,7.137359484924732,0.95,0.0,0.0,0.0,0.0,0.0,0.05,0.0,298.92,79.64,0.7192559882242741,0.0896202848433542,19.628813853406385,5.575840188864525,1169.6622145035865,17.274346967158177,0.993407898475026,0.0,0.0,0.0,0.0,0.0,0.0065921015249739,0.0,0.7554295256141129,0.0,0.0,0.0,0.0,0.0,0.2445704743858871,0.0,17.876284613226776,0.792795843731544,1.0,0.0,0.0,0.0,0.0,0.0,3.248658362426367,0.0,18.448205290897207,1173.908539729092,13.989350648063478,302.7106577576344,5.278346606766283
23,215.0,8.698778780984938,0.95,0.0,0.0,0.0,0.0,0.0,0.05,0.0,298.92,79.64,0.7192559882242741,0.1092262529003633,19.628813853406385,5.575840188864525,1166.1018734620973,20.06434475488009,0.9878989559977344,0.0,0.0,0.0,0.0,0.0,0.0121010440022655,0.0,0.6304143014048186,0.0,0.0,0.0,0.0,0.0,0.3695856985951814,0.0,17.41244767329956,0.8098041415132387,1.0,0.0,0.0,0.0,0.0,0.0,3.145704903115796,0.0,18.448205290897207,1173.908539729092,13.989350648063478,302.7106577576344,5.278346606766283
23,215.0,10.260198077045146,0.95,0.0,0.0,0.0,0.0,0.0,0.05,0.0,298.92,79.64,0.7192559882242741,0.1288322209573725,19.628813853406385,5.575840188864525,1162.546770505627,22.88300200506573,0.982414725136344,0.0,0.0,0.0,0.0,0.0,0.017585274863656,0.0,0.5434039109707193,0.0,0.0,0.0,0.0,0.0,0.4565960890292806,0.0,16.962659095327744,0.8265535580339098,1.0,0.0,0.0,0.0,0.0,0.0,3.050464269871654,0.0,18.448205290897207,1173.908539729092,13.989350648063478,302.7106577576344,5.278346606766283
23,215.0,11.82161737310535,0.95,0.0,0.0,0.0,0.0,0.0,0.05,0.0,298.92,79.64,0.7192559882242741,0.1484381890143816,19.628813853406385,5.575840188864525,1158.9965811316351,25.73082489503261,0.9769546457519837,0.0,0.0,0.0,0.0,0.0,0.0230453542480164,0.0,0.4794274039896156,0.0,0.0,0.0,0.0,0.0,0.5205725960103844,0.0,16.52605610727575,0.843112103532787,1.0,0.0,0.0,0.0,0.0,0.0,2.9620894182823814,0.0,18.448205290897207,1173.908539729092,13.989350648063478,302.7106577576344,5.278346606766283
23,215.0,13.38303666916556,0.95,0.0,0.0,0.0,0.0,0.0,0.05,0.0,298.92,79.64,0.7192559882242741,0.1680441570713907,19.628813853406385,5.575840188864525,1155.4510232339408,28.60836132480445,0.9715182235524972,0.0,0.0,0.0,0.0,0.0,0.0284817764475027,0.0,0.4304657044407949,0.0,0.0,0.0,0.0,0.0,0.569534295559205,0.0,16.10187044617561,0.8595138356202753,1.0,0.0,0.0,0.0,0.0,0.0,2.8799350757022264,0.0,18.448205290897207,1173.908539729092,13.989350648063478,302.7106577576344,5.278346606766283
23,215.0,14.944455965225766,0.95,0.0,0.0,0.0,0.0,0.0,0.05,0.0,298.92,79.64,0.7192559882242741,0.1876501251283998,19.628813853406385,5.575840188864525,1151.9098377179548,31.51619182179586,0.9661050017769366,0.0,0.0,0.0,0.0,0.0,0.0338949982230634,0.0,0.3918365545362358,0.0,0.0,0.0,0.0,0.0,0.6081634454637641,0.0,15.689413505853445,0.8757566463097298,1.0,0.0,0.0,0.0,0.0,0.0,2.8032907513857745,0.0,18.448205290897207,1173.908539729092,13.989350648063478,302.7106577576344,5.278346606766283
23,215.0,16.505875261285972,0.95,0.0,0.0,0.0,0.0,0.0,0.05,0.0,298.92,79.64,0.7192559882242741,0.207256093185409,19.628813853406385,5.575840188864525,1148.372781740517,34.45492428936921,0.960714551108894,0.0,0.0,0.0,0.0,0.0,0.0392854488911058,0.0,0.3606226530968008,0.0,0.0,0.0,0.0,0.0,0.6393773469031993,0.0,15.288062828085998,0.8919006523489778,1.0,0.0,0.0,0.0,0.0,0.0,2.731577640917682,0.0,18.448205290897207,1173.908539729092,13.989350648063478,302.7106577576344,5.278346606766283
23,215.0,18.06729455734618,0.95,0.0,0.0,0.0,0.0,0.0,0.05,0.0,298.92,79.64,0.7192559882242741,0.2268620612424181,19.628813853406385,5.575840188864525,1144.839623573082,37.425190927952855,0.9553464620655672,0.0,0.0,0.0,0.0,0.0,0.0446535379344329,0.0,0.3349117770812412,0.0,0.0,0.0,0.0,0.0,0.6650882229187588,0.0,14.897255508414863,0.9079726334302706,1.0,0.0,0.0,0.0,0.0,0.0,2.6643249624188576,0.0,18.448205290897207,1173.908539729092,13.989350648063478,302.7106577576344,5.278346606766283
23,215.0,19.628713853406385,0.95,0.0,0.0,0.0,0.0,0.0,0.05,0.0,298.92,79.64,0.7192559882242741,0.2464680292994272,19.628813853406385,5.575840188864525,1141.3101404140295,40.427646484866365,0.9500003416326864,0.0,0.0,0.0,0.0,0.0,0.0499996583673134,0.0,0.3133983471979567,0.0,0.0,0.0,0.0,0.0,0.6866016528020432,0.0,14.51647866228366,0.9239787282846458,1.0000000004947942,0.0,0.0,0.0,0.0,0.0,2.601120040155388,0.0,18.448205290897207,1173.908539729092,13.989350648063478,302.7106577576344,5.278346606766283
23,220.0,6.881187081958474,0.95,0.0,0.0,0.0,0.0,0.0,0.05,0.0,298.92,79.64,0.7359828716713501,0.0864036549718542,21.77517690158367,6.881087081958475,1156.247309229948,17.73245974472821,0.9987618957119871,0.0,0.0,0.0,0.0,0.0,0.0012381042880129,0.0,0.949987266268518,0.0,0.0,0.0,0.0,0.0,0.050012733731482,0.0,17.018111609459453,0.8107774726937059,1.0,0.0,0.0,0.0,0.0,0.0,3.1106479538469647,0.0,17.121140165384258,1157.0541060432145,17.08052563899556,302.7106577576344,6.509407158415541
23,220.0,8.536063728583496,0.95,0.0,0.0,0.0,0.0,0.0,0.05,0.0,298.92,79.64,0.7359828716713501,0.1071831206502196,21.77517690158367,6.881087081958475,1152.657867527125,20.653101872613057,0.9932641075225536,0.0,0.0,0.0,0.0,0.0,0.0067358924774465,0.0,0.7797829406119623,0.0,0.0,0.0,0.0,0.0,0.2202170593880377,0.0,16.567926693932243,0.8281621615996934,1.0,0.0,0.0,0.0,0.0,0.0,3.016754031737273,0.0,17.121140165384258,1157.0541060432145,17.08052563899556,302.7106577576344,6.509407158415541
23,220.0,10.190940375208518,0.95,0.0,0.0,0.0,0.0,0.0,0.05,0.0,298.92,79.64,0.7359828716713501,0.1279625863285851,21.77517690158367,6.881087081958475,1149.0709757746663,23.60471119421736,0.987787449099138,0.0,0.0,0.0,0.0,0.0,0.0122125509008618,0.0,0.6645668098912378,0.0,0.0,0.0,0.0,0.0,0.3354331901087622,0.0,16.130859065262666,0.8453378634481098,1.0,0.0,0.0,0.0,0.0,0.0,2.929677876861719,0.0,17.121140165384258,1157.0541060432145,17.08052563899556,302.7106577576344,6.509407158415541
23,220.0,11.84581702183354,0.95,0.0,0.0,0.0,0.0,0.0,0.05,0.0,298.92,79.64,0.7359828716713501,0.1487420520069505,21.77517690158367,6.881087081958475,1145.4862385441525,26.587829459874843,0.9823313047863306,0.0,0.0,0.0,0.0,0.0,0.0176686952136693,0.0,0.5814930754185869,0.0,0.0,0.0,0.0,0.0,0.418506924581413,0.0,15.706152894754524,0.8623743776796197,1.0,0.0,0.0,0.0,0.0,0.0,2.848544966601088,0.0,17.121140165384258,1157.0541060432145,17.08052563899556,302.7106577576344,6.509407158415541
23,220.0,13.50069366845856,0.95,0.0,0.0,0.0,0.0,0.0,0.05,0.0,298.92,79.64,0.7359828716713501,0.1695215176853159,21.77517690158367,6.881087081958475,1141.903338169933,29.603050811843055,0.9768951735507384,0.0,0.0,0.0,0.0,0.0,0.0231048264492614,0.0,0.5188328109439693,0.0,0.0,0.0,0.0,0.0,0.4811671890560307,0.0,15.293128525206368,0.8792810014105505,1.0,0.0,0.0,0.0,0.0,0.0,2.7727475724067085,0.0,17.121140165384258,1157.0541060432145,17.08052563899556,302.7106577576344,6.509407158415541
23,220.0,15.155570315083583,0.95,0.0,0.0,0.0,0.0,0.0,0.05,0.0,298.92,79.64,0.7359828716713501,0.1903009833636813,21.77517690158367,6.881087081958475,1138.3219970229975,32.65101264027477,0.9714786151221236,0.0,0.0,0.0,0.0,0.0,0.0285213848778762,0.0,0.4699463590587637,0.0,0.0,0.0,0.0,0.0,0.5300536409412364,0.0,14.891174985583197,0.8960701977120806,1.0,0.0,0.0,0.0,0.0,0.0,2.7017705034804087,0.0,17.121140165384258,1157.0541060432145,17.08052563899556,302.7106577576344,6.509407158415541
23,220.0,16.810446961708607,0.95,0.0,0.0,0.0,0.0,0.0,0.05,0.0,298.92,79.64,0.7359828716713501,0.2110804490420467,21.77517690158367,6.881087081958475,1134.7419585409702,35.7323883635902,0.96608122297102,0.0,0.0,0.0,0.0,0.0,0.0339187770289799,0.0,0.4307935184752984,0.0,0.0,0.0,0.0,0.0,0.5692064815247015,0.0,14.499740838928236,0.912781249439084,1.0,0.0,0.0,0.0,0.0,0.0,2.635161650498867,0.0,17.121140165384258,1157.0541060432145,17.08052563899556,302.7106577576344,6.509407158415541
23,220.0,18.465323608333627,0.95,0.0,0.0,0.0,0.0,0.0,0.05,0.0,298.92,79.64,0.7359828716713501,0.2318599147204121,21.77517690158367,6.881087081958475,1131.1629819571303,38.8478829908831,0.9607026165195264,0.0,0.0,0.0,0.0,0.0,0.0392973834804736,0.0,0.3987750438788456,0.0,0.0,0.0,0.0,0.0,0.6012249561211543,0.0,14.118322940801711,0.929461676041084,1.0000000000034612,0.0,0.0,0.0,0.0,0.0,2.5725231975858827,0.0,17.121140165384258,1157.0541060432145,17.08052563899556,302.7106577576344,6.509407158415541
23,220.0,20.120200254958647,0.95,0.0,0.0,0.0,0.0,0.0,0.05,0.0,298.92,79.64,0.7359828716713501,0.2526393803987776,21.77517690158367,6.881087081958475,1127.5848363401687,41.99823023508124,0.9553424325976352,0.0,0.0,0.0,0.0,0.0,0.0446575674023648,0.0,0.3721429585205763,0.0,0.0,0.0,0.0,0.0,0.6278570414794238,0.0,13.74646190366509,0.9461020530282496,1.0,0.0,0.0,0.0,0.0,0.0,2.513503816143774,0.0,17.121140165384258,1157.0541060432145,17.08052563899556,302.7106577576344,6.509407158415541
23,220.0,21.77507690158367,0.95,0.0,0.0,0.0,0.0,0.0,0.05,0.0,298.92,79.64,0.7359828716713501,0.273418846077143,21.77517690158367,6.881087081958475,1124.0072984177189,45.18419084487673,0.950000322192836,0.0,0.0,0.0,0.0,0.0,0.049999677807164,0.0,0.3496785259744783,0.0,0.0,0.0,0.0,0.0,0.6503214740255217,0.0,13.383737549944058,0.9627650189300496,1.0000000001011795,0.0,0.0,0.0,0.0,0.0,2.4578063376029475,0.0,17.121140165384258,1157.0541060432145,17.08052563899556,302.7106577576344,6.509407158415541
23,225.0,8.407304217987223,0.95,0.0,0.0,0.0,0.0,0.0,0.05,0.0,298.92,79.64,0.7527097551184263,0.105566351305716,24.10159309622668,8.407204217987223,1138.6999292729174,21.495610313412328,0.9985554088227728,0.0,0.0,0.0,0.0,0.0,0.001444591177227,0.0,0.9499897290180812,0.0,0.0,0.0,0.0,0.0,0.0500102709819188,0.0,15.69972070138606,0.8491038993874106,1.0,0.0,0.0,0.0,0.0,0.0,2.886387072732707,0.0,15.813326197117547,1139.6555629264626,20.687604017864448,302.7106577576344,7.946729358776584
23,225.0,10.15110298223605,0.95,0.0,0.0,0.0,0.0,0.0,0.05,0.0,298.92,79.64,0.7527097551184263,0.127462367933652,24.10159309622668,8.407204217987223,1135.081598860719,24.575992482757915,0.9930970151400778,0.0,0.0,0.0,0.0,0.0,0.0069029848599223,0.0,0.8013651148679167,0.0,0.0,0.0,0.0,0.0,0.1986348851320832,0.0,15.277172537620482,0.8666883376789748,1.0,0.0,0.0,0.0,0.0,0.0,2.8072788820558108,0.0,15.813326197117547,1139.6555629264626,20.687604017864448,302.7106577576344,7.946729358776584
23,225.0,11.89490174648488,0.95,0.0,0.0,0.0,0.0,0.0,0.05,0.0,298.92,79.64,0.7527097551184263,0.1493583845615881,24.10159309622668,8.407204217987223,1131.4626266060643,27.690314976343263,0.987655538649464,0.0,0.0,0.0,0.0,0.0,0.012344461350536,0.0,0.6960521418212546,0.0,0.0,0.0,0.0,0.0,0.3039478581787452,0.0,14.8661118976493,0.8841626474138209,1.0,0.0,0.0,0.0,0.0,0.0,2.733255690011145,0.0,15.813326197117547,1139.6555629264626,20.687604017864448,302.7106577576344,7.946729358776584
23,225.0,13.638700510733708,0.95,0.0,0.0,0.0,0.0,0.0,0.05,0.0,298.92,79.64,0.7527097551184263,0.1712544011895242,24.10159309622668,8.407204217987223,1127.8426184331995,30.8392275211576,0.982230420987929,0.0,0.0,0.0,0.0,0.0,0.0177695790120709,0.0,0.6176207358980121,0.0,0.0,0.0,0.0,0.0,0.3823792641019878,0.0,14.465953686749316,0.901546707966039,1.0,0.0,0.0,0.0,0.0,0.0,2.663908750015207,0.0,15.813326197117547,1139.6555629264626,20.687604017864448,302.7106577576344,7.946729358776584
23,225.0,15.382499274982536,0.95,0.0,0.0,0.0,0.0,0.0,0.05,0.0,298.92,79.64,0.7527097551184263,0.1931504178174602,24.10159309622668,8.407204217987223,1124.2212489554229,34.02343061306658,0.9768212030077854,0.0,0.0,0.0,0.0,0.0,0.0231787969922146,0.0,0.5570193690727024,0.0,0.0,0.0,0.0,0.0,0.4429806309272975,0.0,14.076161122640787,0.91888662579507,1.0,0.0,0.0,0.0,0.0,0.0,2.598745266240044,0.0,15.813326197117547,1139.6555629264626,20.687604017864448,302.7106577576344,7.946729358776584
23,225.0,17.126298039231365,0.95,0.0,0.0,0.0,0.0,0.0,0.05,0.0,298.92,79.64,0.7527097551184263,0.2150464344453963,24.10159309622668,8.407204217987223,1120.5982271945727,37.24366958759017,0.9714274771860912,0.0,0.0,0.0,0.0,0.0,0.0285725228139086,0.0,0.5088518813944146,0.0,0.0,0.0,0.0,0.0,0.4911481186055854,0.0,13.696251349394393,0.9361796388184366,1.0,0.0,0.0,0.0,0.0,0.0,2.537377050188751,0.0,15.813326197117547,1139.6555629264626,20.687604017864448,302.7106577576344,7.946729358776584
23,225.0,18.870096803480195,0.95,0.0,0.0,0.0,0.0,0.0,0.05,0.0,298.92,79.64,0.7527097551184263,0.2369424510733324,24.10159309622668,8.407204217987223,1116.9732837324934,40.50072977429698,0.9660488695778576,0.0,0.0,0.0,0.0,0.0,0.0339511304221425,0.0,0.469701838603373,0.0,0.0,0.0,0.0,0.0,0.5302981613966269,0.0,13.325782192736042,0.9534567115195132,1.0,0.0,0.0,0.0,0.0,0.0,2.479478930003754,0.0,15.813326197117547,1139.6555629264626,20.687604017864448,302.7106577576344,7.946729358776584
23,225.0,20.61389556772902,0.95,0.0,0.0,0.0,0.0,0.0,0.05,0.0,298.92,79.64,0.7527097551184263,0.2588384677012684,24.10159309622668,8.407204217987223,1113.3461620208952,43.79543274939451,0.9606850276905092,0.0,0.0,0.0,0.0,0.0,0.0393149723094907,0.0,0.437301118427575,0.0,0.0,0.0,0.0,0.0,0.5626988815724249,0.0,12.964348686192151,0.970764589270152,1.0,0.0,0.0,0.0,0.0,0.0,2.4247611016898167,0.0,15.813326197117547,1139.6555629264626,20.687604017864448,302.7106577576344,7.946729358776584
23,225.0,22.357694331977847,0.95,0.0,0.0,0.0,0.0,0.0,0.05,0.0,298.92,79.64,0.7527097551184263,0.2807344843292045,24.10159309622668,8.407204217987223,1109.7166142570888,47.12863402026103,0.955335614645867,0.0,0.0,0.0,0.0,0.0,0.0446643853541328,0.0,0.4100849898324321,0.0,0.0,0.0,0.0,0.0,0.589915010167568,0.0,12.6115785087677,0.9880917828472882,1.0,0.0,0.0,0.0,0.0,0.0,2.372964811756676,0.0,15.813326197117547,1139.6555629264626,20.687604017864448,302.7106577576344,7.946729358776584
23,225.0,24.10149309622668,0.95,0.0,0.0,0.0,0.0,0.0,0.05,0.0,298.92,79.64,0.7527097551184263,0.3026305009571405,24.10159309622668,8.407204217987223,1106.0843987752096,50.50122156773218,0.9500003054617208,0.0,0.0,0.0,0.0,0.0,0.0499996945382791,0.0,0.3869391622702026,0.0,0.0,0.0,0.0,0.0,0.6130608377297972,0.0,12.267128908118265,1.0054976379898557,1.0,0.0,0.0,0.0,0.0,0.0,2.323858306690841,0.0,15.813326197117547,1139.6555629264626,20.687604017864448,302.7106577576344,7.946729358776584
23,230.0,10.177724458513506,0.95,0.0,0.0,0.0,0.0,0.0,0.05,0.0,298.92,79.64,0.7694366385655025,0.1277966406141826,26.620833128631787,10.177624458513506,1120.4952847056604,25.875626856676668,0.9983185523674276,0.0,0.0,0.0,0.0,0.0,0.0016814476325723,0.0,0.949991654516594,0.0,0.0,0.0,0.0,0.0,0.050008345483406,0.0,14.400763200979792,0.891024230033289,1.0,0.0,0.0,0.0,0.0,0.0,2.6840487077070123,0.0,14.52556748614066,1121.6270137216943,24.87830228106012,302.7106577576344,9.61137473881863
23,230.0,12.004725421859982,0.95,0.0,0.0,0.0,0.0,0.0,0.05,0.0,298.92,79.64,0.7694366385655025,0.1507373860102961,26.620833128631787,10.177624458513506,1116.842051417364,29.116891801847963,0.992902987388138,0.0,0.0,0.0,0.0,0.0,0.0070970126118619,0.0,0.8204814127132705,0.0,0.0,0.0,0.0,0.0,0.1795185872867296,0.0,14.00501821251058,0.9089253442424337,1.0,0.0,0.0,0.0,0.0,0.0,2.617127570571213,0.0,14.52556748614066,1121.6270137216943,24.87830228106012,302.7106577576344,9.61137473881863
23,230.0,13.831726385206457,0.95,0.0,0.0,0.0,0.0,0.0,0.05,0.0,298.92,79.64,0.7694366385655025,0.1736781314064095,26.620833128631787,10.177624458513506,1113.1848365449416,32.39532560438028,0.987500154345165,0.0,0.0,0.0,0.0,0.0,0.012499845654835,0.0,0.7249513245496962,0.0,0.0,0.0,0.0,0.0,0.2750486754503038,0.0,13.619364103295778,0.926804462740337,1.0,0.0,0.0,0.0,0.0,0.0,2.5541058155527785,0.0,14.52556748614066,1121.6270137216943,24.87830228106012,302.7106577576344,9.61137473881863
23,230.0,15.658727348552931,0.95,0.0,0.0,0.0,0.0,0.0,0.05,0.0,298.92,79.64,0.7694366385655025,0.196618876802523,26.620833128631787,10.177624458513506,1109.5232325109066,35.71170681593211,0.9821095359342786,0.0,0.0,0.0,0.0,0.0,0.0178904640657213,0.0,0.6516712455850725,0.0,0.0,0.0,0.0,0.0,0.3483287544149274,0.0,13.243339805827034,0.9446730049017844,1.0,0.0,0.0,0.0,0.0,0.0,2.494652362345578,0.0,14.52556748614066,1121.6270137216943,24.87830228106012,302.7106577576344,9.61137473881863
23,230.0,17.485728311899408,0.95,0.0,0.0,0.0,0.0,0.0,0.05,0.0,298.92,79.64,0.7694366385655025,0.2195596221986364,26.620833128631787,10.177624458513506,1105.8568888723696,39.0668640291549,0.9767306961843568,0.0,0.0,0.0,0.0,0.0,0.0232693038156433,0.0,0.5937544848050628,0.0,0.0,0.0,0.0,0.0,0.4062455151949372,0.0,12.876525270284944,0.9625432426514572,1.0,0.0,0.0,0.0,0.0,0.0,2.438476657111726,0.0,14.52556748614066,1121.6270137216943,24.87830228106012,302.7106577576344,9.61137473881863
23,230.0,19.31272927524589,0.95,0.0,0.0,0.0,0.0,0.0,0.05,0.0,298.92,79.64,0.7694366385655025,0.2425003675947499,26.620833128631787,10.177624458513506,1102.1854843838753,42.46167329184616,0.971363242788598,0.0,0.0,0.0,0.0,0.0,0.0286367572114021,0.0,0.5468924583194825,0.0,0.0,0.0,0.0,0.0,0.4531075416805175,0.0,12.518539951735994,0.9804538315814412,1.0,0.0,0.0,0.0,0.0,0.0,2.385331897122033,0.0,14.52556748614066,1121.6270137216943,24.87830228106012,302.7106577576344,9.61137473881863
23,230.0,21.13973023859236,0.95,0.0,0.0,0.0,0.0,0.0,0.05,0.0,298.92,79.64,0.7694366385655025,0.2654411129908633,26.620833128631787,10.177624458513506,1098.5087170852858,45.897055330068106,0.9660068134864216,0.0,0.0,0.0,0.0,0.0,0.0339931865135784,0.0,0.5082518499431322,0.0,0.0,0.0,0.0,0.0,0.4917481500568679,0.0,12.169031282979915,0.9984293419704096,1.0,0.0,0.0,0.0,0.0,0.0,2.334946022344548,0.0,14.52556748614066,1121.6270137216943,24.87830228106012,302.7106577576344,9.61137473881863
23,230.0,22.966731201938835,0.95,0.0,0.0,0.0,0.0,0.0,0.05,0.0,298.92,79.64,0.7694366385655025,0.2883818583869768,26.620833128631787,10.177624458513506,1094.8262955299992,49.37397277230776,0.9606610642453636,0.0,0.0,0.0,0.0,0.0,0.0393389357546364,0.0,0.4758931774581476,0.0,0.0,0.0,0.0,0.0,0.5241068225418525,0.0,11.827674865353758,1.0164738322416789,1.0,0.0,0.0,0.0,0.0,0.0,2.2871078443918926,0.0,14.52556748614066,1121.6270137216943,24.87830228106012,302.7106577576344,9.61137473881863
23,230.0,24.793732165285316,0.95,0.0,0.0,0.0,0.0,0.0,0.05,0.0,298.92,79.64,0.7694366385655025,0.3113226037830903,26.620833128631787,10.177624458513506,1091.137934951635,52.89342851245333,0.9553256640107306,0.0,0.0,0.0,0.0,0.0,0.0446743359892694,0.0,0.448444225419582,0.0,0.0,0.0,0.0,0.0,0.5515557745804179,0.0,11.494170933572262,1.0346409497378477,1.0,0.0,0.0,0.0,0.0,0.0,2.2416267805991845,0.0,14.52556748614066,1121.6270137216943,24.87830228106012,302.7106577576344,9.61137473881863
23,230.0,26.620733128631787,0.95,0.0,0.0,0.0,0.0,0.0,0.05,0.0,298.92,79.64,0.7694366385655025,0.3342633491792037,26.620833128631787,10.177624458513506,1087.443354621154,56.45646465585956,0.9500002910892272,0.0,0.0,0.0,0.0,0.0,0.0499997089107727,0.0,0.4249068887227104,0.0,0.0,0.0,0.0,0.0,0.5750931112772896,0.0,11.168241287690876,1.0529187773740674,1.0,0.0,0.0,0.0,0.0,0.0,2.19833046925028,0.0,14.52556748614066,1121.6270137216943,24.87830228106012,302.7106577576344,9.61137473881863
23,235.0,12.217074716902756,0.95,0.0,0.0,0.0,0.0,0.0,0.05,0.0,298.92,79.64,0.7861635220125786,0.1534037508400647,29.34578260289036,12.216974716902756,1101.527393658255,30.958405786724285,0.9980460416813308,0.0,0.0,0.0,0.0,0.0,0.0019539583186691,0.0,0.949993175620544,0.0,0.0,0.0,0.0,0.0,0.0500068243794559,0.0,13.122238414167208,0.9372412138790424,1.0,0.0,0.0,0.0,0.0,0.0,2.500633589761489,0.0,13.258875583506692,1102.8688895247462,29.73094022392497,302.7106577576344,11.525181126674264
23,235.0,14.120253370901375,0.95,0.0,0.0,0.0,0.0,0.0,0.05,0.0,298.92,79.64,0.7861635220125786,0.1773010217340705,29.34578260289036,12.216974716902756,1097.8325013191202,34.36204578673567,0.9926774637795124,0.0,0.0,0.0,0.0,0.0,0.0073225362204875,0.0,0.8374189840685898,0.0,0.0,0.0,0.0,0.0,0.1625810159314102,0.0,12.752653697267052,0.9556076354217822,1.0,0.0,0.0,0.0,0.0,0.0,2.44383083957596,0.0,13.258875583506692,1102.8688895247462,29.73094022392497,302.7106577576344,11.525181126674264
23,235.0,16.0234320249,0.95,0.0,0.0,0.0,0.0,0.0,0.05,0.0,298.92,79.64,0.7861635220125786,0.2011982926280763,29.34578260289036,12.216974716902756,1094.1300755771435,37.80639251405944,0.9873174292603174,0.0,0.0,0.0,0.0,0.0,0.0126825707396826,0.0,0.751391280897827,0.0,0.0,0.0,0.0,0.0,0.248608719102173,0.0,12.391945540628742,0.9740188923897684,1.0,0.0,0.0,0.0,0.0,0.0,2.390028962686227,0.0,13.258875583506692,1102.8688895247462,29.73094022392497,302.7106577576344,11.525181126674264
23,235.0,17.926610678898623,0.95,0.0,0.0,0.0,0.0,0.0,0.05,0.0,298.92,79.64,0.7861635220125786,0.2250955635220821,29.34578260289036,12.216974716902756,1090.4196753986475,41.29237725637569,0.9819654416458606,0.0,0.0,0.0,0.0,0.0,0.0180345583541393,0.0,0.6835990514299706,0.0,0.0,0.0,0.0,0.0,0.3164009485700293,0.0,12.039756321088314,0.9925023322103428,1.0,0.0,0.0,0.0,0.0,0.0,2.3389970686893595,0.0,13.258875583506692,1102.8688895247462,29.73094022392497,302.7106577576344,11.525181126674264
23,235.0,19.82978933289724,0.95,0.0,0.0,0.0,0.0,0.0,0.05,0.0,298.92,79.64,0.7861635220125786,0.2489928344160879,29.34578260289036,12.216974716902756,1086.700906362684,44.82098335278624,0.9766210703448684,0.0,0.0,0.0,0.0,0.0,0.0233789296551316,0.0,0.6288745613165323,0.0,0.0,0.0,0.0,0.0,0.3711254386834676,0.0,11.69575666594122,1.0110612610091103,1.0,0.0,0.0,0.0,0.0,0.0,2.290526248167451,0.0,13.258875583506692,1102.8688895247462,29.73094022392497,302.7106577576344,11.525181126674264
23,235.0,21.732967986895865,0.95,0.0,0.0,0.0,0.0,0.0,0.05,0.0,298.92,79.64,0.7861635220125786,0.2728901053100937,29.34578260289036,12.216974716902756,1082.9733960169085,48.39324544847008,0.97128391864332,0.0,0.0,0.0,0.0,0.0,0.0287160813566799,0.0,0.5838361907110937,0.0,0.0,0.0,0.0,0.0,0.4161638092889063,0.0,11.3596489464246,1.0297266975048347,1.0,0.0,0.0,0.0,0.0,0.0,2.244427776417301,0.0,13.258875583506692,1102.8688895247462,29.73094022392497,302.7106577576344,11.525181126674264
23,235.0,23.636146640894488,0.95,0.0,0.0,0.0,0.0,0.0,0.05,0.0,298.92,79.64,0.7861635220125786,0.2967873762040995,29.34578260289036,12.216974716902756,1079.2367880940358,52.01024904449189,0.96595361581373,0.0,0.0,0.0,0.0,0.0,0.0340463841862699,0.0,0.5461784569625282,0.0,0.0,0.0,0.0,0.0,0.4538215430374719,0.0,11.031153899189594,1.0485461453208054,1.0,0.0,0.0,0.0,0.0,0.0,2.20053027818173,0.0,13.258875583506692,1102.8688895247462,29.73094022392497,302.7106577576344,11.525181126674264
23,235.0,25.53932529489311,0.95,0.0,0.0,0.0,0.0,0.0,0.05,0.0,298.92,79.64,0.7861635220125786,0.3206846470981053,29.34578260289036,12.216974716902756,1075.4907332809566,55.67312863807704,0.9606298052024024,0.0,0.0,0.0,0.0,0.0,0.0393701947975977,0.0,0.5142756687725287,0.0,0.0,0.0,0.0,0.0,0.4857243312274712,0.0,10.710013649797498,1.067504456153258,1.0,0.0,0.0,0.0,0.0,0.0,2.1586782605931365,0.0,13.258875583506692,1102.8688895247462,29.73094022392497,302.7106577576344,11.525181126674264
23,235.0,27.442503948891734,0.95,0.0,0.0,0.0,0.0,0.0,0.05,0.0,298.92,79.64,0.7861635220125786,0.3445819179921112,29.34578260289036,12.216974716902756,1071.7348858540684,59.38306697549344,0.9553121397997522,0.0,0.0,0.0,0.0,0.0,0.0446878602002478,0.0,0.486948718541991,0.0,0.0,0.0,0.0,0.0,0.5130512814580089,0.0,10.395988323525254,1.086641138674434,1.0,0.0,0.0,0.0,0.0,0.0,2.1187300985884403,0.0,13.258875583506692,1102.8688895247462,29.73094022392497,302.7106577576344,11.525181126674264
23,235.0,29.34568260289036,0.95,0.0,0.0,0.0,0.0,0.0,0.05,0.0,298.92,79.64,0.7861635220125786,0.3684791888861169,29.34578260289036,12.216974716902756,1067.96890103823,63.1412945934059,0.9500002788041602,0.0,0.0,0.0,0.0,0.0,0.0499997211958398,0.0,0.4633217019835088,0.0,0.0,0.0,0.0,0.0,0.5366782980164911,0.0,10.088855141404329,1.1059762951153056,1.0,0.0,0.0,0.0,0.0,0.0,2.0805567055082435,0.0,13.258875583506692,1102.8688895247462,29.73094022392497,302.7106577576344,11.525181126674264
23,240.0,14.55131136162268,0.95,0.0,0.0,0.0,0.0,0.0,0.05,0.0,298.92,79.64,0.8028904054596547,0.1827136032348403,32.289249758728964,14.55121136162268,1081.6703316084318,36.84587333394795,0.9977311718830274,0.0,0.0,0.0,0.0,0.0,0.0022688281169725,0.0,0.9499943889596076,0.0,0.0,0.0,0.0,0.0,0.0500056110403923,0.0,11.865381376604372,0.9886206857173064,1.0,0.0,0.0,0.0,0.0,0.0,2.333589955418646,0.0,12.014498351825988,1083.263844328595,35.3375257790447,302.7106577576344,13.710780754884407
23,240.0,16.52218229463449,0.95,0.0,0.0,0.0,0.0,0.0,0.05,0.0,298.92,79.64,0.8028904054596547,0.2074608525192678,32.289249758728964,14.55121136162268,1077.926071669951,40.41384683450933,0.9924146406953694,0.0,0.0,0.0,0.0,0.0,0.0075853593046306,0.0,0.8524412471948748,0.0,0.0,0.0,0.0,0.0,0.1475587528051253,0.0,11.521479612216233,1.0076170715120272,1.0,0.0,0.0,0.0,0.0,0.0,2.28524681848172,0.0,12.014498351825988,1083.263844328595,35.3375257790447,302.7106577576344,13.710780754884407
23,240.0,18.4930532276463,0.95,0.0,0.0,0.0,0.0,0.0,0.05,0.0,298.92,79.64,0.8028904054596547,0.2322081018036954,32.289249758728964,14.55121136162268,1074.1704321013929,44.02644319496712,0.987102425175844,0.0,0.0,0.0,0.0,0.0,0.0128975748241557,0.0,0.7755277746514367,0.0,0.0,0.0,0.0,0.0,0.2244722253485633,0.0,11.185397242819082,1.0267413615991363,1.0,0.0,0.0,0.0,0.0,0.0,2.2392175044867715,0.0,12.014498351825988,1083.263844328595,35.3375257790447,302.7106577576344,13.710780754884407
23,240.0,20.463924160658102,0.95,0.0,0.0,0.0,0.0,0.0,0.05,0.0,298.92,79.64,0.8028904054596547,0.2569553510881229,32.289249758728964,14.55121136162268,1070.402916288354,47.684776621667645,0.9817940304326712,0.0,0.0,0.0,0.0,0.0,0.0182059695673285,0.0,0.7134146868529584,0.0,0.0,0.0,0.0,0.0,0.2865853131470415,0.0,10.856853958660272,1.0459968070570873,1.0,0.0,0.0,0.0,0.0,0.0,2.1953406751830338,0.0,12.014498351825988,1083.263844328595,35.3375257790447,302.7106577576344,13.710780754884407
23,240.0,22.43479509366992,0.95,0.0,0.0,0.0,0.0,0.0,0.05,0.0,298.92,79.64,0.8028904054596547,0.2817026003725504,32.289249758728964,14.55121136162268,1066.6230592068066,51.39001699166106,0.9764890078318346,0.0,0.0,0.0,0.0,0.0,0.0235109921681654,0.0,0.6622776168016717,0.0,0.0,0.0,0.0,0.0,0.3377223831983283,0.0,10.535599484475824,1.0654253407918126,1.0,0.0,0.0,0.0,0.0,0.0,2.153468079769238,0.0,12.014498351825988,1083.263844328595,35.3375257790447,302.7106577576344,13.710780754884407
23,240.0,24.405666026681725,0.95,0.0,0.0,0.0,0.0,0.0,0.05,0.0,298.92,79.64,0.8028904054596547,0.3064498496569779,32.289249758728964,14.55121136162268,1062.8304143783075,55.14339289887951,0.9711869384148736,0.0,0.0,0.0,0.0,0.0,0.0288130615851263,0.0,0.6195074645386414,0.0,0.0,0.0,0.0,0.0,0.3804925354613586,0.0,10.221398365739136,1.085056544961437,1.0,0.0,0.0,0.0,0.0,0.0,2.11346517957162,0.0,12.014498351825988,1083.263844328595,35.3375257790447,302.7106577576344,13.710780754884407
23,240.0,26.37653695969353,0.95,0.0,0.0,0.0,0.0,0.0,0.05,0.0,298.92,79.64,0.8028904054596547,0.3311970989414055,32.289249758728964,14.55121136162268,1059.0245434686735,58.94619138368115,0.9658874199076022,0.0,0.0,0.0,0.0,0.0,0.0341125800923978,0.0,0.5832634520347463,0.0,0.0,0.0,0.0,0.0,0.4167365479652537,0.0,9.914032926230668,1.1048817146719223,1.0,0.0,0.0,0.0,0.0,0.0,2.075208437464249,0.0,12.014498351825988,1083.263844328595,35.3375257790447,302.7106577576344,13.710780754884407
23,240.0,28.34740789270534,0.95,0.0,0.0,0.0,0.0,0.0,0.05,0.0,298.92,79.64,0.8028904054596547,0.355944348225833,32.289249758728964,14.55121136162268,1055.2050118077882,62.799758083743214,0.960590061051438,0.0,0.0,0.0,0.0,0.0,0.0394099389485619,0.0,0.5522098846454278,0.0,0.0,0.0,0.0,0.0,0.4477901153545723,0.0,9.613299613216393,1.124951916493518,1.0,0.0,0.0,0.0,0.0,0.0,2.038584927358826,0.0,12.014498351825988,1083.263844328595,35.3375257790447,302.7106577576344,13.710780754884407
23,240.0,30.31827882571715,0.95,0.0,0.0,0.0,0.0,0.0,0.05,0.0,298.92,79.64,0.8028904054596547,0.3806915975102605,32.289249758728964,14.55121136162268,1051.371380694959,66.70549704389178,0.9552944723396462,0.0,0.0,0.0,0.0,0.0,0.0447055276603538,0.0,0.5253541732345228,0.0,0.0,0.0,0.0,0.0,0.4746458267654771,0.0,9.319010216791533,1.1452839750848705,1.0,0.0,0.0,0.0,0.0,0.0,2.0034907488708456,0.0,12.014498351825988,1083.263844328595,35.3375257790447,302.7106577576344,13.710780754884407
23,240.0,32.28914975872896,0.95,0.0,0.0,0.0,0.0,0.0,0.05,0.0,298.92,79.64,0.8028904054596547,0.4054388467946881,32.289249758728964,14.55121136162268,1047.523209503046,70.66487153924784,0.9500002684025556,0.0,0.0,0.0,0.0,0.0,0.0499997315974442,0.0,0.5019434377368039,0.0,0.0,0.0,0.0,0.0,0.498056562263196,0.0,9.030987716928186,1.16590034584059,1.0,0.0,0.0,0.0,0.0,0.0,1.9698305776597984,0.0,12.014498351825988,1083.263844328595,35.3375257790447,302.7106577576344,13.710780754884407
23,245.0,17.207928789578443,0.95,0.0,0.0,0.0,0.0,0.0,0.05,0.0,298.92,79.64,0.8196172889067308,0.2160714313106283,35.46372651810452,17.207828789578443,1060.771621257702,43.661279416264,0.9973652871091472,0.0,0.0,0.0,0.0,0.0,0.0026347128908529,0.0,0.9499953656830998,0.0,0.0,0.0,0.0,0.0,0.0500046343169001,0.0,10.631704187624328,1.046355184702422,1.0,0.0,0.0,0.0,0.0,0.0,2.180732105308651,0.0,10.793959502416731,1062.6711211462375,41.80803719266337,302.7106577576344,16.191644196077288
23,245.0,19.236339648303563,0.95,0.0,0.0,0.0,0.0,0.0,0.05,0.0,298.92,79.64,0.8196172889067308,0.2415411809179252,35.46372651810452,17.207828789578443,1056.9690536262822,47.39616112011306,0.992107004728276,0.0,0.0,0.0,0.0,0.0,0.007892995271724,0.0,0.8657857238172013,0.0,0.0,0.0,0.0,0.0,0.1342142761827985,0.0,10.313167324726669,1.066170864705282,1.0,0.0,0.0,0.0,0.0,0.0,2.139509744978327,0.0,10.793959502416731,1062.6711211462375,41.80803719266337,302.7106577576344,16.191644196077288
23,245.0,21.26475050702868,0.95,0.0,0.0,0.0,0.0,0.0,0.05,0.0,298.92,79.64,0.8196172889067308,0.267010930525222,35.46372651810452,17.207828789578443,1053.150861177614,51.180051761104906,0.9868487330525688,0.0,0.0,0.0,0.0,0.0,0.0131512669474311,0.0,0.7975322708060767,0.0,0.0,0.0,0.0,0.0,0.2024677291939232,0.0,10.001521302261269,1.0862019343096818,1.0,0.0,0.0,0.0,0.0,0.0,2.1000712277904494,0.0,10.793959502416731,1062.6711211462375,41.80803719266337,302.7106577576344,16.191644196077288
23,245.0,23.2931613657538,0.95,0.0,0.0,0.0,0.0,0.0,0.05,0.0,298.92,79.64,0.8196172889067308,0.2924806801325188,35.46372651810452,17.207828789578443,1049.316461537952,55.014285570930674,0.981589954816858,0.0,0.0,0.0,0.0,0.0,0.0184100451831419,0.0,0.7411717409883156,0.0,0.0,0.0,0.0,0.0,0.2588282590116843,0.0,9.696549200483366,1.1064691948866332,1.0,0.0,0.0,0.0,0.0,0.0,2.062303213447568,0.0,10.793959502416731,1062.6711211462375,41.80803719266337,302.7106577576344,16.191644196077288
23,245.0,25.32157222447892,0.95,0.0,0.0,0.0,0.0,0.0,0.05,0.0,298.92,79.64,0.8196172889067308,0.3179504297398157,35.46372651810452,17.207828789578443,1045.465289833405,58.90025995990382,0.9763301823761954,0.0,0.0,0.0,0.0,0.0,0.0236698176238046,0.0,0.693914742484619,0.0,0.0,0.0,0.0,0.0,0.3060852575153809,0.0,9.398061379760518,1.1269957816309628,1.0,0.0,0.0,0.0,0.0,0.0,2.0261013554355887,0.0,10.793959502416731,1062.6711211462375,41.80803719266337,302.7106577576344,16.191644196077288
23,245.0,27.34998308320404,0.95,0.0,0.0,0.0,0.0,0.0,0.05,0.0,298.92,79.64,0.8196172889067308,0.3434201793471125,35.46372651810452,17.207828789578443,1041.5967912439746,62.8394412066984,0.971068948541631,0.0,0.0,0.0,0.0,0.0,0.0289310514583689,0.0,0.6537831841217709,0.0,0.0,0.0,0.0,0.0,0.3462168158782289,0.0,9.105876167721998,1.1477875207051724,1.0,0.0,0.0,0.0,0.0,0.0,1.991369564137694,0.0,10.793959502416731,1062.6711211462375,41.80803719266337,302.7106577576344,16.191644196077288
23,245.0,29.37839394192916,0.95,0.0,0.0,0.0,0.0,0.0,0.05,0.0,298.92,79.64,0.8196172889067308,0.3688899289544093,35.46372651810452,17.207828789578443,1037.7104122873222,66.83336543027139,0.9658057962551932,0.0,0.0,0.0,0.0,0.0,0.0341942037448066,0.0,0.6193355213813796,0.0,0.0,0.0,0.0,0.0,0.3806644786186203,0.0,8.819824525358957,1.1688980066765724,1.0,0.0,0.0,0.0,0.0,0.0,1.9580191647370928,0.0,10.793959502416731,1062.6711211462375,41.80803719266337,302.7106577576344,16.191644196077288
23,245.0,31.40680480065428,0.95,0.0,0.0,0.0,0.0,0.0,0.05,0.0,298.92,79.64,0.8196172889067308,0.3943596785617062,35.46372651810452,17.207828789578443,1033.8055921914563,70.88363959311663,0.9605402686788392,0.0,0.0,0.0,0.0,0.0,0.0394597313211609,0.0,0.5894965555555914,0.0,0.0,0.0,0.0,0.0,0.4105034444444085,0.0,8.539750616279639,1.190336825935585,1.0,0.0,0.0,0.0,0.0,0.0,1.9259682199449304,0.0,10.793959502416731,1062.6711211462375,41.80803719266337,302.7106577576344,16.191644196077288
23,245.0,33.435215659379395,0.95,0.0,0.0,0.0,0.0,0.0,0.05,0.0,298.92,79.64,0.8196172889067308,0.4198294281690029,35.46372651810452,17.207828789578443,1029.8817637645468,74.99194365844644,0.955271910132971,0.0,0.0,0.0,0.0,0.0,0.0447280898670289,0.0,0.5634481613450085,0.0,0.0,0.0,0.0,0.0,0.4365518386549915,0.0,8.265507020309052,1.212129334996627,1.0,0.0,0.0,0.0,0.0,0.0,1.8951410248403355,0.0,10.793959502416731,1062.6711211462375,41.80803719266337,302.7106577576344,16.191644196077288
23,245.0,35.46362651810452,0.95,0.0,0.0,0.0,0.0,0.0,0.05,0.0,298.92,79.64,0.8196172889067308,0.4452991777762998,35.46372651810452,17.207828789578443,1025.9383476999794,79.16003164020232,0.9500002597406688,0.0,0.0,0.0,0.0,0.0,0.049999740259331,0.0,0.5405569057121843,0.0,0.0,0.0,0.0,0.0,0.4594430942878157,0.0,7.996956223930656,1.2343047563814489,1.0,0.0,0.0,0.0,0.0,0.0,1.865467522988835,0.0,10.793959502416731,1062.6711211462375,41.80803719266337,302.7106577576344,16.191644196077288
23,250.0,20.21627084465589,0.95,0.0,0.0,0.0,0.0,0.0,0.05,0.0,298.92,79.64,0.836344172353807,0.2538456911684567,38.88107047950797,20.216170844655892,1038.6427512405585,51.55686439040274,0.9969369879912656,0.0,0.0,0.0,0.0,0.0,0.0030630120087342,0.0,0.949996158798552,0.0,0.0,0.0,0.0,0.0,0.0500038412014478,0.0,9.423053305944386,1.1119833657426357,1.0,0.0,0.0,0.0,0.0,0.0,2.040212414672516,0.0,9.599114364051816,1040.9186176418627,49.27650279185157,302.7106577576344,18.99215487266697
23,250.0,22.29012635963946,0.95,0.0,0.0,0.0,0.0,0.0,0.05,0.0,298.92,79.64,0.836344172353807,0.2798860667960756,38.88107047950797,20.216170844655892,1034.7713289994792,55.46204825719738,0.9917446391694305,0.0,0.0,0.0,0.0,0.0,0.0082553608305696,0.0,0.8776642055363417,0.0,0.0,0.0,0.0,0.0,0.1223357944636582,0.0,9.129715286405876,1.132896295578432,1.0,0.0,0.0,0.0,0.0,0.0,2.005016677713624,0.0,9.599114364051816,1040.9186176418627,49.27650279185157,302.7106577576344,18.99215487266697
23,250.0,24.363981874623025,0.95,0.0,0.0,0.0,0.0,0.0,0.05,0.0,298.92,79.64,0.836344172353807,0.3059264424236944,38.88107047950797,20.216170844655892,1030.8794986409912,59.42121969536868,0.9865478751364428,0.0,0.0,0.0,0.0,0.0,0.013452124863557,0.0,0.817582371529891,0.0,0.0,0.0,0.0,0.0,0.182417628470109,0.0,8.842448447836762,1.1541021204317168,1.0,0.0,0.0,0.0,0.0,0.0,1.9711893624072163,0.0,9.599114364051816,1040.9186176418627,49.27650279185157,302.7106577576344,18.99215487266697
23,250.0,26.437837389606585,0.95,0.0,0.0,0.0,0.0,0.0,0.05,0.0,298.92,79.64,0.836344172353807,0.3319668180513132,38.88107047950797,20.216170844655892,1026.9665532761778,63.435981220585965,0.9813461295908732,0.0,0.0,0.0,0.0,0.0,0.0186538704091269,0.0,0.7669556439002396,0.0,0.0,0.0,0.0,0.0,0.2330443560997603,0.0,8.561085140825227,1.1756448167196922,1.0,0.0,0.0,0.0,0.0,0.0,1.9386522632032692,0.0,9.599114364051816,1040.9186176418627,49.27650279185157,302.7106577576344,18.99215487266697
23,250.0,28.51169290459015,0.95,0.0,0.0,0.0,0.0,0.0,0.05,0.0,298.92,79.64,0.836344172353807,0.358007193678932,38.88107047950797,20.216170844655892,1023.0317864513308,67.50800989917016,0.9761388481157982,0.0,0.0,0.0,0.0,0.0,0.0238611518842018,0.0,0.723781476283172,0.0,0.0,0.0,0.0,0.0,0.276218523716828,0.0,8.285486349013219,1.197541997434729,1.0,0.0,0.0,0.0,0.0,0.0,1.9073327127821,0.0,9.599114364051816,1040.9186176418627,49.27650279185157,302.7106577576344,18.99215487266697
23,250.0,30.585548419573712,0.95,0.0,0.0,0.0,0.0,0.0,0.05,0.0,298.92,79.64,0.836344172353807,0.3840475693065509,38.88107047950797,20.216170844655892,1019.0744912913952,71.63906688825224,0.9709254869363144,0.0,0.0,0.0,0.0,0.0,0.0290745130636855,0.0,0.6865878481798142,0.0,0.0,0.0,0.0,0.0,0.3134121518201857,0.0,8.01551375570067,1.2198303200401617,1.0,0.0,0.0,0.0,0.0,0.0,1.8771762338964744,0.0,9.599114364051816,1040.9186176418627,49.27650279185157,302.7106577576344,18.99215487266697
23,250.0,32.659403934557275,0.95,0.0,0.0,0.0,0.0,0.0,0.05,0.0,298.92,79.64,0.836344172353807,0.4100879449341697,38.88107047950797,20.216170844655892,1015.093951943967,75.83099928267521,0.965705503518403,0.0,0.0,0.0,0.0,0.0,0.034294496481597,0.0,0.654268671148245,0.0,0.0,0.0,0.0,0.0,0.3457313288517549,0.0,7.751039074028488,1.2425300627897329,1.0,0.0,0.0,0.0,0.0,0.0,1.84810685369814,0.0,9.599114364051816,1040.9186176418627,49.27650279185157,302.7106577576344,18.99215487266697
23,250.0,34.73325944954084,0.95,0.0,0.0,0.0,0.0,0.0,0.05,0.0,298.92,79.64,0.836344172353807,0.4361283205617885,38.88107047950797,20.216170844655892,1011.0894324679014,80.08574218060865,0.9604783447803182,0.0,0.0,0.0,0.0,0.0,0.0395216552196816,0.0,0.6259768823736179,0.0,0.0,0.0,0.0,0.0,0.374023117626382,0.0,7.491945516325978,1.265675820601326,1.0,0.0,0.0,0.0,0.0,0.0,1.820065614634304,0.0,9.599114364051816,1040.9186176418627,49.27650279185157,302.7106577576344,18.99215487266697
23,250.0,36.8071149645244,0.95,0.0,0.0,0.0,0.0,0.0,0.05,0.0,298.92,79.64,0.836344172353807,0.4621686961894073,38.88107047950797,20.216170844655892,1007.0601813809992,84.4053235440522,0.9552434521081872,0.0,0.0,0.0,0.0,0.0,0.0447565478918127,0.0,0.6010529765689776,0.0,0.0,0.0,0.0,0.0,0.3989470234310225,0.0,7.238120685908818,1.289292820441095,1.0,0.0,0.0,0.0,0.0,0.0,1.792997857956358,0.0,9.599114364051816,1040.9186176418627,49.27650279185157,302.7106577576344,18.99215487266697
23,250.0,38.880970479507965,0.95,0.0,0.0,0.0,0.0,0.0,0.05,0.0,298.92,79.64,0.836344172353807,0.4882090718170261,38.88107047950797,20.216170844655892,1003.005423303159,88.7918662375887,0.950000252732568,0.0,0.0,0.0,0.0,0.0,0.049999747267432,0.0,0.5789759323957809,0.0,0.0,0.0,0.0,0.0,0.421024067604219,0.0,6.989460641078958,1.313414030618074,1.0,0.0,0.0,0.0,0.0,0.0,1.7668525395359294,0.0,9.599114364051816,1040.9186176418627,49.27650279185157,302.7106577576344,18.99215487266697
23,255.0,23.60799381676604,0.95,0.0,0.0,0.0,0.0,0.0,0.05,0.0,298.92,79.64,0.8530710558008832,0.2964338751477403,42.55205181960314,23.60789381676604,1015.0451277078351,60.72531687067856,0.9964309073720864,0.0,0.0,0.0,0.0,0.0,0.0035690926279136,0.0,0.9499968082495418,0.0,0.0,0.0,0.0,0.0,0.0500031917504582,0.0,8.24169162891357,1.1876990721434553,1.0,0.0,0.0,0.0,0.0,0.0,1.9103828032757315,0.0,8.432227805466914,1017.7913832278248,57.90987351738985,302.7106577576344,22.13772066860631
23,255.0,25.712878039303494,0.95,0.0,0.0,0.0,0.0,0.0,0.05,0.0,298.92,79.64,0.8530710558008832,0.3228638628742277,42.55205181960314,23.60789381676604,1011.0921789583278,64.80529724277032,0.9913141495359212,0.0,0.0,0.0,0.0,0.0,0.0086858504640787,0.0,0.8882642662562342,0.0,0.0,0.0,0.0,0.0,0.1117357337437657,0.0,7.973541410304465,1.210012206832804,1.0,0.0,0.0,0.0,0.0,0.0,1.8803186927358464,0.0,8.432227805466914,1017.7913832278248,57.90987351738985,302.7106577576344,22.13772066860631
23,255.0,27.817762261840947,0.95,0.0,0.0,0.0,0.0,0.0,0.05,0.0,298.92,79.64,0.8530710558008832,0.349293850600715,42.55205181960314,23.60789381676604,1007.1133122216042,68.94500645587671,0.9861883809744816,0.0,0.0,0.0,0.0,0.0,0.0138116190255182,0.0,0.8358553469425425,0.0,0.0,0.0,0.0,0.0,0.1641446530574574,0.0,7.710727497369492,1.2327423890480844,1.0,0.0,0.0,0.0,0.0,0.0,1.8513018520227624,0.0,8.432227805466914,1017.7913832278248,57.90987351738985,302.7106577576344,22.13772066860631
23,255.0,29.922646484378404,0.95,0.0,0.0,0.0,0.0,0.0,0.05,0.0,298.92,79.64,0.8530710558008832,0.3757238383272024,42.55205181960314,23.60789381676604,1003.107637775245,73.14637581751276,0.9810529489067789,0.0,0.0,0.0,0.0,0.0,0.018947051093221,0.0,0.7908745447606303,0.0,0.0,0.0,0.0,0.0,0.2091254552393696,0.0,7.453134505377841,1.2559316364343986,1.0,0.0,0.0,0.0,0.0,0.0,1.823277653059728,0.0,8.432227805466914,1017.7913832278248,57.90987351738985,302.7106577576344,22.13772066860631
23,255.0,32.02753070691586,0.95,0.0,0.0,0.0,0.0,0.0,0.05,0.0,298.92,79.64,0.8530710558008832,0.4021538260536899,42.55205181960314,23.60789381676604,999.07425403538,77.41143365875115,0.975907202448312,0.0,0.0,0.0,0.0,0.0,0.0240927975516879,0.0,0.7519099215890414,0.0,0.0,0.0,0.0,0.0,0.2480900784109586,0.0,7.200655663825213,1.2795992653357535,1.0,0.0,0.0,0.0,0.0,0.0,1.79619521212888,0.0,8.432227805466914,1017.7913832278248,57.90987351738985,302.7106577576344,22.13772066860631
23,255.0,34.13241492945332,0.95,0.0,0.0,0.0,0.0,0.0,0.05,0.0,298.92,79.64,0.8530710558008832,0.4285838137801773,42.55205181960314,23.60789381676604,995.01224156371,81.74231225753269,0.9707504865171016,0.0,0.0,0.0,0.0,0.0,0.0292495134828982,0.0,0.7178883728865405,0.0,0.0,0.0,0.0,0.0,0.2821116271134594,0.0,6.953189753670428,1.30377960417677,1.0,0.0,0.0,0.0,0.0,0.0,1.7700069348650396,0.0,8.432227805466914,1017.7913832278248,57.90987351738985,302.7106577576344,22.13772066860631
23,255.0,36.23729915199077,0.95,0.0,0.0,0.0,0.0,0.0,0.05,0.0,298.92,79.64,0.8530710558008832,0.4550138015066646,42.55205181960314,23.60789381676604,990.9206509570446,86.14125157391985,0.9655821298598398,0.0,0.0,0.0,0.0,0.0,0.0344178701401602,0.0,0.6879799004575563,0.0,0.0,0.0,0.0,0.0,0.3120200995424437,0.0,6.7106459028719705,1.328507166819137,1.0,0.0,0.0,0.0,0.0,0.0,1.7446683549819508,0.0,8.432227805466914,1017.7913832278248,57.90987351738985,302.7106577576344,22.13772066860631
23,255.0,38.34218337452823,0.95,0.0,0.0,0.0,0.0,0.0,0.05,0.0,298.92,79.64,0.8530710558008832,0.481443789233152,42.55205181960314,23.60789381676604,986.7985044129096,90.61060676892632,0.9604014470017016,0.0,0.0,0.0,0.0,0.0,0.0395985529982984,0.0,0.6615326398281476,0.0,0.0,0.0,0.0,0.0,0.3384673601718523,0.0,6.472936537602354,1.3538173296868152,1.0,0.0,0.0,0.0,0.0,0.0,1.7201534811946082,0.0,8.432227805466914,1017.7913832278248,57.90987351738985,302.7106577576344,22.13772066860631
23,255.0,40.44706759706568,0.95,0.0,0.0,0.0,0.0,0.0,0.05,0.0,298.92,79.64,0.8530710558008832,0.5078737769596394,42.55205181960314,23.60789381676604,982.6447874190746,95.1528523785452,0.955207730410457,0.0,0.0,0.0,0.0,0.0,0.0447922695895429,0.0,0.6380276365446526,0.0,0.0,0.0,0.0,0.0,0.3619723634553474,0.0,6.239980204760115,1.3797570112661617,1.0,0.0,0.0,0.0,0.0,0.0,1.6964063292646316,0.0,8.432227805466914,1017.7913832278248,57.90987351738985,302.7106577576344,22.13772066860631
23,255.0,42.55195181960314,0.95,0.0,0.0,0.0,0.0,0.0,0.05,0.0,298.92,79.64,0.8530710558008832,0.5343037646861268,42.55205181960314,23.60789381676604,978.4584449808168,99.77058805080668,0.950000247353894,0.0,0.0,0.0,0.0,0.0,0.0499997526461061,0.0,0.617046748112184,0.0,0.0,0.0,0.0,0.0,0.382953251887816,0.0,6.011701403901567,1.406360138949684,1.0,0.0,0.0,0.0,0.0,0.0,1.6733902965120957,0.0,8.432227805466914,1017.7913832278248,57.90987351738985,302.7106577576344,22.13772066860631
23,260.0,27.417765188751027,0.95,0.0,0.0,0.0,0.0,0.0,0.05,0.0,298.92,79.64,0.8697979392479592,0.3442712856447893,46.48566476712182,27.417665188751027,989.668451133546,71.41756232789994,0.9958257412968888,0.0,0.0,0.0,0.0,0.0,0.0041742587031112,0.0,0.9499973444840764,0.0,0.0,0.0,0.0,0.0,0.0500026555159236,0.0,7.090417173878836,1.276554516065155,1.0,0.0,0.0,0.0,0.0,0.0,1.7897874019134492,0.0,7.296085655146154,993.0143761526203,67.92140682303575,302.7106577576344,25.654931900849267
23,260.0,29.53640958634778,0.95,0.0,0.0,0.0,0.0,0.0,0.05,0.0,298.92,79.64,0.8697979392479592,0.3708740530681539,46.48566476712182,27.417665188751027,985.618448074555,75.67833539182101,0.9907969362027844,0.0,0.0,0.0,0.0,0.0,0.0092030637972156,0.0,0.8977516752504396,0.0,0.0,0.0,0.0,0.0,0.1022483247495603,0.0,6.8476011680433535,1.300722352959348,1.0,0.0,0.0,0.0,0.0,0.0,1.764111527655967,0.0,7.296085655146154,993.0143761526203,67.92140682303575,302.7106577576344,25.654931900849267
23,260.0,31.655053983944534,0.95,0.0,0.0,0.0,0.0,0.0,0.05,0.0,298.92,79.64,0.8697979392479592,0.3974768204915185,46.48566476712182,27.417665188751027,981.5360172320194,80.00557642002444,0.9857542912236285,0.0,0.0,0.0,0.0,0.0,0.0142457087763716,0.0,0.85252420866811,0.0,0.0,0.0,0.0,0.0,0.1474757913318901,0.0,6.6094678118603,1.3254488494554373,1.0,0.0,0.0,0.0,0.0,0.0,1.7392288877064246,0.0,7.296085655146154,993.0143761526203,67.92140682303575,302.7106577576344,25.654931900849267
23,260.0,33.77369838154129,0.95,0.0,0.0,0.0,0.0,0.0,0.05,0.0,298.92,79.64,0.8697979392479592,0.424079587914883,46.48566476712182,27.417665188751027,977.4200120725314,84.40163404677612,0.980697029290564,0.0,0.0,0.0,0.0,0.0,0.0193029707094359,0.0,0.8130525416231801,0.0,0.0,0.0,0.0,0.0,0.1869474583768198,0.0,6.375936317888918,1.350775401952361,1.0,0.0,0.0,0.0,0.0,0.0,1.7151097870085257,0.0,7.296085655146154,993.0143761526203,67.92140682303575,302.7106577576344,25.654931900849267
23,260.0,35.89234277913805,0.95,0.0,0.0,0.0,0.0,0.0,0.05,0.0,298.92,79.64,0.8697979392479592,0.4506823553382477,46.48566476712182,27.417665188751027,973.2692508447738,88.86898215715577,0.9756243574062426,0.0,0.0,0.0,0.0,0.0,0.0243756425937572,0.0,0.778362262217574,0.0,0.0,0.0,0.0,0.0,0.221637737782426,0.0,6.146930314089634,1.3767334803779896,1.0,0.0,0.0,0.0,0.0,0.0,1.69171991306521,0.0,7.296085655146154,993.0143761526203,67.92140682303575,302.7106577576344,25.654931900849267
23,260.0,38.0109871767348,0.95,0.0,0.0,0.0,0.0,0.0,0.05,0.0,298.92,79.64,0.8697979392479592,0.4772851227616123,46.48566476712182,27.417665188751027,969.082512979536,93.41023012158988,0.9705354636914482,0.0,0.0,0.0,0.0,0.0,0.0294645363085517,0.0,0.7476894632632943,0.0,0.0,0.0,0.0,0.0,0.2523105367367056,0.0,5.922382822857657,1.4033771615873831,1.0,0.0,0.0,0.0,0.0,0.0,1.669017180756026,0.0,7.296085655146154,993.0143761526203,67.92140682303575,302.7106577576344,25.654931900849267
23,260.0,40.12963157433156,0.95,0.0,0.0,0.0,0.0,0.0,0.05,0.0,298.92,79.64,0.8697979392479592,0.5038878901849768,46.48566476712182,27.417665188751027,964.8585205455352,98.0281269005686,0.9654295007610508,0.0,0.0,0.0,0.0,0.0,0.0345704992389489,0.0,0.7204269395494961,0.0,0.0,0.0,0.0,0.0,0.2795730604505039,0.0,5.702228304236062,1.4307298833487267,1.0,0.0,0.0,0.0,0.0,0.0,1.6469705551750582,0.0,7.296085655146154,993.0143761526203,67.92140682303575,302.7106577576344,25.654931900849267
23,260.0,42.24827597192831,0.95,0.0,0.0,0.0,0.0,0.0,0.05,0.0,298.92,79.64,0.8697979392479592,0.5304906576083414,46.48566476712182,27.417665188751027,960.595945632198,102.72557491055096,0.9603055934389602,0.0,0.0,0.0,0.0,0.0,0.0396944065610399,0.0,0.6960861666928956,0.0,0.0,0.0,0.0,0.0,0.3039138333071043,0.0,5.48640693562422,1.4588696090600275,1.0,0.0,0.0,0.0,0.0,0.0,1.6255504573552797,0.0,7.296085655146154,993.0143761526203,67.92140682303575,302.7106577576344,25.654931900849267
23,260.0,44.36692036952506,0.95,0.0,0.0,0.0,0.0,0.0,0.05,0.0,298.92,79.64,0.8697979392479592,0.5570934250317059,46.48566476712182,27.417665188751027,956.2933966480184,107.50563604193152,0.9551628269837108,0.0,0.0,0.0,0.0,0.0,0.0448371730162893,0.0,0.6742697800687444,0.0,0.0,0.0,0.0,0.0,0.3257302199312555,0.0,5.274863223421879,1.4878228571454124,1.0,0.0,0.0,0.0,0.0,0.0,1.6047362380021917,0.0,7.296085655146154,993.0143761526203,67.92140682303575,302.7106577576344,25.654931900849267
23,260.0,46.485564767121815,0.95,0.0,0.0,0.0,0.0,0.0,0.05,0.0,298.92,79.64,0.8697979392479592,0.5836961924550705,46.48566476712182,27.417665188751027,951.9494133790508,112.37154158313574,0.9500002436527176,0.0,0.0,0.0,0.0,0.0,0.0499997563472824,0.0,0.6546514019320925,0.0,0.0,0.0,0.0,0.0,0.3453485980679076,0.0,5.067545993704512,1.517643327018512,1.0,0.0,0.0,0.0,0.0,0.0,1.5845028862285986,0.0,7.296085655146154,993.0143761526203,67.92140682303575,302.7106577576344,25.654931900849267
23,265.0,31.684352264524332,0.95,0.0,0.0,0.0,0.0,0.0,0.05,0.0,298.92,79.64,0.8865248226950354,0.3978447044766993,50.68801501365044,31.684252264524336,962.0958748904612,83.97169771302855,0.995090924072496,0.0,0.0,0.0,0.0,0.0,0.004909075927504,0.0,0.949997791000931,0.0,0.0,0.0,0.0,0.0,0.0500022089990689,0.0,5.972739451102882,1.3831350649714502,1.0,0.0,0.0,0.0,0.0,0.0,1.6771209993414569,0.0,6.194157229336726,966.2255774553212,79.59167899763797,302.7106577576344,29.571779036695137
23,265.0,33.795859236649456,0.95,0.0,0.0,0.0,0.0,0.0,0.05,0.0,298.92,79.64,0.8865248226950354,0.4243578507866581,50.68801501365044,31.684252264524336,957.929370678326,88.42134052052212,0.9901662699204564,0.0,0.0,0.0,0.0,0.0,0.0098337300795435,0.0,0.9062732722876198,0.0,0.0,0.0,0.0,0.0,0.0937267277123801,0.0,5.755584344838385,1.4097844457228732,1.0,0.0,0.0,0.0,0.0,0.0,1.6552296952298124,0.0,6.194157229336726,966.2255774553212,79.59167899763797,302.7106577576344,29.571779036695137
23,265.0,35.907366208774576,0.95,0.0,0.0,0.0,0.0,0.0,0.05,0.0,298.92,79.64,0.8865248226950354,0.450870997096617,50.68801501365044,31.684252264524336,953.7225310077534,92.94553472532291,0.9852226395730712,0.0,0.0,0.0,0.0,0.0,0.0147773604269287,0.0,0.8677561396487155,0.0,0.0,0.0,0.0,0.0,0.1322438603512844,0.0,5.542522139452259,1.4371737956510826,1.0,0.0,0.0,0.0,0.0,0.0,1.6339448223776445,0.0,6.194157229336726,966.2255774553212,79.59167899763797,302.7106577576344,29.571779036695137
23,265.0,38.0188731808997,0.95,0.0,0.0,0.0,0.0,0.0,0.05,0.0,298.92,79.64,0.8865248226950354,0.4773841434065758,50.68801501365044,31.684252264524336,949.473838409226,97.54716965690304,0.980259078629948,0.0,0.0,0.0,0.0,0.0,0.019740921370052,0.0,0.8336253941695061,0.0,0.0,0.0,0.0,0.0,0.1663746058304939,0.0,5.3334990864611385,1.4653482772327069,1.0,0.0,0.0,0.0,0.0,0.0,1.6132282676399845,0.0,6.194157229336726,966.2255774553212,79.59167899763797,302.7106577576344,29.571779036695137
23,265.0,40.13038015302482,0.95,0.0,0.0,0.0,0.0,0.0,0.05,0.0,298.92,79.64,0.8865248226950354,0.5038972897165347,50.68801501365044,31.684252264524336,945.1817103332496,102.22930314446126,0.9752745980476746,0.0,0.0,0.0,0.0,0.0,0.0247254019523253,0.0,0.8032263103868595,0.0,0.0,0.0,0.0,0.0,0.1967736896131404,0.0,5.128468437426883,1.4943713805168386,1.0,0.0,0.0,0.0,0.0,0.0,1.593054690908452,0.0,6.194157229336726,966.2255774553212,79.59167899763797,302.7106577576344,29.571779036695137
23,265.0,42.24188712514994,0.95,0.0,0.0,0.0,0.0,0.0,0.05,0.0,298.92,79.64,0.8865248226950354,0.5304104360264935,50.68801501365044,31.684252264524336,940.8444812360444,106.99517002155704,0.970268159846854,0.0,0.0,0.0,0.0,0.0,0.0297318401531461,0.0,0.7760305138063867,0.0,0.0,0.0,0.0,0.0,0.2239694861936133,0.0,4.927385670878726,1.5242858929028806,1.0,0.0,0.0,0.0,0.0,0.0,1.5734010796262707,0.0,6.194157229336726,966.2255774553212,79.59167899763797,302.7106577576344,29.571779036695137
23,265.0,44.35339409727507,0.95,0.0,0.0,0.0,0.0,0.0,0.05,0.0,298.92,79.64,0.8865248226950354,0.5569235823364524,50.68801501365044,31.684252264524336,936.4604037558626,111.84820033385836,0.9652386794587048,0.0,0.0,0.0,0.0,0.0,0.0347613205412953,0.0,0.7516071048809682,0.0,0.0,0.0,0.0,0.0,0.2483928951190319,0.0,4.73021064108374,1.5551507632248018,1.0,0.0,0.0,0.0,0.0,0.0,1.554254710260697,0.0,6.194157229336726,966.2255774553212,79.59167899763797,302.7106577576344,29.571779036695137
23,265.0,46.46490106940019,0.95,0.0,0.0,0.0,0.0,0.0,0.05,0.0,298.92,79.64,0.8865248226950354,0.5834367286464113,50.68801501365044,31.684252264524336,932.0276340507918,116.7920303631694,0.9601850146835074,0.0,0.0,0.0,0.0,0.0,0.0398149853164926,0.0,0.729601311213738,0.0,0.0,0.0,0.0,0.0,0.2703986887862621,0.0,4.536904187253006,1.5870418595693758,1.0,0.0,0.0,0.0,0.0,0.0,1.535592416822017,0.0,6.194157229336726,966.2255774553212,79.59167899763797,302.7106577576344,29.571779036695137
23,265.0,48.57640804152531,0.95,0.0,0.0,0.0,0.0,0.0,0.05,0.0,298.92,79.64,0.8865248226950354,0.6099498749563701,50.68801501365044,31.684252264524336,927.5442267631768,121.83051927453084,0.9551059630443506,0.0,0.0,0.0,0.0,0.0,0.0448940369556494,0.0,0.7097185512437669,0.0,0.0,0.0,0.0,0.0,0.2902814487562331,0.0,4.3474379217167565,1.620016878543538,1.0,0.0,0.0,0.0,0.0,0.0,1.5173884137257905,0.0,6.194157229336726,966.2255774553212,79.59167899763797,302.7106577576344,29.571779036695137
23,265.0,50.68791501365043,0.95,0.0,0.0,0.0,0.0,0.0,0.05,0.0,298.92,79.64,0.8865248226950354,0.6364630212663289,50.68801501365044,31.684252264524336,923.0081087584964,126.96775929739374,0.950000241773483,0.0,0.0,0.0,0.0,0.0,0.049999758226517,0.0,0.6917123046261138,0.0,0.0,0.0,0.0,0.0,0.3082876953738863,0.0,4.161779390939729,1.6541693550028336,1.0,0.0,0.0,0.0,0.0,0.0,1.4996244093232995,0.0,6.194157229336726,966.2255774553212,79.59167899763797,302.7106577576344,29.571779036695137
23,270.0,36.45240403899764,0.95,0.0,0.0,0.0,0.0,0.0,0.05,0.0,298.92,79.64,0.9032517061421116,0.4577147669386947,55.1604052272772,36.45230403899764,931.7445947318624,98.86287004665684,0.994180663701806,0.0,0.0,0.0,0.0,0.0,0.0058193362981939,0.0,0.9499981662131216,0.0,0.0,0.0,0.0,0.0,0.0500018337868782,0.0,4.893156155708338,1.514618867473242,1.0,0.0,0.0,0.0,0.0,0.0,1.571175793876789,0.0,5.130843724671824,936.9320241360858,93.30322734807504,302.7106577576344,33.91794976874195
23,270.0,38.53105972658426,0.95,0.0,0.0,0.0,0.0,0.0,0.05,0.0,298.92,79.64,0.9032517061421116,0.4838154159540966,55.1604052272772,36.45230403899764,927.4366376666092,103.5123933001768,0.9893820428404648,0.0,0.0,0.0,0.0,0.0,0.010617957159535,0.0,0.913960425675488,0.0,0.0,0.0,0.0,0.0,0.086039574324512,0.0,4.702198726705984,1.5446689774845006,1.0,0.0,0.0,0.0,0.0,0.0,1.5525774814160205,0.0,5.130843724671824,936.9320241360858,93.30322734807504,302.7106577576344,33.91794976874195
23,270.0,40.60971541417088,0.95,0.0,0.0,0.0,0.0,0.0,0.05,0.0,298.92,79.64,0.9032517061421116,0.5099160649694987,55.1604052272772,36.45230403899764,923.078423132684,108.24641953047774,0.9845589087011568,0.0,0.0,0.0,0.0,0.0,0.015441091298843,0.0,0.881713031043166,0.0,0.0,0.0,0.0,0.0,0.1182869689568339,0.0,4.51479704986404,1.5756982654256015,1.0,0.0,0.0,0.0,0.0,0.0,1.534424482166026,0.0,5.130843724671824,936.9320241360858,93.30322734807504,302.7106577576344,33.91794976874195
23,270.0,42.6883711017575,0.95,0.0,0.0,0.0,0.0,0.0,0.05,0.0,298.92,79.64,0.9032517061421116,0.5360167139849008,55.1604052272772,36.45230403899764,918.6678879779062,113.06856454015904,0.9797100604032732,0.0,0.0,0.0,0.0,0.0,0.0202899395967267,0.0,0.8527391173441377,0.0,0.0,0.0,0.0,0.0,0.1472608826558623,0.0,4.3309217939433,1.6077841030845343,1.0,0.0,0.0,0.0,0.0,0.0,1.5166867796773171,0.0,5.130843724671824,936.9320241360858,93.30322734807504,302.7106577576344,33.91794976874195
23,270.0,44.76702678934412,0.95,0.0,0.0,0.0,0.0,0.0,0.05,0.0,298.92,79.64,0.9032517061421116,0.5621173630003028,55.1604052272772,36.45230403899764,914.2028452217656,117.98267180277028,0.9748342277652357,0.0,0.0,0.0,0.0,0.0,0.0251657722347645,0.0,0.8266138885044894,0.0,0.0,0.0,0.0,0.0,0.1733861114955106,0.0,4.150547144222195,1.6410025645311976,1.0,0.0,0.0,0.0,0.0,0.0,1.4993483554321356,0.0,5.130843724671824,936.9320241360858,93.30322734807504,302.7106577576344,33.91794976874195
23,270.0,46.84568247693073,0.95,0.0,0.0,0.0,0.0,0.0,0.05,0.0,298.92,79.64,0.9032517061421116,0.5882180120157048,55.1604052272772,36.45230403899764,909.6809785466062,122.99283737985478,0.9699300690446734,0.0,0.0,0.0,0.0,0.0,0.0300699309553265,0.0,0.8029851908985125,0.0,0.0,0.0,0.0,0.0,0.1970148091014874,0.0,3.9736505082352713,1.6754149139190804,1.0,0.0,0.0,0.0,0.0,0.0,1.4824003203573362,0.0,5.130843724671824,936.9320241360858,93.30322734807504,302.7106577576344,33.91794976874195
23,270.0,48.924338164517344,0.95,0.0,0.0,0.0,0.0,0.0,0.05,0.0,298.92,79.64,0.9032517061421116,0.6143186610311068,55.1604052272772,36.45230403899764,905.0998282321052,128.10343019187246,0.9649961622105024,0.0,0.0,0.0,0.0,0.0,0.0350038377894977,0.0,0.7815587835235014,0.0,0.0,0.0,0.0,0.0,0.2184412164764985,0.0,3.800210908851864,1.7111270660575508,1.0,0.0,0.0,0.0,0.0,0.0,1.4658273977396326,0.0,5.130843724671824,936.9320241360858,93.30322734807504,302.7106577576344,33.91794976874195
23,270.0,51.00299385210396,0.95,0.0,0.0,0.0,0.0,0.0,0.05,0.0,298.92,79.64,0.9032517061421116,0.6404193100465089,55.1604052272772,36.45230403899764,900.4567640181907,133.31910987831492,0.9600309867500436,0.0,0.0,0.0,0.0,0.0,0.0399690132499563,0.0,0.7620870404224321,0.0,0.0,0.0,0.0,0.0,0.2379129595775678,0.0,3.630213617183767,1.7482251838242129,1.0,0.0,0.0,0.0,0.0,0.0,1.4496089833182526,0.0,5.130843724671824,936.9320241360858,93.30322734807504,302.7106577576344,33.91794976874195
23,270.0,53.08164953969058,0.95,0.0,0.0,0.0,0.0,0.0,0.05,0.0,298.92,79.64,0.9032517061421116,0.6665199590619109,55.1604052272772,36.45230403899764,895.7489837551814,138.644859361521,0.9550329253580032,0.0,0.0,0.0,0.0,0.0,0.0449670746419966,0.0,0.7443602711304627,0.0,0.0,0.0,0.0,0.0,0.2556397288695373,0.0,3.4636438582310425,1.78680945863388,1.0,0.0,0.0,0.0,0.0,0.0,1.433736672762937,0.0,5.130843724671824,936.9320241360858,93.30322734807504,302.7106577576344,33.91794976874195
23,270.0,55.1603052272772,0.95,0.0,0.0,0.0,0.0,0.0,0.05,0.0,298.92,79.64,0.9032517061421116,0.6926206080773128,55.1604052272772,36.45230403899764,890.9734802513884,144.08600530999894,0.9500002420030078,0.0,0.0,0.0,0.0,0.0,0.0499997579969922,0.0,0.7281998574754222,0.0,0.0,0.0,0.0,0.0,0.2718001425245778,0.0,3.3004927280794965,1.8269942000396504,1.0,0.0,0.0,0.0,0.0,0.0,1.418198425274459,0.0,5.130843724671824,936.9320241360858,93.30322734807504,302.7106577576344,33.91794976874195
23,275.0,41.77558089844736,0.95,0.0,0.0,0.0,0.0,0.0,0.05,0.0,298.92,79.64,0.9199785895891875,0.5245552599001426,59.89579766367838,41.77548089844736,897.7569361836951,116.79590916897106,0.9930223813594604,0.0,0.0,0.0,0.0,0.0,0.0069776186405395,0.0,0.9499984848796156,0.0,0.0,0.0,0.0,0.0,0.0500015151203843,0.0,3.85760675037793,1.682982370606164,1.0,0.0,0.0,0.0,0.0,0.0,1.47076384186808,0.0,4.11187312512685,904.4335281070778,109.60126774294156,302.7106577576344,38.72523437118672
23,275.0,43.78892720569525,0.95,0.0,0.0,0.0,0.0,0.0,0.05,0.0,298.92,79.64,0.9199785895891875,0.5498358514025019,59.89579766367838,41.77548089844736,893.2746386078346,121.66051433251836,0.9883805766485932,0.0,0.0,0.0,0.0,0.0,0.0116194233514067,0.0,0.9209332688961376,0.0,0.0,0.0,0.0,0.0,0.0790667311038624,0.0,3.693649803990504,1.717864267142428,1.0,0.0,0.0,0.0,0.0,0.0,1.4550591812104905,0.0,4.11187312512685,904.4335281070778,109.60126774294156,302.7106577576344,38.72523437118672
23,275.0,45.80227351294314,0.95,0.0,0.0,0.0,0.0,0.0,0.05,0.0,298.92,79.64,0.9199785895891875,0.5751164429048611,59.89579766367838,41.77548089844736,888.7291438587139,126.62228084621611,0.9837082048214768,0.0,0.0,0.0,0.0,0.0,0.0162917951785233,0.0,0.8945547932210197,0.0,0.0,0.0,0.0,0.0,0.1054452067789803,0.0,3.532753247408904,1.754107064004375,1.0,0.0,0.0,0.0,0.0,0.0,1.4396651187674423,0.0,4.11187312512685,904.4335281070778,109.60126774294156,302.7106577576344,38.72523437118672
23,275.0,47.81561982019103,0.95,0.0,0.0,0.0,0.0,0.0,0.05,0.0,298.92,79.64,0.9199785895891875,0.6003970344072204,59.89579766367838,41.77548089844736,884.1175443573627,131.685838939611,0.9790037136506378,0.0,0.0,0.0,0.0,0.0,0.0209962863493622,0.0,0.8705524807534011,0.0,0.0,0.0,0.0,0.0,0.129447519246599,0.0,3.3749088653383907,1.791788517671423,1.0,0.0,0.0,0.0,0.0,0.0,1.4245680785763333,0.0,4.11187312512685,904.4335281070778,109.60126774294156,302.7106577576344,38.72523437118672
23,275.0,49.828966127438925,0.95,0.0,0.0,0.0,0.0,0.0,0.05,0.0,298.92,79.64,0.9199785895891875,0.6256776259095796,59.89579766367838,41.77548089844736,879.4367284736807,136.85615245317337,0.9742654447477028,0.0,0.0,0.0,0.0,0.0,0.025734555252297,0.0,0.8486639293946664,0.0,0.0,0.0,0.0,0.0,0.1513360706053335,0.0,3.220107822776357,1.8310236313614825,1.0,0.0,0.0,0.0,0.0,0.0,1.409752505399831,0.0,4.11187312512685,904.4335281070778,109.60126774294156,302.7106577576344,38.72523437118672
23,275.0,51.84231243468682,0.95,0.0,0.0,0.0,0.0,0.0,0.05,0.0,298.92,79.64,0.9199785895891875,0.6509582174119389,59.89579766367838,41.77548089844736,874.6833615371883,142.1385523520951,0.96949162368525,0.0,0.0,0.0,0.0,0.0,0.03050837631475,0.0,0.828666095254627,0.0,0.0,0.0,0.0,0.0,0.171333904745373,0.0,3.0683482328411804,1.8719322238211056,1.0,0.0,0.0,0.0,0.0,0.0,1.3952160363481834,0.0,4.11187312512685,904.4335281070778,109.60126774294156,302.7106577576344,38.72523437118672
23,275.0,53.855658741934704,0.95,0.0,0.0,0.0,0.0,0.0,0.05,0.0,298.92,79.64,0.9199785895891875,0.6762388089142981,59.89579766367838,41.77548089844736,869.8538470528027,147.5387667515967,0.9646803373219788,0.0,0.0,0.0,0.0,0.0,0.0353196626780213,0.0,0.8103683285756832,0.0,0.0,0.0,0.0,0.0,0.1896316714243168,0.0,2.9196266571287146,1.9146562836037229,1.0,0.0,0.0,0.0,0.0,0.0,1.3809430447443378,0.0,4.11187312512685,904.4335281070778,109.60126774294156,302.7106577576344,38.72523437118672
23,275.0,55.8690050491826,0.95,0.0,0.0,0.0,0.0,0.0,0.05,0.0,298.92,79.64,0.9199785895891875,0.7015194004166574,59.89579766367838,41.77548089844736,864.9443078136333,153.06296644352986,0.9598295251198732,0.0,0.0,0.0,0.0,0.0,0.0401704748801268,0.0,0.793606896767765,0.0,0.0,0.0,0.0,0.0,0.206393103232235,0.0,2.7739433361132586,1.959323724338367,1.0,0.0,0.0,0.0,0.0,0.0,1.3669219310607708,0.0,4.11187312512685,904.4335281070778,109.60126774294156,302.7106577576344,38.72523437118672
23,275.0,57.88235135643049,0.95,0.0,0.0,0.0,0.0,0.0,0.05,0.0,298.92,79.64,0.9199785895891875,0.7267999919190167,59.89579766367838,41.77548089844736,859.9505588972006,158.71781356745143,0.9549369653075312,0.0,0.0,0.0,0.0,0.0,0.0450630346924688,0.0,0.7782405925788719,0.0,0.0,0.0,0.0,0.0,0.2217594074211281,0.0,2.6313025873767337,2.00611791782543,1.0,0.0,0.0,0.0,0.0,0.0,1.353150234319371,0.0,4.11187312512685,904.4335281070778,109.60126774294156,302.7106577576344,38.72523437118672
23,275.0,59.895697663678376,0.95,0.0,0.0,0.0,0.0,0.0,0.05,0.0,298.92,79.64,0.9199785895891875,0.7520805834213758,59.89579766367838,41.77548089844736,854.8680548792814,164.51050503890093,0.9500002448605512,0.0,0.0,0.0,0.0,0.0,0.0499997551394487,0.0,0.7641471552327188,0.0,0.0,0.0,0.0,0.0,0.2358528447672811,0.0,2.491719825902279,2.0552024889799325,1.0,0.0,0.0,0.0,0.0,0.0,1.3396115658872805,0.0,4.11187312512685,904.4335281070778,109.60126774294156,302.7106577576344,38.72523437118672
23,280.0,47.72262767467376,0.95,0.0,0.0,0.0,0.0,0.0,0.05,0.0,298.92,79.64,0.9367054730362638,0.5992293781350296,64.87166628595628,47.72252767467376,858.7804174491029,138.89537954219605,0.9914918677860636,0.0,0.0,0.0,0.0,0.0,0.0085081322139364,0.0,0.9499987593473846,0.0,0.0,0.0,0.0,0.0,0.0500012406526154,0.0,2.874277323791006,1.910195806674949,1.0,0.0,0.0,0.0,0.0,0.0,1.3746350890846406,0.0,3.1449654870637134,867.6798743518019,129.30886906724652,302.7106577576344,44.02808165538378
23,280.0,49.62806529814959,0.95,0.0,0.0,0.0,0.0,0.0,0.05,0.0,298.92,79.64,0.9367054730362638,0.62315501378892,64.87166628595628,47.72252767467376,854.079176812218,143.9962413138442,0.9870526786204942,0.0,0.0,0.0,0.0,0.0,0.0129473213795058,0.0,0.9273067874418532,0.0,0.0,0.0,0.0,0.0,0.0726932125581466,0.0,2.738482100625229,1.952383431064696,1.0,0.0,0.0,0.0,0.0,0.0,1.3615152346064692,0.0,3.1449654870637134,867.6798743518019,129.30886906724652,302.7106577576344,44.02808165538378
23,280.0,51.53350292162543,0.95,0.0,0.0,0.0,0.0,0.0,0.05,0.0,298.92,79.64,0.9367054730362638,0.6470806494428105,64.87166628595628,47.72252767467376,849.2970254621799,149.21106855264057,0.9825762106365922,0.0,0.0,0.0,0.0,0.0,0.0174237893634078,0.0,0.9064472656380846,0.0,0.0,0.0,0.0,0.0,0.0935527343619152,0.0,2.605284911564334,1.99648561934656,1.0,0.0,0.0,0.0,0.0,0.0,1.3485940497503546,0.0,3.1449654870637134,867.6798743518019,129.30886906724652,302.7106577576344,44.02808165538378
23,280.0,53.43894054510127,0.95,0.0,0.0,0.0,0.0,0.0,0.05,0.0,298.92,79.64,0.9367054730362638,0.671006285096701,64.87166628595628,47.72252767467376,844.4296835515917,154.54599994414744,0.9780604081391072,0.0,0.0,0.0,0.0,0.0,0.0219395918608926,0.0,0.8872465789581355,0.0,0.0,0.0,0.0,0.0,0.1127534210418645,0.0,2.4746924032994047,2.04267719747295,1.0,0.0,0.0,0.0,0.0,0.0,1.335869599508977,0.0,3.1449654870637134,867.6798743518019,129.30886906724652,302.7106577576344,44.02808165538378
23,280.0,55.3443781685771,0.95,0.0,0.0,0.0,0.0,0.0,0.05,0.0,298.92,79.64,0.9367054730362638,0.6949319207505914,64.87166628595628,47.72252767467376,839.4725290506797,160.00770113563104,0.973503056068434,0.0,0.0,0.0,0.0,0.0,0.0264969439315659,0.0,0.8695543690429884,0.0,0.0,0.0,0.0,0.0,0.1304456309570115,0.0,2.3467182700018023,2.091113687435856,1.0,0.0,0.0,0.0,0.0,0.0,1.3233334275953603,0.0,3.1449654870637134,867.6798743518019,129.30886906724652,302.7106577576344,44.02808165538378
23,280.0,57.249815792052935,0.95,0.0,0.0,0.0,0.0,0.0,0.05,0.0,298.92,79.64,0.9367054730362638,0.7188575564044819,64.87166628595628,47.72252767467376,834.4205104926081,165.6033891133158,0.9689017341319356,0.0,0.0,0.0,0.0,0.0,0.0310982658680644,0.0,0.853239842862533,0.0,0.0,0.0,0.0,0.0,0.146760157137467,0.0,2.221362090662648,2.142009372348483,1.0,0.0,0.0,0.0,0.0,0.0,1.3109734852788382,0.0,3.1449654870637134,867.6798743518019,129.30886906724652,302.7106577576344,44.02808165538378
23,280.0,59.15525341552877,0.95,0.0,0.0,0.0,0.0,0.0,0.05,0.0,298.92,79.64,0.9367054730362638,0.7427831920583723,64.87166628595628,47.72252767467376,829.268130185903,171.34092440149487,0.9642538125827712,0.0,0.0,0.0,0.0,0.0,0.0357461874172286,0.0,0.8381889556669047,0.0,0.0,0.0,0.0,0.0,0.1618110443330952,0.0,2.0986663438069453,2.196660415680077,1.0000000002155094,0.0,0.0,0.0,0.0,0.0,1.299056190668073,0.0,3.1449654870637134,867.6798743518019,129.30886906724652,302.7106577576344,44.02808165538378
23,280.0,61.06069103900461,0.95,0.0,0.0,0.0,0.0,0.0,0.05,0.0,298.92,79.64,0.9367054730362638,0.7667088277122628,64.87166628595628,47.72252767467376,824.0093793948731,177.22888515575903,0.9595564208344292,0.0,0.0,0.0,0.0,0.0,0.0404435791655707,0.0,0.8243020102469211,0.0,0.0,0.0,0.0,0.0,0.175697989753079,0.0,1.9786033992607392,2.25205097675846,1.0,0.0,0.0,0.0,0.0,0.0,1.286762660419303,0.0,3.1449654870637134,867.6798743518019,129.30886906724652,302.7106577576344,44.02808165538378
23,280.0,62.96612866248044,0.95,0.0,0.0,0.0,0.0,0.0,0.05,0.0,298.92,79.64,0.9367054730362638,0.7906344633661532,64.87166628595628,47.72252767467376,818.6376279329704,183.2766357345916,0.9548063921891444,0.0,0.0,0.0,0.0,0.0,0.0451936078108556,0.0,0.8114916372587259,0.0,0.0,0.0,0.0,0.0,0.188508362741274,0.0,1.8612320510724416,2.311739504257577,1.0,0.0,0.0,0.0,0.0,0.0,1.2749012201793015,0.0,3.1449654870637134,867.6798743518019,129.30886906724652,302.7106577576344,44.02808165538378
23,280.0,64.87156628595628,0.95,0.0,0.0,0.0,0.0,0.0,0.05,0.0,298.92,79.64,0.9367054730362638,0.8145600990200437,64.87166628595628,47.72252767467376,813.1455885270526,189.49445777968975,0.9500002512759156,0.0,0.0,0.0,0.0,0.0,0.0499997487240843,0.0,0.7996812508727992,0.0,0.0,0.0,0.0,0.0,0.2003187491272007,0.0,1.746574366668311,2.3771465306388992,1.0000000000788931,0.0,0.0,0.0,0.0,0.0,1.2636105133751008,0.0,3.1449654870637134,867.6798743518019,129.30886906724652,302.7106577576344,44.02808165538378
23,285.0,54.391001462931634,0.95,0.0,0.0,0.0,0.0,0.0,0.05,0.0,298.92,79.64,0.95343235648334,0.6829608420759874,70.03363402017787,54.39090146293163,812.458135267994,167.15479492484155,0.9893514770806332,0.0,0.0,0.0,0.0,0.0,0.0106485229193667,0.0,0.9499990010422902,0.0,0.0,0.0,0.0,0.0,0.0500009989577097,0.0,1.9551732540148268,2.242176856878364,1.0,0.0,0.0,0.0,0.0,0.0,1.2812955115701758,0.0,2.2410524707626744,824.9746819221486,153.77005765610247,302.7106577576344,49.86436423924916
23,285.0,56.12906063595899,0.95,0.0,0.0,0.0,0.0,0.0,0.05,0.0,298.92,79.64,0.95343235648334,0.7047847895022475,70.03363402017787,54.39090146293163,807.476058452826,172.52103482800297,0.9851889329950628,0.0,0.0,0.0,0.0,0.0,0.0148110670049371,0.0,0.9332019899787786,0.0,0.0,0.0,0.0,0.0,0.0667980100212214,0.0,1.8492346362586387,2.29632292766571,1.0,0.0,0.0,0.0,0.0,0.0,1.2705390032707724,0.0,2.2410524707626744,824.9746819221486,153.77005765610247,302.7106577576344,49.86436423924916
23,285.0,57.86711980898635,0.95,0.0,0.0,0.0,0.0,0.0,0.05,0.0,298.92,79.64,0.95343235648334,0.7266087369285077,70.03363402017787,54.39090146293163,802.3872059020216,178.02490689216697,0.9809816020754814,0.0,0.0,0.0,0.0,0.0,0.0190183979245186,0.0,0.9175810101929942,0.0,0.0,0.0,0.0,0.0,0.0824189898070058,0.0,1.7454577014435289,2.35558595425768,1.0000000000609612,0.0,0.0,0.0,0.0,0.0,1.2603088822995574,0.0,2.2410524707626744,824.9746819221486,153.77005765610247,302.7106577576344,49.86436423924916
23,285.0,59.60517898201371,0.95,0.0,0.0,0.0,0.0,0.0,0.05,0.0,298.92,79.64,0.95343235648334,0.7484326843547678,70.03363402017787,54.39090146293163,797.1848967551585,183.67503310323764,0.9767266925130496,0.0,0.0,0.0,0.0,0.0,0.0232733074869503,0.0,0.9030506460680476,0.0,0.0,0.0,0.0,0.0,0.0969493539319523,0.0,1.6438504889769912,2.4164333610465207,1.0000000000086255,0.0,0.0,0.0,0.0,0.0,1.2498351901897886,0.0,2.2410524707626744,824.9746819221486,153.77005765610247,302.7106577576344,49.86436423924916
23,285.0,61.34323815504107,0.95,0.0,0.0,0.0,0.0,0.0,0.05,0.0,298.92,79.64,0.95343235648334,0.770256631781028,70.03363402017787,54.39090146293163,791.8617636554602,189.48089296853905,0.972421131681217,0.0,0.0,0.0,0.0,0.0,0.0275788683187829,0.0,0.8895353500578929,0.0,0.0,0.0,0.0,0.0,0.1104646499421071,0.0,1.5444396076673788,2.4809537090932654,1.0000000000006886,0.0,0.0,0.0,0.0,0.0,1.239471665727291,0.0,2.2410524707626744,824.9746819221486,153.77005765610247,302.7106577576344,49.86436423924916
23,285.0,63.08129732806843,0.95,0.0,0.0,0.0,0.0,0.0,0.05,0.0,298.92,79.64,0.95343235648334,0.7920805792072881,70.03363402017787,54.39090146293163,786.4096472320616,195.4529368986231,0.9680615231976164,0.0,0.0,0.0,0.0,0.0,0.0319384768023835,0.0,0.8769682552060564,0.0,0.0,0.0,0.0,0.0,0.1230317447939435,0.0,1.4472540501690156,2.549536182460966,1.0000000000001747,0.0,0.0,0.0,0.0,0.0,1.2292154067248882,0.0,2.2410524707626744,824.9746819221486,153.77005765610247,302.7106577576344,49.86436423924916
23,285.0,64.8193565010958,0.95,0.0,0.0,0.0,0.0,0.0,0.05,0.0,298.92,79.64,0.95343235648334,0.8139045266335484,70.03363402017787,54.39090146293163,780.8194741788814,201.60273330261128,0.9636440977032732,0.0,0.0,0.0,0.0,0.0,0.0363559022967267,0.0,0.8652902063473488,0.0,0.0,0.0,0.0,0.0,0.1347097936526513,0.0,1.3523232778149354,2.622651828734948,1.0000000000001386,0.0,0.0,0.0,0.0,0.0,1.2190590069530682,0.0,2.2410524707626744,824.9746819221486,153.77005765610247,302.7106577576344,49.86436423924916
23,285.0,66.55741567412315,0.95,0.0,0.0,0.0,0.0,0.0,0.05,0.0,298.92,79.64,0.95343235648334,0.8357284740598085,70.03363402017787,54.39090146293163,775.0811073161389,207.94313768650545,0.959164652286464,0.0,0.0,0.0,0.0,0.0,0.0408353477135361,0.0,0.854448940741239,0.0,0.0,0.0,0.0,0.0,0.1455510592587609,0.0,1.2596814742149254,2.700827219310705,1.0000000000001554,0.0,0.0,0.0,0.0,0.0,1.2090007694623306,0.0,2.2410524707626744,824.9746819221486,153.77005765610247,302.7106577576344,49.86436423924916
23,285.0,68.2954748471505,0.95,0.0,0.0,0.0,0.0,0.0,0.05,0.0,298.92,79.64,0.95343235648334,0.8575524214860686,70.03363402017787,54.39090146293163,769.1831642247263,214.4884976904972,0.9546184774319132,0.0,0.0,0.0,0.0,0.0,0.0453815225680866,0.0,0.8443984116742869,0.0,0.0,0.0,0.0,0.0,0.1556015883257131,0.0,1.1693662762323362,2.78467606100175,1.0000000000000693,0.0,0.0,0.0,0.0,0.0,1.1990325368468022,0.0,2.2410524707626744,824.9746819221486,153.77005765610247,302.7106577576344,49.86436423924916
23,285.0,70.03353402017787,0.95,0.0,0.0,0.0,0.0,0.0,0.05,0.0,298.92,79.64,0.95343235648334,0.8793763689123288,70.03363402017787,54.39090146293163,763.112783903635,221.25489266614815,0.950000262928274,0.0,0.0,0.0,0.0,0.0,0.0499997370717258,0.0,0.8350982206346684,0.0,0.0,0.0,0.0,0.0,0.1649017793653314,0.0,1.0814097213537657,2.874941125443004,1.0000000002747382,0.0,0.0,0.0,0.0,0.0,1.189151371640665,0.0,2.2410524707626744,824.9746819221486,153.77005765610247,302.7106577576344,49.86436423924916
23,290.0,61.94535956796496,0.95,0.0,0.0,0.0,0.0,0.0,0.05,0.0,298.92,79.64,0.970159239930416,0.7778171718729904,75.24982629334554,61.94525956796495,753.9625733495436,205.7628330937249,0.986056713407006,0.0,0.0,0.0,0.0,0.0,0.013943286592994,0.0,0.949999223861313,0.0,0.0,0.0,0.0,0.0,0.050000776138687,0.0,1.1197675235354487,2.8061130118020974,1.0000000001049747,0.0,0.0,0.0,0.0,0.0,1.1894735940505017,0.0,1.4167983026644004,773.2637021553837,185.44864903964933,302.7106577576344,56.27641671412855
23,290.0,63.423622537451685,0.95,0.0,0.0,0.0,0.0,0.0,0.05,0.0,298.92,79.64,0.970159239930416,0.7963789871603677,75.24982629334554,61.94525956796495,748.6160112476881,211.4290841761916,0.9823080630869544,0.0,0.0,0.0,0.0,0.0,0.0176919369130454,0.0,0.9387741146273476,0.0,0.0,0.0,0.0,0.0,0.0612258853726524,0.0,1.0462802318784372,2.8847712887125683,1.0000000000185227,0.0,0.0,0.0,0.0,0.0,1.1811244463082406,0.0,1.4167983026644004,773.2637021553837,185.44864903964933,302.7106577576344,56.27641671412855
23,290.0,64.90188550693841,0.95,0.0,0.0,0.0,0.0,0.0,0.05,0.0,298.92,79.64,0.970159239930416,0.814940802447745,75.24982629334554,61.94525956796495,743.1212184096926,217.26954532467343,0.9785063952126892,0.0,0.0,0.0,0.0,0.0,0.0214936047873106,0.0,0.928224688616324,0.0,0.0,0.0,0.0,0.0,0.0717753113836761,0.0,0.9744863992599404,2.9689865916121336,1.000000000001187,0.0,0.0,0.0,0.0,0.0,1.1728272000635378,0.0,1.4167983026644004,773.2637021553837,185.44864903964933,302.7106577576344,56.27641671412855
23,290.0,66.38014847642515,0.95,0.0,0.0,0.0,0.0,0.0,0.05,0.0,298.92,79.64,0.970159239930416,0.8335026177351224,75.24982629334554,61.94525956796495,737.4666330286512,223.29755166074185,0.9746477513390124,0.0,0.0,0.0,0.0,0.0,0.0253522486609877,0.0,0.918319483481832,0.0,0.0,0.0,0.0,0.0,0.0816805165181678,0.0,0.9044247961691606,3.059452189500354,1.0000000000010965,0.0,0.0,0.0,0.0,0.0,1.1645769737354896,0.0,1.4167983026644004,773.2637021553837,185.44864903964933,302.7106577576344,56.27641671412855
23,290.0,67.85841144591188,0.95,0.0,0.0,0.0,0.0,0.0,0.05,0.0,298.92,79.64,0.970159239930416,0.8520644330224998,75.24982629334554,61.94525956796495,731.6391957045046,229.528127921082,0.97072767691658,0.0,0.0,0.0,0.0,0.0,0.0292723230834199,0.0,0.909030602237588,0.0,0.0,0.0,0.0,0.0,0.0909693977624118,0.0,0.8361307729530664,3.156991453169644,1.0000000000009517,0.0,0.0,0.0,0.0,0.0,1.1563712867566684,0.0,1.4167983026644004,773.2637021553837,185.44864903964933,302.7106577576344,56.27641671412855
23,290.0,69.3366744153986,0.95,0.0,0.0,0.0,0.0,0.0,0.05,0.0,298.92,79.64,0.970159239930416,0.870626248309877,75.24982629334554,61.94525956796495,725.6240091456579,235.97829461647973,0.9667411099774574,0.0,0.0,0.0,0.0,0.0,0.0332588900225426,0.0,0.9003335150954521,0.0,0.0,0.0,0.0,0.0,0.099666484904548,0.0,0.7696401761908901,3.262589320394551,1.000000000001097,0.0,0.0,0.0,0.0,0.0,1.1482061387730522,0.0,1.4167983026644004,773.2637021553837,185.44864903964933,302.7106577576344,56.27641671412855
23,290.0,70.81493738488534,0.95,0.0,0.0,0.0,0.0,0.0,0.05,0.0,298.92,79.64,0.970159239930416,0.8891880635972544,75.24982629334554,61.94525956796495,719.4040339817352,242.66743788524707,0.9626822838923212,0.0,0.0,0.0,0.0,0.0,0.0373177161076786,0.0,0.8922069071468038,0.0,0.0,0.0,0.0,0.0,0.1077930928531961,0.0,0.7050065642979555,3.377442597255606,1.000000000000666,0.0,0.0,0.0,0.0,0.0,1.1397001743101232,0.0,1.4167983026644004,773.2637021553837,185.44864903964933,302.7106577576344,56.27641671412855
23,290.0,72.29320035437208,0.95,0.0,0.0,0.0,0.0,0.0,0.05,0.0,298.92,79.64,0.970159239930416,0.9077498788846318,75.24982629334554,61.94525956796495,712.9595706394829,249.6178273895882,0.9585445595950436,0.0,0.0,0.0,0.0,0.0,0.0414554404049564,0.0,0.8846326383384473,0.0,0.0,0.0,0.0,0.0,0.1153673616615527,0.0,0.6422781730952019,3.5029987680663,1.0000000000004297,0.0,0.0,0.0,0.0,0.0,1.1300926485139715,0.0,1.4167983026644004,773.2637021553837,185.44864903964933,302.7106577576344,56.27641671412855
23,290.0,73.7714633238588,0.95,0.0,0.0,0.0,0.0,0.0,0.05,0.0,298.92,79.64,0.970159239930416,0.926311694172009,75.24982629334554,61.94525956796495,706.267659669372,256.85524710741,0.9543202335672764,0.0,0.0,0.0,0.0,0.0,0.0456797664327234,0.0,0.8775957382055242,0.0,0.0,0.0,0.0,0.0,0.1224042617944758,0.0,0.5815092041665395,3.6410466698118458,1.0000000000003062,0.0,0.0,0.0,0.0,0.0,1.120582703501973,0.0,1.4167983026644004,773.2637021553837,185.44864903964933,302.7106577576344,56.27641671412855
23,290.0,75.24972629334553,0.95,0.0,0.0,0.0,0.0,0.0,0.05,0.0,298.92,79.64,0.970159239930416,0.9448735094593864,75.24982629334554,61.94525956796495,699.3013092054239,264.4097872484712,0.9500002909751872,0.0,0.0,0.0,0.0,0.0,0.0499997090248126,0.0,0.8710844570516043,0.0,0.0,0.0,0.0,0.0,0.1289155429483957,0.0,0.5227709604886154,3.793834521587928,1.000000000133051,0.0,0.0,0.0,0.0,0.0,1.1111709053040622,0.0,1.4167983026644004,773.2637021553837,185.44864903964933,302.7106577576344,56.27641671412855
24,200.0,2.767330090921776,0.95,0.0,0.0,0.0,0.05,0.0,0.0,0.0,298.8,78.69,0.6693440428380187,0.0351674938482879,12.124975352206752,2.767230090921776,1221.1322369439968,7.405303514095631,0.999287299925782,0.0,0.0,0.0,0.0007127000742178,0.0,0.0,0.0,0.9499668830910016,0.0,0.0,0.0,0.0500331169089985,0.0,0.0,0.0,22.455259262820647,0.6850655116736847,1.000000009523737,0.0,0.0,0.0,5.218559817142227,0.0,0.0,0.0,22.53960113748808,1221.920496490378,7.249541730897533,302.7106577576344,2.6239816647333654
24,200.0,3.8070573421756624,0.95,0.0,0.0,0.0,0.05,0.0,0.0,0.0,298.8,78.69,0.6693440428380187,0.0483804465901088,12.124975352206752,2.767230090921776,1215.3791283529654,8.545596315287918,0.9940840909122768,0.0,0.0,0.0,0.0059159090877233,0.0,0.0,0.0,0.6989327615804006,0.0,0.0,0.0,0.3010672384195993,0.0,0.0,0.0,21.84890795290512,0.7041405544322096,1.0000000032226843,0.0,0.0,0.0,5.050002400962155,0.0,0.0,0.0,22.53960113748808,1221.920496490378,7.249541730897533,302.7106577576344,2.6239816647333654
24,200.0,4.846784593429549,0.95,0.0,0.0,0.0,0.05,0.0,0.0,0.0,298.8,78.69,0.6693440428380187,0.0615933993319297,12.124975352206752,2.767230090921776,1209.5610600605387,9.704865434557384,0.9888193274483624,0.0,0.0,0.0,0.0111806725516374,0.0,0.0,0.0,0.5549762960231714,0.0,0.0,0.0,0.4450237039768284,0.0,0.0,0.0,21.251890760783848,0.7234289277577787,1.0000000003227485,0.0,0.0,0.0,4.886233385177756,0.0,0.0,0.0,22.53960113748808,1221.920496490378,7.249541730897533,302.7106577576344,2.6239816647333654
24,200.0,5.886511844683435,0.95,0.0,0.0,0.0,0.05,0.0,0.0,0.0,298.8,78.69,0.6693440428380187,0.0748063520737506,12.124975352206752,2.767230090921776,1203.6751549408102,10.883794674319317,0.9834903120924005,0.0,0.0,0.0,0.0165096879075996,0.0,0.0,0.0,0.4616810299605995,0.0,0.0,0.0,0.5383189700394004,0.0,0.0,0.0,20.663995294326035,0.7430000689923866,1.0,0.0,0.0,0.0,4.728036384690252,0.0,0.0,0.0,22.53960113748808,1221.920496490378,7.249541730897533,302.7106577576344,2.6239816647333654
24,200.0,6.926239095937321,0.95,0.0,0.0,0.0,0.05,0.0,0.0,0.0,298.8,78.69,0.6693440428380187,0.0880193048155714,12.124975352206752,2.767230090921776,1197.7184808039929,12.083133377531873,0.9780942876708872,0.0,0.0,0.0,0.0219057123291126,0.0,0.0,0.0,0.3963415348713515,0.0,0.0,0.0,0.6036584651286484,0.0,0.0,0.0,20.084984082779368,0.7628624285834867,1.0,0.0,0.0,0.0,4.575137673985548,0.0,0.0,0.0,22.53960113748808,1221.920496490378,7.249541730897533,302.7106577576344,2.6239816647333654
24,200.0,7.965966347191207,0.95,0.0,0.0,0.0,0.05,0.0,0.0,0.0,298.8,78.69,0.6693440428380187,0.1012322575573923,12.124975352206752,2.767230090921776,1191.6879577945344,13.303697838855872,0.9726283549364232,0.0,0.0,0.0,0.0273716450635767,0.0,0.0,0.0,0.3480576121652246,0.0,0.0,0.0,0.6519423878347753,0.0,0.0,0.0,19.514597172835504,0.783047613110974,1.0,0.0,0.0,0.0,4.427917108300158,0.0,0.0,0.0,22.53960113748808,1221.920496490378,7.249541730897533,302.7106577576344,2.6239816647333654
24,200.0,9.005693598445093,0.95,0.0,0.0,0.0,0.05,0.0,0.0,0.0,298.8,78.69,0.6693440428380187,0.1144452102992132,12.124975352206752,2.767230090921776,1185.5803125240247,14.54637078500375,0.9670894311008296,0.0,0.0,0.0,0.0329105688991705,0.0,0.0,0.0,0.3109448613054592,0.0,0.0,0.0,0.6890551386945408,0.0,0.0,0.0,18.95255720172749,0.803632976826215,1.0,0.0,0.0,0.0,4.286401605585616,0.0,0.0,0.0,22.53960113748808,1221.920496490378,7.249541730897533,302.7106577576344,2.6239816647333654
24,200.0,10.04542084969898,0.95,0.0,0.0,0.0,0.05,0.0,0.0,0.0,298.8,78.69,0.6693440428380187,0.1276581630410342,12.124975352206752,2.767230090921776,1179.392048848974,15.812103587084565,0.9614742228410008,0.0,0.0,0.0,0.0385257771589991,0.0,0.0,0.0,0.2815474423057756,0.0,0.0,0.0,0.7184525576942246,0.0,0.0,0.0,18.39857350928402,0.824659090319355,1.000000000100515,0.0,0.0,0.0,4.150250965345116,0.0,0.0,0.0,22.53960113748808,1221.920496490378,7.249541730897533,302.7106577576344,2.6239816647333654
24,200.0,11.085148100952866,0.95,0.0,0.0,0.0,0.05,0.0,0.0,0.0,298.8,78.69,0.6693440428380187,0.140871115782855,12.124975352206752,2.767230090921776,1173.119418349494,17.101920578020827,0.955779198852838,0.0,0.0,0.0,0.0442208011471619,0.0,0.0,0.0,0.2577024924468012,0.0,0.0,0.0,0.7422975075531988,0.0,0.0,0.0,17.852347724861886,0.8462008770598829,1.0000000011126682,0.0,0.0,0.0,4.019714962596666,0.0,0.0,0.0,22.53960113748808,1221.920496490378,7.249541730897533,302.7106577576344,2.6239816647333654
24,200.0,12.124875352206752,0.95,0.0,0.0,0.0,0.05,0.0,0.0,0.0,298.8,78.69,0.6693440428380187,0.154084068524676,12.124975352206752,2.767230090921776,1166.758387934073,18.416924956625508,0.950000559658654,0.0,0.0,0.0,0.049999440341346,0.0,0.0,0.0,0.237987231916182,0.0,0.0,0.0,0.762012768083818,0.0,0.0,0.0,17.313576307521526,0.8682836249937247,1.0,0.0,0.0,0.0,3.894554360735252,0.0,0.0,0.0,22.53960113748808,1221.920496490378,7.249541730897533,302.7106577576344,2.6239816647333654
24,205.0,3.539202139205733,0.95,0.0,0.0,0.0,0.05,0.0,0.0,0.0,298.8,78.69,0.6860776439089692,0.0449765172093751,12.885025212225244,3.539102139205733,1205.2661889136314,9.324308837047436,0.9990815727351784,0.0,0.0,0.0,0.0009184272648215,0.0,0.0,0.0,0.9499742818899528,0.0,0.0,0.0,0.0500257181100471,0.0,0.0,0.0,21.06084792438794,0.7133714853930386,1.0,0.0,0.0,0.0,4.4849579369408605,0.0,0.0,0.0,21.15779579629945,1206.2779501886548,9.12387059747945,302.7106577576344,3.35468958110042
24,205.0,4.577615813985679,0.95,0.0,0.0,0.0,0.05,0.0,0.0,0.0,298.8,78.69,0.6860776439089692,0.0581727768965011,12.885025212225244,3.539102139205733,1199.5378376395822,10.462792105295057,0.9938801512759604,0.0,0.0,0.0,0.0061198487240396,0.0,0.0,0.0,0.7429051153275932,0.0,0.0,0.0,0.2570948846724067,0.0,0.0,0.0,20.51987982026511,0.7310082704578342,1.0,0.0,0.0,0.0,4.354583095588366,0.0,0.0,0.0,21.15779579629945,1206.2779501886548,9.12387059747945,302.7106577576344,3.35468958110042
24,205.0,5.616029488765625,0.95,0.0,0.0,0.0,0.05,0.0,0.0,0.0,298.8,78.69,0.6860776439089692,0.0713690365836272,12.885025212225244,3.539102139205733,1193.7493857461534,11.619455826355797,0.9886215667675824,0.0,0.0,0.0,0.0113784332324177,0.0,0.0,0.0,0.6118411691667597,0.0,0.0,0.0,0.3881588308332403,0.0,0.0,0.0,19.98666942807448,0.7488832254733936,1.0,0.0,0.0,0.0,4.228430029237192,0.0,0.0,0.0,21.15779579629945,1206.2779501886548,9.12387059747945,302.7106577576344,3.35468958110042
24,205.0,6.6544431635455705,0.95,0.0,0.0,0.0,0.05,0.0,0.0,0.0,298.8,78.69,0.6860776439089692,0.0845652962707532,12.885025212225244,3.539102139205733,1187.8983155116991,12.794931348082422,0.9833034552864856,0.0,0.0,0.0,0.0166965447135143,0.0,0.0,0.0,0.5214701316998223,0.0,0.0,0.0,0.4785298683001778,0.0,0.0,0.0,19.461040147518627,0.7670060315532098,1.0,0.0,0.0,0.0,4.105858176816536,0.0,0.0,0.0,21.15779579629945,1206.2779501886548,9.12387059747945,302.7106577576344,3.35468958110042
24,205.0,7.6928568383255165,0.95,0.0,0.0,0.0,0.05,0.0,0.0,0.0,298.8,78.69,0.6860776439089692,0.0977615559578792,12.885025212225244,3.539102139205733,1181.9820667365498,13.989898086263963,0.9779234063938198,0.0,0.0,0.0,0.0220765936061802,0.0,0.0,0.0,0.455420562694037,0.0,0.0,0.0,0.544579437305963,0.0,0.0,0.0,18.94280586451057,0.785404122705463,1.0,0.0,0.0,0.0,3.987344882723849,0.0,0.0,0.0,21.15779579629945,1206.2779501886548,9.12387059747945,302.7106577576344,3.35468958110042
24,205.0,8.731270513105462,0.95,0.0,0.0,0.0,0.05,0.0,0.0,0.0,298.8,78.69,0.6860776439089692,0.1109578156450052,12.885025212225244,3.539102139205733,1175.997967484027,15.205090024234552,0.972478901471868,0.0,0.0,0.0,0.0275210985281319,0.0,0.0,0.0,0.4050649917472975,0.0,0.0,0.0,0.5949350082527026,0.0,0.0,0.0,18.431770000775405,0.8041252184319696,1.0,0.0,0.0,0.0,3.8729500647781143,0.0,0.0,0.0,21.15779579629945,1206.2779501886548,9.12387059747945,302.7106577576344,3.35468958110042
24,205.0,9.769684187885408,0.95,0.0,0.0,0.0,0.05,0.0,0.0,0.0,298.8,78.69,0.6860776439089692,0.1241540753321312,12.885025212225244,3.539102139205733,1169.9431993264914,16.44129721339382,0.9669672823075428,0.0,0.0,0.0,0.0330327176924572,0.0,0.0,0.0,0.3654256784968485,0.0,0.0,0.0,0.6345743215031516,0.0,0.0,0.0,17.927728156212922,0.8231861611182026,1.0,0.0,0.0,0.0,3.762414548544717,0.0,0.0,0.0,21.15779579629945,1206.2779501886548,9.12387059747945,302.7106577576344,3.35468958110042
24,205.0,10.808097862665353,0.95,0.0,0.0,0.0,0.05,0.0,0.0,0.0,298.8,78.69,0.6860776439089692,0.1373503350192572,12.885025212225244,3.539102139205733,1163.8147679796562,17.699367969987573,0.961385724283674,0.0,0.0,0.0,0.038614275716326,0.0,0.0,0.0,0.3334294123223574,0.0,0.0,0.0,0.6665705876776427,0.0,0.0,0.0,17.43046953570864,0.8426519210174682,1.0,0.0,0.0,0.0,3.655756210299087,0.0,0.0,0.0,21.15779579629945,1206.2779501886548,9.12387059747945,302.7106577576344,3.35468958110042
24,205.0,11.8465115374453,0.95,0.0,0.0,0.0,0.05,0.0,0.0,0.0,298.8,78.69,0.6860776439089692,0.1505465947063832,12.885025212225244,3.539102139205733,1157.6094858876572,18.98021226279853,0.9557312200034735,0.0,0.0,0.0,0.0442687799965264,0.0,0.0,0.0,0.3070762739904349,0.0,0.0,0.0,0.6929237260095651,0.0,0.0,0.0,16.939779660379976,0.8625377849551817,1.000000000668311,0.0,0.0,0.0,3.553081517143924,0.0,0.0,0.0,21.15779579629945,1206.2779501886548,9.12387059747945,302.7106577576344,3.35468958110042
24,205.0,12.884925212225244,0.95,0.0,0.0,0.0,0.05,0.0,0.0,0.0,298.8,78.69,0.6860776439089692,0.1637428543935092,12.885025212225244,3.539102139205733,1151.3239464857795,20.28480619208237,0.950000555423117,0.0,0.0,0.0,0.049999444576883,0.0,0.0,0.0,0.2850087899379874,0.0,0.0,0.0,0.7149912100620125,0.0,0.0,0.0,16.45544251301397,0.8829129027308028,1.000000000874924,0.0,0.0,0.0,3.454203451339061,0.0,0.0,0.0,21.15779579629945,1206.2779501886548,9.12387059747945,302.7106577576344,3.35468958110042
24,210.0,4.467868703421719,0.95,0.0,0.0,0.0,0.05,0.0,0.0,0.0,298.8,78.69,0.7028112449799196,0.0567781001832725,13.792313484057486,4.46776870342172,1189.0108459008063,11.61046557228414,0.9988309245748432,0.0,0.0,0.0,0.0011690754251569,0.0,0.0,0.0,0.9499797812076152,0.0,0.0,0.0,0.0500202187923848,0.0,0.0,0.0,19.683363820032422,0.7437850098108122,1.0,0.0,0.0,0.0,3.8850179140908416,0.0,0.0,0.0,19.793904820789816,1190.2941504876192,11.354703713715036,302.7106577576344,4.233266563955471
24,210.0,5.503907012381249,0.95,0.0,0.0,0.0,0.05,0.0,0.0,0.0,298.8,78.69,0.7028112449799196,0.0699441734957586,13.792313484057486,4.46776870342172,1183.3106351888048,12.750440819241463,0.9936366805266948,0.0,0.0,0.0,0.0063633194733052,0.0,0.0,0.0,0.7794777364431347,0.0,0.0,0.0,0.2205222635568653,0.0,0.0,0.0,19.19925255006451,0.760267854765204,1.0,0.0,0.0,0.0,3.783689441500497,0.0,0.0,0.0,19.793904820789816,1190.2941504876192,11.354703713715036,302.7106577576344,4.233266563955471
24,210.0,6.539945321340778,0.95,0.0,0.0,0.0,0.05,0.0,0.0,0.0,298.8,78.69,0.7028112449799196,0.0831102468082447,13.792313484057486,4.46776870342172,1177.5550531449956,13.907957303222611,0.9883896398092752,0.0,0.0,0.0,0.0116103601907248,0.0,0.0,0.0,0.6625000051273058,0.0,0.0,0.0,0.3374999948726943,0.0,0.0,0.0,18.72164581695718,0.7769605023799742,1.0,0.0,0.0,0.0,3.685062752669347,0.0,0.0,0.0,19.793904820789816,1190.2941504876192,11.354703713715036,302.7106577576344,4.233266563955471
24,210.0,7.575983630300308,0.95,0.0,0.0,0.0,0.05,0.0,0.0,0.0,298.8,78.69,0.7028112449799196,0.0962763201207308,13.792313484057486,4.46776870342172,1171.7419140112438,15.08360586460831,0.983087750744722,0.0,0.0,0.0,0.0169122492552777,0.0,0.0,0.0,0.5773016213224229,0.0,0.0,0.0,0.4226983786775771,0.0,0.0,0.0,18.25040007590559,0.7939208898697785,1.0,0.0,0.0,0.0,3.589621111139747,0.0,0.0,0.0,19.793904820789816,1190.2941504876192,11.354703713715036,302.7106577576344,4.233266563955471
24,210.0,8.612021939259837,0.95,0.0,0.0,0.0,0.05,0.0,0.0,0.0,298.8,78.69,0.7028112449799196,0.1094423934332168,13.792313484057486,4.46776870342172,1165.8689972604354,16.278013375738094,0.9777289239633624,0.0,0.0,0.0,0.0222710760366375,0.0,0.0,0.0,0.512511256306201,0.0,0.0,0.0,0.4874887436937989,0.0,0.0,0.0,17.78536942368387,0.8111310555219973,1.0,0.0,0.0,0.0,3.496991482025638,0.0,0.0,0.0,19.793904820789816,1190.2941504876192,11.354703713715036,302.7106577576344,4.233266563955471
24,210.0,9.648060248219366,0.95,0.0,0.0,0.0,0.05,0.0,0.0,0.0,298.8,78.69,0.7028112449799196,0.1226084667457029,13.792313484057486,4.46776870342172,1159.9339954728264,17.4918509764984,0.9723109859890628,0.0,0.0,0.0,0.0276890140109372,0.0,0.0,0.0,0.4616049999277256,0.0,0.0,0.0,0.5383950000722745,0.0,0.0,0.0,17.326403759902867,0.8286534594890974,1.0,0.0,0.0,0.0,3.4072028129295733,0.0,0.0,0.0,19.793904820789816,1190.2941504876192,11.354703713715036,302.7106577576344,4.233266563955471
24,210.0,10.684098557178896,0.95,0.0,0.0,0.0,0.05,0.0,0.0,0.0,298.8,78.69,0.7028112449799196,0.135774540058189,13.792313484057486,4.46776870342172,1153.9344908193889,18.725837088606635,0.9668316579649888,0.0,0.0,0.0,0.0331683420350112,0.0,0.0,0.0,0.4205724341101013,0.0,0.0,0.0,0.5794275658898986,0.0,0.0,0.0,16.87334982255527,0.8464831572599991,1.0,0.0,0.0,0.0,3.320263422790044,0.0,0.0,0.0,19.793904820789816,1190.2941504876192,11.354703713715036,302.7106577576344,4.233266563955471
24,210.0,11.720136866138423,0.95,0.0,0.0,0.0,0.05,0.0,0.0,0.0,298.8,78.69,0.7028112449799196,0.1489406133706751,13.792313484057486,4.46776870342172,1147.8679308570852,19.980739938764174,0.9612885336749456,0.0,0.0,0.0,0.0387114663250542,0.0,0.0,0.0,0.386812655618299,0.0,0.0,0.0,0.6131873443817011,0.0,0.0,0.0,16.42605283615294,0.8646867323389117,1.0,0.0,0.0,0.0,3.236152794270968,0.0,0.0,0.0,19.793904820789816,1190.2941504876192,11.354703713715036,302.7106577576344,4.233266563955471
24,210.0,12.756175175097956,0.95,0.0,0.0,0.0,0.05,0.0,0.0,0.0,298.8,78.69,0.7028112449799196,0.1621066866831612,13.792313484057486,4.46776870342172,1141.7316142753718,21.25738054709611,0.9556790662802562,0.0,0.0,0.0,0.0443209337197438,0.0,0.0,0.0,0.3585651485517577,0.0,0.0,0.0,0.6414348514482422,0.0,0.0,0.0,15.984356196602985,0.883268012524254,1.0,0.0,0.0,0.0,3.1548823437347644,0.0,0.0,0.0,19.793904820789816,1190.2941504876192,11.354703713715036,302.7106577576344,4.233266563955471
24,210.0,13.792213484057486,0.95,0.0,0.0,0.0,0.05,0.0,0.0,0.0,298.8,78.69,0.7028112449799196,0.1752727599956473,13.792313484057486,4.46776870342172,1135.522672542323,22.556636367287087,0.9500005513460978,0.0,0.0,0.0,0.0499994486539021,0.0,0.0,0.0,0.3345957996969902,0.0,0.0,0.0,0.6654042003030097,0.0,0.0,0.0,15.54810308752452,0.902262311989262,1.0000000002825862,0.0,0.0,0.0,3.0763283471604925,0.0,0.0,0.0,19.793904820789816,1190.2941504876192,11.354703713715036,302.7106577576344,4.233266563955471
24,215.0,5.5733184009121945,0.95,0.0,0.0,0.0,0.05,0.0,0.0,0.0,298.8,78.69,0.7195448460508701,0.0708262600192171,14.865809293936342,5.573218400912195,1172.2982882516833,14.31338012231054,0.9985285451471524,0.0,0.0,0.0,0.0014714548528477,0.0,0.0,0.0,0.9499839260634062,0.0,0.0,0.0,0.0500160739365937,0.0,0.0,0.0,18.323124808277537,0.7765925085352201,1.0,0.0,0.0,0.0,3.390678812808776,0.0,0.0,0.0,18.448205290897207,1173.908539729092,13.989350648063478,302.7106577576344,5.278346606766283
24,215.0,6.605806277914878,0.95,0.0,0.0,0.0,0.05,0.0,0.0,0.0,298.8,78.69,0.7195448460508701,0.0839472141049037,14.865809293936342,5.573218400912195,1166.6302073682407,15.45826892672859,0.9933477239794534,0.0,0.0,0.0,0.0066522760205466,0.0,0.0,0.0,0.8096118107112237,0.0,0.0,0.0,0.1903881892887763,0.0,0.0,0.0,17.888896539444442,0.7921304231891462,1.0,0.0,0.0,0.0,3.31133922078238,0.0,0.0,0.0,18.448205290897207,1173.908539729092,13.989350648063478,302.7106577576344,5.278346606766283
24,215.0,7.638294154917561,0.95,0.0,0.0,0.0,0.05,0.0,0.0,0.0,298.8,78.69,0.7195448460508701,0.0970681681905904,14.865809293936342,5.573218400912195,1160.9113267068474,16.620206305651514,0.9881184245318656,0.0,0.0,0.0,0.0118815754681344,0.0,0.0,0.0,0.7067715042567585,0.0,0.0,0.0,0.2932284957432415,0.0,0.0,0.0,17.460163464739775,0.8078884776641452,1.0,0.0,0.0,0.0,3.234073078430313,0.0,0.0,0.0,18.448205290897207,1173.908539729092,13.989350648063478,302.7106577576344,5.278346606766283
24,215.0,8.670782031920243,0.95,0.0,0.0,0.0,0.05,0.0,0.0,0.0,298.8,78.69,0.7195448460508701,0.110189122276277,14.865809293936342,5.573218400912195,1155.1397619760503,17.799751354468015,0.9828388828436364,0.0,0.0,0.0,0.0171611171563634,0.0,0.0,0.0,0.6282189092762804,0.0,0.0,0.0,0.3717810907237197,0.0,0.0,0.0,17.03681152752103,0.8238851366513806,1.0000000003263632,0.0,0.0,0.0,3.158921126114267,0.0,0.0,0.0,18.448205290897207,1173.908539729092,13.989350648063478,302.7106577576344,5.278346606766283
24,215.0,9.703269908922929,0.95,0.0,0.0,0.0,0.05,0.0,0.0,0.0,298.8,78.69,0.7195448460508701,0.1233100763619637,14.865809293936342,5.573218400912195,1149.3135972425582,18.99749169868616,0.977507301916406,0.0,0.0,0.0,0.0224926980835938,0.0,0.0,0.0,0.5662853302913695,0.0,0.0,0.0,0.4337146697086305,0.0,0.0,0.0,16.61872611906738,0.8401625115262811,1.0000000003852392,0.0,0.0,0.0,3.0858998159419566,0.0,0.0,0.0,18.448205290897207,1173.908539729092,13.989350648063478,302.7106577576344,5.278346606766283
24,215.0,10.73575778592561,0.95,0.0,0.0,0.0,0.05,0.0,0.0,0.0,298.8,78.69,0.7195448460508701,0.1364310304476504,14.865809293936342,5.573218400912195,1143.4308495894666,20.214051346737644,0.9721218202587544,0.0,0.0,0.0,0.0278781797412454,0.0,0.0,0.0,0.5162234173332523,0.0,0.0,0.0,0.4837765826667478,0.0,0.0,0.0,16.205792181119357,0.8567074421173395,1.0,0.0,0.0,0.0,3.0150057246333755,0.0,0.0,0.0,18.448205290897207,1173.908539729092,13.989350648063478,302.7106577576344,5.278346606766283
24,215.0,11.768245662928294,0.95,0.0,0.0,0.0,0.05,0.0,0.0,0.0,298.8,78.69,0.7195448460508701,0.149551984533337,14.865809293936342,5.573218400912195,1137.4894514241162,21.45009442003548,0.966680495948002,0.0,0.0,0.0,0.033319504051998,0.0,0.0,0.0,0.474937259086811,0.0,0.0,0.0,0.525062740913189,0.0,0.0,0.0,15.797894205300276,0.8735693201072714,1.0,0.0,0.0,0.0,2.946219016008002,0.0,0.0,0.0,18.448205290897207,1173.908539729092,13.989350648063478,302.7106577576344,5.278346606766283
24,215.0,12.800733539930976,0.95,0.0,0.0,0.0,0.05,0.0,0.0,0.0,298.8,78.69,0.7195448460508701,0.1626729386190237,14.865809293936342,5.573218400912195,1131.4872349725797,22.706327966960902,0.9611812925716215,0.0,0.0,0.0,0.0388187074283783,0.0,0.0,0.0,0.44032186679291,0.0,0.0,0.0,0.5596781332070899,0.0,0.0,0.0,15.39491646324203,0.8907499092610678,1.0,0.0,0.0,0.0,2.87950676683164,0.0,0.0,0.0,18.448205290897207,1173.908539729092,13.989350648063478,302.7106577576344,5.278346606766283
24,215.0,13.83322141693366,0.95,0.0,0.0,0.0,0.05,0.0,0.0,0.0,298.8,78.69,0.7195448460508701,0.1757938927047103,14.865809293936342,5.573218400912195,1125.42191578401,23.983504800558656,0.9556220642394404,0.0,0.0,0.0,0.0443779357605595,0.0,0.0,0.0,0.4108961729034076,0.0,0.0,0.0,0.5891038270965925,0.0,0.0,0.0,14.996743434786437,0.908282158573224,1.0,0.0,0.0,0.0,2.814825158293078,0.0,0.0,0.0,18.448205290897207,1173.908539729092,13.989350648063478,302.7106577576344,5.278346606766283
24,215.0,14.865709293936344,0.95,0.0,0.0,0.0,0.05,0.0,0.0,0.0,298.8,78.69,0.7195448460508701,0.188914846790397,14.865809293936342,5.573218400912195,1119.2910839928593,25.28242666112045,0.9500005474138604,0.0,0.0,0.0,0.0499994525861395,0.0,0.0,0.0,0.3855878798864031,0.0,0.0,0.0,0.6144121201135968,0.0,0.0,0.0,14.60326053361095,0.9262224752566972,1.0,0.0,0.0,0.0,2.752122869813232,0.0,0.0,0.0,18.448205290897207,1173.908539729092,13.989350648063478,302.7106577576344,5.278346606766283
24,220.0,6.876519054110113,0.95,0.0,0.0,0.0,0.05,0.0,0.0,0.0,298.8,78.69,0.7362784471218206,0.0873874577978156,16.125116344342604,6.876419054110113,1155.0532597537112,17.48861611412093,0.9981669608511758,0.0,0.0,0.0,0.001833039148824,0.0,0.0,0.0,0.949987090551602,0.0,0.0,0.0,0.0500129094483979,0.0,0.0,0.0,16.980630965827423,0.8120793669887775,1.0,0.0,0.0,0.0,2.980866274903168,0.0,0.0,0.0,17.121140165384258,1157.0541060432145,17.08052563899556,302.7106577576344,6.509407158415541
24,220.0,7.904129864135945,0.95,0.0,0.0,0.0,0.05,0.0,0.0,0.0,298.8,78.69,0.7362784471218206,0.1004464336527633,16.125116344342604,6.876419054110113,1149.42189956298,18.64198399911548,0.993006743270562,0.0,0.0,0.0,0.006993256729438,0.0,0.0,0.0,0.8343107683514559,0.0,0.0,0.0,0.1656892316485439,0.0,0.0,0.0,16.590541793402625,0.8268726062531507,1.0,0.0,0.0,0.0,2.91818533486104,0.0,0.0,0.0,17.121140165384258,1157.0541060432145,17.08052563899556,302.7106577576344,6.509407158415541
24,220.0,8.931740674161778,0.95,0.0,0.0,0.0,0.05,0.0,0.0,0.0,298.8,78.69,0.7362784471218206,0.113505409507711,16.125116344342604,6.876419054110113,1143.7441223408616,19.812047414166265,0.9878022926682332,0.0,0.0,0.0,0.0121977073317668,0.0,0.0,0.0,0.7449124083224495,0.0,0.0,0.0,0.2550875916775504,0.0,0.0,0.0,16.205126093020358,0.8419072910529174,1.0,0.0,0.0,0.0,2.857122054528287,0.0,0.0,0.0,17.121140165384258,1157.0541060432145,17.08052563899556,302.7106577576344,6.509407158415541
24,220.0,9.95935148418761,0.95,0.0,0.0,0.0,0.05,0.0,0.0,0.0,298.8,78.69,0.7362784471218206,0.1265643853626586,16.125116344342604,6.876419054110113,1138.018311679488,20.999340758255872,0.9825521050334064,0.0,0.0,0.0,0.0174478949665934,0.0,0.0,0.0,0.673778899254107,0.0,0.0,0.0,0.3262211007458929,0.0,0.0,0.0,15.824293631601265,0.8571710909345228,1.0,0.0,0.0,0.0,2.797675428991555,0.0,0.0,0.0,17.121140165384258,1157.0541060432145,17.08052563899556,302.7106577576344,6.509407158415541
24,220.0,10.986962294213445,0.95,0.0,0.0,0.0,0.05,0.0,0.0,0.0,298.8,78.69,0.7362784471218206,0.1396233612176063,16.125116344342604,6.876419054110113,1132.2428218158254,22.20442270846585,0.9772546470947386,0.0,0.0,0.0,0.0227453529052612,0.0,0.0,0.0,0.6158545709555419,0.0,0.0,0.0,0.384145429044458,0.0,0.0,0.0,15.447955337721474,0.872687785580132,1.0,0.0,0.0,0.0,2.739833950488864,0.0,0.0,0.0,17.121140165384258,1157.0541060432145,17.08052563899556,302.7106577576344,6.509407158415541
24,220.0,12.014573104239275,0.95,0.0,0.0,0.0,0.05,0.0,0.0,0.0,298.8,78.69,0.7362784471218206,0.152682337072554,16.125116344342604,6.876419054110113,1126.4159543109276,23.42788275462301,0.9719083356167432,0.0,0.0,0.0,0.0280916643832569,0.0,0.0,0.0,0.5677923263631502,0.0,0.0,0.0,0.4322076736368497,0.0,0.0,0.0,15.076022894141362,0.8884957630347998,1.0,0.0,0.0,0.0,2.683577022167043,0.0,0.0,0.0,17.121140165384258,1157.0541060432145,17.08052563899556,302.7106577576344,6.509407158415541
24,220.0,13.04218391426511,0.95,0.0,0.0,0.0,0.05,0.0,0.0,0.0,298.8,78.69,0.7362784471218206,0.1657413129275017,16.125116344342604,6.876419054110113,1120.5359458829946,24.670344972815062,0.966511526504804,0.0,0.0,0.0,0.033488473495196,0.0,0.0,0.0,0.5272882577779447,0.0,0.0,0.0,0.4727117422220553,0.0,0.0,0.0,14.708408556934964,0.9045832695055416,1.0,0.0,0.0,0.0,2.628877223826285,0.0,0.0,0.0,17.121140165384258,1157.0541060432145,17.08052563899556,302.7106577576344,6.509407158415541
24,220.0,14.06979472429094,0.95,0.0,0.0,0.0,0.05,0.0,0.0,0.0,298.8,78.69,0.7362784471218206,0.1788002887824493,16.125116344342604,6.876419054110113,1114.6009561109136,25.93247092780153,0.961062503769933,0.0,0.0,0.0,0.0389374962300669,0.0,0.0,0.0,0.4927047112906664,0.0,0.0,0.0,0.5072952887093337,0.0,0.0,0.0,14.34502545425396,0.9209949691611634,1.0,0.0,0.0,0.0,2.575701239606466,0.0,0.0,0.0,17.121140165384258,1157.0541060432145,17.08052563899556,302.7106577576344,6.509407158415541
24,220.0,15.097405534316774,0.95,0.0,0.0,0.0,0.05,0.0,0.0,0.0,298.8,78.69,0.7362784471218206,0.191859264637397,16.125116344342604,6.876419054110113,1108.6090590160534,27.21496241577907,0.955559471897344,0.0,0.0,0.0,0.0444405281026558,0.0,0.0,0.0,0.4628457586696193,0.0,0.0,0.0,0.5371542413303807,0.0,0.0,0.0,13.98578762152862,0.9377326153357836,1.0,0.0,0.0,0.0,2.5240112283280225,0.0,0.0,0.0,17.121140165384258,1157.0541060432145,17.08052563899556,302.7106577576344,6.509407158415541
24,220.0,16.125016344342605,0.95,0.0,0.0,0.0,0.05,0.0,0.0,0.0,298.8,78.69,0.7362784471218206,0.2049182404923447,16.125116344342604,6.876419054110113,1102.5582285276091,28.518564334135696,0.95000054278554,0.0,0.0,0.0,0.04999945721446,0.0,0.0,0.0,0.436817728237273,0.0,0.0,0.0,0.563182271762727,0.0,0.0,0.0,13.630610330763073,0.9548454888059852,1.0,0.0,0.0,0.0,2.4737658363107244,0.0,0.0,0.0,17.121140165384258,1157.0541060432145,17.08052563899556,302.7106577576344,6.509407158415541
24,225.0,8.39939361999531,0.95,0.0,0.0,0.0,0.05,0.0,0.0,0.0,298.8,78.69,0.753012048192771,0.1067402925402886,17.59043680885926,8.39929361999531,1137.1911378020825,21.19912647390372,0.997737945295127,0.0,0.0,0.0,0.0022620547048729,0.0,0.0,0.0,0.9499895355567858,0.0,0.0,0.0,0.0500104644432142,0.0,0.0,0.0,15.656573266122267,0.8506738567807021,1.0,0.0,0.0,0.0,2.6387329550742398,0.0,0.0,0.0,15.813326197117547,1139.6555629264626,20.687604017864448,302.7106577576344,7.946729358776584
24,225.0,9.420609529869084,0.95,0.0,0.0,0.0,0.05,0.0,0.0,0.0,298.8,78.69,0.753012048192771,0.1197180013962267,17.59043680885926,8.39929361999531,1131.601678309992,22.36472266101649,0.9926065364971732,0.0,0.0,0.0,0.0073934635028266,0.0,0.0,0.0,0.8545125090309182,0.0,0.0,0.0,0.1454874909690816,0.0,0.0,0.0,15.305863521412842,0.8649222964235087,1.0,0.0,0.0,0.0,2.589082818661216,0.0,0.0,0.0,15.813326197117547,1139.6555629264626,20.687604017864448,302.7106577576344,7.946729358776584
24,225.0,10.441825439742852,0.95,0.0,0.0,0.0,0.05,0.0,0.0,0.0,298.8,78.69,0.753012048192771,0.1326957102521648,17.59043680885926,8.39929361999531,1125.9699600178585,23.54679729391033,0.987435038389399,0.0,0.0,0.0,0.012564961610601,0.0,0.0,0.0,0.7774422190684019,0.0,0.0,0.0,0.2225577809315981,0.0,0.0,0.0,14.959150668967094,0.8794096258704166,1.0,0.0,0.0,0.0,2.540645910273695,0.0,0.0,0.0,15.813326197117547,1139.6555629264626,20.687604017864448,302.7106577576344,7.946729358776584
24,225.0,11.463041349616626,0.95,0.0,0.0,0.0,0.05,0.0,0.0,0.0,298.8,78.69,0.753012048192771,0.145673419108103,17.59043680885926,8.39929361999531,1120.294601035118,24.745866394065025,0.9822221789016468,0.0,0.0,0.0,0.017777821098353,0.0,0.0,0.0,0.7139467113469811,0.0,0.0,0.0,0.2860532886530189,0.0,0.0,0.0,14.616363915844833,0.8941135158897702,1.0,0.0,0.0,0.0,2.493409600613413,0.0,0.0,0.0,15.813326197117547,1139.6555629264626,20.687604017864448,302.7106577576344,7.946729358776584
24,225.0,12.484257259490398,0.95,0.0,0.0,0.0,0.05,0.0,0.0,0.0,298.8,78.69,0.753012048192771,0.1586511279640411,17.59043680885926,8.39929361999531,1114.574189649239,25.962468057469703,0.97696665791995,0.0,0.0,0.0,0.02303334208005,0.0,0.0,0.0,0.6607493903263287,0.0,0.0,0.0,0.3392506096736711,0.0,0.0,0.0,14.277434417654424,0.909082976416454,1.0,0.0,0.0,0.0,2.447357657102184,0.0,0.0,0.0,15.813326197117547,1139.6555629264626,20.687604017864448,302.7106577576344,7.946729358776584
24,225.0,13.505473169364173,0.95,0.0,0.0,0.0,0.05,0.0,0.0,0.0,298.8,78.69,0.753012048192771,0.1716288368199793,17.59043680885926,8.39929361999531,1108.8072751594716,27.19716756219512,0.9716671391875876,0.0,0.0,0.0,0.0283328608124125,0.0,0.0,0.0,0.6155499754036489,0.0,0.0,0.0,0.3844500245963511,0.0,0.0,0.0,13.94229454633646,0.9243323893705152,1.0,0.0,0.0,0.0,2.4025130985431296,0.0,0.0,0.0,15.813326197117547,1139.6555629264626,20.687604017864448,302.7106577576344,7.946729358776584
24,225.0,14.526689079237944,0.95,0.0,0.0,0.0,0.05,0.0,0.0,0.0,298.8,78.69,0.753012048192771,0.1846065456759174,17.59043680885926,8.39929361999531,1102.9923522939748,28.45056078060403,0.966322236541896,0.0,0.0,0.0,0.033677763458104,0.0,0.0,0.0,0.5766861796063346,0.0,0.0,0.0,0.4233138203936655,0.0,0.0,0.0,13.610877789297662,0.93984971281264,1.0,0.0,0.0,0.0,2.358827179438199,0.0,0.0,0.0,15.813326197117547,1139.6555629264626,20.687604017864448,302.7106577576344,7.946729358776584
24,225.0,15.547904989111714,0.95,0.0,0.0,0.0,0.05,0.0,0.0,0.0,298.8,78.69,0.753012048192771,0.1975842545318555,17.59043680885926,8.39929361999531,1097.127859445378,29.72327697532896,0.960930512319466,0.0,0.0,0.0,0.0390694876805339,0.0,0.0,0.0,0.5429269384712496,0.0,0.0,0.0,0.4570730615287503,0.0,0.0,0.0,13.283118592452926,0.9556934926638242,1.0,0.0,0.0,0.0,2.3162598694720424,0.0,0.0,0.0,15.813326197117547,1139.6555629264626,20.687604017864448,302.7106577576344,7.946729358776584
24,225.0,16.56912089898549,0.95,0.0,0.0,0.0,0.05,0.0,0.0,0.0,298.8,78.69,0.753012048192771,0.2105619633877937,17.59043680885926,8.39929361999531,1091.2121683166988,31.01598141229977,0.9554904681896929,0.0,0.0,0.0,0.0445095318103071,0.0,0.0,0.0,0.5133411513661863,0.0,0.0,0.0,0.4866588486338137,0.0,0.0,0.0,12.958952805437354,0.9718405986311354,1.0,0.0,0.0,0.0,2.274780754997658,0.0,0.0,0.0,15.813326197117547,1139.6555629264626,20.687604017864448,302.7106577576344,7.946729358776584
24,225.0,17.59033680885926,0.95,0.0,0.0,0.0,0.05,0.0,0.0,0.0,298.8,78.69,0.753012048192771,0.2235396722437318,17.59043680885926,8.39929361999531,1085.2435772893325,32.32937801805704,0.9500005392654486,0.0,0.0,0.0,0.0499994607345513,0.0,0.0,0.0,0.4872116116987635,0.0,0.0,0.0,0.5127883883012365,0.0,0.0,0.0,12.63831764717665,0.9883462089907206,1.0,0.0,0.0,0.0,2.23435816997003,0.0,0.0,0.0,15.813326197117547,1139.6555629264626,20.687604017864448,302.7106577576344,7.946729358776584
24,230.0,10.16481814241218,0.95,0.0,0.0,0.0,0.05,0.0,0.0,0.0,298.8,78.69,0.7697456492637216,0.1291754751863283,19.28254456595652,10.16471814241218,1118.615284980077,25.517181960831437,0.9972323871558796,0.0,0.0,0.0,0.0027676128441203,0.0,0.0,0.0,0.949991445733322,0.0,0.0,0.0,0.0500085542666779,0.0,0.0,0.0,14.35184991940686,0.8929464561372022,1.0,0.0,0.0,0.0,2.351724196120614,0.0,0.0,0.0,14.52556748614066,1121.6270137216943,24.87830228106012,302.7106577576344,9.61137473881863
24,230.0,11.177887745028215,0.95,0.0,0.0,0.0,0.05,0.0,0.0,0.0,298.8,78.69,0.7697456492637216,0.1420496599952753,19.28254456595652,10.16471814241218,1113.0734716029483,26.6989979448213,0.9921391187748864,0.0,0.0,0.0,0.0078608812251136,0.0,0.0,0.0,0.8710403833503861,0.0,0.0,0.0,0.1289596166496138,0.0,0.0,0.0,14.036553882298405,0.9068035495339132,1.0,0.0,0.0,0.0,2.3122272415024026,0.0,0.0,0.0,14.52556748614066,1121.6270137216943,24.87830228106012,302.7106577576344,9.61137473881863
24,230.0,12.190957347644256,0.95,0.0,0.0,0.0,0.05,0.0,0.0,0.0,298.8,78.69,0.7697456492637216,0.1549238448042223,19.28254456595652,10.16471814241218,1107.4932961960476,27.897211330063605,0.987009774912562,0.0,0.0,0.0,0.0129902250874378,0.0,0.0,0.0,0.8050041053244645,0.0,0.0,0.0,0.1949958946755355,0.0,0.0,0.0,13.724691417087518,0.9208993024003208,1.0,0.0,0.0,0.0,2.2736447278499248,0.0,0.0,0.0,14.52556748614066,1121.6270137216943,24.87830228106012,302.7106577576344,9.61137473881863
24,230.0,13.204026950260292,0.95,0.0,0.0,0.0,0.05,0.0,0.0,0.0,298.8,78.69,0.7697456492637216,0.1677980296131693,19.28254456595652,10.16471814241218,1101.8735750423025,29.11232583989634,0.9818432844966224,0.0,0.0,0.0,0.0181567155033774,0.0,0.0,0.0,0.7489720839169586,0.0,0.0,0.0,0.2510279160830413,0.0,0.0,0.0,13.416207897541168,0.9352384553707824,1.0,0.0,0.0,0.0,2.235960350206014,0.0,0.0,0.0,14.52556748614066,1121.6270137216943,24.87830228106012,302.7106577576344,9.61137473881863
24,230.0,14.217096552876331,0.95,0.0,0.0,0.0,0.05,0.0,0.0,0.0,298.8,78.69,0.7697456492637216,0.1806722144221163,19.28254456595652,10.16471814241218,1096.2130968990175,30.344866343300897,0.976638551939658,0.0,0.0,0.0,0.023361448060342,0.0,0.0,0.0,0.7008475175897916,0.0,0.0,0.0,0.2991524824102085,0.0,0.0,0.0,13.111050535655188,0.9498341645527226,1.0,0.0,0.0,0.0,2.199204126742,0.0,0.0,0.0,14.52556748614066,1121.6270137216943,24.87830228106012,302.7106577576344,9.61137473881863
24,230.0,15.230166155492368,0.95,0.0,0.0,0.0,0.05,0.0,0.0,0.0,298.8,78.69,0.7697456492637216,0.1935463992310632,19.28254456595652,10.16471814241218,1090.5106185322609,31.595382714592564,0.971394453273466,0.0,0.0,0.0,0.028605546726534,0.0,0.0,0.0,0.6590816288507252,0.0,0.0,0.0,0.3409183711492748,0.0,0.0,0.0,12.809167747736971,0.9646930964206398,1.0,0.0,0.0,0.0,2.16334344435656,0.0,0.0,0.0,14.52556748614066,1121.6270137216943,24.87830228106012,302.7106577576344,9.61137473881863
24,230.0,16.243235758108405,0.95,0.0,0.0,0.0,0.05,0.0,0.0,0.0,298.8,78.69,0.7697456492637216,0.2064205840400102,19.28254456595652,10.16471814241218,1084.764853430208,32.864452760005406,0.9661098263005096,0.0,0.0,0.0,0.0338901736994904,0.0,0.0,0.0,0.6225056737196828,0.0,0.0,0.0,0.3774943262803172,0.0,0.0,0.0,12.510509401378195,0.9798376095653368,1.0,0.0,0.0,0.0,2.128324172838534,0.0,0.0,0.0,14.52556748614066,1121.6270137216943,24.87830228106012,302.7106577576344,9.61137473881863
24,230.0,17.256305360724443,0.95,0.0,0.0,0.0,0.05,0.0,0.0,0.0,298.8,78.69,0.7697456492637216,0.2192947688489572,19.28254456595652,10.16471814241218,1078.9744712433396,34.15268478576117,0.9607834701681024,0.0,0.0,0.0,0.0392165298318977,0.0,0.0,0.0,0.5902211687829544,0.0,0.0,0.0,0.4097788312170456,0.0,0.0,0.0,12.215026203353665,0.9952795842486352,1.0,0.0,0.0,0.0,2.0941240121395293,0.0,0.0,0.0,14.52556748614066,1121.6270137216943,24.87830228106012,302.7106577576344,9.61137473881863
24,230.0,18.26937496334048,0.95,0.0,0.0,0.0,0.05,0.0,0.0,0.0,298.8,78.69,0.7697456492637216,0.2321689536579042,19.28254456595652,10.16471814241218,1073.1380900370398,35.46072004165632,0.9554141386417654,0.0,0.0,0.0,0.0445858613582346,0.0,0.0,0.0,0.5615260855840711,0.0,0.0,0.0,0.438473914415929,0.0,0.0,0.0,11.92267010553172,1.011054763991618,1.0,0.0,0.0,0.0,2.0607458621425523,0.0,0.0,0.0,14.52556748614066,1121.6270137216943,24.87830228106012,302.7106577576344,9.61137473881863
24,230.0,19.28244456595652,0.95,0.0,0.0,0.0,0.05,0.0,0.0,0.0,298.8,78.69,0.7697456492637216,0.2450431384668511,19.28254456595652,10.16471814241218,1067.2542714055896,36.78923519379953,0.9500005359006104,0.0,0.0,0.0,0.0499994640993896,0.0,0.0,0.0,0.5358639772991609,0.0,0.0,0.0,0.4641360227008392,0.0,0.0,0.0,11.63339470476103,1.0271554291868377,1.0,0.0,0.0,0.0,2.0282199623020447,0.0,0.0,0.0,14.52556748614066,1121.6270137216943,24.87830228106012,302.7106577576344,9.61137473881863
24,235.0,12.196646913036052,0.95,0.0,0.0,0.0,0.05,0.0,0.0,0.0,298.8,78.69,0.786479250334672,0.1549961483420517,21.22276810141124,12.196546913036052,1099.213517095779,30.526992677305252,0.9966400953573538,0.0,0.0,0.0,0.0033599046426462,0.0,0.0,0.0,0.9499929536012536,0.0,0.0,0.0,0.0500070463987464,0.0,0.0,0.0,13.067587519038453,0.939572324606092,1.0,0.0,0.0,0.0,2.109698991698218,0.0,0.0,0.0,13.258875583506692,1102.8688895247462,29.73094022392497,302.7106577576344,11.525181126674264
24,235.0,13.19953815618885,0.95,0.0,0.0,0.0,0.05,0.0,0.0,0.0,298.8,78.69,0.786479250334672,0.1677409855914201,21.22276810141124,12.196546913036052,1093.7256291664614,31.72934458076909,0.9915955517144742,0.0,0.0,0.0,0.0084044482855257,0.0,0.0,0.0,0.8845900415279929,0.0,0.0,0.0,0.1154099584720071,0.0,0.0,0.0,12.784385293523664,0.9532159791803302,1.0,0.0,0.0,0.0,2.078212572407326,0.0,0.0,0.0,13.258875583506692,1102.8688895247462,29.73094022392497,302.7106577576344,11.525181126674264
24,235.0,14.202429399341648,0.95,0.0,0.0,0.0,0.05,0.0,0.0,0.0,298.8,78.69,0.786479250334672,0.1804858228407885,21.22276810141124,12.196546913036052,1088.2029690284178,32.94815324238724,0.9865187824186158,0.0,0.0,0.0,0.0134812175813841,0.0,0.0,0.0,0.8282690599519593,0.0,0.0,0.0,0.1717309400480407,0.0,0.0,0.0,12.504143228003274,0.9670907830767264,1.0,0.0,0.0,0.0,2.047404012679493,0.0,0.0,0.0,13.258875583506692,1102.8688895247462,29.73094022392497,302.7106577576344,11.525181126674264
24,235.0,15.205320642494446,0.95,0.0,0.0,0.0,0.05,0.0,0.0,0.0,298.8,78.69,0.786479250334672,0.1932306600901569,21.22276810141124,12.196546913036052,1082.6445196753416,34.18391636974199,0.9814088905901532,0.0,0.0,0.0,0.0185911094098468,0.0,0.0,0.0,0.7792764656927759,0.0,0.0,0.0,0.2207235343072241,0.0,0.0,0.0,12.226819599156258,0.981210060355432,1.0,0.0,0.0,0.0,2.017338983491831,0.0,0.0,0.0,13.258875583506692,1102.8688895247462,29.73094022392497,302.7106577576344,11.525181126674264
24,235.0,16.208211885647245,0.95,0.0,0.0,0.0,0.05,0.0,0.0,0.0,298.8,78.69,0.786479250334672,0.2059754973395253,21.22276810141124,12.196546913036052,1077.0492332648555,35.43715258012651,0.9762649533556094,0.0,0.0,0.0,0.0237350466443906,0.0,0.0,0.0,0.7362831393129615,0.0,0.0,0.0,0.2637168606870384,0.0,0.0,0.0,11.952374599635728,0.9955923373064792,1.0,0.0,0.0,0.0,1.9879322290985295,0.0,0.0,0.0,13.258875583506692,1102.8688895247462,29.73094022392497,302.7106577576344,11.525181126674264
24,235.0,17.211103128800044,0.95,0.0,0.0,0.0,0.05,0.0,0.0,0.0,298.8,78.69,0.786479250334672,0.2187203345888937,21.22276810141124,12.196546913036052,1071.416038589311,36.70840440423679,0.9710860284915476,0.0,0.0,0.0,0.0289139715084524,0.0,0.0,0.0,0.6982633632581614,0.0,0.0,0.0,0.3017366367418385,0.0,0.0,0.0,11.680769127571024,1.0102527787823916,1.0,0.0,0.0,0.0,1.959156394278173,0.0,0.0,0.0,13.258875583506692,1102.8688895247462,29.73094022392497,302.7106577576344,11.525181126674264
24,235.0,18.213994371952843,0.95,0.0,0.0,0.0,0.05,0.0,0.0,0.0,298.8,78.69,0.786479250334672,0.2314651718382621,21.22276810141124,12.196546913036052,1065.743828229153,37.99824072314758,0.9658711433421656,0.0,0.0,0.0,0.0341288566578342,0.0,0.0,0.0,0.6644129675609981,0.0,0.0,0.0,0.335587032439002,0.0,0.0,0.0,11.411965638707397,1.0252002493598382,1.0,0.0,0.0,0.0,1.9310359447434184,0.0,0.0,0.0,13.258875583506692,1102.8688895247462,29.73094022392497,302.7106577576344,11.525181126674264
24,235.0,19.21688561510564,0.95,0.0,0.0,0.0,0.05,0.0,0.0,0.0,298.8,78.69,0.786479250334672,0.2442100090876304,21.22276810141124,12.196546913036052,1060.0314597096792,39.30725908576501,0.960619295977425,0.0,0.0,0.0,0.0393807040225749,0.0,0.0,0.0,0.6340926172207911,0.0,0.0,0.0,0.3659073827792088,0.0,0.0,0.0,11.145927364032191,1.0404466586898138,1.0,0.0,0.0,0.0,1.9035747535270096,0.0,0.0,0.0,13.258875583506692,1102.8688895247462,29.73094022392497,302.7106577576344,11.525181126674264
24,235.0,20.21977685825844,0.95,0.0,0.0,0.0,0.05,0.0,0.0,0.0,298.8,78.69,0.786479250334672,0.2569548463369988,21.22276810141124,12.196546913036052,1054.2777496324052,40.63608797053429,0.9553294502340562,0.0,0.0,0.0,0.0446705497659437,0.0,0.0,0.0,0.6067876705633425,0.0,0.0,0.0,0.3932123294366575,0.0,0.0,0.0,10.8826186681401,1.0560067192455775,1.0,0.0,0.0,0.0,1.8766908937852849,0.0,0.0,0.0,13.258875583506692,1102.8688895247462,29.73094022392497,302.7106577576344,11.525181126674264
24,235.0,21.22266810141124,0.95,0.0,0.0,0.0,0.05,0.0,0.0,0.0,298.8,78.69,0.786479250334672,0.2696996835863672,21.22276810141124,12.196546913036052,1048.4814700433017,41.98538909366388,0.9500005327278184,0.0,0.0,0.0,0.0499994672721817,0.0,0.0,0.0,0.5820792230356586,0.0,0.0,0.0,0.4179207769643414,0.0,0.0,0.0,10.62200529125649,1.0718954729183463,1.0,0.0,0.0,0.0,1.8504488992581387,0.0,0.0,0.0,13.258875583506692,1102.8688895247462,29.73094022392497,302.7106577576344,11.525181126674264
24,240.0,14.519771559123145,0.95,0.0,0.0,0.0,0.05,0.0,0.0,0.0,298.8,78.69,0.8032128514056225,0.1845186371727429,23.43298254652068,14.519671559123143,1078.8532851382752,36.32832578555914,0.9959495109614924,0.0,0.0,0.0,0.0040504890385075,0.0,0.0,0.0,0.9499941555088376,0.0,0.0,0.0,0.0500058444911625,0.0,0.0,0.0,11.805173718373885,0.9914804492407256,1.0,0.0,0.0,0.0,1.9048033466371967,0.0,0.0,0.0,12.014498351825988,1083.263844328595,35.3375257790447,302.7106577576344,13.710780754884407
24,240.0,15.510117224389536,0.95,0.0,0.0,0.0,0.05,0.0,0.0,0.0,298.8,78.69,0.8032128514056225,0.1971040440257915,23.43298254652068,14.519671559123143,1073.4260897359616,37.55596812144111,0.9909656860008882,0.0,0.0,0.0,0.0090343139991116,0.0,0.0,0.0,0.895735377991483,0.0,0.0,0.0,0.1042646220085171,0.0,0.0,0.0,11.551275635996092,1.005063431511004,1.0,0.0,0.0,0.0,1.8797056044735407,0.0,0.0,0.0,12.014498351825988,1083.263844328595,35.3375257790447,302.7106577576344,13.710780754884407
24,240.0,16.50046288965593,0.95,0.0,0.0,0.0,0.05,0.0,0.0,0.0,298.8,78.69,0.8032128514056225,0.2096894508788401,23.43298254652068,14.519671559123143,1067.9673574984,38.80027670777966,0.9859532879568584,0.0,0.0,0.0,0.0140467120431416,0.0,0.0,0.0,0.8478778190654327,0.0,0.0,0.0,0.1521221809345672,0.0,0.0,0.0,11.29993622979933,1.018887755830395,1.0,0.0,0.0,0.0,1.8551425194790696,0.0,0.0,0.0,12.014498351825988,1083.263844328595,35.3375257790447,302.7106577576344,13.710780754884407
24,240.0,17.490808554922324,0.95,0.0,0.0,0.0,0.05,0.0,0.0,0.0,298.8,78.69,0.8032128514056225,0.2222748577318887,23.43298254652068,14.519671559123143,1062.476202499744,40.06174992515948,0.9809115637647864,0.0,0.0,0.0,0.0190884362352137,0.0,0.0,0.0,0.8053643237248547,0.0,0.0,0.0,0.1946356762751453,0.0,0.0,0.0,11.051124082254804,1.032965913817394,1.0,0.0,0.0,0.0,1.831061048613129,0.0,0.0,0.0,12.014498351825988,1083.263844328595,35.3375257790447,302.7106577576344,13.710780754884407
24,240.0,18.48115422018872,0.95,0.0,0.0,0.0,0.05,0.0,0.0,0.0,298.8,78.69,0.8032128514056225,0.2348602645849373,23.43298254652068,14.519671559123143,1056.9517096253137,41.34090732625242,0.9758397371654254,0.0,0.0,0.0,0.0241602628345746,0.0,0.0,0.0,0.7673586591142934,0.0,0.0,0.0,0.2326413408857066,0.0,0.0,0.0,10.804809387314712,1.0473106640798433,1.0,0.0,0.0,0.0,1.807517847417808,0.0,0.0,0.0,12.014498351825988,1083.263844328595,35.3375257790447,302.7106577576344,13.710780754884407
24,240.0,19.47149988545511,0.95,0.0,0.0,0.0,0.05,0.0,0.0,0.0,298.8,78.69,0.8032128514056225,0.2474456714379859,23.43298254652068,14.519671559123143,1051.3929428281128,42.63829204594751,0.9707370160412192,0.0,0.0,0.0,0.0292629839587809,0.0,0.0,0.0,0.733190708356949,0.0,0.0,0.0,0.266809291643051,0.0,0.0,0.0,10.560963244248844,1.0619350351018249,1.0,0.0,0.0,0.0,1.7844619622597002,0.0,0.0,0.0,12.014498351825988,1083.263844328595,35.3375257790447,302.7106577576344,13.710780754884407
24,240.0,20.461845550721502,0.95,0.0,0.0,0.0,0.05,0.0,0.0,0.0,298.8,78.69,0.8032128514056225,0.2600310782910345,23.43298254652068,14.519671559123143,1045.798939256196,43.95447288193152,0.9656025875201738,0.0,0.0,0.0,0.0343974124798262,0.0,0.0,0.0,0.7023172040851765,0.0,0.0,0.0,0.2976827959148235,0.0,0.0,0.0,10.31955763379034,1.07685231537685,1.0,0.0,0.0,0.0,1.7618792412463955,0.0,0.0,0.0,12.014498351825988,1083.263844328595,35.3375257790447,302.7106577576344,13.710780754884407
24,240.0,21.45219121598789,0.95,0.0,0.0,0.0,0.05,0.0,0.0,0.0,298.8,78.69,0.8032128514056225,0.272616485144083,23.43298254652068,14.519671559123143,1040.1687008343902,45.2900463747858,0.9604356108998662,0.0,0.0,0.0,0.0395643891001337,0.0,0.0,0.0,0.6742930976394658,0.0,0.0,0.0,0.3257069023605343,0.0,0.0,0.0,10.080565592036375,1.0920760918240895,1.0,0.0,0.0,0.0,1.7397975574126714,0.0,0.0,0.0,12.014498351825988,1083.263844328595,35.3375257790447,302.7106577576344,13.710780754884407
24,240.0,22.442536881254288,0.95,0.0,0.0,0.0,0.05,0.0,0.0,0.0,298.8,78.69,0.8032128514056225,0.2852018919971316,23.43298254652068,14.519671559123143,1034.501199743245,46.64563892801795,0.95523522262761,0.0,0.0,0.0,0.0447647773723901,0.0,0.0,0.0,0.6487503483244705,0.0,0.0,0.0,0.3512496516755294,0.0,0.0,0.0,9.843961243289325,1.1076202377317217,1.0,0.0,0.0,0.0,1.7181560608736486,0.0,0.0,0.0,12.014498351825988,1083.263844328595,35.3375257790447,302.7106577576344,13.710780754884407
24,240.0,23.43288254652068,0.95,0.0,0.0,0.0,0.05,0.0,0.0,0.0,298.8,78.69,0.8032128514056225,0.2977872988501802,23.43298254652068,14.519671559123143,1028.7953706118933,48.021908975012,0.950000529797345,0.0,0.0,0.0,0.049999470202655,0.0,0.0,0.0,0.625381981696966,0.0,0.0,0.0,0.374618018303034,0.0,0.0,0.0,9.609719375544843,1.1234989402113371,1.0,0.0,0.0,0.0,1.696993623229192,0.0,0.0,0.0,12.014498351825988,1083.263844328595,35.3375257790447,302.7106577576344,13.710780754884407
24,245.0,17.160223500643674,0.95,0.0,0.0,0.0,0.05,0.0,0.0,0.0,298.8,78.69,0.8199464524765729,0.2180737514378405,25.935608876074404,17.160123500643675,1057.3749405104725,43.04160024313303,0.995147277355266,0.0,0.0,0.0,0.0048527226447339,0.0,0.0,0.0,0.94999512237036,0.0,0.0,0.0,0.05000487762964,0.0,0.0,0.0,10.566301444675394,1.049844032527318,1.0,0.0,0.0,0.0,1.7308614140236311,0.0,0.0,0.0,10.793959502416731,1062.6711211462375,41.80803719266337,302.7106577576344,16.191644196077288
24,245.0,18.135255209024866,0.95,0.0,0.0,0.0,0.05,0.0,0.0,0.0,298.8,78.69,0.8199464524765729,0.2304645470711001,25.935608876074404,17.160123500643675,1052.0156308427636,44.29988323844204,0.9902377803974756,0.0,0.0,0.0,0.0097622196025243,0.0,0.0,0.0,0.9049429780149564,0.0,0.0,0.0,0.0950570219850436,0.0,0.0,0.0,10.3393577646384,1.063531352407039,1.0,0.0,0.0,0.0,1.7108419633878873,0.0,0.0,0.0,10.793959502416731,1062.6711211462375,41.80803719266337,302.7106577576344,16.191644196077288
24,245.0,19.110286917406057,0.95,0.0,0.0,0.0,0.05,0.0,0.0,0.0,298.8,78.69,0.8199464524765729,0.2428553427043596,25.935608876074404,17.160123500643675,1046.6276078699966,45.57520871015311,0.985303127764676,0.0,0.0,0.0,0.0146968722353239,0.0,0.0,0.0,0.8644107826186375,0.0,0.0,0.0,0.1355892173813624,0.0,0.0,0.0,10.114629085969336,1.077481027844538,1.0,0.0,0.0,0.0,1.691249866653156,0.0,0.0,0.0,10.793959502416731,1062.6711211462375,41.80803719266337,302.7106577576344,16.191644196077288
24,245.0,20.08531862578725,0.95,0.0,0.0,0.0,0.05,0.0,0.0,0.0,298.8,78.69,0.8199464524765729,0.2552461383376191,25.935608876074404,17.160123500643675,1041.2100853350016,46.86808317164268,0.980342683897276,0.0,0.0,0.0,0.0196573161027241,0.0,0.0,0.0,0.8277610834805278,0.0,0.0,0.0,0.1722389165194722,0.0,0.0,0.0,9.892092229980603,1.0916923713971307,1.0,0.0,0.0,0.0,1.6720103693048851,0.0,0.0,0.0,10.793959502416731,1062.6711211462375,41.80803719266337,302.7106577576344,16.191644196077288
24,245.0,21.060350334168444,0.95,0.0,0.0,0.0,0.05,0.0,0.0,0.0,298.8,78.69,0.8199464524765729,0.2676369339708787,25.935608876074404,17.160123500643675,1035.7622485044906,48.1790349490656,0.9753557920018684,0.0,0.0,0.0,0.0246442079981314,0.0,0.0,0.0,0.794471177477148,0.0,0.0,0.0,0.2055288225228521,0.0,0.0,0.0,9.67172556012162,1.106177825989129,1.0,0.0,0.0,0.0,1.6531913514167322,0.0,0.0,0.0,10.793959502416731,1062.6711211462375,41.80803719266337,302.7106577576344,16.191644196077288
24,245.0,22.035382042549635,0.95,0.0,0.0,0.0,0.05,0.0,0.0,0.0,298.8,78.69,0.8199464524765729,0.2800277296041382,25.935608876074404,17.160123500643675,1030.2832641031694,49.508616255200536,0.970341782808736,0.0,0.0,0.0,0.029658217191264,0.0,0.0,0.0,0.7641084292359479,0.0,0.0,0.0,0.2358915707640521,0.0,0.0,0.0,9.453507795462569,1.1209576733494175,1.0,0.0,0.0,0.0,1.6347151833902722,0.0,0.0,0.0,10.793959502416731,1062.6711211462375,41.80803719266337,302.7106577576344,16.191644196077288
24,245.0,23.010413750930827,0.95,0.0,0.0,0.0,0.05,0.0,0.0,0.0,298.8,78.69,0.8199464524765729,0.2924185252373977,25.935608876074404,17.160123500643675,1024.7722747324628,50.85740502538247,0.9652999700290836,0.0,0.0,0.0,0.0347000299709163,0.0,0.0,0.0,0.7363116938402183,0.0,0.0,0.0,0.2636883061597816,0.0,0.0,0.0,9.2374188526964,1.136039315369076,1.0,0.0,0.0,0.0,1.6166269329168126,0.0,0.0,0.0,10.793959502416731,1062.6711211462375,41.80803719266337,302.7106577576344,16.191644196077288
24,245.0,23.985445459312015,0.95,0.0,0.0,0.0,0.05,0.0,0.0,0.0,298.8,78.69,0.8199464524765729,0.3048093208706572,25.935608876074404,17.160123500643675,1019.2283921921093,52.22600684356764,0.9602296449051274,0.0,0.0,0.0,0.0397703550948725,0.0,0.0,0.0,0.7107771567733743,0.0,0.0,0.0,0.2892228432266256,0.0,0.0,0.0,9.023439214956165,1.1514359124464923,1.0,0.0,0.0,0.0,1.5988899073182044,0.0,0.0,0.0,10.793959502416731,1062.6711211462375,41.80803719266337,302.7106577576344,16.191644196077288
24,245.0,24.960477167693213,0.95,0.0,0.0,0.0,0.05,0.0,0.0,0.0,298.8,78.69,0.8199464524765729,0.3172001165039168,25.935608876074404,17.160123500643675,1013.6507023206932,53.61505695812428,0.9551300806523074,0.0,0.0,0.0,0.0448699193476926,0.0,0.0,0.0,0.6872474122126256,0.0,0.0,0.0,0.3127525877873743,0.0,0.0,0.0,8.811550217879924,1.1671609278893742,1.0,0.0,0.0,0.0,1.5814893525355718,0.0,0.0,0.0,10.793959502416731,1062.6711211462375,41.80803719266337,302.7106577576344,16.191644196077288
24,245.0,25.935508876074405,0.95,0.0,0.0,0.0,0.05,0.0,0.0,0.0,298.8,78.69,0.8199464524765729,0.3295909121371763,25.935608876074404,17.160123500643675,1008.0382584543986,55.0252223635999,0.9500005271764967,0.0,0.0,0.0,0.0499994728235031,0.0,0.0,0.0,0.6655029467067562,0.0,0.0,0.0,0.3344970532932437,0.0,0.0,0.0,8.601734416496328,1.1832282073119558,1.0,0.0,0.0,0.0,1.564462120101835,0.0,0.0,0.0,10.793959502416731,1062.6711211462375,41.80803719266337,302.7106577576344,16.191644196077288
24,250.0,20.145333889532303,0.95,0.0,0.0,0.0,0.05,0.0,0.0,0.0,298.8,78.69,0.8366800535475234,0.2560088180141353,28.753615695926324,20.145233889532307,1034.5820610376315,50.8152458336445,0.9942175892057457,0.0,0.0,0.0,0.0057824107942543,0.0,0.0,0.0,0.9499959069932912,0.0,0.0,0.0,0.0500040930067089,0.0,0.0,0.0,9.353031191270729,1.1162980698449596,1.0,0.0,0.0,0.0,1.5828484145355368,0.0,0.0,0.0,9.599114364051816,1040.9186176418627,49.27650279185157,302.7106577576344,18.99215487266697
24,250.0,21.1017985346872,0.95,0.0,0.0,0.0,0.05,0.0,0.0,0.0,298.8,78.69,0.8366800535475234,0.268163661642994,28.753615695926324,20.145233889532307,1029.2981741302249,52.110335502548814,0.9893979240554084,0.0,0.0,0.0,0.0106020759445915,0.0,0.0,0.0,0.912589062874416,0.0,0.0,0.0,0.0874109371255841,0.0,0.0,0.0,9.151061390033757,1.130281477065418,1.0,0.0,0.0,0.0,1.5669570346302484,0.0,0.0,0.0,9.599114364051816,1040.9186176418627,49.27650279185157,302.7106577576344,18.99215487266697
24,250.0,22.05826317984209,0.95,0.0,0.0,0.0,0.05,0.0,0.0,0.0,298.8,78.69,0.8366800535475234,0.2803185052718527,28.753615695926324,20.145233889532307,1023.9879194896744,53.42303651916359,0.98455624621548,0.0,0.0,0.0,0.0154437537845199,0.0,0.0,0.0,0.8783764815330558,0.0,0.0,0.0,0.121623518466944,0.0,0.0,0.0,8.951010075106266,1.1445307261545268,1.0,0.0,0.0,0.0,1.5513598218706648,0.0,0.0,0.0,9.599114364051816,1040.9186176418627,49.27650279185157,302.7106577576344,18.99215487266697
24,250.0,23.014727824996974,0.95,0.0,0.0,0.0,0.05,0.0,0.0,0.0,298.8,78.69,0.8366800535475234,0.2924733489007113,28.753615695926324,20.145233889532307,1018.6505803516136,54.7538721926265,0.9796920131745231,0.0,0.0,0.0,0.0203079868254767,0.0,0.0,0.0,0.8469742144869901,0.0,0.0,0.0,0.15302578551301,0.0,0.0,0.0,8.752860429682345,1.1590663109022692,1.0,0.0,0.0,0.0,1.5360391921633472,0.0,0.0,0.0,9.599114364051816,1040.9186176418627,49.27650279185157,302.7106577576344,18.99215487266697
24,250.0,23.97119247015187,0.95,0.0,0.0,0.0,0.05,0.0,0.0,0.0,298.8,78.69,0.8366800535475234,0.3046281925295701,28.753615695926324,20.145233889532307,1013.2854109678054,56.10338868814957,0.974804662147989,0.0,0.0,0.0,0.0251953378520109,0.0,0.0,0.0,0.8180577138721685,0.0,0.0,0.0,0.1819422861278314,0.0,0.0,0.0,8.556597153059318,1.1738976688223957,1.0,0.0,0.0,0.0,1.5210337953365554,0.0,0.0,0.0,9.599114364051816,1040.9186176418627,49.27650279185157,302.7106577576344,18.99215487266697
24,250.0,24.92765711530676,0.95,0.0,0.0,0.0,0.05,0.0,0.0,0.0,298.8,78.69,0.8366800535475234,0.3167830361584288,28.753615695926324,20.145233889532307,1007.8916483531848,57.47215696570408,0.9698936203086712,0.0,0.0,0.0,0.0301063796913287,0.0,0.0,0.0,0.7913507932551855,0.0,0.0,0.0,0.2086492067448145,0.0,0.0,0.0,8.36220542164645,1.189029260782791,1.0,0.0,0.0,0.0,1.5062953114017643,0.0,0.0,0.0,9.599114364051816,1040.9186176418627,49.27650279185157,302.7106577576344,18.99215487266697
24,250.0,25.884121760461653,0.95,0.0,0.0,0.0,0.05,0.0,0.0,0.0,298.8,78.69,0.8366800535475234,0.3289378797872875,28.753615695926324,20.145233889532307,1002.4685050783522,58.86077447965416,0.9649582989848086,0.0,0.0,0.0,0.0350417010151913,0.0,0.0,0.0,0.7666169586126821,0.0,0.0,0.0,0.2333830413873179,0.0,0.0,0.0,8.169671128135544,1.2044871376238513,1.0,0.0,0.0,0.0,1.4918241331708726,0.0,0.0,0.0,9.599114364051816,1040.9186176418627,49.27650279185157,302.7106577576344,18.99215487266697
24,250.0,26.84058640561654,0.95,0.0,0.0,0.0,0.05,0.0,0.0,0.0,298.8,78.69,0.8366800535475234,0.3410927234161461,28.753615695926324,20.145233889532307,997.0151706746,60.26986705579581,0.959998095169984,0.0,0.0,0.0,0.0400019048300158,0.0,0.0,0.0,0.7436525416182266,0.0,0.0,0.0,0.2563474583817733,0.0,0.0,0.0,7.978980663337416,1.2202773568490863,1.0,0.0,0.0,0.0,1.4776354593172136,0.0,0.0,0.0,9.599114364051816,1040.9186176418627,49.27650279185157,302.7106577576344,18.99215487266697
24,250.0,27.797051050771437,0.95,0.0,0.0,0.0,0.05,0.0,0.0,0.0,298.8,78.69,0.8366800535475234,0.3532475670450049,28.753615695926324,20.145233889532307,991.5308020520764,61.70009083319373,0.9550123837896212,0.0,0.0,0.0,0.0449876162103788,0.0,0.0,0.0,0.7222812110904004,0.0,0.0,0.0,0.2777187889095994,0.0,0.0,0.0,7.790121385893439,1.2364091065174143,1.0,0.0,0.0,0.0,1.4637146832494068,0.0,0.0,0.0,9.599114364051816,1040.9186176418627,49.27650279185157,302.7106577576344,18.99215487266697
24,250.0,28.753515695926325,0.95,0.0,0.0,0.0,0.05,0.0,0.0,0.0,298.8,78.69,0.8366800535475234,0.3654024106738636,28.753615695926324,20.145233889532307,986.0145316455128,63.15213436664619,0.9500005249546551,0.0,0.0,0.0,0.0499994750453447,0.0,0.0,0.0,0.7023495514303497,0.0,0.0,0.0,0.2976504485696503,0.0,0.0,0.0,7.603081265397051,1.2529152512374473,1.0,0.0,0.0,0.0,1.4500493714721188,0.0,0.0,0.0,9.599114364051816,1040.9186176418627,49.27650279185157,302.7106577576344,18.99215487266697
24,255.0,23.503973212499083,0.95,0.0,0.0,0.0,0.05,0.0,0.0,0.0,298.8,78.69,0.8534136546184738,0.2986907257910672,31.91051408188231,23.503873212499084,1010.2271134025126,59.83666587075173,0.9931411839091364,0.0,0.0,0.0,0.0068588160908637,0.0,0.0,0.0,0.9499965491464524,0.0,0.0,0.0,0.0500034508535477,0.0,0.0,0.0,8.167880920936279,1.193034003287693,1.0,0.0,0.0,0.0,1.456854520593237,0.0,0.0,0.0,8.432227805466914,1017.7913832278248,57.90987351738985,302.7106577576344,22.13772066860631
24,255.0,24.438022197986108,0.95,0.0,0.0,0.0,0.05,0.0,0.0,0.0,298.8,78.69,0.8534136546184738,0.3105607090861114,31.91051408188231,23.503873212499084,1005.026419906586,61.17585792573222,0.9884291416880644,0.0,0.0,0.0,0.0115708583119356,0.0,0.0,0.0,0.9189759064524388,0.0,0.0,0.0,0.0810240935475611,0.0,0.0,0.0,7.989218888462927,1.2075306008603028,1.0,0.0,0.0,0.0,1.4442879986125643,0.0,0.0,0.0,8.432227805466914,1017.7913832278248,57.90987351738985,302.7106577576344,22.13772066860631
24,255.0,25.372071183473132,0.95,0.0,0.0,0.0,0.05,0.0,0.0,0.0,298.8,78.69,0.8534136546184738,0.3224306923811556,31.91051408188231,23.503873212499084,999.8011462536612,62.5334620013763,0.9836979138258282,0.0,0.0,0.0,0.0163020861741718,0.0,0.0,0.0,0.8902111959712992,0.0,0.0,0.0,0.1097888040287008,0.0,0.0,0.0,7.812217191258636,1.22231593870153,1.0,0.0,0.0,0.0,1.4319387800597805,0.0,0.0,0.0,8.432227805466914,1017.7913832278248,57.90987351738985,302.7106577576344,22.13772066860631
24,255.0,26.30612016896016,0.95,0.0,0.0,0.0,0.05,0.0,0.0,0.0,298.8,78.69,0.8534136546184738,0.3343006756761997,31.91051408188231,23.503873212499084,994.550615681035,63.91002876224647,0.9789470283629044,0.0,0.0,0.0,0.0210529716370955,0.0,0.0,0.0,0.8634719496705676,0.0,0.0,0.0,0.1365280503294322,0.0,0.0,0.0,7.636864388708242,1.2374007254755532,1.0,0.0,0.0,0.0,1.4198084879838295,0.0,0.0,0.0,8.432227805466914,1017.7913832278248,57.90987351738985,302.7106577576344,22.13772066860631
24,255.0,27.240169154447184,0.95,0.0,0.0,0.0,0.05,0.0,0.0,0.0,298.8,78.69,0.8534136546184738,0.3461706589712439,31.91051408188231,23.503873212499084,989.2741203352712,65.30613328535456,0.974175992841892,0.0,0.0,0.0,0.0258240071581081,0.0,0.0,0.0,0.83855826741084,0.0,0.0,0.0,0.1614417325891599,0.0,0.0,0.0,7.463150259287164,1.2528081135845186,1.0,0.0,0.0,0.0,1.4079045468424594,0.0,0.0,0.0,8.432227805466914,1017.7913832278248,57.90987351738985,302.7106577576344,22.13772066860631
24,255.0,28.17421813993421,0.95,0.0,0.0,0.0,0.05,0.0,0.0,0.0,298.8,78.69,0.8534136546184738,0.3580406422662881,31.91051408188231,23.503873212499084,983.9709354623168,66.72237703609937,0.9693843064498252,0.0,0.0,0.0,0.0306156935501747,0.0,0.0,0.0,0.8152959286987503,0.0,0.0,0.0,0.1847040713012497,0.0,0.0,0.0,7.291064872673074,1.2685395450847374,1.0,0.0,0.0,0.0,1.3962083634917848,0.0,0.0,0.0,8.432227805466914,1017.7913832278248,57.90987351738985,302.7106577576344,22.13772066860631
24,255.0,29.10826712542124,0.95,0.0,0.0,0.0,0.05,0.0,0.0,0.0,298.8,78.69,0.8534136546184738,0.3699106255613322,31.91051408188231,23.503873212499084,978.6403115519304,68.15938953466949,0.9645714538411764,0.0,0.0,0.0,0.0354285461588236,0.0,0.0,0.0,0.7935324092800563,0.0,0.0,0.0,0.2064675907199437,0.0,0.0,0.0,7.120598896265584,1.2846286326023133,1.0,0.0,0.0,0.0,1.3847175545156984,0.0,0.0,0.0,8.432227805466914,1017.7913832278248,57.90987351738985,302.7106577576344,22.13772066860631
24,255.0,30.04231611090826,0.95,0.0,0.0,0.0,0.05,0.0,0.0,0.0,298.8,78.69,0.8534136546184738,0.3817806088563764,31.91051408188231,23.503873212499084,973.2814739668212,69.61783025636977,0.9597369052161804,0.0,0.0,0.0,0.0402630947838197,0.0,0.0,0.0,0.7731336191287475,0.0,0.0,0.0,0.2268663808712526,0.0,0.0,0.0,6.951743543979806,1.301074447001357,1.0,0.0,0.0,0.0,1.3734291917999877,0.0,0.0,0.0,8.432227805466914,1017.7913832278248,57.90987351738985,302.7106577576344,22.13772066860631
24,255.0,30.976365096395288,0.95,0.0,0.0,0.0,0.05,0.0,0.0,0.0,298.8,78.69,0.8534136546184738,0.3936505921514206,31.91051408188231,23.503873212499084,967.8936214751116,71.09839064286966,0.9548801155165146,0.0,0.0,0.0,0.0451198844834853,0.0,0.0,0.0,0.7539812124492354,0.0,0.0,0.0,0.2460187875507644,0.0,0.0,0.0,6.784490600011456,1.31789615329039,1.0,0.0,0.0,0.0,1.362339845369284,0.0,0.0,0.0,8.432227805466914,1017.7913832278248,57.90987351738985,302.7106577576344,22.13772066860631
24,255.0,31.910414081882312,0.95,0.0,0.0,0.0,0.05,0.0,0.0,0.0,298.8,78.69,0.8534136546184738,0.4055205754464647,31.91051408188231,23.503873212499084,962.475924297755,72.60179624266888,0.9500005232526596,0.0,0.0,0.0,0.0499994767473404,0.0,0.0,0.0,0.7359703560583385,0.0,0.0,0.0,0.2640296439416615,0.0,0.0,0.0,6.618832711144921,1.335108434915624,1.0,0.0,0.0,0.0,1.351445644303909,0.0,0.0,0.0,8.432227805466914,1017.7913832278248,57.90987351738985,302.7106577576344,22.13772066860631
24,260.0,27.266907168388087,0.95,0.0,0.0,0.0,0.05,0.0,0.0,0.0,298.8,78.69,0.8701472556894243,0.3465104481940283,35.43032585388161,27.266807168388087,983.9894069331164,70.34918938619943,0.9918937303264204,0.0,0.0,0.0,0.0081062696735795,0.0,0.0,0.0,0.9499970791206904,0.0,0.0,0.0,0.0500029208793095,0.0,0.0,0.0,7.01395479268569,1.2832194692405825,1.0,0.0,0.0,0.0,1.3497133657281195,0.0,0.0,0.0,7.296085655146154,993.0143761526203,67.92140682303575,302.7106577576344,25.654931900849267
24,260.0,28.173942577887367,0.95,0.0,0.0,0.0,0.05,0.0,0.0,0.0,298.8,78.69,0.8701472556894243,0.3580371403976028,35.43032585388161,27.266807168388087,978.8797621629642,71.74136896666111,0.9873099641225608,0.0,0.0,0.0,0.0126900358774394,0.0,0.0,0.0,0.9243464441927108,0.0,0.0,0.0,0.0756535558072891,0.0,0.0,0.0,6.8572079833932005,1.2984967475469482,1.0,0.0,0.0,0.0,1.3398616673631554,0.0,0.0,0.0,7.296085655146154,993.0143761526203,67.92140682303575,302.7106577576344,25.654931900849267
24,260.0,29.08097798738665,0.95,0.0,0.0,0.0,0.05,0.0,0.0,0.0,298.8,78.69,0.8701472556894243,0.3695638326011773,35.43032585388161,27.266807168388087,973.74666707303,73.1530520849048,0.9827094806350016,0.0,0.0,0.0,0.0172905193649985,0.0,0.0,0.0,0.9002846425879295,0.0,0.0,0.0,0.0997153574120704,0.0,0.0,0.0,6.701895262844061,1.3140972614767434,1.0,0.0,0.0,0.0,1.3301753038817754,0.0,0.0,0.0,7.296085655146154,993.0143761526203,67.92140682303575,302.7106577576344,25.654931900849267
24,260.0,29.98801339688593,0.95,0.0,0.0,0.0,0.05,0.0,0.0,0.0,298.8,78.69,0.8701472556894243,0.3810905248047519,35.43032585388161,27.266807168388087,968.5894502007152,74.58483026529957,0.9780918539810332,0.0,0.0,0.0,0.0219081460189667,0.0,0.0,0.0,0.8776742985029726,0.0,0.0,0.0,0.1223257014970273,0.0,0.0,0.0,6.548009418190577,1.3300247608293474,1.0,0.0,0.0,0.0,1.3206516627009088,0.0,0.0,0.0,7.296085655146154,993.0143761526203,67.92140682303575,302.7106577576344,25.654931900849267
24,260.0,30.89504880638521,0.95,0.0,0.0,0.0,0.05,0.0,0.0,0.0,298.8,78.69,0.8701472556894243,0.3926172170083264,35.43032585388161,27.266807168388087,963.4074142994158,76.03732187679651,0.9734566439030892,0.0,0.0,0.0,0.0265433560969107,0.0,0.0,0.0,0.8563936127499682,0.0,0.0,0.0,0.1436063872500318,0.0,0.0,0.0,6.395544304906793,1.3463093407096225,1.0,0.0,0.0,0.0,1.3112877080762408,0.0,0.0,0.0,7.296085655146154,993.0143761526203,67.92140682303575,302.7106577576344,25.654931900849267
24,260.0,31.802084215884488,0.95,0.0,0.0,0.0,0.05,0.0,0.0,0.0,298.8,78.69,0.8701472556894243,0.4041439092119009,35.43032585388161,27.266807168388087,958.1998382464968,77.51117406049144,0.9688033977251952,0.0,0.0,0.0,0.0311966022748047,0.0,0.0,0.0,0.8363342284479478,0.0,0.0,0.0,0.1636657715520523,0.0,0.0,0.0,6.244493869957677,1.362958224435443,1.0,0.0,0.0,0.0,1.3020802127861175,0.0,0.0,0.0,7.296085655146154,993.0143761526203,67.92140682303575,302.7106577576344,25.654931900849267
24,260.0,32.70911962538377,0.95,0.0,0.0,0.0,0.05,0.0,0.0,0.0,298.8,78.69,0.8701472556894243,0.4156706014154755,35.43032585388161,27.266807168388087,952.9659757750142,79.00706458891837,0.9641316497498772,0.0,0.0,0.0,0.0358683502501226,0.0,0.0,0.0,0.8173994370969971,0.0,0.0,0.0,0.1826005629030029,0.0,0.0,0.0,6.094852701425068,1.3799954300521289,1.0,0.0,0.0,0.0,1.2930257313247548,0.0,0.0,0.0,7.296085655146154,993.0143761526203,67.92140682303575,302.7106577576344,25.654931900849267
24,260.0,33.61615503488305,0.95,0.0,0.0,0.0,0.05,0.0,0.0,0.0,298.8,78.69,0.8701472556894243,0.42719729361905,35.43032585388161,27.266807168388087,947.7050536413976,80.52570387764642,0.9594409202312516,0.0,0.0,0.0,0.0405590797687483,0.0,0.0,0.0,0.7995026653739025,0.0,0.0,0.0,0.2004973346260975,0.0,0.0,0.0,5.946615927106649,1.3974334017737688,1.0,0.0,0.0,0.0,1.2841292459071765,0.0,0.0,0.0,7.296085655146154,993.0143761526203,67.92140682303575,302.7106577576344,25.654931900849267
24,260.0,34.52319044438233,0.95,0.0,0.0,0.0,0.05,0.0,0.0,0.0,298.8,78.69,0.8701472556894243,0.4387239858226246,35.43032585388161,27.266807168388087,942.4162700457432,82.0678371527373,0.9547307145882206,0.0,0.0,0.0,0.0452692854117794,0.0,0.0,0.0,0.7825661926591216,0.0,0.0,0.0,0.2174338073408784,0.0,0.0,0.0,5.799778982235748,1.4152824582504322,1.0,0.0,0.0,0.0,1.275382637933019,0.0,0.0,0.0,7.296085655146154,993.0143761526203,67.92140682303575,302.7106577576344,25.654931900849267
24,260.0,35.43022585388161,0.95,0.0,0.0,0.0,0.05,0.0,0.0,0.0,298.8,78.69,0.8701472556894243,0.4502506780261991,35.43032585388161,27.266807168388087,937.0987925327394,83.63424676788323,0.9500005222379908,0.0,0.0,0.0,0.049999477762009,0.0,0.0,0.0,0.7665200591201445,0.0,0.0,0.0,0.2334799408798555,0.0,0.0,0.0,5.654337765979715,1.4335660479127412,1.0,0.0,0.0,0.0,1.266778989057799,0.0,0.0,0.0,7.296085655146154,993.0143761526203,67.92140682303575,302.7106577576344,25.654931900849267
24,265.0,31.467332685319477,0.95,0.0,0.0,0.0,0.05,0.0,0.0,0.0,298.8,78.69,0.8868808567603748,0.3998898549411548,39.33748405428104,31.467232685319477,955.4396565218256,82.67950634001474,0.9904431472393602,0.0,0.0,0.0,0.0095568527606397,0.0,0.0,0.0,0.9499975202644008,0.0,0.0,0.0,0.0500024797355993,0.0,0.0,0.0,5.89513680770075,1.3915530531903024,1.0,0.0,0.0,0.0,1.2589451278284525,0.0,0.0,0.0,6.194157229336726,966.2255774553212,79.59167899763797,302.7106577576344,29.571779036695137
24,265.0,32.341782837426315,0.95,0.0,0.0,0.0,0.05,0.0,0.0,0.0,298.8,78.69,0.8868808567603748,0.4110024505963441,39.33748405428104,31.467232685319477,950.4287965608752,84.13584416503738,0.986012049391103,0.0,0.0,0.0,0.013987950608897,0.0,0.0,0.0,0.92889675746266,0.0,0.0,0.0,0.0711032425373399,0.0,0.0,0.0,5.759157826210079,1.4079737393326752,1.0,0.0,0.0,0.0,1.2513172270442086,0.0,0.0,0.0,6.194157229336726,966.2255774553212,79.59167899763797,302.7106577576344,29.571779036695137
24,265.0,33.216232989533154,0.95,0.0,0.0,0.0,0.05,0.0,0.0,0.0,298.8,78.69,0.8868808567603748,0.4221150462515333,39.33748405428104,31.467232685319477,945.3948198070636,85.6131583540898,0.9815662943903668,0.0,0.0,0.0,0.0184337056096333,0.0,0.0,0.0,0.908908588335024,0.0,0.0,0.0,0.0910914116649761,0.0,0.0,0.0,5.624413228144272,1.4247575581216494,1.0,0.0,0.0,0.0,1.2438163724022575,0.0,0.0,0.0,6.194157229336726,966.2255774553212,79.59167899763797,302.7106577576344,29.571779036695137
24,265.0,34.09068314163999,0.95,0.0,0.0,0.0,0.05,0.0,0.0,0.0,298.8,78.69,0.8868808567603748,0.4332276419067224,39.33748405428104,31.467232685319477,940.3370312984498,87.11209987056147,0.9771054865610876,0.0,0.0,0.0,0.0228945134389123,0.0,0.0,0.0,0.8899521374953272,0.0,0.0,0.0,0.1100478625046727,0.0,0.0,0.0,5.49089909214868,1.4419177656348543,1.0,0.0,0.0,0.0,1.23643226461408,0.0,0.0,0.0,6.194157229336726,966.2255774553212,79.59167899763797,302.7106577576344,29.571779036695137
24,265.0,34.96513329374684,0.95,0.0,0.0,0.0,0.05,0.0,0.0,0.0,298.8,78.69,0.8868808567603748,0.4443402375619118,39.33748405428104,31.467232685319477,935.2547054317062,88.63334993415796,0.9726292141200292,0.0,0.0,0.0,0.0273707858799707,0.0,0.0,0.0,0.8719543408567088,0.0,0.0,0.0,0.1280456591432913,0.0,0.0,0.0,5.358612697554294,1.4594861894583313,1.0,0.0,0.0,0.0,1.2291623622851804,0.0,0.0,0.0,6.194157229336726,966.2255774553212,79.59167899763797,302.7106577576344,29.571779036695137
24,265.0,35.83958344585368,0.95,0.0,0.0,0.0,0.05,0.0,0.0,0.0,298.8,78.69,0.8868808567603748,0.455452833217101,39.33748405428104,31.467232685319477,930.1470894309278,90.1776222724957,0.9681370524081878,0.0,0.0,0.0,0.0318629475918121,0.0,0.0,0.0,0.8548490364337524,0.0,0.0,0.0,0.1451509635662476,0.0,0.0,0.0,5.227551334300321,1.477470597912668,1.0,0.0,0.0,0.0,1.2220183022805016,0.0,0.0,0.0,6.194157229336726,966.2255774553212,79.59167899763797,302.7106577576344,29.571779036695137
24,265.0,36.71403359796052,0.95,0.0,0.0,0.0,0.05,0.0,0.0,0.0,298.8,78.69,0.8868808567603748,0.4665654288722902,39.33748405428104,31.467232685319477,925.0134018152798,91.74566520784838,0.9636285632071244,0.0,0.0,0.0,0.0363714367928757,0.0,0.0,0.0,0.8385761772603151,0.0,0.0,0.0,0.1614238227396848,0.0,0.0,0.0,5.097712526719616,1.4958935620828426,1.0,0.0,0.0,0.0,1.2149816169005685,0.0,0.0,0.0,6.194157229336726,966.2255774553212,79.59167899763797,302.7106577576344,29.571779036695137
24,265.0,37.58848375006736,0.95,0.0,0.0,0.0,0.05,0.0,0.0,0.0,298.8,78.69,0.8868808567603748,0.4776780245274794,39.33748405428104,31.467232685319477,919.8528302097924,93.338263937379,0.9591032935822786,0.0,0.0,0.0,0.0408967064177214,0.0,0.0,0.0,0.8230811504989702,0.0,0.0,0.0,0.1769188495010297,0.0,0.0,0.0,4.969094157543141,1.5147719111627993,1.0,0.0,0.0,0.0,1.208064670034355,0.0,0.0,0.0,6.194157229336726,966.2255774553212,79.59167899763797,302.7106577576344,29.571779036695137
24,265.0,38.4629339021742,0.95,0.0,0.0,0.0,0.05,0.0,0.0,0.0,298.8,78.69,0.8868808567603748,0.4887906201826687,39.33748405428104,31.467232685319477,914.66452947202,94.95624300497695,0.9545607750183416,0.0,0.0,0.0,0.0454392249816586,0.0,0.0,0.0,0.8083141863152377,0.0,0.0,0.0,0.1916858136847623,0.0,0.0,0.0,4.841694860418284,1.53412624732305,1.0,0.0,0.0,0.0,1.2012531168590093,0.0,0.0,0.0,6.194157229336726,966.2255774553212,79.59167899763797,302.7106577576344,29.571779036695137
24,265.0,39.33738405428104,0.95,0.0,0.0,0.0,0.05,0.0,0.0,0.0,298.8,78.69,0.8868808567603748,0.4999032158378579,39.33748405428104,31.467232685319477,909.447619238126,96.60046895278144,0.9500005221513792,0.0,0.0,0.0,0.0499994778486207,0.0,0.0,0.0,0.7942298428253575,0.0,0.0,0.0,0.2057701571746425,0.0,0.0,0.0,4.715513768368745,1.5539789251179137,1.0,0.0,0.0,0.0,1.1945579677997071,0.0,0.0,0.0,6.194157229336726,966.2255774553212,79.59167899763797,302.7106577576344,29.571779036695137
24,270.0,36.14171337491136,0.95,0.0,0.0,0.0,0.05,0.0,0.0,0.0,298.8,78.69,0.9036144578313252,0.459292329074995,43.65657505930208,36.14161337491136,923.9798102931736,97.28465251588126,0.9887448946699356,0.0,0.0,0.0,0.0112551053300644,0.0,0.0,0.0,0.9499978908338704,0.0,0.0,0.0,0.0500021091661297,0.0,0.0,0.0,4.816394022010048,1.5253759390220252,1.0,0.0,0.0,0.0,1.1826310833032767,0.0,0.0,0.0,5.130843724671824,936.9320241360858,93.30322734807504,302.7106577576344,33.91794976874195
24,270.0,36.97668689539922,0.95,0.0,0.0,0.0,0.05,0.0,0.0,0.0,298.8,78.69,0.9036144578313252,0.4699032519430578,43.65657505930208,36.14161337491136,919.0750712883488,98.81970386415196,0.9844960050369872,0.0,0.0,0.0,0.0155039949630128,0.0,0.0,0.0,0.932786637272782,0.0,0.0,0.0,0.067213362727218,0.0,0.0,0.0,4.700264982574084,1.543449150508175,1.0,0.0,0.0,0.0,1.1768392685384594,0.0,0.0,0.0,5.130843724671824,936.9320241360858,93.30322734807504,302.7106577576344,33.91794976874195
24,270.0,37.81166041588708,0.95,0.0,0.0,0.0,0.05,0.0,0.0,0.0,298.8,78.69,0.9036144578313252,0.4805141748111206,43.65657505930208,36.14161337491136,914.1465593475336,100.3777293953196,0.9802340596872562,0.0,0.0,0.0,0.0197659403127438,0.0,0.0,0.0,0.9163467392721512,0.0,0.0,0.0,0.0836532607278486,0.0,0.0,0.0,4.5851927069043,1.5619560077663508,1.0,0.0,0.0,0.0,1.1711357144104766,0.0,0.0,0.0,5.130843724671824,936.9320241360858,93.30322734807504,302.7106577576344,33.91794976874195
24,270.0,38.64663393637493,0.95,0.0,0.0,0.0,0.05,0.0,0.0,0.0,298.8,78.69,0.9036144578313252,0.4911250976791833,43.65657505930208,36.14161337491136,909.1935170039344,101.95946651068722,0.9759586751575454,0.0,0.0,0.0,0.0240413248424545,0.0,0.0,0.0,0.9006315656619635,0.0,0.0,0.0,0.0993684343380364,0.0,0.0,0.0,4.471176308724656,1.5809148567947802,1.0,0.0,0.0,0.0,1.165524922044377,0.0,0.0,0.0,5.130843724671824,936.9320241360858,93.30322734807504,302.7106577576344,33.91794976874195
24,270.0,39.48160745686279,0.95,0.0,0.0,0.0,0.05,0.0,0.0,0.0,298.8,78.69,0.9036144578313252,0.5017360205472461,43.65657505930208,36.14161337491136,904.215147778638,103.56568798875205,0.9716694484284898,0.0,0.0,0.0,0.0283305515715102,0.0,0.0,0.0,0.8855983058125346,0.0,0.0,0.0,0.1144016941874654,0.0,0.0,0.0,4.358215652196755,1.6003479105193854,1.0,0.0,0.0,0.0,1.1599997968000082,0.0,0.0,0.0,5.130843724671824,936.9320241360858,93.30322734807504,302.7106577576344,33.91794976874195
24,270.0,40.31658097735065,0.95,0.0,0.0,0.0,0.05,0.0,0.0,0.0,298.8,78.69,0.9036144578313252,0.5123469434153087,43.65657505930208,36.14161337491136,899.2106224196211,105.19720486489425,0.9673659622712032,0.0,0.0,0.0,0.0326340377287969,0.0,0.0,0.0,0.8712075979298406,0.0,0.0,0.0,0.1287924020701593,0.0,0.0,0.0,4.246310563485098,1.620274045441483,1.0,0.0,0.0,0.0,1.1545607513431233,0.0,0.0,0.0,5.130843724671824,936.9320241360858,93.30322734807504,302.7106577576344,33.91794976874195
24,270.0,41.1515544978385,0.95,0.0,0.0,0.0,0.05,0.0,0.0,0.0,298.8,78.69,0.9036144578313252,0.5229578662833715,43.65657505930208,36.14161337491136,894.1790768964944,106.85486892794962,0.9630477843989956,0.0,0.0,0.0,0.0369522156010044,0.0,0.0,0.0,0.8574231965976047,0.0,0.0,0.0,0.1425768034023953,0.0,0.0,0.0,4.135461197705902,1.6407159045588615,1.0,0.0,0.0,0.0,1.1492076681648171,0.0,0.0,0.0,5.130843724671824,936.9320241360858,93.30322734807504,302.7106577576344,33.91794976874195
24,270.0,41.98652801832636,0.95,0.0,0.0,0.0,0.05,0.0,0.0,0.0,298.8,78.69,0.9036144578313252,0.5335687891514342,43.65657505930208,36.14161337491136,889.1196095182196,108.5395754785496,0.9587144660191462,0.0,0.0,0.0,0.0412855339808538,0.0,0.0,0.0,0.8442116789831878,0.0,0.0,0.0,0.1557883210168121,0.0,0.0,0.0,4.0256679635761,1.6617066682894688,1.0,0.0,0.0,0.0,1.1439400317967623,0.0,0.0,0.0,5.130843724671824,936.9320241360858,93.30322734807504,302.7106577576344,33.91794976874195
24,270.0,42.82150153881422,0.95,0.0,0.0,0.0,0.05,0.0,0.0,0.0,298.8,78.69,0.9036144578313252,0.544179712019497,43.65657505930208,36.14161337491136,884.0312785180756,110.25226633914674,0.954365540794756,0.0,0.0,0.0,0.045634459205244,0.0,0.0,0.0,0.8315421844218378,0.0,0.0,0.0,0.1684578155781621,0.0,0.0,0.0,3.9169316439231374,1.6832628661083888,1.0,0.0,0.0,0.0,1.1387569275491731,0.0,0.0,0.0,5.130843724671824,936.9320241360858,93.30322734807504,302.7106577576344,33.91794976874195
24,270.0,43.65647505930208,0.95,0.0,0.0,0.0,0.05,0.0,0.0,0.0,298.8,78.69,0.9036144578313252,0.5547906348875598,43.65657505930208,36.14161337491136,878.9130989440363,111.99393309297116,0.9500005233562074,0.0,0.0,0.0,0.0499994766437925,0.0,0.0,0.0,0.8193861827998093,0.0,0.0,0.0,0.1806138172001908,0.0,0.0,0.0,3.809253702054199,1.705407843379239,1.0,0.0,0.0,0.0,1.1336571283398014,0.0,0.0,0.0,5.130843724671824,936.9320241360858,93.30322734807504,302.7106577576344,33.91794976874195
24,275.0,41.331157938302496,0.95,0.0,0.0,0.0,0.05,0.0,0.0,0.0,298.8,78.69,0.9203480589022758,0.5252402838772715,48.41170998900376,41.33105793830249,888.7334782800901,114.83850543436726,0.9867330978429342,0.0,0.0,0.0,0.0132669021570658,0.0,0.0,0.0,0.9499982053933896,0.0,0.0,0.0,0.0500017946066104,0.0,0.0,0.0,3.784274676041683,1.6969641378633904,1.0,0.0,0.0,0.0,1.119351015359855,0.0,0.0,0.0,4.11187312512685,904.4335281070778,109.60126774294156,302.7106577576344,38.72523437118672
24,275.0,42.11787483282486,0.95,0.0,0.0,0.0,0.05,0.0,0.0,0.0,298.8,78.69,0.9203480589022758,0.5352379569554564,48.41170998900376,41.33105793830249,883.9414151158451,116.47203782974417,0.9827035074842884,0.0,0.0,0.0,0.0172964925157116,0.0,0.0,0.0,0.9361487761667778,0.0,0.0,0.0,0.063851223833222,0.0,0.0,0.0,3.687306963826428,1.717493964589464,1.0,0.0,0.0,0.0,1.115088028805272,0.0,0.0,0.0,4.11187312512685,904.4335281070778,109.60126774294156,302.7106577576344,38.72523437118672
24,275.0,42.90459172734722,0.95,0.0,0.0,0.0,0.05,0.0,0.0,0.0,298.8,78.69,0.9203480589022758,0.5452356300336412,48.41170998900376,41.33105793830249,879.1236408395035,118.13130817790592,0.9786619532551736,0.0,0.0,0.0,0.0213380467448262,0.0,0.0,0.0,0.92282544189739,0.0,0.0,0.0,0.07717455810261,0.0,0.0,0.0,3.5912372601411744,1.738561571900744,1.0,0.0,0.0,0.0,1.1108906355976849,0.0,0.0,0.0,4.11187312512685,904.4335281070778,109.60126774294156,302.7106577576344,38.72523437118672
24,275.0,43.69130862186958,0.95,0.0,0.0,0.0,0.05,0.0,0.0,0.0,298.8,78.69,0.9203480589022758,0.555233303111826,48.41170998900376,41.33105793830249,874.2792686140118,119.81718196366675,0.9746080359785522,0.0,0.0,0.0,0.0253919640214477,0.0,0.0,0.0,0.9100022304246962,0.0,0.0,0.0,0.0899977695753038,0.0,0.0,0.0,3.496067316196074,1.7601833022799007,1.0,0.0,0.0,0.0,1.106762232486849,0.0,0.0,0.0,4.11187312512685,904.4335281070778,109.60126774294156,302.7106577576344,38.72523437118672
24,275.0,44.478025516391945,0.95,0.0,0.0,0.0,0.05,0.0,0.0,0.0,298.8,78.69,0.9203480589022758,0.5652309761900107,48.41170998900376,41.33105793830249,869.4073773966251,121.53056916565872,0.970541344592604,0.0,0.0,0.0,0.029458655407396,0.0,0.0,0.0,0.8976549742127164,0.0,0.0,0.0,0.1023450257872836,0.0,0.0,0.0,3.4017982416131383,1.7823832903825996,1.0,0.0,0.0,0.0,1.1026977649455614,0.0,0.0,0.0,4.11187312512685,904.4335281070778,109.60126774294156,302.7106577576344,38.72523437118672
24,275.0,45.26474241091431,0.95,0.0,0.0,0.0,0.05,0.0,0.0,0.0,298.8,78.69,0.9203480589022758,0.5752286492681956,48.41170998900376,41.33105793830249,864.506999103101,123.27242695833162,0.9664614478869882,0.0,0.0,0.0,0.0335385521130117,0.0,0.0,0.0,0.8857611617130289,0.0,0.0,0.0,0.114238838286971,0.0,0.0,0.0,3.3084323988779305,1.8052122730725688,1.0,0.0,0.0,0.0,1.098699019030464,0.0,0.0,0.0,4.11187312512685,904.4335281070778,109.60126774294156,302.7106577576344,38.72523437118672
24,275.0,46.05145930543667,0.95,0.0,0.0,0.0,0.05,0.0,0.0,0.0,298.8,78.69,0.9203480589022758,0.5852263223463804,48.41170998900376,41.33105793830249,859.577120850289,125.04376321500288,0.9623678969848186,0.0,0.0,0.0,0.0376321030151814,0.0,0.0,0.0,0.8742998065842155,0.0,0.0,0.0,0.1257001934157846,0.0,0.0,0.0,3.2159722172875327,1.8286717894401687,1.0,0.0,0.0,0.0,1.0947644699814902,0.0,0.0,0.0,4.11187312512685,904.4335281070778,109.60126774294156,302.7106577576344,38.72523437118672
24,275.0,46.83817619995904,0.95,0.0,0.0,0.0,0.05,0.0,0.0,0.0,298.8,78.69,0.9203480589022758,0.5952239954245653,48.41170998900376,41.33105793830249,854.6166807284884,126.84564011345964,0.958260223321207,0.0,0.0,0.0,0.0417397766787931,0.0,0.0,0.0,0.8632513286949995,0.0,0.0,0.0,0.1367486713050004,0.0,0.0,0.0,3.1244200233368264,1.8528095237008704,1.0,0.0,0.0,0.0,1.0908965347467476,0.0,0.0,0.0,4.11187312512685,904.4335281070778,109.60126774294156,302.7106577576344,38.72523437118672
24,275.0,47.62489309448139,0.95,0.0,0.0,0.0,0.05,0.0,0.0,0.0,298.8,78.69,0.9203480589022758,0.6052216685027499,48.41170998900376,41.33105793830249,849.6245644182844,128.679178107816,0.9541379373043116,0.0,0.0,0.0,0.0458620626956885,0.0,0.0,0.0,0.8525974469109355,0.0,0.0,0.0,0.1474025530890646,0.0,0.0,0.0,3.0337790707726984,1.877652848145953,1.0,0.0,0.0,0.0,1.087092569065128,0.0,0.0,0.0,4.11187312512685,904.4335281070778,109.60126774294156,302.7106577576344,38.72523437118672
24,275.0,48.41160998900376,0.95,0.0,0.0,0.0,0.05,0.0,0.0,0.0,298.8,78.69,0.9203480589022758,0.6152193415809348,48.41170998900376,41.33105793830249,844.5995945920317,130.54555938266398,0.9500005221096084,0.0,0.0,0.0,0.0499994778903914,0.0,0.0,0.0,0.8423210778996147,0.0,0.0,0.0,0.1576789221003851,0.0,0.0,0.0,2.944052443027268,1.903241070781212,1.0,0.0,0.0,0.0,1.0833530142545154,0.0,0.0,0.0,4.11187312512685,904.4335281070778,109.60126774294156,302.7106577576344,38.72523437118672
24,280.0,47.08390156674164,0.95,0.0,0.0,0.0,0.05,0.0,0.0,0.0,298.8,78.69,0.9370816599732262,0.5983466967434444,53.62497940433934,47.083801566741634,848.3270007356556,136.4070761850073,0.9843021265020008,0.0,0.0,0.0,0.0156978734979991,0.0,0.0,0.0,0.9499984759860542,0.0,0.0,0.0,0.0500015240139457,0.0,0.0,0.0,2.8077913574467805,1.9287540480920264,1.0,0.0,0.0,0.0,1.0682764244802443,0.0,0.0,0.0,3.1449654870637134,867.6798743518019,129.30886906724652,302.7106577576344,44.02808165538378
24,280.0,47.81067688203027,0.95,0.0,0.0,0.0,0.05,0.0,0.0,0.0,298.8,78.69,0.9370816599732262,0.6075826265348871,53.62497940433934,47.083801566741634,843.6529679922181,138.16732078720622,0.9805409584334824,0.0,0.0,0.0,0.0194590415665175,0.0,0.0,0.0,0.9390976174364972,0.0,0.0,0.0,0.0609023825635028,0.0,0.0,0.0,2.7295483054572567,1.953099151874424,1.0,0.0,0.0,0.0,1.0653140415645936,0.0,0.0,0.0,3.1449654870637134,867.6798743518019,129.30886906724652,302.7106577576344,44.02808165538378
24,280.0,48.537452197318906,0.95,0.0,0.0,0.0,0.05,0.0,0.0,0.0,298.8,78.69,0.9370816599732262,0.61681855632633,53.62497940433934,47.083801566741634,838.9494791826465,139.95726689941193,0.9767683339127766,0.0,0.0,0.0,0.0232316660872233,0.0,0.0,0.0,0.9285461202409432,0.0,0.0,0.0,0.0714538797590567,0.0,0.0,0.0,2.652059709126529,1.9781373861029656,1.0,0.0,0.0,0.0,1.0624024745873055,0.0,0.0,0.0,3.1449654870637134,867.6798743518019,129.30886906724652,302.7106577576344,44.02808165538378
24,280.0,49.26422751260754,0.95,0.0,0.0,0.0,0.05,0.0,0.0,0.0,298.8,78.69,0.9370816599732262,0.6260544861177728,53.62497940433934,47.083801566741634,834.2154397355006,141.77798147135766,0.9729838227250738,0.0,0.0,0.0,0.0270161772749261,0.0,0.0,0.0,0.91833036879213,0.0,0.0,0.0,0.0816696312078699,0.0,0.0,0.0,2.575328534640757,2.003901184587589,1.0,0.0,0.0,0.0,1.059541230211506,0.0,0.0,0.0,3.1449654870637134,867.6798743518019,129.30886906724652,302.7106577576344,44.02808165538378
24,280.0,49.991002827896175,0.95,0.0,0.0,0.0,0.05,0.0,0.0,0.0,298.8,78.69,0.9370816599732262,0.6352904159092156,53.62497940433934,47.083801566741634,829.4497072119435,143.63059063373396,0.9691869795952528,0.0,0.0,0.0,0.0308130204047471,0.0,0.0,0.0,0.9084375544797678,0.0,0.0,0.0,0.0915624455202322,0.0,0.0,0.0,2.499358376694785,2.030441647317009,1.0,0.0,0.0,0.0,1.0567328140630787,0.0,0.0,0.0,3.1449654870637134,867.6798743518019,129.30886906724652,302.7106577576344,44.02808165538378
24,280.0,50.7177781431848,0.95,0.0,0.0,0.0,0.05,0.0,0.0,0.0,298.8,78.69,0.9370816599732262,0.6445263457006584,53.62497940433934,47.083801566741634,824.651077909307,145.51628340696954,0.9653773366349738,0.0,0.0,0.0,0.0346226633650261,0.0,0.0,0.0,0.8988556211804444,0.0,0.0,0.0,0.1011443788195555,0.0,0.0,0.0,2.424153266007462,2.057784130385811,1.0,0.0,0.0,0.0,1.0539754805946282,0.0,0.0,0.0,3.1449654870637134,867.6798743518019,129.30886906724652,302.7106577576344,44.02808165538378
24,280.0,51.44455345847344,0.95,0.0,0.0,0.0,0.05,0.0,0.0,0.0,298.8,78.69,0.9370816599732262,0.6537622754921011,53.62497940433934,47.083801566741634,819.8182812699421,147.43631670862493,0.9615544010421232,0.0,0.0,0.0,0.0384455989578769,0.0,0.0,0.0,0.8895732191718028,0.0,0.0,0.0,0.1104267808281972,0.0,0.0,0.0,2.349718535966814,2.0859821830802554,1.0,0.0,0.0,0.0,1.0512699653756954,0.0,0.0,0.0,3.1449654870637134,867.6798743518019,129.30886906724652,302.7106577576344,44.02808165538378
24,280.0,52.17132877376207,0.95,0.0,0.0,0.0,0.05,0.0,0.0,0.0,298.8,78.69,0.9370816599732262,0.6629982052835439,53.62497940433934,47.083801566741634,814.949978943287,149.39202070080967,0.9577176558720608,0.0,0.0,0.0,0.042282344127939,0.0,0.0,0.0,0.8805796624794325,0.0,0.0,0.0,0.1194203375205675,0.0,0.0,0.0,2.276056470383706,2.115075196928155,1.0,0.0,0.0,0.0,1.0486166734565463,0.0,0.0,0.0,3.1449654870637134,867.6798743518019,129.30886906724652,302.7106577576344,44.02808165538378
24,280.0,52.89810408905071,0.95,0.0,0.0,0.0,0.05,0.0,0.0,0.0,298.8,78.69,0.9370816599732262,0.6722341350749867,53.62497940433934,47.083801566741634,810.044758298395,151.38480460012028,0.9538665573741398,0.0,0.0,0.0,0.0461334426258601,0.0,0.0,0.0,0.8718648896824769,0.0,0.0,0.0,0.1281351103175231,0.0,0.0,0.0,2.203173634932185,2.145108762164458,1.0,0.0,0.0,0.0,1.0460156536373966,0.0,0.0,0.0,3.1449654870637134,867.6798743518019,129.30886906724652,302.7106577576344,44.02808165538378
24,280.0,53.62487940433934,0.95,0.0,0.0,0.0,0.05,0.0,0.0,0.0,298.8,78.69,0.9370816599732262,0.6814700648664296,53.62497940433934,47.083801566741634,805.1011176524714,153.41616168680508,0.9500005273456636,0.0,0.0,0.0,0.0499994726543364,0.0,0.0,0.0,0.8634194232252578,0.0,0.0,0.0,0.1365805767747422,0.0,0.0,0.0,2.131074191690386,2.1761488683642813,1.0,0.0,0.0,0.0,1.0434688939742711,0.0,0.0,0.0,3.1449654870637134,867.6798743518019,129.30886906724652,302.7106577576344,44.02808165538378
24,285.0,53.46041375826039,0.95,0.0,0.0,0.0,0.05,0.0,0.0,0.0,298.8,78.69,0.9538152610441768,0.6793800198025212,59.31238391810723,53.460313758260384,800.3909380291218,163.85526810009534,0.9812627584808028,0.0,0.0,0.0,0.0187372415191973,0.0,0.0,0.0,0.9499987133945548,0.0,0.0,0.0,0.0500012866054452,0.0,0.0,0.0,1.90015633043154,2.2689244583638017,1.0000000000694054,0.0,0.0,0.0,1.0295416525985668,0.0,0.0,0.0,2.2410524707626744,824.9746819221486,153.77005765610247,302.7106577576344,49.86436423924916
24,285.0,54.11062155379892,0.95,0.0,0.0,0.0,0.05,0.0,0.0,0.0,298.8,78.69,0.9538152610441768,0.6876429222747353,59.31238391810723,53.460313758260384,795.8390464566105,165.78523276838052,0.9778405256607064,0.0,0.0,0.0,0.0221594743392936,0.0,0.0,0.0,0.9417401523833592,0.0,0.0,0.0,0.0582598476166408,0.0,0.0,0.0,1.840505245213682,2.2980766672724857,1.0,0.0,0.0,0.0,1.0276578602720532,0.0,0.0,0.0,2.2410524707626744,824.9746819221486,153.77005765610247,302.7106577576344,49.86436423924916
24,285.0,54.76082934933746,0.95,0.0,0.0,0.0,0.05,0.0,0.0,0.0,298.8,78.69,0.9538152610441768,0.6959058247469496,59.31238391810723,53.460313758260384,791.2511762199532,167.7509422131271,0.9744066924683128,0.0,0.0,0.0,0.0255933075316871,0.0,0.0,0.0,0.9337032826719248,0.0,0.0,0.0,0.0662967173280751,0.0,0.0,0.0,1.7814854945926828,2.3297808333204486,1.0,0.0,0.0,0.0,1.025889212764297,0.0,0.0,0.0,2.2410524707626744,824.9746819221486,153.77005765610247,302.7106577576344,49.86436423924916
24,285.0,55.411037144876,0.95,0.0,0.0,0.0,0.05,0.0,0.0,0.0,298.8,78.69,0.9538152610441768,0.7041687272191638,59.31238391810723,53.460313758260384,786.625858414152,169.7538083886842,0.9709607661554728,0.0,0.0,0.0,0.0290392338445272,0.0,0.0,0.0,0.9258817594634834,0.0,0.0,0.0,0.0741182405365166,0.0,0.0,0.0,1.7230991410441443,2.3648136976981475,1.0000000000085734,0.0,0.0,0.0,1.024252726223099,0.0,0.0,0.0,2.2410524707626744,824.9746819221486,153.77005765610247,302.7106577576344,49.86436423924916
24,285.0,56.06124494041454,0.95,0.0,0.0,0.0,0.05,0.0,0.0,0.0,298.8,78.69,0.9538152610441768,0.7124316296913781,59.31238391810723,53.460313758260384,781.9615610261562,171.79533157297897,0.9675022397589478,0.0,0.0,0.0,0.0324977602410522,0.0,0.0,0.0,0.918269577654302,0.0,0.0,0.0,0.0817304223456979,0.0,0.0,0.0,1.6653375618812876,2.3989783414790224,1.000000000007369,0.0,0.0,0.0,1.022578580746363,0.0,0.0,0.0,2.2410524707626744,824.9746819221486,153.77005765610247,302.7106577576344,49.86436423924916
24,285.0,56.711452735953074,0.95,0.0,0.0,0.0,0.05,0.0,0.0,0.0,298.8,78.69,0.9538152610441768,0.7206945321635922,59.31238391810723,53.460313758260384,777.2566638334996,173.8771053236694,0.9640305794366124,0.0,0.0,0.0,0.0359694205633876,0.0,0.0,0.0,0.910861050604038,0.0,0.0,0.0,0.089138949395962,0.0,0.0,0.0,1.6082132517266414,2.43435046459536,1.0000000000040838,0.0,0.0,0.0,1.0209498661077503,0.0,0.0,0.0,2.2410524707626744,824.9746819221486,153.77005765610247,302.7106577576344,49.86436423924916
24,285.0,57.361660531491616,0.95,0.0,0.0,0.0,0.05,0.0,0.0,0.0,298.8,78.69,0.9538152610441768,0.7289574346358065,59.31238391810723,53.460313758260384,772.5094176620362,176.0008244661963,0.9605452038786876,0.0,0.0,0.0,0.0394547961213124,0.0,0.0,0.0,0.903650797367775,0.0,0.0,0.0,0.0963492026322251,0.0,0.0,0.0,1.5517334751485232,2.471014171319143,1.0000000000002185,0.0,0.0,0.0,1.0193679159077926,0.0,0.0,0.0,2.2410524707626744,824.9746819221486,153.77005765610247,302.7106577576344,49.86436423924916
24,285.0,58.01186832703015,0.95,0.0,0.0,0.0,0.05,0.0,0.0,0.0,298.8,78.69,0.9538152610441768,0.7372203371080207,59.31238391810723,53.460313758260384,767.7179849730173,178.1682953840281,0.9570455090671992,0.0,0.0,0.0,0.0429544909328006,0.0,0.0,0.0,0.8966337348032749,0.0,0.0,0.0,0.1033662651967251,0.0,0.0,0.0,1.4959024653389048,2.509036981744299,1.0000000000000902,0.0,0.0,0.0,1.0178334652789187,0.0,0.0,0.0,2.2410524707626744,824.9746819221486,153.77005765610247,302.7106577576344,49.86436423924916
24,285.0,58.66207612256869,0.95,0.0,0.0,0.0,0.05,0.0,0.0,0.0,298.8,78.69,0.9538152610441768,0.745483239580235,59.31238391810723,53.460313758260384,762.8804042788013,180.3814453387139,0.9535308508299372,0.0,0.0,0.0,0.0464691491700626,0.0,0.0,0.0,0.889805065337421,0.0,0.0,0.0,0.1101949346625789,0.0,0.0,0.0,1.4407283169670644,2.548524004318333,1.0000000000000724,0.0,0.0,0.0,1.0163478507073385,0.0,0.0,0.0,2.2410524707626744,824.9746819221486,153.77005765610247,302.7106577576344,49.86436423924916
24,285.0,59.31228391810723,0.95,0.0,0.0,0.0,0.05,0.0,0.0,0.0,298.8,78.69,0.9538152610441768,0.7537461420524492,59.31238391810723,53.460313758260384,757.9945699746137,182.64233103534735,0.9500005366093152,0.0,0.0,0.0,0.0499994633906848,0.0,0.0,0.0,0.8831602617216184,0.0,0.0,0.0,0.1168397382783816,0.0,0.0,0.0,1.3862206054249653,2.5895533890940814,1.000000000000031,0.0,0.0,0.0,1.0149121156545764,0.0,0.0,0.0,2.2410524707626744,824.9746819221486,153.77005765610247,302.7106577576344,49.86436423924916
24,290.0,60.54648190248964,0.95,0.0,0.0,0.0,0.05,0.0,0.0,0.0,298.8,78.69,0.9705488621151273,0.7694304473565846,65.47137652330578,60.54638190248964,740.1703998391005,201.010976817658,0.9772131389215896,0.0,0.0,0.0,0.0227868610784102,0.0,0.0,0.0,0.9499989295403174,0.0,0.0,0.0,0.0500010704596826,0.0,0.0,0.0,1.0827354957108526,2.8408412793354785,1.000000000034705,0.0,0.0,0.0,1.0050489907254485,0.0,0.0,0.0,1.4167983026644004,773.2637021553837,185.44864903964933,302.7106577576344,56.27641671412855
24,290.0,61.093681304802544,0.95,0.0,0.0,0.0,0.05,0.0,0.0,0.0,298.8,78.69,0.9705488621151273,0.7763843093760648,65.47137652330578,60.54638190248964,735.7470568856487,203.18224404142973,0.9742454298962344,0.0,0.0,0.0,0.0257545701037655,0.0,0.0,0.0,0.9441962334834868,0.0,0.0,0.0,0.0558037665165132,0.0,0.0,0.0,1.0420203015638294,2.8849725439806493,1.0000000001105682,0.0,0.0,0.0,1.0043541112403602,0.0,0.0,0.0,1.4167983026644004,773.2637021553837,185.44864903964933,302.7106577576344,56.27641671412855
24,290.0,61.64088070711545,0.95,0.0,0.0,0.0,0.05,0.0,0.0,0.0,298.8,78.69,0.9705488621151273,0.7833381713955452,65.47137652330578,60.54638190248964,731.2761925818131,205.39951952966808,0.9712652616791914,0.0,0.0,0.0,0.0287347383208087,0.0,0.0,0.0,0.9385226077471398,0.0,0.0,0.0,0.0614773922528602,0.0,0.0,0.0,1.001799026559275,2.930872827424452,1.0000000000392504,0.0,0.0,0.0,1.0037031211227123,0.0,0.0,0.0,1.4167983026644004,773.2637021553837,185.44864903964933,302.7106577576344,56.27641671412855
24,290.0,62.18808010942835,0.95,0.0,0.0,0.0,0.05,0.0,0.0,0.0,298.8,78.69,0.9705488621151273,0.7902920334150254,65.47137652330578,60.54638190248964,726.7556413043156,207.66491547008675,0.9682720583271296,0.0,0.0,0.0,0.0317279416728705,0.0,0.0,0.0,0.9329758765598724,0.0,0.0,0.0,0.0670241234401276,0.0,0.0,0.0,0.962078495181836,2.978660383794477,1.0000000000001292,0.0,0.0,0.0,1.00309768666831,0.0,0.0,0.0,1.4167983026644004,773.2637021553837,185.44864903964933,302.7106577576344,56.27641671412855
24,290.0,62.73527951174125,0.95,0.0,0.0,0.0,0.05,0.0,0.0,0.0,298.8,78.69,0.9705488621151273,0.7972458954345057,65.47137652330578,60.54638190248964,722.183030290588,209.98069386235895,0.965265180803909,0.0,0.0,0.0,0.034734819196091,0.0,0.0,0.0,0.9275539935390744,0.0,0.0,0.0,0.0724460064609257,0.0,0.0,0.0,0.922865429746189,3.028480009971406,1.0000000000003757,0.0,0.0,0.0,1.002539362603225,0.0,0.0,0.0,1.4167983026644004,773.2637021553837,185.44864903964933,302.7106577576344,56.27641671412855
24,290.0,63.28247891405416,0.95,0.0,0.0,0.0,0.05,0.0,0.0,0.0,298.8,78.69,0.9705488621151273,0.8041997574539861,65.47137652330578,60.54638190248964,717.5558682147812,212.34928916321024,0.9622439699902444,0.0,0.0,0.0,0.0377560300097554,0.0,0.0,0.0,0.9222550540585548,0.0,0.0,0.0,0.0777449459414451,0.0,0.0,0.0,0.8841647784069604,3.080470536557431,1.000000000000267,0.0,0.0,0.0,1.0020300589791986,0.0,0.0,0.0,1.4167983026644004,773.2637021553837,185.44864903964933,302.7106577576344,56.27641671412855
24,290.0,63.829678316367065,0.95,0.0,0.0,0.0,0.05,0.0,0.0,0.0,298.8,78.69,0.9705488621151273,0.8111536194734663,65.47137652330578,60.54638190248964,712.8714412050444,214.7733204713634,0.9592077036500114,0.0,0.0,0.0,0.0407922963499886,0.0,0.0,0.0,0.9170772867030688,0.0,0.0,0.0,0.0829227132969312,0.0,0.0,0.0,0.8459869394803864,3.134799721241768,1.0000000000003164,0.0,0.0,0.0,1.001571704402016,0.0,0.0,0.0,1.4167983026644004,773.2637021553837,185.44864903964933,302.7106577576344,56.27641671412855
24,290.0,64.37687771867996,0.95,0.0,0.0,0.0,0.05,0.0,0.0,0.0,298.8,78.69,0.9705488621151273,0.8181074814929465,65.47137652330578,60.54638190248964,708.1268364768495,217.25561441925817,0.9561556110010628,0.0,0.0,0.0,0.0438443889989371,0.0,0.0,0.0,0.9120190595788892,0.0,0.0,0.0,0.0879809404211109,0.0,0.0,0.0,0.8083380169683222,3.191646620386405,1.0000000000002738,0.0,0.0,0.0,1.0011664983952058,0.0,0.0,0.0,1.4167983026644004,773.2637021553837,185.44864903964933,302.7106577576344,56.27641671412855
24,290.0,64.92407712099288,0.95,0.0,0.0,0.0,0.05,0.0,0.0,0.0,298.8,78.69,0.9705488621151273,0.825061343512427,65.47137652330578,60.54638190248964,703.3189102248466,219.79922774341415,0.9530868629223757,0.0,0.0,0.0,0.0469131370776244,0.0,0.0,0.0,0.9070788820495448,0.0,0.0,0.0,0.0929211179504554,0.0,0.0,0.0,0.7712296278977853,3.2512225076213044,1.000000000000248,0.0,0.0,0.0,1.0008167520304296,0.0,0.0,0.0,1.4167983026644004,773.2637021553837,185.44864903964933,302.7106577576344,56.27641671412855
24,290.0,65.47127652330578,0.95,0.0,0.0,0.0,0.05,0.0,0.0,0.0,298.8,78.69,0.9705488621151273,0.8320152055319072,65.47137652330578,60.54638190248964,698.4442572448414,222.40747299776385,0.950000563748406,0.0,0.0,0.0,0.049999436251594,0.0,0.0,0.0,0.9022554072870048,0.0,0.0,0.0,0.097744592712995,0.0,0.0,0.0,0.7346658646634197,3.3137484577357443,1.0000000000000733,0.0,0.0,0.0,1.0005251282020324,0.0,0.0,0.0,1.4167983026644004,773.2637021553837,185.44864903964933,302.7106577576344,56.27641671412855
