idx,actual,predicted,split
15181,11.679809574545024,11.6696205,train
7269,17.205336964454208,17.18091,train
10114,5.372723917651187,5.374623,train
10271,2.7378350951730805,2.721167,train
15829,31.67416237977404,31.66514,train
16317,5.513266485740743,5.4940667,train
9707,5.4120818139826525,5.4132433,train
676,16.78961394224162,16.784119,train
5172,35.51833588723952,35.50671,train
10704,8.12551687206948,8.124981,train
12751,45.0442584732151,45.06515,train
476,16.736428127591374,16.73013,train
8456,27.045330248666936,27.02223,train
16921,10.026905416193513,10.01909,train
10154,11.738895074972726,11.722507,train
8322,60.43717871038952,60.490395,train
14404,11.796720623159729,11.800298,train
18711,22.98758383508474,22.988619,train
11641,4.325556458596122,4.3323674,train
7115,31.139319734798352,31.12563,train
19135,41.14820492115364,41.14748,train
2876,57.02672548940503,57.02787,train
18101,13.872643591503794,13.868477,train
705,26.688065851348075,26.67514,train
4469,4.278170829014148,4.2779217,train
7790,6.556721947955682,6.5370502,train
14496,45.49573519133895,45.531387,train
9391,19.881223193832128,19.86903,train
17911,14.188504354389975,14.181578,train
9152,8.314264525895991,8.302977,train
17152,19.9701531296528,19.968143,train
8133,58.09660211241908,58.11959,train
7713,39.12378051575852,39.133553,train
8540,3.4643390973536583,3.4581273,train
12996,3.540287262174207,3.521138,train
2406,19.95375118013526,19.95843,train
11715,19.473389322226087,19.473335,train
10098,4.30856967282522,4.3094482,train
17577,35.36490466801548,35.367065,train
5998,2.6283117251133854,2.584797,train
5832,4.46776870342172,4.446534,train
11133,20.09302271518608,20.092302,train
6931,34.871540716004816,34.894188,train
2029,23.329218518114708,23.333443,train
8589,9.94908966474634,9.947633,train
7169,60.03762006425522,60.06049,train
16693,4.413433510170315,4.4122963,train
15115,2.6680277245003223,2.634585,train
14576,6.654040997719327,6.6433506,train
6220,4.26985585887273,4.2543535,train
10076,2.6703927948160247,2.6567981,train
17611,52.37163578790875,52.353165,train
11491,10.043941062065771,10.026387,train
12651,9.768981042055076,9.756034,train
15470,53.674634010244326,53.670418,train
14881,46.903861444194575,46.91524,train
12714,26.12437780450136,26.130283,train
16357,12.06457598001331,12.058792,train
3006,26.251682459323085,26.24181,train
15741,6.881721048030808,6.8661814,train
8391,8.311883690182274,8.302159,train
647,9.94505395806381,9.944391,train
8591,11.93845111841708,11.944784,train
9999,22.89995202799145,22.917149,train
7982,5.393277784551054,5.394801,train
12670,13.93828400148196,13.931269,train
5224,2.6723998387919203,2.6573174,train
6061,9.617347410194986,9.610874,train
8791,12.074145480171024,12.068291,train
6346,39.201777071676965,39.223526,train
15326,4.422206476250763,4.4305286,train
3254,51.636476736943365,51.639988,train
18314,19.709900249786017,19.702686,train
14142,3.5410006268485925,3.5179334,train
10012,26.56615883944172,26.56964,train
7288,23.59913330619728,23.59123,train
4426,57.234210991288506,57.270126,train
11708,16.59108938180168,16.577526,train
14659,30.385313055652905,30.39378,train
6387,64.47585075138502,64.51219,train
3230,34.89196154707621,34.90177,train
11584,46.77859167776056,46.78613,train
15478,61.07334602815417,61.054413,train
16803,31.110044792535263,31.097025,train
10304,5.51347068232188,5.5031214,train
6587,64.63445678339761,64.71343,train
4412,44.68377792357072,44.713684,train
11722,22.715728356803982,22.71746,train
11710,16.59108938180168,16.575562,train
3726,8.311869444965327,8.304284,train
14783,10.061143235452354,10.044482,train
11301,9.677548837060357,9.668298,train
11745,30.401595341860737,30.411072,train
10811,45.392770466990434,45.387047,train
15819,27.41039487101252,27.399347,train
16007,27.415781458912697,27.408415,train
6430,5.3314508258617375,5.325042,train
13482,27.21848556581516,27.193478,train
3983,26.8078158500896,26.799723,train
8710,59.77527993292279,59.809383,train
2726,5.328295548013195,5.3181534,train
13638,14.039270848299736,14.03183,train
1833,19.958240419310386,19.95579,train
7220,6.882918890234676,6.856155,train
4325,11.65698187200393,11.633026,train
15291,57.59734802968727,57.570583,train
5459,5.49908632876588,5.4964056,train
16673,2.735260556130954,2.7078023,train
257,9.6469003213132,9.63059,train
10640,56.575095478324506,56.56504,train
4414,44.68377792357072,44.713234,train
10046,45.911486583232765,45.90994,train
15074,47.671231418620295,47.662754,train
13151,53.97896503267833,53.976437,train
1866,31.22906731708881,31.192184,train
12511,26.43700258485752,26.421618,train
2652,39.88906783823267,39.90743,train
6585,64.63445678339761,64.70476,train
7826,13.810238138743603,13.807094,train
17232,60.85346407983517,60.874077,train
11979,45.43311720005017,45.447334,train
14986,12.216826866795364,12.206976,train
8614,16.800995435851572,16.793179,train
6154,44.04821245138016,44.044647,train
7853,19.1358779335232,19.139664,train
13685,30.388399670203068,30.388733,train
7556,67.89761970766752,67.86199,train
5369,34.74248220026329,34.743237,train
13639,16.58837265322754,16.594627,train
9140,5.515840559625128,5.505036,train
13799,9.66304530984486,9.649972,train
17235,60.85346407983517,60.884075,train
16282,66.22984607694808,66.32327,train
10716,11.79324820860778,11.793373,train
13218,6.569502868408146,6.5559564,train
12761,51.12835088120414,51.161186,train
17085,5.514767643990076,5.5127144,train
8576,8.220943361868855,8.217602,train
5510,14.320139454287412,14.306656,train
11921,19.466938902709447,19.459803,train
772,2.67963111978823,2.6534438,train
7832,13.810238138743603,13.795765,train
9870,66.83876913694161,66.87798,train
1990,12.08150093831357,12.086345,train
5494,12.028482888236972,12.010244,train
6126,29.580343923795965,29.566587,train
6636,6.727251903746071,6.7082705,train
1230,14.016750584006392,14.019151,train
12693,19.318732370889105,19.335192,train
12805,3.5407926091361697,3.509319,train
11626,3.427034163001539,3.4311433,train
10508,7.972989524142502,7.9773607,train
15687,69.39768820199494,69.35788,train
4728,16.662983510921826,16.651627,train
2937,8.10628119297899,8.090362,train
16377,16.975095666791052,16.936825,train
10299,5.51347068232188,5.50785,train
8408,12.073309697709004,12.06484,train
11171,31.459342797591862,31.447218,train
13350,57.13312231443475,57.13766,train
8353,4.420408821409588,4.4210925,train
6127,29.580343923795965,29.562807,train
9319,4.406554839696068,4.40416,train
17767,30.70077920221167,30.705593,train
14140,3.5410006268485925,3.5190427,train
10981,36.30566648985637,36.28451,train
10761,22.70200171619421,22.695255,train
9256,41.120805074128185,41.132847,train
10328,10.055084639209408,10.0364685,train
662,14.205663251031078,14.208783,train
2917,5.381950494939112,5.3777013,train
7662,19.15493547987121,19.158175,train
1968,8.315945242318033,8.303576,train
16894,5.501513631853724,5.499252,train
9974,14.151127363963884,14.141481,train
13937,2.768427146804104,2.7426941,train
6205,3.38352670793303,3.372337,train
3449,43.7834291345671,43.787163,train
3116,5.388931658677182,5.3804126,train
1015,8.035463672537583,8.028643,train
12998,3.540287262174207,3.522214,train
14003,12.218588363439878,12.209654,train
8839,23.296083483998068,23.28337,train
5221,67.89636060989888,67.8955,train
15244,30.01608328321608,29.999294,train
2323,3.502050506320055,3.4709392,train
9570,16.782179300601353,16.785383,train
19226,9.836238956961564,9.835645,train
9956,11.889272275091988,11.88364,train
14828,23.294840559906373,23.304306,train
4835,2.746990607590344,2.7282565,train
16342,10.054760377014018,10.0338745,train
15347,6.808194080929191,6.7960944,train
14019,17.20685403521417,17.19597,train
19065,14.38467919456088,14.366171,train
7882,29.82551748295141,29.80169,train
7728,50.45184574770483,50.46224,train
16858,2.734408842652395,2.6999004,train
11226,72.07212707241956,72.14665,train
5972,47.083801566741634,47.103848,train
11426,2.737464523455676,2.704663,train
8477,35.91032086682111,35.91801,train
14772,8.312917138020815,8.30615,train
2144,4.409853122987917,4.4143095,train
13954,4.470717032155693,4.46752,train
7464,19.73176517827855,19.72883,train
9036,26.67851046560988,26.686874,train
18608,3.463800375958302,3.4519484,train
8754,5.514802829383529,5.5079813,train
17676,6.724970617606346,6.7082076,train
8709,59.77527993292279,59.801567,train
16224,34.92825313274316,34.925232,train
12600,3.41341184478,3.3965993,train
3840,46.87175141117033,46.878353,train
4219,52.86517090270329,52.872925,train
1062,19.22617209418738,19.219727,train
12346,41.43326211334096,41.437637,train
5610,60.2862913044289,60.317253,train
14037,20.2127881503318,20.199963,train
1124,44.710494378692566,44.71136,train
7762,3.380822196050792,3.365868,train
15492,69.62951130712035,69.60871,train
3761,14.375851944553288,14.376297,train
4487,6.57997968013165,6.565511,train
11448,4.417284206021883,4.419855,train
5391,45.219210934851226,45.22146,train
17607,52.37163578790875,52.3544,train
1033,11.6582331871555,11.651132,train
881,22.702878807333576,22.7069,train
17770,30.70077920221167,30.692284,train
6967,58.33205390993229,58.293846,train
13742,2.644782439096441,2.6111813,train
985,4.278760703141022,4.268175,train
2873,50.49155592474484,50.508896,train
13898,38.91422234320085,38.932297,train
1132,50.68935151842295,50.69026,train
14007,12.218588363439878,12.207088,train
8386,8.311883690182274,8.296554,train
1438,16.382666477994622,16.37605,train
10362,16.976216926803463,16.953138,train
12558,45.65432120610436,45.666935,train
6981,67.17088418273241,67.090385,train
10770,26.32861172301684,26.322392,train
16390,23.25336207171222,23.245512,train
15614,23.33028065288677,23.32977,train
13302,29.905179728039577,29.902279,train
12162,46.75018976133836,46.74345,train
400,4.359795574456207,4.3617477,train
4564,22.41025335211663,22.398903,train
197,2.638036185786238,2.6109285,train
991,5.335720143245309,5.320796,train
12510,26.43700258485752,26.417807,train
4945,23.310450760456497,23.312132,train
19170,2.6801950720210863,2.6680472,train
16671,2.735260556130954,2.7048743,train
4984,41.02699155008549,41.038754,train
12005,2.747714224807638,2.723718,train
9983,16.721996390550526,16.718254,train
2428,27.03330955369092,27.016745,train
3769,16.994828604075785,16.99043,train
8444,23.29880260089402,23.301708,train
7656,16.327472020473603,16.325754,train
3234,39.90436918305849,39.943798,train
5292,9.79900845287837,9.786478,train
6542,34.37603090635952,34.377537,train
884,22.702878807333576,22.700314,train
4093,6.747715524421623,6.738632,train
5012,53.1257604450006,53.15522,train
12382,69.99571630851217,70.003784,train
11069,5.551136481422364,5.5450144,train
13706,39.89246368341727,39.90844,train
10870,5.575802753031455,5.5666823,train
9832,40.07151118070172,40.090504,train
7847,19.1358779335232,19.148148,train
15610,23.33028065288677,23.336065,train
9620,35.35020546101045,35.347023,train
4806,52.0705342243224,52.07753,train
16503,4.262151865053322,4.2513375,train
12563,51.84994986020546,51.871815,train
13915,50.13120527614953,50.161198,train
16347,10.054760377014018,10.033368,train
15051,36.41918774557975,36.45533,train
3022,30.28327140942746,30.279858,train
13029,8.406208198149583,8.400886,train
9929,6.708523927938943,6.6887007,train
16003,23.60852531144856,23.587326,train
4114,9.970797327562025,9.983942,train
3568,14.01251976380764,14.014188,train
12885,17.20794229838949,17.192078,train
653,11.932725734814856,11.929968,train
16420,35.77354654999463,35.747814,train
15214,19.25072546022004,19.257397,train
13371,3.5279843254560563,3.5197196,train
16677,2.735260556130954,2.7128,train
14016,14.551849737231798,14.545187,train
11566,35.80894288502899,35.815643,train
18800,3.4639967086747205,3.4630024,train
2209,16.93107384270255,16.913687,train
7343,54.35424338922613,54.30005,train
10794,34.87447201545137,34.899456,train
11446,4.417284206021883,4.418614,train
8902,60.47364583500093,60.475975,train
2477,53.37235098962706,53.37175,train
14600,11.79410820216684,11.796026,train
17059,3.501616867164235,3.4781754,train
16719,8.292020326117655,8.277793,train
950,58.38596546089347,58.396152,train
16893,5.501513631853724,5.497548,train
11320,13.807606826835338,13.794685,train
14459,30.4057495063976,30.401333,train
8876,41.0803601020278,41.085167,train
5504,14.320139454287412,14.311877,train
3138,8.11832626120918,8.118892,train
30,5.4535370972796615,5.445505,train
17656,4.370879763959018,4.375832,train
16496,3.3793123881317606,3.3698406,train
1784,8.311737250622173,8.296211,train
16247,45.50308508521769,45.546104,train
1925,2.738382492768076,2.7026877,train
10954,27.349685453769364,27.332424,train
8894,53.28163800837392,53.258453,train
9576,16.782179300601353,16.764738,train
960,2.651650512029733,2.6161683,train
18537,35.364527610569084,35.362225,train
6139,33.92870828003857,33.917904,train
12983,2.767950208168843,2.7520385,train
4994,46.75900569244985,46.76907,train
11776,45.47145799138764,45.504913,train
7944,64.35993824723154,64.3764,train
10324,8.30881283239143,8.2884865,train
14763,6.805252055153304,6.7936573,train
14371,6.6550572887681145,6.6390147,train
1324,51.53519422389181,51.531982,train
17660,4.370879763959018,4.3709884,train
3744,12.073126840685235,12.072059,train
14434,19.47358371511247,19.47937,train
17006,35.65752924170458,35.65277,train
19114,31.25807903956796,31.235949,train
2128,3.494199034483809,3.4800363,train
4428,57.234210991288506,57.246136,train
281,16.246482485532077,16.242226,train
1893,46.89344416172968,46.893467,train
15577,14.389077514591778,14.3923025,train
17768,30.70077920221167,30.70089,train
4183,30.923494904816422,30.918837,train
5661,6.804563440257528,6.788241,train
18248,6.728924349168537,6.702721,train
8633,23.023367390923063,23.03904,train
13116,31.594912912840023,31.57336,train
18586,69.12788205050354,69.09294,train
12850,10.179629797544049,10.164004,train
17323,11.930680217392707,11.913018,train
11183,41.44496763084698,41.479023,train
9067,40.46189804120248,40.47729,train
8748,4.420741737162155,4.410416,train
18465,9.944458853458054,9.938025,train
18286,14.205399851176583,14.205671,train
554,52.32557471701267,52.351063,train
16367,14.362716447104814,14.346068,train
13412,8.372357434098713,8.35575,train
3725,8.311869444965327,8.301648,train
5903,20.145233889532307,20.128014,train
4242,68.3567305515318,68.36309,train
14937,5.57738774476359,5.566121,train
15633,31.29151355771038,31.280996,train
9322,5.496595758597001,5.488366,train
2600,19.4656638962172,19.469707,train
394,3.454105572222532,3.4610746,train
9272,53.38895976724034,53.42131,train
7088,19.928197397033564,19.919306,train
8108,45.29318866042374,45.30246,train
2906,4.315626700837154,4.307057,train
2502,2.679937679461942,2.6591115,train
3460,49.59532874711015,49.654938,train
12344,41.43326211334096,41.447617,train
13704,39.89246368341727,39.91117,train
5756,35.88445310346767,35.90334,train
8035,14.029125772265932,14.019004,train
3243,45.46525692745161,45.504932,train
7581,4.26638485919936,4.2626514,train
19136,46.95201648165615,46.9902,train
16698,5.5040689464134,5.5006614,train
15325,4.422206476250763,4.4266157,train
12477,14.089571891047656,14.087025,train
6610,3.463494104363132,3.463098,train
13281,22.371217342856696,22.369995,train
2522,4.32526132233661,4.314507,train
1009,6.581067824773221,6.564621,train
2004,14.387754447899486,14.376062,train
13088,20.19050088478762,20.168947,train
9392,19.881223193832128,19.875166,train
3562,11.77393419104924,11.769673,train
8863,35.88878196221561,35.906094,train
17319,11.930680217392707,11.916297,train
8611,16.800995435851572,16.792904,train
18140,25.99103057566703,25.982008,train
9660,59.32496723193529,59.379166,train
16182,16.594025166408024,16.575344,train
8917,2.708548541881171,2.6765726,train
11813,2.6798483480542923,2.67078,train
5778,46.84485270238342,46.836716,train
18372,46.14505775094848,46.131603,train
11635,4.325556458596122,4.3232646,train
9494,3.463823607534496,3.4555175,train
9267,46.91882917131666,46.942703,train
8261,26.89784900823696,26.900715,train
19344,58.679753158553325,58.68866,train
14447,26.349780468771147,26.347366,train
14170,6.883609052061724,6.8637877,train
1572,5.453602047597056,5.452129,train
17578,35.36490466801548,35.371964,train
13463,20.094229640614827,20.092113,train
11261,4.261977186901441,4.2655425,train
15245,30.01608328321608,29.99616,train
14690,45.43117938693548,45.449497,train
7217,6.882918890234676,6.86063,train
697,23.00089186344432,23.00051,train
2822,25.92904785667398,25.92244,train
11671,8.12733854043814,8.133575,train
3299,3.351284363884982,3.3385887,train
8794,12.074145480171024,12.070572,train
3076,65.62438510253718,65.694084,train
11885,11.79434716865068,11.797218,train
11751,30.401595341860737,30.396065,train
2819,25.92904785667398,25.915882,train
2183,10.026963990373934,10.019326,train
16039,41.74918116335162,41.747696,train
2458,41.09651086281495,41.10807,train
4576,29.95803161391567,29.966415,train
8022,11.788693240324047,11.784638,train
4475,4.278170829014148,4.2833962,train
7733,50.45184574770483,50.478027,train
9171,12.07673973791194,12.071196,train
7050,10.054219373436398,10.035782,train
8640,23.023367390923063,23.001057,train
15328,4.422206476250763,4.4203176,train
1391,6.58055325043692,6.5635467,train
12624,5.366975558868218,5.360131,train
9902,3.456467117367241,3.459872,train
8112,45.29318866042374,45.283318,train
18787,2.7087326854893243,2.6844594,train
17150,19.9701531296528,19.976994,train
577,67.32475685095926,67.265724,train
701,26.688065851348075,26.686089,train
11136,20.09302271518608,20.096327,train
2179,10.026963990373934,10.009714,train
5034,3.482284363766976,3.4648228,train
17734,16.7632499918992,16.747406,train
10905,12.210195184882402,12.208047,train
16197,22.721509220154857,22.73658,train
16591,22.24119659609466,22.22053,train
4250,2.651586277786812,2.6386168,train
6910,26.32470590913753,26.311377,train
1524,50.632492434613184,50.626713,train
8149,3.4843811294887512,3.4712012,train
14696,45.43117938693548,45.456284,train
14956,6.882678254863746,6.865953,train
7177,2.7683920640794635,2.7324748,train
13403,6.854252064921547,6.84305,train
2161,6.78451665768644,6.7618055,train
17074,4.420624805467105,4.4186597,train
4906,12.095411676309684,12.08956,train
17735,16.7632499918992,16.746157,train
17527,16.785893348112623,16.780535,train
12223,5.543782443503579,5.5210757,train
18342,30.80004244295742,30.791275,train
4006,35.5219442548973,35.531193,train
9852,51.93137190718903,51.948452,train
5601,53.083073628243376,53.078735,train
18612,3.463800375958302,3.4562137,train
3102,3.423404863251978,3.4222727,train
14493,45.49573519133895,45.521404,train
15757,10.177968045211644,10.168488,train
5091,9.984112810960296,9.969107,train
12796,2.768265193898514,2.7371926,train
18302,16.788713564476186,16.781376,train
4949,23.310450760456497,23.313414,train
10968,31.58388320152769,31.568949,train
1103,34.3941157281528,34.39517,train
7473,23.02829685536476,23.027784,train
7807,9.680210315185294,9.664978,train
3297,3.351284363884982,3.3390014,train
7438,14.216293823765389,14.21426,train
15226,22.446042861648767,22.434715,train
15383,14.39267504443449,14.392279,train
5374,39.71379883087487,39.744907,train
5678,10.060629531796687,10.039448,train
16977,23.177095686414493,23.143494,train
14168,5.577922372128996,5.5668116,train
6738,35.33233108400391,35.32739,train
12517,26.43700258485752,26.412706,train
15537,6.807568748079518,6.7914286,train
2221,19.88098601288324,19.866869,train
7932,57.0491840684996,57.06139,train
14006,12.218588363439878,12.206894,train
15823,27.41039487101252,27.388536,train
18838,8.218139021218338,8.211893,train
13114,31.594912912840023,31.586557,train
18176,44.71510459444544,44.721817,train
12640,8.077368205409602,8.073577,train
15930,6.882495340379882,6.8725963,train
14265,31.654038807109423,31.646482,train
4048,59.47852455783562,59.531647,train
11954,34.89162430796332,34.904263,train
5660,6.804563440257528,6.786824,train
1129,44.710494378692566,44.712173,train
16374,16.975095666791052,16.951048,train
4624,50.6502714684406,50.655666,train
14730,3.5021532227900267,3.4822173,train
10371,19.93098414733021,19.933525,train
15,3.4636882360122017,3.4529452,train
16593,22.24119659609466,22.21692,train
17097,8.313108372950806,8.302244,train
16254,51.67042053675918,51.657867,train
3037,39.739221698239575,39.770046,train
16788,26.941092065428904,26.9389,train
19332,51.770522643149945,51.76501,train
11213,61.33610401823559,61.391747,train
15516,4.421979616157388,4.4112535,train
17037,52.83214409813406,52.840668,train
16141,8.128037751397795,8.138969,train
4221,52.86517090270329,52.86953,train
11015,61.258341102147,61.29142,train
8290,40.90966709664708,40.924088,train
15831,31.67416237977404,31.662392,train
4979,35.86361365671431,35.868828,train
9863,58.91676567489441,58.977005,train
16529,7.991658777584205,7.983083,train
11076,6.849328056400946,6.8449826,train
640,9.94505395806381,9.938979,train
1395,6.58055325043692,6.564447,train
8722,2.737993099504657,2.6955044,train
5191,46.34706934099864,46.381943,train
2185,12.031218109653784,12.0181465,train
11556,31.15051328428412,31.146727,train
10023,30.66064099070706,30.657967,train
4051,59.47852455783562,59.52136,train
15951,10.17971768776932,10.17444,train
13709,45.43106480404264,45.461563,train
5618,2.7379345908003714,2.6913965,train
11803,66.12146250407682,66.18076,train
2395,16.991842928224937,16.981384,train
1803,12.072944498264157,12.072479,train
9337,6.78172447637919,6.7585473,train
9904,3.456467117367241,3.4592054,train
15404,19.991138872081702,19.994692,train
2307,2.7382564811417,2.688136,train
13123,36.32120693621686,36.320477,train
12541,40.0707569732276,40.096603,train
2279,46.6860010069887,46.71142,train
7207,5.577536607686025,5.5608687,train
5395,51.312490421608985,51.303135,train
1261,22.674852098493925,22.677786,train
10348,14.363379473798012,14.358818,train
3390,18.89356732814083,18.894056,train
19330,45.57162708262807,45.61003,train
9853,51.93137190718903,51.94766,train
13295,25.934075732722288,25.924381,train
14246,23.599740087936286,23.594719,train
11901,14.037530046339258,14.029472,train
3249,45.46525692745161,45.491913,train
13276,19.187069571677124,19.173954,train
17923,16.764656649063088,16.745361,train
18381,52.43731922756592,52.4101,train
19197,5.395561287836819,5.4048653,train
7182,2.7683920640794635,2.7367222,train
6310,22.364204361014004,22.35758,train
17817,58.88803969411615,58.919292,train
16543,9.66304530984486,9.652927,train
18745,35.366800835510126,35.373283,train
18688,16.78281810679832,16.776775,train
8500,46.91688292382029,46.917614,train
7623,9.688448573591964,9.686739,train
2532,5.394350144315574,5.392341,train
13971,6.883216649120083,6.8675466,train
12161,41.021553499258864,41.026844,train
16437,40.922141487373246,40.92923,train
15868,54.36650330189079,54.31908,train
16838,53.15028777358014,53.140667,train
9587,19.70058182936315,19.68404,train
12992,3.540287262174207,3.5192406,train
11496,12.051421583783052,12.050021,train
706,26.688065851348075,26.676987,train
12559,45.65432120610436,45.67172,train
9178,12.07673973791194,12.067839,train
1273,26.300006863997687,26.295895,train
8015,9.828074709524572,9.812579,train
15977,17.210299148184202,17.195774,train
1064,19.22617209418738,19.216843,train
13519,47.17017381468497,47.196804,train
11610,60.48252589130836,60.519596,train
55,8.217705052587275,8.195727,train
9415,26.92943166856057,26.931961,train
16924,10.026905416193513,10.016872,train
14983,12.216826866795364,12.203921,train
16915,8.287053435739782,8.283879,train
17540,19.705616141502567,19.697876,train
12479,14.089571891047656,14.082752,train
12468,11.838944147065492,11.838209,train
5580,40.904849512781546,40.913815,train
5755,35.88445310346767,35.91029,train
11194,47.32179431110334,47.330204,train
11898,14.037530046339258,14.029542,train
109,19.707799831398216,19.692696,train
1497,34.373369495591966,34.38569,train
9476,60.226012960931534,60.278606,train
906,30.38076056729905,30.36063,train
9898,3.456467117367241,3.4591117,train
11668,8.12733854043814,8.125544,train
18374,46.14505775094848,46.146072,train
8694,52.64965762237454,52.632645,train
14879,46.903861444194575,46.91431,train
6660,9.94196623369888,9.939746,train
17131,14.380999826435913,14.373675,train
1239,16.561946987273465,16.560534,train
1088,25.98963110205024,25.972702,train
4552,19.22027700345554,19.198494,train
6041,6.515116916565186,6.502662,train
578,67.32475685095926,67.265366,train
17329,14.203174694797369,14.202496,train
10884,8.405428734690727,8.395995,train
6683,16.779063203990013,16.783842,train
4898,10.081084989122813,10.074688,train
11061,4.450109834123621,4.4357157,train
14650,26.33557838360004,26.339499,train
14425,16.59101007063037,16.573433,train
15627,31.29151355771038,31.284397,train
5239,3.4168923322826146,3.4275753,train
12355,47.3150321406427,47.321377,train
2513,3.4268652011358185,3.4219306,train
2236,26.930729823540588,26.93473,train
10119,6.626577584173653,6.6106067,train
2685,67.38521281421959,67.44579,train
2844,34.29895562539627,34.297543,train
18763,46.12097172526919,46.122646,train
1345,66.02221833454253,66.10613,train
16869,3.495817832919528,3.4806554,train
1502,39.26522597200145,39.28043,train
7196,4.470603427337951,4.457016,train
1873,35.90028728486981,35.90121,train
12949,47.69190762553954,47.694607,train
6,2.708496180126906,2.6772304,train
16288,2.7377288519874936,2.7119641,train
6501,19.21179116646248,19.210264,train
17341,16.786680857916362,16.776321,train
16432,40.922141487373246,40.933243,train
10452,60.17810455334465,60.23333,train
5024,2.724110359405115,2.6898549,train
367,50.08211640315393,50.106716,train
14996,14.549398523998969,14.538612,train
8245,23.17079121356761,23.181421,train
9143,6.806128834794942,6.794611,train
13537,53.65683209525948,53.67475,train
16076,72.41985765723174,72.43535,train
3252,45.46525692745161,45.50443,train
3583,19.43015220231093,19.431734,train
10060,52.15715096411118,52.16384,train
6865,14.034669683999034,14.0362,train
381,2.7012125572626595,2.6669352,train
569,59.35647455954896,59.439426,train
17819,58.88803969411615,58.926277,train
140,35.37584389295486,35.39865,train
758,52.45458031839896,52.468887,train
2953,9.807070250141807,9.791043,train
10751,19.46353380004629,19.457775,train
5137,23.077107649980203,23.071697,train
535,40.377631829733055,40.401196,train
7042,8.30809612507781,8.294996,train
16790,26.941092065428904,26.94093,train
16817,35.76074998538454,35.759453,train
16071,61.79860533418504,61.820274,train
14063,31.66739204088522,31.660116,train
15974,14.553769504292417,14.548092,train
1111,39.29411433263528,39.32219,train
7590,5.319759895863683,5.3218646,train
18648,8.217141392562914,8.212612,train
8796,12.074145480171024,12.069321,train
13316,34.31631204776647,34.32135,train
14959,8.408610267261812,8.395809,train
5669,8.312271261293663,8.296786,train
922,39.88665824677827,39.904125,train
18099,13.872643591503794,13.868109,train
2352,6.804775027058632,6.790376,train
10718,11.79324820860778,11.793574,train
18692,16.78281810679832,16.765514,train
18288,14.205399851176583,14.205904,train
4279,5.33546376019055,5.3353434,train
7674,22.33235177416136,22.34117,train
17983,40.29987785141369,40.30984,train
15840,36.43893022647474,36.453705,train
833,9.830335858754546,9.820123,train
1690,40.475617925384974,40.479916,train
7493,30.85854490144682,30.857126,train
17679,6.724970617606346,6.7053328,train
1725,59.44294578668329,59.4787,train
10728,14.03594200855455,14.044414,train
12409,3.4442629704971943,3.442709,train
16041,41.74918116335162,41.75569,train
13899,44.2513224587667,44.2687,train
4498,8.034000431580742,8.028598,train
3019,30.28327140942746,30.287603,train
18400,2.7086994826902444,2.6973188,train
4041,52.52433965725746,52.538273,train
16656,50.13120527614953,50.160206,train
15978,17.210299148184202,17.197203,train
12377,61.348509793807175,61.370728,train
134,30.79391023212975,30.796751,train
18054,5.335830758238897,5.3311076,train
3600,22.66280409992268,22.665525,train
16756,14.332007468744225,14.325267,train
6960,51.52964590670513,51.51973,train
16435,40.922141487373246,40.930782,train
10920,14.539623170982962,14.537483,train
575,67.32475685095926,67.25207,train
4341,16.383842618628933,16.374357,train
14815,16.99476765856894,16.97744,train
2265,40.923614122445166,40.94212,train
16951,16.921500106917048,16.911825,train
16990,31.03775157836372,31.013897,train
5260,5.377687186849471,5.3767767,train
17903,11.92108481279417,11.910619,train
18501,19.70503641990049,19.6993,train
12288,17.09144859211879,17.03534,train
17312,9.943417259271168,9.925458,train
4315,9.719544483530507,9.695171,train
17035,52.83214409813406,52.82692,train
6897,22.69865017075573,22.692375,train
6049,7.952605880418686,7.950263,train
16358,14.362716447104814,14.359842,train
1759,5.514289169113654,5.514,train
17758,26.612189407349323,26.6199,train
6954,51.52964590670513,51.52835,train
10893,10.173935357807435,10.169307,train
14915,2.7683636783075363,2.7310205,train
18368,46.14505775094848,46.131912,train
12882,17.20794229838949,17.205143,train
15728,5.576457565869874,5.5616035,train
10846,3.540107142975788,3.517134,train
13745,2.644782439096441,2.612178,train
12390,2.694570254438588,2.677735,train
18230,4.3726082383321,4.375558,train
18817,5.45397953162337,5.4505467,train
1862,31.22906731708881,31.205332,train
1443,16.382666477994622,16.375986,train
14309,61.61955390616471,61.607464,train
5867,10.16471814241218,10.137985,train
17765,26.612189407349323,26.619774,train
14846,27.03929577006274,27.008196,train
7617,9.688448573591964,9.68723,train
11372,29.808515986958906,29.795519,train
4002,30.932355683209444,30.928972,train
16922,10.026905416193513,10.019205,train
6754,46.0352372303975,46.03976,train
6902,22.69865017075573,22.685814,train
15723,4.4696908100697,4.452843,train
16153,11.798335755610244,11.802488,train
3546,9.81528707680252,9.806159,train
147,35.37584389295486,35.39695,train
12550,45.65432120610436,45.668438,train
16344,10.054760377014018,10.039574,train
3709,5.514361958659131,5.51793,train
7748,2.645134884017069,2.602938,train
10285,4.420015738497578,4.421404,train
12752,45.0442584732151,45.062675,train
13719,51.56480717094732,51.55669,train
2781,13.84736991148162,13.837683,train
11067,5.551136481422364,5.5483627,train
9259,41.120805074128185,41.126305,train
12936,36.43606370816161,36.42496,train
11416,56.87545981746262,56.896523,train
2665,51.57301685156738,51.569817,train
9348,8.28367776832649,8.277178,train
11447,4.417284206021883,4.4204082,train
13995,10.179724723010924,10.165609,train
704,26.688065851348075,26.68089,train
13407,6.854252064921547,6.8427753,train
8171,5.486112696540107,5.4743743,train
17015,40.79274201265735,40.798134,train
4226,60.08034820513094,60.137623,train
17697,9.936827424934425,9.933455,train
11379,34.20023201897286,34.197914,train
2067,41.228599801046094,41.23935,train
1663,26.67828808587088,26.672848,train
10419,40.950632724160805,40.96708,train
3770,16.994828604075785,16.988453,train
298,19.05581652042869,19.05084,train
5143,26.77632081570378,26.773026,train
12574,58.7445336701217,58.77316,train
731,40.49585337594807,40.520847,train
17286,6.727493680206459,6.7016335,train
4572,25.979645064492203,25.965897,train
19300,30.43629700593164,30.434765,train
13760,4.262151865053322,4.250663,train
18062,6.581219445434478,6.565914,train
3277,66.23324544059561,66.36163,train
18266,9.945409981647147,9.939229,train
14545,3.426691556928463,3.4350142,train
2340,5.514992905648285,5.500795,train
2991,19.41002101524697,19.401594,train
17956,30.706189705368445,30.708574,train
11832,4.325138898516199,4.3295236,train
12085,14.40077247257583,14.399514,train
9094,59.34616574424854,59.362476,train
10820,51.50778410422704,51.49057,train
7347,54.35424338922613,54.316673,train
7375,3.464617385374871,3.4710083,train
2895,3.419483384994477,3.4176924,train
11414,56.87545981746262,56.873734,train
17401,40.49806291082581,40.49359,train
1218,11.776863732605358,11.783638,train
4072,4.386973801580494,4.399384,train
16509,5.311987077548214,5.306803,train
2401,16.991842928224937,16.978216,train
13796,7.991658777584205,7.987402,train
19048,12.079904523944911,12.070663,train
17127,14.380999826435913,14.379224,train
10754,19.46353380004629,19.460257,train
15373,12.085016051450117,12.0896,train
8942,5.453665289542088,5.4435453,train
16518,6.548365309251103,6.5362167,train
13819,13.778863574118942,13.762437,train
11368,29.808515986958906,29.797728,train
7714,39.12378051575852,39.126892,train
18527,30.785227753268504,30.773438,train
3075,65.62438510253718,65.6704,train
18517,26.672941236077136,26.677935,train
2607,22.70525476986539,22.704922,train
2883,57.02672548940503,57.038513,train
18821,5.45397953162337,5.454258,train
2807,22.369427249904778,22.364721,train
1709,52.42578981420947,52.394817,train
3609,26.28315548393333,26.285389,train
4847,3.512466552564748,3.5016425,train
16531,7.991658777584205,7.9850173,train
72,11.931649537355048,11.919181,train
13496,31.42927549874927,31.399727,train
13203,5.326598425315098,5.317508,train
5630,3.501669900886744,3.475759,train
10693,6.653802197580005,6.6419272,train
12893,20.21466243626813,20.22251,train
11304,11.605420343427122,11.599471,train
3993,30.932355683209444,30.933823,train
5699,14.376227157580578,14.373732,train
9723,6.673618911012023,6.656852,train
14886,46.903861444194575,46.911575,train
9645,46.07701349970316,46.08293,train
19124,35.936713537831565,35.924213,train
4128,14.24193006517389,14.254222,train
4631,57.23416600632674,57.225964,train
1407,8.034673285745228,8.028399,train
4910,12.095411676309684,12.089958,train
11998,58.383328200967206,58.413376,train
14724,2.7383123632887343,2.7086759,train
5075,8.252189973008186,8.23919,train
12168,46.75018976133836,46.730656,train
1973,8.315945242318033,8.324223,train
1727,59.44294578668329,59.496395,train
3722,6.804226295927448,6.800333,train
9331,6.78172447637919,6.7598944,train
10380,23.256887193847927,23.258558,train
14420,16.59101007063037,16.581474,train
7635,11.61873064567914,11.61648,train
2226,23.203419579996773,23.20223,train
10638,56.575095478324506,56.54825,train
10180,19.36078596408515,19.347353,train
17801,45.87191982389491,45.861515,train
5140,23.077107649980203,23.067743,train
14278,36.40169482099516,36.396275,train
16452,52.98386526528585,53.011284,train
5872,10.16471814241218,10.137465,train
1754,4.420360932898184,4.424957,train
12945,41.752818862431866,41.75149,train
12432,6.682441392799568,6.665507,train
17877,8.212995549639128,8.200661,train
11918,19.466938902709447,19.455297,train
5149,26.77632081570378,26.765032,train
6463,11.648849602331245,11.649772,train
4435,57.234210991288506,57.264484,train
14928,4.470514372954189,4.4643426,train
11455,5.50905772904389,5.512951,train
12697,19.318732370889105,19.322456,train
6461,9.712521283134864,9.7004175,train
17535,16.785893348112623,16.761703,train
13367,2.7587097236128133,2.7520287,train
1708,52.42578981420947,52.406654,train
13045,10.175014144779013,10.170196,train
6231,5.324322298836763,5.30978,train
5421,67.36262373893229,67.32866,train
3643,45.32571236254361,45.33952,train
7010,4.41963148757761,4.4161854,train
16258,51.67042053675918,51.660076,train
3240,39.90436918305849,39.93345,train
13576,4.3255147578110105,4.327142,train
16863,2.734408842652395,2.7031577,train
10569,22.211762950833336,22.205555,train
4676,6.6884233999807385,6.6756434,train
2016,19.981913988137755,19.992615,train
8142,2.724794655337337,2.6907194,train
10289,4.420015738497578,4.417499,train
10074,59.11622057953624,59.181587,train
18981,2.738560394234994,2.72271,train
559,52.32557471701267,52.359573,train
17349,19.708416363432303,19.69739,train
9179,12.07673973791194,12.069402,train
9489,2.7086272166512813,2.7026968,train
2770,11.638505633455669,11.629401,train
11371,29.808515986958906,29.793682,train
6036,6.515116916565186,6.5030184,train
969,2.651650512029733,2.6267898,train
11765,39.920168975630695,39.94866,train
16626,34.079261637555426,34.079002,train
1554,3.4637818082731706,3.4570649,train
11322,13.807606826835338,13.791185,train
4789,40.17730010575605,40.17275,train
98,16.787021655634778,16.77531,train
4133,14.24193006517389,14.242945,train
12806,3.5407926091361697,3.508311,train
17570,30.78585051624797,30.785267,train
1433,13.869585950863724,13.856697,train
18285,11.932861762453696,11.926095,train
8285,40.90966709664708,40.93817,train
18680,14.201083753373222,14.19815,train
343,38.871001689016985,38.88329,train
2966,13.999610748761176,13.992235,train
9654,52.342681818322,52.324078,train
15033,27.39963726697832,27.389225,train
561,59.35647455954896,59.425354,train
14964,8.408610267261812,8.390345,train
4027,46.2647312762206,46.273216,train
4563,22.41025335211663,22.39937,train
6866,14.034669683999034,14.03414,train
4766,30.56104595391632,30.542925,train
12427,5.4184367859103055,5.4228735,train
12284,17.09144859211879,17.058641,train
10061,52.15715096411118,52.160637,train
13324,39.202232131484855,39.21531,train
11904,16.586325238168694,16.583467,train
17487,8.218114223739999,8.202631,train
2110,69.53244384329564,69.46128,train
16928,12.029270151326983,12.020479,train
7795,6.556721947955682,6.5362577,train
4415,44.68377792357072,44.71608,train
12128,27.04577228607741,27.030628,train
5217,67.89636060989888,67.92727,train
12823,5.577448450095398,5.554857,train
18916,30.78317811917148,30.771374,train
9834,40.07151118070172,40.089592,train
13503,36.12481727375171,36.13211,train
9895,3.456467117367241,3.4557867,train
3520,5.385959886305065,5.3882637,train
18444,6.728558482647348,6.7094674,train
2548,8.12609586234306,8.115442,train
1067,19.22617209418738,19.212585,train
3099,3.423404863251978,3.4282308,train
16688,4.413433510170315,4.4084263,train
3341,7.918785017787245,7.918867,train
4718,14.101696676245515,14.098828,train
13046,10.175014144779013,10.171843,train
342,38.871001689016985,38.886684,train
18853,9.94467047086916,9.933857,train
5670,8.312271261293663,8.29747,train
10276,3.501392529624661,3.4909832,train
15804,20.21305286572704,20.186874,train
2441,31.22007476484556,31.202991,train
8141,2.724794655337337,2.699081,train
4969,31.21749104577259,31.1927,train
17586,40.45296757500148,40.47687,train
15284,50.88867128964234,50.89566,train
10588,29.677399564031603,29.679625,train
60,9.944380093437465,9.925577,train
6252,8.01753035314465,8.006974,train
847,11.792452301465284,11.786679,train
5734,27.03688908872464,27.024921,train
1609,11.93114095632098,11.92189,train
2628,30.383161080528925,30.388897,train
7558,2.644517535660832,2.6163647,train
12134,31.21633923942998,31.191479,train
250,9.6469003213132,9.627267,train
9182,14.380230957547736,14.375322,train
18265,8.218564570713069,8.210215,train
8136,2.724794655337337,2.6688342,train
16713,6.789694094218048,6.7731967,train
2204,14.32379971425744,14.312897,train
7903,39.10561494606926,39.130585,train
6646,8.216151225650435,8.203212,train
9264,46.91882917131666,46.93823,train
8404,12.073309697709004,12.061229,train
16401,26.979176255131968,26.960295,train
5600,53.083073628243376,53.082893,train
794,4.324690454952959,4.3205957,train
15592,17.013134627583373,16.989782,train
9374,14.323302676962449,14.317044,train
6955,51.52964590670513,51.515297,train
517,30.71125286382736,30.691895,train
16963,19.86458286546309,19.846928,train
13168,61.3181520474562,61.342464,train
4324,11.65698187200393,11.633694,train
18225,3.4639925588980818,3.4623191,train
7148,46.63300306965911,46.62386,train
17092,6.804951600960687,6.7908297,train
3977,23.11250514594009,23.098574,train
13405,6.854252064921547,6.8425236,train
3723,8.311869444965327,8.302807,train
9325,5.496595758597001,5.491207,train
6618,4.371844330934983,4.375361,train
1892,46.89344416172968,46.89399,train
10997,47.41285060588126,47.405552,train
4286,6.580677782982555,6.5696497,train
17056,2.737863669082239,2.721201,train
17406,46.16869260004919,46.177303,train
17890,9.937271543072656,9.931079,train
17333,14.203174694797369,14.1971855,train
466,14.160952427235628,14.162837,train
5550,26.92088192163529,26.90262,train
17755,22.94705567893216,22.946302,train
11454,5.50905772904389,5.5118003,train
9167,10.063141507813375,10.048052,train
12327,31.442471381136336,31.416168,train
4629,57.23416600632674,57.216,train
921,39.88665824677827,39.910213,train
15486,69.62951130712035,69.61214,train
15138,5.355787833397262,5.3526683,train
6224,5.324322298836763,5.309795,train
124,26.67923888964828,26.684284,train
11182,36.179433085059785,36.18234,train
8379,6.8042238089487,6.799759,train
1558,4.372281870616634,4.368868,train
11684,11.79687784031292,11.792878,train
17432,59.51701362971379,59.570038,train
18933,35.360660553701905,35.35715,train
6559,44.69786999759816,44.71095,train
9571,16.782179300601353,16.78408,train
14692,45.43117938693548,45.45465,train
3891,4.404761854709105,4.4037848,train
2850,39.17395137784385,39.18543,train
3986,26.8078158500896,26.801617,train
10748,19.46353380004629,19.4566,train
8378,6.8042238089487,6.797404,train
15679,60.92498701194428,60.95584,train
4803,52.0705342243224,52.084534,train
12004,2.747714224807638,2.7214165,train
8555,5.4550261345133375,5.4525433,train
11748,30.401595341860737,30.408062,train
6804,4.325080681999751,4.3200254,train
13754,3.3793123881317606,3.3692155,train
13351,57.13312231443475,57.14859,train
16030,36.43845598684842,36.443336,train
14045,23.60115230987814,23.605999,train
19098,27.06434035111792,27.052809,train
19186,4.326005709231165,4.326163,train
9,2.708496180126906,2.6805508,train
11873,9.831813640027464,9.822783,train
7721,44.509460478962495,44.50652,train
17365,22.99733939796085,23.006525,train
11387,39.06249052486637,39.08002,train
2014,17.011685864509637,16.984493,train
1340,66.02221833454253,66.072815,train
7993,6.652641962105018,6.6358175,train
2605,22.70525476986539,22.71307,train
17165,23.313702792405124,23.300209,train
11541,23.241277487894493,23.221136,train
13500,36.12481727375171,36.13492,train
16216,30.4128793766057,30.429533,train
4616,50.6502714684406,50.655003,train
2780,13.84736991148162,13.839739,train
11239,2.641945369529067,2.622289,train
13665,22.709573149294464,22.715181,train
6649,8.216151225650435,8.205402,train
14807,16.99476765856894,16.993841,train
16275,66.22984607694808,66.32382,train
7861,22.310875021117354,22.323833,train
5123,19.77808294115797,19.771059,train
8728,2.737993099504657,2.7043564,train
18747,40.46160991887188,40.487717,train
3919,8.272005847991887,8.264521,train
1278,30.346263497491044,30.353992,train
14850,31.227174480005047,31.216991,train
9430,31.094593388139582,31.068306,train
11062,4.450109834123621,4.4339027,train
8869,35.88878196221561,35.879776,train
8797,12.074145480171024,12.073237,train
4545,16.381900654578118,16.364035,train
4011,35.5219442548973,35.543293,train
7740,57.00609702090252,57.002052,train
10700,8.12551687206948,8.126885,train
6514,25.97233068144464,25.949238,train
9798,26.408709661995704,26.376408,train
18340,30.80004244295742,30.787195,train
14838,27.03929577006274,27.02939,train
19321,45.57162708262807,45.58932,train
13648,16.58837265322754,16.576723,train
9877,78.58062096349295,78.57573,train
8658,30.85164903067275,30.825394,train
11334,19.13154039787541,19.126589,train
16204,26.35585423252835,26.361012,train
13048,10.175014144779013,10.174879,train
759,52.45458031839896,52.491074,train
13651,19.46926318075209,19.46974,train
18096,13.872643591503794,13.869375,train
6148,38.73958632268193,38.74121,train
18018,2.6516876145608954,2.6151903,train
9218,23.303793572059423,23.31477,train
3561,11.77393419104924,11.770937,train
15045,31.65924439632516,31.650208,train
14279,41.69401750937428,41.700417,train
19243,14.046750508132789,14.04957,train
13446,14.476766518685231,14.461494,train
5480,8.284601351130672,8.261543,train
923,39.88665824677827,39.899673,train
14560,5.394117115004909,5.3995953,train
12137,31.21633923942998,31.190672,train
1327,51.53519422389181,51.54445,train
14612,14.037250335162268,14.036772,train
6767,52.27633791022582,52.28937,train
10162,13.968429281710575,13.951022,train
16734,10.033777273871753,10.014695,train
5713,19.95776418992861,19.968678,train
4653,4.350664419800507,4.343676,train
5169,35.51833588723952,35.513153,train
16161,11.798335755610244,11.81513,train
973,3.3903798459312364,3.3899043,train
19272,22.732934390418883,22.75072,train
7522,46.30064389565297,46.29932,train
9458,46.65423333440259,46.652912,train
18170,39.29750380942426,39.316288,train
11551,26.9749273266716,26.962742,train
4763,30.56104595391632,30.559668,train
8503,53.388393832045885,53.397224,train
12512,26.43700258485752,26.419458,train
9340,6.78172447637919,6.755695,train
961,2.651650512029733,2.6186168,train
7209,5.577536607686025,5.556404,train
6720,26.65648540709704,26.639359,train
13749,3.3793123881317606,3.371741,train
14771,8.312917138020815,8.307037,train
6951,45.40005775796602,45.420418,train
80,14.203979076475648,14.201439,train
6602,2.708393370963044,2.6991174,train
10153,11.738895074972726,11.7258625,train
9553,11.92977143625582,11.925327,train
3306,4.225821220586322,4.2151566,train
7570,3.3809129575406835,3.3826497,train
11937,26.33615265794538,26.333876,train
11880,9.831813640027464,9.82258,train
11438,3.500004551362066,3.4863071,train
12760,51.12835088120414,51.163605,train
10139,9.787552015034205,9.7744465,train
2111,69.53244384329564,69.463806,train
4734,19.55952737168782,19.568426,train
4354,19.2225458757848,19.21256,train
9937,8.191759386175578,8.176691,train
11084,8.3667163290534,8.35942,train
2396,16.991842928224937,16.98412,train
14056,27.406470161859204,27.382797,train
12367,53.90261300771889,53.929874,train
2372,10.060056068752283,10.037448,train
7340,47.68795789657455,47.698708,train
16314,5.513266485740743,5.5039816,train
17185,31.265853211056445,31.24091,train
5719,19.95776418992861,19.965145,train
5799,60.4524910654573,60.470543,train
18969,59.33095836964852,59.37014,train
4637,2.698582685784035,2.6547668,train
13288,22.371217342856696,22.37369,train
3316,5.265575656743408,5.262792,train
16931,12.029270151326983,12.026202,train
7406,6.7312422111754735,6.7364836,train
4466,4.278170829014148,4.2792296,train
4330,13.87037488093093,13.849069,train
9421,31.094593388139582,31.089737,train
11258,4.261977186901441,4.2646704,train
8413,14.376280985907911,14.367563,train
12198,2.7529128597477226,2.727922,train
5826,4.46776870342172,4.453581,train
10048,45.911486583232765,45.900314,train
5484,10.024970078805753,10.001949,train
10189,22.57583300924566,22.571285,train
19188,4.326005709231165,4.3268576,train
11897,14.037530046339258,14.030894,train
14530,2.679800903649064,2.6622872,train
16623,34.079261637555426,34.076492,train
5671,8.312271261293663,8.294923,train
13420,10.132586420334118,10.121926,train
5911,20.145233889532307,20.1263,train
17465,4.372541325565833,4.367164,train
7163,60.03762006425522,60.03977,train
12560,51.84994986020546,51.87234,train
4418,50.65171531599499,50.67349,train
17543,19.705616141502567,19.688347,train
4001,30.932355683209444,30.923033,train
3547,9.81528707680252,9.805186,train
7499,35.46645561497126,35.475067,train
2984,16.53977460432429,16.525213,train
15659,47.05238996663752,47.075687,train
10009,26.56615883944172,26.578072,train
18337,30.80004244295742,30.791027,train
17033,52.83214409813406,52.825516,train
9529,6.728058320195319,6.7059855,train
9736,9.855278882312144,9.865952,train
5562,31.086306563780983,31.046717,train
19233,11.800771006819648,11.806981,train
215,4.252862475887518,4.244445,train
7950,2.67966579015312,2.6597586,train
19103,27.06434035111792,27.042269,train
19153,53.42860126107073,53.465267,train
10996,47.41285060588126,47.40123,train
10172,16.50056323151148,16.491411,train
15550,8.316653299183429,8.323048,train
14975,10.178497545054494,10.163174,train
4442,65.42022898601756,65.40904,train
4946,23.310450760456497,23.316475,train
18953,46.08967825335424,46.081566,train
3074,58.09223849449652,58.052578,train
7452,16.804229990923968,16.797405,train
9136,5.515840559625128,5.510183,train
4129,14.24193006517389,14.255022,train
15945,10.17971768776932,10.168043,train
15586,17.013134627583373,17.01181,train
19030,8.31575350674248,8.297397,train
10628,50.09910520621285,50.120052,train
2357,8.312184058059383,8.305936,train
4344,16.383842618628933,16.3691,train
15370,12.085016051450117,12.09721,train
15846,41.75846663066622,41.772034,train
3189,19.45413985890653,19.460096,train
7451,16.804229990923968,16.796444,train
17818,58.88803969411615,58.929775,train
11344,22.304253472901937,22.317421,train
18686,16.78281810679832,16.771002,train
7718,44.509460478962495,44.518047,train
7295,27.40447188443966,27.382608,train
1268,26.300006863997687,26.296576,train
1319,51.53519422389181,51.553516,train
9919,5.43894963587855,5.4467874,train
3333,7.918785017787245,7.91457,train
8471,31.23554448182804,31.215244,train
4317,11.65698187200393,11.637305,train
16910,8.287053435739782,8.282241,train
9614,30.77438685979468,30.756824,train
4617,50.6502714684406,50.648914,train
14197,10.180712630968689,10.178047,train
16093,2.680117357532955,2.668654,train
6228,5.324322298836763,5.3132358,train
16173,16.594025166408024,16.594547,train
4578,29.95803161391567,29.959122,train
7771,4.265302680390501,4.2487283,train
13334,44.60184610371282,44.596336,train
8750,4.420741737162155,4.4112573,train
13212,6.569502868408146,6.551814,train
10662,3.4266316210422736,3.4285414,train
2910,4.315626700837154,4.3107853,train
4321,11.65698187200393,11.634121,train
1011,8.035463672537583,8.028044,train
4368,25.9825189971324,25.976154,train
1360,3.3902555318677594,3.392763,train
2848,39.17395137784385,39.185696,train
2371,10.060056068752283,10.038659,train
3504,4.318728812581711,4.3245955,train
6366,50.57766079976186,50.59854,train
8046,19.44914634232636,19.450108,train
3448,43.7834291345671,43.786396,train
18614,3.463800375958302,3.458081,train
6971,58.33205390993229,58.309433,train
16027,36.43845598684842,36.43928,train
4874,6.821268673764209,6.8001122,train
15969,14.553769504292417,14.553021,train
590,3.463725704281348,3.4585247,train
11441,3.500004551362066,3.4838135,train
939,45.42860296663197,45.435677,train
14099,54.33858922000827,54.303795,train
6862,11.79247674953602,11.791154,train
1672,30.794238912773924,30.776266,train
16733,10.033777273871753,10.01338,train
5849,6.876419054110113,6.84519,train
17345,16.786680857916362,16.765972,train
6208,3.38352670793303,3.375738,train
3935,12.004627192306971,11.986874,train
646,9.94505395806381,9.941912,train
5694,14.376227157580578,14.384839,train
13555,2.6800335776065,2.6641703,train
7948,2.67966579015312,2.65893,train
16164,14.04309586754078,14.039594,train
18705,19.70205587277775,19.672812,train
14240,23.599740087936286,23.60873,train
9459,46.65423333440259,46.66333,train
10570,22.211762950833336,22.205225,train
3065,58.09223849449652,58.086662,train
9923,5.43894963587855,5.442641,train
133,30.79391023212975,30.793167,train
4511,9.718449084165018,9.712133,train
8933,4.372289036882156,4.3640547,train
17267,4.371733988550494,4.3631773,train
14436,19.47358371511247,19.475834,train
5691,12.073580675127207,12.056015,train
9767,16.622454312568223,16.624613,train
512,30.71125286382736,30.707867,train
8492,41.11762382001203,41.12949,train
16761,16.93983299424297,16.927885,train
4257,3.390275518628752,3.3985016,train
5840,5.573218400912195,5.551375,train
2528,5.394350144315574,5.393402,train
18655,8.217141392562914,8.209788,train
2175,10.026963990373934,10.007233,train
1385,5.335391898299586,5.3283744,train
11471,6.796082980187971,6.779984,train
2455,41.09651086281495,41.109158,train
18574,52.3749720779351,52.384647,train
1741,3.501480827341935,3.4942644,train
1610,11.93114095632098,11.923773,train
9861,58.91676567489441,58.95902,train
4101,8.240269386899683,8.255283,train
402,4.359795574456207,4.3585553,train
12434,6.682441392799568,6.6675987,train
14244,23.599740087936286,23.604929,train
4998,46.75900569244985,46.755833,train
9204,19.964625243203816,19.972355,train
10564,19.05443138170404,19.058535,train
4228,60.08034820513094,60.133087,train
11134,20.09302271518608,20.096691,train
5183,46.34706934099864,46.37373,train
8882,46.85373954662278,46.853374,train
6437,6.575749272452735,6.559829,train
8656,30.85164903067275,30.827085,train
3926,10.007610430801112,9.992784,train
5186,46.34706934099864,46.372795,train
11050,3.525244556513579,3.501782,train
17627,69.13749578578044,69.09976,train
12802,3.5407926091361697,3.5092301,train
15168,9.741813509382144,9.742132,train
12071,10.082996455453056,10.075626,train
5960,41.33105793830249,41.339783,train
13131,41.58429061495493,41.59039,train
12758,45.0442584732151,45.055943,train
3953,16.88157840974574,16.864052,train
19164,60.70463346233216,60.74392,train
1182,5.386557878584089,5.3768206,train
529,35.2878499253424,35.266537,train
17999,52.06823645974915,52.086308,train
14895,53.37814339848742,53.412605,train
17153,19.9701531296528,19.96046,train
19292,30.43629700593164,30.435429,train
17282,5.452947367426283,5.437565,train
14473,34.9203027778589,34.93118,train
15200,16.409135926176713,16.406107,train
12155,41.021553499258864,41.02291,train
9944,8.191759386175578,8.176813,train
4017,40.61696131303726,40.623127,train
13467,20.094229640614827,20.081274,train
3416,29.406136662132543,29.411139,train
19246,14.046750508132789,14.053354,train
5611,60.2862913044289,60.32142,train
16018,31.677919987423262,31.666977,train
861,16.583389062837508,16.573353,train
5811,2.767230090921776,2.7263167,train
3788,23.29556930203368,23.304066,train
14349,4.3255825255506535,4.3159566,train
4289,6.580677782982555,6.5675316,train
6844,9.830645370821994,9.8145,train
14891,53.37814339848742,53.392662,train
17532,16.785893348112623,16.77112,train
13393,5.555295080198322,5.5555334,train
8556,5.4550261345133375,5.4554076,train
5838,5.573218400912195,5.555215,train
17032,52.83214409813406,52.827805,train
12777,57.885328857601024,57.931206,train
13292,25.934075732722288,25.919573,train
12345,41.43326211334096,41.43793,train
2620,26.33379102099904,26.328535,train
11068,5.551136481422364,5.5462456,train
17632,69.13749578578044,69.0966,train
12723,30.13641458533303,30.14135,train
16679,3.4970703129535017,3.4777231,train
8309,53.1574764742,53.17428,train
9068,40.46189804120248,40.478462,train
3418,29.406136662132543,29.404545,train
5287,9.79900845287837,9.782828,train
5093,11.977347905672262,11.968123,train
16630,38.91422234320085,38.930904,train
7297,27.40447188443966,27.380535,train
18946,46.08967825335424,46.084576,train
8252,23.17079121356761,23.156248,train
18460,9.944458853458054,9.932223,train
547,46.03373489283661,46.045876,train
1786,8.311737250622173,8.297962,train
10163,13.968429281710575,13.946482,train
8835,23.296083483998068,23.298897,train
680,19.7117369235059,19.708832,train
11312,11.605420343427122,11.599142,train
8104,39.7924248779648,39.800316,train
7652,16.327472020473603,16.326687,train
13584,5.3947431565957125,5.4004784,train
3694,4.420411774772554,4.420224,train
3624,34.8161922893814,34.80196,train
2549,8.12609586234306,8.115237,train
14151,4.470788645696553,4.465242,train
18931,35.360660553701905,35.348083,train
7551,67.89761970766752,67.88401,train
18508,22.9906590256399,23.001408,train
14839,27.03929577006274,27.033081,train
18783,59.43752089678267,59.45559,train
2643,34.888414713296385,34.913605,train
346,38.871001689016985,38.88066,train
8584,9.94908966474634,9.942228,train
13163,61.3181520474562,61.33094,train
18240,5.454086972362974,5.45499,train
349,38.871001689016985,38.884903,train
12218,4.44415686531255,4.4371347,train
9742,9.855278882312144,9.857267,train
4560,22.41025335211663,22.401524,train
7965,3.426427000296305,3.4297895,train
12087,14.40077247257583,14.397112,train
5803,2.767230090921776,2.728718,train
14784,10.061143235452354,10.042274,train
10173,16.50056323151148,16.489414,train
16332,8.308543285499729,8.291029,train
8889,46.85373954662278,46.844753,train
6536,34.37603090635952,34.384594,train
14745,4.421203120369991,4.4107513,train
2704,2.648435565573492,2.6171293,train
11407,50.35340230487312,50.364967,train
17595,40.45296757500148,40.466812,train
15604,19.983325306274804,19.96799,train
3039,39.739221698239575,39.76255,train
4439,65.42022898601756,65.39626,train
7469,23.02829685536476,23.038137,train
15056,36.41918774557975,36.41822,train
2775,13.84736991148162,13.831129,train
13824,13.778863574118942,13.763933,train
408,4.359795574456207,4.3718123,train
10800,39.865925189688106,39.873623,train
1365,3.3902555318677594,3.394848,train
4771,30.56104595391632,30.530579,train
12460,11.838944147065492,11.840823,train
1208,9.8172927105488,9.813294,train
3070,58.09223849449652,58.08118,train
15637,35.98496149414287,35.988552,train
16723,8.292020326117655,8.281278,train
5986,60.54638190248964,60.5568,train
9043,30.792365123361137,30.81184,train
4077,4.386973801580494,4.3788915,train
17197,41.17877762660081,41.189587,train
5559,31.086306563780983,31.058304,train
4385,29.96110459697413,29.955511,train
6801,3.426758363567802,3.428779,train
2101,60.9959267478142,61.009357,train
8615,16.800995435851572,16.79068,train
10147,11.738895074972726,11.723694,train
12958,47.69190762553954,47.708527,train
7586,4.26638485919936,4.26261,train
19014,5.516471991212152,5.506351,train
39,5.4535370972796615,5.450042,train
4514,9.718449084165018,9.71104,train
3999,30.932355683209444,30.920982,train
16439,46.63697301236813,46.647377,train
11503,14.347619590331648,14.347726,train
2996,22.637654651411168,22.628967,train
854,14.035147429874712,14.035182,train
7283,23.59913330619728,23.599152,train
5780,46.84485270238342,46.8324,train
9976,16.721996390550526,16.730482,train
8358,4.420408821409588,4.421411,train
4605,39.27204429585203,39.290894,train
16930,12.029270151326983,12.024016,train
13217,6.569502868408146,6.55457,train
7850,19.1358779335232,19.14584,train
15388,17.01847041526688,17.014507,train
18377,52.43731922756592,52.407536,train
17240,69.31625271328639,69.395096,train
13591,6.654870000813584,6.640349,train
13617,9.832967363274172,9.823517,train
7918,50.46110897663102,50.496227,train
3759,14.375851944553288,14.382945,train
15506,3.502563886701579,3.4842207,train
14932,4.470514372954189,4.459759,train
573,67.32475685095926,67.24618,train
14044,23.60115230987814,23.609331,train
19000,4.42192814563757,4.4126115,train
14100,54.33858922000827,54.28832,train
2927,6.638518499676308,6.614319,train
13025,6.880994922054823,6.8726807,train
5101,11.977347905672262,11.963863,train
13992,10.179724723010924,10.166789,train
3777,19.958089859638896,19.96785,train
793,4.324690454952959,4.3208013,train
16180,16.594025166408024,16.581707,train
16720,8.292020326117655,8.280259,train
12212,4.44415686531255,4.421238,train
12298,20.075484224133127,20.040892,train
11003,53.936249904147175,53.92821,train
6255,9.698315380168223,9.694504,train
15275,44.84250412419234,44.85513,train
8499,46.91688292382029,46.91189,train
4814,59.07508503266062,59.1699,train
6498,19.21179116646248,19.211004,train
14419,16.59101007063037,16.58213,train
7856,22.310875021117354,22.323366,train
11736,26.34777667217677,26.343481,train
9223,27.050315830714485,27.048946,train
8588,9.94908966474634,9.951574,train
1133,50.68935151842295,50.693977,train
9632,40.43433258172351,40.454243,train
5009,53.1257604450006,53.13101,train
6350,39.201777071676965,39.215893,train
8812,16.995957578136125,16.989176,train
11525,19.91349683898619,19.907286,train
3426,33.72652347706163,33.730244,train
16279,66.22984607694808,66.32859,train
15342,6.808194080929191,6.791596,train
15095,61.8777218088416,61.967575,train
17118,12.07640658748618,12.070255,train
1900,53.35263677725449,53.362305,train
1424,11.656463631460475,11.64694,train
13960,5.577725012436253,5.5703564,train
15324,4.422206476250763,4.418363,train
5181,40.64542153266957,40.667408,train
14565,5.394117115004909,5.4037995,train
399,3.454105572222532,3.4555821,train
18749,40.46160991887188,40.472065,train
16494,3.3793123881317606,3.3695042,train
8275,35.72177595241204,35.733627,train
15131,4.297855922649827,4.2924256,train
15360,10.06851284589774,10.071937,train
18672,11.929787983506596,11.928409,train
5114,16.847652107473593,16.833126,train
19236,11.800771006819648,11.815574,train
14239,23.599740087936286,23.607594,train
5643,5.514631754237328,5.497903,train
11986,51.57113925881535,51.559525,train
8545,4.373182703498082,4.3622384,train
16850,60.38601216143688,60.41724,train
19067,17.006257963290253,16.988186,train
6327,29.89913730912132,29.884026,train
12618,4.305663232055972,4.293623,train
15202,16.409135926176713,16.405897,train
2298,60.32380426469487,60.34369,train
13759,4.262151865053322,4.251962,train
12671,13.93828400148196,13.932614,train
5598,53.083073628243376,53.08086,train
8243,23.17079121356761,23.18416,train
6820,5.39405431056156,5.3946,train
5236,3.4168923322826146,3.4263906,train
11864,8.126053948962111,8.125007,train
12012,3.513376022574373,3.5007505,train
12470,14.089571891047656,14.085408,train
12400,3.4442629704971943,3.4423823,train
12616,4.305663232055972,4.292435,train
17078,5.514767643990076,5.501743,train
14962,8.408610267261812,8.388698,train
16083,72.41985765723174,72.385895,train
13223,8.020969874138826,8.01469,train
6662,9.94196623369888,9.940243,train
8878,41.0803601020278,41.073128,train
4918,14.39875625051176,14.390253,train
2024,19.981913988137755,19.972036,train
1174,4.319118723923392,4.3088884,train
1006,6.581067824773221,6.564483,train
15640,35.98496149414287,35.976723,train
4140,16.833783360271415,16.823868,train
16472,70.38744055582808,70.459564,train
7831,13.810238138743603,13.79777,train
6788,2.679876652308808,2.6659536,train
16010,27.415781458912697,27.403128,train
4567,25.979645064492203,25.964516,train
3495,3.421855504666593,3.4258416,train
7395,5.455604810073586,5.4672556,train
6729,30.76232434794344,30.7486,train
3617,30.322765664878062,30.315895,train
2090,53.61430273355695,53.636475,train
16522,6.548365309251103,6.5359426,train
8123,51.3728713854686,51.372326,train
1621,14.20318661328391,14.200293,train
158,40.46693733703246,40.481583,train
16663,56.60134448761165,56.586746,train
7574,3.3809129575406835,3.380968,train
11766,39.920168975630695,39.954002,train
14220,17.20828068303235,17.206398,train
18599,2.7086064111784056,2.678474,train
4125,11.963037936696075,11.972576,train
11971,39.89208467808479,39.896404,train
6690,16.779063203990013,16.77464,train
14311,61.61955390616471,61.616436,train
7509,40.59509796644647,40.623135,train
16250,45.50308508521769,45.547153,train
11238,2.641945369529067,2.6206048,train
16270,58.52927351113426,58.56422,train
15575,14.389077514591778,14.389315,train
3661,51.44204164024564,51.46029,train
8871,41.0803601020278,41.101265,train
2336,5.514992905648285,5.5045605,train
3057,51.33909351317882,51.336773,train
5219,67.89636060989888,67.91839,train
15753,8.407762865675089,8.389077,train
9207,19.964625243203816,19.964893,train
1979,10.066042242569983,10.06951,train
17711,11.920420225393688,11.912978,train
17573,30.78585051624797,30.780588,train
13041,10.175014144779013,10.173149,train
10605,38.87931509003652,38.892265,train
11070,5.551136481422364,5.543069,train
14139,3.5410006268485925,3.5198636,train
18283,11.932861762453696,11.924542,train
13107,27.357511719545144,27.34281,train
17259,3.4633463032713725,3.4461832,train
18440,6.728558482647348,6.708144,train
11329,16.308010662860998,16.30282,train
236,6.5359800295844535,6.522383,train
17445,2.708713630838812,2.7067559,train
419,5.437753175226781,5.4422793,train
17833,2.708022958232064,2.6904786,train
18022,2.6516876145608954,2.6193204,train
17828,2.708022958232064,2.6849656,train
1238,16.561946987273465,16.564722,train
15204,16.409135926176713,16.396687,train
10014,26.56615883944172,26.562963,train
6182,56.32124547307948,56.323452,train
7951,2.67966579015312,2.6603518,train
10887,8.405428734690727,8.39838,train
2813,22.369427249904778,22.363134,train
2011,17.011685864509637,16.985804,train
1749,4.420360932898184,4.4246106,train
10067,59.11622057953624,59.188374,train
12256,10.114202528778405,10.104347,train
2222,19.88098601288324,19.862556,train
18181,44.71510459444544,44.717506,train
6608,3.463494104363132,3.464949,train
17079,5.514767643990076,5.5040045,train
12450,9.87011169371161,9.849209,train
2612,22.70525476986539,22.702263,train
10617,44.21684655523015,44.223263,train
11997,58.383328200967206,58.41155,train
5787,53.26827894464033,53.263336,train
19091,23.31463303828463,23.329845,train
16541,9.66304530984486,9.655004,train
10702,8.12551687206948,8.126915,train
10383,23.256887193847927,23.246637,train
3312,4.225821220586322,4.216275,train
15921,5.576937014393697,5.5781174,train
8287,40.90966709664708,40.931,train
18634,5.453514973447485,5.449398,train
9200,17.000145797563636,16.976706,train
15059,41.73341427249216,41.774208,train
18394,59.45844552167869,59.490414,train
1581,6.728228905976399,6.7064004,train
13812,11.58450889049733,11.579105,train
14411,14.040854649431251,14.040007,train
15533,5.516667852136265,5.515599,train
19138,46.95201648165615,46.9795,train
8344,3.5015146698937243,3.4897022,train
8491,41.11762382001203,41.126366,train
3307,4.225821220586322,4.215251,train
4508,9.718449084165018,9.714886,train
7117,31.139319734798352,31.126755,train
16319,6.802266127120083,6.781812,train
1387,5.335391898299586,5.3280354,train
1504,39.26522597200145,39.27536,train
4704,11.848597403947965,11.855149,train
1041,13.872175255526807,13.866215,train
9593,22.98460188258043,22.993477,train
9429,31.094593388139582,31.06505,train
8073,26.300087921823646,26.292044,train
12868,12.218730288473536,12.214963,train
10433,46.68280546402441,46.70505,train
6989,2.7376158744619965,2.7104263,train
3054,45.24553910198273,45.251575,train
9297,2.729745979583993,2.7271707,train
4865,5.529305246508104,5.5228186,train
14974,10.178497545054494,10.162297,train
5830,4.46776870342172,4.448304,train
9020,19.70783187156621,19.684917,train
2889,2.6743699959358485,2.6583762,train
10138,9.787552015034205,9.775634,train
17205,41.17877762660081,41.171196,train
16937,12.029270151326983,12.026682,train
18865,11.93163130408984,11.926194,train
2227,23.203419579996773,23.205034,train
9091,59.34616574424854,59.370876,train
18807,4.372572383195617,4.370694,train
6802,3.426758363567802,3.4288042,train
15527,5.516667852136265,5.5021915,train
8762,6.804798625042007,6.7896485,train
9254,41.120805074128185,41.14154,train
8566,6.73043322266602,6.7174025,train
11497,12.051421583783052,12.044567,train
17942,22.94986468631417,22.95094,train
4107,9.970797327562025,9.976929,train
18024,2.6516876145608954,2.6211004,train
16354,12.06457598001331,12.060692,train
16862,2.734408842652395,2.7026713,train
8909,60.47364583500093,60.485176,train
3765,16.994828604075785,16.999378,train
16233,39.94240935740361,39.98206,train
19069,17.006257963290253,16.991192,train
9092,59.34616574424854,59.36103,train
11990,51.57113925881535,51.55109,train
17374,26.684597918145748,26.682886,train
17456,4.372541325565833,4.365711,train
10223,34.64181170966033,34.637867,train
479,16.736428127591374,16.72607,train
14716,58.378819776444416,58.44072,train
10000,22.89995202799145,22.917624,train
11105,12.152599783059475,12.151933,train
13272,19.187069571677124,19.179354,train
17823,58.88803969411615,58.94826,train
8760,5.514802829383529,5.5073833,train
10409,35.791009758134045,35.791023,train
13658,19.46926318075209,19.467146,train
18559,46.10165373502444,46.093422,train
11515,16.958961629855352,16.95249,train
1828,19.958240419310386,19.955421,train
2036,27.08718049328076,27.0662,train
6973,67.17088418273241,67.137314,train
5419,67.36262373893229,67.34205,train
7615,8.009845934350269,8.013078,train
3834,46.87175141117033,46.863773,train
17510,11.931686744523365,11.927969,train
11428,2.737464523455676,2.7110074,train
18040,4.278839677835594,4.270364,train
2655,45.43140092411185,45.455273,train
5773,46.84485270238342,46.86524,train
5284,9.79900845287837,9.785427,train
3511,4.318728812581711,4.3226204,train
6634,6.727251903746071,6.710532,train
5452,4.409472257063735,4.4065547,train
14646,22.706586663401545,22.704144,train
2254,31.098562535715903,31.063276,train
551,52.32557471701267,52.344704,train
7363,2.7091026824146094,2.669567,train
1805,12.072944498264157,12.074172,train
4559,22.41025335211663,22.40308,train
1746,3.501480827341935,3.4940147,train
6933,39.866126261957,39.897247,train
3700,4.420411774772554,4.420221,train
11291,8.001000028014305,7.9993215,train
4719,14.101696676245515,14.101071,train
17684,6.724970617606346,6.7058725,train
4632,57.23416600632674,57.223648,train
10474,3.3670877540885287,3.364034,train
17155,19.9701531296528,19.955399,train
8325,68.81309100394122,68.84443,train
12967,54.34998233739767,54.358288,train
3424,33.72652347706163,33.732002,train
6193,2.646462432637515,2.6033983,train
7641,13.823744082032102,13.812375,train
19217,8.129064147563943,8.141931,train
13243,11.636146679706028,11.633304,train
16676,2.735260556130954,2.7120228,train
5817,3.539102139205733,3.507828,train
18572,52.3749720779351,52.370323,train
5358,30.2611568718884,30.261932,train
15716,4.4696908100697,4.4515715,train
11220,61.33610401823559,61.396618,train
3549,9.81528707680252,9.805762,train
16075,72.41985765723174,72.42262,train
4634,57.23416600632674,57.228333,train
10676,5.393963881571096,5.401446,train
6330,29.89913730912132,29.87398,train
17475,5.453944331739666,5.4491253,train
1146,57.2881662058226,57.27093,train
7047,10.054219373436398,10.039929,train
17252,2.708248428855141,2.672786,train
1674,30.794238912773924,30.775764,train
5178,40.64542153266957,40.66001,train
16942,14.318833955178135,14.315202,train
4510,9.718449084165018,9.711684,train
10243,45.03810987953722,45.020763,train
17720,14.187529171506236,14.178467,train
17659,4.370879763959018,4.3724537,train
10522,9.64268256478926,9.635683,train
13808,9.66304530984486,9.6535225,train
5905,20.145233889532307,20.128849,train
19266,19.48541592663052,19.495108,train
4410,44.68377792357072,44.713745,train
18336,30.80004244295742,30.793104,train
19094,23.31463303828463,23.314613,train
7223,8.408987703827327,8.391483,train
4754,26.475997643467675,26.465658,train
9546,9.94333797411371,9.9336195,train
500,26.603951087058466,26.601753,train
15567,12.082626569966488,12.090553,train
19183,4.326005709231165,4.3181624,train
16620,34.079261637555426,34.08424,train
7216,6.882918890234676,6.8621683,train
2646,39.88906783823267,39.91898,train
6158,44.04821245138016,44.048214,train
12844,8.409214256673277,8.385473,train
15279,50.88867128964234,50.899082,train
3214,30.37936864265416,30.390228,train
9868,66.83876913694161,66.87822,train
7715,39.12378051575852,39.130463,train
17965,30.706189705368445,30.68945,train
1459,22.41035956215645,22.400126,train
9353,10.0251992837065,10.002048,train
8145,3.4843811294887512,3.47007,train
549,46.03373489283661,46.05477,train
5258,5.377687186849471,5.3779445,train
13782,6.548365309251103,6.5359097,train
715,30.807016912029543,30.789898,train
12709,22.52901124083688,22.528551,train
12873,14.552373177137932,14.546164,train
297,19.05581652042869,19.05183,train
14803,14.37624472537404,14.369135,train
18097,13.872643591503794,13.869077,train
18200,57.29678618334104,57.310383,train
2835,34.29895562539627,34.301136,train
17169,27.066648824398435,27.045362,train
3738,10.060180445760883,10.048184,train
11216,61.33610401823559,61.39086,train
7370,3.464617385374871,3.455153,train
9556,11.92977143625582,11.925708,train
9469,53.05653658929399,53.071224,train
15351,8.31765195855304,8.309718,train
10416,40.950632724160805,40.97323,train
13758,3.3793123881317606,3.37092,train
14816,16.99476765856894,16.972818,train
11444,4.417284206021883,4.4168806,train
9370,12.030090252009884,12.026494,train
6556,44.69786999759816,44.718895,train
1611,11.93114095632098,11.924284,train
1317,45.39048776873772,45.413025,train
8019,11.788693240324047,11.788568,train
3587,19.43015220231093,19.428812,train
15191,13.894078065810072,13.887674,train
19117,35.936713537831565,35.941418,train
6731,30.76232434794344,30.742233,train
10025,35.22028551346449,35.235985,train
8337,2.737823782607874,2.7133036,train
12023,4.434416373363108,4.4380813,train
8025,11.788693240324047,11.7799635,train
2461,41.09651086281495,41.097385,train
12502,22.79179224042561,22.788239,train
2855,44.55739519495278,44.570484,train
15942,8.408953862492385,8.397826,train
9363,12.030090252009884,12.0210285,train
709,26.688065851348075,26.664873,train
1245,16.561946987273465,16.546885,train
1094,29.971004453921363,29.973114,train
7553,67.89761970766752,67.92583,train
5990,60.54638190248964,60.551353,train
5892,14.519671559123143,14.488809,train
5952,36.14161337491136,36.14215,train
935,45.42860296663197,45.42789,train
5542,23.1955736438012,23.158009,train
1258,22.674852098493925,22.678894,train
12818,4.470468267539965,4.4566813,train
4942,19.97801525632624,19.968157,train
8616,16.800995435851572,16.789196,train
9820,35.02195840075093,35.027683,train
4063,3.4765577219221213,3.4686296,train
16148,9.834642984749664,9.825135,train
12186,60.20444648087743,60.214672,train
9466,53.05653658929399,53.078323,train
9505,4.372297205483147,4.3657007,train
7803,8.003875223317337,7.9816937,train
333,34.03959183233169,34.029793,train
9658,52.342681818322,52.336765,train
1652,22.9936078043015,23.00175,train
14418,16.59101007063037,16.584246,train
2945,9.807070250141807,9.7877865,train
4841,2.746990607590344,2.7375145,train
16701,5.5040689464134,5.503476,train
6338,34.312192327866775,34.315434,train
3371,13.64658205019341,13.642611,train
5263,6.633172795893891,6.611088,train
17224,53.51689601658749,53.533028,train
18144,25.99103057566703,25.986095,train
4014,40.61696131303726,40.627796,train
7764,3.380822196050792,3.36982,train
4419,50.65171531599499,50.67027,train
789,3.4264405851801163,3.422828,train
8030,14.029125772265932,14.028018,train
3623,34.8161922893814,34.797455,train
10810,45.392770466990434,45.38282,train
11508,14.347619590331648,14.33818,train
4927,17.017149413199444,16.999699,train
11681,9.833628133818198,9.826543,train
4260,3.390275518628752,3.398202,train
5347,26.231656278814548,26.230915,train
19026,8.31575350674248,8.302577,train
13612,9.832967363274172,9.827213,train
13145,47.44345591156762,47.431835,train
7653,16.327472020473603,16.329006,train
11402,44.43268557333643,44.442394,train
9508,4.372297205483147,4.369508,train
11544,26.9749273266716,26.971478,train
4124,11.963037936696075,11.975049,train
10214,30.18512064085396,30.170218,train
9874,66.83876913694161,66.877686,train
5139,23.077107649980203,23.063576,train
6988,2.7376158744619965,2.711233,train
9082,52.37392807384792,52.34825,train
16997,31.03775157836372,31.011763,train
1493,34.373369495591966,34.37884,train
16888,5.501513631853724,5.498618,train
15641,35.98496149414287,35.96644,train
14602,11.79410820216684,11.794449,train
3376,16.11131341530299,16.106434,train
5412,58.06570389407524,58.101025,train
18070,8.035667900269116,8.035894,train
10213,30.18512064085396,30.169228,train
13741,2.644782439096441,2.6094437,train
9734,8.1472980592236,8.156406,train
3303,4.225821220586322,4.213592,train
5229,2.6723998387919203,2.6559765,train
18396,2.7086994826902444,2.685527,train
4724,16.662983510921826,16.670477,train
2595,19.4656638962172,19.470867,train
17893,9.937271543072656,9.926548,train
16911,8.287053435739782,8.282081,train
10107,5.372723917651187,5.376977,train
7981,5.393277784551054,5.399083,train
10462,2.634075483446833,2.606952,train
16135,8.128037751397795,8.122089,train
1241,16.561946987273465,16.55404,train
8965,8.217900959228839,8.191792,train
2138,4.409853122987917,4.4076214,train
16394,23.25336207171222,23.247599,train
5702,14.376227157580578,14.355919,train
4180,30.923494904816422,30.916328,train
7901,39.10561494606926,39.12112,train
18252,6.728924349168537,6.7093515,train
17915,14.188504354389975,14.169941,train
15083,54.33096917075789,54.288124,train
8997,14.204211446903102,14.197891,train
17568,30.78585051624797,30.779198,train
18986,3.5025840094867644,3.481434,train
183,59.37062721017586,59.393234,train
190,2.638036185786238,2.6068056,train
17474,5.453944331739666,5.4511213,train
6607,3.463494104363132,3.4632435,train
14175,6.883609052061724,6.865984,train
12065,10.082996455453056,10.072235,train
9354,10.0251992837065,10.002576,train
12941,41.752818862431866,41.760155,train
3900,5.492521876071974,5.486444,train
11181,36.179433085059785,36.189655,train
6380,57.170829971366096,57.15593,train
7263,17.205336964454208,17.19214,train
7079,16.974321476988262,16.957083,train
19278,22.732934390418883,22.728043,train
12982,2.767950208168843,2.749746,train
16191,19.477517207751166,19.47922,train
3041,39.739221698239575,39.772472,train
3432,33.72652347706163,33.73313,train
8890,46.85373954662278,46.854538,train
18156,34.39662236711407,34.39564,train
6840,8.125366965057475,8.1173,train
4251,2.651586277786812,2.6406024,train
3645,45.32571236254361,45.338055,train
14833,23.294840559906373,23.301384,train
5533,23.1955736438012,23.177988,train
8976,9.944605845845958,9.924597,train
8198,10.006211635630953,10.006106,train
17511,11.931686744523365,11.929541,train
951,58.38596546089347,58.39629,train
8517,60.658221869689925,60.66374,train
15543,6.807568748079518,6.7994576,train
5233,3.4168923322826146,3.4245777,train
15239,30.01608328321608,30.006578,train
253,9.6469003213132,9.630916,train
3669,58.22606648348325,58.277367,train
18263,8.218564570713069,8.208625,train
1551,3.4637818082731706,3.4549162,train
6053,9.617347410194986,9.610614,train
1289,34.84895468229793,34.849403,train
14672,34.89064573342807,34.90811,train
19012,5.516471991212152,5.5049925,train
15766,12.216907157053178,12.208398,train
2061,35.98998620812796,35.974228,train
4066,3.4765577219221213,3.4570518,train
7571,3.3809129575406835,3.3791206,train
10512,7.972989524142502,7.97536,train
11423,2.737464523455676,2.7036917,train
11021,61.258341102147,61.300167,train
5083,9.984112810960296,9.97506,train
15551,8.316653299183429,8.322741,train
16219,30.4128793766057,30.416395,train
5463,6.7835549168687095,6.7585797,train
18387,59.45844552167869,59.463936,train
310,25.74185264532621,25.733187,train
14908,2.7683636783075363,2.728404,train
15947,10.17971768776932,10.17162,train
1782,8.311737250622173,8.294863,train
10713,9.83104731697686,9.818717,train
15233,26.02407266450384,26.00947,train
2420,23.28997481824149,23.300634,train
18552,40.45314727551783,40.466072,train
65,9.944380093437465,9.926823,train
2072,41.228599801046094,41.233448,train
18565,46.10165373502444,46.11204,train
15745,8.407762865675089,8.385818,train
3025,34.76644785608287,34.762276,train
18242,5.454086972362974,5.4561143,train
10142,9.787552015034205,9.775336,train
458,11.895525123960338,11.9080305,train
15807,23.602943561246462,23.60924,train
24,4.372190874006892,4.365159,train
1629,16.7859292085473,16.781937,train
17870,6.725155751284984,6.7050476,train
3026,34.76644785608287,34.763325,train
18069,8.035667900269116,8.037339,train
19154,53.42860126107073,53.47794,train
9933,6.708523927938943,6.6854057,train
3896,5.492521876071974,5.4897013,train
18530,30.785227753268504,30.776276,train
8211,12.007771450667535,12.005654,train
2673,51.57301685156738,51.560787,train
85,14.203979076475648,14.200179,train
541,46.03373489283661,46.04043,train
5821,3.539102139205733,3.5043068,train
19279,22.732934390418883,22.72636,train
9948,9.9109232636722,9.901434,train
12239,6.840436546862896,6.8365955,train
13349,57.13312231443475,57.14677,train
15186,11.679809574545024,11.668052,train
7310,31.66584515644597,31.661842,train
18588,69.12788205050354,69.11119,train
15795,20.21305286572704,20.211584,train
15409,23.34160294300016,23.343277,train
13050,12.211683043753135,12.215694,train
4799,45.806228475822735,45.797775,train
8955,6.728387427829043,6.6979284,train
2712,3.3860741903467195,3.3848443,train
10291,4.420015738497578,4.417514,train
15098,73.00966898459065,72.95982,train
10456,2.634075483446833,2.6022,train
6309,22.364204361014004,22.35858,train
2246,31.098562535715903,31.091364,train
7000,3.501096998788304,3.4886844,train
15384,14.39267504443449,14.394137,train
16731,10.033777273871753,10.016746,train
5716,19.95776418992861,19.975445,train
6001,2.6283117251133854,2.5841162,train
11159,27.232871424052814,27.212433,train
1971,8.315945242318033,8.323407,train
5159,30.91040497992931,30.908998,train
17367,26.684597918145748,26.692509,train
12415,4.34578898095786,4.352253,train
6447,8.028939563802153,8.020731,train
6073,13.71681439437468,13.704861,train
6986,2.7376158744619965,2.7089005,train
10425,46.68280546402441,46.71493,train
12847,8.409214256673277,8.385016,train
16461,60.05976577236108,60.131535,train
19210,6.656198229767126,6.6402597,train
1521,50.632492434613184,50.625046,train
179,52.3882682736391,52.39606,train
18072,8.035667900269116,8.0384,train
3218,30.37936864265416,30.376862,train
6123,29.580343923795965,29.561954,train
1169,4.319118723923392,4.315381,train
6663,11.927985868777798,11.924597,train
15918,5.576937014393697,5.5713854,train
11330,16.308010662860998,16.300053,train
5223,2.6723998387919203,2.655225,train
2143,4.409853122987917,4.411696,train
3485,2.676159193667881,2.653035,train
1806,12.072944498264157,12.073298,train
16318,6.802266127120083,6.781084,train
18884,16.785576136576775,16.775908,train
8002,8.123629502903881,8.117312,train
10741,16.584010125865344,16.572634,train
10969,31.58388320152769,31.556446,train
19182,4.326005709231165,4.320541,train
15457,47.12045968287047,47.12107,train
19143,46.95201648165615,46.97281,train
3286,2.623503999063017,2.5896213,train
6246,8.01753035314465,8.00706,train
16947,14.318833955178135,14.31446,train
1061,19.22617209418738,19.222033,train
5566,35.73198980287516,35.73125,train
18116,19.22697500817129,19.23762,train
5514,16.926276381493675,16.905334,train
11942,30.386048672537907,30.396795,train
4373,25.9825189971324,25.971184,train
11865,8.126053948962111,8.124012,train
4517,11.655635738720658,11.644635,train
8434,19.95984341060886,19.959341,train
7430,11.940417434295226,11.944338,train
12372,61.348509793807175,61.374435,train
13160,61.3181520474562,61.340397,train
5786,53.26827894464033,53.264446,train
11608,60.48252589130836,60.524475,train
15461,47.12045968287047,47.10651,train
7523,46.30064389565297,46.314217,train
6039,6.515116916565186,6.5033545,train
93,16.787021655634778,16.77867,train
12056,8.33269892619885,8.32087,train
3663,58.22606648348325,58.256504,train
16350,12.06457598001331,12.054754,train
12657,9.768981042055076,9.762375,train
3550,9.81528707680252,9.805228,train
1941,4.421703591294218,4.434446,train
10297,5.51347068232188,5.5079203,train
17680,6.724970617606346,6.706955,train
752,52.45458031839896,52.454166,train
5445,4.409472257063735,4.407935,train
13646,16.58837265322754,16.578661,train
7044,10.054219373436398,10.038118,train
16210,26.35585423252835,26.350765,train
9943,8.191759386175578,8.177192,train
10691,6.653802197580005,6.6424975,train
5746,31.220475438484407,31.225708,train
16341,10.054760377014018,10.0331955,train
19286,26.372252985493382,26.344225,train
7078,16.974321476988262,16.960327,train
15252,34.456384355447206,34.45502,train
13848,19.08199677745677,19.069271,train
1715,52.42578981420947,52.412243,train
815,6.653331355899042,6.6378503,train
11340,19.13154039787541,19.119291,train
2006,17.011685864509637,17.00226,train
14666,30.385313055652905,30.384878,train
11512,14.347619590331648,14.337673,train
11074,6.849328056400946,6.842395,train
7404,6.7312422111754735,6.7298098,train
1256,19.438719492496457,19.433643,train
17089,6.804951600960687,6.7853518,train
3034,34.76644785608287,34.762215,train
12815,4.470468267539965,4.4516044,train
17196,41.17877762660081,41.192036,train
6196,2.646462432637515,2.6080222,train
7776,5.317375541707098,5.3082585,train
16828,46.71078932007112,46.722286,train
3199,22.69471854911499,22.693361,train
17608,52.37163578790875,52.353012,train
4607,44.681367960561865,44.678986,train
12965,54.34998233739767,54.333904,train
2452,35.89156100745434,35.8996,train
18857,11.93163130408984,11.928809,train
18561,46.10165373502444,46.08789,train
7041,8.30809612507781,8.295574,train
17461,4.372541325565833,4.3701835,train
2644,34.888414713296385,34.90433,train
13398,5.555295080198322,5.5529447,train
3837,46.87175141117033,46.859108,train
18609,3.463800375958302,3.4532158,train
3397,22.018759429305742,22.019396,train
16865,2.734408842652395,2.7034068,train
1880,41.102242544116194,41.119797,train
6928,34.871540716004816,34.896885,train
15248,34.456384355447206,34.444023,train
1773,6.804125871351521,6.7913275,train
2125,3.494199034483809,3.4763262,train
14350,4.3255825255506535,4.314998,train
4595,34.37723539300664,34.388546,train
4551,19.22027700345554,19.201157,train
1184,5.386557878584089,5.379367,train
5299,11.753913787020023,11.748067,train
18017,2.6516876145608954,2.6132889,train
15740,6.881721048030808,6.8658953,train
6905,26.32470590913753,26.312431,train
11835,4.325138898516199,4.331328,train
16032,36.43845598684842,36.435535,train
8603,14.21374816941229,14.215663,train
8651,30.85164903067275,30.8485,train
3496,3.421855504666593,3.4253247,train
8009,9.828074709524572,9.817962,train
406,4.359795574456207,4.3679376,train
13547,60.93541213068231,60.973648,train
11860,6.654179064714825,6.6427946,train
17900,11.92108481279417,11.913509,train
10986,41.56244248915803,41.569073,train
2753,8.023180179116657,8.017601,train
10005,26.56615883944172,26.574932,train
4538,16.381900654578118,16.367954,train
9882,78.58062096349295,78.58069,train
6349,39.201777071676965,39.219906,train
15364,10.06851284589774,10.057219,train
12112,23.31145805480328,23.301807,train
13383,4.45352687233361,4.459616,train
11622,3.427034163001539,3.424349,train
9157,8.314264525895991,8.298406,train
4040,52.52433965725746,52.54101,train
14547,4.325053144040819,4.321396,train
12892,20.21466243626813,20.224827,train
7183,3.540934651623731,3.518807,train
16,3.4636882360122017,3.4524941,train
4740,19.55952737168782,19.538317,train
13361,2.7587097236128133,2.7472343,train
2667,51.57301685156738,51.558907,train
284,16.246482485532077,16.24052,train
10655,3.4266316210422736,3.4283116,train
6275,13.839728224012498,13.83944,train
12439,6.682441392799568,6.6644483,train
13940,3.5409996489680857,3.5170853,train
10923,17.18896478933625,17.174788,train
12990,3.540287262174207,3.518893,train
13927,56.60134448761165,56.597668,train
19206,6.656198229767126,6.649063,train
10310,6.802501042896526,6.7834463,train
15662,47.05238996663752,47.077362,train
11956,34.89162430796332,34.90338,train
14713,58.378819776444416,58.4413,train
15073,47.671231418620295,47.66032,train
370,56.55112495464567,56.52456,train
534,40.377631829733055,40.404163,train
7747,2.645134884017069,2.6022305,train
4609,44.681367960561865,44.672546,train
16139,8.128037751397795,8.131393,train
7419,9.95058028746876,9.945608,train
8689,46.29179883806892,46.304047,train
4434,57.234210991288506,57.26465,train
17433,59.51701362971379,59.560776,train
13714,45.43106480404264,45.444946,train
7606,6.560735403418399,6.556074,train
1091,29.971004453921363,29.965443,train
2938,8.10628119297899,8.092776,train
12176,53.11232660181848,53.09949,train
734,40.49585337594807,40.51832,train
19101,27.06434035111792,27.050453,train
717,30.807016912029543,30.791706,train
3289,2.623503999063017,2.5901835,train
5987,60.54638190248964,60.534794,train
12652,9.768981042055076,9.75624,train
14583,8.1258851165813,8.128746,train
15415,23.34160294300016,23.322369,train
16406,26.979176255131968,26.954487,train
14085,41.74343029751184,41.744076,train
11382,34.20023201897286,34.202698,train
18582,59.36762111235722,59.428055,train
4955,27.04564140717384,27.024252,train
6779,59.21522697654686,59.26866,train
652,11.932725734814856,11.929851,train
16456,52.98386526528585,53.01796,train
10330,10.055084639209408,10.035869,train
18682,14.201083753373222,14.196127,train
1883,41.102242544116194,41.106537,train
17494,8.218114223739999,8.206897,train
3649,45.32571236254361,45.330963,train
10919,14.539623170982962,14.54052,train
5103,14.256550738417271,14.257157,train
4113,9.970797327562025,9.982398,train
17666,5.4514537015048905,5.4531884,train
15793,17.206095957878134,17.189116,train
10746,19.46353380004629,19.45464,train
17839,3.462916596395052,3.4598935,train
3080,65.62438510253718,65.66803,train
1466,22.41035956215645,22.399548,train
10322,8.30881283239143,8.290608,train
3087,2.6772620050674827,2.6440978,train
3789,23.29556930203368,23.301224,train
12930,36.43606370816161,36.441685,train
13484,27.21848556581516,27.193338,train
10092,3.4141493037943245,3.4207935,train
11558,31.15051328428412,31.147015,train
9633,40.43433258172351,40.452446,train
894,26.33137260081264,26.321789,train
2718,4.2730728213597535,4.264655,train
18354,35.38576344087019,35.38954,train
12238,6.840436546862896,6.8349085,train
16081,72.41985765723174,72.404655,train
5469,6.7835549168687095,6.761054,train
3665,58.22606648348325,58.266014,train
8498,46.91688292382029,46.91511,train
1040,13.872175255526807,13.8638315,train
18973,59.33095836964852,59.37429,train
3193,22.69471854911499,22.704914,train
18833,6.728695988858052,6.705464,train
16457,52.98386526528585,53.00991,train
15468,53.674634010244326,53.653645,train
15873,54.36650330189079,54.320072,train
4331,13.87037488093093,13.845722,train
1765,5.514289169113654,5.5162344,train
17740,19.67386644705623,19.654324,train
16738,12.03877401726476,12.031274,train
3960,16.88157840974574,16.85535,train
2625,30.383161080528925,30.389091,train
5389,45.219210934851226,45.20707,train
9936,8.191759386175578,8.177189,train
18386,59.45844552167869,59.46496,train
15996,23.60852531144856,23.605816,train
14135,2.768396039009667,2.7455463,train
11889,11.79434716865068,11.793994,train
1511,44.67014339319393,44.681774,train
15712,3.5402028483267967,3.5075197,train
936,45.42860296663197,45.426643,train
9715,5.4120818139826525,5.399788,train
15596,19.983325306274804,20.00248,train
12858,10.179629797544049,10.165714,train
4864,5.529305246508104,5.52373,train
15072,47.671231418620295,47.67822,train
17860,5.451568611934276,5.449058,train
14584,8.1258851165813,8.130661,train
17052,2.737863669082239,2.713611,train
3880,3.4906262588516723,3.4812932,train
3992,26.8078158500896,26.799036,train
18049,5.335830758238897,5.3279705,train
2594,16.585488782204305,16.575396,train
17270,4.371733988550494,4.3592324,train
356,44.20482503393963,44.21542,train
2693,67.38521281421959,67.40083,train
3493,3.421855504666593,3.4255338,train
8060,22.68160677705264,22.679363,train
2439,31.22007476484556,31.20849,train
6565,50.68493078471787,50.707035,train
13345,50.56027279455254,50.565823,train
14463,30.4057495063976,30.393858,train
2052,31.29317545149303,31.270027,train
52,8.217705052587275,8.193181,train
13540,60.93541213068231,60.990917,train
8272,31.06762490630758,31.058788,train
12586,66.49272834437633,66.54512,train
6530,29.952876069539208,29.943043,train
15880,61.91755856408145,61.94818,train
5750,31.220475438484407,31.205536,train
14381,8.127277318599202,8.125519,train
10911,12.210195184882402,12.220672,train
4094,6.747715524421623,6.737325,train
11912,19.466938902709447,19.468788,train
4032,46.2647312762206,46.29004,train
15378,14.39267504443449,14.3941765,train
2431,27.03330955369092,27.009369,train
11293,9.677548837060357,9.670356,train
1592,8.217597876040603,8.200249,train
1516,44.67014339319393,44.68303,train
15017,23.59561888155831,23.60498,train
6898,22.69865017075573,22.690956,train
3619,30.322765664878062,30.310574,train
2982,16.53977460432429,16.53207,train
14024,17.20685403521417,17.195381,train
6004,3.3594554848970217,3.3484492,train
5683,12.073580675127207,12.067062,train
897,26.33137260081264,26.318012,train
2000,14.387754447899486,14.37999,train
1871,35.90028728486981,35.90726,train
2825,29.89520883156856,29.887423,train
5828,4.46776870342172,4.4520116,train
13023,6.880994922054823,6.8715386,train
9193,17.000145797563636,16.989168,train
8623,19.72773259507692,19.733109,train
8554,5.4550261345133375,5.4467177,train
13112,31.594912912840023,31.59311,train
18769,52.41284890942071,52.402004,train
8074,26.300087921823646,26.294754,train
12164,46.75018976133836,46.739956,train
14968,10.178497545054494,10.172165,train
11800,58.46096937908226,58.457794,train
1723,59.44294578668329,59.469143,train
11807,66.12146250407682,66.187965,train
7191,3.540934651623731,3.5077271,train
3187,19.45413985890653,19.463543,train
15160,8.056643564505476,8.064663,train
3066,58.09223849449652,58.102,train
8296,46.69324976620808,46.71675,train
4492,6.57997968013165,6.566064,train
9293,2.729745979583993,2.7163563,train
986,4.278760703141022,4.2694807,train
3577,16.55589942735338,16.555672,train
1997,14.387754447899486,14.382347,train
12040,5.530636035935843,5.5276356,train
7361,61.91115381484096,61.967987,train
8396,10.060244866626965,10.040463,train
17378,30.804209814650893,30.79976,train
1809,14.375684023441574,14.368258,train
11373,34.20023201897286,34.200703,train
10791,34.87447201545137,34.889477,train
1430,13.869585950863724,13.860762,train
13470,23.452065065404536,23.452833,train
4535,13.868744565326486,13.853526,train
8135,58.09660211241908,58.132393,train
7844,16.311150222238446,16.303024,train
9925,6.708523927938943,6.6845255,train
1757,4.420360932898184,4.422921,train
16477,70.38744055582808,70.42657,train
18278,11.932861762453696,11.928279,train
6582,57.299878230603134,57.301743,train
18822,5.45397953162337,5.453222,train
14232,20.2134235483514,20.220003,train
18384,52.43731922756592,52.42912,train
9582,19.70058182936315,19.702862,train
7348,54.35424338922613,54.311893,train
15864,47.70172982352404,47.729366,train
14247,23.599740087936286,23.58696,train
12775,57.885328857601024,57.925636,train
1414,9.719212275161835,9.710127,train
12145,35.86065710741565,35.851246,train
7722,44.509460478962495,44.508392,train
5957,41.33105793830249,41.340744,train
2622,26.33379102099904,26.32549,train
14,3.4636882360122017,3.452104,train
18836,8.218139021218338,8.209845,train
5520,16.926276381493675,16.895567,train
13297,25.934075732722288,25.925112,train
17211,47.00467924590599,46.999496,train
5489,10.024970078805753,10.001056,train
14443,22.716537099825803,22.716652,train
1853,27.04120409654321,27.01034,train
3540,8.112795120300943,8.111067,train
9822,35.02195840075093,35.01289,train
18194,50.69565029953908,50.684532,train
2124,2.733014195440622,2.7164352,train
3814,35.89380915458802,35.897823,train
18349,35.38576344087019,35.38623,train
389,2.7012125572626595,2.685349,train
18141,25.99103057566703,25.98431,train
362,50.08211640315393,50.099277,train
16885,4.411629702698938,4.407989,train
12641,8.077368205409602,8.06958,train
1157,2.676319872769252,2.6680865,train
14141,3.5410006268485925,3.5179892,train
10455,2.634075483446833,2.604599,train
9312,4.406554839696068,4.4067965,train
17269,4.371733988550494,4.360886,train
324,29.674224196982102,29.662172,train
15119,3.408232043941083,3.4012365,train
6615,4.371844330934983,4.376853,train
19268,19.48541592663052,19.478888,train
12482,16.64725869779746,16.637838,train
9008,16.787195017761377,16.766415,train
19081,19.97284670110396,19.97356,train
18722,26.67035970835496,26.66894,train
2112,69.53244384329564,69.418144,train
18778,59.43752089678267,59.43615,train
6034,6.515116916565186,6.5018764,train
15556,10.06695287605768,10.054959,train
6359,44.60789261778061,44.598995,train
18157,34.39662236711407,34.392315,train
2621,26.33379102099904,26.327078,train
9649,46.07701349970316,46.09028,train
3385,18.89356732814083,18.89418,train
15465,47.12045968287047,47.132107,train
19007,5.516471991212152,5.5019145,train
2716,4.2730728213597535,4.2651615,train
13118,31.594912912840023,31.562767,train
7638,13.823744082032102,13.812439,train
9993,19.62876084598636,19.625286,train
8969,8.217900959228839,8.192531,train
1222,11.776863732605358,11.775572,train
12875,14.552373177137932,14.5478945,train
1763,5.514289169113654,5.5164633,train
6545,39.27753426474772,39.30764,train
13138,41.58429061495493,41.58243,train
3997,30.932355683209444,30.929365,train
5062,5.479199376972568,5.46126,train
15287,57.59734802968727,57.57807,train
2365,10.060056068752283,10.047411,train
14043,23.60115230987814,23.611696,train
7552,67.89761970766752,67.89261,train
2681,58.393690284659264,58.408485,train
14752,5.515291571911735,5.508671,train
9219,23.303793572059423,23.303701,train
7028,6.801907526467083,6.788594,train
14076,36.428494938564704,36.423042,train
8594,11.93845111841708,11.9389925,train
7043,10.054219373436398,10.034977,train
4926,17.017149413199444,17.002506,train
6262,9.698315380168223,9.683705,train
4343,16.383842618628933,16.370941,train
2211,16.93107384270255,16.91065,train
19045,10.065339806641262,10.056824,train
19130,41.14820492115364,41.171253,train
6460,9.712521283134864,9.700832,train
3148,9.822765889013834,9.823232,train
5357,30.2611568718884,30.264399,train
2886,2.6743699959358485,2.6508918,train
12722,30.13641458533303,30.137136,train
6060,9.617347410194986,9.611774,train
4304,8.034880206080599,8.021,train
7833,13.810238138743603,13.793084,train
4089,6.747715524421623,6.738847,train
11253,4.261977186901441,4.264519,train
14852,31.227174480005047,31.213863,train
14536,2.679800903649064,2.674292,train
779,2.67963111978823,2.6579804,train
10784,30.37471298757097,30.370432,train
1618,14.20318661328391,14.197344,train
18637,6.728004270033436,6.712929,train
19241,14.046750508132789,14.0425205,train
14946,5.57738774476359,5.564009,train
584,2.7085127543344987,2.693852,train
13167,61.3181520474562,61.343834,train
14198,10.180712630968689,10.179141,train
8279,35.72177595241204,35.72124,train
10141,9.787552015034205,9.7746105,train
12200,2.7529128597477226,2.7148623,train
3502,3.421855504666593,3.426292,train
3396,22.018759429305742,22.017452,train
10978,36.30566648985637,36.30368,train
16303,4.419843683848651,4.410745,train
9958,11.889272275091988,11.881632,train
1353,2.651577175860931,2.6251132,train
2276,46.6860010069887,46.717213,train
1153,2.676319872769252,2.6561632,train
15162,8.056643564505476,8.0668955,train
19036,10.065339806641262,10.052575,train
5308,13.988080312882362,13.977717,train
13618,9.832967363274172,9.824215,train
8043,16.574017901587826,16.561098,train
15224,22.446042861648767,22.438833,train
9216,23.303793572059423,23.323313,train
4950,23.310450760456497,23.310192,train
7330,41.7456272211452,41.753674,train
6298,19.18033941664073,19.175459,train
1913,60.60289546086052,60.60418,train
8182,6.768723500172809,6.7599716,train
1642,19.706468378524733,19.692905,train
17521,14.203565724741887,14.195299,train
12425,5.4184367859103055,5.4245105,train
1676,30.794238912773924,30.777496,train
9791,22.76296882623324,22.746765,train
11847,5.394227382809981,5.402879,train
15872,54.36650330189079,54.335182,train
319,25.74185264532621,25.73133,train
2541,6.654279103727196,6.630949,train
8963,8.217900959228839,8.192418,train
14428,19.47358371511247,19.481186,train
14920,3.540883323591228,3.5148015,train
1196,6.644555943133097,6.620961,train
16308,5.513266485740743,5.502439,train
9450,40.90615229451066,40.91132,train
6623,5.452945414680859,5.45524,train
8144,2.724794655337337,2.6836586,train
13778,5.311987077548214,5.311996,train
18914,26.671971818268155,26.668207,train
14406,11.796720623159729,11.803381,train
10851,3.540107142975788,3.5304856,train
7889,34.22742983795968,34.224747,train
995,5.335720143245309,5.324975,train
7743,57.00609702090252,57.000042,train
6433,6.575749272452735,6.5579457,train
9987,19.62876084598636,19.629309,train
6904,26.32470590913753,26.313087,train
13723,51.56480717094732,51.54742,train
3160,11.783996917049311,11.797625,train
8984,11.93189209849983,11.918836,train
1508,44.67014339319393,44.686024,train
10377,23.256887193847927,23.261923,train
16754,14.332007468744225,14.324139,train
927,39.88665824677827,39.907593,train
6187,63.38449733252296,63.45877,train
10534,11.56241185959522,11.558425,train
9751,11.820738034299742,11.837823,train
9389,16.93108824748578,16.911537,train
9610,30.77438685979468,30.770811,train
3369,13.64658205019341,13.638659,train
17159,23.313702792405124,23.33142,train
3847,53.3133888390764,53.318798,train
17264,3.4633463032713725,3.443706,train
12526,30.50696090872292,30.503538,train
11051,3.525244556513579,3.4991562,train
8405,12.073309697709004,12.064421,train
5868,10.16471814241218,10.136904,train
7598,6.560735403418399,6.5524035,train
12146,35.86065710741565,35.85029,train
1199,8.114151752433223,8.112413,train
15770,12.216907157053178,12.206972,train
15789,17.206095957878134,17.198061,train
8935,4.372289036882156,4.3602676,train
2777,13.84736991148162,13.834364,train
10325,10.055084639209408,10.035485,train
4045,59.47852455783562,59.549026,train
16689,4.413433510170315,4.4086027,train
9484,2.7086272166512813,2.6832085,train
9041,30.792365123361137,30.809113,train
12188,60.20444648087743,60.226093,train
6964,58.33205390993229,58.30877,train
9726,8.1472980592236,8.15538,train
18010,58.918449486030376,58.92863,train
5907,20.145233889532307,20.134584,train
13776,5.311987077548214,5.3098683,train
17215,47.00467924590599,47.02968,train
3489,2.676159193667881,2.6558053,train
9278,53.38895976724034,53.426357,train
977,3.3903798459312364,3.3895648,train
16419,35.77354654999463,35.757664,train
2616,26.33379102099904,26.32688,train
17865,5.451568611934276,5.4457664,train
15368,12.085016051450117,12.086606,train
18513,22.9906590256399,22.989513,train
2324,3.502050506320055,3.4706385,train
11810,66.12146250407682,66.20143,train
8453,27.045330248666936,27.021786,train
15925,6.882495340379882,6.859668,train
6016,4.238415593701241,4.233342,train
4747,22.82017085774277,22.813683,train
15256,34.456384355447206,34.467724,train
14471,34.9203027778589,34.928917,train
5404,58.06570389407524,58.088108,train
10227,39.579512083219285,39.594982,train
11683,11.79687784031292,11.792261,train
3806,31.2257159436659,31.221539,train
18676,14.201083753373222,14.196055,train
17077,5.514767643990076,5.5003138,train
11394,44.43268557333643,44.453014,train
6106,22.144290488227952,22.124537,train
16195,22.721509220154857,22.734766,train
10123,6.626577584173653,6.6117673,train
755,52.45458031839896,52.45083,train
1027,9.72040448238932,9.708579,train
11029,72.80508396669912,72.91379,train
5265,6.633172795893891,6.610214,train
5925,27.266807168388087,27.260214,train
4985,41.02699155008549,41.03042,train
19269,19.48541592663052,19.478113,train
4355,19.2225458757848,19.213251,train
7697,34.24997647402045,34.25256,train
7097,23.25256558499891,23.241812,train
9206,19.964625243203816,19.967173,train
18512,22.9906590256399,22.99496,train
5077,8.252189973008186,8.238432,train
278,13.758159594367363,13.742081,train
295,19.05581652042869,19.053959,train
6510,22.401963939400744,22.391644,train
740,46.1602134775885,46.15972,train
9329,5.496595758597001,5.4864216,train
9306,3.490854448341839,3.488458,train
16635,38.91422234320085,38.924282,train
18663,9.943284673744312,9.934241,train
13520,47.17017381468497,47.194115,train
303,22.211921831456284,22.206146,train
15063,41.73341427249216,41.73601,train
15009,20.208444303638693,20.225857,train
14503,51.66606240165736,51.652554,train
16150,9.834642984749664,9.831224,train
8295,46.69324976620808,46.713978,train
19145,46.95201648165615,46.97344,train
14566,5.394117115004909,5.404029,train
16104,3.4271715208360507,3.4227562,train
13209,6.569502868408146,6.552291,train
7516,40.59509796644647,40.618187,train
13972,6.883216649120083,6.86808,train
13643,16.58837265322754,16.587658,train
2990,19.41002101524697,19.40488,train
16810,35.76074998538454,35.771313,train
14522,66.24831743791405,66.291466,train
12860,12.218730288473536,12.210578,train
7168,60.03762006425522,60.0771,train
19015,5.516471991212152,5.5059977,train
8475,35.91032086682111,35.915947,train
1240,16.561946987273465,16.558756,train
5859,8.39929361999531,8.369347,train
12380,69.99571630851217,70.03851,train
13931,2.768427146804104,2.7391973,train
5942,31.46723268531948,31.44933,train
1095,29.971004453921363,29.963467,train
34,5.4535370972796615,5.448553,train
10813,45.392770466990434,45.401062,train
4876,6.821268673764209,6.8026624,train
9417,26.92943166856057,26.931604,train
19239,11.800771006819648,11.816688,train
10944,23.56254672507082,23.57354,train
17878,8.212995549639128,8.200089,train
172,52.3882682736391,52.360043,train
13437,12.158984383433603,12.1509495,train
9740,9.855278882312144,9.866058,train
17518,14.203565724741887,14.192996,train
14903,60.65764308308809,60.68361,train
18123,19.22697500817129,19.227074,train
15886,2.767913244299724,2.7381668,train
7892,34.22742983795968,34.221436,train
11032,72.80508396669912,72.880844,train
4131,14.24193006517389,14.245615,train
6401,2.6496526089772976,2.6373696,train
3571,14.01251976380764,14.0144615,train
1029,9.72040448238932,9.708085,train
11043,3.525244556513579,3.5052547,train
10562,19.05443138170404,19.061092,train
6331,29.89913730912132,29.867115,train
11482,8.30011706461138,8.287545,train
10500,6.531354650653539,6.5271697,train
18543,35.364527610569084,35.359566,train
15203,16.409135926176713,16.402945,train
10717,11.79324820860778,11.793756,train
19200,5.395561287836819,5.389369,train
7800,8.003875223317337,7.9851894,train
3828,41.09026214478016,41.09082,train
17115,10.062224196236288,10.056854,train
8129,58.09660211241908,58.11527,train
707,26.688065851348075,26.668816,train
5634,4.420619507032944,4.4115376,train
6253,9.698315380168223,9.697549,train
1577,5.453602047597056,5.4512753,train
2173,8.28601199625113,8.275669,train
10436,53.05718556297103,53.078392,train
17457,4.372541325565833,4.365411,train
2079,47.07352396287201,47.065205,train
2244,26.930729823540588,26.90335,train
18624,4.372268049774918,4.369243,train
15054,36.41918774557975,36.43581,train
14089,47.680992295718994,47.695175,train
9251,41.120805074128185,41.142036,train
16636,38.91422234320085,38.93271,train
10760,22.70200171619421,22.695225,train
18420,4.372499077848516,4.369376,train
6254,9.698315380168223,9.696703,train
4126,14.24193006517389,14.258936,train
12196,2.7529128597477226,2.7195451,train
1660,26.67828808587088,26.681496,train
11393,44.43268557333643,44.460808,train
16092,2.680117357532955,2.6687713,train
3679,2.737823046813698,2.7049901,train
18681,14.201083753373222,14.19732,train
17104,8.313108372950806,8.309444,train
14319,73.22517547872039,73.14564,train
813,6.653331355899042,6.6348066,train
5410,58.06570389407524,58.092712,train
11968,39.89208467808479,39.904427,train
7134,40.92031603182694,40.9188,train
5551,26.92088192163529,26.897184,train
16532,7.991658777584205,7.9856606,train
4458,3.3899503390781547,3.3949876,train
6199,2.646462432637515,2.6163898,train
1039,11.6582331871555,11.646184,train
11711,16.59108938180168,16.570543,train
19172,3.427309755937745,3.4246304,train
2974,13.999610748761176,13.98885,train
3279,66.23324544059561,66.35655,train
14465,30.4057495063976,30.384153,train
14621,16.5859980766324,16.579506,train
11129,17.108057241721884,17.09414,train
5969,47.083801566741634,47.09364,train
15655,47.05238996663752,47.057487,train
1999,14.387754447899486,14.384528,train
13827,13.778863574118942,13.760977,train
15959,12.219364473939503,12.215563,train
6841,8.125366965057475,8.118191,train
19203,6.656198229767126,6.6384125,train
19352,66.46919271207298,66.50161,train
4230,60.08034820513094,60.151577,train
3798,27.0396064566848,27.021023,train
17276,5.452947367426283,5.4412084,train
8662,35.45862287003865,35.47577,train
1228,14.016750584006392,14.025951,train
6538,34.37603090635952,34.37783,train
17998,52.06823645974915,52.086815,train
7153,52.97460863520874,52.96032,train
15110,2.6680277245003223,2.6344492,train
2613,22.70525476986539,22.70164,train
7087,19.928197397033564,19.920689,train
12713,26.12437780450136,26.135063,train
9537,8.217205986215005,8.1952505,train
1206,8.114151752433223,8.10831,train
15338,5.517049797814488,5.5007625,train
12951,47.69190762553954,47.702248,train
8345,3.5015146698937243,3.488283,train
12537,35.03784651809894,35.042816,train
13198,4.271657825709782,4.2658334,train
7200,4.470603427337951,4.44889,train
11637,4.325556458596122,4.3255916,train
3639,39.802178478903386,39.811142,train
13238,9.702428609908443,9.695971,train
15760,10.177968045211644,10.166776,train
1874,35.90028728486981,35.89908,train
14679,39.89073286545132,39.919647,train
18065,6.581219445434478,6.568521,train
9967,14.151127363963884,14.151084,train
9569,14.200872999247029,14.190365,train
5038,3.482284363766976,3.467986,train
4143,16.833783360271415,16.816425,train
15948,10.17971768776932,10.171497,train
1496,34.373369495591966,34.381584,train
11833,4.325138898516199,4.3305044,train
19325,45.57162708262807,45.565876,train
10929,17.18896478933625,17.164566,train
13057,12.211683043753135,12.2131195,train
167,46.11681562429834,46.11443,train
15584,14.389077514591778,14.384502,train
4097,8.240269386899683,8.245731,train
10953,27.349685453769364,27.335804,train
7257,14.550651373051354,14.530938,train
15446,41.26502903081768,41.263298,train
3430,33.72652347706163,33.72821,train
16533,7.991658777584205,7.9860578,train
1501,39.26522597200145,39.278915,train
11490,10.043941062065771,10.025971,train
17021,46.49526413052747,46.49492,train
10368,19.93098414733021,19.936514,train
14301,54.18862649780223,54.149887,train
7984,5.393277784551054,5.396306,train
17795,40.28953774014432,40.302914,train
16625,34.079261637555426,34.08131,train
10395,31.15061180638959,31.137386,train
4843,3.512466552564748,3.4987643,train
9168,10.063141507813375,10.050323,train
6423,5.3314508258617375,5.3203144,train
18120,19.22697500817129,19.230474,train
16748,14.332007468744225,14.325934,train
18659,9.943284673744312,9.934565,train
5664,8.312271261293663,8.301273,train
9611,30.77438685979468,30.764791,train
9525,6.728058320195319,6.698422,train
14064,31.66739204088522,31.658892,train
10613,38.87931509003652,38.889122,train
2939,8.10628119297899,8.0913725,train
19357,66.46919271207298,66.53343,train
12215,4.44415686531255,4.4350505,train
113,22.994974363014904,23.009235,train
16320,6.802266127120083,6.7823634,train
19328,45.57162708262807,45.598892,train
1885,41.102242544116194,41.110462,train
10532,11.56241185959522,11.559711,train
10987,41.56244248915803,41.56746,train
9616,30.77438685979468,30.75164,train
11939,26.33615265794538,26.329268,train
11881,9.831813640027464,9.824248,train
11604,60.48252589130836,60.52556,train
12554,45.65432120610436,45.665157,train
5053,5.479199376972568,5.4654894,train
10081,2.6703927948160247,2.657517,train
18980,2.738560394234994,2.7180014,train
9847,51.93137190718903,51.97035,train
15259,39.38354458162934,39.40684,train
15190,13.894078065810072,13.887349,train
15612,23.33028065288677,23.324821,train
12857,10.179629797544049,10.165298,train
7736,50.45184574770483,50.47834,train
8429,16.995729208180737,16.990276,train
8904,60.47364583500093,60.469425,train
12549,40.0707569732276,40.083706,train
7949,2.67966579015312,2.6591716,train
12209,3.5205301735751884,3.4912772,train
16772,19.890220415820057,19.890905,train
4142,16.833783360271415,16.816397,train
3720,6.804226295927448,6.8025026,train
661,14.205663251031078,14.208721,train
19326,45.57162708262807,45.590477,train
14535,2.679800903649064,2.6705997,train
957,58.38596546089347,58.408737,train
9682,2.693225881006085,2.6519816,train
13878,29.71030411274068,29.709774,train
10824,51.50778410422704,51.522476,train
18792,2.7087326854893243,2.6981668,train
14643,22.706586663401545,22.70743,train
10910,12.210195184882402,12.218218,train
15216,19.25072546022004,19.255777,train
13731,58.36936852175695,58.440086,train
11241,2.641945369529067,2.6221457,train
17130,14.380999826435913,14.373213,train
17902,11.92108481279417,11.913584,train
7496,30.85854490144682,30.859028,train
13914,50.13120527614953,50.157135,train
4310,9.719544483530507,9.701442,train
6839,8.125366965057475,8.115988,train
13000,4.469668491169972,4.4669857,train
13173,2.6475299722156738,2.6136274,train
6548,39.27753426474772,39.3066,train
9836,45.68455748839662,45.69794,train
9528,6.728058320195319,6.7006187,train
6140,33.92870828003857,33.921986,train
14572,6.654040997719327,6.640617,train
9819,35.02195840075093,35.033226,train
11209,53.90188774203692,53.90238,train
7533,52.65787197375085,52.662178,train
18355,35.38576344087019,35.385086,train
4628,57.23416600632674,57.214207,train
3117,5.388931658677182,5.3843994,train
12590,2.671216825068361,2.628181,train
4013,40.61696131303726,40.627888,train
9103,2.738415152769665,2.7010593,train
6128,29.580343923795965,29.565825,train
1014,8.035463672537583,8.026996,train
17549,22.99131847807981,22.99665,train
14931,4.470514372954189,4.460632,train
18104,13.872643591503794,13.867256,train
16172,14.04309586754078,14.043468,train
17431,59.51701362971379,59.561916,train
8103,39.7924248779648,39.80253,train
16557,11.58450889049733,11.583605,train
220,5.3012249343319935,5.2929263,train
18032,3.390434796633999,3.3911738,train
4157,23.07013446773524,23.082417,train
15418,27.103617982825227,27.080267,train
3870,2.7305324516087164,2.7019708,train
1863,31.22906731708881,31.204155,train
1932,3.5023728097497764,3.4886556,train
10896,10.173935357807435,10.169142,train
19171,2.6801950720210863,2.657442,train
5008,53.1257604450006,53.132427,train
11324,16.308010662860998,16.305021,train
4736,19.55952737168782,19.561234,train
17102,8.313108372950806,8.306465,train
18249,6.728924349168537,6.705871,train
8181,6.768723500172809,6.7562566,train
15267,44.84250412419234,44.84194,train
15587,17.013134627583373,17.008608,train
3471,55.98918534937304,55.974064,train
8335,2.737823782607874,2.7114336,train
19107,31.25807903956796,31.254282,train
16176,16.594025166408024,16.58785,train
3646,45.32571236254361,45.324505,train
8771,8.312589722231753,8.300555,train
16745,12.03877401726476,12.027494,train
18661,9.943284673744312,9.933813,train
1119,39.29411433263528,39.317776,train
9317,4.406554839696068,4.407632,train
2421,23.28997481824149,23.292965,train
14509,58.53201876125161,58.527924,train
6414,4.27538826601557,4.2705894,train
15114,2.6680277245003223,2.6329515,train
6178,56.32124547307948,56.316223,train
6411,3.387760611053528,3.3868213,train
17646,3.46287616207661,3.4650126,train
12207,3.5205301735751884,3.495901,train
16708,6.789694094218048,6.771323,train
16372,16.975095666791052,16.958633,train
1370,4.2785560676396175,4.271818,train
16981,26.890179442611885,26.873459,train
3339,7.918785017787245,7.9168477,train
6744,40.40730176842157,40.412834,train
10171,16.50056323151148,16.491566,train
5675,10.060629531796687,10.043074,train
19167,2.6801950720210863,2.6407034,train
14559,5.394117115004909,5.3982635,train
5593,53.083073628243376,53.077946,train
8288,40.90966709664708,40.934032,train
7423,9.95058028746876,9.969707,train
6323,29.89913730912132,29.883562,train
15020,23.59561888155831,23.60728,train
13152,53.97896503267833,53.96895,train
4516,11.655635738720658,11.645728,train
7085,19.928197397033564,19.921268,train
18300,16.788713564476186,16.785606,train
12250,10.114202528778405,10.09677,train
15314,2.7385840698588604,2.7060642,train
1161,3.422106991892183,3.4219193,train
15664,47.05238996663752,47.089462,train
12578,58.7445336701217,58.759453,train
6442,6.575749272452735,6.5613046,train
13755,3.3793123881317606,3.3695042,train
8523,2.70891590619996,2.6659768,train
18305,16.788713564476186,16.776333,train
2038,27.08718049328076,27.06661,train
4531,13.868744565326486,13.85617,train
8130,58.09660211241908,58.12138,train
17023,46.49526413052747,46.49077,train
16126,6.655552005522495,6.632698,train
11507,14.347619590331648,14.342104,train
12894,20.21466243626813,20.216013,train
17960,30.706189705368445,30.70263,train
14324,73.22517547872039,73.20105,train
9651,52.342681818322,52.329155,train
3890,4.404761854709105,4.403061,train
14138,2.768396039009667,2.7523339,train
6871,14.034669683999034,14.028988,train
12725,30.13641458533303,30.135544,train
14333,2.680060136742551,2.6577048,train
13435,12.158984383433603,12.148338,train
9692,3.4416346941221185,3.4359348,train
9263,46.91882917131666,46.940895,train
1722,59.44294578668329,59.480965,train
7801,8.003875223317337,7.985713,train
4834,2.746990607590344,2.727987,train
12229,5.543782443503579,5.5337777,train
1961,6.807036339896532,6.8086452,train
11042,2.756563314981308,2.7261267,train
13833,16.269805179595384,16.263971,train
3415,29.406136662132543,29.411509,train
18407,3.46394638368498,3.4575956,train
8874,41.0803601020278,41.096165,train
13370,3.5279843254560563,3.5201924,train
6315,25.92720413216168,25.915455,train
5933,31.46723268531948,31.458742,train
3308,4.225821220586322,4.21529,train
4218,52.86517090270329,52.85712,train
7544,59.78105804044495,59.846283,train
8941,5.453665289542088,5.4441895,train
15581,14.389077514591778,14.391838,train
12731,34.599842035110434,34.612206,train
2809,22.369427249904778,22.367294,train
6238,6.56667945409624,6.548214,train
14488,45.49573519133895,45.516773,train
15617,27.08734431972084,27.074554,train
7648,16.327472020473603,16.33097,train
15719,4.4696908100697,4.452521,train
6836,8.125366965057475,8.115249,train
10520,9.64268256478926,9.636333,train
14388,9.833515805333912,9.817049,train
12545,40.0707569732276,40.094597,train
13947,3.5409996489680857,3.5111897,train
6222,4.26985585887273,4.252435,train
15167,9.741813509382144,9.736939,train
430,8.193188684675764,8.193623,train
7059,12.063942686022951,12.05513,train
15422,27.103617982825227,27.077723,train
19129,41.14820492115364,41.168594,train
5400,51.312490421608985,51.303776,train
3437,38.507113968365694,38.53266,train
12828,5.577448450095398,5.5597787,train
14757,6.805252055153304,6.7956343,train
4267,4.278595371611911,4.2790837,train
7306,31.66584515644597,31.661108,train
12066,10.082996455453056,10.074565,train
4714,14.101696676245515,14.107721,train
14326,73.22517547872039,73.22873,train
17,3.4636882360122017,3.4530146,train
10675,5.393963881571096,5.400327,train
12144,35.86065710741565,35.847626,train
269,11.566192835454284,11.55688,train
10602,34.04503967970897,34.053337,train
9380,14.323302676962449,14.319501,train
16424,35.77354654999463,35.76833,train
6296,19.18033941664073,19.173206,train
7276,20.21097208203288,20.213083,train
568,59.35647455954896,59.434002,train
10965,31.58388320152769,31.569561,train
11531,19.91349683898619,19.896545,train
4917,14.39875625051176,14.390434,train
10070,59.11622057953624,59.18621,train
210,4.252862475887518,4.244102,train
8734,3.50175545283292,3.4823978,train
3743,12.073126840685235,12.069144,train
12814,4.470468267539965,4.454244,train
7185,3.540934651623731,3.5168872,train
8605,14.21374816941229,14.216467,train
13451,17.112477023026607,17.097109,train
17599,46.10037718977418,46.098545,train
10366,19.93098414733021,19.930363,train
7621,9.688448573591964,9.68886,train
3295,3.351284363884982,3.3388667,train
14460,30.4057495063976,30.400671,train
5278,8.09967191087475,8.088488,train
17756,26.612189407349323,26.618704,train
12129,27.04577228607741,27.022696,train
7931,57.0491840684996,57.07008,train
14074,36.428494938564704,36.44434,train
379,56.55112495464567,56.51159,train
7203,5.577536607686025,5.566161,train
5203,59.80583469808005,59.881798,train
15273,44.84250412419234,44.853153,train
3046,45.24553910198273,45.254555,train
5475,8.284601351130672,8.264658,train
11092,8.3667163290534,8.354048,train
17504,9.944672091049991,9.941812,train
173,52.3882682736391,52.377346,train
6688,16.779063203990013,16.77557,train
15911,4.469972324144574,4.4807863,train
10186,22.57583300924566,22.580513,train
9722,6.673618911012023,6.66394,train
3363,13.64658205019341,13.637976,train
13065,14.541677505539448,14.5471115,train
966,2.651650512029733,2.6237833,train
3411,25.51355843884533,25.506094,train
6679,14.198530743640813,14.1983185,train
893,26.33137260081264,26.325289,train
12334,36.16450734276653,36.172462,train
4274,4.278595371611911,4.2776337,train
12750,45.0442584732151,45.062237,train
9033,26.67851046560988,26.693768,train
12593,2.671216825068361,2.6399136,train
1227,11.776863732605358,11.779229,train
18596,2.7086064111784056,2.674401,train
17968,35.25462350907537,35.271416,train
17544,19.705616141502567,19.68145,train
17364,22.99733939796085,23.010506,train
5473,8.284601351130672,8.26119,train
6867,14.034669683999034,14.03497,train
17283,5.452947367426283,5.43634,train
19191,4.326005709231165,4.3142123,train
17766,30.70077920221167,30.70885,train
3278,66.23324544059561,66.34197,train
18928,35.360660553701905,35.34818,train
9396,19.881223193832128,19.878351,train
13171,2.6475299722156738,2.6118915,train
10115,6.626577584173653,6.612712,train
10922,14.539623170982962,14.531319,train
12472,14.089571891047656,14.089884,train
9018,19.70783187156621,19.69019,train
8421,14.376280985907911,14.3686075,train
14189,10.180712630968689,10.177665,train
11778,45.47145799138764,45.50647,train
9059,35.37296331373003,35.383938,train
187,59.37062721017586,59.408356,train
3747,12.073126840685235,12.071281,train
13662,22.709573149294464,22.714844,train
11703,16.59108938180168,16.577412,train
16014,27.415781458912697,27.38217,train
6383,64.47585075138502,64.50139,train
12231,6.840436546862896,6.816972,train
8676,40.58653190880326,40.595554,train
14755,5.515291571911735,5.507994,train
1518,50.632492434613184,50.632793,train
6168,49.89380123014212,49.910786,train
7424,9.95058028746876,9.9674635,train
17090,6.804951600960687,6.790563,train
3592,19.43015220231093,19.424227,train
375,56.55112495464567,56.519585,train
15552,8.316653299183429,8.325209,train
8901,60.47364583500093,60.461628,train
5359,30.2611568718884,30.262363,train
6006,3.3594554848970217,3.350432,train
2735,6.571475771599267,6.560022,train
10453,60.17810455334465,60.239708,train
2633,30.383161080528925,30.384775,train
948,51.56890951301239,51.57357,train
14115,61.87956213511676,61.91197,train
1982,10.066042242569983,10.073885,train
9324,5.496595758597001,5.489755,train
1988,12.08150093831357,12.084682,train
17310,9.943417259271168,9.927225,train
9420,26.92943166856057,26.916346,train
9862,58.91676567489441,58.95219,train
2191,12.031218109653784,12.014825,train
2803,19.187323388788315,19.1792,train
8742,4.420741737162155,4.4160814,train
1140,57.2881662058226,57.266834,train
9009,16.787195017761377,16.765556,train
13390,5.555295080198322,5.553736,train
8,2.708496180126906,2.6802552,train
15922,5.576937014393697,5.5760126,train
11365,29.808515986958906,29.80301,train
15887,2.767913244299724,2.7404587,train
18701,19.70205587277775,19.686148,train
17944,22.94986468631417,22.947586,train
1711,52.42578981420947,52.396046,train
3797,27.0396064566848,27.019772,train
11185,41.44496763084698,41.484467,train
18493,16.785412269679526,16.775028,train
1640,19.706468378524733,19.690756,train
12243,8.356192481029266,8.333523,train
6217,4.26985585887273,4.256861,train
2062,35.98998620812796,35.97424,train
783,3.4264405851801163,3.421446,train
3534,8.112795120300943,8.109989,train
14176,6.883609052061724,6.8648434,train
8768,6.804798625042007,6.7905726,train
4438,65.42022898601756,65.40475,train
11420,56.87545981746262,56.884476,train
13663,22.709573149294464,22.715147,train
1603,9.944103509025238,9.933543,train
19025,6.807111380190824,6.789068,train
8840,23.296083483998068,23.281948,train
2228,23.203419579996773,23.204168,train
2946,9.807070250141807,9.786055,train
2028,23.329218518114708,23.337967,train
3200,22.69471854911499,22.691555,train
8573,8.220943361868855,8.203787,train
11758,34.9124546423168,34.927765,train
7705,34.24997647402045,34.25718,train
16026,36.43845598684842,36.447437,train
8248,23.17079121356761,23.165388,train
11790,51.6246529061579,51.611797,train
16040,41.74918116335162,41.75277,train
4056,2.719636032414056,2.6933339,train
5254,5.377687186849471,5.3765335,train
10268,2.7378350951730805,2.71688,train
1326,51.53519422389181,51.533443,train
15603,19.983325306274804,19.965181,train
5282,8.09967191087475,8.0941515,train
821,8.124923633519694,8.124117,train
7902,39.10561494606926,39.126926,train
12357,47.3150321406427,47.328316,train
10490,5.296604013800311,5.2960296,train
8354,4.420408821409588,4.420271,train
12166,46.75018976133836,46.73708,train
17212,47.00467924590599,47.00537,train
719,30.807016912029543,30.77948,train
15428,31.31477534961435,31.294737,train
17981,40.29987785141369,40.316807,train
4389,34.380357693480214,34.397293,train
5166,35.51833588723952,35.523773,train
18872,14.203412981302147,14.198599,train
4153,19.766535338864166,19.74264,train
150,40.46693733703246,40.499504,train
13689,34.893331232725146,34.890858,train
7599,6.560735403418399,6.5528946,train
13981,8.409437556211982,8.39039,train
311,25.74185264532621,25.733515,train
18469,11.93139621122396,11.930258,train
16343,10.054760377014018,10.038673,train
13521,47.17017381468497,47.18862,train
13191,4.271657825709782,4.262937,train
1306,39.84803196164996,39.871216,train
524,35.2878499253424,35.285965,train
2950,9.807070250141807,9.787988,train
7139,40.92031603182694,40.920586,train
2321,3.502050506320055,3.4748082,train
4309,9.719544483530507,9.700542,train
8362,4.420408821409588,4.421807,train
849,11.792452301465284,11.788134,train
1295,34.84895468229793,34.843872,train
10080,2.6703927948160247,2.6561956,train
4890,8.330951206182403,8.322534,train
4484,5.3349161923909225,5.3364377,train
5934,31.46723268531948,31.45647,train
3696,4.420411774772554,4.4210677,train
13952,4.470717032155693,4.4656863,train
6125,29.580343923795965,29.566982,train
7133,40.92031603182694,40.91985,train
256,9.6469003213132,9.6296835,train
1977,10.066042242569983,10.057001,train
11415,56.87545981746262,56.89111,train
14337,2.680060136742551,2.6688673,train
16304,4.419843683848651,4.411063,train
9781,19.511210629926246,19.499264,train
18432,5.453876964856426,5.4512405,train
19327,45.57162708262807,45.59693,train
660,14.205663251031078,14.207868,train
13767,4.262151865053322,4.251396,train
9642,46.07701349970316,46.079144,train
12565,51.84994986020546,51.88561,train
10786,34.87447201545137,34.898975,train
16163,14.04309586754078,14.037309,train
17715,11.920420225393688,11.915451,train
17804,45.87191982389491,45.862457,train
2545,8.12609586234306,8.115563,train
11268,5.314125823890522,5.319792,train
8677,40.58653190880326,40.60308,train
14310,61.61955390616471,61.626358,train
385,2.7012125572626595,2.6911435,train
10695,8.12551687206948,8.124895,train
7938,64.35993824723154,64.387146,train
8033,14.029125772265932,14.021589,train
14516,58.53201876125161,58.52882,train
11450,4.417284206021883,4.414914,train
15518,4.421979616157388,4.417875,train
9833,40.07151118070172,40.09032,train
1895,46.89344416172968,46.880825,train
11055,4.450109834123621,4.4434676,train
17502,9.944672091049991,9.942003,train
2824,25.92904785667398,25.917381,train
15801,20.21305286572704,20.209976,train
18584,59.36762111235722,59.41958,train
11325,16.308010662860998,16.305294,train
2739,6.571475771599267,6.5577493,train
12877,14.552373177137932,14.542595,train
12325,31.442471381136336,31.424793,train
15797,20.21305286572704,20.21859,train
9938,8.191759386175578,8.177691,train
8262,26.89784900823696,26.894539,train
16984,26.890179442611885,26.86731,train
5557,31.086306563780983,31.070585,train
5877,12.196546913036052,12.177584,train
2253,31.098562535715903,31.076689,train
12444,8.158966784717283,8.149361,train
6856,11.79247674953602,11.7879925,train
6702,19.69635613318388,19.68399,train
8008,9.828074709524572,9.81763,train
10246,51.06412786371418,51.076294,train
8843,27.039190034919176,27.025146,train
8292,40.90966709664708,40.932144,train
2091,53.61430273355695,53.623444,train
12167,46.75018976133836,46.74206,train
3313,5.265575656743408,5.265035,train
40,6.728225741656603,6.6989727,train
11598,53.23078958907627,53.20996,train
13329,44.60184610371282,44.614193,train
12829,6.882941629441138,6.8634586,train
12312,27.2150462191298,27.214409,train
8169,5.486112696540107,5.486453,train
6807,4.325080681999751,4.3208475,train
7577,4.26638485919936,4.26359,train
1769,6.804125871351521,6.7894588,train
1878,41.102242544116194,41.119537,train
10125,8.09096009018889,8.085653,train
6578,57.299878230603134,57.294563,train
16771,19.890220415820057,19.888618,train
10914,14.539623170982962,14.540716,train
2520,4.32526132233661,4.31733,train
4039,52.52433965725746,52.55164,train
1679,35.3790001622984,35.386272,train
9320,4.406554839696068,4.4026594,train
13354,57.13312231443475,57.15513,train
17596,46.10037718977418,46.097424,train
2943,8.10628119297899,8.09365,train
14213,14.553384683418702,14.556175,train
5200,52.69668947022024,52.727165,train
15003,17.20354303610618,17.19537,train
12049,6.822815867393846,6.81367,train
7839,16.311150222238446,16.315123,train
4518,11.655635738720658,11.6453285,train
8769,6.804798625042007,6.790718,train
16285,2.7377288519874936,2.6948216,train
9212,23.303793572059423,23.320894,train
4026,46.2647312762206,46.276802,train
13253,13.845264711215988,13.838246,train
348,38.871001689016985,38.8819,train
12139,31.21633923942998,31.18548,train
5568,35.73198980287516,35.724506,train
5852,6.876419054110113,6.8413587,train
11436,3.500004551362066,3.4863915,train
13717,45.43106480404264,45.43942,train
10417,40.950632724160805,40.964657,train
4216,52.86517090270329,52.87242,train
3135,8.11832626120918,8.116386,train
13752,3.3793123881317606,3.3714678,train
10814,45.392770466990434,45.39316,train
15372,12.085016051450117,12.091764,train
14353,4.3255825255506535,4.320262,train
17483,6.728661322074843,6.7028885,train
14002,12.218588363439878,12.210004,train
11348,22.304253472901937,22.310282,train
2160,6.78451665768644,6.764301,train
1831,19.958240419310386,19.956556,train
4193,35.5501979046819,35.532887,train
548,46.03373489283661,46.050335,train
17363,22.99733939796085,23.014614,train
8641,26.719688219129843,26.729145,train
10183,19.36078596408515,19.345123,train
4467,4.278170829014148,4.2776265,train
11972,45.43311720005017,45.470337,train
5870,10.16471814241218,10.135009,train
14505,51.66606240165736,51.673805,train
4151,19.766535338864166,19.746628,train
9044,30.792365123361137,30.805935,train
8671,40.58653190880326,40.603653,train
16147,9.834642984749664,9.820815,train
6326,29.89913730912132,29.88638,train
13220,8.020969874138826,8.018152,train
3166,14.02600296533172,14.026321,train
3090,2.6772620050674827,2.6645815,train
3917,8.272005847991887,8.262988,train
8276,35.72177595241204,35.730507,train
15632,31.29151355771038,31.275352,train
8069,26.300087921823646,26.297613,train
8339,2.737823782607874,2.718041,train
18639,6.728004270033436,6.712403,train
1864,31.22906731708881,31.197561,train
12687,16.464297328796746,16.45306,train
18852,9.94467047086916,9.932984,train
152,40.46693733703246,40.49217,train
12276,14.455497684795304,14.440367,train
17450,3.463971586611452,3.4617033,train
108,19.707799831398216,19.692413,train
6431,5.3314508258617375,5.323527,train
1142,57.2881662058226,57.264427,train
8366,5.514356971441128,5.516686,train
11266,5.314125823890522,5.3183203,train
14595,9.831611259859253,9.825978,train
13231,9.702428609908443,9.697956,train
8474,35.91032086682111,35.909496,train
2956,11.763618443330088,11.756279,train
2270,40.923614122445166,40.946274,train
234,6.5359800295844535,6.5220294,train
18536,35.364527610569084,35.355217,train
14158,4.470788645696553,4.4666677,train
17940,22.94986468631417,22.950474,train
1587,6.728228905976399,6.709431,train
1266,22.674852098493925,22.658827,train
2749,8.023180179116657,8.0147085,train
15892,2.767913244299724,2.7509654,train
11,3.4636882360122017,3.4520545,train
3402,22.018759429305742,22.011292,train
1947,5.516279237034647,5.5042024,train
4915,14.39875625051176,14.393803,train
5569,35.73198980287516,35.727608,train
7039,8.30809612507781,8.293393,train
15929,6.882495340379882,6.869954,train
4785,40.17730010575605,40.195477,train
12323,31.442471381136336,31.427958,train
7702,34.24997647402045,34.253304,train
1367,3.3902555318677594,3.392204,train
14589,9.831611259859253,9.822983,train
13144,47.44345591156762,47.43109,train
18818,5.45397953162337,5.4495745,train
9909,4.361721156600234,4.367862,train
12258,10.114202528778405,10.109375,train
7057,12.063942686022951,12.05563,train
7913,44.50071754991946,44.504597,train
9806,30.482365849216244,30.471485,train
11648,5.394844293046,5.398144,train
4176,30.923494904816422,30.92235,train
17630,69.13749578578044,69.09581,train
14773,8.312917138020815,8.303185,train
7669,22.33235177416136,22.344036,train
12974,61.88841155896284,61.918507,train
14320,73.22517547872039,73.17552,train
14681,39.89073286545132,39.91571,train
16283,2.7377288519874936,2.6914225,train
8150,3.4843811294887512,3.4671052,train
8114,45.29318866042374,45.29102,train
13414,8.372357434098713,8.352655,train
17160,23.313702792405124,23.328295,train
3251,45.46525692745161,45.50108,train
18653,8.217141392562914,8.212488,train
6584,64.63445678339761,64.69171,train
3933,12.004627192306971,11.986663,train
580,2.7085127543344987,2.6856954,train
14429,19.47358371511247,19.481165,train
3330,6.4898566002953375,6.4754496,train
4188,35.5501979046819,35.54245,train
12492,19.53860154075247,19.532972,train
17565,26.67363142943311,26.664845,train
5880,12.196546913036052,12.172932,train
14866,35.89960393091611,35.900238,train
17663,4.370879763959018,4.369836,train
2915,5.381950494939112,5.3745985,train
12944,41.752818862431866,41.76317,train
11499,12.051421583783052,12.040182,train
2230,23.203419579996773,23.202805,train
8419,14.376280985907911,14.368912,train
545,46.03373489283661,46.049885,train
4370,25.9825189971324,25.971909,train
14814,16.99476765856894,16.979824,train
19146,53.42860126107073,53.45344,train
649,9.94505395806381,9.945385,train
16822,40.941147680016144,40.956093,train
16498,4.262151865053322,4.251962,train
6062,9.617347410194986,9.613449,train
5388,45.219210934851226,45.222813,train
11782,51.6246529061579,51.603867,train
469,14.160952427235628,14.162703,train
19214,8.129064147563943,8.129675,train
2086,53.61430273355695,53.617397,train
12647,8.077368205409602,8.06683,train
3895,5.492521876071974,5.490181,train
8884,46.85373954662278,46.851517,train
12475,14.089571891047656,14.087578,train
10355,16.976216926803463,16.966463,train
19250,14.046750508132789,14.045564,train
16480,2.644782439096441,2.6094437,train
10463,2.634075483446833,2.6066935,train
306,22.211921831456284,22.203014,train
5487,10.024970078805753,10.000131,train
486,19.649111293465804,19.637318,train
6696,19.69635613318388,19.688486,train
17285,5.452947367426283,5.4319196,train
10975,36.30566648985637,36.31219,train
498,22.9279123481559,22.911829,train
16697,4.413433510170315,4.4103622,train
9946,9.9109232636722,9.901004,train
10403,31.15061180638959,31.125906,train
14259,31.654038807109423,31.653006,train
10293,4.420015738497578,4.4152436,train
4755,26.475997643467675,26.455647,train
11732,26.34777667217677,26.332647,train
13629,14.039270848299736,14.044981,train
2451,35.89156100745434,35.90251,train
1639,19.706468378524733,19.693352,train
17328,14.203174694797369,14.205121,train
18937,40.44625226967486,40.460957,train
14623,16.5859980766324,16.579134,train
515,30.71125286382736,30.697191,train
6689,16.779063203990013,16.774702,train
15130,4.297855922649827,4.293659,train
12917,27.410694019083195,27.400578,train
16763,16.93983299424297,16.929447,train
15909,4.469972324144574,4.475841,train
15941,8.408953862492385,8.401088,train
7233,10.179073775007422,10.166768,train
3345,9.573274695324717,9.5593195,train
12529,30.50696090872292,30.490887,train
12903,23.604065820872368,23.604578,train
10176,19.36078596408515,19.353682,train
7379,3.464617385374871,3.4600449,train
14005,12.218588363439878,12.207729,train
15871,54.36650330189079,54.322483,train
18750,40.46160991887188,40.473328,train
241,7.977484841951872,7.967531,train
11667,8.12733854043814,8.123221,train
4425,50.65171531599499,50.683575,train
5507,14.320139454287412,14.309148,train
13293,25.934075732722288,25.92514,train
2411,19.95375118013526,19.960264,train
4574,25.979645064492203,25.968317,train
5205,59.80583469808005,59.884247,train
16004,23.60852531144856,23.584978,train
13645,16.58837265322754,16.583387,train
7767,4.265302680390501,4.2478495,train
8107,45.29318866042374,45.305237,train
338,34.03959183233169,34.036125,train
6185,63.38449733252296,63.437275,train
11152,23.45668169305344,23.448584,train
237,6.5359800295844535,6.52314,train
14671,34.89064573342807,34.906334,train
10951,23.56254672507082,23.551723,train
10432,46.68280546402441,46.702694,train
3684,3.5015152732231445,3.4867136,train
4264,3.390275518628752,3.3996506,train
16782,23.213132850411533,23.208607,train
14892,53.37814339848742,53.38888,train
15763,10.177968045211644,10.167106,train
5997,2.6283117251133854,2.5832982,train
9155,8.314264525895991,8.3023615,train
8202,10.006211635630953,10.0018425,train
4816,59.07508503266062,59.17088,train
3441,38.507113968365694,38.53551,train
13631,14.039270848299736,14.0440035,train
19354,66.46919271207298,66.51078,train
9177,12.07673973791194,12.064979,train
8402,10.060244866626965,10.045725,train
3226,34.89196154707621,34.905815,train
2556,9.831747633839294,9.815497,train
2033,23.329218518114708,23.309423,train
17063,3.501616867164235,3.488642,train
2503,2.679937679461942,2.6582572,train
7022,5.512986899996157,5.5090513,train
1781,8.311737250622173,8.295633,train
8951,6.728387427829043,6.7001576,train
13513,41.35234408019274,41.36567,train
10866,5.575802753031455,5.568147,train
14922,3.540883323591228,3.5139625,train
11859,6.654179064714825,6.6436324,train
18545,35.364527610569084,35.353867,train
13826,13.778863574118942,13.762543,train
13157,53.97896503267833,53.964455,train
8005,8.123629502903881,8.114472,train
4757,26.475997643467675,26.45215,train
11468,6.796082980187971,6.785858,train
10739,16.584010125865344,16.573591,train
18367,46.14505775094848,46.13882,train
15513,3.502563886701579,3.4892464,train
10744,16.584010125865344,16.572208,train
12631,6.6172711234336985,6.5955863,train
470,16.736428127591374,16.74123,train
4530,13.868744565326486,13.854382,train
15570,12.082626569966488,12.098663,train
17845,3.462916596395052,3.4551764,train
15680,60.92498701194428,60.97432,train
12358,47.3150321406427,47.329086,train
8937,4.372289036882156,4.3616695,train
14273,36.40169482099516,36.406403,train
17314,9.943417259271168,9.923382,train
16211,26.35585423252835,26.34942,train
17919,16.764656649063088,16.754356,train
7128,35.77251487880431,35.77377,train
8720,67.89804544702722,67.82456,train
11563,35.80894288502899,35.8154,train
1210,9.8172927105488,9.806415,train
7725,44.509460478962495,44.511047,train
14965,8.408610267261812,8.388413,train
4970,31.21749104577259,31.188677,train
12770,57.885328857601024,57.945663,train
4136,16.833783360271415,16.834269,train
5616,2.7379345908003714,2.6903129,train
18531,30.785227753268504,30.77443,train
11275,6.553632401545066,6.5472174,train
7761,3.380822196050792,3.3653307,train
17928,19.675866135052928,19.664751,train
6708,22.97874290495203,22.975628,train
15220,22.446042861648767,22.438253,train
6066,11.53119596876517,11.524555,train
3729,8.311869444965327,8.304898,train
8457,27.045330248666936,27.024456,train
15982,17.210299148184202,17.184208,train
15440,36.018131102324695,36.012516,train
17217,53.51689601658749,53.51134,train
2561,9.831747633839294,9.812301,train
11280,6.553632401545066,6.5484824,train
2224,19.88098601288324,19.850174,train
5528,19.87480651925221,19.849241,train
17013,40.79274201265735,40.791866,train
13346,50.56027279455254,50.570435,train
14884,46.903861444194575,46.91101,train
16867,2.734408842652395,2.7067876,train
13492,31.42927549874927,31.403418,train
3864,2.7305324516087164,2.7027068,train
15140,5.355787833397262,5.35352,train
11246,3.3775172482846187,3.3842254,train
3721,6.804226295927448,6.8005524,train
14806,14.37624472537404,14.359482,train
8388,8.311883690182274,8.300052,train
11309,11.605420343427122,11.601817,train
18206,2.708708464276146,2.6758273,train
8237,19.84990966305152,19.847647,train
308,22.211921831456284,22.200676,train
3875,3.4906262588516723,3.4817283,train
4477,5.3349161923909225,5.3311276,train
2970,13.999610748761176,13.992575,train
10305,6.802501042896526,6.7803745,train
15102,73.00966898459065,72.91333,train
6052,7.952605880418686,7.949603,train
11871,8.126053948962111,8.12583,train
9369,12.030090252009884,12.027185,train
519,30.71125286382736,30.69044,train
3541,8.112795120300943,8.110278,train
3440,38.507113968365694,38.530003,train
6482,13.861175328282078,13.843226,train
9775,19.511210629926246,19.51769,train
6760,46.0352372303975,46.03407,train
84,14.203979076475648,14.203391,train
3706,5.514361958659131,5.5186934,train
17882,8.212995549639128,8.1943035,train
12954,47.69190762553954,47.70192,train
15779,14.55047371652352,14.54855,train
11063,5.551136481422364,5.5451803,train
14811,16.99476765856894,16.987932,train
2551,8.12609586234306,8.114821,train
1346,66.02221833454253,66.10445,train
18115,16.387020803117196,16.38579,train
14238,20.2134235483514,20.185934,train
8075,26.300087921823646,26.286518,train
18037,4.278839677835594,4.271182,train
13512,41.35234408019274,41.360615,train
6637,6.727251903746071,6.7093816,train
9209,19.964625243203816,19.95964,train
8516,60.658221869689925,60.669556,train
10398,31.15061180638959,31.139553,train
6685,16.779063203990013,16.781767,train
5399,51.312490421608985,51.304836,train
3611,26.28315548393333,26.281225,train
16879,4.411629702698938,4.409841,train
13735,58.36936852175695,58.4364,train
17273,4.371733988550494,4.355324,train
4316,11.65698187200393,11.63646,train
5947,36.14161337491136,36.134434,train
4120,11.963037936696075,11.978824,train
4382,29.96110459697413,29.961637,train
1122,44.710494378692566,44.719837,train
17905,11.92108481279417,11.909309,train
15195,13.894078065810072,13.879231,train
10027,35.22028551346449,35.229923,train
1472,25.978980967828967,25.957859,train
14152,4.470788645696553,4.4665613,train
14934,4.470514372954189,4.4526553,train
7136,40.92031603182694,40.909615,train
15335,5.517049797814488,5.519867,train
13406,6.854252064921547,6.842198,train
15144,5.355787833397262,5.355403,train
8981,11.93189209849983,11.914939,train
7114,31.139319734798352,31.132479,train
11836,4.325138898516199,4.330337,train
11964,39.89208467808479,39.914906,train
17947,26.61609949971503,26.620659,train
16123,6.655552005522495,6.633638,train
16716,6.789694094218048,6.76904,train
1847,23.296212376808747,23.272558,train
18990,3.5025840094867644,3.4858196,train
6025,5.283813091314699,5.276392,train
1457,19.22082359226023,19.206825,train
11487,10.043941062065771,10.030142,train
15429,31.31477534961435,31.29759,train
18043,4.278839677835594,4.271516,train
6494,19.21179116646248,19.211298,train
18774,52.41284890942071,52.41634,train
13111,31.594912912840023,31.593584,train
2147,5.4997115639109175,5.4889646,train
8665,35.45862287003865,35.470642,train
5493,12.028482888236972,12.007178,train
5792,53.26827894464033,53.29546,train
14885,46.903861444194575,46.915974,train
3756,14.375851944553288,14.381206,train
6549,39.27753426474772,39.311295,train
16199,22.721509220154857,22.733824,train
3819,35.89380915458802,35.896297,train
3506,4.318728812581711,4.3219695,train
9709,5.4120818139826525,5.418437,train
5252,4.312276681150203,4.315441,train
12861,12.218730288473536,12.209088,train
6479,13.861175328282078,13.8502035,train
7968,4.324569650612342,4.3262453,train
2484,53.37235098962706,53.3988,train
13132,41.58429061495493,41.5869,train
5539,23.1955736438012,23.172,train
15560,10.06695287605768,10.069742,train
8064,22.68160677705264,22.67701,train
19105,27.06434035111792,27.02931,train
6882,16.582108766157965,16.566832,train
18401,2.7086994826902444,2.7019928,train
18613,3.463800375958302,3.4568834,train
2041,27.08718049328076,27.0752,train
4536,16.381900654578118,16.369844,train
15498,2.738511525458672,2.713854,train
12362,53.90261300771889,53.91509,train
11883,11.79434716865068,11.796542,train
18138,25.99103057566703,25.980848,train
18393,59.45844552167869,59.472813,train
9843,45.68455748839662,45.713833,train
7002,3.501096998788304,3.4870644,train
13362,2.7587097236128133,2.748436,train
13400,6.854252064921547,6.841662,train
19157,60.70463346233216,60.71694,train
7005,4.41963148757761,4.4174004,train
2201,14.32379971425744,14.307131,train
1574,5.453602047597056,5.4507475,train
12130,27.04577228607741,27.018896,train
15261,39.38354458162934,39.399525,train
10899,10.173935357807435,10.179417,train
3400,22.018759429305742,22.012407,train
16727,8.292020326117655,8.279032,train
10509,7.972989524142502,7.9760647,train
2418,23.28997481824149,23.30911,train
14203,12.219906214187988,12.216994,train
6344,39.201777071676965,39.226177,train
1058,16.386408131285116,16.37183,train
203,3.371358194630628,3.3670614,train
12959,54.34998233739767,54.312016,train
11714,19.473389322226087,19.472412,train
7529,52.65787197375085,52.637444,train
14966,8.408610267261812,8.388076,train
17786,40.28953774014432,40.310665,train
9918,5.43894963587855,5.448561,train
16740,12.03877401726476,12.03154,train
8675,40.58653190880326,40.601322,train
18592,69.12788205050354,69.09262,train
3190,19.45413985890653,19.452297,train
7597,6.560735403418399,6.5533323,train
4839,2.746990607590344,2.7362387,train
19064,14.38467919456088,14.370758,train
17326,14.203174694797369,14.20337,train
17836,3.462916596395052,3.4621532,train
7720,44.509460478962495,44.51673,train
6848,9.830645370821994,9.810149,train
3005,26.251682459323085,26.241184,train
6911,26.32470590913753,26.313963,train
15813,23.602943561246462,23.593168,train
15006,17.20354303610618,17.185345,train
8518,60.658221869689925,60.667236,train
9121,4.42153269196039,4.415855,train
14437,22.716537099825803,22.72025,train
8331,68.81309100394122,68.817375,train
2734,5.328295548013195,5.3215756,train
10122,6.626577584173653,6.610852,train
17849,4.3709490146262535,4.3696885,train
17826,2.708022958232064,2.6851966,train
8732,3.50175545283292,3.4814277,train
12769,51.12835088120414,51.160706,train
18218,3.4639925588980818,3.4559515,train
18499,19.70503641990049,19.696657,train
2272,40.923614122445166,40.93598,train
14079,41.74343029751184,41.76713,train
11302,9.677548837060357,9.669835,train
8745,4.420741737162155,4.41447,train
9566,14.200872999247029,14.193753,train
3979,23.11250514594009,23.098692,train
14440,22.716537099825803,22.718742,train
17616,59.36039100777808,59.401054,train
19031,8.31575350674248,8.298209,train
15528,5.516667852136265,5.5072846,train
18557,46.10165373502444,46.09263,train
2512,3.4268652011358185,3.423169,train
14712,58.378819776444416,58.429256,train
10970,31.58388320152769,31.556377,train
5269,6.633172795893891,6.6122255,train
17347,19.708416363432303,19.698095,train
16495,3.3793123881317606,3.370696,train
14872,41.10504443634969,41.11286,train
15562,10.06695287605768,10.067315,train
11983,51.57113925881535,51.56475,train
13615,9.832967363274172,9.823447,train
13185,3.384927096116184,3.3861246,train
3937,12.004627192306971,11.990638,train
6829,6.653808540578969,6.6376905,train
17256,3.4633463032713725,3.446227,train
13003,4.469668491169972,4.468171,train
18004,52.06823645974915,52.096886,train
5591,46.66270391250456,46.661663,train
3955,16.88157840974574,16.862976,train
17040,59.90232076905948,59.961098,train
4585,29.95803161391567,29.946814,train
11932,26.33615265794538,26.34054,train
1726,59.44294578668329,59.478554,train
18061,6.581219445434478,6.565865,train
10649,2.679764835700203,2.6573753,train
14548,4.325053144040819,4.323927,train
12518,26.43700258485752,26.406439,train
16823,40.941147680016144,40.950855,train
4369,25.9825189971324,25.975231,train
6389,64.47585075138502,64.473465,train
18594,69.12788205050354,69.11865,train
9910,4.361721156600234,4.368284,train
13619,11.79578353111807,11.7972,train
1026,9.72040448238932,9.709465,train
808,5.393604326707714,5.3905497,train
5180,40.64542153266957,40.671036,train
1020,9.72040448238932,9.713212,train
12126,27.04577228607741,27.031336,train
1814,14.375684023441574,14.374298,train
8283,40.90966709664708,40.93659,train
780,3.4264405851801163,3.4219477,train
18828,6.728695988858052,6.7085133,train
16964,19.86458286546309,19.84214,train
5554,31.086306563780983,31.077206,train
10933,20.18653047753837,20.192316,train
4836,2.746990607590344,2.7314477,train
12404,3.4442629704971943,3.4445944,train
8817,16.995957578136125,16.982569,train
9686,2.693225881006085,2.6367009,train
4892,8.330951206182403,8.32202,train
3507,4.318728812581711,4.3219657,train
1638,19.706468378524733,19.697628,train
1246,16.561946987273465,16.545929,train
15561,10.06695287605768,10.070555,train
11263,5.314125823890522,5.3165946,train
16185,19.477517207751166,19.490051,train
3958,16.88157840974574,16.861124,train
17558,26.67363142943311,26.679947,train
15002,17.20354303610618,17.199251,train
7362,2.7091026824146094,2.6678278,train
18328,26.683228947509186,26.696606,train
2830,29.89520883156856,29.882553,train
1003,6.581067824773221,6.560171,train
13587,5.3947431565957125,5.402049,train
15487,69.62951130712035,69.62424,train
3263,58.50636689533324,58.541386,train
810,6.653331355899042,6.6364746,train
10273,2.7378350951730805,2.7245808,train
17428,59.51701362971379,59.554832,train
1254,19.438719492496457,19.442781,train
14028,17.20685403521417,17.18822,train
13100,27.357511719545144,27.35544,train
17120,12.07640658748618,12.071384,train
13321,39.202232131484855,39.220264,train
15863,47.70172982352404,47.700558,train
13183,3.384927096116184,3.385369,train
19112,31.25807903956796,31.244476,train
16728,10.033777273871753,10.013397,train
3755,14.375851944553288,14.37982,train
17550,22.99131847807981,22.994144,train
5198,52.69668947022024,52.71722,train
7957,3.426427000296305,3.4305844,train
6787,2.679876652308808,2.665735,train
838,9.830335858754546,9.819584,train
12579,58.7445336701217,58.75817,train
10319,8.30881283239143,8.288016,train
1533,57.20652774133463,57.185993,train
13526,47.17017381468497,47.174263,train
14746,4.421203120369991,4.409517,train
4380,29.96110459697413,29.969473,train
7416,8.22205215267704,8.244081,train
8323,68.81309100394122,68.85828,train
15937,8.408953862492385,8.398531,train
12929,36.43606370816161,36.42784,train
15881,61.91755856408145,61.963936,train
1160,3.422106991892183,3.4211383,train
12839,8.409214256673277,8.391157,train
9199,17.000145797563636,16.977955,train
5188,46.34706934099864,46.36358,train
13844,19.08199677745677,19.073528,train
6546,39.27753426474772,39.32107,train
9536,8.217205986215005,8.192982,train
736,40.49585337594807,40.51377,train
386,2.7012125572626595,2.6949334,train
895,26.33137260081264,26.320286,train
4363,22.412843611868016,22.410236,train
3686,3.5015152732231445,3.4863923,train
9739,9.855278882312144,9.859584,train
18735,30.78419080231098,30.753664,train
10941,20.18653047753837,20.173306,train
2403,16.991842928224937,16.971054,train
13765,4.262151865053322,4.251554,train
18785,59.43752089678267,59.457573,train
363,50.08211640315393,50.103245,train
15796,20.21305286572704,20.21933,train
11401,44.43268557333643,44.451004,train
16711,6.789694094218048,6.7718577,train
14287,41.69401750937428,41.680664,train
799,4.324690454952959,4.31932,train
10556,19.05443138170404,19.063334,train
9912,4.361721156600234,4.3671412,train
8541,3.4643390973536583,3.455199,train
8313,60.43717871038952,60.442165,train
15438,36.018131102324695,36.008896,train
5824,4.46776870342172,4.4586306,train
4222,52.86517090270329,52.881275,train
12459,9.87011169371161,9.845081,train
5862,8.39929361999531,8.3658905,train
16773,19.890220415820057,19.884405,train
1212,9.8172927105488,9.8035145,train
8950,5.453665289542088,5.4422975,train
4455,2.651340495288661,2.629985,train
9772,16.622454312568223,16.603943,train
18137,25.99103057566703,25.981735,train
8512,53.388393832045885,53.414272,train
14663,30.385313055652905,30.386093,train
11913,19.466938902709447,19.460974,train
4748,22.82017085774277,22.811356,train
14902,60.65764308308809,60.689457,train
16339,10.054760377014018,10.033009,train
15196,13.894078065810072,13.8794,train
2082,47.07352396287201,47.07495,train
15721,4.4696908100697,4.4518266,train
18732,30.78419080231098,30.764536,train
11352,22.304253472901937,22.303308,train
1028,9.72040448238932,9.710583,train
15462,47.12045968287047,47.11219,train
8017,11.788693240324047,11.789202,train
17125,12.07640658748618,12.071011,train
8006,9.828074709524572,9.81878,train
15490,69.62951130712035,69.60009,train
8746,4.420741737162155,4.4131846,train
12414,4.34578898095786,4.351687,train
1382,5.335391898299586,5.327315,train
3051,45.24553910198273,45.23913,train
2585,16.585488782204305,16.583014,train
4282,5.33546376019055,5.3341293,train
14335,2.680060136742551,2.6655743,train
17084,5.514767643990076,5.5135694,train
594,3.463725704281348,3.4624398,train
19302,34.961627070810835,34.96088,train
4737,19.55952737168782,19.553635,train
14504,51.66606240165736,51.65858,train
8928,3.4637610391768354,3.4490623,train
205,3.371358194630628,3.3674772,train
16669,2.735260556130954,2.7034726,train
11636,4.325556458596122,4.325414,train
2668,51.57301685156738,51.56312,train
15253,34.456384355447206,34.447495,train
2879,57.02672548940503,57.027683,train
11906,16.586325238168694,16.577757,train
17939,22.94986468631417,22.95124,train
5679,10.060629531796687,10.037797,train
12845,8.409214256673277,8.384888,train
15012,20.208444303638693,20.217737,train
18638,6.728004270033436,6.7131696,train
12132,31.21633923942998,31.186932,train
3741,10.060180445760883,10.047809,train
2743,6.571475771599267,6.5596848,train
13527,47.17017381468497,47.17399,train
6297,19.18033941664073,19.174475,train
4379,29.96110459697413,29.973095,train
4548,19.22027700345554,19.20393,train
13838,16.269805179595384,16.258415,train
6991,2.7376158744619965,2.7129292,train
3829,41.09026214478016,41.09466,train
17910,14.188504354389975,14.183735,train
1881,41.102242544116194,41.123386,train
2727,5.328295548013195,5.3216333,train
13478,23.452065065404536,23.43696,train
189,59.37062721017586,59.432,train
18764,46.12097172526919,46.123764,train
6975,67.17088418273241,67.11774,train
9812,30.482365849216244,30.473171,train
1018,8.035463672537583,8.029875,train
16352,12.06457598001331,12.055985,train
6830,6.653808540578969,6.6355653,train
7036,8.30809612507781,8.292913,train
7181,2.7683920640794635,2.7356648,train
8441,19.95984341060886,19.958706,train
12504,22.79179224042561,22.790653,train
18173,39.29750380942426,39.31147,train
10277,3.501392529624661,3.4902296,train
17918,16.764656649063088,16.757038,train
6759,46.0352372303975,46.041615,train
2713,3.3860741903467195,3.3827343,train
12366,53.90261300771889,53.935482,train
16621,34.079261637555426,34.077873,train
4515,9.718449084165018,9.711534,train
673,16.78961394224162,16.784363,train
5718,19.95776418992861,19.967922,train
4489,6.57997968013165,6.566632,train
16050,47.67556447748811,47.659203,train
19350,58.679753158553325,58.715954,train
17662,4.370879763959018,4.370348,train
6435,6.575749272452735,6.5616517,train
11111,12.152599783059475,12.140132,train
4880,6.821268673764209,6.801169,train
15396,19.991138872081702,19.997257,train
2494,60.65772001218227,60.714428,train
4978,35.86361365671431,35.86879,train
15449,41.26502903081768,41.270645,train
14477,39.93419882475006,39.95386,train
3412,25.51355843884533,25.503674,train
2784,13.84736991148162,13.834781,train
13055,12.211683043753135,12.211245,train
6207,3.38352670793303,3.37501,train
15060,41.73341427249216,41.77002,train
15474,53.674634010244326,53.680027,train
17604,46.10037718977418,46.103565,train
1473,25.978980967828967,25.960423,train
12773,57.885328857601024,57.922623,train
15615,27.08734431972084,27.081161,train
13959,5.577725012436253,5.5668716,train
3574,16.55589942735338,16.558706,train
12656,9.768981042055076,9.759894,train
16340,10.054760377014018,10.032224,train
15583,14.389077514591778,14.388449,train
12620,5.366975558868218,5.359383,train
16137,8.128037751397795,8.124658,train
10539,13.754986358626509,13.743153,train
12968,54.34998233739767,54.36965,train
383,2.7012125572626595,2.6804981,train
16434,40.922141487373246,40.934204,train
1617,11.93114095632098,11.924987,train
14038,20.2127881503318,20.190783,train
11834,4.325138898516199,4.3305793,train
12393,2.694570254438588,2.6773422,train
19277,22.732934390418883,22.72926,train
2379,12.072313220897104,12.062808,train
7204,5.577536607686025,5.5666413,train
19122,35.936713537831565,35.93219,train
16573,16.269805179595384,16.26332,train
8217,14.297620147091871,14.303133,train
9300,2.729745979583993,2.7197537,train
1836,19.958240419310386,19.949415,train
9514,5.453554826555715,5.4498224,train
12476,14.089571891047656,14.088695,train
13474,23.452065065404536,23.45534,train
12306,23.4386895373512,23.422915,train
17380,30.804209814650893,30.79582,train
13934,2.768427146804104,2.7422123,train
4822,59.07508503266062,59.176643,train
2772,11.638505633455669,11.628529,train
14875,41.10504443634969,41.10398,train
10022,30.66064099070706,30.665869,train
14410,14.040854649431251,14.038742,train
11785,51.6246529061579,51.594555,train
15145,5.355787833397262,5.351762,train
12272,14.455497684795304,14.444823,train
18915,26.671971818268155,26.664185,train
15323,4.422206476250763,4.416155,train
14116,61.87956213511676,61.917778,train
4773,35.113440721798995,35.11854,train
10984,41.56244248915803,41.57046,train
852,14.035147429874712,14.036875,train
17714,11.920420225393688,11.914926,train
13261,16.35386319839244,16.358774,train
12292,20.075484224133127,20.081993,train
17906,14.188504354389975,14.18362,train
7845,16.311150222238446,16.298395,train
13357,57.13312231443475,57.15766,train
2485,60.65772001218227,60.68441,train
10374,19.93098414733021,19.922863,train
3176,16.573905403173057,16.565475,train
6087,16.19772217863908,16.189625,train
15605,23.33028065288677,23.352346,train
4052,59.47852455783562,59.51637,train
5413,67.36262373893229,67.335846,train
11752,34.9124546423168,34.907246,train
9492,3.463823607534496,3.453049,train
18215,2.708708464276146,2.6959364,train
11857,6.654179064714825,6.641419,train
13443,14.476766518685231,14.466104,train
17451,3.463971586611452,3.4616053,train
18804,3.4639967086747205,3.468912,train
3482,63.02280533209118,63.092426,train
63,9.944380093437465,9.929328,train
10745,19.46353380004629,19.461828,train
11929,22.70705089343061,22.702682,train
9761,14.06795560888682,14.075393,train
10249,51.06412786371418,51.07059,train
13280,22.371217342856696,22.370419,train
3652,45.32571236254361,45.34237,train
16718,8.292020326117655,8.279702,train
17014,40.79274201265735,40.791103,train
5572,35.73198980287516,35.714256,train
12467,11.838944147065492,11.840841,train
18211,2.708708464276146,2.6849537,train
11282,6.553632401545066,6.5479884,train
4328,13.87037488093093,13.8543825,train
2871,50.49155592474484,50.50598,train
2280,46.6860010069887,46.70825,train
10553,16.24410167911608,16.239433,train
2273,40.923614122445166,40.93017,train
16842,53.15028777358014,53.14215,train
10809,45.392770466990434,45.3828,train
17000,35.65752924170458,35.656265,train
6398,2.6496526089772976,2.6345942,train
53,8.217705052587275,8.194709,train
6541,34.37603090635952,34.3768,train
3030,34.76644785608287,34.769306,train
2663,45.43140092411185,45.42305,train
7953,2.67966579015312,2.661391,train
1645,19.706468378524733,19.693552,train
5238,3.4168923322826146,3.4260128,train
11131,17.108057241721884,17.0912,train
4189,35.5501979046819,35.539787,train
2488,60.65772001218227,60.682957,train
6305,22.364204361014004,22.358997,train
12143,35.86065710741565,35.84884,train
10031,35.22028551346449,35.222065,train
6230,5.324322298836763,5.3077145,train
3876,3.4906262588516723,3.4827538,train
16462,60.05976577236108,60.14758,train
18426,5.453876964856426,5.442411,train
9286,60.657728553914,60.70642,train
3746,12.073126840685235,12.07089,train
16261,51.67042053675918,51.673374,train
17980,40.29987785141369,40.317986,train
1173,4.319118723923392,4.3090477,train
13317,34.31631204776647,34.32083,train
15591,17.013134627583373,16.993834,train
4703,11.848597403947965,11.855699,train
1152,2.676319872769252,2.6524358,train
13594,6.654870000813584,6.637882,train
1850,27.04120409654321,27.007338,train
11652,6.65507597344929,6.634776,train
10961,27.349685453769364,27.318752,train
2826,29.89520883156856,29.885916,train
12216,4.44415686531255,4.437809,train
2213,16.93107384270255,16.904285,train
17951,26.61609949971503,26.610386,train
6795,3.426758363567802,3.425978,train
8776,8.312589722231753,8.304867,train
8155,4.398244872508168,4.378719,train
5434,3.4939888395858416,3.4799626,train
417,5.437753175226781,5.445964,train
645,9.94505395806381,9.941327,train
7775,4.265302680390501,4.2513638,train
18971,59.33095836964852,59.371033,train
6512,22.401963939400744,22.391068,train
12225,5.543782443503579,5.5318203,train
9675,69.07998924373878,69.1472,train
7291,23.59913330619728,23.577147,train
14183,8.410098919808021,8.397134,train
17522,14.203565724741887,14.200153,train
5975,53.460313758260384,53.44847,train
13740,2.644782439096441,2.6104412,train
13511,41.35234408019274,41.36715,train
15963,12.219364473939503,12.224418,train
16876,3.495817832919528,3.4815052,train
10251,51.06412786371418,51.078907,train
9885,2.7037760859594746,2.6832845,train
5461,5.49908632876588,5.491569,train
11695,14.04101960092788,14.027681,train
17744,19.67386644705623,19.649948,train
8062,22.68160677705264,22.678802,train
15783,14.55047371652352,14.541639,train
4981,35.86361365671431,35.86237,train
318,25.74185264532621,25.733759,train
4597,39.27204429585203,39.298855,train
17194,35.953314837014425,35.943176,train
14069,36.428494938564704,36.445206,train
1549,3.4637818082731706,3.4550467,train
18556,46.10165373502444,46.103394,train
5791,53.26827894464033,53.287155,train
1215,9.8172927105488,9.803003,train
8618,16.800995435851572,16.785587,train
11022,61.258341102147,61.313828,train
514,30.71125286382736,30.70307,train
5636,4.420619507032944,4.4085345,train
424,6.708418514918034,6.694084,train
15681,60.92498701194428,60.953945,train
17959,30.706189705368445,30.70721,train
9003,16.787195017761377,16.769022,train
11033,2.756563314981308,2.7183216,train
15800,20.21305286572704,20.210684,train
13284,22.371217342856696,22.370186,train
18109,16.387020803117196,16.392872,train
19019,6.807111380190824,6.78395,train
17140,17.002765463643282,16.98585,train
8098,39.7924248779648,39.810463,train
6063,11.53119596876517,11.52518,train
10160,13.968429281710575,13.954832,train
12230,6.840436546862896,6.816292,train
1428,13.869585950863724,13.853891,train
6304,22.364204361014004,22.356249,train
571,67.32475685095926,67.26636,train
4108,9.970797327562025,9.971909,train
3519,5.385959886305065,5.385876,train
14861,35.89960393091611,35.910637,train
6892,19.46090985668767,19.44905,train
2413,19.95375118013526,19.948748,train
12592,2.671216825068361,2.6321332,train
7432,11.940417434295226,11.95612,train
7963,3.426427000296305,3.4264112,train
7835,13.810238138743603,13.79211,train
7933,57.0491840684996,57.055725,train
12548,40.0707569732276,40.087807,train
588,2.7085127543344987,2.7013779,train
5352,26.231656278814548,26.213339,train
1359,3.3902555318677594,3.3909094,train
15283,50.88867128964234,50.897167,train
19345,58.679753158553325,58.690937,train
12909,27.410694019083195,27.40181,train
18402,2.7086994826902444,2.706922,train
9988,19.62876084598636,19.630714,train
14397,11.796720623159729,11.797953,train
14433,19.47358371511247,19.482363,train
9756,14.06795560888682,14.077833,train
2490,60.65772001218227,60.66783,train
15689,69.39768820199494,69.30452,train
7151,46.63300306965911,46.634483,train
17792,40.28953774014432,40.293037,train
9308,3.490854448341839,3.4880042,train
1399,8.034673285745228,8.028136,train
4160,23.07013446773524,23.058002,train
9448,40.90615229451066,40.913303,train
19,3.4636882360122017,3.4511893,train
1145,57.2881662058226,57.255535,train
5950,36.14161337491136,36.139286,train
14869,41.10504443634969,41.13163,train
14562,5.394117115004909,5.399741,train
16580,19.08199677745677,19.076578,train
6088,16.19772217863908,16.184626,train
7279,20.21097208203288,20.198437,train
12100,17.01903374589111,16.997198,train
4828,67.01899302378678,67.01118,train
5946,36.14161337491136,36.12824,train
4954,27.04564140717384,27.026423,train
8870,35.88878196221561,35.885246,train
14113,61.87956213511676,61.92099,train
19316,39.990064015881245,40.00342,train
10559,19.05443138170404,19.063896,train
5590,46.66270391250456,46.65027,train
11774,45.47145799138764,45.504734,train
175,52.3882682736391,52.37484,train
14794,12.073872830930233,12.062876,train
4540,16.381900654578118,16.367956,train
1532,57.20652774133463,57.173363,train
15382,14.39267504443449,14.393626,train
5048,4.394125295693411,4.380561,train
61,9.944380093437465,9.925845,train
15018,23.59561888155831,23.607597,train
15296,57.59734802968727,57.57094,train
11038,2.756563314981308,2.7234962,train
1665,26.67828808587088,26.670942,train
18247,6.728924349168537,6.703527,train
10111,5.372723917651187,5.3759727,train
6887,19.46090985668767,19.45565,train
2789,16.35532899549183,16.354599,train
12396,2.694570254438588,2.6814845,train
13234,9.702428609908443,9.696248,train
14924,3.540883323591228,3.5088549,train
6616,4.371844330934983,4.3764877,train
5036,3.482284363766976,3.4662678,train
1155,2.676319872769252,2.6598217,train
8184,8.267826917565984,8.268195,train
13791,7.991658777584205,7.9841733,train
5863,10.16471814241218,10.14383,train
9829,40.07151118070172,40.09391,train
6031,5.283813091314699,5.2774396,train
1084,25.98963110205024,25.971804,train
196,2.638036185786238,2.6100142,train
10404,31.15061180638959,31.126183,train
14738,4.421203120369991,4.4145174,train
3038,39.739221698239575,39.7649,train
3161,11.783996917049311,11.795677,train
9637,40.43433258172351,40.441193,train
5344,26.231656278814548,26.229462,train
11168,31.459342797591862,31.445562,train
6188,63.38449733252296,63.440968,train
6274,13.839728224012498,13.835749,train
9196,17.000145797563636,16.986492,train
8749,4.420741737162155,4.4089656,train
13542,60.93541213068231,60.980556,train
17733,16.7632499918992,16.751648,train
15501,2.738511525458672,2.7308955,train
16259,51.67042053675918,51.67561,train
3229,34.89196154707621,34.902336,train
11823,3.4267563411162123,3.434448,train
4326,13.87037488093093,13.853662,train
4823,67.01899302378678,67.02505,train
377,56.55112495464567,56.51887,train
8449,23.29880260089402,23.3052,train
16208,26.35585423252835,26.362206,train
932,45.42860296663197,45.43437,train
953,58.38596546089347,58.399506,train
18416,4.372499077848516,4.364694,train
6394,2.6496526089772976,2.6221592,train
19281,26.372252985493382,26.356194,train
15573,12.082626569966488,12.097403,train
13677,26.338720370939505,26.342424,train
8395,10.060244866626965,10.039944,train
18318,22.99775950874276,23.004694,train
6144,38.73958632268193,38.74995,train
5477,8.284601351130672,8.26396,train
5249,4.312276681150203,4.316524,train
3593,22.66280409992268,22.67129,train
9509,4.372297205483147,4.37145,train
4810,52.0705342243224,52.075974,train
2259,35.74716386312536,35.755447,train
2831,29.89520883156856,29.885775,train
1553,3.4637818082731706,3.45785,train
11389,39.06249052486637,39.085136,train
8829,19.959057219852347,19.948086,train
8903,60.47364583500093,60.478054,train
15177,11.679809574545024,11.671134,train
12594,2.671216825068361,2.6410775,train
3382,16.11131341530299,16.103773,train
14913,2.7683636783075363,2.7287645,train
14351,4.3255825255506535,4.3157578,train
12462,11.838944147065492,11.841429,train
6497,19.21179116646248,19.213041,train
4568,25.979645064492203,25.959814,train
5688,12.073580675127207,12.061794,train
12716,26.12437780450136,26.12485,train
18777,59.43752089678267,59.439003,train
15833,31.67416237977404,31.649359,train
19060,14.38467919456088,14.368691,train
1742,3.501480827341935,3.4952164,train
17222,53.51689601658749,53.520226,train
18881,16.785576136576775,16.782408,train
6552,39.27753426474772,39.29953,train
9433,35.73824276619104,35.73973,train
18674,11.929787983506596,11.927788,train
15939,8.408953862492385,8.399511,train
12299,20.075484224133127,20.044415,train
6166,49.89380123014212,49.912064,train
13037,8.406208198149583,8.401141,train
9667,59.32496723193529,59.3751,train
8619,16.800995435851572,16.784206,train
3451,43.7834291345671,43.788746,train
3813,35.89380915458802,35.899124,train
2470,46.895781103613245,46.89513,train
4661,4.350664419800507,4.3390064,train
10776,30.37471298757097,30.383783,train
766,59.47552278781921,59.5006,train
14348,3.427065722228307,3.4232638,train
17806,52.04766800706821,52.054764,train
11941,26.33615265794538,26.32225,train
4073,4.386973801580494,4.394321,train
16464,60.05976577236108,60.153862,train
682,19.7117369235059,19.704863,train
13686,30.388399670203068,30.389482,train
3944,14.28744530085372,14.282292,train
5424,2.7329174189644587,2.7074394,train
18433,5.453876964856426,5.4511156,train
3332,6.4898566002953375,6.475213,train
7896,39.10561494606926,39.129868,train
14106,54.33858922000827,54.317398,train
12669,11.714746518164514,11.713077,train
15172,9.741813509382144,9.739147,train
6990,2.7376158744619965,2.7123353,train
7613,8.009845934350269,8.014971,train
3558,11.77393419104924,11.770215,train
11557,31.15051328428412,31.15285,train
3375,16.11131341530299,16.105663,train
10059,52.15715096411118,52.16545,train
18899,22.99031367519726,22.997845,train
12715,26.12437780450136,26.12507,train
18317,22.99775950874276,23.006659,train
7011,4.41963148757761,4.4148564,train
8606,14.21374816941229,14.215377,train
2122,2.733014195440622,2.7218654,train
15649,41.21766637163386,41.237003,train
12754,45.0442584732151,45.058384,train
8013,9.828074709524572,9.813551,train
10837,2.767835097876492,2.7361948,train
6272,11.631323018312653,11.626298,train
11016,61.258341102147,61.290493,train
13718,45.43106480404264,45.44272,train
3311,4.225821220586322,4.217275,train
2338,5.514992905648285,5.5024943,train
12776,57.885328857601024,57.925144,train
10207,30.18512064085396,30.187817,train
11380,34.20023201897286,34.200214,train
11362,25.853560650166337,25.85639,train
5736,27.03688908872464,27.029497,train
2219,19.88098601288324,19.871967,train
4779,35.113440721798995,35.087532,train
13287,22.371217342856696,22.369335,train
17916,16.764656649063088,16.758465,train
4177,30.923494904816422,30.917318,train
17667,5.4514537015048905,5.452698,train
10989,41.56244248915803,41.55982,train
7213,6.882918890234676,6.868258,train
14269,36.40169482099516,36.406742,train
10244,45.03810987953722,45.027092,train
19199,5.395561287836819,5.40294,train
12350,47.3150321406427,47.342884,train
1012,8.035463672537583,8.02935,train
6456,9.712521283134864,9.704347,train
1177,4.319118723923392,4.3127203,train
15999,23.60852531144856,23.595865,train
14905,60.65764308308809,60.714752,train
8380,6.8042238089487,6.7991743,train
3647,45.32571236254361,45.337486,train
11649,5.394844293046,5.3974633,train
12810,4.470468267539965,4.4614606,train
6947,45.40005775796602,45.42488,train
6633,6.727251903746071,6.7082806,train
10481,4.248365582204674,4.24336,train
9287,60.657728553914,60.706577,train
12588,66.49272834437633,66.54858,train
9017,19.70783187156621,19.692831,train
11945,30.386048672537907,30.383625,train
2405,19.95375118013526,19.958809,train
10102,4.30856967282522,4.309128,train
10558,19.05443138170404,19.0633,train
16587,19.08199677745677,19.069271,train
12253,10.114202528778405,10.088691,train
7724,44.509460478962495,44.511433,train
12480,16.64725869779746,16.635525,train
3748,12.073126840685235,12.072825,train
2056,35.98998620812796,35.978893,train
13855,22.24119659609466,22.21539,train
4105,8.240269386899683,8.26431,train
2025,23.329218518114708,23.34704,train
16117,5.39516398514078,5.3934317,train
5819,3.539102139205733,3.5075479,train
14312,61.61955390616471,61.600014,train
10835,2.767835097876492,2.7245898,train
13059,14.541677505539448,14.546025,train
19190,4.326005709231165,4.3210073,train
3908,6.774445427179768,6.7551603,train
10488,5.296604013800311,5.297073,train
17173,27.066648824398435,27.037374,train
16466,60.05976577236108,60.153366,train
3216,30.37936864265416,30.380112,train
4925,17.017149413199444,17.002628,train
543,46.03373489283661,46.03755,train
11589,46.77859167776056,46.790302,train
12744,39.55382209740266,39.591568,train
7080,16.974321476988262,16.95584,train
16084,72.41985765723174,72.37862,train
14906,60.65764308308809,60.711517,train
9986,19.62876084598636,19.631336,train
3906,6.774445427179768,6.756546,train
1921,2.738382492768076,2.7176218,train
14400,11.796720623159729,11.794988,train
5845,6.876419054110113,6.852572,train
13942,3.5409996489680857,3.51756,train
14655,26.33557838360004,26.340914,train
11691,11.79687784031292,11.807853,train
5978,53.460313758260384,53.457073,train
15327,4.422206476250763,4.426142,train
3143,9.822765889013834,9.815759,train
11875,9.831813640027464,9.820113,train
9841,45.68455748839662,45.706154,train
2899,3.419483384994477,3.4225485,train
5161,30.91040497992931,30.90382,train
15711,3.5402028483267967,3.507036,train
15777,14.55047371652352,14.548618,train
18910,26.671971818268155,26.678135,train
11896,14.037530046339258,14.032284,train
643,9.94505395806381,9.937843,train
19149,53.42860126107073,53.45458,train
14215,14.553384683418702,14.560103,train
16447,46.63697301236813,46.65562,train
4792,40.17730010575605,40.162987,train
7872,25.864124028011872,25.8669,train
15879,61.91755856408145,61.94501,train
2764,9.704790404948806,9.695307,train
13175,2.6475299722156738,2.6145687,train
2878,57.02672548940503,57.04708,train
11156,27.232871424052814,27.214598,train
9894,2.7037760859594746,2.6977925,train
11599,53.23078958907627,53.225113,train
6822,5.39405431056156,5.394196,train
16388,23.25336207171222,23.24638,train
600,4.37226573877274,4.373537,train
16070,61.79860533418504,61.82358,train
7422,9.95058028746876,9.965163,train
6024,5.283813091314699,5.2773004,train
7187,3.540934651623731,3.5132759,train
7397,5.455604810073586,5.4661794,train
7477,26.725588177894853,26.744492,train
8319,60.43717871038952,60.474037,train
2796,19.187323388788315,19.181248,train
15702,2.76783276839671,2.731409,train
11225,72.07212707241956,72.16563,train
18087,11.658590664393245,11.652963,train
12182,60.20444648087743,60.225914,train
8303,53.1574764742,53.1428,train
16535,7.991658777584205,7.987402,train
6316,25.92720413216168,25.918423,train
16765,16.93983299424297,16.930582,train
6622,4.371844330934983,4.3716135,train
3096,3.423404863251978,3.422231,train
15194,13.894078065810072,13.881823,train
1283,30.346263497491044,30.345175,train
6701,19.69635613318388,19.686024,train
8539,3.4643390973536583,3.4605975,train
629,6.728469413915577,6.720756,train
9148,6.806128834794942,6.7874947,train
9055,35.37296331373003,35.394493,train
14206,12.219906214187988,12.223288,train
976,3.3903798459312364,3.3899212,train
1909,60.60289546086052,60.581707,train
13868,25.774441228347605,25.764496,train
10235,45.03810987953722,45.045998,train
13857,22.24119659609466,22.213009,train
207,3.371358194630628,3.3641002,train
10892,8.405428734690727,8.416097,train
8178,6.768723500172809,6.7677093,train
16336,8.308543285499729,8.287739,train
8156,4.398244872508168,4.3804917,train
9627,35.35020546101045,35.340553,train
5020,60.22437727795918,60.309677,train
10479,4.248365582204674,4.24321,train
10458,2.634075483446833,2.6045244,train
8487,41.11762382001203,41.13073,train
1121,44.710494378692566,44.7162,train
5455,5.49908632876588,5.497148,train
14648,26.33557838360004,26.340878,train
6957,51.52964590670513,51.522324,train
13415,8.372357434098713,8.354877,train
811,6.653331355899042,6.6354656,train
9350,8.28367776832649,8.2782545,train
4787,40.17730010575605,40.19016,train
18389,59.45844552167869,59.459415,train
15675,60.92498701194428,60.938324,train
3718,6.804226295927448,6.8039837,train
1556,3.4637818082731706,3.45911,train
3498,3.421855504666593,3.4256835,train
5517,16.926276381493675,16.903156,train
18171,39.29750380942426,39.32284,train
11435,3.500004551362066,3.4845731,train
3380,16.11131341530299,16.105877,train
1768,6.804125871351521,6.784687,train
17554,22.99131847807981,22.974192,train
9896,3.456467117367241,3.4582987,train
8883,46.85373954662278,46.84649,train
10519,9.64268256478926,9.633446,train
16177,16.594025166408024,16.584478,train
10439,53.05718556297103,53.067852,train
1255,19.438719492496457,19.436707,train
1376,4.2785560676396175,4.272877,train
5535,23.1955736438012,23.178352,train
8455,27.045330248666936,27.024424,train
5882,12.196546913036052,12.175757,train
6817,5.39405431056156,5.391303,train
12331,36.16450734276653,36.171112,train
16369,16.975095666791052,16.964487,train
8381,6.8042238089487,6.797398,train
1573,5.453602047597056,5.452012,train
7855,19.1358779335232,19.13052,train
3329,6.4898566002953375,6.4762554,train
2065,41.228599801046094,41.232624,train
14233,20.2134235483514,20.218294,train
15565,12.082626569966488,12.090152,train
11395,44.43268557333643,44.450657,train
6356,44.60789261778061,44.612194,train
15622,27.08734431972084,27.099697,train
19072,17.006257963290253,16.9874,train
2051,31.29317545149303,31.2736,train
9490,2.7086272166512813,2.703001,train
3551,9.81528707680252,9.805822,train
163,46.11681562429834,46.10963,train
10478,4.248365582204674,4.239383,train
8590,9.94908966474634,9.946545,train
4394,34.380357693480214,34.397305,train
496,22.9279123481559,22.915247,train
14225,17.20828068303235,17.195576,train
2182,10.026963990373934,10.013825,train
88,14.203979076475648,14.2033615,train
15893,2.767913244299724,2.7556243,train
16355,12.06457598001331,12.060458,train
4922,14.39875625051176,14.384248,train
15040,31.65924439632516,31.657385,train
18606,3.463800375958302,3.452921,train
11160,27.232871424052814,27.21242,train
13900,44.2513224587667,44.25836,train
12339,36.16450734276653,36.12885,train
16834,46.71078932007112,46.7126,train
14674,34.89064573342807,34.91661,train
3198,22.69471854911499,22.698372,train
13905,44.2513224587667,44.259212,train
10367,19.93098414733021,19.93294,train
7765,3.380822196050792,3.36757,train
1053,16.386408131285116,16.38606,train
2615,26.33379102099904,26.328737,train
7690,29.8493628553858,29.842112,train
17787,40.28953774014432,40.31567,train
16722,8.292020326117655,8.281852,train
6420,4.27538826601557,4.2706733,train
3036,39.739221698239575,39.76576,train
7849,19.1358779335232,19.146053,train
8788,10.06105554284492,10.053345,train
10314,6.802501042896526,6.779857,train
2473,46.895781103613245,46.911007,train
3867,2.7305324516087164,2.7032692,train
10190,22.57583300924566,22.569237,train
19050,12.079904523944911,12.067687,train
16898,6.786117649758384,6.7702055,train
12213,4.44415686531255,4.4229035,train
4248,2.651586277786812,2.6379,train
17182,31.265853211056445,31.242115,train
6643,8.216151225650435,8.205653,train
9647,46.07701349970316,46.0779,train
5763,41.07423943587891,41.10104,train
2381,12.072313220897104,12.059891,train
2651,39.88906783823267,39.917862,train
572,67.32475685095926,67.25722,train
16058,54.308715457309525,54.28018,train
19087,23.31463303828463,23.325924,train
9866,66.83876913694161,66.87237,train
10405,35.791009758134045,35.801796,train
11370,29.808515986958906,29.792414,train
11356,25.853560650166337,25.851707,train
9696,3.4416346941221185,3.4180813,train
18957,52.35424291581615,52.349617,train
5476,8.284601351130672,8.266083,train
18191,50.69565029953908,50.67972,train
18294,14.205399851176583,14.20016,train
3731,8.311869444965327,8.306097,train
9716,6.673618911012023,6.6583858,train
3261,51.636476736943365,51.653957,train
16286,2.7377288519874936,2.7011914,train
17172,27.066648824398435,27.03584,train
10345,14.363379473798012,14.357803,train
4278,5.33546376019055,5.333706,train
3914,8.272005847991887,8.261999,train
668,14.205663251031078,14.207987,train
10427,46.68280546402441,46.721676,train
5094,11.977347905672262,11.966622,train
7383,4.373588270267297,4.369682,train
14574,6.654040997719327,6.643082,train
6741,35.33233108400391,35.32276,train
16047,47.67556447748811,47.65484,train
3206,26.32561881342556,26.323153,train
14935,4.470514372954189,4.449912,train
18325,22.99775950874276,23.007294,train
10204,26.1739263514462,26.164822,train
13792,7.991658777584205,7.9850173,train
15966,14.553769504292417,14.551399,train
9161,10.063141507813375,10.056624,train
340,38.871001689016985,38.892616,train
6800,3.426758363567802,3.429322,train
4512,9.718449084165018,9.711541,train
8537,3.4643390973536583,3.4612718,train
4706,11.848597403947965,11.85592,train
13089,23.5681103629247,23.567694,train
11094,10.126395815467223,10.119173,train
12686,16.464297328796746,16.457605,train
13896,38.91422234320085,38.924282,train
14398,11.796720623159729,11.795891,train
9543,9.94333797411371,9.930298,train
9748,11.820738034299742,11.83304,train
6068,11.53119596876517,11.525807,train
13822,13.778863574118942,13.763099,train
11364,29.808515986958906,29.80561,train
9027,22.994731740626108,23.001907,train
8859,31.223603736455804,31.21525,train
10582,25.743192421777337,25.72849,train
2647,39.88906783823267,39.91404,train
8086,34.820443395537644,34.818382,train
13930,2.768427146804104,2.7395856,train
2245,31.098562535715903,31.09297,train
1630,16.7859292085473,16.782074,train
384,2.7012125572626595,2.6879725,train
12430,6.682441392799568,6.6616344,train
5443,4.409472257063735,4.406649,train
16188,19.477517207751166,19.48589,train
82,14.203979076475648,14.203171,train
19248,14.046750508132789,14.048558,train
7311,31.66584515644597,31.656464,train
14395,9.833515805333912,9.824781,train
762,59.47552278781921,59.50068,train
14971,10.178497545054494,10.163938,train
17808,52.04766800706821,52.043564,train
15227,26.02407266450384,26.01205,train
11211,53.90188774203692,53.90988,train
240,7.977484841951872,7.9666533,train
2534,5.394350144315574,5.3890295,train
16129,6.655552005522495,6.6408153,train
15171,9.741813509382144,9.736847,train
6210,3.38352670793303,3.3763075,train
6105,22.144290488227952,22.128523,train
15497,2.738511525458672,2.7004552,train
16559,13.778863574118942,13.762102,train
10075,2.6703927948160247,2.6559653,train
4217,52.86517090270329,52.87762,train
4600,39.27204429585203,39.29777,train
13956,4.470717032155693,4.465666,train
4055,2.719636032414056,2.6873918,train
1530,57.20652774133463,57.174656,train
13802,9.66304530984486,9.655004,train
10903,12.210195184882402,12.210844,train
7121,31.139319734798352,31.131166,train
6987,2.7376158744619965,2.707925,train
1566,4.372281870616634,4.3705273,train
9688,2.693225881006085,2.6294796,train
5729,23.294367317733496,23.31678,train
11903,16.586325238168694,16.583706,train
105,19.707799831398216,19.696692,train
13653,19.46926318075209,19.469345,train
1613,11.93114095632098,11.923834,train
5902,17.160123500643675,17.122347,train
11082,6.849328056400946,6.8399186,train
16556,11.58450889049733,11.579617,train
10807,45.392770466990434,45.387257,train
14130,2.768396039009667,2.735477,train
18590,69.12788205050354,69.11581,train
8236,19.84990966305152,19.856876,train
6752,40.40730176842157,40.412537,train
3003,22.637654651411168,22.630909,train
16421,35.77354654999463,35.756256,train
12608,3.41341184478,3.4014182,train
14328,73.22517547872039,73.21566,train
9964,11.889272275091988,11.880381,train
15182,11.679809574545024,11.668802,train
91,16.787021655634778,16.782248,train
2059,35.98998620812796,35.983273,train
15983,17.210299148184202,17.181305,train
12925,31.673187761985968,31.676775,train
829,8.124923633519694,8.123695,train
4999,46.75900569244985,46.752308,train
5912,20.145233889532307,20.122717,train
4625,50.6502714684406,50.656532,train
12906,23.604065820872368,23.596788,train
13301,29.905179728039577,29.907364,train
6013,4.238415593701241,4.234627,train
16821,40.941147680016144,40.957867,train
1859,31.22906731708881,31.20305,train
2068,41.228599801046094,41.230324,train
13860,25.774441228347605,25.75973,train
9405,23.20334156234951,23.195644,train
13084,20.19050088478762,20.185228,train
6407,3.387760611053528,3.3895326,train
10284,3.501392529624661,3.4917164,train
4937,19.97801525632624,19.974642,train
10727,14.03594200855455,14.041821,train
14452,26.349780468771147,26.345121,train
4619,50.6502714684406,50.650143,train
10812,45.392770466990434,45.39638,train
2164,6.78451665768644,6.766869,train
15904,3.5403585958735047,3.526773,train
16331,8.308543285499729,8.289554,train
16248,45.50308508521769,45.535995,train
16581,19.08199677745677,19.074978,train
325,29.674224196982102,29.658537,train
4891,8.330951206182403,8.323047,train
17421,52.47451444287488,52.46459,train
17050,2.737863669082239,2.6992908,train
1829,19.958240419310386,19.956238,train
14283,41.69401750937428,41.70427,train
4594,34.37723539300664,34.38414,train
18941,40.44625226967486,40.452454,train
2587,16.585488782204305,16.575865,train
18212,2.708708464276146,2.687542,train
3681,2.737823046813698,2.7057354,train
18379,52.43731922756592,52.412663,train
5904,20.145233889532307,20.13246,train
9513,5.453554826555715,5.451218,train
7434,11.940417434295226,11.9599,train
14685,39.89073286545132,39.922127,train
5731,23.294367317733496,23.30197,train
9926,6.708523927938943,6.686896,train
12862,12.218730288473536,12.211591,train
8899,53.28163800837392,53.27408,train
14347,3.427065722228307,3.4297185,train
6493,19.21179116646248,19.2081,train
3677,2.737823046813698,2.7015822,train
157,40.46693733703246,40.490135,train
4976,35.86361365671431,35.871223,train
15101,73.00966898459065,72.93233,train
18008,58.918449486030376,58.940205,train
4840,2.746990607590344,2.7356012,train
11612,60.48252589130836,60.54161,train
9773,16.622454312568223,16.604351,train
3162,11.783996917049311,11.794222,train
15651,41.21766637163386,41.222908,train
3203,26.32561881342556,26.323706,train
19288,26.372252985493382,26.34068,train
16413,31.14012034803225,31.122458,train
12680,16.464297328796746,16.472559,train
12947,41.752818862431866,41.7511,train
12165,46.75018976133836,46.740047,train
13128,36.32120693621686,36.3061,train
2392,14.374076505429992,14.360109,train
5609,60.2862913044289,60.30105,train
8451,23.29880260089402,23.284462,train
2308,2.7382564811417,2.6889482,train
1600,9.944103509025238,9.930998,train
5155,30.91040497992931,30.908949,train
7608,8.009845934350269,8.017795,train
387,2.7012125572626595,2.6951988,train
16422,35.77354654999463,35.767796,train
3364,13.64658205019341,13.641378,train
7603,6.560735403418399,6.5553913,train
11502,12.051421583783052,12.039753,train
204,3.371358194630628,3.3660781,train
17785,35.24715335336369,35.2596,train
13544,60.93541213068231,60.97951,train
13958,4.470717032155693,4.4577093,train
15576,14.389077514591778,14.38708,train
14254,27.400857794657927,27.402437,train
3465,55.98918534937304,55.975952,train
14661,30.385313055652905,30.390238,train
428,6.708418514918034,6.706078,train
16445,46.63697301236813,46.655144,train
13870,29.71030411274068,29.716177,train
14756,5.515291571911735,5.50615,train
8725,2.737993099504657,2.6976976,train
15938,8.408953862492385,8.39865,train
4481,5.3349161923909225,5.3326983,train
9116,3.502342096337854,3.4850242,train
6312,22.364204361014004,22.353905,train
9530,8.217205986215005,8.199591,train
1714,52.42578981420947,52.402943,train
13996,10.179724723010924,10.161773,train
8627,19.72773259507692,19.714132,train
11440,3.500004551362066,3.4847922,train
4395,34.380357693480214,34.3979,train
3355,11.47503257770756,11.460285,train
12153,41.021553499258864,41.02704,train
16428,40.922141487373246,40.92938,train
5304,13.988080312882362,13.9896145,train
16218,30.4128793766057,30.42327,train
16758,16.93983299424297,16.928621,train
13656,19.46926318075209,19.468637,train
1755,4.420360932898184,4.4232693,train
13224,8.020969874138826,8.018682,train
9309,3.490854448341839,3.4877832,train
9498,3.463823607534496,3.4632394,train
1899,53.35263677725449,53.37126,train
5440,3.4939888395858416,3.4837165,train
3858,60.52998546309277,60.575962,train
13621,11.79578353111807,11.795892,train
10690,6.653802197580005,6.6412096,train
5021,60.22437727795918,60.300396,train
3377,16.11131341530299,16.105658,train
13522,47.17017381468497,47.187405,train
12591,2.671216825068361,2.6281855,train
6797,3.426758363567802,3.4251833,train
16001,23.60852531144856,23.592014,train
2189,12.031218109653784,12.016643,train
11988,51.57113925881535,51.560112,train
380,2.7012125572626595,2.6659734,train
16642,44.2513224587667,44.258644,train
8669,35.45862287003865,35.442326,train
13523,47.17017381468497,47.184803,train
10886,8.405428734690727,8.393726,train
1491,34.373369495591966,34.37895,train
16379,19.92899959728709,19.935654,train
3910,6.774445427179768,6.7551193,train
5843,6.876419054110113,6.8522735,train
14369,6.6550572887681145,6.6372,train
6027,5.283813091314699,5.2769656,train
18341,30.80004244295742,30.78587,train
12440,8.158966784717283,8.147083,train
3836,46.87175141117033,46.872417,train
11851,5.394227382809981,5.4039803,train
4997,46.75900569244985,46.763912,train
18409,3.46394638368498,3.4627593,train
16519,6.548365309251103,6.537574,train
595,3.463725704281348,3.463824,train
12412,4.34578898095786,4.352107,train
2449,35.89156100745434,35.905403,train
13886,34.079261637555426,34.08131,train
2814,22.369427249904778,22.360292,train
18625,4.372268049774918,4.3703723,train
8340,2.737823782607874,2.719597,train
14546,3.426691556928463,3.4334598,train
13372,3.5279843254560563,3.5201929,train
4983,41.02699155008549,41.032856,train
9564,14.200872999247029,14.195045,train
675,16.78961394224162,16.783712,train
2642,34.888414713296385,34.91611,train
1037,11.6582331871555,11.646646,train
756,52.45458031839896,52.46166,train
4173,26.777116487620017,26.766773,train
8629,19.72773259507692,19.70872,train
7937,64.35993824723154,64.40861,train
3497,3.421855504666593,3.426349,train
16325,6.802266127120083,6.7752404,train
597,3.463725704281348,3.463686,train
17992,45.88636353743181,45.892204,train
4509,9.718449084165018,9.713821,train
11498,12.051421583783052,12.040337,train
11588,46.77859167776056,46.786324,train
8596,11.93845111841708,11.947338,train
10340,12.065009881332942,12.054112,train
13881,34.079261637555426,34.08424,train
11638,4.325556458596122,4.3280854,train
968,2.651650512029733,2.6250284,train
16238,39.94240935740361,39.977974,train
16322,6.802266127120083,6.7812743,train
5206,59.80583469808005,59.850468,train
15844,36.43893022647474,36.442554,train
3395,22.018759429305742,22.019127,train
10542,13.754986358626509,13.743091,train
11775,45.47145799138764,45.510242,train
5043,4.394125295693411,4.380146,train
6737,35.33233108400391,35.3319,train
3197,22.69471854911499,22.70404,train
14837,27.03929577006274,27.028011,train
11798,58.46096937908226,58.43656,train
423,6.708418514918034,6.6913924,train
9295,2.729745979583993,2.7236836,train
6678,14.198530743640813,14.195272,train
10715,11.79324820860778,11.790585,train
1099,29.971004453921363,29.960312,train
2367,10.060056068752283,10.047071,train
8484,41.11762382001203,41.12647,train
17651,3.46287616207661,3.4626837,train
8719,67.89804544702722,67.84682,train
3667,58.22606648348325,58.273876,train
5151,26.77632081570378,26.766375,train
11657,6.65507597344929,6.6334124,train
12759,45.0442584732151,45.05798,train
9435,35.73824276619104,35.7429,train
9211,23.303793572059423,23.317078,train
1890,46.89344416172968,46.895756,train
1797,10.06001725968814,10.04485,train
16856,60.38601216143688,60.409832,train
16802,31.110044792535263,31.104498,train
4964,31.21749104577259,31.19528,train
3501,3.421855504666593,3.4259927,train
12070,10.082996455453056,10.076482,train
19320,39.990064015881245,40.0047,train
3674,2.737823046813698,2.696908,train
15093,61.8777218088416,61.935368,train
9367,12.030090252009884,12.028949,train
2013,17.011685864509637,16.98531,train
14059,31.66739204088522,31.658634,train
5995,2.6283117251133854,2.5823848,train
5086,9.984112810960296,9.968027,train
6672,11.927985868777798,11.923535,train
149,35.37584389295486,35.39841,train
7836,16.311150222238446,16.320631,train
11560,31.15051328428412,31.13555,train
9897,3.456467117367241,3.4581964,train
10043,40.28718686607373,40.27964,train
3515,5.385959886305065,5.3888674,train
1141,57.2881662058226,57.26603,train
7843,16.311150222238446,16.30793,train
13044,10.175014144779013,10.171011,train
7745,57.00609702090252,57.000328,train
7084,19.928197397033564,19.917437,train
9702,4.341497964452761,4.3454475,train
1928,3.5023728097497764,3.4876063,train
3429,33.72652347706163,33.72984,train
10264,57.71551482193834,57.734825,train
12989,3.540287262174207,3.5203166,train
945,51.56890951301239,51.568405,train
18589,69.12788205050354,69.1092,train
6466,11.648849602331245,11.643614,train
17418,52.47451444287488,52.46636,train
9998,22.89995202799145,22.910358,train
10648,2.679764835700203,2.6562564,train
10599,34.04503967970897,34.05634,train
17841,3.462916596395052,3.4563618,train
15122,3.408232043941083,3.4016097,train
11237,2.641945369529067,2.6219177,train
19304,34.961627070810835,34.979668,train
465,14.160952427235628,14.166106,train
2724,4.2730728213597535,4.2658696,train
7484,26.725588177894853,26.731348,train
17994,45.88636353743181,45.88978,train
13034,8.406208198149583,8.402016,train
8458,27.045330248666936,27.020206,train
2412,19.95375118013526,19.952433,train
3109,4.320883854483836,4.322043,train
3570,14.01251976380764,14.013112,train
7813,9.680210315185294,9.660431,train
11529,19.91349683898619,19.902645,train
4470,4.278170829014148,4.278704,train
941,51.56890951301239,51.560986,train
19058,14.38467919456088,14.368744,train
997,5.335720143245309,5.3267446,train
16136,8.128037751397795,8.120851,train
6763,52.27633791022582,52.274284,train
12033,5.530636035935843,5.5300198,train
15597,19.983325306274804,20.002426,train
17637,2.7080001211116875,2.6957412,train
12211,4.44415686531255,4.4242473,train
8168,5.486112696540107,5.489824,train
10174,16.50056323151148,16.489744,train
16242,39.94240935740361,39.963295,train
3653,51.44204164024564,51.444744,train
4432,57.234210991288506,57.248592,train
7487,30.85854490144682,30.862617,train
13862,25.774441228347605,25.759424,train
1736,2.737800300939081,2.7340827,train
16515,5.311987077548214,5.3098683,train
8925,3.4637610391768354,3.4499807,train
11739,26.34777667217677,26.343693,train
10572,22.211762950833336,22.20101,train
10254,51.06412786371418,51.07544,train
4206,46.44982470395645,46.453205,train
8666,35.45862287003865,35.460667,train
10867,5.575802753031455,5.5698814,train
7355,61.91115381484096,61.933693,train
7261,14.550651373051354,14.528409,train
11115,14.470829883927587,14.464048,train
17643,2.7080001211116875,2.6959195,train
10493,5.296604013800311,5.2969837,train
15179,11.679809574545024,11.670559,train
14322,73.22517547872039,73.19216,train
4416,50.65171531599499,50.673607,train
13033,8.406208198149583,8.402978,train
18949,46.08967825335424,46.085453,train
14550,4.325053144040819,4.324917,train
360,50.08211640315393,50.104103,train
50,8.217705052587275,8.194368,train
7281,20.21097208203288,20.186184,train
4522,11.655635738720658,11.645963,train
18903,22.99031367519726,22.993359,train
13974,6.883216649120083,6.8661237,train
8510,53.388393832045885,53.412846,train
6717,26.65648540709704,26.650059,train
11214,61.33610401823559,61.37766,train
840,11.792452301465284,11.789181,train
4210,46.44982470395645,46.450874,train
12927,31.673187761985968,31.66772,train
16589,22.24119659609466,22.222248,train
8974,9.944605845845958,9.924002,train
9205,19.964625243203816,19.970932,train
18313,19.709900249786017,19.704046,train
6057,9.617347410194986,9.612799,train
12221,5.543782443503579,5.5227714,train
17039,59.90232076905948,59.974712,train
17722,14.187529171506236,14.178336,train
14715,58.378819776444416,58.438496,train
11343,22.304253472901937,22.318512,train
19115,31.25807903956796,31.236187,train
2231,23.203419579996773,23.195253,train
19113,31.25807903956796,31.243502,train
10777,30.37471298757097,30.387714,train
6799,3.426758363567802,3.4263165,train
8729,2.737993099504657,2.7071154,train
17409,46.16869260004919,46.168327,train
7568,3.3809129575406835,3.3815045,train
2414,19.95375118013526,19.94242,train
5893,17.160123500643675,17.130869,train
14870,41.10504443634969,41.120083,train
8966,8.217900959228839,8.193035,train
16980,26.890179442611885,26.870358,train
19128,41.14820492115364,41.174232,train
5241,3.4168923322826146,3.42383,train
11955,34.89162430796332,34.902702,train
17061,3.501616867164235,3.4843926,train
4658,4.350664419800507,4.3538823,train
18445,6.728558482647348,6.7068834,train
11802,66.12146250407682,66.17706,train
10609,38.87931509003652,38.886417,train
8930,3.4637610391768354,3.4472048,train
7212,6.882918890234676,6.8661227,train
1448,19.22082359226023,19.216135,train
5723,23.294367317733496,23.318764,train
11289,8.001000028014305,8.001139,train
16013,27.415781458912697,27.385788,train
18331,26.683228947509186,26.691538,train
10590,29.677399564031603,29.675468,train
11923,22.70705089343061,22.710052,train
803,5.393604326707714,5.3909473,train
9934,6.708523927938943,6.684231,train
19174,3.427309755937745,3.4268126,train
3153,11.783996917049311,11.7861395,train
3622,30.322765664878062,30.310162,train
1559,4.372281870616634,4.3677535,train
12466,11.838944147065492,11.842658,train
6271,11.631323018312653,11.626842,train
11059,4.450109834123621,4.4382973,train
11654,6.65507597344929,6.634308,train
13654,19.46926318075209,19.473238,train
8834,23.296083483998068,23.308325,train
1462,22.41035956215645,22.398884,train
8809,14.376971885187007,14.36931,train
8445,23.29880260089402,23.312628,train
9932,6.708523927938943,6.685884,train
15292,57.59734802968727,57.574715,train
13528,47.17017381468497,47.18815,train
2752,8.023180179116657,8.015416,train
5850,6.876419054110113,6.8450503,train
19177,3.427309755937745,3.433798,train
12274,14.455497684795304,14.440831,train
14414,14.040854649431251,14.043861,train
11666,8.12733854043814,8.11918,train
4306,9.719544483530507,9.702896,train
13137,41.58429061495493,41.581356,train
18485,14.203184342146836,14.202022,train
1525,50.632492434613184,50.636913,train
2967,13.999610748761176,13.989797,train
1417,9.719212275161835,9.706467,train
1522,50.632492434613184,50.62924,train
14052,27.406470161859204,27.410221,train
199,2.638036185786238,2.6116443,train
12825,5.577448450095398,5.5582285,train
4656,4.350664419800507,4.3480177,train
12018,3.513376022574373,3.4988368,train
15549,8.316653299183429,8.318368,train
16555,11.58450889049733,11.579122,train
3714,6.804226295927448,6.7986135,train
11488,10.043941062065771,10.029268,train
10121,6.626577584173653,6.6124377,train
11995,58.383328200967206,58.388443,train
4860,4.433301976653597,4.4325504,train
19004,4.42192814563757,4.416949,train
12718,26.12437780450136,26.120415,train
520,35.2878499253424,35.28891,train
18045,4.278839677835594,4.273921,train
10270,2.7378350951730805,2.718674,train
15295,57.59734802968727,57.57559,train
3879,3.4906262588516723,3.4832878,train
15375,12.085016051450117,12.086825,train
6733,35.33233108400391,35.335686,train
2914,4.315626700837154,4.3164525,train
3100,3.423404863251978,3.4284465,train
17002,35.65752924170458,35.655346,train
3144,9.822765889013834,9.811096,train
13635,14.039270848299736,14.032971,train
7249,12.217685644986584,12.20518,train
2083,47.07352396287201,47.083107,train
14399,11.796720623159729,11.7951,train
16128,6.655552005522495,6.637092,train
11607,60.48252589130836,60.51823,train
410,5.437753175226781,5.440568,train
2971,13.999610748761176,13.991955,train
15337,5.517049797814488,5.50597,train
15602,19.983325306274804,19.978302,train
261,11.566192835454284,11.555677,train
8526,2.70891590619996,2.6840148,train
8393,10.060244866626965,10.036254,train
19179,3.427309755937745,3.4306183,train
10940,20.18653047753837,20.172857,train
13747,2.644782439096441,2.611467,train
14072,36.428494938564704,36.44879,train
2768,11.638505633455669,11.6293545,train
7985,5.393277784551054,5.3900394,train
5336,22.61982167555844,22.629337,train
16471,70.38744055582808,70.44897,train
151,40.46693733703246,40.49966,train
14796,12.073872830930233,12.060143,train
14290,47.59401362079974,47.589752,train
5563,35.73198980287516,35.72597,train
5019,60.22437727795918,60.300003,train
10402,31.15061180638959,31.134825,train
16492,3.3793123881317606,3.370249,train
13121,36.32120693621686,36.316967,train
75,11.931649537355048,11.918687,train
18940,40.44625226967486,40.458538,train
15149,6.601823466341924,6.589659,train
15358,10.06851284589774,10.056903,train
12684,16.464297328796746,16.464664,train
18579,59.36762111235722,59.40353,train
15778,14.55047371652352,14.548988,train
17811,52.04766800706821,52.05353,train
15136,4.297855922649827,4.2950315,train
9782,19.511210629926246,19.501331,train
7060,12.063942686022951,12.054499,train
17814,52.04766800706821,52.046,train
16897,5.501513631853724,5.495569,train
9007,16.787195017761377,16.767626,train
8020,11.788693240324047,11.787912,train
6091,16.19772217863908,16.183317,train
8450,23.29880260089402,23.296503,train
1046,13.872175255526807,13.860663,train
3973,23.11250514594009,23.094725,train
17761,26.612189407349323,26.62034,train
6332,29.89913730912132,29.865759,train
1570,5.453602047597056,5.4488373,train
1035,11.6582331871555,11.649073,train
1706,46.13571434661053,46.14087,train
5847,6.876419054110113,6.849486,train
7127,35.77251487880431,35.76867,train
4698,9.878075507678982,9.877869,train
1348,2.651577175860931,2.6220539,train
13442,14.476766518685231,14.464754,train
2121,2.733014195440622,2.718361,train
3664,58.22606648348325,58.25493,train
8232,16.902271495178073,16.880863,train
4677,6.6884233999807385,6.6773076,train
6783,2.679876652308808,2.6621113,train
17237,69.31625271328639,69.395615,train
16334,8.308543285499729,8.288787,train
4642,2.698582685784035,2.6607003,train
8691,52.64965762237454,52.627377,train
6920,30.370753870730503,30.370728,train
18395,59.45844552167869,59.49141,train
341,38.871001689016985,38.886993,train
12247,8.356192481029266,8.356256,train
6949,45.40005775796602,45.4166,train
3922,8.272005847991887,8.264483,train
1352,2.651577175860931,2.622927,train
16873,3.495817832919528,3.482369,train
13,3.4636882360122017,3.4528754,train
5285,9.79900845287837,9.7845125,train
3850,53.3133888390764,53.351814,train
12244,8.356192481029266,8.337968,train
16190,19.477517207751166,19.481712,train
13985,8.409437556211982,8.390537,train
1770,6.804125871351521,6.7909784,train
2126,3.494199034483809,3.477079,train
9555,11.92977143625582,11.923851,train
17114,10.062224196236288,10.057379,train
5949,36.14161337491136,36.137638,train
8377,6.8042238089487,6.7961497,train
4761,26.475997643467675,26.44543,train
8685,46.29179883806892,46.273457,train
5281,8.09967191087475,8.091777,train
8363,5.514356971441128,5.5132055,train
8607,14.21374816941229,14.210753,train
18388,59.45844552167869,59.48088,train
10132,8.09096009018889,8.085561,train
12458,9.87011169371161,9.847393,train
5084,9.984112810960296,9.970939,train
16536,7.991658777584205,7.9869957,train
18621,4.372268049774918,4.365549,train
1626,14.20318661328391,14.200916,train
16890,5.501513631853724,5.4984965,train
4913,14.39875625051176,14.3922205,train
11233,2.641945369529067,2.6202188,train
3705,5.514361958659131,5.516841,train
16264,58.52927351113426,58.545547,train
14154,4.470788645696553,4.4672933,train
7326,41.7456272211452,41.780155,train
10708,9.83104731697686,9.820044,train
2955,11.763618443330088,11.755618,train
139,30.79391023212975,30.779293,train
15349,6.808194080929191,6.79255,train
14057,27.406470161859204,27.371637,train
9237,31.24025323911746,31.22199,train
14372,6.6550572887681145,6.6401067,train
3338,7.918785017787245,7.916318,train
3968,19.81382468589979,19.798426,train
15967,14.553769504292417,14.551413,train
2335,5.514992905648285,5.5067406,train
9743,9.855278882312144,9.853264,train
6798,3.426758363567802,3.4281723,train
13839,19.08199677745677,19.076468,train
15914,4.469972324144574,4.4816318,train
6212,3.38352670793303,3.374045,train
11815,2.6798483480542923,2.674132,train
18616,4.372268049774918,4.367343,train
7019,5.512986899996157,5.50977,train
16766,16.93983299424297,16.928476,train
17654,3.46287616207661,3.4618487,train
6606,3.463494104363132,3.463102,train
18967,59.33095836964852,59.37156,train
18987,3.5025840094867644,3.4830613,train
2881,57.02672548940503,57.031578,train
18074,8.035667900269116,8.0379,train
17016,40.79274201265735,40.798687,train
3272,58.50636689533324,58.55185,train
14645,22.706586663401545,22.707201,train
156,40.46693733703246,40.491455,train
12000,58.383328200967206,58.400997,train
15146,5.355787833397262,5.353808,train
8200,10.006211635630953,10.003003,train
115,22.994974363014904,23.007479,train
12192,2.7529128597477226,2.708739,train
18442,6.728558482647348,6.710041,train
11594,53.23078958907627,53.210785,train
291,19.05581652042869,19.056925,train
19311,39.990064015881245,40.01262,train
13200,5.326598425315098,5.3159246,train
15699,2.76783276839671,2.7268825,train
5216,67.89636060989888,67.94379,train
5179,40.64542153266957,40.664513,train
6632,5.452945414680859,5.452631,train
17743,19.67386644705623,19.65048,train
8739,3.50175545283292,3.4801235,train
12648,8.077368205409602,8.0714035,train
7900,39.10561494606926,39.132893,train
5921,23.503873212499084,23.494871,train
431,8.193188684675764,8.191054,train
3453,49.59532874711015,49.657623,train
18366,46.14505775094848,46.135357,train
17351,19.708416363432303,19.698444,train
16681,3.4970703129535017,3.4770005,train
11552,26.9749273266716,26.959402,train
5735,27.03688908872464,27.027742,train
7140,40.92031603182694,40.91195,train
5432,2.7329174189644587,2.7169764,train
13381,4.45352687233361,4.4603467,train
6147,38.73958632268193,38.747494,train
12677,13.93828400148196,13.92705,train
15036,27.39963726697832,27.38308,train
7105,26.978401307234257,26.960117,train
13816,11.58450889049733,11.579122,train
19294,30.43629700593164,30.429342,train
18001,52.06823645974915,52.090305,train
1463,22.41035956215645,22.4005,train
8826,19.959057219852347,19.966766,train
12205,3.5205301735751884,3.4913356,train
10250,51.06412786371418,51.06844,train
15489,69.62951130712035,69.60269,train
10128,8.09096009018889,8.084901,train
11632,4.325556458596122,4.318393,train
11547,26.9749273266716,26.974485,train
8985,11.93189209849983,11.915339,train
12068,10.082996455453056,10.075172,train
17551,22.99131847807981,22.988792,train
5835,5.573218400912195,5.55754,train
2019,19.981913988137755,19.985363,train
11676,9.833628133818198,9.812571,train
4246,2.651586277786812,2.636881,train
4178,30.923494904816422,30.912195,train
9194,17.000145797563636,16.989166,train
14181,8.410098919808021,8.395004,train
16186,19.477517207751166,19.489786,train
17996,52.06823645974915,52.081814,train
8246,23.17079121356761,23.178232,train
6837,8.125366965057475,8.116763,train
5906,20.145233889532307,20.130484,train
14341,3.427065722228307,3.421102,train
9214,23.303793572059423,23.325096,train
2568,11.794108016712649,11.788684,train
5171,35.51833588723952,35.507015,train
17307,9.943417259271168,9.931805,train
8781,10.06105554284492,10.048081,train
468,14.160952427235628,14.165072,train
19283,26.372252985493382,26.361866,train
8980,9.944605845845958,9.924987,train
996,5.335720143245309,5.3244977,train
489,19.649111293465804,19.63539,train
18558,46.10165373502444,46.098305,train
17571,30.78585051624797,30.779037,train
7811,9.680210315185294,9.659622,train
15609,23.33028065288677,23.342924,train
16060,54.308715457309525,54.288433,train
15312,2.7385840698588604,2.7153828,train
6976,67.17088418273241,67.10045,train
16052,47.67556447748811,47.664516,train
13182,3.384927096116184,3.3823085,train
7815,9.680210315185294,9.660934,train
18841,8.218139021218338,8.211668,train
7956,3.426427000296305,3.4296827,train
7548,67.89761970766752,67.914665,train
11549,26.9749273266716,26.969193,train
10143,9.787552015034205,9.774562,train
5532,19.87480651925221,19.833027,train
6172,49.89380123014212,49.912827,train
15717,4.4696908100697,4.451329,train
16627,34.079261637555426,34.077232,train
10874,6.8804369726902745,6.8659983,train
1545,2.708579062443912,2.690695,train
5150,26.77632081570378,26.76465,train
7277,20.21097208203288,20.207443,train
8698,52.64965762237454,52.63399,train
14227,17.20828068303235,17.186508,train
5296,11.753913787020023,11.747329,train
6665,11.927985868777798,11.923883,train
17156,23.313702792405124,23.321617,train
10753,19.46353380004629,19.4589,train
6075,13.71681439437468,13.704983,train
2313,2.7382564811417,2.694732,train
17495,8.218114223739999,8.207967,train
967,2.651650512029733,2.622252,train
8918,2.708548541881171,2.677823,train
7195,4.470603427337951,4.4573994,train
17325,11.930680217392707,11.913412,train
7979,5.393277784551054,5.3981333,train
9835,45.68455748839662,45.699757,train
3337,7.918785017787245,7.917663,train
18210,2.708708464276146,2.682074,train
7670,22.33235177416136,22.344337,train
5325,19.39438239099253,19.40366,train
12110,19.9795829364564,19.966684,train
1468,25.978980967828967,25.953272,train
1127,44.710494378692566,44.72011,train
17337,16.786680857916362,16.78286,train
2569,11.794108016712649,11.78726,train
6429,5.3314508258617375,5.325797,train
10361,16.976216926803463,16.956997,train
14604,11.79410820216684,11.799075,train
6396,2.6496526089772976,2.6282024,train
7289,23.59913330619728,23.585602,train
4319,11.65698187200393,11.6369295,train
16506,4.262151865053322,4.251396,train
1519,50.632492434613184,50.635456,train
16525,6.548365309251103,6.537407,train
10868,5.575802753031455,5.5681844,train
1739,3.501480827341935,3.4919693,train
9487,2.7086272166512813,2.6972582,train
2032,23.329218518114708,23.315481,train
10554,16.24410167911608,16.241274,train
14539,3.426691556928463,3.429137,train
1031,11.6582331871555,11.649962,train
11222,61.33610401823559,61.412872,train
3359,11.47503257770756,11.45961,train
7668,22.33235177416136,22.345175,train
13850,22.24119659609466,22.222248,train
8767,6.804798625042007,6.7919497,train
4633,57.23416600632674,57.22091,train
10541,13.754986358626509,13.742676,train
5492,10.024970078805753,9.998465,train
6868,14.034669683999034,14.031613,train
7122,31.139319734798352,31.126469,train
1276,26.300006863997687,26.28181,train
9012,19.70783187156621,19.693535,train
2738,6.571475771599267,6.55945,train
16349,12.06457598001331,12.057456,train
9940,8.191759386175578,8.177354,train
16168,14.04309586754078,14.043178,train
12340,41.43326211334096,41.44495,train
10103,4.30856967282522,4.3105807,train
4377,29.96110459697413,29.977024,train
5516,16.926276381493675,16.903944,train
9257,41.120805074128185,41.137623,train
12293,20.075484224133127,20.073975,train
14945,5.57738774476359,5.563096,train
17873,6.725155751284984,6.7034426,train
13391,5.555295080198322,5.5526605,train
9075,46.10827558357298,46.111412,train
4171,26.777116487620017,26.76843,train
4451,2.651340495288661,2.6251016,train
7820,11.60795649193932,11.601819,train
3097,3.423404863251978,3.424692,train
18347,35.38576344087019,35.378754,train
1416,9.719212275161835,9.705665,train
8242,19.84990966305152,19.8321,train
3242,39.90436918305849,39.931774,train
18073,8.035667900269116,8.036336,train
1400,8.034673285745228,8.029736,train
1791,10.06001725968814,10.043087,train
13611,9.832967363274172,9.829105,train
7936,64.35993824723154,64.40926,train
2260,35.74716386312536,35.753887,train
7271,17.205336964454208,17.175169,train
1369,4.2785560676396175,4.2746906,train
8733,3.50175545283292,3.4829159,train
15993,20.21809965806252,20.193653,train
14980,12.216826866795364,12.21169,train
12576,58.7445336701217,58.762657,train
445,9.914430525959508,9.917793,train
17702,9.936827424934425,9.931115,train
4639,2.698582685784035,2.6718285,train
7089,19.928197397033564,19.919441,train
18078,9.720675926907024,9.723885,train
2795,19.187323388788315,19.180923,train
5873,12.196546913036052,12.182135,train
14316,61.61955390616471,61.625435,train
12943,41.752818862431866,41.75779,train
12980,2.767950208168843,2.7468872,train
202,3.371358194630628,3.3649156,train
3544,9.81528707680252,9.807739,train
18797,3.4639967086747205,3.4604664,train
2804,19.187323388788315,19.178501,train
2952,9.807070250141807,9.791329,train
2579,14.03703780461786,14.030309,train
587,2.7085127543344987,2.6999831,train
4441,65.42022898601756,65.41604,train
16599,25.774441228347605,25.75973,train
10323,8.30881283239143,8.292073,train
3239,39.90436918305849,39.930504,train
18670,11.929787983506596,11.930461,train
1333,58.36450659100359,58.41473,train
4716,14.101696676245515,14.105272,train
11400,44.43268557333643,44.45103,train
531,40.377631829733055,40.399582,train
10442,53.05718556297103,53.073154,train
12986,2.767950208168843,2.7559564,train
8326,68.81309100394122,68.84051,train
4851,3.512466552564748,3.5010605,train
14573,6.654040997719327,6.6421285,train
5089,9.984112810960296,9.965833,train
17198,41.17877762660081,41.19554,train
8021,11.788693240324047,11.784437,train
17424,52.47451444287488,52.4977,train
2241,26.930729823540588,26.92854,train
15786,17.206095957878134,17.202093,train
5595,53.083073628243376,53.07901,train
1137,50.68935151842295,50.697803,train
6481,13.861175328282078,13.84518,train
10747,19.46353380004629,19.457882,train
19044,10.065339806641262,10.053884,train
6626,5.452945414680859,5.4559164,train
2747,8.023180179116657,8.016352,train
4371,25.9825189971324,25.97386,train
11793,58.46096937908226,58.436935,train
15803,20.21305286572704,20.194052,train
15297,65.09267984036615,65.0847,train
6003,3.3594554848970217,3.3487418,train
9330,5.496595758597001,5.4826784,train
7693,29.8493628553858,29.83728,train
16423,35.77354654999463,35.777145,train
16804,31.110044792535263,31.098558,train
10469,3.3670877540885287,3.365677,train
16038,41.74918116335162,41.750893,train
8743,4.420741737162155,4.4149942,train
11303,11.605420343427122,11.600409,train
3523,6.64364964800169,6.628427,train
15088,61.8777218088416,61.92446,train
14334,2.680060136742551,2.6616418,train
5218,67.89636060989888,67.91278,train
5378,39.71379883087487,39.73198,train
9189,14.380230957547736,14.367975,train
13031,8.406208198149583,8.399355,train
10877,6.8804369726902745,6.8626714,train
14653,26.33557838360004,26.342108,train
12279,14.455497684795304,14.431357,train
5878,12.196546913036052,12.178676,train
13993,10.179724723010924,10.168117,train
3347,9.573274695324717,9.559974,train
17181,31.265853211056445,31.24355,train
6900,22.69865017075573,22.690039,train
4645,2.698582685784035,2.6472347,train
15882,61.91755856408145,61.96115,train
18270,9.945409981647147,9.937622,train
5065,6.7580505138063645,6.733494,train
193,2.638036185786238,2.6046684,train
7226,8.408987703827327,8.385019,train
17294,6.727493680206459,6.694143,train
3790,23.29556930203368,23.293955,train
12381,69.99571630851217,70.02635,train
10767,26.32861172301684,26.328697,train
17251,2.708248428855141,2.6713617,train
14855,31.227174480005047,31.194725,train
3786,23.29556930203368,23.302963,train
18405,2.7086994826902444,2.7016752,train
18544,35.364527610569084,35.35957,train
5018,60.22437727795918,60.312542,train
2902,3.419483384994477,3.4242537,train
19336,51.770522643149945,51.76927,train
17987,45.88636353743181,45.88999,train
17407,46.16869260004919,46.178307,train
18495,16.785412269679526,16.767794,train
17371,26.684597918145748,26.68229,train
13248,11.636146679706028,11.632676,train
17753,22.94705567893216,22.946812,train
5041,3.482284363766976,3.4646735,train
17963,30.706189705368445,30.697542,train
4110,9.970797327562025,9.979859,train
14058,27.406470161859204,27.363525,train
11112,12.152599783059475,12.139191,train
8602,14.21374816941229,14.213633,train
18935,35.360660553701905,35.359806,train
2999,22.637654651411168,22.634096,train
4491,6.57997968013165,6.5652485,train
8166,5.486112696540107,5.4754624,train
4923,17.017149413199444,17.002415,train
16644,44.2513224587667,44.259212,train
10093,3.4141493037943245,3.4219615,train
3035,39.739221698239575,39.768013,train
5266,6.633172795893891,6.6120014,train
13647,16.58837265322754,16.578367,train
1970,8.315945242318033,8.3177185,train
14775,8.312917138020815,8.301094,train
15802,20.21305286572704,20.198263,train
15255,34.456384355447206,34.455154,train
804,5.393604326707714,5.3915505,train
6409,3.387760611053528,3.3882828,train
7973,4.324569650612342,4.320731,train
17420,52.47451444287488,52.468124,train
7497,35.46645561497126,35.45395,train
19318,39.990064015881245,40.00178,train
16375,16.975095666791052,16.948263,train
8888,46.85373954662278,46.84294,train
9071,46.10827558357298,46.121147,train
6300,19.18033941664073,19.176067,train
13235,9.702428609908443,9.6976385,train
10192,22.57583300924566,22.569475,train
45,6.728225741656603,6.701981,train
6028,5.283813091314699,5.2798686,train
4857,4.433301976653597,4.434179,train
15158,8.056643564505476,8.066529,train
14201,12.219906214187988,12.220943,train
4905,12.095411676309684,12.089059,train
10341,12.065009881332942,12.054513,train
11996,58.383328200967206,58.411633,train
68,9.944380093437465,9.929495,train
13327,39.202232131484855,39.21083,train
6600,2.708393370963044,2.6942253,train
2540,6.654279103727196,6.633163,train
10464,2.634075483446833,2.6068628,train
7129,35.77251487880431,35.773376,train
5607,60.2862913044289,60.327164,train
6901,22.69865017075573,22.688347,train
16245,45.50308508521769,45.541924,train
15467,53.674634010244326,53.659653,train
11010,53.936249904147175,53.930935,train
13242,11.636146679706028,11.632271,train
11573,40.998353809794885,41.029655,train
10336,12.065009881332942,12.058188,train
13432,12.158984383433603,12.150472,train
527,35.2878499253424,35.27358,train
8978,9.944605845845958,9.923935,train
10683,5.393963881571096,5.4037046,train
6966,58.33205390993229,58.30846,train
7846,19.1358779335232,19.149849,train
2370,10.060056068752283,10.039235,train
8435,19.95984341060886,19.960888,train
8268,31.06762490630758,31.05584,train
15387,17.01847041526688,17.014753,train
5920,23.503873212499084,23.499071,train
10242,45.03810987953722,45.028427,train
17782,35.24715335336369,35.251713,train
11931,22.70705089343061,22.704086,train
8191,8.267826917565984,8.274638,train
17515,11.931686744523365,11.9301815,train
2869,50.49155592474484,50.49051,train
4848,3.512466552564748,3.501004,train
421,6.708418514918034,6.6914206,train
826,8.124923633519694,8.124155,train
839,9.830335858754546,9.817905,train
14558,5.394117115004909,5.396315,train
2799,19.187323388788315,19.17781,train
14995,14.549398523998969,14.537108,train
3256,51.636476736943365,51.64477,train
5936,31.46723268531948,31.45124,train
6650,8.216151225650435,8.20338,train
14470,34.9203027778589,34.92901,train
14609,14.037250335162268,14.038584,train
8715,67.89804544702722,67.85343,train
16976,23.177095686414493,23.149685,train
14291,47.59401362079974,47.599766,train
10818,51.50778410422704,51.484375,train
7955,2.67966579015312,2.6648757,train
3536,8.112795120300943,8.110616,train
8101,39.7924248779648,39.806625,train
18351,35.38576344087019,35.383698,train
18622,4.372268049774918,4.3689966,train
8713,67.89804544702722,67.88515,train
11597,53.23078958907627,53.213165,train
13314,34.31631204776647,34.320724,train
9500,3.463823607534496,3.460557,train
4604,39.27204429585203,39.289536,train
1891,46.89344416172968,46.89922,train
6586,64.63445678339761,64.70087,train
13444,14.476766518685231,14.46465,train
2782,13.84736991148162,13.83671,train
14023,17.20685403521417,17.201345,train
3000,22.637654651411168,22.632471,train
10281,3.501392529624661,3.491074,train
14556,4.325053144040819,4.3307157,train
16552,11.58450889049733,11.5809765,train
4139,16.833783360271415,16.830854,train
10533,11.56241185959522,11.558134,train
2355,8.312184058059383,8.306921,train
1149,57.2881662058226,57.272648,train
6703,22.97874290495203,22.989082,train
4846,3.512466552564748,3.4995983,train
9673,69.07998924373878,69.16298,train
11346,22.304253472901937,22.311495,train
6888,19.46090985668767,19.453684,train
16505,4.262151865053322,4.25244,train
13764,4.262151865053322,4.2513375,train
17895,9.937271543072656,9.927517,train
11256,4.261977186901441,4.263286,train
4902,10.081084989122813,10.073978,train
14765,6.805252055153304,6.790803,train
11726,22.715728356803982,22.719381,train
6676,14.198530743640813,14.1961565,train
10641,56.575095478324506,56.551018,train
10957,27.349685453769364,27.332363,train
791,4.324690454952959,4.320514,train
823,8.124923633519694,8.123678,train
3062,51.33909351317882,51.332348,train
8257,26.89784900823696,26.90061,train
4423,50.65171531599499,50.684258,train
16845,53.15028777358014,53.151745,train
9507,4.372297205483147,4.3667126,train
17754,22.94705567893216,22.947435,train
10722,11.79324820860778,11.794716,train
18668,11.929787983506596,11.931114,train
247,7.977484841951872,7.966297,train
11249,3.3775172482846187,3.3852837,train
16908,8.287053435739782,8.278051,train
10051,45.911486583232765,45.90168,train
3213,30.37936864265416,30.393877,train
14194,10.180712630968689,10.178125,train
18859,11.93163130408984,11.929166,train
1328,58.36450659100359,58.389694,train
13680,30.388399670203068,30.403326,train
6232,5.324322298836763,5.307423,train
6201,2.646462432637515,2.6180754,train
2054,31.29317545149303,31.280882,train
10331,10.055084639209408,10.037868,train
7199,4.470603427337951,4.449526,train
714,30.807016912029543,30.794203,train
13129,41.58429061495493,41.584713,train
10610,38.87931509003652,38.894096,train
2932,6.638518499676308,6.6098413,train
1334,58.36450659100359,58.394253,train
729,35.39528214006568,35.391888,train
5145,26.77632081570378,26.775402,train
3408,25.51355843884533,25.504526,train
8724,2.737993099504657,2.6973197,train
5479,8.284601351130672,8.264017,train
8063,22.68160677705264,22.67737,train
1972,8.315945242318033,8.324393,train
11087,8.3667163290534,8.354998,train
1022,9.72040448238932,9.714468,train
19047,12.079904523944911,12.070824,train
3302,3.351284363884982,3.338303,train
14329,2.680060136742551,2.644861,train
10357,16.976216926803463,16.96842,train
18163,34.39662236711407,34.396038,train
17017,40.79274201265735,40.799126,train
2315,3.502050506320055,3.4761066,train
13211,6.569502868408146,6.549711,train
16968,23.177095686414493,23.15226,train
9403,23.20334156234951,23.195515,train
16969,23.177095686414493,23.155115,train
14163,5.577922372128996,5.5653596,train
19175,3.427309755937745,3.4294972,train
1,2.708496180126906,2.6729398,train
12745,39.55382209740266,39.589767,train
708,26.688065851348075,26.669235,train
17588,40.45296757500148,40.475758,train
6093,18.998376056860323,18.992113,train
4497,8.034000431580742,8.0277605,train
1329,58.36450659100359,58.4063,train
8000,8.123629502903881,8.11833,train
6766,52.27633791022582,52.26817,train
8233,19.84990966305152,19.852276,train
9069,40.46189804120248,40.482964,train
6101,18.998376056860323,18.989262,train
730,40.49585337594807,40.52016,train
17513,11.931686744523365,11.930635,train
14761,6.805252055153304,6.7992697,train
1361,3.3902555318677594,3.3943372,train
14125,73.16672003142884,73.109825,train
15799,20.21305286572704,20.216362,train
10157,13.968429281710575,13.955785,train
6715,26.65648540709704,26.651424,train
14675,34.89064573342807,34.91356,train
16229,34.92825313274316,34.939926,train
5999,2.6283117251133854,2.5858207,train
4723,16.662983510921826,16.669048,train
4033,52.52433965725746,52.55539,train
10096,4.30856967282522,4.312417,train
6847,9.830645370821994,9.810528,train
13056,12.211683043753135,12.213499,train
9830,40.07151118070172,40.09361,train
12217,4.44415686531255,4.44034,train
14177,6.883609052061724,6.864662,train
5128,19.77808294115797,19.774845,train
18473,11.93139621122396,11.935739,train
10344,12.065009881332942,12.053849,train
1555,3.4637818082731706,3.4589512,train
10698,8.12551687206948,8.124795,train
7146,46.63300306965911,46.6372,train
12310,27.2150462191298,27.21752,train
964,2.651650512029733,2.6215813,train
3835,46.87175141117033,46.87104,train
17514,11.931686744523365,11.930271,train
11377,34.20023201897286,34.200363,train
8225,16.902271495178073,16.901451,train
15010,20.208444303638693,20.221792,train
3101,3.423404863251978,3.4263191,train
8153,3.4843811294887512,3.461253,train
12978,61.88841155896284,61.95814,train
13095,23.5681103629247,23.562191,train
17301,8.216838373088674,8.192769,train
3650,45.32571236254361,45.338005,train
18794,2.7087326854893243,2.703283,train
16296,3.5012538758153706,3.4892485,train
3158,11.783996917049311,11.79411,train
3616,30.322765664878062,30.31819,train
15141,5.355787833397262,5.3504243,train
19011,5.516471991212152,5.50617,train
18094,11.658590664393245,11.653278,train
7243,12.217685644986584,12.2153845,train
18155,29.97287072252159,29.967173,train
8550,4.373182703498082,4.3739486,train
8581,9.94908966474634,9.946038,train
16966,19.86458286546309,19.834476,train
11036,2.756563314981308,2.719875,train
13929,2.768427146804104,2.7368808,train
8093,34.820443395537644,34.828033,train
18752,40.46160991887188,40.4569,train
3752,12.073126840685235,12.071354,train
6913,30.370753870730503,30.375097,train
6065,11.53119596876517,11.523721,train
16114,5.39516398514078,5.3888474,train
447,9.914430525959508,9.918333,train
12172,53.11232660181848,53.10097,train
9503,4.372297205483147,4.3644266,train
1354,2.651577175860931,2.6255727,train
7792,6.556721947955682,6.535526,train
3343,9.573274695324717,9.559346,train
11085,8.3667163290534,8.356096,train
2892,2.6743699959358485,2.6684687,train
13579,5.3947431565957125,5.3943377,train
73,11.931649537355048,11.918216,train
5362,30.2611568718884,30.247839,train
1100,34.3941157281528,34.391262,train
13271,19.187069571677124,19.1847,train
18371,46.14505775094848,46.12971,train
1318,51.53519422389181,51.54626,train
4881,6.821268673764209,6.799144,train
891,26.33137260081264,26.327017,train
2146,5.4997115639109175,5.489156,train
9769,16.622454312568223,16.611977,train
10104,4.30856967282522,4.30913,train
2089,53.61430273355695,53.62335,train
10301,5.51347068232188,5.506567,train
17393,35.39413413023852,35.39557,train
11247,3.3775172482846187,3.3846533,train
6169,49.89380123014212,49.913387,train
14270,36.40169482099516,36.408882,train
17871,6.725155751284984,6.70495,train
14951,6.882678254863746,6.8758984,train
3224,34.89196154707621,34.89683,train
6292,16.347664625280032,16.33664,train
11288,8.001000028014305,7.9994364,train
3352,9.573274695324717,9.562862,train
13042,10.175014144779013,10.1713295,train
4649,3.448697967641652,3.4404283,train
14925,3.540883323591228,3.505637,train
2617,26.33379102099904,26.3254,train
18472,11.93139621122396,11.934664,train
9917,5.43894963587855,5.445815,train
3103,4.320883854483836,4.314153,train
10555,19.05443138170404,19.062712,train
1183,5.386557878584089,5.377513,train
18122,19.22697500817129,19.230442,train
1721,59.44294578668329,59.45331,train
5915,23.503873212499084,23.502848,train
2911,4.315626700837154,4.312526,train
1963,6.807036339896532,6.804008,train
18048,5.335830758238897,5.326457,train
15544,6.807568748079518,6.8026886,train
11357,25.853560650166337,25.851511,train
19189,4.326005709231165,4.3249593,train
15309,2.7385840698588604,2.7124753,train
15125,3.408232043941083,3.4029555,train
11132,17.108057241721884,17.086847,train
17762,26.612189407349323,26.614243,train
12011,2.747714224807638,2.7259696,train
18576,59.36762111235722,59.417877,train
13866,25.774441228347605,25.76144,train
681,19.7117369235059,19.708239,train
19018,6.807111380190824,6.7828727,train
4824,67.01899302378678,67.02491,train
15841,36.43893022647474,36.45576,train
2142,4.409853122987917,4.413118,train
13707,39.89246368341727,39.90716,train
866,16.583389062837508,16.568045,train
1388,6.58055325043692,6.5627127,train
18479,14.203184342146836,14.200501,train
9790,22.76296882623324,22.75348,train
15809,23.602943561246462,23.60965,train
14723,2.7383123632887343,2.708268,train
312,25.74185264532621,25.732912,train
12666,11.714746518164514,11.705963,train
2588,16.585488782204305,16.57236,train
12721,30.13641458533303,30.147585,train
12287,17.09144859211879,17.039959,train
6439,6.575749272452735,6.5590677,train
10566,22.211762950833336,22.205532,train
15043,31.65924439632516,31.663412,train
2750,8.023180179116657,8.015417,train
18698,19.70205587277775,19.692945,train
18932,35.360660553701905,35.356186,train
1487,29.956114959096592,29.94642,train
15055,36.41918774557975,36.425972,train
10283,3.501392529624661,3.491283,train
11093,10.126395815467223,10.12019,train
17046,59.90232076905948,59.943897,train
439,8.193188684675764,8.207919,train
2135,4.409853122987917,4.402951,train
15693,69.39768820199494,69.28673,train
15236,26.02407266450384,25.99822,train
596,3.463725704281348,3.4621809,train
15390,17.01847041526688,17.006914,train
7927,57.0491840684996,57.07805,train
3317,5.265575656743408,5.262526,train
19085,19.97284670110396,19.960096,train
9694,3.4416346941221185,3.4408858,train
11521,16.958961629855352,16.937563,train
2603,19.4656638962172,19.465796,train
5401,51.312490421608985,51.30554,train
10540,13.754986358626509,13.740993,train
16534,7.991658777584205,7.9849615,train
2601,19.4656638962172,19.471525,train
12643,8.077368205409602,8.066444,train
3381,16.11131341530299,16.106127,train
13916,50.13120527614953,50.158745,train
5530,19.87480651925221,19.840628,train
8230,16.902271495178073,16.876143,train
11172,31.459342797591862,31.4472,train
14770,8.312917138020815,8.306912,train
14985,12.216826866795364,12.206132,train
6412,3.387760611053528,3.3860302,train
7027,6.801907526467083,6.7882676,train
6883,19.46090985668767,19.458364,train
18994,3.5025840094867644,3.489271,train
6855,11.79247674953602,11.788138,train
2302,60.32380426469487,60.350315,train
13166,61.3181520474562,61.330204,train
41,6.728225741656603,6.7019386,train
3831,41.09026214478016,41.097675,train
8001,8.123629502903881,8.116941,train
7557,2.644517535660832,2.6147346,train
9942,8.191759386175578,8.177637,train
6259,9.698315380168223,9.6902275,train
12519,26.43700258485752,26.40363,train
18993,3.5025840094867644,3.4913065,train
19289,26.372252985493382,26.344809,train
8099,39.7924248779648,39.80825,train
11123,17.108057241721884,17.101204,train
9158,8.314264525895991,8.299631,train
11640,4.325556458596122,4.3301373,train
11232,72.07212707241956,72.120705,train
16144,9.834642984749664,9.817696,train
10194,22.57583300924566,22.564718,train
7389,4.373588270267297,4.3844466,train
11254,4.261977186901441,4.2658434,train
12051,6.822815867393846,6.8120728,train
3666,58.22606648348325,58.25992,train
7945,64.35993824723154,64.368,train
5649,5.514631754237328,5.4994144,train
720,35.39528214006568,35.40101,train
425,6.708418514918034,6.695388,train
5047,4.394125295693411,4.381382,train
8157,4.398244872508168,4.3877473,train
10571,22.211762950833336,22.200474,train
15981,17.210299148184202,17.185135,train
16662,56.60134448761165,56.60001,train
9602,26.66479872121217,26.674797,train
95,16.787021655634778,16.778305,train
18307,19.709900249786017,19.705555,train
8231,16.902271495178073,16.878008,train
6824,6.653808540578969,6.6342597,train
17937,22.94986468631417,22.951946,train
1564,4.372281870616634,4.3678665,train
4556,22.41025335211663,22.40769,train
589,2.7085127543344987,2.7013721,train
4603,39.27204429585203,39.287422,train
11841,4.325138898516199,4.33726,train
10399,31.15061180638959,31.133314,train
13026,6.880994922054823,6.8709273,train
5740,27.03688908872464,27.015783,train
1966,8.315945242318033,8.312403,train
8753,5.514802829383529,5.5068803,train
2909,4.315626700837154,4.308837,train
8127,58.09660211241908,58.140396,train
7695,29.8493628553858,29.832207,train
10483,4.248365582204674,4.240657,train
13893,38.91422234320085,38.927124,train
11331,16.308010662860998,16.300146,train
13007,4.469668491169972,4.467576,train
1750,4.420360932898184,4.423543,train
6860,11.79247674953602,11.786687,train
8543,4.373182703498082,4.3580656,train
11205,53.90188774203692,53.89591,train
13565,3.4270235820849577,3.4261131,train
37,5.4535370972796615,5.4493213,train
16760,16.93983299424297,16.93193,train
12347,41.43326211334096,41.437325,train
15852,41.75846663066622,41.748848,train
9860,58.91676567489441,58.962368,train
9590,22.98460188258043,22.996151,train
15391,17.01847041526688,17.005394,train
7580,4.26638485919936,4.263813,train
8170,5.486112696540107,5.484166,train
5777,46.84485270238342,46.843224,train
955,58.38596546089347,58.408607,train
2453,35.89156100745434,35.894474,train
17133,14.380999826435913,14.369758,train
6908,26.32470590913753,26.313807,train
3348,9.573274695324717,9.560496,train
15919,5.576937014393697,5.576232,train
12369,53.90261300771889,53.94773,train
17281,5.452947367426283,5.439124,train
6100,18.998376056860323,18.990274,train
3994,30.932355683209444,30.927912,train
16145,9.834642984749664,9.817931,train
10639,56.575095478324506,56.553402,train
18496,19.70503641990049,19.698174,train
9327,5.496595758597001,5.49105,train
2907,4.315626700837154,4.3086634,train
8440,19.95984341060886,19.963747,train
4715,14.101696676245515,14.107964,train
3810,31.2257159436659,31.21845,train
15340,5.517049797814488,5.495875,train
18056,6.581219445434478,6.5626283,train
449,9.914430525959508,9.921111,train
14778,10.061143235452354,10.052057,train
299,19.05581652042869,19.05186,train
12605,3.41341184478,3.4023397,train
10316,8.30881283239143,8.287715,train
1458,22.41035956215645,22.401056,train
7908,44.50071754991946,44.509747,train
721,35.39528214006568,35.41116,train
14759,6.805252055153304,6.7959785,train
10711,9.83104731697686,9.820258,train
11097,10.126395815467223,10.116851,train
9056,35.37296331373003,35.394115,train
544,46.03373489283661,46.04006,train
17410,46.16869260004919,46.16627,train
17587,40.45296757500148,40.482018,train
12010,2.747714224807638,2.7255962,train
14779,10.061143235452354,10.052831,train
4074,4.386973801580494,4.3872733,train
4297,8.034880206080599,8.023086,train
16121,5.39516398514078,5.400832,train
12583,66.49272834437633,66.55692,train
2527,5.394350144315574,5.392262,train
14610,14.037250335162268,14.038869,train
8585,9.94908966474634,9.946068,train
12536,35.03784651809894,35.04131,train
10145,11.738895074972726,11.725924,train
874,19.463397172895007,19.451958,train
1910,60.60289546086052,60.579144,train
6764,52.27633791022582,52.268517,train
12399,2.694570254438588,2.680529,train
232,6.5359800295844535,6.520267,train
4750,22.82017085774277,22.804615,train
1034,11.6582331871555,11.652409,train
14196,10.180712630968689,10.178508,train
148,35.37584389295486,35.391285,train
17045,59.90232076905948,59.93495,train
17710,11.920420225393688,11.914625,train
6673,14.198530743640813,14.195346,train
2519,4.32526132233661,4.317985,train
15642,35.98496149414287,35.960693,train
16781,23.213132850411533,23.208103,train
2653,39.88906783823267,39.908535,train
18830,6.728695988858052,6.7077265,train
2322,3.502050506320055,3.4717014,train
1615,11.93114095632098,11.925033,train
17675,5.4514537015048905,5.4512978,train
8847,27.039190034919176,27.016367,train
18199,57.29678618334104,57.30043,train
3253,51.636476736943365,51.63795,train
7768,4.265302680390501,4.249153,train
7636,11.61873064567914,11.617174,train
14385,8.127277318599202,8.130259,train
1641,19.706468378524733,19.694387,train
6654,9.94196623369888,9.942487,train
9703,4.341497964452761,4.33369,train
16737,10.033777273871753,10.014026,train
18762,46.12097172526919,46.119076,train
11408,50.35340230487312,50.36665,train
9813,30.482365849216244,30.464424,train
18188,50.69565029953908,50.685463,train
12606,3.41341184478,3.4014373,train
2289,53.11232164210923,53.122673,train
6599,2.708393370963044,2.694216,train
15285,50.88867128964234,50.90321,train
851,14.035147429874712,14.035864,train
8572,8.220943361868855,8.207433,train
6982,67.17088418273241,67.08345,train
5232,2.6723998387919203,2.6619496,train
10423,40.950632724160805,40.958557,train
3044,39.739221698239575,39.763634,train
2959,11.763618443330088,11.755511,train
1705,46.13571434661053,46.138565,train
11595,53.23078958907627,53.218597,train
11579,40.998353809794885,41.012825,train
5585,46.66270391250456,46.654766,train
10661,3.4266316210422736,3.4291437,train
16658,56.60134448761165,56.606747,train
4733,19.55952737168782,19.567148,train
8446,23.29880260089402,23.309967,train
4085,5.470489117246241,5.4538603,train
3156,11.783996917049311,11.78891,train
3988,26.8078158500896,26.80642,train
9527,6.728058320195319,6.699561,train
17340,16.786680857916362,16.77969,train
7962,3.426427000296305,3.4298258,train
16537,7.991658777584205,7.9894066,train
3702,4.420411774772554,4.4179044,train
11264,5.314125823890522,5.3181906,train
12740,39.55382209740266,39.585285,train
566,59.35647455954896,59.42578,train
6083,16.19772217863908,16.18436,train
1194,6.644555943133097,6.6164675,train
3634,39.802178478903386,39.81134,train
3678,2.737823046813698,2.7015882,train
12107,19.9795829364564,19.980328,train
2018,19.981913988137755,19.988356,train
4693,9.878075507678982,9.872174,train
7600,6.560735403418399,6.5547547,train
7796,8.003875223317337,7.99356,train
3056,51.33909351317882,51.342995,train
17263,3.4633463032713725,3.4429774,train
10685,6.653802197580005,6.640497,train
11215,61.33610401823559,61.39481,train
10830,58.28062620155593,58.24635,train
6794,3.426758363567802,3.4259958,train
4689,8.165768752488026,8.170514,train
13453,17.112477023026607,17.096123,train
9010,16.787195017761377,16.761257,train
8224,16.902271495178073,16.894697,train
3907,6.774445427179768,6.755143,train
14616,14.037250335162268,14.032901,train
10787,34.87447201545137,34.90078,train
344,38.871001689016985,38.877987,train
16617,29.71030411274068,29.709774,train
1189,6.644555943133097,6.6239324,train
5351,26.231656278814548,26.215433,train
2023,19.981913988137755,19.970448,train
14598,11.79410820216684,11.794561,train
3231,34.89196154707621,34.890564,train
10737,16.584010125865344,16.575632,train
6697,19.69635613318388,19.688126,train
5436,3.4939888395858416,3.480899,train
1070,22.417935081763016,22.412985,train
2325,4.421023847624547,4.412728,train
10175,19.36078596408515,19.356361,train
4672,5.423807499879186,5.4023237,train
2761,9.704790404948806,9.695513,train
5122,16.847652107473593,16.816383,train
8494,46.91688292382029,46.919445,train
5261,5.377687186849471,5.375599,train
12208,3.5205301735751884,3.4945557,train
18731,30.78419080231098,30.765,train
4852,3.512466552564748,3.5010061,train
3500,3.421855504666593,3.4270017,train
4351,19.2225458757848,19.213861,train
16119,5.39516398514078,5.39522,train
14342,3.427065722228307,3.4255319,train
1279,30.346263497491044,30.355957,train
8105,39.7924248779648,39.804447,train
3004,22.637654651411168,22.62918,train
12678,13.93828400148196,13.923616,train
13471,23.452065065404536,23.4564,train
7643,13.823744082032102,13.812999,train
9478,60.226012960931534,60.29537,train
16054,47.67556447748811,47.686,train
2976,16.53977460432429,16.537106,train
7004,4.41963148757761,4.419086,train
11513,16.958961629855352,16.95226,train
871,19.463397172895007,19.45594,train
10496,6.531354650653539,6.52456,train
161,46.11681562429834,46.115417,train
16021,31.677919987423262,31.663336,train
11545,26.9749273266716,26.97216,train
11259,4.261977186901441,4.263134,train
2515,4.32526132233661,4.3176913,train
13904,44.2513224587667,44.261673,train
104,19.707799831398216,19.692598,train
16231,34.92825313274316,34.92898,train
7679,25.887362814946755,25.888311,train
10983,41.56244248915803,41.573414,train
18771,52.41284890942071,52.395462,train
9990,19.62876084598636,19.629515,train
11200,47.32179431110334,47.32637,train
18166,39.29750380942426,39.333675,train
1901,53.35263677725449,53.369728,train
17053,2.737863669082239,2.7186646,train
6470,11.648849602331245,11.6421795,train
334,34.03959183233169,34.033165,train
14352,4.3255825255506535,4.317093,train
10879,6.8804369726902745,6.8663435,train
8374,6.8042238089487,6.7942796,train
1927,3.5023728097497764,3.4855196,train
10010,26.56615883944172,26.576645,train
987,4.278760703141022,4.271256,train
18505,19.70503641990049,19.688618,train
13207,5.326598425315098,5.321257,train
2109,69.53244384329564,69.467545,train
797,4.324690454952959,4.319464,train
11567,35.80894288502899,35.818398,train
3145,9.822765889013834,9.81335,train
7394,5.455604810073586,5.4599023,train
7173,2.7683920640794635,2.7350736,train
15265,39.38354458162934,39.403008,train
12028,4.434416373363108,4.4346213,train
8587,9.94908966474634,9.952512,train
2645,39.88906783823267,39.927307,train
8932,4.372289036882156,4.366613,train
16271,58.52927351113426,58.574783,train
9650,52.342681818322,52.339462,train
18385,52.43731922756592,52.434406,train
15594,17.013134627583373,16.985622,train
2426,27.03330955369092,27.022324,train
1647,19.706468378524733,19.691296,train
9378,14.323302676962449,14.321789,train
3657,51.44204164024564,51.43671,train
18791,2.7087326854893243,2.6956003,train
12098,17.01903374589111,16.996172,train
929,39.88665824677827,39.905785,train
16762,16.93983299424297,16.932615,train
7749,2.645134884017069,2.6073377,train
7433,11.940417434295226,11.960441,train
9704,4.341497964452761,4.3303413,train
2397,16.991842928224937,16.983068,train
19223,9.836238956961564,9.824452,train
6823,6.653808540578969,6.635967,train
8910,60.47364583500093,60.49552,train
446,9.914430525959508,9.914982,train
13333,44.60184610371282,44.604736,train
1005,6.581067824773221,6.563484,train
18143,25.99103057566703,25.985886,train
7873,25.864124028011872,25.856565,train
1509,44.67014339319393,44.683838,train
8250,23.17079121356761,23.16254,train
12667,11.714746518164514,11.710783,train
11989,51.57113925881535,51.5569,train
18,3.4636882360122017,3.4522283,train
4647,3.448697967641652,3.4350295,train
14396,9.833515805333912,9.823765,train
1270,26.300006863997687,26.298973,train
13748,2.644782439096441,2.61258,train
14193,10.180712630968689,10.175162,train
12762,51.12835088120414,51.16722,train
2650,39.88906783823267,39.924145,train
5080,8.252189973008186,8.24242,train
11884,11.79434716865068,11.796513,train
11809,66.12146250407682,66.20075,train
17116,12.07640658748618,12.081016,train
13278,19.187069571677124,19.172276,train
6889,19.46090985668767,19.453075,train
4720,14.101696676245515,14.099809,train
11687,11.79687784031292,11.801286,train
14641,22.706586663401545,22.706533,train
12420,5.4184367859103055,5.4192095,train
16996,31.03775157836372,31.016502,train
15434,31.31477534961435,31.303783,train
14687,45.43117938693548,45.460133,train
5896,17.160123500643675,17.13295,train
3503,4.318728812581711,4.323718,train
8447,23.29880260089402,23.304367,train
15268,44.84250412419234,44.85156,train
9603,26.66479872121217,26.673386,train
2506,3.4268652011358185,3.4237113,train
17467,5.453944331739666,5.446722,train
4197,40.70553607216157,40.72099,train
13221,8.020969874138826,8.0177145,train
8569,6.73043322266602,6.725011,train
16453,52.98386526528585,53.000935,train
13597,6.654870000813584,6.640421,train
8065,22.68160677705264,22.674255,train
15980,17.210299148184202,17.187393,train
3124,6.647717166560328,6.622347,train
18083,9.720675926907024,9.718588,train
15412,23.34160294300016,23.33369,train
10253,51.06412786371418,51.069447,train
5386,45.219210934851226,45.22447,train
6528,29.952876069539208,29.951763,train
10897,10.173935357807435,10.174551,train
5772,41.07423943587891,41.07622,train
14474,34.9203027778589,34.931267,train
7489,30.85854490144682,30.860233,train
14155,4.470788645696553,4.464675,train
3139,8.11832626120918,8.125158,train
10011,26.56615883944172,26.570019,train
16072,61.79860533418504,61.829338,train
18158,34.39662236711407,34.39731,train
13534,53.65683209525948,53.668194,train
16441,46.63697301236813,46.64901,train
4078,4.386973801580494,4.3772974,train
560,59.35647455954896,59.416725,train
18006,58.918449486030376,58.942013,train
5662,6.804563440257528,6.7854023,train
14957,8.408610267261812,8.397062,train
10393,26.98533118302545,26.961979,train
13196,4.271657825709782,4.265269,train
11967,39.89208467808479,39.903427,train
9388,16.93108824748578,16.917404,train
3740,10.060180445760883,10.047989,train
2491,60.65772001218227,60.680275,train
16020,31.677919987423262,31.665714,train
15208,19.25072546022004,19.260296,train
17581,35.36490466801548,35.371548,train
3812,31.2257159436659,31.207958,train
14362,5.394854572208311,5.3935575,train
10696,8.12551687206948,8.124136,train
8132,58.09660211241908,58.125267,train
7654,16.327472020473603,16.32568,train
1535,57.20652774133463,57.186203,train
10793,34.87447201545137,34.89349,train
2925,6.638518499676308,6.6139755,train
2480,53.37235098962706,53.362362,train
12543,40.0707569732276,40.09242,train
12058,8.33269892619885,8.32071,train
6508,22.401963939400744,22.396929,train
17335,14.203174694797369,14.196491,train
1331,58.36450659100359,58.39561,train
11821,2.6798483480542923,2.6821496,train
14898,60.65764308308809,60.686916,train
6627,5.452945414680859,5.4550996,train
11621,2.6800298406074674,2.676567,train
13968,5.577725012436253,5.5646048,train
3438,38.507113968365694,38.53741,train
15213,19.25072546022004,19.253077,train
8531,2.70891590619996,2.6884406,train
9285,60.657728553914,60.694344,train
18727,30.78419080231098,30.776184,train
14094,47.680992295718994,47.6861,train
15062,41.73341427249216,41.74574,train
18330,26.683228947509186,26.696198,train
7318,36.42816410274023,36.44378,train
17642,2.7080001211116875,2.6954584,train
2845,39.17395137784385,39.184925,train
10,3.4636882360122017,3.45127,train
8551,5.4550261345133375,5.444813,train
10962,27.349685453769364,27.311798,train
2765,11.638505633455669,11.625642,train
4825,67.01899302378678,67.00513,train
7380,4.373588270267297,4.3665614,train
15773,12.216907157053178,12.20414,train
16680,3.4970703129535017,3.47781,train
2107,69.53244384329564,69.479774,train
13557,2.6800335776065,2.6671066,train
6290,16.347664625280032,16.342203,train
5209,59.80583469808005,59.856075,train
9424,31.094593388139582,31.0813,train
2912,4.315626700837154,4.311839,train
17394,35.39413413023852,35.38642,train
4588,34.37723539300664,34.379444,train
13578,4.3255147578110105,4.330556,train
15477,61.07334602815417,61.053917,train
7518,46.30064389565297,46.29857,train
9288,60.657728553914,60.708164,train
7798,8.003875223317337,7.9892454,train
10332,10.055084639209408,10.035813,train
7907,44.50071754991946,44.508854,train
13708,39.89246368341727,39.90767,train
10527,11.56241185959522,11.55733,train
6520,25.97233068144464,25.94865,train
13938,2.768427146804104,2.7422645,train
18036,4.278839677835594,4.272295,train
6243,8.01753035314465,8.011603,train
2893,2.6743699959358485,2.6710196,train
13326,39.202232131484855,39.20566,train
9379,14.323302676962449,14.3200655,train
13852,22.24119659609466,22.22053,train
14210,14.553384683418702,14.563807,train
1389,6.58055325043692,6.566805,train
11899,14.037530046339258,14.027614,train
4665,5.423807499879186,5.4190025,train
17559,26.67363142943311,26.68112,train
6115,25.6622091129414,25.64754,train
17122,12.07640658748618,12.072892,train
15530,5.516667852136265,5.517035,train
4951,23.310450760456497,23.30886,train
2776,13.84736991148162,13.834921,train
3434,38.507113968365694,38.539093,train
11787,51.6246529061579,51.60261,train
6758,46.0352372303975,46.034084,train
16805,31.110044792535263,31.090483,train
5060,5.479199376972568,5.4672923,train
6130,29.580343923795965,29.568703,train
11189,41.44496763084698,41.448666,train
14029,20.2127881503318,20.210653,train
473,16.736428127591374,16.738556,train
4592,34.37723539300664,34.379063,train
18376,52.43731922756592,52.409298,train
17625,59.36039100777808,59.439632,train
17298,8.216838373088674,8.194922,train
13548,60.93541213068231,61.00017,train
5377,39.71379883087487,39.73218,train
14734,3.5021532227900267,3.4830647,train
15504,2.738511525458672,2.7150216,train
14825,19.957580957136027,19.953707,train
4427,57.234210991288506,57.264973,train
7730,50.45184574770483,50.47168,train
19195,5.395561287836819,5.3949604,train
3862,60.52998546309277,60.607784,train
4456,3.3899503390781547,3.3920887,train
5743,31.220475438484407,31.218027,train
1188,6.644555943133097,6.628034,train
15855,47.70172982352404,47.708477,train
15025,23.59561888155831,23.600693,train
13567,3.4270235820849577,3.4279513,train
6635,6.727251903746071,6.709757,train
13315,34.31631204776647,34.31949,train
2577,14.03703780461786,14.032089,train
14919,3.540883323591228,3.5173273,train
2163,6.78451665768644,6.7641263,train
11064,5.551136481422364,5.546225,train
3077,65.62438510253718,65.68157,train
10585,29.677399564031603,29.68106,train
17484,6.728661322074843,6.705179,train
482,19.649111293465804,19.649952,train
13549,2.6800335776065,2.650703,train
17613,52.37163578790875,52.363426,train
16686,3.4970703129535017,3.4792168,train
14722,2.7383123632887343,2.7044382,train
6515,25.97233068144464,25.954815,train
1671,30.794238912773924,30.776012,train
2394,14.374076505429992,14.355479,train
126,26.67923888964828,26.683546,train
18693,16.78281810679832,16.766262,train
12262,12.138773915132886,12.132344,train
9878,78.58062096349295,78.55837,train
5211,59.80583469808005,59.822052,train
16892,5.501513631853724,5.498212,train
18105,13.872643591503794,13.86427,train
19079,19.97284670110396,19.976624,train
4068,3.4765577219221213,3.4542403,train
14800,14.37624472537404,14.375613,train
18357,40.48350578932382,40.49956,train
2123,2.733014195440622,2.7197618,train
17995,45.88636353743181,45.90371,train
2905,4.315626700837154,4.3075366,train
18189,50.69565029953908,50.678352,train
13525,47.17017381468497,47.175697,train
7601,6.560735403418399,6.556414,train
17425,52.47451444287488,52.496624,train
6950,45.40005775796602,45.41243,train
9431,35.73824276619104,35.73668,train
13051,12.211683043753135,12.215852,train
4762,26.475997643467675,26.446981,train
17260,3.4633463032713725,3.4460886,train
3801,27.0396064566848,27.013655,train
3530,6.64364964800169,6.630198,train
18660,9.943284673744312,9.934898,train
3422,29.406136662132543,29.408453,train
6192,63.38449733252296,63.429,train
7573,3.3809129575406835,3.3801212,train
5894,17.160123500643675,17.131922,train
10594,29.677399564031603,29.671133,train
13875,29.71030411274068,29.709496,train
13726,51.56480717094732,51.548775,train
12054,8.33269892619885,8.318378,train
2149,5.4997115639109175,5.4931474,train
12441,8.158966784717283,8.148807,train
3685,3.5015152732231445,3.4875593,train
44,6.728225741656603,6.700525,train
4398,39.2749803184718,39.31462,train
15023,23.59561888155831,23.605772,train
605,4.37226573877274,4.376746,train
10792,34.87447201545137,34.89216,train
12521,30.50696090872292,30.5021,train
3781,19.958089859638896,19.956455,train
11461,5.50905772904389,5.5072436,train
13352,57.13312231443475,57.13824,train
16938,14.318833955178135,14.315325,train
11820,2.6798483480542923,2.6781073,train
4743,22.82017085774277,22.830114,train
14036,20.2127881503318,20.202492,train
11399,44.43268557333643,44.448322,train
2166,8.28601199625113,8.270687,train
19331,51.770522643149945,51.752216,train
5458,5.49908632876588,5.4985,train
7007,4.41963148757761,4.415481,train
9052,35.37296331373003,35.407097,train
6921,30.370753870730503,30.369125,train
13600,8.12695765865257,8.127383,train
17030,52.83214409813406,52.83304,train
3552,9.81528707680252,9.805164,train
2554,8.12609586234306,8.111733,train
12739,34.599842035110434,34.595734,train
3524,6.64364964800169,6.6271996,train
13409,8.372357434098713,8.353501,train
10624,44.21684655523015,44.21845,train
627,6.728469413915577,6.717083,train
1716,52.42578981420947,52.41395,train
11107,12.152599783059475,12.147083,train
18548,40.45314727551783,40.475895,train
11072,5.551136481422364,5.5428057,train
10600,34.04503967970897,34.054367,train
6699,19.69635613318388,19.685707,train
2546,8.12609586234306,8.117885,train
2957,11.763618443330088,11.755999,train
2731,5.328295548013195,5.3200574,train
17866,6.725155751284984,6.703133,train
15026,23.59561888155831,23.594383,train
19275,22.732934390418883,22.743462,train
13856,22.24119659609466,22.212666,train
16189,19.477517207751166,19.484713,train
17157,23.313702792405124,23.321701,train
7016,5.512986899996157,5.5081906,train
16741,12.03877401726476,12.027246,train
14165,5.577922372128996,5.566862,train
16900,6.786117649758384,6.77274,train
4944,23.310450760456497,23.309013,train
4396,39.2749803184718,39.316895,train
2476,53.37235098962706,53.376904,train
16132,6.655552005522495,6.6513414,train
11634,4.325556458596122,4.322205,train
2197,14.32379971425744,14.312983,train
16458,60.05976577236108,60.134003,train
10669,4.3249563001073135,4.3257303,train
13291,25.934075732722288,25.919205,train
14963,8.408610267261812,8.390738,train
1942,4.421703591294218,4.427387,train
11741,26.34777667217677,26.333216,train
9656,52.342681818322,52.323956,train
13664,22.709573149294464,22.71627,train
16122,5.39516398514078,5.402769,train
10584,25.743192421777337,25.733833,train
15243,30.01608328321608,29.998425,train
10021,30.66064099070706,30.667744,train
130,30.79391023212975,30.81155,train
9093,59.34616574424854,59.37468,train
6869,14.034669683999034,14.029996,train
12753,45.0442584732151,45.066326,train
11113,14.470829883927587,14.469751,train
16166,14.04309586754078,14.038101,train
8673,40.58653190880326,40.609,train
1217,9.8172927105488,9.805505,train
11965,39.89208467808479,39.914684,train
10262,57.71551482193834,57.739914,train
9461,53.05653658929399,53.078217,train
523,35.2878499253424,35.29534,train
4164,23.07013446773524,23.0496,train
914,34.886053109587735,34.897293,train
14050,27.406470161859204,27.406765,train
14827,23.294840559906373,23.304335,train
18567,52.3749720779351,52.38497,train
6119,25.6622091129414,25.653833,train
1071,22.417935081763016,22.412485,train
14379,8.127277318599202,8.124667,train
14517,66.24831743791405,66.28028,train
3443,43.7834291345671,43.802105,train
2811,22.369427249904778,22.360605,train
8333,2.737823782607874,2.7098455,train
16703,5.5040689464134,5.5021963,train
3505,4.318728812581711,4.320919,train
11725,22.715728356803982,22.718697,train
10637,56.575095478324506,56.54698,train
5367,34.74248220026329,34.745575,train
12515,26.43700258485752,26.420328,train
15021,23.59561888155831,23.607733,train
8189,8.267826917565984,8.269054,train
14591,9.831611259859253,9.824457,train
10288,4.420015738497578,4.41726,train
9449,40.90615229451066,40.912674,train
8079,30.335273125343985,30.341703,train
14780,10.061143235452354,10.051864,train
11661,6.65507597344929,6.6443653,train
3114,5.388931658677182,5.3787527,train
1935,3.5023728097497764,3.48212,train
17576,35.36490466801548,35.37098,train
14315,61.61955390616471,61.611897,train
15949,10.17971768776932,10.174402,train
3825,41.09026214478016,41.099056,train
3572,14.01251976380764,14.013404,train
14219,17.20828068303235,17.198992,train
2812,22.369427249904778,22.36061,train
9831,40.07151118070172,40.0974,train
18281,11.932861762453696,11.9267025,train
14020,17.20685403521417,17.199522,train
16263,58.52927351113426,58.54415,train
2373,10.060056068752283,10.038495,train
7980,5.393277784551054,5.3968616,train
4496,8.034000431580742,8.030395,train
4054,2.719636032414056,2.6684642,train
17129,14.380999826435913,14.373262,train
8919,2.708548541881171,2.6781693,train
1538,2.708579062443912,2.6788297,train
3954,16.88157840974574,16.864925,train
11978,45.43311720005017,45.445686,train
1813,14.375684023441574,14.37028,train
11554,31.15051328428412,31.149616,train
5213,67.89636060989888,67.9422,train
8595,11.93845111841708,11.943926,train
2827,29.89520883156856,29.882692,train
9903,3.456467117367241,3.4601676,train
7561,2.644517535660832,2.615279,train
7640,13.823744082032102,13.814166,train
10384,23.256887193847927,23.24428,train
17579,35.36490466801548,35.374435,train
8048,19.44914634232636,19.44778,train
13545,60.93541213068231,60.9806,train
2233,23.203419579996773,23.182768,train
3126,6.647717166560328,6.621681,train
8993,14.204211446903102,14.202157,train
5767,41.07423943587891,41.084007,train
11437,3.500004551362066,3.4868288,train
18858,11.93163130408984,11.929333,train
15087,61.8777218088416,61.943314,train
8857,31.223603736455804,31.214596,train
13127,36.32120693621686,36.304554,train
274,13.758159594367363,13.742538,train
2482,53.37235098962706,53.381397,train
222,5.3012249343319935,5.295188,train
7812,9.680210315185294,9.657759,train
13688,30.388399670203068,30.389938,train
10616,44.21684655523015,44.22686,train
13873,29.71030411274068,29.704096,train
15053,36.41918774557975,36.44227,train
14200,12.219906214187988,12.223978,train
17247,2.708248428855141,2.6703932,train
6454,9.712521283134864,9.705827,train
2331,4.421023847624547,4.404765,train
19319,39.990064015881245,40.000957,train
10382,23.256887193847927,23.255621,train
9002,16.787195017761377,16.769882,train
14969,10.178497545054494,10.168764,train
16953,16.921500106917048,16.911884,train
13913,50.13120527614953,50.138443,train
12734,34.599842035110434,34.60476,train
10692,6.653802197580005,6.6435328,train
5644,5.514631754237328,5.500861,train
15748,8.407762865675089,8.386235,train
16393,23.25336207171222,23.244585,train
11625,3.427034163001539,3.4297168,train
8696,52.64965762237454,52.640408,train
9994,19.62876084598636,19.625303,train
6361,44.60789261778061,44.608086,train
1517,44.67014339319393,44.675434,train
5428,2.7329174189644587,2.7124615,train
14192,10.180712630968689,10.176726,train
12901,23.604065820872368,23.613327,train
9733,8.1472980592236,8.157246,train
16035,41.74918116335162,41.733364,train
1422,11.656463631460475,11.646953,train
5703,16.99497733441319,16.995749,train
18453,8.217963340452032,8.211975,train
14187,8.410098919808021,8.400261,train
15013,20.208444303638693,20.213541,train
8014,9.828074709524572,9.811986,train
7684,25.887362814946755,25.894432,train
6891,19.46090985668767,19.449306,train
3405,25.51355843884533,25.5062,train
7575,3.3809129575406835,3.3819053,train
6558,44.69786999759816,44.702507,train
18425,4.372499077848516,4.3726482,train
18583,59.36762111235722,59.42382,train
15473,53.674634010244326,53.680283,train
9677,69.07998924373878,69.136566,train
15588,17.013134627583373,17.009348,train
18992,3.5025840094867644,3.4905162,train
16241,39.94240935740361,39.964924,train
12411,4.34578898095786,4.3539953,train
14657,30.385313055652905,30.397799,train
6352,39.201777071676965,39.21645,train
5441,3.4939888395858416,3.4825728,train
15339,5.517049797814488,5.4967785,train
16362,14.362716447104814,14.350026,train
1922,2.738382492768076,2.7131715,train
19151,53.42860126107073,53.4664,train
18516,26.672941236077136,26.679321,train
4641,2.698582685784035,2.671336,train
9762,14.06795560888682,14.071174,train
10798,39.865925189688106,39.870903,train
6215,4.26985585887273,4.255056,train
10864,5.575802753031455,5.5579844,train
17650,3.46287616207661,3.4629796,train
1557,3.4637818082731706,3.458711,train
2742,6.571475771599267,6.558442,train
12732,34.599842035110434,34.60723,train
1606,9.944103509025238,9.933139,train
6468,11.648849602331245,11.644151,train
846,11.792452301465284,11.7865,train
6496,19.21179116646248,19.20918,train
7156,52.97460863520874,52.96476,train
444,9.914430525959508,9.915276,train
1737,2.737800300939081,2.7350388,train
11888,11.79434716865068,11.795564,train
10034,35.22028551346449,35.217094,train
1695,40.475617925384974,40.478916,train
7341,47.68795789657455,47.697235,train
10797,39.865925189688106,39.87471,train
8160,4.398244872508168,4.3921065,train
18780,59.43752089678267,59.44888,train
17311,9.943417259271168,9.926639,train
9387,16.93108824748578,16.919342,train
3642,39.802178478903386,39.815716,train
12484,16.64725869779746,16.635956,train
9229,27.050315830714485,27.03252,train
11825,3.4267563411162123,3.4371693,train
15031,27.39963726697832,27.393805,train
10568,22.211762950833336,22.209843,train
13693,34.893331232725146,34.891983,train
12673,13.93828400148196,13.924982,train
7739,57.00609702090252,57.01136,train
2547,8.12609586234306,8.115058,train
9821,35.02195840075093,35.02364,train
12278,14.455497684795304,14.434054,train
16059,54.308715457309525,54.277946,train
9670,69.07998924373878,69.13317,train
18136,25.99103057566703,25.976631,train
11890,11.79434716865068,11.7933,train
12783,65.45027187515556,65.52278,train
10710,9.83104731697686,9.818966,train
8146,3.4843811294887512,3.4650376,train
8472,31.23554448182804,31.217056,train
15780,14.55047371652352,14.544214,train
5170,35.51833588723952,35.507786,train
1441,16.382666477994622,16.378326,train
12094,17.01903374589111,17.007208,train
15970,14.553769504292417,14.55317,train
12368,53.90261300771889,53.941837,train
15877,61.91755856408145,61.95008,train
2949,9.807070250141807,9.787276,train
10387,26.98533118302545,26.961212,train
13794,7.991658777584205,7.9860578,train
12159,41.021553499258864,41.02029,train
9361,12.030090252009884,12.017105,train
13309,34.31631204776647,34.317314,train
12964,54.34998233739767,54.328125,train
16312,5.513266485740743,5.5079813,train
13691,34.893331232725146,34.89423,train
17929,19.675866135052928,19.662567,train
18741,35.366800835510126,35.370388,train
16192,19.477517207751166,19.47407,train
10548,16.24410167911608,16.243242,train
3632,34.8161922893814,34.829483,train
6008,3.3594554848970217,3.350972,train
11609,60.48252589130836,60.521347,train
6735,35.33233108400391,35.334675,train
11744,30.401595341860737,30.409578,train
1167,3.422106991892183,3.4229379,train
6149,38.73958632268193,38.745857,train
1356,2.651577175860931,2.6296384,train
9186,14.380230957547736,14.368153,train
5537,23.1955736438012,23.179125,train
14694,45.43117938693548,45.45185,train
10634,50.09910520621285,50.124847,train
2177,10.026963990373934,10.00698,train
10259,57.71551482193834,57.744473,train
17516,14.203565724741887,14.197542,train
14628,19.46655286711833,19.464037,train
14103,54.33858922000827,54.310684,train
15720,4.4696908100697,4.4537563,train
15771,12.216907157053178,12.207292,train
8535,3.4643390973536583,3.454748,train
11143,23.45668169305344,23.458735,train
3010,26.251682459323085,26.249382,train
18478,14.203184342146836,14.202019,train
3805,31.2257159436659,31.224386,train
8227,16.902271495178073,16.892164,train
9060,35.37296331373003,35.383453,train
17821,58.88803969411615,58.916847,train
13028,6.880994922054823,6.86777,train
8036,16.574017901587826,16.571878,train
11737,26.34777667217677,26.343462,train
3406,25.51355843884533,25.505705,train
1450,19.22082359226023,19.21156,train
3120,5.388931658677182,5.3973303,train
6098,18.998376056860323,18.99073,train
13736,58.36936852175695,58.443325,train
2020,19.981913988137755,19.979244,train
6227,5.324322298836763,5.3113503,train
19229,9.836238956961564,9.841329,train
17377,30.804209814650893,30.804882,train
12836,6.882941629441138,6.866659,train
2456,41.09651086281495,41.11035,train
1539,2.708579062443912,2.6826987,train
6899,22.69865017075573,22.690592,train
18160,34.39662236711407,34.392235,train
13358,57.13312231443475,57.161415,train
5626,3.501669900886744,3.4783683,train
12538,35.03784651809894,35.03748,train
5290,9.79900845287837,9.782709,train
4589,34.37723539300664,34.38301,train
18152,29.97287072252159,29.970213,train
7453,16.804229990923968,16.797777,train
14513,58.53201876125161,58.53441,train
13730,58.36936852175695,58.45418,train
12920,31.673187761985968,31.671555,train
3072,58.09223849449652,58.070213,train
12402,3.4442629704971943,3.4433055,train
18332,26.683228947509186,26.686623,train
8207,12.007771450667535,12.010191,train
10653,2.679764835700203,2.6599839,train
10861,4.469398149213981,4.47308,train
10547,16.24410167911608,16.242517,train
5983,60.54638190248964,60.547882,train
14637,22.706586663401545,22.712194,train
3011,26.251682459323085,26.252357,train
2614,22.70525476986539,22.70165,train
7067,14.362001783938569,14.357815,train
6560,44.69786999759816,44.70074,train
5696,14.376227157580578,14.381611,train
18334,26.683228947509186,26.681854,train
8102,39.7924248779648,39.808525,train
11432,2.737464523455676,2.7134387,train
10900,10.173935357807435,10.182037,train
16595,22.24119659609466,22.212666,train
9284,60.657728553914,60.71056,train
1877,35.90028728486981,35.888336,train
14131,2.768396039009667,2.7376988,train
488,19.649111293465804,19.636581,train
17366,26.684597918145748,26.692837,train
11760,34.9124546423168,34.91945,train
6363,50.57766079976186,50.58886,train
14726,2.7383123632887343,2.7110364,train
5759,35.88445310346767,35.89605,train
6580,57.299878230603134,57.29292,train
11193,47.32179431110334,47.335308,train
17589,40.45296757500148,40.485687,train
3478,63.02280533209118,63.079292,train
7033,8.30809612507781,8.292322,train
3152,9.822765889013834,9.818491,train
7491,30.85854490144682,30.863394,train
12585,66.49272834437633,66.54554,train
3265,58.50636689533324,58.551067,train
9176,12.07673973791194,12.066613,train
19309,34.961627070810835,34.968796,train
12553,45.65432120610436,45.66098,train
843,11.792452301465284,11.789036,train
1616,11.93114095632098,11.925141,train
8488,41.11762382001203,41.12847,train
16530,7.991658777584205,7.9841733,train
13387,4.45352687233361,4.458933,train
17223,53.51689601658749,53.53231,train
943,51.56890951301239,51.55306,train
12912,27.410694019083195,27.404861,train
307,22.211921831456284,22.202082,train
10573,22.211762950833336,22.199484,train
17087,6.804951600960687,6.783678,train
8177,6.768723500172809,6.7673626,train
2629,30.383161080528925,30.39258,train
13108,27.357511719545144,27.33947,train
4614,44.681367960561865,44.67551,train
18255,6.728924349168537,6.708276,train
1383,5.335391898299586,5.326026,train
11495,12.051421583783052,12.048958,train
18172,39.29750380942426,39.32028,train
11049,3.525244556513579,3.5020158,train
10734,14.03594200855455,14.040796,train
1237,14.016750584006392,14.013675,train
12389,69.99571630851217,69.96222,train
11962,39.89208467808479,39.92201,train
10943,23.56254672507082,23.56772,train
15460,47.12045968287047,47.122406,train
12675,13.93828400148196,13.926682,train
8867,35.88878196221561,35.887085,train
4667,5.423807499879186,5.4273615,train
14467,34.9203027778589,34.91217,train
5438,3.4939888395858416,3.485616,train
9011,19.70783187156621,19.693815,train
11522,16.958961629855352,16.937307,train
5014,60.22437727795918,60.31076,train
4318,11.65698187200393,11.635951,train
15589,17.013134627583373,17.005505,train
14230,20.2134235483514,20.21716,train
4884,8.330951206182403,8.320285,train
15657,47.05238996663752,47.058205,train
5744,31.220475438484407,31.217745,train
15249,34.456384355447206,34.44629,train
2736,6.571475771599267,6.5593987,train
6488,16.3737194207109,16.367268,train
2021,19.981913988137755,19.975431,train
16991,31.03775157836372,31.011251,train
153,40.46693733703246,40.495903,train
1079,22.417935081763016,22.410673,train
13245,11.636146679706028,11.632942,train
11053,4.450109834123621,4.4453216,train
19110,31.25807903956796,31.257149,train
1130,50.68935151842295,50.69854,train
12093,17.01903374589111,17.003712,train
692,23.00089186344432,23.002241,train
13541,60.93541213068231,60.993237,train
3716,6.804226295927448,6.8017073,train
14845,27.03929577006274,27.017513,train
16608,29.71030411274068,29.71783,train
4699,9.878075507678982,9.875443,train
6235,6.56667945409624,6.5483975,train
14251,27.400857794657927,27.3994,train
4320,11.65698187200393,11.636571,train
18863,11.93163130408984,11.927294,train
10672,4.3249563001073135,4.327434,train
11788,51.6246529061579,51.598553,train
14242,23.599740087936286,23.610003,train
1513,44.67014339319393,44.67302,train
14297,47.59401362079974,47.600826,train
5346,26.231656278814548,26.234848,train
17682,6.724970617606346,6.704867,train
3366,13.64658205019341,13.640285,train
1796,10.06001725968814,10.044828,train
17598,46.10037718977418,46.097256,train
6572,50.68493078471787,50.719593,train
8688,46.29179883806892,46.297894,train
11109,12.152599783059475,12.141949,train
8357,4.420408821409588,4.421936,train
15976,17.210299148184202,17.19609,train
4486,6.57997968013165,6.563899,train
6694,19.69635613318388,19.691513,train
1426,11.656463631460475,11.645145,train
19224,9.836238956961564,9.829879,train
17789,40.28953774014432,40.300163,train
5390,45.219210934851226,45.21439,train
17254,2.708248428855141,2.6727967,train
15103,73.00966898459065,72.93776,train
12401,3.4442629704971943,3.443449,train
16819,40.941147680016144,40.968266,train
2754,8.023180179116657,8.016212,train
5586,46.66270391250456,46.65431,train
11623,3.427034163001539,3.4256282,train
7106,26.978401307234257,26.958376,train
11920,19.466938902709447,19.458296,train
16051,47.67556447748811,47.640858,train
14739,4.421203120369991,4.414308,train
8887,46.85373954662278,46.83349,train
9697,4.341497964452761,4.340025,train
14813,16.99476765856894,16.983192,train
10467,3.3670877540885287,3.3634977,train
14236,20.2134235483514,20.20711,train
7995,6.652641962105018,6.6311765,train
805,5.393604326707714,5.392202,train
18408,3.46394638368498,3.459832,train
5519,16.926276381493675,16.8951,train
2737,6.571475771599267,6.5581326,train
19194,5.395561287836819,5.3937817,train
16015,31.677919987423262,31.670208,train
15234,26.02407266450384,26.007896,train
10091,3.4141493037943245,3.420724,train
14611,14.037250335162268,14.037154,train
10804,39.865925189688106,39.8779,train
13018,5.5761957478989626,5.5652146,train
7799,8.003875223317337,7.9857125,train
13607,8.12695765865257,8.126593,train
16134,8.128037751397795,8.122718,train
8044,16.574017901587826,16.554646,train
13187,3.384927096116184,3.38625,train
4598,39.27204429585203,39.293194,train
3223,34.89196154707621,34.889038,train
2249,31.098562535715903,31.094093,train
5375,39.71379883087487,39.73536,train
8524,2.70891590619996,2.6691382,train
17416,52.47451444287488,52.468353,train
13077,17.19181300428322,17.17879,train
2501,2.679937679461942,2.6587203,train
7540,59.78105804044495,59.820347,train
15812,23.602943561246462,23.595068,train
684,19.7117369235059,19.70245,train
364,50.08211640315393,50.105206,train
8952,6.728387427829043,6.6997123,train
2288,53.11232164210923,53.11791,train
15908,4.469972324144574,4.476049,train
16691,4.413433510170315,4.4094076,train
3959,16.88157840974574,16.859375,train
2793,16.35532899549183,16.35309,train
18632,5.453514973447485,5.4499016,train
10216,34.64181170966033,34.639984,train
16170,14.04309586754078,14.048173,train
8635,23.023367390923063,23.026602,train
18823,5.45397953162337,5.451113,train
18272,9.945409981647147,9.933674,train
7612,8.009845934350269,8.014387,train
5506,14.320139454287412,14.308315,train
3856,60.52998546309277,60.556156,train
8782,10.06105554284492,10.050419,train
2080,47.07352396287201,47.064674,train
5069,6.7580505138063645,6.7316155,train
9120,3.502342096337854,3.48365,train
10964,31.58388320152769,31.56452,train
7071,14.362001783938569,14.354018,train
2788,16.35532899549183,16.357607,train
17546,22.99131847807981,22.992243,train
6218,4.26985585887273,4.255603,train
14651,26.33557838360004,26.335434,train
13030,8.406208198149583,8.401215,train
3928,10.007610430801112,9.992173,train
19062,14.38467919456088,14.369265,train
4175,26.777116487620017,26.770235,train
7179,2.7683920640794635,2.7326422,train
1057,16.386408131285116,16.375679,train
1351,2.651577175860931,2.6218054,train
15159,8.056643564505476,8.063546,train
14306,54.18862649780223,54.163586,train
12481,16.64725869779746,16.637608,train
17536,19.705616141502567,19.696333,train
14701,51.56825139855076,51.586353,train
1286,30.346263497491044,30.33414,train
12294,20.075484224133127,20.060469,train
4953,27.04564140717384,27.024616,train
17879,8.212995549639128,8.200598,train
14172,6.883609052061724,6.8639,train
7687,29.8493628553858,29.848682,train
1738,3.501480827341935,3.4918542,train
8923,3.4637610391768354,3.453722,train
18851,9.94467047086916,9.935952,train
12604,3.41341184478,3.4030921,train
3975,23.11250514594009,23.098402,train
4855,4.433301976653597,4.4340706,train
8774,8.312589722231753,8.304884,train
378,56.55112495464567,56.497463,train
15258,39.38354458162934,39.40491,train
10614,38.87931509003652,38.885105,train
6918,30.370753870730503,30.370684,train
11458,5.50905772904389,5.511026,train
9720,6.673618911012023,6.665677,train
10013,26.56615883944172,26.567896,train
7308,31.66584515644597,31.664505,train
19109,31.25807903956796,31.249533,train
15673,53.57542916459361,53.61898,train
16381,19.92899959728709,19.931795,train
12876,14.552373177137932,14.548406,train
10925,17.18896478933625,17.16663,train
4273,4.278595371611911,4.2787642,train
2095,60.9959267478142,60.94893,train
6360,44.60789261778061,44.605747,train
7787,6.556721947955682,6.5430665,train
14927,4.470514372954189,4.463565,train
14569,6.654040997719327,6.6399684,train
19166,2.6801950720210863,2.6368191,train
1251,19.438719492496457,19.445133,train
13103,27.357511719545144,27.362268,train
5813,3.539102139205733,3.5150442,train
10497,6.531354650653539,6.525883,train
9989,19.62876084598636,19.63158,train
452,11.895525123960338,11.902822,train
9644,46.07701349970316,46.08566,train
13711,45.43106480404264,45.45853,train
18716,26.67035970835496,26.683065,train
8934,4.372289036882156,4.363343,train
14896,53.37814339848742,53.428005,train
1898,53.35263677725449,53.36649,train
570,67.32475685095926,67.23791,train
4165,23.07013446773524,23.048605,train
14664,30.385313055652905,30.383656,train
7260,14.550651373051354,14.533031,train
10066,59.11622057953624,59.19638,train
74,11.931649537355048,11.916586,train
3715,6.804226295927448,6.802144,train
667,14.205663251031078,14.208671,train
3533,8.112795120300943,8.110849,train
17236,69.31625271328639,69.40468,train
552,52.32557471701267,52.346348,train
13784,6.548365309251103,6.5377955,train
18051,5.335830758238897,5.327847,train
8464,31.23554448182804,31.21171,train
3883,4.404761854709105,4.4041405,train
2543,6.654279103727196,6.631383,train
564,59.35647455954896,59.435207,train
18132,22.418991886192853,22.416803,train
18923,30.78317811917148,30.761139,train
10898,10.173935357807435,10.177627,train
3428,33.72652347706163,33.728897,train
14568,6.654040997719327,6.6387057,train
5267,6.633172795893891,6.610339,train
454,11.895525123960338,11.905538,train
17184,31.265853211056445,31.24038,train
17437,2.708713630838812,2.689078,train
4490,6.57997968013165,6.5661583,train
1123,44.710494378692566,44.71866,train
4602,39.27204429585203,39.289917,train
1147,57.2881662058226,57.267307,train
6502,19.21179116646248,19.20983,train
13556,2.6800335776065,2.6631296,train
8479,35.91032086682111,35.913017,train
12840,8.409214256673277,8.3894415,train
7859,22.310875021117354,22.320488,train
17303,8.216838373088674,8.191342,train
13581,5.3947431565957125,5.3987317,train
1929,3.5023728097497764,3.4913743,train
16700,5.5040689464134,5.503092,train
6180,56.32124547307948,56.304916,train
5044,4.394125295693411,4.377936,train
5581,40.904849512781546,40.90063,train
4666,5.423807499879186,5.4232984,train
8359,4.420408821409588,4.4214272,train
9951,9.9109232636722,9.896457,train
5056,5.479199376972568,5.468151,train
13566,3.4270235820849577,3.4281082,train
10878,6.8804369726902745,6.8645945,train
17190,35.953314837014425,35.95773,train
3164,14.02600296533172,14.026446,train
15322,3.5026944656710426,3.486044,train
13483,27.21848556581516,27.19457,train
13589,6.654870000813584,6.63754,train
7779,5.317375541707098,5.3108864,train
18042,4.278839677835594,4.272503,train
12487,16.64725869779746,16.634504,train
7055,12.063942686022951,12.053744,train
10643,56.575095478324506,56.55875,train
896,26.33137260081264,26.318945,train
18507,22.9906590256399,23.001802,train
9626,35.35020546101045,35.345684,train
7986,6.652641962105018,6.636485,train
6925,34.871540716004816,34.897465,train
16045,47.67556447748811,47.646275,train
7250,12.217685644986584,12.206578,train
2868,50.49155592474484,50.513428,train
19215,8.129064147563943,8.1311655,train
15822,27.41039487101252,27.390028,train
18879,16.785576136576775,16.783272,train
6160,44.04821245138016,44.052116,train
6318,25.92720413216168,25.921236,train
18989,3.5025840094867644,3.4840794,train
18664,9.943284673744312,9.932801,train
10326,10.055084639209408,10.034425,train
739,40.49585337594807,40.519638,train
17396,40.49806291082581,40.523327,train
1207,8.114151752433223,8.112761,train
15276,44.84250412419234,44.863857,train
12778,57.885328857601024,57.93547,train
16634,38.91422234320085,38.933254,train
19010,5.516471991212152,5.5037837,train
2487,60.65772001218227,60.672825,train
9754,11.820738034299742,11.82831,train
13601,8.12695765865257,8.127399,train
4804,52.0705342243224,52.089108,train
9975,16.721996390550526,16.728996,train
8647,26.719688219129843,26.711267,train
6972,58.33205390993229,58.32745,train
4798,45.806228475822735,45.79311,train
1482,29.956114959096592,29.950453,train
401,4.359795574456207,4.359254,train
8355,4.420408821409588,4.422092,train
3978,23.11250514594009,23.100647,train
11052,3.525244556513579,3.4972007,train
8469,31.23554448182804,31.21439,train
11530,19.91349683898619,19.898994,train
17526,16.785893348112623,16.778873,train
15960,12.219364473939503,12.217598,train
18475,11.93139621122396,11.933598,train
11494,12.051421583783052,12.049943,train
9195,17.000145797563636,16.9869,train
4921,14.39875625051176,14.384788,train
1016,8.035463672537583,8.027802,train
7021,5.512986899996157,5.508204,train
10480,4.248365582204674,4.2423453,train
9586,19.70058182936315,19.68788,train
18761,46.12097172526919,46.11898,train
2572,11.794108016712649,11.7913885,train
14112,61.87956213511676,61.912575,train
15205,16.409135926176713,16.396498,train
10865,5.575802753031455,5.563511,train
10985,41.56244248915803,41.574394,train
15709,3.5402028483267967,3.5055842,train
9539,8.217205986215005,8.202153,train
14910,2.7683636783075363,2.7270477,train
1740,3.501480827341935,3.4930851,train
2423,23.28997481824149,23.280914,train
974,3.3903798459312364,3.3893578,train
195,2.638036185786238,2.607689,train
10053,45.911486583232765,45.906578,train
18779,59.43752089678267,59.43843,train
5632,3.501669900886744,3.4757082,train
10482,4.248365582204674,4.2418942,train
2559,9.831747633839294,9.812733,train
5788,53.26827894464033,53.27673,train
1697,40.475617925384974,40.484375,train
9208,19.964625243203816,19.961105,train
9557,11.92977143625582,11.926302,train
9609,26.66479872121217,26.645576,train
11297,9.677548837060357,9.670906,train
10158,13.968429281710575,13.956397,train
3319,5.265575656743408,5.264067,train
18640,6.728004270033436,6.7121725,train
17949,26.61609949971503,26.615215,train
10392,26.98533118302545,26.962923,train
10037,40.28718686607373,40.300156,train
14627,19.46655286711833,19.464954,train
15759,10.177968045211644,10.164867,train
7991,6.652641962105018,6.635853,train
10248,51.06412786371418,51.06343,train
4185,30.923494904816422,30.920662,train
6328,29.89913730912132,29.881815,train
4290,6.580677782982555,6.569143,train
16266,58.52927351113426,58.56411,train
10308,6.802501042896526,6.782598,train
1192,6.644555943133097,6.6169777,train
9542,9.94333797411371,9.935438,train
7503,35.46645561497126,35.470497,train
11224,72.07212707241956,72.17689,train
1636,16.7859292085473,16.776592,train
8915,2.708548541881171,2.675228,train
3188,19.45413985890653,19.457388,train
6712,22.97874290495203,22.977297,train
1779,8.311737250622173,8.295575,train
17477,6.728661322074843,6.7043815,train
18150,29.97287072252159,29.971714,train
14199,12.219906214187988,12.221984,train
1445,16.382666477994622,16.373745,train
10131,8.09096009018889,8.086212,train
5561,31.086306563780983,31.053293,train
18025,2.6516876145608954,2.6220825,train
4650,3.448697967641652,3.4411502,train
7476,23.02829685536476,23.024754,train
4611,44.681367960561865,44.670067,train
814,6.653331355899042,6.6366,train
13910,50.13120527614953,50.15815,train
16116,5.39516398514078,5.3909774,train
17302,8.216838373088674,8.1932955,train
16101,3.4271715208360507,3.4308052,train
10106,5.372723917651187,5.3755383,train
3215,30.37936864265416,30.38271,train
12437,6.682441392799568,6.665616,train
16933,12.029270151326983,12.0263405,train
4513,9.718449084165018,9.713803,train
8565,6.73043322266602,6.711045,train
5839,5.573218400912195,5.5524244,train
15082,54.33096917075789,54.285355,train
3584,19.43015220231093,19.430752,train
6782,59.21522697654686,59.26747,train
7897,39.10561494606926,39.1342,train
11104,12.152599783059475,12.153267,train
3543,9.81528707680252,9.804876,train
14299,54.18862649780223,54.163677,train
16361,14.362716447104814,14.350489,train
6638,6.727251903746071,6.7101755,train
9292,2.729745979583993,2.7160058,train
4690,8.165768752488026,8.169358,train
18891,19.7050323192318,19.697523,train
621,6.728469413915577,6.7144437,train
5633,4.420619507032944,4.410294,train
9231,31.24025323911746,31.231777,train
6613,4.371844330934983,4.380248,train
12793,2.768265193898514,2.7300699,train
13715,45.43106480404264,45.44261,train
16404,26.979176255131968,26.96042,train
9572,16.782179300601353,16.776907,train
2427,27.03330955369092,27.020376,train
9683,2.693225881006085,2.661825,train
2721,4.2730728213597535,4.2656612,train
3281,66.23324544059561,66.34768,train
7186,3.540934651623731,3.5140631,train
17234,60.85346407983517,60.88143,train
19181,3.427309755937745,3.4235795,train
4464,3.3899503390781547,3.3938303,train
3325,6.4898566002953375,6.4746647,train
11083,8.3667163290534,8.359249,train
11190,41.44496763084698,41.445232,train
9544,9.94333797411371,9.931528,train
2046,31.29317545149303,31.262894,train
522,35.2878499253424,35.29424,train
17645,2.7080001211116875,2.6976697,train
9846,51.93137190718903,51.965836,train
12025,4.434416373363108,4.4393983,train
5423,2.7329174189644587,2.7045333,train
6244,8.01753035314465,8.007752,train
9519,5.453554826555715,5.4510174,train
1810,14.375684023441574,14.363587,train
6425,5.3314508258617375,5.3276925,train
10100,4.30856967282522,4.3081927,train
2715,4.2730728213597535,4.266096,train
12351,47.3150321406427,47.334316,train
4726,16.662983510921826,16.662848,train
9984,16.721996390550526,16.717306,train
18292,14.205399851176583,14.203325,train
13433,12.158984383433603,12.1504135,train
1294,34.84895468229793,34.86085,train
15850,41.75846663066622,41.756638,train
16652,50.13120527614953,50.138443,train
1051,16.386408131285116,16.386269,train
9814,30.482365849216244,30.476944,train
2635,34.888414713296385,34.902233,train
3566,14.01251976380764,14.017288,train
9130,4.42153269196039,4.4152923,train
11869,8.126053948962111,8.125213,train
9879,78.58062096349295,78.567345,train
4579,29.95803161391567,29.954758,train
4505,8.034000431580742,8.026846,train
8861,35.88878196221561,35.907005,train
14788,12.073872830930233,12.072234,train
9630,40.43433258172351,40.46615,train
9163,10.063141507813375,10.056035,train
17861,5.451568611934276,5.4513617,train
7729,50.45184574770483,50.46959,train
8714,67.89804544702722,67.84719,train
17134,14.380999826435913,14.365089,train
16133,8.128037751397795,8.124876,train
8992,14.204211446903102,14.199444,train
10828,58.28062620155593,58.238914,train
11575,40.998353809794885,41.01277,train
5306,13.988080312882362,13.9822855,train
15634,31.29151355771038,31.28558,train
18436,6.728558482647348,6.703169,train
2942,8.10628119297899,8.091765,train
10632,50.09910520621285,50.12094,train
8350,3.5015146698937243,3.4906223,train
13530,53.65683209525948,53.66866,train
5588,46.66270391250456,46.647926,train
5303,13.988080312882362,13.986854,train
8687,46.29179883806892,46.300434,train
10619,44.21684655523015,44.221897,train
1180,5.386557878584089,5.3842006,train
12193,2.7529128597477226,2.7081053,train
4366,25.9825189971324,25.971159,train
14093,47.680992295718994,47.701527,train
18876,16.785576136576775,16.784681,train
9447,40.90615229451066,40.915066,train
7632,11.61873064567914,11.617162,train
3248,45.46525692745161,45.48537,train
18291,14.205399851176583,14.203631,train
18145,25.99103057566703,25.989347,train
11814,2.6798483480542923,2.6715608,train
154,40.46693733703246,40.488068,train
12386,69.99571630851217,69.98249,train
14744,4.421203120369991,4.412274,train
3023,30.28327140942746,30.277351,train
13458,17.112477023026607,17.086676,train
3172,14.02600296533172,14.023878,train
15124,3.408232043941083,3.4040432,train
16824,40.941147680016144,40.945534,train
18454,8.217963340452032,8.209404,train
2151,5.4997115639109175,5.4950633,train
1096,29.971004453921363,29.966347,train
5444,4.409472257063735,4.407454,train
4277,5.33546376019055,5.3335257,train
7860,22.310875021117354,22.322958,train
8414,14.376280985907911,14.368591,train
5992,60.54638190248964,60.5596,train
17262,3.4633463032713725,3.443995,train
4610,44.681367960561865,44.670246,train
6753,46.0352372303975,46.04444,train
10407,35.791009758134045,35.799168,train
699,23.00089186344432,22.998596,train
15030,27.39963726697832,27.389933,train
516,30.71125286382736,30.692966,train
3191,19.45413985890653,19.44655,train
586,2.7085127543344987,2.698872,train
9598,22.98460188258043,22.975945,train
5511,14.320139454287412,14.307543,train
7110,26.978401307234257,26.962063,train
17783,35.24715335336369,35.247944,train
4528,13.868744565326486,13.857812,train
8409,12.073309697709004,12.062158,train
14275,36.40169482099516,36.4036,train
16837,46.71078932007112,46.725323,train
1669,30.794238912773924,30.787474,train
3938,12.004627192306971,11.988699,train
19032,8.31575350674248,8.298982,train
2509,3.4268652011358185,3.4234636,train
13119,36.32120693621686,36.3258,train
18133,22.418991886192853,22.415861,train
2305,2.7382564811417,2.6882942,train
6619,4.371844330934983,4.3761587,train
2203,14.32379971425744,14.312979,train
15078,54.33096917075789,54.274715,train
2295,60.32380426469487,60.3561,train
10621,44.21684655523015,44.21953,train
7976,5.393277784551054,5.3968554,train
3466,55.98918534937304,55.97901,train
12540,40.0707569732276,40.089577,train
10815,51.50778410422704,51.479507,train
2817,25.92904785667398,25.919624,train
16158,11.798335755610244,11.80936,train
10873,6.8804369726902745,6.857474,train
11839,4.325138898516199,4.3329844,train
11307,11.605420343427122,11.600758,train
15363,10.06851284589774,10.060625,train
11177,36.179433085059785,36.19425,train
1965,6.807036339896532,6.801678,train
14416,14.040854649431251,14.041147,train
8758,5.514802829383529,5.5072746,train
5425,2.7329174189644587,2.7091913,train
4472,4.278170829014148,4.279058,train
13867,25.774441228347605,25.762442,train
16949,16.921500106917048,16.912378,train
18645,6.728004270033436,6.710526,train
6721,26.65648540709704,26.639164,train
16323,6.802266127120083,6.7794676,train
14127,73.16672003142884,73.10523,train
15439,36.018131102324695,36.005325,train
7455,16.804229990923968,16.786936,train
1680,35.3790001622984,35.38202,train
11176,36.179433085059785,36.204582,train
16467,60.05976577236108,60.166103,train
18002,52.06823645974915,52.08992,train
11174,36.179433085059785,36.198616,train
2076,47.07352396287201,47.07352,train
9805,30.482365849216244,30.479347,train
16268,58.52927351113426,58.574642,train
123,26.67923888964828,26.683865,train
10241,45.03810987953722,45.02274,train
7909,44.50071754991946,44.508167,train
16600,25.774441228347605,25.76049,train
16481,2.644782439096441,2.6111813,train
146,35.37584389295486,35.38556,train
6475,13.861175328282078,13.858435,train
17139,17.002765463643282,16.990503,train
4908,12.095411676309684,12.091637,train
15665,53.57542916459361,53.584564,train
3028,34.76644785608287,34.769344,train
10032,35.22028551346449,35.226475,train
6601,2.708393370963044,2.6962938,train
10836,2.767835097876492,2.7287946,train
2208,16.93107384270255,16.917755,train
7126,35.77251487880431,35.771698,train
12497,19.53860154075247,19.533749,train
15810,23.602943561246462,23.604115,train
2592,16.585488782204305,16.574028,train
1392,6.58055325043692,6.5642486,train
7970,4.324569650612342,4.3265805,train
2108,69.53244384329564,69.47795,train
16171,14.04309586754078,14.049144,train
3029,34.76644785608287,34.773518,train
1224,11.776863732605358,11.77274,train
18364,40.48350578932382,40.491657,train
9981,16.721996390550526,16.722826,train
21,4.372190874006892,4.3645372,train
6377,57.170829971366096,57.15189,train
18996,4.42192814563757,4.408773,train
926,39.88665824677827,39.90556,train
6706,22.97874290495203,22.980726,train
14300,54.18862649780223,54.151997,train
13554,2.6800335776065,2.659606,train
2692,67.38521281421959,67.425415,train
16442,46.63697301236813,46.63953,train
11139,20.09302271518608,20.094868,train
1793,10.06001725968814,10.0459795,train
244,7.977484841951872,7.969058,train
10239,45.03810987953722,45.031887,train
4996,46.75900569244985,46.759563,train
18159,34.39662236711407,34.396484,train
6374,57.170829971366096,57.137005,train
11442,3.500004551362066,3.4818645,train
19076,19.97284670110396,19.973282,train
1789,10.06001725968814,10.045747,train
15912,4.469972324144574,4.4817295,train
5864,10.16471814241218,10.143855,train
11272,5.314125823890522,5.319773,train
4558,22.41025335211663,22.405416,train
10956,27.349685453769364,27.32445,train
10313,6.802501042896526,6.783158,train
14075,36.428494938564704,36.43071,train
3118,5.388931658677182,5.3904614,train
2816,25.92904785667398,25.915535,train
7018,5.512986899996157,5.509678,train
10036,40.28718686607373,40.299953,train
371,56.55112495464567,56.516838,train
3150,9.822765889013834,9.822558,train
4959,27.04564140717384,27.02996,train
1339,66.02221833454253,66.08914,train
5063,6.7580505138063645,6.735634,train
5728,23.294367317733496,23.322216,train
15865,54.36650330189079,54.313255,train
2903,3.419483384994477,3.427297,train
14844,27.03929577006274,27.021896,train
493,22.9279123481559,22.925442,train
1481,29.956114959096592,29.954418,train
18746,40.46160991887188,40.49083,train
17533,16.785893348112623,16.770596,train
13147,47.44345591156762,47.44138,train
6174,56.32124547307948,56.304916,train
10492,5.296604013800311,5.2999153,train
16860,2.734408842652395,2.7003932,train
14054,27.406470161859204,27.40273,train
7391,5.455604810073586,5.4455643,train
17462,4.372541325565833,4.3686457,train
22,4.372190874006892,4.3643556,train
3445,43.7834291345671,43.793877,train
9980,16.721996390550526,16.72276,train
16143,9.834642984749664,9.82174,train
6603,3.463494104363132,3.4647472,train
11761,34.9124546423168,34.919052,train
17177,31.265853211056445,31.240757,train
7230,8.408987703827327,8.381468,train
16246,45.50308508521769,45.535057,train
19220,8.129064147563943,8.143168,train
2875,57.02672548940503,57.05065,train
10796,39.865925189688106,39.873264,train
8097,39.7924248779648,39.820045,train
7102,23.25256558499891,23.226883,train
4770,30.56104595391632,30.532309,train
3626,34.8161922893814,34.803375,train
7427,11.940417434295226,11.9421,train
10140,9.787552015034205,9.774421,train
395,3.454105572222532,3.46108,train
9265,46.91882917131666,46.937225,train
1989,12.08150093831357,12.088485,train
8089,34.820443395537644,34.81155,train
366,50.08211640315393,50.10271,train
2345,6.804775027058632,6.798655,train
8643,26.719688219129843,26.724375,train
16371,16.975095666791052,16.958261,train
5119,16.847652107473593,16.823036,train
16747,12.03877401726476,12.031941,train
18951,46.08967825335424,46.08537,train
14363,5.394854572208311,5.3929915,train
1887,41.102242544116194,41.106396,train
3033,34.76644785608287,34.7721,train
12,3.4636882360122017,3.4527962,train
2689,67.38521281421959,67.43049,train
286,16.246482485532077,16.238943,train
3868,2.7305324516087164,2.702085,train
7988,6.652641962105018,6.6380563,train
6924,34.871540716004816,34.895157,train
13465,20.094229640614827,20.088486,train
128,26.67923888964828,26.678204,train
13727,51.56480717094732,51.555267,train
4015,40.61696131303726,40.624184,train
18597,2.7086064111784056,2.6772692,train
7262,17.205336964454208,17.192457,train
1747,3.501480827341935,3.4934855,train
12883,17.20794229838949,17.202112,train
9889,2.7037760859594746,2.6891835,train
13943,3.5409996489680857,3.5178967,train
1666,26.67828808587088,26.6654,train
11993,58.383328200967206,58.414803,train
19305,34.961627070810835,34.97938,train
14636,19.46655286711833,19.467037,train
19104,27.06434035111792,27.035086,train
3180,16.573905403173057,16.562338,train
4081,5.470489117246241,5.473083,train
4102,8.240269386899683,8.254144,train
2962,11.763618443330088,11.759602,train
16345,10.054760377014018,10.039134,train
7063,14.362001783938569,14.357793,train
16497,3.3793123881317606,3.37092,train
13536,53.65683209525948,53.676613,train
15332,5.517049797814488,5.5071073,train
18103,13.872643591503794,13.868391,train
9811,30.482365849216244,30.466108,train
8125,51.3728713854686,51.37384,train
4020,40.61696131303726,40.62879,train
658,11.932725734814856,11.937825,train
1429,13.869585950863724,13.85924,train
7663,19.15493547987121,19.15693,train
19307,34.961627070810835,34.973724,train
121,26.67923888964828,26.684532,train
8532,2.70891590619996,2.6835601,train
18014,58.918449486030376,58.958305,train
1259,22.674852098493925,22.679728,train
2787,16.35532899549183,16.356388,train
15843,36.43893022647474,36.450546,train
15660,47.05238996663752,47.066654,train
2117,2.733014195440622,2.7048693,train
5338,22.61982167555844,22.62325,train
872,19.463397172895007,19.45463,train
15311,2.7385840698588604,2.72571,train
12138,31.21633923942998,31.192535,train
15235,26.02407266450384,26.003643,train
777,2.67963111978823,2.655953,train
3595,22.66280409992268,22.671843,train
17174,27.066648824398435,27.031626,train
7834,13.810238138743603,13.791839,train
7198,4.470603427337951,4.4513645,train
13879,34.079261637555426,34.080547,train
5587,46.66270391250456,46.661358,train
12006,2.747714224807638,2.7203324,train
3185,19.45413985890653,19.463352,train
3808,31.2257159436659,31.220657,train
2497,2.679937679461942,2.6585143,train
15704,2.76783276839671,2.7376175,train
7338,47.68795789657455,47.69437,train
8682,46.29179883806892,46.28473,train
12036,5.530636035935843,5.528995,train
1083,25.98963110205024,25.973358,train
869,16.583389062837508,16.563988,train
14849,31.227174480005047,31.219248,train
4191,35.5501979046819,35.538185,train
18555,40.45314727551783,40.46285,train
18437,6.728558482647348,6.7062826,train
15262,39.38354458162934,39.408146,train
10120,6.626577584173653,6.6124153,train
7868,25.864124028011872,25.865726,train
15219,22.446042861648767,22.443464,train
15869,54.36650330189079,54.324455,train
4793,45.806228475822735,45.795223,train
9310,3.490854448341839,3.484694,train
1126,44.710494378692566,44.711792,train
15454,41.26502903081768,41.28275,train
17921,16.764656649063088,16.750772,train
16131,6.655552005522495,6.6493692,train
11704,16.59108938180168,16.575739,train
2358,8.312184058059383,8.302848,train
116,22.994974363014904,23.009493,train
18737,35.366800835510126,35.38032,train
16125,6.655552005522495,6.6311584,train
5667,8.312271261293663,8.301815,train
10068,59.11622057953624,59.200096,train
4327,13.87037488093093,13.851692,train
14936,4.470514372954189,4.4474325,train
18562,46.10165373502444,46.08698,train
19341,58.679753158553325,58.676685,train
5690,12.073580675127207,12.055794,train
8368,5.514356971441128,5.5168037,train
13377,3.5279843254560563,3.520446,train
8466,31.23554448182804,31.210312,train
9823,35.02195840075093,35.015297,train
1950,5.516279237034647,5.5201197,train
10286,4.420015738497578,4.4175158,train
12812,4.470468267539965,4.45496,train
11479,8.30011706461138,8.295162,train
7506,35.46645561497126,35.464233,train
7382,4.373588270267297,4.3634377,train
17414,46.16869260004919,46.167896,train
12314,27.2150462191298,27.210073,train
12091,14.40077247257583,14.385796,train
13417,8.372357434098713,8.35483,train
15127,4.297855922649827,4.2928095,train
7620,9.688448573591964,9.686967,train
8552,5.4550261345133375,5.4439216,train
12104,19.9795829364564,19.977568,train
1634,16.7859292085473,16.779959,train
611,5.453675773717265,5.45611,train
12410,4.34578898095786,4.353471,train
14588,9.831611259859253,9.823073,train
1552,3.4637818082731706,3.4561872,train
2479,53.37235098962706,53.377655,train
7783,5.317375541707098,5.3070483,train
5314,16.526254689436584,16.533237,train
19052,12.079904523944911,12.069896,train
8468,31.23554448182804,31.216112,train
8109,45.29318866042374,45.299904,train
19349,58.679753158553325,58.71505,train
11772,45.47145799138764,45.50838,train
9639,40.43433258172351,40.437122,train
3957,16.88157840974574,16.863203,train
8520,60.658221869689925,60.686302,train
3447,43.7834291345671,43.799656,train
6858,11.79247674953602,11.788456,train
16187,19.477517207751166,19.486,train
6455,9.712521283134864,9.704596,train
11153,27.232871424052814,27.214472,train
15052,36.41918774557975,36.446735,train
13946,3.5409996489680857,3.513696,train
120,26.67923888964828,26.688532,train
8906,60.47364583500093,60.46733,train
8282,35.72177595241204,35.708717,train
11353,25.853560650166337,25.85145,train
9573,16.782179300601353,16.77444,train
12483,16.64725869779746,16.635658,train
711,30.807016912029543,30.802921,train
3220,30.37936864265416,30.368494,train
4049,59.47852455783562,59.51978,train
5556,31.086306563780983,31.066437,train
12322,31.442471381136336,31.428434,train
1281,30.346263497491044,30.344095,train
12575,58.7445336701217,58.774246,train
6198,2.646462432637515,2.6115394,train
13190,4.271657825709782,4.264005,train
8271,31.06762490630758,31.054268,train
6490,16.3737194207109,16.36499,train
9160,8.314264525895991,8.296712,train
1701,46.13571434661053,46.124084,train
1197,6.644555943133097,6.6231084,train
9255,41.120805074128185,41.14503,train
15973,14.553769504292417,14.549543,train
6195,2.646462432637515,2.6066475,train
11905,16.586325238168694,16.57842,train
17274,4.371733988550494,4.3532457,train
16827,40.941147680016144,40.95121,train
5668,8.312271261293663,8.300321,train
8628,19.72773259507692,19.70808,train
14060,31.66739204088522,31.657005,train
9057,35.37296331373003,35.3853,train
8196,10.006211635630953,9.996542,train
10148,11.738895074972726,11.724038,train
18808,4.372572383195617,4.372263,train
9197,17.000145797563636,16.9821,train
819,6.653331355899042,6.6348453,train
17777,35.24715335336369,35.25914,train
12820,5.577448450095398,5.5565515,train
51,8.217705052587275,8.194538,train
15985,20.21809965806252,20.190958,train
5147,26.77632081570378,26.76864,train
7020,5.512986899996157,5.509114,train
10097,4.30856967282522,4.309906,train
4862,4.433301976653597,4.4299374,train
8137,2.724794655337337,2.6710615,train
10449,60.17810455334465,60.22785,train
10101,4.30856967282522,4.3089957,train
7958,3.426427000296305,3.4306104,train
9562,14.200872999247029,14.199961,train
18310,19.709900249786017,19.702328,train
13386,4.45352687233361,4.45926,train
9266,46.91882917131666,46.94614,train
8431,16.995729208180737,16.984055,train
11947,30.386048672537907,30.37868,train
19073,17.006257963290253,16.985983,train
9174,12.07673973791194,12.071037,train
18344,30.80004244295742,30.78685,train
2378,12.072313220897104,12.06271,train
4963,31.21749104577259,31.194973,train
11963,39.89208467808479,39.920708,train
11464,6.796082980187971,6.7881827,train
18519,26.672941236077136,26.682423,train
15558,10.06695287605768,10.062263,train
2384,12.072313220897104,12.055272,train
5659,6.804563440257528,6.7860446,train
7161,52.97460863520874,52.98519,train
16183,19.477517207751166,19.492981,train
1960,6.807036339896532,6.803681,train
3173,16.573905403173057,16.564583,train
5456,5.49908632876588,5.498046,train
11974,45.43311720005017,45.469555,train
1002,6.581067824773221,6.5614433,train
16578,19.08199677745677,19.076468,train
15317,3.5026944656710426,3.4935327,train
17528,16.785893348112623,16.77618,train
9851,51.93137190718903,51.952904,train
4460,3.3899503390781547,3.3947453,train
10504,6.531354650653539,6.526691,train
17101,8.313108372950806,8.304217,train
15027,27.39963726697832,27.397802,train
11430,2.737464523455676,2.7131178,train
3016,30.28327140942746,30.290634,train
4198,40.70553607216157,40.719097,train
10759,22.70200171619421,22.69016,train
526,35.2878499253424,35.276325,train
11412,50.35340230487312,50.37347,train
13124,36.32120693621686,36.31631,train
11009,53.936249904147175,53.931465,train
18819,5.45397953162337,5.452565,train
10872,5.575802753031455,5.5645494,train
2683,58.393690284659264,58.391075,train
7410,8.22205215267704,8.211682,train
18494,16.785412269679526,16.772907,train
11102,10.126395815467223,10.112257,train
432,8.193188684675764,8.1923065,train
11137,20.09302271518608,20.097082,train
18446,8.217963340452032,8.206736,train
12254,10.114202528778405,10.091181,train
16048,47.67556447748811,47.659298,train
17799,45.87191982389491,45.86122,train
13369,3.5279843254560563,3.519322,train
7468,23.02829685536476,23.042213,train
10863,4.469398149213981,4.4665093,train
1855,27.04120409654321,27.011848,train
8931,4.372289036882156,4.3660774,train
9307,3.490854448341839,3.4894104,train
9191,17.000145797563636,16.994331,train
16829,46.71078932007112,46.72749,train
12251,10.114202528778405,10.093748,train
6299,19.18033941664073,19.175846,train
13713,45.43106480404264,45.443928,train
16660,56.60134448761165,56.591545,train
13428,10.132586420334118,10.124184,train
14345,3.427065722228307,3.4298446,train
767,59.47552278781921,59.50659,train
9741,9.855278882312144,9.863686,train
12261,12.138773915132886,12.135113,train
6952,45.40005775796602,45.4198,train
1820,16.994748441870005,16.981249,train
12757,45.0442584732151,45.060863,train
4465,3.3899503390781547,3.3965757,train
15858,47.70172982352404,47.702065,train
12063,10.082996455453056,10.070158,train
2573,11.794108016712649,11.791819,train
16300,4.419843683848651,4.4081635,train
16105,4.325767851991398,4.3147078,train
7923,50.46110897663102,50.498665,train
12632,6.6172711234336985,6.594064,train
6604,3.463494104363132,3.4610069,train
3510,4.318728812581711,4.32033,train
10544,13.754986358626509,13.741972,train
15156,6.601823466341924,6.5892878,train
13538,53.65683209525948,53.675503,train
8152,3.4843811294887512,3.4619174,train
3014,26.251682459323085,26.232595,train
7241,10.179073775007422,10.159148,train
8593,11.93845111841708,11.938291,train
13590,6.654870000813584,6.639526,train
774,2.67963111978823,2.6536999,train
5174,40.64542153266957,40.671295,train
3132,6.647717166560328,6.632933,train
1101,34.3941157281528,34.39218,train
2317,3.502050506320055,3.4760203,train
8222,14.297620147091871,14.284025,train
16825,40.941147680016144,40.94658,train
18489,16.785412269679526,16.781105,train
1454,19.22082359226023,19.211603,train
5130,19.77808294115797,19.768934,train
32,5.4535370972796615,5.4467287,train
5365,34.74248220026329,34.745705,train
4887,8.330951206182403,8.323427,train
8034,14.029125772265932,14.019279,train
7627,11.61873064567914,11.614256,train
4457,3.3899503390781547,3.3948069,train
8032,14.029125772265932,14.0248785,train
4586,34.37723539300664,34.382935,train
8439,19.95984341060886,19.96489,train
13880,34.079261637555426,34.083355,train
3027,34.76644785608287,34.76631,train
1322,51.53519422389181,51.550198,train
5207,59.80583469808005,59.860733,train
8534,3.4643390973536583,3.453367,train
3529,6.64364964800169,6.6276097,train
13299,29.905179728039577,29.906479,train
19207,6.656198229767126,6.65245,train
8692,52.64965762237454,52.63334,train
1338,66.02221833454253,66.05945,train
354,44.20482503393963,44.21753,train
4778,35.113440721798995,35.104534,train
15367,12.085016051450117,12.087212,train
18306,19.709900249786017,19.703587,train
11383,39.06249052486637,39.095055,train
5665,8.312271261293663,8.303371,train
9641,46.07701349970316,46.08177,train
7409,8.22205215267704,8.214536,train
11633,4.325556458596122,4.3204474,train
12735,34.599842035110434,34.610085,train
17597,46.10037718977418,46.099983,train
10495,6.531354650653539,6.5216556,train
18260,8.218564570713069,8.209659,train
14321,73.22517547872039,73.193,train
17731,16.7632499918992,16.751205,train
9274,53.38895976724034,53.416023,train
5235,3.4168923322826146,3.4257655,train
1756,4.420360932898184,4.422311,train
10038,40.28718686607373,40.290028,train
5148,26.77632081570378,26.771898,train
7165,60.03762006425522,60.070366,train
2291,53.11232164210923,53.126774,train
8536,3.4643390973536583,3.4581554,train
4104,8.240269386899683,8.2606325,train
2866,50.49155592474484,50.50673,train
4826,67.01899302378678,67.00456,train
2416,23.28997481824149,23.309418,train
16628,38.91422234320085,38.9407,train
4156,23.07013446773524,23.079351,train
19086,23.31463303828463,23.318718,train
7738,57.00609702090252,57.006985,train
13015,5.5761957478989626,5.5698376,train
13290,25.934075732722288,25.918407,train
3393,22.018759429305742,22.0216,train
19070,17.006257963290253,16.991947,train
585,2.7085127543344987,2.6947973,train
14551,4.325053144040819,4.325113,train
13455,17.112477023026607,17.095081,train
7851,19.1358779335232,19.144222,train
6625,5.452945414680859,5.4561925,train
5720,19.95776418992861,19.959044,train
3392,18.89356732814083,18.891525,train
16483,2.644782439096441,2.6107035,train
13690,34.893331232725146,34.88632,train
6652,8.216151225650435,8.205738,train
10563,19.05443138170404,19.063658,train
8305,53.1574764742,53.16579,train
10937,20.18653047753837,20.177988,train
10240,45.03810987953722,45.024586,train
7819,11.60795649193932,11.601412,train
2586,16.585488782204305,16.580559,train
4134,14.24193006517389,14.239956,train
947,51.56890951301239,51.574047,train
16112,4.325767851991398,4.3317666,train
4657,4.350664419800507,4.3524103,train
13363,2.7587097236128133,2.7494113,train
5142,23.077107649980203,23.064846,train
9884,78.58062096349295,78.591934,train
90,16.787021655634778,16.781378,train
6525,29.952876069539208,29.952377,train
17147,19.9701531296528,19.977943,train
11227,72.07212707241956,72.15941,train
13106,27.357511719545144,27.347292,train
6934,39.866126261957,39.90259,train
13186,3.384927096116184,3.387124,train
13228,8.020969874138826,8.017952,train
16395,23.25336207171222,23.239344,train
12417,4.34578898095786,4.350996,train
13762,4.262151865053322,4.2505946,train
327,29.674224196982102,29.659472,train
18813,4.372572383195617,4.373994,train
4943,23.310450760456497,23.308445,train
13072,17.19181300428322,17.187174,train
4845,3.512466552564748,3.498804,train
10236,45.03810987953722,45.04137,train
14882,46.903861444194575,46.91837,train
3175,16.573905403173057,16.564783,train
11976,45.43311720005017,45.450253,train
13858,22.24119659609466,22.215284,train
2989,19.41002101524697,19.406918,train
11733,26.34777667217677,26.339508,train
17233,60.85346407983517,60.864876,train
10952,23.56254672507082,23.54862,train
4562,22.41025335211663,22.399399,train
12977,61.88841155896284,61.953968,train
1375,4.2785560676396175,4.2714043,train
18329,26.683228947509186,26.694458,train
15957,12.219364473939503,12.214483,train
11191,41.44496763084698,41.439667,train
3941,12.004627192306971,11.986901,train
9356,10.0251992837065,10.008254,train
6749,40.40730176842157,40.408222,train
3881,3.4906262588516723,3.4821947,train
5064,6.7580505138063645,6.7322206,train
11026,72.80508396669912,72.89609,train
18810,4.372572383195617,4.3736196,train
3582,16.55589942735338,16.548101,train
17268,4.371733988550494,4.3628807,train
7505,35.46645561497126,35.461296,train
2232,23.203419579996773,23.18828,train
18570,52.3749720779351,52.37808,train
3053,45.24553910198273,45.23764,train
3946,14.28744530085372,14.281923,train
14409,14.040854649431251,14.042584,train
984,4.278760703141022,4.2709703,train
3486,2.676159193667881,2.654465,train
2433,27.03330955369092,26.999353,train
12582,66.49272834437633,66.55248,train
7364,2.7091026824146094,2.678582,train
8927,3.4637610391768354,3.4509609,train
262,11.566192835454284,11.556045,train
16115,5.39516398514078,5.3901687,train
7922,50.46110897663102,50.498432,train
18186,50.69565029953908,50.676144,train
8427,16.995729208180737,16.989643,train
9004,16.787195017761377,16.771072,train
13632,14.039270848299736,14.040189,train
1944,4.421703591294218,4.4189286,train
5162,30.91040497992931,30.900429,train
16017,31.677919987423262,31.66861,train
9871,66.83876913694161,66.86397,train
4268,4.278595371611911,4.278733,train
10501,6.531354650653539,6.524932,train
12022,4.434416373363108,4.4398494,train
15972,14.553769504292417,14.555576,train
593,3.463725704281348,3.4599996,train
15444,36.018131102324695,36.015553,train
1321,51.53519422389181,51.551167,train
1262,22.674852098493925,22.671001,train
11822,3.4267563411162123,3.4371207,train
8681,46.29179883806892,46.289757,train
7447,16.804229990923968,16.791035,train
11157,27.232871424052814,27.21074,train
1667,26.67828808587088,26.665592,train
13244,11.636146679706028,11.632737,train
8486,41.11762382001203,41.12345,train
16746,12.03877401726476,12.0257015,train
7582,4.26638485919936,4.2632933,train
4541,16.381900654578118,16.369127,train
16920,10.026905416193513,10.018698,train
14909,2.7683636783075363,2.7278,train
9533,8.217205986215005,8.194637,train
7172,60.03762006425522,60.081604,train
19125,35.936713537831565,35.92055,train
16650,50.13120527614953,50.161057,train
13040,10.175014144779013,10.173011,train
7417,9.95058028746876,9.946645,train
17888,9.937271543072656,9.934501,train
6050,7.952605880418686,7.949127,train
1955,5.516279237034647,5.5074377,train
6919,30.370753870730503,30.368563,train
17227,60.85346407983517,60.855038,train
1584,6.728228905976399,6.7096086,train
12119,23.31145805480328,23.303482,train
883,22.702878807333576,22.705296,train
12630,6.6172711234336985,6.5970464,train
3108,4.320883854483836,4.3206573,train
6870,14.034669683999034,14.03226,train
1308,45.39048776873772,45.42623,train
16097,3.4271715208360507,3.4184005,train
3951,14.28744530085372,14.2767105,train
3962,16.88157840974574,16.85341,train
14689,45.43117938693548,45.45896,train
6446,8.028939563802153,8.022677,train
14256,27.400857794657927,27.389668,train
17099,8.313108372950806,8.302964,train
6069,11.53119596876517,11.52424,train
12108,19.9795829364564,19.97415,train
12073,12.09742358911695,12.092555,train
1248,19.438719492496457,19.451397,train
10238,45.03810987953722,45.027172,train
17874,6.725155751284984,6.6990986,train
17629,69.13749578578044,69.13483,train
16582,19.08199677745677,19.078388,train
9547,9.94333797411371,9.933635,train
15861,47.70172982352404,47.705612,train
690,23.00089186344432,23.00343,train
14497,51.66606240165736,51.64787,train
13090,23.5681103629247,23.56815,train
3990,26.8078158500896,26.803404,train
1017,8.035463672537583,8.027374,train
8779,8.312589722231753,8.303713,train
9137,5.515840559625128,5.5100684,train
7224,8.408987703827327,8.392017,train
131,30.79391023212975,30.805374,train
5623,3.501669900886744,3.4773364,train
16978,26.890179442611885,26.867493,train
6736,35.33233108400391,35.331165,train
7138,40.92031603182694,40.917366,train
18889,19.7050323192318,19.697767,train
1349,2.651577175860931,2.6213102,train
8695,52.64965762237454,52.63965,train
8216,14.297620147091871,14.3042965,train
2281,46.6860010069887,46.70238,train
19258,16.599431096237396,16.587631,train
6713,26.65648540709704,26.656294,train
435,8.193188684675764,8.190792,train
10476,4.248365582204674,4.241674,train
962,2.651650512029733,2.6190104,train
17529,16.785893348112623,16.774626,train
15453,41.26502903081768,41.267967,train
15447,41.26502903081768,41.27539,train
238,6.5359800295844535,6.5207148,train
15671,53.57542916459361,53.600937,train
9217,23.303793572059423,23.316347,train
6620,4.371844330934983,4.3727117,train
19306,34.961627070810835,34.976887,train
6789,2.679876652308808,2.665989,train
4038,52.52433965725746,52.548943,train
5639,4.420619507032944,4.406298,train
7818,11.60795649193932,11.604438,train
6711,22.97874290495203,22.977667,train
1986,12.08150093831357,12.081199,train
18192,50.69565029953908,50.69091,train
5002,46.75900569244985,46.764534,train
17778,35.24715335336369,35.256077,train
14575,6.654040997719327,6.6443715,train
2806,22.369427249904778,22.363678,train
10626,50.09910520621285,50.114296,train
5138,23.077107649980203,23.0696,train
12961,54.34998233739767,54.309986,train
11347,22.304253472901937,22.311409,train
3155,11.783996917049311,11.790004,train
18410,3.46394638368498,3.4664671,train
10847,3.540107142975788,3.521287,train
5104,14.256550738417271,14.255915,train
3967,19.81382468589979,19.799383,train
18831,6.728695988858052,6.7071595,train
5707,16.99497733441319,16.996456,train
16057,54.308715457309525,54.280537,train
8996,14.204211446903102,14.199135,train
2366,10.060056068752283,10.04996,train
12838,6.882941629441138,6.868054,train
7285,23.59913330619728,23.597109,train
12772,57.885328857601024,57.935417,train
2388,14.374076505429992,14.365073,train
9332,6.78172447637919,6.7606015,train
6667,11.927985868777798,11.924377,train
9105,2.738415152769665,2.7058556,train
17958,30.706189705368445,30.704737,train
13944,3.5409996489680857,3.516609,train
6047,7.952605880418686,7.9482727,train
3171,14.02600296533172,14.025808,train
17417,52.47451444287488,52.469543,train
3013,26.251682459323085,26.23909,train
14883,46.903861444194575,46.911243,train
17080,5.514767643990076,5.505127,train
14228,17.20828068303235,17.179815,train
7051,10.054219373436398,10.037215,train
1897,46.89344416172968,46.89133,train
17971,35.25462350907537,35.269142,train
9338,6.78172447637919,6.7563677,train
12853,10.179629797544049,10.160555,train
8959,6.728387427829043,6.698604,train
2127,3.494199034483809,3.4769862,train
5486,10.024970078805753,10.000587,train
698,23.00089186344432,22.994616,train
13172,2.6475299722156738,2.6126082,train
6504,22.401963939400744,22.391838,train
17047,59.90232076905948,59.91703,train
3461,49.59532874711015,49.653282,train
17985,40.29987785141369,40.32268,train
13605,8.12695765865257,8.126912,train
18934,35.360660553701905,35.357525,train
11713,19.473389322226087,19.472,train
2794,16.35532899549183,16.355328,train
12501,22.79179224042561,22.79074,train
6303,22.364204361014004,22.3611,train
9563,14.200872999247029,14.197863,train
18315,19.709900249786017,19.698246,train
15515,3.502563886701579,3.4842854,train
8173,6.768723500172809,6.754853,train
12509,22.79179224042561,22.782057,train
2471,46.895781103613245,46.90276,train
8645,26.719688219129843,26.713692,train
3342,7.918785017787245,7.9173946,train
19102,27.06434035111792,27.042295,train
3691,3.5015152732231445,3.4871776,train
12611,4.305663232055972,4.2890916,train
18228,4.3726082383321,4.371739,train
16086,2.680117357532955,2.646478,train
4409,44.68377792357072,44.71443,train
4348,19.2225458757848,19.220026,train
14929,4.470514372954189,4.4619293,train
11664,8.12733854043814,8.118409,train
13413,8.372357434098713,8.355365,train
14994,14.549398523998969,14.54033,train
6762,46.0352372303975,46.037693,train
138,30.79391023212975,30.787258,train
9850,51.93137190718903,51.954777,train
733,40.49585337594807,40.514423,train
217,4.252862475887518,4.24351,train
14274,36.40169482099516,36.41315,train
5653,6.804563440257528,6.785205,train
15184,11.679809574545024,11.668191,train
3309,4.225821220586322,4.2169704,train
10660,3.4266316210422736,3.4281862,train
11017,61.258341102147,61.290108,train
3630,34.8161922893814,34.81693,train
800,5.393604326707714,5.3929524,train
11585,46.77859167776056,46.78562,train
5823,4.46776870342172,4.459465,train
2832,29.89520883156856,29.88296,train
13283,22.371217342856696,22.371294,train
10191,22.57583300924566,22.568302,train
15806,23.602943561246462,23.609858,train
18695,16.78281810679832,16.757954,train
11476,8.30011706461138,8.295708,train
18835,6.728695988858052,6.7090907,train
2296,60.32380426469487,60.36587,train
12469,11.838944147065492,11.839533,train
965,2.651650512029733,2.6222985,train
14930,4.470514372954189,4.4636087,train
9316,4.406554839696068,4.4072824,train
15519,4.421979616157388,4.4269695,train
13961,5.577725012436253,5.5698175,train
16009,27.415781458912697,27.399971,train
1467,22.41035956215645,22.398577,train
19337,51.770522643149945,51.768,train
6962,51.52964590670513,51.517727,train
14403,11.796720623159729,11.799554,train
4709,11.848597403947965,11.856326,train
17076,5.514767643990076,5.4992204,train
9303,3.490854448341839,3.4880393,train
6929,34.871540716004816,34.895172,train
14766,6.805252055153304,6.790145,train
5010,53.1257604450006,53.13778,train
6030,5.283813091314699,5.277885,train
4430,57.234210991288506,57.2541,train
436,8.193188684675764,8.192264,train
9949,9.9109232636722,9.89866,train
8538,3.4643390973536583,3.4656491,train
9915,5.43894963587855,5.4445133,train
434,8.193188684675764,8.190356,train
9159,8.314264525895991,8.300486,train
10593,29.677399564031603,29.671265,train
13516,41.35234408019274,41.364574,train
11870,8.126053948962111,8.1281185,train
4777,35.113440721798995,35.109146,train
7637,13.823744082032102,13.811528,train
2376,12.072313220897104,12.06439,train
497,22.9279123481559,22.91756,train
5809,2.767230090921776,2.7257047,train
8088,34.820443395537644,34.8198,train
9799,26.408709661995704,26.369556,train
14407,14.040854649431251,14.045474,train
18068,8.035667900269116,8.038218,train
7157,52.97460863520874,52.959618,train
19061,14.38467919456088,14.371847,train
5570,35.73198980287516,35.719837,train
12562,51.84994986020546,51.860126,train
11180,36.179433085059785,36.1907,train
1332,58.36450659100359,58.412346,train
6124,29.580343923795965,29.567154,train
2425,27.03330955369092,27.02093,train
2619,26.33379102099904,26.329247,train
15672,53.57542916459361,53.617474,train
12003,2.747714224807638,2.7204218,train
1623,14.20318661328391,14.200382,train
15509,3.502563886701579,3.4963632,train
1658,26.67828808587088,26.687038,train
15857,47.70172982352404,47.720055,train
10055,52.15715096411118,52.181,train
18030,3.390434796633999,3.3898356,train
17449,3.463971586611452,3.4590578,train
10902,10.173935357807435,10.180849,train
17583,35.36490466801548,35.36784,train
18447,8.217963340452032,8.204277,train
3893,5.492521876071974,5.4860144,train
11103,12.152599783059475,12.150973,train
11812,2.6798483480542923,2.669943,train
15011,20.208444303638693,20.225506,train
18147,29.97287072252159,29.973001,train
17408,46.16869260004919,46.171204,train
10008,26.56615883944172,26.573015,train
6566,50.68493078471787,50.705963,train
11410,50.35340230487312,50.372337,train
18237,5.454086972362974,5.4505796,train
8273,35.72177595241204,35.710487,train
15076,47.671231418620295,47.67186,train
18348,35.38576344087019,35.38289,train
14271,36.40169482099516,36.40486,train
2985,19.41002101524697,19.405575,train
16280,66.22984607694808,66.33244,train
26,4.372190874006892,4.3630323,train
6591,64.63445678339761,64.70755,train
10337,12.065009881332942,12.059613,train
13005,4.469668491169972,4.4677553,train
5106,14.256550738417271,14.248083,train
14173,6.883609052061724,6.8629684,train
10233,39.579512083219285,39.58994,train
11601,53.23078958907627,53.239456,train
3918,8.272005847991887,8.265721,train
7100,23.25256558499891,23.240229,train
4500,8.034000431580742,8.027319,train
15330,4.422206476250763,4.4156427,train
8621,19.72773259507692,19.726173,train
12204,3.5205301735751884,3.4884655,train
16223,34.92825313274316,34.92288,train
13955,4.470717032155693,4.4657497,train
11994,58.383328200967206,58.38543,train
3655,51.44204164024564,51.445686,train
8210,12.007771450667535,12.006523,train
5741,27.03688908872464,27.011324,train
15953,10.17971768776932,10.173299,train
14978,12.216826866795364,12.21484,train
1176,4.319118723923392,4.3111734,train
2719,4.2730728213597535,4.2646165,train
9236,31.24025323911746,31.230545,train
6890,19.46090985668767,19.45197,train
1620,14.20318661328391,14.197512,train
620,6.728469413915577,6.7117915,train
15432,31.31477534961435,31.292463,train
13891,38.91422234320085,38.930904,train
12561,51.84994986020546,51.878223,train
15979,17.210299148184202,17.19081,train
12791,2.768265193898514,2.727076,train
19066,17.006257963290253,16.988466,train
2857,44.55739519495278,44.565475,train
17277,5.452947367426283,5.441962,train
15986,20.21809965806252,20.198416,train
336,34.03959183233169,34.03695,train
12342,41.43326211334096,41.44517,train
8885,46.85373954662278,46.84394,train
272,13.758159594367363,13.740805,train
9029,22.994731740626108,23.001545,train
10024,30.66064099070706,30.646692,train
10980,36.30566648985637,36.28593,train
9021,22.994731740626108,23.010881,train
8432,16.995729208180737,16.982725,train
16230,34.92825313274316,34.9402,train
13068,14.541677505539448,14.539415,train
565,59.35647455954896,59.423344,train
9439,35.73824276619104,35.72506,train
15290,57.59734802968727,57.566444,train
18755,40.46160991887188,40.455677,train
15049,36.41918774557975,36.44922,train
5173,40.64542153266957,40.671783,train
16324,6.802266127120083,6.780131,train
12383,69.99571630851217,70.02097,train
5606,60.2862913044289,60.32124,train
5072,6.7580505138063645,6.7308903,train
2887,2.6743699959358485,2.653141,train
10852,3.540107142975788,3.530057,train
8120,51.3728713854686,51.359882,train
6590,64.63445678339761,64.719,train
12405,3.4442629704971943,3.4456398,train
1655,22.9936078043015,22.997473,train
1187,5.386557878584089,5.3856053,train
13506,36.12481727375171,36.122185,train
10161,13.968429281710575,13.952741,train
10663,3.4266316210422736,3.4290855,train
725,35.39528214006568,35.396362,train
18920,30.78317811917148,30.758251,train
16031,36.43845598684842,36.439346,train
3784,23.29556930203368,23.303053,train
10733,14.03594200855455,14.040461,train
18704,19.70205587277775,19.676516,train
5435,3.4939888395858416,3.4826908,train
16398,26.979176255131968,26.954346,train
5397,51.312490421608985,51.301765,train
15475,53.674634010244326,53.695152,train
10949,23.56254672507082,23.555422,train
11699,14.04101960092788,14.043386,train
14415,14.040854649431251,14.040487,train
12102,19.9795829364564,19.973364,train
2292,53.11232164210923,53.11138,train
8657,30.85164903067275,30.826126,train
13075,17.19181300428322,17.181282,train
3446,43.7834291345671,43.802933,train
2926,6.638518499676308,6.613139,train
9061,40.46189804120248,40.50098,train
8559,5.4550261345133375,5.455016,train
6854,11.79247674953602,11.791353,train
5403,58.06570389407524,58.081444,train
17812,52.04766800706821,52.04305,train
5045,4.394125295693411,4.378671,train
6134,33.92870828003857,33.91354,train
1380,5.335391898299586,5.327203,train
15787,17.206095957878134,17.204454,train
13922,56.60134448761165,56.595528,train
9385,16.93108824748578,16.916168,train
12478,14.089571891047656,14.086595,train
18258,8.218564570713069,8.207245,train
17031,52.83214409813406,52.828213,train
1136,50.68935151842295,50.695946,train
7266,17.205336964454208,17.187647,train
1298,39.84803196164996,39.874603,train
17206,47.00467924590599,47.028248,train
2049,31.29317545149303,31.26455,train
6487,16.3737194207109,16.36869,train
19225,9.836238956961564,9.833249,train
9605,26.66479872121217,26.66571,train
11524,19.91349683898619,19.906109,train
8263,31.06762490630758,31.05904,train
11148,23.45668169305344,23.460022,train
15316,3.5026944656710426,3.4929595,train
18591,69.12788205050354,69.124245,train
7549,67.89761970766752,67.89593,train
18290,14.205399851176583,14.203111,train
3163,14.02600296533172,14.026705,train
15531,5.516667852136265,5.520601,train
18861,11.93163130408984,11.924033,train
16064,54.308715457309525,54.309696,train
8394,10.060244866626965,10.037351,train
10849,3.540107142975788,3.5285556,train
18770,52.41284890942071,52.399994,train
1821,16.994748441870005,16.98097,train
807,5.393604326707714,5.3915515,train
12142,35.86065710741565,35.843502,train
11333,19.13154039787541,19.131136,train
5324,19.39438239099253,19.406424,train
17898,11.92108481279417,11.917946,train
4765,30.56104595391632,30.545635,train
18304,16.788713564476186,16.779129,train
6223,5.324322298836763,5.3083553,train
3067,58.09223849449652,58.079117,train
14185,8.410098919808021,8.400362,train
9371,14.323302676962449,14.317789,train
1637,16.7859292085473,16.77512,train
8740,3.50175545283292,3.4794588,train
18390,59.45844552167869,59.465157,train
7675,22.33235177416136,22.343105,train
13201,5.326598425315098,5.318249,train
11777,45.47145799138764,45.50322,train
16588,22.24119659609466,22.226364,train
6202,2.646462432637515,2.6186728,train
13479,27.21848556581516,27.191158,train
13574,4.3255147578110105,4.326083,train
18720,26.67035970835496,26.67874,train
18603,2.7086064111784056,2.6825554,train
12915,27.410694019083195,27.40459,train
19216,8.129064147563943,8.135376,train
15154,6.601823466341924,6.591437,train
6416,4.27538826601557,4.2710037,train
11533,23.241277487894493,23.231497,train
2332,4.421023847624547,4.401213,train
4359,22.412843611868016,22.413404,train
2007,17.011685864509637,17.000452,train
3629,34.8161922893814,34.80515,train
16917,8.287053435739782,8.283242,train
3147,9.822765889013834,9.817058,train
70,11.931649537355048,11.915924,train
14741,4.421203120369991,4.412318,train
8234,19.84990966305152,19.862366,train
3585,19.43015220231093,19.432428,train
14042,23.60115230987814,23.612183,train
972,3.3903798459312364,3.3872242,train
11425,2.737464523455676,2.7064364,train
7180,2.7683920640794635,2.7359617,train
10078,2.6703927948160247,2.656935,train
1471,25.978980967828967,25.960869,train
11663,8.12733854043814,8.119013,train
18295,14.205399851176583,14.199531,train
9074,46.10827558357298,46.10604,train
2723,4.2730728213597535,4.264238,train
8392,8.311883690182274,8.301148,train
9604,26.66479872121217,26.67083,train
14355,4.3255825255506535,4.3250384,train
4352,19.2225458757848,19.21281,train
16302,4.419843683848651,4.4120474,train
4069,4.386973801580494,4.3869247,train
10927,17.18896478933625,17.16102,train
2710,3.3860741903467195,3.3862622,train
15420,27.103617982825227,27.076397,train
8082,30.335273125343985,30.331667,train
10502,6.531354650653539,6.526851,train
7817,11.60795649193932,11.605232,train
11292,8.001000028014305,7.9975576,train
18972,59.33095836964852,59.38438,train
15376,14.39267504443449,14.390944,train
3088,2.6772620050674827,2.6495903,train
16579,19.08199677745677,19.077799,train
3001,22.637654651411168,22.63921,train
12931,36.43606370816161,36.445644,train
9037,26.67851046560988,26.683002,train
18174,39.29750380942426,39.321896,train
12923,31.673187761985968,31.676098,train
14703,51.56825139855076,51.575817,train
3110,4.320883854483836,4.326363,train
3635,39.802178478903386,39.819492,train
8983,11.93189209849983,11.919124,train
6611,3.463494104363132,3.4644437,train
10546,16.24410167911608,16.242647,train
9313,4.406554839696068,4.405988,train
1282,30.346263497491044,30.345047,train
13997,10.179724723010924,10.159876,train
718,30.807016912029543,30.782467,train
1778,8.311737250622173,8.2925825,train
8680,40.58653190880326,40.605045,train
2636,34.888414713296385,34.9015,train
865,16.583389062837508,16.570086,train
8699,52.64965762237454,52.66247,train
17346,19.708416363432303,19.700363,train
9978,16.721996390550526,16.727089,train
13336,44.60184610371282,44.610447,train
7904,39.10561494606926,39.13397,train
18955,46.08967825335424,46.093193,train
18533,30.785227753268504,30.775892,train
2003,14.387754447899486,14.375048,train
16212,26.35585423252835,26.342386,train
3304,4.225821220586322,4.215375,train
8218,14.297620147091871,14.296187,train
17422,52.47451444287488,52.4698,train
17132,14.380999826435913,14.374735,train
1752,4.420360932898184,4.4251847,train
1633,16.7859292085473,16.780746,train
11138,20.09302271518608,20.094265,train
16945,14.318833955178135,14.312285,train
273,13.758159594367363,13.743146,train
1043,13.872175255526807,13.865546,train
6108,22.144290488227952,22.128576,train
17241,69.31625271328639,69.38877,train
14390,9.833515805333912,9.817188,train
13841,19.08199677745677,19.076578,train
3444,43.7834291345671,43.7959,train
15304,65.09267984036615,65.07896,train
10381,23.256887193847927,23.257538,train
15069,47.671231418620295,47.683697,train
6641,6.727251903746071,6.708193,train
18569,52.3749720779351,52.387363,train
4335,13.87037488093093,13.841804,train
8197,10.006211635630953,10.003514,train
15377,14.39267504443449,14.388878,train
4830,67.01899302378678,67.00948,train
8693,52.64965762237454,52.62829,train
5497,12.028482888236972,12.008443,train
18259,8.218564570713069,8.208738,train
3771,16.994828604075785,16.988491,train
18635,5.453514973447485,5.4515758,train
17813,52.04766800706821,52.05817,train
2728,5.328295548013195,5.3192854,train
12926,31.673187761985968,31.672348,train
18843,8.218139021218338,8.21372,train
7056,12.063942686022951,12.051707,train
19219,8.129064147563943,8.144948,train
230,6.5359800295844535,6.5184484,train
15417,27.103617982825227,27.08126,train
9953,9.9109232636722,9.8959055,train
3225,34.89196154707621,34.90222,train
5196,52.69668947022024,52.73645,train
17034,52.83214409813406,52.82671,train
19348,58.679753158553325,58.69698,train
19173,3.427309755937745,3.4248219,train
2688,67.38521281421959,67.40932,train
14476,34.9203027778589,34.923428,train
3733,10.060180445760883,10.047838,train
18262,8.218564570713069,8.209418,train
1625,14.20318661328391,14.200782,train
8297,46.69324976620808,46.721733,train
11037,2.756563314981308,2.7228053,train
18257,8.218564570713069,8.20779,train
4402,39.2749803184718,39.304077,train
18709,22.98758383508474,22.993917,train
7251,12.217685644986584,12.204564,train
17505,9.944672091049991,9.941446,train
17412,46.16869260004919,46.166553,train
857,14.035147429874712,14.033757,train
9423,31.094593388139582,31.089827,train
9138,5.515840559625128,5.5090556,train
2537,6.654279103727196,6.634433,train
14640,22.706586663401545,22.707794,train
13847,19.08199677745677,19.072271,train
16729,10.033777273871753,10.013414,train
17553,22.99131847807981,22.97637,train
9382,16.93108824748578,16.916409,train
18585,59.36762111235722,59.427597,train
18683,14.201083753373222,14.193278,train
9346,8.28367776832649,8.272625,train
14582,8.1258851165813,8.128217,train
8679,40.58653190880326,40.59671,train
2200,14.32379971425744,14.310461,train
19037,10.065339806641262,10.049513,train
7045,10.054219373436398,10.038281,train
15701,2.76783276839671,2.7302542,train
16484,2.644782439096441,2.612178,train
17816,58.88803969411615,58.9401,train
14294,47.59401362079974,47.581657,train
970,3.3903798459312364,3.3857732,train
1089,25.98963110205024,25.97413,train
8898,53.28163800837392,53.265354,train
11279,6.553632401545066,6.550157,train
16607,25.774441228347605,25.764496,train
11944,30.386048672537907,30.387133,train
17661,4.370879763959018,4.3710475,train
14782,10.061143235452354,10.046119,train
7193,4.470603427337951,4.4622054,train
10552,16.24410167911608,16.24076,train
2398,16.991842928224937,16.981045,train
17624,59.36039100777808,59.436718,train
2706,3.3860741903467195,3.3834212,train
10234,39.579512083219285,39.588375,train
5693,14.376227157580578,14.381663,train
15090,61.8777218088416,61.93109,train
9674,69.07998924373878,69.14739,train
9785,22.76296882623324,22.776623,train
10805,45.392770466990434,45.400887,train
14642,22.706586663401545,22.707005,train
18983,2.738560394234994,2.7300913,train
3717,6.804226295927448,6.803266,train
17195,35.953314837014425,35.942787,train
9827,40.07151118070172,40.09473,train
17249,2.708248428855141,2.6715074,train
19159,60.70463346233216,60.72147,train
9518,5.453554826555715,5.44888,train
17171,27.066648824398435,27.046041,train
4288,6.580677782982555,6.5672493,train
1565,4.372281870616634,4.369101,train
3403,25.51355843884533,25.50542,train
3930,10.007610430801112,9.992485,train
14402,11.796720623159729,11.798079,train
2678,58.393690284659264,58.399616,train
67,9.944380093437465,9.93173,train
1624,14.20318661328391,14.198545,train
14298,47.59401362079974,47.599247,train
12090,14.40077247257583,14.39029,train
17638,2.7080001211116875,2.6946373,train
5322,16.526254689436584,16.521828,train
9568,14.200872999247029,14.192305,train
18759,46.12097172526919,46.12667,train
12118,23.31145805480328,23.299437,train
8267,31.06762490630758,31.06075,train
6916,30.370753870730503,30.374718,train
16775,19.890220415820057,19.877422,train
15058,41.73341427249216,41.78295,train
6980,67.17088418273241,67.10196,train
13859,25.774441228347605,25.755808,train
4223,52.86517090270329,52.88395,train
6739,35.33233108400391,35.331467,train
855,14.035147429874712,14.035847,train
8249,23.17079121356761,23.162287,train
13969,6.883216649120083,6.8658404,train
15362,10.06851284589774,10.066343,train
18077,9.720675926907024,9.723487,train
5549,26.92088192163529,26.906483,train
2836,34.29895562539627,34.299393,train
18370,46.14505775094848,46.125774,train
10774,26.32861172301684,26.324244,train
1959,6.807036339896532,6.7912703,train
11656,6.65507597344929,6.6343036,train
4187,35.5501979046819,35.54411,train
9848,51.93137190718903,51.950775,train
14818,19.957580957136027,19.967752,train
14526,66.24831743791405,66.30067,train
15522,4.421979616157388,4.433751,train
17093,6.804951600960687,6.7947197,train
478,16.736428127591374,16.730677,train
15631,31.29151355771038,31.27388,train
10167,16.50056323151148,16.498158,train
17658,4.370879763959018,4.3738155,train
574,67.32475685095926,67.264465,train
9579,16.782179300601353,16.759638,train
3775,19.958089859638896,19.969236,train
144,35.37584389295486,35.388023,train
15815,27.41039487101252,27.395273,train
15678,60.92498701194428,60.954174,train
11098,10.126395815467223,10.114121,train
672,16.78961394224162,16.787643,train
18943,40.44625226967486,40.447544,train
10749,19.46353380004629,19.454527,train
7358,61.91115381484096,61.94589,train
11723,22.715728356803982,22.716599,train
13164,61.3181520474562,61.334038,train
19043,10.065339806641262,10.049357,train
11750,30.401595341860737,30.398817,train
14208,12.219906214187988,12.221323,train
11828,3.4267563411162123,3.437101,train
11144,23.45668169305344,23.459959,train
16490,3.3793123881317606,3.3710258,train
4292,6.580677782982555,6.56693,train
6630,5.452945414680859,5.4538636,train
18515,22.9906590256399,22.975094,train
7879,29.82551748295141,29.819359,train
8265,31.06762490630758,31.060923,train
14455,26.349780468771147,26.331493,train
3473,63.02280533209118,63.074165,train
7780,5.317375541707098,5.3080463,train
716,30.807016912029543,30.795507,train
5897,17.160123500643675,17.130028,train
6655,9.94196623369888,9.940358,train
8111,45.29318866042374,45.290485,train
1347,66.02221833454253,66.119385,train
11294,9.677548837060357,9.669964,train
3104,4.320883854483836,4.31228,train
5727,23.294367317733496,23.327671,train
5300,11.753913787020023,11.74685,train
5967,47.083801566741634,47.097546,train
6730,30.76232434794344,30.739225,train
7788,6.556721947955682,6.542293,train
1483,29.956114959096592,29.947666,train
15762,10.177968045211644,10.167545,train
2897,3.419483384994477,3.4214957,train
5498,12.028482888236972,12.008665,train
16272,58.52927351113426,58.576054,train
18845,8.218139021218338,8.210512,train
11384,39.06249052486637,39.08702,train
11300,9.677548837060357,9.669026,train
18441,6.728558482647348,6.7106366,train
2026,23.329218518114708,23.340532,train
19340,51.770522643149945,51.77456,train
7227,8.408987703827327,8.38283,train
17688,8.21270525505426,8.197355,train
17737,19.67386644705623,19.657156,train
6532,29.952876069539208,29.934668,train
557,52.32557471701267,52.35363,train
6893,22.69865017075573,22.7034,train
11895,14.037530046339258,14.035764,train
16611,29.71030411274068,29.708256,train
13692,34.893331232725146,34.888344,train
1313,45.39048776873772,45.40983,train
11894,14.037530046339258,14.034565,train
9101,2.738415152769665,2.693983,train
4181,30.923494904816422,30.91372,train
9770,16.622454312568223,16.612667,train
15133,4.297855922649827,4.292848,train
9825,40.07151118070172,40.090282,train
15564,10.06695287605768,10.058028,train
4613,44.681367960561865,44.673546,train
1316,45.39048776873772,45.40048,train
12841,8.409214256673277,8.386843,train
15269,44.84250412419234,44.849937,train
6644,8.216151225650435,8.204872,train
15517,4.421979616157388,4.4113007,train
14728,3.5021532227900267,3.4806008,train
5663,8.312271261293663,8.295887,train
11526,19.91349683898619,19.910286,train
5543,26.92088192163529,26.90513,train
4626,57.23416600632674,57.217186,train
10999,47.41285060588126,47.40442,train
5627,3.501669900886744,3.4771907,train
3419,29.406136662132543,29.407354,train
8525,2.70891590619996,2.6756983,train
6732,30.76232434794344,30.735668,train
1117,39.29411433263528,39.317654,train
10206,30.18512064085396,30.196163,train
8558,5.4550261345133375,5.458832,train
5011,53.1257604450006,53.14284,train
13174,2.6475299722156738,2.6141875,train
8061,22.68160677705264,22.679516,train
2611,22.70525476986539,22.709743,train
7446,14.216293823765389,14.211548,train
2100,60.9959267478142,60.998085,train
12014,3.513376022574373,3.5012357,train
12897,20.21466243626813,20.201887,train
7390,5.455604810073586,5.4445863,train
16647,44.2513224587667,44.263218,train
5373,39.71379883087487,39.74891,train
4399,39.2749803184718,39.315643,train
12629,5.366975558868218,5.3590703,train
10521,9.64268256478926,9.634775,train
7706,34.24997647402045,34.258385,train
3648,45.32571236254361,45.334534,train
10041,40.28718686607373,40.29126,train
12767,51.12835088120414,51.157124,train
19017,6.807111380190824,6.7792835,train
14982,12.216826866795364,12.210119,train
13266,16.35386319839244,16.351433,train
16841,53.15028777358014,53.148045,train
18111,16.387020803117196,16.393782,train
3537,8.112795120300943,8.111497,train
418,5.437753175226781,5.4464536,train
3586,19.43015220231093,19.42781,train
18397,2.7086994826902444,2.68754,train
7680,25.887362814946755,25.89216,train
6838,8.125366965057475,8.116427,train
8293,46.69324976620808,46.717674,train
13328,39.202232131484855,39.216267,train
18311,19.709900249786017,19.702621,train
11485,10.043941062065771,10.032459,train
15854,41.75846663066622,41.7605,train
15199,16.409135926176713,16.408525,train
9854,51.93137190718903,51.950924,train
18757,46.12097172526919,46.135967,train
18522,26.672941236077136,26.663872,train
17291,6.727493680206459,6.696698,train
18358,40.48350578932382,40.500595,train
4911,12.095411676309684,12.0901165,train
4577,29.95803161391567,29.956388,train
763,59.47552278781921,59.499798,train
7639,13.823744082032102,13.813384,train
16864,2.734408842652395,2.7040465,train
10486,5.296604013800311,5.295603,train
9279,53.38895976724034,53.433643,train
2070,41.228599801046094,41.228264,train
5245,4.312276681150203,4.3160577,train
5311,13.988080312882362,13.975391,train
3641,39.802178478903386,39.81907,train
13630,14.039270848299736,14.0445795,train
19150,53.42860126107073,53.45415,train
4553,19.22027700345554,19.19426,train
3086,2.6772620050674827,2.639816,train
12633,6.6172711234336985,6.593247,train
15891,2.767913244299724,2.750774,train
11756,34.9124546423168,34.925587,train
231,6.5359800295844535,6.519733,train
6524,29.952876069539208,29.946947,train
11477,8.30011706461138,8.291063,train
10945,23.56254672507082,23.56835,train
11982,51.57113925881535,51.5844,train
9881,78.58062096349295,78.584625,train
9991,19.62876084598636,19.626778,train
4025,46.2647312762206,46.274113,train
14944,5.57738774476359,5.5671754,train
18227,4.3726082383321,4.370759,train
12041,5.530636035935843,5.5264044,train
912,34.886053109587735,34.89579,train
14080,41.74343029751184,41.772606,train
9526,6.728058320195319,6.698295,train
5927,27.266807168388087,27.258043,train
18488,16.785412269679526,16.782112,train
18406,3.46394638368498,3.4578946,train
12612,4.305663232055972,4.292109,train
10226,39.579512083219285,39.60572,train
3133,8.11832626120918,8.121893,train
15534,5.516667852136265,5.5059137,train
18526,30.785227753268504,30.775732,train
12283,17.09144859211879,17.06687,train
17805,45.87191982389491,45.86407,train
16653,50.13120527614953,50.157135,train
11351,22.304253472901937,22.307915,train
6583,64.63445678339761,64.69398,train
17411,46.16869260004919,46.159286,train
14976,10.178497545054494,10.160707,train
12899,23.604065820872368,23.615835,train
1698,46.13571434661053,46.131878,train
16253,51.67042053675918,51.652992,train
16970,23.177095686414493,23.159115,train
14261,31.654038807109423,31.650213,train
14840,27.03929577006274,27.032907,train
612,5.453675773717265,5.4549522,train
13877,29.71030411274068,29.709417,train
16055,54.308715457309525,54.282867,train
1735,2.737800300939081,2.735195,train
15386,17.01847041526688,17.010685,train
1242,16.561946987273465,16.55437,train
15991,20.21809965806252,20.194757,train
4956,27.04564140717384,27.03123,train
5105,14.256550738417271,14.249101,train
12696,19.318732370889105,19.327396,train
1446,16.382666477994622,16.372562,train
11542,23.241277487894493,23.222448,train
12516,26.43700258485752,26.416857,train
18945,40.44625226967486,40.450302,train
2858,44.55739519495278,44.564884,train
16811,35.76074998538454,35.770657,train
13096,23.5681103629247,23.563353,train
1410,9.719212275161835,9.712608,train
18333,26.683228947509186,26.68927,train
877,19.463397172895007,19.447857,train
6007,3.3594554848970217,3.349735,train
11483,10.043941062065771,10.031577,train
4495,6.57997968013165,6.5664954,train
9202,19.964625243203816,19.972372,train
11099,10.126395815467223,10.11349,train
16870,3.495817832919528,3.4810283,train
5220,67.89636060989888,67.893814,train
19235,11.800771006819648,11.810767,train
5962,41.33105793830249,41.340405,train
5631,3.501669900886744,3.4763343,train
10773,26.32861172301684,26.321388,train
19009,5.516471991212152,5.5041637,train
4584,29.95803161391567,29.951508,train
7939,64.35993824723154,64.395485,train
9599,22.98460188258043,22.9753,train
4544,16.381900654578118,16.367437,train
3732,8.311869444965327,8.299761,train
18471,11.93139621122396,11.931515,train
13250,13.845264711215988,13.843192,train
4742,19.55952737168782,19.537973,train
15616,27.08734431972084,27.081987,train
3889,4.404761854709105,4.403279,train
3613,30.322765664878062,30.323856,train
664,14.205663251031078,14.2086735,train
14767,8.312917138020815,8.307675,train
5622,2.7379345908003714,2.6998756,train
4444,65.42022898601756,65.39393,train
10430,46.68280546402441,46.71153,train
15931,6.882495340379882,6.872331,train
1869,35.90028728486981,35.9146,train
542,46.03373489283661,46.04473,train
18703,19.70205587277775,19.679714,train
8352,3.5015146698937243,3.4901848,train
14953,6.882678254863746,6.8683367,train
4212,46.44982470395645,46.45838,train
5764,41.07423943587891,41.09541,train
7130,35.77251487880431,35.7738,train
16594,22.24119659609466,22.21539,train
1563,4.372281870616634,4.3689528,train
7895,34.22742983795968,34.223568,train
4087,6.747715524421623,6.737425,train
10516,9.64268256478926,9.634449,train
12988,2.767950208168843,2.7597694,train
14126,73.16672003142884,73.115005,train
5057,5.479199376972568,5.468758,train
12888,17.20794229838949,17.179953,train
16425,35.77354654999463,35.769527,train
6110,22.144290488227952,22.131325,train
14489,45.49573519133895,45.51568,train
13213,6.569502868408146,6.5534277,train
9784,19.511210629926246,19.500387,train
14035,20.2127881503318,20.206324,train
765,59.47552278781921,59.509995,train
13192,4.271657825709782,4.265269,train
14586,8.1258851165813,8.128266,train
14805,14.37624472537404,14.3614025,train
12057,8.33269892619885,8.319711,train
15607,23.33028065288677,23.343193,train
17121,12.07640658748618,12.076317,train
5098,11.977347905672262,11.955863,train
6219,4.26985585887273,4.2541924,train
3638,39.802178478903386,39.810356,train
18679,14.201083753373222,14.200388,train
2318,3.502050506320055,3.4781153,train
18905,22.99031367519726,22.99414,train
1992,12.08150093831357,12.0851,train
17091,6.804951600960687,6.78667,train
17404,40.49806291082581,40.495655,train
1868,35.90028728486981,35.909203,train
4116,11.963037936696075,11.971275,train
5163,35.51833588723952,35.521027,train
8465,31.23554448182804,31.211622,train
1418,11.656463631460475,11.642841,train
4636,2.698582685784035,2.650738,train
4,2.708496180126906,2.6770232,train
227,5.3012249343319935,5.29535,train
16601,25.774441228347605,25.759424,train
993,5.335720143245309,5.324435,train
1172,4.319118723923392,4.3091087,train
1431,13.869585950863724,13.858295,train
7678,25.887362814946755,25.88938,train
1299,39.84803196164996,39.88001,train
4356,22.412843611868016,22.41979,train
10963,31.58388320152769,31.570831,train
16982,26.890179442611885,26.866293,train
13849,22.24119659609466,22.226364,train
17083,5.514767643990076,5.5126743,train
583,2.7085127543344987,2.6913724,train
3351,9.573274695324717,9.564272,train
353,44.20482503393963,44.218254,train
17073,4.420624805467105,4.418439,train
3378,16.11131341530299,16.103722,train
9377,14.323302676962449,14.322169,train
6544,39.27753426474772,39.315132,train
12780,65.45027187515556,65.53697,train
5818,3.539102139205733,3.508382,train
10581,25.743192421777337,25.73407,train
2563,9.831747633839294,9.811216,train
2632,30.383161080528925,30.391752,train
7959,3.426427000296305,3.4284365,train
8213,14.297620147091871,14.299675,train
19148,53.42860126107073,53.456856,train
1056,16.386408131285116,16.379265,train
5092,9.984112810960296,9.972862,train
18108,16.387020803117196,16.394226,train
4162,23.07013446773524,23.051668,train
7837,16.311150222238446,16.32027,train
7367,2.7091026824146094,2.7014456,train
3556,11.77393419104924,11.771547,train
17885,8.212995549639128,8.192121,train
17964,30.706189705368445,30.697044,train
13909,50.13120527614953,50.161747,train
18452,8.217963340452032,8.209985,train
8501,46.91688292382029,46.909866,train
4103,8.240269386899683,8.258325,train
9766,16.622454312568223,16.626396,train
9393,19.881223193832128,19.873953,train
1834,19.958240419310386,19.950853,train
248,7.977484841951872,7.9685225,train
15452,41.26502903081768,41.258366,train
5656,6.804563440257528,6.7847075,train
14083,41.74343029751184,41.772114,train
4794,45.806228475822735,45.802185,train
16808,35.76074998538454,35.774902,train
6319,25.92720413216168,25.919998,train
16479,2.644782439096441,2.6104412,train
1135,50.68935151842295,50.68959,train
6631,5.452945414680859,5.4528103,train
3050,45.24553910198273,45.244385,train
13510,41.35234408019274,41.36994,train
1264,22.674852098493925,22.671432,train
17953,26.61609949971503,26.607418,train
8731,3.50175545283292,3.4821956,train
2410,19.95375118013526,19.962444,train
15626,31.29151355771038,31.279316,train
6589,64.63445678339761,64.71412,train
3707,5.514361958659131,5.5191536,train
1072,22.417935081763016,22.409079,train
10444,53.05718556297103,53.0895,train
7189,3.540934651623731,3.5095346,train
5275,8.09967191087475,8.088276,train
2580,14.03703780461786,14.032427,train
16473,70.38744055582808,70.45612,train
15688,69.39768820199494,69.33889,train
11262,4.261977186901441,4.2648067,train
15113,2.6680277245003223,2.6338196,train
14393,9.833515805333912,9.819083,train
8661,35.45862287003865,35.46885,train
9906,4.361721156600234,4.369438,train
770,2.67963111978823,2.6519403,train
4461,3.3899503390781547,3.3962216,train
14055,27.406470161859204,27.400024,train
7825,11.60795649193932,11.601763,train
11616,2.6800298406074674,2.6619802,train
12622,5.366975558868218,5.3621655,train
7329,41.7456272211452,41.75757,train
14795,12.073872830930233,12.065107,train
3123,6.647717166560328,6.6243806,train
1958,6.807036339896532,6.787243,train
16359,14.362716447104814,14.358132,train
10924,17.18896478933625,17.173,train
5796,60.4524910654573,60.45439,train
122,26.67923888964828,26.68538,train
17674,5.4514537015048905,5.452032,train
16516,5.311987077548214,5.309955,train
9339,6.78172447637919,6.7528687,train
15035,27.39963726697832,27.383072,train
3861,60.52998546309277,60.588615,train
13312,34.31631204776647,34.313625,train
1684,35.3790001622984,35.386402,train
4119,11.963037936696075,11.9768715,train
6492,16.3737194207109,16.362583,train
812,6.653331355899042,6.634799,train
6932,34.871540716004816,34.896664,train
2093,53.61430273355695,53.628563,train
12821,5.577448450095398,5.555388,train
16859,2.734408842652395,2.7024105,train
6372,50.57766079976186,50.61257,train
5082,8.252189973008186,8.245029,train
12784,65.45027187515556,65.524155,train
18630,5.453514973447485,5.450352,train
12730,34.599842035110434,34.606243,train
13374,3.5279843254560563,3.5201213,train
6033,6.515116916565186,6.501891,train
1597,8.217597876040603,8.20035,train
18383,52.43731922756592,52.422947,train
15898,3.5403585958735047,3.5210397,train
19230,9.836238956961564,9.835551,train
1931,3.5023728097497764,3.4956062,train
9597,22.98460188258043,22.98045,train
18297,16.788713564476186,16.788471,train
11915,19.466938902709447,19.460985,train
9311,4.406554839696068,4.405871,train
6301,19.18033941664073,19.178104,train
17008,40.79274201265735,40.794945,train
18554,40.45314727551783,40.46584,train
18090,11.658590664393245,11.652524,train
13979,8.409437556211982,8.39047,train
1682,35.3790001622984,35.37706,train
11583,46.77859167776056,46.784954,train
15348,6.808194080929191,6.795076,train
17997,52.06823645974915,52.085777,train
4454,2.651340495288661,2.6273541,train
9407,23.20334156234951,23.192236,train
13142,47.44345591156762,47.42923,train
7254,14.550651373051354,14.540078,train
3869,2.7305324516087164,2.703654,train
5800,60.4524910654573,60.480526,train
685,19.7117369235059,19.700245,train
4872,5.529305246508104,5.520501,train
15488,69.62951130712035,69.6073,train
19176,3.427309755937745,3.433644,train
3417,29.406136662132543,29.408525,train
1561,4.372281870616634,4.366024,train
18913,26.671971818268155,26.670269,train
17308,9.943417259271168,9.927064,train
13338,44.60184610371282,44.608864,train
8598,11.93845111841708,11.951229,train
15029,27.39963726697832,27.388409,train
5783,53.26827894464033,53.24984,train
9124,4.42153269196039,4.4155364,train
18135,22.418991886192853,22.418491,train
1822,16.994748441870005,16.974653,train
3971,19.81382468589979,19.79562,train
6814,5.39405431056156,5.393199,train
9355,10.0251992837065,10.005972,train
13829,16.269805179595384,16.263926,train
9495,3.463823607534496,3.4589903,train
5380,39.71379883087487,39.735462,train
15988,20.21809965806252,20.198502,train
1105,34.3941157281528,34.399994,train
4712,11.848597403947965,11.852899,train
7885,29.82551748295141,29.788387,train
9578,16.782179300601353,16.76116,train
518,30.71125286382736,30.682838,train
6167,49.89380123014212,49.90362,train
8654,30.85164903067275,30.837877,train
14308,54.18862649780223,54.173073,train
15932,6.882495340379882,6.870972,train
13732,58.36936852175695,58.43741,train
17736,19.67386644705623,19.658686,train
13887,34.079261637555426,34.079002,train
802,5.393604326707714,5.3924384,train
15212,19.25072546022004,19.256454,train
16919,10.026905416193513,10.016968,train
7074,16.974321476988262,16.961012,train
9064,40.46189804120248,40.497635,train
15514,3.502563886701579,3.4861677,train
7857,22.310875021117354,22.322792,train
14289,47.59401362079974,47.58838,train
14691,45.43117938693548,45.457615,train
9928,6.708523927938943,6.6885486,train
6209,3.38352670793303,3.3765688,train
14682,39.89073286545132,39.913795,train
17653,3.46287616207661,3.4630146,train
14887,53.37814339848742,53.408463,train
16575,16.269805179595384,16.261093,train
14499,51.66606240165736,51.65017,train
13343,50.56027279455254,50.557133,train
12832,6.882941629441138,6.8635545,train
6671,11.927985868777798,11.92327,train
15466,53.674634010244326,53.654434,train
15628,31.29151355771038,31.287548,train
13158,53.97896503267833,53.961395,train
13445,14.476766518685231,14.463468,train
841,11.792452301465284,11.792336,train
15075,47.671231418620295,47.670795,train
14751,5.515291571911735,5.5115547,train
2521,4.32526132233661,4.3159266,train
10757,22.70200171619421,22.69836,train
9872,66.83876913694161,66.86881,train
654,11.932725734814856,11.931877,train
16989,31.03775157836372,31.021128,train
1025,9.72040448238932,9.709394,train
17265,3.4633463032713725,3.4420295,train
11397,44.43268557333643,44.450813,train
15274,44.84250412419234,44.85519,train
17700,9.936827424934425,9.932015,train
5381,39.71379883087487,39.726135,train
5090,9.984112810960296,9.967803,train
1213,9.8172927105488,9.8028,train
4691,8.165768752488026,8.17331,train
9808,30.482365849216244,30.469374,train
17230,60.85346407983517,60.84894,train
7773,4.265302680390501,4.2506523,train
10151,11.738895074972726,11.722642,train
2565,11.794108016712649,11.794111,train
13397,5.555295080198322,5.553432,train
11478,8.30011706461138,8.293364,train
19063,14.38467919456088,14.371252,train
3331,6.4898566002953375,6.474198,train
1049,13.872175255526807,13.854879,train
13318,34.31631204776647,34.324745,train
11769,39.920168975630695,39.953667,train
15142,5.355787833397262,5.3543587,train
17896,11.92108481279417,11.919279,train
16385,19.92899959728709,19.921698,train
16002,23.60852531144856,23.585178,train
17948,26.61609949971503,26.613293,train
3238,39.90436918305849,39.93267,train
4016,40.61696131303726,40.622494,train
1528,57.20652774133463,57.18832,train
5462,5.49908632876588,5.4906864,train
11546,26.9749273266716,26.973898,train
16353,12.06457598001331,12.057279,train
14174,6.883609052061724,6.868213,train
10842,2.767835097876492,2.7599058,train
18190,50.69565029953908,50.68216,train
14145,3.5410006268485925,3.518942,train
9640,46.07701349970316,46.08826,train
8418,14.376280985907911,14.368218,train
12702,22.52901124083688,22.533947,train
17793,40.28953774014432,40.293674,train
6018,4.238415593701241,4.234753,train
9253,41.120805074128185,41.144264,train
14062,31.66739204088522,31.658695,train
10926,17.18896478933625,17.163208,train
11411,50.35340230487312,50.37384,train
14593,9.831611259859253,9.824534,train
2320,3.502050506320055,3.4748547,train
16384,19.92899959728709,19.924044,train
17941,22.94986468631417,22.947702,train
13820,13.778863574118942,13.762102,train
14515,58.53201876125161,58.534077,train
18809,4.372572383195617,4.3714585,train
16571,16.269805179595384,16.261755,train
16851,60.38601216143688,60.413383,train
10472,3.3670877540885287,3.3641582,train
15166,8.056643564505476,8.061634,train
14748,5.515291571911735,5.509658,train
1464,22.41035956215645,22.395771,train
11306,11.605420343427122,11.599556,train
9916,5.43894963587855,5.4445496,train
77,11.931649537355048,11.922399,train
8373,6.8042238089487,6.792474,train
12266,12.138773915132886,12.134675,train
15222,22.446042861648767,22.444525,train
17524,14.203565724741887,14.194493,train
1007,6.581067824773221,6.563527,train
17426,59.51701362971379,59.56855,train
5127,19.77808294115797,19.776712,train
13777,5.311987077548214,5.309955,train
13991,10.179724723010924,10.167215,train
7324,41.7456272211452,41.78712,train
11975,45.43311720005017,45.465267,train
4448,2.651340495288661,2.624172,train
495,22.9279123481559,22.912935,train
9172,12.07673973791194,12.0743,train
2008,17.011685864509637,16.9994,train
8240,19.84990966305152,19.831673,train
3353,11.47503257770756,11.458377,train
2702,2.648435565573492,2.615264,train
17545,19.705616141502567,19.676834,train
16887,4.411629702698938,4.406278,train
12711,26.12437780450136,26.133251,train
16609,29.71030411274068,29.716177,train
979,3.3903798459312364,3.391925,train
17331,14.203174694797369,14.197625,train
15744,6.881721048030808,6.866584,train
5769,41.07423943587891,41.083225,train
18890,19.7050323192318,19.696932,train
9188,14.380230957547736,14.366785,train
17909,14.188504354389975,14.185129,train
13464,20.094229640614827,20.091902,train
3228,34.89196154707621,34.901505,train
4924,17.017149413199444,17.00184,train
13721,51.56480717094732,51.557995,train
8987,11.93189209849983,11.915733,train
16468,70.38744055582808,70.44176,train
4702,9.878075507678982,9.872185,train
18504,19.70503641990049,19.693508,train
5861,8.39929361999531,8.367771,train
2847,39.17395137784385,39.19091,train
4091,6.747715524421623,6.749718,train
10411,35.791009758134045,35.788475,train
10765,26.32861172301684,26.329723,train
14332,2.680060136742551,2.6548033,train
15568,12.082626569966488,12.095491,train
16796,26.941092065428904,26.934992,train
292,19.05581652042869,19.05683,train
6843,9.830645370821994,9.815088,train
4365,22.412843611868016,22.410645,train
1225,11.776863732605358,11.776282,train
12642,8.077368205409602,8.067351,train
6191,63.38449733252296,63.43842,train
9788,22.76296882623324,22.766405,train
11108,12.152599783059475,12.141272,train
6102,18.998376056860323,18.994635,train
5226,2.6723998387919203,2.6555593,train
19020,6.807111380190824,6.783486,train
3857,60.52998546309277,60.57761,train
4259,3.390275518628752,3.3982308,train
17739,19.67386644705623,19.657274,train
15352,8.31765195855304,8.312759,train
4148,19.766535338864166,19.774376,train
12088,14.40077247257583,14.397196,train
15794,17.206095957878134,17.180376,train
17673,5.4514537015048905,5.4519014,train
4404,39.2749803184718,39.308575,train
7774,4.265302680390501,4.2531843,train
10577,25.743192421777337,25.731955,train
14660,30.385313055652905,30.390438,train
998,5.335720143245309,5.3272886,train
16659,56.60134448761165,56.603203,train
12902,23.604065820872368,23.608273,train
159,40.46693733703246,40.49343,train
4413,44.68377792357072,44.713375,train
11326,16.308010662860998,16.30674,train
6362,44.60789261778061,44.612995,train
4235,60.08034820513094,60.160496,train
4030,46.2647312762206,46.279713,train
17685,6.724970617606346,6.70641,train
18346,35.38576344087019,35.377388,train
11843,5.394227382809981,5.4000096,train
3344,9.573274695324717,9.5573845,train
10657,3.4266316210422736,3.4278352,train
4982,35.86361365671431,35.86746,train
13633,14.039270848299736,14.040261,train
5135,23.077107649980203,23.071096,train
17990,45.88636353743181,45.88691,train
3085,2.6772620050674827,2.638389,train
5160,30.91040497992931,30.901552,train
162,46.11681562429834,46.09982,train
17434,59.51701362971379,59.577377,train
2165,8.28601199625113,8.266859,train
12785,65.45027187515556,65.51374,train
7086,19.928197397033564,19.924397,train
11848,5.394227382809981,5.402233,train
6179,56.32124547307948,56.316128,train
13775,5.311987077548214,5.308281,train
483,19.649111293465804,19.642914,train
14343,3.427065722228307,3.4257386,train
443,9.914430525959508,9.915957,train
3063,51.33909351317882,51.330936,train
13983,8.409437556211982,8.392356,train
3950,14.28744530085372,14.27901,train
13009,5.5761957478989626,5.5660043,train
14008,12.218588363439878,12.205517,train
7431,11.940417434295226,11.94926,train
14973,10.178497545054494,10.161217,train
18521,26.672941236077136,26.67368,train
10803,39.865925189688106,39.87488,train
7131,35.77251487880431,35.77424,train
13712,45.43106480404264,45.456814,train
7814,9.680210315185294,9.659251,train
320,29.674224196982102,29.663963,train
8844,27.039190034919176,27.01513,train
9162,10.063141507813375,10.057904,train
7821,11.60795649193932,11.600756,train
17498,9.944672091049991,9.939395,train
9446,40.90615229451066,40.916695,train
1585,6.728228905976399,6.7103853,train
3736,10.060180445760883,10.049252,train
4010,35.5219442548973,35.531574,train
16407,26.979176255131968,26.95018,train
5512,14.320139454287412,14.304933,train
2933,6.638518499676308,6.6125298,train
2198,14.32379971425744,14.310272,train
7809,9.680210315185294,9.662878,train
12199,2.7529128597477226,2.723303,train
4784,40.17730010575605,40.191845,train
16474,70.38744055582808,70.44214,train
11605,60.48252589130836,60.52601,train
7270,17.205336964454208,17.178545,train
10208,30.18512064085396,30.18484,train
13004,4.469668491169972,4.4681897,train
11731,22.715728356803982,22.723053,train
14878,46.903861444194575,46.920334,train
1537,57.20652774133463,57.19934,train
15507,3.502563886701579,3.487433,train
1984,10.066042242569983,10.068078,train
18892,19.7050323192318,19.694101,train
18528,30.785227753268504,30.7818,train
16936,12.029270151326983,12.024496,train
12587,66.49272834437633,66.54402,train
2192,12.031218109653784,12.020023,train
8998,14.204211446903102,14.195693,train
15298,65.09267984036615,65.07805,train
5842,5.573218400912195,5.548292,train
6080,13.71681439437468,13.709983,train
16586,19.08199677745677,19.072271,train
5652,5.514631754237328,5.500988,train
609,4.37226573877274,4.3757005,train
12737,34.599842035110434,34.59618,train
13313,34.31631204776647,34.31706,train
10042,40.28718686607373,40.288082,train
12500,22.79179224042561,22.791979,train
6099,18.998376056860323,18.991972,train
17344,16.786680857916362,16.77106,train
3370,13.64658205019341,13.639056,train
16779,23.213132850411533,23.21077,train
17472,5.453944331739666,5.452575,train
10631,50.09910520621285,50.115288,train
8546,4.373182703498082,4.368878,train
1154,2.676319872769252,2.657733,train
4701,9.878075507678982,9.875863,train
13923,56.60134448761165,56.60001,train
8701,59.77527993292279,59.75298,train
2039,27.08718049328076,27.069683,train
2063,35.98998620812796,35.980373,train
7400,6.7312422111754735,6.703218,train
9922,5.43894963587855,5.442101,train
12289,17.09144859211879,17.030802,train
191,2.638036185786238,2.606674,train
3404,25.51355843884533,25.502682,train
11863,8.126053948962111,8.124878,train
18832,6.728695988858052,6.7076473,train
18117,19.22697500817129,19.237926,train
1710,52.42578981420947,52.392117,train
2436,31.22007476484556,31.207977,train
17207,47.00467924590599,47.028618,train
14373,6.6550572887681145,6.640615,train
6815,5.39405431056156,5.3920927,train
9671,69.07998924373878,69.145546,train
11817,2.6798483480542923,2.674895,train
14118,61.87956213511676,61.92429,train
949,51.56890951301239,51.574177,train
4249,2.651586277786812,2.6380517,train
11749,30.401595341860737,30.404245,train
3068,58.09223849449652,58.079685,train
15538,6.807568748079518,6.795583,train
8119,51.3728713854686,51.354176,train
12546,40.0707569732276,40.088867,train
17372,26.684597918145748,26.682716,train
12189,60.20444648087743,60.225525,train
13426,10.132586420334118,10.124354,train
915,34.886053109587735,34.8964,train
1904,53.35263677725449,53.35402,train
11789,51.6246529061579,51.607773,train
8423,16.995729208180737,16.986835,train
2229,23.203419579996773,23.203625,train
1876,35.90028728486981,35.89288,train
12889,20.21466243626813,20.221003,train
16640,44.2513224587667,44.259773,train
19276,22.732934390418883,22.735228,train
16108,4.325767851991398,4.3180513,train
5379,39.71379883087487,39.730576,train
12598,2.671216825068361,2.6515853,train
17631,69.13749578578044,69.117485,train
17009,40.79274201265735,40.794594,train
15299,65.09267984036615,65.08234,train
5869,10.16471814241218,10.138489,train
1500,39.26522597200145,39.292664,train
181,59.37062721017586,59.39762,train
9164,10.063141507813375,10.05262,train
13384,4.45352687233361,4.4597054,train
17687,8.21270525505426,8.197199,train
4401,39.2749803184718,39.307808,train
8436,19.95984341060886,19.964489,train
11125,17.108057241721884,17.107288,train
2383,12.072313220897104,12.055635,train
5272,6.633172795893891,6.61267,train
8644,26.719688219129843,26.719149,train
13430,12.158984383433603,12.150213,train
5684,12.073580675127207,12.070827,train
18877,16.785576136576775,16.786772,train
11792,58.46096937908226,58.43435,train
16291,3.5012538758153706,3.4843671,train
2859,44.55739519495278,44.56723,train
17738,19.67386644705623,19.65947,train
3032,34.76644785608287,34.767384,train
4229,60.08034820513094,60.13982,train
1699,46.13571434661053,46.13095,train
2846,39.17395137784385,39.18889,train
8881,46.85373954662278,46.851833,train
3538,8.112795120300943,8.109948,train
13568,3.4270235820849577,3.4292047,train
1139,50.68935151842295,50.70058,train
16235,39.94240935740361,39.972942,train
6945,45.40005775796602,45.42918,train
10136,9.787552015034205,9.775422,train
14710,58.378819776444416,58.43039,train
636,8.218116602772081,8.208758,train
8836,23.296083483998068,23.29898,train
221,5.3012249343319935,5.294646,train
12179,53.11232660181848,53.109505,train
5061,5.479199376972568,5.4648676,train
15658,47.05238996663752,47.06325,train
5900,17.160123500643675,17.125832,train
5005,53.1257604450006,53.139362,train
7645,13.823744082032102,13.814136,train
13803,9.66304530984486,9.651548,train
12572,58.7445336701217,58.78488,train
13642,16.58837265322754,16.590487,train
9955,11.889272275091988,11.884556,train
11523,19.91349683898619,19.911943,train
12615,4.305663232055972,4.2923293,train
136,30.79391023212975,30.785294,train
6020,4.238415593701241,4.2360806,train
12096,17.01903374589111,17.006243,train
15169,9.741813509382144,9.738805,train
5733,27.03688908872464,27.026735,train
14280,41.69401750937428,41.711205,train
17342,16.786680857916362,16.774122,train
17691,8.21270525505426,8.19625,train
5189,46.34706934099864,46.373024,train
18058,6.581219445434478,6.5642376,train
14949,6.882678254863746,6.877747,train
11452,4.417284206021883,4.4123077,train
1761,5.514289169113654,5.5157747,train
6885,19.46090985668767,19.459307,train
7258,14.550651373051354,14.530209,train
16971,23.177095686414493,23.160915,train
2941,8.10628119297899,8.092084,train
13596,6.654870000813584,6.6394963,train
7255,14.550651373051354,14.535342,train
9666,59.32496723193529,59.36911,train
1654,22.9936078043015,23.000635,train
5416,67.36262373893229,67.33162,train
15998,23.60852531144856,23.602037,train
8529,2.70891590619996,2.697875,train
11142,20.09302271518608,20.084427,train
11602,53.23078958907627,53.23662,train
2326,4.421023847624547,4.409359,train
17105,8.313108372950806,8.31244,train
18627,5.453514973447485,5.446136,train
7661,19.15493547987121,19.15866,train
18921,30.78317811917148,30.76207,train
9427,31.094593388139582,31.078814,train
12514,26.43700258485752,26.424974,train
13054,12.211683043753135,12.212311,train
18052,5.335830758238897,5.3305154,train
5152,26.77632081570378,26.761028,train
1867,31.22906731708881,31.199194,train
14790,12.073872830930233,12.071793,train
4683,8.165768752488026,8.156758,train
5940,31.46723268531948,31.45512,train
4155,19.766535338864166,19.736021,train
7350,54.35424338922613,54.33315,train
13081,20.19050088478762,20.1872,train
8311,53.1574764742,53.177868,train
8702,59.77527993292279,59.75534,train
9282,60.657728553914,60.713,train
5121,16.847652107473593,16.822363,train
4612,44.681367960561865,44.672344,train
4258,3.390275518628752,3.4000297,train
15500,2.738511525458672,2.7330189,train
5560,31.086306563780983,31.056162,train
3177,16.573905403173057,16.56643,train
16831,46.71078932007112,46.714905,train
6983,2.7376158744619965,2.7091637,train
6776,59.21522697654686,59.24333,train
14229,20.2134235483514,20.215014,train
11574,40.998353809794885,41.01448,train
12794,2.768265193898514,2.731208,train
11686,11.79687784031292,11.795797,train
14033,20.2127881503318,20.221897,train
7175,2.7683920640794635,2.7339656,train
9087,52.37392807384792,52.35811,train
7644,13.823744082032102,13.813595,train
6277,13.839728224012498,13.833165,train
17954,26.61609949971503,26.606495,train
18241,5.454086972362974,5.454109,train
3235,39.90436918305849,39.93566,train
3259,51.636476736943365,51.63177,train
3457,49.59532874711015,49.65558,train
4802,45.806228475822735,45.806026,train
18644,6.728004270033436,6.7126474,train
15077,54.33096917075789,54.28754,train
8158,4.398244872508168,4.3994174,train
2624,26.33379102099904,26.31787,train
12614,4.305663232055972,4.292939,train
7069,14.362001783938569,14.359854,train
2762,9.704790404948806,9.695773,train
7141,40.92031603182694,40.91569,train
6808,4.325080681999751,4.319302,train
10477,4.248365582204674,4.2425275,train
494,22.9279123481559,22.918903,train
15830,31.67416237977404,31.663923,train
15215,19.25072546022004,19.256428,train
13298,25.934075732722288,25.923079,train
2500,2.679937679461942,2.6588435,train
5417,67.36262373893229,67.32232,train
1957,6.807036339896532,6.7842917,train
11245,3.3775172482846187,3.386659,train
4957,27.04564140717384,27.030443,train
13498,31.42927549874927,31.403477,train
19021,6.807111380190824,6.7842035,train
16668,2.735260556130954,2.7050617,train
9460,46.65423333440259,46.66356,train
16707,5.5040689464134,5.4998436,train
18984,2.738560394234994,2.7277987,train
7162,52.97460863520874,52.98288,train
3326,6.4898566002953375,6.4745636,train
4247,2.651586277786812,2.6356332,train
19285,26.372252985493382,26.350742,train
4283,5.33546376019055,5.3359585,train
10664,3.4266316210422736,3.4279742,train
8772,8.312589722231753,8.302898,train
5801,60.4524910654573,60.47479,train
8599,11.93845111841708,11.949112,train
5887,14.519671559123143,14.499157,train
17436,2.708713630838812,2.688457,train
15099,73.00966898459065,72.944016,train
17257,3.4633463032713725,3.4470313,train
5146,26.77632081570378,26.774939,train
11631,3.427034163001539,3.437714,train
7054,12.063942686022951,12.051,train
14618,16.5859980766324,16.585052,train
12688,16.464297328796746,16.448158,train
18844,8.218139021218338,8.213335,train
9886,2.7037760859594746,2.686006,train
2034,23.329218518114708,23.31429,train
13043,10.175014144779013,10.172698,train
12123,27.04577228607741,27.0267,train
4018,40.61696131303726,40.62728,train
2098,60.9959267478142,60.99805,train
15950,10.17971768776932,10.173241,train
9499,3.463823607534496,3.463975,train
427,6.708418514918034,6.700938,train
14810,16.99476765856894,16.990011,train
10677,5.393963881571096,5.4013305,train
12183,60.20444648087743,60.236626,train
5677,10.060629531796687,10.038903,train
2389,14.374076505429992,14.365332,train
18595,69.12788205050354,69.08465,train
11892,14.037530046339258,14.037118,train
1343,66.02221833454253,66.11185,train
14711,58.378819776444416,58.440437,train
18205,57.29678618334104,57.326256,train
5302,11.753913787020023,11.746927,train
17609,52.37163578790875,52.35878,train
12756,45.0442584732151,45.059174,train
16269,58.52927351113426,58.570015,train
4478,5.3349161923909225,5.331066,train
17137,17.002765463643282,16.993427,train
5175,40.64542153266957,40.672794,train
16959,19.86458286546309,19.844301,train
6511,22.401963939400744,22.395643,train
1302,39.84803196164996,39.870785,train
2328,4.421023847624547,4.4067144,train
6930,34.871540716004816,34.898144,train
16162,11.798335755610244,11.812855,train
11088,8.3667163290534,8.35464,train
6086,16.19772217863908,16.185972,train
4550,19.22027700345554,19.20208,train
3335,7.918785017787245,7.9141197,train
1568,5.453602047597056,5.4482512,train
13194,4.271657825709782,4.265363,train
16209,26.35585423252835,26.354713,train
8370,5.514356971441128,5.518283,train
8653,30.85164903067275,30.839535,train
2133,3.494199034483809,3.485667,train
5697,14.376227157580578,14.379411,train
5190,46.34706934099864,46.3743,train
10885,8.405428734690727,8.399995,train
5749,31.220475438484407,31.211275,train
10750,19.46353380004629,19.45702,train
7444,14.216293823765389,14.21902,train
2951,9.807070250141807,9.790948,train
14032,20.2127881503318,20.21502,train
2327,4.421023847624547,4.4073987,train
16049,47.67556447748811,47.65832,train
7219,6.882918890234676,6.8596034,train
4150,19.766535338864166,19.74933,train
7256,14.550651373051354,14.533967,train
5478,8.284601351130672,8.266501,train
8577,8.220943361868855,8.224202,train
2454,35.89156100745434,35.896313,train
3078,65.62438510253718,65.668785,train
15905,4.469972324144574,4.470969,train
3804,31.2257159436659,31.222296,train
11506,14.347619590331648,14.34185,train
9328,5.496595758597001,5.48855,train
12280,17.09144859211879,17.087946,train
16429,40.922141487373246,40.924732,train
13497,31.42927549874927,31.396187,train
11618,2.6800298406074674,2.669931,train
16103,3.4271715208360507,3.4265063,train
7319,36.42816410274023,36.435158,train
12135,31.21633923942998,31.187986,train
4236,68.3567305515318,68.413635,train
1090,29.971004453921363,29.969069,train
3439,38.507113968365694,38.528736,train
3060,51.33909351317882,51.327374,train
15958,12.219364473939503,12.213877,train
4914,14.39875625051176,14.395123,train
7062,12.063942686022951,12.055717,train
10459,2.634075483446833,2.603946,train
16797,26.941092065428904,26.931839,train
6293,19.18033941664073,19.175714,train
19267,19.48541592663052,19.484745,train
6388,64.47585075138502,64.50014,train
8989,11.93189209849983,11.916319,train
10168,16.50056323151148,16.495941,train
11568,35.80894288502899,35.810093,train
8913,2.708548541881171,2.6741238,train
5490,10.024970078805753,10.001192,train
8244,23.17079121356761,23.183191,train
16278,66.22984607694808,66.33416,train
15237,30.01608328321608,30.012835,train
12768,51.12835088120414,51.16086,train
14736,3.5021532227900267,3.4811702,train
9840,45.68455748839662,45.707886,train
11866,8.126053948962111,8.124482,train
3912,6.774445427179768,6.754302,train
5704,16.99497733441319,16.998924,train
3091,2.6772620050674827,2.669998,train
3112,4.320883854483836,4.317581,train
8117,51.3728713854686,51.382694,train
1926,3.5023728097497764,3.483328,train
11212,53.90188774203692,53.921425,train
14858,35.89960393091611,35.91366,train
9112,3.502342096337854,3.4822755,train
12233,6.840436546862896,6.812848,train
5054,5.479199376972568,5.4669876,train
11405,50.35340230487312,50.378353,train
17044,59.90232076905948,59.93407,train
1943,4.421703591294218,4.421607,train
10705,9.83104731697686,9.817147,train
18529,30.785227753268504,30.777645,train
18092,11.658590664393245,11.6507015,train
8286,40.90966709664708,40.93165,train
14027,17.20685403521417,17.190918,train
19238,11.800771006819648,11.813901,train
1050,16.386408131285116,16.383049,train
7863,22.310875021117354,22.320375,train
13469,23.452065065404536,23.449009,train
2610,22.70525476986539,22.710424,train
7711,39.12378051575852,39.130302,train
1193,6.644555943133097,6.619315,train
6164,49.89380123014212,49.902164,train
4092,6.747715524421623,6.7416925,train
16046,47.67556447748811,47.658348,train
12569,51.84994986020546,51.88592,train
6819,5.39405431056156,5.3920054,train
9276,53.38895976724034,53.420807,train
10033,35.22028551346449,35.22153,train
11682,11.79687784031292,11.791491,train
16405,26.979176255131968,26.959595,train
11459,5.50905772904389,5.5130963,train
9753,11.820738034299742,11.8337145,train
2316,3.502050506320055,3.4777,train
14207,12.219906214187988,12.220676,train
15359,10.06851284589774,10.067132,train
14608,14.037250335162268,14.037507,train
5095,11.977347905672262,11.964178,train
3644,45.32571236254361,45.335575,train
12564,51.84994986020546,51.864502,train
2264,35.74716386312536,35.73343,train
5536,23.1955736438012,23.179256,train
6059,9.617347410194986,9.612079,train
7891,34.22742983795968,34.22853,train
17149,19.9701531296528,19.98317,train
4805,52.0705342243224,52.079052,train
1162,3.422106991892183,3.4227042,train
7192,3.540934651623731,3.504679,train
18671,11.929787983506596,11.929186,train
2105,69.53244384329564,69.48013,train
23,4.372190874006892,4.3644032,train
5088,9.984112810960296,9.96659,train
16603,25.774441228347605,25.761375,train
15132,4.297855922649827,4.2926435,train
4565,22.41025335211663,22.39924,train
4502,8.034000431580742,8.024864,train
15061,41.73341427249216,41.75643,train
13604,8.12695765865257,8.126309,train
14688,45.43117938693548,45.462376,train
13337,44.60184610371282,44.603798,train
13348,50.56027279455254,50.57257,train
1939,4.421703591294218,4.420883,train
15476,61.07334602815417,61.035656,train
5529,19.87480651925221,19.847631,train
6269,11.631323018312653,11.628728,train
1490,34.373369495591966,34.37544,train
17296,8.216838373088674,8.19819,train
1872,35.90028728486981,35.90678,train
8949,5.453665289542088,5.444973,train
2837,34.29895562539627,34.29944,train
1476,25.978980967828967,25.959738,train
9472,60.226012960931534,60.28196,train
16855,60.38601216143688,60.40078,train
7893,34.22742983795968,34.225796,train
17478,6.728661322074843,6.7048903,train
15648,41.21766637163386,41.232906,train
46,6.728225741656603,6.705159,train
10073,59.11622057953624,59.18201,train
9657,52.342681818322,52.326836,train
17158,23.313702792405124,23.324173,train
14245,23.599740087936286,23.600275,train
9594,22.98460188258043,22.991846,train
12354,47.3150321406427,47.33088,train
1442,16.382666477994622,16.378553,train
9869,66.83876913694161,66.87674,train
13073,17.19181300428322,17.18657,train
13308,29.905179728039577,29.88598,train
2351,6.804775027058632,6.793332,train
530,40.377631829733055,40.399624,train
15451,41.26502903081768,41.26497,train
18167,39.29750380942426,39.3278,train
13853,22.24119659609466,22.2174,train
9080,46.10827558357298,46.11421,train
3082,65.62438510253718,65.6732,train
12136,31.21633923942998,31.198692,train
4608,44.681367960561865,44.67529,train
3996,30.932355683209444,30.929905,train
1107,34.3941157281528,34.396492,train
12741,39.55382209740266,39.588413,train
4307,9.719544483530507,9.703325,train
14676,34.89064573342807,34.92076,train
3888,4.404761854709105,4.401832,train
3128,6.647717166560328,6.628994,train
8944,5.453665289542088,5.4434333,train
11696,14.04101960092788,14.031918,train
15817,27.41039487101252,27.395275,train
19108,31.25807903956796,31.246841,train
16299,4.419843683848651,4.408487,train
5673,10.060629531796687,10.040143,train
19273,22.732934390418883,22.748848,train
16736,10.033777273871753,10.016542,train
15600,19.983325306274804,19.98957,train
8908,60.47364583500093,60.48387,train
17419,52.47451444287488,52.471966,train
13987,8.409437556211982,8.385033,train
12879,17.20794229838949,17.198252,train
2865,50.49155592474484,50.50244,train
2375,12.072313220897104,12.064272,train
16454,52.98386526528585,53.014763,train
11771,39.920168975630695,39.95448,train
2682,58.393690284659264,58.40052,train
13804,9.66304530984486,9.652927,train
8717,67.89804544702722,67.82566,train
13948,3.5409996489680857,3.510035,train
14179,8.410098919808021,8.397335,train
10576,25.743192421777337,25.730944,train
13650,19.46926318075209,19.474033,train
11106,12.152599783059475,12.147907,train
16847,53.15028777358014,53.154724,train
16786,23.213132850411533,23.195652,train
11678,9.833628133818198,9.820531,train
3785,23.29556930203368,23.306662,train
4620,50.6502714684406,50.650753,train
13756,3.3793123881317606,3.370696,train
15585,17.013134627583373,17.008516,train
5007,53.1257604450006,53.13879,train
3610,26.28315548393333,26.281944,train
639,8.218116602772081,8.211468,train
16029,36.43845598684842,36.4492,train
4859,4.433301976653597,4.4348373,train
4393,34.380357693480214,34.393654,train
9517,5.453554826555715,5.4477644,train
11619,2.6800298406074674,2.6739054,train
9273,53.38895976724034,53.412262,train
7480,26.725588177894853,26.735876,train
4036,52.52433965725746,52.541134,train
7514,40.59509796644647,40.623833,train
8911,2.708548541881171,2.674624,train
4420,50.65171531599499,50.673935,train
16410,31.14012034803225,31.117771,train
17884,8.212995549639128,8.192039,train
12203,3.5205301735751884,3.4859936,train
9802,26.408709661995704,26.371418,train
15785,17.206095957878134,17.198792,train
14721,2.7383123632887343,2.703672,train
15260,39.38354458162934,39.39966,train
17293,6.727493680206459,6.6949005,train
9283,60.657728553914,60.70763,train
8360,4.420408821409588,4.4218416,train
5682,10.060629531796687,10.033539,train
5687,12.073580675127207,12.061575,train
760,59.47552278781921,59.493057,train
5307,13.988080312882362,13.978428,train
6038,6.515116916565186,6.5043535,train
4919,14.39875625051176,14.392252,train
11872,9.831813640027464,9.820709,train
16475,70.38744055582808,70.4581,train
2623,26.33379102099904,26.323309,train
19046,12.079904523944911,12.073957,train
13379,4.45352687233361,4.4588356,train
11977,45.43311720005017,45.44517,train
14408,14.040854649431251,14.044576,train
228,5.3012249343319935,5.295998,train
9249,35.914434917306146,35.91781,train
19251,16.599431096237396,16.587875,train
12748,39.55382209740266,39.59143,train
11257,4.261977186901441,4.2628036,train
14894,53.37814339848742,53.40587,train
12584,66.49272834437633,66.54498,train
3236,39.90436918305849,39.935177,train
4696,9.878075507678982,9.876252,train
599,3.463725704281348,3.4601018,train
13404,6.854252064921547,6.8459883,train
9365,12.030090252009884,12.023003,train
6564,50.68493078471787,50.7017,train
8280,35.72177595241204,35.71598,train
7125,35.77251487880431,35.767353,train
18604,2.7086064111784056,2.6866257,train
10912,12.210195184882402,12.217921,train
14848,31.227174480005047,31.219666,train
12934,36.43606370816161,36.44619,train
16943,14.318833955178135,14.313286,train
17446,3.463971586611452,3.4566867,train
7190,3.540934651623731,3.509164,train
9565,14.200872999247029,14.193281,train
66,9.944380093437465,9.928581,train
3662,51.44204164024564,51.46392,train
12957,47.69190762553954,47.707603,train
16614,29.71030411274068,29.709496,train
18060,6.581219445434478,6.5669627,train
2009,17.011685864509637,16.99681,train
8851,31.223603736455804,31.216238,train
5502,12.028482888236972,12.012245,train
10607,38.87931509003652,38.89234,train
2097,60.9959267478142,61.000175,train
9024,22.994731740626108,23.012165,train
4200,40.70553607216157,40.703354,train
17261,3.4633463032713725,3.4458554,train
8470,31.23554448182804,31.210892,train
6078,13.71681439437468,13.707833,train
12532,35.03784651809894,35.044582,train
17330,14.203174694797369,14.202987,train
4167,26.777116487620017,26.781189,train
4367,25.9825189971324,25.975584,train
17936,22.94986468631417,22.946596,train
12443,8.158966784717283,8.14896,train
9624,35.35020546101045,35.35454,train
12030,4.434416373363108,4.4340196,train
11011,53.936249904147175,53.927505,train
4083,5.470489117246241,5.476462,train
16742,12.03877401726476,12.027851,train
9464,53.05653658929399,53.070168,train
10719,11.79324820860778,11.794239,train
4590,34.37723539300664,34.38018,train
6266,11.631323018312653,11.628593,train
5935,31.46723268531948,31.45355,train
7594,5.319759895863683,5.3213205,train
17547,22.99131847807981,22.99325,train
5058,5.479199376972568,5.469083,train
9048,30.792365123361137,30.785954,train
11203,53.90188774203692,53.902935,train
2916,5.381950494939112,5.377053,train
7808,9.680210315185294,9.661076,train
6175,56.32124547307948,56.3105,train
8738,3.50175545283292,3.4807956,train
5453,5.49908632876588,5.491843,train
11779,45.47145799138764,45.50715,train
13401,6.854252064921547,6.843691,train
6805,4.325080681999751,4.3200383,train
17497,9.944672091049991,9.942535,train
19264,19.48541592663052,19.497421,train
18789,2.7087326854893243,2.6879451,train
2184,10.026963990373934,10.019639,train
18044,4.278839677835594,4.272095,train
13787,6.548365309251103,6.5380754,train
505,26.603951087058466,26.587227,train
6337,34.312192327866775,34.313313,train
12764,51.12835088120414,51.16194,train
11943,30.386048672537907,30.39291,train
5932,27.266807168388087,27.2491,train
10518,9.64268256478926,9.635206,train
6879,16.582108766157965,16.573376,train
7456,16.804229990923968,16.779596,train
15039,31.65924439632516,31.656708,train
15696,2.76783276839671,2.7252884,train
4547,19.22027700345554,19.206455,train
11421,56.87545981746262,56.88832,train
12024,4.434416373363108,4.438874,train
12452,9.87011169371161,9.848058,train
10545,16.24410167911608,16.245663,train
11958,34.89162430796332,34.89482,train
5070,6.7580505138063645,6.7336197,train
12048,6.822815867393846,6.8125696,train
13832,16.269805179595384,16.261755,train
1063,19.22617209418738,19.221292,train
9776,19.511210629926246,19.524385,train
17402,40.49806291082581,40.499504,train
6364,50.57766079976186,50.580154,train
12953,47.69190762553954,47.703373,train
8960,6.728387427829043,6.698957,train
7520,46.30064389565297,46.299774,train
10152,11.738895074972726,11.725008,train
1185,5.386557878584089,5.380707,train
18658,9.943284673744312,9.936524,train
10731,14.03594200855455,14.040743,train
16178,16.594025166408024,16.58569,train
7143,46.63300306965911,46.641804,train
12869,14.552373177137932,14.545634,train
15677,60.92498701194428,60.944393,train
5328,19.39438239099253,19.3986,train
9225,27.050315830714485,27.04896,train
5856,8.39929361999531,8.369133,train
11030,72.80508396669912,72.889565,train
14842,27.03929577006274,27.02948,train
7607,8.009845934350269,8.016782,train
12494,19.53860154075247,19.534775,train
14918,3.540883323591228,3.5177283,train
9828,40.07151118070172,40.097904,train
18578,59.36762111235722,59.42061,train
19155,53.42860126107073,53.47459,train
3472,55.98918534937304,55.983162,train
16979,26.890179442611885,26.865856,train
7978,5.393277784551054,5.396934,train
17010,40.79274201265735,40.7982,train
10294,4.420015738497578,4.417956,train
11045,3.525244556513579,3.5049012,train
17844,3.462916596395052,3.4558415,train
8330,68.81309100394122,68.81099,train
13678,26.338720370939505,26.344843,train
11561,31.15051328428412,31.130508,train
18196,57.29678618334104,57.299995,train
6640,6.727251903746071,6.7102704,train
14644,22.706586663401545,22.705206,train
16053,47.67556447748811,47.677647,train
3659,51.44204164024564,51.44079,train
15714,3.5402028483267967,3.508891,train
14204,12.219906214187988,12.220712,train
10848,3.540107142975788,3.5271938,train
17095,6.804951600960687,6.8037515,train
15749,8.407762865675089,8.385512,train
18847,9.94467047086916,9.938626,train
7137,40.92031603182694,40.91855,train
6757,46.0352372303975,46.041126,train
9184,14.380230957547736,14.372621,train
5027,2.724110359405115,2.697811,train
1244,16.561946987273465,16.547472,train
14486,39.93419882475006,39.95603,train
8977,9.944605845845958,9.922827,train
14561,5.394117115004909,5.4010954,train
5853,8.39929361999531,8.37091,train
10679,5.393963881571096,5.4005175,train
17542,19.705616141502567,19.692877,train
18500,19.70503641990049,19.699224,train
15943,8.408953862492385,8.398917,train
4437,65.42022898601756,65.41702,train
9844,45.68455748839662,45.720566,train
624,6.728469413915577,6.714931,train
6085,16.19772217863908,16.18497,train
233,6.5359800295844535,6.5209517,train
4275,4.278595371611911,4.2780924,train
13204,5.326598425315098,5.316617,train
8562,6.73043322266602,6.700847,train
3854,60.52998546309277,60.54511,train
7471,23.02829685536476,23.03438,train
5495,12.028482888236972,12.009011,train
6969,58.33205390993229,58.30187,train
2774,11.638505633455669,11.632504,train
8634,23.023367390923063,23.033058,train
5167,35.51833588723952,35.52301,train
5055,5.479199376972568,5.465752,train
16524,6.548365309251103,6.535628,train
10876,6.8804369726902745,6.8657227,train
14325,73.22517547872039,73.20455,train
4281,5.33546376019055,5.336679,train
10506,7.972989524142502,7.976709,train
16913,8.287053435739782,8.284369,train
4920,14.39875625051176,14.386735,train
4270,4.278595371611911,4.2786407,train
1288,34.84895468229793,34.850586,train
12222,5.543782443503579,5.5204406,train
18725,26.67035970835496,26.652739,train
992,5.335720143245309,5.3237023,train
1396,6.58055325043692,6.5665755,train
2557,9.831747633839294,9.811757,train
6382,57.170829971366096,57.16777,train
3262,51.636476736943365,51.638897,train
14984,12.216826866795364,12.203586,train
6213,4.26985585887273,4.2553663,train
15512,3.502563886701579,3.4936693,train
7589,5.319759895863683,5.3221464,train
1594,8.217597876040603,8.202768,train
11286,8.001000028014305,8.001933,train
3170,14.02600296533172,14.029897,train
989,4.278760703141022,4.273234,train
9965,14.151127363963884,14.153,train
8406,12.073309697709004,12.060247,train
5875,12.196546913036052,12.18318,train
18707,22.98758383508474,22.99734,train
2674,51.57301685156738,51.563095,train
8091,34.820443395537644,34.817764,train
16801,31.110044792535263,31.102955,train
13973,6.883216649120083,6.8677187,train
15895,3.5403585958735047,3.5172305,train
17759,26.612189407349323,26.616016,train
12981,2.767950208168843,2.747094,train
15356,8.31765195855304,8.314162,train
17592,40.45296757500148,40.466526,train
18327,26.683228947509186,26.69503,train
2995,22.637654651411168,22.63449,train
13208,5.326598425315098,5.321442,train
7870,25.864124028011872,25.864498,train
14749,5.515291571911735,5.511101,train
3227,34.89196154707621,34.910503,train
11617,2.6800298406074674,2.6642966,train
6159,44.04821245138016,44.046658,train
5268,6.633172795893891,6.6119914,train
17306,9.943417259271168,9.932842,train
13017,5.5761957478989626,5.566877,train
184,59.37062721017586,59.39209,train
5496,12.028482888236972,12.007443,train
16717,6.789694094218048,6.768707,train
2791,16.35532899549183,16.354689,train
1700,46.13571434661053,46.131298,train
8856,31.223603736455804,31.222301,train
12689,16.464297328796746,16.442663,train
1677,30.794238912773924,30.77547,train
10203,26.1739263514462,26.168287,train
14520,66.24831743791405,66.292595,train
4679,6.6884233999807385,6.6728373,train
11024,72.80508396669912,72.88891,train
18279,11.932861762453696,11.926706,train
102,19.707799831398216,19.698965,train
19053,12.079904523944911,12.072229,train
11879,9.831813640027464,9.820332,train
18894,19.7050323192318,19.694424,train
16655,50.13120527614953,50.158745,train
16523,6.548365309251103,6.5377955,train
8027,14.029125772265932,14.02978,train
14171,6.883609052061724,6.862294,train
2637,34.888414713296385,34.906685,train
13268,16.35386319839244,16.347977,train
5739,27.03688908872464,27.020468,train
6926,34.871540716004816,34.893234,train
4000,30.932355683209444,30.921375,train
1166,3.422106991892183,3.423535,train
14753,5.515291571911735,5.511382,train
7874,25.864124028011872,25.851149,train
16489,3.3793123881317606,3.3703117,train
15153,6.601823466341924,6.5916686,train
5337,22.61982167555844,22.627602,train
663,14.205663251031078,14.2078,train
12676,13.93828400148196,13.926005,train
4571,25.979645064492203,25.964245,train
1325,51.53519422389181,51.543053,train
11675,9.833628133818198,9.811051,train
6308,22.364204361014004,22.36436,train
12556,45.65432120610436,45.66792,train
2429,27.03330955369092,27.016376,train
11342,19.13154039787541,19.117682,train
16482,2.644782439096441,2.6131744,train
18546,40.45314727551783,40.476532,train
15121,3.408232043941083,3.4013622,train
12359,47.3150321406427,47.335636,train
3146,9.822765889013834,9.817086,train
1271,26.300006863997687,26.303726,train
3169,14.02600296533172,14.029938,train
1696,40.475617925384974,40.47868,train
245,7.977484841951872,7.9685025,train
13773,5.311987077548214,5.3099093,train
1733,2.737800300939081,2.7288964,train
9323,5.496595758597001,5.488656,train
12985,2.767950208168843,2.756322,train
14330,2.680060136742551,2.6474519,train
14370,6.6550572887681145,6.63605,train
5899,17.160123500643675,17.128592,train
1001,6.581067824773221,6.561235,train
1644,19.706468378524733,19.693203,train
19137,46.95201648165615,46.97853,train
6458,9.712521283134864,9.702034,train
2670,51.57301685156738,51.560352,train
3420,29.406136662132543,29.406818,train
12800,3.5407926091361697,3.5104208,train
10217,34.64181170966033,34.639908,train
10448,60.17810455334465,60.2286,train
16449,52.98386526528585,53.00523,train
6529,29.952876069539208,29.941841,train
9098,59.34616574424854,59.37331,train
7396,5.455604810073586,5.46818,train
17088,6.804951600960687,6.7855344,train
14607,14.037250335162268,14.036173,train
12115,23.31145805480328,23.30616,train
4697,9.878075507678982,9.875173,train
12050,6.822815867393846,6.8128753,train
4933,19.97801525632624,19.978207,train
2526,5.394350144315574,5.3935337,train
17339,16.786680857916362,16.784006,train
1848,27.04120409654321,27.00995,train
12106,19.9795829364564,19.979708,train
6306,22.364204361014004,22.361467,train
13395,5.555295080198322,5.5538116,train
17111,10.062224196236288,10.054851,train
11936,26.33615265794538,26.332478,train
1512,44.67014339319393,44.684845,train
16767,16.93983299424297,16.927124,train
11838,4.325138898516199,4.3310647,train
3956,16.88157840974574,16.864767,train
7906,44.50071754991946,44.508644,train
6204,3.38352670793303,3.3710804,train
7242,12.217685644986584,12.213224,train
11759,34.9124546423168,34.92395,train
1236,14.016750584006392,14.016133,train
276,13.758159594367363,13.741966,train
13671,26.338720370939505,26.347963,train
3264,58.50636689533324,58.54633,train
16685,3.4970703129535017,3.4795444,train
14250,27.400857794657927,27.399317,train
2763,9.704790404948806,9.6956215,train
9134,5.515840559625128,5.5100884,train
1835,19.958240419310386,19.9467,train
16840,53.15028777358014,53.142235,train
13920,56.60134448761165,56.603203,train
11740,26.34777667217677,26.339022,train
2030,23.329218518114708,23.324612,train
5976,53.460313758260384,53.45563,train
1916,60.60289546086052,60.600143,train
538,40.377631829733055,40.39264,train
6803,4.325080681999751,4.32245,train
11893,14.037530046339258,14.03798,train
19280,22.732934390418883,22.724648,train
7946,2.67966579015312,2.659871,train
16743,12.03877401726476,12.027306,train
10307,6.802501042896526,6.782856,train
2981,16.53977460432429,16.531593,train
1983,10.066042242569983,10.071896,train
3833,46.87175141117033,46.874084,train
15828,31.67416237977404,31.666275,train
9691,3.4416346941221185,3.432399,train
9408,23.20334156234951,23.187864,train
3480,63.02280533209118,63.076492,train
10184,19.36078596408515,19.343077,train
9875,78.58062096349295,78.55451,train
2409,19.95375118013526,19.963373,train
506,26.603951087058466,26.588446,train
2180,10.026963990373934,10.011453,train
6307,22.364204361014004,22.360498,train
15048,36.41918774557975,36.45205,train
12921,31.673187761985968,31.670578,train
12319,27.2150462191298,27.207743,train
14708,58.378819776444416,58.42608,train
4809,52.0705342243224,52.062206,train
2979,16.53977460432429,16.534718,train
11660,6.65507597344929,6.638295,train
15952,10.17971768776932,10.175509,train
429,6.708418514918034,6.70638,train
18365,40.48350578932382,40.497715,train
18875,14.203412981302147,14.197647,train
17476,6.728661322074843,6.708028,train
4132,14.24193006517389,14.244686,train
3409,25.51355843884533,25.50444,train
648,9.94505395806381,9.942699,train
3596,22.66280409992268,22.66897,train
1413,9.719212275161835,9.707613,train
13270,19.187069571677124,19.180885,train
7791,6.556721947955682,6.5367227,train
750,52.45458031839896,52.45788,train
7034,8.30809612507781,8.293473,train
15764,10.177968045211644,10.1667385,train
16854,60.38601216143688,60.396053,train
4775,35.113440721798995,35.1147,train
14120,73.16672003142884,73.133995,train
11269,5.314125823890522,5.320663,train
5000,46.75900569244985,46.754475,train
9727,8.1472980592236,8.154888,train
1138,50.68935151842295,50.685253,train
10302,5.51347068232188,5.509453,train
10788,34.87447201545137,34.899277,train
5680,10.060629531796687,10.037931,train
6692,16.779063203990013,16.768742,train
1250,19.438719492496457,19.45195,train
12061,8.33269892619885,8.32057,train
8411,12.073309697709004,12.064105,train
2130,3.494199034483809,3.4859872,train
13021,6.880994922054823,6.8695483,train
10606,38.87931509003652,38.899395,train
3909,6.774445427179768,6.7533484,train
14484,39.93419882475006,39.943893,train
1439,16.382666477994622,16.377941,train
13419,10.132586420334118,10.119667,train
16226,34.92825313274316,34.93212,train
13376,3.5279843254560563,3.5198228,train
7673,22.33235177416136,22.339048,train
769,59.47552278781921,59.518604,train
2463,41.09651086281495,41.08158,train
1178,4.319118723923392,4.3148746,train
11375,34.20023201897286,34.206158,train
14774,8.312917138020815,8.298237,train
11475,8.30011706461138,8.292683,train
10819,51.50778410422704,51.48637,train
12431,6.682441392799568,6.665774,train
5968,47.083801566741634,47.09205,train
16236,39.94240935740361,39.968628,train
11451,4.417284206021883,4.41231,train
12202,3.5205301735751884,3.489207,train
4967,31.21749104577259,31.1905,train
4817,59.07508503266062,59.169502,train
6939,39.866126261957,39.879486,train
5460,5.49908632876588,5.494125,train
12321,31.442471381136336,31.432716,train
18398,2.7086994826902444,2.6926973,train
18177,44.71510459444544,44.721176,train
3245,45.46525692745161,45.489582,train
18422,4.372499077848516,4.374525,train
9804,26.408709661995704,26.369219,train
8057,22.68160677705264,22.688374,train
6335,34.312192327866775,34.3197,train
18825,5.45397953162337,5.453624,train
16042,41.74918116335162,41.75203,train
8148,3.4843811294887512,3.4675186,train
17493,8.218114223739999,8.205611,train
12163,46.75018976133836,46.733837,train
12867,12.218730288473536,12.217141,train
16262,51.67042053675918,51.677994,train
7197,4.470603427337951,4.45558,train
5073,8.252189973008186,8.2444515,train
7360,61.91115381484096,61.966316,train
511,30.71125286382736,30.710026,train
18130,22.418991886192853,22.414118,train
6624,5.452945414680859,5.455635,train
3106,4.320883854483836,4.3124876,train
15859,47.70172982352404,47.71186,train
11509,14.347619590331648,14.340073,train
4042,52.52433965725746,52.547085,train
830,9.830335858754546,9.821079,train
3821,35.89380915458802,35.894833,train
16008,27.415781458912697,27.404,train
4907,12.095411676309684,12.088692,train
7017,5.512986899996157,5.5069127,train
8045,16.574017901587826,16.554527,train
12008,2.747714224807638,2.7225974,train
18550,40.45314727551783,40.475445,train
9362,12.030090252009884,12.021095,train
6621,4.371844330934983,4.3712187,train
3427,33.72652347706163,33.7306,train
1837,19.958240419310386,19.946308,train
1098,29.971004453921363,29.957706,train
14563,5.394117115004909,5.4057636,train
19008,5.516471991212152,5.5027914,train
10359,16.976216926803463,16.961348,train
5006,53.1257604450006,53.147476,train
2658,45.43140092411185,45.435246,train
8961,8.217900959228839,8.19356,train
10881,6.8804369726902745,6.8701687,train
12281,17.09144859211879,17.083063,train
12660,11.714746518164514,11.711323,train
13532,53.65683209525948,53.653168,train
17922,16.764656649063088,16.746151,train
7090,19.928197397033564,19.912592,train
5966,47.083801566741634,47.110355,train
13561,3.4270235820849577,3.4229593,train
12728,30.13641458533303,30.128605,train
15652,41.21766637163386,41.226227,train
1368,4.2785560676396175,4.2737336,train
16430,40.922141487373246,40.936737,train
5594,53.083073628243376,53.072006,train
15272,44.84250412419234,44.851498,train
5099,11.977347905672262,11.957471,train
5474,8.284601351130672,8.264668,train
6857,11.79247674953602,11.786174,train
9040,26.67851046560988,26.672157,train
11338,19.13154039787541,19.124067,train
8277,35.72177595241204,35.728294,train
13325,39.202232131484855,39.21361,train
18816,5.45397953162337,5.4496613,train
16460,60.05976577236108,60.156033,train
7683,25.887362814946755,25.893785,train
15768,12.216907157053178,12.205821,train
3844,53.3133888390764,53.303936,train
5939,31.46723268531948,31.449596,train
8700,52.64965762237454,52.6457,train
7077,16.974321476988262,16.960653,train
8040,16.574017901587826,16.566696,train
12952,47.69190762553954,47.69876,train
5227,2.6723998387919203,2.6551504,train
10772,26.32861172301684,26.322956,train
3701,4.420411774772554,4.4189177,train
6216,4.26985585887273,4.2544947,train
18729,30.78419080231098,30.770756,train
7403,6.7312422111754735,6.7181573,train
10369,19.93098414733021,19.930973,train
3680,2.737823046813698,2.704256,train
11406,50.35340230487312,50.38014,train
5293,11.753913787020023,11.751161,train
10178,19.36078596408515,19.347757,train
12636,6.6172711234336985,6.5923476,train
5298,11.753913787020023,11.747374,train
17569,30.78585051624797,30.779888,train
14514,58.53201876125161,58.524815,train
18742,35.366800835510126,35.37352,train
5451,4.409472257063735,4.4073167,train
9373,14.323302676962449,14.317791,train
11484,10.043941062065771,10.033197,train
12309,23.4386895373512,23.417599,train
2156,6.78451665768644,6.7599373,train
11829,3.4267563411162123,3.4369743,train
6770,52.27633791022582,52.273937,train
3927,10.007610430801112,9.99226,train
1436,13.869585950863724,13.856256,train
19099,27.06434035111792,27.054321,train
4886,8.330951206182403,8.321985,train
10507,7.972989524142502,7.974928,train
7531,52.65787197375085,52.659412,train
12416,4.34578898095786,4.3516326,train
6267,11.631323018312653,11.631578,train
18617,4.372268049774918,4.3656225,train
2584,14.03703780461786,14.035341,train
15629,31.29151355771038,31.2796,train
5774,46.84485270238342,46.856823,train
8759,5.514802829383529,5.506455,train
17875,6.725155751284984,6.6972,train
12928,31.673187761985968,31.661758,train
3207,26.32561881342556,26.3244,train
5465,6.7835549168687095,6.7625456,train
4300,8.034880206080599,8.023725,train
10385,26.98533118302545,26.965364,train
8639,23.023367390923063,23.005358,train
5534,23.1955736438012,23.177948,train
16590,22.24119659609466,22.224903,train
17441,2.708713630838812,2.7026632,train
5427,2.7329174189644587,2.7113788,train
10854,3.540107142975788,3.5171075,train
9659,52.342681818322,52.341595,train
13214,6.569502868408146,6.5542846,train
1086,25.98963110205024,25.969723,train
13729,58.36936852175695,58.425232,train
5116,16.847652107473593,16.825783,train
99,16.787021655634778,16.773066,train
5286,9.79900845287837,9.782784,train
5112,14.256550738417271,14.244065,train
10959,27.349685453769364,27.329731,train
1054,16.386408131285116,16.384672,train
12830,6.882941629441138,6.86315,train
7339,47.68795789657455,47.69574,train
12596,2.671216825068361,2.6482706,train
15096,61.8777218088416,61.944977,train
14285,41.69401750937428,41.691097,train
3934,12.004627192306971,11.990413,train
6194,2.646462432637515,2.6031141,train
18654,8.217141392562914,8.212584,train
10730,14.03594200855455,14.040331,train
540,46.03373489283661,46.047436,train
3205,26.32561881342556,26.325382,train
96,16.787021655634778,16.774143,train
713,30.807016912029543,30.799728,train
6677,14.198530743640813,14.194643,train
3750,12.073126840685235,12.076166,train
16709,6.789694094218048,6.773926,train
9491,3.463823607534496,3.4529536,train
5437,3.4939888395858416,3.4836943,train
10574,22.211762950833336,22.199194,train
11819,2.6798483480542923,2.6785212,train
4284,5.33546376019055,5.3339653,train
12922,31.673187761985968,31.675076,train
11537,23.241277487894493,23.232243,train
12236,6.840436546862896,6.831907,train
13229,9.702428609908443,9.699221,train
4099,8.240269386899683,8.2413435,train
8660,30.85164903067275,30.838411,train
10130,8.09096009018889,8.083928,train
10529,11.56241185959522,11.554924,train
350,44.20482503393963,44.222195,train
16326,6.802266127120083,6.7754297,train
17382,30.804209814650893,30.787502,train
18216,3.4639925588980818,3.4532788,train
8841,27.039190034919176,27.0197,train
6393,2.6496526089772976,2.6193447,train
8087,34.820443395537644,34.815582,train
4479,5.3349161923909225,5.332558,train
16929,12.029270151326983,12.023047,train
15661,47.05238996663752,47.0706,train
17295,6.727493680206459,6.69494,train
13701,39.89246368341727,39.91144,train
10535,13.754986358626509,13.741472,train
3886,4.404761854709105,4.405362,train
940,51.56890951301239,51.55906,train
19075,17.006257963290253,16.97201,train
1247,16.561946987273465,16.540442,train
5085,9.984112810960296,9.968538,train
12911,27.410694019083195,27.405334,train
4168,26.777116487620017,26.775944,train
10116,6.626577584173653,6.6132236,train
5335,22.61982167555844,22.630358,train
17760,26.612189407349323,26.618862,train
3859,60.52998546309277,60.57015,train
9333,6.78172447637919,6.7570496,train
10976,36.30566648985637,36.312088,train
7841,16.311150222238446,16.313637,train
8783,10.06105554284492,10.05068,train
14717,2.7383123632887343,2.6968112,train
6693,19.69635613318388,19.693537,train
18966,59.33095836964852,59.376007,train
15307,2.7385840698588604,2.6980662,train
12827,5.577448450095398,5.5613465,train
1066,19.22617209418738,19.215416,train
2472,46.895781103613245,46.89948,train
6451,8.028939563802153,8.020562,train
13766,4.262151865053322,4.25244,train
10434,46.68280546402441,46.70915,train
8490,41.11762382001203,41.117123,train
9054,35.37296331373003,35.39988,train
8583,9.94908966474634,9.9405,train
13181,3.384927096116184,3.3819427,train
14578,8.1258851165813,8.128401,train
3298,3.351284363884982,3.3393192,train
14456,26.349780468771147,26.332537,train
6842,8.125366965057475,8.119102,train
10682,5.393963881571096,5.402256,train
16958,19.86458286546309,19.843546,train
4995,46.75900569244985,46.76376,train
3564,14.01251976380764,14.017301,train
5885,14.519671559123143,14.499702,train
8090,34.820443395537644,34.820133,train
15526,5.516667852136265,5.502857,train
14523,66.24831743791405,66.28976,train
13699,39.89246368341727,39.9241,train
8825,19.959057219852347,19.96329,train
18356,40.48350578932382,40.504536,train
5625,3.501669900886744,3.4770942,train
11647,5.394844293046,5.3979053,train
6687,16.779063203990013,16.777912,train
2363,8.312184058059383,8.298195,train
12627,5.366975558868218,5.357879,train
13751,3.3793123881317606,3.3710258,train
2078,47.07352396287201,47.06992,train
6772,52.27633791022582,52.278286,train
5698,14.376227157580578,14.375833,train
1419,11.656463631460475,11.645483,train
9081,52.37392807384792,52.350674,train
7376,3.464617385374871,3.4709406,train
11314,13.807606826835338,13.793752,train
5981,53.460313758260384,53.463406,train
14235,20.2134235483514,20.213184,train
1165,3.422106991892183,3.423593,train
11592,46.77859167776056,46.79952,train
15143,5.355787833397262,5.352268,train
5076,8.252189973008186,8.238269,train
14543,3.426691556928463,3.43261,train
15305,65.09267984036615,65.09182,train
7543,59.78105804044495,59.828255,train
4346,19.2225458757848,19.2216,train
13994,10.179724723010924,10.166481,train
944,51.56890951301239,51.556244,train
12661,11.714746518164514,11.707824,train
2466,46.895781103613245,46.909317,train
18298,16.788713564476186,16.78877,train
14466,30.4057495063976,30.38175,train
12552,45.65432120610436,45.665157,train
12634,6.6172711234336985,6.592344,train
2096,60.9959267478142,60.973156,train
3598,22.66280409992268,22.669252,train
16313,5.513266485740743,5.5067377,train
17482,6.728661322074843,6.7057858,train
177,52.3882682736391,52.379234,train
229,5.3012249343319935,5.29444,train
6375,57.170829971366096,57.155067,train
14776,8.312917138020815,8.2959795,train
8442,19.95984341060886,19.957378,train
12002,2.747714224807638,2.7201605,train
9351,10.0251992837065,10.000897,train
13385,4.45352687233361,4.461176,train
13809,11.58450889049733,11.577584,train
19160,60.70463346233216,60.728516,train
4523,11.655635738720658,11.645177,train
1019,8.035463672537583,8.027999,train
12438,6.682441392799568,6.66668,train
14684,39.89073286545132,39.9154,train
18418,4.372499077848516,4.366018,train
16214,30.4128793766057,30.427784,train
7273,20.21097208203288,20.217007,train
3361,11.47503257770756,11.460775,train
19232,11.800771006819648,11.802185,train
16431,40.922141487373246,40.93829,train
15408,23.34160294300016,23.34823,train
10466,3.3670877540885287,3.3627107,train
9100,59.34616574424854,59.38225,train
12042,6.822815867393846,6.808415,train
12318,27.2150462191298,27.209108,train
2593,16.585488782204305,16.5743,train
17405,40.49806291082581,40.497288,train
6653,9.94196623369888,9.939096,train
13864,25.774441228347605,25.761375,train
8164,5.486112696540107,5.4762063,train
12581,66.49272834437633,66.57246,train
1198,8.114151752433223,8.117882,train
1284,30.346263497491044,30.3446,train
6970,58.33205390993229,58.30086,train
9076,46.10827558357298,46.10204,train
6116,25.6622091129414,25.650784,train
13984,8.409437556211982,8.392004,train
15442,36.018131102324695,36.00039,train
5781,46.84485270238342,46.845383,train
3367,13.64658205019341,13.640617,train
11886,11.79434716865068,11.794561,train
4968,31.21749104577259,31.187756,train
9222,27.050315830714485,27.043098,train
3711,5.514361958659131,5.5150375,train
13666,22.709573149294464,22.713953,train
16504,4.262151865053322,4.251554,train
17566,30.78585051624797,30.784687,train
4254,2.651586277786812,2.643848,train
18456,9.944458853458054,9.935278,train
885,22.702878807333576,22.700554,train
6241,6.56667945409624,6.5461955,train
4065,3.4765577219221213,3.4673119,train
7727,50.45184574770483,50.47667,train
13674,26.338720370939505,26.346663,train
1277,26.300006863997687,26.281315,train
7852,19.1358779335232,19.141682,train
17373,26.684597918145748,26.683565,train
6906,26.32470590913753,26.31546,train
1731,2.737800300939081,2.7256336,train
4961,27.04564140717384,27.028757,train
15765,12.216907157053178,12.207125,train
735,40.49585337594807,40.511906,train
18950,46.08967825335424,46.08843,train
16923,10.026905416193513,10.01768,train
9950,9.9109232636722,9.895732,train
4084,5.470489117246241,5.4679003,train
3961,16.88157840974574,16.855137,train
17602,46.10037718977418,46.097275,train
3340,7.918785017787245,7.916957,train
8519,60.658221869689925,60.679688,train
19033,8.31575350674248,8.29868,train
7566,2.644517535660832,2.6187496,train
1936,4.421703591294218,4.413913,train
2005,17.011685864509637,16.993866,train
10726,14.03594200855455,14.037954,train
9947,9.9109232636722,9.895891,train
3591,19.43015220231093,19.424889,train
2888,2.6743699959358485,2.6558561,train
10356,16.976216926803463,16.9702,train
13980,8.409437556211982,8.391137,train
29,4.372190874006892,4.3621106,train
7967,4.324569650612342,4.3277416,train
14226,17.20828068303235,17.191872,train
2035,27.08718049328076,27.063982,train
5825,4.46776870342172,4.455163,train
4659,4.350664419800507,4.3496957,train
9728,8.1472980592236,8.151566,train
8625,19.72773259507692,19.726864,train
9959,11.889272275091988,11.882122,train
9485,2.7086272166512813,2.6894572,train
10164,13.968429281710575,13.9491825,train
16721,8.292020326117655,8.279536,train
8686,46.29179883806892,46.28638,train
17161,23.313702792405124,23.32257,train
8548,4.373182703498082,4.380942,train
6521,25.97233068144464,25.948341,train
8389,8.311883690182274,8.303052,train
9717,6.673618911012023,6.656613,train
3809,31.2257159436659,31.21899,train
107,19.707799831398216,19.699825,train
6385,64.47585075138502,64.49655,train
904,30.38076056729905,30.37414,train
18862,11.93163130408984,11.924581,train
6129,29.580343923795965,29.565512,train
2258,35.74716386312536,35.75641,train
15472,53.674634010244326,53.67983,train
15289,57.59734802968727,57.590588,train
4211,46.44982470395645,46.45859,train
14705,51.56825139855076,51.60303,train
15437,36.018131102324695,36.007336,train
19202,6.656198229767126,6.6382437,train
15112,2.6680277245003223,2.6331925,train
12993,3.540287262174207,3.521107,train
10888,8.405428734690727,8.401506,train
8349,3.5015146698937243,3.4900038,train
6121,25.6622091129414,25.650442,train
111,22.994974363014904,23.012207,train
7888,34.22742983795968,34.22481,train
13382,4.45352687233361,4.4604273,train
2851,39.17395137784385,39.186886,train
16561,13.778863574118942,13.763099,train
18740,35.366800835510126,35.3789,train
13676,26.338720370939505,26.344341,train
12573,58.7445336701217,58.774773,train
8346,3.5015146698937243,3.489154,train
2504,2.679937679461942,2.659984,train
17062,3.501616867164235,3.4878325,train
10193,22.57583300924566,22.566837,train
8420,14.376280985907911,14.371253,train
5117,16.847652107473593,16.823793,train
11536,23.241277487894493,23.23066,train
16167,14.04309586754078,14.037974,train
7009,4.41963148757761,4.4147677,train
10950,23.56254672507082,23.553123,train
13439,14.476766518685231,14.465388,train
4144,16.833783360271415,16.815825,train
7046,10.054219373436398,10.037861,train
919,34.886053109587735,34.9068,train
11028,72.80508396669912,72.89135,train
9281,60.657728553914,60.69491,train
18563,46.10165373502444,46.09314,train
1649,22.9936078043015,23.002485,train
17488,8.218114223739999,8.203511,train
17191,35.953314837014425,35.95267,train
10843,2.767835097876492,2.7512076,train
9618,30.77438685979468,30.740498,train
6395,2.6496526089772976,2.6253078,train
17925,16.764656649063088,16.739183,train
12846,8.409214256673277,8.384933,train
17840,3.462916596395052,3.4590755,train
2238,26.930729823540588,26.93157,train
3640,39.802178478903386,39.81257,train
13109,31.594912912840023,31.60053,train
4295,6.580677782982555,6.567294,train
9470,53.05653658929399,53.07234,train
16179,16.594025166408024,16.585278,train
13975,6.883216649120083,6.868723,train
5124,19.77808294115797,19.776394,train
17175,27.066648824398435,27.034086,train
18041,4.278839677835594,4.2721686,train
8999,14.204211446903102,14.194926,train
7413,8.22205215267704,8.239051,train
9347,8.28367776832649,8.275226,train
5040,3.482284363766976,3.4657006,train
13257,13.845264711215988,13.836045,train
7660,19.15493547987121,19.158623,train
206,3.371358194630628,3.365036,train
3767,16.994828604075785,16.997746,train
1998,14.387754447899486,14.387037,train
15450,41.26502903081768,41.266624,train
11966,39.89208467808479,39.913006,train
14412,14.040854649431251,14.0400715,train
666,14.205663251031078,14.207226,train
18767,52.41284890942071,52.406322,train
12599,2.671216825068361,2.6438484,train
6666,11.927985868777798,11.922284,train
18213,2.708708464276146,2.693008,train
19022,6.807111380190824,6.784188,train
13177,2.6475299722156738,2.618589,train
16078,72.41985765723174,72.42583,train
5784,53.26827894464033,53.251,train
12646,8.077368205409602,8.066144,train
3140,8.11832626120918,8.12811,train
8711,67.89804544702722,67.878204,train
11014,61.258341102147,61.282997,train
9607,26.66479872121217,26.654982,train
2162,6.78451665768644,6.7631955,train
15791,17.206095957878134,17.193344,train
6403,3.387760611053528,3.3817685,train
14221,17.20828068303235,17.20572,train
4797,45.806228475822735,45.79587,train
4117,11.963037936696075,11.967554,train
16866,2.734408842652395,2.7035954,train
4098,8.240269386899683,8.241382,train
3221,30.37936864265416,30.372568,train
3553,11.77393419104924,11.772417,train
17605,46.10037718977418,46.106113,train
78,11.931649537355048,11.92471,train
12710,26.12437780450136,26.137054,train
5914,23.503873212499084,23.497,train
10062,52.15715096411118,52.15965,train
8831,23.296083483998068,23.304663,train
2988,19.41002101524697,19.404263,train
17068,4.420624805467105,4.40689,train
18535,30.785227753268504,30.766289,train
13895,38.91422234320085,38.933254,train
13670,26.338720370939505,26.347013,train
14039,23.60115230987814,23.60564,train
3201,22.69471854911499,22.681736,train
2496,2.679937679461942,2.6589355,train
16905,6.786117649758384,6.7713623,train
14276,36.40169482099516,36.397823,train
2015,19.981913988137755,19.989237,train
9031,26.67851046560988,26.690483,train
8051,19.44914634232636,19.444681,train
6094,18.998376056860323,18.989962,train
17290,6.727493680206459,6.696805,train
8802,14.376971885187007,14.38307,train
17807,52.04766800706821,52.055393,train
2662,45.43140092411185,45.42717,train
8946,5.453665289542088,5.4439063,train
18968,59.33095836964852,59.37325,train
8956,6.728387427829043,6.699424,train
18963,52.35424291581615,52.348026,train
17221,53.51689601658749,53.52816,train
743,46.1602134775885,46.157383,train
10618,44.21684655523015,44.225327,train
3494,3.421855504666593,3.4268105,train
16674,2.735260556130954,2.7095633,train
259,9.6469003213132,9.630763,train
15064,41.73341427249216,41.73395,train
6397,2.6496526089772976,2.6295,train
13049,12.211683043753135,12.214099,train
13282,22.371217342856696,22.368431,train
13912,50.13120527614953,50.1581,train
393,3.454105572222532,3.4590204,train
11717,19.473389322226087,19.472786,train
12891,20.21466243626813,20.222334,train
1435,13.869585950863724,13.857794,train
13140,47.44345591156762,47.43856,train
1023,9.72040448238932,9.714299,train
4232,60.08034820513094,60.13702,train
3115,5.388931658677182,5.379558,train
14458,30.4057495063976,30.398827,train
7626,9.688448573591964,9.686609,train
7075,16.974321476988262,16.961988,train
14451,26.349780468771147,26.347376,train
1285,30.346263497491044,30.340929,train
6190,63.38449733252296,63.423393,train
6015,4.238415593701241,4.234006,train
5754,35.88445310346767,35.90951,train
11646,5.394844293046,5.396316,train
16566,13.778863574118942,13.760977,train
5918,23.503873212499084,23.507841,train
18629,5.453514973447485,5.4492264,train
15885,2.767913244299724,2.735554,train
15754,8.407762865675089,8.391304,train
15900,3.5403585958735047,3.5241814,train
1164,3.422106991892183,3.4242494,train
17135,14.380999826435913,14.365314,train
18098,13.872643591503794,13.868824,train
13447,14.476766518685231,14.4600315,train
18299,16.788713564476186,16.787672,train
16370,16.975095666791052,16.96342,train
19245,14.046750508132789,14.050817,train
17891,9.937271543072656,9.928347,train
13813,11.58450889049733,11.5809765,train
13159,61.3181520474562,61.334972,train
6605,3.463494104363132,3.4633865,train
15856,47.70172982352404,47.70888,train
6895,22.69865017075573,22.697886,train
8807,14.376971885187007,14.373256,train
14339,3.427065722228307,3.4187899,train
16816,35.76074998538454,35.752678,train
17764,26.612189407349323,26.616787,train
12337,36.16450734276653,36.15287,train
6575,57.299878230603134,57.291443,train
18168,39.29750380942426,39.322308,train
5629,3.501669900886744,3.4766717,train
18126,22.418991886192853,22.419687,train
8727,2.737993099504657,2.7025254,train
9220,23.303793572059423,23.303465,train
3084,65.62438510253718,65.6798,train
11404,50.35340230487312,50.36816,train
13679,30.388399670203068,30.400187,train
5243,4.312276681150203,4.3182273,train
17677,6.724970617606346,6.7058797,train
18842,8.218139021218338,8.2151165,train
7578,4.26638485919936,4.263967,train
11355,25.853560650166337,25.848919,train
9014,19.70783187156621,19.690365,train
287,16.246482485532077,16.240105,train
860,16.583389062837508,16.575693,train
9399,19.881223193832128,19.867535,train
11317,13.807606826835338,13.7942095,train
18271,9.945409981647147,9.934694,train
13053,12.211683043753135,12.211922,train
16730,10.033777273871753,10.009521,train
11674,9.833628133818198,9.8117695,train
7123,35.77251487880431,35.765167,train
5262,5.377687186849471,5.3767633,train
5331,19.39438239099253,19.398397,train
2267,40.923614122445166,40.93716,train
2792,16.35532899549183,16.35382,train
16624,34.079261637555426,34.07701,train
7208,5.577536607686025,5.5567417,train
12433,6.682441392799568,6.6658816,train
11048,3.525244556513579,3.5035498,train
6079,13.71681439437468,13.70556,train
6081,13.71681439437468,13.708362,train
2860,44.55739519495278,44.5708,train
1599,9.944103509025238,9.929841,train
18930,35.360660553701905,35.346584,train
10431,46.68280546402441,46.69834,train
18549,40.45314727551783,40.475285,train
784,3.4264405851801163,3.4235961,train
11586,46.77859167776056,46.784332,train
300,22.211921831456284,22.203106,train
9589,19.70058182936315,19.68348,train
603,4.37226573877274,4.3755593,train
5312,13.988080312882362,13.980869,train
18708,22.98758383508474,22.996101,train
7124,35.77251487880431,35.76798,train
18999,4.42192814563757,4.412324,train
16877,3.495817832919528,3.481828,train
3776,19.958089859638896,19.968353,train
6173,56.32124547307948,56.30394,train
4866,5.529305246508104,5.523319,train
16082,72.41985765723174,72.37904,train
2606,22.70525476986539,22.708235,train
11161,27.232871424052814,27.205778,train
15238,30.01608328321608,30.013332,train
2450,35.89156100745434,35.903652,train
537,40.377631829733055,40.381207,train
3305,4.225821220586322,4.215484,train
3728,8.311869444965327,8.307139,train
15016,20.208444303638693,20.203176,train
8482,35.91032086682111,35.915348,train
6557,44.69786999759816,44.708378,train
5866,10.16471814241218,10.139635,train
13786,6.548365309251103,6.537407,train
3703,5.514361958659131,5.514156,train
1128,44.710494378692566,44.723076,train
14292,47.59401362079974,47.583668,train
8338,2.737823782607874,2.7147245,train
4582,29.95803161391567,29.95431,train
6138,33.92870828003857,33.915386,train
10646,2.679764835700203,2.6564107,train
6469,11.648849602331245,11.641731,train
7316,36.42816410274023,36.45368,train
16335,8.308543285499729,8.286665,train
4873,6.821268673764209,6.796983,train
8612,16.800995435851572,16.796844,train
4546,19.22027700345554,19.205696,train
16080,72.41985765723174,72.41969,train
12260,12.138773915132886,12.143968,train
7672,22.33235177416136,22.340485,train
484,19.649111293465804,19.644234,train
2199,14.32379971425744,14.309807,train
15630,31.29151355771038,31.274967,train
1774,6.804125871351521,6.7910986,train
12994,3.540287262174207,3.5227053,train
11924,22.70705089343061,22.707857,train
16956,16.921500106917048,16.902035,train
4031,46.2647312762206,46.283348,train
19198,5.395561287836819,5.405042,train
3512,4.318728812581711,4.3225837,train
19187,4.326005709231165,4.328384,train
2047,31.29317545149303,31.264957,train
14012,14.551849737231798,14.548148,train
19134,41.14820492115364,41.143856,train
17725,14.187529171506236,14.174549,train
17271,4.371733988550494,4.356444,train
3219,30.37936864265416,30.366865,train
7118,31.139319734798352,31.123629,train
4939,19.97801525632624,19.97644,train
1489,34.373369495591966,34.379875,train
2002,14.387754447899486,14.376684,train
10441,53.05718556297103,53.076214,train
14304,54.18862649780223,54.152847,train
6256,9.698315380168223,9.690777,train
3157,11.783996917049311,11.793427,train
9242,35.914434917306146,35.931522,train
7766,4.265302680390501,4.2484994,train
10485,5.296604013800311,5.29441,train
12328,31.442471381136336,31.412228,train
16569,16.269805179595384,16.263124,train
2242,26.930729823540588,26.921278,train
18128,22.418991886192853,22.416634,train
1547,2.708579062443912,2.6923096,train
57,8.217705052587275,8.195846,train
7457,19.73176517827855,19.72552,train
1421,11.656463631460475,11.646605,train
71,11.931649537355048,11.920915,train
5851,6.876419054110113,6.8432603,train
9070,40.46189804120248,40.4806,train
9244,35.914434917306146,35.935444,train
6325,29.89913730912132,29.887598,train
9376,14.323302676962449,14.3219795,train
8480,35.91032086682111,35.914906,train
1159,3.422106991892183,3.4209173,train
14822,19.957580957136027,19.964577,train
9230,27.050315830714485,27.021439,train
15448,41.26502903081768,41.27943,train
16290,3.5012538758153706,3.482847,train
15105,73.00966898459065,72.91015,train
3250,45.46525692745161,45.48852,train
5050,4.394125295693411,4.378077,train
1514,44.67014339319393,44.673676,train
18687,16.78281810679832,16.7755,train
8485,41.11762382001203,41.132008,train
16087,2.680117357532955,2.6493366,train
4583,29.95803161391567,29.945652,train
18021,2.6516876145608954,2.6162362,train
5483,10.024970078805753,9.9999695,train
1907,53.35263677725449,53.386147,train
6248,8.01753035314465,8.008,train
15225,22.446042861648767,22.438875,train
11002,47.41285060588126,47.410652,train
17664,4.370879763959018,4.371004,train
16513,5.311987077548214,5.3089914,train
11199,47.32179431110334,47.3173,train
5271,6.633172795893891,6.6123104,train
1082,25.98963110205024,25.970787,train
18034,3.390434796633999,3.392318,train
9622,35.35020546101045,35.354176,train
3210,26.32561881342556,26.308542,train
18805,3.4639967086747205,3.4687314,train
14544,3.426691556928463,3.433473,train
15535,6.807568748079518,6.7907424,train
17381,30.804209814650893,30.78866,train
17353,19.708416363432303,19.695948,train
7201,4.470603427337951,4.447123,train
12786,65.45027187515556,65.50852,train
17199,41.17877762660081,41.19189,train
10446,60.17810455334465,60.23614,train
6441,6.575749272452735,6.5593414,train
5035,3.482284363766976,3.465755,train
1981,10.066042242569983,10.073636,train
18995,3.5025840094867644,3.486109,train
9383,16.93108824748578,16.916927,train
3815,35.89380915458802,35.90681,train
7265,17.205336964454208,17.191648,train
12499,19.53860154075247,19.533909,train
14617,16.5859980766324,16.584476,train
13493,31.42927549874927,31.404892,train
3612,26.28315548393333,26.27832,train
9634,40.43433258172351,40.4453,train
11391,39.06249052486637,39.08098,train
12940,41.752818862431866,41.759567,train
13332,44.60184610371282,44.610634,train
5548,26.92088192163529,26.911877,train
4664,5.423807499879186,5.414253,train
18361,40.48350578932382,40.495796,train
13660,22.709573149294464,22.716377,train
2301,60.32380426469487,60.33602,train
18148,29.97287072252159,29.974747,train
12206,3.5205301735751884,3.4945168,train
1788,10.06001725968814,10.047016,train
280,16.246482485532077,16.241375,train
7275,20.21097208203288,20.212711,train
6089,16.19772217863908,16.18761,train
17202,41.17877762660081,41.169476,train
1120,44.710494378692566,44.722572,train
14629,19.46655286711833,19.465052,train
16715,6.789694094218048,6.7720084,train
15068,47.671231418620295,47.67964,train
12363,53.90261300771889,53.91221,train
1381,5.335391898299586,5.3274264,train
8567,6.73043322266602,6.725058,train
9913,4.361721156600234,4.3666043,train
9880,78.58062096349295,78.56321,train
12720,30.13641458533303,30.151352,train
2390,14.374076505429992,14.364989,train
8813,16.995957578136125,16.989408,train
7744,57.00609702090252,57.01581,train
15510,3.502563886701579,3.500122,train
17525,14.203565724741887,14.19247,train
5757,35.88445310346767,35.897964,train
7145,46.63300306965911,46.642994,train
10882,6.8804369726902745,6.8651156,train
6132,29.580343923795965,29.563374,train
9045,30.792365123361137,30.802927,train
1226,11.776863732605358,11.775117,train
12884,17.20794229838949,17.199692,train
18005,52.06823645974915,52.10811,train
9970,14.151127363963884,14.147707,train
17984,40.29987785141369,40.318665,train
11007,53.936249904147175,53.935947,train
6670,11.927985868777798,11.925609,train
15251,34.456384355447206,34.44882,train
17362,22.99733939796085,23.014746,train
9661,59.32496723193529,59.38468,train
16396,23.25336207171222,23.242777,train
5141,23.077107649980203,23.066332,train
7871,25.864124028011872,25.860298,train
7012,4.41963148757761,4.41292,train
11228,72.07212707241956,72.16417,train
18651,8.217141392562914,8.2109,train
4145,16.833783360271415,16.818382,train
10856,4.469398149213981,4.4610157,train
6074,13.71681439437468,13.706267,train
5334,22.61982167555844,22.63292,train
4405,39.2749803184718,39.29817,train
2129,3.494199034483809,3.481959,train
863,16.583389062837508,16.573774,train
12237,6.840436546862896,6.8352604,train
10347,14.363379473798012,14.359644,train
4004,35.5219442548973,35.5272,train
13508,36.12481727375171,36.116325,train
2552,8.12609586234306,8.114541,train
9261,46.91882917131666,46.954277,train
18066,8.035667900269116,8.038604,train
17103,8.313108372950806,8.30771,train
18730,30.78419080231098,30.766382,train
10725,14.03594200855455,14.039738,train
17520,14.203565724741887,14.192243,train
4445,65.42022898601756,65.389824,train
13885,34.079261637555426,34.07701,train
13256,13.845264711215988,13.835042,train
2815,25.92904785667398,25.917383,train
16391,23.25336207171222,23.246449,train
15832,31.67416237977404,31.65834,train
19162,60.70463346233216,60.73136,train
10597,34.04503967970897,34.05329,train
1948,5.516279237034647,5.506488,train
6251,8.01753035314465,8.0077305,train
17186,35.953314837014425,35.944813,train
3923,10.007610430801112,9.988491,train
4722,14.101696676245515,14.095094,train
796,4.324690454952959,4.3165092,train
11025,72.80508396669912,72.87067,train
16952,16.921500106917048,16.9096,train
3463,55.98918534937304,55.976845,train
18253,6.728924349168537,6.70773,train
2447,35.89156100745434,35.908833,train
1578,6.728228905976399,6.7076693,train
9535,8.217205986215005,8.1927395,train
14479,39.93419882475006,39.948715,train
219,4.252862475887518,4.242092,train
8502,46.91688292382029,46.92045,train
2419,23.28997481824149,23.308624,train
1978,10.066042242569983,10.060998,train
5318,16.526254689436584,16.526237,train
11517,16.958961629855352,16.954453,train
1408,9.719212275161835,9.714196,train
12765,51.12835088120414,51.163902,train
13966,5.577725012436253,5.569742,train
8162,4.398244872508168,4.3863254,train
1661,26.67828808587088,26.676205,train
16605,25.774441228347605,25.76144,train
1461,22.41035956215645,22.39709,train
18870,14.203412981302147,14.200009,train
14590,9.831611259859253,9.823786,train
17745,19.67386644705623,19.646488,train
10300,5.51347068232188,5.5084248,train
7081,16.974321476988262,16.954016,train
1269,26.300006863997687,26.298922,train
14733,3.5021532227900267,3.4835253,train
2542,6.654279103727196,6.6302013,train
76,11.931649537355048,11.923394,train
4849,3.512466552564748,3.5017502,train
7458,19.73176517827855,19.7256,train
11911,16.586325238168694,16.574085,train
900,30.38076056729905,30.38712,train
15774,12.216907157053178,12.20871,train
5184,46.34706934099864,46.367214,train
1849,27.04120409654321,27.00911,train
19054,12.079904523944911,12.072561,train
1479,29.956114959096592,29.953024,train
2464,41.09651086281495,41.089005,train
13225,8.020969874138826,8.017365,train
9939,8.191759386175578,8.178755,train
10670,4.3249563001073135,4.328102,train
3698,4.420411774772554,4.4209886,train
12408,3.4442629704971943,3.443716,train
7646,13.823744082032102,13.810576,train
1980,10.066042242569983,10.075925,train
18866,14.203412981302147,14.204905,train
5501,12.028482888236972,12.008886,train
7585,4.26638485919936,4.264457,train
15151,6.601823466341924,6.590388,train
17470,5.453944331739666,5.4500504,train
12601,3.41341184478,3.3976011,train
17423,52.47451444287488,52.489773,train
17192,35.953314837014425,35.94653,train
9141,6.806128834794942,6.793228,train
15849,41.75846663066622,41.7647,train
7323,41.7456272211452,41.791836,train
18335,26.683228947509186,26.684086,train
14731,3.5021532227900267,3.482656,train
15354,8.31765195855304,8.324759,train
17203,41.17877762660081,41.16913,train
6835,8.125366965057475,8.11922,train
13310,34.31631204776647,34.314114,train
12173,53.11232660181848,53.09451,train
6143,38.73958632268193,38.742313,train
3658,51.44204164024564,51.43559,train
11234,2.641945369529067,2.619486,train
339,34.03959183233169,34.04509,train
11219,61.33610401823559,61.386276,train
7398,5.455604810073586,5.463773,train
16408,31.14012034803225,31.111115,train
9079,46.10827558357298,46.114872,train
12275,14.455497684795304,14.437507,train
3271,58.50636689533324,58.548878,train
8544,4.373182703498082,4.3600616,train
7545,59.78105804044495,59.844227,train
903,30.38076056729905,30.376719,train
13060,14.541677505539448,14.54681,train
10762,22.70200171619421,22.698067,train
9410,23.20334156234951,23.186705,train
11673,9.833628133818198,9.810795,train
4621,50.6502714684406,50.655106,train
6489,16.3737194207109,16.36476,train
17213,47.00467924590599,47.01213,train
12505,22.79179224042561,22.791515,train
1358,3.3902555318677594,3.3897629,train
18089,11.658590664393245,11.651555,train
16151,9.834642984749664,9.835155,train
13206,5.326598425315098,5.3194933,train
5185,46.34706934099864,46.369316,train
8624,19.72773259507692,19.732851,train
9963,11.889272275091988,11.88313,train
2930,6.638518499676308,6.613733,train
16019,31.677919987423262,31.666056,train
1008,6.581067824773221,6.56676,train
18343,30.80004244295742,30.786898,train
15240,30.01608328321608,30.007603,train
16383,19.92899959728709,19.926598,train
10699,8.12551687206948,8.124911,train
19303,34.961627070810835,34.969902,train
5937,31.46723268531948,31.451302,train
13125,36.32120693621686,36.308975,train
5608,60.2862913044289,60.316483,train
14633,19.46655286711833,19.46744,train
3545,9.81528707680252,9.805882,train
5225,2.6723998387919203,2.658889,train
12848,8.409214256673277,8.386305,train
12508,22.79179224042561,22.783669,train
1596,8.217597876040603,8.2013035,train
17109,10.062224196236288,10.048992,train
7167,60.03762006425522,60.06017,train
8632,23.023367390923063,23.043253,train
16220,30.4128793766057,30.414608,train
5037,3.482284363766976,3.4677181,train
4332,13.87037488093093,13.84409,train
2031,23.329218518114708,23.316507,train
13273,19.187069571677124,19.177305,train
11555,31.15051328428412,31.146967,train
13935,2.768427146804104,2.7413883,train
15085,54.33096917075789,54.278072,train
19024,6.807111380190824,6.786042,train
5168,35.51833588723952,35.519413,train
9792,22.76296882623324,22.744028,train
17967,35.25462350907537,35.2622,train
7752,2.645134884017069,2.6154099,train
10321,8.30881283239143,8.290857,train
12242,8.356192481029266,8.335989,train
7707,39.12378051575852,39.145187,train
10687,6.653802197580005,6.6393795,train
9235,31.24025323911746,31.233147,train
15346,6.808194080929191,6.797916,train
16596,22.24119659609466,22.213009,train
6365,50.57766079976186,50.592068,train
5402,51.312490421608985,51.308033,train
18961,52.35424291581615,52.333714,train
4474,4.278170829014148,4.2819343,train
19082,19.97284670110396,19.972256,train
3217,30.37936864265416,30.376455,train
17623,59.36039100777808,59.424503,train
16807,31.110044792535263,31.089737,train
11005,53.936249904147175,53.930614,train
14053,27.406470161859204,27.403713,train
15270,44.84250412419234,44.842678,train
10263,57.71551482193834,57.737316,train
11167,31.459342797591862,31.455526,train
6095,18.998376056860323,18.992628,train
12302,23.4386895373512,23.444117,train
14821,19.957580957136027,19.965218,train
12187,60.20444648087743,60.226498,train
6424,5.3314508258617375,5.3239975,train
10808,45.392770466990434,45.3873,train
1168,3.422106991892183,3.4207597,train
6651,8.216151225650435,8.203914,train
18978,2.738560394234994,2.7069228,train
3059,51.33909351317882,51.332607,train
10475,4.248365582204674,4.2413073,train
16364,14.362716447104814,14.3501215,train
689,19.7117369235059,19.704533,train
137,30.79391023212975,30.79031,train
12488,16.64725869779746,16.630705,train
5316,16.526254689436584,16.528984,train
6449,8.028939563802153,8.017909,train
8920,2.708548541881171,2.67876,train
11596,53.23078958907627,53.21651,train
12524,30.50696090872292,30.500578,train
18618,4.372268049774918,4.363859,train
14159,5.577922372128996,5.566376,train
2711,3.3860741903467195,3.3856018,train
10290,4.420015738497578,4.4186583,train
2714,3.3860741903467195,3.3876343,train
14439,22.716537099825803,22.718386,train
16886,4.411629702698938,4.4069963,train
11124,17.108057241721884,17.10332,train
9824,35.02195840075093,35.01714,train
11305,11.605420343427122,11.598246,train
7065,14.362001783938569,14.363062,train
2066,41.228599801046094,41.229496,train
7517,46.30064389565297,46.293625,train
2597,19.4656638962172,19.470617,train
9128,4.42153269196039,4.4140024,train
10220,34.64181170966033,34.63754,train
12948,41.752818862431866,41.75586,train
16239,39.94240935740361,39.963745,train
11066,5.551136481422364,5.548576,train
644,9.94505395806381,9.939441,train
18900,22.99031367519726,22.998768,train
16061,54.308715457309525,54.28643,train
6077,13.71681439437468,13.706771,train
592,3.463725704281348,3.460656,train
5177,40.64542153266957,40.677578,train
626,6.728469413915577,6.717585,train
6334,34.312192327866775,34.322037,train
12649,8.077368205409602,8.070424,train
6796,3.426758363567802,3.4278193,train
11742,30.401595341860737,30.405851,train
11019,61.258341102147,61.305443,train
16813,35.76074998538454,35.766315,train
8049,19.44914634232636,19.449797,train
651,11.932725734814856,11.928049,train
2980,16.53977460432429,16.532095,train
13652,19.46926318075209,19.471859,train
4819,59.07508503266062,59.15246,train
3122,5.388931658677182,5.3875527,train
7116,31.139319734798352,31.121063,train
14282,41.69401750937428,41.703552,train
8483,41.11762382001203,41.125816,train
119,22.994974363014904,23.004114,train
9397,19.881223193832128,19.875385,train
485,19.649111293465804,19.639149,train
5120,16.847652107473593,16.82113,train
6432,5.3314508258617375,5.3242655,train
16544,9.66304530984486,9.6535225,train
12674,13.93828400148196,13.924757,train
14989,14.549398523998969,14.547177,train
14798,14.37624472537404,14.374218,train
14444,22.716537099825803,22.713167,train
2590,16.585488782204305,16.575682,train
17692,8.21270525505426,8.196832,train
11716,19.473389322226087,19.47393,train
19252,16.599431096237396,16.590284,train
17868,6.725155751284984,6.703205,train
17696,9.936827424934425,9.933317,train
6859,11.79247674953602,11.787075,train
5820,3.539102139205733,3.5053763,train
15782,14.55047371652352,14.544936,train
1967,8.315945242318033,8.305205,train
16124,6.655552005522495,6.633256,train
9406,23.20334156234951,23.194206,train
18938,40.44625226967486,40.469006,train
12766,51.12835088120414,51.156322,train
6595,2.708393370963044,2.688243,train
4387,34.380357693480214,34.394573,train
11197,47.32179431110334,47.32069,train
12394,2.694570254438588,2.679219,train
17855,4.3709490146262535,4.3624825,train
11349,22.304253472901937,22.308046,train
13911,50.13120527614953,50.161057,train
898,26.33137260081264,26.314734,train
12534,35.03784651809894,35.04261,train
15756,10.177968045211644,10.16352,train
18466,11.93139621122396,11.927424,train
2181,10.026963990373934,10.0126295,train
3830,41.09026214478016,41.09363,train
10394,26.98533118302545,26.953688,train
288,16.246482485532077,16.238056,train
16392,23.25336207171222,23.245049,train
1730,2.737800300939081,2.7235444,train
2908,4.315626700837154,4.310193,train
12078,12.09742358911695,12.091697,train
13919,56.60134448761165,56.606747,train
10817,51.50778410422704,51.479015,train
13262,16.35386319839244,16.35719,train
8437,19.95984341060886,19.96348,train
501,26.603951087058466,26.599037,train
1675,30.794238912773924,30.774998,train
6722,26.65648540709704,26.642374,train
3007,26.251682459323085,26.247303,train
5503,14.320139454287412,14.312606,train
5157,30.91040497992931,30.913403,train
1305,39.84803196164996,39.860146,train
12568,51.84994986020546,51.879143,train
14801,14.37624472537404,14.373895,train
11926,22.70705089343061,22.704676,train
5748,31.220475438484407,31.219181,train
9511,5.453554826555715,5.450127,train
5938,31.46723268531948,31.45496,train
5523,19.87480651925221,19.851456,train
15571,12.082626569966488,12.097333,train
16066,61.79860533418504,61.820587,train
11518,16.958961629855352,16.948505,train
8773,8.312589722231753,8.30341,train
14327,73.22517547872039,73.20332,train
16909,8.287053435739782,8.279172,train
11539,23.241277487894493,23.224394,train
12184,60.20444648087743,60.2285,train
1582,6.728228905976399,6.7097735,train
8201,10.006211635630953,9.999759,train
5222,67.89636060989888,67.91618,train
8877,41.0803601020278,41.08026,train
15306,65.09267984036615,65.07545,train
8891,53.28163800837392,53.238503,train
4721,14.101696676245515,14.092371,train
1401,8.034673285745228,8.025588,train
83,14.203979076475648,14.202582,train
16789,26.941092065428904,26.942394,train
1080,25.98963110205024,25.965805,train
14577,8.1258851165813,8.127043,train
2188,12.031218109653784,12.014801,train
12485,16.64725869779746,16.63654,train
3134,8.11832626120918,8.118631,train
1845,23.296212376808747,23.289867,train
17318,11.930680217392707,11.915649,train
868,16.583389062837508,16.562101,train
1917,60.60289546086052,60.60587,train
2904,3.419483384994477,3.4276435,train
3522,5.385959886305065,5.3889256,train
10232,39.579512083219285,39.59267,train
14786,10.061143235452354,10.043608,train
12455,9.87011169371161,9.849042,train
6239,6.56667945409624,6.5492144,train
13011,5.5761957478989626,5.5675697,train
14914,2.7683636783075363,2.7277634,train
4255,2.651586277786812,2.6453183,train
42,6.728225741656603,6.700365,train
186,59.37062721017586,59.402103,train
12248,8.356192481029266,8.361009,train
11418,56.87545981746262,56.88824,train
17517,14.203565724741887,14.195663,train
15902,3.5403585958735047,3.5275211,train
5406,58.06570389407524,58.100174,train
16265,58.52927351113426,58.54368,train
12707,22.52901124083688,22.535189,train
13564,3.4270235820849577,3.4263072,train
3713,6.804226295927448,6.798032,train
414,5.437753175226781,5.4402103,train
13585,5.3947431565957125,5.4009147,train
9088,52.37392807384792,52.34968,train
16753,14.332007468744225,14.327105,train
15393,17.01847041526688,17.013973,train
12692,19.318732370889105,19.333714,train
12426,5.4184367859103055,5.4243965,train
8478,35.91032086682111,35.917603,train
9334,6.78172447637919,6.75725,train
8010,9.828074709524572,9.815486,train
6658,9.94196623369888,9.936417,train
6067,11.53119596876517,11.522851,train
6113,25.6622091129414,25.648,train
2084,47.07352396287201,47.08255,train
155,40.46693733703246,40.49,train
19121,35.936713537831565,35.943428,train
8637,23.023367390923063,23.013203,train
15874,54.36650330189079,54.339943,train
15135,4.297855922649827,4.293415,train
9501,4.372297205483147,4.3634934,train
1689,40.475617925384974,40.48795,train
12672,13.93828400148196,13.928686,train
13939,3.5409996489680857,3.5168757,train
9760,14.06795560888682,14.072208,train
7498,35.46645561497126,35.46111,train
12046,6.822815867393846,6.810702,train
781,3.4264405851801163,3.4217281,train
14942,5.57738774476359,5.568525,train
2672,51.57301685156738,51.562134,train
702,26.688065851348075,26.685122,train
13753,3.3793123881317606,3.370249,train
12111,19.9795829364564,19.956972,train
4710,11.848597403947965,11.855925,train
5964,47.083801566741634,47.102478,train
14188,8.410098919808021,8.402267,train
18324,22.99775950874276,23.007107,train
405,4.359795574456207,4.3674197,train
16895,5.501513631853724,5.4956,train
12151,35.86065710741565,35.853336,train
3579,16.55589942735338,16.55159,train
14525,66.24831743791405,66.28309,train
18929,35.360660553701905,35.346565,train
10358,16.976216926803463,16.967863,train
15041,31.65924439632516,31.662262,train
5016,60.22437727795918,60.297905,train
13019,6.880994922054823,6.866702,train
3287,2.623503999063017,2.589029,train
18059,6.581219445434478,6.5658665,train
8798,12.074145480171024,12.069111,train
16251,45.50308508521769,45.561058,train
6714,26.65648540709704,26.651615,train
17334,14.203174694797369,14.195846,train
3796,27.0396064566848,27.026423,train
11290,8.001000028014305,7.9987,train
7593,5.319759895863683,5.3219852,train
9465,53.05653658929399,53.078003,train
19347,58.679753158553325,58.700035,train
1889,46.89344416172968,46.898903,train
7385,4.373588270267297,4.386589,train
3346,9.573274695324717,9.561203,train
19208,6.656198229767126,6.650967,train
14638,22.706586663401545,22.710644,train
1377,4.2785560676396175,4.2722235,train
2810,22.369427249904778,22.361176,train
16100,3.4271715208360507,3.426192,train
12644,8.077368205409602,8.062731,train
13570,4.3255147578110105,4.3231616,train
2446,35.89156100745434,35.90224,train
1393,6.58055325043692,6.5648284,train
4936,19.97801525632624,19.976984,train
12122,27.04577228607741,27.018568,train
4700,9.878075507678982,9.876037,train
6661,9.94196623369888,9.939125,train
13738,58.36936852175695,58.45631,train
5994,2.6283117251133854,2.585694,train
7547,67.89761970766752,67.91179,train
12352,47.3150321406427,47.328445,train
12787,65.45027187515556,65.52391,train
17020,46.49526413052747,46.49383,train
9966,14.151127363963884,14.15365,train
8824,19.959057219852347,19.96441,train
14121,73.16672003142884,73.14263,train
15380,14.39267504443449,14.399561,train
831,9.830335858754546,9.819732,train
9198,17.000145797563636,16.979588,train
10595,34.04503967970897,34.05365,train
10182,19.36078596408515,19.346058,train
4680,6.6884233999807385,6.6666403,train
6518,25.97233068144464,25.953274,train
771,2.67963111978823,2.652758,train
513,30.71125286382736,30.705025,train
12448,8.158966784717283,8.1500635,train
17490,8.218114223739999,8.202932,train
1163,3.422106991892183,3.423261,train
11669,8.12733854043814,8.128137,train
6170,49.89380123014212,49.91647,train
345,38.871001689016985,38.880157,train
7823,11.60795649193932,11.597882,train
553,52.32557471701267,52.35651,train
17603,46.10037718977418,46.0947,train
13533,53.65683209525948,53.663185,train
3676,2.737823046813698,2.6988297,train
10069,59.11622057953624,59.18665,train
9028,22.994731740626108,23.001644,train
1724,59.44294578668329,59.468334,train
5732,23.294367317733496,23.28965,train
15411,23.34160294300016,23.33645,train
15188,13.894078065810072,13.888714,train
9422,31.094593388139582,31.088179,train
7211,5.577536607686025,5.557644,train
3454,49.59532874711015,49.65646,train
6343,39.201777071676965,39.223675,train
7488,30.85854490144682,30.858715,train
16305,4.419843683848651,4.40999,train
12997,3.540287262174207,3.523577,train
7854,19.1358779335232,19.135595,train
3159,11.783996917049311,11.795345,train
16165,14.04309586754078,14.040892,train
11295,9.677548837060357,9.669997,train
7231,8.408987703827327,8.380942,train
11283,8.001000028014305,8.001998,train
3379,16.11131341530299,16.104393,train
6131,29.580343923795965,29.566698,train
11791,51.6246529061579,51.613697,train
963,2.651650512029733,2.6205878,train
11987,51.57113925881535,51.563225,train
1314,45.39048776873772,45.395206,train
6485,16.3737194207109,16.371738,train
12690,19.318732370889105,19.335598,train
12880,17.20794229838949,17.202606,train
118,22.994974363014904,23.003454,train
3948,14.28744530085372,14.28046,train
2929,6.638518499676308,6.611843,train
5640,4.420619507032944,4.404819,train
13499,36.12481727375171,36.12152,train
9985,19.62876084598636,19.634119,train
19329,45.57162708262807,45.60399,train
13571,4.3255147578110105,4.325158,train
1330,58.36450659100359,58.401398,train
8083,30.335273125343985,30.327166,train
7827,13.810238138743603,13.804538,train
3455,49.59532874711015,49.649696,train
16554,11.58450889049733,11.5776005,train
6872,14.034669683999034,14.027069,train
103,19.707799831398216,19.694487,train
9888,2.7037760859594746,2.6859686,train
4833,2.746990607590344,2.7266736,train
13606,8.12695765865257,8.12752,train
16130,6.655552005522495,6.645585,train
16111,4.325767851991398,4.3272305,train
12335,36.16450734276653,36.171623,train
1478,29.956114959096592,29.951687,train
7784,5.317375541707098,5.3064404,train
7202,5.577536607686025,5.5645685,train
9058,35.37296331373003,35.38471,train
3563,14.01251976380764,14.018087,train
6264,11.631323018312653,11.632169,train
6064,11.53119596876517,11.523882,train
15707,3.5402028483267967,3.503525,train
10461,2.634075483446833,2.6061728,train
412,5.437753175226781,5.43857,train
15847,41.75846663066622,41.77382,train
15241,30.01608328321608,30.001383,train
2359,8.312184058059383,8.302671,train
14169,6.883609052061724,6.8641768,train
18363,40.48350578932382,40.487133,train
14081,41.74343029751184,41.76839,train
848,11.792452301465284,11.78842,train
13823,13.778863574118942,13.761833,train
16028,36.43845598684842,36.451656,train
12423,5.4184367859103055,5.423033,train
13396,5.555295080198322,5.55619,train
14511,58.53201876125161,58.539436,train
8454,27.045330248666936,27.02292,train
12113,23.31145805480328,23.304777,train
2287,53.11232164210923,53.144623,train
4070,4.386973801580494,4.386586,train
7470,23.02829685536476,23.036386,train
7147,46.63300306965911,46.644028,train
8982,11.93189209849983,11.915767,train
6040,6.515116916565186,6.50273,train
17887,9.937271543072656,9.936322,train
10261,57.71551482193834,57.735016,train
14082,41.74343029751184,41.772556,train
9150,6.806128834794942,6.7849245,train
1856,27.04120409654321,27.008474,train
7772,4.265302680390501,4.248437,train
1336,58.36450659100359,58.407124,train
17391,35.39413413023852,35.396347,train
12257,10.114202528778405,10.107684,train
6000,2.6283117251133854,2.5858788,train
11538,23.241277487894493,23.232103,train
2818,25.92904785667398,25.918941,train
6834,8.125366965057475,8.11728,train
8219,14.297620147091871,14.292627,train
12969,61.88841155896284,61.89444,train
15525,4.421979616157388,4.4198914,train
18551,40.45314727551783,40.47131,train
12905,23.604065820872368,23.602913,train
16774,19.890220415820057,19.882074,train
2661,45.43140092411185,45.426945,train
11229,72.07212707241956,72.10597,train
5136,23.077107649980203,23.073084,train
4253,2.651586277786812,2.6419585,train
16651,50.13120527614953,50.1581,train
12681,16.464297328796746,16.475758,train
12749,39.55382209740266,39.58959,train
9560,14.200872999247029,14.207231,train
16882,4.411629702698938,4.4070725,train
10047,45.911486583232765,45.90348,train
7064,14.362001783938569,14.361625,train
17284,5.452947367426283,5.435227,train
17454,3.463971586611452,3.4607966,train
12507,22.79179224042561,22.78746,train
6171,49.89380123014212,49.910946,train
17376,30.804209814650893,30.802101,train
16221,30.4128793766057,30.411913,train
17219,53.51689601658749,53.51354,train
5645,5.514631754237328,5.4999423,train
9531,8.217205986215005,8.196417,train
18904,22.99031367519726,22.989515,train
1894,46.89344416172968,46.881714,train
6523,29.952876069539208,29.945253,train
2349,6.804775027058632,6.7923684,train
13265,16.35386319839244,16.353548,train
13933,2.768427146804104,2.7414606,train
18209,2.708708464276146,2.6796935,train
15751,8.407762865675089,8.38672,train
11388,39.06249052486637,39.081795,train
15094,61.8777218088416,61.951828,train
15839,36.43893022647474,36.460102,train
18685,14.201083753373222,14.1904955,train
6002,2.6283117251133854,2.5839202,train
4882,6.821268673764209,6.800012,train
2745,8.023180179116657,8.014976,train
3780,19.958089859638896,19.96118,train
4388,34.380357693480214,34.3968,train
1619,14.20318661328391,14.198471,train
13949,4.470717032155693,4.4664645,train
4593,34.37723539300664,34.38259,train
7170,60.03762006425522,60.065487,train
6291,16.347664625280032,16.341692,train
17747,22.94705567893216,22.952944,train
6707,22.97874290495203,22.977484,train
18316,22.99775950874276,23.004282,train
9612,30.77438685979468,30.765049,train
12332,36.16450734276653,36.174324,train
17671,5.4514537015048905,5.453248,train
16694,4.413433510170315,4.410137,train
4271,4.278595371611911,4.277311,train
3315,5.265575656743408,5.2633214,train
10406,35.791009758134045,35.79741,train
492,22.9279123481559,22.92482,train
8706,59.77527993292279,59.79473,train
925,39.88665824677827,39.902348,train
16574,16.269805179595384,16.262577,train
12834,6.882941629441138,6.863704,train
2604,19.4656638962172,19.46304,train
15926,6.882495340379882,6.86528,train
7215,6.882918890234676,6.8645787,train
12491,19.53860154075247,19.535463,train
6574,57.299878230603134,57.291172,train
6579,57.299878230603134,57.29296,train
12919,31.673187761985968,31.657955,train
1097,29.971004453921363,29.963985,train
856,14.035147429874712,14.031331,train
12898,20.21466243626813,20.19397,train
18793,2.7087326854893243,2.7006423,train
18497,19.70503641990049,19.698301,train
4244,68.3567305515318,68.3476,train
9552,11.92977143625582,11.930146,train
4090,6.747715524421623,6.7472553,train
16327,6.802266127120083,6.770757,train
4827,67.01899302378678,67.019226,train
4730,16.662983510921826,16.64063,train
14769,8.312917138020815,8.309043,train
11147,23.45668169305344,23.460224,train
1233,14.016750584006392,14.015822,train
9034,26.67851046560988,26.692257,train
601,4.37226573877274,4.3739653,train
2975,16.53977460432429,16.537992,train
3045,45.24553910198273,45.256287,train
5297,11.753913787020023,11.746964,train
11040,2.756563314981308,2.7227101,train
1707,46.13571434661053,46.159378,train
14010,14.551849737231798,14.552292,train
6810,4.325080681999751,4.3226504,train
18620,4.372268049774918,4.3680058,train
889,22.702878807333576,22.692081,train
2499,2.679937679461942,2.6586416,train
16798,31.110044792535263,31.11007,train
17537,19.705616141502567,19.695503,train
1601,9.944103509025238,9.929328,train
16724,8.292020326117655,8.280833,train
16783,23.213132850411533,23.206867,train
3178,16.573905403173057,16.565311,train
12577,58.7445336701217,58.761993,train
11056,4.450109834123621,4.443405,train
4009,35.5219442548973,35.53024,train
8816,16.995957578136125,16.984335,train
16244,45.50308508521769,45.548477,train
5244,4.312276681150203,4.3168125,train
5230,2.6723998387919203,2.6578743,train
7755,2.645134884017069,2.6255412,train
12837,6.882941629441138,6.8674192,train
14317,61.61955390616471,61.63562,train
12719,26.12437780450136,26.114334,train
16598,25.774441228347605,25.755808,train
6944,45.40005775796602,45.437584,train
12544,40.0707569732276,40.09111,train
2518,4.32526132233661,4.317523,train
2275,46.6860010069887,46.714554,train
17383,30.804209814650893,30.784224,train
11562,31.15051328428412,31.129444,train
1038,11.6582331871555,11.647591,train
10918,14.539623170982962,14.538075,train
13082,20.19050088478762,20.186459,train
9425,31.094593388139582,31.082384,train
5059,5.479199376972568,5.4670835,train
11359,25.853560650166337,25.855114,train
4431,57.234210991288506,57.254593,train
8542,4.373182703498082,4.3617377,train
7537,59.78105804044495,59.795673,train
8192,8.267826917565984,8.278433,train
3620,30.322765664878062,30.311245,train
5602,53.083073628243376,53.086407,train
6812,4.325080681999751,4.327796,train
2215,19.88098601288324,19.86964,train
5901,17.160123500643675,17.126188,train
404,4.359795574456207,4.3656573,train
12305,23.4386895373512,23.427643,train
5858,8.39929361999531,8.367596,train
1790,10.06001725968814,10.044591,train
15883,61.91755856408145,61.962383,train
15903,3.5403585958735047,3.5282798,train
3092,2.6772620050674827,2.6623638,train
9015,19.70783187156621,19.693462,train
12326,31.442471381136336,31.414492,train
391,3.454105572222532,3.4528959,train
16585,19.08199677745677,19.073124,train
17640,2.7080001211116875,2.6930144,train
12282,17.09144859211879,17.07588,train
17708,11.920420225393688,11.916893,train
8078,30.335273125343985,30.347551,train
8037,16.574017901587826,16.572847,train
2694,67.38521281421959,67.39471,train
3222,30.37936864265416,30.380825,train
12446,8.158966784717283,8.151499,train
4832,67.01899302378678,67.00192,train
18846,9.94467047086916,9.938463,train
11409,50.35340230487312,50.371487,train
12421,5.4184367859103055,5.421068,train
4349,19.2225458757848,19.218258,train
6974,67.17088418273241,67.119125,train
14190,10.180712630968689,10.176643,train
16631,38.91422234320085,38.931572,train
12300,23.4386895373512,23.454258,train
19078,19.97284670110396,19.97398,train
9344,8.28367776832649,8.269194,train
7454,16.804229990923968,16.791485,train
7992,6.652641962105018,6.635398,train
10738,16.584010125865344,16.574062,train
9744,9.855278882312144,9.84937,train
14336,2.680060136742551,2.6683347,train
18375,46.14505775094848,46.14309,train
3742,10.060180445760883,10.046663,train
14835,23.294840559906373,23.287703,train
249,7.977484841951872,7.9693794,train
16702,5.5040689464134,5.503211,train
12733,34.599842035110434,34.604275,train
5795,60.4524910654573,60.46362,train
17123,12.07640658748618,12.070757,train
8751,5.514802829383529,5.504877,train
9477,60.226012960931534,60.29972,train
10779,30.37471298757097,30.383503,train
10298,5.51347068232188,5.5060954,train
12724,30.13641458533303,30.138021,train
355,44.20482503393963,44.218998,train
14967,10.178497545054494,10.170732,train
14873,41.10504443634969,41.110638,train
9900,3.456467117367241,3.459377,train
2311,2.7382564811417,2.694125,train
1386,5.335391898299586,5.3279247,train
1775,6.804125871351521,6.7909803,train
6197,2.646462432637515,2.6103725,train
13725,51.56480717094732,51.563007,train
9488,2.7086272166512813,2.7011917,train
15032,27.39963726697832,27.396484,train
7411,8.22205215267704,8.216111,train
6790,2.679876652308808,2.6690578,train
12685,16.464297328796746,16.460554,train
17343,16.786680857916362,16.77562,train
3274,66.23324544059561,66.360855,train
17791,40.28953774014432,40.29628,train
2679,58.393690284659264,58.408188,train
6183,63.38449733252296,63.44255,train
11460,5.50905772904389,5.5097256,train
3952,14.28744530085372,14.272164,train
17287,6.727493680206459,6.702578,train
10084,2.6703927948160247,2.6576028,train
13641,16.58837265322754,16.591036,train
4727,16.662983510921826,16.658472,train
11844,5.394227382809981,5.3984303,train
10723,11.79324820860778,11.795227,train
6535,34.37603090635952,34.388542,train
8121,51.3728713854686,51.36949,train
9127,4.42153269196039,4.4150105,train
15288,57.59734802968727,57.582077,train
11796,58.46096937908226,58.444477,train
16948,16.921500106917048,16.912432,train
8199,10.006211635630953,10.002059,train
10890,8.405428734690727,8.409822,train
16776,19.890220415820057,19.873642,train
845,11.792452301465284,11.786827,train
3939,12.004627192306971,11.98728,train
2214,16.93107384270255,16.901224,train
9613,30.77438685979468,30.76067,train
18909,26.671971818268155,26.684637,train
17639,2.7080001211116875,2.6943839,train
15924,5.576937014393697,5.5744724,train
16577,16.269805179595384,16.258415,train
12329,31.442471381136336,31.4094,train
7387,4.373588270267297,4.3874288,train
16301,4.419843683848651,4.411198,train
2210,16.93107384270255,16.9139,train
17163,23.313702792405124,23.3146,train
11255,4.261977186901441,4.263381,train
11385,39.06249052486637,39.090916,train
18781,59.43752089678267,59.433075,train
7286,23.59913330619728,23.59708,train
2690,67.38521281421959,67.41405,train
5890,14.519671559123143,14.497831,train
3431,33.72652347706163,33.727264,train
16871,3.495817832919528,3.483661,train
6141,33.92870828003857,33.915775,train
3699,4.420411774772554,4.421597,train
14267,31.654038807109423,31.637547,train
332,34.03959183233169,34.034966,train
491,22.9279123481559,22.930525,train
7152,46.63300306965911,46.6473,train
3575,16.55589942735338,16.55821,train
18784,59.43752089678267,59.44345,train
15482,61.07334602815417,61.076496,train
1882,41.102242544116194,41.113297,train
9669,59.32496723193529,59.380417,train
1151,2.676319872769252,2.6539779,train
8356,4.420408821409588,4.4213676,train
4988,41.02699155008549,41.030693,train
8004,8.123629502903881,8.115094,train
13539,60.93541213068231,60.98803,train
10296,5.51347068232188,5.508573,train
9129,4.42153269196039,4.4138227,train
18744,35.366800835510126,35.370087,train
15670,53.57542916459361,53.60871,train
13800,9.66304530984486,9.653927,train
6669,11.927985868777798,11.923866,train
12963,54.34998233739767,54.33368,train
3469,55.98918534937304,55.96849,train
12878,14.552373177137932,14.540025,train
18839,8.218139021218338,8.212074,train
10386,26.98533118302545,26.963287,train
2498,2.679937679461942,2.6586893,train
7236,10.179073775007422,10.157068,train
10267,2.7378350951730805,2.7179513,train
1673,30.794238912773924,30.772121,train
12083,14.40077247257583,14.397871,train
145,35.37584389295486,35.390957,train
18107,16.387020803117196,16.393173,train
4376,29.96110459697413,29.973354,train
10177,19.36078596408515,19.351965,train
14078,36.428494938564704,36.411907,train
18477,14.203184342146836,14.201941,train
18480,14.203184342146836,14.201702,train
15193,13.894078065810072,13.883436,train
13178,2.6475299722156738,2.6197352,train
8513,60.658221869689925,60.64406,train
3048,45.24553910198273,45.252563,train
14735,3.5021532227900267,3.4808931,train
14787,12.073872830930233,12.07046,train
3324,6.4898566002953375,6.473609,train
15761,10.177968045211644,10.16805,train
13625,11.79578353111807,11.796246,train
13883,34.079261637555426,34.07952,train
19301,34.961627070810835,34.954765,train
17041,59.90232076905948,59.945362,train
19027,8.31575350674248,8.302013,train
3531,6.64364964800169,6.628601,train
9073,46.10827558357298,46.113064,train
18948,46.08967825335424,46.084084,train
13170,2.6475299722156738,2.6124744,train
10258,57.71551482193834,57.744724,train
11927,22.70705089343061,22.706442,train
1214,9.8172927105488,9.800629,train
9561,14.200872999247029,14.20409,train
9968,14.151127363963884,14.149692,train
2172,8.28601199625113,8.27641,train
5993,2.6283117251133854,2.5853035,train
17225,53.51689601658749,53.535625,train
5387,45.219210934851226,45.22223,train
4786,40.17730010575605,40.19046,train
1919,2.738382492768076,2.6938682,train
4421,50.65171531599499,50.671886,train
3735,10.060180445760883,10.045439,train
10058,52.15715096411118,52.176895,train
7737,57.00609702090252,56.999653,train
1021,9.72040448238932,9.7127285,train
7206,5.577536607686025,5.5616236,train
15548,8.316653299183429,8.314948,train
16926,10.026905416193513,10.016723,train
5886,14.519671559123143,14.501861,train
15201,16.409135926176713,16.406591,train
13515,41.35234408019274,41.35945,train
17636,2.7080001211116875,2.6935315,train
10166,16.50056323151148,16.497368,train
13785,6.548365309251103,6.535628,train
382,2.7012125572626595,2.673761,train
17749,22.94705567893216,22.948349,train
15456,47.12045968287047,47.11959,train
3901,5.492521876071974,5.485934,train
15231,26.02407266450384,26.009089,train
5883,14.519671559123143,14.500578,train
10003,22.89995202799145,22.910213,train
9475,60.226012960931534,60.28826,train
13010,5.5761957478989626,5.568167,train
10199,26.1739263514462,26.173641,train
14478,39.93419882475006,39.954445,train
2536,6.654279103727196,6.6318173,train
3527,6.64364964800169,6.6291566,train
11564,35.80894288502899,35.815113,train
14364,5.394854572208311,5.3958683,train
9690,3.4416346941221185,3.4368382,train
7322,41.7456272211452,41.78229,train
9173,12.07673973791194,12.073492,train
16732,10.033777273871753,10.011366,train
9559,11.92977143625582,11.929544,train
7104,26.978401307234257,26.954718,train
13788,6.548365309251103,6.537519,train
19259,16.599431096237396,16.58331,train
16957,16.921500106917048,16.898281,train
7569,3.3809129575406835,3.380006,train
13215,6.569502868408146,6.5544553,train
5974,53.460313758260384,53.44477,train
8737,3.50175545283292,3.481938,train
5924,27.266807168388087,27.262312,train
15402,19.991138872081702,19.99271,train
12133,31.21633923942998,31.19152,train
7732,50.45184574770483,50.479053,train
2659,45.43140092411185,45.43876,train
17726,16.7632499918992,16.761463,train
14998,17.20354303610618,17.200972,train
7442,14.216293823765389,14.218731,train
11449,4.417284206021883,4.415251,train
12736,34.599842035110434,34.59511,train
13982,8.409437556211982,8.393701,train
7628,11.61873064567914,11.617322,train
18942,40.44625226967486,40.448498,train
10255,57.71551482193834,57.742886,train
5049,4.394125295693411,4.3815536,train
5414,67.36262373893229,67.33316,train
8306,53.1574764742,53.15592,train
7353,61.91115381484096,61.922066,train
397,3.454105572222532,3.464208,train
5782,46.84485270238342,46.83904,train
6371,50.57766079976186,50.599213,train
16646,44.2513224587667,44.26149,train
2297,60.32380426469487,60.348103,train
533,40.377631829733055,40.400658,train
1622,14.20318661328391,14.201489,train
4989,41.02699155008549,41.02263,train
11179,36.179433085059785,36.192764,train
4682,6.6884233999807385,6.665095,train
6645,8.216151225650435,8.205571,train
12703,22.52901124083688,22.538696,train
3475,63.02280533209118,63.071007,train
3849,53.3133888390764,53.339268,train
9575,16.782179300601353,16.76628,train
5339,22.61982167555844,22.618652,train
13448,14.476766518685231,14.457466,train
19359,66.46919271207298,66.53213,train
6825,6.653808540578969,6.635931,train
18811,4.372572383195617,4.3728414,train
12424,5.4184367859103055,5.4233894,train
12370,61.348509793807175,61.355675,train
12950,47.69190762553954,47.69124,train
12531,35.03784651809894,35.04407,train
5597,53.083073628243376,53.07253,train
13602,8.12695765865257,8.126995,train
15257,39.38354458162934,39.405643,train
14241,23.599740087936286,23.609072,train
3442,38.507113968365694,38.529045,train
14630,19.46655286711833,19.465029,train
18362,40.48350578932382,40.493374,train
1816,14.375684023441574,14.374596,train
17231,60.85346407983517,60.86717,train
10578,25.743192421777337,25.730082,train
12001,58.383328200967206,58.404846,train
17978,40.29987785141369,40.32115,train
18179,44.71510459444544,44.71429,train
9729,8.1472980592236,8.153173,train
4935,19.97801525632624,19.976757,train
16418,35.77354654999463,35.747005,train
18079,9.720675926907024,9.72168,train
12628,5.366975558868218,5.3599715,train
18027,3.390434796633999,3.386855,train
1852,27.04120409654321,27.011408,train
3940,12.004627192306971,11.987194,train
3151,9.822765889013834,9.821417,train
16570,16.269805179595384,16.265318,train
5199,52.69668947022024,52.725094,train
2880,57.02672548940503,57.044342,train
4329,13.87037488093093,13.851921,train
7822,11.60795649193932,11.60189,train
4384,29.96110459697413,29.96103,train
4100,8.240269386899683,8.247752,train
16207,26.35585423252835,26.3615,train
166,46.11681562429834,46.110336,train
17313,9.943417259271168,9.923631,train
12956,47.69190762553954,47.700134,train
5028,2.724110359405115,2.6998327,train
255,9.6469003213132,9.628459,train
16274,66.22984607694808,66.29995,train
14899,60.65764308308809,60.687977,train
12240,8.356192481029266,8.347752,train
14697,51.56825139855076,51.576305,train
15207,19.25072546022004,19.26176,train
18020,2.6516876145608954,2.6178138,train
9935,8.191759386175578,8.1752615,train
14356,4.3255825255506535,4.327818,train
15824,27.41039487101252,27.380169,train
8489,41.11762382001203,41.119175,train
18602,2.7086064111784056,2.681044,train
12150,35.86065710741565,35.858112,train
10447,60.17810455334465,60.233303,train
14223,17.20828068303235,17.202568,train
6005,3.3594554848970217,3.3485718,train
4732,16.662983510921826,16.638464,train
3476,63.02280533209118,63.07782,train
12064,10.082996455453056,10.073646,train
13425,10.132586420334118,10.124803,train
7609,8.009845934350269,8.014902,train
16560,13.778863574118942,13.762613,train
15730,5.576457565869874,5.562588,train
5513,16.926276381493675,16.90524,train
15645,41.21766637163386,41.22348,train
8968,8.217900959228839,8.193686,train
9890,2.7037760859594746,2.690119,train
10211,30.18512064085396,30.173544,train
18268,9.945409981647147,9.937842,train
18319,22.99775950874276,23.009396,train
4591,34.37723539300664,34.37837,train
11862,8.126053948962111,8.1245365,train
7094,23.25256558499891,23.242403,train
12375,61.348509793807175,61.360603,train
4506,9.718449084165018,9.713116,train
8412,12.073309697709004,12.068539,train
11593,53.23078958907627,53.22224,train
15116,2.6680277245003223,2.6360452,train
17880,8.212995549639128,8.197731,train
3064,51.33909351317882,51.323654,train
2099,60.9959267478142,60.99821,train
11600,53.23078958907627,53.227985,train
15007,20.208444303638693,20.218594,train
5354,30.2611568718884,30.277245,train
4507,9.718449084165018,9.713962,train
11786,51.6246529061579,51.60552,train
3121,5.388931658677182,5.394155,train
11079,6.849328056400946,6.8428416,train
5033,3.482284363766976,3.4639368,train
19317,39.990064015881245,40.004837,train
7911,44.50071754991946,44.505306,train
14266,31.654038807109423,31.640167,train
6281,13.839728224012498,13.826954,train
11390,39.06249052486637,39.080227,train
6775,59.21522697654686,59.263947,train
6505,22.401963939400744,22.392918,train
2119,2.733014195440622,2.712043,train
16491,3.3793123881317606,3.3714678,train
744,46.1602134775885,46.159725,train
165,46.11681562429834,46.107246,train
9418,26.92943166856057,26.921724,train
13452,17.112477023026607,17.09983,train
12007,2.747714224807638,2.7213526,train
15835,36.43893022647474,36.45164,train
2638,34.888414713296385,34.912025,train
6009,3.3594554848970217,3.3510218,train
6023,5.283813091314699,5.277433,train
525,35.2878499253424,35.288223,train
2448,35.89156100745434,35.903374,train
4225,52.86517090270329,52.878723,train
8761,6.804798625042007,6.785743,train
8668,35.45862287003865,35.449974,train
2862,44.55739519495278,44.572674,train
17430,59.51701362971379,59.56172,train
8259,26.89784900823696,26.900059,train
11738,26.34777667217677,26.345251,train
10603,34.04503967970897,34.05319,train
1209,9.8172927105488,9.810999,train
12407,3.4442629704971943,3.4451718,train
16011,27.415781458912697,27.399282,train
16946,14.318833955178135,14.314173,train
6200,2.646462432637515,2.6171758,train
3882,3.4906262588516723,3.4798398,train
14481,39.93419882475006,39.954475,train
14277,36.40169482099516,36.398884,train
3433,38.507113968365694,38.535828,train
13373,3.5279843254560563,3.52144,train
13087,20.19050088478762,20.17063,train
8308,53.1574764742,53.168987,train
1717,52.42578981420947,52.42921,train
4928,17.017149413199444,16.998163,train
15653,41.21766637163386,41.23845,train
2923,5.381950494939112,5.380646,train
13614,9.832967363274172,9.827297,train
10247,51.06412786371418,51.070393,train
1397,6.58055325043692,6.564309,train
3633,39.802178478903386,39.816113,train
18134,22.418991886192853,22.417385,train
8481,35.91032086682111,35.907692,train
11510,14.347619590331648,14.339094,train
4993,46.75900569244985,46.76769,train
11141,20.09302271518608,20.086857,train
16597,22.24119659609466,22.215284,train
11702,16.59108938180168,16.578465,train
17809,52.04766800706821,52.051476,train
3772,16.994828604075785,16.984243,train
3852,53.3133888390764,53.356827,train
9210,19.964625243203816,19.957111,train
888,22.702878807333576,22.694326,train
5810,2.767230090921776,2.7254503,train
20,4.372190874006892,4.36614,train
12297,20.075484224133127,20.047382,train
6851,9.830645370821994,9.812251,train
18796,3.4639967086747205,3.4593973,train
7633,11.61873064567914,11.616889,train
7685,25.887362814946755,25.89542,train
18598,2.7086064111784056,2.677969,train
10315,8.30881283239143,8.287817,train
17771,30.70077920221167,30.695726,train
6958,51.52964590670513,51.51598,train
14865,35.89960393091611,35.895924,train
7741,57.00609702090252,57.012665,train
11852,6.654179064714825,6.6357536,train
6438,6.575749272452735,6.55966,train
4694,9.878075507678982,9.87182,train
13450,17.112477023026607,17.096945,train
18100,13.872643591503794,13.868498,train
12114,23.31145805480328,23.309368,train
13941,3.5409996489680857,3.5169435,train
7920,50.46110897663102,50.49517,train
8854,31.223603736455804,31.214472,train
18801,3.4639967086747205,3.4646895,train
8549,4.373182703498082,4.378931,train
1287,30.346263497491044,30.329538,train
16814,35.76074998538454,35.76576,train
11690,11.79687784031292,11.807254,train
2155,6.78451665768644,6.7559414,train
2104,60.9959267478142,61.01203,train
16907,6.786117649758384,6.768621,train
17214,47.00467924590599,47.0132,train
7751,2.645134884017069,2.6100304,train
9386,16.93108824748578,16.918404,train
16016,31.677919987423262,31.673311,train
19201,6.656198229767126,6.63885,train
14136,2.768396039009667,2.7487514,train
8626,19.72773259507692,19.720743,train
12621,5.366975558868218,5.3603415,train
1541,2.708579062443912,2.684275,train
9113,3.502342096337854,3.4830809,train
910,34.886053109587735,34.893387,train
6058,9.617347410194986,9.616348,train
6104,22.144290488227952,22.124939,train
2285,53.11232164210923,53.138958,train
14907,2.7683636783075363,2.7251353,train
1148,57.2881662058226,57.265205,train
11188,41.44496763084698,41.461605,train
14729,3.5021532227900267,3.4815314,train
7166,60.03762006425522,60.05374,train
5204,59.80583469808005,59.888214,train
18280,11.932861762453696,11.926703,train
8424,16.995729208180737,16.989408,train
4161,23.07013446773524,23.054443,train
8827,19.959057219852347,19.961103,train
15001,17.20354303610618,17.199562,train
16256,51.67042053675918,51.653893,train
1938,4.421703591294218,4.412518,train
19097,27.06434035111792,27.060127,train
18540,35.364527610569084,35.36579,train
5384,45.219210934851226,45.228497,train
13869,29.71030411274068,29.71783,train
8059,22.68160677705264,22.683588,train
6609,3.463494104363132,3.4642699,train
12664,11.714746518164514,11.707997,train
6117,25.6622091129414,25.647345,train
19039,10.065339806641262,10.046791,train
4482,5.3349161923909225,5.3328085,train
15715,4.4696908100697,4.4513,train
14453,26.349780468771147,26.339169,train
14096,47.680992295718994,47.70479,train
7325,41.7456272211452,41.790215,train
15590,17.013134627583373,16.999472,train
11252,3.3775172482846187,3.3851917,train
4731,16.662983510921826,16.64003,train
1930,3.5023728097497764,3.4972043,train
10256,57.71551482193834,57.748234,train
502,26.603951087058466,26.59518,train
616,5.453675773717265,5.459119,train
1115,39.29411433263528,39.31496,train
7876,29.82551748295141,29.824022,train
10085,3.4141493037943245,3.42263,train
3945,14.28744530085372,14.282755,train
9366,12.030090252009884,12.025536,train
15667,53.57542916459361,53.597546,train
5714,19.95776418992861,19.972984,train
1293,34.84895468229793,34.85415,train
12361,53.90261300771889,53.910313,train
2380,12.072313220897104,12.061227,train
15405,19.991138872081702,19.989609,train
17316,11.930680217392707,11.9171095,train
9349,8.28367776832649,8.277215,train
11376,34.20023201897286,34.198967,train
6021,4.238415593701241,4.2336254,train
8188,8.267826917565984,8.274557,train
688,19.7117369235059,19.699287,train
828,8.124923633519694,8.122128,train
776,2.67963111978823,2.6549387,train
10045,45.911486583232765,45.893192,train
17641,2.7080001211116875,2.6956887,train
4186,35.5501979046819,35.542908,train
17574,30.78585051624797,30.774004,train
17610,52.37163578790875,52.359695,train
3965,19.81382468589979,19.79974,train
18626,5.453514973447485,5.4467683,train
9456,46.65423333440259,46.660847,train
15669,53.57542916459361,53.603596,train
59,8.217705052587275,8.197587,train
132,30.79391023212975,30.797482,train
7758,3.380822196050792,3.3604712,train
14665,30.385313055652905,30.385536,train
5355,30.2611568718884,30.275492,train
7293,27.40447188443966,27.391817,train
2920,5.381950494939112,5.37967,train
17976,40.29987785141369,40.324787,train
16657,50.13120527614953,50.165634,train
14785,10.061143235452354,10.041636,train
18007,58.918449486030376,58.960743,train
18417,4.372499077848516,4.364933,train
9133,5.515840559625128,5.509018,train
10309,6.802501042896526,6.7823005,train
11466,6.796082980187971,6.7909584,train
18524,26.672941236077136,26.656797,train
7154,52.97460863520874,52.95907,train
7947,2.67966579015312,2.659224,train
12316,27.2150462191298,27.211119,train
7188,3.540934651623731,3.5102117,train
3291,2.623503999063017,2.590613,train
13378,3.5279843254560563,3.517916,train
6907,26.32470590913753,26.313871,train
975,3.3903798459312364,3.3899271,train
7710,39.12378051575852,39.13219,train
3399,22.018759429305742,22.011791,train
1662,26.67828808587088,26.677689,train
12259,10.114202528778405,10.107682,train
5442,3.4939888395858416,3.482527,train
4987,41.02699155008549,41.02973,train
13076,17.19181300428322,17.181868,train
928,39.88665824677827,39.903126,train
18553,40.45314727551783,40.46153,train
13366,2.7587097236128133,2.752166,train
563,59.35647455954896,59.429333,train
8176,6.768723500172809,6.755913,train
6043,7.952605880418686,7.9504414,train
17619,59.36039100777808,59.40329,train
15480,61.07334602815417,61.057888,train
11914,19.466938902709447,19.459887,train
8900,53.28163800837392,53.29462,train
169,46.11681562429834,46.119934,train
10955,27.349685453769364,27.330572,train
16672,2.735260556130954,2.7057664,train
13768,4.262151865053322,4.2531962,train
5700,14.376227157580578,14.366906,train
12863,12.218730288473536,12.211032,train
3749,12.073126840685235,12.07337,train
15403,19.991138872081702,19.995447,train
9321,5.496595758597001,5.48731,train
15424,27.103617982825227,27.083466,train
3131,6.647717166560328,6.639385,train
11709,16.59108938180168,16.579603,train
6513,25.97233068144464,25.949476,train
11969,39.89208467808479,39.90323,train
14768,8.312917138020815,8.3074,train
4364,22.412843611868016,22.409082,train
11095,10.126395815467223,10.11982,train
873,19.463397172895007,19.450567,train
17200,41.17877762660081,41.182514,train
4888,8.330951206182403,8.323309,train
14997,17.20354303610618,17.199423,train
9228,27.050315830714485,27.031958,train
3872,2.7305324516087164,2.7040684,train
18183,44.71510459444544,44.724045,train
17455,3.463971586611452,3.4591935,train
12813,4.470468267539965,4.454759,train
19343,58.679753158553325,58.69101,train
17810,52.04766800706821,52.040714,train
1823,16.994748441870005,16.975325,train
3127,6.647717166560328,6.6261806,train
6963,58.33205390993229,58.30517,train
8255,26.89784900823696,26.895205,train
9117,3.502342096337854,3.4860432,train
2190,12.031218109653784,12.015854,train
15479,61.07334602815417,61.064995,train
14987,14.549398523998969,14.553395,train
9512,5.453554826555715,5.449696,train
6878,16.582108766157965,16.573889,train
10372,19.93098414733021,19.929457,train
14156,4.470788645696553,4.46638,train
13842,19.08199677745677,19.074978,train
11981,45.43311720005017,45.441723,train
8506,53.388393832045885,53.405266,train
1488,34.373369495591966,34.37531,train
10960,27.349685453769364,27.323069,train
10396,31.15061180638959,31.136496,train
17938,22.94986468631417,22.948608,train
2435,31.22007476484556,31.204954,train
209,3.371358194630628,3.364211,train
11718,19.473389322226087,19.472118,train
18699,19.70205587277775,19.689772,train
9794,22.76296882623324,22.75664,train
3614,30.322765664878062,30.326303,train
19178,3.427309755937745,3.4323864,train
11210,53.90188774203692,53.914524,train
13058,12.211683043753135,12.216209,train
11520,16.958961629855352,16.941694,train
18050,5.335830758238897,5.32883,train
12154,41.021553499258864,41.028904,train
13024,6.880994922054823,6.870007,train
4179,30.923494904816422,30.918648,train
4265,3.390275518628752,3.397803,train
14904,60.65764308308809,60.68678,train
17226,60.85346407983517,60.855164,train
14104,54.33858922000827,54.307137,train
4670,5.423807499879186,5.41326,train
15851,41.75846663066622,41.753155,train
17635,69.13749578578044,69.10309,train
12101,17.01903374589111,16.988039,train
15178,11.679809574545024,11.671351,train
2353,6.804775027058632,6.790891,train
17463,4.372541325565833,4.370443,train
17717,14.187529171506236,14.182841,train
15746,8.407762865675089,8.384153,train
7440,14.216293823765389,14.212088,train
18463,9.944458853458054,9.938931,train
11613,2.6800298406074674,2.657753,train
11126,17.108057241721884,17.102669,train
14506,51.66606240165736,51.664467,train
13988,8.409437556211982,8.38447,train
13957,4.470717032155693,4.4611664,train
6594,2.708393370963044,2.6870117,train
8422,14.376280985907911,14.370128,train
9039,26.67851046560988,26.679035,train
1104,34.3941157281528,34.399483,train
3211,26.32561881342556,26.311031,train
19282,26.372252985493382,26.364073,train
16426,35.77354654999463,35.773315,train
6279,13.839728224012498,13.832442,train
7292,27.40447188443966,27.382694,train
4436,65.42022898601756,65.4125,train
12932,36.43606370816161,36.448093,train
5552,26.92088192163529,26.8913,train
4975,35.86361365671431,35.871326,train
1744,3.501480827341935,3.495107,train
5283,9.79900845287837,9.785972,train
9372,14.323302676962449,14.319005,train
19196,5.395561287836819,5.399094,train
293,19.05581652042869,19.054794,train
1357,2.651577175860931,2.6291704,train
7605,6.560735403418399,6.5554795,train
9765,16.622454312568223,16.62751,train
11845,5.394227382809981,5.4003334,train
223,5.3012249343319935,5.2947774,train
15644,35.98496149414287,35.966114,train
1030,11.6582331871555,11.647922,train
11223,72.07212707241956,72.138176,train
5102,11.977347905672262,11.964277,train
12698,19.318732370889105,19.315125,train
17124,12.07640658748618,12.067152,train
268,11.566192835454284,11.555738,train
14323,73.22517547872039,73.19722,train
2684,58.393690284659264,58.399998,train
18429,5.453876964856426,5.4468155,train
2758,9.704790404948806,9.6972475,train
1505,39.26522597200145,39.284763,train
971,3.3903798459312364,3.3887684,train
13423,10.132586420334118,10.120716,train
1223,11.776863732605358,11.777106,train
14475,34.9203027778589,34.925385,train
4447,2.651340495288661,2.6235955,train
14354,4.3255825255506535,4.3228593,train
7342,54.35424338922613,54.291706,train
62,9.944380093437465,9.924434,train
2239,26.930729823540588,26.930859,train
5176,40.64542153266957,40.66438,train
9747,11.820738034299742,11.832818,train
4638,2.698582685784035,2.662333,train
17647,3.46287616207661,3.4644425,train
15524,4.421979616157388,4.424632,train
7829,13.810238138743603,13.799561,train
4504,8.034000431580742,8.026512,train
16237,39.94240935740361,39.97731,train
562,59.35647455954896,59.412918,train
180,59.37062721017586,59.38531,train
16338,10.054760377014018,10.033732,train
16826,40.941147680016144,40.954845,train
10894,10.173935357807435,10.168619,train
4199,40.70553607216157,40.716938,train
9996,22.89995202799145,22.913593,train
7647,16.327472020473603,16.328554,train
15381,14.39267504443449,14.389807,train
2171,8.28601199625113,8.275394,train
13599,8.12695765865257,8.126705,train
8126,58.09660211241908,58.1321,train
14218,14.553384683418702,14.548119,train
12296,20.075484224133127,20.052027,train
14889,53.37814339848742,53.394966,train
11178,36.179433085059785,36.197388,train
5879,12.196546913036052,12.17618,train
12727,30.13641458533303,30.127674,train
18064,6.581219445434478,6.5682354,train
6280,13.839728224012498,13.83063,train
3768,16.994828604075785,16.998339,train
7657,19.15493547987121,19.164845,train
832,9.830335858754546,9.820299,train
1486,29.956114959096592,29.948181,train
4948,23.310450760456497,23.315779,train
14594,9.831611259859253,9.824144,train
1614,11.93114095632098,11.927213,train
9899,3.456467117367241,3.4603572,train
352,44.20482503393963,44.216972,train
8047,19.44914634232636,19.450611,train
17541,19.705616141502567,19.693567,train
1260,22.674852098493925,22.67312,train
16309,5.513266485740743,5.503357,train
455,11.895525123960338,11.907,train
11398,44.43268557333643,44.45243,train
194,2.638036185786238,2.608112,train
3795,27.0396064566848,27.022846,train
17238,69.31625271328639,69.40463,train
17509,11.931686744523365,11.928203,train
8270,31.06762490630758,31.058098,train
17309,9.943417259271168,9.92885,train
5342,22.61982167555844,22.614145,train
7754,2.645134884017069,2.624776,train
3321,5.265575656743408,5.264963,train
12679,13.93828400148196,13.920058,train
14272,36.40169482099516,36.410843,train
18201,57.29678618334104,57.30601,train
11345,22.304253472901937,22.31357,train
10517,9.64268256478926,9.634947,train
8229,16.902271495178073,16.884588,train
13226,8.020969874138826,8.01806,train
18991,3.5025840094867644,3.4884574,train
1605,9.944103509025238,9.9323225,train
11535,23.241277487894493,23.230286,train
9314,4.406554839696068,4.4066024,train
4146,19.766535338864166,19.772701,train
19274,22.732934390418883,22.74844,train
3183,19.45413985890653,19.460836,train
18925,30.78317811917148,30.761742,train
9119,3.502342096337854,3.4854743,train
11020,61.258341102147,61.297108,train
1065,19.22617209418738,19.214794,train
1795,10.06001725968814,10.0450535,train
6993,3.501096998788304,3.4887424,train
10124,6.626577584173653,6.611493,train
13876,29.71030411274068,29.70781,train
2150,5.4997115639109175,5.4950857,train
15936,8.408953862492385,8.396595,train
6984,2.7376158744619965,2.7099934,train
1112,39.29411433263528,39.314743,train
13724,51.56480717094732,51.562363,train
13720,51.56480717094732,51.562202,train
17556,26.67363142943311,26.674513,train
19315,39.990064015881245,40.003494,train
15742,6.881721048030808,6.8702188,train
7149,46.63300306965911,46.636055,train
7164,60.03762006425522,60.059612,train
2947,9.807070250141807,9.786575,train
7719,44.509460478962495,44.51948,train
12746,39.55382209740266,39.588345,train
11081,6.849328056400946,6.8377953,train
266,11.566192835454284,11.557848,train
5793,60.4524910654573,60.42769,train
10134,8.09096009018889,8.0849085,train
5916,23.503873212499084,23.500082,train
4298,8.034880206080599,8.025834,train
12232,6.840436546862896,6.8148417,train
282,16.246482485532077,16.239681,train
7563,2.644517535660832,2.616717,train
9153,8.314264525895991,8.30509,train
1688,40.475617925384974,40.48515,train
17746,22.94705567893216,22.950266,train
3154,11.783996917049311,11.788085,train
4549,19.22027700345554,19.206503,train
13902,44.2513224587667,44.258602,train
9360,10.0251992837065,10.009073,train
2257,35.74716386312536,35.756367,train
1843,23.296212376808747,23.304367,train
4651,3.448697967641652,3.433041,train
18534,30.785227753268504,30.763432,train
1412,9.719212275161835,9.710805,train
17026,46.49526413052747,46.495415,train
10494,5.296604013800311,5.2989607,train
16415,31.14012034803225,31.115376,train
5689,12.073580675127207,12.058638,train
5753,35.88445310346767,35.903908,train
12180,53.11232660181848,53.123592,train
5641,4.420619507032944,4.4039326,train
7135,40.92031603182694,40.92348,train
10391,26.98533118302545,26.966394,train
5153,30.91040497992931,30.909534,train
2626,30.383161080528925,30.391302,train
17575,30.78585051624797,30.76675,train
2417,23.28997481824149,23.313526,train
9260,41.120805074128185,41.133892,train
7030,6.801907526467083,6.7894344,train
15173,9.741813509382144,9.736656,train
6562,44.69786999759816,44.710804,train
3290,2.623503999063017,2.5907862,train
8770,6.804798625042007,6.7903123,train
8784,10.06105554284492,10.052426,train
5277,8.09967191087475,8.089433,train
6778,59.21522697654686,59.264423,train
7961,3.426427000296305,3.4287992,train
14764,6.805252055153304,6.793519,train
9262,46.91882917131666,46.94156,train
10889,8.405428734690727,8.407969,train
7708,39.12378051575852,39.134403,train
14923,3.540883323591228,3.5110583,train
8799,12.074145480171024,12.068487,train
17369,26.684597918145748,26.692072,train
19161,60.70463346233216,60.723316,train
7070,14.362001783938569,14.354473,train
18587,69.12788205050354,69.105774,train
9126,4.42153269196039,4.415733,train
442,9.914430525959508,9.914618,train
2432,27.03330955369092,27.00217,train
9025,22.994731740626108,23.010927,train
4488,6.57997968013165,6.566926,train
18827,6.728695988858052,6.705035,train
17781,35.24715335336369,35.249794,train
18542,35.364527610569084,35.36704,train
16792,26.941092065428904,26.944302,train
8926,3.4637610391768354,3.4507508,train
17508,11.931686744523365,11.926797,train
5648,5.514631754237328,5.4976077,train
2931,6.638518499676308,6.610364,train
7312,36.42816410274023,36.453594,train
2511,3.4268652011358185,3.4234307,train
10215,34.64181170966033,34.639286,train
5194,52.69668947022024,52.7373,train
6896,22.69865017075573,22.696266,train
4623,50.6502714684406,50.636192,train
5023,2.724110359405115,2.6878414,train
9022,22.994731740626108,23.009205,train
17724,14.187529171506236,14.17819,train
5651,5.514631754237328,5.501011,train
6681,14.198530743640813,14.194508,train
14605,11.79410820216684,11.80002,train
6570,50.68493078471787,50.72177,train
6072,11.53119596876517,11.5257845,train
4163,23.07013446773524,23.04895,train
14939,5.57738774476359,5.5712595,train
1651,22.9936078043015,22.998684,train
5368,34.74248220026329,34.7444,train
7806,9.680210315185294,9.667038,train
17379,30.804209814650893,30.802273,train
15878,61.91755856408145,61.939133,train
17876,8.212995549639128,8.200485,train
13795,7.991658777584205,7.9849615,train
6092,16.19772217863908,16.184483,train
7381,4.373588270267297,4.363301,train
18773,52.41284890942071,52.404846,train
4301,8.034880206080599,8.02446,train
18474,11.93139621122396,11.933403,train
9474,60.226012960931534,60.27789,train
16545,9.66304530984486,9.652455,train
16006,27.415781458912697,27.407791,train
11202,47.32179431110334,47.330784,train
1158,2.676319872769252,2.669315,train
15180,11.679809574545024,11.669881,train
10706,9.83104731697686,9.820912,train
8855,31.223603736455804,31.221483,train
15511,3.502563886701579,3.4991727,train
3604,26.28315548393333,26.28756,train
6942,39.866126261957,39.87603,train
1307,39.84803196164996,39.86443,train
10658,3.4266316210422736,3.4279368,train
6522,25.97233068144464,25.941288,train
6263,11.631323018312653,11.631246,train
4554,19.22027700345554,19.200935,train
10410,35.791009758134045,35.78911,train
9992,19.62876084598636,19.627123,train
8052,19.44914634232636,19.441671,train
19077,19.97284670110396,19.974464,train
18127,22.418991886192853,22.416204,train
12072,12.09742358911695,12.09101,train
5042,3.482284363766976,3.4600594,train
8165,5.486112696540107,5.472996,train
10783,30.37471298757097,30.373663,train
1423,11.656463631460475,11.6465645,train
13355,57.13312231443475,57.146996,train
3597,22.66280409992268,22.666763,train
2783,13.84736991148162,13.837488,train
11854,6.654179064714825,6.6395535,train
9097,59.34616574424854,59.35359,train
11946,30.386048672537907,30.381416,train
14700,51.56825139855076,51.573883,train
18164,34.39662236711407,34.399498,train
18428,5.453876964856426,5.4449453,train
7328,41.7456272211452,41.754932,train
1252,19.438719492496457,19.446342,train
16089,2.680117357532955,2.657387,train
764,59.47552278781921,59.503334,train
7838,16.311150222238446,16.315557,train
11206,53.90188774203692,53.9031,train
11122,14.470829883927587,14.45217,train
18718,26.67035970835496,26.679401,train
13888,34.079261637555426,34.077232,train
14387,9.833515805333912,9.820899,train
17069,4.420624805467105,4.4127755,train
3526,6.64364964800169,6.6285706,train
13335,44.60184610371282,44.607662,train
17332,14.203174694797369,14.197079,train
3282,66.23324544059561,66.342026,train
17320,11.930680217392707,11.914011,train
17863,5.451568611934276,5.4483,train
4635,57.23416600632674,57.248947,train
15443,36.018131102324695,36.00517,train
6551,39.27753426474772,39.30468,train
1670,30.794238912773924,30.78446,train
2131,3.494199034483809,3.4851365,train
16416,31.14012034803225,31.11677,train
4374,25.9825189971324,25.969265,train
3884,4.404761854709105,4.405323,train
757,52.45458031839896,52.46533,train
176,52.3882682736391,52.36654,train
7802,8.003875223317337,7.9838257,train
7616,8.009845934350269,8.012715,train
19263,19.48541592663052,19.496803,train
17644,2.7080001211116875,2.6959374,train
7302,31.66584515644597,31.649725,train
14234,20.2134235483514,20.212423,train
12465,11.838944147065492,11.844484,train
6863,14.034669683999034,14.037974,train
18726,30.78419080231098,30.7798,train
14991,14.549398523998969,14.54516,train
4392,34.380357693480214,34.39693,train
16684,3.4970703129535017,3.4787176,train
3174,16.573905403173057,16.565386,train
15772,12.216907157053178,12.205633,train
8697,52.64965762237454,52.652927,train
12045,6.822815867393846,6.813751,train
13330,44.60184610371282,44.61316,train
1379,5.335391898299586,5.3244643,train
7604,6.560735403418399,6.555618,train
9961,11.889272275091988,11.8812065,train
999,5.335720143245309,5.3291454,train
7334,47.68795789657455,47.70865,train
17858,5.451568611934276,5.452027,train
775,2.67963111978823,2.6558714,train
2354,6.804775027058632,6.7893133,train
170,52.3882682736391,52.37836,train
4383,29.96110459697413,29.956118,train
5841,5.573218400912195,5.549775,train
14599,11.79410820216684,11.797812,train
10579,25.743192421777337,25.731916,train
4417,50.65171531599499,50.66662,train
2864,44.55739519495278,44.578438,train
3350,9.573274695324717,9.561211,train
15916,5.576937014393697,5.5670958,train
2722,4.2730728213597535,4.2639847,train
8342,2.737823782607874,2.724424,train
17943,22.94986468631417,22.950047,train
4738,19.55952737168782,19.54903,train
14090,47.680992295718994,47.694702,train
12379,61.348509793807175,61.373825,train
9838,45.68455748839662,45.700165,train
14851,31.227174480005047,31.21905,train
4525,11.655635738720658,11.646225,train
252,9.6469003213132,9.628663,train
3413,29.406136662132543,29.417791,train
13771,5.311987077548214,5.3089643,train
7099,23.25256558499891,23.240738,train
11363,29.808515986958906,29.803621,train
9801,26.408709661995704,26.365067,train
10703,8.12551687206948,8.125706,train
2064,35.98998620812796,35.979412,train
12336,36.16450734276653,36.14643,train
17584,35.36490466801548,35.360424,train
2882,57.02672548940503,57.043663,train
10601,34.04503967970897,34.049675,train
938,45.42860296663197,45.44305,train
8866,35.88878196221561,35.892403,train
9221,27.050315830714485,27.043694,train
4681,6.6884233999807385,6.6645684,train
11034,2.756563314981308,2.719463,train
10318,8.30881283239143,8.290249,train
10424,40.950632724160805,40.961395,train
17730,16.7632499918992,16.757137,train
5429,2.7329174189644587,2.7126765,train
8600,11.93845111841708,11.94964,train
9755,14.06795560888682,14.07796,train
17448,3.463971586611452,3.4566612,train
10144,9.787552015034205,9.773057,train
16558,13.778863574118942,13.762437,train
17883,8.212995549639128,8.194555,train
6150,38.73958632268193,38.742992,train
3125,6.647717166560328,6.622352,train
13252,13.845264711215988,13.8401165,train
10764,22.70200171619421,22.695032,train
5909,20.145233889532307,20.13197,train
6506,22.401963939400744,22.39301,train
6726,30.76232434794344,30.7577,train
4214,46.44982470395645,46.471573,train
1000,6.581067824773221,6.5624156,train
13514,41.35234408019274,41.352493,train
13105,27.357511719545144,27.355236,train
6257,9.698315380168223,9.688552,train
13188,3.384927096116184,3.386654,train
38,5.4535370972796615,5.450304,train
14639,22.706586663401545,22.708286,train
18424,4.372499077848516,4.3746943,train
9149,6.806128834794942,6.787773,train
14662,30.385313055652905,30.389704,train
1232,14.016750584006392,14.01641,train
13683,30.388399670203068,30.390566,train
15198,16.409135926176713,16.406227,train
4204,40.70553607216157,40.706814,train
9006,16.787195017761377,16.77155,train
15217,22.446042861648767,22.443655,train
18511,22.9906590256399,22.997908,train
4837,2.746990607590344,2.7329297,train
4096,6.747715524421623,6.7363834,train
6477,13.861175328282078,13.8511715,train
17555,22.99131847807981,22.970299,train
12385,69.99571630851217,69.99304,train
1355,2.651577175860931,2.627249,train
5448,4.409472257063735,4.4107885,train
6206,3.38352670793303,3.3720253,train
2174,8.28601199625113,8.279215,train
18250,6.728924349168537,6.705921,train
15313,2.7385840698588604,2.7053769,train
17384,30.804209814650893,30.784405,train
17180,31.265853211056445,31.245325,train
8735,3.50175545283292,3.4820297,train
16565,13.778863574118942,13.762543,train
4220,52.86517090270329,52.8814,train
18457,9.944458853458054,9.934853,train
1312,45.39048776873772,45.400047,train
16488,3.3793123881317606,3.371741,train
11358,25.853560650166337,25.853632,train
18965,52.35424291581615,52.358955,train
5844,6.876419054110113,6.8533945,train
18277,11.932861762453696,11.92893,train
8842,27.039190034919176,27.022747,train
18837,8.218139021218338,8.211055,train
1607,9.944103509025238,9.930922,train
4991,41.02699155008549,41.023727,train
4958,27.04564140717384,27.028204,train
8704,59.77527993292279,59.765762,train
7235,10.179073775007422,10.159918,train
17054,2.737863669082239,2.7249022,train
2319,3.502050506320055,3.4765546,train
8401,10.060244866626965,10.046238,train
10667,4.3249563001073135,4.3296604,train
3778,19.958089859638896,19.965206,train
5527,19.87480651925221,19.852346,train
12886,17.20794229838949,17.191082,train
225,5.3012249343319935,5.296515,train
13165,61.3181520474562,61.327755,train
14071,36.428494938564704,36.44266,train
18490,16.785412269679526,16.778214,train
14510,58.53201876125161,58.513447,train
17142,17.002765463643282,16.978851,train
11644,5.394844293046,5.394042,train
18023,2.6516876145608954,2.6208458,train
2217,19.88098601288324,19.878302,train
9345,8.28367776832649,8.271821,train
14423,16.59101007063037,16.582518,train
4362,22.412843611868016,22.410622,train
13421,10.132586420334118,10.121799,train
14401,11.796720623159729,11.796556,train
6399,2.6496526089772976,2.6353962,train
12729,30.13641458533303,30.128574,train
4648,3.448697967641652,3.437895,train
2402,16.991842928224937,16.976557,train
10891,8.405428734690727,8.414229,train
9050,30.792365123361137,30.782131,train
12551,45.65432120610436,45.66146,train
11367,29.808515986958906,29.801651,train
2400,16.991842928224937,16.984282,train
16077,72.41985765723174,72.441795,train
16376,16.975095666791052,16.943247,train
8294,46.69324976620808,46.709724,train
18871,14.203412981302147,14.201211,train
16387,19.92899959728709,19.90783,train
5848,6.876419054110113,6.8479085,train
3925,10.007610430801112,9.992713,train
15350,8.31765195855304,8.311762,train
14587,9.831611259859253,9.823194,train
14114,61.87956213511676,61.92845,train
3874,3.4906262588516723,3.4824762,train
12822,5.577448450095398,5.5534387,train
7412,8.22205215267704,8.229427,train
7507,40.59509796644647,40.621124,train
13623,11.79578353111807,11.795755,train
16356,12.06457598001331,12.062081,train
6853,11.79247674953602,11.794142,train
8650,26.719688219129843,26.705296,train
5371,34.74248220026329,34.74814,train
7006,4.41963148757761,4.415679,train
4463,3.3899503390781547,3.395576,train
12557,45.65432120610436,45.669544,train
13239,11.636146679706028,11.630449,train
18195,50.69565029953908,50.683212,train
10188,22.57583300924566,22.571712,train
15410,23.34160294300016,23.33524,train
17500,9.944672091049991,9.939943,train
2861,44.55739519495278,44.570606,train
5158,30.91040497992931,30.91348,train
12493,19.53860154075247,19.533403,train
11481,8.30011706461138,8.289865,train
106,19.707799831398216,19.695179,train
18222,3.4639925588980818,3.4621809,train
18728,30.78419080231098,30.771317,train
16712,6.789694094218048,6.774009,train
2077,47.07352396287201,47.071312,train
7862,22.310875021117354,22.323578,train
6682,14.198530743640813,14.192216,train
15559,10.06695287605768,10.066638,train
15574,12.082626569966488,12.09531,train
101,19.707799831398216,19.697691,train
2687,67.38521281421959,67.44412,train
19221,9.836238956961564,9.82446,train
18075,8.035667900269116,8.037453,train
9414,26.92943166856057,26.933624,train
16091,2.680117357532955,2.6660323,train
357,44.20482503393963,44.221413,train
2609,22.70525476986539,22.707045,train
12654,9.768981042055076,9.754775,train
17164,23.313702792405124,23.306284,train
10349,14.363379473798012,14.353009,train
3708,5.514361958659131,5.518549,train
3042,39.739221698239575,39.765137,train
2115,2.733014195440622,2.6996727,train
12286,17.09144859211879,17.048016,train
13115,31.594912912840023,31.586164,train
16463,60.05976577236108,60.146675,train
16321,6.802266127120083,6.7820907,train
4446,2.651340495288661,2.6232,train
6096,18.998376056860323,18.987526,train
2969,13.999610748761176,13.989032,train
7830,13.810238138743603,13.795639,train
3866,2.7305324516087164,2.7025254,train
5509,14.320139454287412,14.3043785,train
127,26.67923888964828,26.682383,train
14714,58.378819776444416,58.433094,train
634,8.218116602772081,8.202937,train
10026,35.22028551346449,35.23736,train
555,52.32557471701267,52.35384,train
8463,31.23554448182804,31.207598,train
17847,4.3709490146262535,4.369864,train
9907,4.361721156600234,4.36965,train
4314,9.719544483530507,9.695991,train
4899,10.081084989122813,10.075125,train
19296,30.43629700593164,30.427755,train
19051,12.079904523944911,12.070209,train
9914,4.361721156600234,4.3674183,train
12795,2.768265193898514,2.732657,train
9227,27.050315830714485,27.046158,train
13874,29.71030411274068,29.707134,train
2805,22.369427249904778,22.365059,train
909,30.38076056729905,30.361336,train
14252,27.400857794657927,27.407373,train
17481,6.728661322074843,6.704281,train
7884,29.82551748295141,29.794477,train
13094,23.5681103629247,23.565546,train
3754,14.375851944553288,14.380104,train
9400,19.881223193832128,19.864784,train
8609,14.21374816941229,14.211727,train
3606,26.28315548393333,26.286144,train
17924,16.764656649063088,16.741014,train
8042,16.574017901587826,16.562183,train
16196,22.721509220154857,22.739527,train
3484,2.676159193667881,2.6530943,train
18086,11.658590664393245,11.650292,train
18093,11.658590664393245,11.649577,train
9721,6.673618911012023,6.672538,train
9783,19.511210629926246,19.496626,train
17590,40.45296757500148,40.483715,train
15734,5.576457565869874,5.5658064,train
8803,14.376971885187007,14.379992,train
17838,3.462916596395052,3.4606616,train
4717,14.101696676245515,14.104068,train
15320,3.5026944656710426,3.487796,train
4960,27.04564140717384,27.028173,train
16973,23.177095686414493,23.156534,train
13085,20.19050088478762,20.178528,train
9849,51.93137190718903,51.951416,train
7282,23.59913330619728,23.602108,train
5779,46.84485270238342,46.83529,train
6282,13.839728224012498,13.825338,train
10471,3.3670877540885287,3.3641124,train
2106,69.53244384329564,69.46997,train
4269,4.278595371611911,4.2783012,train
6780,59.21522697654686,59.26541,train
2176,10.026963990373934,10.008094,train
17723,14.187529171506236,14.177052,train
10057,52.15715096411118,52.170383,train
15540,6.807568748079518,6.8025904,train
9581,19.70058182936315,19.703339,train
10806,45.392770466990434,45.395218,train
15471,53.674634010244326,53.67047,train
13821,13.778863574118942,13.762613,train
8253,26.89784900823696,26.893522,train
11155,27.232871424052814,27.216494,train
335,34.03959183233169,34.031757,train
4745,22.82017085774277,22.824427,train
13667,22.709573149294464,22.714935,train
14880,46.903861444194575,46.916626,train
5214,67.89636060989888,67.962585,train
8895,53.28163800837392,53.251083,train
10346,14.363379473798012,14.358264,train
18975,59.33095836964852,59.403355,train
3468,55.98918534937304,55.978474,train
7858,22.310875021117354,22.320936,train
3018,30.28327140942746,30.288834,train
9713,5.4120818139826525,5.406302,train
14532,2.679800903649064,2.6651952,train
11587,46.77859167776056,46.781757,train
14615,14.037250335162268,14.03311,train
17071,4.420624805467105,4.416599,train
14128,73.16672003142884,73.08928,train
1586,6.728228905976399,6.7079897,train
17354,19.708416363432303,19.695286,train
6792,2.679876652308808,2.670965,train
14508,58.53201876125161,58.516533,train
7508,40.59509796644647,40.62047,train
7320,36.42816410274023,36.436066,train
18323,22.99775950874276,23.007095,train
5394,51.312490421608985,51.308502,train
17007,35.65752924170458,35.65711,train
4386,34.380357693480214,34.40105,train
18110,16.387020803117196,16.391293,train
13733,58.36936852175695,58.437695,train
4883,8.330951206182403,8.321464,train
7562,2.644517535660832,2.616456,train
13475,23.452065065404536,23.4475,train
15875,61.91755856408145,61.94493,train
12081,12.09742358911695,12.091471,train
17141,17.002765463643282,16.983553,train
9132,5.515840559625128,5.5093746,train
4764,30.56104595391632,30.547672,train
17385,30.804209814650893,30.781445,train
14205,12.219906214187988,12.2203455,train
3195,22.69471854911499,22.713371,train
18339,30.80004244295742,30.79322,train
18245,5.454086972362974,5.4537606,train
9534,8.217205986215005,8.191905,train
1896,46.89344416172968,46.884983,train
8723,2.737993099504657,2.698108,train
15496,2.738511525458672,2.6991346,train
12826,5.577448450095398,5.557222,train
7989,6.652641962105018,6.6380663,train
15738,6.881721048030808,6.860939,train
911,34.886053109587735,34.898193,train
11746,30.401595341860737,30.41543,train
10771,26.32861172301684,26.325253,train
8672,40.58653190880326,40.60274,train
15371,12.085016051450117,12.094524,train
15827,31.67416237977404,31.664192,train
5547,26.92088192163529,26.91418,train
16800,31.110044792535263,31.103012,train
10917,14.539623170982962,14.535927,train
17926,19.675866135052928,19.65986,train
18713,22.98758383508474,22.983679,train
16852,60.38601216143688,60.412945,train
13481,27.21848556581516,27.196938,train
5891,14.519671559123143,14.488888,train
7572,3.3809129575406835,3.3808799,train
1374,4.2785560676396175,4.2721467,train
2560,9.831747633839294,9.8155985,train
6236,6.56667945409624,6.5470295,train
1540,2.708579062443912,2.683462,train
5276,8.09967191087475,8.08823,train
5521,16.926276381493675,16.89382,train
14394,9.833515805333912,9.82317,train
9085,52.37392807384792,52.3505,train
630,8.218116602772081,8.201535,train
7321,36.42816410274023,36.423042,train
6592,64.63445678339761,64.703606,train
403,4.359795574456207,4.362549,train
6484,16.3737194207109,16.370756,train
615,5.453675773717265,5.4581947,train
2343,5.514992905648285,5.500252,train
11830,3.4267563411162123,3.4388428,train
9731,8.1472980592236,8.162147,train
18464,9.944458853458054,9.938015,train
14040,23.60115230987814,23.609442,train
15232,26.02407266450384,26.011,train
17991,45.88636353743181,45.886326,train
17972,35.25462350907537,35.265694,train
14424,16.59101007063037,16.577269,train
13480,27.21848556581516,27.195086,train
7704,34.24997647402045,34.25488,train
507,26.603951087058466,26.584528,train
4646,3.448697967641652,3.433293,train
14377,8.127277318599202,8.129122,train
6285,16.347664625280032,16.346975,train
13141,47.44345591156762,47.43642,train
7221,6.882918890234676,6.858595,train
18214,2.708708464276146,2.692902,train
10557,19.05443138170404,19.062807,train
15595,19.983325306274804,19.99899,train
3905,6.774445427179768,6.7564993,train
12224,5.543782443503579,5.52345,train
11577,40.998353809794885,41.015514,train
18886,19.7050323192318,19.699371,train
7709,39.12378051575852,39.130684,train
13249,13.845264711215988,13.839827,train
5798,60.4524910654573,60.447758,train
8239,19.84990966305152,19.836905,train
2475,53.37235098962706,53.37492,train
3964,19.81382468589979,19.801174,train
5522,16.926276381493675,16.893505,train
17239,69.31625271328639,69.39626,train
18118,19.22697500817129,19.23371,train
1465,22.41035956215645,22.397968,train
7530,52.65787197375085,52.6588,train
19029,8.31575350674248,8.298307,train
5467,6.7835549168687095,6.763039,train
10755,22.70200171619421,22.702883,train
15837,36.43893022647474,36.46289,train
14427,19.47358371511247,19.482027,train
19040,10.065339806641262,10.047534,train
15638,35.98496149414287,35.984848,train
6434,6.575749272452735,6.557825,train
321,29.674224196982102,29.662575,train
16875,3.495817832919528,3.4831471,train
7418,9.95058028746876,9.942775,train
3362,11.47503257770756,11.46183,train
1085,25.98963110205024,25.970858,train
3963,19.81382468589979,19.79715,train
18829,6.728695988858052,6.7093472,train
3336,7.918785017787245,7.91601,train
11850,5.394227382809981,5.4027214,train
5965,47.083801566741634,47.101933,train
10524,9.64268256478926,9.635784,train
10988,41.56244248915803,41.567116,train
5737,27.03688908872464,27.030533,train
6509,22.401963939400744,22.392435,train
6968,58.33205390993229,58.31073,train
9250,35.914434917306146,35.919155,train
10185,22.57583300924566,22.581299,train
10422,40.950632724160805,40.95688,train
16382,19.92899959728709,19.92577,train
2700,2.648435565573492,2.6142879,train
11207,53.90188774203692,53.89689,train
2730,5.328295548013195,5.3193936,train
10287,4.420015738497578,4.41705,train
5118,16.847652107473593,16.823711,train
10063,52.15715096411118,52.17096,train
18013,58.918449486030376,58.930508,train
13080,20.19050088478762,20.18872,train
3280,66.23324544059561,66.3491,train
6189,63.38449733252296,63.431976,train
14680,39.89073286545132,39.91339,train
858,14.035147429874712,14.031416,train
3984,26.8078158500896,26.803652,train
347,38.871001689016985,38.887444,train
4111,9.970797327562025,9.984806,train
17729,16.7632499918992,16.753492,train
3766,16.994828604075785,16.99924,train
18538,35.364527610569084,35.367344,train
11250,3.3775172482846187,3.3864982,train
9299,2.729745979583993,2.722167,train
1886,41.102242544116194,41.104942,train
3514,5.385959886305065,5.3895264,train
1202,8.114151752433223,8.104466,train
16726,8.292020326117655,8.28186,train
17773,30.70077920221167,30.689325,train
15987,20.21809965806252,20.201729,train
12625,5.366975558868218,5.3582606,train
6221,4.26985585887273,4.254222,train
10312,6.802501042896526,6.783118,train
3165,14.02600296533172,14.026688,train
18146,29.97287072252159,29.979086,train
16486,2.644782439096441,2.611467,train
2936,8.10628119297899,8.092743,train
16206,26.35585423252835,26.362381,train
17769,30.70077920221167,30.697048,train
5270,6.633172795893891,6.611041,train
5926,27.266807168388087,27.258509,train
18919,30.78317811917148,30.763681,train
1498,39.26522597200145,39.28521,train
13728,51.56480717094732,51.56226,train
13264,16.35386319839244,16.355864,train
9710,5.4120818139826525,5.4212475,train
3675,2.737823046813698,2.699603,train
15845,41.75846663066622,41.76706,train
8185,8.267826917565984,8.263984,train
1569,5.453602047597056,5.448843,train
11620,2.6800298406074674,2.67377,train
5812,2.767230090921776,2.725899,train
9839,45.68455748839662,45.70106,train
6995,3.501096998788304,3.4895391,train
5617,2.7379345908003714,2.6909943,train
1507,39.26522597200145,39.28282,train
5247,4.312276681150203,4.3145304,train
18802,3.4639967086747205,3.4654686,train
2852,39.17395137784385,39.181324,train
14105,54.33858922000827,54.311516,train
9684,2.693225881006085,2.6582286,train
10625,50.09910520621285,50.118145,train
3061,51.33909351317882,51.331337,train
13535,53.65683209525948,53.66397,train
8139,2.724794655337337,2.6969488,train
16637,38.91422234320085,38.932297,train
43,6.728225741656603,6.7002535,train
8163,4.398244872508168,4.387375,train
1304,39.84803196164996,39.871372,train
18360,40.48350578932382,40.49747,train
19169,2.6801950720210863,2.654317,train
3811,31.2257159436659,31.216827,train
16988,31.03775157836372,31.0252,train
17151,19.9701531296528,19.976616,train
16950,16.921500106917048,16.909498,train
7428,11.940417434295226,11.939607,train
10647,2.679764835700203,2.6563897,train
16752,14.332007468744225,14.326011,train
10712,9.83104731697686,9.818251,train
5288,9.79900845287837,9.784492,train
10620,44.21684655523015,44.227478,train
1186,5.386557878584089,5.3820386,train
10491,5.296604013800311,5.2988057,train
6278,13.839728224012498,13.833696,train
12910,27.410694019083195,27.406918,train
251,9.6469003213132,9.627817,train
3508,4.318728812581711,4.321273,train
2218,19.88098601288324,19.877821,train
3559,11.77393419104924,11.773788,train
9646,46.07701349970316,46.080845,train
14482,39.93419882475006,39.950485,train
2695,2.648435565573492,2.6125555,train
10853,3.540107142975788,3.525741,train
6965,58.33205390993229,58.3107,train
5596,53.083073628243376,53.086525,train
2274,40.923614122445166,40.931316,train
2773,11.638505633455669,11.63187,train
15134,4.297855922649827,4.294337,train
6270,11.631323018312653,11.627426,train
3293,3.351284363884982,3.3389606,train
3773,19.958089859638896,19.96826,train
14824,19.957580957136027,19.95597,train
5922,23.503873212499084,23.493706,train
8209,12.007771450667535,12.006993,train
3727,8.311869444965327,8.30416,train
9763,14.06795560888682,14.07058,train
5039,3.482284363766976,3.4679914,train
16098,3.4271715208360507,3.4234674,train
15091,61.8777218088416,61.942417,train
18633,5.453514973447485,5.4519205,train
8327,68.81309100394122,68.84476,train
14015,14.551849737231798,14.545427,train
15308,2.7385840698588604,2.7042615,train
10511,7.972989524142502,7.974765,train
3693,4.420411774772554,4.422885,train
17228,60.85346407983517,60.85901,train
1275,26.300006863997687,26.290976,train
6755,46.0352372303975,46.037853,train
3802,27.0396064566848,27.011854,train
13978,6.883216649120083,6.8587937,train
14871,41.10504443634969,41.119236,train
9090,52.37392807384792,52.365795,train
11780,45.47145799138764,45.512394,train
5958,41.33105793830249,41.34229,train
17280,5.452947367426283,5.438937,train
11086,8.3667163290534,8.357464,train
2701,2.648435565573492,2.6173823,train
10265,2.7378350951730805,2.7160313,train
3202,22.69471854911499,22.681622,train
956,58.38596546089347,58.424217,train
15176,9.741813509382144,9.736574,train
2300,60.32380426469487,60.344185,train
14022,17.20685403521417,17.196655,train
10077,2.6703927948160247,2.6556451,train
2022,19.981913988137755,19.971825,train
8183,8.267826917565984,8.277737,train
11578,40.998353809794885,41.011276,train
10947,23.56254672507082,23.559725,train
12658,9.768981042055076,9.76061,train
13636,14.039270848299736,14.032455,train
4557,22.41025335211663,22.407593,train
14487,45.49573519133895,45.5225,train
13529,53.65683209525948,53.67973,train
1534,57.20652774133463,57.185703,train
17453,3.463971586611452,3.4630818,train
17620,59.36039100777808,59.420425,train
12269,12.138773915132886,12.132597,train
2303,60.32380426469487,60.34154,train
13485,27.21848556581516,27.189985,train
12852,10.179629797544049,10.160371,train
6163,49.89380123014212,49.907417,train
3580,16.55589942735338,16.551697,train
901,30.38076056729905,30.385162,train
11235,2.641945369529067,2.620614,train
17322,11.930680217392707,11.912712,train
17193,35.953314837014425,35.945324,train
4182,30.923494904816422,30.916595,train
12799,2.768265193898514,2.7416568,train
7229,8.408987703827327,8.383041,train
2393,14.374076505429992,14.35849,train
10972,31.58388320152769,31.549004,train
5408,58.06570389407524,58.08264,train
2437,31.22007476484556,31.208527,train
12874,14.552373177137932,14.548833,train
19218,8.129064147563943,8.145741,train
17757,26.612189407349323,26.619646,train
17106,10.062224196236288,10.054012,train
8452,23.29880260089402,23.27754,train
7703,34.24997647402045,34.255184,train
462,14.160952427235628,14.16411,train
12449,8.158966784717283,8.148975,train
10156,13.968429281710575,13.958393,train
17352,19.708416363432303,19.697037,train
16399,26.979176255131968,26.955324,train
5674,10.060629531796687,10.040398,train
13153,53.97896503267833,53.96263,train
15353,8.31765195855304,8.318996,train
9745,11.820738034299742,11.832173,train
14030,20.2127881503318,20.213528,train
7232,10.179073775007422,10.169488,train
1934,3.5023728097497764,3.4837694,train
18293,14.205399851176583,14.200385,train
15639,35.98496149414287,35.98497,train
2282,46.6860010069887,46.710705,train
7649,16.327472020473603,16.329977,train
5350,26.231656278814548,26.221876,train
10993,47.41285060588126,47.41492,train
778,2.67963111978823,2.6577182,train
2329,4.421023847624547,4.404399,train
7524,46.30064389565297,46.318672,train
3818,35.89380915458802,35.905952,train
18254,6.728924349168537,6.7060194,train
10118,6.626577584173653,6.6131163,train
8939,4.372289036882156,4.358728,train
17780,35.24715335336369,35.25365,train
11278,6.553632401545066,6.5478053,train
3672,58.22606648348325,58.292534,train
10105,5.372723917651187,5.3765955,train
15118,3.408232043941083,3.398862,train
1888,46.89344416172968,46.902706,train
2168,8.28601199625113,8.273323,train
13917,50.13120527614953,50.160206,train
5565,35.73198980287516,35.730965,train
14863,35.89960393091611,35.910904,train
14528,2.679800903649064,2.659583,train
1526,50.632492434613184,50.632027,train
2994,19.41002101524697,19.39774,train
2085,53.61430273355695,53.601246,train
18063,6.581219445434478,6.566983,train
36,5.4535370972796615,5.4512854,train
10838,2.767835097876492,2.743079,train
13524,47.17017381468497,47.17715,train
8361,4.420408821409588,4.421922,train
8281,35.72177595241204,35.71991,train
4877,6.821268673764209,6.800581,train
2963,11.763618443330088,11.758309,train
2250,31.098562535715903,31.095583,train
13279,22.371217342856696,22.374147,train
12447,8.158966784717283,8.150376,train
1915,60.60289546086052,60.610195,train
8811,16.995957578136125,16.987362,train
10353,14.363379473798012,14.347533,train
6273,13.839728224012498,13.836431,train
16944,14.318833955178135,14.314623,train
372,56.55112495464567,56.51361,train
2517,4.32526132233661,4.316744,train
14890,53.37814339848742,53.402668,train
13258,13.845264711215988,13.832325,train
2578,14.03703780461786,14.031366,train
15407,23.34160294300016,23.35183,train
1118,39.29411433263528,39.311596,train
2961,11.763618443330088,11.760017,train
8864,35.88878196221561,35.898182,train
9301,3.490854448341839,3.4854696,train
16564,13.778863574118942,13.761733,train
6436,6.575749272452735,6.5621934,train
18476,14.203184342146836,14.199844,train
16641,44.2513224587667,44.258602,train
7681,25.887362814946755,25.89021,train
10528,11.56241185959522,11.558001,train
8786,10.06105554284492,10.049959,train
16955,16.921500106917048,16.90644,train
9583,19.70058182936315,19.70015,train
2756,9.704790404948806,9.697797,train
8574,8.220943361868855,8.204389,train
5807,2.767230090921776,2.726781,train
17289,6.727493680206459,6.6971283,train
2867,50.49155592474484,50.501526,train
15421,27.103617982825227,27.078663,train
5768,41.07423943587891,41.080162,train
5666,8.312271261293663,8.304537,train
3863,2.7305324516087164,2.701189,train
2800,19.187323388788315,19.177742,train
13246,11.636146679706028,11.632213,train
6137,33.92870828003857,33.91672,train
1350,2.651577175860931,2.6212256,train
10939,20.18653047753837,20.174688,train
14555,4.325053144040819,4.3296185,train
875,19.463397172895007,19.45064,train
8504,53.388393832045885,53.397156,train
11724,22.715728356803982,22.712927,train
16528,7.991658777584205,7.983244,train
3911,6.774445427179768,6.7553663,train
13078,17.19181300428322,17.172506,train
18988,3.5025840094867644,3.4832501,train
6533,34.37603090635952,34.385395,train
798,4.324690454952959,4.3193145,train
11150,23.45668169305344,23.458271,train
13811,11.58450889049733,11.575448,train
10645,2.679764835700203,2.6561937,train
14123,73.16672003142884,73.13697,train
18301,16.788713564476186,16.783646,train
17763,26.612189407349323,26.614826,train
4291,6.580677782982555,6.5686874,train
17802,45.87191982389491,45.86192,train
5726,23.294367317733496,23.327461,train
677,16.78961394224162,16.781973,train
7238,10.179073775007422,10.160034,train
17927,19.675866135052928,19.66201,train
10551,16.24410167911608,16.242207,train
8964,8.217900959228839,8.194128,train
9402,23.20334156234951,23.19317,train
2404,16.991842928224937,16.966059,train
15666,53.57542916459361,53.59385,train
11662,8.12733854043814,8.12071,train
1503,39.26522597200145,39.28104,train
17892,9.937271543072656,9.927872,train
7107,26.978401307234257,26.96149,train
10303,5.51347068232188,5.5061407,train
2729,5.328295548013195,5.3205256,train
12872,14.552373177137932,14.55255,train
7072,14.362001783938569,14.351838,train
13668,22.709573149294464,22.712944,train
9454,46.65423333440259,46.66794,train
10642,56.575095478324506,56.55615,train
16960,19.86458286546309,19.845095,train
7919,50.46110897663102,50.49842,train
11445,4.417284206021883,4.419087,train
4790,40.17730010575605,40.16987,train
14243,23.599740087936286,23.609793,train
15956,12.219364473939503,12.2158985,train
17790,40.28953774014432,40.298416,train
12970,61.88841155896284,61.91875,train
19074,17.006257963290253,16.98041,train
12157,41.021553499258864,41.01567,train
3557,11.77393419104924,11.772435,train
10615,44.21684655523015,44.222225,train
13473,23.452065065404536,23.455904,train
18234,4.3726082383321,4.3796206,train
18413,3.46394638368498,3.4709022,train
9291,2.729745979583993,2.714313,train
11501,12.051421583783052,12.041026,train
18483,14.203184342146836,14.204226,train
16682,3.4970703129535017,3.4778714,train
879,19.463397172895007,19.449312,train
12249,8.356192481029266,8.36343,train
18985,2.738560394234994,2.7242544,train
4630,57.23416600632674,57.22323,train
2934,6.638518499676308,6.6123123,train
5555,31.086306563780983,31.078012,train
4842,2.746990607590344,2.7406218,train
13117,31.594912912840023,31.58043,train
2460,41.09651086281495,41.10299,train
19356,66.46919271207298,66.50858,train
2158,6.78451665768644,6.7633195,train
11162,27.232871424052814,27.206873,train
19055,12.079904523944911,12.076057,train
16961,19.86458286546309,19.84641,train
15400,19.991138872081702,19.993496,train
567,59.35647455954896,59.43837,train
13640,16.58837265322754,16.593142,train
17027,46.49526413052747,46.49647,train
14554,4.325053144040819,4.3309693,train
13814,11.58450889049733,11.57973,train
8533,3.4643390973536583,3.4543052,train
8528,2.70891590619996,2.7008662,train
8832,23.296083483998068,23.30603,train
2922,5.381950494939112,5.377964,train
18261,8.218564570713069,8.207453,train
4079,5.470489117246241,5.4712925,train
19003,4.42192814563757,4.4162707,train
6464,11.648849602331245,11.646695,train
16835,46.71078932007112,46.717255,train
7267,17.205336964454208,17.18963,train
9842,45.68455748839662,45.711708,train
9699,4.341497964452761,4.339726,train
6010,3.3594554848970217,3.3501592,train
7864,22.310875021117354,22.320377,train
12016,3.513376022574373,3.498805,train
2841,34.29895562539627,34.298275,train
9768,16.622454312568223,16.616741,train
2269,40.923614122445166,40.9428,train
4215,46.44982470395645,46.47097,train
8348,3.5015146698937243,3.4896076,train
16965,19.86458286546309,19.839529,train
4433,57.234210991288506,57.25648,train
12141,31.21633923942998,31.186962,train
12105,19.9795829364564,19.980526,train
302,22.211921831456284,22.206146,train
17669,5.4514537015048905,5.4535027,train
6135,33.92870828003857,33.919254,train
15229,26.02407266450384,26.016727,train
14961,8.408610267261812,8.392221,train
3049,45.24553910198273,45.2473,train
15389,17.01847041526688,17.010746,train
3322,5.265575656743408,5.2643123,train
9086,52.37392807384792,52.349716,train
9826,40.07151118070172,40.085808,train
12699,19.318732370889105,19.313435,train
19254,16.599431096237396,16.5929,train
2237,26.930729823540588,26.935476,train
15901,3.5403585958735047,3.5271692,train
3055,51.33909351317882,51.336445,train
12428,5.4184367859103055,5.4220924,train
7472,23.02829685536476,23.033388,train
8667,35.45862287003865,35.454773,train
10816,51.50778410422704,51.476604,train
100,19.707799831398216,19.700937,train
8563,6.73043322266602,6.6987457,train
10052,45.911486583232765,45.90647,train
18035,3.390434796633999,3.3940034,train
16759,16.93983299424297,16.931168,train
17485,6.728661322074843,6.7041483,train
4493,6.57997968013165,6.566631,train
12962,54.34998233739767,54.32862,train
754,52.45458031839896,52.456932,train
2444,31.22007476484556,31.195328,train
10841,2.767835097876492,2.7638183,train
15790,17.206095957878134,17.199356,train
16542,9.66304530984486,9.651548,train
6698,19.69635613318388,19.686625,train
8128,58.09660211241908,58.13251,train
16043,41.74918116335162,41.761833,train
16843,53.15028777358014,53.130733,train
16260,51.67042053675918,51.678085,train
10592,29.677399564031603,29.674606,train
16034,36.43845598684842,36.434345,train
12241,8.356192481029266,8.340347,train
4895,10.081084989122813,10.074986,train
10526,11.56241185959522,11.556241,train
6448,8.028939563802153,8.021265,train
16751,14.332007468744225,14.323452,train
14431,19.47358371511247,19.481518,train
738,40.49585337594807,40.51289,train
18593,69.12788205050354,69.09676,train
1544,2.708579062443912,2.6876597,train
18353,35.38576344087019,35.392574,train
5865,10.16471814241218,10.1410885,train
17952,26.61609949971503,26.612587,train
16366,14.362716447104814,14.350523,train
16074,61.79860533418504,61.85729,train
1456,19.22082359226023,19.207094,train
13269,19.187069571677124,19.181778,train
11316,13.807606826835338,13.794303,train
7930,57.0491840684996,57.06253,train
15163,8.056643564505476,8.064963,train
19013,5.516471991212152,5.5049415,train
17146,19.9701531296528,19.972363,train
14457,30.4057495063976,30.405008,train
5132,19.77808294115797,19.770523,train
10523,9.64268256478926,9.633282,train
8988,11.93189209849983,11.918857,train
9099,59.34616574424854,59.372578,train
1290,34.84895468229793,34.849022,train
8113,45.29318866042374,45.287075,train
8678,40.58653190880326,40.58967,train
7459,19.73176517827855,19.734673,train
8433,19.95984341060886,19.95809,train
10224,34.64181170966033,34.629642,train
12403,3.4442629704971943,3.444556,train
15037,31.65924439632516,31.65062,train
17899,11.92108481279417,11.916562,train
9479,60.226012960931534,60.293106,train
1664,26.67828808587088,26.676216,train
13422,10.132586420334118,10.123914,train
17128,14.380999826435913,14.376158,train
17859,5.451568611934276,5.452833,train
1780,8.311737250622173,8.2946205,train
10064,52.15715096411118,52.17349,train
16234,39.94240935740361,39.971123,train
13836,16.269805179595384,16.261093,train
15344,6.808194080929191,6.808846,train
8235,19.84990966305152,19.86532,train
13216,6.569502868408146,6.555751,train
5531,19.87480651925221,19.838549,train
1976,10.066042242569983,10.05724,train
12074,12.09742358911695,12.0936365,train
8238,19.84990966305152,19.839674,train
16448,52.98386526528585,52.993027,train
683,19.7117369235059,19.704134,train
15650,41.21766637163386,41.228832,train
14940,5.57738774476359,5.5721917,train
15724,4.4696908100697,4.4533277,train
11427,2.737464523455676,2.7088397,train
2748,8.023180179116657,8.017688,train
13013,5.5761957478989626,5.567929,train
7373,3.464617385374871,3.461428,train
13921,56.60134448761165,56.591545,train
14095,47.680992295718994,47.696766,train
12539,35.03784651809894,35.04248,train
4573,25.979645064492203,25.965961,train
13863,25.774441228347605,25.759789,train
13341,50.56027279455254,50.56954,train
2459,41.09651086281495,41.103672,train
14376,6.6550572887681145,6.6483607,train
18772,52.41284890942071,52.406364,train
18662,9.943284673744312,9.933751,train
17218,53.51689601658749,53.52186,train
686,19.7117369235059,19.699402,train
1303,39.84803196164996,39.865788,train
392,3.454105572222532,3.4547317,train
13757,3.3793123881317606,3.3698406,train
1808,14.375684023441574,14.369468,train
18776,59.43752089678267,59.44964,train
15710,3.5402028483267967,3.5058453,train
6813,5.39405431056156,5.392289,train
6563,50.68493078471787,50.707615,train
7061,12.063942686022951,12.059027,train
10844,2.767835097876492,2.7419477,train
3853,60.52998546309277,60.53657,train
18947,46.08967825335424,46.091377,train
16692,4.413433510170315,4.4083776,train
13918,50.13120527614953,50.165634,train
200,3.371358194630628,3.3644187,train
304,22.211921831456284,22.201246,train
16502,4.262151865053322,4.251076,train
3,2.708496180126906,2.6741805,train
14313,61.61955390616471,61.60399,train
12313,27.2150462191298,27.211563,train
712,30.807016912029543,30.797974,train
14262,31.654038807109423,31.655529,train
8780,8.312589722231753,8.300465,train
14413,14.040854649431251,14.042689,train
7592,5.319759895863683,5.322471,train
10210,30.18512064085396,30.180498,train
942,51.56890951301239,51.55659,train
8957,6.728387427829043,6.6977315,train
2993,19.41002101524697,19.40054,train
1567,4.372281870616634,4.3688293,train
8801,14.376971885187007,14.378585,train
6664,11.927985868777798,11.925474,train
3499,3.421855504666593,3.426722,train
2657,45.43140092411185,45.447525,train
16725,8.292020326117655,8.282052,train
9786,22.76296882623324,22.778528,train
5165,35.51833588723952,35.527245,train
4109,9.970797327562025,9.972957,train
15174,9.741813509382144,9.737461,train
3318,5.265575656743408,5.2648435,train
10906,12.210195184882402,12.210154,train
17585,35.36490466801548,35.35602,train
6295,19.18033941664073,19.17536,train
18665,9.943284673744312,9.929796,train
7990,6.652641962105018,6.6368847,train
6647,8.216151225650435,8.2052355,train
18233,4.3726082383321,4.3767934,train
1267,22.674852098493925,22.659655,train
13963,5.577725012436253,5.5712423,train
10930,17.18896478933625,17.160723,train
11120,14.470829883927587,14.4557905,train
13797,7.991658777584205,7.9869957,train
18867,14.203412981302147,14.205604,train
16411,31.14012034803225,31.121561,train
15165,8.056643564505476,8.06543,train
11318,13.807606826835338,13.794496,train
10612,38.87931509003652,38.88791,train
16972,23.177095686414493,23.159754,train
8289,40.90966709664708,40.92814,train
742,46.1602134775885,46.166733,train
8066,26.300087921823646,26.301453,train
2531,5.394350144315574,5.393218,train
1751,4.420360932898184,4.4246397,train
15079,54.33096917075789,54.28032,train
4686,8.165768752488026,8.161969,train
1156,2.676319872769252,2.6625078,train
6553,44.69786999759816,44.716835,train
7777,5.317375541707098,5.309249,train
16777,19.890220415820057,19.869022,train
18756,46.12097172526919,46.13336,train
19095,23.31463303828463,23.299524,train
8815,16.995957578136125,16.989563,train
17830,2.708022958232064,2.686658,train
13064,14.541677505539448,14.544397,train
3974,23.11250514594009,23.096819,train
6598,2.708393370963044,2.6917288,train
5376,39.71379883087487,39.738663,train
917,34.886053109587735,34.898632,train
14191,10.180712630968689,10.175761,train
5589,46.66270391250456,46.65922,train
4947,23.310450760456497,23.309395,train
18481,14.203184342146836,14.202792,train
5654,6.804563440257528,6.7860613,train
13424,10.132586420334118,10.123785,train
18251,6.728924349168537,6.706969,train
4440,65.42022898601756,65.39841,train
17869,6.725155751284984,6.7036567,train
15866,54.36650330189079,54.31199,train
4147,19.766535338864166,19.776005,train
17258,3.4633463032713725,3.4458926,train
7716,39.12378051575852,39.13332,train
19100,27.06434035111792,27.050417,train
2872,50.49155592474484,50.509094,train
18936,40.44625226967486,40.466705,train
8382,6.8042238089487,6.796298,train
5317,16.526254689436584,16.527056,train
3573,16.55589942735338,16.557165,train
2306,2.7382564811417,2.6891587,train
15683,60.92498701194428,60.98055,train
18739,35.366800835510126,35.382236,train
1451,19.22082359226023,19.21077,train
17774,30.70077920221167,30.690832,train
2779,13.84736991148162,13.836502,train
4829,67.01899302378678,67.00073,train
18944,40.44625226967486,40.450123,train
1635,16.7859292085473,16.77813,train
1713,52.42578981420947,52.397022,train
18874,14.203412981302147,14.197667,train
5837,5.573218400912195,5.554426,train
12343,41.43326211334096,41.44757,train
19334,51.770522643149945,51.747612,train
16386,19.92899959728709,19.91447,train
2720,4.2730728213597535,4.264934,train
16500,4.262151865053322,4.25041,train
8118,51.3728713854686,51.372585,train
3266,58.50636689533324,58.536495,train
9732,8.1472980592236,8.159413,train
18081,9.720675926907024,9.719104,train
2766,11.638505633455669,11.629977,train
7753,2.645134884017069,2.6199994,train
12547,40.0707569732276,40.09146,train
2649,39.88906783823267,39.91751,train
8763,6.804798625042007,6.789312,train
7031,6.801907526467083,6.7867546,train
7414,8.22205215267704,8.242203,train
11119,14.470829883927587,14.4576845,train
15294,57.59734802968727,57.57879,train
7445,14.216293823765389,14.213628,train
6445,8.028939563802153,8.019145,train
12890,20.21466243626813,20.2235,train
6743,40.40730176842157,40.41942,train
17300,8.216838373088674,8.193559,train
4294,6.580677782982555,6.567569,train
13322,39.202232131484855,39.223225,train
11811,66.12146250407682,66.20514,train
10992,41.56244248915803,41.560413,train
7092,19.928197397033564,19.908947,train
7794,6.556721947955682,6.534603,train
15992,20.21809965806252,20.192835,train
5097,11.977347905672262,11.955521,train
15896,3.5403585958735047,3.5180585,train
264,11.566192835454284,11.5564785,train
12429,5.4184367859103055,5.4217353,train
4707,11.848597403947965,11.857907,train
11299,9.677548837060357,9.667928,train
6112,22.144290488227952,22.128166,train
6055,9.617347410194986,9.612226,train
14004,12.218588363439878,12.207082,train
10967,31.58388320152769,31.57605,train
4729,16.662983510921826,16.64368,train
15157,8.056643564505476,8.065619,train
15593,17.013134627583373,16.983004,train
16998,35.65752924170458,35.654255,train
17112,10.062224196236288,10.054009,train
14832,23.294840559906373,23.301765,train
11493,12.051421583783052,12.050734,train
5032,2.724110359405115,2.699361,train
12960,54.34998233739767,54.31697,train
11677,9.833628133818198,9.81566,train
14695,45.43117938693548,45.451916,train
1452,19.22082359226023,19.210503,train
15539,6.807568748079518,6.7984843,train
5709,16.99497733441319,16.985298,train
2187,12.031218109653784,12.016572,train
463,14.160952427235628,14.163909,train
9532,8.217205986215005,8.194599,train
15148,6.601823466341924,6.589093,train
17993,45.88636353743181,45.900875,train
14888,53.37814339848742,53.393482,train
12513,26.43700258485752,26.421946,train
4768,30.56104595391632,30.535366,train
47,6.728225741656603,6.705317,train
6240,6.56667945409624,6.5464916,train
16127,6.655552005522495,6.6344476,train
16289,2.7377288519874936,2.715398,train
8397,10.060244866626965,10.04303,train
9540,9.94333797411371,9.938359,train
8822,19.959057219852347,19.968594,train
5676,10.060629531796687,10.038161,train
15355,8.31765195855304,8.318399,train
17108,10.062224196236288,10.046435,train
15805,23.602943561246462,23.613802,train
18790,2.7087326854893243,2.6911244,train
15263,39.38354458162934,39.404613,train
17440,2.708713630838812,2.6987565,train
15183,11.679809574545024,11.667475,train
8496,46.91688292382029,46.919537,train
16068,61.79860533418504,61.823906,train
818,6.653331355899042,6.634897,train
1363,3.3902555318677594,3.3932347,train
5046,4.394125295693411,4.381969,train
2707,3.3860741903467195,3.3834715,train
11146,23.45668169305344,23.463634,train
19227,9.836238956961564,9.837373,train
5895,17.160123500643675,17.133411,train
15860,47.70172982352404,47.69911,train
18047,5.335830758238897,5.32402,train
2894,2.6743699959358485,2.672056,train
13550,2.6800335776065,2.6518035,train
11311,11.605420343427122,11.599846,train
11006,53.936249904147175,53.927124,train
10604,34.04503967970897,34.051506,train
5256,5.377687186849471,5.377864,train
6177,56.32124547307948,56.307575,train
8096,39.7924248779648,39.821835,train
10883,8.405428734690727,8.398828,train
10335,12.065009881332942,12.057077,train
17005,35.65752924170458,35.649887,train
472,16.736428127591374,16.74086,train
7222,8.408987703827327,8.391974,train
16884,4.411629702698938,4.4075727,train
1875,35.90028728486981,35.89178,train
16987,26.890179442611885,26.862484,train
15280,50.88867128964234,50.902683,train
7392,5.455604810073586,5.447138,train
9336,6.78172447637919,6.7587333,train
9867,66.83876913694161,66.87245,train
7804,8.003875223317337,7.9822254,train
6909,26.32470590913753,26.315624,train
9016,19.70783187156621,19.691908,train
6155,44.04821245138016,44.047535,train
2195,14.32379971425744,14.318375,train
475,16.736428127591374,16.73622,train
7058,12.063942686022951,12.05095,train
9520,6.728058320195319,6.706943,train
761,59.47552278781921,59.50138,train
11267,5.314125823890522,5.318147,train
6700,19.69635613318388,19.683739,train
5770,41.07423943587891,41.07378,train
15246,30.01608328321608,29.993465,train
10360,16.976216926803463,16.961979,train
9114,3.502342096337854,3.484245,train
9591,22.98460188258043,22.993923,train
11571,35.80894288502899,35.80356,train
8220,14.297620147091871,14.287781,train
14248,23.599740087936286,23.576494,train
265,11.566192835454284,11.558342,train
5202,52.69668947022024,52.724583,train
5279,8.09967191087475,8.090441,train
12097,17.01903374589111,16.999144,train
35,5.4535370972796615,5.4474854,train
14979,12.216826866795364,12.212531,train
11992,58.383328200967206,58.384495,train
14670,34.89064573342807,34.907505,train
12062,10.082996455453056,10.06967,train
10958,27.349685453769364,27.330849,train
17913,14.188504354389975,14.177494,train
16469,70.38744055582808,70.43331,train
2071,41.228599801046094,41.22486,train
17534,16.785893348112623,16.767408,train
19001,4.42192814563757,4.4125443,train
18284,11.932861762453696,11.926145,train
12900,23.604065820872368,23.615398,train
6225,5.324322298836763,5.311152,train
6768,52.27633791022582,52.27672,train
7378,3.464617385374871,3.4647727,train
7426,9.95058028746876,9.960593,train
7485,26.725588177894853,26.728683,train
481,19.649111293465804,19.648973,train
10538,13.754986358626509,13.741354,train
13342,50.56027279455254,50.56675,train
14164,5.577922372128996,5.566668,train
3407,25.51355843884533,25.503231,train
13210,6.569502868408146,6.5522013,train
17361,22.99733939796085,23.01979,train
18055,5.335830758238897,5.332214,train
16152,9.834642984749664,9.834233,train
4838,2.746990607590344,2.7333255,train
8940,4.372289036882156,4.356509,train
14911,2.7683636783075363,2.7286093,train
17593,40.45296757500148,40.465405,train
1475,25.978980967828967,25.9618,train
3069,58.09223849449652,58.089676,train
3012,26.251682459323085,26.250233,train
13999,12.218588363439878,12.213905,train
17889,9.937271543072656,9.932962,train
2523,4.32526132233661,4.3151746,train
11916,19.466938902709447,19.459713,train
18220,3.4639925588980818,3.4589672,train
7785,5.317375541707098,5.306917,train
17975,35.25462350907537,35.266632,train
17931,19.675866135052928,19.666357,train
536,40.377631829733055,40.389713,train
456,11.895525123960338,11.90643,train
7782,5.317375541707098,5.305929,train
5989,60.54638190248964,60.543198,train
6400,2.6496526089772976,2.6366806,train
3284,2.623503999063017,2.590633,train
17024,46.49526413052747,46.48211,train
3843,53.3133888390764,53.28525,train
18883,16.785576136576775,16.777012,train
5431,2.7329174189644587,2.718302,train
4149,19.766535338864166,19.760504,train
5052,4.394125295693411,4.3783135,train
17443,2.708713630838812,2.7067084,train
285,16.246482485532077,16.238216,train
4231,60.08034820513094,60.145733,train
10006,26.56615883944172,26.578468,train
18678,14.201083753373222,14.199256,train
4483,5.3349161923909225,5.3346562,train
7450,16.804229990923968,16.793879,train
15521,4.421979616157388,4.4372077,train
18575,52.3749720779351,52.39084,train
1102,34.3941157281528,34.39947,train
15108,2.6680277245003223,2.634085,train
13460,20.094229640614827,20.08989,train
12779,57.885328857601024,57.931705,train
8865,35.88878196221561,35.896595,train
8990,11.93189209849983,11.915296,train
15606,23.33028065288677,23.348412,train
12052,8.33269892619885,8.31627,train
981,4.278760703141022,4.2702036,train
15484,61.07334602815417,61.079002,train
13247,11.636146679706028,11.631179,train
17042,59.90232076905948,59.945686,train
2997,22.637654651411168,22.63217,train
10505,7.972989524142502,7.9778285,train
218,4.252862475887518,4.242973,train
5320,16.526254689436584,16.523184,train
2293,53.11232164210923,53.124523,train
11706,16.59108938180168,16.57379,train
9601,26.66479872121217,26.676235,train
978,3.3903798459312364,3.3923938,train
10652,2.679764835700203,2.6587389,test
10575,25.743192421777337,25.728477,test
89,14.203979076475648,14.201229,test
5604,60.2862913044289,60.310635,test
11651,5.394844293046,5.3992558,test
12277,14.455497684795304,14.436115,test
18673,11.929787983506596,11.928171,test
15946,10.17971768776932,10.170727,test
9419,26.92943166856057,26.922329,test
10181,19.36078596408515,19.34525,test
6370,50.57766079976186,50.597115,test
8092,34.820443395537644,34.822826,test
14144,3.5410006268485925,3.5180032,test
7723,44.509460478962495,44.511246,test
3328,6.4898566002953375,6.474655,test
19295,30.43629700593164,30.430264,test
3425,33.72652347706163,33.733555,test
2771,11.638505633455669,11.631351,test
18326,26.683228947509186,26.696503,test
8443,23.29880260089402,23.300556,test
13062,14.541677505539448,14.547377,test
12265,12.138773915132886,12.130494,test
11784,51.6246529061579,51.60175,test
1787,8.311737250622173,8.298417,test
9175,12.07673973791194,12.066627,test
3470,55.98918534937304,55.968628,test
1484,29.956114959096592,29.946213,test
10364,16.976216926803463,16.946396,test
9636,40.43433258172351,40.450867,test
3232,34.89196154707621,34.8928,test
3751,12.073126840685235,12.074005,test
17355,19.708416363432303,19.693016,test
2212,16.93107384270255,16.908611,test
5242,3.4168923322826146,3.424514,test
11689,11.79687784031292,11.807011,test
17188,35.953314837014425,35.95237,test
7171,60.03762006425522,60.081337,test
6695,19.69635613318388,19.691656,test
143,35.37584389295486,35.397247,test
2344,5.514992905648285,5.4991326,test
10408,35.791009758134045,35.795532,test
12082,14.40077247257583,14.395931,test
14253,27.400857794657927,27.400318,test
11519,16.958961629855352,16.945,test
9681,2.693225881006085,2.6376576,test
10565,22.211762950833336,22.207912,test
6242,6.56667945409624,6.5460916,test
19261,19.48541592663052,19.486471,test
4980,35.86361365671431,35.86076,test
13130,41.58429061495493,41.580215,test
13552,2.6800335776065,2.6565127,test
11492,10.043941062065771,10.027149,test
13672,26.338720370939505,26.347588,test
18114,16.387020803117196,16.387913,test
13967,5.577725012436253,5.56554,test
3848,53.3133888390764,53.335518,test
9621,35.35020546101045,35.356354,test
994,5.335720143245309,5.3260927,test
10550,16.24410167911608,16.241266,test
722,35.39528214006568,35.4057,test
1792,10.06001725968814,10.043018,test
5584,46.66270391250456,46.65432,test
15894,2.767913244299724,2.756897,test
10108,5.372723917651187,5.3749676,test
18462,9.944458853458054,9.9395485,test
9901,3.456467117367241,3.4597354,test
6473,13.861175328282078,13.852026,test
16412,31.14012034803225,31.122402,test
5874,12.196546913036052,12.181807,test
11891,11.79434716865068,11.79644,test
5711,16.99497733441319,16.972248,test
7546,59.78105804044495,59.86049,test
5930,27.266807168388087,27.257118,test
8712,67.89804544702722,67.88196,test
11743,30.401595341860737,30.410671,test
13737,58.36936852175695,58.44173,test
17299,8.216838373088674,8.195261,test
10311,6.802501042896526,6.782605,test
17315,9.943417259271168,9.923789,test
12234,6.840436546862896,6.817081,test
9318,4.406554839696068,4.4085655,test
2555,9.831747633839294,9.814743,test
18702,19.70205587277775,19.685635,test
1506,39.26522597200145,39.279358,test
9774,16.622454312568223,16.61063,test
17897,11.92108481279417,11.919423,test
10596,34.04503967970897,34.054672,test
5540,23.1955736438012,23.167007,test
12887,17.20794229838949,17.186066,test
15808,23.602943561246462,23.60904,test
8398,10.060244866626965,10.044327,test
8986,11.93189209849983,11.915682,test
10536,13.754986358626509,13.741034,test
5426,2.7329174189644587,2.7111244,test
8291,40.90966709664708,40.931923,test
14988,14.549398523998969,14.55448,test
10775,30.37471298757097,30.393745,test
3878,3.4906262588516723,3.482025,test
10306,6.802501042896526,6.7804766,test
3817,35.89380915458802,35.90086,test
7894,34.22742983795968,34.222363,test
16592,22.24119659609466,22.2174,test
10295,5.51347068232188,5.507116,test
8038,16.574017901587826,16.573362,test
12864,12.218730288473536,12.214102,test
17701,9.936827424934425,9.931347,test
2732,5.328295548013195,5.3207893,test
13769,5.311987077548214,5.3056684,test
8410,12.073309697709004,12.065362,test
13580,5.3947431565957125,5.3977203,test
15697,2.76783276839671,2.7264855,test
2247,31.098562535715903,31.094097,test
10228,39.579512083219285,39.595116,test
17357,22.99733939796085,23.027443,test
16517,5.311987077548214,5.3119955,test
15961,12.219364473939503,12.220371,test
10971,31.58388320152769,31.547792,test
16553,11.58450889049733,11.579729,test
17170,27.066648824398435,27.043642,test
15080,54.33096917075789,54.284706,test
14366,5.394854572208311,5.402302,test
6725,30.76232434794344,30.76335,test
10635,56.575095478324506,56.543976,test
4272,4.278595371611911,4.278064,test
7405,6.7312422111754735,6.7385035,test
14011,14.551849737231798,14.552056,test
11747,30.401595341860737,30.414036,test
6612,3.463494104363132,3.4641817,test
10862,4.469398149213981,4.4754763,test
14438,22.716537099825803,22.714108,test
2069,41.228599801046094,41.22474,test
6136,33.92870828003857,33.918407,test
9730,8.1472980592236,8.154638,test
13134,41.58429061495493,41.59201,test
13620,11.79578353111807,11.794977,test
11672,9.833628133818198,9.812696,test
13154,53.97896503267833,53.957893,test
18856,11.93163130408984,11.928029,test
16818,40.941147680016144,40.96489,test
17957,30.706189705368445,30.711296,test
6718,26.65648540709704,26.644228,test
15463,47.12045968287047,47.11982,test
12619,4.305663232055972,4.291883,test
15727,5.576457565869874,5.561569,test
4037,52.52433965725746,52.55076,test
12589,66.49272834437633,66.518906,test
14926,3.540883323591228,3.5033255,test
521,35.2878499253424,35.296036,test
18568,52.3749720779351,52.386513,test
14917,3.540883323591228,3.516868,test
15084,54.33096917075789,54.277657,test
5751,31.220475438484407,31.198162,test
1047,13.872175255526807,13.862673,test
3184,19.45413985890653,19.459694,test
2964,11.763618443330088,11.7596855,test
11781,45.47145799138764,45.516136,test
4791,40.17730010575605,40.178642,test
14601,11.79410820216684,11.795119,test
9920,5.43894963587855,5.4462676,test
8068,26.300087921823646,26.301275,test
3388,18.89356732814083,18.892372,test
6642,6.727251903746071,6.7123113,test
3130,6.647717166560328,6.637223,test
8970,8.217900959228839,8.192532,test
10871,5.575802753031455,5.5666385,test
8655,30.85164903067275,30.83598,test
5341,22.61982167555844,22.617638,test
4256,3.390275518628752,3.3962646,test
16839,53.15028777358014,53.161568,test
7881,29.82551748295141,29.806717,test
12103,19.9795829364564,19.975384,test
18734,30.78419080231098,30.752014,test
3985,26.8078158500896,26.808876,test
8161,4.398244872508168,4.3890486,test
4973,35.86361365671431,35.869102,test
15853,41.75846663066622,41.751816,test
13613,9.832967363274172,9.825998,test
10198,26.1739263514462,26.172169,test
4080,5.470489117246241,5.472892,test
1646,19.706468378524733,19.687265,test
14295,47.59401362079974,47.584873,test
9269,46.91882917131666,46.945206,test
8718,67.89804544702722,67.8486,test
8622,19.72773259507692,19.733578,test
9243,35.914434917306146,35.933655,test
15004,17.20354303610618,17.19254,test
1378,5.335391898299586,5.325347,test
12971,61.88841155896284,61.916206,test
5721,19.95776418992861,19.953598,test
16520,6.548365309251103,6.5362196,test
8592,11.93845111841708,11.942013,test
3300,3.351284363884982,3.3382006,test
13259,16.35386319839244,16.35757,test
13063,14.541677505539448,14.544462,test
7111,26.978401307234257,26.964245,test
14760,6.805252055153304,6.796402,test
11721,19.473389322226087,19.471043,test
17829,2.708022958232064,2.6855347,test
11659,6.65507597344929,6.6393127,test
10714,9.83104731697686,9.820215,test
3936,12.004627192306971,11.990196,test
13710,45.43106480404264,45.45318,test
54,8.217705052587275,8.193413,test
16146,9.834642984749664,9.8185215,test
9201,19.964625243203816,19.973831,test
6408,3.387760611053528,3.3897505,test
7443,14.216293823765389,14.219624,test
17955,26.61609949971503,26.60474,test
10342,12.065009881332942,12.0563755,test
14001,12.218588363439878,12.210488,test
11642,5.394844293046,5.391353,test
1748,4.420360932898184,4.421253,test
15553,8.316653299183429,8.321355,test
13331,44.60184610371282,44.607605,test
4581,29.95803161391567,29.956257,test
17469,5.453944331739666,5.448365,test
11991,51.57113925881535,51.57109,test
2495,2.679937679461942,2.6596057,test
12027,4.434416373363108,4.4362426,test
19096,27.06434035111792,27.051025,test
1068,19.22617209418738,19.208055,test
17564,26.67363142943311,26.670021,test
13066,14.541677505539448,14.545172,test
5457,5.49908632876588,5.4970617,test
2114,69.53244384329564,69.413506,test
79,11.931649537355048,11.924501,test
12474,14.089571891047656,14.088429,test
7554,67.89761970766752,67.878365,test
1274,26.300006863997687,26.29477,test
1993,12.08150093831357,12.087429,test
16438,46.63697301236813,46.64203,test
15934,6.882495340379882,6.8704853,test
12301,23.4386895373512,23.451733,test
1777,6.804125871351521,6.793347,test
6076,13.71681439437468,13.702767,test
8070,26.300087921823646,26.298653,test
4539,16.381900654578118,16.368965,test
6046,7.952605880418686,7.948614,test
633,8.218116602772081,8.203512,test
14993,14.549398523998969,14.543435,test
4501,8.034000431580742,8.027195,test
8858,31.223603736455804,31.218287,test
9053,35.37296331373003,35.40232,test
7388,4.373588270267297,4.3832035,test
3621,30.322765664878062,30.309063,test
18016,2.6516876145608954,2.61439,test
7539,59.78105804044495,59.808414,test
12069,10.082996455453056,10.074778,test
3734,10.060180445760883,10.046267,test
12938,36.43606370816161,36.408443,test
8568,6.73043322266602,6.7251825,test
1069,19.22617209418738,19.207218,test
3920,8.272005847991887,8.264744,test
15197,16.409135926176713,16.404621,test
2294,53.11232164210923,53.126198,test
5578,40.904849512781546,40.91003,test
8226,16.902271495178073,16.902689,test
1830,19.958240419310386,19.958399,test
13441,14.476766518685231,14.466289,test
17622,59.36039100777808,59.42968,test
2263,35.74716386312536,35.74312,test
6912,26.32470590913753,26.311108,test
6415,4.27538826601557,4.271844,test
9232,31.24025323911746,31.234253,test
16780,23.213132850411533,23.212269,test
11039,2.756563314981308,2.722755,test
11023,72.80508396669912,72.84767,test
16222,30.4128793766057,30.411736,test
5201,52.69668947022024,52.715454,test
10822,51.50778410422704,51.489494,test
10560,19.05443138170404,19.062168,test
14635,19.46655286711833,19.46748,test
1969,8.315945242318033,8.309784,test
12542,40.0707569732276,40.0942,test
18882,16.785576136576775,16.781857,test
11840,4.325138898516199,4.334373,test
17974,35.25462350907537,35.26277,test
17001,35.65752924170458,35.652847,test
1291,34.84895468229793,34.848904,test
8341,2.737823782607874,2.7207334,test
14799,14.37624472537404,14.375641,test
5330,19.39438239099253,19.400423,test
7354,61.91115381484096,61.939682,test
315,25.74185264532621,25.733932,test
9758,14.06795560888682,14.076473,test
18169,39.29750380942426,39.318623,test
18850,9.94467047086916,9.935009,test
18185,44.71510459444544,44.7183,test
10880,6.8804369726902745,6.870766,test
18350,35.38576344087019,35.38622,test
10921,14.539623170982962,14.534395,test
7532,52.65787197375085,52.67678,test
11196,47.32179431110334,47.333256,test
3356,11.47503257770756,11.458948,test
10720,11.79324820860778,11.792632,test
15065,41.73341427249216,41.723465,test
10721,11.79324820860778,11.796462,test
15392,17.01847041526688,17.009197,test
6367,50.57766079976186,50.601215,test
2954,9.807070250141807,9.792831,test
17626,69.13749578578044,69.09021,test
9807,30.482365849216244,30.471478,test
2153,5.4997115639109175,5.49595,test
13027,6.880994922054823,6.8682694,test
7689,29.8493628553858,29.84565,test
7372,3.464617385374871,3.456551,test
13091,23.5681103629247,23.564495,test
17503,9.944672091049991,9.943828,test
16095,3.4271715208360507,3.4156985,test
16735,10.033777273871753,10.011917,test
13682,30.388399670203068,30.391289,test
13431,12.158984383433603,12.150071,test
12607,3.41341184478,3.4035716,test
19360,66.46919271207298,66.530754,test
13734,58.36936852175695,58.42693,test
8766,6.804798625042007,6.791008,test
11700,14.04101960092788,14.04076,test
12623,5.366975558868218,5.3616295,test
11230,72.07212707241956,72.17459,test
16932,12.029270151326983,12.02441,test
9693,3.4416346941221185,3.4397626,test
18450,8.217963340452032,8.206083,test
6935,39.866126261957,39.898285,test
980,4.278760703141022,4.270954,test
18264,8.218564570713069,8.209766,test
6157,44.04821245138016,44.04869,test
4669,5.423807499879186,5.420124,test
6828,6.653808540578969,6.635587,test
9629,35.35020546101045,35.32889,test
12330,36.16450734276653,36.166298,test
12635,6.6172711234336985,6.592721,test
4287,6.580677782982555,6.5666904,test
12120,23.31145805480328,23.293518,test
11378,34.20023201897286,34.202328,test
19116,35.936713537831565,35.935234,test
16507,4.262151865053322,4.253196,test
5321,16.526254689436584,16.522633,test
13669,26.338720370939505,26.341152,test
17670,5.4514537015048905,5.4517407,test
15333,5.517049797814488,5.508957,test
13659,22.709573149294464,22.709381,test
1010,8.035463672537583,8.030741,test
9855,58.91676567489441,58.950806,test
17507,11.931686744523365,11.92988,test
2194,12.031218109653784,12.02492,test
18438,6.728558482647348,6.7058334,test
11688,11.79687784031292,11.805675,test
13603,8.12695765865257,8.126242,test
17681,6.724970617606346,6.7056284,test
15401,19.991138872081702,19.989582,test
4615,44.681367960561865,44.675484,test
2709,3.3860741903467195,3.3834052,test
4473,4.278170829014148,4.2803297,test
8785,10.06105554284492,10.049017,test
3196,22.69471854911499,22.71035,test
12044,6.822815867393846,6.81071,test
10982,36.30566648985637,36.285534,test
5264,6.633172795893891,6.6093645,test
13197,4.271657825709782,4.267767,test
12849,10.179629797544049,10.166807,test
14829,23.294840559906373,23.307686,test
15038,31.65924439632516,31.657356,test
19262,19.48541592663052,19.49649,test
16583,19.08199677745677,19.073528,test
2202,14.32379971425744,14.308731,test
9413,26.92943166856057,26.934235,test
433,8.193188684675764,8.191551,test
18824,5.45397953162337,5.450515,test
198,2.638036185786238,2.6091604,test
12694,19.318732370889105,19.332571,test
1201,8.114151752433223,8.104429,test
13016,5.5761957478989626,5.569009,test
3270,58.50636689533324,58.570984,test
1632,16.7859292085473,16.782722,test
5246,4.312276681150203,4.3170023,test
12391,2.694570254438588,2.6749158,test
17491,8.218114223739999,8.202923,test
9737,9.855278882312144,9.860765,test
13061,14.541677505539448,14.546255,test
7999,8.123629502903881,8.11865,test
15211,19.25072546022004,19.260136,test
14066,31.66739204088522,31.639141,test
5025,2.724110359405115,2.6899004,test
3462,49.59532874711015,49.658264,test
6419,4.27538826601557,4.2703795,test
576,67.32475685095926,67.2628,test
10413,35.791009758134045,35.78534,test
15713,3.5402028483267967,3.507054,test
13504,36.12481727375171,36.127316,test
9443,40.90615229451066,40.935127,test
13837,16.269805179595384,16.262667,test
17853,4.3709490146262535,4.3647065,test
7351,54.35424338922613,54.317646,test
7975,4.324569650612342,4.323736,test
19152,53.42860126107073,53.45969,test
11957,34.89162430796332,34.904938,test
1811,14.375684023441574,14.364405,test
7025,6.801907526467083,6.785677,test
18468,11.93139621122396,11.929777,test
16443,46.63697301236813,46.641197,test
16983,26.890179442611885,26.86671,test
9689,2.693225881006085,2.6291342,test
9245,35.914434917306146,35.934772,test
14524,66.24831743791405,66.30202,test
1315,45.39048776873772,45.40499,test
12445,8.158966784717283,8.151365,test
19312,39.990064015881245,40.01258,test
2216,19.88098601288324,19.872723,test
11054,4.450109834123621,4.444356,test
8084,30.335273125343985,30.321793,test
4285,5.33546376019055,5.3331304,test
258,9.6469003213132,9.629976,test
3247,45.46525692745161,45.47998,test
10126,8.09096009018889,8.085406,test
10732,14.03594200855455,14.040058,test
48,6.728225741656603,6.7073627,test
2786,16.35532899549183,16.357122,test
2152,5.4997115639109175,5.4952626,test
1911,60.60289546086052,60.58418,test
13193,4.271657825709782,4.2646284,test
18019,2.6516876145608954,2.614862,test
2843,34.29895562539627,34.298985,test
11265,5.314125823890522,5.318879,test
17327,14.203174694797369,14.205039,test
11902,16.586325238168694,16.586845,test
3838,46.87175141117033,46.876354,test
16346,10.054760377014018,10.037383,test
8795,12.074145480171024,12.072639,test
13494,31.42927549874927,31.403572,test
6748,40.40730176842157,40.406616,test
16225,34.92825313274316,34.932735,test
12712,26.12437780450136,26.13496,test
18239,5.454086972362974,5.451656,test
1656,22.9936078043015,22.998068,test
7698,34.24997647402045,34.25508,test
7756,2.645134884017069,2.6254792,test
9764,14.06795560888682,14.071525,test
11276,6.553632401545066,6.5483904,test
13970,6.883216649120083,6.86784,test
4966,31.21749104577259,31.192926,test
9304,3.490854448341839,3.4889615,test
19127,41.14820492115364,41.169056,test
17297,8.216838373088674,8.197119,test
16459,60.05976577236108,60.152237,test
10782,30.37471298757097,30.374405,test
16638,44.2513224587667,44.2687,test
18717,26.67035970835496,26.686483,test
18840,8.218139021218338,8.212984,test
2469,46.895781103613245,46.89997,test
17075,4.420624805467105,4.4165397,test
8570,6.73043322266602,6.7203336,test
3998,30.932355683209444,30.9279,test
5963,47.083801566741634,47.107567,test
13285,22.371217342856696,22.368755,test
14540,3.426691556928463,3.4292607,test
6937,39.866126261957,39.885254,test
4932,17.017149413199444,16.994514,test
2386,14.374076505429992,14.36787,test
19222,9.836238956961564,9.8232,test
3607,26.28315548393333,26.28619,test
11527,19.91349683898619,19.911839,test
1499,39.26522597200145,39.28768,test
18124,19.22697500817129,19.225853,test
7332,47.68795789657455,47.696434,test
508,26.603951087058466,26.5892,test
3398,22.018759429305742,22.01247,test
4871,5.529305246508104,5.5213027,test
16512,5.311987077548214,5.30991,test
14442,22.716537099825803,22.71826,test
16255,51.67042053675918,51.66019,test
160,46.11681562429834,46.108574,test
1800,12.072944498264157,12.066301,test
782,3.4264405851801163,3.422117,test
7538,59.78105804044495,59.790237,test
17255,2.708248428855141,2.6720185,test
15345,6.808194080929191,6.80027,test
5642,4.420619507032944,4.405313,test
17979,40.29987785141369,40.313545,test
1200,8.114151752433223,8.107934,test
3615,30.322765664878062,30.329357,test
6459,9.712521283134864,9.701753,test
5255,5.377687186849471,5.377813,test
4166,26.777116487620017,26.79591,test
17049,2.737863669082239,2.697104,test
9631,40.43433258172351,40.46426,test
8617,16.800995435851572,16.785145,test
19333,51.770522643149945,51.751495,test
9982,16.721996390550526,16.719007,test
2591,16.585488782204305,16.57574,test
16925,10.026905416193513,10.017863,test
18419,4.372499077848516,4.368111,test
9930,6.708523927938943,6.6874914,test
18015,58.918449486030376,58.94245,test
16861,2.734408842652395,2.70191,test
10257,57.71551482193834,57.747437,test
2627,30.383161080528925,30.393143,test
5488,10.024970078805753,9.999169,test
7287,23.59913330619728,23.592804,test
1591,8.217597876040603,8.201946,test
4334,13.87037488093093,13.842632,test
309,22.211921831456284,22.197506,test
6260,9.698315380168223,9.686237,test
12907,23.604065820872368,23.592548,test
6311,22.364204361014004,22.358612,test
17563,26.67363142943311,26.67897,test
7234,10.179073775007422,10.164291,test
6948,45.40005775796602,45.42588,test
4453,2.651340495288661,2.6277418,test
2828,29.89520883156856,29.883522,test
19284,26.372252985493382,26.355888,test
510,30.71125286382736,30.712614,test
19185,4.326005709231165,4.32462,test
19240,11.800771006819648,11.812393,test
16999,35.65752924170458,35.648674,test
14109,61.87956213511676,61.925476,test
18684,14.201083753373222,14.1915,test
4021,40.61696131303726,40.63034,test
7816,11.60795649193932,11.606693,test
18560,46.10165373502444,46.0959,test
10187,22.57583300924566,22.575882,test
7536,52.65787197375085,52.69294,test
6818,5.39405431056156,5.3937273,test
12908,23.604065820872368,23.595177,test
6571,50.68493078471787,50.717278,test
11270,5.314125823890522,5.3177958,test
16661,56.60134448761165,56.59553,test
5129,19.77808294115797,19.773682,test
6540,34.37603090635952,34.378197,test
14830,23.294840559906373,23.304605,test
17082,5.514767643990076,5.5090485,test
8775,8.312589722231753,8.3030815,test
7066,14.362001783938569,14.360398,test
15395,17.01847041526688,17.013763,test
3079,65.62438510253718,65.67101,test
1562,4.372281870616634,4.3677397,test
607,4.37226573877274,4.3762083,test
6107,22.144290488227952,22.129467,test
7015,5.512986899996157,5.5108128,test
1692,40.475617925384974,40.47238,test
8399,10.060244866626965,10.045842,test
5710,16.99497733441319,16.978455,test
2186,12.031218109653784,12.016123,test
8875,41.0803601020278,41.07776,test
6376,57.170829971366096,57.148525,test
8879,41.0803601020278,41.06871,test
16397,23.25336207171222,23.236217,test
8936,4.372289036882156,4.361682,test
7369,2.7091026824146094,2.6896749,test
13305,29.905179728039577,29.891926,test
11271,5.314125823890522,5.318448,test
11184,41.44496763084698,41.48472,test
358,44.20482503393963,44.220116,test
12916,27.410694019083195,27.399513,test
17668,5.4514537015048905,5.4538283,test
6288,16.347664625280032,16.345695,test
17057,2.737863669082239,2.7201414,test
4082,5.470489117246241,5.479562,test
916,34.886053109587735,34.89425,test
246,7.977484841951872,7.9685116,test
14367,6.6550572887681145,6.6434712,test
2838,34.29895562539627,34.295547,test
10823,51.50778410422704,51.503395,test
11500,12.051421583783052,12.038313,test
8205,12.007771450667535,12.002759,test
7082,16.974321476988262,16.9505,test
10389,26.98533118302545,26.965294,test
11806,66.12146250407682,66.19949,test
5259,5.377687186849471,5.3771677,test
9062,40.46189804120248,40.508446,test
16501,4.262151865053322,4.250594,test
3052,45.24553910198273,45.24245,test
18345,30.80004244295742,30.776003,test
15726,5.576457565869874,5.561562,test
9046,30.792365123361137,30.80105,test
14108,54.33858922000827,54.330902,test
3654,51.44204164024564,51.43707,test
13255,13.845264711215988,13.837042,test
3095,3.423404863251978,3.4196024,test
14943,5.57738774476359,5.5693994,test
18470,11.93139621122396,11.929013,test
15000,17.20354303610618,17.199179,test
6214,4.26985585887273,4.2552667,test
6917,30.370753870730503,30.3745,test
3136,8.11832626120918,8.114062,test
4207,46.44982470395645,46.443657,test
16159,11.798335755610244,11.811732,test
11550,26.9749273266716,26.968716,test
11274,6.553632401545066,6.549178,test
7502,35.46645561497126,35.47767,test
8642,26.719688219129843,26.731117,test
3260,51.636476736943365,51.64974,test
5984,60.54638190248964,60.55441,test
13254,13.845264711215988,13.836912,test
9342,8.28367776832649,8.268318,test
13750,3.3793123881317606,3.3703113,test
17136,17.002765463643282,16.99211,test
14392,9.833515805333912,9.8229265,test
12365,53.90261300771889,53.92572,test
8131,58.09660211241908,58.13523,test
8850,27.039190034919176,27.014317,test
16616,29.71030411274068,29.709417,test
14647,26.33557838360004,26.338806,test
12695,19.318732370889105,19.328863,test
509,26.603951087058466,26.598984,test
3846,53.3133888390764,53.317818,test
18129,22.418991886192853,22.4163,test
2769,11.638505633455669,11.630454,test
7631,11.61873064567914,11.616643,test
212,4.252862475887518,4.243549,test
4345,16.383842618628933,16.36626,test
14831,23.294840559906373,23.306908,test
5231,2.6723998387919203,2.6599133,test
7770,4.265302680390501,4.2475853,test
17501,9.944672091049991,9.940983,test
16927,10.026905416193513,10.016998,test
3354,11.47503257770756,11.459056,test
4580,29.95803161391567,29.958666,test
5289,9.79900845287837,9.783054,test
11243,3.3775172482846187,3.383204,test
8953,6.728387427829043,6.6991134,test
11114,14.470829883927587,14.468832,test
4735,19.55952737168782,19.566132,test
15899,3.5403585958735047,3.5224485,test
10429,46.68280546402441,46.700478,test
13180,3.384927096116184,3.3809144,test
8846,27.039190034919176,27.02145,test
5343,26.231656278814548,26.228699,test
14318,61.61955390616471,61.640926,test
369,50.08211640315393,50.10635,test
1036,11.6582331871555,11.646482,test
3637,39.802178478903386,39.810772,test
10450,60.17810455334465,60.22782,test
1204,8.114151752433223,8.1055565,test
4753,26.475997643467675,26.475235,test
12464,11.838944147065492,11.842344,test
6440,6.575749272452735,6.5588937,test
16389,23.25336207171222,23.249153,test
18198,57.29678618334104,57.30065,test
15821,27.41039487101252,27.389782,test
12419,4.34578898095786,4.350358,test
1344,66.02221833454253,66.0874,test
7475,23.02829685536476,23.027756,test
3241,39.90436918305849,39.928974,test
19205,6.656198229767126,6.64338,test
3089,2.6772620050674827,2.6570227,test
13389,5.555295080198322,5.553047,test
16157,11.798335755610244,11.803107,test
5370,34.74248220026329,34.744484,test
14491,45.49573519133895,45.516346,test
8947,5.453665289542088,5.4444175,test
11071,5.551136481422364,5.541774,test
3710,5.514361958659131,5.5198736,test
3758,14.375851944553288,14.381962,test
6378,57.170829971366096,57.155373,test
18119,19.22697500817129,19.236671,test
3687,3.5015152732231445,3.487763,test
16365,14.362716447104814,14.352557,test
2885,2.6743699959358485,2.6515589,test
9302,3.490854448341839,3.486836,test
14649,26.33557838360004,26.336699,test
19131,41.14820492115364,41.167686,test
17348,19.708416363432303,19.699879,test
9241,35.914434917306146,35.924416,test
10421,40.950632724160805,40.9595,test
2983,16.53977460432429,16.526577,test
5294,11.753913787020023,11.750553,test
16427,35.77354654999463,35.779263,test
19237,11.800771006819648,11.814256,test
10743,16.584010125865344,16.573223,test
7278,20.21097208203288,20.202286,test
13772,5.311987077548214,5.309142,test
15431,31.31477534961435,31.29684,test
17210,47.00467924590599,46.997665,test
18520,26.672941236077136,26.677544,test
14086,41.74343029751184,41.73757,test
11665,8.12733854043814,8.120485,test
16665,56.60134448761165,56.603592,test
5985,60.54638190248964,60.559895,test
18131,22.418991886192853,22.415466,test
4990,41.02699155008549,41.024517,test
13148,47.44345591156762,47.448105,test
4154,19.766535338864166,19.73944,test
5364,34.74248220026329,34.745163,test
6745,40.40730176842157,40.41341,test
12156,41.021553499258864,41.018234,test
1762,5.514289169113654,5.515255,test
2157,6.78451665768644,6.758934,test
14702,51.56825139855076,51.576553,test
3327,6.4898566002953375,6.4752436,test
16889,5.501513631853724,5.4982977,test
3491,2.676159193667881,2.6580083,test
8752,5.514802829383529,5.50667,test
14970,10.178497545054494,10.167364,test
19351,66.46919271207298,66.497185,test
1884,41.102242544116194,41.107384,test
3625,34.8161922893814,34.8021,test
6765,52.27633791022582,52.270386,test
15708,3.5402028483267967,3.5044725,test
13311,34.31631204776647,34.31535,test
1402,8.034673285745228,8.028182,test
8212,12.007771450667535,12.002845,test
10990,41.56244248915803,41.560204,test
11065,5.551136481422364,5.5483184,test
11801,58.46096937908226,58.443027,test
12422,5.4184367859103055,5.4206333,test
816,6.653331355899042,6.6350718,test
3129,6.647717166560328,6.632436,test
6864,14.034669683999034,14.037632,test
2870,50.49155592474484,50.495743,test
6452,8.028939563802153,8.019663,test
14527,2.679800903649064,2.6583211,test
14048,23.60115230987814,23.58466,test
1474,25.978980967828967,25.959583,test
9752,11.820738034299742,11.8321495,test
17288,6.727493680206459,6.699916,test
9275,53.38895976724034,53.407455,test
4601,39.27204429585203,39.292473,test
10932,17.18896478933625,17.162994,test
17572,30.78585051624797,30.78349,test
17438,2.708713630838812,2.6916256,test
14382,8.127277318599202,8.125718,test
2422,23.28997481824149,23.285297,test
14518,66.24831743791405,66.28157,test
10525,11.56241185959522,11.554454,test
8415,14.376280985907911,14.370176,test
14634,19.46655286711833,19.464783,test
12523,30.50696090872292,30.50571,test
16705,5.5040689464134,5.503452,test
14102,54.33858922000827,54.310432,test
14157,4.470788645696553,4.4680457,test
8187,8.267826917565984,8.27055,test
11474,8.30011706461138,8.291241,test
7463,19.73176517827855,19.736229,test
14490,45.49573519133895,45.514748,test
8307,53.1574764742,53.162174,test
11934,26.33615265794538,26.340216,test
6386,64.47585075138502,64.502396,test
9381,16.93108824748578,16.917875,test
9873,66.83876913694161,66.86042,test
7466,19.73176517827855,19.720146,test
11985,51.57113925881535,51.562035,test
9294,2.729745979583993,2.721218,test
14017,14.551849737231798,14.541466,test
7998,8.123629502903881,8.120055,test
11728,22.715728356803982,22.7235,test
7555,67.89761970766752,67.8799,test
16749,14.332007468744225,14.326575,test
7797,8.003875223317337,7.994635,test
4263,3.390275518628752,3.3983836,test
3560,11.77393419104924,11.769592,test
2921,5.381950494939112,5.3810377,test
18392,59.45844552167869,59.477264,test
1221,11.776863732605358,11.776252,test
2928,6.638518499676308,6.6122503,test
2664,45.43140092411185,45.431587,test
12267,12.138773915132886,12.136795,test
2820,25.92904785667398,25.919033,test
11244,3.3775172482846187,3.3837476,test
9142,6.806128834794942,6.791584,test
7083,19.928197397033564,19.917398,test
15580,14.389077514591778,14.39369,test
9005,16.787195017761377,16.769611,test
13052,12.211683043753135,12.2164955,test
14430,19.47358371511247,19.481823,test
8124,51.3728713854686,51.369476,test
14538,3.426691556928463,3.4281993,test
880,22.702878807333576,22.713245,test
817,6.653331355899042,6.6361837,test
10004,22.89995202799145,22.90815,test
602,4.37226573877274,4.375895,test
17117,12.07640658748618,12.072725,test
13156,53.97896503267833,53.96785,test
12121,23.31145805480328,23.287895,test
13457,17.112477023026607,17.08756,test
751,52.45458031839896,52.453094,test
14180,8.410098919808021,8.39328,test
15722,4.4696908100697,4.452322,test
13906,44.2513224587667,44.258743,test
19313,39.990064015881245,40.00534,test
18864,11.93163130408984,11.925753,test
12527,30.50696090872292,30.499926,test
13189,4.271657825709782,4.2651653,test
16273,66.22984607694808,66.31499,test
4929,17.017149413199444,16.999462,test
17055,2.737863669082239,2.7252204,test
14843,27.03929577006274,27.02921,test
13780,6.548365309251103,6.5375743,test
11763,39.920168975630695,39.963085,test
8324,68.81309100394122,68.83685,test
13306,29.905179728039577,29.892056,test
4524,11.655635738720658,11.646001,test
12895,20.21466243626813,20.214367,test
13897,38.91422234320085,38.93271,test
16073,61.79860533418504,61.82002,test
13176,2.6475299722156738,2.6157126,test
4867,5.529305246508104,5.523877,test
6284,16.347664625280032,16.347422,test
6342,34.312192327866775,34.30726,test
3602,22.66280409992268,22.660091,test
18977,2.738560394234994,2.7038374,test
7095,23.25256558499891,23.238777,test
7053,12.063942686022951,12.041661,test
9584,19.70058182936315,19.692421,test
12171,46.75018976133836,46.755688,test
15906,4.469972324144574,4.472172,test
8833,23.296083483998068,23.309418,test
9165,10.063141507813375,10.048481,test
8174,6.768723500172809,6.750807,test
242,7.977484841951872,7.968916,test
9035,26.67851046560988,26.68806,test
16975,23.177095686414493,23.151943,test
6369,50.57766079976186,50.604843,test
14619,16.5859980766324,16.58162,test
4019,40.61696131303726,40.624084,test
4599,39.27204429585203,39.290882,test
7983,5.393277784551054,5.39467,test
13817,11.58450889049733,11.579618,test
5418,67.36262373893229,67.33895,test
7701,34.24997647402045,34.25588,test
7875,25.864124028011872,25.85225,test
17837,3.462916596395052,3.4606395,test
16853,60.38601216143688,60.411613,test
17246,2.708248428855141,2.6710525,test
9147,6.806128834794942,6.790724,test
8147,3.4843811294887512,3.4659681,test
18380,52.43731922756592,52.401478,test
8417,14.376280985907911,14.366879,test
5361,30.2611568718884,30.257608,test
12152,41.021553499258864,41.02539,test
11315,13.807606826835338,13.795762,test
5109,14.256550738417271,14.244444,test
2725,5.328295548013195,5.316002,test
7461,19.73176517827855,19.74339,test
18492,16.785412269679526,16.776814,test
18267,9.945409981647147,9.940748,test
13067,14.541677505539448,14.54199,test
8838,23.296083483998068,23.29071,test
2998,22.637654651411168,22.631266,test
2312,2.7382564811417,2.6925716,test
15889,2.767913244299724,2.7436495,test
6373,57.170829971366096,57.14874,test
15469,53.674634010244326,53.666946,test
7307,31.66584515644597,31.667196,test
10484,4.248365582204674,4.242732,test
8228,16.902271495178073,16.88857,test
2225,23.203419579996773,23.204851,test
18782,59.43752089678267,59.45028,test
1024,9.72040448238932,9.715669,test
15706,3.5402028483267967,3.5046487,test
693,23.00089186344432,23.003998,test
15430,31.31477534961435,31.29873,test
4618,50.6502714684406,50.640167,test
16249,45.50308508521769,45.53826,test
4233,60.08034820513094,60.12855,test
2840,34.29895562539627,34.295845,test
7910,44.50071754991946,44.509434,test
323,29.674224196982102,29.663734,test
16836,46.71078932007112,46.719864,test
9298,2.729745979583993,2.7258027,test
13035,8.406208198149583,8.403206,test
2977,16.53977460432429,16.53502,test
5637,4.420619507032944,4.4079294,test
2574,11.794108016712649,11.792559,test
3839,46.87175141117033,46.863914,test
17657,4.370879763959018,4.3749933,test
5447,4.409472257063735,4.4116583,test
13275,19.187069571677124,19.17401,test
14972,10.178497545054494,10.161611,test
13487,27.21848556581516,27.187553,test
13240,11.636146679706028,11.63229,test
7038,8.30809612507781,8.2948675,test
12525,30.50696090872292,30.509365,test
3058,51.33909351317882,51.344353,test
15842,36.43893022647474,36.434746,test
9700,4.341497964452761,4.344697,test
7781,5.317375541707098,5.307019,test
13702,39.89246368341727,39.911953,test
19088,23.31463303828463,23.328146,test
6846,9.830645370821994,9.813201,test
5854,8.39929361999531,8.371952,test
14449,26.349780468771147,26.348225,test
6156,44.04821245138016,44.044952,test
12125,27.04577228607741,27.026735,test
16360,14.362716447104814,14.35515,test
8278,35.72177595241204,35.722733,test
4850,3.512466552564748,3.5019047,test
6495,19.21179116646248,19.205881,test
2348,6.804775027058632,6.7949915,test
13490,31.42927549874927,31.403131,test
17894,9.937271543072656,9.928012,test
9538,8.217205986215005,8.197345,test
19293,30.43629700593164,30.429157,test
12175,53.11232660181848,53.102356,test
6261,9.698315380168223,9.685501,test
876,19.463397172895007,19.45219,test
4521,11.655635738720658,11.646521,test
6165,49.89380123014212,49.906006,test
12371,61.348509793807175,61.352074,test
14359,5.394854572208311,5.3952055,test
7735,50.45184574770483,50.48202,test
11680,9.833628133818198,9.825228,test
13546,60.93541213068231,60.974525,test
11204,53.90188774203692,53.90287,test
1590,8.217597876040603,8.201045,test
17775,30.70077920221167,30.693115,test
8860,31.223603736455804,31.216782,test
2430,27.03330955369092,27.015373,test
15394,17.01847041526688,17.010445,test
18566,52.3749720779351,52.38289,test
8223,16.902271495178073,16.896408,test
14698,51.56825139855076,51.583656,test
17832,2.708022958232064,2.6879215,test
2785,16.35532899549183,16.353004,test
8849,27.039190034919176,27.018452,test
7337,47.68795789657455,47.69596,test
14857,35.89960393091611,35.91073,test
17480,6.728661322074843,6.7048354,test
15547,8.316653299183429,8.311673,test
11273,6.553632401545066,6.548269,test
1300,39.84803196164996,39.868706,test
4201,40.70553607216157,40.70532,test
4912,12.095411676309684,12.089854,test
16613,29.71030411274068,29.707134,test
11514,16.958961629855352,16.953007,test
18482,14.203184342146836,14.203614,test
1004,6.581067824773221,6.563427,test
1092,29.971004453921363,29.970701,test
2797,19.187323388788315,19.178738,test
18046,5.335830758238897,5.3248444,test
1844,23.296212376808747,23.300404,test
313,25.74185264532621,25.731205,test
12774,57.885328857601024,57.93405,test
15917,5.576937014393697,5.569407,test
9065,40.46189804120248,40.490963,test
7327,41.7456272211452,41.77083,test
5420,67.36262373893229,67.32651,test
17798,45.87191982389491,45.870754,test
12038,5.530636035935843,5.5289083,test
10282,3.501392529624661,3.4907465,test
7402,6.7312422111754735,6.7087708,test
15971,14.553769504292417,14.554717,test
4237,68.3567305515318,68.39995,test
10445,60.17810455334465,60.232292,test
14143,3.5410006268485925,3.5163774,test
13558,2.6800335776065,2.669338,test
5576,40.904849512781546,40.918633,test
1870,35.90028728486981,35.912376,test
6336,34.312192327866775,34.317623,test
18243,5.454086972362974,5.454876,test
12333,36.16450734276653,36.181515,test
4853,4.433301976653597,4.4348774,test
17703,9.936827424934425,9.931104,test
13865,25.774441228347605,25.761177,test
16770,19.890220415820057,19.886799,test
14360,5.394854572208311,5.3930492,test
16310,5.513266485740743,5.505634,test
11719,19.473389322226087,19.473763,test
16088,2.680117357532955,2.6534538,test
14357,4.3255825255506535,4.330131,test
18003,52.06823645974915,52.102882,test
4868,5.529305246508104,5.524055,test
11422,56.87545981746262,56.868664,test
7401,6.7312422111754735,6.7056947,test
14389,9.833515805333912,9.817965,test
7926,57.0491840684996,57.062477,test
14941,5.57738774476359,5.5703754,test
18232,4.3726082383321,4.3771553,test
6339,34.312192327866775,34.312943,test
16138,8.128037751397795,8.126392,test
12617,4.305663232055972,4.29433,test
18893,19.7050323192318,19.693954,test
17143,17.002765463643282,16.973614,test
10974,36.30566648985637,36.313995,test
8407,12.073309697709004,12.060146,test
1815,14.375684023441574,14.374714,test
10586,29.677399564031603,29.685135,test
6593,2.708393370963044,2.6852236,test
859,14.035147429874712,14.032276,test
17100,8.313108372950806,8.303393,test
1719,59.44294578668329,59.451702,test
5910,20.145233889532307,20.128853,test
10991,41.56244248915803,41.554455,test
14446,22.716537099825803,22.709541,test
18959,52.35424291581615,52.33602,test
8636,23.023367390923063,23.016737,test
10589,29.677399564031603,29.679905,test
1144,57.2881662058226,57.25392,test
12918,27.410694019083195,27.403833,test
9000,14.204211446903102,14.19258,test
17148,19.9701531296528,19.980574,test
213,4.252862475887518,4.245124,test
17815,52.04766800706821,52.073795,test
4909,12.095411676309684,12.089503,test
7259,14.550651373051354,14.529703,test
1924,2.738382492768076,2.7031465,test
1996,14.387754447899486,14.383429,test
11467,6.796082980187971,6.787711,test
9580,19.70058182936315,19.706282,test
2074,41.228599801046094,41.237595,test
12924,31.673187761985968,31.67471,test
8747,4.420741737162155,4.4114866,test
9810,30.482365849216244,30.474154,test
3871,2.7305324516087164,2.7034178,test
6486,16.3737194207109,16.36973,test
15022,23.59561888155831,23.60898,test
10351,14.363379473798012,14.352547,test
17856,5.451568611934276,5.4523125,test
15935,8.408953862492385,8.392249,test
19314,39.990064015881245,40.002213,test
11603,60.48252589130836,60.51432,test
9952,9.9109232636722,9.895815,test
18656,9.943284673744312,9.933372,test
806,5.393604326707714,5.391944,test
1991,12.08150093831357,12.0859585,test
5250,4.312276681150203,4.3134003,test
10016,30.66064099070706,30.691414,test
5234,3.4168923322826146,3.425493,test
13135,41.58429061495493,41.574432,test
2505,3.4268652011358185,3.4224193,test
10629,50.09910520621285,50.115242,test
10831,58.28062620155593,58.258656,test
19093,23.31463303828463,23.32172,test
5310,13.988080312882362,13.97916,test
14184,8.410098919808021,8.401642,test
9695,3.4416346941221185,3.428787,test
13093,23.5681103629247,23.56736,test
1444,16.382666477994622,16.375359,test
14483,39.93419882475006,39.952778,test
3167,14.02600296533172,14.027437,test
822,8.124923633519694,8.123898,test
12263,12.138773915132886,12.125095,test
3692,3.5015152732231445,3.486247,test
11572,35.80894288502899,35.799942,test
16744,12.03877401726476,12.024754,test
6833,8.125366965057475,8.117453,test
19355,66.46919271207298,66.51772,test
420,6.708418514918034,6.694307,test
10049,45.911486583232765,45.904778,test
12871,14.552373177137932,14.549494,test
11559,31.15051328428412,31.140282,test
7742,57.00609702090252,57.015312,test
4813,59.07508503266062,59.193512,test
882,22.702878807333576,22.703926,test
17752,22.94705567893216,22.946173,test
14018,14.551849737231798,14.53997,test
16809,35.76074998538454,35.779263,test
8553,5.4550261345133375,5.444186,test
9471,60.226012960931534,60.291565,test
2113,69.53244384329564,69.42707,test
19211,8.129064147563943,8.128199,test
746,46.1602134775885,46.159637,test
5745,31.220475438484407,31.229687,test
2465,46.895781103613245,46.902893,test
5635,4.420619507032944,4.4105325,test
11443,4.417284206021883,4.417874,test
8522,60.658221869689925,60.702118,test
4339,16.383842618628933,16.378304,test
6996,3.501096998788304,3.489015,test
8461,27.045330248666936,27.028236,test
9558,11.92977143625582,11.927513,test
18748,40.46160991887188,40.47219,test
2474,46.895781103613245,46.928146,test
3436,38.507113968365694,38.53393,test
2741,6.571475771599267,6.5588837,test
16643,44.2513224587667,44.261673,test
10908,12.210195184882402,12.216309,test
7717,44.509460478962495,44.528103,test
14603,11.79410820216684,11.796326,test
3518,5.385959886305065,5.3890777,test
5945,36.14161337491136,36.132946,test
12792,2.768265193898514,2.7270396,test
17479,6.728661322074843,6.7039695,test
17538,19.705616141502567,19.69115,test
9493,3.463823607534496,3.45393,test
9438,35.73824276619104,35.72415,test
13169,2.6475299722156738,2.6092691,test
14631,19.46655286711833,19.464981,test
388,2.7012125572626595,2.6931093,test
700,26.688065851348075,26.689833,test
16508,5.311987077548214,5.3056684,test
13845,19.08199677745677,19.072197,test
13304,29.905179728039577,29.895712,test
13976,6.883216649120083,6.8638673,test
1798,12.072944498264157,12.067844,test
15752,8.407762865675089,8.390659,test
9676,69.07998924373878,69.13559,test
9183,14.380230957547736,14.374089,test
10030,35.22028551346449,35.229675,test
14098,47.680992295718994,47.71973,test
14405,11.796720623159729,11.802975,test
16200,22.721509220154857,22.734509,test
786,3.4264405851801163,3.422031,test
6588,64.63445678339761,64.70343,test
14195,10.180712630968689,10.178712,test
4820,59.07508503266062,59.174355,test
11101,10.126395815467223,10.111898,test
12613,4.305663232055972,4.2951,test
2924,5.381950494939112,5.3777776,test
13296,25.934075732722288,25.92382,test
16538,9.66304530984486,9.649972,test
16306,4.419843683848651,4.407817,test
18689,16.78281810679832,16.777666,test
16645,44.2513224587667,44.258743,test
13438,12.158984383433603,12.148325,test
8648,26.719688219129843,26.707249,test
1170,4.319118723923392,4.312434,test
2286,53.11232164210923,53.138336,test
8221,14.297620147091871,14.289538,test
5766,41.07423943587891,41.089905,test
8924,3.4637610391768354,3.4515874,test
8028,14.029125772265932,14.029703,test
4801,45.806228475822735,45.804718,test
3757,14.375851944553288,14.380688,test
3865,2.7305324516087164,2.7024121,test
14133,2.768396039009667,2.740724,test
5030,2.724110359405115,2.701741,test
10110,5.372723917651187,5.375309,test
14809,16.99476765856894,16.99416,test
9457,46.65423333440259,46.65555,test
11858,6.654179064714825,6.6407213,test
12602,3.41341184478,3.399619,test
2641,34.888414713296385,34.912235,test
7996,8.123629502903881,8.1174755,test
2284,46.6860010069887,46.71292,test
7824,11.60795649193932,11.600439,test
16194,22.721509220154857,22.735859,test
14305,54.18862649780223,54.156204,test
9398,19.881223193832128,19.870073,test
8055,19.44914634232636,19.437283,test
10611,38.87931509003652,38.893326,test
641,9.94505395806381,9.938017,test
15070,47.671231418620295,47.668777,test
6875,16.582108766157965,16.582067,test
8514,60.658221869689925,60.650333,test
14051,27.406470161859204,27.411366,test
14302,54.18862649780223,54.14936,test
15997,23.60852531144856,23.60323,test
9521,6.728058320195319,6.705739,test
7490,30.85854490144682,30.853561,test
12076,12.09742358911695,12.090309,test
7421,9.95058028746876,9.958782,test
19165,60.70463346233216,60.740707,test
11089,8.3667163290534,8.356475,test
13779,6.548365309251103,6.536216,test
1643,19.706468378524733,19.690424,test
13184,3.384927096116184,3.38695,test
14750,5.515291571911735,5.5111217,test
13274,19.187069571677124,19.174889,test
17800,45.87191982389491,45.863976,test
4537,16.381900654578118,16.367546,test
18165,34.39662236711407,34.403404,test
9623,35.35020546101045,35.358757,test
10279,3.501392529624661,3.4912217,test
3301,3.351284363884982,3.337479,test
12013,3.513376022574373,3.5002441,test
13551,2.6800335776065,2.6532874,test
16012,27.415781458912697,27.39143,test
3760,14.375851944553288,14.377498,test
5574,40.904849512781546,40.92117,test
17201,41.17877762660081,41.174225,test
15599,19.983325306274804,20.000538,test
12506,22.79179224042561,22.790655,test
13232,9.702428609908443,9.699151,test
18219,3.4639925588980818,3.4593906,test
4520,11.655635738720658,11.64657,test
13477,23.452065065404536,23.44003,test
13222,8.020969874138826,8.017211,test
5345,26.231656278814548,26.235882,test
15955,12.219364473939503,12.209995,test
6480,13.861175328282078,13.848463,test
13644,16.58837265322754,16.586218,test
9290,60.657728553914,60.721954,test
15647,41.21766637163386,41.226017,test
1453,19.22082359226023,19.208801,test
8251,23.17079121356761,23.15844,test
13582,5.3947431565957125,5.3993244,test
10149,11.738895074972726,11.72319,test
18539,35.364527610569084,35.36533,test
11433,3.500004551362066,3.4818816,test
14791,12.073872830930233,12.066416,test
14132,2.768396039009667,2.7381654,test
15361,10.06851284589774,10.07402,test
7253,14.550651373051354,14.541948,test
18502,19.70503641990049,19.700737,test
7176,2.7683920640794635,2.7337594,test
2853,39.17395137784385,39.193214,test
13770,5.311987077548214,5.3068037,test
1812,14.375684023441574,14.365862,test
5730,23.294367317733496,23.310968,test
7160,52.97460863520874,52.970512,test
13202,5.326598425315098,5.3179064,test
17989,45.88636353743181,45.891655,test
14743,4.421203120369991,4.412881,test
8328,68.81309100394122,68.83742,test
8258,26.89784900823696,26.89463,test
9358,10.0251992837065,10.010248,test
1477,25.978980967828967,25.963331,test
6245,8.01753035314465,8.009174,test
18956,52.35424291581615,52.343224,test
178,52.3882682736391,52.372425,test
10457,2.634075483446833,2.6044574,test
11457,5.50905772904389,5.515296,test
18184,44.71510459444544,44.71866,test
2986,19.41002101524697,19.405626,test
5785,53.26827894464033,53.25714,test
15230,26.02407266450384,26.015316,test
13120,36.32120693621686,36.32695,test
14686,39.89073286545132,39.9214,test
5499,12.028482888236972,12.006859,test
5079,8.252189973008186,8.2396755,test
13507,36.12481727375171,36.11969,test
3719,6.804226295927448,6.803096,test
416,5.437753175226781,5.4451113,test
19310,34.961627070810835,34.96292,test
650,11.932725734814856,11.928003,test
17695,8.21270525505426,8.196926,test
17986,45.88636353743181,45.88598,test
1975,10.066042242569983,10.063748,test
11831,3.4267563411162123,3.4400423,test
988,4.278760703141022,4.2702045,test
17797,45.87191982389491,45.870735,test
5100,11.977347905672262,11.959546,test
2193,12.031218109653784,12.021479,test
9246,35.914434917306146,35.930065,test
6345,39.201777071676965,39.227646,test
7658,19.15493547987121,19.16282,test
11670,8.12733854043814,8.129087,test
10948,23.56254672507082,23.565628,test
2703,2.648435565573492,2.6169763,test
2581,14.03703780461786,14.03226,test
14625,16.5859980766324,16.575884,test
14812,16.99476765856894,16.988972,test
13502,36.12481727375171,36.129913,test
15928,6.882495340379882,6.86869,test
17531,16.785893348112623,16.773298,test
9652,52.342681818322,52.33416,test
19308,34.961627070810835,34.976074,test
656,11.932725734814856,11.932505,test
19228,9.836238956961564,9.839711,test
17728,16.7632499918992,16.757084,test
2356,8.312184058059383,8.306519,test
16450,52.98386526528585,52.998142,test
15117,3.408232043941083,3.3985877,test
3098,3.423404863251978,3.4273815,test
6953,51.52964590670513,51.52453,test
15933,6.882495340379882,6.8697047,test
2481,53.37235098962706,53.37036,test
14264,31.654038807109423,31.647831,test
6283,16.347664625280032,16.347824,test
11837,4.325138898516199,4.3309917,test
3943,14.28744530085372,14.279329,test
19139,46.95201648165615,46.976917,test
10907,12.210195184882402,12.212672,test
2708,3.3860741903467195,3.3818955,test
837,9.830335858754546,9.818793,test
5468,6.7835549168687095,6.7634664,test
16433,40.922141487373246,40.93554,test
1415,9.719212275161835,9.709772,test
15566,12.082626569966488,12.089777,test
18067,8.035667900269116,8.037711,test
1801,12.072944498264157,12.068588,test
10678,5.393963881571096,5.4006677,test
503,26.603951087058466,26.58985,test
1627,14.20318661328391,14.198894,test
19291,30.43629700593164,30.433872,test
14656,26.33557838360004,26.33955,test
3589,19.43015220231093,19.431288,test
5829,4.46776870342172,4.4502153,test
7618,9.688448573591964,9.685856,test
17824,58.88803969411615,58.939163,test
8375,6.8042238089487,6.794149,test
8384,8.311883690182274,8.296671,test
17358,22.99733939796085,23.024538,test
12307,23.4386895373512,23.41863,test
7268,17.205336964454208,17.182503,test
11582,40.998353809794885,41.01234,test
5988,60.54638190248964,60.546875,test
10795,39.865925189688106,39.879852,test
14160,5.577922372128996,5.5657487,test
10659,3.4266316210422736,3.4282787,test
4772,30.56104595391632,30.52925,test
18139,25.99103057566703,25.984852,test
7655,16.327472020473603,16.325684,test
14781,10.061143235452354,10.048145,test
13307,29.905179728039577,29.896479,test
471,16.736428127591374,16.744114,test
12270,14.455497684795304,14.4599,test
15433,31.31477534961435,31.293804,test
1390,6.58055325043692,6.5651407,test
6097,18.998376056860323,18.98843,test
11149,23.45668169305344,23.461063,test
7828,13.810238138743603,13.801833,test
7245,12.217685644986584,12.207223,test
19111,31.25807903956796,31.246511,test
2256,35.74716386312536,35.75223,test
7848,19.1358779335232,19.148117,test
14077,36.428494938564704,36.416313,test
16815,35.76074998538454,35.757793,test
9437,35.73824276619104,35.731415,test
6341,34.312192327866775,34.307228,test
4543,16.381900654578118,16.367018,test
11413,56.87545981746262,56.870106,test
9125,4.42153269196039,4.4149594,test
3569,14.01251976380764,14.015575,test
12398,2.694570254438588,2.6810803,test
18868,14.203412981302147,14.204205,test
7712,39.12378051575852,39.13288,test
844,11.792452301465284,11.785925,test
16849,60.38601216143688,60.43885,test
17580,35.36490466801548,35.37762,test
4122,11.963037936696075,11.9719,test
7237,10.179073775007422,10.159962,test
13440,14.476766518685231,14.468802,test
3021,30.28327140942746,30.287857,test
13347,50.56027279455254,50.569767,test
8094,34.820443395537644,34.83017,test
224,5.3012249343319935,5.294426,test
13146,47.44345591156762,47.433365,test
19256,16.599431096237396,16.591484,test
15481,61.07334602815417,61.062874,test
11611,60.48252589130836,60.533813,test
6026,5.283813091314699,5.277728,test
7527,52.65787197375085,52.665947,test
11805,66.12146250407682,66.20343,test
10376,23.256887193847927,23.253098,test
6915,30.370753870730503,30.377357,test
6017,4.238415593701241,4.2358513,test
5747,31.220475438484407,31.21789,test
15776,14.55047371652352,14.552037,test
10196,26.1739263514462,26.177896,test
9110,2.738415152769665,2.716508,test
17179,31.265853211056445,31.248077,test
7032,6.801907526467083,6.7883124,test
12304,23.4386895373512,23.43076,test
19006,5.516471991212152,5.4977455,test
11310,11.605420343427122,11.60095,test
5681,10.060629531796687,10.038746,test
6527,29.952876069539208,29.94741,test
622,6.728469413915577,6.714159,test
10090,3.4141493037943245,3.4208827,test
13162,61.3181520474562,61.33336,test
15164,8.056643564505476,8.063446,test
13505,36.12481727375171,36.127205,test
1819,16.994748441870005,16.981361,test
6384,64.47585075138502,64.500534,test
18610,3.463800375958302,3.4534488,test
13237,9.702428609908443,9.696765,test
12683,16.464297328796746,16.465643,test
9066,40.46189804120248,40.488808,test
4238,68.3567305515318,68.400276,test
7093,23.25256558499891,23.23714,test
4262,3.390275518628752,3.3993762,test
9797,26.408709661995704,26.389069,test
13008,4.469668491169972,4.463129,test
49,6.728225741656603,6.707883,test
2081,47.07352396287201,47.069595,test
4575,25.979645064492203,25.96693,test
16184,19.477517207751166,19.489052,test
9865,66.83876913694161,66.87704,test
16348,12.06457598001331,12.060337,test
1048,13.872175255526807,13.857418,test
6903,26.32470590913753,26.312279,test
6884,19.46090985668767,19.460232,test
13608,8.12695765865257,8.127225,test
1203,8.114151752433223,8.103342,test
7526,46.30064389565297,46.32167,test
10543,13.754986358626509,13.741503,test
182,59.37062721017586,59.390102,test
11795,58.46096937908226,58.458347,test
6152,38.73958632268193,38.74253,test
930,45.42860296663197,45.444748,test
11135,20.09302271518608,20.096897,test
9787,22.76296882623324,22.769722,test
2369,10.060056068752283,10.041028,test
504,26.603951087058466,26.58213,test
1110,39.29411433263528,39.324883,test
11169,31.459342797591862,31.451832,test
7274,20.21097208203288,20.216814,test
6321,25.92720413216168,25.919771,test
17324,11.930680217392707,11.913944,test
17917,16.764656649063088,16.757305,test
5333,22.61982167555844,22.633314,test
14212,14.553384683418702,14.560807,test
6161,44.04821245138016,44.045116,test
16499,4.262151865053322,4.250663,test
3542,8.112795120300943,8.111547,test
8495,46.91688292382029,46.916313,test
10913,14.539623170982962,14.540703,test
2550,8.12609586234306,8.113667,test
15379,14.39267504443449,14.400735,test
8586,9.94908966474634,9.949905,test
18960,52.35424291581615,52.348434,test
10221,34.64181170966033,34.63184,test
17336,16.786680857916362,16.783318,test
7677,25.887362814946755,25.88948,test
6011,3.3594554848970217,3.349346,test
4675,6.6884233999807385,6.669013,test
1920,2.738382492768076,2.7054548,test
14092,47.680992295718994,47.687782,test
16914,8.287053435739782,8.28517,test
13501,36.12481727375171,36.12934,test
5931,27.266807168388087,27.25204,test
1839,23.296212376808747,23.312078,test
1952,5.516279237034647,5.5173335,test
7315,36.42816410274023,36.465424,test
12771,57.885328857601024,57.941597,test
11853,6.654179064714825,6.6371274,test
10651,2.679764835700203,2.659306,test
7482,26.725588177894853,26.725773,test
3334,7.918785017787245,7.914912,test
6922,30.370753870730503,30.373463,test
1323,51.53519422389181,51.545998,test
14214,14.553384683418702,14.557976,test
14804,14.37624472537404,14.368313,test
9326,5.496595758597001,5.489908,test
9818,35.02195840075093,35.034996,test
14704,51.56825139855076,51.578712,test
16648,50.13120527614953,50.161743,test
5628,3.501669900886744,3.475305,test
16400,26.979176255131968,26.958584,test
17867,6.725155751284984,6.7069364,test
19231,11.800771006819648,11.798155,test
15944,8.408953862492385,8.396128,test
4333,13.87037488093093,13.846388,test
3555,11.77393419104924,11.772152,test
7366,2.7091026824146094,2.7014933,test
2571,11.794108016712649,11.789022,test
6786,2.679876652308808,2.6641178,test
1074,22.417935081763016,22.408588,test
14202,12.219906214187988,12.218077,test
1628,16.7859292085473,16.784412,test
16107,4.325767851991398,4.3166876,test
10272,2.7378350951730805,2.7230244,test
6923,34.871540716004816,34.89222,test
2206,16.93107384270255,16.92529,test
14384,8.127277318599202,8.129991,test
14693,45.43117938693548,45.451588,test
18451,8.217963340452032,8.209435,test
18439,6.728558482647348,6.705109,test
9638,40.43433258172351,40.447594,test
15735,6.881721048030808,6.858342,test
7048,10.054219373436398,10.039069,test
2493,60.65772001218227,60.69237,test
6979,67.17088418273241,67.102585,test
17908,14.188504354389975,14.183449,test
8896,53.28163800837392,53.261696,test
13394,5.555295080198322,5.555379,test
679,16.78961394224162,16.779055,test
4058,2.719636032414056,2.665381,test
4408,44.68377792357072,44.723385,test
3244,45.46525692745161,45.484276,test
18082,9.720675926907024,9.720279,test
3842,46.87175141117033,46.89784,test
6249,8.01753035314465,8.006258,test
8793,12.074145480171024,12.0734215,test
69,9.944380093437465,9.930638,test
1718,59.44294578668329,59.45749,test
4407,44.68377792357072,44.724876,test
12273,14.455497684795304,14.440651,test
15282,50.88867128964234,50.89672,test
11685,11.79687784031292,11.794337,test
5327,19.39438239099253,19.402622,test
11876,9.831813640027464,9.822063,test
64,9.944380093437465,9.926347,test
12349,41.43326211334096,41.441715,test
5647,5.514631754237328,5.4995427,test
10833,58.28062620155593,58.274006,test
1694,40.475617925384974,40.467445,test
8509,53.388393832045885,53.403595,test
825,8.124923633519694,8.123427,test
17398,40.49806291082581,40.503174,test
18414,3.46394638368498,3.4693317,test
12376,61.348509793807175,61.363567,test
2874,50.49155592474484,50.49975,test
11027,72.80508396669912,72.92027,test
14472,34.9203027778589,34.93264,test
8264,31.06762490630758,31.056652,test
16297,3.5012538758153706,3.4864259,test
477,16.736428127591374,16.730934,test
17617,59.36039100777808,59.410732,test
8260,26.89784900823696,26.893417,test
16514,5.311987077548214,5.308281,test
1143,57.2881662058226,57.262886,test
10549,16.24410167911608,16.240389,test
15264,39.38354458162934,39.404457,test
5029,2.724110359405115,2.7011998,test
2102,60.9959267478142,61.01611,test
9434,35.73824276619104,35.739105,test
12942,41.752818862431866,41.755707,test
17606,52.37163578790875,52.36197,test
13815,11.58450889049733,11.5776,test
13399,6.854252064921547,6.8405204,test
2656,45.43140092411185,45.458496,test
13219,8.020969874138826,8.017212,test
18113,16.387020803117196,16.391933,test
18878,16.785576136576775,16.784977,test
1550,3.4637818082731706,3.4563951,test
15529,5.516667852136265,5.5126677,test
16606,25.774441228347605,25.762442,test
11248,3.3775172482846187,3.383523,test
12807,3.5407926091361697,3.5100646,test
4767,30.56104595391632,30.53928,test
6347,39.201777071676965,39.218384,test
3942,12.004627192306971,11.98821,test
13449,17.112477023026607,17.098312,test
16102,3.4271715208360507,3.4292045,test
6226,5.324322298836763,5.31066,test
10567,22.211762950833336,22.205326,test
15990,20.21809965806252,20.19833,test
5068,6.7580505138063645,6.7306714,test
7665,19.15493547987121,19.15493,test
9516,5.453554826555715,5.4490523,test
6048,7.952605880418686,7.949412,test
892,26.33137260081264,26.323273,test
703,26.688065851348075,26.683146,test
12471,14.089571891047656,14.089378,test
5422,67.36262373893229,67.346886,test
13454,17.112477023026607,17.098068,test
18736,35.366800835510126,35.380455,test
6852,9.830645370821994,9.813293,test
4243,68.3567305515318,68.35402,test
5638,4.420619507032944,4.4040365,test
15747,8.407762865675089,8.384268,test
18786,2.7087326854893243,2.6844392,test
10352,14.363379473798012,14.351268,test
13488,27.21848556581516,27.18838,test
3976,23.11250514594009,23.09874,test
6724,30.76232434794344,30.76244,test
4106,8.240269386899683,8.266722,test
17442,2.708713630838812,2.7066686,test
16493,3.3793123881317606,3.3692155,test
1857,27.04120409654321,27.00932,test
9268,46.91882917131666,46.933624,test
18112,16.387020803117196,16.3922,test
14947,6.882678254863746,6.872732,test
18121,19.22697500817129,19.23056,test
6617,4.371844330934983,4.3754706,test
10859,4.469398149213981,4.472555,test
1602,9.944103509025238,9.93224,test
13595,6.654870000813584,6.6404963,test
9891,2.7037760859594746,2.6905985,test
16403,26.979176255131968,26.961119,test
8106,45.29318866042374,45.306435,test
14860,35.89960393091611,35.91874,test
7964,3.426427000296305,3.427911,test
8972,9.944605845845958,9.923099,test
6012,3.3594554848970217,3.3520408,test
14153,4.470788645696553,4.4663715,test
14422,16.59101007063037,16.579067,test
6355,44.60789261778061,44.61634,test
2630,30.383161080528925,30.39163,test
5481,8.284601351130672,8.258657,test
4381,29.96110459697413,29.964346,test
12763,51.12835088120414,51.14422,test
13739,2.644782439096441,2.6108804,test
5240,3.4168923322826146,3.426475,test
1073,22.417935081763016,22.406822,test
2583,14.03703780461786,14.034797,test
8241,19.84990966305152,19.830257,test
15441,36.018131102324695,36.009964,test
11653,6.65507597344929,6.6346207,test
8256,26.89784900823696,26.890537,test
12738,34.599842035110434,34.598854,test
10088,3.4141493037943245,3.4212797,test
15502,2.738511525458672,2.7259707,test
18775,52.41284890942071,52.408028,test
4086,5.470489117246241,5.453183,test
9815,35.02195840075093,35.02336,test
16079,72.41985765723174,72.42804,test
13079,20.19050088478762,20.186792,test
9779,19.511210629926246,19.512617,test
5621,2.7379345908003714,2.6966093,test
18907,26.671971818268155,26.68926,test
5360,30.2611568718884,30.257057,test
15192,13.894078065810072,13.88307,test
13703,39.89246368341727,39.9141,test
1598,9.944103509025238,9.929714,test
18412,3.46394638368498,3.4684758,test
14699,51.56825139855076,51.579136,test
5685,12.073580675127207,12.068945,test
16891,5.501513631853724,5.4977984,test
14580,8.1258851165813,8.127029,test
15152,6.601823466341924,6.5892982,test
6402,2.6496526089772976,2.638772,test
7504,35.46645561497126,35.46692,test
7299,27.40447188443966,27.382683,test
16899,6.786117649758384,6.770417,test
4029,46.2647312762206,46.27719,test
12904,23.604065820872368,23.600904,test
13150,53.97896503267833,53.982857,test
10758,22.70200171619421,22.696857,test
18547,40.45314727551783,40.48295,test
6186,63.38449733252296,63.44303,test
14709,58.378819776444416,58.428127,test
17072,4.420624805467105,4.417917,test
7001,3.501096998788304,3.4869642,test
17400,40.49806291082581,40.49925,test
12227,5.543782443503579,5.53708,test
6289,16.347664625280032,16.345566,test
10001,22.89995202799145,22.914326,test
18760,46.12097172526919,46.117943,test
13610,9.832967363274172,9.829357,test
7303,31.66584515644597,31.654594,test
17506,11.931686744523365,11.93079,test
8167,5.486112696540107,5.4797664,test
4095,6.747715524421623,6.740101,test
17843,3.462916596395052,3.4569554,test
8508,53.388393832045885,53.403263,test
12522,30.50696090872292,30.506927,test
4209,46.44982470395645,46.448574,test
4901,10.081084989122813,10.072899,test
5672,8.312271261293663,8.291556,test
9606,26.66479872121217,26.659468,test
5113,16.847652107473593,16.835869,test
10354,14.363379473798012,14.345343,test
4861,4.433301976653597,4.4310327,test
16000,23.60852531144856,23.59468,test
11643,5.394844293046,5.392499,test
5074,8.252189973008186,8.243364,test
214,4.252862475887518,4.2435265,test
3539,8.112795120300943,8.112911,test
9181,14.380230957547736,14.37597,test
12148,35.86065710741565,35.859272,test
7144,46.63300306965911,46.638355,test
905,30.38076056729905,30.362825,test
7525,46.30064389565297,46.32605,test
13694,34.893331232725146,34.89642,test
8579,8.220943361868855,8.227369,test
14740,4.421203120369991,4.4135094,test
6417,4.27538826601557,4.269581,test
17278,5.452947367426283,5.4406614,test
3730,8.311869444965327,8.3063,test
7588,5.319759895863683,5.3206234,test
16896,5.501513631853724,5.494898,test
19119,35.936713537831565,35.940956,test
5500,12.028482888236972,12.004396,test
12742,39.55382209740266,39.59494,test
7974,4.324569650612342,4.323519,test
1106,34.3941157281528,34.392406,test
3695,4.420411774772554,4.4191427,test
14877,46.903861444194575,46.93393,test
11754,34.9124546423168,34.923317,test
18974,59.33095836964852,59.399307,test
10729,14.03594200855455,14.041694,test
15582,14.389077514591778,14.3889065,test
17036,52.83214409813406,52.836964,test
18149,29.97287072252159,29.980322,test
14725,2.7383123632887343,2.7093952,test
7247,12.217685644986584,12.20253,test
5210,59.80583469808005,59.825104,test
6390,64.47585075138502,64.490616,test
8564,6.73043322266602,6.703103,test
1826,16.994748441870005,16.977036,test
11580,40.998353809794885,41.010384,test
11489,10.043941062065771,10.027592,test
14149,4.470788645696553,4.4676275,test
13977,6.883216649120083,6.8646846,test
16337,8.308543285499729,8.283617,test
11046,3.525244556513579,3.5053408,test
12043,6.822815867393846,6.8088202,test
3567,14.01251976380764,14.017399,test
7035,8.30809612507781,8.293825,test
558,52.32557471701267,52.348415,test
7942,64.35993824723154,64.366936,test
12295,20.075484224133127,20.055311,test
16639,44.2513224587667,44.25836,test
13901,44.2513224587667,44.259777,test
8003,8.123629502903881,8.115147,test
6181,56.32124547307948,56.3163,test
3851,53.3133888390764,53.356293,test
5215,67.89636060989888,67.94572,test
4411,44.68377792357072,44.717194,test
11855,6.654179064714825,6.639492,test
7935,57.0491840684996,57.070015,test
3516,5.385959886305065,5.39034,test
19005,4.42192814563757,4.416502,test
14678,39.89073286545132,39.918076,test
15913,4.469972324144574,4.482209,test
2478,53.37235098962706,53.379715,test
1134,50.68935151842295,50.693504,test
15071,47.671231418620295,47.66868,test
1335,58.36450659100359,58.41902,test
12084,14.40077247257583,14.400923,test
2139,4.409853122987917,4.4091406,test
5941,31.46723268531948,31.449602,test
19034,8.31575350674248,8.302727,test
16402,26.979176255131968,26.965103,test
2341,5.514992905648285,5.5008874,test
9384,16.93108824748578,16.91788,test
6519,25.97233068144464,25.952293,test
8023,11.788693240324047,11.780928,test
8054,19.44914634232636,19.436764,test
3296,3.351284363884982,3.3395011,test
3276,66.23324544059561,66.36214,test
4499,8.034000431580742,8.028125,test
870,19.463397172895007,19.457367,test
13661,22.709573149294464,22.717308,test
7929,57.0491840684996,57.069855,test
18458,9.944458853458054,9.933449,test
3590,19.43015220231093,19.428772,test
16478,2.644782439096441,2.6108804,test
16044,41.74918116335162,41.7697,test
15654,41.21766637163386,41.24725,test
11298,9.677548837060357,9.669275,test
6961,51.52964590670513,51.51656,test
11797,58.46096937908226,58.437416,test
8459,27.045330248666936,27.029026,test
8912,2.708548541881171,2.6754103,test
18443,6.728558482647348,6.7089934,test
16757,14.332007468744225,14.32659,test
728,35.39528214006568,35.395233,test
5708,16.99497733441319,16.99152,test
8948,5.453665289542088,5.4451427,test
2992,19.41002101524697,19.4007,test
16022,31.677919987423262,31.653633,test
4280,5.33546376019055,5.3371162,test
2170,8.28601199625113,8.27459,test
1195,6.644555943133097,6.6183195,test
1081,25.98963110205024,25.966297,test
3081,65.62438510253718,65.66702,test
13628,11.79578353111807,11.797123,test
9352,10.0251992837065,10.00263,test
12655,9.768981042055076,9.757074,test
13289,25.934075732722288,25.915337,test
4687,8.165768752488026,8.165188,test
6793,3.426758363567802,3.4263015,test
15975,17.210299148184202,17.195705,test
4622,50.6502714684406,50.637367,test
3192,19.45413985890653,19.444477,test
15625,31.29151355771038,31.265112,test
2387,14.374076505429992,14.365498,test
17003,35.65752924170458,35.657227,test
19287,26.372252985493382,26.343424,test
18523,26.672941236077136,26.659166,test
5398,51.312490421608985,51.299065,test
5917,23.503873212499084,23.505081,test
7225,8.408987703827327,8.386875,test
11590,46.77859167776056,46.784004,test
1576,5.453602047597056,5.451386,test
18901,22.99031367519726,23.000252,test
5980,53.460313758260384,53.4543,test
17835,2.708022958232064,2.694283,test
4974,35.86361365671431,35.8724,test
8376,6.8042238089487,6.796134,test
275,13.758159594367363,13.74197,test
1523,50.632492434613184,50.630596,test
2055,35.98998620812796,35.978577,test
8975,9.944605845845958,9.9253845,test
9962,11.889272275091988,11.8827095,test
5956,41.33105793830249,41.34093,test
18647,8.217141392562914,8.211554,test
6809,4.325080681999751,4.3233156,test
0,2.708496180126906,2.6726413,test
15300,65.09267984036615,65.06758,test
7374,3.464617385374871,3.4665961,test
16465,60.05976577236108,60.16004,test
8011,9.828074709524572,9.815288,test
2802,19.187323388788315,19.17827,test
864,16.583389062837508,16.571617,test
12842,8.409214256673277,8.38286,test
4213,46.44982470395645,46.47313,test
1683,35.3790001622984,35.38168,test
12824,5.577448450095398,5.5561333,test
7534,52.65787197375085,52.673164,test
7564,2.644517535660832,2.6173146,test
17110,10.062224196236288,10.049356,test
1865,31.22906731708881,31.199589,test
18541,35.364527610569084,35.369133,test
4711,11.848597403947965,11.855829,test
15636,35.98496149414287,35.97637,test
13319,39.202232131484855,39.228138,test
3807,31.2257159436659,31.212528,test
19071,17.006257963290253,16.992386,test
16629,38.91422234320085,38.934288,test
1908,60.60289546086052,60.592438,test
3636,39.802178478903386,39.816513,test
10724,11.79324820860778,11.796198,test
10998,47.41285060588126,47.40387,test
13695,34.893331232725146,34.902374,test
3651,45.32571236254361,45.34122,test
2890,2.6743699959358485,2.663714,test
1125,44.710494378692566,44.708168,test
16830,46.71078932007112,46.72735,test
11984,51.57113925881535,51.56938,test
1059,16.386408131285116,16.371674,test
5715,19.95776418992861,19.970486,test
14454,26.349780468771147,26.334187,test
7642,13.823744082032102,13.813275,test
10020,30.66064099070706,30.67661,test
17594,40.45296757500148,40.47166,test
11434,3.500004551362066,3.4827003,test
1253,19.438719492496457,19.442532,test
18202,57.29678618334104,57.30596,test
14091,47.680992295718994,47.695618,test
4452,2.651340495288661,2.6285305,test
15455,41.26502903081768,41.275654,test
9857,58.91676567489441,58.95697,test
6162,44.04821245138016,44.057137,test
14579,8.1258851165813,8.127016,test
15620,27.08734431972084,27.089333,test
3292,2.623503999063017,2.5893602,test
5775,46.84485270238342,46.85062,test
12099,17.01903374589111,16.99798,test
10909,12.210195184882402,12.218289,test
10895,10.173935357807435,10.167269,test
18952,46.08967825335424,46.074493,test
9401,23.20334156234951,23.196434,test
12819,5.577448450095398,5.5572977,test
7494,30.85854490144682,30.86025,test
2234,23.203419579996773,23.173714,test
2596,19.4656638962172,19.471397,test
10802,39.865925189688106,39.866386,test
5695,14.376227157580578,14.384481,test
6084,16.19772217863908,16.182608,test
16094,2.680117357532955,2.665888,test
14014,14.551849737231798,14.545445,test
3083,65.62438510253718,65.69226,test
12535,35.03784651809894,35.04306,test
10623,44.21684655523015,44.223934,test
8301,46.69324976620808,46.725864,test
13932,2.768427146804104,2.7399623,test
114,22.994974363014904,23.008652,test
15503,2.738511525458672,2.7216678,test
4057,2.719636032414056,2.6781971,test
7246,12.217685644986584,12.207579,test
18421,4.372499077848516,4.373666,test
1962,6.807036339896532,6.8059883,test
7583,4.26638485919936,4.2638264,test
9451,46.65423333440259,46.674644,test
12353,47.3150321406427,47.33374,test
7492,30.85854490144682,30.8553,test
4299,8.034880206080599,8.024292,test
9486,2.7086272166512813,2.6929533,test
3683,3.5015152732231445,3.483881,test
10039,40.28718686607373,40.288815,test
17138,17.002765463643282,16.990376,test
1076,22.417935081763016,22.409668,test
5564,35.73198980287516,35.72749,test
13563,3.4270235820849577,3.425571,test
8868,35.88878196221561,35.887524,test
7023,6.801907526467083,6.786577,test
6709,22.97874290495203,22.976738,test
15247,34.456384355447206,34.44984,test
7969,4.324569650612342,4.325935,test
17850,4.3709490146262535,4.3707438,test
10169,16.50056323151148,16.494713,test
10681,5.393963881571096,5.4020805,test
6014,4.238415593701241,4.2333374,test
18486,16.785412269679526,16.786543,test
6831,6.653808540578969,6.637858,test
14606,11.79410820216684,11.79835,test
11824,3.4267563411162123,3.4369721,test
11658,6.65507597344929,6.6376,test
12271,14.455497684795304,14.453234,test
9687,2.693225881006085,2.6315079,test
7120,31.139319734798352,31.127296,test
15729,5.576457565869874,5.5616693,test
15731,5.576457565869874,5.563205,test
6992,2.7376158744619965,2.7140963,test
8845,27.039190034919176,27.022572,test
15703,2.76783276839671,2.7351084,test
14231,20.2134235483514,20.223734,test
17862,5.451568611934276,5.450297,test
10320,8.30881283239143,8.288031,test
5619,2.7379345908003714,2.6950893,test
8994,14.204211446903102,14.19915,test
732,40.49585337594807,40.51749,test
18125,19.22697500817129,19.226074,test
18287,14.205399851176583,14.208787,test
12124,27.04577228607741,27.029408,test
4663,5.423807499879186,5.414004,test
11504,14.347619590331648,14.347591,test
5545,26.92088192163529,26.90997,test
18643,6.728004270033436,6.7108355,test
3525,6.64364964800169,6.628471,test
3483,2.676159193667881,2.6524389,test
2266,40.923614122445166,40.938713,test
16618,34.079261637555426,34.080547,test
13903,44.2513224587667,44.258636,test
10451,60.17810455334465,60.23668,test
14255,27.400857794657927,27.403114,test
9803,26.408709661995704,26.369522,test
8041,16.574017901587826,16.562778,test
5908,20.145233889532307,20.132015,test
13113,31.594912912840023,31.589878,test
16572,16.269805179595384,16.26397,test
15485,61.07334602815417,61.087296,test
9170,10.063141507813375,10.04983,test
5816,3.539102139205733,3.5106823,test
5195,52.69668947022024,52.74806,test
4644,2.698582685784035,2.6492963,test
5761,35.88445310346767,35.87516,test
8945,5.453665289542088,5.4442663,test
9341,8.28367776832649,8.266922,test
4118,11.963037936696075,11.970407,test
12975,61.88841155896284,61.918793,test
3660,51.44204164024564,51.452213,test
15995,23.60852531144856,23.606628,test
18142,25.99103057566703,25.984474,test
168,46.11681562429834,46.115402,test
6569,50.68493078471787,50.713356,test
8954,6.728387427829043,6.6993856,test
17904,11.92108481279417,11.910741,test
12833,6.882941629441138,6.865435,test
3924,10.007610430801112,9.991528,test
16511,5.311987077548214,5.309142,test
12395,2.694570254438588,2.6775205,test
6483,16.3737194207109,16.365578,test
16113,4.325767851991398,4.3297477,test
671,16.78961394224162,16.788628,test
11730,22.715728356803982,22.725971,test
6985,2.7376158744619965,2.709868,test
9084,52.37392807384792,52.35193,test
15057,41.73341427249216,41.772182,test
16857,60.38601216143688,60.40804,test
2564,9.831747633839294,9.814356,test
748,46.1602134775885,46.172752,test
18696,19.70205587277775,19.692516,test
10350,14.363379473798012,14.354948,test
10857,4.469398149213981,4.469449,test
1940,4.421703591294218,4.430131,test
14856,31.227174480005047,31.192106,test
4856,4.433301976653597,4.43318,test
19338,51.770522643149945,51.780094,test
10769,26.32861172301684,26.323687,test
5392,45.219210934851226,45.213066,test
4053,2.719636032414056,2.6600947,test
17086,6.804951600960687,6.7831125,test
15303,65.09267984036615,65.079056,test
14862,35.89960393091611,35.914703,test
15536,6.807568748079518,6.7900066,test
18873,14.203412981302147,14.200331,test
17930,19.675866135052928,19.663471,test
15523,4.421979616157388,4.429407,test
14742,4.421203120369991,4.4134207,test
6032,5.283813091314699,5.2812533,test
15139,5.355787833397262,5.3534713,test
1794,10.06001725968814,10.045095,test
12047,6.822815867393846,6.8105392,test
3246,45.46525692745161,45.49041,test
14025,17.20685403521417,17.19588,test
11565,35.80894288502899,35.808517,test
2167,8.28601199625113,8.2713785,test
3673,2.737823046813698,2.69596,test
11151,23.45668169305344,23.45084,test
17427,59.51701362971379,59.55349,test
8387,8.311883690182274,8.299301,test
13179,3.384927096116184,3.3806405,test
14046,23.60115230987814,23.601974,test
12976,61.88841155896284,61.93553,test
8416,14.376280985907911,14.3681,test
16547,9.66304530984486,9.6535225,test
7759,3.380822196050792,3.36265,test
1044,13.872175255526807,13.865618,test
2538,6.654279103727196,6.634049,test
539,40.377631829733055,40.396027,test
15228,26.02407266450384,26.013401,test
15005,17.20354303610618,17.191727,test
4266,4.278595371611911,4.279441,test
16096,3.4271715208360507,3.416094,test
4931,17.017149413199444,16.997112,test
13681,30.388399670203068,30.401806,test
7905,39.10561494606926,39.132103,test
480,19.649111293465804,19.655857,test
14222,17.20828068303235,17.20366,test
16664,56.60134448761165,56.610363,test
15691,69.39768820199494,69.33672,test
6876,16.582108766157965,16.57858,test
3987,26.8078158500896,26.80434,test
18571,52.3749720779351,52.375298,test
3209,26.32561881342556,26.310797,test
820,8.124923633519694,8.124788,test
809,5.393604326707714,5.3912716,test
17029,52.83214409813406,52.842827,test
7688,29.8493628553858,29.84655,test
5001,46.75900569244985,46.765465,test
8154,4.398244872508168,4.3882475,test
14557,5.394117115004909,5.395703,test
7305,31.66584515644597,31.659695,test
18691,16.78281810679832,16.769642,test
4854,4.433301976653597,4.4313154,test
11693,14.04101960092788,14.0251,test
3916,8.272005847991887,8.263003,test
6659,9.94196623369888,9.93603,test
1231,14.016750584006392,14.020447,test
2790,16.35532899549183,16.356768,test
11469,6.796082980187971,6.7858114,test
18217,3.4639925588980818,3.4552455,test
9927,6.708523927938943,6.6870418,test
5953,41.33105793830249,41.3376,test
1593,8.217597876040603,8.200758,test
8830,19.959057219852347,19.948574,test
4115,9.970797327562025,9.987571,test
16791,26.941092065428904,26.945547,test
2516,4.32526132233661,4.3153253,test
14303,54.18862649780223,54.155544,test
8652,30.85164903067275,30.841488,test
18320,22.99775950874276,23.008713,test
14826,19.957580957136027,19.951694,test
6111,22.144290488227952,22.128336,test
376,56.55112495464567,56.50433,test
10252,51.06412786371418,51.06578,test
440,9.914430525959508,9.92212,test
13489,31.42927549874927,31.400755,test
17229,60.85346407983517,60.85437,test
7119,31.139319734798352,31.121454,test
15161,8.056643564505476,8.066183,test
125,26.67923888964828,26.684864,test
7912,44.50071754991946,44.50628,test
15336,5.517049797814488,5.5107765,test
17961,30.706189705368445,30.702991,test
10468,3.3670877540885287,3.3661795,test
6203,3.38352670793303,3.368219,test
15541,6.807568748079518,6.800618,test
608,4.37226573877274,4.374789,test
9662,59.32496723193529,59.372917,test
5577,40.904849512781546,40.915756,test
390,3.454105572222532,3.4529877,test
16201,22.721509220154857,22.73359,test
13700,39.89246368341727,39.91844,test
8778,8.312589722231753,8.304757,test
5944,36.14161337491136,36.127056,test
441,9.914430525959508,9.918105,test
5193,52.69668947022024,52.74083,test
9816,35.02195840075093,35.035446,test
12191,60.20444648087743,60.217247,test
11004,53.936249904147175,53.926483,test
638,8.218116602772081,8.211515,test
3509,4.318728812581711,4.3223014,test
2145,5.4997115639109175,5.486974,test
13953,4.470717032155693,4.469151,test
4064,3.4765577219221213,3.4730408,test
15694,69.39768820199494,69.32756,test
17065,3.501616867164235,3.4842331,test
9296,2.729745979583993,2.7250173,test
5372,34.74248220026329,34.749077,test
15611,23.33028065288677,23.328537,test
2050,31.29317545149303,31.271217,test
9859,58.91676567489441,58.951523,test
18615,3.463800375958302,3.459622,test
7760,3.380822196050792,3.3617485,test
10388,26.98533118302545,26.96922,test
16683,3.4970703129535017,3.4798975,test
16446,46.63697301236813,46.64971,test
7478,26.725588177894853,26.750769,test
933,45.42860296663197,45.42791,test
8787,10.06105554284492,10.05105,test
16622,34.079261637555426,34.07952,test
10489,5.296604013800311,5.2964067,test
17187,35.953314837014425,35.95705,test
2669,51.57301685156738,51.556202,test
2935,8.10628119297899,8.093269,test
15792,17.206095957878134,17.191027,test
415,5.437753175226781,5.443886,test
8646,26.719688219129843,26.70449,test
18269,9.945409981647147,9.934397,test
8024,11.788693240324047,11.782747,test
10768,26.32861172301684,26.32761,test
16704,5.5040689464134,5.503112,test
14981,12.216826866795364,12.210522,test
9551,11.92977143625582,11.932876,test
14955,6.882678254863746,6.8665953,test
17600,46.10037718977418,46.09102,test
1437,13.869585950863724,13.854012,test
6680,14.198530743640813,14.193042,test
7103,26.978401307234257,26.955282,test
9608,26.66479872121217,26.647648,test
16784,23.213132850411533,23.200932,test
18573,52.3749720779351,52.382298,test
10701,8.12551687206948,8.126596,test
16833,46.71078932007112,46.706703,test
8053,19.44914634232636,19.441723,test
11403,50.35340230487312,50.378555,test
4796,45.806228475822735,45.79035,test
10400,31.15061180638959,31.137514,test
13649,19.46926318075209,19.471277,test
2118,2.733014195440622,2.7081034,test
4527,13.868744565326486,13.854068,test
18503,19.70503641990049,19.698143,test
7541,59.78105804044495,59.8207,test
17621,59.36039100777808,59.41368,test
14122,73.16672003142884,73.13311,test
8670,35.45862287003865,35.454575,test
6740,35.33233108400391,35.321182,test
2602,19.4656638962172,19.46502,test
14841,27.03929577006274,27.035116,test
13925,56.60134448761165,56.610363,test
13416,8.372357434098713,8.352892,test
10503,6.531354650653539,6.5257645,test
2333,4.421023847624547,4.40096,test
1560,4.372281870616634,4.367916,test
7264,17.205336964454208,17.19101,test
15123,3.408232043941083,3.4033628,test
15426,31.31477534961435,31.286293,test
8026,14.029125772265932,14.029453,test
7150,46.63300306965911,46.636147,test
14652,26.33557838360004,26.3382,test
18666,11.929787983506596,11.92655,test
15266,39.38354458162934,39.408485,test
3481,63.02280533209118,63.072403,test
7309,31.66584515644597,31.666973,test
8194,10.006211635630953,9.998716,test
8400,10.060244866626965,10.044823,test
9883,78.58062096349295,78.56996,test
6614,4.371844330934983,4.3798075,test
270,13.758159594367363,13.7430525,test
1265,22.674852098493925,22.664846,test
1804,12.072944498264157,12.070752,test
18911,26.671971818268155,26.680313,test
14592,9.831611259859253,9.828048,test
14950,6.882678254863746,6.8756633,test
4347,19.2225458757848,19.22202,test
2696,2.648435565573492,2.6145742,test
2382,12.072313220897104,12.057641,test
19298,30.43629700593164,30.43124,test
17652,3.46287616207661,3.461864,test
16901,6.786117649758384,6.7692833,test
15635,35.98496149414287,35.97116,test
18434,5.453876964856426,5.450901,test
15927,6.882495340379882,6.8655334,test
4035,52.52433965725746,52.54442,test
19142,46.95201648165615,46.97223,test
11694,14.04101960092788,14.02653,test
14507,58.53201876125161,58.50924,test
1681,35.3790001622984,35.382263,test
14868,41.10504443634969,41.12285,test
1704,46.13571434661053,46.127594,test
12067,10.082996455453056,10.072315,test
4336,16.383842618628933,16.376968,test
12194,2.7529128597477226,2.7125673,test
11031,72.80508396669912,72.90696,test
10338,12.065009881332942,12.061266,test
16085,2.680117357532955,2.6460192,test
14000,12.218588363439878,12.214263,test
9817,35.02195840075093,35.039787,test
18803,3.4639967086747205,3.4679775,test
15175,9.741813509382144,9.734797,test
15100,73.00966898459065,72.94752,test
16878,4.411629702698938,4.4098673,test
1854,27.04120409654321,27.013771,test
2760,9.704790404948806,9.697457,test
1728,2.737800300939081,2.7188926,test
2088,53.61430273355695,53.6195,test
14134,2.768396039009667,2.7449582,test
33,5.4535370972796615,5.4483023,test
18525,26.672941236077136,26.65258,test
2510,3.4268652011358185,3.422563,test
10979,36.30566648985637,36.298485,test
14041,23.60115230987814,23.607336,test
8938,4.372289036882156,4.3607903,test
8580,8.220943361868855,8.225042,test
8638,23.023367390923063,23.00858,test
17321,11.930680217392707,11.912409,test
13380,4.45352687233361,4.4584093,test
14789,12.073872830930233,12.072403,test
5544,26.92088192163529,26.908451,test
4875,6.821268673764209,6.802245,test
2012,17.011685864509637,16.985844,test
13136,41.58429061495493,41.58754,test
11553,31.15051328428412,31.152199,test
11100,10.126395815467223,10.111149,test
3932,10.007610430801112,9.989841,test
10420,40.950632724160805,40.962692,test
2443,31.22007476484556,31.192568,test
1470,25.978980967828967,25.960217,test
18000,52.06823645974915,52.09695,test
12682,16.464297328796746,16.4684,test
18455,8.217963340452032,8.209368,test
15695,2.76783276839671,2.7255406,test
5470,6.7835549168687095,6.7582273,test
2566,11.794108016712649,11.792753,test
4135,14.24193006517389,14.237267,test
15686,69.39768820199494,69.35689,test
271,13.758159594367363,13.741012,test
10827,58.28062620155593,58.22917,test
5405,58.06570389407524,58.099754,test
18855,9.94467047086916,9.933938,test
16409,31.14012034803225,31.113117,test
9653,52.342681818322,52.32228,test
4688,8.165768752488026,8.165434,test
208,3.371358194630628,3.364565,test
15767,12.216907157053178,12.206974,test
7880,29.82551748295141,29.81325,test
2854,39.17395137784385,39.19138,test
14361,5.394854572208311,5.3922396,test
18766,52.41284890942071,52.401215,test
2248,31.098562535715903,31.10098,test
13697,34.893331232725146,34.911385,test
3387,18.89356732814083,18.892681,test
15520,4.421979616157388,4.4339967,test
9574,16.782179300601353,16.770233,test
6873,16.582108766157965,16.584948,test
15624,27.08734431972084,27.112646,test
11354,25.853560650166337,25.852036,test
19158,60.70463346233216,60.720207,test
10860,4.469398149213981,4.4723535,test
13575,4.3255147578110105,4.3271456,test
3601,22.66280409992268,22.66211,test
12498,19.53860154075247,19.53373,test
6133,33.92870828003857,33.914627,test
6054,9.617347410194986,9.612466,test
1179,5.386557878584089,5.3847337,test
1113,39.29411433263528,39.313118,test
19358,66.46919271207298,66.5155,test
4725,16.662983510921826,16.666151,test
12268,12.138773915132886,12.135832,test
9522,6.728058320195319,6.705967,test
17655,3.46287616207661,3.4624457,test
6247,8.01753035314465,8.007921,test
11080,6.849328056400946,6.840783,test
8886,46.85373954662278,46.83914,test
3712,5.514361958659131,5.517654,test
3368,13.64658205019341,13.641325,test
12609,3.41341184478,3.3989224,test
1879,41.102242544116194,41.123306,test
2374,10.060056068752283,10.036014,test
16414,31.14012034803225,31.116447,test
17932,19.675866135052928,19.663326,test
5657,6.804563440257528,6.786525,test
7734,50.45184574770483,50.477245,test
14432,19.47358371511247,19.481674,test
11570,35.80894288502899,35.802082,test
11465,6.796082980187971,6.7874203,test
294,19.05581652042869,19.054781,test
6656,9.94196623369888,9.938614,test
1296,34.84895468229793,34.845848,test
9049,30.792365123361137,30.78298,test
9078,46.10827558357298,46.10981,test
18461,9.944458853458054,9.935942,test
9541,9.94333797411371,9.936155,test
6750,40.40730176842157,40.40515,test
12210,4.44415686531255,4.4276447,test
14901,60.65764308308809,60.689075,test
17784,35.24715335336369,35.250446,test
726,35.39528214006568,35.403183,test
11260,4.261977186901441,4.2634406,test
10825,58.28062620155593,58.232796,test
2207,16.93107384270255,16.918716,test
5525,19.87480651925221,19.851786,test
11938,26.33615265794538,26.331495,test
5096,11.977347905672262,11.957362,test
6348,39.201777071676965,39.222973,test
18029,3.390434796633999,3.389614,test
13871,29.71030411274068,29.714787,test
2053,31.29317545149303,31.27415,test
7371,3.464617385374871,3.455227,test
1825,16.994748441870005,16.97642,test
18509,22.9906590256399,23.00017,test
11341,19.13154039787541,19.122078,test
7384,4.373588270267297,4.3810086,test
2525,5.394350144315574,5.388335,test
16243,45.50308508521769,45.5594,test
16455,52.98386526528585,53.029533,test
15784,14.55047371652352,14.540461,test
15788,17.206095957878134,17.202213,test
7158,52.97460863520874,52.963013,test
14147,3.5410006268485925,3.5210738,test
9596,22.98460188258043,22.983395,test
3820,35.89380915458802,35.902477,test
7174,2.7683920640794635,2.7352319,test
7763,3.380822196050792,3.367712,test
13830,16.269805179595384,16.263124,test
3892,4.404761854709105,4.4015093,test
13236,9.702428609908443,9.695524,test
3474,63.02280533209118,63.084312,test
1337,58.36450659100359,58.425354,test
11284,8.001000028014305,7.9991145,test
2849,39.17395137784385,39.190994,test
2377,12.072313220897104,12.061613,test
12809,3.5407926091361697,3.5118937,test
4062,3.4765577219221213,3.4653687,test
12413,4.34578898095786,4.3530254,test
7667,22.33235177416136,22.34918,test
6353,44.60789261778061,44.613556,test
18391,59.45844552167869,59.46835,test
13359,2.7587097236128133,2.7457428,test
13543,60.93541213068231,60.96368,test
14286,41.69401750937428,41.69002,test
14960,8.408610267261812,8.399021,test
18404,2.7086994826902444,2.7070928,test
17189,35.953314837014425,35.962753,test
17060,3.501616867164235,3.481211,test
12914,27.410694019083195,27.397861,test
331,34.03959183233169,34.03508,test
18738,35.366800835510126,35.378025,test
5004,53.1257604450006,53.135376,test
17712,11.920420225393688,11.9158745,test
14585,8.1258851165813,8.131708,test
9271,53.38895976724034,53.417484,test
2087,53.61430273355695,53.60948,test
6747,40.40730176842157,40.404976,test
4652,3.448697967641652,3.4243703,test
12235,6.840436546862896,6.822994,test
13495,31.42927549874927,31.403957,test
7515,40.59509796644647,40.62291,test
18834,6.728695988858052,6.705587,test
4424,50.65171531599499,50.681587,test
19106,31.25807903956796,31.244892,test
2808,22.369427249904778,22.362343,test
18765,46.12097172526919,46.123264,test
1817,14.375684023441574,14.375469,test
6467,11.648849602331245,11.644321,test
12360,53.90261300771889,53.906433,test
7952,2.67966579015312,2.663143,test
19297,30.43629700593164,30.42564,test
8372,5.514356971441128,5.5180697,test
8476,35.91032086682111,35.920773,test
12995,3.540287262174207,3.5231414,test
1405,8.034673285745228,8.027735,test
10834,58.28062620155593,58.303886,test
6051,7.952605880418686,7.9492483,test
4350,19.2225458757848,19.215864,test
14111,61.87956213511676,61.93105,test
13793,7.991658777584205,7.9856606,test
11165,31.459342797591862,31.446928,test
10684,5.393963881571096,5.4039135,test
8790,10.06105554284492,10.045643,test
5701,14.376227157580578,14.363062,test
13047,10.175014144779013,10.174214,test
86,14.203979076475648,14.203091,test
16619,34.079261637555426,34.083355,test
12009,2.747714224807638,2.7243938,test
6751,40.40730176842157,40.408775,test
17275,4.371733988550494,4.3522744,test
14977,12.216826866795364,12.216231,test
6294,19.18033941664073,19.176064,test
5017,60.22437727795918,60.30549,test
19118,35.936713537831565,35.940426,test
16935,12.029270151326983,12.0277605,test
18888,19.7050323192318,19.696236,test
12528,30.50696090872292,30.498522,test
2220,19.88098601288324,19.86621,test
3841,46.87175141117033,46.899525,test
12856,10.179629797544049,10.1655035,test
1691,40.475617925384974,40.468246,test
4043,59.47852455783562,59.557198,test
824,8.124923633519694,8.122818,test
19057,14.38467919456088,14.372812,test
7651,16.327472020473603,16.328854,test
17081,5.514767643990076,5.508405,test
14859,35.89960393091611,35.915657,test
9226,27.050315830714485,27.047962,test
15483,61.07334602815417,61.081528,test
11118,14.470829883927587,14.460457,test
3903,6.774445427179768,6.7559915,test
3628,34.8161922893814,34.81298,test
15435,31.31477534961435,31.306149,test
5273,8.09967191087475,8.088945,test
7462,19.73176517827855,19.74033,test
17713,11.920420225393688,11.914,test
6657,9.94196623369888,9.9395485,test
5592,46.66270391250456,46.663666,test
13924,56.60134448761165,56.586742,test
16215,30.4128793766057,30.426695,test
14426,16.59101007063037,16.573664,test
11933,26.33615265794538,26.34061,test
14217,14.553384683418702,14.548692,test
6648,8.216151225650435,8.202492,test
16067,61.79860533418504,61.827797,test
17209,47.00467924590599,47.01705,test
15811,23.602943561246462,23.601051,test
10689,6.653802197580005,6.6424775,test
8332,68.81309100394122,68.807205,test
10840,2.767835097876492,2.7595615,test
4245,68.3567305515318,68.36039,test
7512,40.59509796644647,40.62605,test
1956,6.807036339896532,6.790614,test
19147,53.42860126107073,53.447872,test
18812,4.372572383195617,4.3736506,test
11456,5.50905772904389,5.513619,test
7228,8.408987703827327,8.381868,test
17934,19.675866135052928,19.657507,test
7513,40.59509796644647,40.622177,test
17704,9.936827424934425,9.929064,test
13572,4.3255147578110105,4.3242025,test
8620,16.800995435851572,16.78469,test
9248,35.914434917306146,35.922283,test
6956,51.52964590670513,51.519924,test
1536,57.20652774133463,57.192886,test
18849,9.94467047086916,9.93714,test
18161,34.39662236711407,34.391735,test
3603,26.28315548393333,26.283367,test
1807,12.072944498264157,12.074602,test
14097,47.680992295718994,47.71534,test
18715,22.98758383508474,22.973455,test
15066,41.73341427249216,41.724113,test
4357,22.412843611868016,22.41762,test
13626,11.79578353111807,11.791226,test
7240,10.179073775007422,10.159459,test
15989,20.21809965806252,20.197414,test
6573,57.299878230603134,57.294357,test
16934,12.029270151326983,12.025785,test
5125,19.77808294115797,19.777027,test
3724,8.311869444965327,8.301853,test
1219,11.776863732605358,11.785824,test
11770,39.920168975630695,39.956543,test
8299,46.69324976620808,46.722733,test
11463,6.796082980187971,6.7835584,test
17872,6.725155751284984,6.7023296,test
14260,31.654038807109423,31.645342,test
1764,5.514289169113654,5.5171156,test
8085,30.335273125343985,30.327358,test
2271,40.923614122445166,40.92929,test
17977,40.29987785141369,40.319195,test
19141,46.95201648165615,46.97314,test
6561,44.69786999759816,44.714096,test
8214,14.297620147091871,14.300053,test
5928,27.266807168388087,27.258476,test
18964,52.35424291581615,52.360756,test
9701,4.341497964452761,4.351701,test
13002,4.469668491169972,4.466968,test
10179,19.36078596408515,19.34762,test
14119,73.16672003142884,73.137634,test
14129,2.768396039009667,2.7355773,test
18820,5.45397953162337,5.449993,test
365,50.08211640315393,50.1037,test
13598,6.654870000813584,6.6408873,test
2240,26.930729823540588,26.92892,test
4744,22.82017085774277,22.826859,test
6265,11.631323018312653,11.632365,test
8329,68.81309100394122,68.83838,test
9240,31.24025323911746,31.21292,test
2524,4.32526132233661,4.3159933,test
4311,9.719544483530507,9.700027,test
16037,41.74918116335162,41.752052,test
913,34.886053109587735,34.896236,test
8071,26.300087921823646,26.296886,test
11201,47.32179431110334,47.32302,test
3105,4.320883854483836,4.3117094,test
10832,58.28062620155593,58.279476,test
18580,59.36762111235722,59.415375,test
17857,5.451568611934276,5.4523644,test
14874,41.10504443634969,41.110596,test
5323,19.39438239099253,19.40849,test
2309,2.7382564811417,2.69064,test
12717,26.12437780450136,26.122938,test
1529,57.20652774133463,57.187775,test
5831,4.46776870342172,4.4445868,test
301,22.211921831456284,22.205456,test
16778,23.213132850411533,23.210745,test
8058,22.68160677705264,22.686089,test
4695,9.878075507678982,9.868332,test
5433,3.4939888395858416,3.477899,test
637,8.218116602772081,8.210766,test
2330,4.421023847624547,4.405025,test
14492,45.49573519133895,45.522472,test
13286,22.371217342856696,22.370626,test
2468,46.895781103613245,46.90497,test
10379,23.256887193847927,23.263361,test
3186,19.45413985890653,19.462463,test
2492,60.65772001218227,60.694633,test
14747,5.515291571911735,5.5090485,test
8821,19.959057219852347,19.967094,test
3535,8.112795120300943,8.110157,test
13323,39.202232131484855,39.218746,test
12503,22.79179224042561,22.791805,test
17907,14.188504354389975,14.184675,test
16812,35.76074998538454,35.767826,test
4904,12.095411676309684,12.090023,test
17496,9.944672091049991,9.943851,test
7960,3.426427000296305,3.4295506,test
5439,3.4939888395858416,3.4838133,test
18754,40.46160991887188,40.44154,test
9190,14.380230957547736,14.365732,test
16213,30.4128793766057,30.430832,test
7008,4.41963148757761,4.4164267,test
2261,35.74716386312536,35.753784,test
17751,22.94705567893216,22.94978,test
18753,40.46160991887188,40.4457,test
3578,16.55589942735338,16.554836,test
10946,23.56254672507082,23.564991,test
17591,40.45296757500148,40.47992,test
19156,60.70463346233216,60.730774,test
4429,57.234210991288506,57.26207,test
4239,68.3567305515318,68.36934,test
12315,27.2150462191298,27.210571,test
9625,35.35020546101045,35.352856,test
2823,25.92904785667398,25.91887,test
18997,4.42192814563757,4.4102564,test
164,46.11681562429834,46.101856,test
8578,8.220943361868855,8.225782,test
2489,60.65772001218227,60.67112,test
9524,6.728058320195319,6.6998653,test
4673,6.6884233999807385,6.6648607,test
12743,39.55382209740266,39.58302,test
2691,67.38521281421959,67.39406,test
16257,51.67042053675918,51.670734,test
14101,54.33858922000827,54.31253,test
17304,8.216838373088674,8.191971,test
9428,31.094593388139582,31.073162,test
12195,2.7529128597477226,2.7150311,test
631,8.218116602772081,8.2027855,test
13263,16.35386319839244,16.356285,test
15302,65.09267984036615,65.085526,test
11336,19.13154039787541,19.124771,test
4308,9.719544483530507,9.701027,test
7248,12.217685644986584,12.206633,test
1234,14.016750584006392,14.012834,test
18028,3.390434796633999,3.387841,test
14445,22.716537099825803,22.711895,test
7345,54.35424338922613,54.31259,test
1364,3.3902555318677594,3.3935182,test
14537,3.426691556928463,3.427128,test
9979,16.721996390550526,16.724033,test
10040,40.28718686607373,40.284615,test
15601,19.983325306274804,19.984493,test
1912,60.60289546086052,60.601112,test
5605,60.2862913044289,60.322018,test
17721,14.187529171506236,14.178623,test
5154,30.91040497992931,30.912704,test
12701,22.52901124083688,22.535015,test
1631,16.7859292085473,16.783129,test
14732,3.5021532227900267,3.4840941,test
8018,11.788693240324047,11.7904005,test
4713,14.101696676245515,14.110783,test
11919,19.466938902709447,19.456211,test
1902,53.35263677725449,53.37372,test
1093,29.971004453921363,29.971188,test
17732,16.7632499918992,16.750225,test
14380,8.127277318599202,8.123793,test
9019,19.70783187156621,19.69191,test
18373,46.14505775094848,46.133575,test
11166,31.459342797591862,31.444967,test
18806,4.372572383195617,4.3691063,test
8608,14.21374816941229,14.211106,test
5133,23.077107649980203,23.070744,test
9712,5.4120818139826525,5.4123306,test
15028,27.39963726697832,27.396744,test
413,5.437753175226781,5.4400377,test
17901,11.92108481279417,11.914745,test
5752,31.220475438484407,31.199398,test
3357,11.47503257770756,11.458931,test
16832,46.71078932007112,46.723164,test
12017,3.513376022574373,3.4990435,test
15572,12.082626569966488,12.098676,test
5833,5.573218400912195,5.557437,test
17305,8.216838373088674,8.189071,test
1802,12.072944498264157,12.06962,test
10829,58.28062620155593,58.256012,test
14677,39.89073286545132,39.92469,test
959,58.38596546089347,58.440895,test
5485,10.024970078805753,10.001873,test
13577,4.3255147578110105,4.329251,test
11720,19.473389322226087,19.473991,test
9480,60.226012960931534,60.289513,test
4061,2.719636032414056,2.6643908,test
4067,3.4765577219221213,3.455802,test
142,35.37584389295486,35.395256,test
4811,52.0705342243224,52.07397,test
17350,19.708416363432303,19.698809,test
15014,20.208444303638693,20.21508,test
1824,16.994748441870005,16.976807,test
11629,3.427034163001539,3.4366279,test
2092,53.61430273355695,53.637695,test
10127,8.09096009018889,8.088384,test
3384,18.89356732814083,18.893507,test
9042,30.792365123361137,30.808502,test
15546,8.316653299183429,8.31073,test
3094,3.423404863251978,3.4195778,test
8848,27.039190034919176,27.018063,test
6500,19.21179116646248,19.213327,test
674,16.78961394224162,16.784172,test
5771,41.07423943587891,41.06708,test
2746,8.023180179116657,8.014983,test
691,23.00089186344432,23.002033,test
8095,34.820443395537644,34.83029,test
8582,9.94908966474634,9.942564,test
3456,49.59532874711015,49.654846,test
6639,6.727251903746071,6.709529,test
17413,46.16869260004919,46.170753,test
6761,46.0352372303975,46.040955,test
5620,2.7379345908003714,2.6971107,test
11856,6.654179064714825,6.6417923,test
4071,4.386973801580494,4.3893356,test
13872,29.71030411274068,29.708258,test
7700,34.24997647402045,34.250774,test
3827,41.09026214478016,41.094425,test
7559,2.644517535660832,2.6167278,test
15369,12.085016051450117,12.090939,test
16755,14.332007468744225,14.325244,test
11251,3.3775172482846187,3.3854728,test
12653,9.768981042055076,9.7553215,test
1588,8.217597876040603,8.199947,test
4476,5.3349161923909225,5.329954,test
17397,40.49806291082581,40.515327,test
396,3.454105572222532,3.4619052,test
11386,39.06249052486637,39.08126,test
5599,53.083073628243376,53.06936,test
9072,46.10827558357298,46.11239,test
17561,26.67363142943311,26.681488,test
5131,19.77808294115797,19.768549,test
1406,8.034673285745228,8.026638,test
13133,41.58429061495493,41.581665,test
2863,44.55739519495278,44.57045,test
6850,9.830645370821994,9.811866,test
9463,53.05653658929399,53.07929,test
3487,2.676159193667881,2.6547074,test
14375,6.6550572887681145,6.64651,test
5857,8.39929361999531,8.368298,test
7750,2.645134884017069,2.6077132,test
6769,52.27633791022582,52.27039,test
5738,27.03688908872464,27.033527,test
6022,4.238415593701241,4.235605,test
16142,8.128037751397795,8.14152,test
9343,8.28367776832649,8.269216,test
9780,19.511210629926246,19.505676,test
7943,64.35993824723154,64.385506,test
10707,9.83104731697686,9.81987,test
2829,29.89520883156856,29.879381,test
5450,4.409472257063735,4.4110947,test
9483,2.7086272166512813,2.6800137,test
4889,8.330951206182403,8.325439,test
13962,5.577725012436253,5.571352,test
15836,36.43893022647474,36.452633,test
15106,73.00966898459065,72.9173,test
834,9.830335858754546,9.820999,test
4821,59.07508503266062,59.18153,test
11187,41.44496763084698,41.46839,test
4869,5.529305246508104,5.5237923,test
16941,14.318833955178135,14.315826,test
16967,19.86458286546309,19.828968,test
4992,41.02699155008549,41.022114,test
2901,3.419483384994477,3.4268293,test
5329,19.39438239099253,19.398426,test
10266,2.7378350951730805,2.7160275,test
16540,9.66304530984486,9.652128,test
11175,36.179433085059785,36.203293,test
1914,60.60289546086052,60.604088,test
15769,12.216907157053178,12.205032,test
17429,59.51701362971379,59.561787,test
5015,60.22437727795918,60.30117,test
14754,5.515291571911735,5.5119686,test
10225,39.579512083219285,39.606743,test
3902,5.492521876071974,5.4867477,test
18895,19.7050323192318,19.695734,test
15818,27.41039487101252,27.397482,test
8967,8.217900959228839,8.192297,test
16149,9.834642984749664,9.830519,test
8365,5.514356971441128,5.51479,test
6071,11.53119596876517,11.528774,test
11218,61.33610401823559,61.382877,test
19038,10.065339806641262,10.047676,test
14070,36.428494938564704,36.44038,test
17705,9.936827424934425,9.93075,test
94,16.787021655634778,16.777271,test
15826,31.67416237977404,31.659157,test
10473,3.3670877540885287,3.3654544,test
188,59.37062721017586,59.428127,test
4358,22.412843611868016,22.417082,test
12991,3.540287262174207,3.5196338,test
9440,35.73824276619104,35.72303,test
18459,9.944458853458054,9.933151,test
283,16.246482485532077,16.240807,test
13831,16.269805179595384,16.265316,test
19133,41.14820492115364,41.158035,test
6771,52.27633791022582,52.283295,test
13356,57.13312231443475,57.147552,test
1495,34.373369495591966,34.3784,test
5794,60.4524910654573,60.451565,test
2759,9.704790404948806,9.695504,test
18352,35.38576344087019,35.386105,test
2884,57.02672548940503,57.030937,test
11842,5.394227382809981,5.397615,test
11548,26.9749273266716,26.97527,test
12973,61.88841155896284,61.922688,test
5805,2.767230090921776,2.7269971,test
983,4.278760703141022,4.270376,test
9750,11.820738034299742,11.838919,test
17707,11.920420225393688,11.917353,test
17689,8.21270525505426,8.195969,test
7029,6.801907526467083,6.789416,test
15870,54.36650330189079,54.326813,test
17094,6.804951600960687,6.800769,test
4293,6.580677782982555,6.5672245,test
18623,4.372268049774918,4.3671837,test
2277,46.6860010069887,46.718094,test
15293,57.59734802968727,57.56992,test
2639,34.888414713296385,34.916958,test
7614,8.009845934350269,8.01409,test
6534,34.37603090635952,34.386086,test
8100,39.7924248779648,39.81073,test
12026,4.434416373363108,4.4389706,test
18273,9.945409981647147,9.935538,test
18244,5.454086972362974,5.454213,test
2958,11.763618443330088,11.757299,test
11970,39.89208467808479,39.904076,test
9554,11.92977143625582,11.92374,test
4858,4.433301976653597,4.433154,test
4202,40.70553607216157,40.716217,test
546,46.03373489283661,46.054386,test
15608,23.33028065288677,23.345901,test
7624,9.688448573591964,9.685932,test
4400,39.2749803184718,39.30198,test
12803,3.5407926091361697,3.508368,test
12037,5.530636035935843,5.528365,test
12804,3.5407926091361697,3.508614,test
1953,5.516279237034647,5.513059,test
4468,4.278170829014148,4.2803307,test
5518,16.926276381493675,16.900826,test
7368,2.7091026824146094,2.6916323,test
2304,60.32380426469487,60.34489,test
18743,35.366800835510126,35.374233,test
330,34.03959183233169,34.040245,test
13411,8.372357434098713,8.353069,test
18275,9.945409981647147,9.934949,test
1384,5.335391898299586,5.3294916,test
11462,5.50905772904389,5.504042,test
10561,19.05443138170404,19.062513,test
12463,11.838944147065492,11.841567,test
326,29.674224196982102,29.661242,test
1974,8.315945242318033,8.325136,test
724,35.39528214006568,35.407837,test
10627,50.09910520621285,50.12287,test
4059,2.719636032414056,2.6634188,test
17435,59.51701362971379,59.58467,test
5491,10.024970078805753,9.999376,test
17248,2.708248428855141,2.6708207,test
18151,29.97287072252159,29.974266,test
7290,23.59913330619728,23.579987,test
13368,2.7587097236128133,2.7540889,test
9270,46.91882917131666,46.942036,test
13746,2.644782439096441,2.610678,test
185,59.37062721017586,59.398407,test
18927,35.360660553701905,35.35531,test
9238,31.24025323911746,31.223312,test
15187,13.894078065810072,13.885101,test
4971,31.21749104577259,31.192686,test
10665,4.3249563001073135,4.3313255,test
2539,6.654279103727196,6.6321964,test
15427,31.31477534961435,31.287033,test
15965,14.553769504292417,14.548317,test
12021,3.513376022574373,3.4970896,test
18768,52.41284890942071,52.398125,test
1320,51.53519422389181,51.547867,test
632,8.218116602772081,8.2031555,test
9718,6.673618911012023,6.658,test
18224,3.4639925588980818,3.4614213,test
12190,60.20444648087743,60.219612,test
11606,60.48252589130836,60.533432,test
5013,60.22437727795918,60.307205,test
19247,14.046750508132789,14.05046,test
8804,14.376971885187007,14.377598,test
1653,22.9936078043015,23.000607,test
2544,6.654279103727196,6.6297126,test
1937,4.421703591294218,4.4082828,test
15277,50.88867128964234,50.88894,test
12178,53.11232660181848,53.102337,test
11569,35.80894288502899,35.80601,test
15663,47.05238996663752,47.08162,test
6421,4.27538826601557,4.2699623,test
7746,57.00609702090252,57.00888,test
16065,61.79860533418504,61.824226,test
14596,9.831611259859253,9.8251,test
16174,16.594025166408024,16.595177,test
2562,9.831747633839294,9.813919,test
9995,22.89995202799145,22.913422,test
17750,22.94705567893216,22.951197,test
17779,35.24715335336369,35.25888,test
6959,51.52964590670513,51.51149,test
15218,22.446042861648767,22.445969,test
7686,25.887362814946755,25.89605,test
4205,40.70553607216157,40.71653,test
226,5.3012249343319935,5.295383,test
16267,58.52927351113426,58.57801,test
9504,4.372297205483147,4.364359,test
3288,2.623503999063017,2.5892808,test
13964,5.577725012436253,5.5709968,test
13294,25.934075732722288,25.921064,test
10740,16.584010125865344,16.571081,test
13990,10.179724723010924,10.166178,test
4403,39.2749803184718,39.304855,test
16550,11.58450889049733,11.575449,test
4941,19.97801525632624,19.970196,test
13854,22.24119659609466,22.21692,test
7112,26.978401307234257,26.963442,test
10056,52.15715096411118,52.1736,test
15111,2.6680277245003223,2.6327183,test
18448,8.217963340452032,8.204987,test
10608,38.87931509003652,38.88716,test
11296,9.677548837060357,9.668605,test
18788,2.7087326854893243,2.688305,test
3966,19.81382468589979,19.79861,test
5579,40.904849512781546,40.907104,test
2821,25.92904785667398,25.917652,test
9549,9.94333797411371,9.939672,test
5164,35.51833588723952,35.52201,test
13790,7.991658777584205,7.983083,test
17168,27.066648824398435,27.043415,test
3521,5.385959886305065,5.3888273,test
5871,10.16471814241218,10.133849,test
8757,5.514802829383529,5.507101,test
296,19.05581652042869,19.057833,test
1949,5.516279237034647,5.5110607,test
18880,16.785576136576775,16.782654,test
4192,35.5501979046819,35.536243,test
10454,60.17810455334465,60.23362,test
27,4.372190874006892,4.362797,test
4569,25.979645064492203,25.961535,test
12913,27.410694019083195,27.40295,test
7333,47.68795789657455,47.697544,test
12055,8.33269892619885,8.318338,test
2314,2.7382564811417,2.6982331,test
6145,38.73958632268193,38.74871,test
8756,5.514802829383529,5.5068264,test
11948,30.386048672537907,30.375568,test
5884,14.519671559123143,14.504229,test
1055,16.386408131285116,16.38099,test
14346,3.427065722228307,3.4293337,test
1838,23.296212376808747,23.310816,test
15459,47.12045968287047,47.119568,test
11470,6.796082980187971,6.7829423,test
11419,56.87545981746262,56.89195,test
1846,23.296212376808747,23.278486,test
12169,46.75018976133836,46.733692,test
17614,52.37163578790875,52.35286,test
6756,46.0352372303975,46.033882,test
5646,5.514631754237328,5.4994574,test
11173,36.179433085059785,36.20594,test
15397,19.991138872081702,20.001986,test
8872,41.0803601020278,41.100075,test
16992,31.03775157836372,31.013649,test
17012,40.79274201265735,40.790062,test
14067,31.66739204088522,31.631031,test
9145,6.806128834794942,6.790601,test
12435,6.682441392799568,6.665412,test
2960,11.763618443330088,11.7555485,test
15684,60.92498701194428,60.973724,test
10583,25.743192421777337,25.732609,test
7867,25.864124028011872,25.867283,test
5553,31.086306563780983,31.074955,test
12020,3.513376022574373,3.498342,test
10343,12.065009881332942,12.058231,test
10686,6.653802197580005,6.6427727,test
2037,27.08718049328076,27.069666,test
14624,16.5859980766324,16.577541,test
1175,4.319118723923392,4.3111057,test
87,14.203979076475648,14.202225,test
14110,61.87956213511676,61.914433,test
8852,31.223603736455804,31.22282,test
18491,16.785412269679526,16.777214,test
2968,13.999610748761176,13.990042,test
5929,27.266807168388087,27.263405,test
9375,14.323302676962449,14.319644,test
13277,19.187069571677124,19.171267,test
15542,6.807568748079518,6.7998834,test
528,35.2878499253424,35.269306,test
9672,69.07998924373878,69.12364,test
12955,47.69190762553954,47.699783,test
8314,60.43717871038952,60.46334,test
11961,34.89162430796332,34.903275,test
19120,35.936713537831565,35.94432,test
18187,50.69565029953908,50.68686,test
12252,10.114202528778405,10.090763,test
12610,4.305663232055972,4.2907352,test
12255,10.114202528778405,10.098342,test
13468,20.094229640614827,20.07323,test
8302,46.69324976620808,46.73503,test
13950,4.470717032155693,4.4687753,test
17825,58.88803969411615,58.947617,test
6340,34.312192327866775,34.31102,test
7731,50.45184574770483,50.47005,test
16612,29.71030411274068,29.7041,test
3111,4.320883854483836,4.322889,test
9837,45.68455748839662,45.695,test
15413,23.34160294300016,23.335346,test
7272,20.21097208203288,20.216097,test
2347,6.804775027058632,6.793815,test
16294,3.5012538758153706,3.4904652,test
15137,5.355787833397262,5.351602,test
5603,60.2862913044289,60.294037,test
14167,5.577922372128996,5.562671,test
6727,30.76232434794344,30.750977,test
15334,5.517049797814488,5.5110188,test
14263,31.654038807109423,31.651424,test
618,5.453675773717265,5.458411,test
15419,27.103617982825227,27.076614,test
16794,26.941092065428904,26.941849,test
10530,11.56241185959522,11.556677,test
3113,5.388931658677182,5.381446,test
3949,14.28744530085372,14.27837,test
10365,19.93098414733021,19.929047,test
7479,26.725588177894853,26.743118,test
18815,4.372572383195617,4.378375,test
11308,11.605420343427122,11.600592,test
15458,47.12045968287047,47.117012,test
6581,57.299878230603134,57.301926,test
28,4.372190874006892,4.363482,test
9453,46.65423333440259,46.659893,test
13828,13.778863574118942,13.763386,test
17388,35.39413413023852,35.414032,test
11973,45.43311720005017,45.471027,test
5313,16.526254689436584,16.531778,test
11816,2.6798483480542923,2.6747737,test
8151,3.4843811294887512,3.4629974,test
1945,4.421703591294218,4.417412,test
12406,3.4442629704971943,3.445917,test
4916,14.39875625051176,14.394023,test
19144,46.95201648165615,46.964684,test
3822,35.89380915458802,35.89776,test
15555,10.06695287605768,10.05402,test
954,58.38596546089347,58.40811,test
1906,53.35263677725449,53.386246,test
1785,8.311737250622173,8.297714,test
9335,6.78172447637919,6.7592044,test
16328,8.308543285499729,8.291618,val
16739,12.03877401726476,12.032006,val
10935,20.18653047753837,20.189821,val
8631,23.023367390923063,23.04337,val
9452,46.65423333440259,46.666428,val
316,25.74185264532621,25.728832,val
16330,8.308543285499729,8.289471,val
6478,13.861175328282078,13.84729,val
2342,5.514992905648285,5.5009866,val
8143,2.724794655337337,2.683309,val
3208,26.32561881342556,26.317833,val
4184,30.923494904816422,30.920284,val
7696,29.8493628553858,29.830677,val
16912,8.287053435739782,8.284662,val
9845,51.93137190718903,51.97328,val
9192,17.000145797563636,16.994312,val
15798,20.21305286572704,20.222195,val
15147,6.601823466341924,6.5880656,val
1766,5.514289169113654,5.514634,val
13476,23.452065065404536,23.44507,val
15155,6.601823466341924,6.589319,val
7210,5.577536607686025,5.556782,val
4532,13.868744565326486,13.858572,val
6554,44.69786999759816,44.72155,val
10231,39.579512083219285,39.587357,val
17107,10.062224196236288,10.047291,val
10752,19.46353380004629,19.456789,val
5624,3.501669900886744,3.476394,val
8659,30.85164903067275,30.830734,val
9156,8.314264525895991,8.30145,val
14307,54.18862649780223,54.17672,val
14529,2.679800903649064,2.659544,val
5725,23.294367317733496,23.327192,val
4894,10.081084989122813,10.071265,val
15962,12.219364473939503,12.223131,val
12373,61.348509793807175,61.363403,val
13339,50.56027279455254,50.56925,val
7460,19.73176517827855,19.736378,val
8298,46.69324976620808,46.73331,val
5546,26.92088192163529,26.906757,val
6465,11.648849602331245,11.647604,val
14581,8.1258851165813,8.126753,val
1783,8.311737250622173,8.298907,val
1743,3.501480827341935,3.4959958,val
15445,36.018131102324695,36.014244,val
2898,3.419483384994477,3.420495,val
4044,59.47852455783562,59.53985,val
8179,6.768723500172809,6.7622313,val
19002,4.42192814563757,4.415483,val
7535,52.65787197375085,52.686928,val
4897,10.081084989122813,10.074597,val
3897,5.492521876071974,5.4888563,val
4203,40.70553607216157,40.711246,val
2705,3.3860741903467195,3.382677,val
16562,13.778863574118942,13.761831,val
16175,16.594025166408024,16.58983,val
8530,2.70891590619996,2.694632,val
11874,9.831813640027464,9.822906,val
17881,8.212995549639128,8.196091,val
11012,53.936249904147175,53.943275,val
17665,4.370879763959018,4.3699017,val
18289,14.205399851176583,14.206497,val
550,52.32557471701267,52.354546,val
4252,2.651586277786812,2.6419744,val
9719,6.673618911012023,6.6640444,val
13989,10.179724723010924,10.16598,val
8304,53.1574764742,53.163982,val
192,2.638036185786238,2.6070256,val
18322,22.99775950874276,23.00908,val
14836,23.294840559906373,23.28249,val
6734,35.33233108400391,35.332664,val
7994,6.652641962105018,6.631452,val
8369,5.514356971441128,5.5190897,val
1546,2.708579062443912,2.6913087,val
1116,39.29411433263528,39.308475,val
3548,9.81528707680252,9.80629,val
18403,2.7086994826902444,2.7080653,val
3414,29.406136662132543,29.41076,val
12790,2.768265193898514,2.725862,val
19257,16.599431096237396,16.590137,val
4561,22.41025335211663,22.400913,val
14834,23.294840559906373,23.295887,val
5382,39.71379883087487,39.72984,val
8195,10.006211635630953,9.992457,val
14992,14.549398523998969,14.543537,val
16918,10.026905416193513,10.014952,val
1758,5.514289169113654,5.5110564,val
254,9.6469003213132,9.631229,val
9971,14.151127363963884,14.145525,val
15414,23.34160294300016,23.328394,val
5951,36.14161337491136,36.14287,val
13012,5.5761957478989626,5.5679035,val
12933,36.43606370816161,36.45256,val
11001,47.41285060588126,47.412304,val
6443,8.028939563802153,8.019728,val
3697,4.420411774772554,4.420803,val
12816,4.470468267539965,4.4507895,val
16548,11.58450889049733,11.577583,val
19180,3.427309755937745,3.4262104,val
3799,27.0396064566848,27.024773,val
3782,19.958089859638896,19.950577,val
1772,6.804125871351521,6.791259,val
9089,52.37392807384792,52.36795,val
3212,26.32561881342556,26.308044,val
12246,8.356192481029266,8.351801,val
18719,26.67035970835496,26.680792,val
14990,14.549398523998969,14.548421,val
10219,34.64181170966033,34.630524,val
17051,2.737863669082239,2.7073927,val
16311,5.513266485740743,5.5094852,val
7314,36.42816410274023,36.467506,val
235,6.5359800295844535,6.520006,val
3314,5.265575656743408,5.2628627,val
3739,10.060180445760883,10.052756,val
13149,53.97896503267833,53.985924,val
8905,60.47364583500093,60.472702,val
16470,70.38744055582808,70.44418,val
4312,9.719544483530507,9.695896,val
3824,41.09026214478016,41.094704,val
4815,59.07508503266062,59.16443,val
10942,20.18653047753837,20.168844,val
15129,4.297855922649827,4.2919087,val
13436,12.158984383433603,12.1495905,val
19299,30.43629700593164,30.433245,val
11528,19.91349683898619,19.907658,val
8765,6.804798625042007,6.7901363,val
368,50.08211640315393,50.114853,val
16155,11.798335755610244,11.798763,val
18399,2.7086994826902444,2.6941884,val
16568,16.269805179595384,16.263924,val
14954,6.882678254863746,6.867051,val
4555,19.22027700345554,19.195618,val
2514,3.4268652011358185,3.4212422,val
1595,8.217597876040603,8.200041,val
12704,22.52901124083688,22.53799,val
12388,69.99571630851217,69.959274,val
3671,58.22606648348325,58.299377,val
5078,8.252189973008186,8.236032,val
8076,30.335273125343985,30.344856,val
12461,11.838944147065492,11.840408,val
878,19.463397172895007,19.450287,val
788,3.4264405851801163,3.422946,val
15494,69.62951130712035,69.58713,val
5291,9.79900845287837,9.785337,val
13657,19.46926318075209,19.469494,val
6886,19.46090985668767,19.455467,val
5187,46.34706934099864,46.359055,val
4322,11.65698187200393,11.632971,val
16198,22.721509220154857,22.737661,val
4930,17.017149413199444,16.998913,val
8777,8.312589722231753,8.303686,val
11128,17.108057241721884,17.096062,val
10017,30.66064099070706,30.687586,val
9104,2.738415152769665,2.7019742,val
16904,6.786117649758384,6.7720103,val
3073,58.09223849449652,58.068356,val
13365,2.7587097236128133,2.7523885,val
4046,59.47852455783562,59.55987,val
3017,30.28327140942746,30.291412,val
16109,4.325767851991398,4.3215113,val
9954,9.9109232636722,9.892965,val
3360,11.47503257770756,11.462341,val
17399,40.49806291082581,40.506252,val
13928,56.60134448761165,56.591404,val
10790,34.87447201545137,34.894165,val
14464,30.4057495063976,30.387836,val
9247,35.914434917306146,35.933563,val
3783,23.29556930203368,23.307678,val
11928,22.70705089343061,22.703016,val
10274,2.7378350951730805,2.7266521,val
10099,4.30856967282522,4.3102183,val
19335,51.770522643149945,51.766922,val
16710,6.789694094218048,6.7732115,val
6568,50.68493078471787,50.710915,val
6629,5.452945414680859,5.4551983,val
4391,34.380357693480214,34.389854,val
3383,18.89356732814083,18.893684,val
9106,2.738415152769665,2.7077837,val
1409,9.719212275161835,9.714846,val
5692,12.073580675127207,12.053043,val
7304,31.66584515644597,31.65605,val
14521,66.24831743791405,66.2913,val
9746,11.820738034299742,11.834433,val
14597,11.79410820216684,11.794538,val
18235,4.3726082383321,4.3783526,val
9585,19.70058182936315,19.690842,val
532,40.377631829733055,40.39853,val
3779,19.958089859638896,19.962921,val
15532,5.516667852136265,5.5176907,val
6827,6.653808540578969,6.6342974,val
801,5.393604326707714,5.391461,val
958,58.38596546089347,58.412766,val
7501,35.46645561497126,35.480865,val
3704,5.514361958659131,5.517318,val
16281,66.22984607694808,66.33266,val
7664,19.15493547987121,19.155773,val
4952,23.310450760456497,23.309738,val
17025,46.49526413052747,46.500824,val
10212,30.18512064085396,30.172157,val
15042,31.65924439632516,31.665724,val
10440,53.05718556297103,53.07695,val
6237,6.56667945409624,6.5478883,val
8684,46.29179883806892,46.2805,val
6357,44.60789261778061,44.600883,val
7883,29.82551748295141,29.795853,val
11849,5.394227382809981,5.403631,val
16820,40.941147680016144,40.960125,val
8347,3.5015146698937243,3.4887176,val
3745,12.073126840685235,12.069888,val
15505,2.738511525458672,2.7129173,val
10229,39.579512083219285,39.592785,val
15015,20.208444303638693,20.210052,val
10630,50.09910520621285,50.112526,val
8507,53.388393832045885,53.411118,val
14237,20.2134235483514,20.198471,val
10735,16.584010125865344,16.573315,val
17628,69.13749578578044,69.11137,val
13303,29.905179728039577,29.902517,val
11867,8.126053948962111,8.126184,val
17920,16.764656649063088,16.754557,val
290,19.05581652042869,19.056992,val
6894,22.69865017075573,22.701395,val
4047,59.47852455783562,59.546276,val
4972,31.21749104577259,31.1945,val
18896,22.99031367519726,23.001656,val
6313,25.92720413216168,25.915604,val
1373,4.2785560676396175,4.270755,val
4360,22.412843611868016,22.412498,val
3532,6.64364964800169,6.6292777,val
9185,14.380230957547736,14.369589,val
3047,45.24553910198273,45.248447,val
7793,6.556721947955682,6.5376296,val
10412,35.791009758134045,35.788643,val
6507,22.401963939400744,22.396774,val
18487,16.785412269679526,16.787518,val
4170,26.777116487620017,26.766645,val
12089,14.40077247257583,14.395527,val
13890,38.91422234320085,38.934288,val
2060,35.98998620812796,35.981537,val
6849,9.830645370821994,9.810896,val
11952,34.89162430796332,34.903656,val
6785,2.679876652308808,2.6634796,val
4338,16.383842618628933,16.380413,val
17220,53.51689601658749,53.52121,val
16193,22.721509220154857,22.740313,val
2134,3.494199034483809,3.4824262,val
3179,16.573905403173057,16.565239,val
1995,14.387754447899486,14.377976,val
16295,3.5012538758153706,3.489918,val
18274,9.945409981647147,9.93568,val
1693,40.475617925384974,40.47233,val
6774,59.21522697654686,59.244175,val
5449,4.409472257063735,4.408596,val
1366,3.3902555318677594,3.3930433,val
7357,61.91115381484096,61.951458,val
6826,6.653808540578969,6.634375,val
15618,27.08734431972084,27.085485,val
5815,3.539102139205733,3.5123298,val
9665,59.32496723193529,59.37295,val
13344,50.56027279455254,50.56401,val
14485,39.93419882475006,39.952576,val
15563,10.06695287605768,10.060186,val
3877,3.4906262588516723,3.482561,val
1480,29.956114959096592,29.950497,val
8505,53.388393832045885,53.410053,val
7076,16.974321476988262,16.964401,val
15876,61.91755856408145,61.944,val
4781,35.113440721798995,35.077003,val
8716,67.89804544702722,67.85022,val
14331,2.680060136742551,2.6505895,val
16986,26.890179442611885,26.861189,val
2598,19.4656638962172,19.468098,val
17486,8.218114223739999,8.204627,val
6516,25.97233068144464,25.95372,val
18057,6.581219445434478,6.5639944,val
10977,36.30566648985637,36.299454,val
18733,30.78419080231098,30.760933,val
17552,22.99131847807981,22.98208,val
13517,41.35234408019274,41.355465,val
9441,40.90615229451066,40.953613,val
14933,4.470514372954189,4.456167,val
10537,13.754986358626509,13.7405,val
18031,3.390434796633999,3.3902788,val
14087,41.74343029751184,41.745102,val
8800,12.074145480171024,12.066183,val
5991,60.54638190248964,60.557243,val
10200,26.1739263514462,26.169643,val
8336,2.737823782607874,2.7131352,val
5758,35.88445310346767,35.89142,val
5315,16.526254689436584,16.530863,val
15884,61.91755856408145,61.96175,val
10973,36.30566648985637,36.320618,val
12117,23.31145805480328,23.307579,val
3257,51.636476736943365,51.640152,val
6499,19.21179116646248,19.206223,val
13673,26.338720370939505,26.348354,val
11917,19.466938902709447,19.45861,val
11158,27.232871424052814,27.207012,val
10826,58.28062620155593,58.22815,val
13241,11.636146679706028,11.631848,val
2535,6.654279103727196,6.630669,val
17854,4.3709490146262535,4.3652906,val
7142,40.92031603182694,40.926277,val
787,3.4264405851801163,3.4218411,val
14084,41.74343029751184,41.7737,val
5482,8.284601351130672,8.257998,val
11757,34.9124546423168,34.927788,val
13126,36.32120693621686,36.305515,val
6567,50.68493078471787,50.721397,val
11337,19.13154039787541,19.124344,val
4662,4.350664419800507,4.335989,val
10415,40.950632724160805,40.97548,val
9973,14.151127363963884,14.141888,val
3565,14.01251976380764,14.018091,val
18498,19.70503641990049,19.701263,val
11140,20.09302271518608,20.089556,val
11808,66.12146250407682,66.20308,val
2290,53.11232164210923,53.117676,val
8269,31.06762490630758,31.062664,val
1469,25.978980967828967,25.956516,val
8110,45.29318866042374,45.297096,val
2877,57.02672548940503,57.02841,val
7344,54.35424338922613,54.315426,val
5919,23.503873212499084,23.50257,val
18922,30.78317811917148,30.764774,val
17512,11.931686744523365,11.931575,val
18091,11.658590664393245,11.651709,val
16883,4.411629702698938,4.408038,val
13161,61.3181520474562,61.32697,val
3594,22.66280409992268,22.670403,val
3513,5.385959886305065,5.387458,val
9619,30.77438685979468,30.746452,val
11321,13.807606826835338,13.794264,val
13774,5.311987077548214,5.3089914,val
12220,5.543782443503579,5.5244656,val
4196,40.70553607216157,40.72892,val
12603,3.41341184478,3.4020412,val
8708,59.77527993292279,59.79012,val
11110,12.152599783059475,12.142903,val
9905,4.361721156600234,4.3685937,val
14519,66.24831743791405,66.28583,val
15242,30.01608328321608,30.000368,val
5409,58.06570389407524,58.082386,val
9213,23.303793572059423,23.325056,val
3374,16.11131341530299,16.104748,val
7244,12.217685644986584,12.212103,val
2337,5.514992905648285,5.504961,val
7184,3.540934651623731,3.517785,val
10901,10.173935357807435,10.178602,val
17154,19.9701531296528,19.953953,val
4844,3.512466552564748,3.4994688,val
2582,14.03703780461786,14.036142,val
305,22.211921831456284,22.19828,val
460,14.160952427235628,14.167745,val
9856,58.91676567489441,58.957123,val
924,39.88665824677827,39.897324,val
457,11.895525123960338,11.907996,val
13155,53.97896503267833,53.965343,val
7040,8.30809612507781,8.295277,val
3237,39.90436918305849,39.938507,val
9426,31.094593388139582,31.078737,val
6880,16.582108766157965,16.571203,val
6977,67.17088418273241,67.09572,val
14186,8.410098919808021,8.399074,val
15733,5.576457565869874,5.5657387,val
11090,8.3667163290534,8.354368,val
13036,8.406208198149583,8.399789,val
10426,46.68280546402441,46.719875,val
10397,31.15061180638959,31.142223,val
2575,14.03703780461786,14.037154,val
9063,40.46189804120248,40.510826,val
16526,6.548365309251103,6.5380754,val
3002,22.637654651411168,22.634977,val
2462,41.09651086281495,41.08973,val
18912,26.671971818268155,26.67274,val
4760,26.475997643467675,26.448631,val
15425,27.103617982825227,27.093842,val
16024,31.677919987423262,31.646255,val
7691,29.8493628553858,29.838758,val
19092,23.31463303828463,23.326712,val
5383,45.219210934851226,45.232346,val
12817,4.470468267539965,4.4526057,val
4863,5.529305246508104,5.520542,val
19212,8.129064147563943,8.127696,val
10936,20.18653047753837,20.185272,val
9131,5.515840559625128,5.5088787,val
18619,4.372268049774918,4.364813,val
6114,25.6622091129414,25.65255,val
11047,3.525244556513579,3.504877,val
3410,25.51355843884533,25.508017,val
437,8.193188684675764,8.19634,val
7495,30.85854490144682,30.85875,val
18208,2.708708464276146,2.6774054,val
10443,53.05718556297103,53.083942,val
1933,3.5023728097497764,3.4846504,val
5686,12.073580675127207,12.066574,val
15984,17.210299148184202,17.182125,val
12597,2.671216825068361,2.6511745,val
14893,53.37814339848742,53.396194,val
17912,14.188504354389975,14.180189,val
14718,2.7383123632887343,2.6986666,val
9577,16.782179300601353,16.76371,val
15838,36.43893022647474,36.46238,val
16451,52.98386526528585,53.00556,val
4375,25.9825189971324,25.968801,val
741,46.1602134775885,46.16273,val
13835,16.269805179595384,16.262577,val
2508,3.4268652011358185,3.424931,val
727,35.39528214006568,35.40119,val
9567,14.200872999247029,14.193192,val
17415,46.16869260004919,46.191074,val
15286,50.88867128964234,50.901726,val
18898,22.99031367519726,23.00027,val
2283,46.6860010069887,46.70654,val
687,19.7117369235059,19.701714,val
18369,46.14505775094848,46.135143,val
11734,26.34777667217677,26.342506,val
13907,44.2513224587667,44.26149,val
8266,31.06762490630758,31.063345,val
14534,2.679800903649064,2.670168,val
17244,69.31625271328639,69.358536,val
10329,10.055084639209408,10.034369,val
17216,53.51689601658749,53.502983,val
4485,5.3349161923909225,5.3328495,val
18229,4.3726082383321,4.3716545,val
4940,19.97801525632624,19.971884,val
15399,19.991138872081702,19.995049,val
14897,60.65764308308809,60.69073,val
5107,14.256550738417271,14.242884,val
10230,39.579512083219285,39.59619,val
10435,53.05718556297103,53.072166,val
2103,60.9959267478142,61.02154,val
13744,2.644782439096441,2.610704,val
16846,53.15028777358014,53.149876,val
5876,12.196546913036052,12.179256,val
19056,14.38467919456088,14.374926,val
13926,56.60134448761165,56.603592,val
18308,19.709900249786017,19.702381,val
10112,5.372723917651187,5.3740783,val
12453,9.87011169371161,9.849295,val
12147,35.86065710741565,35.85912,val
16939,14.318833955178135,14.316282,val
9705,4.341497964452761,4.329207,val
16610,29.71030411274068,29.714787,val
16005,27.415781458912697,27.414104,val
15954,10.17971768776932,10.176911,val
18321,22.99775950874276,23.008293,val
10418,40.950632724160805,40.971878,val
17748,22.94705567893216,22.951761,val
6368,50.57766079976186,50.597446,val
243,7.977484841951872,7.9679346,val
7987,6.652641962105018,6.6384788,val
11242,2.641945369529067,2.624076,val
174,52.3882682736391,52.366676,val
5567,35.73198980287516,35.72254,val
7500,35.46645561497126,35.478363,val
13722,51.56480717094732,51.555477,val
17718,14.187529171506236,14.18209,val
16994,31.03775157836372,31.012077,val
4050,59.47852455783562,59.529564,val
6109,22.144290488227952,22.12836,val
1434,13.869585950863724,13.855444,val
13434,12.158984383433603,12.152896,val
9924,5.43894963587855,5.440486,val
16316,5.513266485740743,5.4955397,val
14365,5.394854572208311,5.4021626,val
907,30.38076056729905,30.365246,val
18106,16.387020803117196,16.39433,val
16604,25.774441228347605,25.761177,val
3913,8.272005847991887,8.2593,val
12665,11.714746518164514,11.707155,val
1583,6.728228905976399,6.711764,val
18669,11.929787983506596,11.931288,val
10129,8.09096009018889,8.085552,val
15668,53.57542916459361,53.605988,val
10292,4.420015738497578,4.418495,val
15365,10.06851284589774,10.054578,val
13086,20.19050088478762,20.174225,val
7921,50.46110897663102,50.49015,val
17370,26.684597918145748,26.690449,val
9468,53.05653658929399,53.0768,val
18712,22.98758383508474,22.98691,val
13945,3.5409996489680857,3.5140405,val
8515,60.658221869689925,60.65265,val
15024,23.59561888155831,23.601318,val
15545,8.316653299183429,8.313712,val
10855,4.469398149213981,4.4576797,val
1272,26.300006863997687,26.300522,val
11472,6.796082980187971,6.7753496,val
18378,52.43731922756592,52.41696,val
14876,41.10504443634969,41.10431,val
5705,16.99497733441319,16.998848,val
16799,31.110044792535263,31.111057,val
8705,59.77527993292279,59.778454,val
12939,41.752818862431866,41.751144,val
12418,4.34578898095786,4.351692,val
8806,14.376971885187007,14.376237,val
13039,10.175014144779013,10.17462,val
5658,6.804563440257528,6.785471,val
7560,2.644517535660832,2.6148713,val
18854,9.94467047086916,9.93502,val
4076,4.386973801580494,4.3791385,val
487,19.649111293465804,19.636244,val
14391,9.833515805333912,9.817783,val
14468,34.9203027778589,34.91135,val
10007,26.56615883944172,26.583405,val
5722,19.95776418992861,19.950294,val
10146,11.738895074972726,11.725237,val
13320,39.202232131484855,39.21362,val
461,14.160952427235628,14.164346,val
827,8.124923633519694,8.123984,val
5806,2.767230090921776,2.728117,val
4276,5.33546376019055,5.3331575,val
890,26.33137260081264,26.32415,val
7420,9.95058028746876,9.949551,val
12747,39.55382209740266,39.590626,val
13101,27.357511719545144,27.35999,val
3528,6.64364964800169,6.628366,val
12726,30.13641458533303,30.134682,val
16417,31.14012034803225,31.118382,val
1799,12.072944498264157,12.067172,val
17208,47.00467924590599,47.012833,val
18667,11.929787983506596,11.928334,val
467,14.160952427235628,14.162785,val
17560,26.67363142943311,26.67643,val
11077,6.849328056400946,6.8449135,val
277,13.758159594367363,13.742071,val
11698,14.04101960092788,14.038542,val
6821,5.39405431056156,5.3934894,val
1263,22.674852098493925,22.670563,val
6070,11.53119596876517,11.527243,val
12059,8.33269892619885,8.32222,val
17970,35.25462350907537,35.26216,val
16993,31.03775157836372,31.010212,val
6777,59.21522697654686,59.267426,val
9051,35.37296331373003,35.406918,val
13518,41.35234408019274,41.362385,val
3008,26.251682459323085,26.250658,val
19084,19.97284670110396,19.966515,val
14823,19.957580957136027,19.96112,val
13781,6.548365309251103,6.5362196,val
6999,3.501096998788304,3.4889522,val
17166,27.066648824398435,27.036144,val
18153,29.97287072252159,29.963314,val
2677,58.393690284659264,58.406715,val
14088,41.74343029751184,41.73735,val
17794,40.28953774014432,40.309765,val
3320,5.265575656743408,5.265876,val
9047,30.792365123361137,30.794788,val
5472,6.7835549168687095,6.7543263,val
15120,3.408232043941083,3.401173,val
17070,4.420624805467105,4.414012,val
14293,47.59401362079974,47.58707,val
6784,2.679876652308808,2.6634498,val
3358,11.47503257770756,11.460339,val
9592,22.98460188258043,22.990408,val
7101,23.25256558499891,23.236713,val
15126,3.408232043941083,3.4028869,val
10222,34.64181170966033,34.636063,val
867,16.583389062837508,16.566395,val
11764,39.920168975630695,39.954037,val
6184,63.38449733252296,63.44872,val
17243,69.31625271328639,69.3618,val
16678,3.4970703129535017,3.4762619,val
15732,5.576457565869874,5.5628767,val
7155,52.97460863520874,52.953598,val
9972,14.151127363963884,14.145832,val
17022,46.49526413052747,46.498222,val
16154,11.798335755610244,11.79969,val
14707,58.378819776444416,58.42151,val
12264,12.138773915132886,12.130329,val
8995,14.204211446903102,14.199812,val
4741,19.55952737168782,19.538364,val
5724,23.294367317733496,23.325796,val
14034,20.2127881503318,20.212523,val
11768,39.920168975630695,39.954712,val
17864,5.451568611934276,5.4483232,val
12341,41.43326211334096,41.451946,val
3452,43.7834291345671,43.794792,val
12170,46.75018976133836,46.738678,val
5655,6.804563440257528,6.788925,val
13801,9.66304530984486,9.652128,val
3981,23.11250514594009,23.096397,val
11057,4.450109834123621,4.4413977,val
3517,5.385959886305065,5.392314,val
11350,22.304253472901937,22.302263,val
3618,30.322765664878062,30.315842,val
3800,27.0396064566848,27.01485,val
6405,3.387760611053528,3.3846958,val
19168,2.6801950720210863,2.6465158,val
13486,27.21848556581516,27.191801,val
3931,10.007610430801112,9.990154,val
19163,60.70463346233216,60.749092,val
9777,19.511210629926246,19.519716,val
13637,14.039270848299736,14.034265,val
10938,20.18653047753837,20.175692,val
4137,16.833783360271415,16.839108,val
7407,6.7312422111754735,6.7364235,val
4227,60.08034820513094,60.138996,val
3283,2.623503999063017,2.5894763,val
13609,9.832967363274172,9.83023,val
12788,65.45027187515556,65.513306,val
11701,14.04101960092788,14.03653,val
16181,16.594025166408024,16.58051,val
3670,58.22606648348325,58.28204,val
15613,23.33028065288677,23.329142,val
3894,5.492521876071974,5.4873676,val
15888,2.767913244299724,2.7417374,val
8808,14.376971885187007,14.372525,val
14249,27.400857794657927,27.406384,val
16527,6.548365309251103,6.537519,val
6320,25.92720413216168,25.923122,val
10437,53.05718556297103,53.074905,val
2073,41.228599801046094,41.24025,val
17096,8.313108372950806,8.304412,val
10195,26.1739263514462,26.17856,val
18601,2.7086064111784056,2.6807864,val
11861,6.654179064714825,6.6424522,val
10317,8.30881283239143,8.289444,val
17167,27.066648824398435,27.038813,val
10113,5.372723917651187,5.373828,val
3267,58.50636689533324,58.549927,val
7630,11.61873064567914,11.61595,val
12092,17.01903374589111,17.003256,val
7474,23.02829685536476,23.026659,val
5712,16.99497733441319,16.968277,val
2973,13.999610748761176,13.989975,val
5280,8.09967191087475,8.08648,val
6142,33.92870828003857,33.91967,val
13353,57.13312231443475,57.139374,val
11313,13.807606826835338,13.793486,val
5212,59.80583469808005,59.83452,val
17144,17.002765463643282,16.968544,val
8138,2.724794655337337,2.6827478,val
337,34.03959183233169,34.03894,val
3787,23.29556930203368,23.301899,val
7550,67.89761970766752,67.92102,val
694,23.00089186344432,23.003077,val
12080,12.09742358911695,12.093872,val
18204,57.29678618334104,57.31533,val
13583,5.3947431565957125,5.400027,val
9679,69.07998924373878,69.14952,val
2654,39.88906783823267,39.90888,val
8080,30.335273125343985,30.340164,val
2017,19.981913988137755,19.993177,val
6029,5.283813091314699,5.278059,val
14211,14.553384683418702,14.561503,val
7940,64.35993824723154,64.3916,val
18427,5.453876964856426,5.44547,val
3605,26.28315548393333,26.289377,val
5717,19.95776418992861,19.973024,val
19244,14.046750508132789,14.049628,val
2972,13.999610748761176,13.993849,val
5305,13.988080312882362,13.986266,val
2648,39.88906783823267,39.92074,val
18646,8.217141392562914,8.210747,val
14417,16.59101007063037,16.588106,val
11335,19.13154039787541,19.126762,val
10260,57.71551482193834,57.748413,val
3855,60.52998546309277,60.56301,val
10916,14.539623170982962,14.531717,val
17279,5.452947367426283,5.4396334,val
8180,6.768723500172809,6.7614775,val
10245,51.06412786371418,51.07349,val
2618,26.33379102099904,26.329067,val
15047,36.41918774557975,36.44203,val
4896,10.081084989122813,10.073633,val
7026,6.801907526467083,6.789064,val
1485,29.956114959096592,29.944199,val
6576,57.299878230603134,57.29856,val
16510,5.311987077548214,5.3089643,val
12801,3.5407926091361697,3.5114534,val
1042,13.872175255526807,13.865938,val
619,5.453675773717265,5.4583983,val
15250,34.456384355447206,34.446983,val
12797,2.768265193898514,2.7416768,val
6120,25.6622091129414,25.650066,val
15700,2.76783276839671,2.7274275,val
16848,60.38601216143688,60.445805,val
15690,69.39768820199494,69.31827,val
18958,52.35424291581615,52.34739,val
17176,31.265853211056445,31.24115,val
9892,2.7037760859594746,2.6923954,val
8823,19.959057219852347,19.96907,val
16539,9.66304530984486,9.653927,val
14948,6.882678254863746,6.875887,val
17392,35.39413413023852,35.390285,val
3093,3.423404863251978,3.419796,val
19213,8.129064147563943,8.127769,val
4127,14.24193006517389,14.25342,val
17796,45.87191982389491,45.886192,val
13553,2.6800335776065,2.6577415,val
6881,16.582108766157965,16.571247,val
2040,27.08718049328076,27.072866,val
14864,35.89960393091611,35.911385,val
6035,6.515116916565186,6.500539,val
14049,27.406470161859204,27.403854,val
2094,53.61430273355695,53.639618,val
5353,30.2611568718884,30.273357,val
10801,39.865925189688106,39.861008,val
12966,54.34998233739767,54.343388,val
8907,60.47364583500093,60.48671,val
7576,3.3809129575406835,3.3804898,val
5776,46.84485270238342,46.84894,val
5340,22.61982167555844,22.618252,val
450,11.895525123960338,11.906057,val
18885,16.785576136576775,16.776024,val
13696,34.893331232725146,34.9059,val
15755,10.177968045211644,10.1661625,val
11591,46.77859167776056,46.796978,val
3435,38.507113968365694,38.538326,val
13388,4.45352687233361,4.456838,val
7049,10.054219373436398,10.040213,val
4570,25.979645064492203,25.965588,val
1903,53.35263677725449,53.363922,val
14620,16.5859980766324,16.579756,val
3268,58.50636689533324,58.542114,val
3024,30.28327140942746,30.276478,val
1045,13.872175255526807,13.86273,val
17386,35.39413413023852,35.414494,val
16036,41.74918116335162,41.746834,val
5855,8.39929361999531,8.37151,val
9432,35.73824276619104,35.73749,val
10680,5.393963881571096,5.4034867,val
14386,8.127277318599202,8.133564,val
8438,19.95984341060886,19.964127,val
16872,3.495817832919528,3.4819481,val
14802,14.37624472537404,14.366783,val
15623,27.08734431972084,27.110607,val
5326,19.39438239099253,19.403093,val
723,35.39528214006568,35.39826,val
12708,22.52901124083688,22.533049,val
6122,25.6622091129414,25.65527,val
14268,31.654038807109423,31.643295,val
15619,27.08734431972084,27.090847,val
1760,5.514289169113654,5.514633,val
13427,10.132586420334118,10.12399,val
2483,53.37235098962706,53.38059,val
581,2.7085127543344987,2.6891117,val
7602,6.560735403418399,6.5556097,val
6268,11.631323018312653,11.629267,val
3142,8.11832626120918,8.1270895,val
6686,16.779063203990013,16.777737,val
9026,22.994731740626108,23.009716,val
1243,16.561946987273465,16.551888,val
6229,5.324322298836763,5.3108935,val
4138,16.833783360271415,16.83733,val
9455,46.65423333440259,46.669525,val
10904,12.210195184882402,12.208638,val
12755,45.0442584732151,45.050743,val
12303,23.4386895373512,23.438366,val
4141,16.833783360271415,16.815617,val
8274,35.72177595241204,35.726772,val
659,11.932725734814856,11.938648,val
8056,22.68160677705264,22.689692,val
5274,8.09967191087475,8.0897045,val
6710,22.97874290495203,22.97443,val
17253,2.708248428855141,2.6729693,val
17548,22.99131847807981,22.990479,val
422,6.708418514918034,6.6896133,val
2415,23.28997481824149,23.310091,val
19184,4.326005709231165,4.3203945,val
10766,26.32861172301684,26.327518,val
3873,3.4906262588516723,3.4811215,val
11041,2.756563314981308,2.7257833,val
7917,50.46110897663102,50.49755,val
6450,8.028939563802153,8.01943,val
7567,3.3809129575406835,3.379955,val
8115,45.29318866042374,45.283188,val
9111,3.502342096337854,3.4815392,val
17539,19.705616141502567,19.691647,val
10966,31.58388320152769,31.56726,val
13789,7.991658777584205,7.9832435,val
5959,41.33105793830249,41.33988,val
4075,4.386973801580494,4.3823214,val
12290,20.075484224133127,20.095606,val
18860,11.93163130408984,11.928009,val
6773,59.21522697654686,59.256268,val
13418,8.372357434098713,8.351046,val
13655,19.46926318075209,19.473417,val
6118,25.6622091129414,25.653772,val
11192,41.44496763084698,41.443493,val
6691,16.779063203990013,16.770412,val
11000,47.41285060588126,47.401974,val
7789,6.556721947955682,6.5394516,val
14531,2.679800903649064,2.663787,val
14854,31.227174480005047,31.206507,val
1427,11.656463631460475,11.645196,val
15221,22.446042861648767,22.438911,val
1309,45.39048776873772,45.420998,val
16699,5.5040689464134,5.502042,val
598,3.463725704281348,3.461973,val
4606,44.681367960561865,44.685215,val
8649,26.719688219129843,26.704807,val
1918,2.738382492768076,2.6926951,val
18917,30.78317811917148,30.770603,val
2057,35.98998620812796,35.98867,val
10035,40.28718686607373,40.304157,val
8663,35.45862287003865,35.469543,val
14031,20.2127881503318,20.212685,val
18080,9.720675926907024,9.718906,val
13074,17.19181300428322,17.184069,val
8736,3.50175545283292,3.4822989,val
5742,27.03688908872464,27.003597,val
4776,35.113440721798995,35.10599,val
1776,6.804125871351521,6.7918777,val
16277,66.22984607694808,66.31263,val
3009,26.251682459323085,26.254858,val
3275,66.23324544059561,66.35643,val
239,6.5359800295844535,6.5218906,val
8122,51.3728713854686,51.362793,val
7298,27.40447188443966,27.37955,val
1216,9.8172927105488,9.806518,val
11327,16.308010662860998,16.30315,val
4007,35.5219442548973,35.528603,val
5026,2.724110359405115,2.6923876,val
7692,29.8493628553858,29.841211,val
19126,41.14820492115364,41.17003,val
17471,5.453944331739666,5.452488,val
12843,8.409214256673277,8.386598,val
18677,14.201083753373222,14.198268,val
9305,3.490854448341839,3.4892273,val
1492,34.373369495591966,34.37785,val
2978,16.53977460432429,16.53577,val
5471,6.7835549168687095,6.7563357,val
9809,30.482365849216244,30.469513,val
4671,5.423807499879186,5.4067554,val
795,4.324690454952959,4.319804,val
11516,16.958961629855352,16.950813,val
17846,4.3709490146262535,4.371706,val
16868,3.495817832919528,3.48069,val
16687,3.4970703129535017,3.4798179,val
15092,61.8777218088416,61.919106,val
10674,4.3249563001073135,4.3278575,val
14137,2.768396039009667,2.750884,val
3372,13.64658205019341,13.640592,val
14632,19.46655286711833,19.464714,val
12935,36.43606370816161,36.433083,val
459,11.895525123960338,11.909229,val
2399,16.991842928224937,16.981213,val
19242,14.046750508132789,14.044865,val
9404,23.20334156234951,23.197353,val
11581,40.998353809794885,41.014717,val
4878,6.821268673764209,6.8000627,val
17126,14.380999826435913,14.381908,val
13892,38.91422234320085,38.931572,val
17945,22.94986468631417,22.94384,val
1301,39.84803196164996,39.877636,val
10781,30.37471298757097,30.375614,val
11018,61.258341102147,61.29584,val
16298,4.419843683848651,4.4052386,val
1954,5.516279237034647,5.5080357,val
12984,2.767950208168843,2.7528772,val
19234,11.800771006819648,11.809412,val
11827,3.4267563411162123,3.4367127,val
2900,3.419483384994477,3.4236412,val
2360,8.312184058059383,8.30111,val
16549,11.58450889049733,11.578932,val
17178,31.265853211056445,31.24367,val
11540,23.241277487894493,23.22514,val
17950,26.61609949971503,26.612774,val
7091,19.928197397033564,19.914942,val
14314,61.61955390616471,61.599564,val
6286,16.347664625280032,16.34592,val
11480,8.30011706461138,8.291905,val
18657,9.943284673744312,9.93415,val
5814,3.539102139205733,3.513633,val
12160,41.021553499258864,41.021805,val
3656,51.44204164024564,51.443775,val
10155,13.968429281710575,13.958134,val
7519,46.30064389565297,46.299103,val
9135,5.515840559625128,5.5123863,val
5797,60.4524910654573,60.468678,val
12473,14.089571891047656,14.091249,val
17693,8.21270525505426,8.196302,val
4261,3.390275518628752,3.398505,val
16110,4.325767851991398,4.3247223,val
10150,11.738895074972726,11.723963,val
12053,8.33269892619885,8.317284,val
1687,35.3790001622984,35.394035,val
15044,31.65924439632516,31.656258,val
16546,9.66304530984486,9.653034,val
16675,2.735260556130954,2.7108836,val
15357,10.06851284589774,10.060398,val
10688,6.653802197580005,6.640889,val
625,6.728469413915577,6.7166395,val
15210,19.25072546022004,19.261549,val
5051,4.394125295693411,4.380142,val
8958,6.728387427829043,6.699525,val
5613,2.7379345908003714,2.6902933,val
10278,3.501392529624661,3.4900756,val
9180,12.07673973791194,12.072756,val
15034,27.39963726697832,27.393467,val
9280,53.38895976724034,53.446445,val
14480,39.93419882475006,39.95194,val
11217,61.33610401823559,61.374752,val
9510,4.372297205483147,4.3710737,val
17043,59.90232076905948,59.93752,val
9941,8.191759386175578,8.177277,val
2767,11.638505633455669,11.629199,val
4152,19.766535338864166,19.74548,val
10269,2.7378350951730805,2.7186832,val
6539,34.37603090635952,34.379955,val
16576,16.269805179595384,16.262667,val
11925,22.70705089343061,22.70515,val
7214,6.882918890234676,6.865803,val
14613,14.037250335162268,14.034039,val
1077,22.417935081763016,22.410458,val
322,29.674224196982102,29.658957,val
7928,57.0491840684996,57.065056,val
7659,19.15493547987121,19.16101,val
18246,6.728924349168537,6.7034435,val
10633,50.09910520621285,50.12494,val
17709,11.920420225393688,11.916589,val
11951,30.386048672537907,30.376278,val
15495,69.62951130712035,69.58911,val
8547,4.373182703498082,4.3791437,val
373,56.55112495464567,56.508812,val
201,3.371358194630628,3.365302,val
12116,23.31145805480328,23.308115,val
695,23.00089186344432,23.001665,val
13998,10.179724723010924,10.160155,val
5081,8.252189973008186,8.24441,val
6333,34.312192327866775,34.305397,val
15834,31.67416237977404,31.642797,val
16276,66.22984607694808,66.30365,val
5464,6.7835549168687095,6.7621727,val
4494,6.57997968013165,6.567489,val
4443,65.42022898601756,65.41106,val
11058,4.450109834123621,4.44005,val
7611,8.009845934350269,8.016272,val
1732,2.737800300939081,2.7284703,val
8893,53.28163800837392,53.24728,val
2058,35.98998620812796,35.991806,val
18449,8.217963340452032,8.202402,val
9550,11.92977143625582,11.932213,val
9497,3.463823607534496,3.4622154,val
8317,60.43717871038952,60.473953,val
16940,14.318833955178135,14.315573,val
8039,16.574017901587826,16.569363,val
13531,53.65683209525948,53.659843,val
4526,13.868744565326486,13.854106,val
1712,52.42578981420947,52.404392,val
14296,47.59401362079974,47.584595,val
8764,6.804798625042007,6.791461,val
3826,41.09026214478016,41.09599,val
11240,2.641945369529067,2.623037,val
657,11.932725734814856,11.936695,val
9030,22.994731740626108,22.995487,val
6668,11.927985868777798,11.924575,val
18359,40.48350578932382,40.495277,val
10742,16.584010125865344,16.571474,val
17690,8.21270525505426,8.197365,val
6491,16.3737194207109,16.363848,val
12397,2.694570254438588,2.6817088,val
15341,6.808194080929191,6.784875,val
14368,6.6550572887681145,6.640291,val
18908,26.671971818268155,26.688492,val
10460,2.634075483446833,2.6052759,val
614,5.453675773717265,5.459015,val
4746,22.82017085774277,22.821728,val
10875,6.8804369726902745,6.863913,val
3803,31.2257159436659,31.220657,val
13006,4.469668491169972,4.468313,val
655,11.932725734814856,11.934807,val
7786,6.556721947955682,6.5434036,val
3349,9.573274695324717,9.562506,val
8560,5.4550261345133375,5.4507647,val
19260,16.599431096237396,16.580788,val
15554,8.316653299183429,8.318058,val
9496,3.463823607534496,3.4606667,val
16202,22.721509220154857,22.7221,val
8991,14.204211446903102,14.1986885,val
7510,40.59509796644647,40.62451,val
9771,16.622454312568223,16.607868,val
18038,4.278839677835594,4.2710648,val
14065,31.66739204088522,31.651505,val
17489,8.218114223739999,8.203133,val
7399,6.7312422111754735,6.705469,val
10580,25.743192421777337,25.733261,val
4977,35.86361365671431,35.8733,val
11198,47.32179431110334,47.309032,val
3608,26.28315548393333,26.282112,val
12486,16.64725869779746,16.633846,val
17820,58.88803969411615,58.921227,val
3915,8.272005847991887,8.26025,val
9013,19.70783187156621,19.691269,val
18636,6.728004270033436,6.712929,val
617,5.453675773717265,5.457888,val
15008,20.208444303638693,20.220097,val
16025,36.43845598684842,36.436844,val
7159,52.97460863520874,52.955177,val
12555,45.65432120610436,45.66287,val
6675,14.198530743640813,14.195845,val
13099,27.357511719545144,27.35214,val
9655,52.342681818322,52.339157,val
12436,6.682441392799568,6.665962,val
8922,3.4637610391768354,3.4521453,val
18970,59.33095836964852,59.38215,val
9038,26.67851046560988,26.678534,val
9416,26.92943166856057,26.930302,val
1341,66.02221833454253,66.08588,val
3929,10.007610430801112,9.991758,val
4190,35.5501979046819,35.542896,val
9357,10.0251992837065,10.009764,val
7449,16.804229990923968,16.794895,val
18897,22.99031367519726,23.00196,val
11366,29.808515986958906,29.797007,val
4340,16.383842618628933,16.378307,val
19016,6.807111380190824,6.779914,val
12451,9.87011169371161,9.8509865,val
2599,19.4656638962172,19.47028,val
11615,2.6800298406074674,2.65889,val
11794,58.46096937908226,58.436214,val
17317,11.930680217392707,11.916681,val
18650,8.217141392562914,8.214406,val
5804,2.767230090921776,2.728043,val
3581,16.55589942735338,16.550209,val
17686,8.21270525505426,8.199154,val
15281,50.88867128964234,50.89073,val
13894,38.91422234320085,38.929928,val
7481,26.725588177894853,26.727472,val
8031,14.029125772265932,14.02232,val
5003,53.1257604450006,53.13537,val
14224,17.20828068303235,17.199501,val
10414,35.791009758134045,35.78101,val
920,39.88665824677827,39.90271,val
14669,34.89064573342807,34.91314,val
1235,14.016750584006392,14.016878,val
1571,5.453602047597056,5.4496446,val
8837,23.296083483998068,23.296776,val
5979,53.460313758260384,53.45861,val
7916,50.46110897663102,50.512203,val
15890,2.767913244299724,2.7464657,val
5022,60.22437727795918,60.301125,val
16329,8.308543285499729,8.291834,val
9315,4.406554839696068,4.4090014,val
14658,30.385313055652905,30.395466,val
5415,67.36262373893229,67.31937,val
6351,39.201777071676965,39.21567,val
17935,19.675866135052928,19.654102,val
17387,35.39413413023852,35.41655,val
16227,34.92825313274316,34.941,val
9678,69.07998924373878,69.13379,val
6936,39.866126261957,39.897476,val
16806,31.110044792535263,31.092989,val
1648,22.9936078043015,23.004107,val
3885,4.404761854709105,4.405958,val
9252,41.120805074128185,41.14643,val
5706,16.99497733441319,17.00179,val
15579,14.389077514591778,14.394572,val
6045,7.952605880418686,7.9466367,val
6453,9.712521283134864,9.705282,val
17375,26.684597918145748,26.680908,val
6704,22.97874290495203,22.984741,val
5846,6.876419054110113,6.8512807,val
1371,4.2785560676396175,4.271002,val
4708,11.848597403947965,11.85636,val
14952,6.882678254863746,6.871746,val
6874,16.582108766157965,16.586231,val
1191,6.644555943133097,6.616018,val
1131,50.68935151842295,50.687027,val
18012,58.918449486030376,58.955986,val
16292,3.5012538758153706,3.4851935,val
13402,6.854252064921547,6.842291,val
3688,3.5015152732231445,3.487965,val
15736,6.881721048030808,6.8579817,val
10072,59.11622057953624,59.187546,val
6628,5.452945414680859,5.456537,val
19290,26.372252985493382,26.34368,val
15385,14.39267504443449,14.39272,val
7694,29.8493628553858,29.836739,val
10513,7.972989524142502,7.9731555,val
10015,30.66064099070706,30.693054,val
9735,9.855278882312144,9.868795,val
18226,4.3726082383321,4.370084,val
591,3.463725704281348,3.4597783,val
7625,9.688448573591964,9.686951,val
3071,58.09223849449652,58.07688,val
5454,5.49908632876588,5.494317,val
17292,6.727493680206459,6.696887,val
18223,3.4639925588980818,3.4633512,val
2,2.708496180126906,2.673079,val
6151,38.73958632268193,38.747925,val
4769,30.56104595391632,30.536293,val
14021,17.20685403521417,17.200161,val
11431,2.737464523455676,2.714501,val
11277,6.553632401545066,6.54765,val
6537,34.37603090635952,34.385223,val
3421,29.406136662132543,29.407707,val
10850,3.540107142975788,3.5290546,val
2686,67.38521281421959,67.448654,val
16954,16.921500106917048,16.907137,val
17834,2.708022958232064,2.6924057,val
8175,6.768723500172809,6.747961,val
18798,3.4639967086747205,3.46175,val
8067,26.300087921823646,26.30185,val
11130,17.108057241721884,17.0912,val
11044,3.525244556513579,3.5043976,val
10591,29.677399564031603,29.67294,val
13491,31.42927549874927,31.400692,val
8527,2.70891590619996,2.6958256,val
12077,12.09742358911695,12.091902,val
6940,39.866126261957,39.88454,val
8193,10.006211635630953,10.002484,val
7205,5.577536607686025,5.5624847,val
9481,2.7086272166512813,2.6732135,val
9364,12.030090252009884,12.020034,val
8007,9.828074709524572,9.818464,val
1861,31.22906731708881,31.201982,val
6233,6.56667945409624,6.5490866,val
12567,51.84994986020546,51.88017,val
14999,17.20354303610618,17.200829,val
8674,40.58653190880326,40.59898,val
13908,44.2513224587667,44.263206,val
1510,44.67014339319393,44.678032,val
13810,11.58450889049733,11.578932,val
2223,19.88098601288324,19.857174,val
474,16.736428127591374,16.736994,val
16444,46.63697301236813,46.64857,val
6329,29.89913730912132,29.875246,val
5087,9.984112810960296,9.963274,val
4749,22.82017085774277,22.806095,val
1411,9.719212275161835,9.713791,val
3689,3.5015152732231445,3.4877043,val
10428,46.68280546402441,46.706783,val
7003,4.41963148757761,4.418806,val
3488,2.676159193667881,2.6553898,val
18976,2.738560394234994,2.701662,val
19346,58.679753158553325,58.693222,val
4503,8.034000431580742,8.030574,val
18926,35.360660553701905,35.352062,val
13763,4.262151865053322,4.251076,val
15271,44.84250412419234,44.846474,val
6684,16.779063203990013,16.781422,val
12626,5.366975558868218,5.3577557,val
1311,45.39048776873772,45.40757,val
10375,23.256887193847927,23.254734,val
3762,14.375851944553288,14.371328,val
7425,9.95058028746876,9.963465,val
5827,4.46776870342172,4.4550467,val
15682,60.92498701194428,60.969852,val
9445,40.90615229451066,40.927086,val
5954,41.33105793830249,41.34652,val
18162,34.39662236711407,34.393707,val
12457,9.87011169371161,9.849079,val
117,22.994974363014904,23.009068,val
2733,5.328295548013195,5.323035,val
14258,27.400857794657927,27.386732,val
2608,22.70525476986539,22.705065,val
13466,20.094229640614827,20.080479,val
11145,23.45668169305344,23.461828,val
13461,20.094229640614827,20.092196,val
10668,4.3249563001073135,4.3266926,val
9793,22.76296882623324,22.753534,val
737,40.49585337594807,40.517136,val
19342,58.679753158553325,58.68801,val
16232,34.92825313274316,34.927483,val
16169,14.04309586754078,14.046213,val
15329,4.422206476250763,4.415274,val
2438,31.22007476484556,31.212402,val
10002,22.89995202799145,22.909363,val
317,25.74185264532621,25.731087,val
9796,26.408709661995704,26.401154,val
10401,31.15061180638959,31.133492,val
7301,27.40447188443966,27.386292,val
7113,31.139319734798352,31.126835,val
15150,6.601823466341924,6.5889277,val
9144,6.806128834794942,6.793952,val
4112,9.970797327562025,9.985241,val
10327,10.055084639209408,10.038402,val
18924,30.78317811917148,30.7591,val
10656,3.4266316210422736,3.4287562,val
1543,2.708579062443912,2.684053,val
2196,14.32379971425744,14.31519,val
1181,5.386557878584089,5.381048,val
14683,39.89073286545132,39.91204,val
11361,25.853560650166337,25.853298,val
12533,35.03784651809894,35.048126,val
12896,20.21466243626813,20.206291,val
1520,50.632492434613184,50.631554,val
4566,25.979645064492203,25.962244,val
8792,12.074145480171024,12.072239,val
5031,2.724110359405115,2.7025294,val
15206,16.409135926176713,16.39669,val
8430,16.995729208180737,16.986195,val
19068,17.006257963290253,16.989843,val
12442,8.158966784717283,8.149817,val
5789,53.26827894464033,53.28158,val
16090,2.680117357532955,2.6619534,val
17851,4.3709490146262535,4.3669214,val
6547,39.27753426474772,39.30443,val
19089,23.31463303828463,23.332052,val
12650,9.768981042055076,9.756926,val
14462,30.4057495063976,30.39546,val
17356,22.99733939796085,23.028465,val
7317,36.42816410274023,36.45413,val
10086,3.4141493037943245,3.4236083,val
6418,4.27538826601557,4.271745,val
6943,45.40005775796602,45.445904,val
12595,2.671216825068361,2.6470983,val
9515,5.453554826555715,5.4472885,val
18998,4.42192814563757,4.410425,val
18675,11.929787983506596,11.926542,val
11999,58.383328200967206,58.393593,val
7052,10.054219373436398,10.037926,val
13684,30.388399670203068,30.392319,val
12520,30.50696090872292,30.50403,val
11075,6.849328056400946,6.843528,val
6474,13.861175328282078,13.855852,val
1987,12.08150093831357,12.08042,val
13143,47.44345591156762,47.424984,val
5348,26.231656278814548,26.23537,val
451,11.895525123960338,11.902233,val
17459,4.372541325565833,4.3676233,val
13588,5.3947431565957125,5.402868,val
1220,11.776863732605358,11.779887,val
14533,2.679800903649064,2.6688976,val
409,4.359795574456207,4.3702335,val
15464,47.12045968287047,47.127934,val
14162,5.577922372128996,5.5681963,val
5612,60.2862913044289,60.317688,val
8741,4.420741737162155,4.414504,val
1703,46.13571434661053,46.128624,val
16521,6.548365309251103,6.535909,val
17439,2.708713630838812,2.6939597,val
3860,60.52998546309277,60.59302,val
11767,39.920168975630695,39.953255,val
4808,52.0705342243224,52.08627,val
9714,5.4120818139826525,5.403427,val
9118,3.502342096337854,3.4851942,val
4783,40.17730010575605,40.202297,val
4234,60.08034820513094,60.155224,val
613,5.453675773717265,5.456774,val
8116,51.3728713854686,51.379578,val
17464,4.372541325565833,4.3674073,val
4022,40.61696131303726,40.6349,val
7178,2.7683920640794635,2.733197,val
13586,5.3947431565957125,5.400379,val
3576,16.55589942735338,16.557627,val
16667,56.60134448761165,56.591404,val
10499,6.531354650653539,6.5228767,val
10065,59.11622057953624,59.194412,val
9635,40.43433258172351,40.4517,val
14727,3.5021532227900267,3.4798002,val
7294,27.40447188443966,27.390472,val
16787,23.213132850411533,23.193642,val
4759,26.475997643467675,26.445763,val
12663,11.714746518164514,11.704955,val
13806,9.66304530984486,9.652454,val
2486,60.65772001218227,60.672226,val
9146,6.806128834794942,6.791972,val
10694,6.653802197580005,6.646036,val
7898,39.10561494606926,39.132885,val
11799,58.46096937908226,58.445557,val
1720,59.44294578668329,59.466705,val
1078,22.417935081763016,22.407436,val
5301,11.753913787020023,11.74761,val
990,5.335720143245309,5.320917,val
1753,4.420360932898184,4.4256926,val
7528,52.65787197375085,52.646324,val
15318,3.5026944656710426,3.4929876,val
11949,30.386048672537907,30.373169,val
17601,46.10037718977418,46.09968,val
16228,34.92825313274316,34.931965,val
16906,6.786117649758384,6.771269,val
12181,53.11232660181848,53.133583,val
7941,64.35993824723154,64.3775,val
11907,16.586325238168694,16.577068,val
16333,8.308543285499729,8.291332,val
1840,23.296212376808747,23.307903,val
7966,4.324569650612342,4.3286657,val
8721,2.737993099504657,2.696272,val
8853,31.223603736455804,31.21925,val
9506,4.372297205483147,4.366251,val
17038,59.90232076905948,59.9756,val
15491,69.62951130712035,69.619965,val
14166,5.577922372128996,5.566065,val
9588,19.70058182936315,19.684635,val
11392,39.06249052486637,39.075012,val
1771,6.804125871351521,6.7917566,val
13459,20.094229640614827,20.088736,val
16476,70.38744055582808,70.437775,val
18088,11.658590664393245,11.65104,val
3285,2.623503999063017,2.589405,val
11121,14.470829883927587,14.455463,val
2043,27.08718049328076,27.090977,val
18415,3.46394638368498,3.4652705,val
8383,8.311883690182274,8.2966175,val
16666,56.60134448761165,56.59767,val
5971,47.083801566741634,47.09209,val
4241,68.3567305515318,68.36095,val
17831,2.708022958232064,2.6878438,val
15310,2.7385840698588604,2.7270706,val
13861,25.774441228347605,25.76049,val
18207,2.708708464276146,2.6757085,val
18723,26.67035970835496,26.662941,val
11424,2.737464523455676,2.7053347,val
2278,46.6860010069887,46.707355,val
10165,16.50056323151148,16.501621,val
6406,3.387760611053528,3.3886633,val
13251,13.845264711215988,13.841961,val
361,50.08211640315393,50.098766,val
16632,38.91422234320085,38.92712,val
19270,19.48541592663052,19.479023,val
8016,11.788693240324047,11.787582,val
2268,40.923614122445166,40.93766,val
12392,2.694570254438588,2.675703,val
13559,3.4270235820849577,3.421647,val
3921,8.272005847991887,8.261106,val
18435,5.453876964856426,5.4506035,val
5973,53.460313758260384,53.456963,val
5614,2.7379345908003714,2.6893005,val
19083,19.97284670110396,19.973736,val
16962,19.86458286546309,19.844238,val
8521,60.658221869689925,60.694256,val
8367,5.514356971441128,5.5179663,val
12496,19.53860154075247,19.535295,val
13139,47.44345591156762,47.43675,val
9668,59.32496723193529,59.379295,val
10789,34.87447201545137,34.889656,val
3450,43.7834291345671,43.785954,val
5182,40.64542153266957,40.672646,val
6543,39.27753426474772,39.31717,val
14009,14.551849737231798,14.548914,val
4296,8.034880206080599,8.022444,val
13375,3.5279843254560563,3.5223432,val
12219,4.44415686531255,4.4331183,val
5889,14.519671559123143,14.495543,val
2567,11.794108016712649,11.790495,val
4533,13.868744565326486,13.854689,val
3898,5.492521876071974,5.488001,val
1575,5.453602047597056,5.451333,val
2757,9.704790404948806,9.697792,val
56,8.217705052587275,8.1976,val
11826,3.4267563411162123,3.436627,val
17716,14.187529171506236,14.18221,val
14654,26.33557838360004,26.341919,val
862,16.583389062837508,16.57422,val
19353,66.46919271207298,66.5187,val
14792,12.073872830930233,12.064563,val
135,30.79391023212975,30.796127,val
2116,2.733014195440622,2.7043295,val
18221,3.4639925588980818,3.4597735,val
850,14.035147429874712,14.034897,val
6176,56.32124547307948,56.30658,val
15189,13.894078065810072,13.885654,val
5538,23.1955736438012,23.174946,val
3020,30.28327140942746,30.285587,val
4596,39.27204429585203,39.29496,val
411,5.437753175226781,5.4380684,val
8892,53.28163800837392,53.23734,val
8077,30.335273125343985,30.347336,val
16696,4.413433510170315,4.410242,val
3255,51.636476736943365,51.637848,val
18382,52.43731922756592,52.415085,val
10622,44.21684655523015,44.219666,val
15775,14.55047371652352,14.551701,val
14777,10.061143235452354,10.051961,val
13825,13.778863574118942,13.761734,val
3294,3.351284363884982,3.3372664,val
1420,11.656463631460475,11.647624,val
4654,4.350664419800507,4.3441935,val
9234,31.24025323911746,31.236906,val
7591,5.319759895863683,5.3231173,val
12691,19.318732370889105,19.335825,val
14435,19.47358371511247,19.477295,val
17618,59.36039100777808,59.41445,val
16706,5.5040689464134,5.500904,val
9233,31.24025323911746,31.232267,val
18848,9.94467047086916,9.938552,val
12185,60.20444648087743,60.223606,val
7359,61.91115381484096,61.961952,val
10515,9.64268256478926,9.63332,val
14146,3.5410006268485925,3.5203393,val
14501,51.66606240165736,51.65574,val
17019,46.49526413052747,46.50372,val
13020,6.880994922054823,6.86761,val
16844,53.15028777358014,53.146275,val
18256,8.218564570713069,8.207674,val
8828,19.959057219852347,19.955791,val
12865,12.218730288473536,12.216817,val
3823,41.09026214478016,41.093372,val
18799,3.4639967086747205,3.4610057,val
8814,16.995957578136125,16.987827,val
3394,22.018759429305742,22.019772,val
8497,46.91688292382029,46.915054,val
141,35.37584389295486,35.394638,val
2442,31.22007476484556,31.201134,val
17066,4.420624805467105,4.4064426,val
9698,4.341497964452761,4.336547,val
14958,8.408610267261812,8.400394,val
749,46.1602134775885,46.173096,val
3477,63.02280533209118,63.05236,val
14622,16.5859980766324,16.5792,val
12226,5.543782443503579,5.535943,val
7842,16.311150222238446,16.311272,val
9096,59.34616574424854,59.36325,val
3194,22.69471854911499,22.709188,val
17886,9.937271543072656,9.936176,val
13360,2.7587097236128133,2.7469125,val
9436,35.73824276619104,35.732773,val
9876,78.58062096349295,78.540504,val
13936,2.768427146804104,2.7442658,val
11221,61.33610401823559,61.396175,val
15398,19.991138872081702,20.002691,val
11332,16.308010662860998,16.297928,val
16793,26.941092065428904,26.943333,val
2350,6.804775027058632,6.7913437,val
4024,46.2647312762206,46.29051,val
9615,30.77438685979468,30.756474,val
6358,44.60789261778061,44.611534,val
14061,31.66739204088522,31.65304,val
14182,8.410098919808021,8.393526,val
12378,61.348509793807175,61.354282,val
14209,14.553384683418702,14.56138,val
3682,2.737823046813698,2.7102141,val
17962,30.706189705368445,30.700352,val
8511,53.388393832045885,53.407192,val
15499,2.738511525458672,2.7248378,val
16764,16.93983299424297,16.932224,val
6471,11.648849602331245,11.637697,val
1860,31.22906731708881,31.202778,val
17727,16.7632499918992,16.759335,val
12034,5.530636035935843,5.5311384,val
7511,40.59509796644647,40.624367,val
4462,3.3899503390781547,3.3957276,val
4480,5.3349161923909225,5.3340793,val
11753,34.9124546423168,34.9208,val
18154,29.97287072252159,29.966183,val
16315,5.513266485740743,5.498218,val
9258,41.120805074128185,41.130165,val
2010,17.011685864509637,16.988482,val
18581,59.36762111235722,59.42772,val
16881,4.411629702698938,4.4093204,val
14706,51.56825139855076,51.600742,val
2589,16.585488782204305,16.573837,val
604,4.37226573877274,4.376667,val
11908,16.586325238168694,16.576546,val
11950,30.386048672537907,30.372587,val
17788,40.28953774014432,40.306213,val
1851,27.04120409654321,27.007318,val
9706,5.4120818139826525,5.409654,val
8819,16.995957578136125,16.974022,val
4885,8.330951206182403,8.322359,val
11486,10.043941062065771,10.029596,val
8683,46.29179883806892,46.283436,val
10598,34.04503967970897,34.05552,val
17615,52.37163578790875,52.3642,val
9911,4.361721156600234,4.366861,val
1292,34.84895468229793,34.853043,val
4337,16.383842618628933,16.379114,val
4008,35.5219442548973,35.523705,val
8351,3.5015146698937243,3.4917126,val
11630,3.427034163001539,3.439022,val
3459,49.59532874711015,49.656006,val
2856,44.55739519495278,44.569767,val
11060,4.450109834123621,4.4371796,val
952,58.38596546089347,58.399475,val
12245,8.356192481029266,8.344101,val
918,34.886053109587735,34.901245,val
7194,4.470603427337951,4.4600873,val
9648,46.07701349970316,46.08206,val
2235,26.930729823540588,26.940033,val
11679,9.833628133818198,9.82303,val
2576,14.03703780461786,14.0368185,val
18411,3.46394638368498,3.4685528,val
4684,8.165768752488026,8.159323,val
14150,4.470788645696553,4.4675984,val
13429,12.158984383433603,12.148352,val
7109,26.978401307234257,26.965916,val
4130,14.24193006517389,14.250675,val
17582,35.36490466801548,35.37171,val
5948,36.14161337491136,36.13807,val
18510,22.9906590256399,22.998219,val
14441,22.716537099825803,22.71412,val
5573,40.904849512781546,40.923203,val
17492,8.218114223739999,8.207007,val
15109,2.6680277245003223,2.633682,val
11705,16.59108938180168,16.574165,val
7878,29.82551748295141,29.82345,val
6877,16.582108766157965,16.577799,val
13627,11.79578353111807,11.793811,val
3031,34.76644785608287,34.779587,val
9083,52.37392807384792,52.347145,val
17982,40.29987785141369,40.31781,val
9617,30.77438685979468,30.747536,val
3554,11.77393419104924,11.772984,val
8320,60.43717871038952,60.47883,val
10275,3.501392529624661,3.490934,val
12645,8.077368205409602,8.064398,val
10054,45.911486583232765,45.90661,val
1994,12.08150093831357,12.082186,val
19140,46.95201648165615,46.981144,val
16099,3.4271715208360507,3.4249797,val
18197,57.29678618334104,57.29544,val
14450,26.349780468771147,26.34793,val
14512,58.53201876125161,58.52809,val
9123,4.42153269196039,4.414529,val
18710,22.98758383508474,22.992939,val
9545,9.94333797411371,9.931727,val
15578,14.389077514591778,14.395132,val
15343,6.808194080929191,6.795697,val
11328,16.308010662860998,16.305046,val
6413,4.27538826601557,4.2677107,val
4660,4.350664419800507,4.340687,val
2044,27.08718049328076,27.090897,val
5248,4.312276681150203,4.3153615,val
5349,26.231656278814548,26.226137,val
17803,45.87191982389491,45.85479,val
16995,31.03775157836372,31.01097,val
7915,44.50071754991946,44.514782,val
5393,51.312490421608985,51.304504,val
5943,36.14161337491136,36.130005,val
17678,6.724970617606346,6.7067494,val
11532,19.91349683898619,19.892845,val
14552,4.325053144040819,4.326263,val
7676,22.33235177416136,22.33797,val
9115,3.502342096337854,3.485743,val
669,14.205663251031078,14.20718,val
7024,6.801907526467083,6.7858524,val
12530,35.03784651809894,35.031555,val
10201,26.1739263514462,26.169544,val
13097,23.5681103629247,23.561453,val
9394,19.881223193832128,19.87683,val
15820,27.41039487101252,27.391138,val
7218,6.882918890234676,6.859825,val
19049,12.079904523944911,12.066723,val
15321,3.5026944656710426,3.4882214,val
17706,11.920420225393688,11.917425,val
18085,9.720675926907024,9.717608,val
8575,8.220943361868855,8.212601,val
6597,2.708393370963044,2.6894765,val
13410,8.372357434098713,8.356174,val
9795,26.408709661995704,26.410986,val
11922,22.70705089343061,22.713453,val
13783,6.548365309251103,6.535943,val
1964,6.807036339896532,6.801318,val
10094,3.4141493037943245,3.4228423,val
8334,2.737823782607874,2.7112615,val
12374,61.348509793807175,61.34649,val
14421,16.59101007063037,16.584528,val
9151,8.314264525895991,8.303719,val
10159,13.968429281710575,13.957278,val
18282,11.932861762453696,11.924483,val
3490,2.676159193667881,2.6568255,val
7252,14.550651373051354,14.541835,val
11417,56.87545981746262,56.88855,val
11868,8.126053948962111,8.124379,val
16203,26.35585423252835,26.356585,val
16363,14.362716447104814,14.351482,val
6742,35.33233108400391,35.324173,val
3737,10.060180445760883,10.047675,val
5251,4.312276681150203,4.3153687,val
12859,12.218730288473536,12.21133,val
11285,8.001000028014305,8.001242,val
9032,26.67851046560988,26.693123,val
9359,10.0251992837065,10.011931,val
9778,19.511210629926246,19.514242,val
7437,14.216293823765389,14.215538,val
11117,14.470829883927587,14.462095,val
16690,4.413433510170315,4.4095736,val
4903,12.095411676309684,12.087809,val
2842,34.29895562539627,34.299877,val
17028,52.83214409813406,52.847023,val
2755,9.704790404948806,9.699281,val
10666,4.3249563001073135,4.3288894,val
6938,39.866126261957,39.884556,val
18751,40.46160991887188,40.46881,val
7757,3.380822196050792,3.359898,val
11940,26.33615265794538,26.32541,val
1440,16.382666477994622,16.381374,val
6946,45.40005775796602,45.42855,val
11900,14.037530046339258,14.02917,val
2042,27.08718049328076,27.082396,val
12659,9.768981042055076,9.761929,val
4831,67.01899302378678,67.011986,val
17360,22.99733939796085,23.020794,val
10858,4.469398149213981,4.4710045,val
4449,2.651340495288661,2.626196,val
12324,31.442471381136336,31.42604,val
16205,26.35585423252835,26.359272,val
9095,59.34616574424854,59.36008,val
3668,58.22606648348325,58.272568,val
12149,35.86065710741565,35.85734,val
4900,10.081084989122813,10.075863,val
14338,2.680060136742551,2.6635418,val
1362,3.3902555318677594,3.3937588,val
5790,53.26827894464033,53.267963,val
2558,9.831747633839294,9.812347,val
7671,22.33235177416136,22.341534,val
18309,19.709900249786017,19.69963,val
18071,8.035667900269116,8.035217,val
6832,6.653808540578969,6.637475,val
12140,31.21633923942998,31.192232,val
11073,6.849328056400946,6.840835,val
10028,35.22028551346449,35.235413,val
3467,55.98918534937304,55.97598,val
9166,10.063141507813375,10.047834,val
18338,30.80004244295742,30.78793,val
853,14.035147429874712,14.036819,val
3970,19.81382468589979,19.797358,val
7408,8.22205215267704,8.214756,val
17648,3.46287616207661,3.463626,val
11035,2.756563314981308,2.7196221,val
7386,4.373588270267297,4.38913,val
8862,35.88878196221561,35.902046,val
18918,30.78317811917148,30.765638,val
15825,31.67416237977404,31.648872,val
16351,12.06457598001331,12.057655,val
13071,17.19181300428322,17.184853,val
15848,41.75846663066622,41.764515,val
10465,3.3670877540885287,3.3647141,val
7886,34.22742983795968,34.226746,val
19204,6.656198229767126,6.6396947,val
18484,14.203184342146836,14.206263,val
10931,17.18896478933625,17.166878,val
13392,5.555295080198322,5.5564585,val
15278,50.88867128964234,50.907547,val
19253,16.599431096237396,16.593128,val
17466,5.453944331739666,5.4462314,val
14571,6.654040997719327,6.640085,val
5108,14.256550738417271,14.239642,val
8300,46.69324976620808,46.719326,val
10636,56.575095478324506,56.54308,val
1818,16.994748441870005,16.987572,val
17634,69.13749578578044,69.09775,val
19255,16.599431096237396,16.59637,val
14541,3.426691556928463,3.4323874,val
9893,2.7037760859594746,2.6946626,val
10498,6.531354650653539,6.523838,val
8921,3.4637610391768354,3.4530482,val
5115,16.847652107473593,16.830597,val
8755,5.514802829383529,5.5072155,val
7650,16.327472020473603,16.329906,val
15374,12.085016051450117,12.086552,val
16785,23.213132850411533,23.199747,val
8818,16.995957578136125,16.979385,val
18628,5.453514973447485,5.4452105,val
12638,6.6172711234336985,6.5961285,val
3107,4.320883854483836,4.3152704,val
7840,16.311150222238446,16.316097,val
2252,31.098562535715903,31.085688,val
11624,3.427034163001539,3.427734,val
18312,19.709900249786017,19.70233,val
6457,9.712521283134864,9.701923,val
13705,39.89246368341727,39.90953,val
11013,61.258341102147,61.313774,val
11639,4.325556458596122,4.32876,val
5526,19.87480651925221,19.857933,val
12706,22.52901124083688,22.534126,val
8664,35.45862287003865,35.466988,val
8190,8.267826917565984,8.275666,val
12489,16.64725869779746,16.62879,val
16902,6.786117649758384,6.7731137,val
8943,5.453665289542088,5.4448786,val
10050,45.911486583232765,45.907322,val
15508,3.502563886701579,3.4905777,val
10095,4.30856967282522,4.311016,val
1257,19.438719492496457,19.43197,val
18102,13.872643591503794,13.869324,val
7934,57.0491840684996,57.07328,val
982,4.278760703141022,4.2706156,val
16293,3.5012538758153706,3.4874136,val
16368,16.975095666791052,16.969862,val
10928,17.18896478933625,17.163094,val
18962,52.35424291581615,52.341904,val
3168,14.02600296533172,14.026337,val
17842,3.462916596395052,3.4563727,val
17359,22.99733939796085,23.024515,val
19192,5.395561287836819,5.3933573,val
9203,19.964625243203816,19.971947,val
1767,5.514289169113654,5.5161724,val
14284,41.69401750937428,41.694206,val
13622,11.79578353111807,11.796156,val
8316,60.43717871038952,60.454765,val
7899,39.10561494606926,39.124046,val
12639,6.6172711234336985,6.59552,val
9595,22.98460188258043,22.986542,val
15170,9.741813509382144,9.738424,val
12870,14.552373177137932,14.547465,val
9969,14.151127363963884,14.143343,val
2001,14.387754447899486,14.377332,val
9467,53.05653658929399,53.06418,val
16156,11.798335755610244,11.800402,val
5197,52.69668947022024,52.72258,val
14567,6.654040997719327,6.637168,val
1515,44.67014339319393,44.67531,val
10082,2.6703927948160247,2.6586888,val
579,67.32475685095926,67.26657,val
464,14.160952427235628,14.164984,val
1032,11.6582331871555,11.648769,val
7377,3.464617385374871,3.467619,val
6577,57.299878230603134,57.283234,val
11429,2.737464523455676,2.7126489,val
5977,53.460313758260384,53.451183,val
15915,5.576937014393697,5.5645947,val
3040,39.739221698239575,39.77262,val
3149,9.822765889013834,9.825334,val
7924,50.46110897663102,50.496643,val
14498,51.66606240165736,51.65535,val
4800,45.806228475822735,45.804386,val
13675,26.338720370939505,26.34784,val
8789,10.06105554284492,10.050741,val
1827,16.994748441870005,16.975693,val
8703,59.77527993292279,59.76632,val
12158,41.021553499258864,41.01766,val
426,6.708418514918034,6.6959734,val
7284,23.59913330619728,23.598125,val
2154,5.4997115639109175,5.4972315,val
14719,2.7383123632887343,2.6981235,val
11511,14.347619590331648,14.336755,val
8050,19.44914634232636,19.4474,val
16373,16.975095666791052,16.953064,val
14500,51.66606240165736,51.647713,val
3627,34.8161922893814,34.81344,val
5446,4.409472257063735,4.4097743,val
9921,5.43894963587855,5.4449706,val
19035,8.31575350674248,8.304537,val
15406,23.34160294300016,23.350094,val
9757,14.06795560888682,14.077574,val
11729,22.715728356803982,22.725666,val
1449,19.22082359226023,19.21577,val
14921,3.540883323591228,3.5167265,val
556,52.32557471701267,52.34773,val
6517,25.97233068144464,25.955034,val
5111,14.256550738417271,14.24589,val
13840,19.08199677745677,19.077799,val
13364,2.7587097236128133,2.7491002,val
1841,23.296212376808747,23.309364,val
1075,22.417935081763016,22.409359,val
11887,11.79434716865068,11.793027,val
12831,6.882941629441138,6.863493,val
2631,30.383161080528925,30.390348,val
792,4.324690454952959,4.321392,val
15685,69.39768820199494,69.35503,val
8403,12.073309697709004,12.055307,val
10736,16.584010125865344,16.573544,val
12881,17.20794229838949,17.203373,val
1190,6.644555943133097,6.6204863,val
8730,2.737993099504657,2.709951,val
13233,9.702428609908443,9.697555,val
7,2.708496180126906,2.6790528,val
6322,25.92720413216168,25.918808,val
8604,14.21374816941229,14.215179,val
9473,60.226012960931534,60.29025,val
2075,47.07352396287201,47.06967,val
12348,41.43326211334096,41.44256,val
14667,34.89064573342807,34.9096,val
6531,29.952876069539208,29.93977,val
11783,51.6246529061579,51.597385,val
17444,2.708713630838812,2.7085571,val
9023,22.994731740626108,23.010593,val
1211,9.8172927105488,9.804348,val
7595,5.319759895863683,5.3233957,val
11116,14.470829883927587,14.464049,val
4060,2.719636032414056,2.6643908,val
3233,39.90436918305849,39.947685,val
4678,6.6884233999807385,6.673464,val
81,14.203979076475648,14.2032385,val
11818,2.6798483480542923,2.675867,val
15692,69.39768820199494,69.30457,val
14461,30.4057495063976,30.397732,val
14374,6.6550572887681145,6.6423063,val
2364,8.312184058059383,8.294506,val
17776,35.24715335336369,35.26139,val
1527,50.632492434613184,50.63588,val
4780,35.113440721798995,35.07961,val
1171,4.319118723923392,4.310601,val
12174,53.11232660181848,53.097706,val
12285,17.09144859211879,17.052803,val
10209,30.18512064085396,30.183525,val
8561,6.73043322266602,6.703537,val
5834,5.573218400912195,5.556223,val
642,9.94505395806381,9.937429,val
16695,4.413433510170315,4.4095907,val
9977,16.721996390550526,16.726025,val
9502,4.372297205483147,4.363818,val
1608,11.93114095632098,11.919382,val
3269,58.50636689533324,58.553978,val
7634,11.61873064567914,11.61496,val
4674,6.6884233999807385,6.6663566,val
8140,2.724794655337337,2.7080917,val
7629,11.61873064567914,11.6162195,val
6103,22.144290488227952,22.126324,val
11236,2.641945369529067,2.6221976,val
11628,3.427034163001539,3.4366894,val
1659,26.67828808587088,26.686186,val
14853,31.227174480005047,31.205019,val
8390,8.311883690182274,8.302328,val
9931,6.708523927938943,6.688709,val
5110,14.256550738417271,14.246904,val
18514,22.9906590256399,22.985556,val
4795,45.806228475822735,45.79298,val
14281,41.69401750937428,41.704338,val
10697,8.12551687206948,8.12518,val
4782,35.113440721798995,35.06618,val
1729,2.737800300939081,2.723178,val
17447,3.463971586611452,3.4559417,val
11697,14.04101960092788,14.0338,val
10934,20.18653047753837,20.19743,val
11980,45.43311720005017,45.44907,val
12384,69.99571630851217,70.0031,val
2362,8.312184058059383,8.297789,val
17403,40.49806291082581,40.489853,val
11078,6.849328056400946,6.8427067,val
13798,7.991658777584205,7.9894066,val
17848,4.3709490146262535,4.3695135,val
10237,45.03810987953722,45.039513,val
351,44.20482503393963,44.22814,val
2136,4.409853122987917,4.403346,val
4668,5.423807499879186,5.426496,val
8493,46.91688292382029,46.918648,val
11505,14.347619590331648,14.343037,val
11877,9.831813640027464,9.821753,val
5802,60.4524910654573,60.482857,val
9368,12.030090252009884,12.02854,val
2680,58.393690284659264,58.39985,val
10821,51.50778410422704,51.484745,val
17683,6.724970617606346,6.7059774,val
19324,45.57162708262807,45.576046,val
2467,46.895781103613245,46.91237,val
18979,2.738560394234994,2.711946,val
6472,11.648849602331245,11.637493,val
710,30.807016912029543,30.807354,val
8916,2.708548541881171,2.677784,val
17633,69.13749578578044,69.105225,val
12700,22.52901124083688,22.54059,val
1297,34.84895468229793,34.84063,val
16795,26.941092065428904,26.942642,val
6719,26.65648540709704,26.642754,val
17368,26.684597918145748,26.688232,val
2424,23.28997481824149,23.274437,val
14148,3.5410006268485925,3.5194294,val
11534,23.241277487894493,23.228945,val
5583,46.66270391250456,46.65509,val
16120,5.39516398514078,5.400026,val
10654,2.679764835700203,2.6596432,val
4986,41.02699155008549,41.033787,val
13573,4.3255147578110105,4.324541,val
15128,4.297855922649827,4.2942057,val
18084,9.720675926907024,9.718782,val
7486,26.725588177894853,26.732021,val
3141,8.11832626120918,8.128316,val
18178,44.71510459444544,44.719143,val
2140,4.409853122987917,4.409662,val
19023,6.807111380190824,6.7846823,val
3969,19.81382468589979,19.79877,val
10083,2.6703927948160247,2.657714,val
7435,11.940417434295226,11.958813,val
11360,25.853560650166337,25.851469,val
5319,16.526254689436584,16.526907,val
8462,27.045330248666936,27.026241,val
1425,11.656463631460475,11.644473,val
11339,19.13154039787541,19.121777,val
7331,41.7456272211452,41.75236,val
12197,2.7529128597477226,2.7265434,val
9908,4.361721156600234,4.3671393,val
13227,8.020969874138826,8.017571,val
14542,3.426691556928463,3.431818,val
6674,14.198530743640813,14.197924,val
18600,2.7086064111784056,2.678954,val
6941,39.866126261957,39.885216,val
3791,23.29556930203368,23.288412,val
6258,9.698315380168223,9.6869545,val
8172,5.486112696540107,5.470377,val
7441,14.216293823765389,14.215526,val
18033,3.390434796633999,3.392158,val
14161,5.577922372128996,5.5637484,val
6526,29.952876069539208,29.953959,val
12291,20.075484224133127,20.090025,val
4406,44.68377792357072,44.72474,val
12338,36.16450734276653,36.142128,val
8134,58.09660211241908,58.138126,val
112,22.994974363014904,23.010593,val
1580,6.728228905976399,6.706199,val
17699,9.936827424934425,9.931628,val
92,16.787021655634778,16.779564,val
6410,3.387760611053528,3.3883166,val
11930,22.70705089343061,22.700481,val
7869,25.864124028011872,25.862854,val
5071,6.7580505138063645,6.7317796,val
6324,29.89913730912132,29.882393,val
17390,35.39413413023852,35.406116,val
2676,58.393690284659264,58.42103,val
18303,16.788713564476186,16.780426,val
17098,8.313108372950806,8.300266,val
18053,5.335830758238897,5.329814,val
15331,4.422206476250763,4.414241,val
18700,19.70205587277775,19.686794,val
5982,53.460313758260384,53.469772,val
12387,69.99571630851217,69.98329,val
6287,16.347664625280032,16.346066,val
2570,11.794108016712649,11.790117,val
4378,29.96110459697413,29.974113,val
2255,35.74716386312536,35.749435,val
15698,2.76783276839671,2.7248693,val
17742,19.67386644705623,19.652576,val
18641,6.728004270033436,6.711745,val
171,52.3882682736391,52.357475,val
6234,6.56667945409624,6.5487695,val
11576,40.998353809794885,41.00714,val
2205,16.93107384270255,16.923912,val
7313,36.42816410274023,36.459965,val
3588,19.43015220231093,19.428772,val
17694,8.21270525505426,8.197825,val
6444,8.028939563802153,8.019931,val
7346,54.35424338922613,54.32655,val
4934,19.97801525632624,19.97807,val
10218,34.64181170966033,34.626698,val
14358,4.3255825255506535,4.3320303,val
4034,52.52433965725746,52.562675,val
8707,59.77527993292279,59.786846,val
12086,14.40077247257583,14.398275,val
9685,2.693225881006085,2.6474712,val
14178,6.883609052061724,6.864026,val
15656,47.05238996663752,47.07116,val
745,46.1602134775885,46.166252,val
3763,16.994828604075785,16.999388,val
785,3.4264405851801163,3.4207687,val
18758,46.12097172526919,46.13159,val
9139,5.515840559625128,5.507219,val
2457,41.09651086281495,41.112293,val
8215,14.297620147091871,14.300699,val
12571,58.7445336701217,58.78074,val
17266,4.371733988550494,4.364506,val
5309,13.988080312882362,13.981975,val
5913,23.503873212499084,23.501984,val
6781,59.21522697654686,59.275135,val
2251,31.098562535715903,31.090229,val
16069,61.79860533418504,61.815002,val
16380,19.92899959728709,19.93531,val
3793,27.0396064566848,27.022272,val
3181,16.573905403173057,16.558619,val
19090,23.31463303828463,23.332088,val
2634,30.383161080528925,30.377798,val
9109,2.738415152769665,2.7132697,val
16033,36.43845598684842,36.439114,val
9001,16.787195017761377,16.771168,val
2891,2.6743699959358485,2.6664188,val
790,4.324690454952959,4.3249454,val
13038,8.406208198149583,8.400343,val
4870,5.529305246508104,5.522029,val
5126,19.77808294115797,19.77875,val
11439,3.500004551362066,3.4860513,val
1842,23.296212376808747,23.30998,val
19080,19.97284670110396,19.977081,val
4774,35.113440721798995,35.11754,val
15739,6.881721048030808,6.8642063,val
8873,41.0803601020278,41.095306,val
7810,9.680210315185294,9.658003,val
1447,16.382666477994622,16.37005,val
1923,2.738382492768076,2.7065287,val
14867,41.10504443634969,41.136856,val
7393,5.455604810073586,5.454497,val
9289,60.657728553914,60.69794,val
3492,2.676159193667881,2.6591406,val
7365,2.7091026824146094,2.687314,val
4459,3.3899503390781547,3.3955112,val
13032,8.406208198149583,8.403107,val
7068,14.362001783938569,14.358417,val
10839,2.767835097876492,2.7498438,val
6422,4.27538826601557,4.2722416,val
17523,14.203565724741887,14.198408,val
10087,3.4141493037943245,3.4226696,val
18276,11.932861762453696,11.924756,val
15725,5.576457565869874,5.5613976,val
6728,30.76232434794344,30.748783,val
11773,45.47145799138764,45.508774,val
14117,61.87956213511676,61.918404,val
9107,2.738415152769665,2.711628,val
3980,23.11250514594009,23.097332,val
678,16.78961394224162,16.782478,val
11543,26.9749273266716,26.97138,val
13986,8.409437556211982,8.388664,val
11381,34.20023201897286,34.20087,val
11164,31.459342797591862,31.454308,val
8690,46.29179883806892,46.30678,val
14614,14.037250335162268,14.034581,val
9395,19.881223193832128,19.875175,val
18902,22.99031367519726,22.996416,val
5466,6.7835549168687095,6.763214,val
2913,4.315626700837154,4.313407,val
13851,22.24119659609466,22.2249,val
18564,46.10165373502444,46.100304,val
8805,14.376971885187007,14.375722,val
17250,2.708248428855141,2.6731553,val
1612,11.93114095632098,11.923908,val
8203,12.007771450667535,12.002966,val
8012,9.828074709524572,9.815112,val
12201,3.5205301735751884,3.4889073,val
2408,19.95375118013526,19.96314,val
8460,27.045330248666936,27.023521,val
374,56.55112495464567,56.51264,val
7997,8.123629502903881,8.119564,val
12495,19.53860154075247,19.536774,val
15940,8.408953862492385,8.401737,val
15557,10.06695287605768,10.053738,val
5295,11.753913787020023,11.747546,val
4818,59.07508503266062,59.1578,val
1905,53.35263677725449,53.378944,val
5363,34.74248220026329,34.74511,val
14912,2.7683636783075363,2.728232,val
7972,4.324569650612342,4.324068,val
18714,22.98758383508474,22.976017,val
12356,47.3150321406427,47.323395,val
16062,54.308715457309525,54.2804,val
19322,45.57162708262807,45.59298,val
7098,23.25256558499891,23.24328,val
17018,46.49526413052747,46.511486,val
18518,26.672941236077136,26.681358,val
3690,3.5015152732231445,3.4876304,val
2666,51.57301685156738,51.562447,val
11281,6.553632401545066,6.548852,val
8284,40.90966709664708,40.93226,val
18182,44.71510459444544,44.72796,val
6716,26.65648540709704,26.651041,val
2751,8.023180179116657,8.013908,val
18238,5.454086972362974,5.450302,val
17452,3.463971586611452,3.4615328,val
16563,13.778863574118942,13.763931,val
12060,8.33269892619885,8.323883,val
263,11.566192835454284,11.555908,val
16633,38.91422234320085,38.929928,val
6596,2.708393370963044,2.6880376,val
8571,8.220943361868855,8.2143135,val
17698,9.936827424934425,9.933825,val
4302,8.034880206080599,8.024244,val
10470,3.3670877540885287,3.3652644,val
15315,3.5026944656710426,3.4919004,val
1404,8.034673285745228,8.028853,val
1494,34.373369495591966,34.381256,val
16974,23.177095686414493,23.154537,val
13456,17.112477023026607,17.089788,val
8979,9.944605845845958,9.9231415,val
4353,19.2225458757848,19.21183,val
1372,4.2785560676396175,4.2712226,val
1150,2.676319872769252,2.6521773,val
1734,2.737800300939081,2.7306285,val
13743,2.644782439096441,2.613174,val
15209,19.25072546022004,19.262238,val
18906,26.671971818268155,26.689598,val
7682,25.887362814946755,25.892372,val
7429,11.940417434295226,11.938169,val
7335,47.68795789657455,47.702274,val
623,6.728469413915577,6.713992,val
10137,9.787552015034205,9.777279,val
3423,33.72652347706163,33.724792,val
5888,14.519671559123143,14.50114,val
17338,16.786680857916362,16.781448,val
8601,14.21374816941229,14.216945,val
15621,27.08734431972084,27.102451,val
11374,34.20023201897286,34.194187,val
16567,13.778863574118942,13.763386,val
10799,39.865925189688106,39.87417,val
12835,6.882941629441138,6.8653336,val
13205,5.326598425315098,5.3205423,val
14378,8.127277318599202,8.1261015,val
13698,34.893331232725146,34.919754,val
12075,12.09742358911695,12.090865,val
15366,10.06851284589774,10.051358,val
1542,2.708579062443912,2.6834111,val
11323,16.308010662860998,16.304342,val
15104,73.00966898459065,72.923294,val
5067,6.7580505138063645,6.731616,val
17011,40.79274201265735,40.798935,val
17204,41.17877762660081,41.180424,val
3386,18.89356732814083,18.89228,val
4758,26.475997643467675,26.451448,val
2944,8.10628119297899,8.093643,val
13260,16.35386319839244,16.358913,val
12854,10.179629797544049,10.162981,val
11627,3.427034163001539,3.433416,val
17004,35.65752924170458,35.650414,val
773,2.67963111978823,2.652676,val
3137,8.11832626120918,8.11588,val
13889,38.91422234320085,38.940704,val
6503,22.401963939400744,22.392864,val
4450,2.651340495288661,2.6262267,val
2120,2.733014195440622,2.7162566,val
4519,11.655635738720658,11.645598,val
12866,12.218730288473536,12.218996,val
11910,16.586325238168694,16.57319,val
4313,9.719544483530507,9.694668,val
4305,8.034880206080599,8.020988,val
4240,68.3567305515318,68.39905,val
11935,26.33615265794538,26.334335,val
3753,14.375851944553288,14.376974,val
4397,39.2749803184718,39.31359,val
11692,14.04101960092788,14.026253,val
2334,4.421023847624547,4.4003334,val
6476,13.861175328282078,13.85051,val
17822,58.88803969411615,58.924755,val
6994,3.501096998788304,3.488619,val
16217,30.4128793766057,30.427357,val
4893,10.081084989122813,10.072972,val
2132,3.494199034483809,3.4851503,val
12228,5.543782443503579,5.5360346,val
17530,16.785893348112623,16.773556,val
1052,16.386408131285116,16.387589,val
8744,4.420741737162155,4.4143424,val
4587,34.37723539300664,34.382477,val
2698,2.648435565573492,2.614555,val
18724,26.67035970835496,26.658604,val
14553,4.325053144040819,4.3284426,val
886,22.702878807333576,22.69732,val
15598,19.983325306274804,20.003162,val
17567,30.78585051624797,30.783657,val
13951,4.470717032155693,4.467395,val
12308,23.4386895373512,23.41668,val
19265,19.48541592663052,19.493435,val
19028,8.31575350674248,8.299387,val
8810,14.376971885187007,14.364426,val
17058,3.501616867164235,3.4772918,val
12456,9.87011169371161,9.852513,val
10438,53.05718556297103,53.073273,val
16903,6.786117649758384,6.7706213,val
3972,19.81382468589979,19.790306,val
5,2.708496180126906,2.6763868,val
3310,4.225821220586322,4.217287,val
10370,19.93098414733021,19.933628,val
18869,14.203412981302147,14.20224,val
13843,19.08199677745677,19.07839,val
3899,5.492521876071974,5.48665,val
18887,19.7050323192318,19.699972,val
8610,14.21374816941229,14.211174,val
5385,45.219210934851226,45.222176,val
17460,4.372541325565833,4.3693237,val
9789,22.76296882623324,22.755716,val
19271,22.732934390418883,22.74859,val
4158,23.07013446773524,23.076912,val
5237,3.4168923322826146,3.4262996,val
4640,2.698582685784035,2.678566,val
3204,26.32561881342556,26.327229,val
5257,5.377687186849471,5.37853,val
9725,6.673618911012023,6.6525726,val
9224,27.050315830714485,27.048933,val
4323,11.65698187200393,11.63564,val
14502,51.66606240165736,51.66798,val
17914,14.188504354389975,14.173661,val
4195,35.5501979046819,35.52922,val
8310,53.1574764742,53.17451,val
18193,50.69565029953908,50.6866,val
9628,35.35020546101045,35.32949,val
17395,35.39413413023852,35.39682,val
12039,5.530636035935843,5.5270686,val
7352,61.91115381484096,61.915813,val
1394,6.58055325043692,6.566512,val
12789,65.45027187515556,65.507996,val
1087,25.98963110205024,25.976177,val
7239,10.179073775007422,10.156589,val
6317,25.92720413216168,25.92181,val
5650,5.514631754237328,5.50072,val
11804,66.12146250407682,66.18474,val
11396,44.43268557333643,44.450058,val
937,45.42860296663197,45.43505,val
3991,26.8078158500896,26.801964,val
11882,11.79434716865068,11.797402,val
2717,4.2730728213597535,4.2642846,val
3479,63.02280533209118,63.07801,val
15964,12.219364473939503,12.226263,val
17064,3.501616867164235,3.4905138,val
12454,9.87011169371161,9.847383,val
7356,61.91115381484096,61.93607,val
4529,13.868744565326486,13.857563,val
9600,26.66479872121217,26.682617,val
1946,5.516279237034647,5.510108,val
11127,17.108057241721884,17.100288,val
4194,35.5501979046819,35.5272,val
17272,4.371733988550494,4.3568835,val
6019,4.238415593701241,4.234553,val
18690,16.78281810679832,16.776403,val
14107,54.33858922000827,54.31354,val
3995,30.932355683209444,30.931347,val
15737,6.881721048030808,6.861236,val
2699,2.648435565573492,2.6153312,val
15705,3.5402028483267967,3.5045838,val
7300,27.40447188443966,27.385153,val
9187,14.380230957547736,14.369333,val
6811,4.325080681999751,4.3249745,val
4807,52.0705342243224,52.07008,val
3764,16.994828604075785,16.999063,val
18076,9.720675926907024,9.721069,val
11473,8.30011706461138,8.286012,val
7877,29.82551748295141,29.821693,val
5508,14.320139454287412,14.305455,val
1114,39.29411433263528,39.303024,val
9411,26.92943166856057,26.941317,val
8029,14.029125772265932,14.030434,val
15493,69.62951130712035,69.596794,val
6705,22.97874290495203,22.983942,val
3043,39.739221698239575,39.768578,val
7890,34.22742983795968,34.22486,val
11707,16.59108938180168,16.576881,val
8473,35.91032086682111,35.91331,val
2368,10.060056068752283,10.042577,val
17772,30.70077920221167,30.688816,val
15750,8.407762865675089,8.386345,val
10390,26.98533118302545,26.967003,val
16240,39.94240935740361,39.967896,val
14916,2.7683636783075363,2.7301586,val
13110,31.594912912840023,31.594294,val
14073,36.428494938564704,36.447815,val
4685,8.165768752488026,8.1603985,val
12311,27.2150462191298,27.219429,val
7914,44.50071754991946,44.513264,val
9154,8.314264525895991,8.30364,val
16063,54.308715457309525,54.29111,val
5208,59.80583469808005,59.847282,val
12035,5.530636035935843,5.53012,val
5253,5.377687186849471,5.3747883,val
5228,2.6723998387919203,2.6570618,val
11959,34.89162430796332,34.901047,val
3464,55.98918534937304,55.974716,val
17145,17.002765463643282,16.966173,val
12705,22.52901124083688,22.540855,val
7610,8.009845934350269,8.01603,val
3947,14.28744530085372,14.2807665,val
14257,27.400857794657927,27.3886,val
11369,29.808515986958906,29.795889,val
10650,2.679764835700203,2.6570892,val
12798,2.768265193898514,2.7420354,val
9945,9.9109232636722,9.9012,val
5996,2.6283117251133854,2.5826778,val
4303,8.034880206080599,8.022018,val
8315,60.43717871038952,60.468643,val
19339,51.770522643149945,51.77372,val
9462,53.05653658929399,53.06895,val
5332,19.39438239099253,19.394436,val
8247,23.17079121356761,23.16986,val
16118,5.39516398514078,5.393009,val
15781,14.55047371652352,14.545439,val
5144,26.77632081570378,26.770512,val
2159,6.78451665768644,6.761631,val
7699,34.24997647402045,34.256966,val
10170,16.50056323151148,16.493704,val
12979,2.767950208168843,2.7459388,val
1060,19.22617209418738,19.224894,val
16140,8.128037751397795,8.136003,val
8726,2.737993099504657,2.700678,val
18203,57.29678618334104,57.31858,val
10994,47.41285060588126,47.419594,val
12855,10.179629797544049,10.164286,val
97,16.787021655634778,16.77797,val
10019,30.66064099070706,30.679863,val
17245,69.31625271328639,69.369415,val
13562,3.4270235820849577,3.4243,val
17649,3.46287616207661,3.4639168,val
2507,3.4268652011358185,3.4219017,val
2407,19.95375118013526,19.960766,val
6379,57.170829971366096,57.15864,val
16768,19.890220415820057,19.892498,val
16654,50.13120527614953,50.161198,val
13340,50.56027279455254,50.561783,val
15676,60.92498701194428,60.948524,val
267,11.566192835454284,11.559431,val
7769,4.265302680390501,4.24893,val
6314,25.92720413216168,25.919493,val
3273,66.23324544059561,66.33927,val
5760,35.88445310346767,35.879616,val
12214,4.44415686531255,4.4286747,val
14762,6.805252055153304,6.7951717,val
11163,31.459342797591862,31.452108,val
9169,10.063141507813375,10.04932,val
17468,5.453944331739666,5.4485335,val
1678,35.3790001622984,35.382874,val
10333,10.055084639209408,10.038233,val
9864,58.91676567489441,58.966854,val
902,30.38076056729905,30.377546,val
4003,35.5219442548973,35.543198,val
15319,3.5026944656710426,3.4903722,val
17827,2.708022958232064,2.6835918,val
438,8.193188684675764,8.201726,val
15814,23.602943561246462,23.587414,val
2801,19.187323388788315,19.1792,val
453,11.895525123960338,11.905049,val
9548,9.94333797411371,9.937656,val
13884,34.079261637555426,34.076492,val
6276,13.839728224012498,13.834832,val
5366,34.74248220026329,34.745384,val
17969,35.25462350907537,35.264652,val
15301,65.09267984036615,65.07752,val
14938,5.57738774476359,5.5705447,val
16487,2.644782439096441,2.61258,val
10133,8.09096009018889,8.085927,val
3599,22.66280409992268,22.663536,val
11727,22.715728356803982,22.722267,val
7280,20.21097208203288,20.192919,val
3373,16.11131341530299,16.10244,val
1832,19.958240419310386,19.956448,val
7336,47.68795789657455,47.707867,val
4208,46.44982470395645,46.446117,val
2675,58.393690284659264,58.41241,val
15910,4.469972324144574,4.480175,val
7521,46.30064389565297,46.295555,val
4752,22.82017085774277,22.809042,val
3989,26.8078158500896,26.804035,val
18611,3.463800375958302,3.4541724,val
216,4.252862475887518,4.2434654,val
606,4.37226573877274,4.3771505,val
16440,46.63697301236813,46.647945,val
10202,26.1739263514462,26.168324,val
13102,27.357511719545144,27.366745,val
5955,41.33105793830249,41.35388,val
8880,41.0803601020278,41.072853,val
2346,6.804775027058632,6.796619,val
7865,22.310875021117354,22.317377,val
8343,3.5015146698937243,3.4873002,val
12019,3.513376022574373,3.4978685,val
13022,6.880994922054823,6.870079,val
15416,27.103617982825227,27.072117,val
11645,5.394844293046,5.3969035,val
13634,14.039270848299736,14.035152,val
10514,7.972989524142502,7.9756327,val
13569,4.3255147578110105,4.3228397,val
14808,16.99476765856894,16.992107,val
18721,26.67035970835496,26.674313,val
4123,11.963037936696075,11.976005,val
6791,2.679876652308808,2.6698036,val
16602,25.774441228347605,25.759789,val
2048,31.29317545149303,31.263111,val
2697,2.648435565573492,2.6145906,val
8385,8.311883690182274,8.296845,val
1685,35.3790001622984,35.389637,val
6302,19.18033941664073,19.173634,val
2529,5.394350144315574,5.393874,val
14495,45.49573519133895,45.51519,val
16287,2.7377288519874936,2.7085586,val
18954,46.08967825335424,46.100876,val
16649,50.13120527614953,50.15815,val
9887,2.7037760859594746,2.687086,val
18605,2.7086064111784056,2.6882935,val
19193,5.395561287836819,5.3929725,val
12320,31.442471381136336,31.43034,val
19249,14.046750508132789,14.048546,val
2740,6.571475771599267,6.5584455,val
2940,8.10628119297899,8.090514,val
14564,5.394117115004909,5.402252,val
9102,2.738415152769665,2.6967587,val
6723,30.76232434794344,30.76702,val
14344,3.427065722228307,3.428123,val
10510,7.972989524142502,7.9735584,val
3774,19.958089859638896,19.968014,val
6404,3.387760611053528,3.3848984,val
1013,8.035463672537583,8.027189,val
3323,6.4898566002953375,6.474588,val
11650,5.394844293046,5.3965673,val
2918,5.381950494939112,5.3800077,val
6845,9.830645370821994,9.813973,val
5356,30.2611568718884,30.270615,val
13509,41.35234408019274,41.372143,val
13462,20.094229640614827,20.090298,val
11287,8.001000028014305,8.002452,val
110,22.994974363014904,23.015911,val
18231,4.3726082383321,4.3742642,val
16985,26.890179442611885,26.863586,val
6354,44.60789261778061,44.61328,val
5765,41.07423943587891,41.098595,val
3015,30.28327140942746,30.29135,val
18026,3.390434796633999,3.3869705,val
129,26.67923888964828,26.671623,val
11453,5.50905772904389,5.509447,val
16106,4.325767851991398,4.3154716,val
58,8.217705052587275,8.196756,val
2445,35.89156100745434,35.901627,val
17519,14.203565724741887,14.193661,val
314,25.74185264532621,25.728634,val
16160,11.798335755610244,11.816837,val
5898,17.160123500643675,17.128593,val
8914,2.708548541881171,2.6735063,val
9108,2.738415152769665,2.7125998,val
17067,4.420624805467105,4.404796,val
15646,41.21766637163386,41.227024,val
6044,7.952605880418686,7.948877,val
9277,53.38895976724034,53.416504,val
4023,46.2647312762206,46.283092,val
11170,31.459342797591862,31.449997,val
10334,10.055084639209408,10.036924,val
3904,6.774445427179768,6.755149,val
3845,53.3133888390764,53.30977,val
16485,2.644782439096441,2.610678,val
11614,2.6800298406074674,2.6565835,val
8318,60.43717871038952,60.4736,val
19323,45.57162708262807,45.569096,val
14124,73.16672003142884,73.112,val
7565,2.644517535660832,2.6193082,val
7579,4.26638485919936,4.2630014,val
13267,16.35386319839244,16.349234,val
13001,4.469668491169972,4.46703,val
18607,3.463800375958302,3.452119,val
398,3.454105572222532,3.4619527,val
582,2.7085127543344987,2.6920152,val
9957,11.889272275091988,11.881698,val
19123,35.936713537831565,35.932983,val
5515,16.926276381493675,16.906654,val
10044,40.28718686607373,40.2941,val
7666,19.15493547987121,19.154125,val
2169,8.28601199625113,8.27257,val
14026,17.20685403521417,17.196394,val
2148,5.4997115639109175,5.490842,val
1205,8.114151752433223,8.106335,val
14340,3.427065722228307,3.4184089,val
18532,30.785227753268504,30.774479,val
12127,27.04577228607741,27.028393,val
635,8.218116602772081,8.204237,val
11091,8.3667163290534,8.352955,val
1398,8.034673285745228,8.025864,val
4159,23.07013446773524,23.069157,val
12032,5.530636035935843,5.530574,val
13300,29.905179728039577,29.900522,val
3389,18.89356732814083,18.891022,val
5881,12.196546913036052,12.174284,val
15674,53.57542916459361,53.608253,val
6927,34.871540716004816,34.90005,val
13716,45.43106480404264,45.44728,val
7542,59.78105804044495,59.823967,val
17473,5.453944331739666,5.4506493,val
17242,69.31625271328639,69.393265,val
19209,6.656198229767126,6.6491575,val
17966,35.25462350907537,35.26599,val
7349,54.35424338922613,54.330513,val
2533,5.394350144315574,5.3902464,val
5505,14.320139454287412,14.309524,val
12808,3.5407926091361697,3.51122,val
9444,40.90615229451066,40.938835,val
6090,16.19772217863908,16.184057,val
5571,35.73198980287516,35.722733,val
836,9.830335858754546,9.817994,val
18423,4.372499077848516,4.374567,val
3792,23.29556930203368,23.281631,val
5582,40.904849512781546,40.911114,val
12946,41.752818862431866,41.75625,val
2553,8.12609586234306,8.114117,val
10778,30.37471298757097,30.385328,val
5923,27.266807168388087,27.25415,val
9077,46.10827558357298,46.11093,val
10785,34.87447201545137,34.898323,val
4028,46.2647312762206,46.27264,val
15816,27.41039487101252,27.394293,val
4224,52.86517090270329,52.876472,val
12937,36.43606370816161,36.418545,val
5762,35.88445310346767,35.878815,val
17183,31.265853211056445,31.236605,val
13104,27.357511719545144,27.357664,val
10756,22.70200171619421,22.696869,val
9711,5.4120818139826525,5.422727,val
10673,4.3249563001073135,4.3284225,val
13408,6.854252064921547,6.8365307,val
1531,57.20652774133463,57.19304,val
6861,11.79247674953602,11.78734,val
9442,40.90615229451066,40.938576,val
7866,25.864124028011872,25.868246,val
11319,13.807606826835338,13.794464,val
15436,36.018131102324695,35.99651,val
10671,4.3249563001073135,4.3269567,val
18467,11.93139621122396,11.9291115,val
3401,22.018759429305742,22.01253,val
10378,23.256887193847927,23.260786,val
18577,59.36762111235722,59.42347,val
3119,5.388931658677182,5.392312,val
1108,34.3941157281528,34.401287,val
6082,13.71681439437468,13.706716,val
12364,53.90261300771889,53.92601,val
7483,26.725588177894853,26.727589,val
16916,8.287053435739782,8.282442,val
1342,66.02221833454253,66.09564,val
18642,6.728004270033436,6.712228,val
12570,58.7445336701217,58.78882,val
15897,3.5403585958735047,3.5196462,val
15994,20.21809965806252,20.193558,val
14737,4.421203120369991,4.413001,val
10763,22.70200171619421,22.698545,val
4751,22.82017085774277,22.806162,val
17933,19.675866135052928,19.662037,val
1548,3.4637818082731706,3.4531522,val
211,4.252862475887518,4.2428308,val
19059,14.38467919456088,14.369614,val
18649,8.217141392562914,8.213337,val
14817,19.957580957136027,19.966118,val
10363,16.976216926803463,16.949184,val
4965,31.21749104577259,31.193275,val
13195,4.271657825709782,4.265727,val
7465,19.73176517827855,19.722607,val
16252,45.50308508521769,45.55455,val
842,11.792452301465284,11.787983,val
1249,19.438719492496457,19.45078,val
2045,31.29317545149303,31.264462,val
14900,60.65764308308809,60.67906,val
2137,4.409853122987917,4.4041085,val
17973,35.25462350907537,35.26416,val
9409,23.20334156234951,23.186543,val
1650,22.9936078043015,23.002266,val
10869,5.575802753031455,5.5677366,val
10915,14.539623170982962,14.535038,val
4756,26.475997643467675,26.451748,val
7014,5.512986899996157,5.5092816,val
329,29.674224196982102,29.657219,val
4169,26.777116487620017,26.771177,val
15067,47.671231418620295,47.678333,val
10587,29.677399564031603,29.683044,val
10089,3.4141493037943245,3.4219832,val
15254,34.456384355447206,34.461227,val
18795,2.7087326854893243,2.7084756,val
15081,54.33096917075789,54.28151,val
3258,51.636476736943365,51.656273,val
8254,26.89784900823696,26.896053,val
4390,34.380357693480214,34.39427,val
1951,5.516279237034647,5.522175,val
14758,6.805252055153304,6.7971673,val
2339,5.514992905648285,5.5033264,val
14820,19.957580957136027,19.965418,val
3631,34.8161922893814,34.82907,val
1455,19.22082359226023,19.20944,val
1985,12.08150093831357,12.085532,val
4962,27.04564140717384,27.028442,val
7778,5.317375541707098,5.3103657,val
10709,9.83104731697686,9.818007,val
887,22.702878807333576,22.695011,val
15862,47.70172982352404,47.69834,val
10197,26.1739263514462,26.17429,val
4643,2.698582685784035,2.6552057,val
7073,16.974321476988262,16.96111,val
10205,30.18512064085396,30.198593,val
11096,10.126395815467223,10.117861,val
448,9.914430525959508,9.921039,val
15223,22.446042861648767,22.438679,val
15968,14.553769504292417,14.551111,val
11735,26.34777667217677,26.344585,val
5822,3.539102139205733,3.5030632,val
12095,17.01903374589111,17.005713,val
1109,34.3941157281528,34.406593,val
8312,53.1574764742,53.182194,val
7954,2.67966579015312,2.6635537,val
12079,12.09742358911695,12.091536,val
12637,6.6172711234336985,6.593259,val
4361,22.412843611868016,22.412127,val
8630,19.72773259507692,19.703674,val
8206,12.007771450667535,12.006129,val
9523,6.728058320195319,6.701989,val
2640,34.888414713296385,34.910385,val
4692,8.165768752488026,8.189869,val
14383,8.127277318599202,8.12646,val
9664,59.32496723193529,59.368984,val
6427,5.3314508258617375,5.3288026,val
328,29.674224196982102,29.660513,val
12987,2.767950208168843,2.7573361,val
4627,57.23416600632674,57.219753,val
10373,19.93098414733021,19.922958,val
14047,23.60115230987814,23.594181,val
5156,30.91040497992931,30.91463,val
25,4.372190874006892,4.364978,val
10079,2.6703927948160247,2.6563735,val
18430,5.453876964856426,5.4478097,val
7887,34.22742983795968,34.223476,val
18236,5.454086972362974,5.4476485,val
7805,8.003875223317337,7.9812555,val
5961,41.33105793830249,41.338745,val
1702,46.13571434661053,46.124252,val
17048,2.737863669082239,2.6942964,val
12999,4.469668491169972,4.467253,val
16750,14.332007468744225,14.323759,val
4739,19.55952737168782,19.539906,val
17113,10.062224196236288,10.0560055,val
5192,46.34706934099864,46.389854,val
17741,19.67386644705623,19.65218,val
11231,72.07212707241956,72.11816,val
15086,54.33096917075789,54.28648,val
9759,14.06795560888682,14.075572,val
6816,5.39405431056156,5.3928394,val
490,22.9279123481559,22.938305,val
16880,4.411629702698938,4.409959,val
7448,16.804229990923968,16.790825,val
2299,60.32380426469487,60.348267,val
9643,46.07701349970316,46.081352,val
4705,11.848597403947965,11.855939,val
4655,4.350664419800507,4.3453684,val
14013,14.551849737231798,14.545109,val
9680,2.693225881006085,2.6317823,val
6746,40.40730176842157,40.408398,val
7096,23.25256558499891,23.241856,val
8186,8.267826917565984,8.263069,val
12972,61.88841155896284,61.909477,val
9390,16.93108824748578,16.909828,val
12851,10.179629797544049,10.160253,val
6997,3.501096998788304,3.489036,val
18694,16.78281810679832,16.761425,val
14819,19.957580957136027,19.968956,val
15569,12.082626569966488,12.096252,val
9482,2.7086272166512813,2.6760683,val
4422,50.65171531599499,50.677925,val
18814,4.372572383195617,4.375375,val
2919,5.381950494939112,5.38188,val
6211,3.38352670793303,3.3757718,val
1745,3.501480827341935,3.4957411,val
7296,27.40447188443966,27.38392,val
5836,5.573218400912195,5.557285,val
14720,2.7383123632887343,2.7006683,val
899,26.33137260081264,26.316254,val
7013,5.512986899996157,5.5073776,val
670,16.78961394224162,16.7906,val
9960,11.889272275091988,11.880017,val
10117,6.626577584173653,6.610069,val
3794,27.0396064566848,27.022503,val
13965,5.577725012436253,5.570283,val
6056,9.617347410194986,9.611825,val
13014,5.5761957478989626,5.5697517,val
17557,26.67363142943311,26.675446,val
2778,13.84736991148162,13.83769,val
15907,4.469972324144574,4.4743834,val
13624,11.79578353111807,11.794291,val
4788,40.17730010575605,40.172726,val
13805,9.66304530984486,9.653523,val
1229,14.016750584006392,14.02301,val
6550,39.27753426474772,39.30087,val
13098,23.5681103629247,23.564602,val
3887,4.404761854709105,4.4050407,val
2948,9.807070250141807,9.788107,val
8204,12.007771450667535,12.00157,val
4534,13.868744565326486,13.853848,val
17852,4.3709490146262535,4.364371,val
8081,30.335273125343985,30.335003,val
10109,5.372723917651187,5.3762217,val
8557,5.4550261345133375,5.4613624,val
6426,5.3314508258617375,5.329638,val
13592,6.654870000813584,6.6377583,val
12015,3.513376022574373,3.4998837,val
9738,9.855278882312144,9.860617,val
10644,56.575095478324506,56.552807,val
14216,14.553384683418702,14.555649,val
19041,10.065339806641262,10.049137,val
8820,16.995957578136125,16.970444,val
14288,41.69401750937428,41.68556,val
8425,16.995729208180737,16.991116,val
8208,12.007771450667535,12.009567,val
18697,19.70205587277775,19.692183,val
5430,2.7329174189644587,2.7140126,val
8962,8.217900959228839,8.192783,val
8428,16.995729208180737,16.988365,val
8448,23.29880260089402,23.305523,val
10995,47.41285060588126,47.41014,val
15743,6.881721048030808,6.868804,val
14668,34.89064573342807,34.90403,val
10487,5.296604013800311,5.295538,val
931,45.42860296663197,45.426895,val
16615,29.71030411274068,29.707808,val
6914,30.370753870730503,30.378626,val
2027,23.329218518114708,23.33577,val
14673,34.89064573342807,34.91105,val
4542,16.381900654578118,16.369122,val
13069,17.19181300428322,17.182535,val
13092,23.5681103629247,23.574734,val
15050,36.41918774557975,36.451904,val
9724,6.673618911012023,6.6549664,val
18652,8.217141392562914,8.211153,val
15923,5.576937014393697,5.5758257,val
13818,11.58450889049733,11.583605,val
12662,11.714746518164514,11.706015,val
5396,51.312490421608985,51.306534,val
289,16.246482485532077,16.237251,val
16551,11.58450889049733,11.579105,val
11208,53.90188774203692,53.908997,val
16436,40.922141487373246,40.928604,val
3832,41.09026214478016,41.10222,val
1657,22.9936078043015,22.993713,val
10531,11.56241185959522,11.557231,val
628,6.728469413915577,6.718033,val
3391,18.89356732814083,18.89251,val
16307,4.419843683848651,4.4036794,val
7977,5.393277784551054,5.3957386,val
8973,9.944605845845958,9.923987,val
17719,14.187529171506236,14.179927,val
6042,6.515116916565186,6.500948,val
18095,11.658590664393245,11.652664,val
946,51.56890951301239,51.563038,val
31,5.4535370972796615,5.4453797,val
16874,3.495817832919528,3.4816499,val
15097,73.00966898459065,72.946365,val
6462,9.712521283134864,9.697422,val
2385,14.374076505429992,14.365667,val
13070,17.19181300428322,17.185242,val
16284,2.7377288519874936,2.691845,val
14068,31.66739204088522,31.625761,val
9708,5.4120818139826525,5.4133167,val
13199,5.326598425315098,5.3162518,val
18431,5.453876964856426,5.4505677,val
17499,9.944672091049991,9.938627,val
1460,22.41035956215645,22.399231,val
18009,58.918449486030376,58.942993,val
12781,65.45027187515556,65.52053,val
6037,6.515116916565186,6.503078,val
5970,47.083801566741634,47.090828,val
8426,16.995729208180737,16.992966,val
14793,12.073872830930233,12.063659,val
11712,19.473389322226087,19.470072,val
9122,4.42153269196039,4.415386,val
9412,26.92943166856057,26.936087,val
11762,39.920168975630695,39.959778,val
2833,29.89520883156856,29.88097,val
12029,4.434416373363108,4.435746,val
11960,34.89162430796332,34.908897,val
19042,10.065339806641262,10.050835,val
17946,26.61609949971503,26.616974,val
18631,5.453514973447485,5.4483833,val
1432,13.869585950863724,13.857012,val
10029,35.22028551346449,35.23053,val
7037,8.30809612507781,8.292982,val
18180,44.71510459444544,44.725178,val
11953,34.89162430796332,34.901745,val
4172,26.777116487620017,26.767561,val
12811,4.470468267539965,4.456008,val
7596,5.319759895863683,5.323451,val
12782,65.45027187515556,65.53603,val
13083,20.19050088478762,20.185219,val
5808,2.767230090921776,2.7259307,val
16714,6.789694094218048,6.7742777,val
16670,2.735260556130954,2.7038398,val
13593,6.654870000813584,6.6385326,val
665,14.205663251031078,14.207457,val
14549,4.325053144040819,4.324337,val
1589,8.217597876040603,8.200306,val
15019,23.59561888155831,23.606394,val
17458,4.372541325565833,4.3676057,val
2671,51.57301685156738,51.566452,val
9215,23.303793572059423,23.32334,val
1280,30.346263497491044,30.348421,val
15046,31.65924439632516,31.651112,val
610,5.453675773717265,5.452511,val
3982,23.11250514594009,23.090168,val
17672,5.4514537015048905,5.4527297,val
11755,34.9124546423168,34.921303,val
10135,9.787552015034205,9.776099,val
14797,14.37624472537404,14.376732,val
2530,5.394350144315574,5.3956747,val
11878,9.831813640027464,9.822568,val
5558,31.086306563780983,31.070686,val
753,52.45458031839896,52.456276,val
14847,31.227174480005047,31.22031,val
6555,44.69786999759816,44.713833,val
6998,3.501096998788304,3.489376,val
19132,41.14820492115364,41.15358,val
7467,23.02829685536476,23.039104,val
4938,19.97801525632624,19.976322,val
11186,41.44496763084698,41.480484,val
10780,30.37471298757097,30.384958,val
2391,14.374076505429992,14.363842,val
747,46.1602134775885,46.162395,val
10018,30.66064099070706,30.680302,val
359,44.20482503393963,44.212635,val
260,11.566192835454284,11.5562,val
1668,30.794238912773924,30.790312,val
2798,19.187323388788315,19.181253,val
13472,23.452065065404536,23.456045,val
16378,19.92899959728709,19.941872,val
6392,64.47585075138502,64.506424,val
14494,45.49573519133895,45.516575,val
279,13.758159594367363,13.741579,val
13687,30.388399670203068,30.386656,val
4012,35.5219442548973,35.5401,val
8467,31.23554448182804,31.21223,val
13616,9.832967363274172,9.823734,val
11846,5.394227382809981,5.4000397,val
11655,6.65507597344929,6.6374035,val
5860,8.39929361999531,8.369541,val
768,59.47552278781921,59.51278,val
5541,23.1955736438012,23.165947,val
2839,34.29895562539627,34.29962,val
7108,26.978401307234257,26.963596,val
4174,26.777116487620017,26.767757,val
15867,54.36650330189079,54.31235,val
18296,16.788713564476186,16.790424,val
7439,14.216293823765389,14.211037,val
17988,45.88636353743181,45.89091,val
8159,4.398244872508168,4.398832,val
8321,60.43717871038952,60.48889,val
18706,22.98758383508474,22.999939,val
934,45.42860296663197,45.43171,val
7587,5.319759895863683,5.319504,val
4879,6.821268673764209,6.801318,val
2178,10.026963990373934,10.009964,val
1403,8.034673285745228,8.028629,val
6428,5.3314508258617375,5.326353,val
4088,6.747715524421623,6.7375636,val
7971,4.324569650612342,4.325529,val
8613,16.800995435851572,16.796062,val
7619,9.688448573591964,9.6851425,val
3365,13.64658205019341,13.638735,val
2262,35.74716386312536,35.742264,val
13560,3.4270235820849577,3.4226828,val
18039,4.278839677835594,4.271125,val
13807,9.66304530984486,9.653034,val
8364,5.514356971441128,5.5141573,val
8971,9.944605845845958,9.921056,val
4372,25.9825189971324,25.972355,val
10280,3.501392529624661,3.492587,val
1579,6.728228905976399,6.705161,val
4005,35.5219442548973,35.52685,val
11154,27.232871424052814,27.216587,val
13122,36.32120693621686,36.33177,val
15758,10.177968045211644,10.169017,val
10339,12.065009881332942,12.056706,val
18982,2.738560394234994,2.728205,val
6806,4.325080681999751,4.3224754,val
10845,3.540107142975788,3.51363,val
17612,52.37163578790875,52.356644,val
2834,29.89520883156856,29.880737,val
7436,11.940417434295226,11.953878,val
14570,6.654040997719327,6.639346,val
8072,26.300087921823646,26.29588,val
12668,11.714746518164514,11.710152,val
11909,16.586325238168694,16.575396,val
17162,23.313702792405124,23.318954,val
12109,19.9795829364564,19.970049,val
4471,4.278170829014148,4.2784433,val
18175,39.29750380942426,39.31682,val
14448,26.349780468771147,26.349522,val
15089,61.8777218088416,61.94878,val
1310,45.39048776873772,45.416916,val
2141,4.409853122987917,4.4128942,val
5411,58.06570389407524,58.101196,val
10071,59.11622057953624,59.181328,val
15423,27.103617982825227,27.07687,val
13882,34.079261637555426,34.07788,val
18506,22.9906590256399,23.002903,val
5066,6.7580505138063645,6.7322693,val
2434,27.03330955369092,26.993013,val
12031,4.434416373363108,4.4330473,val
14626,16.5859980766324,16.578995,val
6978,67.17088418273241,67.09607,val
9749,11.820738034299742,11.835868,val
9858,58.91676567489441,58.962616,val
3816,35.89380915458802,35.90429,val
17119,12.07640658748618,12.071639,val
11008,53.936249904147175,53.937805,val
15643,35.98496149414287,35.958546,val
1604,9.944103509025238,9.930222,val
2896,3.419483384994477,3.4186792,val
8897,53.28163800837392,53.26107,val
15920,5.576937014393697,5.5753846,val
2744,6.571475771599267,6.5592346,val
2660,45.43140092411185,45.4422,val
8597,11.93845111841708,11.950674,val
17562,26.67363142943311,26.678185,val
6146,38.73958632268193,38.74902,val
2987,19.41002101524697,19.405266,val
13834,16.269805179595384,16.263317,val
2310,2.7382564811417,2.6930733,val
15185,11.679809574545024,11.666813,val
5524,19.87480651925221,19.85815,val
12177,53.11232660181848,53.093277,val
5134,23.077107649980203,23.073467,val
2440,31.22007476484556,31.203865,val
835,9.830335858754546,9.820137,val
3458,49.59532874711015,49.643307,val
7132,35.77251487880431,35.77952,val
696,23.00089186344432,23.005733,val
12580,66.49272834437633,66.54564,val
499,22.9279123481559,22.916588,val
5407,58.06570389407524,58.098606,val
6153,44.04821245138016,44.039185,val
12490,19.53860154075247,19.540438,val
4342,16.383842618628933,16.375315,val
16769,19.890220415820057,19.888357,val
9997,22.89995202799145,22.912836,val
18826,6.728695988858052,6.70586,val
13761,4.262151865053322,4.25041,val
8929,3.4637610391768354,3.4488583,val
15107,2.6680277245003223,2.6323977,val
7925,50.46110897663102,50.500137,val
1858,31.22906731708881,31.200253,val
407,4.359795574456207,4.37149,val
4812,52.0705342243224,52.07557,val
16023,31.677919987423262,31.652033,val
18939,40.44625226967486,40.459953,val
12131,27.04577228607741,27.020863,val
18011,58.918449486030376,58.9486,val
16584,19.08199677745677,19.072197,val
4121,11.963037936696075,11.97572,val
5615,2.7379345908003714,2.691859,val
5575,40.904849512781546,40.916553,val
1686,35.3790001622984,35.39308,val
7584,4.26638485919936,4.264963,val
9239,31.24025323911746,31.21545,val
6391,64.47585075138502,64.49822,val
13230,9.702428609908443,9.698108,val
9800,26.408709661995704,26.367226,val
908,30.38076056729905,30.361423,val
15718,4.4696908100697,4.4512396,val
8371,5.514356971441128,5.519128,val
11195,47.32179431110334,47.331417,val
12317,27.2150462191298,27.210278,val
16056,54.308715457309525,54.283634,val
7415,8.22205215267704,8.242716,val
13846,19.08199677745677,19.073122,val
6250,8.01753035314465,8.00743,val
14469,34.9203027778589,34.919537,val
9663,59.32496723193529,59.38118,val
2361,8.312184058059383,8.298777,val
17389,35.39413413023852,35.40674,val
2965,13.999610748761176,13.991209,val
7726,44.509460478962495,44.517006,val
3182,16.573905403173057,16.557762,val
6381,57.170829971366096,57.165047,val
2243,26.930729823540588,26.91164,val
7622,9.688448573591964,9.687965,val
12566,51.84994986020546,51.868584,val
