idx,actual,predicted,split
6023,54.343834943578464,54.243153,train
5955,46.16640159983851,46.20533,train
2308,64.57695773677871,65.165436,train
615,58.69889415199623,58.45948,train
210,15.614567609300169,15.595482,train
1802,14.826986961109265,14.463633,train
6732,26.484024368396327,26.485636,train
3325,53.80288353083432,53.528088,train
3469,59.05995042413533,58.600357,train
2934,45.55901491491564,44.85971,train
4942,43.90289510018543,43.666546,train
3666,63.03546714128211,63.697018,train
7948,60.909817691377626,60.70827,train
5779,70.72326590407447,71.53692,train
4449,44.27084024557077,44.295788,train
7388,58.12884889469646,57.786446,train
8712,55.50750396672584,54.87596,train
5814,72.14804534278407,72.11741,train
2911,84.55415018616966,84.53494,train
7275,19.24035714391358,19.663685,train
1863,29.50350743814052,29.09867,train
8457,71.63339382759735,71.590416,train
6168,23.48793461229637,23.377863,train
3265,43.78856466397367,43.940968,train
590,66.58516636474155,66.95535,train
7875,31.46935423226826,31.574785,train
4104,111.93267880814516,111.86818,train
2958,40.63770351870388,40.25235,train
9691,64.70114627251759,64.7162,train
416,6.495546871407703,6.5247526,train
3778,39.75223655037217,39.762524,train
5581,21.13272585910589,20.749718,train
7728,75.68706198484644,75.450386,train
8475,71.91030133184738,71.735596,train
9394,25.501940669626595,24.733206,train
3520,64.73848377953358,64.36917,train
7043,19.118177702829986,19.349802,train
4508,27.4987848462116,27.473967,train
2278,53.12049932369545,53.82681,train
725,59.349496697382925,58.909195,train
470,15.707873555388897,15.741753,train
5775,71.2717510610775,71.36093,train
7234,16.763039606912137,16.586866,train
8241,13.453543317986504,13.551501,train
78,16.98227570806444,17.152721,train
5186,98.77373433068,98.918236,train
8975,69.20177964841314,70.004585,train
9435,32.757479265983406,33.224968,train
5176,102.64150512184672,102.71992,train
5684,106.73359104233614,107.03633,train
4877,67.99832264808245,67.94406,train
4744,42.19129004147142,41.99936,train
7639,96.52331812388518,96.58857,train
7750,78.16620220063061,78.061424,train
5030,50.36822432825774,50.585308,train
2010,28.253085186388866,28.370031,train
8936,68.99666759264976,69.10682,train
6645,60.03061670851074,60.49301,train
4086,58.17275977409735,58.125786,train
1052,24.102683602700605,24.22105,train
1385,14.881631072346046,14.745568,train
9548,48.09731794409938,48.458855,train
6352,39.53055859179817,39.299873,train
7760,80.10051029183403,80.02791,train
7533,37.34981601437241,37.427845,train
6883,23.1671333522179,23.110952,train
377,62.955894941680654,63.254444,train
4341,28.7876459530247,29.118307,train
2148,41.2027500139872,42.234306,train
5152,112.90513573952586,112.92936,train
9444,35.37397145960927,35.498238,train
5142,119.47607547303537,119.387054,train
9686,64.70114627251759,64.95876,train
329,39.63341268926196,39.878223,train
7357,43.0355455648049,42.78488,train
8060,101.40176125573278,100.702965,train
5359,11.601252443803698,11.62007,train
1348,57.78802082452141,57.72017,train
7977,182.32680590471207,181.681,train
9491,53.97535048970737,53.837402,train
6267,38.91834885517143,38.55037,train
5148,119.47607547303537,119.53067,train
2356,9.359426092702076,9.334677,train
571,57.94552901210703,57.772984,train
7243,16.975732746562212,17.270359,train
5049,56.659382706568096,56.415497,train
567,51.62368232987836,51.637875,train
7601,148.82757757512883,149.36958,train
4810,47.41366181194388,48.35111,train
6983,54.48981476457171,54.481564,train
9689,64.70114627251759,64.743286,train
2229,43.12759497575015,43.494045,train
2176,38.59019696142197,39.03754,train
8552,15.852564897119404,15.771241,train
2279,56.555790586714224,56.15163,train
5819,73.587307090697,73.82509,train
428,7.469930006749854,7.6266284,train
5723,82.89063290867627,83.078735,train
4624,39.37396909135014,39.74589,train
1597,6.328904784352407,6.3533874,train
9186,7.099764588567615,7.228189,train
3377,42.60532086197436,42.99172,train
3245,36.28660390165627,36.354977,train
287,27.133896018289327,26.836468,train
9339,23.081292008810937,22.868097,train
4937,45.39934030250557,45.339775,train
8747,29.365339437277093,29.043203,train
7400,64.0803395705165,64.16033,train
3116,73.44849628959864,73.8883,train
7332,31.85415326143481,31.93976,train
9092,64.01007406503007,64.5611,train
9282,30.98055959686801,31.111708,train
5100,173.02629337346764,172.09592,train
3678,66.54075052062102,66.50729,train
8051,105.86133971445166,105.8923,train
8156,91.1828236948467,91.41801,train
7441,16.45072988245353,16.36068,train
6213,37.37312957428336,37.993107,train
7075,22.701604648528324,23.473291,train
4276,81.70522876686431,81.54098,train
9,11.37918153927572,11.620002,train
3926,13.263296413219944,13.10543,train
1247,18.66092106399767,18.791216,train
5942,47.46331387653679,46.959976,train
896,29.07243954885766,29.348846,train
6667,18.37697354963854,17.903376,train
5374,15.701361056258303,15.583171,train
4433,40.832073197555765,40.592617,train
3405,43.96685895132765,44.10276,train
699,53.11407662346408,54.008873,train
8558,15.852564897119404,15.836514,train
237,17.75661321676694,17.557796,train
2788,71.45632785526469,71.10517,train
5606,27.821975663371607,27.929197,train
8774,26.32965646643661,26.126465,train
9577,44.30808172311328,44.248222,train
5044,53.28328579156749,53.08434,train
2551,13.137035705017968,13.107928,train
9385,24.43457187610008,24.148394,train
7313,26.32473367367253,26.355946,train
8560,15.852564897119404,15.979593,train
8950,84.75295697575926,84.48139,train
3553,55.49025213966205,54.895206,train
7221,16.82566597126998,16.46324,train
1933,62.68987393473133,62.702286,train
7445,16.45072988245353,16.942282,train
4332,29.39069021010772,29.601702,train
8294,27.49317714760065,27.614416,train
1730,51.37961257023424,51.377445,train
1767,9.44060281407632,9.847445,train
7448,17.802838393569143,17.69876,train
7626,111.84710803127729,111.909454,train
262,22.636112508681865,22.689188,train
9255,20.48518085914746,20.74154,train
1924,56.59924005727276,56.52264,train
901,32.321144147753046,32.039623,train
4823,49.79264067249439,49.974373,train
7242,16.975732746562212,17.079077,train
9010,60.4491784254586,60.29983,train
1715,40.30436750873707,40.355213,train
2904,81.68034630091823,81.65745,train
8672,38.19733383832723,37.809944,train
4602,34.003423250135334,34.28511,train
3079,58.90057362616971,58.421352,train
2417,17.90207642534986,18.486334,train
8476,71.91030133184738,72.023224,train
5121,146.55486384356334,146.55725,train
2013,28.253085186388866,28.276686,train
79,16.98227570806444,17.287981,train
762,73.97103175765946,73.89664,train
6126,15.32505155793123,15.177928,train
1217,12.746987748176158,12.9757,train
5835,75.47176859644443,75.37276,train
1005,17.54994350577995,17.305264,train
5898,62.25633543844163,62.049114,train
304,32.758928032663164,32.832245,train
1628,10.866181576136574,10.8766,train
4645,46.36505623828396,46.330044,train
6244,52.18749606691912,53.192883,train
4819,49.79264067249439,50.713974,train
4393,31.4947609089151,31.286905,train
6826,69.71062345978,69.07808,train
8891,43.63794122524664,43.773636,train
1938,62.68987393473133,62.951305,train
7907,43.465076893454565,43.359097,train
5497,5.7073476784978805,5.726761,train
6688,19.72686773316085,19.690231,train
1687,27.203714615567623,27.352425,train
8817,27.333982293279394,27.205986,train
9687,64.70114627251759,64.930626,train
8182,5.319943445303664,5.333362,train
3701,74.69819737409927,74.820435,train
3302,64.18571344380074,64.425964,train
4278,81.70522876686431,81.57086,train
6813,57.9723445544333,58.47889,train
1583,5.212225480475277,5.243533,train
464,13.546498854976594,13.469176,train
1064,26.19775839899175,26.023554,train
3386,42.59809029081568,42.990223,train
4002,23.10577014586598,23.54756,train
635,53.87988875437848,54.204937,train
820,16.171440019658952,15.910799,train
4994,43.16995161573335,43.14771,train
7651,90.8101911417485,90.31335,train
3500,72.53577771843293,72.50129,train
126,29.74051248250902,30.380733,train
8630,24.51074960846983,25.07843,train
2757,80.21331586375474,80.064026,train
9342,23.081292008810937,22.913918,train
3919,12.71161501625575,12.599379,train
5062,60.49974856985286,60.327103,train
846,18.27799290167712,18.263857,train
8195,6.195413006081358,6.2395644,train
6397,52.561077422993925,52.73012,train
6392,49.19054255336955,48.865646,train
6087,12.048441360575485,11.813259,train
1603,7.630233866920396,7.59642,train
7104,28.13673861098185,28.069284,train
2638,27.91894491941593,28.16111,train
5567,15.832987467777208,15.802173,train
9064,58.24175655774608,58.67492,train
3100,68.18944750337921,67.861115,train
6698,20.909816172153874,21.171276,train
7665,86.16482955753006,86.067825,train
4614,36.49519330636368,36.68997,train
3524,64.73848377953358,64.88228,train
7912,43.465076893454565,42.98827,train
7668,82.46109517072738,82.41608,train
9550,48.09731794409938,47.865875,train
6881,23.1671333522179,23.135574,train
890,29.07243954885766,28.39492,train
6233,46.80432287514404,47.187965,train
5106,158.73631998820795,158.63094,train
4281,84.17406753255614,84.37891,train
7424,14.243709536497072,14.316756,train
5996,49.29258108243957,49.47994,train
9295,35.297617310404256,35.420242,train
8736,66.62708274696202,66.69109,train
2132,78.7976489697884,78.4985,train
3166,21.17118030705132,21.524786,train
7343,35.17697816276893,35.510212,train
5842,77.76166202298738,77.50811,train
6339,38.05130976592272,38.06157,train
6548,20.15248715168677,19.804615,train
919,35.981448551423625,36.295086,train
7469,21.104381820909456,20.997719,train
4930,45.39934030250557,45.330822,train
1370,14.715962749527916,14.634719,train
8878,40.04086667514645,39.887756,train
3969,17.470580500291586,17.201956,train
9401,26.85898557743944,26.529411,train
555,45.847583591803016,45.864597,train
7676,82.46109517072738,82.967415,train
6301,35.919888386123255,36.507587,train
687,51.9827380963932,52.20057,train
1768,9.44060281407632,9.562353,train
7946,56.02179798422955,56.686813,train
4754,41.70839840464368,41.701656,train
4529,26.27774637739397,26.611092,train
3318,53.80288353083432,53.38429,train
6687,19.72686773316085,19.913141,train
5420,27.64203408942484,27.705978,train
6503,10.455577179377302,10.745851,train
8364,110.28871787139632,110.31635,train
2057,39.98048851614654,39.726025,train
5017,45.89202024796605,45.94666,train
7285,20.55365487758599,20.725847,train
9632,47.133068609098046,46.78435,train
1263,23.82470993800484,23.767883,train
8752,27.96885187619396,28.007217,train
1271,26.832928330730127,26.462626,train
6816,63.69862808262341,63.352535,train
772,78.3836967869071,78.3838,train
1395,15.325832135230971,15.078997,train
9428,32.757479265983406,32.906967,train
6519,13.563674534883573,13.296417,train
4856,59.46582112338208,59.33034,train
4447,44.27084024557077,44.282642,train
8540,83.53755060546025,83.36001,train
6547,20.15248715168677,19.901863,train
1547,61.21209743760832,61.48234,train
4528,26.27774637739397,26.315605,train
3081,58.90057362616971,58.99668,train
8443,72.29320847026757,72.31257,train
3061,51.49946671208665,51.101604,train
7034,18.287084542985266,18.835295,train
7466,21.104381820909456,20.747986,train
5052,56.659382706568096,56.155457,train
3027,43.84298730182812,43.727074,train
3774,39.75223655037217,40.149265,train
1268,23.82470993800484,24.034903,train
1976,21.36043408888519,21.158327,train
6211,37.37312957428336,37.384697,train
9677,60.70259297074817,61.27273,train
3762,39.714588712138834,40.244305,train
4626,39.37396909135014,39.253647,train
5647,46.18443363933325,46.16319,train
6495,9.221822808764502,9.572411,train
5565,15.832987467777208,15.832072,train
5706,92.69126167628563,92.675575,train
34,12.311123452022672,12.154909,train
829,16.171440019658952,16.665056,train
3591,50.81546319889285,51.074226,train
4735,43.11226770189285,42.956245,train
8225,9.892928038988636,10.217315,train
7552,45.49093035361841,45.46705,train
2469,36.17425134293541,35.455612,train
1899,41.15828962279588,41.59564,train
6354,39.53055859179817,39.47469,train
1275,26.832928330730127,26.947622,train
249,19.150990033213944,19.38746,train
9159,5.351857896040902,5.2712793,train
962,61.22563174930349,61.260868,train
6163,20.95306971956953,21.185976,train
7973,71.5704557201866,71.40784,train
64,15.408132507053764,15.258783,train
1620,10.866181576136574,10.6329975,train
783,15.25551003706567,15.1850605,train
1270,26.832928330730127,26.322542,train
8409,80.93195157639853,80.88093,train
7579,60.8688615107876,60.712925,train
7647,90.8101911417485,90.44658,train
980,16.4733155489327,16.62019,train
2221,41.522611277483854,41.702446,train
9290,35.297617310404256,35.296474,train
5323,7.267913300585151,7.2133894,train
8120,89.35596223722666,89.88538,train
1472,29.346331511874943,29.024874,train
6713,22.42665956361704,22.378942,train
3638,55.15121777774252,55.25489,train
6665,18.24242596386917,18.486788,train
8046,111.16906764061592,111.676094,train
1163,67.12941924665816,67.00834,train
7843,25.65131053715304,25.171898,train
9155,4.73305991146259,4.79587,train
5655,51.97277860724665,51.77311,train
5545,11.737430167438465,11.53992,train
8397,84.82941053361527,85.49689,train
3241,36.28660390165627,36.58797,train
5948,46.16640159983851,46.26744,train
6666,18.37697354963854,18.893064,train
8732,66.62708274696202,66.0877,train
274,24.75154224131003,24.789352,train
2031,33.47009915314734,33.851078,train
7256,18.211477627421544,17.98534,train
2790,71.45632785526469,71.494415,train
4876,67.99832264808245,67.938484,train
6821,63.69862808262341,63.638115,train
7967,71.5704557201866,71.49868,train
1675,23.65424941823527,23.834896,train
358,52.53837345661387,52.649498,train
4515,26.72477238199726,26.709307,train
5295,4.614697275141552,4.6024218,train
1579,4.261325746131316,4.2908783,train
5638,40.903222959927845,41.452682,train
1820,18.66517816301845,18.213018,train
3204,26.008581845215858,26.474478,train
1234,16.464863572722376,16.273533,train
8339,51.45864447841361,51.42967,train
325,39.63341268926196,39.401485,train
65,15.408132507053764,15.284431,train
9719,78.52239260692045,78.200584,train
7200,64.9995160823615,65.061676,train
3435,49.443219986774174,50.068043,train
7204,64.9995160823615,65.16329,train
9104,66.92157804062985,67.04261,train
211,15.614567609300169,15.6052685,train
8083,94.77176287098274,94.929016,train
1184,8.581296016351208,8.484142,train
7293,22.16279124005809,22.101254,train
1962,20.345033900190963,20.469076,train
9656,53.97577549827576,54.343304,train
5477,58.16441612968519,58.18149,train
5051,56.659382706568096,56.722103,train
8180,5.319943445303664,5.310665,train
1463,26.46800705774784,26.589695,train
5162,107.32601858936177,106.89084,train
9505,58.87425460454851,59.036747,train
990,16.913554365993143,16.935024,train
1678,23.65424941823527,23.938866,train
4312,31.81177091074735,31.646587,train
3728,42.54155576774366,41.938038,train
354,52.53837345661387,52.648327,train
9620,45.71025634176605,45.352547,train
6960,45.72552663345777,45.39765,train
6626,53.70058276989914,52.618958,train
3624,53.40846483029395,53.663795,train
2367,10.30229168567732,10.645182,train
6322,36.210240125305205,36.272053,train
8715,55.50750396672584,55.32794,train
8257,18.09371934689641,17.996649,train
4882,72.7859039312829,72.733315,train
6557,22.95430108855717,22.63921,train
7498,27.8694620307488,27.716097,train
145,37.539090163163095,37.524334,train
9485,49.47664412753195,50.05254,train
637,53.87988875437848,53.5896,train
682,51.9827380963932,51.84926,train
2944,43.45206887144879,43.524414,train
7454,17.802838393569143,18.018793,train
8063,101.40176125573278,100.60735,train
1343,57.78802082452141,57.307858,train
5445,40.69167489137143,40.81447,train
9552,48.09731794409938,48.306835,train
6461,6.560545272291004,6.656734,train
4083,52.63105760281615,53.21026,train
5003,44.3150442339094,44.05321,train
2238,43.12759497575015,43.81595,train
1860,29.50350743814052,28.787716,train
4180,78.80500521273352,79.671265,train
6184,26.379385371737182,26.768461,train
4548,26.316037321382165,26.629622,train
3825,46.35846082077317,46.931362,train
6294,36.41164086407028,36.535175,train
4931,45.39934030250557,45.057735,train
5654,51.97277860724665,51.77311,train
9154,4.73305991146259,4.7777886,train
4745,42.19129004147142,42.015938,train
7537,41.22258538401052,40.881664,train
6654,18.51668839022279,18.3859,train
3999,23.10577014586598,23.201208,train
1201,11.18791207232073,10.602229,train
4757,41.70839840464368,41.969433,train
4945,43.90289510018543,43.907604,train
5734,79.2410546173472,79.39861,train
196,65.65020509765029,65.71776,train
4221,74.34851013209767,74.436165,train
4579,28.68346680081509,28.008198,train
9124,74.10066098763063,73.73494,train
1380,14.881631072346046,14.694742,train
6525,13.563674534883573,14.106328,train
3835,48.84487411254294,49.5374,train
7886,33.9910948271814,34.73455,train
4081,52.63105760281615,52.512108,train
2652,34.608236450110745,34.396896,train
9480,49.47664412753195,49.65301,train
7272,19.24035714391358,19.038221,train
1503,40.31028940315537,40.299526,train
8795,26.12791079961084,26.369884,train
5437,35.89458453265824,35.80844,train
2891,78.69801313043334,78.14551,train
8389,89.57234360169679,89.4175,train
361,57.56906951914832,57.415905,train
8305,31.37922589982488,31.691114,train
1932,62.68987393473133,62.561535,train
6572,26.099438373019023,26.203314,train
605,62.20643544097513,61.082954,train
3108,73.44849628959864,72.97812,train
5032,50.36822432825774,50.304276,train
7274,19.24035714391358,19.443312,train
1817,16.633296025212033,16.79256,train
3526,61.0022870838277,61.409252,train
9446,35.37397145960927,36.28282,train
804,15.174151766060591,15.211457,train
5409,24.12705487818204,24.413166,train
811,15.537782493111417,15.389619,train
8896,47.70662944412462,47.68036,train
3395,43.05395496236608,43.215763,train
4269,79.44225220967748,79.12472,train
4122,98.2154014561832,98.23708,train
3328,50.356769966363984,50.551453,train
1731,51.37961257023424,51.3844,train
9707,73.77371393862427,73.82107,train
3096,63.31482432217717,63.935146,train
5574,18.321105476597847,18.218502,train
6459,6.560545272291004,6.6170654,train
5786,70.72326590407447,71.06929,train
7041,19.118177702829986,18.962215,train
5511,7.487039441710785,7.2872834,train
3913,77.49004354480229,77.502235,train
6271,38.91834885517143,39.330944,train
2810,68.84101050877996,68.81487,train
3165,21.17118030705132,21.389639,train
994,16.913554365993143,16.723574,train
5744,76.30890117399417,75.96985,train
7616,121.93978085807994,122.04092,train
3134,20.723513448948488,20.588345,train
6615,42.64439390516736,43.251587,train
8490,72.80691569376961,72.92676,train
8229,11.549535252517238,11.481726,train
5280,91.77117363602072,91.47933,train
9177,7.099764588567615,6.950851,train
4398,31.4947609089151,31.120483,train
4115,104.53191002397112,104.46395,train
9242,17.71581600660093,17.864923,train
5146,119.47607547303537,119.99563,train
8561,15.852564897119404,16.21727,train
6561,22.95430108855717,23.01758,train
8492,74.18155972707093,74.66537,train
2586,16.733837753795683,16.883625,train
3600,50.80634979191847,50.904392,train
3162,21.17118030705132,20.931128,train
6857,20.393631102532147,20.329416,train
4861,63.535008761946855,63.75539,train
2919,48.18612646210156,48.185486,train
5592,24.29149336117945,23.94271,train
8865,36.89583258795231,36.725773,train
3246,36.28660390165627,36.66539,train
6120,14.063861465039476,14.096453,train
5665,58.29464756776572,58.025887,train
4058,42.89566569384836,42.79525,train
1532,55.24750408842497,55.153942,train
2431,22.67323124124311,22.595352,train
5119,146.55486384356334,147.51892,train
8798,26.12791079961084,26.380302,train
8276,24.001378700581864,23.867762,train
8434,73.5169788308657,73.479065,train
9702,69.08590381003984,68.40588,train
4981,42.4526762770214,42.440224,train
6773,39.00509400022551,38.839836,train
5263,90.86910077663212,90.65047,train
6607,42.64439390516736,42.240448,train
2667,38.50444769785762,38.686096,train
6984,54.48981476457171,54.822727,train
8819,27.333982293279394,27.052523,train
9672,57.12333038923778,56.897243,train
5281,92.33570202451632,92.76569,train
7605,148.82757757512883,148.81853,train
2535,11.818872791868523,12.088556,train
6058,70.13557868690133,70.09186,train
1272,26.832928330730127,26.695795,train
527,31.4837449181509,32.089603,train
8977,69.20177964841314,69.44348,train
4184,76.86032352211669,76.53853,train
5482,5.091939691204205,5.0684266,train
8602,20.98746498918131,20.961502,train
2244,45.080962845763935,44.189663,train
3037,45.95204798649222,46.02048,train
6835,69.71062345978,69.98529,train
9515,64.15740236185155,64.393555,train
3374,43.08766775675223,43.296516,train
542,40.58610800720655,40.49315,train
7705,76.10966096775293,76.412445,train
8772,26.32965646643661,26.663666,train
3699,74.69819737409927,74.51234,train
3818,44.27268123238265,44.40503,train
6320,36.210240125305205,36.41235,train
2389,14.205163328674734,13.657285,train
641,52.42282758556679,52.175507,train
3743,41.19267142522618,41.89192,train
9695,64.70114627251759,64.84067,train
3876,62.97172274000302,63.28987,train
8680,38.19733383832723,38.725758,train
8438,73.5169788308657,73.20379,train
578,57.94552901210703,58.178608,train
6079,11.995381875606553,11.821166,train
247,19.150990033213944,18.87624,train
678,51.334066206546574,51.843777,train
7944,56.02179798422955,56.114025,train
6379,46.20624283129268,46.184517,train
1038,20.74860480317913,20.649357,train
909,32.321144147753046,32.70211,train
1001,17.54994350577995,17.42793,train
3891,67.54477945349723,67.655624,train
5207,93.24564903744712,92.65315,train
6474,7.2934946365854145,7.5434256,train
2516,56.27923081040397,56.592594,train
6386,49.19054255336955,49.485973,train
9133,78.16737146241204,78.04415,train
8739,66.62708274696202,66.88533,train
9500,58.87425460454851,58.964428,train
7741,76.67590826543987,76.54938,train
8825,28.47584423013329,28.371395,train
1539,55.24750408842497,55.8032,train
6188,29.64536869515821,29.156084,train
2191,38.74234435378403,38.92368,train
8448,72.29320847026757,72.17695,train
9524,69.76902573826007,69.928276,train
7375,47.60983436719194,47.996365,train
5093,74.57648935728871,74.25024,train
4192,75.46351541383811,75.26665,train
9000,62.728531916763785,62.657196,train
4343,28.7876459530247,28.772667,train
5275,91.77117363602072,91.54766,train
5353,11.601252443803698,11.416719,train
6657,18.24242596386917,18.486837,train
451,11.662622831790223,11.518087,train
7403,64.0803395705165,64.08086,train
5853,80.38417842857004,80.115845,train
2946,43.45206887144879,43.453445,train
7824,23.136574168441147,22.813229,train
3685,70.45262976078712,70.38508,train
6894,24.96836518101789,24.829912,train
3994,23.10577014586598,22.72847,train
9292,35.297617310404256,35.499466,train
530,35.8081459962377,35.649097,train
5055,56.659382706568096,56.88229,train
2550,13.137035705017968,13.104401,train
2123,73.38377494672582,73.3194,train
5681,106.73359104233614,107.11159,train
3659,59.96410273050301,58.905792,train
6875,21.641072027966302,22.169823,train
2081,52.35079998184644,52.300205,train
4951,42.87693420783952,42.601055,train
497,20.95239714368224,20.950771,train
9207,11.253266198557393,11.103789,train
7473,21.104381820909456,21.102982,train
8637,26.65121517352357,26.71552,train
8547,86.00802491357506,85.75845,train
9408,28.513269417688846,28.945015,train
6170,23.48793461229637,23.918213,train
2161,39.0547337639536,39.189804,train
9678,60.70259297074817,61.29712,train
2491,45.29905670360103,45.035664,train
879,23.72373029787332,24.541992,train
3829,46.35846082077317,45.59451,train
4622,39.37396909135014,39.390507,train
6911,29.406568716475963,28.904636,train
8269,20.876831778519826,20.938316,train
7696,77.50351307331591,77.30901,train
8139,89.83454371793471,89.538185,train
3558,53.584944988599865,53.06181,train
7159,46.22699972172253,45.933716,train
6131,15.32505155793123,15.092166,train
5241,89.71465856252216,90.340775,train
1481,32.598323805815355,32.206017,train
4026,31.3952961586681,31.08966,train
4294,86.46661268195652,86.23712,train
5613,31.749664310570285,31.704,train
3946,14.944624315127582,14.770589,train
3254,39.82547873669989,39.99304,train
5011,45.89202024796605,45.571327,train
5116,146.55486384356334,146.59839,train
2442,25.51789125655092,25.256386,train
3751,40.257908447982594,40.5307,train
1468,26.46800705774784,26.878944,train
4141,88.28473895319611,88.60775,train
8231,11.549535252517238,11.466031,train
7329,31.85415326143481,31.313904,train
3899,72.45802892437682,72.09662,train
7060,21.31754547210954,20.720684,train
4519,26.72477238199726,26.762897,train
8864,36.89583258795231,36.745155,train
7415,13.35096351227492,14.01281,train
2715,64.20508504671946,64.0843,train
2297,60.376848442270685,60.35877,train
6505,10.455577179377302,10.812182,train
5405,24.12705487818204,24.217333,train
1745,57.71719116717853,57.668613,train
3011,40.89493314975076,40.62769,train
5660,51.97277860724665,52.694298,train
5536,10.08763188618742,10.02376,train
4917,49.932213400866985,49.405884,train
3709,79.05853392344162,79.213066,train
5500,5.7073476784978805,5.764668,train
8167,4.591357452261001,4.5382957,train
4348,28.7876459530247,28.712069,train
9146,81.83669393813297,81.757515,train
344,47.8752142649167,48.210556,train
4199,75.46351541383811,75.53894,train
6760,35.291818684332966,35.03182,train
1222,14.49986413953364,13.997561,train
5407,24.12705487818204,24.076006,train
9262,23.601878269200103,23.66898,train
2319,73.95193879191451,74.00322,train
6289,36.41164086407028,36.220314,train
8655,31.78624470110975,31.687534,train
8698,46.05279922808826,46.141888,train
7203,64.9995160823615,65.058464,train
289,27.133896018289327,27.530828,train
1423,18.315021103979053,18.241396,train
9644,48.98294327716477,48.2647,train
9205,9.639758262038976,9.667682,train
3738,41.19267142522618,40.719536,train
5867,83.18520635490366,83.71978,train
6006,51.56721782835394,51.447742,train
4607,34.003423250135334,33.833305,train
8133,89.38401259047933,89.56004,train
165,47.18792608651206,47.06592,train
5952,46.16640159983851,46.100044,train
8720,55.50750396672584,55.81148,train
475,15.707873555388897,15.742763,train
6338,38.05130976592272,38.155552,train
4205,74.59089711105786,74.242424,train
7619,121.93978085807994,121.71604,train
2709,64.20508504671946,63.95293,train
2265,50.06812082695872,49.4218,train
7119,32.98232473760113,32.64324,train
7458,19.34715525293678,19.302822,train
9225,13.122690726014152,13.313358,train
9558,46.321532277120944,45.867794,train
8731,60.86470279221393,61.243763,train
1174,7.500740525635853,7.5994134,train
281,27.133896018289327,26.891897,train
1424,18.315021103979053,18.177208,train
3873,58.80362810770437,58.795074,train
5160,112.90513573952586,113.449524,train
5398,20.982552337282897,21.002398,train
2532,11.818872791868523,11.895603,train
2929,45.55901491491564,45.898113,train
4392,31.4947609089151,31.486235,train
1596,6.328904784352407,6.3512444,train
8324,40.44917533424408,40.457413,train
2250,47.39132880100697,48.359093,train
9248,20.48518085914746,20.455927,train
4330,30.391747595902384,30.631214,train
3986,20.95823822579033,20.91073,train
6949,41.83122075031758,41.422337,train
2703,58.20123238702953,57.933678,train
1179,7.500740525635853,7.7743506,train
6588,33.523613372673765,33.024498,train
860,21.58318403060131,21.235638,train
8284,24.001378700581864,24.479792,train
8235,11.549535252517238,12.153572,train
3329,50.356769966363984,50.837147,train
566,51.62368232987836,51.637875,train
8290,27.49317714760065,27.632505,train
938,44.62685449100115,44.800537,train
7444,16.45072988245353,16.531694,train
5259,90.1171147731606,90.13064,train
8154,90.55535075755104,90.389336,train
4095,64.16665709294357,63.9356,train
7711,75.36873222882375,75.2938,train
9633,47.133068609098046,46.91464,train
503,24.08255825230725,24.038376,train
794,15.07868577169545,15.027074,train
9270,27.09140763603464,27.04019,train
7439,16.45072988245353,16.339115,train
5453,45.97882787803568,45.847897,train
4287,84.17406753255614,83.970406,train
8676,38.19733383832723,37.703297,train
8090,92.49960703964835,92.22718,train
9091,64.01007406503007,64.66113,train
2713,64.20508504671946,64.15759,train
5598,24.29149336117945,24.499432,train
3090,63.31482432217717,63.256165,train
4001,23.10577014586598,23.310768,train
6852,19.4356761819613,19.477476,train
7411,13.35096351227492,13.6468935,train
8746,29.365339437277093,29.124777,train
922,40.07578418861009,39.8334,train
9259,23.601878269200103,23.498327,train
4181,76.86032352211669,77.22184,train
5900,62.25633543844163,62.525593,train
2473,36.17425134293541,36.157272,train
5054,56.659382706568096,56.501312,train
4689,65.71211047881111,66.003555,train
7768,82.37603782782935,82.54837,train
1602,7.630233866920396,7.646286,train
8569,16.510456846670284,16.514978,train
5676,65.16757490992121,65.157776,train
9725,78.52239260692045,78.793274,train
1435,19.88254698172465,20.01987,train
3963,16.095344812438785,16.51486,train
6032,57.60964815073893,56.92885,train
434,8.643886071116775,8.686284,train
7570,55.29965642696082,55.077797,train
3810,42.57735025578194,42.262245,train
9482,49.47664412753195,49.420567,train
4977,42.16214720311456,42.432354,train
5953,46.16640159983851,45.802498,train
5290,92.33570202451632,92.263535,train
4552,26.7937603324987,26.676,train
1299,33.80632160791412,34.720737,train
8818,27.333982293279394,27.28705,train
4682,65.71211047881111,65.27739,train
4241,76.01605659237786,75.76362,train
7054,20.126200689915567,20.472292,train
3587,50.81546319889285,51.12358,train
3211,28.031486406087428,27.633493,train
5769,71.2717510610775,71.48145,train
9002,60.4491784254586,59.87079,train
2043,36.55766700416237,36.5999,train
225,16.580442267821432,16.418291,train
6959,45.72552663345777,45.415207,train
6973,49.94592883127101,49.800755,train
6897,27.04644560007453,27.02096,train
9423,30.475247391823903,30.257662,train
3209,28.031486406087428,27.759287,train
8462,71.5126952436544,71.74548,train
9471,45.377471796299,45.2559,train
743,65.82792957452513,65.76495,train
8035,117.40677602978512,117.25739,train
2564,14.110193568812534,14.033103,train
6803,52.61583395623445,52.916492,train
7132,35.822770102044714,35.749554,train
2223,41.522611277483854,41.131477,train
6369,43.604537301970495,43.40012,train
9527,53.4781688706144,53.750633,train
406,5.704550507054627,5.736394,train
4680,60.186503046491815,60.701374,train
7348,38.89758247257099,38.79447,train
7797,21.670238166153503,21.78331,train
75,16.98227570806444,16.869556,train
1441,21.75373160312757,21.057756,train
4753,41.70839840464368,41.789352,train
8473,71.91030133184738,71.993835,train
3168,21.915201151198968,22.033342,train
4461,52.60069880564436,51.781548,train
2755,84.68966957236185,85.1025,train
1479,29.346331511874943,29.900896,train
6445,69.76848318728358,70.2631,train
9645,48.98294327716477,49.690495,train
1495,36.2454236303737,36.66125,train
6899,27.04644560007453,26.910934,train
936,44.62685449100115,44.780293,train
4367,28.73050158168696,28.757051,train
5386,18.182353085699454,18.111586,train
1366,14.840385695764422,14.473792,train
7141,38.96541114737861,38.63229,train
5629,36.10097699362129,36.72222,train
8132,89.38401259047933,89.34976,train
8138,89.83454371793471,90.10416,train
7773,82.37603782782935,82.32387,train
6705,20.909816172153874,21.140907,train
4892,77.68275834818854,77.53504,train
2450,28.69992256061815,28.271755,train
2209,40.259092491267545,40.399624,train
8911,52.266178199274464,52.67596,train
7644,96.52331812388518,96.95672,train
4505,27.4987848462116,27.373001,train
202,14.853773920970784,14.775929,train
703,54.721475257382544,54.658524,train
2108,62.34247227541656,62.295864,train
2459,32.24368576562934,31.564264,train
1948,19.218975308854805,19.474504,train
1353,63.82957422309615,63.79081,train
6333,36.94310571922444,36.910618,train
6169,23.48793461229637,23.776346,train
5027,47.90717594953969,48.20499,train
407,5.704550507054627,5.736394,train
8667,34.82175318262301,34.74887,train
4069,47.54319352377593,47.56482,train
4144,88.28473895319611,89.09932,train
6859,20.393631102532147,20.252554,train
445,10.035121137450265,10.09911,train
547,40.58610800720655,40.559006,train
492,20.95239714368224,20.83969,train
3274,48.193847475870776,48.12794,train
8328,45.6948550475064,45.636612,train
6574,26.099438373019023,26.401834,train
1846,23.49527343749657,23.655628,train
9267,27.09140763603464,26.925854,train
8110,89.83219912234955,89.697296,train
6598,37.85744042223983,37.466576,train
4666,55.11750370348744,55.01002,train
3063,51.49946671208665,51.402416,train
523,31.4837449181509,31.618341,train
6494,9.221822808764502,9.648783,train
4399,31.4947609089151,31.083406,train
5282,92.33570202451632,92.65325,train
6321,36.210240125305205,36.429653,train
1679,23.65424941823527,24.17284,train
4060,42.89566569384836,43.138493,train
2327,73.95193879191451,74.38924,train
372,62.955894941680654,63.055912,train
9440,35.37397145960927,35.076946,train
5628,36.10097699362129,36.20327,train
4855,59.46582112338208,59.604378,train
1093,34.38777831006773,34.369125,train
4065,47.54319352377593,46.931732,train
6869,21.641072027966302,21.47142,train
4242,76.01605659237786,75.771194,train
666,51.178876353782414,51.516422,train
3229,33.153402970715014,32.667812,train
1827,18.66517816301845,19.087248,train
8534,83.53755060546025,83.82298,train
7680,79.60001023359403,79.32544,train
4774,41.991429304893686,41.886444,train
7418,14.243709536497072,13.963416,train
2401,15.930270377937108,15.372222,train
7320,28.909682910100816,28.719,train
4963,42.30109028988361,42.600647,train
1796,13.224779920186323,13.0338955,train
2705,58.20123238702953,58.086414,train
4331,29.39069021010772,29.73158,train
3827,46.35846082077317,46.1563,train
1369,14.840385695764422,15.00373,train
7309,26.32473367367253,26.176203,train
7410,13.35096351227492,13.482631,train
3838,48.84487411254294,48.591278,train
7484,23.09583172212638,23.707096,train
3047,48.49994200119764,48.766994,train
5590,21.13272585910589,21.458408,train
2603,20.35011655324132,20.556982,train
4105,111.93267880814516,111.33522,train
3175,21.915201151198968,22.01625,train
4222,74.34851013209767,74.61117,train
1219,12.746987748176158,13.475322,train
6119,14.063861465039476,13.899268,train
6492,9.221822808764502,9.3164015,train
8015,133.10289781802356,133.46901,train
7407,13.35096351227492,13.982987,train
937,44.62685449100115,44.780293,train
1282,30.153068904468267,29.831194,train
6467,7.2934946365854145,7.2455897,train
3043,45.95204798649222,45.54753,train
1394,15.325832135230971,15.668147,train
7970,71.5704557201866,71.499405,train
5715,87.33841255063824,87.21262,train
1717,40.30436750873707,40.71956,train
1158,61.1611141293481,61.339497,train
8310,35.68789960785091,35.858093,train
7660,86.16482955753006,85.74948,train
9601,44.142694958025146,44.37791,train
3831,46.35846082077317,45.872726,train
5136,127.16182006600462,128.5914,train
2205,39.33265262833491,39.398308,train
8230,11.549535252517238,11.476716,train
1542,61.21209743760832,61.114834,train
8465,71.5126952436544,71.6111,train
1008,17.54994350577995,17.62648,train
1624,10.866181576136574,10.8464775,train
8744,29.365339437277093,29.058657,train
7592,66.87001827651024,67.21509,train
8100,90.8660920550722,90.772964,train
2802,69.85807623634659,69.72777,train
552,45.847583591803016,45.661972,train
4914,49.932213400866985,50.417927,train
8053,105.86133971445166,106.15292,train
1868,29.50350743814052,29.93481,train
8903,52.266178199274464,52.09315,train
1321,46.97639691288464,46.677402,train
1433,19.88254698172465,19.719122,train
7240,16.975732746562212,16.870829,train
3740,41.19267142522618,40.950455,train
5456,45.97882787803568,46.186905,train
1203,11.18791207232073,10.912795,train
314,36.03232429587871,36.03047,train
4748,42.19129004147142,42.131912,train
4366,28.73050158168696,28.7892,train
5624,36.10097699362129,36.03951,train
6979,54.48981476457171,54.063644,train
8048,105.86133971445166,105.73594,train
944,49.65683893332355,49.554943,train
5888,69.43701604268931,69.56312,train
796,15.07868577169545,15.14152,train
2286,56.555790586714224,56.663837,train
4021,28.30389810587354,28.341259,train
1723,45.58658638504512,45.426754,train
3845,51.74227308385,51.391502,train
3613,51.237069373284655,51.498894,train
3343,47.64390488072358,47.082314,train
8240,13.453543317986504,13.281009,train
4062,42.89566569384836,43.580364,train
4980,42.4526762770214,42.52299,train
8920,57.33334725094892,57.46571,train
9243,17.71581600660093,17.785784,train
5182,98.77373433068,98.83081,train
4146,88.28473895319611,88.64769,train
418,6.495546871407703,6.530279,train
8252,15.627250818874538,15.543523,train
1588,5.212225480475277,5.3511715,train
9649,51.2628129982388,51.501247,train
631,53.87988875437848,53.513798,train
2530,11.818872791868523,11.810411,train
5212,91.48707426187316,92.20121,train
7794,21.33822320763908,21.431692,train
5967,45.64933795175344,45.74577,train
8445,72.29320847026757,72.354675,train
9503,58.87425460454851,58.751347,train
5101,173.02629337346764,172.47208,train
62,15.408132507053764,14.972684,train
3572,52.18837923715673,51.72734,train
3719,44.33840586431928,44.84471,train
4620,36.49519330636368,37.66439,train
8785,26.05297410894394,26.245012,train
4046,38.66939548382394,38.462162,train
8367,102.11244006090304,101.98945,train
2782,73.67669133829504,74.5295,train
6346,39.53055859179817,39.140163,train
7709,75.36873222882375,75.97108,train
3758,39.714588712138834,39.71342,train
1264,23.82470993800484,23.720303,train
7051,20.126200689915567,19.659782,train
4573,28.68346680081509,28.660131,train
69,15.408132507053764,15.525863,train
4196,75.46351541383811,75.14789,train
5573,18.321105476597847,18.235231,train
3295,58.38918889666684,58.638527,train
5924,52.60873127102636,53.472893,train
310,36.03232429587871,35.599953,train
8491,72.80691569376961,73.136475,train
7641,96.52331812388518,95.86428,train
1699,31.14310306496106,31.565065,train
6904,27.04644560007453,27.333845,train
6534,15.48067471487008,15.755215,train
6700,20.909816172153874,20.996622,train
2407,15.930270377937108,16.231705,train
3097,68.18944750337921,68.17764,train
170,52.780543305921256,52.439423,train
3615,52.104444542417454,52.223824,train
2295,60.376848442270685,59.94412,train
2745,90.12007930803716,90.1622,train
4557,26.7937603324987,26.606731,train
3350,45.56874045695812,45.28616,train
3312,70.3977760015761,70.31857,train
2819,68.37372704417407,68.52254,train
9405,26.85898557743944,26.564793,train
968,61.22563174930349,61.461388,train
1689,27.203714615567623,27.632204,train
8759,27.96885187619396,27.988878,train
4600,31.8813592557466,32.51114,train
8533,83.53755060546025,83.93915,train
6274,38.91834885517143,38.62413,train
8498,74.18155972707093,73.78012,train
6785,43.12658410812266,43.70764,train
5537,10.08763188618742,10.02376,train
2206,39.33265262833491,39.29102,train
7291,22.16279124005809,21.704206,train
3466,59.05995042413533,58.863117,train
5189,98.77373433068,99.07818,train
837,17.08153188674368,16.759348,train
861,21.58318403060131,21.23951,train
1988,22.658950964078755,22.723936,train
3597,50.80634979191847,50.991493,train
8295,27.49317714760065,27.558607,train
5339,8.498890313327536,8.698191,train
4356,28.56972261158429,28.765163,train
8152,90.55535075755104,90.440315,train
9381,24.43457187610008,24.360023,train
6504,10.455577179377302,10.787328,train
4865,63.535008761946855,63.543823,train
6761,35.291818684332966,35.16842,train
7770,82.37603782782935,82.492455,train
5375,15.701361056258303,15.583171,train
4448,44.27084024557077,44.214245,train
2621,25.086389603284896,24.974457,train
905,32.321144147753046,32.370914,train
5515,7.487039441710785,7.309674,train
6579,29.61361194980204,29.446188,train
4391,31.4947609089151,31.533953,train
1304,37.81401499146663,37.894005,train
1749,57.71719116717853,58.085163,train
9536,53.4781688706144,53.56554,train
955,55.18556761084572,55.268105,train
3111,73.44849628959864,73.41825,train
1797,13.224779920186323,13.556868,train
3799,41.26333268116094,40.787853,train
6858,20.393631102532147,20.496132,train
2691,52.629996172572376,52.41487,train
7495,25.34338762867145,25.876469,train
1465,26.46800705774784,26.622145,train
7301,24.08136518403247,24.205809,train
7465,19.34715525293678,19.613302,train
9210,11.253266198557393,11.282695,train
7532,37.34981601437241,37.466213,train
1599,6.328904784352407,6.3533874,train
4139,92.83718812970534,92.61801,train
6038,61.34974693767026,61.019157,train
3888,67.54477945349723,67.522194,train
3662,59.96410273050301,59.897797,train
9110,66.92157804062985,67.73386,train
2696,52.629996172572376,52.46838,train
7042,19.118177702829986,19.181042,train
5871,85.74446614598416,85.57272,train
4076,52.63105760281615,52.17253,train
8199,7.23635652187556,7.167858,train
3900,72.45802892437682,72.434875,train
6466,7.2934946365854145,7.2455897,train
6940,38.259699949941485,37.942078,train
5648,46.18443363933325,46.16319,train
2411,17.90207642534986,17.289839,train
5844,77.76166202298738,77.661934,train
3009,40.89493314975076,40.790455,train
2138,78.7976489697884,78.640305,train
7070,22.701604648528324,22.426514,train
2071,47.871591931834594,47.900906,train
1523,49.78801809915476,49.82077,train
2222,41.522611277483854,41.141182,train
2648,31.08635774141885,31.848536,train
8029,117.40677602978512,118.309944,train
7338,35.17697816276893,35.091858,train
4452,48.18738999708176,47.7654,train
4773,41.991429304893686,41.85862,train
3749,40.257908447982594,40.091564,train
4576,28.68346680081509,27.837234,train
8122,89.35596223722666,89.316376,train
1142,55.618307516984494,55.55657,train
26,11.773396922197788,11.831127,train
4553,26.7937603324987,26.772444,train
9675,57.12333038923778,57.74789,train
3284,53.0572412164186,53.745617,train
1392,15.325832135230971,15.401137,train
8242,13.453543317986504,13.517448,train
2003,26.100293358639703,26.01378,train
2406,15.930270377937108,16.449894,train
6656,18.24242596386917,18.447672,train
6255,58.01546805593058,58.46299,train
1237,16.464863572722376,16.622587,train
4561,27.580488890378103,27.750408,train
8790,26.05297410894394,26.26723,train
2306,64.57695773677871,64.402985,train
9203,9.639758262038976,9.667682,train
6509,11.895866643063426,11.606579,train
461,13.546498854976594,13.537455,train
2521,62.515922349411625,62.253098,train
7038,19.118177702829986,19.168682,train
5115,146.55486384356334,146.35083,train
4029,31.3952961586681,30.780254,train
384,68.65315573513477,68.66852,train
3232,33.153402970715014,33.34641,train
2678,42.79470733737052,43.29073,train
2052,39.98048851614654,40.459625,train
7003,64.47891927372373,64.14764,train
6682,18.87926170835041,18.92071,train
2525,62.515922349411625,62.579037,train
9161,5.351857896040902,5.2994432,train
7202,64.9995160823615,65.00344,train
6549,20.15248715168677,20.232016,train
9271,27.09140763603464,27.16071,train
7164,46.22699972172253,46.58949,train
7155,42.42789452698618,43.23586,train
6136,16.886178376835435,16.727386,train
4987,42.4526762770214,42.626194,train
5527,8.676840647825152,8.765202,train
2721,104.51843038336918,104.50462,train
5970,45.64933795175344,45.788788,train
7387,58.12884889469646,57.7303,train
250,20.77359420729444,21.025845,train
9692,64.70114627251759,64.40444,train
1580,5.212225480475277,5.198718,train
6323,36.210240125305205,36.26557,train
9650,51.2628129982388,50.882557,train
6537,17.669242814490573,17.256771,train
4984,42.4526762770214,42.562443,train
2352,9.359426092702076,9.233251,train
327,39.63341268926196,39.87522,train
3357,44.06518747198716,43.94322,train
3384,42.60532086197436,42.886776,train
2155,39.9122322296036,39.631474,train
6358,41.380738858681696,41.855495,train
4232,74.95067169957674,74.77468,train
3220,30.407567779885905,29.76171,train
3365,43.08766775675223,43.3148,train
8215,8.462152429232523,8.719154,train
2747,90.12007930803716,89.942986,train
6113,13.096324205092191,13.310655,train
1535,55.24750408842497,55.4565,train
2801,69.85807623634659,69.580345,train
3039,45.95204798649222,45.643433,train
9234,15.26942589060463,15.327156,train
124,29.74051248250902,29.524818,train
349,47.8752142649167,48.348232,train
6686,19.72686773316085,19.756815,train
162,47.18792608651206,46.841106,train
8362,110.28871787139632,109.83259,train
2000,26.100293358639703,26.318947,train
343,47.8752142649167,48.039837,train
6992,59.34443405671068,59.40307,train
7391,58.12884889469646,58.48812,train
2646,31.08635774141885,31.07442,train
1467,26.46800705774784,26.730762,train
7330,31.85415326143481,31.64357,train
8566,16.510456846670284,16.491026,train
7101,28.13673861098185,27.643661,train
6084,11.995381875606553,12.278808,train
8813,27.333982293279394,27.350277,train
7174,50.37757456342593,50.929745,train
892,29.07243954885766,28.720251,train
5487,5.091939691204205,5.0885606,train
1996,24.237902567050384,24.039734,train
8467,71.5126952436544,71.35096,train
7081,24.290144191582872,24.129154,train
351,52.53837345661387,52.33716,train
4747,42.19129004147142,42.181664,train
374,62.955894941680654,63.236393,train
4840,55.81576581046008,55.95408,train
999,16.913554365993143,17.166218,train
8860,34.18388843945615,34.340183,train
7597,148.82757757512883,147.5275,train
3383,42.60532086197436,42.681007,train
1656,17.620308438619823,17.688793,train
8345,51.45864447841361,51.99409,train
6175,23.48793461229637,23.987747,train
5813,72.14804534278407,72.04094,train
4633,42.65782617511943,42.272064,train
4206,74.59089711105786,74.54033,train
5113,158.73631998820795,158.56602,train
9669,57.12333038923778,57.488194,train
3554,53.584944988599865,53.128483,train
4068,47.54319352377593,47.498158,train
168,47.18792608651206,48.179783,train
3178,22.96300215722337,22.895166,train
1898,41.15828962279588,41.48409,train
5919,52.60873127102636,52.426014,train
6407,56.318371719458256,56.119026,train
9468,45.377471796299,45.170757,train
8065,101.40176125573278,101.20675,train
9353,22.96251160331823,22.92647,train
1157,61.1611141293481,61.123787,train
8834,29.98939864814341,30.04636,train
3886,67.54477945349723,67.50357,train
2151,39.9122322296036,39.635036,train
3794,41.26333268116094,41.401127,train
7767,82.37603782782935,82.601555,train
2655,34.608236450110745,34.35907,train
5154,112.90513573952586,112.54027,train
5841,77.76166202298738,77.94576,train
2602,20.35011655324132,20.414698,train
3183,22.96300215722337,22.652517,train
4116,104.53191002397112,104.71401,train
3250,39.82547873669989,39.931026,train
4637,42.65782617511943,42.215603,train
5065,60.49974856985286,60.280613,train
1706,35.50021419741392,35.581654,train
4445,44.27084024557077,44.23946,train
8141,89.83454371793471,89.70637,train
4532,26.14372026492268,26.51106,train
8214,8.462152429232523,8.715075,train
3634,55.15121777774252,55.450775,train
4693,71.63382197447152,71.45164,train
6738,29.044398074352745,28.78415,train
2604,20.35011655324132,20.182676,train
8427,75.33592393483191,74.63123,train
5224,90.34178504057668,90.35417,train
91,21.046615126723125,20.633768,train
8459,71.63339382759735,71.54842,train
331,43.57674488134622,43.138287,train
8286,27.49317714760065,27.264196,train
2668,38.50444769785762,38.698456,train
3877,62.97172274000302,62.226917,train
8115,89.83219912234955,89.78743,train
1075,28.596873846248613,28.596487,train
1866,29.50350743814052,29.84339,train
4052,38.66939548382394,39.087,train
4995,43.16995161573335,43.26185,train
6825,63.69862808262341,64.07882,train
7472,21.104381820909456,21.070972,train
2345,8.56427601572387,8.751524,train
3895,72.45802892437682,72.394264,train
2433,22.67323124124311,23.097002,train
5741,76.30890117399417,75.83946,train
4966,42.30109028988361,42.501976,train
3023,42.16075780063652,42.053703,train
9528,53.4781688706144,53.725178,train
9663,53.97577549827576,53.60382,train
5474,58.16441612968519,58.057663,train
5855,80.38417842857004,80.28412,train
6767,39.00509400022551,38.478245,train
1615,9.135860967288092,9.098537,train
6500,10.455577179377302,10.34429,train
3580,51.27183872069076,51.503216,train
8192,6.195413006081358,6.200027,train
2022,30.70592042906157,30.457867,train
8544,86.00802491357506,85.675,train
7549,45.49093035361841,45.279617,train
1257,21.10753296824097,21.659784,train
6621,47.9150270565331,48.01225,train
1010,18.39258389219694,18.321054,train
3960,16.095344812438785,15.99914,train
7637,103.4659443059241,103.199295,train
2050,39.98048851614654,40.227383,train
4601,34.003423250135334,34.426888,train
5156,112.90513573952586,113.37386,train
3924,13.263296413219944,13.093422,train
9315,45.337607508895246,45.559776,train
2416,17.90207642534986,18.325827,train
6395,49.19054255336955,49.869045,train
4272,81.70522876686431,81.94426,train
3020,42.16075780063652,42.00288,train
4709,48.84658906801016,49.177395,train
7505,27.8694620307488,28.098015,train
1914,50.99059738000766,50.766186,train
6906,29.406568716475963,29.456257,train
2444,25.51789125655092,25.434652,train
9098,64.01007406503007,64.22799,train
199,65.65020509765029,65.71776,train
4504,27.4987848462116,27.243292,train
453,11.662622831790223,11.496396,train
5816,72.14804534278407,72.366,train
1960,20.345033900190963,20.31229,train
7052,20.126200689915567,19.988506,train
8681,38.19733383832723,38.554733,train
877,23.72373029787332,24.209625,train
5378,15.701361056258303,15.475058,train
2645,31.08635774141885,31.367994,train
308,32.758928032663164,32.776608,train
2415,17.90207642534986,18.415813,train
8782,26.05297410894394,26.374857,train
266,22.636112508681865,22.626875,train
6337,38.05130976592272,38.015686,train
5245,89.71465856252216,89.97737,train
8857,34.18388843945615,34.18115,train
3693,70.45262976078712,71.034454,train
5619,31.749664310570285,32.07645,train
2657,34.608236450110745,34.909454,train
6668,18.37697354963854,18.443598,train
522,31.4837449181509,31.648325,train
6753,31.975861991771684,31.99454,train
1362,14.840385695764422,14.585716,train
6618,47.9150270565331,47.591976,train
9592,44.00424827634543,44.67626,train
37,12.311123452022672,12.073794,train
6324,36.210240125305205,36.459034,train
2084,52.35079998184644,51.908566,train
4455,48.18738999708176,48.09501,train
2815,68.84101050877996,69.116615,train
5797,70.69836122667067,71.24262,train
6888,24.96836518101789,24.973396,train
426,7.469930006749854,7.720678,train
8307,35.68789960785091,35.510418,train
6874,21.641072027966302,21.625834,train
1418,17.038797527529596,17.481718,train
9429,32.757479265983406,32.700638,train
472,15.707873555388897,15.749637,train
4676,60.186503046491815,59.84349,train
7675,82.46109517072738,82.11633,train
2188,38.49172622988656,38.874084,train
1867,29.50350743814052,29.65928,train
7863,29.24597298712641,28.757088,train
8014,133.10289781802356,133.69798,train
2903,81.68034630091823,81.55101,train
8311,35.68789960785091,35.790874,train
8155,90.55535075755104,90.3637,train
2217,40.259092491267545,40.242413,train
8573,17.343211285051705,17.397879,train
3465,59.05995042413533,58.940395,train
1558,67.67807296886593,67.836395,train
5158,112.90513573952586,113.08105,train
5776,71.2717510610775,71.58487,train
6149,18.757694196337685,18.59493,train
4453,48.18738999708176,48.00475,train
2913,84.55415018616966,84.6845,train
7949,60.909817691377626,60.537125,train
2251,47.39132880100697,47.895924,train
9384,24.43457187610008,24.410877,train
205,14.853773920970784,14.814821,train
7969,71.5704557201866,71.25071,train
1504,40.31028940315537,40.61312,train
2494,45.29905670360103,45.34524,train
1970,21.36043408888519,21.214216,train
7025,75.23965918699078,75.64929,train
4238,74.95067169957674,75.33165,train
5373,15.701361056258303,15.583171,train
3645,57.33567960931472,58.063824,train
5762,72.36566593741946,71.79325,train
4962,42.30109028988361,42.2916,train
2189,38.74234435378403,38.68799,train
264,22.636112508681865,22.667095,train
4071,47.54319352377593,47.774086,train
6708,22.42665956361704,22.498562,train
5211,91.48707426187316,91.484245,train
402,5.704550507054627,5.652555,train
5219,91.48707426187316,91.341644,train
2659,38.50444769785762,38.12685,train
8221,9.892928038988636,9.800519,train
9388,25.501940669626595,25.687063,train
9344,23.081292008810937,23.177862,train
5276,91.77117363602072,91.57762,train
4700,71.63382197447152,72.15667,train
1611,9.135860967288092,9.185966,train
9513,64.15740236185155,64.673294,train
5930,49.56838968278535,49.02494,train
8576,17.343211285051705,17.301876,train
179,52.780543305921256,53.65344,train
8479,71.91030133184738,72.081894,train
2075,47.871591931834594,47.38202,train
800,15.174151766060591,15.009398,train
5097,74.57648935728871,74.84633,train
5882,78.77344906209804,78.49183,train
220,16.580442267821432,16.50318,train
9204,9.639758262038976,9.667682,train
1306,37.81401499146663,37.764618,train
1406,16.044385727383865,15.97446,train
9697,69.08590381003984,69.10848,train
3387,42.59809029081568,42.819397,train
8170,4.591357452261001,4.5481367,train
5583,21.13272585910589,21.003426,train
3789,40.32326339550391,40.035027,train
9676,60.70259297074817,61.157097,train
5279,91.77117363602072,91.47933,train
2230,43.12759497575015,43.634468,train
4397,31.4947609089151,31.210081,train
2743,90.12007930803716,90.26409,train
8480,71.91030133184738,71.98821,train
6040,61.34974693767026,61.37917,train
5012,45.89202024796605,45.480225,train
8019,124.675830889654,124.176994,train
328,39.63341268926196,39.700687,train
872,23.72373029787332,23.598843,train
6986,59.34443405671068,59.04249,train
305,32.758928032663164,32.87806,train
2780,73.67669133829504,73.460175,train
5172,102.64150512184672,102.79078,train
930,44.62685449100115,44.31883,train
455,11.662622831790223,11.480701,train
6580,29.61361194980204,29.248058,train
1494,36.2454236303737,36.278175,train
8510,76.00671399435468,75.81638,train
2089,52.35079998184644,52.593414,train
6078,11.995381875606553,11.727046,train
1725,45.58658638504512,45.64785,train
366,57.56906951914832,57.666264,train
6085,11.995381875606553,12.18698,train
8670,34.82175318262301,35.188393,train
2871,73.5520442092406,73.275444,train
5870,85.74446614598416,85.49189,train
2877,75.94626538222178,76.36955,train
2886,75.94626538222178,76.36232,train
7659,86.16482955753006,86.56391,train
2171,38.59019696142197,38.716515,train
8986,65.62882424723186,65.44345,train
4225,74.34851013209767,74.57505,train
3238,36.28660390165627,35.77507,train
437,8.643886071116775,8.975477,train
2503,50.54520953102328,50.446842,train
7219,16.82566597126998,16.744284,train
7420,14.243709536497072,14.42287,train
5634,40.903222959927845,40.932323,train
4603,34.003423250135334,34.4342,train
4619,36.49519330636368,36.732254,train
2452,28.69992256061815,28.493761,train
2267,50.06812082695872,50.045425,train
8989,65.62882424723186,64.97687,train
500,24.08255825230725,23.81853,train
8633,26.65121517352357,26.579878,train
5188,98.77373433068,99.22612,train
2398,14.205163328674734,14.924742,train
6564,22.95430108855717,23.317274,train
7610,134.1049913560169,133.98286,train
4741,42.19129004147142,42.485817,train
5909,56.75820297103196,56.65503,train
9167,6.135513977166935,6.013627,train
5578,18.321105476597847,18.693647,train
6480,8.174317370228692,8.121385,train
543,40.58610800720655,40.513027,train
979,67.76582195473432,67.811356,train
9575,45.07158814655721,45.266186,train
2624,25.086389603284896,24.969137,train
8650,29.06965915816568,29.281693,train
2362,10.30229168567732,10.049756,train
5447,40.69167489137143,40.485107,train
8514,78.23957030362628,78.32436,train
9031,56.99655317923613,57.009212,train
7029,18.287084542985266,18.512121,train
7307,26.32473367367253,25.908058,train
4329,30.391747595902384,30.106047,train
1429,18.315021103979053,18.791553,train
9306,40.07261089859568,40.168114,train
3671,63.03546714128211,62.52332,train
6944,38.259699949941485,38.2627,train
4575,28.68346680081509,27.962759,train
4163,81.32847275704384,80.69679,train
3930,13.263296413219944,13.43136,train
5695,99.09191329711086,98.984795,train
3479,63.1680830874002,62.552135,train
3333,50.356769966363984,49.895855,train
2895,78.69801313043334,78.86721,train
1772,10.55089264296189,10.101392,train
441,10.035121137450265,9.930164,train
5340,8.498890313327536,8.694232,train
6375,43.604537301970495,44.069767,train
6419,60.456358375515045,60.215298,train
7771,82.37603782782935,82.27974,train
1303,37.81401499146663,37.464485,train
6218,41.86879361637958,41.592842,train
3737,41.19267142522618,40.736,train
8125,89.35596223722666,89.49822,train
6475,7.2934946365854145,7.486609,train
2354,9.359426092702076,9.368151,train
2456,28.69992256061815,28.78994,train
1747,57.71719116717853,57.923664,train
7308,26.32473367367253,26.167248,train
8220,9.892928038988636,9.867327,train
2337,78.79814514174707,78.742485,train
3700,74.69819737409927,74.32434,train
9374,23.6532273935958,24.148449,train
1853,26.34005571615316,26.031633,train
3570,52.18837923715673,52.003365,train
5685,106.73359104233614,107.64854,train
3474,59.05995042413533,59.47309,train
3914,12.71161501625575,12.694891,train
7735,75.68706198484644,76.18876,train
6455,74.77670776968583,75.163956,train
2119,67.78341198507376,68.04985,train
9580,44.30808172311328,44.101208,train
8435,73.5169788308657,73.53292,train
6447,74.77670776968583,74.49133,train
7706,76.10966096775293,76.292244,train
3727,42.54155576774366,41.980457,train
3483,63.1680830874002,63.383965,train
4018,28.30389810587354,27.884434,train
7975,71.5704557201866,71.58153,train
3882,62.97172274000302,63.08245,train
696,53.11407662346408,52.891403,train
640,52.42282758556679,52.50916,train
8703,50.57222671436466,50.27469,train
2079,47.871591931834594,48.199608,train
6035,57.60964815073893,57.84228,train
5798,71.1788904661776,71.15785,train
7999,154.1130580278585,154.11649,train
5452,45.97882787803568,45.847897,train
5430,31.554913159032687,31.999662,train
2971,39.87778416712277,39.89024,train
6895,24.96836518101789,25.088718,train
9142,81.83669393813297,81.78849,train
5246,89.71465856252216,89.646126,train
3533,61.0022870838277,60.891388,train
1627,10.866181576136574,10.8766,train
7916,43.465076893454565,44.29732,train
3080,58.90057362616971,58.43536,train
5971,45.64933795175344,46.014317,train
753,69.71997296559415,69.80041,train
3573,52.18837923715673,52.664143,train
3507,77.51462240012503,77.03216,train
9546,50.45573881082557,50.575645,train
4313,31.81177091074735,31.697195,train
2255,47.39132880100697,46.49414,train
5519,7.487039441710785,7.620456,train
584,71.98462739387922,71.39455,train
916,35.981448551423625,36.017693,train
6649,18.51668839022279,18.067783,train
57,14.11530105008021,14.080886,train
6647,18.51668839022279,18.46491,train
3936,14.004546189062298,13.860176,train
2231,43.12759497575015,43.34345,train
8748,29.365339437277093,29.177992,train
551,45.847583591803016,45.63354,train
3599,50.80634979191847,51.302204,train
8805,26.553718966906143,26.733273,train
7978,182.32680590471207,181.56389,train
5455,45.97882787803568,45.840782,train
3862,55.05988890318878,55.43384,train
6804,52.61583395623445,52.79854,train
8623,24.51074960846983,24.452536,train
7966,66.11854958927282,66.37882,train
2549,13.137035705017968,13.022737,train
5944,47.46331387653679,48.06772,train
9406,26.85898557743944,27.125032,train
799,15.07868577169545,15.130492,train
6489,9.221822808764502,9.28496,train
5508,6.50192593863681,6.535846,train
6048,65.54060841010474,65.114746,train
5335,8.498890313327536,8.483847,train
373,62.955894941680654,63.22149,train
4779,42.74093636440046,42.884583,train
4767,41.645435649307146,41.98826,train
7931,51.4820311150869,51.11652,train
6077,11.995381875606553,11.722809,train
1963,20.345033900190963,20.135387,train
7560,50.1770255008208,50.184547,train
8949,84.75295697575926,84.479645,train
8550,86.00802491357506,86.24803,train
5501,6.50192593863681,6.4237127,train
2076,47.871591931834594,47.264957,train
8373,95.27995050133204,95.31183,train
2293,60.376848442270685,60.814087,train
865,21.58318403060131,21.479404,train
8660,31.78624470110975,32.301674,train
9061,58.24175655774608,58.24113,train
482,18.16883094295837,18.121618,train
8519,78.23957030362628,78.068825,train
8521,78.23957030362628,78.22326,train
1646,15.086156273058206,15.11126,train
5914,56.75820297103196,56.877346,train
8895,47.70662944412462,47.589893,train
7702,76.10966096775293,75.90887,train
7882,33.9910948271814,33.16485,train
7719,75.23976726375669,74.97958,train
2522,62.515922349411625,62.143917,train
3277,53.0572412164186,52.84753,train
9065,58.24175655774608,58.10902,train
6811,57.9723445544333,58.15023,train
2195,38.74234435378403,38.90334,train
356,52.53837345661387,52.64475,train
8915,57.33334725094892,57.175114,train
493,20.95239714368224,20.81131,train
2272,53.12049932369545,51.990242,train
3582,51.27183872069076,51.298336,train
9180,7.099764588567615,7.009475,train
4279,81.70522876686431,81.77443,train
6203,33.30405815299064,33.537117,train
2107,62.34247227541656,62.101658,train
7803,21.670238166153503,21.712282,train
1995,24.237902567050384,24.172823,train
9276,27.09140763603464,27.42557,train
661,51.178876353782414,51.32592,train
6185,26.379385371737182,26.801527,train
7618,121.93978085807994,122.01907,train
184,58.92641435780302,58.930824,train
5033,50.36822432825774,50.136772,train
7883,33.9910948271814,33.848328,train
4078,52.63105760281615,52.565777,train
8472,71.91030133184738,71.86427,train
6261,64.26236510384142,64.38508,train
6105,12.421949679699392,12.656247,train
1528,49.78801809915476,50.32023,train
9298,40.07261089859568,40.07057,train
4580,28.68346680081509,28.665442,train
8067,97.72361435380132,98.470825,train
6524,13.563674534883573,13.865222,train
5963,45.5844800104469,45.53578,train
1776,10.55089264296189,10.421456,train
2012,28.253085186388866,28.437561,train
5381,18.182353085699454,17.968494,train
9371,23.6532273935958,23.602448,train
7090,26.096811792089195,25.875372,train
8654,31.78624470110975,31.838034,train
1832,20.944857525424137,20.975092,train
8916,57.33334725094892,57.392952,train
1773,10.55089264296189,10.101392,train
6771,39.00509400022551,38.79996,train
757,69.71997296559415,69.26338,train
1152,61.1611141293481,60.99521,train
5977,46.3112758194042,46.38172,train
4943,43.90289510018543,43.619183,train
4702,48.84658906801016,48.3401,train
2578,15.305078539047836,15.628845,train
6952,41.83122075031758,41.682533,train
6377,46.20624283129268,46.240288,train
5780,70.72326590407447,71.08142,train
8163,91.1828236948467,91.19536,train
2172,38.59019696142197,38.649113,train
9396,25.501940669626595,25.888767,train
4812,47.41366181194388,47.437588,train
8127,89.38401259047933,89.62491,train
2643,31.08635774141885,30.786999,train
7270,19.24035714391358,18.994844,train
9588,44.00424827634543,44.057766,train
2162,39.0547337639536,39.05768,train
8414,77.79019270718537,77.41909,train
6319,36.210240125305205,36.655922,train
2849,70.04973728656218,69.83402,train
1135,50.522632157242,50.337044,train
1665,20.46822680475041,20.518911,train
3519,64.73848377953358,65.05564,train
1133,50.522632157242,50.353966,train
4809,47.41366181194388,48.662228,train
9209,11.253266198557393,11.269506,train
777,78.3836967869071,78.60008,train
2537,11.818872791868523,12.247904,train
5391,20.982552337282897,20.701216,train
4986,42.4526762770214,42.632046,train
2248,45.080962845763935,45.665394,train
6833,69.71062345978,69.70791,train
86,18.85539645484105,19.228485,train
645,52.42282758556679,52.766655,train
7419,14.243709536497072,14.147443,train
4336,29.39069021010772,29.59626,train
644,52.42282758556679,52.04851,train
1334,52.16927260275215,52.12183,train
1081,31.32001812749096,30.682623,train
4712,46.391301744318085,45.72162,train
2285,56.555790586714224,56.31526,train
319,36.03232429587871,36.676235,train
2310,69.12845902908616,68.985,train
3147,20.72503526744455,20.832623,train
4854,59.46582112338208,59.67468,train
2227,41.522611277483854,41.365395,train
4270,79.44225220967748,79.39173,train
698,53.11407662346408,53.24147,train
8066,101.40176125573278,101.84078,train
8135,89.38401259047933,89.515495,train
6694,19.72686773316085,19.835844,train
4179,78.80500521273352,78.36733,train
6147,18.757694196337685,18.193468,train
4156,84.47098482884549,83.84892,train
6264,64.26236510384142,64.47427,train
5745,76.30890117399417,76.2222,train
7,11.37918153927572,11.580476,train
7763,80.10051029183403,80.0205,train
60,15.408132507053764,15.044878,train
4905,53.06450082892232,52.595253,train
8466,71.5126952436544,71.59392,train
833,17.08153188674368,17.148586,train
4935,45.39934030250557,45.48971,train
4203,74.59089711105786,74.88266,train
410,6.495546871407703,6.4181457,train
353,52.53837345661387,52.44791,train
840,18.27799290167712,18.622042,train
7129,35.822770102044714,36.225708,train
2770,76.57252123986207,76.80094,train
5048,56.659382706568096,57.154087,train
7327,31.85415326143481,31.19914,train
7113,30.4262025098528,29.993242,train
918,35.981448551423625,36.129715,train
3814,44.27268123238265,44.746586,train
2989,39.58246569836199,39.624504,train
3915,12.71161501625575,12.694891,train
6197,33.30405815299064,33.04987,train
676,51.334066206546574,51.40401,train
6814,57.9723445544333,58.486427,train
9053,57.32052974796355,57.631832,train
5883,78.77344906209804,78.9559,train
3012,40.89493314975076,40.719,train
8247,15.627250818874538,15.58611,train
1443,21.75373160312757,21.68012,train
6297,35.919888386123255,35.888466,train
7312,26.32473367367253,26.2953,train
8700,46.05279922808826,46.39461,train
8760,27.96885187619396,27.908833,train
6528,15.48067471487008,15.130161,train
6750,31.975861991771684,32.136574,train
656,51.5337561017549,51.786118,train
8988,65.62882424723186,64.834984,train
3258,43.78856466397367,43.68694,train
4036,34.84320820810721,34.80726,train
624,55.95115332265876,55.703773,train
7854,27.309900823535024,27.011715,train
7399,64.0803395705165,63.90449,train
514,27.58431117345385,27.628872,train
2726,104.51843038336918,104.17609,train
6440,69.76848318728358,69.732834,train
8924,62.91662745987684,63.07678,train
827,16.171440019658952,16.085192,train
5809,72.14804534278407,72.60186,train
1236,16.464863572722376,16.751287,train
7020,75.23965918699078,75.05949,train
2112,67.78341198507376,67.65484,train
5879,78.77344906209804,78.95125,train
9723,78.52239260692045,78.4712,train
1954,19.6236096360711,19.166351,train
1315,42.197285066210405,42.15455,train
3871,58.80362810770437,58.56979,train
3299,64.18571344380074,64.24589,train
2685,47.49780676008604,47.480103,train
9434,32.757479265983406,32.94757,train
4107,111.93267880814516,112.669106,train
6235,46.80432287514404,47.171955,train
8372,102.11244006090304,102.49467,train
8449,72.29320847026757,72.152,train
4867,63.535008761946855,63.30521,train
7985,182.32680590471207,182.35907,train
2673,42.79470733737052,42.604687,train
4148,88.28473895319611,88.15066,train
2664,38.50444769785762,38.460598,train
4159,84.47098482884549,84.78335,train
2961,40.63770351870388,40.47531,train
6589,33.523613372673765,33.667034,train
5926,49.56838968278535,50.295673,train
7955,60.909817691377626,60.787556,train
6822,63.69862808262341,63.664734,train
346,47.8752142649167,47.81215,train
5432,35.89458453265824,35.71994,train
3434,47.159648581058754,48.027126,train
8406,80.93195157639853,81.71174,train
2200,39.33265262833491,39.652645,train
4178,78.80500521273352,79.13788,train
5144,119.47607547303537,118.573395,train
6069,75.02114224725477,74.56504,train
1377,14.715962749527916,14.699309,train
775,78.3836967869071,78.36835,train
5525,8.676840647825152,8.6194935,train
1291,33.80632160791412,33.51488,train
1858,26.34005571615316,26.736673,train
3536,57.94439444918156,58.815987,train
3910,77.49004354480229,77.54736,train
9433,32.757479265983406,31.98528,train
8796,26.12791079961084,26.212866,train
3716,44.33840586431928,44.106075,train
9397,26.85898557743944,27.015152,train
6152,18.757694196337685,18.87632,train
6009,51.56721782835394,51.714523,train
1708,35.50021419741392,35.519768,train
7662,86.16482955753006,86.49679,train
9393,25.501940669626595,25.381453,train
2287,56.555790586714224,56.6636,train
8578,17.343211285051705,17.268696,train
7654,90.8101911417485,91.2478,train
5635,40.903222959927845,40.93069,train
9069,58.24175655774608,57.865864,train
2018,28.253085186388866,28.128138,train
7551,45.49093035361841,45.457966,train
3306,64.18571344380074,65.174034,train
1098,34.38777831006773,34.802677,train
8482,72.80691569376961,72.69268,train
4772,41.991429304893686,41.933945,train
433,8.643886071116775,8.528607,train
981,16.4733155489327,16.588444,train
4211,74.22415281450986,74.12124,train
8091,92.49960703964835,92.48803,train
6016,54.343834943578464,54.172142,train
1357,63.82957422309615,63.761242,train
6892,24.96836518101789,24.77802,train
6506,11.895866643063426,11.581858,train
4933,45.39934030250557,45.141926,train
2375,11.411319896017613,11.551442,train
8635,26.65121517352357,26.446499,train
3272,48.193847475870776,47.991657,train
279,24.75154224131003,25.110447,train
4921,47.395570474274905,47.387367,train
6075,75.02114224725477,75.43724,train
8910,52.266178199274464,52.646057,train
8296,31.37922589982488,31.033636,train
2014,28.253085186388866,28.059565,train
1958,19.6236096360711,19.774797,train
1593,6.328904784352407,6.3512444,train
214,15.614567609300169,15.506293,train
1159,61.1611141293481,61.797165,train
1840,23.49527343749657,23.26865,train
654,51.5337561017549,51.24061,train
1942,19.218975308854805,19.126637,train
6752,31.975861991771684,31.673613,train
5489,5.091939691204205,5.1149755,train
3606,51.237069373284655,51.30362,train
5440,35.89458453265824,36.335804,train
239,17.75661321676694,18.0187,train
3289,58.38918889666684,58.104164,train
4985,42.4526762770214,42.294136,train
1923,56.59924005727276,56.46578,train
5843,77.76166202298738,77.68116,train
9299,40.07261089859568,40.07057,train
3801,41.26333268116094,41.04961,train
4011,25.54764652659833,25.681746,train
2559,14.110193568812534,14.008409,train
2377,11.411319896017613,11.785875,train
4554,26.7937603324987,26.845581,train
212,15.614567609300169,15.632941,train
4359,28.56972261158429,28.498013,train
6886,24.96836518101789,25.238285,train
790,15.07868577169545,15.048877,train
8758,27.96885187619396,27.763664,train
9501,58.87425460454851,59.327114,train
620,55.95115332265876,55.953144,train
7067,22.701604648528324,22.637415,train
1319,42.197285066210405,42.720333,train
2950,41.82198911798321,41.24936,train
1871,33.01058316013917,32.637707,train
4639,42.65782617511943,43.15118,train
6913,29.406568716475963,29.335909,train
8530,80.80332043496728,80.745026,train
5083,69.52443467054255,69.19539,train
6416,60.456358375515045,60.14967,train
7138,38.96541114737861,39.100826,train
7867,31.46935423226826,31.943552,train
1197,9.80498597022772,10.264842,train
2033,33.47009915314734,33.54076,train
2141,41.2027500139872,41.02635,train
560,51.62368232987836,51.601704,train
1228,14.49986413953364,15.068932,train
7437,16.45072988245353,16.232035,train
3643,55.15121777774252,56.19742,train
6774,39.00509400022551,39.61966,train
8814,27.333982293279394,27.314526,train
1734,51.37961257023424,51.39033,train
208,14.853773920970784,14.847091,train
4023,28.30389810587354,29.073225,train
8096,90.8660920550722,90.73018,train
5664,58.29464756776572,57.971786,train
7791,21.33822320763908,21.530478,train
315,36.03232429587871,36.031334,train
3648,57.33567960931472,57.254448,train
5849,80.38417842857004,80.88138,train
4831,52.59176301891893,52.555973,train
5761,72.36566593741946,72.31182,train
3660,59.96410273050301,59.193092,train
5039,53.28328579156749,53.556797,train
3790,40.32326339550391,40.259468,train
6967,49.94592883127101,49.79632,train
7937,56.02179798422955,55.916515,train
4213,74.22415281450986,74.23175,train
7316,28.909682910100816,28.280975,train
6099,12.421949679699392,12.469374,train
2338,78.79814514174707,79.01875,train
6433,64.95566127753861,64.93209,train
8398,84.82941053361527,85.18617,train
6860,20.393631102532147,20.391678,train
2807,68.84101050877996,68.45351,train
9135,78.16737146241204,78.33178,train
4625,39.37396909135014,38.934155,train
9382,24.43457187610008,24.344141,train
4510,27.4987848462116,27.824883,train
3788,40.32326339550391,39.977444,train
7543,41.22258538401052,41.32857,train
3179,22.96300215722337,22.734617,train
3893,67.54477945349723,68.10869,train
9311,45.337607508895246,45.26748,train
3006,40.03729919553794,40.467377,train
6155,18.757694196337685,19.282919,train
7923,47.29742398296997,46.953537,train
3301,64.18571344380074,64.47467,train
3057,51.49946671208665,51.70207,train
4572,28.68346680081509,28.73858,train
333,43.57674488134622,43.76177,train
276,24.75154224131003,24.649012,train
3826,46.35846082077317,46.63779,train
526,31.4837449181509,31.514624,train
6980,54.48981476457171,54.27456,train
2485,40.51733602903463,40.784416,train
2626,25.086389603284896,25.484045,train
1774,10.55089264296189,10.309489,train
150,42.117719046176674,41.506176,train
715,56.80098396250919,56.189285,train
6927,35.00421894076243,35.30862,train
6601,37.85744042223983,38.31968,train
9447,38.33956461027205,37.436054,train
9540,50.45573881082557,50.753883,train
4427,37.852208236434834,37.49064,train
5514,7.487039441710785,7.309674,train
9322,51.126946112451705,51.193226,train
7319,28.909682910100816,28.783577,train
3388,42.59809029081568,42.91749,train
5360,11.601252443803698,12.194998,train
5035,50.36822432825774,50.090874,train
5609,27.821975663371607,27.937296,train
1411,17.038797527529596,17.231514,train
8080,94.77176287098274,94.65269,train
5517,7.487039441710785,7.7122483,train
9288,35.297617310404256,35.25322,train
7715,75.36873222882375,75.751785,train
4273,81.70522876686431,81.65025,train
1600,7.630233866920396,7.5379114,train
3543,57.94439444918156,57.946644,train
1434,19.88254698172465,19.583218,train
4820,49.79264067249439,50.59857,train
9107,66.92157804062985,67.025246,train
5268,90.86910077663212,90.60847,train
4013,25.54764652659833,26.118408,train
8579,17.343211285051705,17.430206,train
6493,9.221822808764502,9.441482,train
3309,70.3977760015761,69.98859,train
2915,84.55415018616966,84.45822,train
8189,6.195413006081358,6.182306,train
3235,33.153402970715014,33.348755,train
7976,71.5704557201866,72.10636,train
859,19.773550055621044,20.192738,train
8741,66.62708274696202,67.10521,train
1080,31.32001812749096,30.919138,train
8686,41.934150475720166,41.289963,train
3049,48.49994200119764,48.6379,train
7701,76.10966096775293,75.800095,train
2828,68.43192554409117,68.359406,train
1405,16.044385727383865,15.994512,train
8662,34.82175318262301,34.215675,train
4000,23.10577014586598,23.327192,train
1061,26.19775839899175,25.911184,train
4378,29.26884675672315,28.959652,train
5297,4.614697275141552,4.6207905,train
7607,134.1049913560169,133.27254,train
1176,7.500740525635853,7.548362,train
9610,44.7130602082412,44.540806,train
588,71.98462739387922,72.15961,train
2697,52.629996172572376,53.023815,train
3916,12.71161501625575,12.695974,train
6378,46.20624283129268,46.23897,train
9534,53.4781688706144,53.12903,train
4845,55.81576581046008,55.705048,train
3921,12.71161501625575,13.043325,train
8604,20.98746498918131,20.89029,train
8781,26.32965646643661,26.599108,train
7848,27.309900823535024,27.562988,train
1436,19.88254698172465,19.94849,train
1736,51.37961257023424,51.39033,train
3275,48.193847475870776,48.269974,train
3987,20.95823822579033,20.827967,train
2360,10.30229168567732,10.022524,train
4705,48.84658906801016,48.46906,train
3988,20.95823822579033,20.98309,train
6141,16.886178376835435,17.005074,train
7346,38.89758247257099,38.23354,train
7939,56.02179798422955,55.80223,train
5556,13.645667799055278,13.681387,train
7112,30.4262025098528,30.228807,train
6590,33.523613372673765,33.37125,train
8679,38.19733383832723,38.12264,train
3583,51.27183872069076,51.49189,train
3074,54.96304235845186,54.859303,train
8302,31.37922589982488,31.226181,train
8366,102.11244006090304,102.35851,train
8368,102.11244006090304,102.58394,train
1592,6.328904784352407,6.347716,train
960,61.22563174930349,60.29229,train
2146,41.2027500139872,40.49299,train
9163,5.351857896040902,5.3318424,train
2690,52.629996172572376,52.309288,train
7046,20.126200689915567,20.069622,train
7276,20.55365487758599,20.419138,train
5294,4.614697275141552,4.6024218,train
7110,30.4262025098528,29.960619,train
738,62.36217072729759,62.524715,train
227,16.580442267821432,16.591747,train
2134,78.7976489697884,78.67724,train
1823,18.66517816301845,18.762516,train
3416,45.33505299506575,45.49906,train
499,20.95239714368224,20.977404,train
159,42.117719046176674,42.86807,train
388,68.65315573513477,68.76508,train
4790,43.89276208114751,44.37529,train
2082,52.35079998184644,52.668373,train
4946,43.90289510018543,43.973957,train
2453,28.69992256061815,28.626192,train
8143,89.83454371793471,89.8916,train
5330,7.267913300585151,7.468995,train
7891,36.82299199451849,36.66079,train
8056,105.86133971445166,106.14613,train
2019,28.253085186388866,29.116285,train
7255,17.45833241679095,18.33807,train
1891,41.15828962279588,40.479145,train
540,40.58610800720655,40.325317,train
3549,55.49025213966205,55.964863,train
4372,29.26884675672315,29.380642,train
4473,57.52783269763999,57.310673,train
7908,43.465076893454565,43.24863,train
1223,14.49986413953364,14.338234,train
232,17.75661321676694,17.653717,train
978,67.76582195473432,67.7714,train
1349,57.78802082452141,57.944244,train
1462,26.46800705774784,25.8641,train
2736,96.66054245190286,97.07013,train
7286,22.16279124005809,21.9714,train
7672,82.46109517072738,80.85604,train
825,16.171440019658952,15.974509,train
4509,27.4987848462116,27.359764,train
8468,71.5126952436544,71.50895,train
3656,59.96410273050301,60.54969,train
5516,7.487039441710785,7.5919995,train
758,69.71997296559415,69.64465,train
2235,43.12759497575015,42.63436,train
2561,14.110193568812534,14.128757,train
925,40.07578418861009,40.165714,train
8260,18.09371934689641,18.151978,train
6520,13.563674534883573,13.27704,train
771,78.3836967869071,78.405,train
4140,92.83718812970534,92.618385,train
6696,20.909816172153874,21.170301,train
4305,33.68194038041301,33.601383,train
6711,22.42665956361704,22.300884,train
5659,51.97277860724665,52.10006,train
9474,45.377471796299,45.90925,train
2612,22.56958769006692,22.343924,train
2350,9.359426092702076,9.199035,train
1131,50.522632157242,50.059162,train
8211,8.462152429232523,8.479246,train
4189,76.86032352211669,76.52745,train
4282,84.17406753255614,84.4079,train
1229,14.49986413953364,15.030147,train
197,65.65020509765029,65.71776,train
1609,7.630233866920396,7.9441767,train
3732,42.54155576774366,42.12545,train
2127,73.38377494672582,73.541916,train
5167,107.32601858936177,106.90833,train
8846,31.887203302864805,31.993874,train
6478,8.174317370228692,8.072759,train
109,23.576423832277207,24.290558,train
8346,57.77555795356668,57.760803,train
3478,63.1680830874002,62.980114,train
4172,78.80500521273352,78.92461,train
438,8.643886071116775,8.951337,train
1738,51.37961257023424,51.38378,train
9585,44.30808172311328,44.751446,train
1311,42.197285066210405,41.691013,train
1831,20.944857525424137,20.70778,train
4283,84.17406753255614,84.42798,train
618,58.69889415199623,59.015385,train
3396,43.05395496236608,43.18942,train
4992,43.16995161573335,43.05875,train
5078,69.52443467054255,69.4527,train
8970,73.51559700874873,73.531555,train
411,6.495546871407703,6.4373245,train
2392,14.205163328674734,13.986598,train
4233,74.95067169957674,74.88092,train
8941,68.99666759264976,69.28604,train
5607,27.821975663371607,28.000826,train
2838,68.99619975193545,69.05483,train
961,61.22563174930349,60.861603,train
4630,39.37396909135014,39.8384,train
9582,44.30808172311328,44.766388,train
6130,15.32505155793123,15.340313,train
7169,50.37757456342593,50.188126,train
389,68.65315573513477,68.93112,train
847,18.27799290167712,18.405312,train
9171,6.135513977166935,6.1574183,train
2262,50.06812082695872,49.505436,train
8751,29.365339437277093,29.619678,train
6340,38.05130976592272,38.011105,train
2193,38.74234435378403,38.82164,train
6908,29.406568716475963,29.59914,train
5443,40.69167489137143,40.50922,train
1072,28.596873846248613,28.516804,train
3280,53.0572412164186,52.73054,train
4338,29.39069021010772,29.362446,train
781,15.25551003706567,15.188906,train
9132,78.16737146241204,78.12753,train
7298,24.08136518403247,24.202328,train
5928,49.56838968278535,49.327904,train
4959,42.30109028988361,42.676346,train
7149,42.42789452698618,41.83733,train
8293,27.49317714760065,27.614416,train
3171,21.915201151198968,21.460224,train
138,33.42260983239122,33.65517,train
9367,23.6532273935958,23.872139,train
7317,28.909682910100816,28.241291,train
6720,24.281873014532923,24.14227,train
7442,16.45072988245353,16.25297,train
5125,136.11990722925268,136.24902,train
6864,20.393631102532147,20.587505,train
9377,24.43457187610008,24.613205,train
6555,20.15248715168677,20.794207,train
8909,52.266178199274464,52.462654,train
4550,26.316037321382165,26.62506,train
3311,70.3977760015761,70.31857,train
7178,54.8905830653327,54.73459,train
1947,19.218975308854805,19.195827,train
2999,40.03729919553794,40.08761,train
2955,41.82198911798321,41.838867,train
3780,39.75223655037217,39.86628,train
9247,20.48518085914746,20.415176,train
708,54.721475257382544,54.220634,train
3867,58.80362810770437,59.069878,train
2928,45.55901491491564,45.686874,train
3231,33.153402970715014,33.137142,train
1492,36.2454236303737,35.846664,train
4308,33.68194038041301,33.155624,train
5824,73.587307090697,73.33581,train
3768,39.54855112727903,39.881817,train
8446,72.29320847026757,71.69558,train
5080,69.52443467054255,68.97131,train
3048,48.49994200119764,48.415016,train
2519,62.515922349411625,61.95094,train
8605,20.98746498918131,20.783022,train
8603,20.98746498918131,20.916212,train
2642,31.08635774141885,30.769718,train
3509,77.51462240012503,77.407394,train
9655,51.2628129982388,51.09824,train
9668,57.12333038923778,57.639748,train
323,39.63341268926196,39.258343,train
8663,34.82175318262301,34.166893,train
2540,12.375656037192718,12.272212,train
4387,30.187982613749504,29.724077,train
4750,41.70839840464368,42.170483,train
5396,20.982552337282897,21.002398,train
8237,13.453543317986504,13.33917,train
7670,82.46109517072738,81.74354,train
5796,70.69836122667067,71.041016,train
7817,23.136574168441147,23.196419,train
4326,30.391747595902384,30.264338,train
6569,26.099438373019023,25.932508,train
7279,20.55365487758599,20.106884,train
9507,64.15740236185155,63.938324,train
9137,78.16737146241204,78.39384,train
7208,70.52627414753184,69.94605,train
3787,40.32326339550391,40.252113,train
3025,42.16075780063652,42.25501,train
3535,57.94439444918156,58.43287,train
5588,21.13272585910589,21.105679,train
8092,92.49960703964835,92.311035,train
4005,25.54764652659833,25.063541,train
3490,67.68592624937482,67.95415,train
3692,70.45262976078712,70.46987,train
7431,15.270791663402616,15.155535,train
369,57.56906951914832,58.180305,train
1055,24.102683602700605,23.907703,train
2320,73.95193879191451,73.78851,train
9564,46.321532277120944,46.063915,train
494,20.95239714368224,20.97213,train
6363,41.380738858681696,41.65779,train
659,51.5337561017549,51.771397,train
4194,75.46351541383811,74.637,train
8084,94.77176287098274,94.88113,train
3077,58.90057362616971,59.007896,train
5205,93.24564903744712,93.13869,train
6697,20.909816172153874,20.961552,train
5711,87.33841255063824,86.71687,train
5380,15.701361056258303,16.246584,train
5586,21.13272585910589,21.118393,train
4435,40.832073197555765,40.800602,train
3291,58.38918889666684,58.29291,train
4264,79.44225220967748,79.26381,train
1027,19.453992241773605,19.252773,train
3546,55.49025213966205,55.591827,train
730,62.36217072729759,62.90461,train
8055,105.86133971445166,106.14613,train
1645,15.086156273058206,15.11126,train
4114,104.53191002397112,104.84708,train
7232,16.763039606912137,16.55608,train
1097,34.38777831006773,34.371727,train
7249,17.45833241679095,17.570272,train
8404,80.93195157639853,80.63194,train
5668,58.29464756776572,58.345654,train
1313,42.197285066210405,42.1222,train
1290,33.80632160791412,33.20173,train
3842,48.84487411254294,48.790257,train
773,78.3836967869071,78.391685,train
2460,32.24368576562934,31.54087,train
9399,26.85898557743944,27.007195,train
711,56.80098396250919,56.645397,train
8811,26.553718966906143,26.704205,train
8179,5.319943445303664,5.310665,train
7929,51.4820311150869,51.53143,train
7434,15.270791663402616,15.656338,train
3642,55.15121777774252,55.219814,train
334,43.57674488134622,43.70948,train
8054,105.86133971445166,106.194046,train
8400,84.82941053361527,84.37158,train
3905,77.49004354480229,77.09819,train
6900,27.04644560007453,26.892275,train
7144,38.96541114737861,39.254402,train
6754,31.975861991771684,32.20215,train
7558,50.1770255008208,49.960922,train
3362,44.06518747198716,43.9022,train
236,17.75661321676694,17.745638,train
5580,18.321105476597847,18.708736,train
2692,52.629996172572376,52.319866,train
4638,42.65782617511943,42.486004,train
9044,56.9037654355777,57.29153,train
6903,27.04644560007453,26.967852,train
8804,26.553718966906143,26.891287,train
5852,80.38417842857004,80.096504,train
6620,47.9150270565331,48.01225,train
3190,24.32361434030205,24.203413,train
3262,43.78856466397367,44.029594,train
9369,23.6532273935958,23.834206,train
3194,24.32361434030205,24.157639,train
3360,44.06518747198716,43.836773,train
7423,14.243709536497072,14.496932,train
4220,74.22415281450986,74.7975,train
1744,57.71719116717853,57.599506,train
3441,49.443219986774174,48.919018,train
5412,27.64203408942484,27.412642,train
9651,51.2628129982388,50.772346,train
8262,18.09371934689641,18.256584,train
6629,53.70058276989914,53.83679,train
2414,17.90207642534986,17.741894,train
394,5.08262043162249,5.066493,train
5543,11.737430167438465,11.569468,train
9060,57.32052974796355,57.339878,train
3397,43.05395496236608,43.15728,train
3124,21.180760095669328,21.431942,train
8879,40.04086667514645,39.935196,train
4123,98.2154014561832,98.25195,train
6314,35.86295586622186,36.194923,train
183,58.92641435780302,58.85983,train
8955,78.65994946465001,78.47217,train
2993,39.58246569836199,39.803707,train
7508,30.696954457462205,30.70831,train
2395,14.205163328674734,14.227321,train
2074,47.871591931834594,47.676544,train
2847,70.04973728656218,70.10905,train
5538,10.08763188618742,10.2844515,train
6530,15.48067471487008,15.458133,train
1408,16.044385727383865,16.060059,train
6794,47.66338038312279,47.77524,train
8898,47.70662944412462,48.05131,train
8769,26.96403555997163,27.132355,train
6381,46.20624283129268,46.14191,train
8285,24.001378700581864,24.595778,train
3421,45.33505299506575,45.094574,train
4792,43.89276208114751,43.778156,train
5731,79.2410546173472,79.03423,train
7576,60.8688615107876,60.28823,train
1281,30.153068904468267,29.621086,train
5935,49.56838968278535,50.341137,train
258,20.77359420729444,21.05332,train
3568,52.18837923715673,51.72909,train
8321,40.44917533424408,40.39461,train
3174,21.915201151198968,21.839983,train
8505,76.00671399435468,75.78573,train
982,16.4733155489327,16.519255,train
2746,90.12007930803716,89.86754,train
3098,68.18944750337921,68.07112,train
532,35.8081459962377,35.688663,train
4613,36.49519330636368,36.386574,train
7753,78.16620220063061,77.9798,train
3213,28.031486406087428,27.974293,train
4975,42.16214720311456,42.425056,train
7528,37.34981601437241,37.09968,train
8011,133.10289781802356,132.80466,train
8124,89.35596223722666,89.543015,train
8160,91.1828236948467,91.45575,train
9179,7.099764588567615,7.009475,train
1000,17.54994350577995,17.529839,train
2323,73.95193879191451,73.70892,train
7664,86.16482955753006,85.12009,train
4129,98.2154014561832,98.34798,train
6955,41.83122075031758,42.77273,train
7992,167.15995000247077,167.90279,train
1498,36.2454236303737,36.814606,train
8729,60.86470279221393,61.013885,train
5749,74.03273905666954,72.95762,train
1838,20.944857525424137,21.30906,train
6733,26.484024368396327,26.625776,train
3688,70.45262976078712,69.606735,train
7162,46.22699972172253,46.28647,train
3942,14.004546189062298,14.175191,train
8349,57.77555795356668,57.78733,train
9172,6.135513977166935,6.1574183,train
456,11.662622831790223,11.608837,train
9459,41.66927621767171,41.353157,train
3173,21.915201151198968,21.666302,train
1206,11.18791207232073,11.650324,train
4719,44.49890398494616,44.581024,train
256,20.77359420729444,20.75384,train
3224,30.407567779885905,30.532816,train
7079,24.290144191582872,24.129358,train
5304,5.344944871987626,5.3269496,train
4059,42.89566569384836,43.11571,train
8659,31.78624470110975,32.180008,train
2546,12.375656037192718,12.411333,train
2956,41.82198911798321,42.079113,train
2058,39.98048851614654,39.93606,train
7487,25.34338762867145,24.864569,train
31,12.311123452022672,12.006109,train
1807,14.826986961109265,15.105393,train
7638,103.4659443059241,103.89435,train
4888,72.7859039312829,73.50107,train
213,15.614567609300169,15.552775,train
322,39.63341268926196,39.500805,train
5810,72.14804534278407,72.11363,train
8572,17.343211285051705,17.396116,train
6763,35.291818684332966,35.548824,train
4834,52.59176301891893,52.049534,train
6633,53.70058276989914,54.284973,train
996,16.913554365993143,16.650213,train
1696,31.14310306496106,31.156721,train
363,57.56906951914832,57.776447,train
424,7.469930006749854,7.303358,train
4736,43.11226770189285,42.965267,train
882,26.21357879858248,25.517843,train
6199,33.30405815299064,33.515213,train
8131,89.38401259047933,89.36719,train
1982,22.658950964078755,22.574179,train
583,71.98462739387922,72.92668,train
1991,24.237902567050384,24.55909,train
1992,24.237902567050384,24.421757,train
957,55.18556761084572,55.572323,train
1138,50.522632157242,51.471523,train
1703,35.50021419741392,35.448284,train
807,15.174151766060591,15.270977,train
1563,3.4581586320124567,3.421393,train
7173,50.37757456342593,50.638393,train
2122,73.38377494672582,73.6521,train
5278,91.77117363602072,91.53011,train
8076,94.77176287098274,94.65495,train
8515,78.23957030362628,78.2347,train
4936,45.39934030250557,45.522156,train
9229,15.26942589060463,15.330821,train
7762,80.10051029183403,79.980995,train
6123,14.063861465039476,13.896387,train
5150,119.47607547303537,119.61731,train
4974,42.16214720311456,42.184902,train
6042,61.34974693767026,61.750828,train
383,68.65315573513477,68.563,train
7083,24.290144191582872,23.91502,train
9151,4.73305991146259,4.750772,train
7266,19.24035714391358,19.146698,train
2854,70.04973728656218,69.57526,train
8408,80.93195157639853,81.80213,train
4100,64.16665709294357,64.15296,train
2908,84.55415018616966,84.84043,train
3485,67.68592624937482,67.67174,train
9599,44.142694958025146,44.2535,train
5210,93.24564903744712,93.73231,train
7723,75.23976726375669,75.19938,train
8556,15.852564897119404,15.612651,train
4649,46.36505623828396,46.463684,train
934,44.62685449100115,44.636894,train
4597,31.8813592557466,31.22369,train
4290,84.17406753255614,84.693794,train
6335,36.94310571922444,37.31875,train
6055,65.54060841010474,65.6981,train
709,54.721475257382544,55.28982,train
1284,30.153068904468267,30.166853,train
5559,13.645667799055278,14.071256,train
9714,73.77371393862427,74.08166,train
4214,74.22415281450986,73.97622,train
498,20.95239714368224,20.977404,train
3760,39.714588712138834,39.87512,train
9496,53.97535048970737,54.139584,train
1096,34.38777831006773,34.382168,train
421,7.469930006749854,7.2809677,train
8750,29.365339437277093,29.154148,train
7910,43.465076893454565,43.19978,train
7315,26.32473367367253,26.958529,train
1788,11.806010746932552,11.972795,train
3956,16.095344812438785,15.956723,train
3617,52.104444542417454,51.76888,train
5057,56.659382706568096,56.678616,train
4998,44.3150442339094,44.47047,train
6090,12.048441360575485,11.933985,train
3223,30.407567779885905,30.429228,train
5528,8.676840647825152,8.905949,train
3937,14.004546189062298,13.852208,train
8665,34.82175318262301,34.776398,train
3160,21.17118030705132,21.09212,train
7574,55.29965642696082,55.842094,train
9349,22.96251160331823,23.05627,train
632,53.87988875437848,53.595806,train
59,14.11530105008021,14.146338,train
9352,22.96251160331823,22.921076,train
3870,58.80362810770437,58.63584,train
7785,84.75534758997657,84.86181,train
8173,4.591357452261001,4.5481367,train
4429,37.852208236434834,38.676796,train
6239,52.18749606691912,51.659462,train
4615,36.49519330636368,36.085243,train
8469,71.5126952436544,71.41788,train
6421,60.456358375515045,60.367893,train
1493,36.2454236303737,35.659924,train
4826,49.79264067249439,49.828377,train
2589,18.410392489338367,18.16178,train
2113,67.78341198507376,67.695946,train
4795,43.89276208114751,43.22362,train
700,54.721475257382544,54.30554,train
7365,43.0355455648049,43.860893,train
1799,13.224779920186323,13.575391,train
7880,33.9910948271814,33.668747,train
3581,51.27183872069076,51.110294,train
7347,38.89758247257099,38.756718,train
600,62.20643544097513,62.312035,train
7335,31.85415326143481,32.418674,train
4303,33.68194038041301,33.57184,train
6936,38.259699949941485,38.161736,train
3185,22.96300215722337,22.62466,train
63,15.408132507053764,15.236899,train
9042,56.9037654355777,56.964756,train
6988,59.34443405671068,59.16343,train
8429,75.33592393483191,75.165276,train
2672,42.79470733737052,42.63524,train
5063,60.49974856985286,60.13915,train
9141,81.83669393813297,81.16466,train
3414,43.96685895132765,44.22283,train
5589,21.13272585910589,21.105679,train
8137,89.83454371793471,90.144325,train
2499,50.54520953102328,49.670013,train
177,52.780543305921256,53.137917,train
8907,52.266178199274464,52.377365,train
2329,78.79814514174707,78.31208,train
9348,22.96251160331823,23.135918,train
4053,38.66939548382394,39.130207,train
9263,23.601878269200103,23.570547,train
5343,9.936327459773272,9.770543,train
6138,16.886178376835435,16.645996,train
2386,12.70566828847207,12.775168,train
2968,39.87778416712277,39.668068,train
8112,89.83219912234955,89.72032,train
3141,20.5747960352812,20.607534,train
440,10.035121137450265,9.767325,train
3712,79.05853392344162,79.17502,train
6583,29.61361194980204,30.115343,train
558,45.847583591803016,45.97804,train
4794,43.89276208114751,43.259033,train
9529,53.4781688706144,53.312397,train
4468,52.60069880564436,52.603176,train
2105,62.34247227541656,62.244457,train
2078,47.871591931834594,47.777752,train
1166,67.12941924665816,67.249664,train
5496,5.7073476784978805,5.677239,train
8254,15.627250818874538,15.865425,train
6806,57.9723445544333,57.28241,train
5053,56.659382706568096,56.51202,train
4304,33.68194038041301,33.59374,train
7899,39.97709071985155,39.90364,train
5903,62.25633543844163,62.12255,train
3003,40.03729919553794,40.085304,train
7748,78.16620220063061,78.1847,train
5300,4.614697275141552,4.635765,train
604,62.20643544097513,62.98444,train
5650,46.18443363933325,46.894077,train
6446,74.77670776968583,74.51501,train
5667,58.29464756776572,58.345654,train
8872,40.04086667514645,40.02779,train
4791,43.89276208114751,44.12027,train
1896,41.15828962279588,41.24153,train
280,27.133896018289327,26.889105,train
5466,51.79087976743877,51.457527,train
1893,41.15828962279588,41.100475,train
4384,30.187982613749504,30.034773,train
6453,74.77670776968583,74.724045,train
140,37.539090163163095,37.06323,train
8531,80.80332043496728,81.02296,train
6343,38.05130976592272,38.26831,train
3619,52.104444542417454,51.98194,train
5743,76.30890117399417,75.988106,train
1376,14.715962749527916,14.632327,train
4956,42.87693420783952,42.812763,train
141,37.539090163163095,37.16073,train
4635,42.65782617511943,42.35952,train
9325,51.126946112451705,51.2426,train
376,62.955894941680654,63.09164,train
3347,45.56874045695812,45.201153,train
5524,8.676840647825152,8.488459,train
7862,29.24597298712641,28.400936,train
2264,50.06812082695872,49.50324,train
9029,57.60787852380753,57.77641,train
8401,84.82941053361527,84.985085,train
1461,26.46800705774784,25.937628,train
1379,14.715962749527916,15.000017,train
1782,11.806010746932552,11.270301,train
8062,101.40176125573278,100.842354,train
5693,99.09191329711086,99.45938,train
1724,45.58658638504512,45.64785,train
8006,142.84762610413074,142.59402,train
4297,86.46661268195652,86.15397,train
4383,30.187982613749504,30.117912,train
7421,14.243709536497072,14.325041,train
5547,11.737430167438465,11.645648,train
9108,66.92157804062985,66.943115,train
1141,55.618307516984494,55.7226,train
1035,20.74860480317913,20.348894,train
6855,19.4356761819613,19.91594,train
8281,24.001378700581864,24.35298,train
6402,52.561077422993925,52.19723,train
6083,11.995381875606553,12.1963625,train
3424,45.33505299506575,45.982582,train
1482,32.598323805815355,32.13398,train
8353,57.77555795356668,57.94845,train
5754,74.03273905666954,73.92757,train
1265,23.82470993800484,23.710918,train
1743,57.71719116717853,57.599506,train
1216,12.746987748176158,12.992985,train
2907,84.55415018616966,84.6398,train
3053,48.49994200119764,48.552673,train
3273,48.193847475870776,48.34553,train
4358,28.56972261158429,28.57033,train
3381,42.60532086197436,42.593567,train
737,62.36217072729759,62.56747,train
8181,5.319943445303664,5.333362,train
5682,106.73359104233614,106.63643,train
7821,23.136574168441147,22.962427,train
5596,24.29149336117945,24.275454,train
4228,74.34851013209767,74.9278,train
8034,117.40677602978512,117.595535,train
8002,154.1130580278585,154.18044,train
2740,90.12007930803716,89.83678,train
6385,46.20624283129268,46.264923,train
9715,73.77371393862427,74.23348,train
2466,32.24368576562934,32.346226,train
2021,30.70592042906157,30.851025,train
3481,63.1680830874002,63.124355,train
313,36.03232429587871,36.181484,train
5915,56.75820297103196,57.181644,train
3654,59.96410273050301,60.85977,train
6254,58.01546805593058,58.119446,train
2304,64.57695773677871,64.304375,train
5730,79.2410546173472,79.2189,train
1230,16.464863572722376,16.072441,train
143,37.539090163163095,37.218544,train
2351,9.359426092702076,9.209546,train
4008,25.54764652659833,25.159637,train
149,37.539090163163095,37.98557,train
8016,133.10289781802356,133.04536,train
9100,64.01007406503007,64.12645,train
8863,36.89583258795231,36.706287,train
8012,133.10289781802356,133.76381,train
3834,48.84487411254294,49.820465,train
3206,26.008581845215858,26.770899,train
1928,56.59924005727276,56.81548,train
8928,62.91662745987684,63.162445,train
6536,17.669242814490573,17.226576,train
8288,27.49317714760065,27.456686,train
7980,182.32680590471207,182.76561,train
4631,42.65782617511943,42.922565,train
5399,20.982552337282897,21.002398,train
779,78.3836967869071,78.5679,train
3920,12.71161501625575,12.758754,train
1162,67.12941924665816,67.06729,train
3744,40.257908447982594,40.612694,train
6362,41.380738858681696,41.08418,train
9494,53.97535048970737,54.148613,train
2515,56.27923081040397,56.474243,train
5851,80.38417842857004,80.33503,train
6627,53.70058276989914,53.565872,train
4316,31.81177091074735,31.55653,train
4555,26.7937603324987,26.499638,train
4665,55.11750370348744,54.959328,train
5002,44.3150442339094,43.904808,train
1842,23.49527343749657,23.437756,train
6671,18.37697354963854,18.26856,train
2994,39.58246569836199,39.810402,train
4412,35.31334920409292,35.319557,train
2805,69.85807623634659,70.30464,train
5927,49.56838968278535,49.41032,train
798,15.07868577169545,15.302465,train
533,35.8081459962377,35.825504,train
9074,59.66494697179906,59.460228,train
4124,98.2154014561832,97.58286,train
4432,40.832073197555765,40.902718,train
4643,46.36505623828396,46.075115,train
9223,13.122690726014152,13.313358,train
195,65.65020509765029,65.508514,train
6400,52.561077422993925,52.677826,train
786,15.25551003706567,15.26471,train
5621,36.10097699362129,35.852974,train
4806,45.44891159516804,45.020813,train
7523,33.84919070959732,33.86891,train
9609,44.7130602082412,44.536785,train
6442,69.76848318728358,69.74563,train
1006,17.54994350577995,17.083347,train
18,11.464931301901116,11.571656,train
6486,9.221822808764502,8.923245,train
173,52.780543305921256,52.481396,train
8926,62.91662745987684,62.944622,train
89,18.85539645484105,19.337465,train
8099,90.8660920550722,90.83342,train
181,58.92641435780302,58.505123,train
4415,35.31334920409292,35.338474,train
3382,42.60532086197436,42.995266,train
9437,35.37397145960927,35.525265,train
2314,69.12845902908616,68.973946,train
3612,51.237069373284655,51.366726,train
2110,67.78341198507376,67.60101,train
7837,25.65131053715304,26.188341,train
122,29.74051248250902,29.423155,train
9149,4.73305991146259,4.7476287,train
6755,31.975861991771684,32.35571,train
9351,22.96251160331823,22.769903,train
134,33.42260983239122,33.191307,train
5873,85.74446614598416,85.55561,train
5230,90.34178504057668,90.44208,train
7032,18.287084542985266,18.374172,train
5214,91.48707426187316,91.16594,train
7914,43.465076893454565,43.32047,train
2526,62.515922349411625,62.839115,train
6349,39.53055859179817,40.008293,train
397,5.08262043162249,5.103201,train
7214,70.52627414753184,70.51754,train
3486,67.68592624937482,67.64883,train
9304,40.07261089859568,40.115597,train
7689,77.50351307331591,77.874695,train
2142,41.2027500139872,40.8226,train
9020,58.75187514946885,59.1691,train
7606,134.1049913560169,134.10739,train
7152,42.42789452698618,42.016766,train
5604,27.821975663371607,27.640068,train
1078,28.596873846248613,28.988022,train
1339,52.16927260275215,53.125107,train
2118,67.78341198507376,67.678955,train
5979,46.3112758194042,46.1935,train
6584,29.61361194980204,30.123714,train
2165,39.0547337639536,39.354286,train
8845,31.887203302864805,32.00121,train
6307,35.86295586622186,35.935776,train
1570,4.261325746131316,4.265635,train
2088,52.35079998184644,52.365086,train
2811,68.84101050877996,68.624916,train
1737,51.37961257023424,51.39033,train
1751,8.457383680700138,8.67936,train
1586,5.212225480475277,5.243533,train
3726,42.54155576774366,42.087116,train
4024,31.3952961586681,30.707495,train
2663,38.50444769785762,38.154396,train
5614,31.749664310570285,31.736633,train
6905,27.04644560007453,27.469946,train
1638,12.84232439733848,12.96552,train
797,15.07868577169545,14.998759,train
1330,52.16927260275215,51.78614,train
2671,42.79470733737052,42.603645,train
1192,9.80498597022772,9.584681,train
9051,57.32052974796355,57.167427,train
4239,74.95067169957674,75.320145,train
8279,24.001378700581864,24.056858,train
1259,21.10753296824097,21.912912,train
5570,15.832987467777208,16.323624,train
263,22.636112508681865,22.817822,train
6744,29.044398074352745,29.39979,train
5147,119.47607547303537,119.44708,train
5687,106.73359104233614,106.08096,train
4032,31.3952961586681,31.623358,train
5345,9.936327459773272,10.004327,train
2883,75.94626538222178,75.61613,train
1655,17.620308438619823,17.636572,train
9166,5.351857896040902,5.441663,train
1849,23.49527343749657,23.973228,train
672,51.334066206546574,51.25738,train
240,19.150990033213944,19.110336,train
8753,27.96885187619396,28.061094,train
965,61.22563174930349,61.414642,train
8239,13.453543317986504,13.311934,train
5365,13.515426780327186,13.352415,train
3658,59.96410273050301,59.44802,train
1066,26.19775839899175,26.31881,train
350,52.53837345661387,52.014538,train
4932,45.39934030250557,45.12332,train
9463,41.66927621767171,41.85497,train
5481,5.091939691204205,5.0684266,train
2856,70.04973728656218,69.93086,train
5382,18.182353085699454,17.985699,train
8105,90.8660920550722,90.72686,train
9170,6.135513977166935,6.046026,train
6659,18.24242596386917,18.035568,train
529,31.4837449181509,31.999971,train
4606,34.003423250135334,33.732018,train
6091,12.048441360575485,12.151152,train
935,44.62685449100115,44.648834,train
7628,111.84710803127729,111.58796,train
9554,48.09731794409938,47.59114,train
2876,73.5520442092406,73.93276,train
5140,127.16182006600462,127.425644,train
6887,24.96836518101789,25.04172,train
4274,81.70522876686431,81.688324,train
9431,32.757479265983406,31.793371,train
92,21.046615126723125,20.697447,train
7874,31.46935423226826,31.130121,train
5848,80.38417842857004,80.91063,train
1981,22.658950964078755,22.948288,train
5315,6.223107400441468,6.2884426,train
6759,35.291818684332966,35.186275,train
648,52.42282758556679,52.22981,train
8856,34.18388843945615,34.116127,train
2947,41.82198911798321,41.138607,train
3314,70.3977760015761,70.3848,train
4701,48.84658906801016,48.684948,train
3210,28.031486406087428,27.544939,train
7039,19.118177702829986,18.97713,train
2039,33.47009915314734,33.921295,train
182,58.92641435780302,58.57423,train
111,26.46665738904841,26.04837,train
602,62.20643544097513,62.530094,train
5725,82.89063290867627,82.4226,train
2339,8.56427601572387,8.578529,train
1648,15.086156273058206,15.105572,train
4953,42.87693420783952,42.787346,train
4374,29.26884675672315,29.297865,train
4961,42.30109028988361,42.232883,train
46,13.087714746263474,12.990937,train
1617,9.135860967288092,9.425031,train
2294,60.376848442270685,59.5557,train
5091,74.57648935728871,74.34844,train
8826,28.47584423013329,28.45387,train
6790,47.66338038312279,48.163216,train
8935,68.99666759264976,69.000435,train
5439,35.89458453265824,36.458733,train
5493,5.7073476784978805,5.642922,train
9364,23.159558795461432,23.417397,train
983,16.4733155489327,16.494825,train
638,53.87988875437848,53.376667,train
6135,15.32505155793123,15.20805,train
3869,58.80362810770437,58.99426,train
4581,30.11289053476736,30.206522,train
9566,45.07158814655721,45.204594,train
1506,40.31028940315537,40.631237,train
1658,17.620308438619823,17.760319,train
2859,71.5754951038172,71.91915,train
3016,40.89493314975076,41.518326,train
7575,55.29965642696082,56.033886,train
1431,19.88254698172465,19.497915,train
9197,9.639758262038976,9.429428,train
2140,41.2027500139872,41.093067,train
4566,27.580488890378103,27.21448,train
6945,38.259699949941485,38.69748,train
7583,60.8688615107876,60.900925,train
7102,28.13673861098185,27.940062,train
3008,40.89493314975076,40.977196,train
4659,50.51324652206503,51.01192,train
4864,63.535008761946855,63.3752,train
9250,20.48518085914746,20.668222,train
7244,16.975732746562212,17.277515,train
3945,14.944624315127582,14.803233,train
2910,84.55415018616966,84.54306,train
3420,45.33505299506575,45.094017,train
4045,38.66939548382394,38.213894,train
5316,6.223107400441468,6.311064,train
3136,20.723513448948488,21.212835,train
2998,40.03729919553794,40.118465,train
4353,28.56972261158429,28.972263,train
7188,59.7691504523924,59.503197,train
4106,111.93267880814516,112.408424,train
3820,44.27268123238265,44.025127,train
5475,58.16441612968519,58.057663,train
7166,50.37757456342593,50.55169,train
1911,50.99059738000766,50.54393,train
3158,21.17118030705132,21.163435,train
4763,41.645435649307146,41.685177,train
809,15.174151766060591,15.14562,train
3857,55.05988890318878,54.68524,train
161,47.18792608651206,46.875515,train
5868,85.74446614598416,85.64574,train
1417,17.038797527529596,16.794907,train
9080,59.66494697179906,59.416126,train
553,45.847583591803016,45.864597,train
8107,89.83219912234955,89.91624,train
7179,54.8905830653327,54.87344,train
6002,49.29258108243957,48.940998,train
1305,37.81401499146663,37.98319,train
5850,80.38417842857004,80.651276,train
6600,37.85744042223983,37.980946,train
4151,84.47098482884549,84.73035,train
4787,42.74093636440046,42.608776,train
5322,7.267913300585151,7.209861,train
5429,31.554913159032687,32.088104,train
1028,19.453992241773605,19.406244,train
4970,42.16214720311456,42.371235,train
1244,18.66092106399767,18.641514,train
3126,21.180760095669328,21.660639,train
4362,28.73050158168696,28.845533,train
7554,45.49093035361841,45.835144,train
8653,31.78624470110975,31.593758,train
1905,45.85107845908806,45.878586,train
778,78.3836967869071,78.5679,train
2750,84.68966957236185,84.72101,train
1569,3.4581586320124567,3.421393,train
8161,91.1828236948467,91.38328,train
6220,41.86879361637958,41.647606,train
2900,81.68034630091823,81.47945,train
5923,52.60873127102636,53.065464,train
7757,80.10051029183403,80.16733,train
3496,72.53577771843293,71.97651,train
2325,73.95193879191451,73.47043,train
849,18.27799290167712,18.664255,train
1487,32.598323805815355,32.97837,train
1763,9.44060281407632,9.337006,train
4292,86.46661268195652,86.48166,train
9009,60.4491784254586,60.104126,train
6719,24.281873014532923,24.091955,train
1401,16.044385727383865,16.101412,train
1848,23.49527343749657,24.219744,train
7714,75.36873222882375,75.63348,train
9184,7.099764588567615,7.3503957,train
8607,20.98746498918131,20.663448,train
9023,57.60787852380753,57.22087,train
749,65.82792957452513,66.42988,train
6831,69.71062345978,69.46318,train
8168,4.591357452261001,4.5382957,train
8861,34.18388843945615,34.51542,train
8424,75.33592393483191,75.78372,train
4950,42.87693420783952,42.775276,train
7429,15.270791663402616,15.315075,train
3264,43.78856466397367,43.878414,train
3196,24.32361434030205,24.848974,train
6933,35.00421894076243,34.903065,train
375,62.955894941680654,62.92625,train
9277,30.98055959686801,30.768265,train
2124,73.38377494672582,73.59539,train
2277,53.12049932369545,52.7405,train
8837,29.98939864814341,29.797152,train
1637,12.84232439733848,12.788139,train
1252,21.10753296824097,20.822098,train
6953,41.83122075031758,41.49152,train
4390,30.187982613749504,30.079786,train
6741,29.044398074352745,29.118677,train
913,35.981448551423625,35.522114,train
7409,13.35096351227492,13.151537,train
9196,8.261733441182077,8.451995,train
1432,19.88254698172465,19.62087,train
3390,42.59809029081568,42.712776,train
4419,35.31334920409292,35.265045,train
175,52.780543305921256,52.8874,train
3036,43.84298730182812,43.933304,train
5702,92.69126167628563,93.22445,train
7778,84.75534758997657,84.770256,train
534,35.8081459962377,35.921944,train
8553,15.852564897119404,15.713042,train
1850,26.34005571615316,25.796011,train
8719,55.50750396672584,56.13918,train
6727,26.484024368396327,26.145048,train
6739,29.044398074352745,28.89854,train
1426,18.315021103979053,18.36651,train
7630,103.4659443059241,103.34025,train
7941,56.02179798422955,55.6589,train
7704,76.10966096775293,76.167694,train
8762,26.96403555997163,27.219944,train
8315,35.68789960785091,35.918472,train
4050,38.66939548382394,38.682674,train
4047,38.66939548382394,38.347843,train
3753,40.257908447982594,40.254375,train
7604,148.82757757512883,148.81853,train
4860,63.535008761946855,63.895016,train
4346,28.7876459530247,28.895712,train
2820,68.37372704417407,68.434395,train
5626,36.10097699362129,35.983162,train
5526,8.676840647825152,8.785693,train
5271,91.77117363602072,92.33404,train
9239,17.71581600660093,17.718819,train
4858,59.46582112338208,59.62335,train
9563,46.321532277120944,46.128872,train
2197,38.74234435378403,38.957684,train
9654,51.2628129982388,51.38936,train
3889,67.54477945349723,67.57755,train
1661,20.46822680475041,20.3886,train
8018,133.10289781802356,133.15228,train
572,57.94552901210703,57.772984,train
284,27.133896018289327,26.903294,train
7265,18.211477627421544,18.80774,train
7684,79.60001023359403,79.04496,train
580,71.98462739387922,72.12531,train
1631,12.84232439733848,12.791993,train
5617,31.749664310570285,32.166084,train
8899,47.70662944412462,48.064297,train
932,44.62685449100115,44.31055,train
4421,37.852208236434834,37.754604,train
6390,49.19054255336955,48.438576,train
7548,45.49093035361841,45.1429,train
8485,72.80691569376961,72.64624,train
3948,14.944624315127582,14.916162,train
8812,27.333982293279394,27.129805,train
7889,36.82299199451849,36.573563,train
5038,53.28328579156749,53.480976,train
2343,8.56427601572387,8.647316,train
4852,59.46582112338208,59.648872,train
967,61.22563174930349,61.34631,train
7393,58.12884889469646,58.54349,train
2591,18.410392489338367,18.359293,train
5862,83.18520635490366,83.03488,train
2169,38.59019696142197,38.87,train
7816,22.272090330468416,22.698025,train
9613,44.7130602082412,45.08807,train
2160,39.0547337639536,39.46718,train
8000,154.1130580278585,154.18044,train
5336,8.498890313327536,8.602414,train
9421,30.475247391823903,29.986748,train
5651,51.97277860724665,51.72314,train
3815,44.27268123238265,44.512585,train
8596,19.569342060613856,19.523172,train
6718,24.281873014532923,24.177319,train
4898,77.68275834818854,77.763245,train
6292,36.41164086407028,36.510445,train
7858,29.24597298712641,29.579533,train
5831,75.47176859644443,75.26247,train
7161,46.22699972172253,46.11371,train
4418,35.31334920409292,35.50264,train
6872,21.641072027966302,21.49732,train
3336,50.356769966363984,50.245304,train
1115,41.64122645814851,42.090267,train
8488,72.80691569376961,72.52649,train
7044,19.118177702829986,19.523886,train
6414,56.318371719458256,56.306507,train
1132,50.522632157242,50.426003,train
8433,73.5169788308657,73.098114,train
8980,69.20177964841314,69.59947,train
2912,84.55415018616966,84.55076,train
5918,52.60873127102636,51.51254,train
9454,38.33956461027205,38.314014,train
8973,69.20177964841314,69.53535,train
3234,33.153402970715014,33.237892,train
5149,119.47607547303537,119.21863,train
4327,30.391747595902384,30.204374,train
1171,7.500740525635853,7.6023583,train
7927,51.4820311150869,51.58869,train
8644,29.06965915816568,28.970915,train
8380,95.27995050133204,94.60398,train
2101,62.34247227541656,61.568928,train
5134,136.11990722925268,135.93643,train
9417,30.475247391823903,31.028585,train
5229,90.34178504057668,90.543175,train
6592,33.523613372673765,34.054203,train
3972,17.470580500291586,17.339245,train
447,10.035121137450265,10.371388,train
7296,24.08136518403247,23.81124,train
7004,64.47891927372373,64.92369,train
1328,46.97639691288464,47.83053,train
2495,45.29905670360103,45.362286,train
5522,8.676840647825152,8.567504,train
90,21.046615126723125,20.743437,train
3064,51.49946671208665,51.74715,train
8840,29.98939864814341,30.115646,train
2769,76.57252123986207,77.09979,train
3021,42.16075780063652,41.398705,train
6012,51.56721782835394,51.639103,train
8801,26.12791079961084,26.32547,train
1671,23.65424941823527,23.686983,train
2804,69.85807623634659,69.82375,train
4410,33.19906877493806,33.592297,train
342,47.8752142649167,47.88264,train
6026,57.60964815073893,57.388348,train
297,29.797938650740385,29.750462,train
7877,33.9910948271814,34.071056,train
5884,78.77344906209804,78.36295,train
4169,81.32847275704384,81.08753,train
5911,56.75820297103196,55.722683,train
4193,75.46351541383811,75.48963,train
2252,47.39132880100697,47.321007,train
5071,64.79814321670308,64.417336,train
6237,52.18749606691912,51.95643,train
1552,67.67807296886593,67.200455,train
5010,45.89202024796605,45.847084,train
948,49.65683893332355,50.025726,train
7847,27.309900823535024,27.562078,train
5894,69.43701604268931,69.142,train
4182,76.86032352211669,76.750885,train
7864,29.24597298712641,29.25393,train
2771,76.57252123986207,76.4153,train
9553,48.09731794409938,48.077316,train
8200,7.23635652187556,7.167858,train
9113,70.30262091082997,70.21883,train
4349,28.7876459530247,28.659485,train
4145,88.28473895319611,88.620285,train
2573,15.305078539047836,15.108239,train
4350,28.7876459530247,29.194729,train
2300,64.57695773677871,65.19163,train
8314,35.68789960785091,35.918472,train
5151,119.47607547303537,119.61731,train
7359,43.0355455648049,42.979145,train
8045,111.16906764061592,110.10927,train
2862,71.5754951038172,71.494225,train
2776,76.57252123986207,76.99628,train
4291,86.46661268195652,86.50633,train
6925,32.0562290792121,32.397915,train
6884,23.1671333522179,23.142359,train
8877,40.04086667514645,39.831318,train
352,52.53837345661387,52.569984,train
6052,65.54060841010474,65.23943,train
5286,92.33570202451632,92.24591,train
606,62.20643544097513,61.987297,train
5305,5.344944871987626,5.3269496,train
9432,32.757479265983406,31.955929,train
665,51.178876353782414,51.81457,train
1112,41.64122645814851,41.51561,train
9286,30.98055959686801,31.03109,train
8098,90.8660920550722,91.02726,train
3123,21.180760095669328,20.91629,train
114,26.46665738904841,26.377066,train
6033,57.60964815073893,57.456215,train
2596,18.410392489338367,18.352495,train
4307,33.68194038041301,33.574646,train
1122,45.86867632984527,45.80865,train
4798,43.89276208114751,43.813015,train
3408,43.96685895132765,43.9997,train
3491,67.68592624937482,66.890945,train
1841,23.49527343749657,23.067776,train
1293,33.80632160791412,33.826077,train
9682,60.70259297074817,60.036827,train
1629,10.866181576136574,11.0857315,train
3449,52.1882724597919,52.264107,train
4568,27.580488890378103,27.38687,train
5438,35.89458453265824,36.002308,train
4132,92.83718812970534,93.27273,train
5718,82.89063290867627,82.72013,train
1561,3.4581586320124567,3.421393,train
8713,55.50750396672584,55.304222,train
3268,48.193847475870776,47.715736,train
8900,47.70662944412462,48.234833,train
2040,36.55766700416237,36.621265,train
2104,62.34247227541656,62.084877,train
7085,24.290144191582872,24.481276,train
6342,38.05130976592272,37.799934,train
4784,42.74093636440046,42.365738,train
6576,29.61361194980204,29.055996,train
1761,9.44060281407632,9.233431,train
103,23.576423832277207,23.066483,train
6823,63.69862808262341,63.6241,train
9597,44.142694958025146,44.329388,train
5947,46.16640159983851,46.37985,train
8194,6.195413006081358,6.2395644,train
7718,75.23976726375669,76.02077,train
4822,49.79264067249439,49.29419,train
125,29.74051248250902,29.873938,train
1885,36.88683750149421,36.95354,train
3647,57.33567960931472,57.89792,train
5067,60.49974856985286,60.990765,train
9551,48.09731794409938,48.057266,train
8961,78.65994946465001,78.96713,train
5495,5.7073476784978805,5.653215,train
6222,41.86879361637958,41.949947,train
971,67.76582195473432,67.499855,train
6146,18.757694196337685,18.228716,train
3759,39.714588712138834,39.72502,train
8688,41.934150475720166,41.77068,train
633,53.87988875437848,53.445393,train
3959,16.095344812438785,16.043888,train
8267,20.876831778519826,20.720026,train
6021,54.343834943578464,54.004936,train
4761,41.645435649307146,42.06511,train
7615,121.93978085807994,120.94038,train
7522,33.84919070959732,33.70876,train
6017,54.343834943578464,54.535572,train
7001,64.47891927372373,64.18475,train
8767,26.96403555997163,26.773903,train
787,15.25551003706567,15.145968,train
9199,9.639758262038976,9.531351,train
7904,39.97709071985155,39.713936,train
3588,50.81546319889285,50.918262,train
1295,33.80632160791412,34.030567,train
8378,95.27995050133204,95.84875,train
3448,52.1882724597919,52.15012,train
5082,69.52443467054255,68.73867,train
6189,29.64536869515821,29.382298,train
8411,80.93195157639853,80.66638,train
5025,47.90717594953969,47.415375,train
5857,80.38417842857004,80.68596,train
1437,19.88254698172465,20.08489,train
9084,61.58862010726623,61.803833,train
7815,22.272090330468416,22.358898,train
5216,91.48707426187316,91.20221,train
9285,30.98055959686801,31.03109,train
3667,63.03546714128211,62.688423,train
5417,27.64203408942484,27.688116,train
3418,45.33505299506575,44.807426,train
9629,47.133068609098046,46.445286,train
7190,59.7691504523924,59.22929,train
5807,71.1788904661776,71.76053,train
3579,51.27183872069076,51.586586,train
167,47.18792608651206,47.684364,train
6370,43.604537301970495,43.223824,train
3967,17.470580500291586,17.25004,train
9641,48.98294327716477,48.06214,train
1253,21.10753296824097,21.08262,train
7241,16.975732746562212,16.53274,train
2808,68.84101050877996,69.25117,train
3193,24.32361434030205,23.86263,train
647,52.42282758556679,52.186737,train
2607,20.35011655324132,20.758392,train
8643,29.06965915816568,28.586777,train
8399,84.82941053361527,84.5718,train
7447,17.802838393569143,17.768976,train
9052,57.32052974796355,57.097244,train
2988,39.58246569836199,39.841362,train
6127,15.32505155793123,15.01522,train
5036,50.36822432825774,50.73087,train
8036,117.40677602978512,117.25739,train
9015,58.75187514946885,58.557785,train
2863,71.5754951038172,71.50665,train
1636,12.84232439733848,12.788139,train
2156,39.9122322296036,39.791042,train
1704,35.50021419741392,35.448284,train
2748,84.68966957236185,84.72293,train
3177,22.96300215722337,23.14913,train
5961,45.5844800104469,45.806595,train
8995,62.728531916763785,62.611504,train
1012,18.39258389219694,18.168217,train
2897,81.68034630091823,81.96932,train
2601,20.35011655324132,20.461288,train
357,52.53837345661387,52.69599,train
3373,43.08766775675223,42.939304,train
4688,65.71211047881111,65.968796,train
4486,62.97857785185516,62.781536,train
4166,81.32847275704384,80.1961,train
4523,26.27774637739397,26.304693,train
3537,57.94439444918156,58.737617,train
4479,57.52783269763999,57.63297,train
1407,16.044385727383865,16.21792,train
5980,46.3112758194042,46.19379,train
1214,12.746987748176158,12.752342,train
223,16.580442267821432,16.452105,train
8839,29.98939864814341,30.039875,train
1455,23.94330432520524,23.793396,train
9192,8.261733441182077,8.245908,train
6010,51.56721782835394,51.749653,train
2571,15.305078539047836,15.151636,train
5076,64.79814321670308,64.814384,train
1870,33.01058316013917,32.208054,train
7526,37.34981601437241,37.049446,train
1209,11.18791207232073,11.938895,train
3517,64.73848377953358,64.574715,train
8768,26.96403555997163,26.902388,train
924,40.07578418861009,40.154793,train
4208,74.59089711105786,74.94663,train
6764,35.291818684332966,35.55233,train
4404,33.19906877493806,33.322273,train
6176,26.379385371737182,25.741686,train
563,51.62368232987836,51.609177,train
782,15.25551003706567,15.251522,train
5206,93.24564903744712,93.233284,train
5766,72.36566593741946,72.478485,train
4722,44.49890398494616,44.040314,train
7198,64.9995160823615,64.87265,train
8059,101.40176125573278,101.938545,train
6935,35.00421894076243,35.080963,train
8559,15.852564897119404,15.7790575,train
4243,76.01605659237786,75.87113,train
3894,72.45802892437682,72.41372,train
4818,47.41366181194388,48.04715,train
5534,10.08763188618742,9.733157,train
9704,69.08590381003984,69.07782,train
8822,28.47584423013329,28.55732,train
1242,18.66092106399767,18.480268,train
1721,45.58658638504512,45.398323,train
7239,16.975732746562212,16.995222,train
5483,5.091939691204205,5.0684266,train
9297,40.07261089859568,39.92973,train
669,51.178876353782414,51.744194,train
1111,41.64122645814851,41.43647,train
4732,43.11226770189285,42.9483,train
4454,48.18738999708176,48.00229,train
3069,54.96304235845186,54.659485,train
9593,44.00424827634543,44.425884,train
8441,73.5169788308657,73.81759,train
1062,26.19775839899175,26.125662,train
6450,74.77670776968583,74.3213,train
5260,90.1171147731606,90.07986,train
911,35.981448551423625,35.784935,train
9314,45.337607508895246,45.559776,train
3596,50.80634979191847,51.063587,train
3292,58.38918889666684,58.411263,train
1490,36.2454236303737,35.817318,train
7150,42.42789452698618,42.14024,train
8803,26.553718966906143,26.641888,train
5118,146.55486384356334,146.4423,train
959,55.18556761084572,55.616653,train
8967,73.51559700874873,73.718216,train
4498,68.93732865925253,69.090645,train
7697,76.10966096775293,76.8021,train
2613,22.56958769006692,22.713652,train
3138,20.5747960352812,20.692526,train
667,51.178876353782414,51.71149,train
1973,21.36043408888519,21.225075,train
952,55.18556761084572,54.824482,train
1359,63.82957422309615,64.31095,train
4814,47.41366181194388,46.992973,train
2324,73.95193879191451,73.73575,train
9324,51.126946112451705,51.2426,train
6807,57.9723445544333,57.84738,train
2009,26.100293358639703,26.438297,train
7402,64.0803395705165,64.14674,train
6072,75.02114224725477,75.37266,train
4037,34.84320820810721,34.58738,train
9579,44.30808172311328,44.20611,train
132,33.42260983239122,33.174488,train
3626,53.40846483029395,52.990814,train
4516,26.72477238199726,26.481659,train
6616,47.9150270565331,47.055378,train
2266,50.06812082695872,49.819275,train
3616,52.104444542417454,52.149612,train
2095,57.18133790919997,56.96747,train
4733,43.11226770189285,42.965107,train
4379,29.26884675672315,29.190336,train
2136,78.7976489697884,78.74826,train
3529,61.0022870838277,61.78309,train
4751,41.70839840464368,42.055737,train
3649,57.33567960931472,56.831074,train
1965,20.345033900190963,20.225687,train
172,52.780543305921256,52.481396,train
525,31.4837449181509,31.681992,train
9116,70.30262091082997,69.79924,train
1735,51.37961257023424,51.39033,train
3566,52.18837923715673,51.599445,train
8298,31.37922589982488,31.392292,train
765,73.97103175765946,73.76958,train
4212,74.22415281450986,74.43909,train
4125,98.2154014561832,98.48845,train
8236,13.453543317986504,13.307176,train
1983,22.658950964078755,22.528812,train
3475,63.1680830874002,63.415237,train
5137,127.16182006600462,126.93587,train
338,43.57674488134622,43.870926,train
5239,89.76736722751878,90.09473,train
3248,39.82547873669989,39.764053,train
1470,29.346331511874943,28.86885,train
4717,46.391301744318085,45.92424,train
4255,77.52447914202958,77.24002,train
991,16.913554365993143,17.004414,train
4765,41.645435649307146,41.68797,train
5236,89.76736722751878,89.68001,train
8421,77.79019270718537,77.893974,train
5170,107.32601858936177,107.499825,train
4469,52.60069880564436,52.767338,train
81,18.85539645484105,18.545708,train
2945,43.45206887144879,42.933716,train
3734,41.19267142522618,40.869534,train
3557,53.584944988599865,52.9985,train
238,17.75661321676694,17.62742,train
8889,43.63794122524664,43.68395,train
7024,75.23965918699078,75.25241,train
2921,48.18612646210156,48.3816,train
4472,57.52783269763999,57.35617,train
8147,90.55535075755104,90.65342,train
6238,52.18749606691912,51.952408,train
6327,36.94310571922444,37.09698,train
9330,57.4770327849973,57.5228,train
8322,40.44917533424408,40.751225,train
5013,45.89202024796605,45.105446,train
585,71.98462739387922,71.85587,train
623,55.95115332265876,55.62417,train
9488,53.97535048970737,53.632656,train
6873,21.641072027966302,21.512665,train
5533,10.08763188618742,9.767312,train
2524,62.515922349411625,62.578426,train
4396,31.4947609089151,31.091915,train
7212,70.52627414753184,70.34469,train
6635,53.70058276989914,54.208782,train
4335,29.39069021010772,29.57076,train
9589,44.00424827634543,44.014282,train
5129,136.11990722925268,136.02394,train
1250,21.10753296824097,20.587116,train
3620,52.104444542417454,51.76199,train
2211,40.259092491267545,40.01937,train
7542,41.22258538401052,41.301426,train
6559,22.95430108855717,22.698544,train
6501,10.455577179377302,10.305097,train
5568,15.832987467777208,15.745756,train
5104,173.02629337346764,173.73259,train
8344,51.45864447841361,51.457542,train
3856,55.05988890318878,55.06398,train
2096,57.18133790919997,57.05352,train
9068,58.24175655774608,57.702896,train
5291,4.614697275141552,4.6024218,train
5822,73.587307090697,73.4208,train
4333,29.39069021010772,29.399042,train
7182,54.8905830653327,54.934036,train
717,56.80098396250919,55.929344,train
3216,28.031486406087428,28.937668,train
1883,36.88683750149421,36.811802,train
3128,20.723513448948488,20.578362,train
6258,64.26236510384142,64.302376,train
2423,20.142286163199543,20.208588,train
4517,26.72477238199726,26.506248,train
1258,21.10753296824097,21.58313,train
9087,61.58862010726623,61.106632,train
6019,54.343834943578464,54.314564,train
8504,76.00671399435468,75.793465,train
8442,72.29320847026757,72.759476,train
7878,33.9910948271814,33.99403,train
7018,75.23965918699078,75.229576,train
6114,13.096324205092191,13.244935,train
1045,22.29241191864729,22.02019,train
5599,24.29149336117945,24.615417,train
45,13.087714746263474,12.923605,train
3067,54.96304235845186,55.16566,train
1238,16.464863572722376,17.058685,train
9498,58.87425460454851,58.587593,train
2284,56.555790586714224,55.875298,train
9487,53.97535048970737,54.0359,train
8617,22.6289298038926,22.60604,train
6748,31.975861991771684,31.508614,train
2349,9.359426092702076,9.172948,train
1694,31.14310306496106,31.107323,train
8966,73.51559700874873,74.41392,train
9671,57.12333038923778,56.804615,train
7158,46.22699972172253,46.349697,train
2617,22.56958769006692,23.342468,train
4536,26.14372026492268,26.109428,train
486,18.16883094295837,18.108469,train
3240,36.28660390165627,36.13246,train
4896,77.68275834818854,77.76983,train
598,66.58516636474155,66.13204,train
3574,51.27183872069076,51.335342,train
5991,47.53432583996549,47.378765,train
9021,57.60787852380753,57.76204,train
1510,44.816515044884014,44.23604,train
6427,64.95566127753861,64.56968,train
3046,45.95204798649222,46.094803,train
1770,10.55089264296189,9.994289,train
7879,33.9910948271814,33.61893,train
5111,158.73631998820795,158.56602,train
5712,87.33841255063824,87.630615,train
8564,16.510456846670284,16.59711,train
9598,44.142694958025146,44.024757,train
5951,46.16640159983851,46.087067,train
7519,33.84919070959732,33.669353,train
3451,52.1882724597919,52.024094,train
5314,6.223107400441468,6.2884426,train
6565,22.95430108855717,23.49396,train
7832,24.262113611282484,24.090162,train
2465,32.24368576562934,32.63177,train
1651,17.620308438619823,17.553198,train
8735,66.62708274696202,66.64294,train
511,27.58431117345385,27.237906,train
1785,11.806010746932552,11.6684,train
7657,86.16482955753006,86.74698,train
9102,66.92157804062985,67.176125,train
9469,45.377471796299,45.2538,train
3561,53.584944988599865,52.82894,train
485,18.16883094295837,18.224817,train
7538,41.22258538401052,40.977142,train
4168,81.32847275704384,81.09618,train
4098,64.16665709294357,64.185486,train
1980,22.658950964078755,22.874727,train
7833,24.262113611282484,23.864841,train
209,14.853773920970784,14.996575,train
6622,47.9150270565331,48.374695,train
7918,47.29742398296997,47.340298,train
536,35.8081459962377,35.79054,train
6022,54.343834943578464,53.987766,train
3525,61.0022870838277,60.96202,train
4999,44.3150442339094,44.522095,train
5072,64.79814321670308,64.58638,train
8938,68.99666759264976,69.065674,train
5171,102.64150512184672,103.37867,train
7572,55.29965642696082,55.12487,train
8636,26.65121517352357,26.614815,train
9506,58.87425460454851,59.469982,train
2922,48.18612646210156,48.576466,train
7284,20.55365487758599,20.495638,train
5644,46.18443363933325,46.108154,train
2710,64.20508504671946,63.924583,train
9549,48.09731794409938,48.057293,train
2303,64.57695773677871,64.24897,train
5632,40.903222959927845,40.764133,train
2920,48.18612646210156,48.22641,train
7876,31.46935423226826,32.050625,train
7804,21.670238166153503,21.702654,train
2653,34.608236450110745,34.741318,train
5292,4.614697275141552,4.6024218,train
5099,173.02629337346764,173.63377,train
857,19.773550055621044,19.948427,train
1260,23.82470993800484,23.279291,train
2257,47.39132880100697,47.23186,train
1496,36.2454236303737,36.703903,train
1025,19.453992241773605,19.340881,train
1123,45.86867632984527,45.775463,train
108,23.576423832277207,23.950392,train
96,21.046615126723125,21.671175,train
1716,40.30436750873707,40.355213,train
626,55.95115332265876,55.84724,train
1251,21.10753296824097,20.587116,train
6039,61.34974693767026,61.109215,train
8538,83.53755060546025,83.34651,train
2512,56.27923081040397,56.128468,train
3353,45.56874045695812,45.301136,train
2199,39.33265262833491,39.38976,train
5917,52.60873127102636,51.785694,train
4594,31.8813592557466,31.735537,train
8730,60.86470279221393,61.128296,train
2760,80.21331586375474,79.57527,train
58,14.11530105008021,14.104659,train
9006,60.4491784254586,60.268513,train
8031,117.40677602978512,117.60589,train
7834,24.262113611282484,24.078053,train
5257,90.1171147731606,89.91381,train
7758,80.10051029183403,80.20358,train
1126,45.86867632984527,46.52017,train
8226,11.549535252517238,11.167863,train
581,71.98462739387922,71.71719,train
316,36.03232429587871,35.74517,train
4725,44.49890398494616,44.107437,train
3602,50.80634979191847,51.387714,train
3112,73.44849628959864,73.3526,train
868,21.58318403060131,21.803385,train
1167,67.12941924665816,67.10677,train
5361,13.515426780327186,13.414158,train
3052,48.49994200119764,48.6594,train
8908,52.266178199274464,52.43657,train
6341,38.05130976592272,37.92223,train
3369,43.08766775675223,43.129692,train
6171,23.48793461229637,23.636826,train
8303,31.37922589982488,31.226181,train
7730,75.68706198484644,75.81257,train
3072,54.96304235845186,55.197685,train
9312,45.337607508895246,45.56689,train
6013,51.56721782835394,51.567123,train
718,56.80098396250919,56.541157,train
8923,62.91662745987684,62.194916,train
3152,20.72503526744455,20.793444,train
9611,44.7130602082412,45.097626,train
3200,26.008581845215858,25.853405,train
8953,78.65994946465001,78.17541,train
3244,36.28660390165627,36.401424,train
8658,31.78624470110975,31.875473,train
1320,46.97639691288464,46.27428,train
1879,33.01058316013917,33.584995,train
3949,14.944624315127582,14.691687,train
6914,29.406568716475963,29.509634,train
6106,13.096324205092191,12.855095,train
9627,47.133068609098046,46.960064,train
4416,35.31334920409292,35.067497,train
8678,38.19733383832723,38.243214,train
7806,21.670238166153503,22.026747,train
7909,43.465076893454565,43.362644,train
2831,68.43192554409117,68.57822,train
1884,36.88683750149421,36.85408,train
7223,16.82566597126998,17.036436,train
4683,65.71211047881111,65.47952,train
8517,78.23957030362628,77.99211,train
7053,20.126200689915567,20.062845,train
3364,44.06518747198716,43.922756,train
3182,22.96300215722337,22.670776,train
4017,28.30389810587354,28.069641,train
432,8.643886071116775,8.548162,train
2253,47.39132880100697,46.383064,train
9334,57.4770327849973,57.591908,train
4655,50.51324652206503,49.946873,train
8787,26.05297410894394,26.254868,train
4373,29.26884675672315,29.383953,train
3320,53.80288353083432,53.544064,train
9355,22.96251160331823,23.01246,train
317,36.03232429587871,36.20251,train
4805,45.44891159516804,45.387497,train
8202,7.23635652187556,7.453521,train
7555,45.49093035361841,46.203186,train
1471,29.346331511874943,29.00312,train
7303,24.08136518403247,24.239716,train
8833,29.98939864814341,29.877869,train
5773,71.2717510610775,71.173,train
8830,28.47584423013329,28.336586,train
6332,36.94310571922444,36.79978,train
7428,15.270791663402616,15.192292,train
7016,75.23965918699078,75.22443,train
854,19.773550055621044,19.382545,train
1541,61.21209743760832,60.28388,train
3402,43.05395496236608,43.262924,train
7226,16.763039606912137,16.458803,train
4759,41.645435649307146,42.074463,train
1023,19.453992241773605,19.527687,train
5912,56.75820297103196,56.230286,train
607,62.20643544097513,61.818264,train
2366,10.30229168567732,10.506449,train
4377,29.26884675672315,29.042528,train
5863,83.18520635490366,82.884384,train
2369,11.411319896017613,11.05626,train
7167,50.37757456342593,50.53519,train
4696,71.63382197447152,71.78823,train
1917,50.99059738000766,51.0824,train
8130,89.38401259047933,89.086586,train
6296,35.919888386123255,35.89938,train
2390,14.205163328674734,13.803523,train
7738,76.67590826543987,76.84251,train
3337,47.64390488072358,47.670525,train
3101,68.18944750337921,67.6444,train
6093,12.048441360575485,12.290911,train
6630,53.70058276989914,53.697803,train
5419,27.64203408942484,27.70394,train
1530,55.24750408842497,54.788948,train
6399,52.561077422993925,52.41148,train
1940,19.218975308854805,19.109621,train
4406,33.19906877493806,33.472237,train
926,40.07578418861009,40.20512,train
2640,31.08635774141885,30.664946,train
1632,12.84232439733848,12.8175535,train
9175,6.135513977166935,6.2160425,train
1235,16.464863572722376,16.497818,train
1475,29.346331511874943,29.387644,train
3631,53.40846483029395,52.630413,train
897,29.07243954885766,29.23612,train
97,21.046615126723125,21.687614,train
3918,12.71161501625575,12.663406,train
2570,15.305078539047836,15.317479,train
2007,26.100293358639703,25.747082,train
9581,44.30808172311328,44.26496,train
9055,57.32052974796355,57.959,train
1322,46.97639691288464,46.88778,train
8925,62.91662745987684,62.694164,train
5368,13.515426780327186,13.525985,train
2855,70.04973728656218,69.822975,train
4075,52.63105760281615,52.294376,train
6999,64.47891927372373,64.28294,train
664,51.178876353782414,51.05988,train
4839,55.81576581046008,55.89293,train
6596,37.85744042223983,37.348083,train
3633,53.40846483029395,54.45215,train
7960,66.11854958927282,66.05514,train
3409,43.96685895132765,43.65601,train
7902,39.97709071985155,39.62655,train
5320,6.223107400441468,6.3601747,train
3346,45.56874045695812,45.651573,train
1190,9.80498597022772,9.54423,train
4497,68.93732865925253,69.101494,train
5126,136.11990722925268,135.12737,train
1779,10.55089264296189,10.99134,train
6867,21.641072027966302,21.582449,train
6070,75.02114224725477,74.83668,train
9281,30.98055959686801,31.040857,train
7590,66.87001827651024,67.06984,train
3661,59.96410273050301,59.69845,train
7622,111.84710803127729,112.34842,train
7355,38.89758247257099,39.447895,train
1100,37.821147868763056,37.67864,train
3366,43.08766775675223,43.483406,train
6692,19.72686773316085,19.615019,train
9256,20.48518085914746,20.74154,train
2752,84.68966957236185,85.2524,train
9570,45.07158814655721,44.5814,train
5854,80.38417842857004,80.2732,train
5243,89.71465856252216,89.761345,train
8593,19.569342060613856,19.54357,train
1809,14.826986961109265,15.189556,train
3117,21.180760095669328,21.01237,train
2762,80.21331586375474,80.342766,train
2299,64.57695773677871,64.673325,train
6765,35.291818684332966,35.581486,train
4918,49.932213400866985,50.312244,train
1789,11.806010746932552,12.562093,train
6394,49.19054255336955,49.412357,train
1916,50.99059738000766,51.10286,train
3203,26.008581845215858,25.744774,train
1156,61.1611141293481,61.329315,train
9041,56.9037654355777,57.094055,train
1727,45.58658638504512,46.09313,train
838,17.08153188674368,17.421791,train
9099,64.01007406503007,63.84651,train
4904,53.06450082892232,53.2556,train
989,16.4733155489327,16.904318,train
8954,78.65994946465001,78.075325,train
7237,16.975732746562212,16.862223,train
5464,51.79087976743877,51.451103,train
6276,37.38629228613615,37.21659,train
2170,38.59019696142197,38.72542,train
5875,85.74446614598416,85.890564,train
8626,24.51074960846983,24.421587,train
6031,57.60964815073893,57.561802,train
5256,90.1171147731606,89.87641,train
1880,36.88683750149421,36.521927,train
834,17.08153188674368,16.957138,train
5768,71.2717510610775,71.44949,train
6150,18.757694196337685,18.593771,train
8426,75.33592393483191,74.56212,train
7861,29.24597298712641,28.62576,train
6226,46.80432287514404,45.976917,train
7289,22.16279124005809,21.734116,train
5954,46.16640159983851,46.016495,train
10,11.464931301901116,11.457476,train
4084,58.17275977409735,57.82951,train
7602,148.82757757512883,148.71587,train
4832,52.59176301891893,52.546154,train
8780,26.32965646643661,26.377562,train
2070,47.871591931834594,48.082764,train
1748,57.71719116717853,57.923664,train
6701,20.909816172153874,20.749743,train
7126,35.822770102044714,35.771866,train
6027,57.60964815073893,57.637928,train
8185,5.319943445303664,5.3510833,train
862,21.58318403060131,21.41784,train
6280,37.38629228613615,37.04322,train
449,10.035121137450265,10.424831,train
5652,51.97277860724665,51.765636,train
3480,63.1680830874002,62.993797,train
1371,14.715962749527916,14.634719,train
4271,81.70522876686431,82.0885,train
7777,84.75534758997657,84.92531,train
4934,45.39934030250557,45.08817,train
2566,14.110193568812534,14.362766,train
6306,35.86295586622186,35.87985,train
3139,20.5747960352812,20.686306,train
4400,31.4947609089151,31.78429,train
1907,45.85107845908806,46.01447,train
6646,18.51668839022279,18.484716,train
3242,36.28660390165627,35.91247,train
2358,9.359426092702076,9.63384,train
8690,41.934150475720166,42.57377,train
4456,48.18738999708176,48.201553,train
735,62.36217072729759,62.403233,train
131,33.42260983239122,33.079376,train
2654,34.608236450110745,34.498367,train
8148,90.55535075755104,90.68076,train
2614,22.56958769006692,22.751148,train
5544,11.737430167438465,11.550605,train
3356,44.06518747198716,43.50871,train
7218,16.82566597126998,16.555998,train
7023,75.23965918699078,75.0932,train
2446,25.51789125655092,25.58135,train
5608,27.821975663371607,28.000826,train
2582,16.733837753795683,16.525677,train
3407,43.96685895132765,44.05674,train
3398,43.05395496236608,43.202953,train
902,32.321144147753046,31.987331,train
4743,42.19129004147142,42.096905,train
4521,26.27774637739397,26.653053,train
80,18.85539645484105,18.545708,train
1876,33.01058316013917,32.96165,train
7678,79.60001023359403,79.480484,train
5603,27.821975663371607,27.612612,train
1784,11.806010746932552,11.514729,train
2625,25.086389603284896,25.149868,train
2396,14.205163328674734,14.575162,train
5789,70.69836122667067,70.96108,train
9509,64.15740236185155,63.976536,train
2610,22.56958769006692,22.18153,train
1536,55.24750408842497,55.274254,train
5504,6.50192593863681,6.4924126,train
2874,73.5520442092406,73.23691,train
1358,63.82957422309615,63.761242,train
7802,21.670238166153503,21.399239,train
8407,80.93195157639853,81.624596,train
630,53.87988875437848,53.83453,train
3957,16.095344812438785,16.312891,train
727,59.349496697382925,59.03737,train
6791,47.66338038312279,47.418648,train
2618,22.56958769006692,23.18668,train
5523,8.676840647825152,8.50647,train
6742,29.044398074352745,28.938488,train
4816,47.41366181194388,46.791782,train
3019,42.16075780063652,42.01409,train
8280,24.001378700581864,23.903767,train
6207,37.37312957428336,37.069756,train
5733,79.2410546173472,79.22906,train
7095,26.096811792089195,26.683321,train
1414,17.038797527529596,16.9386,train
6680,18.87926170835041,18.921537,train
740,65.82792957452513,65.81045,train
2970,39.87778416712277,39.71734,train
7094,26.096811792089195,26.064274,train
8745,29.365339437277093,28.853527,train
4009,25.54764652659833,25.722761,train
8244,13.453543317986504,13.495095,train
7253,17.45833241679095,17.707079,train
7213,70.52627414753184,70.52616,train
6438,69.76848318728358,69.65298,train
9004,60.4491784254586,59.631195,train
6595,33.523613372673765,34.344677,train
4386,30.187982613749504,29.899632,train
7489,25.34338762867145,24.635027,train
425,7.469930006749854,7.6004276,train
8823,28.47584423013329,28.508312,train
841,18.27799290167712,18.103546,train
9129,74.10066098763063,73.84816,train
8177,5.319943445303664,5.310665,train
7000,64.47891927372373,64.24944,train
2382,12.70566828847207,12.251,train
5454,45.97882787803568,45.840782,train
3803,41.26333268116094,41.35219,train
3646,57.33567960931472,58.030285,train
9596,44.142694958025146,44.19531,train
9708,73.77371393862427,73.595276,train
821,16.171440019658952,16.12736,train
5069,64.79814321670308,64.48538,train
2183,38.49172622988656,38.583282,train
9603,44.142694958025146,44.737347,train
3939,14.004546189062298,14.160001,train
6662,18.24242596386917,17.99996,train
8068,97.72361435380132,97.755226,train
2090,57.18133790919997,57.220264,train
8128,89.38401259047933,89.58844,train
1283,30.153068904468267,30.320734,train
6108,13.096324205092191,12.986804,train
7381,52.63724913071349,52.766495,train
245,19.150990033213944,18.91331,train
8875,40.04086667514645,39.746777,train
2593,18.410392489338367,18.683388,train
8847,31.887203302864805,32.05247,train
3375,42.60532086197436,42.68937,train
2995,39.58246569836199,40.140476,train
4678,60.186503046491815,60.22605,train
1692,31.14310306496106,31.13125,train
5804,71.1788904661776,71.07222,train
3590,50.81546319889285,51.270763,train
4857,59.46582112338208,59.327812,train
2480,40.51733602903463,40.63504,train
5066,60.49974856985286,61.227047,train
1103,37.821147868763056,37.8038,train
4687,65.71211047881111,65.6909,train
2016,28.253085186388866,28.135275,train
2772,76.57252123986207,77.05345,train
2139,78.7976489697884,78.986435,train
2665,38.50444769785762,38.554295,train
6373,43.604537301970495,43.201775,train
155,42.117719046176674,42.268734,train
8628,24.51074960846983,24.742048,train
8208,8.462152429232523,8.264818,train
6348,39.53055859179817,39.71427,train
7872,31.46935423226826,30.8615,train
6209,37.37312957428336,36.943924,train
8144,89.83454371793471,89.87269,train
7201,64.9995160823615,64.886894,train
7503,27.8694620307488,28.114168,train
6285,37.38629228613615,37.530952,train
9122,74.10066098763063,74.14159,train
4844,55.81576581046008,55.715633,train
7072,22.701604648528324,22.491848,train
6681,18.87926170835041,18.68603,train
7460,19.34715525293678,18.954578,train
8779,26.32965646643661,26.622808,train
4871,67.99832264808245,67.93015,train
2384,12.70566828847207,12.715271,train
2708,58.20123238702953,58.554504,train
2893,78.69801313043334,78.63371,train
7350,38.89758247257099,39.022186,train
7541,41.22258538401052,41.37171,train
3452,52.1882724597919,52.08787,train
154,42.117719046176674,42.130054,train
2383,12.70566828847207,12.471637,train
8159,91.1828236948467,91.28243,train
5254,90.1171147731606,90.42293,train
732,62.36217072729759,62.99355,train
3521,64.73848377953358,64.081276,train
5825,73.587307090697,73.541954,train
2714,64.20508504671946,64.137985,train
9093,64.01007406503007,64.42677,train
7238,16.975732746562212,16.931557,train
6116,14.063861465039476,14.041536,train
3300,64.18571344380074,64.154564,train
9139,78.16737146241204,78.72398,train
4589,30.11289053476736,29.994228,train
3419,45.33505299506575,44.838814,train
2036,33.47009915314734,33.094696,train
5433,35.89458453265824,35.74541,train
5098,173.02629337346764,173.52628,train
5007,44.3150442339094,44.523315,train
4245,76.01605659237786,75.81123,train
1873,33.01058316013917,33.214237,train
4450,44.27084024557077,44.402332,train
2730,96.66054245190286,96.86444,train
808,15.174151766060591,15.317594,train
4088,58.17275977409735,58.114414,train
6198,33.30405815299064,33.102123,train
4302,33.68194038041301,33.775723,train
8206,8.462152429232523,8.218297,train
3989,20.95823822579033,20.710278,train
6926,35.00421894076243,35.237175,train
6566,26.099438373019023,25.575201,train
4958,42.30109028988361,43.08173,train
9140,78.16737146241204,78.81746,train
2249,47.39132880100697,48.423935,train
48,13.087714746263474,13.224269,train
1151,61.1611141293481,60.92391,train
3503,72.53577771843293,73.02538,train
6729,26.484024368396327,25.902899,train
6706,22.42665956361704,22.48756,train
6655,18.51668839022279,18.569893,train
6372,43.604537301970495,43.754883,train
3792,40.32326339550391,40.410866,train
5274,91.77117363602072,91.67155,train
1175,7.500740525635853,7.613386,train
2174,38.59019696142197,38.613136,train
6228,46.80432287514404,46.56722,train
6477,8.174317370228692,7.9955955,train
4955,42.87693420783952,42.83734,train
2269,53.12049932369545,53.473118,train
5400,20.982552337282897,21.002398,train
4038,34.84320820810721,34.785088,train
6938,38.259699949941485,38.33837,train
9198,9.639758262038976,9.635881,train
9375,23.6532273935958,23.527409,train
1585,5.212225480475277,5.243533,train
3109,73.44849628959864,73.20149,train
6065,70.13557868690133,70.45064,train
3975,19.0858907744892,18.924269,train
3822,44.27268123238265,44.10112,train
7088,26.096811792089195,25.975433,train
436,8.643886071116775,8.83473,train
3840,48.84487411254294,48.64612,train
9456,38.33956461027205,39.090687,train
5016,45.89202024796605,45.543407,train
3477,63.1680830874002,62.596664,train
7367,47.60983436719194,47.01274,train
1187,8.581296016351208,8.699778,train
1702,35.50021419741392,35.422813,train
4564,27.580488890378103,27.507832,train
1352,63.82957422309615,63.9713,train
8026,124.675830889654,124.06788,train
4592,31.8813592557466,31.481213,train
9321,51.126946112451705,51.193226,train
2834,68.43192554409117,68.57935,train
3087,63.31482432217717,63.08232,train
8496,74.18155972707093,74.083984,train
1913,50.99059738000766,50.74898,train
6242,52.18749606691912,52.420925,train
9483,49.47664412753195,49.28576,train
7928,51.4820311150869,51.52148,train
5645,46.18443363933325,46.084663,train
4695,71.63382197447152,71.56088,train
3669,63.03546714128211,62.572853,train
1016,18.39258389219694,18.159885,train
5114,158.73631998820795,158.56602,train
7905,39.97709071985155,40.088924,train
8101,90.8660920550722,90.46383,train
506,24.08255825230725,24.135492,train
3331,50.356769966363984,50.848885,train
387,68.65315573513477,68.79459,train
2492,45.29905670360103,45.063908,train
1046,22.29241191864729,21.929379,train
6795,47.66338038312279,48.20865,train
6148,18.757694196337685,18.441813,train
9478,49.47664412753195,49.323036,train
0,11.37918153927572,11.320093,train
3367,43.08766775675223,43.256886,train
3118,21.180760095669328,21.057713,train
5089,74.57648935728871,74.08963,train
6056,70.13557868690133,69.799515,train
5318,6.223107400441468,6.3580317,train
6434,64.95566127753861,65.24445,train
7629,111.84710803127729,111.92558,train
7422,14.243709536497072,14.266572,train
4259,77.52447914202958,77.36229,train
2508,50.54520953102328,50.763123,train
9036,56.99655317923613,57.799973,train
2023,30.70592042906157,30.60861,train
7650,90.8101911417485,89.77358,train
8646,29.06965915816568,29.13377,train
1221,14.49986413953364,14.068245,train
6535,15.48067471487008,16.036757,train
6538,17.669242814490573,17.24079,train
9711,73.77371393862427,73.55206,train
1623,10.866181576136574,10.865429,train
4500,68.93732865925253,69.27044,train
1413,17.038797527529596,16.963076,train
3752,40.257908447982594,40.72261,train
5127,136.11990722925268,135.76645,train
4314,31.81177091074735,31.455725,train
2429,22.67323124124311,22.061157,train
4664,55.11750370348744,54.979786,train
2067,43.74916483500652,43.217,train
139,33.42260983239122,34.075005,train
3310,70.3977760015761,70.13031,train
4766,41.645435649307146,41.456436,train
6097,12.421949679699392,12.316442,train
7536,41.22258538401052,40.647045,train
6880,23.1671333522179,22.890366,train
8756,27.96885187619396,27.793982,train
8316,40.44917533424408,40.18243,train
4091,58.17275977409735,58.255123,train
8652,31.78624470110975,31.501947,train
3812,42.57735025578194,42.321255,train
4401,33.19906877493806,33.51907,train
2186,38.49172622988656,38.871128,train
2529,11.818872791868523,11.810411,train
6144,16.886178376835435,17.155592,train
5550,11.737430167438465,12.424729,train
7135,35.822770102044714,36.565872,train
9332,57.4770327849973,57.5228,train
4310,33.68194038041301,34.980278,train
2212,40.259092491267545,40.326206,train
3708,79.05853392344162,79.08597,train
9562,46.321532277120944,46.39285,train
1616,9.135860967288092,9.098537,train
2716,64.20508504671946,64.116295,train
1073,28.596873846248613,28.401772,train
9333,57.4770327849973,57.5228,train
8149,90.55535075755104,90.58104,train
3482,63.1680830874002,63.74175,train
7261,18.211477627421544,17.93156,train
7820,23.136574168441147,23.19187,train
5334,8.498890313327536,8.326262,train
6526,15.48067471487008,15.131742,train
5767,72.36566593741946,72.55955,train
2044,36.55766700416237,35.88004,train
7280,20.55365487758599,20.388842,train
3518,64.73848377953358,65.77697,train
7627,111.84710803127729,111.730484,train
6117,14.063861465039476,14.040166,train
2848,70.04973728656218,69.90406,train
1009,17.54994350577995,17.794626,train
4055,42.89566569384836,42.353558,train
1011,18.39258389219694,18.274933,train
3269,48.193847475870776,47.995483,train
5480,58.16441612968519,58.51471,train
2026,30.70592042906157,30.588346,train
1822,18.66517816301845,18.465624,train
5090,74.57648935728871,74.22587,train
8773,26.32965646643661,26.512188,train
2881,75.94626538222178,75.63727,train
1095,34.38777831006773,34.220234,train
3326,53.80288353083432,54.873802,train
483,18.16883094295837,18.104889,train
5000,44.3150442339094,44.284367,train
5506,6.50192593863681,6.513456,train
8677,38.19733383832723,37.934372,train
439,8.643886071116775,8.9475355,train
4057,42.89566569384836,42.738968,train
2789,71.45632785526469,71.95902,train
7566,55.29965642696082,54.69374,train
6098,12.421949679699392,12.33524,train
9647,51.2628129982388,50.849407,train
2841,68.99619975193545,69.09184,train
2981,39.528521366508905,39.736153,train
4064,47.54319352377593,47.23148,train
8205,7.23635652187556,7.4370065,train
5108,158.73631998820795,158.49757,train
5886,78.77344906209804,78.98125,train
4234,74.95067169957674,75.178116,train
520,31.4837449181509,31.252493,train
3530,61.0022870838277,60.727314,train
6250,58.01546805593058,57.949898,train
939,44.62685449100115,44.88185,train
6947,41.83122075031758,42.02487,train
8233,11.549535252517238,11.599986,train
9544,50.45573881082557,49.977562,train
6030,57.60964815073893,57.39207,train
1117,41.64122645814851,41.9212,train
495,20.95239714368224,20.97213,train
2785,73.67669133829504,73.942345,train
7446,17.802838393569143,17.585217,train
3958,16.095344812438785,16.09697,train
4849,59.46582112338208,59.842754,train
298,29.797938650740385,30.12332,train
5597,24.29149336117945,24.499023,train
1601,7.630233866920396,7.6624527,train
8253,15.627250818874538,15.543523,train
4698,71.63382197447152,71.68329,train
3984,20.95823822579033,20.678034,train
7830,24.262113611282484,24.350588,train
119,26.46665738904841,27.179483,train
761,73.97103175765946,73.59262,train
802,15.174151766060591,15.143614,train
4462,52.60069880564436,52.45609,train
1168,67.12941924665816,67.15615,train
1125,45.86867632984527,46.17183,train
1854,26.34005571615316,26.29008,train
5737,79.2410546173472,78.80716,train
9168,6.135513977166935,6.025421,train
3824,46.35846082077317,47.06693,train
3881,62.97172274000302,62.620148,train
6845,18.78891713488035,19.33163,train
2792,71.45632785526469,71.00407,train
4423,37.852208236434834,37.595047,train
2884,75.94626538222178,75.67407,train
8789,26.05297410894394,26.495245,train
1971,21.36043408888519,21.533907,train
5764,72.36566593741946,71.967834,train
2247,45.080962845763935,45.00974,train
4354,28.56972261158429,28.897593,train
8536,83.53755060546025,83.508675,train
7080,24.290144191582872,24.09556,train
4173,78.80500521273352,78.8718,train
8868,36.89583258795231,36.53205,train
6436,69.76848318728358,69.77426,train
1220,14.49986413953364,13.737832,train
9236,15.26942589060463,15.260328,train
2370,11.411319896017613,11.059788,train
8513,78.23957030362628,78.52299,train
320,39.63341268926196,39.250687,train
6575,26.099438373019023,26.527653,train
390,5.08262043162249,5.0635266,train
3510,77.51462240012503,77.66421,train
4458,48.18738999708176,48.593,train
6329,36.94310571922444,36.891373,train
5503,6.50192593863681,6.4428916,train
3170,21.915201151198968,21.776674,train
5043,53.28328579156749,53.160816,train
1213,12.746987748176158,12.397459,train
4699,71.63382197447152,71.84106,train
1130,50.522632157242,50.036373,train
5571,18.321105476597847,18.223127,train
40,13.087714746263474,12.766264,train
6625,47.9150270565331,48.60666,train
6465,6.560545272291004,6.80115,train
4260,77.52447914202958,77.42993,train
2137,78.7976489697884,78.74826,train
2097,57.18133790919997,57.64669,train
7996,154.1130580278585,153.36394,train
3135,20.723513448948488,21.08046,train
9212,11.253266198557393,11.2798195,train
1834,20.944857525424137,21.205349,train
3041,45.95204798649222,45.78195,train
4901,53.06450082892232,52.93694,train
9584,44.30808172311328,44.02878,train
5402,24.12705487818204,24.02355,train
4973,42.16214720311456,42.213596,train
1755,8.457383680700138,8.786463,train
3676,66.54075052062102,66.03103,train
3635,55.15121777774252,55.1582,train
8952,78.65994946465001,78.26526,train
8612,22.6289298038926,22.561165,train
5354,11.601252443803698,11.413844,train
8340,51.45864447841361,51.42967,train
1298,33.80632160791412,34.1836,train
6876,23.1671333522179,23.07136,train
6125,14.063861465039476,14.4901705,train
7136,38.96541114737861,39.13419,train
474,15.707873555388897,15.749637,train
8494,74.18155972707093,74.28839,train
5258,90.1171147731606,90.09725,train
9219,13.122690726014152,13.1855955,train
5964,45.5844800104469,45.816692,train
4077,52.63105760281615,52.284824,train
3698,74.69819737409927,74.56552,train
6518,13.563674534883573,13.126202,train
2577,15.305078539047836,16.008512,train
4051,38.66939548382394,39.081528,train
8929,62.91662745987684,63.09321,train
7666,86.16482955753006,86.60696,train
3742,41.19267142522618,41.356697,train
2717,64.20508504671946,64.31075,train
6990,59.34443405671068,58.643303,train
6556,22.95430108855717,22.558151,train
9244,17.71581600660093,17.785784,train
8757,27.96885187619396,27.661701,train
1254,21.10753296824097,21.10727,train
6507,11.895866643063426,11.469142,train
6204,33.30405815299064,33.92428,train
7172,50.37757456342593,50.415718,train
3214,28.031486406087428,28.364761,train
8870,36.89583258795231,36.932365,train
9685,60.70259297074817,60.904472,train
8145,89.83454371793471,89.84705,train
2909,84.55415018616966,84.587875,train
5357,11.601252443803698,11.633174,train
1688,27.203714615567623,27.560575,train
2164,39.0547337639536,39.076096,train
1577,4.261325746131316,4.2908783,train
8958,78.65994946465001,78.48538,train
9623,45.71025634176605,45.614044,train
5869,85.74446614598416,85.57152,train
8388,89.57234360169679,90.07456,train
4524,26.27774637739397,26.323156,train
6609,42.64439390516736,42.434757,train
1040,22.29241191864729,22.442406,train
884,26.21357879858248,26.247992,train
642,52.42282758556679,52.118744,train
7754,78.16620220063061,78.08257,train
9354,22.96251160331823,23.160772,train
9214,11.253266198557393,11.475152,train
9305,40.07261089859568,40.383842,train
9484,49.47664412753195,49.544548,train
9185,7.099764588567615,7.228189,train
5646,46.18443363933325,46.156616,train
5792,70.69836122667067,70.796326,train
2622,25.086389603284896,25.02921,train
9331,57.4770327849973,57.5228,train
7952,60.909817691377626,60.798756,train
163,47.18792608651206,47.163177,train
9233,15.26942589060463,15.332845,train
8717,55.50750396672584,55.522533,train
9191,8.261733441182077,8.245908,train
8337,51.45864447841361,51.422314,train
6191,29.64536869515821,29.702652,train
4534,26.14372026492268,26.082972,train
419,6.495546871407703,6.8892713,train
1450,23.94330432520524,23.61565,train
1262,23.82470993800484,23.221603,train
5299,4.614697275141552,4.6207905,train
1195,9.80498597022772,9.937486,train
4636,42.65782617511943,42.150368,train
1549,61.21209743760832,61.802467,train
9252,20.48518085914746,20.621819,train
3024,42.16075780063652,42.138893,train
6691,19.72686773316085,19.688524,train
6350,39.53055859179817,38.751694,train
1442,21.75373160312757,21.56005,train
9241,17.71581600660093,17.640982,train
6424,60.456358375515045,60.665554,train
1662,20.46822680475041,20.3886,train
2547,12.375656037192718,12.417726,train
4237,74.95067169957674,75.03163,train
1292,33.80632160791412,33.52098,train
1276,26.832928330730127,27.136585,train
4979,42.4526762770214,42.534916,train
7934,51.4820311150869,51.674686,train
5939,47.46331387653679,46.872124,train
4827,49.79264067249439,50.05124,train
2679,47.49780676008604,47.25815,train
562,51.62368232987836,51.601704,train
8902,52.266178199274464,51.749783,train
1886,36.88683750149421,37.128883,train
6011,51.56721782835394,51.659096,train
3294,58.38918889666684,58.447983,train
5004,44.3150442339094,43.803284,train
3541,57.94439444918156,57.025204,train
4632,42.65782617511943,41.880295,train
2471,36.17425134293541,35.426743,train
4030,31.3952961586681,31.72512,train
53,14.11530105008021,13.824136,train
7118,32.98232473760113,32.92066,train
6544,17.669242814490573,18.031025,train
2809,68.84101050877996,68.68845,train
77,16.98227570806444,17.307077,train
8543,86.00802491357506,85.87306,train
5551,13.645667799055278,13.556825,train
3293,58.38918889666684,58.447983,train
6376,46.20624283129268,46.368805,train
6978,54.48981476457171,54.535866,train
6916,32.0562290792121,32.142982,train
4079,52.63105760281615,52.565777,train
2824,68.37372704417407,68.49588,train
8917,57.33334725094892,57.432266,train
4288,84.17406753255614,83.97425,train
1843,23.49527343749657,23.654076,train
3717,44.33840586431928,44.06113,train
3321,53.80288353083432,53.607822,train
496,20.95239714368224,20.950771,train
8064,101.40176125573278,101.4019,train
943,49.65683893332355,49.279396,train
6351,39.53055859179817,39.291782,train
9684,60.70259297074817,60.58539,train
1562,3.4581586320124567,3.421393,train
7898,39.97709071985155,40.029278,train
4345,28.7876459530247,28.872814,train
6685,18.87926170835041,19.075817,train
3055,48.49994200119764,48.86352,train
4780,42.74093636440046,42.780235,train
3674,66.54075052062102,66.64693,train
3119,21.180760095669328,21.108719,train
5128,136.11990722925268,135.87907,train
7943,56.02179798422955,55.734493,train
1331,52.16927260275215,52.23282,train
7581,60.8688615107876,60.833447,train
1571,4.261325746131316,4.265635,train
1200,11.18791207232073,10.5987015,train
5431,35.89458453265824,35.71994,train
6251,58.01546805593058,58.024582,train
774,78.3836967869071,78.36835,train
2528,62.515922349411625,62.768387,train
8169,4.591357452261001,4.5382957,train
7292,22.16279124005809,22.03785,train
5788,70.69836122667067,71.03034,train
5866,83.18520635490366,82.97701,train
5473,58.16441612968519,57.786797,train
4730,43.11226770189285,43.160206,train
5717,87.33841255063824,87.85899,train
3828,46.35846082077317,45.364487,train
3051,48.49994200119764,48.241047,train
2315,69.12845902908616,68.962715,train
908,32.321144147753046,32.328682,train
222,16.580442267821432,16.57853,train
1681,27.203714615567623,27.14436,train
8838,29.98939864814341,29.888603,train
7814,22.272090330468416,22.185598,train
831,17.08153188674368,16.987827,train
2268,50.06812082695872,50.67438,train
7793,21.33822320763908,21.333696,train
4111,111.93267880814516,111.94025,train
1451,23.94330432520524,23.37556,train
3982,19.0858907744892,19.371456,train
1002,17.54994350577995,17.5405,train
550,45.847583591803016,45.63354,train
8109,89.83219912234955,89.93317,train
3795,41.26333268116094,41.114243,train
9240,17.71581600660093,17.652044,train
1765,9.44060281407632,9.525867,train
1205,11.18791207232073,11.308507,train
6389,49.19054255336955,49.16791,train
998,16.913554365993143,16.98607,train
8669,34.82175318262301,34.887505,train
4641,46.36505623828396,45.897007,train
6570,26.099438373019023,25.976557,train
4685,65.71211047881111,65.44106,train
6413,56.318371719458256,56.045082,train
2149,39.9122322296036,39.85404,train
7540,41.22258538401052,41.0104,train
8352,57.77555795356668,57.834885,train
6260,64.26236510384142,64.39972,train
5363,13.515426780327186,13.39427,train
2599,20.35011655324132,20.021889,train
1754,8.457383680700138,8.732913,train
3559,53.584944988599865,53.37109,train
9224,13.122690726014152,13.313358,train
1557,67.67807296886593,67.81182,train
4900,53.06450082892232,52.866936,train
4558,26.7937603324987,26.890766,train
4477,57.52783269763999,57.548676,train
1810,16.633296025212033,16.135612,train
4511,26.72477238199726,26.903908,train
2890,78.69801313043334,78.3117,train
3995,23.10577014586598,22.690746,train
2357,9.359426092702076,9.338938,train
8013,133.10289781802356,132.82085,train
2597,18.410392489338367,18.643854,train
2751,84.68966957236185,84.568115,train
185,58.92641435780302,59.390293,train
2109,62.34247227541656,63.15815,train
614,58.69889415199623,58.696075,train
6041,61.34974693767026,61.55518,train
751,69.71997296559415,69.413086,train
6891,24.96836518101789,24.91244,train
2916,84.55415018616966,84.46114,train
171,52.780543305921256,52.481396,train
2918,48.18612646210156,47.877747,train
7456,19.34715525293678,19.269434,train
8425,75.33592393483191,75.41671,train
3797,41.26333268116094,40.82709,train
3263,43.78856466397367,43.8495,train
5845,77.76166202298738,77.682236,train
4596,31.8813592557466,31.307236,train
1967,20.345033900190963,20.291182,train
1384,14.881631072346046,15.0665865,train
3120,21.180760095669328,21.168196,train
2870,73.5520442092406,73.461754,train
2025,30.70592042906157,30.359257,train
3933,13.263296413219944,13.595925,train
515,27.58431117345385,27.42007,train
5141,127.16182006600462,126.53961,train
2606,20.35011655324132,20.689474,train
2393,14.205163328674734,14.145519,train
8590,18.35910667150528,18.558348,train
2399,15.930270377937108,15.33369,train
2953,41.82198911798321,41.410767,train
9716,78.52239260692045,78.231964,train
8224,9.892928038988636,10.061211,train
6721,24.281873014532923,23.844913,train
6847,19.4356761819613,19.344347,train
9338,23.081292008810937,23.058859,train
5269,90.86910077663212,90.67687,train
5858,83.18520635490366,83.72785,train
9350,22.96251160331823,22.866941,train
6181,26.379385371737182,26.443686,train
3697,74.69819737409927,74.48371,train
2147,41.2027500139872,40.52066,train
7486,25.34338762867145,24.74291,train
3403,43.05395496236608,43.152077,train
8486,72.80691569376961,72.54213,train
1212,12.746987748176158,12.349961,train
1354,63.82957422309615,63.994003,train
3243,36.28660390165627,36.14659,train
7813,22.272090330468416,22.29944,train
9301,40.07261089859568,40.102,train
6423,60.456358375515045,60.454926,train
6004,49.29258108243957,48.777645,train
7055,20.126200689915567,20.799936,train
1022,19.453992241773605,19.500988,train
22,11.773396922197788,11.573449,train
9411,28.513269417688846,28.229418,train
6693,19.72686773316085,19.730461,train
1118,41.64122645814851,42.152813,train
7692,77.50351307331591,77.06713,train
2481,40.51733602903463,40.625816,train
2969,39.87778416712277,39.7164,train
4033,31.3952961586681,31.752008,train
964,61.22563174930349,61.38478,train
3456,55.39530406799086,55.506596,train
24,11.773396922197788,11.980832,train
9523,69.76902573826007,69.9242,train
9046,56.9037654355777,57.32683,train
7217,16.82566597126998,16.440786,train
824,16.171440019658952,16.243347,train
318,36.03232429587871,36.438835,train
1074,28.596873846248613,28.735083,train
6882,23.1671333522179,23.107899,train
8146,90.55535075755104,90.78297,train
5584,21.13272585910589,20.957977,train
4982,42.4526762770214,42.507336,train
340,47.8752142649167,47.046875,train
6497,10.455577179377302,10.062554,train
9026,57.60787852380753,58.200874,train
5244,89.71465856252216,89.7744,train
130,33.42260983239122,32.875916,train
194,65.65020509765029,65.508514,train
7945,56.02179798422955,56.48547,train
4499,68.93732865925253,69.13645,train
722,59.349496697382925,59.406784,train
452,11.662622831790223,11.510249,train
9047,56.9037654355777,57.245922,train
8484,72.80691569376961,72.589836,train
4526,26.27774637739397,26.219072,train
7247,17.45833241679095,17.439867,train
3085,58.90057362616971,59.25832,train
5872,85.74446614598416,85.40793,train
2413,17.90207642534986,17.87403,train
8835,29.98939864814341,30.046913,train
3453,52.1882724597919,52.492374,train
4227,74.34851013209767,74.56329,train
311,36.03232429587871,35.60088,train
6303,35.919888386123255,36.150284,train
8136,89.83454371793471,90.47769,train
2425,20.142286163199543,20.445496,train
6640,60.03061670851074,60.208225,train
5985,46.3112758194042,46.55218,train
5389,18.182353085699454,18.41129,train
6100,12.421949679699392,12.531439,train
4922,47.395570474274905,47.441177,train
7795,21.33822320763908,21.384579,train
3981,19.0858907744892,19.138521,train
8956,78.65994946465001,78.93543,train
4938,45.39934030250557,46.07007,train
9467,45.377471796299,45.547577,train
6946,41.83122075031758,42.058575,train
3454,52.1882724597919,53.35213,train
7759,80.10051029183403,79.973694,train
8783,26.05297410894394,26.306803,train
1975,21.36043408888519,21.207617,train
2461,32.24368576562934,31.966417,train
5448,40.69167489137143,41.193188,train
2680,47.49780676008604,47.22168,train
4096,64.16665709294357,64.090256,train
3493,67.68592624937482,67.78812,train
5267,90.86910077663212,90.69389,train
7363,43.0355455648049,43.575676,train
2412,17.90207642534986,17.900331,train
8212,8.462152429232523,8.479246,train
7140,38.96541114737861,38.79104,train
3941,14.004546189062298,14.215352,train
5058,60.49974856985286,60.4663,train
4266,79.44225220967748,79.15542,train
3470,59.05995042413533,58.57206,train
2291,60.376848442270685,60.881424,train
4540,26.14372026492268,26.65338,train
8444,72.29320847026757,72.16812,train
242,19.150990033213944,18.999249,train
1367,14.840385695764422,14.801177,train
2941,43.45206887144879,43.497105,train
7645,96.52331812388518,97.05222,train
6841,18.78891713488035,18.952284,train
2595,18.410392489338367,18.591965,train
5138,127.16182006600462,127.791695,train
4670,55.11750370348744,55.425438,train
2233,43.12759497575015,42.556858,train
2488,40.51733602903463,41.17402,train
8974,69.20177964841314,69.346344,train
5177,102.64150512184672,102.67483,train
216,15.614567609300169,15.606922,train
8460,71.63339382759735,71.77501,train
73,16.98227570806444,16.830141,train
7160,46.22699972172253,45.94419,train
9368,23.6532273935958,23.82706,train
881,26.21357879858248,25.566362,train
7435,15.270791663402616,15.634635,train
5327,7.267913300585151,7.579674,train
5510,6.50192593863681,6.890959,train
3283,53.0572412164186,53.141685,train
5802,71.1788904661776,71.44496,train
9365,23.159558795461432,23.22891,train
9453,38.33956461027205,38.356983,train
6843,18.78891713488035,18.909012,train
9337,23.081292008810937,23.083138,train
4640,42.65782617511943,43.171734,train
9300,40.07261089859568,40.176586,train
29,11.773396922197788,12.163864,train
6383,46.20624283129268,45.964188,train
5384,18.182353085699454,18.186728,train
6165,20.95306971956953,21.058605,train
4466,52.60069880564436,52.517426,train
7942,56.02179798422955,55.894413,train
8165,91.1828236948467,91.170364,train
5839,77.76166202298738,78.165825,train
2742,90.12007930803716,89.81884,train
9462,41.66927621767171,41.496475,train
6103,12.421949679699392,12.585769,train
278,24.75154224131003,24.98632,train
4560,26.7937603324987,26.946062,train
5041,53.28328579156749,53.118404,train
673,51.334066206546574,51.16607,train
117,26.46665738904841,26.83418,train
9690,64.70114627251759,64.55464,train
5494,5.7073476784978805,5.654542,train
2159,39.0547337639536,39.356884,train
6828,69.71062345978,69.422424,train
3998,23.10577014586598,22.827675,train
3078,58.90057362616971,58.68856,train
4591,31.8813592557466,31.905819,train
43,13.087714746263474,12.937522,train
3157,21.17118030705132,21.20863,train
557,45.847583591803016,45.97804,train
6591,33.523613372673765,33.331303,train
4409,33.19906877493806,33.3789,train
2106,62.34247227541656,62.280518,train
702,54.721475257382544,54.59499,train
7373,47.60983436719194,47.930065,train
6490,9.221822808764502,9.071465,train
3044,45.95204798649222,45.674374,train
6367,43.604537301970495,44.523724,train
8039,111.16906764061592,110.097435,train
8994,62.728531916763785,62.459732,train
8969,73.51559700874873,73.50723,train
1378,14.715962749527916,14.875358,train
3068,54.96304235845186,54.593742,train
3473,59.05995042413533,58.539066,train
5999,49.29258108243957,49.8739,train
7729,75.68706198484644,75.57859,train
2590,18.410392489338367,17.938549,train
8766,26.96403555997163,26.993303,train
4545,26.316037321382165,26.2738,train
8884,43.63794122524664,43.43511,train
8584,18.35910667150528,18.452843,train
6612,42.64439390516736,42.85694,train
6521,13.563674534883573,13.854396,train
8028,117.40677602978512,117.401115,train
7556,50.1770255008208,49.497665,train
1713,40.30436750873707,40.393612,train
6974,49.94592883127101,50.298332,train
4944,43.90289510018543,43.626495,train
1808,14.826986961109265,15.301001,train
8592,19.569342060613856,19.638453,train
5887,69.43701604268931,69.91013,train
2093,57.18133790919997,57.015873,train
2340,8.56427601572387,8.587013,train
2404,15.930270377937108,15.936161,train
7958,66.11854958927282,65.923584,train
4488,62.97857785185516,63.075546,train
4808,45.44891159516804,45.95903,train
1489,32.598323805815355,33.34837,train
7474,21.104381820909456,21.252684,train
7477,23.09583172212638,22.796995,train
6684,18.87926170835041,19.166006,train
832,17.08153188674368,17.185648,train
1892,41.15828962279588,40.971294,train
7171,50.37757456342593,50.1502,train
6758,35.291818684332966,34.96213,train
2042,36.55766700416237,36.72713,train
3000,40.03729919553794,40.08626,train
7776,82.37603782782935,82.32565,train
6617,47.9150270565331,47.55168,train
4605,34.003423250135334,33.9211,train
4731,43.11226770189285,43.118126,train
6838,18.78891713488035,18.919537,train
5803,71.1788904661776,71.10575,train
5023,47.90717594953969,47.178226,train
912,35.981448551423625,35.9386,train
8470,71.5126952436544,71.74804,train
8871,36.89583258795231,37.354244,train
4275,81.70522876686431,81.635124,train
549,40.58610800720655,41.277985,train
94,21.046615126723125,21.228626,train
2440,25.51789125655092,25.057465,train
190,65.65020509765029,65.508514,train
9395,25.501940669626595,25.365257,train
1448,21.75373160312757,21.7429,train
3411,43.96685895132765,44.05812,train
8983,65.62882424723186,65.4283,train
7404,64.0803395705165,64.27764,train
2359,10.30229168567732,10.0214405,train
2894,78.69801313043334,78.72186,train
4082,52.63105760281615,53.117527,train
9648,51.2628129982388,51.50741,train
4464,52.60069880564436,52.191425,train
6789,47.66338038312279,47.387978,train
2990,39.58246569836199,39.722965,train
5237,89.76736722751878,89.935326,train
6236,52.18749606691912,51.46637,train
9624,45.71025634176605,45.67615,train
6174,23.48793461229637,24.130795,train
6064,70.13557868690133,70.49723,train
6808,57.9723445544333,57.80642,train
7302,24.08136518403247,24.071857,train
1945,19.218975308854805,19.131073,train
6871,21.641072027966302,21.500132,train
4485,62.97857785185516,62.95255,train
3702,74.69819737409927,74.82623,train
7850,27.309900823535024,27.136148,train
1993,24.237902567050384,24.337973,train
6071,75.02114224725477,74.99687,train
8270,20.876831778519826,20.902084,train
7480,23.09583172212638,23.122448,train
6007,51.56721782835394,51.803272,train
9535,53.4781688706144,53.510967,train
9520,69.76902573826007,69.240616,train
4872,67.99832264808245,67.98098,train
1626,10.866181576136574,10.843602,train
3677,66.54075052062102,66.234795,train
337,43.57674488134622,43.620045,train
4628,39.37396909135014,39.761562,train
6717,24.281873014532923,24.178286,train
9541,50.45573881082557,50.98403,train
6802,52.61583395623445,52.9194,train
3201,26.008581845215858,25.881704,train
5891,69.43701604268931,68.931755,train
5250,89.71465856252216,89.92696,train
8395,84.82941053361527,83.47633,train
5966,45.64933795175344,45.91535,train
4280,81.70522876686431,81.700134,train
6268,38.91834885517143,38.62633,train
3996,23.10577014586598,23.062918,train
1531,55.24750408842497,54.81555,train
3495,72.53577771843293,72.371704,train
9083,61.58862010726623,61.730644,train
5763,72.36566593741946,71.66637,train
7856,27.309900823535024,27.884623,train
8392,84.82941053361527,84.340866,train
8357,110.28871787139632,110.32886,train
987,16.4733155489327,16.504656,train
8824,28.47584423013329,28.353865,train
8740,66.62708274696202,66.73422,train
1286,30.153068904468267,29.980917,train
5416,27.64203408942484,27.553213,train
5087,69.52443467054255,70.40384,train
460,13.546498854976594,13.505488,train
2477,36.17425134293541,36.74623,train
8412,77.79019270718537,77.72047,train
5678,65.16757490992121,65.157776,train
3104,68.18944750337921,68.66703,train
293,29.797938650740385,29.73656,train
1345,57.78802082452141,57.660957,train
7915,43.465076893454565,44.028023,train
1249,18.66092106399767,19.293255,train
8888,43.63794122524664,43.752373,train
4608,34.003423250135334,34.047455,train
7187,59.7691504523924,59.560654,train
5973,45.64933795175344,45.492294,train
1912,50.99059738000766,50.968044,train
3605,51.237069373284655,51.412464,train
8502,76.00671399435468,76.15668,train
6736,29.044398074352745,28.639427,train
3725,42.54155576774366,42.39621,train
7913,43.465076893454565,43.151268,train
348,47.8752142649167,47.684715,train
8784,26.05297410894394,26.13044,train
9190,8.261733441182077,8.088324,train
2219,41.522611277483854,41.83188,train
9522,69.76902573826007,69.56376,train
3887,67.54477945349723,67.8073,train
3853,51.74227308385,52.269558,train
3854,55.05988890318878,55.045467,train
8724,60.86470279221393,60.478,train
780,15.25551003706567,15.17725,train
858,19.773550055621044,20.123312,train
4,11.37918153927572,11.466241,train
5046,53.28328579156749,53.22392,train
5834,75.47176859644443,75.39486,train
3932,13.263296413219944,13.618117,train
5233,89.76736722751878,89.931175,train
6025,54.343834943578464,55.04427,train
1930,62.68987393473133,61.985367,train
2380,12.70566828847207,12.176374,train
1649,15.086156273058206,15.095161,train
6787,47.66338038312279,47.341507,train
7807,22.272090330468416,22.39897,train
5485,5.091939691204205,5.0782676,train
9700,69.08590381003984,68.77237,train
8333,45.6948550475064,45.87183,train
6781,43.12658410812266,42.802124,train
2208,39.33265262833491,39.587486,train
7633,103.4659443059241,104.771515,train
4489,62.97857785185516,63.622417,train
744,65.82792957452513,65.600136,train
290,29.797938650740385,29.581537,train
3542,57.94439444918156,57.045715,train
1589,5.212225480475277,5.3511715,train
6080,11.995381875606553,11.83729,train
7139,38.96541114737861,38.93202,train
9479,49.47664412753195,49.271774,train
2930,45.55901491491564,46.03657,train
4829,52.59176301891893,52.84362,train
7530,37.34981601437241,37.12439,train
1791,13.224779920186323,12.750482,train
1606,7.630233866920396,7.587725,train
7207,70.52627414753184,70.05286,train
7598,148.82757757512883,150.00394,train
5759,72.36566593741946,71.99716,train
3817,44.27268123238265,44.159767,train
95,21.046615126723125,21.278397,train
306,32.758928032663164,32.83924,train
3704,79.05853392344162,78.30118,train
1398,15.325832135230971,15.460192,train
7988,167.15995000247077,166.69247,train
2317,69.12845902908616,69.322685,train
6095,12.048441360575485,12.274651,train
7621,121.93978085807994,122.03614,train
2462,32.24368576562934,32.485546,train
7394,58.12884889469646,58.574825,train
9027,57.60787852380753,57.57594,train
953,55.18556761084572,55.03666,train
2190,38.74234435378403,38.78687,train
1533,55.24750408842497,55.467476,train
2504,50.54520953102328,50.8345,train
2125,73.38377494672582,73.43623,train
4684,65.71211047881111,65.45192,train
1329,46.97639691288464,47.93195,train
7994,154.1130580278585,154.00504,train
4949,42.87693420783952,42.796364,train
1469,26.46800705774784,27.008791,train
5124,146.55486384356334,147.26004,train
2056,39.98048851614654,39.59242,train
6316,36.210240125305205,36.632416,train
5906,56.75820297103196,56.797546,train
565,51.62368232987836,51.609177,train
8025,124.675830889654,124.55305,train
9043,56.9037654355777,56.99126,train
9318,51.126946112451705,51.182808,train
6111,13.096324205092191,13.195005,train
7826,23.136574168441147,23.365456,train
2457,28.69992256061815,29.713741,train
4927,47.395570474274905,47.015312,train
4923,47.395570474274905,47.38933,train
7962,66.11854958927282,66.0116,train
7492,25.34338762867145,25.680845,train
9320,51.126946112451705,51.182808,train
3208,28.031486406087428,27.57567,train
4789,43.89276208114751,44.270817,train
4887,72.7859039312829,72.91821,train
8568,16.510456846670284,16.584044,train
8858,34.18388843945615,34.547924,train
8893,47.70662944412462,46.991783,train
3391,42.59809029081568,42.70096,train
2150,39.9122322296036,39.948982,train
9066,58.24175655774608,58.177265,train
1444,21.75373160312757,21.229498,train
207,14.853773920970784,14.8651495,train
8422,75.33592393483191,75.65822,train
5988,47.53432583996549,47.928722,train
9226,13.122690726014152,13.28872,train
843,18.27799290167712,18.264885,train
5699,92.69126167628563,92.74291,train
7366,47.60983436719194,46.906746,train
2288,56.555790586714224,57.098763,train
7516,33.84919070959732,33.016087,train
9136,78.16737146241204,78.40138,train
7021,75.23965918699078,74.92348,train
2533,11.818872791868523,11.90414,train
6991,59.34443405671068,58.556114,train
3472,59.05995042413533,58.559452,train
2711,64.20508504671946,64.25002,train
6587,33.523613372673765,33.21888,train
7380,52.63724913071349,52.786953,train
82,18.85539645484105,18.523453,train
5920,52.60873127102636,52.51959,train
6623,47.9150270565331,48.340298,train
885,26.21357879858248,26.0807,train
267,22.636112508681865,22.824158,train
3070,54.96304235845186,54.761326,train
9227,15.26942589060463,15.31038,train
1718,40.30436750873707,40.46565,train
6102,12.421949679699392,12.967303,train
7093,26.096811792089195,25.795837,train
2348,8.56427601572387,8.86856,train
1294,33.80632160791412,33.90629,train
296,29.797938650740385,29.713512,train
9059,57.32052974796355,57.371563,train
2758,80.21331586375474,80.10951,train
2728,104.51843038336918,104.25816,train
767,73.97103175765946,74.01394,train
928,40.07578418861009,40.47255,train
1363,14.840385695764422,14.825097,train
9152,4.73305991146259,4.750772,train
7059,21.31754547210954,20.968685,train
9545,50.45573881082557,49.789032,train
3083,58.90057362616971,59.207428,train
6540,17.669242814490573,17.909973,train
1147,55.618307516984494,55.695923,train
458,11.662622831790223,11.600969,train
3527,61.0022870838277,61.289707,train
4617,36.49519330636368,36.07034,train
1538,55.24750408842497,55.654472,train
5922,52.60873127102636,53.441345,train
7655,90.8101911417485,91.027885,train
9181,7.099764588567615,6.999269,train
9130,74.10066098763063,74.041275,train
2163,39.0547337639536,38.814613,train
6898,27.04644560007453,27.107279,train
9327,57.4770327849973,57.379166,train
8695,46.05279922808826,45.69342,train
3672,63.03546714128211,62.806034,train
336,43.57674488134622,43.546104,train
4428,37.852208236434834,38.08758,train
8853,34.18388843945615,34.082687,train
7440,16.45072988245353,16.227322,train
5045,53.28328579156749,53.368813,train
487,18.16883094295837,18.421398,train
7033,18.287084542985266,18.650537,train
7756,78.16620220063061,78.05031,train
7989,167.15995000247077,166.95166,train
1800,14.826986961109265,14.300789,train
6432,64.95566127753861,64.3124,train
4577,28.68346680081509,28.163012,train
3271,48.193847475870776,47.882904,train
4788,42.74093636440046,43.03144,train
4739,42.19129004147142,42.661556,train
4543,26.316037321382165,26.237003,train
7459,19.34715525293678,19.201647,train
3977,19.0858907744892,18.910812,train
6756,35.291818684332966,34.582535,train
4502,27.4987848462116,27.645117,train
1099,34.38777831006773,34.667057,train
2875,73.5520442092406,73.18148,train
1231,16.464863572722376,15.778958,train
8608,20.98746498918131,20.69102,train
993,16.913554365993143,16.796194,train
5225,90.34178504057668,90.384926,train
8024,124.675830889654,124.903595,train
3088,63.31482432217717,63.25509,train
7600,148.82757757512883,149.34619,train
7617,121.93978085807994,121.62777,train
7679,79.60001023359403,79.35771,train
4919,47.395570474274905,47.355995,train
1663,20.46822680475041,20.528254,train
8497,74.18155972707093,73.96238,train
6054,65.54060841010474,65.711136,train
7557,50.1770255008208,49.56082,train
3673,63.03546714128211,64.070946,train
430,8.643886071116775,8.468391,train
3458,55.39530406799086,55.358017,train
5079,69.52443467054255,69.28077,train
6196,33.30405815299064,32.61693,train
1610,9.135860967288092,9.040271,train
7634,103.4659443059241,103.862076,train
8598,19.569342060613856,19.392296,train
6225,41.86879361637958,42.354893,train
6272,38.91834885517143,38.372215,train
2964,40.63770351870388,40.928577,train
6710,22.42665956361704,22.485289,train
7195,59.7691504523924,60.136887,train
1997,24.237902567050384,23.81604,train
1521,49.78801809915476,49.40515,train
5220,91.48707426187316,91.1988,train
4531,26.14372026492268,26.621588,train
2120,73.38377494672582,73.35413,train
5199,95.65935721790642,95.57868,train
8436,73.5169788308657,72.80503,train
9380,24.43457187610008,24.431057,train
6502,10.455577179377302,10.546729,train
9718,78.52239260692045,78.2843,train
104,23.576423832277207,23.418428,train
5168,107.32601858936177,106.964294,train
8862,36.89583258795231,36.664185,train
5790,70.69836122667067,71.08477,train
6879,23.1671333522179,22.84788,train
2869,73.5520442092406,73.53483,train
3576,51.27183872069076,51.00681,train
5916,52.60873127102636,52.3584,train
895,29.07243954885766,29.212746,train
3731,42.54155576774366,42.181335,train
7972,71.5704557201866,71.45501,train
844,18.27799290167712,18.227186,train
8108,89.83219912234955,89.85454,train
1428,18.315021103979053,18.577995,train
8854,34.18388843945615,34.20131,train
8499,74.18155972707093,74.10849,train
9013,58.75187514946885,58.451347,train
545,40.58610800720655,40.526623,train
7567,55.29965642696082,55.212593,train
9296,35.297617310404256,35.420242,train
5612,31.749664310570285,31.308165,train
6778,43.12658410812266,42.23303,train
9160,5.351857896040902,5.2994432,train
3131,20.723513448948488,20.625656,train
1985,22.658950964078755,22.727663,train
4491,68.93732865925253,68.60714,train
6044,61.34974693767026,61.946503,train
9302,40.07261089859568,40.102,train
655,51.5337561017549,51.94464,train
7561,50.1770255008208,50.00209,train
6088,12.048441360575485,11.889613,train
3874,62.97172274000302,62.995087,train
2024,30.70592042906157,30.572483,train
2218,40.259092491267545,40.346317,train
8904,52.266178199274464,51.926075,train
6029,57.60964815073893,57.66529,train
5605,27.821975663371607,27.853302,train
728,59.349496697382925,59.63634,train
5208,93.24564903744712,92.84096,train
6412,56.318371719458256,55.725254,train
4258,77.52447914202958,77.46004,train
1375,14.715962749527916,14.650582,train
4301,33.68194038041301,33.739853,train
4368,28.73050158168696,28.63489,train
1908,45.85107845908806,46.104107,train
4431,40.832073197555765,40.55534,train
564,51.62368232987836,51.609177,train
4802,45.44891159516804,45.66384,train
1170,7.500740525635853,7.579661,train
6469,7.2934946365854145,7.2801185,train
7476,23.09583172212638,22.621351,train
4035,34.84320820810721,34.18683,train
6636,60.03061670851074,58.88963,train
5226,90.34178504057668,90.170685,train
4673,60.186503046491815,59.82021,train
3784,40.32326339550391,40.595406,train
8396,84.82941053361527,85.57607,train
7259,18.211477627421544,17.717955,train
6725,24.281873014532923,24.813501,train
282,27.133896018289327,26.979511,train
4442,44.27084024557077,43.693375,train
6356,41.380738858681696,41.68396,train
7613,121.93978085807994,121.47711,train
904,32.321144147753046,32.40089,train
769,73.97103175765946,74.22254,train
5086,69.52443467054255,70.340065,train
4325,30.391747595902384,30.111563,train
1974,21.36043408888519,20.95706,train
4713,46.391301744318085,45.692436,train
6937,38.259699949941485,38.45959,train
691,53.11407662346408,52.969555,train
7502,27.8694620307488,27.531881,train
288,27.133896018289327,27.458202,train
7573,55.29965642696082,55.726048,train
601,62.20643544097513,62.32341,train
360,57.56906951914832,57.065056,train
423,7.469930006749854,7.303358,train
7535,37.34981601437241,38.30345,train
1520,49.78801809915476,49.302628,train
335,43.57674488134622,43.51807,train
1705,35.50021419741392,35.6155,train
450,11.662622831790223,11.332273,train
6067,75.02114224725477,74.78979,train
5372,15.701361056258303,15.581147,train
2821,68.37372704417407,68.426125,train
8458,71.63339382759735,71.56982,train
3202,26.008581845215858,25.626225,train
7504,27.8694620307488,28.142738,train
8251,15.627250818874538,15.595219,train
9481,49.47664412753195,49.20463,train
9376,23.6532273935958,24.22097,train
2346,8.56427601572387,8.608404,train
3066,51.49946671208665,52.19198,train
1107,37.821147868763056,38.20279,train
7103,28.13673861098185,27.621851,train
785,15.25551003706567,15.475243,train
6921,32.0562290792121,31.494461,train
5793,70.69836122667067,70.73415,train
9386,24.43457187610008,24.543621,train
3316,70.3977760015761,70.53348,train
52,14.11530105008021,13.8005495,train
7331,31.85415326143481,31.580412,train
4769,41.991429304893686,42.266605,train
6317,36.210240125305205,36.472904,train
2952,41.82198911798321,41.429996,train
2576,15.305078539047836,15.674216,train
9076,59.66494697179906,59.119225,train
818,15.537782493111417,15.524341,train
2531,11.818872791868523,11.810411,train
7839,25.65131053715304,25.991062,train
8722,60.86470279221393,60.382153,train
6632,53.70058276989914,53.992485,train
6157,20.95306971956953,20.330196,train
4010,25.54764652659833,25.71787,train
1587,5.212225480475277,5.3511715,train
7154,42.42789452698618,42.93357,train
3221,30.407567779885905,29.932766,train
4070,47.54319352377593,47.38435,train
4542,26.316037321382165,26.480825,train
5921,52.60873127102636,52.699474,train
733,62.36217072729759,62.492832,train
2282,56.555790586714224,56.089325,train
6861,20.393631102532147,20.415737,train
7544,41.22258538401052,41.399265,train
9081,61.58862010726623,61.746094,train
5722,82.89063290867627,83.19529,train
3281,53.0572412164186,53.175766,train
9017,58.75187514946885,58.254444,train
7037,19.118177702829986,19.16593,train
404,5.704550507054627,5.686872,train
401,5.704550507054627,5.652555,train
5630,36.10097699362129,36.72222,train
5865,83.18520635490366,83.06857,train
2201,39.33265262833491,39.447018,train
2768,76.57252123986207,76.537384,train
2858,71.5754951038172,71.93501,train
4690,65.71211047881111,66.3485,train
6786,47.66338038312279,46.753662,train
3603,50.80634979191847,51.374214,train
4167,81.32847275704384,80.489174,train
5595,24.29149336117945,24.050642,train
1351,63.82957422309615,63.894753,train
8815,27.333982293279394,27.130896,train
7866,29.24597298712641,29.73469,train
3239,36.28660390165627,36.206165,train
8464,71.5126952436544,71.89076,train
1274,26.832928330730127,27.182665,train
7840,25.65131053715304,25.707924,train
4072,47.54319352377593,47.89572,train
6969,49.94592883127101,49.336414,train
2974,39.87778416712277,39.837944,train
2853,70.04973728656218,69.681145,train
4711,46.391301744318085,46.068413,train
479,15.707873555388897,16.228815,train
1308,37.81401499146663,38.272156,train
1525,49.78801809915476,49.88195,train
5349,9.936327459773272,10.490424,train
3793,40.32326339550391,40.132183,train
1919,50.99059738000766,51.094692,train
3534,61.0022870838277,61.707176,train
7170,50.37757456342593,49.943848,train
7058,21.31754547210954,20.919239,train
7351,38.89758247257099,39.25726,train
4043,34.84320820810721,35.741314,train
2318,69.12845902908616,69.78063,train
2153,39.9122322296036,39.09705,train
5805,71.1788904661776,71.04239,train
12,11.464931301901116,11.521225,train
992,16.913554365993143,16.886055,train
9410,28.513269417688846,28.366327,train
7321,28.909682910100816,28.79368,train
6034,57.60964815073893,57.653328,train
609,62.20643544097513,62.847744,train
3432,47.159648581058754,46.52888,train
35,12.311123452022672,12.299847,train
8334,45.6948550475064,45.87183,train
801,15.174151766060591,15.072015,train
8320,40.44917533424408,40.381016,train
4884,72.7859039312829,72.589584,train
2718,64.20508504671946,64.633415,train
6849,19.4356761819613,19.308632,train
5847,77.76166202298738,77.949196,train
9217,13.122690726014152,13.081653,train
950,55.18556761084572,54.292942,train
3594,50.80634979191847,50.740765,train
1014,18.39258389219694,18.106304,train
1872,33.01058316013917,32.66058,train
5987,47.53432583996549,47.95019,train
9526,69.76902573826007,70.06363,train
2670,42.79470733737052,42.32908,train
5037,50.36822432825774,50.69667,train
7640,96.52331812388518,97.0698,train
9275,27.09140763603464,27.291338,train
7481,23.09583172212638,22.624727,train
6851,19.4356761819613,19.342464,train
4964,42.30109028988361,42.279697,train
3380,42.60532086197436,42.687065,train
5201,93.24564903744712,93.291115,train
3423,45.33505299506575,45.207886,train
7700,76.10966096775293,75.724945,train
5889,69.43701604268931,69.4983,train
2997,40.03729919553794,40.21393,train
8391,89.57234360169679,89.82137,train
7685,79.60001023359403,78.71538,train
6563,22.95430108855717,23.33635,train
1439,19.88254698172465,20.48572,train
4097,64.16665709294357,63.958336,train
6942,38.259699949941485,37.94499,train
7073,22.701604648528324,22.70782,train
4268,79.44225220967748,79.164505,train
5558,13.645667799055278,13.639173,train
8009,142.84762610413074,141.78952,train
3990,20.95823822579033,20.933924,train
7386,58.12884889469646,57.54893,train
6092,12.048441360575485,11.909044,train
7449,17.802838393569143,17.5714,train
9345,23.081292008810937,23.02955,train
5661,58.29464756776572,57.936913,train
3985,20.95823822579033,20.596092,train
9111,70.30262091082997,70.63638,train
595,66.58516636474155,66.36705,train
2243,45.080962845763935,44.55783,train
8821,27.333982293279394,27.445585,train
1742,57.71719116717853,57.46575,train
7109,30.4262025098528,30.302298,train
414,6.495546871407703,6.4868455,train
5670,58.29464756776572,59.033302,train
7453,17.802838393569143,17.65706,train
9070,58.24175655774608,58.236225,train
5169,107.32601858936177,107.057274,train
1501,40.31028940315537,39.782597,train
4388,30.187982613749504,29.804003,train
8932,68.99666759264976,68.74932,train
2179,38.49172622988656,38.639957,train
2898,81.68034630091823,81.828415,train
7251,17.45833241679095,17.36468,train
5703,92.69126167628563,92.304276,train
7062,21.31754547210954,21.1245,train
6060,70.13557868690133,70.27854,train
6970,49.94592883127101,49.50651,train
8509,76.00671399435468,75.72292,train
7774,82.37603782782935,82.24273,train
8939,68.99666759264976,69.07091,train
6839,18.78891713488035,19.008615,train
8350,57.77555795356668,57.78733,train
1333,52.16927260275215,51.757584,train
8571,16.510456846670284,16.96766,train
8549,86.00802491357506,86.150635,train
5329,7.267913300585151,7.468995,train
490,20.95239714368224,20.58674,train
8419,77.79019270718537,77.49525,train
2777,73.67669133829504,73.75165,train
9127,74.10066098763063,73.78533,train
1033,20.74860480317913,20.609564,train
3721,44.33840586431928,44.20558,train
4726,44.49890398494616,44.183315,train
8511,76.00671399435468,76.01568,train
1512,44.816515044884014,44.815315,train
2449,28.69992256061815,27.831959,train
4224,74.34851013209767,74.39785,train
9287,35.297617310404256,35.25322,train
5285,92.33570202451632,92.413315,train
176,52.780543305921256,53.342155,train
5625,36.10097699362129,36.08318,train
8483,72.80691569376961,72.9578,train
7547,45.49093035361841,45.116543,train
4837,52.59176301891893,52.29115,train
1161,67.12941924665816,66.43134,train
7205,64.9995160823615,65.301254,train
8275,20.876831778519826,21.04135,train
1224,14.49986413953364,14.429115,train
5757,74.03273905666954,74.04891,train
6415,56.318371719458256,56.82435,train
4056,42.89566569384836,42.75064,train
5960,45.5844800104469,45.77553,train
3722,44.33840586431928,44.6748,train
7667,82.46109517072738,82.53193,train
2301,64.57695773677871,65.01972,train
4143,88.28473895319611,88.84338,train
2509,56.27923081040397,55.784576,train
1240,18.66092106399767,18.124115,train
8114,89.83219912234955,89.924286,train
6206,37.37312957428336,36.70672,train
7959,66.11854958927282,66.087204,train
2328,73.95193879191451,74.51402,train
972,67.76582195473432,67.61008,train
9696,69.08590381003984,69.238075,train
4154,84.47098482884549,83.980484,train
8807,26.553718966906143,26.497042,train
2674,42.79470733737052,42.814705,train
2157,39.9122322296036,39.829556,train
812,15.537782493111417,15.6535,train
806,15.174151766060591,15.160162,train
5756,74.03273905666954,74.173355,train
5877,85.74446614598416,85.98512,train
3450,52.1882724597919,52.05241,train
2843,68.99619975193545,68.83538,train
2787,71.45632785526469,71.69768,train
2259,50.06812082695872,51.239334,train
9640,48.98294327716477,48.820107,train
617,58.69889415199623,58.592014,train
3399,43.05395496236608,43.231667,train
3983,19.0858907744892,19.654947,train
3113,73.44849628959864,73.465126,train
4671,60.186503046491815,60.33004,train
2633,27.91894491941593,28.00781,train
8642,29.06965915816568,28.50393,train
7433,15.270791663402616,15.194674,train
3071,54.96304235845186,54.880272,train
9035,56.99655317923613,56.924587,train
1140,55.618307516984494,55.193623,train
8478,71.91030133184738,71.75446,train
8256,18.09371934689641,17.952078,train
3315,70.3977760015761,70.647934,train
822,16.171440019658952,16.00471,train
1918,50.99059738000766,51.09931,train
6355,39.53055859179817,39.283012,train
1590,6.328904784352407,6.302675,train
4890,77.68275834818854,77.3575,train
3641,55.15121777774252,54.592094,train
7220,16.82566597126998,16.774357,train
6275,38.91834885517143,39.28802,train
6182,26.379385371737182,26.510944,train
8832,29.98939864814341,30.058712,train
1900,45.85107845908806,45.268894,train
8776,26.32965646643661,26.441423,train
5950,46.16640159983851,46.217197,train
1420,18.315021103979053,18.416958,train
8614,22.6289298038926,22.620317,train
4120,104.53191002397112,105.13553,train
4371,29.26884675672315,29.169697,train
5132,136.11990722925268,135.93643,train
1986,22.658950964078755,22.510088,train
2154,39.9122322296036,39.33491,train
3462,55.39530406799086,55.34788,train
7954,60.909817691377626,61.011955,train
6404,52.561077422993925,52.584892,train
5195,95.65935721790642,95.21299,train
248,19.150990033213944,19.191166,train
9602,44.142694958025146,45.061058,train
8104,90.8660920550722,90.88852,train
7594,66.87001827651024,67.16256,train
7713,75.36873222882375,75.10955,train
8526,80.80332043496728,80.50457,train
3266,43.78856466397367,44.041073,train
685,51.9827380963932,52.1571,train
7811,22.272090330468416,22.259432,train
8523,80.80332043496728,81.13302,train
1404,16.044385727383865,15.952596,train
113,26.46665738904841,26.275108,train
1491,36.2454236303737,35.819534,train
8706,50.57222671436466,50.456688,train
2427,20.142286163199543,21.326542,train
1181,8.581296016351208,8.436646,train
3222,30.407567779885905,30.189917,train
3832,46.35846082077317,46.12039,train
8439,73.5169788308657,73.22806,train
9532,53.4781688706144,53.513252,train
193,65.65020509765029,65.508514,train
1643,15.086156273058206,15.11126,train
6624,47.9150270565331,48.319344,train
9722,78.52239260692045,78.4712,train
6533,15.48067471487008,15.84242,train
502,24.08255825230725,24.05395,train
4451,48.18738999708176,48.0004,train
11,11.464931301901116,11.457476,train
6129,15.32505155793123,15.212172,train
379,62.955894941680654,63.303417,train
3741,41.19267142522618,41.26344,train
3850,51.74227308385,51.796024,train
3199,26.008581845215858,25.880009,train
8382,89.57234360169679,89.710815,train
5110,158.73631998820795,158.1946,train
7930,51.4820311150869,51.160046,train
5486,5.091939691204205,5.0898876,train
4723,44.49890398494616,44.128784,train
9438,35.37397145960927,34.844337,train
1668,20.46822680475041,20.681482,train
3735,41.19267142522618,41.103886,train
3979,19.0858907744892,18.854137,train
7260,18.211477627421544,18.060236,train
6661,18.24242596386917,18.027172,train
7438,16.45072988245353,16.377863,train
1575,4.261325746131316,4.2725096,train
8058,101.40176125573278,101.14122,train
8032,117.40677602978512,118.077705,train
4478,57.52783269763999,57.601578,train
44,13.087714746263474,13.091878,train
2289,60.376848442270685,60.477123,train
6599,37.85744042223983,38.114777,train
7781,84.75534758997657,84.565186,train
1454,23.94330432520524,23.692621,train
2629,27.91894491941593,27.482737,train
5328,7.267913300585151,7.5329876,train
9115,70.30262091082997,70.22853,train
3687,70.45262976078712,70.34738,train
3322,53.80288353083432,52.879097,train
949,49.65683893332355,50.00527,train
5165,107.32601858936177,107.8086,train
2048,36.55766700416237,36.72011,train
2683,47.49780676008604,47.49277,train
4843,55.81576581046008,55.264862,train
3368,43.08766775675223,43.18431,train
9200,9.639758262038976,9.531459,train
5656,51.97277860724665,51.801807,train
7199,64.9995160823615,64.87032,train
7462,19.34715525293678,19.250708,train
9699,69.08590381003984,69.53274,train
4835,52.59176301891893,52.320465,train
8301,31.37922589982488,31.370937,train
3953,14.944624315127582,15.129577,train
1372,14.715962749527916,14.590446,train
3607,51.237069373284655,51.111153,train
6000,49.29258108243957,49.0895,train
7534,37.34981601437241,37.66637,train
7156,46.22699972172253,46.742947,train
1034,20.74860480317913,20.642067,train
6417,60.456358375515045,60.282047,train
2224,41.522611277483854,41.04095,train
5218,91.48707426187316,91.10613,train
4520,26.72477238199726,27.00566,train
6234,46.80432287514404,46.866795,train
3348,45.56874045695812,45.350945,train
1360,14.840385695764422,14.570688,train
4781,42.74093636440046,42.643215,train
6577,29.61361194980204,29.330496,train
2719,104.51843038336918,104.48099,train
6890,24.96836518101789,24.886835,train
3276,48.193847475870776,48.77321,train
7841,25.65131053715304,25.57945,train
2786,73.67669133829504,74.34969,train
6270,38.91834885517143,38.443596,train
650,51.5337561017549,51.493286,train
3393,42.59809029081568,42.788925,train
2687,47.49780676008604,47.672195,train
3332,50.356769966363984,50.63662,train
2309,69.12845902908616,68.86194,train
2468,32.24368576562934,32.534473,train
8259,18.09371934689641,17.979755,train
8718,55.50750396672584,55.319584,train
4443,44.27084024557077,44.080185,train
5507,6.50192593863681,6.5303197,train
2068,43.74916483500652,43.92384,train
3637,55.15121777774252,55.361057,train
2832,68.43192554409117,68.5809,train
4762,41.645435649307146,41.82542,train
7352,38.89758247257099,39.00989,train
6674,18.37697354963854,18.548498,train
1337,52.16927260275215,51.951576,train
6020,54.343834943578464,54.37034,train
3339,47.64390488072358,47.880234,train
324,39.63341268926196,39.422287,train
1534,55.24750408842497,55.215973,train
5521,8.676840647825152,8.4450865,train
1573,4.261325746131316,4.2725096,train
9512,64.15740236185155,64.41067,train
2560,14.110193568812534,14.011936,train
6993,59.34443405671068,59.826702,train
3492,67.68592624937482,67.22851,train
2867,73.5520442092406,73.93111,train
612,58.69889415199623,58.53584,train
4210,74.59089711105786,75.00819,train
7717,75.23976726375669,75.82896,train
2744,90.12007930803716,90.14405,train
3415,45.33505299506575,45.576157,train
8887,43.63794122524664,43.650726,train
8456,71.63339382759735,71.40692,train
8693,46.05279922808826,45.804756,train
6522,13.563674534883573,13.740703,train
6115,13.096324205092191,13.387577,train
9003,60.4491784254586,59.954967,train
7015,69.82688277932674,69.86559,train
8088,92.49960703964835,92.35073,train
5232,89.76736722751878,90.02447,train
977,67.76582195473432,67.7714,train
8174,4.591357452261001,4.5468097,train
442,10.035121137450265,9.837556,train
2627,25.086389603284896,25.39948,train
5157,112.90513573952586,112.42005,train
3929,13.263296413219944,13.091926,train
6210,37.37312957428336,37.38294,train
2830,68.43192554409117,68.390045,train
593,66.58516636474155,67.6871,train
3632,53.40846483029395,53.15721,train
4811,47.41366181194388,48.094967,train
4467,52.60069880564436,52.57663,train
3371,43.08766775675223,42.859028,train
2980,39.528521366508905,39.621582,train
5781,70.72326590407447,71.07546,train
8273,20.876831778519826,21.058615,train
7225,16.82566597126998,17.23574,train
1113,41.64122645814851,41.40128,train
8786,26.05297410894394,26.205395,train
6145,16.886178376835435,17.01682,train
8287,27.49317714760065,27.315592,train
6597,37.85744042223983,37.313915,train
6435,64.95566127753861,65.33325,train
3884,67.54477945349723,67.32265,train
6606,42.64439390516736,41.953476,train
3781,39.75223655037217,39.953968,train
9202,9.639758262038976,9.696625,train
6384,46.20624283129268,46.174194,train
1300,37.81401499146663,37.23164,train
4382,30.187982613749504,30.165997,train
3545,55.49025213966205,55.480564,train
8278,24.001378700581864,24.120636,train
5978,46.3112758194042,46.23047,train
244,19.150990033213944,18.96291,train
7153,42.42789452698618,42.000267,train
4569,27.580488890378103,27.397009,train
9724,78.52239260692045,78.464615,train
7432,15.270791663402616,15.255883,train
2636,27.91894491941593,27.968866,train
2505,50.54520953102328,50.79382,train
3805,42.57735025578194,42.76121,train
1527,49.78801809915476,50.337025,train
4746,42.19129004147142,41.81667,train
3290,58.38918889666684,58.258873,train
1087,31.32001812749096,31.726828,train
2579,16.733837753795683,16.531027,train
4195,75.46351541383811,74.73222,train
4277,81.70522876686431,81.61408,train
1941,19.218975308854805,19.16842,train
7873,31.46935423226826,31.234505,train
5594,24.29149336117945,24.14646,train
1635,12.84232439733848,12.810211,train
6848,19.4356761819613,19.433403,train
3102,68.18944750337921,68.09903,train
3002,40.03729919553794,39.988136,train
3917,12.71161501625575,12.706899,train
4870,67.99832264808245,67.90209,train
871,23.72373029787332,23.534872,train
3159,21.17118030705132,21.143356,train
6160,20.95306971956953,21.063452,train
791,15.07868577169545,15.048877,train
7008,69.82688277932674,69.14704,train
7550,45.49093035361841,45.453163,train
5783,70.72326590407447,70.72233,train
1104,37.821147868763056,37.795532,train
9590,44.00424827634543,43.983433,train
115,26.46665738904841,26.377066,train
3484,63.1680830874002,63.12549,train
5408,24.12705487818204,24.31742,train
1120,45.86867632984527,45.22444,train
5442,40.69167489137143,40.553047,train
1020,19.453992241773605,19.640406,train
254,20.77359420729444,20.990343,train
9572,45.07158814655721,45.342205,train
8770,26.96403555997163,26.901533,train
2420,20.142286163199543,19.554289,train
6901,27.04644560007453,26.546858,train
3031,43.84298730182812,42.82736,train
2860,71.5754951038172,71.63945,train
910,35.981448551423625,35.74267,train
4978,42.4526762770214,42.734097,train
2388,12.70566828847207,13.54307,train
4361,28.73050158168696,29.153156,train
8844,31.887203302864805,32.295013,train
285,27.133896018289327,26.99939,train
9470,45.377471796299,45.38814,train
1419,17.038797527529596,17.717215,train
5639,40.903222959927845,41.38304,train
8913,57.33334725094892,57.295628,train
9451,38.33956461027205,37.98875,train
6496,10.455577179377302,10.235467,train
2563,14.110193568812534,14.061779,train
4610,34.003423250135334,34.958588,train
1332,52.16927260275215,52.01965,train
9273,27.09140763603464,27.267937,train
5251,90.1171147731606,90.590645,train
6832,69.71062345978,69.8709,train
2825,68.37372704417407,68.74492,train
5791,70.69836122667067,70.76348,train
4661,55.11750370348744,55.133533,train
5673,65.16757490992121,64.866646,train
7371,47.60983436719194,47.8587,train
3592,50.81546319889285,51.2116,train
3811,42.57735025578194,42.581352,train
7356,43.0355455648049,42.242805,train
1514,44.816515044884014,45.191242,train
2581,16.733837753795683,16.477407,train
5164,107.32601858936177,105.2885,train
2562,14.110193568812534,14.019811,train
9607,44.7130602082412,44.69635,train
4885,72.7859039312829,72.857445,train
5288,92.33570202451632,92.314316,train
7780,84.75534758997657,84.77016,train
1391,15.325832135230971,15.321705,train
6223,41.86879361637958,41.93642,train
9063,58.24175655774608,58.10035,train
4652,50.51324652206503,50.232433,train
8634,26.65121517352357,26.50319,train
5833,75.47176859644443,74.926125,train
2500,50.54520953102328,50.114494,train
5611,31.749664310570285,31.308165,train
9095,64.01007406503007,63.828587,train
5313,6.223107400441468,6.1534457,train
8111,89.83219912234955,89.4637,train
9424,30.475247391823903,30.246056,train
6008,51.56721782835394,51.668343,train
8850,31.887203302864805,32.45261,train
4381,30.187982613749504,30.093761,train
2975,39.87778416712277,40.004677,train
5413,27.64203408942484,27.573816,train
2609,22.56958769006692,22.187218,train
2839,68.99619975193545,68.90004,train
4093,58.17275977409735,58.860344,train
3711,79.05853392344162,79.17502,train
1519,44.816515044884014,45.61184,train
3718,44.33840586431928,43.908657,train
8728,60.86470279221393,60.968742,train
2954,41.82198911798321,41.91615,train
5324,7.267913300585151,7.2133894,train
6063,70.13557868690133,70.217125,train
8193,6.195413006081358,6.234038,train
8609,20.98746498918131,20.68847,train
8629,24.51074960846983,25.177755,train
3400,43.05395496236608,42.80971,train
3075,54.96304235845186,55.51232,train
2588,16.733837753795683,16.893757,train
3050,48.49994200119764,48.212646,train
2506,50.54520953102328,50.79382,train
6724,24.281873014532923,24.929005,train
611,58.69889415199623,58.74443,train
4894,77.68275834818854,77.68042,train
917,35.981448551423625,36.345,train
7499,27.8694620307488,27.689638,train
9269,27.09140763603464,26.937603,train
5623,36.10097699362129,35.902668,train
7799,21.670238166153503,22.030064,train
5513,7.487039441710785,7.3041472,train
2215,40.259092491267545,40.059624,train
3431,47.159648581058754,46.236,train
6195,29.64536869515821,30.232628,train
2965,40.63770351870388,40.77844,train
1556,67.67807296886593,67.81182,train
7611,134.1049913560169,134.02557,train
3892,67.54477945349723,67.559586,train
2882,75.94626538222178,75.68236,train
537,35.8081459962377,35.79054,train
591,66.58516636474155,67.129456,train
4321,30.391747595902384,30.391693,train
863,21.58318403060131,21.686583,train
2135,78.7976489697884,78.72317,train
7087,26.096811792089195,26.03165,train
9665,53.97577549827576,54.367603,train
7077,24.290144191582872,24.35766,train
652,51.5337561017549,51.679405,train
3604,51.237069373284655,51.238804,train
8945,84.75295697575926,85.21846,train
1226,14.49986413953364,14.405914,train
958,55.18556761084572,55.629368,train
5820,73.587307090697,73.7842,train
6818,63.69862808262341,63.496723,train
7648,90.8101911417485,91.20741,train
7107,30.4262025098528,30.365793,train
269,22.636112508681865,23.151667,train
2158,39.9122322296036,40.985622,train
8996,62.728531916763785,62.63083,train
9586,44.00424827634543,44.453804,train
8348,57.77555795356668,57.760803,train
6458,6.560545272291004,6.6170654,train
5159,112.90513573952586,112.74934,train
658,51.5337561017549,52.001705,train
6722,24.281873014532923,24.356436,train
5193,95.65935721790642,95.989845,train
3925,13.263296413219944,13.093422,train
671,51.334066206546574,51.465897,train
2878,75.94626538222178,76.39577,train
7252,17.45833241679095,17.27453,train
6398,52.561077422993925,52.55394,train
8876,40.04086667514645,39.914787,train
4911,49.932213400866985,50.058052,train
6361,41.380738858681696,40.59249,train
5192,95.65935721790642,96.07297,train
6551,20.15248715168677,20.60621,train
9721,78.52239260692045,78.51782,train
7311,26.32473367367253,26.15502,train
5326,7.267913300585151,7.2155323,train
3754,39.714588712138834,40.311245,train
4621,39.37396909135014,39.420074,train
8685,41.934150475720166,41.56184,train
8371,102.11244006090304,101.92298,train
1524,49.78801809915476,50.212326,train
2725,104.51843038336918,104.43548,train
4660,50.51324652206503,51.03296,train
5392,20.982552337282897,20.701216,train
9659,53.97577549827576,54.18007,train
1826,18.66517816301845,18.992329,train
2355,9.359426092702076,9.332506,train
3278,53.0572412164186,53.08466,train
38,12.311123452022672,12.58855,train
6134,15.32505155793123,15.442688,train
7708,75.36873222882375,75.85904,train
6573,26.099438373019023,26.406618,train
3455,55.39530406799086,55.478783,train
969,61.22563174930349,61.89124,train
7743,76.67590826543987,76.85161,train
8933,68.99666759264976,68.68057,train
7405,64.0803395705165,64.452065,train
6775,39.00509400022551,39.558247,train
2015,28.253085186388866,27.801003,train
105,23.576423832277207,23.878231,train
123,29.74051248250902,29.632008,train
2985,39.528521366508905,39.891293,train
9502,58.87425460454851,58.52333,train
251,20.77359420729444,20.947428,train
8069,97.72361435380132,97.50686,train
1979,21.36043408888519,21.455318,train
215,15.614567609300169,15.492297,train
3772,39.54855112727903,40.119198,train
8743,29.365339437277093,29.218674,train
3846,51.74227308385,51.600124,train
4322,30.391747595902384,30.274353,train
6613,42.64439390516736,42.905483,train
2873,73.5520442092406,73.30567,train
1856,26.34005571615316,26.488033,train
6508,11.895866643063426,11.659942,train
9619,45.71025634176605,45.256893,train
1576,4.261325746131316,4.2908783,train
6792,47.66338038312279,47.7351,train
4939,43.90289510018543,44.086388,train
2246,45.080962845763935,44.590992,train
9125,74.10066098763063,73.98183,train
1446,21.75373160312757,21.771772,train
1356,63.82957422309615,63.833763,train
7938,56.02179798422955,55.933773,train
8661,31.78624470110975,32.45852,train
5470,51.79087976743877,52.11065,train
7267,19.24035714391358,19.098385,train
6112,13.096324205092191,13.245026,train
1042,22.29241191864729,22.361834,train
198,65.65020509765029,65.71776,train
2666,38.50444769785762,38.6707,train
252,20.77359420729444,21.058098,train
1937,62.68987393473133,62.951305,train
6796,52.61583395623445,52.403606,train
3552,55.49025213966205,54.7415,train
5436,35.89458453265824,35.80844,train
1619,9.135860967288092,9.374206,train
2963,40.63770351870388,40.64211,train
7397,64.0803395705165,63.651447,train
4405,33.19906877493806,33.324116,train
1204,11.18791207232073,11.313285,train
8376,95.27995050133204,94.965576,train
5190,98.77373433068,99.26105,train
1086,31.32001812749096,31.406792,train
2029,30.70592042906157,31.080471,train
4153,84.47098482884549,83.72263,train
8764,26.96403555997163,26.732344,train
2594,18.410392489338367,18.590128,train
382,68.65315573513477,68.696075,train
9054,57.32052974796355,57.15083,train
4090,58.17275977409735,58.246777,train
8140,89.83454371793471,89.47132,train
7631,103.4659443059241,103.35113,train
6639,60.03061670851074,60.30233,train
3816,44.27268123238265,44.467964,train
7531,37.34981601437241,37.566048,train
2814,68.84101050877996,68.79303,train
6192,29.64536869515821,29.885803,train
1054,24.102683602700605,23.918362,train
49,13.087714746263474,13.178576,train
8331,45.6948550475064,45.79735,train
2486,40.51733602903463,40.940018,train
3092,63.31482432217717,63.843925,train
914,35.981448551423625,35.796017,train
3670,63.03546714128211,62.321037,train
6554,20.15248715168677,20.726057,train
9625,45.71025634176605,46.51502,train
1169,67.12941924665816,67.7328,train
3973,17.470580500291586,17.914068,train
5139,127.16182006600462,128.39174,train
5585,21.13272585910589,21.135866,train
906,32.321144147753046,32.528976,train
734,62.36217072729759,62.550095,train
6215,37.37312957428336,37.924194,train
6634,53.70058276989914,54.208782,train
7176,54.8905830653327,55.020138,train
7559,50.1770255008208,49.888885,train
380,68.65315573513477,68.29745,train
7048,20.126200689915567,20.134287,train
5197,95.65935721790642,95.01275,train
6929,35.00421894076243,34.63992,train
7379,52.63724913071349,52.43009,train
9039,56.99655317923613,57.233006,train
2583,16.733837753795683,16.732859,train
2475,36.17425134293541,36.658962,train
6824,63.69862808262341,64.08455,train
8763,26.96403555997163,27.121403,train
339,43.57674488134622,44.09676,train
5385,18.182353085699454,18.2215,train
7146,42.42789452698618,42.39187,train
1999,24.237902567050384,24.597187,train
4006,25.54764652659833,25.290144,train
2611,22.56958769006692,22.58188,train
6714,22.42665956361704,22.660336,train
477,15.707873555388897,15.675935,train
3608,51.237069373284655,51.09424,train
1486,32.598323805815355,32.82267,train
1546,61.21209743760832,61.608322,train
7588,66.87001827651024,67.06482,train
7906,39.97709071985155,40.708122,train
6284,37.38629228613615,37.337585,train
7838,25.65131053715304,26.089737,train
8070,97.72361435380132,97.29757,train
85,18.85539645484105,19.00481,train
5369,13.515426780327186,13.93207,train
9011,58.75187514946885,58.59314,train
2902,81.68034630091823,81.6961,train
8023,124.675830889654,125.14048,train
1447,21.75373160312757,21.807568,train
1903,45.85107845908806,45.620224,train
7089,26.096811792089195,25.927225,train
5209,93.24564903744712,93.430336,train
8358,110.28871787139632,110.0669,train
2927,45.55901491491564,45.752625,train
87,18.85539645484105,19.287321,train
616,58.69889415199623,58.632275,train
9073,59.66494697179906,59.89426,train
8153,90.55535075755104,90.40849,train
9118,70.30262091082997,70.158775,train
7525,33.84919070959732,34.207672,train
5310,5.344944871987626,5.494402,train
5932,49.56838968278535,48.729603,train
8520,78.23957030362628,78.070274,train
3298,64.18571344380074,64.1696,train
446,10.035121137450265,10.09911,train
6638,60.03061670851074,60.30233,train
2496,45.29905670360103,45.398766,train
705,54.721475257382544,54.39222,train
5047,53.28328579156749,53.937553,train
5557,13.645667799055278,13.663228,train
6133,15.32505155793123,15.523595,train
7990,167.15995000247077,167.2015,train
9420,30.475247391823903,30.791393,train
1686,27.203714615567623,27.352425,train
4014,28.30389810587354,27.632158,train
5467,51.79087976743877,52.204716,train
5040,53.28328579156749,53.500904,train
7360,43.0355455648049,42.998062,train
4853,59.46582112338208,59.87811,train
1554,67.67807296886593,67.50662,train
5539,10.08763188618742,10.464947,train
5228,90.34178504057668,90.34941,train
235,17.75661321676694,17.543783,train
385,68.65315573513477,68.77132,train
371,62.955894941680654,62.9163,train
4841,55.81576581046008,55.929245,train
8057,101.40176125573278,101.27239,train
1769,9.44060281407632,9.795089,train
1474,29.346331511874943,29.281954,train
4223,74.34851013209767,74.14133,train
25,11.773396922197788,11.717979,train
4804,45.44891159516804,44.58001,train
2046,36.55766700416237,36.617516,train
1400,16.044385727383865,16.023138,train
7625,111.84710803127729,112.681984,train
261,22.636112508681865,22.82499,train
1227,14.49986413953364,14.533996,train
8622,24.51074960846983,24.422356,train
8788,26.05297410894394,26.259132,train
6441,69.76848318728358,69.78098,train
370,62.955894941680654,62.395542,train
386,68.65315573513477,68.561554,train
8430,75.33592393483191,75.492805,train
1559,67.67807296886593,68.0146,train
6994,59.34443405671068,59.820316,train
7809,22.272090330468416,22.626993,train
1594,6.328904784352407,6.3512444,train
4742,42.19129004147142,41.990814,train
9400,26.85898557743944,26.797197,train
9413,28.513269417688846,27.85532,train
2316,69.12845902908616,68.8146,train
8157,91.1828236948467,91.46405,train
1059,24.102683602700605,24.794611,train
9547,48.09731794409938,48.16549,train
5393,20.982552337282897,20.946516,train
7935,51.4820311150869,51.582607,train
5641,46.18443363933325,45.91278,train
3713,79.05853392344162,79.482124,train
2128,73.38377494672582,74.00401,train
6172,23.48793461229637,23.746286,train
4851,59.46582112338208,59.54693,train
1957,19.6236096360711,19.64761,train
6428,64.95566127753861,64.762825,train
1248,18.66092106399767,18.879175,train
1931,62.68987393473133,62.674286,train
4230,74.34851013209767,74.885025,train
4879,72.7859039312829,72.6906,train
5569,15.832987467777208,16.323624,train
6262,64.26236510384142,64.24895,train
4838,52.59176301891893,52.460373,train
273,24.75154224131003,24.726273,train
8627,24.51074960846983,24.48121,train
189,58.92641435780302,60.121273,train
8613,22.6289298038926,22.695225,train
6437,69.76848318728358,69.66841,train
2779,73.67669133829504,73.90788,train
9328,57.4770327849973,57.417084,train
2497,45.29905670360103,45.40568,train
6122,14.063861465039476,14.050713,train
8919,57.33334725094892,57.40012,train
8437,73.5169788308657,73.134926,train
2032,33.47009915314734,33.251133,train
3733,42.54155576774366,43.29425,train
5242,89.71465856252216,90.15435,train
2951,41.82198911798321,41.514618,train
8416,77.79019270718537,78.53803,train
3809,42.57735025578194,41.928482,train
2949,41.82198911798321,41.09998,train
7299,24.08136518403247,23.607473,train
4039,34.84320820810721,35.084656,train
6878,23.1671333522179,22.89199,train
5348,9.936327459773272,9.968944,train
3880,62.97172274000302,62.860386,train
4582,30.11289053476736,30.02042,train
6702,20.909816172153874,20.811586,train
7263,18.211477627421544,18.408419,train
6889,24.96836518101789,24.959965,train
538,35.8081459962377,36.04506,train
7782,84.75534758997657,84.49702,train
8684,41.934150475720166,41.651333,train
23,11.773396922197788,11.588503,train
5541,11.737430167438465,11.234661,train
5107,158.73631998820795,158.14587,train
5972,45.64933795175344,45.540005,train
3593,50.81546319889285,51.486664,train
5187,98.77373433068,98.068474,train
9712,73.77371393862427,73.394615,train
6820,63.69862808262341,63.637318,train
9403,26.85898557743944,26.143597,train
5856,80.38417842857004,80.43072,train
2651,34.608236450110745,34.562717,train
6801,52.61583395623445,52.372932,train
5564,15.832987467777208,15.822964,train
1148,55.618307516984494,55.97502,train
5696,99.09191329711086,98.70004,train
9639,48.98294327716477,48.51116,train
507,24.08255825230725,24.366665,train
5196,95.65935721790642,95.30997,train
8118,89.35596223722666,89.310585,train
120,29.74051248250902,29.113382,train
6780,43.12658410812266,43.100365,train
1926,56.59924005727276,56.6472,train
5337,8.498890313327536,8.602414,train
8079,94.77176287098274,94.6951,train
2341,8.56427601572387,8.6131,train
4207,74.59089711105786,74.566284,train
3664,63.03546714128211,64.17707,train
7031,18.287084542985266,18.600208,train
1134,50.522632157242,50.587337,train
3560,53.584944988599865,53.16355,train
7653,90.8101911417485,90.9048,train
3961,16.095344812438785,16.234531,train
2373,11.411319896017613,11.561382,train
7334,31.85415326143481,32.150997,train
5460,45.97882787803568,46.189766,train
1647,15.086156273058206,15.11126,train
5997,49.29258108243957,49.331356,train
1502,40.31028940315537,39.828342,train
7224,16.82566597126998,16.650667,train
2868,73.5520442092406,73.94482,train
5109,158.73631998820795,159.14235,train
3045,45.95204798649222,45.85667,train
2336,78.79814514174707,78.78502,train
3089,63.31482432217717,63.332882,train
2635,27.91894491941593,28.382807,train
575,57.94552901210703,57.85361,train
4893,77.68275834818854,77.68042,train
1819,16.633296025212033,17.002522,train
9157,5.351857896040902,5.2712793,train
2242,45.080962845763935,45.02417,train
5710,87.33841255063824,86.66541,train
2126,73.38377494672582,73.38324,train
5732,79.2410546173472,79.31216,train
8674,38.19733383832723,37.754032,train
8512,78.23957030362628,78.50103,train
9114,70.30262091082997,70.37485,train
5215,91.48707426187316,90.94595,train
2939,43.45206887144879,43.13007,train
7057,21.31754547210954,21.125202,train
5180,102.64150512184672,102.99047,train
7074,22.701604648528324,22.786613,train
7137,38.96541114737861,39.422478,train
6403,52.561077422993925,52.457962,train
8503,76.00671399435468,76.1474,train
814,15.537782493111417,15.603479,train
1269,23.82470993800484,24.61409,train
5,11.37918153927572,11.406582,train
9072,59.66494697179906,59.500244,train
2513,56.27923081040397,56.29093,train
6005,49.29258108243957,49.758224,train
8191,6.195413006081358,6.200027,train
5707,92.69126167628563,92.65003,train
6909,29.406568716475963,29.039186,train
6963,45.72552663345777,46.319305,train
7940,56.02179798422955,55.566864,train
4868,63.535008761946855,63.960835,train
9389,25.501940669626595,25.578596,train
8020,124.675830889654,124.96606,train
8733,66.62708274696202,66.42978,train
1036,20.74860480317913,20.284689,train
4394,31.4947609089151,31.28695,train
5135,127.16182006600462,126.62134,train
9254,20.48518085914746,20.74154,train
6487,9.221822808764502,8.940108,train
8726,60.86470279221393,60.749302,train
6743,29.044398074352745,29.302355,train
7772,82.37603782782935,82.53827,train
5554,13.645667799055278,13.526286,train
4263,79.44225220967748,79.42982,train
6917,32.0562290792121,32.26433,train
3955,16.095344812438785,15.791575,train
8535,83.53755060546025,83.55179,train
6003,49.29258108243957,49.09487,train
7065,21.31754547210954,21.46236,train
8518,78.23957030362628,77.99313,train
7342,35.17697816276893,35.312378,train
7586,66.87001827651024,66.258705,train
7233,16.763039606912137,16.972635,train
5959,45.5844800104469,45.718315,train
707,54.721475257382544,54.495514,train
4514,26.72477238199726,26.552618,train
7002,64.47891927372373,63.961212,train
4022,28.30389810587354,28.49286,train
750,69.71997296559415,69.44182,train
2693,52.629996172572376,52.66244,train
9230,15.26942589060463,15.332845,train
8583,18.35910667150528,18.455406,train
594,66.58516636474155,67.05929,train
4253,77.52447914202958,77.1537,train
5700,92.69126167628563,92.20229,train
5415,27.64203408942484,27.512741,train
8119,89.35596223722666,89.32363,train
2198,38.74234435378403,39.12057,train
2906,81.68034630091823,81.79321,train
5643,46.18443363933325,45.94121,train
8940,68.99666759264976,69.13957,train
3385,42.59809029081568,43.11482,train
9670,57.12333038923778,57.29042,train
2933,45.55901491491564,46.198944,train
7695,77.50351307331591,77.28968,train
6644,60.03061670851074,60.567287,train
5333,8.498890313327536,8.326262,train
110,26.46665738904841,25.763058,train
1402,16.044385727383865,16.048313,train
1833,20.944857525424137,21.164747,train
4562,27.580488890378103,27.605238,train
714,56.80098396250919,56.357265,train
30,12.311123452022672,11.975378,train
8848,31.887203302864805,32.06138,train
1210,12.746987748176158,12.147797,train
5572,18.321105476597847,18.223127,train
8277,24.001378700581864,23.855043,train
5018,47.90717594953969,48.343094,train
3547,55.49025213966205,55.520687,train
3417,45.33505299506575,45.536976,train
9208,11.253266198557393,11.369092,train
9511,64.15740236185155,63.898693,train
1726,45.58658638504512,45.65693,train
713,56.80098396250919,56.400246,train
752,69.71997296559415,69.37669,train
1178,7.500740525635853,7.6924806,train
4414,35.31334920409292,35.428787,train
8428,75.33592393483191,75.11747,train
3974,19.0858907744892,18.83165,train
8272,20.876831778519826,21.0625,train
9272,27.09140763603464,27.16071,train
4285,84.17406753255614,84.1986,train
6256,64.26236510384142,64.01326,train
9568,45.07158814655721,44.82612,train
3130,20.723513448948488,20.440632,train
5530,8.676840647825152,8.888995,train
6269,38.91834885517143,38.57384,train
1202,11.18791207232073,11.105084,train
4501,27.4987848462116,27.671284,train
3577,51.27183872069076,51.273552,train
8094,92.49960703964835,92.49631,train
2347,8.56427601572387,8.799777,train
5350,9.936327459773272,10.400968,train
1693,31.14310306496106,31.107323,train
465,13.546498854976594,13.653841,train
6932,35.00421894076243,34.495228,train
8979,69.20177964841314,68.73353,train
3690,70.45262976078712,69.645226,train
8682,41.934150475720166,41.40636,train
8471,71.5126952436544,72.36554,train
180,58.92641435780302,58.505123,train
8615,22.6289298038926,22.668245,train
1786,11.806010746932552,11.759219,train
9636,48.98294327716477,48.734867,train
1605,7.630233866920396,7.587725,train
9148,4.73305991146259,4.7476287,train
106,23.576423832277207,23.68313,train
9578,44.30808172311328,44.20467,train
5982,46.3112758194042,46.089417,train
4246,76.01605659237786,75.76305,train
9464,41.66927621767171,41.697712,train
3042,45.95204798649222,45.32408,train
1323,46.97639691288464,46.654236,train
1920,56.59924005727276,56.173504,train
4257,77.52447914202958,77.49022,train
9643,48.98294327716477,48.11692,train
4824,49.79264067249439,49.6967,train
8885,43.63794122524664,43.43002,train
2987,39.58246569836199,39.761494,train
7823,23.136574168441147,22.874935,train
7950,60.909817691377626,60.79828,train
819,15.537782493111417,15.784061,train
9452,38.33956461027205,38.090836,train
1456,23.94330432520524,24.01423,train
4544,26.316037321382165,26.352682,train
8250,15.627250818874538,15.58611,train
4138,92.83718812970534,92.21967,train
7461,19.34715525293678,19.203928,train
133,33.42260983239122,33.769432,train
651,51.5337561017549,51.533733,train
8183,5.319943445303664,5.333362,train
7577,60.8688615107876,60.558212,train
8103,90.8660920550722,90.61904,train
6683,18.87926170835041,19.157997,train
4342,28.7876459530247,28.876366,train
6246,58.01546805593058,57.290356,train
9283,30.98055959686801,31.118124,train
3207,28.031486406087428,27.368345,train
6482,8.174317370228692,8.302525,train
1050,24.102683602700605,24.15397,train
1507,40.31028940315537,40.75824,train
2321,73.95193879191451,73.80747,train
9144,81.83669393813297,81.78849,train
6840,18.78891713488035,18.742786,train
6263,64.26236510384142,64.27748,train
5434,35.89458453265824,35.92162,train
2216,40.259092491267545,40.317986,train
4599,31.8813592557466,31.901947,train
5837,75.47176859644443,75.70645,train
7425,14.243709536497072,14.817863,train
6924,32.0562290792121,32.06382,train
3968,17.470580500291586,17.214157,train
6912,29.406568716475963,29.341135,train
4850,59.46582112338208,59.627136,train
3865,58.80362810770437,58.895676,train
4073,47.54319352377593,48.038315,train
1695,31.14310306496106,31.155684,train
2936,45.55901491491564,45.654285,train
1998,24.237902567050384,24.156084,train
7125,32.98232473760113,33.80913,train
7527,37.34981601437241,37.2084,train
8300,31.37922589982488,31.3699,train
9370,23.6532273935958,23.708927,train
4972,42.16214720311456,42.133114,train
3943,14.004546189062298,14.489154,train
8297,31.37922589982488,31.392292,train
4817,47.41366181194388,46.989746,train
1114,41.64122645814851,41.59826,train
7922,47.29742398296997,47.16106,train
5901,62.25633543844163,62.578655,train
5200,95.65935721790642,95.71332,train
9418,30.475247391823903,31.074276,train
5878,78.77344906209804,78.92452,train
2658,34.608236450110745,35.014908,train
5576,18.321105476597847,18.338346,train
8880,40.04086667514645,40.04321,train
7235,16.763039606912137,17.149715,train
8264,18.09371934689641,18.565153,train
5675,65.16757490992121,65.157776,train
8213,8.462152429232523,8.586071,train
1630,12.84232439733848,12.775212,train
2833,68.43192554409117,68.52009,train
7325,28.909682910100816,29.38008,train
3777,39.75223655037217,39.70188,train
1733,51.37961257023424,51.39033,train
4296,86.46661268195652,86.28442,train
5552,13.645667799055278,13.588791,train
347,47.8752142649167,47.757233,train
4755,41.70839840464368,41.723053,train
7494,25.34338762867145,25.294191,train
933,44.62685449100115,44.769176,train
5020,47.90717594953969,48.18761,train
6594,33.523613372673765,33.968117,train
409,5.704550507054627,5.774301,train
4249,76.01605659237786,76.02211,train
3927,13.263296413219944,13.218595,train
4012,25.54764652659833,25.74769,train
1544,61.21209743760832,61.53685,train
7026,18.287084542985266,18.454306,train
2402,15.930270377937108,15.789003,train
9392,25.501940669626595,25.37127,train
6893,24.96836518101789,24.502373,train
6353,39.53055859179817,39.376526,train
5826,73.587307090697,73.64617,train
6156,20.95306971956953,20.29956,train
9037,56.99655317923613,57.20492,train
8308,35.68789960785091,35.510418,train
326,39.63341268926196,39.569202,train
6514,11.895866643063426,12.016989,train
3714,44.33840586431928,44.415627,train
4191,75.46351541383811,75.803314,train
1939,62.68987393473133,62.93602,train
9106,66.92157804062985,66.86158,train
3379,42.60532086197436,42.8638,train
5616,31.749664310570285,31.5703,train
1255,21.10753296824097,21.036743,train
5421,31.554913159032687,31.489597,train
1500,40.31028940315537,39.581432,train
894,29.07243954885766,29.144733,train
5394,20.982552337282897,20.883501,train
2608,20.35011655324132,20.94744,train
1959,19.6236096360711,19.981161,train
731,62.36217072729759,62.968487,train
6532,15.48067471487008,15.812224,train
694,53.11407662346408,53.03943,train
9705,69.08590381003984,69.54109,train
2467,32.24368576562934,32.744728,train
2372,11.411319896017613,11.375754,train
9211,11.253266198557393,11.2798195,train
3319,53.80288353083432,53.54773,train
874,23.72373029787332,23.9577,train
6982,54.48981476457171,54.509533,train
4402,33.19906877493806,33.472893,train
9119,70.30262091082997,70.224884,train
9652,51.2628129982388,50.678646,train
6995,59.34443405671068,60.027214,train
8882,43.63794122524664,43.1525,train
2335,78.79814514174707,78.78502,train
3430,47.159648581058754,46.429523,train
1340,57.78802082452141,57.34702,train
1814,16.633296025212033,16.41352,train
1859,26.34005571615316,26.840126,train
9628,47.133068609098046,46.703766,train
1889,36.88683750149421,37.367393,train
8567,16.510456846670284,16.43686,train
569,51.62368232987836,52.060413,train
5738,76.30890117399417,76.1352,train
1019,18.39258389219694,18.562983,train
6439,69.76848318728358,69.56702,train
9134,78.16737146241204,78.35093,train
5885,78.77344906209804,78.12138,train
217,15.614567609300169,15.470288,train
2896,78.69801313043334,79.17451,train
5811,72.14804534278407,72.151825,train
7297,24.08136518403247,23.811201,train
1338,52.16927260275215,52.777046,train
2011,28.253085186388866,28.402061,train
7790,21.33822320763908,21.590523,train
21,11.773396922197788,11.53078,train
5247,89.71465856252216,89.76963,train
6531,15.48067471487008,15.829273,train
8365,102.11244006090304,102.536804,train
5133,136.11990722925268,135.93643,train
6028,57.60964815073893,57.662247,train
489,18.16883094295837,18.410181,train
1803,14.826986961109265,14.450628,train
1550,67.67807296886593,67.217285,train
229,16.580442267821432,16.703077,train
5657,51.97277860724665,52.35452,train
9096,64.01007406503007,63.63839,train
1069,26.19775839899175,26.6113,train
923,40.07578418861009,39.973743,train
579,57.94552901210703,58.178608,train
7786,84.75534758997657,84.848045,train
6769,39.00509400022551,38.36184,train
9621,45.71025634176605,46.063114,train
9086,61.58862010726623,61.24113,train
7893,36.82299199451849,37.082752,train
101,23.576423832277207,22.94562,train
1790,13.224779920186323,12.702372,train
5713,87.33841255063824,87.5963,train
9346,23.081292008810937,23.322746,train
6177,26.379385371737182,25.684717,train
5131,136.11990722925268,134.80396,train
6749,31.975861991771684,31.517487,train
2502,50.54520953102328,50.164406,train
8873,40.04086667514645,39.834545,train
5864,83.18520635490366,82.986206,train
2660,38.50444769785762,38.20732,train
1143,55.618307516984494,55.5745,train
9427,32.757479265983406,32.955,train
8810,26.553718966906143,26.544027,train
8942,84.75295697575926,84.68008,train
1680,27.203714615567623,27.11541,train
2143,41.2027500139872,40.645695,train
5092,74.57648935728871,74.64511,train
1499,36.2454236303737,37.05925,train
5555,13.645667799055278,13.496724,train
2835,68.43192554409117,68.788284,train
1874,33.01058316013917,32.969036,train
1030,20.74860480317913,20.836996,train
224,16.580442267821432,16.369867,train
3249,39.82547873669989,39.85293,train
5444,40.69167489137143,40.531574,train
2917,48.18612646210156,48.16239,train
7798,21.670238166153503,21.780752,train
8709,50.57222671436466,50.99758,train
7933,51.4820311150869,51.024128,train
1021,19.453992241773605,19.563848,train
4989,43.16995161573335,43.308167,train
5344,9.936327459773272,9.729962,train
1458,23.94330432520524,24.300396,train
7014,69.82688277932674,69.66285,train
1608,7.630233866920396,7.747236,train
5680,65.16757490992121,65.157776,train
2436,22.67323124124311,23.477081,train
2686,47.49780676008604,47.7365,train
4044,38.66939548382394,38.350185,train
8493,74.18155972707093,74.315216,train
7765,80.10051029183403,79.95298,train
9235,15.26942589060463,15.316746,train
6281,37.38629228613615,37.52745,train
8106,89.83219912234955,90.40767,train
1752,8.457383680700138,8.67936,train
504,24.08255825230725,23.917917,train
7264,18.211477627421544,18.108194,train
7642,96.52331812388518,95.551125,train
4231,74.95067169957674,75.09838,train
2905,81.68034630091823,81.76944,train
7191,59.7691504523924,59.66853,train
2977,39.528521366508905,39.718483,train
7868,31.46935423226826,31.99351,train
5876,85.74446614598416,85.890564,train
6703,20.909816172153874,20.712364,train
2234,43.12759497575015,42.359028,train
947,49.65683893332355,50.025726,train
2511,56.27923081040397,56.082947,train
7810,22.272090330468416,22.375132,train
3668,63.03546714128211,62.52572,train
1453,23.94330432520524,23.779503,train
587,71.98462739387922,71.297066,train
4862,63.535008761946855,62.732758,train
6110,13.096324205092191,13.093271,train
6512,11.895866643063426,11.869652,train
8312,35.68789960785091,35.790874,train
3267,48.193847475870776,47.661736,train
2984,39.528521366508905,39.72456,train
9310,45.337607508895246,45.26748,train
2749,84.68966957236185,84.78422,train
2027,30.70592042906157,30.693869,train
5331,8.498890313327536,8.309752,train
3297,64.18571344380074,63.680767,train
6709,22.42665956361704,22.520788,train
6409,56.318371719458256,55.695564,train
5622,36.10097699362129,35.902668,train
3288,58.38918889666684,58.19011,train
6660,18.24242596386917,17.86062,train
1102,37.821147868763056,37.7314,train
3997,23.10577014586598,23.150969,train
5185,98.77373433068,98.81729,train
116,26.46665738904841,26.934252,train
7491,25.34338762867145,25.214975,train
5683,106.73359104233614,106.867096,train
4252,77.52447914202958,77.341965,train
3463,55.39530406799086,55.597202,train
8563,16.510456846670284,16.628479,train
3354,45.56874045695812,45.896084,train
5283,92.33570202451632,92.56633,train
6310,35.86295586622186,35.708565,train
3487,67.68592624937482,67.59717,train
4758,41.70839840464368,41.759796,train
6829,69.71062345978,69.45101,train
921,40.07578418861009,39.738987,train
2290,60.376848442270685,60.569893,train
3798,41.26333268116094,40.706116,train
1666,20.46822680475041,20.687029,train
9257,23.601878269200103,23.511045,train
4842,55.81576581046008,55.292057,train
7116,32.98232473760113,33.12479,train
3446,52.1882724597919,52.548786,train
5778,70.72326590407447,70.664375,train
7984,182.32680590471207,182.35907,train
7635,103.4659443059241,104.188324,train
2484,40.51733602903463,40.761925,train
201,14.853773920970784,14.812714,train
4437,40.832073197555765,41.00499,train
1584,5.212225480475277,5.243533,train
2121,73.38377494672582,73.38936,train
4642,46.36505623828396,45.92008,train
7344,35.17697816276893,35.93584,train
7997,154.1130580278585,154.46423,train
2925,48.18612646210156,48.8553,train
521,31.4837449181509,31.252493,train
5758,72.36566593741946,72.573746,train
6541,17.669242814490573,17.909973,train
9409,28.513269417688846,28.840065,train
4906,53.06450082892232,53.006927,train
6282,37.38629228613615,37.035892,train
9657,53.97577549827576,54.461586,train
4667,55.11750370348744,54.875782,train
9019,58.75187514946885,58.74054,train
6015,51.56721782835394,51.64816,train
1346,57.78802082452141,57.673325,train
2817,68.37372704417407,68.492355,train
5414,27.64203408942484,27.681044,train
7506,30.696954457462205,30.47458,train
4656,50.51324652206503,50.66855,train
1792,13.224779920186323,12.913031,train
2812,68.84101050877996,68.858826,train
1266,23.82470993800484,23.879734,train
2766,80.21331586375474,80.54727,train
2569,15.305078539047836,15.347196,train
1711,40.30436750873707,40.287888,train
8097,90.8660920550722,91.1642,train
6653,18.51668839022279,18.168089,train
6,11.37918153927572,11.517793,train
9634,47.133068609098046,46.908566,train
5808,72.14804534278407,72.375084,train
1537,55.24750408842497,55.553448,train
8178,5.319943445303664,5.310665,train
7529,37.34981601437241,37.228237,train
1714,40.30436750873707,40.33402,train
1672,23.65424941823527,23.686983,train
5735,79.2410546173472,78.86102,train
4886,72.7859039312829,72.78036,train
1855,26.34005571615316,26.42934,train
3340,47.64390488072358,47.49969,train
4323,30.391747595902384,30.00685,train
2111,67.78341198507376,67.6637,train
4298,86.46661268195652,86.67185,train
8198,7.23635652187556,7.1623316,train
102,23.576423832277207,23.079304,train
4727,44.49890398494616,44.60458,train
5347,9.936327459773272,9.968944,train
2326,73.95193879191451,73.955475,train
4102,64.16665709294357,64.3797,train
7305,24.08136518403247,24.78011,train
9664,53.97577549827576,53.57009,train
2192,38.74234435378403,38.59882,train
6628,53.70058276989914,53.359394,train
4764,41.645435649307146,41.708687,train
1582,5.212225480475277,5.243533,train
405,5.704550507054627,5.686872,train
3445,52.1882724597919,52.20819,train
6456,6.560545272291004,6.6170654,train
6737,29.044398074352745,28.679289,train
5332,8.498890313327536,8.38172,train
7463,19.34715525293678,19.167213,train
7851,27.309900823535024,26.976194,train
9024,57.60787852380753,57.25926,train
7115,30.4262025098528,30.581188,train
6770,39.00509400022551,38.808,train
7314,26.32473367367253,26.971174,train
4099,64.16665709294357,64.183136,train
144,37.539090163163095,37.455997,train
3907,77.49004354480229,77.38482,train
480,18.16883094295837,18.129375,train
2470,36.17425134293541,35.739754,train
83,18.85539645484105,18.76219,train
4226,74.34851013209767,74.64728,train
1289,30.153068904468267,30.875933,train
4778,41.991429304893686,42.189114,train
8570,16.510456846670284,16.629284,train
3282,53.0572412164186,53.175766,train
4895,77.68275834818854,77.81645,train
9120,70.30262091082997,70.73534,train
5441,40.69167489137143,40.553047,train
3287,58.38918889666684,58.109886,train
721,59.349496697382925,59.32288,train
7831,24.262113611282484,24.14231,train
6614,42.64439390516736,42.905483,train
7674,82.46109517072738,81.155914,train
14,11.464931301901116,11.425319,train
688,51.9827380963932,52.37154,train
7100,28.13673861098185,27.767685,train
9284,30.98055959686801,31.118124,train
1946,19.218975308854805,19.3421,train
7900,39.97709071985155,39.471535,train
9329,57.4770327849973,57.417084,train
5688,106.73359104233614,107.1722,train
8990,65.62882424723186,66.03301,train
9178,7.099764588567615,7.004028,train
5423,31.554913159032687,31.474354,train
2880,75.94626538222178,76.05648,train
4503,27.4987848462116,27.60549,train
1018,18.39258389219694,18.4611,train
8542,86.00802491357506,85.98219,train
6643,60.03061670851074,60.24814,train
9094,64.01007406503007,63.761124,train
4048,38.66939548382394,38.59365,train
7122,32.98232473760113,32.40342,train
5600,24.29149336117945,24.671263,train
3947,14.944624315127582,14.43108,train
4799,45.44891159516804,46.224606,train
8134,89.38401259047933,89.54113,train
466,13.546498854976594,13.633513,train
2872,73.5520442092406,73.03471,train
9450,38.33956461027205,38.019604,train
9425,30.475247391823903,31.243101,train
355,52.53837345661387,52.543926,train
6972,49.94592883127101,49.922626,train
8082,94.77176287098274,94.30844,train
9034,56.99655317923613,57.40128,train
845,18.27799290167712,18.160099,train
8245,13.453543317986504,13.769015,train
467,13.546498854976594,13.609458,train
5746,76.30890117399417,76.22035,train
2062,43.74916483500652,44.07638,train
6586,33.523613372673765,33.14133,train
9303,40.07261089859568,40.115597,train
1091,34.38777831006773,33.80333,train
7511,30.696954457462205,30.854279,train
7339,35.17697816276893,34.88093,train
7846,25.65131053715304,26.403713,train
4920,47.395570474274905,47.157173,train
5240,89.76736722751878,89.99363,train
6723,24.281873014532923,24.686167,train
7687,77.50351307331591,77.737114,train
136,33.42260983239122,33.27258,train
7936,51.4820311150869,51.93849,train
3841,48.84487411254294,48.87894,train
3650,57.33567960931472,56.271725,train
3330,50.356769966363984,50.57272,train
5799,71.1788904661776,71.42405,train
4152,84.47098482884549,85.2306,train
6345,38.05130976592272,38.05954,train
8318,40.44917533424408,40.349136,train
903,32.321144147753046,32.615543,train
4085,58.17275977409735,57.99607,train
6836,18.78891713488035,18.821505,train
6405,52.561077422993925,52.949623,train
1798,13.224779920186323,13.422981,train
9213,11.253266198557393,11.288781,train
4650,46.36505623828396,46.79909,train
243,19.150990033213944,19.102066,train
4807,45.44891159516804,45.222443,train
9251,20.48518085914746,20.63154,train
2004,26.100293358639703,25.785028,train
5610,27.821975663371607,28.332804,train
6180,26.379385371737182,26.018425,train
1317,42.197285066210405,42.646362,train
6057,70.13557868690133,69.98558,train
8402,80.93195157639853,80.88613,train
2764,80.21331586375474,78.493416,train
5736,79.2410546173472,78.909546,train
2236,43.12759497575015,43.120426,train
2472,36.17425134293541,36.24336,train
764,73.97103175765946,73.72871,train
4967,42.30109028988361,42.471325,train
7545,41.22258538401052,42.241173,train
2241,45.080962845763935,45.466297,train
1710,40.30436750873707,40.16456,train
9517,69.76902573826007,69.619804,train
5691,99.09191329711086,99.44619,train
5748,74.03273905666954,74.25964,train
9472,45.377471796299,45.23252,train
2647,31.08635774141885,31.422703,train
9587,44.00424827634543,44.17304,train
759,69.71997296559415,70.04198,train
649,52.42282758556679,52.434807,train
2935,45.55901491491564,44.709255,train
8582,18.35910667150528,18.464977,train
2548,12.375656037192718,12.827918,train
7193,59.7691504523924,60.056396,train
5962,45.5844800104469,45.785286,train
1071,28.596873846248613,28.294367,train
2092,57.18133790919997,57.15858,train
4697,71.63382197447152,71.68329,train
2826,68.37372704417407,69.01106,train
3145,20.5747960352812,21.06771,train
9614,44.7130602082412,45.077736,train
5562,15.832987467777208,15.822964,train
9128,74.10066098763063,73.94944,train
7019,75.23965918699078,75.02018,train
1968,20.345033900190963,20.574488,train
8892,47.70662944412462,47.11692,train
7457,19.34715525293678,19.210087,train
8984,65.62882424723186,65.282555,train
8816,27.333982293279394,27.082989,train
5992,47.53432583996549,47.242943,train
7385,52.63724913071349,53.15534,train
8957,78.65994946465001,78.711044,train
7957,66.11854958927282,66.11432,train
1076,28.596873846248613,28.45815,train
7963,66.11854958927282,66.420334,train
3614,52.104444542417454,52.315796,train
5005,44.3150442339094,44.07123,train
6167,23.48793461229637,23.08734,train
2237,43.12759497575015,43.07044,train
1815,16.633296025212033,16.568285,train
5945,47.46331387653679,47.731613,train
1869,29.50350743814052,29.909765,train
2794,71.45632785526469,71.06541,train
1943,19.218975308854805,19.290648,train
4873,67.99832264808245,67.927765,train
4439,40.832073197555765,41.303284,train
556,45.847583591803016,45.97804,train
3084,58.90057362616971,59.285637,train
4484,62.97857785185516,62.689087,train
8356,110.28871787139632,110.29185,train
9404,26.85898557743944,26.204063,train
6388,49.19054255336955,49.139645,train
2842,68.99619975193545,68.82668,train
2845,68.99619975193545,69.001816,train
259,20.77359420729444,21.021215,train
7246,17.45833241679095,17.26206,train
3848,51.74227308385,51.355675,train
9049,56.9037654355777,57.156704,train
4147,88.28473895319611,88.177376,train
8894,47.70662944412462,47.607277,train
577,57.94552901210703,58.043427,train
4549,26.316037321382165,26.491879,train
2541,12.375656037192718,12.353876,train
6393,49.19054255336955,48.83223,train
970,67.76582195473432,67.499855,train
6347,39.53055859179817,39.774883,train
2887,78.69801313043334,78.99511,train
9497,58.87425460454851,58.5956,train
129,29.74051248250902,30.137781,train
6162,20.95306971956953,21.098116,train
2637,27.91894491941593,28.392628,train
517,27.58431117345385,27.777699,train
531,35.8081459962377,35.649097,train
5029,50.36822432825774,50.64216,train
1690,31.14310306496106,30.973635,train
5287,92.33570202451632,92.314316,train
3836,48.84487411254294,49.067574,train
8727,60.86470279221393,60.764202,train
128,29.74051248250902,30.177713,train
9443,35.37397145960927,35.47271,train
5518,7.487039441710785,7.631897,train
6675,18.37697354963854,18.755222,train
5346,9.936327459773272,9.968944,train
3260,43.78856466397367,43.778683,train
2991,39.58246569836199,39.665497,train
4483,62.97857785185516,62.9884,train
8806,26.553718966906143,26.421228,train
1310,42.197285066210405,41.699413,train
5217,91.48707426187316,91.13721,train
9195,8.261733441182077,8.298381,train
5311,6.223107400441468,6.143611,train
5904,62.25633543844163,62.40654,train
634,53.87988875437848,53.472767,train
7632,103.4659443059241,103.60746,train
5777,71.2717510610775,71.82145,train
4971,42.16214720311456,42.265583,train
3585,50.81546319889285,50.880157,train
670,51.334066206546574,51.401333,train
7727,75.68706198484644,76.11778,train
2631,27.91894491941593,27.52,train
3696,74.69819737409927,74.58689,train
9058,57.32052974796355,57.430374,train
74,16.98227570806444,16.869556,train
8867,36.89583258795231,36.34368,train
681,51.9827380963932,51.82211,train
719,56.80098396250919,57.11322,train
3663,59.96410273050301,60.77764,train
8600,19.569342060613856,19.749601,train
9565,46.321532277120944,46.64398,train
1845,23.49527343749657,23.60036,train
2133,78.7976489697884,78.67724,train
3488,67.68592624937482,67.72154,train
6515,11.895866643063426,12.564009,train
5782,70.72326590407447,70.56271,train
1935,62.68987393473133,62.814278,train
5620,31.749664310570285,32.04546,train
7452,17.802838393569143,17.777302,train
2422,20.142286163199543,20.263447,train
1969,20.345033900190963,20.820826,train
1350,63.82957422309615,63.224197,train
5451,45.97882787803568,45.550316,train
5895,69.43701604268931,69.94649,train
3770,39.54855112727903,39.768734,train
1285,30.153068904468267,30.323603,train
3502,72.53577771843293,72.68813,train
6784,43.12658410812266,43.42154,train
5729,79.2410546173472,79.310555,train
6313,35.86295586622186,36.077187,train
286,27.133896018289327,27.083204,train
6259,64.26236510384142,64.12463,train
7151,42.42789452698618,41.949688,train
7475,21.104381820909456,21.623835,train
574,57.94552901210703,57.79951,train
8985,65.62882424723186,66.10465,train
1341,57.78802082452141,57.63215,train
8701,46.05279922808826,46.11022,train
1273,26.832928330730127,26.795307,train
1403,16.044385727383865,16.51155,train
6637,60.03061670851074,59.454372,train
6842,18.78891713488035,18.908438,train
887,26.21357879858248,26.607153,train
3855,55.05988890318878,54.90302,train
5479,58.16441612968519,58.51471,train
6380,46.20624283129268,45.783974,train
3935,14.004546189062298,13.697153,train
2302,64.57695773677871,64.395134,train
3833,46.35846082077317,46.662666,train
7677,79.60001023359403,79.877815,train
7524,33.84919070959732,34.337822,train
2196,38.74234435378403,38.90934,train
2447,25.51789125655092,25.808105,train
7784,84.75534758997657,84.56121,train
2409,17.90207642534986,17.126114,train
8417,77.79019270718537,78.26877,train
7271,19.24035714391358,19.07577,train
8541,83.53755060546025,84.1205,train
2034,33.47009915314734,32.71701,train
4049,38.66939548382394,38.62108,train
6082,11.995381875606553,11.915232,train
8077,94.77176287098274,94.984764,train
3514,77.51462240012503,77.782524,train
8374,95.27995050133204,95.13569,train
8081,94.77176287098274,94.58095,train
5631,40.903222959927845,40.634224,train
1756,8.457383680700138,8.842983,train
5881,78.77344906209804,79.54721,train
5425,31.554913159032687,31.552828,train
1047,22.29241191864729,22.516333,train
1153,61.1611141293481,61.01985,train
7134,35.822770102044714,36.246655,train
1085,31.32001812749096,31.465172,train
6885,23.1671333522179,24.081821,train
160,47.18792608651206,46.576996,train
4066,47.54319352377593,47.25627,train
4825,49.79264067249439,49.49039,train
4907,53.06450082892232,53.16829,train
3156,20.72503526744455,21.219185,train
1746,57.71719116717853,57.668613,train
9131,78.16737146241204,78.123825,train
6735,26.484024368396327,26.998331,train
3911,77.49004354480229,77.5159,train
4470,52.60069880564436,52.900692,train
2704,58.20123238702953,58.05203,train
6529,15.48067471487008,15.130161,train
4197,75.46351541383811,75.86944,train
5342,9.936327459773272,9.774502,train
7852,27.309900823535024,26.574657,train
9442,35.37397145960927,35.543144,train
6230,46.80432287514404,46.754612,train
2957,40.63770351870388,40.61199,train
9387,25.501940669626595,25.801481,train
7620,121.93978085807994,121.95385,train
2493,45.29905670360103,45.08458,train
7787,21.33822320763908,21.561934,train
1895,41.15828962279588,41.109943,train
6214,37.37312957428336,37.859688,train
677,51.334066206546574,51.611435,train
2662,38.50444769785762,38.078014,train
4611,36.49519330636368,36.91362,train
7430,15.270791663402616,15.261569,train
3184,22.96300215722337,22.771362,train
1837,20.944857525424137,21.235205,train
4527,26.27774637739397,26.293283,train
7117,32.98232473760113,33.14285,train
3228,33.153402970715014,32.681465,train
3578,51.27183872069076,51.150856,train
1720,45.58658638504512,45.398323,train
283,27.133896018289327,26.85993,train
7857,29.24597298712641,29.606913,train
7925,47.29742398296997,47.687088,train
7175,50.37757456342593,50.82778,train
4031,31.3952961586681,31.417475,train
2334,78.79814514174707,78.78246,train
8126,89.38401259047933,90.117546,train
5319,6.223107400441468,6.3580317,train
7742,76.67590826543987,76.22528,train
1297,33.80632160791412,33.671703,train
6420,60.456358375515045,60.294384,train
4738,43.11226770189285,43.48928,train
674,51.334066206546574,51.293507,train
2813,68.84101050877996,68.83048,train
9085,61.58862010726623,61.550568,train
2463,32.24368576562934,32.309467,train
7885,33.9910948271814,34.06991,train
5204,93.24564903744712,93.06107,train
7196,64.9995160823615,65.092896,train
6619,47.9150270565331,48.065643,train
2518,56.27923081040397,56.606606,train
413,6.495546871407703,6.4868455,train
6371,43.604537301970495,43.34741,train
4293,86.46661268195652,86.26192,train
7825,23.136574168441147,23.073801,train
5750,74.03273905666954,74.36444,train
1218,12.746987748176158,13.326653,train
8619,22.6289298038926,22.778536,train
5181,98.77373433068,99.24798,train
1473,29.346331511874943,29.119087,train
3394,42.59809029081568,43.024937,train
8487,72.80691569376961,72.55203,train
1915,50.99059738000766,51.10286,train
4909,49.932213400866985,50.026028,train
1598,6.328904784352407,6.3533874,train
1412,17.038797527529596,16.968378,train
4612,36.49519330636368,36.440113,train
8234,11.549535252517238,11.586313,train
9174,6.135513977166935,6.2160425,train
6934,35.00421894076243,34.889637,train
3922,12.71161501625575,13.453135,train
830,17.08153188674368,16.866095,train
1032,20.74860480317913,20.8807,train
8274,20.876831778519826,21.073013,train
9193,8.261733441182077,8.344324,train
4117,104.53191002397112,103.828865,train
5370,13.515426780327186,13.794792,train
5031,50.36822432825774,50.27017,train
9033,56.99655317923613,56.747868,train
9542,50.45573881082557,51.254307,train
788,15.25551003706567,15.438013,train
1325,46.97639691288464,46.980774,train
5153,112.90513573952586,113.9359,train
2273,53.12049932369545,53.032684,train
9533,53.4781688706144,53.265804,train
192,65.65020509765029,65.508514,train
2281,56.555790586714224,56.357746,train
4533,26.14372026492268,26.055042,train
6431,64.95566127753861,64.45115,train
3161,21.17118030705132,20.949415,train
7890,36.82299199451849,36.589657,train
8591,18.35910667150528,19.002365,train
1145,55.618307516984494,55.521732,train
7163,46.22699972172253,46.340015,train
8379,95.27995050133204,94.62052,train
4768,41.645435649307146,41.791996,train
6151,18.757694196337685,19.0271,train
1560,3.4581586320124567,3.421393,train
9147,4.73305991146259,4.7476287,train
5740,76.30890117399417,76.025764,train
2923,48.18612646210156,47.530975,train
5273,91.77117363602072,91.78864,train
3091,63.31482432217717,63.27566,train
3317,53.80288353083432,53.681236,train
2931,45.55901491491564,46.181923,train
7569,55.29965642696082,55.160217,train
3991,20.95823822579033,21.075335,train
200,14.853773920970784,14.775347,train
1778,10.55089264296189,11.139535,train
6018,54.343834943578464,54.434757,train
6664,18.24242596386917,18.32731,train
1188,8.581296016351208,9.119524,train
3007,40.89493314975076,40.863052,train
6257,64.26236510384142,63.925262,train
2656,34.608236450110745,34.566586,train
6364,41.380738858681696,41.28721,train
4674,60.186503046491815,59.88959,train
2385,12.70566828847207,12.634138,train
3442,49.443219986774174,48.954903,train
1051,24.102683602700605,24.147348,train
9268,27.09140763603464,26.937603,train
301,32.758928032663164,32.603336,train
8710,50.57222671436466,50.951317,train
5861,83.18520635490366,83.025246,train
9426,30.475247391823903,31.516287,train
4897,77.68275834818854,77.76983,train
6452,74.77670776968583,74.31987,train
481,18.16883094295837,18.129375,train
8641,26.65121517352357,27.67742,train
7562,50.1770255008208,50.778336,train
148,37.539090163163095,37.9839,train
4133,92.83718812970534,92.84804,train
4672,60.186503046491815,59.960052,train
3392,42.59809029081568,42.70532,train
1121,45.86867632984527,45.841667,train
7716,75.36873222882375,75.800026,train
8797,26.12791079961084,25.917227,train
9359,23.159558795461432,23.279491,train
7361,43.0355455648049,43.270264,train
8232,11.549535252517238,11.672203,train
2091,57.18133790919997,57.223747,train
828,16.171440019658952,15.940458,train
7496,27.8694620307488,27.371038,train
7924,47.29742398296997,47.174908,train
6479,8.174317370228692,8.121385,train
6968,49.94592883127101,50.125816,train
7282,20.55365487758599,20.045433,train
7734,75.68706198484644,76.06693,train
770,78.3836967869071,78.13443,train
9001,60.4491784254586,60.37086,train
8594,19.569342060613856,19.570591,train
5540,10.08763188618742,10.470497,train
6510,11.895866643063426,12.167044,train
7482,23.09583172212638,23.151712,train
68,15.408132507053764,15.444537,train
1567,3.4581586320124567,3.421393,train
4559,26.7937603324987,26.780724,train
5893,69.43701604268931,68.498505,train
2228,41.522611277483854,42.340607,train
7258,18.211477627421544,18.182955,train
3757,39.714588712138834,39.858646,train
6104,12.421949679699392,12.7142935,train
7092,26.096811792089195,25.563688,train
2064,43.74916483500652,43.596546,train
2049,36.55766700416237,37.419647,train
359,52.53837345661387,52.527687,train
7746,76.67590826543987,76.9059,train
66,15.408132507053764,15.396213,train
9261,23.601878269200103,23.66898,train
4334,29.39069021010772,29.529112,train
137,33.42260983239122,33.68671,train
6516,13.563674534883573,13.342516,train
3358,44.06518747198716,43.712917,train
9032,56.99655317923613,57.13673,train
7501,27.8694620307488,28.024359,train
9008,60.4491784254586,59.668407,train
6273,38.91834885517143,38.472847,train
6896,27.04644560007453,27.047068,train
7686,79.60001023359403,79.737206,train
8027,124.675830889654,124.70853,train
1399,15.325832135230971,15.322108,train
1894,41.15828962279588,41.091747,train
8327,45.6948550475064,45.636612,train
5120,146.55486384356334,147.18709,train
6585,29.61361194980204,30.17254,train
6460,6.560545272291004,6.6170654,train
7656,90.8101911417485,91.10263,train
5771,71.2717510610775,71.45787,train
6670,18.37697354963854,18.142519,train
1430,19.88254698172465,19.649347,train
275,24.75154224131003,24.577389,train
8022,124.675830889654,123.82804,train
2661,38.50444769785762,37.74283,train
9518,69.76902573826007,69.67651,train
2387,12.70566828847207,13.130622,train
4604,34.003423250135334,33.97091,train
2702,58.20123238702953,57.833626,train
2397,14.205163328674734,14.574099,train
3296,58.38918889666684,59.63585,train
3103,68.18944750337921,68.15353,train
1155,61.1611141293481,61.102448,train
3807,42.57735025578194,42.230785,train
8587,18.35910667150528,18.356604,train
7981,182.32680590471207,181.52316,train
1177,7.500740525635853,7.7249103,train
817,15.537782493111417,15.627474,train
6425,60.456358375515045,61.07088,train
6401,52.561077422993925,52.219536,train
1326,46.97639691288464,46.989697,train
7971,71.5704557201866,71.191986,train
8912,57.33334725094892,56.984848,train
6956,45.72552663345777,46.095306,train
8645,29.06965915816568,28.785248,train
8223,9.892928038988636,9.800519,train
6939,38.259699949941485,38.236843,train
5427,31.554913159032687,31.405594,train
4913,49.932213400866985,49.998234,train
3457,55.39530406799086,55.750267,train
1043,22.29241191864729,22.416517,train
1344,57.78802082452141,57.624905,train
6143,16.886178376835435,16.605082,train
546,40.58610800720655,40.916332,train
6219,41.86879361637958,41.664505,train
6051,65.54060841010474,65.5027,train
2371,11.411319896017613,11.308979,train
6166,23.48793461229637,23.073969,train
9025,57.60787852380753,57.44751,train
741,65.82792957452513,65.56363,train
3313,70.3977760015761,70.3848,train
8647,29.06965915816568,28.922562,train
271,24.75154224131003,24.803394,train
1065,26.19775839899175,26.027708,train
6368,43.604537301970495,43.51673,train
7951,60.909817691377626,61.229897,train
3154,20.72503526744455,20.881617,train
2572,15.305078539047836,15.630638,train
2784,73.67669133829504,73.24474,train
1410,17.038797527529596,17.058954,train
5714,87.33841255063824,86.992,train
6059,70.13557868690133,70.30836,train
3783,39.75223655037217,39.724705,train
5751,74.03273905666954,74.02382,train
7040,19.118177702829986,18.869066,train
8651,29.06965915816568,29.822687,train
3164,21.17118030705132,21.241552,train
1691,31.14310306496106,30.973635,train
9188,8.261733441182077,8.189048,train
3425,47.159648581058754,47.523483,train
9173,6.135513977166935,6.210595,train
3151,20.72503526744455,20.586624,train
5976,46.3112758194042,46.34118,train
2706,58.20123238702953,58.09476,train
7865,29.24597298712641,29.355328,train
7063,21.31754547210954,21.30222,train
8363,110.28871787139632,110.60907,train
1757,8.457383680700138,8.932076,train
3653,57.33567960931472,57.691017,train
2543,12.375656037192718,12.354617,train
4161,81.32847275704384,81.44669,train
7262,18.211477627421544,18.113176,train
6663,18.24242596386917,18.1505,train
3640,55.15121777774252,54.510246,train
2837,68.99619975193545,68.84517,train
3361,44.06518747198716,44.082752,train
7986,167.15995000247077,167.77464,train
8947,84.75295697575926,84.671684,train
1864,29.50350743814052,29.178406,train
5459,45.97882787803568,46.189766,train
7455,17.802838393569143,18.439936,train
7783,84.75534758997657,84.64211,train
7998,154.1130580278585,155.12567,train
3252,39.82547873669989,39.86219,train
2901,81.68034630091823,81.778206,train
5484,5.091939691204205,5.0684266,train
975,67.76582195473432,67.715935,train
7068,22.701604648528324,22.452408,train
5077,64.79814321670308,65.08797,train
3155,20.72503526744455,21.150326,train
9698,69.08590381003984,69.15533,train
5084,69.52443467054255,69.507034,train
1604,7.630233866920396,7.59642,train
6241,52.18749606691912,52.393738,train
1164,67.12941924665816,67.12733,train
8962,73.51559700874873,74.15906,train
9012,58.75187514946885,58.464565,train
7764,80.10051029183403,79.995415,train
1766,9.44060281407632,9.658129,train
3775,39.75223655037217,40.23697,train
2194,38.74234435378403,38.77785,train
3494,67.68592624937482,68.74776,train
3172,21.915201151198968,21.943613,train
5321,7.267913300585151,7.1664214,train
693,53.11407662346408,53.056854,train
8489,72.80691569376961,72.8723,train
3144,20.5747960352812,20.474579,train
9430,32.757479265983406,32.19208,train
9176,6.135513977166935,6.2058363,train
2978,39.528521366508905,39.702698,train
7177,54.8905830653327,54.70651,train
2072,47.871591931834594,47.789455,train
5468,51.79087976743877,52.204716,train
7306,26.32473367367253,25.821383,train
5085,69.52443467054255,70.28054,train
6975,49.94592883127101,50.59575,train
9309,45.337607508895246,45.26748,train
8073,97.72361435380132,96.92493,train
8291,27.49317714760065,27.47922,train
6856,20.393631102532147,20.336153,train
7983,182.32680590471207,182.35907,train
8881,40.04086667514645,40.340523,train
7749,78.16620220063061,78.30494,train
9189,8.261733441182077,8.088324,train
5203,93.24564903744712,93.908005,train
6365,41.380738858681696,41.98291,train
8611,20.98746498918131,21.313606,train
1565,3.4581586320124567,3.421393,train
3429,47.159648581058754,46.82905,train
9398,26.85898557743944,26.942392,train
8338,51.45864447841361,51.422314,train
5163,107.32601858936177,108.53662,train
4957,42.87693420783952,43.01343,train
7097,28.13673861098185,28.188086,train
3163,21.17118030705132,20.952654,train
1180,8.581296016351208,8.436646,train
5860,83.18520635490366,83.42738,train
886,26.21357879858248,26.381002,train
7892,36.82299199451849,36.35294,train
8836,29.98939864814341,30.083494,train
4728,44.49890398494616,44.65244,train
4797,43.89276208114751,44.035667,train
1457,23.94330432520524,24.480415,train
3506,77.51462240012503,76.90229,train
9016,58.75187514946885,59.002193,train
6240,52.18749606691912,52.42896,train
1875,33.01058316013917,33.3121,train
4440,40.832073197555765,41.586105,train
157,42.117719046176674,42.865074,train
2391,14.205163328674734,13.976057,train
1644,15.086156273058206,15.11126,train
6139,16.886178376835435,16.443449,train
9266,23.601878269200103,24.091078,train
2451,28.69992256061815,28.267004,train
5561,15.832987467777208,15.823899,train
67,15.408132507053764,15.4571085,train
9050,56.9037654355777,57.185585,train
8266,20.876831778519826,20.720026,train
1633,12.84232439733848,12.8175535,train
4539,26.14372026492268,26.541798,train
745,65.82792957452513,65.56049,train
8074,97.72361435380132,97.49972,train
7323,28.909682910100816,29.077635,train
5724,82.89063290867627,82.5905,train
1660,20.46822680475041,20.327291,train
9291,35.297617310404256,35.321938,train
5325,7.267913300585151,7.2155323,train
9557,46.321532277120944,46.181866,train
5956,45.5844800104469,45.989014,train
1048,22.29241191864729,22.521345,train
7721,75.23976726375669,75.38393,train
3412,43.96685895132765,43.936794,train
8638,26.65121517352357,26.938728,train
7322,28.909682910100816,28.804537,train
5549,11.737430167438465,12.379996,train
5395,20.982552337282897,21.017426,train
1397,15.325832135230971,15.210472,train
7050,20.126200689915567,19.84664,train
8451,72.29320847026757,72.623695,train
7751,78.16620220063061,77.63862,train
3897,72.45802892437682,72.3431,train
5933,49.56838968278535,49.505962,train
4411,35.31334920409292,35.56638,train
1208,11.18791207232073,11.932921,train
7483,23.09583172212638,23.277227,train
1296,33.80632160791412,33.775352,train
9308,45.337607508895246,45.26748,train
4891,77.68275834818854,77.4693,train
2368,10.30229168567732,10.851757,train
1327,46.97639691288464,47.43317,test
8648,29.06965915816568,28.888865,test
9018,58.75187514946885,58.23149,test
8150,90.55535075755104,90.383385,test
1198,9.80498597022772,10.628763,test
1762,9.44060281407632,9.233431,test
127,29.74051248250902,30.20769,test
5462,51.79087976743877,51.41196,test
8047,105.86133971445166,106.02314,test
7215,70.52627414753184,70.76497,test
403,5.704550507054627,5.664175,test
8447,72.29320847026757,71.85665,test
4847,55.81576581046008,56.09713,test
8664,34.82175318262301,34.754948,test
1865,29.50350743814052,29.365305,test
3342,47.64390488072358,47.501556,test
9347,22.96251160331823,23.0822,test
4198,75.46351541383811,76.27031,test
4165,81.32847275704384,80.225006,test
4121,104.53191002397112,105.13553,test
8477,71.91030133184738,71.84863,test
5587,21.13272585910589,21.114508,test
1288,30.153068904468267,30.715178,test
7694,77.50351307331591,76.997116,test
7206,70.52627414753184,70.233215,test
1060,26.19775839899175,25.959316,test
309,32.758928032663164,33.435425,test
8999,62.728531916763785,62.26789,test
3861,55.05988890318878,55.075226,test
6602,37.85744042223983,38.33948,test
3345,47.64390488072358,48.41739,test
7370,47.60983436719194,47.78779,test
9445,35.37397145960927,36.34801,test
8171,4.591357452261001,4.5481367,test
1233,16.464863572722376,16.143917,test
8390,89.57234360169679,89.11581,test
2342,8.56427601572387,8.623611,test
4134,92.83718812970534,93.89957,test
4803,45.44891159516804,45.06957,test
3746,40.257908447982594,40.376797,test
6336,38.05130976592272,37.932808,test
431,8.643886071116775,8.599747,test
3261,43.78856466397367,43.887478,test
2364,10.30229168567732,10.474255,test
4149,88.28473895319611,88.01167,test
8621,22.6289298038926,23.825478,test
5890,69.43701604268931,70.41651,test
4019,28.30389810587354,28.090454,test
7901,39.97709071985155,39.528824,test
2992,39.58246569836199,39.74741,test
7761,80.10051029183403,79.972565,test
332,43.57674488134622,43.52564,test
5317,6.223107400441468,6.354503,test
2605,20.35011655324132,20.267721,test
9237,17.71581600660093,17.701614,test
5222,90.34178504057668,91.608955,test
3167,21.915201151198968,21.855488,test
2914,84.55415018616966,84.63668,test
1741,57.71719116717853,57.46575,test
3852,51.74227308385,52.05573,test
1936,62.68987393473133,62.840332,test
8890,43.63794122524664,43.77123,test
4537,26.14372026492268,26.251451,test
4347,28.7876459530247,28.742868,test
7926,47.29742398296997,48.04251,test
2739,90.12007930803716,89.736404,test
4177,78.80500521273352,78.42064,test
8800,26.12791079961084,26.249193,test
8246,15.627250818874538,15.587046,test
6173,23.48793461229637,23.759825,test
689,51.9827380963932,52.84349,test
1485,32.598323805815355,32.667747,test
4080,52.63105760281615,52.542816,test
1318,42.197285066210405,42.795494,test
5352,11.601252443803698,11.385612,test
7710,75.36873222882375,74.98587,test
1543,61.21209743760832,61.85776,test
8072,97.72361435380132,97.08732,test
4164,81.32847275704384,80.68278,test
7658,86.16482955753006,86.6897,test
5968,45.64933795175344,45.650475,test
2598,18.410392489338367,19.065159,test
2781,73.67669133829504,73.44953,test
3652,57.33567960931472,57.230915,test
2620,25.086389603284896,24.105515,test
9215,11.253266198557393,11.429766,test
2806,69.85807623634659,70.4804,test
4960,42.30109028988361,42.274326,test
1729,45.58658638504512,46.11249,test
4771,41.991429304893686,41.811596,test
9030,57.60787852380753,57.939373,test
5175,102.64150512184672,102.71514,test
8965,73.51559700874873,73.11195,test
3058,51.49946671208665,51.20528,test
2001,26.100293358639703,26.209332,test
4460,48.18738999708176,49.32065,test
41,13.087714746263474,12.5719385,test
628,55.95115332265876,56.179485,test
6976,54.48981476457171,53.95882,test
6870,21.641072027966302,21.218407,test
1068,26.19775839899175,26.294565,test
6360,41.380738858681696,40.572826,test
7362,43.0355455648049,43.665966,test
6809,57.9723445544333,57.753777,test
5064,60.49974856985286,60.312405,test
5892,69.43701604268931,68.63867,test
2879,75.94626538222178,76.07842,test
6981,54.48981476457171,53.440674,test
2260,50.06812082695872,50.783092,test
9169,6.135513977166935,6.046026,test
7919,47.29742398296997,47.476284,test
5902,62.25633543844163,61.78369,test
4403,33.19906877493806,33.57339,test
7712,75.36873222882375,75.423584,test
3750,40.257908447982594,40.24985,test
1780,11.806010746932552,10.927499,test
5249,89.71465856252216,89.977745,test
4457,48.18738999708176,48.539238,test
457,11.662622831790223,11.608837,test
6948,41.83122075031758,41.181854,test
1835,20.944857525424137,21.20665,test
1279,26.832928330730127,27.542852,test
5075,64.79814321670308,65.153984,test
6578,29.61361194980204,29.311285,test
4776,41.991429304893686,41.5743,test
4375,29.26884675672315,29.001339,test
4357,28.56972261158429,28.713451,test
5846,77.76166202298738,77.78711,test
9419,30.475247391823903,30.595472,test
4306,33.68194038041301,33.43597,test
6357,41.380738858681696,41.64548,test
4565,27.580488890378103,27.270298,test
3022,42.16075780063652,41.560276,test
1079,28.596873846248613,29.62115,test
4135,92.83718812970534,92.727516,test
1990,24.237902567050384,24.809988,test
5694,99.09191329711086,100.59553,test
9720,78.52239260692045,78.37297,test
3786,40.32326339550391,39.845222,test
6915,29.406568716475963,30.113695,test
813,15.537782493111417,15.306926,test
9279,30.98055959686801,31.063707,test
3461,55.39530406799086,55.41568,test
4714,46.391301744318085,45.429417,test
6922,32.0562290792121,31.5498,test
471,15.707873555388897,15.749637,test
9701,69.08590381003984,68.81773,test
5859,83.18520635490366,83.584755,test
2554,13.137035705017968,13.099835,test
9561,46.321532277120944,45.638737,test
2184,38.49172622988656,38.54523,test
621,55.95115332265876,55.67615,test
8394,84.82941053361527,83.610916,test
5637,40.903222959927845,40.865906,test
84,18.85539645484105,19.12924,test
3837,48.84487411254294,48.55253,test
8129,89.38401259047933,89.06483,test
7471,21.104381820909456,20.87482,test
9264,23.601878269200103,23.970985,test
7766,80.10051029183403,80.20009,test
3813,42.57735025578194,42.640614,test
3437,49.443219986774174,49.2282,test
3868,58.80362810770437,59.267582,test
5840,77.76166202298738,78.01987,test
9683,60.70259297074817,60.154007,test
8711,50.57222671436466,51.203842,test
2694,52.629996172572376,52.641983,test
4924,47.395570474274905,48.004093,test
878,23.72373029787332,24.559618,test
2213,40.259092491267545,39.825394,test
4247,76.01605659237786,76.08831,test
524,31.4837449181509,31.680954,test
8944,84.75295697575926,84.24638,test
7378,52.63724913071349,52.295395,test
4658,50.51324652206503,50.98194,test
186,58.92641435780302,59.390293,test
4444,44.27084024557077,44.07691,test
7028,18.287084542985266,18.673998,test
2061,43.74916483500652,43.62956,test
1978,21.36043408888519,21.434994,test
1109,37.821147868763056,39.049683,test
1007,17.54994350577995,17.429289,test
8506,76.00671399435468,75.40941,test
1801,14.826986961109265,14.2849245,test
231,17.75661321676694,17.679295,test
2738,96.66054245190286,97.30781,test
9103,66.92157804062985,67.25309,test
4430,37.852208236434834,38.75685,test
88,18.85539645484105,18.955263,test
5253,90.1171147731606,90.282364,test
7392,58.12884889469646,58.535145,test
3010,40.89493314975076,40.615314,test
3723,44.33840586431928,47.368294,test
9372,23.6532273935958,23.689852,test
1361,14.840385695764422,14.574034,test
9694,64.70114627251759,64.72213,test
3550,55.49025213966205,54.851997,test
9109,66.92157804062985,67.25298,test
2756,84.68966957236185,85.29401,test
7921,47.29742398296997,46.9345,test
1793,13.224779920186323,12.95253,test
5905,62.25633543844163,64.6707,test
3065,51.49946671208665,52.06806,test
1760,9.44060281407632,9.233431,test
1966,20.345033900190963,20.150038,test
5774,71.2717510610775,71.29926,test
3705,79.05853392344162,78.756,test
4541,26.316037321382165,26.793455,test
1878,33.01058316013917,33.806915,test
795,15.07868577169545,15.280218,test
7408,13.35096351227492,14.204362,test
3555,53.584944988599865,52.406033,test
5689,106.73359104233614,107.1722,test
5602,27.821975663371607,27.450447,test
6382,46.20624283129268,45.690933,test
1017,18.39258389219694,18.116594,test
7257,18.211477627421544,18.075018,test
5627,36.10097699362129,35.983162,test
1185,8.581296016351208,8.484142,test
4265,79.44225220967748,79.31303,test
4251,77.52447914202958,77.2514,test
9626,47.133068609098046,46.939182,test
4434,40.832073197555765,40.241,test
1119,41.64122645814851,42.956814,test
1667,20.46822680475041,20.681482,test
4204,74.59089711105786,73.99129,test
8415,77.79019270718537,77.030914,test
3219,30.407567779885905,29.341282,test
6853,19.4356761819613,19.836433,test
3040,45.95204798649222,45.40098,test
4584,30.11289053476736,29.50832,test
3966,17.470580500291586,17.211227,test
4859,63.535008761946855,63.604427,test
7185,54.8905830653327,56.139,test
9164,5.351857896040902,5.4432344,test
1150,61.1611141293481,60.656796,test
8537,83.53755060546025,83.24349,test
7982,182.32680590471207,179.6033,test
8323,40.44917533424408,40.457413,test
7827,24.262113611282484,24.42196,test
3338,47.64390488072358,47.434044,test
3864,58.80362810770437,58.548775,test
5073,64.79814321670308,65.439445,test
9156,4.73305991146259,4.8212004,test
17,11.464931301901116,11.950057,test
2775,76.57252123986207,76.896454,test
2363,10.30229168567732,10.1696825,test
1568,3.4581586320124567,3.421393,test
7372,47.60983436719194,47.7722,test
8420,77.79019270718537,77.442085,test
7812,22.272090330468416,22.252945,test
5298,4.614697275141552,4.6207905,test
3785,40.32326339550391,40.616726,test
93,21.046615126723125,20.88146,test
4941,43.90289510018543,43.6223,test
2271,53.12049932369545,51.495705,test
1929,56.59924005727276,56.823826,test
3644,57.33567960931472,57.706985,test
8620,22.6289298038926,23.028383,test
8175,4.591357452261001,4.5732245,test
8831,28.47584423013329,28.868986,test
6850,19.4356761819613,19.238695,test
2100,62.34247227541656,60.864075,test
3847,51.74227308385,51.3546,test
6462,6.560545272291004,6.7338915,test
7288,22.16279124005809,22.085045,test
5223,90.34178504057668,90.56572,test
1,11.37918153927572,11.331749,test
8525,80.80332043496728,80.764366,test
8351,57.77555795356668,57.834885,test
1425,18.315021103979053,18.18291,test
5390,18.182353085699454,18.390696,test
9101,66.92157804062985,68.87889,test
8998,62.728531916763785,62.02034,test
1652,17.620308438619823,17.607025,test
2689,52.629996172572376,51.944515,test
9508,64.15740236185155,63.967102,test
4969,42.16214720311456,42.52054,test
5296,4.614697275141552,4.6024218,test
3601,50.80634979191847,50.891365,test
9378,24.43457187610008,24.801916,test
1277,26.832928330730127,27.647095,test
6658,18.24242596386917,17.84687,test
6511,11.895866643063426,11.929249,test
5306,5.344944871987626,5.3367844,test
1488,32.598323805815355,32.696426,test
625,55.95115332265876,56.43525,test
9319,51.126946112451705,51.182808,test
5364,13.515426780327186,13.389034,test
4737,43.11226770189285,43.162987,test
9504,58.87425460454851,58.894882,test
1977,21.36043408888519,21.315853,test
8914,57.33334725094892,57.143,test
1199,9.80498597022772,11.377129,test
4087,58.17275977409735,58.06871,test
8981,65.62882424723186,66.05306,test
6943,38.259699949941485,37.99918,test
2030,33.47009915314734,33.800297,test
3806,42.57735025578194,42.550655,test
6293,36.41164086407028,36.755825,test
7273,19.24035714391358,18.89585,test
7189,59.7691504523924,59.28728,test
2701,58.20123238702953,57.470936,test
3965,17.470580500291586,17.074436,test
1513,44.816515044884014,45.29818,test
6101,12.421949679699392,12.529376,test
7324,28.909682910100816,29.064493,test
2840,68.99619975193545,68.95988,test
3303,64.18571344380074,64.70204,test
2167,39.0547337639536,39.655582,test
4756,41.70839840464368,41.42936,test
9206,9.639758262038976,9.93996,test
5669,58.29464756776572,59.033302,test
1232,16.464863572722376,15.82022,test
9477,49.47664412753195,49.30128,test
9082,61.58862010726623,62.353153,test
3410,43.96685895132765,43.491947,test
8243,13.453543317986504,13.495095,test
9326,51.126946112451705,51.319485,test
5601,27.821975663371607,27.421497,test
7269,19.24035714391358,19.013634,test
4413,35.31334920409292,35.29518,test
8631,24.51074960846983,25.376184,test
7278,20.55365487758599,20.068636,test
3878,62.97172274000302,62.57034,test
443,10.035121137450265,9.778721,test
8249,15.627250818874538,15.58611,test
873,23.72373029787332,23.755314,test
7451,17.802838393569143,17.586155,test
6471,7.2934946365854145,7.389036,test
39,12.311123452022672,12.631982,test
6567,26.099438373019023,25.39285,test
8585,18.35910667150528,18.3979,test
6941,38.259699949941485,37.393974,test
6109,13.096324205092191,13.078902,test
5765,72.36566593741946,72.17422,test
3095,63.31482432217717,64.30309,test
4315,31.81177091074735,31.475908,test
7546,45.49093035361841,44.459854,test
8370,102.11244006090304,102.08822,test
4902,53.06450082892232,52.63932,test
7216,16.82566597126998,16.440786,test
1956,19.6236096360711,19.372904,test
8737,66.62708274696202,66.7988,test
9604,44.142694958025146,44.635334,test
6142,16.886178376835435,16.943378,test
7726,75.23976726375669,75.8134,test
1540,61.21209743760832,60.04712,test
8555,15.852564897119404,15.632962,test
6558,22.95430108855717,22.756392,test
3149,20.72503526744455,20.834461,test
7099,28.13673861098185,27.83059,test
3121,21.180760095669328,21.174776,test
2254,47.39132880100697,46.493122,test
4663,55.11750370348744,54.424202,test
2926,48.18612646210156,50.26732,test
3993,20.95823822579033,21.25914,test
2932,45.55901491491564,46.25458,test
5633,40.903222959927845,40.912445,test
6730,26.484024368396327,25.783993,test
6318,36.210240125305205,36.377758,test
5235,89.76736722751878,89.823715,test
9391,25.501940669626595,25.355299,test
2381,12.70566828847207,12.196925,test
4704,48.84658906801016,47.37195,test
1386,14.881631072346046,14.6674795,test
9079,59.66494697179906,58.86025,test
4425,37.852208236434834,38.345192,test
8209,8.462152429232523,8.235799,test
7881,33.9910948271814,32.76828,test
257,20.77359420729444,20.84692,test
7965,66.11854958927282,66.326294,test
2181,38.49172622988656,38.814766,test
9222,13.122690726014152,13.11515,test
976,67.76582195473432,67.715935,test
6715,22.42665956361704,23.224913,test
5705,92.69126167628563,91.76684,test
6902,27.04644560007453,26.166107,test
7017,75.23965918699078,75.23085,test
4703,48.84658906801016,47.767426,test
5747,76.30890117399417,76.02101,test
7045,19.118177702829986,19.81868,test
164,47.18792608651206,47.13912,test
8455,71.63339382759735,71.73444,test
8841,29.98939864814341,30.441128,test
5818,73.587307090697,74.384575,test
1393,15.325832135230971,15.167296,test
5238,89.76736722751878,89.91555,test
9048,56.9037654355777,57.253597,test
4142,88.28473895319611,88.83403,test
5812,72.14804534278407,72.06022,test
8964,73.51559700874873,73.86018,test
4309,33.68194038041301,33.579746,test
823,16.171440019658952,16.95773,test
76,16.98227570806444,16.777138,test
6066,75.02114224725477,73.92485,test
4407,33.19906877493806,33.393867,test
8577,17.343211285051705,17.381788,test
2823,68.37372704417407,68.400024,test
8343,51.45864447841361,51.457542,test
8687,41.934150475720166,41.9266,test
1824,18.66517816301845,18.734226,test
391,5.08262043162249,5.0635266,test
1287,30.153068904468267,30.935041,test
5709,87.33841255063824,87.23191,test
7603,148.82757757512883,148.81853,test
7956,60.909817691377626,61.56453,test
8742,29.365339437277093,29.119236,test
1683,27.203714615567623,27.306524,test
2567,14.110193568812534,14.46712,test
8313,35.68789960785091,35.689556,test
8265,18.09371934689641,18.563301,test
3858,55.05988890318878,54.593525,test
9123,74.10066098763063,73.46875,test
7123,32.98232473760113,32.91507,test
8342,51.45864447841361,51.428844,test
1566,3.4581586320124567,3.421393,test
3934,14.004546189062298,13.688672,test
2424,20.142286163199543,20.396011,test
6451,74.77670776968583,73.93283,test
2587,16.733837753795683,17.312546,test
2616,22.56958769006692,22.816055,test
1058,24.102683602700605,25.07852,test
7995,154.1130580278585,154.25327,test
5341,9.936327459773272,9.660584,test
1004,17.54994350577995,17.235453,test
8336,51.45864447841361,51.422314,test
3498,72.53577771843293,71.209175,test
8102,90.8660920550722,90.6185,test
422,7.469930006749854,7.2978315,test
8992,62.728531916763785,62.816547,test
9379,24.43457187610008,24.580536,test
5366,13.515426780327186,13.550624,test
6472,7.2934946365854145,7.3805985,test
3226,30.407567779885905,31.335005,test
5379,15.701361056258303,15.865894,test
1215,12.746987748176158,13.114151,test
5663,58.29464756776572,57.971786,test
1336,52.16927260275215,52.046326,test
8507,76.00671399435468,75.072044,test
8714,55.50750396672584,55.46921,test
6800,52.61583395623445,52.150684,test
724,59.349496697382925,58.68917,test
7384,52.63724913071349,53.30169,test
2361,10.30229168567732,10.049756,test
7587,66.87001827651024,66.13008,test
7098,28.13673861098185,28.054373,test
234,17.75661321676694,17.689999,test
2960,40.63770351870388,40.25385,test
2173,38.59019696142197,38.756226,test
2774,76.57252123986207,76.62917,test
4691,71.63382197447152,71.12014,test
5642,46.18443363933325,45.91278,test
8978,69.20177964841314,69.2535,test
8901,47.70662944412462,48.26192,test
9573,45.07158814655721,44.98734,test
3460,55.39530406799086,55.35113,test
9343,23.081292008810937,23.019806,test
2117,67.78341198507376,67.67341,test
3142,20.5747960352812,20.733393,test
2722,104.51843038336918,103.76673,test
6344,38.05130976592272,38.307476,test
984,16.4733155489327,16.41463,test
6161,20.95306971956953,20.997967,test
3779,39.75223655037217,39.759323,test
8982,65.62882424723186,65.79418,test
8616,22.6289298038926,22.682041,test
4752,41.70839840464368,41.720547,test
292,29.797938650740385,29.899223,test
312,36.03232429587871,36.111694,test
5123,146.55486384356334,147.26004,test
1189,8.581296016351208,9.117208,test
1830,20.944857525424137,20.70778,test
1128,45.86867632984527,46.53992,test
9458,41.66927621767171,41.163704,test
4328,30.391747595902384,30.021166,test
8432,73.5169788308657,74.02989,test
5155,112.90513573952586,112.44637,test
5060,60.49974856985286,59.44394,test
1732,51.37961257023424,51.3844,test
2979,39.528521366508905,39.53904,test
7091,26.096811792089195,25.616545,test
8809,26.553718966906143,26.70051,test
7180,54.8905830653327,54.774643,test
4364,28.73050158168696,29.028976,test
9416,28.513269417688846,30.01455,test
5742,76.30890117399417,75.74859,test
4724,44.49890398494616,44.036156,test
1422,18.315021103979053,18.26565,test
4677,60.186503046491815,59.77953,test
341,47.8752142649167,47.89284,test
8268,20.876831778519826,20.962025,test
8087,92.49960703964835,93.68579,test
9569,45.07158814655721,44.451546,test
295,29.797938650740385,29.2668,test
1739,51.37961257023424,52.215973,test
6920,32.0562290792121,31.852737,test
1994,24.237902567050384,24.213333,test
2464,32.24368576562934,32.40429,test
4940,43.90289510018543,44.02397,test
3440,49.443219986774174,48.96461,test
8319,40.44917533424408,40.381016,test
3349,45.56874045695812,45.033,test
2615,22.56958769006692,23.059162,test
5983,46.3112758194042,45.96097,test
72,16.98227570806444,16.559893,test
7358,43.0355455648049,43.060368,test
5563,15.832987467777208,15.822964,test
4408,33.19906877493806,33.51135,test
3904,77.49004354480229,77.09819,test
5266,90.86910077663212,90.362885,test
5166,107.32601858936177,107.48459,test
3860,55.05988890318878,55.35646,test
3901,72.45802892437682,72.45587,test
2410,17.90207642534986,17.33481,test
7413,13.35096351227492,13.784314,test
7426,15.270791663402616,15.860385,test
869,21.58318403060131,22.58838,test
19,11.464931301901116,11.664705,test
6805,52.61583395623445,52.850418,test
6231,46.80432287514404,46.84954,test
42,13.087714746263474,12.90707,test
1529,49.78801809915476,50.572124,test
5227,90.34178504057668,90.35927,test
8580,17.343211285051705,17.607086,test
3903,72.45802892437682,73.60965,test
3060,51.49946671208665,51.31708,test
5532,10.08763188618742,9.838634,test
4244,76.01605659237786,75.823654,test
2623,25.086389603284896,25.059301,test
5913,56.75820297103196,56.195175,test
2996,39.58246569836199,40.36109,test
6604,37.85744042223983,38.39901,test
3706,79.05853392344162,78.86657,test
3335,50.356769966363984,48.21554,test
1906,45.85107845908806,45.977116,test
5179,102.64150512184672,103.13046,test
7500,27.8694620307488,27.825665,test
8699,46.05279922808826,46.45376,test
7725,75.23976726375669,75.90156,test
1409,16.044385727383865,16.85088,test
3720,44.33840586431928,44.20919,test
415,6.495546871407703,6.507889,test
1639,12.84232439733848,12.961132,test
6287,36.41164086407028,36.635662,test
5910,56.75820297103196,56.18863,test
3413,43.96685895132765,44.060833,test
1775,10.55089264296189,10.77455,test
1522,49.78801809915476,49.432224,test
2724,104.51843038336918,102.890686,test
2261,50.06812082695872,49.121246,test
3931,13.263296413219944,13.297227,test
478,15.707873555388897,15.984897,test
1031,20.74860480317913,20.733925,test
7369,47.60983436719194,47.300518,test
3489,67.68592624937482,68.67553,test
7509,30.696954457462205,30.751175,test
8606,20.98746498918131,20.82279,test
6411,56.318371719458256,55.251637,test
7108,30.4262025098528,30.150604,test
7464,19.34715525293678,19.219536,test
3114,73.44849628959864,73.53996,test
3436,49.443219986774174,49.287247,test
3622,52.104444542417454,52.507023,test
6523,13.563674534883573,13.935092,test
712,56.80098396250919,56.577297,test
6043,61.34974693767026,62.009907,test
4344,28.7876459530247,28.98257,test
395,5.08262043162249,5.078113,test
20,11.773396922197788,11.467031,test
5094,74.57648935728871,74.42273,test
3556,53.584944988599865,52.714737,test
6582,29.61361194980204,30.291422,test
850,19.773550055621044,19.378689,test
4518,26.72477238199726,26.915115,test
5026,47.90717594953969,47.625748,test
3378,42.60532086197436,42.89123,test
5387,18.182353085699454,18.444595,test
1591,6.328904784352407,6.304277,test
848,18.27799290167712,18.679352,test
4376,29.26884675672315,29.025747,test
2753,84.68966957236185,85.41156,test
2767,76.57252123986207,77.06083,test
9078,59.66494697179906,58.860332,test
1887,36.88683750149421,36.94412,test
3682,66.54075052062102,66.481865,test
8775,26.32965646643661,26.175047,test
2313,69.12845902908616,68.96195,test
9706,73.77371393862427,73.56326,test
8565,16.510456846670284,16.518143,test
9606,44.7130602082412,44.715134,test
6137,16.886178376835435,16.45517,test
9653,51.2628129982388,50.591434,test
7076,24.290144191582872,24.474924,test
1307,37.81401499146663,37.985825,test
4551,26.7937603324987,27.129847,test
6815,57.9723445544333,58.73571,test
8283,24.001378700581864,24.479792,test
6728,26.484024368396327,26.360548,test
6966,49.94592883127101,49.00862,test
5088,74.57648935728871,72.7697,test
8410,80.93195157639853,80.59437,test
3132,20.723513448948488,20.673029,test
8201,7.23635652187556,7.167858,test
5800,71.1788904661776,71.4192,test
784,15.25551003706567,15.442346,test
6201,33.30405815299064,34.07044,test
7521,33.84919070959732,33.639008,test
636,53.87988875437848,53.624557,test
8413,77.79019270718537,77.86448,test
6309,35.86295586622186,35.556416,test
2226,41.522611277483854,40.832943,test
739,62.36217072729759,64.49639,test
768,73.97103175765946,74.19836,test
6958,45.72552663345777,45.232853,test
2966,40.63770351870388,40.96011,test
5351,11.601252443803698,11.459929,test
6216,41.86879361637958,40.43222,test
6164,20.95306971956953,21.189972,test
589,71.98462739387922,77.724174,test
4651,50.51324652206503,49.65811,test
5262,90.86910077663212,91.45824,test
2432,22.67323124124311,22.940626,test
9145,81.83669393813297,81.78849,test
6593,33.523613372673765,33.91272,test
6543,17.669242814490573,17.811787,test
1811,16.633296025212033,15.779141,test
9439,35.37397145960927,34.879147,test
1740,57.71719116717853,57.426014,test
1280,30.153068904468267,29.487246,test
3515,64.73848377953358,64.998,test
5422,31.554913159032687,31.489597,test
2168,39.0547337639536,39.584698,test
3505,77.51462240012503,76.4857,test
9278,30.98055959686801,30.768265,test
3105,68.18944750337921,69.56163,test
5672,65.16757490992121,64.866646,test
2695,52.629996172572376,52.461994,test
4183,76.86032352211669,76.72953,test
5355,11.601252443803698,11.462957,test
4162,81.32847275704384,82.01966,test
9567,45.07158814655721,45.050148,test
610,58.69889415199623,59.47155,test
1239,16.464863572722376,16.789326,test
7964,66.11854958927282,66.3074,test
7406,13.35096351227492,14.144923,test
4175,78.80500521273352,76.97959,test
1581,5.212225480475277,5.198718,test
4150,88.28473895319611,88.77785,test
367,57.56906951914832,58.116234,test
9713,73.77371393862427,73.36342,test
8061,101.40176125573278,101.17166,test
277,24.75154224131003,24.558926,test
988,16.4733155489327,16.656418,test
4634,42.65782617511943,42.311165,test
8595,19.569342060613856,19.58923,test
5458,45.97882787803568,46.186905,test
2175,38.59019696142197,38.892162,test
9228,15.26942589060463,15.330821,test
3251,39.82547873669989,40.07904,test
1897,41.15828962279588,41.502796,test
491,20.95239714368224,20.648048,test
754,69.71997296559415,69.06226,test
3598,50.80634979191847,50.94007,test
9126,74.10066098763063,74.21647,test
1622,10.866181576136574,10.854181,test
1836,20.944857525424137,21.292212,test
3802,41.26333268116094,41.093613,test
4422,37.852208236434834,37.735752,test
815,15.537782493111417,15.471734,test
7829,24.262113611282484,24.507439,test
2778,73.67669133829504,73.03789,test
2732,96.66054245190286,96.70325,test
7739,76.67590826543987,76.66576,test
855,19.773550055621044,19.768015,test
4648,46.36505623828396,45.982494,test
4003,23.10577014586598,23.77431,test
870,23.72373029787332,23.455858,test
2240,45.080962845763935,45.782803,test
3776,39.75223655037217,40.060898,test
7652,90.8101911417485,90.87996,test
8117,89.35596223722666,89.73997,test
7698,76.10966096775293,77.07652,test
4063,42.89566569384836,43.848248,test
8309,35.68789960785091,35.606037,test
365,57.56906951914832,57.34998,test
986,16.4733155489327,16.450745,test
9514,64.15740236185155,64.74543,test
8326,45.6948550475064,45.636612,test
875,23.72373029787332,23.847363,test
8248,15.627250818874538,15.58611,test
1922,56.59924005727276,55.956005,test
6449,74.77670776968583,73.883705,test
6153,18.757694196337685,19.167835,test
9666,57.12333038923778,58.171505,test
8597,19.569342060613856,19.571165,test
5512,7.487039441710785,7.2872834,test
3001,40.03729919553794,39.94529,test
3212,28.031486406087428,27.814833,test
3497,72.53577771843293,70.817444,test
3433,47.159648581058754,46.636063,test
3571,52.18837923715673,51.58031,test
3355,44.06518747198716,44.131798,test
2145,41.2027500139872,41.037663,test
4015,28.30389810587354,27.493341,test
16,11.464931301901116,11.619717,test
8325,40.44917533424408,41.336952,test
945,49.65683893332355,49.484024,test
4317,31.81177091074735,31.512835,test
1438,19.88254698172465,20.411093,test
3532,61.0022870838277,58.919643,test
5312,6.223107400441468,6.1534457,test
9182,7.099764588567615,6.999269,test
4054,42.89566569384836,41.82127,test
4130,98.2154014561832,99.405525,test
2437,22.67323124124311,23.258902,test
2131,78.7976489697884,78.46167,test
9475,45.377471796299,46.226402,test
3259,43.78856466397367,43.761837,test
5636,40.903222959927845,41.289665,test
1877,33.01058316013917,33.36202,test
876,23.72373029787332,24.041592,test
680,51.9827380963932,51.958015,test
3823,44.27268123238265,44.482796,test
8802,26.553718966906143,26.771952,test
7789,21.33822320763908,21.689714,test
1640,15.086156273058206,15.090819,test
1805,14.826986961109265,14.8692875,test
1381,14.881631072346046,14.646941,test
1934,62.68987393473133,62.52895,test
5112,158.73631998820795,158.56602,test
6779,43.12658410812266,41.880676,test
509,24.08255825230725,24.484495,test
6930,35.00421894076243,34.589725,test
9703,69.08590381003984,68.317696,test
9441,35.37397145960927,34.857677,test
392,5.08262043162249,5.0635266,test
4067,47.54319352377593,47.277267,test
8086,92.49960703964835,92.37937,test
3054,48.49994200119764,48.62632,test
7066,22.701604648528324,22.71008,test
3363,44.06518747198716,43.61259,test
5173,102.64150512184672,104.68791,test
8886,43.63794122524664,43.523426,test
219,15.614567609300169,16.0425,test
1625,10.866181576136574,10.8464775,test
2634,27.91894491941593,28.016907,test
3686,70.45262976078712,70.352066,test
8299,31.37922589982488,31.375525,test
2311,69.12845902908616,68.95906,test
147,37.539090163163095,37.980427,test
6712,22.42665956361704,22.173044,test
7294,22.16279124005809,22.42663,test
927,40.07578418861009,40.34363,test
1070,28.596873846248613,28.09093,test
7181,54.8905830653327,55.036,test
5615,31.749664310570285,31.73767,test
294,29.797938650740385,29.377121,test
3110,73.44849628959864,73.348434,test
1440,21.75373160312757,21.095028,test
5261,90.86910077663212,91.91472,test
3627,53.40846483029395,53.50895,test
3406,43.96685895132765,44.278282,test
9366,23.159558795461432,23.797512,test
1925,56.59924005727276,56.742653,test
5059,60.49974856985286,59.150997,test
51,14.11530105008021,13.572102,test
6652,18.51668839022279,17.86639,test
2087,52.35079998184644,52.41039,test
8624,24.51074960846983,24.49402,test
5401,24.12705487818204,23.702486,test
3133,20.723513448948488,20.52824,test
9422,30.475247391823903,29.934721,test
2973,39.87778416712277,39.570618,test
6304,35.919888386123255,36.2947,test
5418,27.64203408942484,27.688116,test
4881,72.7859039312829,72.46955,test
7792,21.33822320763908,21.366476,test
5194,95.65935721790642,94.99705,test
9660,53.97577549827576,53.73915,test
6957,45.72552663345777,45.43112,test
8474,71.91030133184738,71.971825,test
1621,10.866181576136574,10.96791,test
675,51.334066206546574,51.8201,test
695,53.11407662346408,52.66609,test
7071,22.701604648528324,22.496792,test
5457,45.97882787803568,46.186905,test
3099,68.18944750337921,67.93576,test
300,32.758928032663164,32.68135,test
3875,62.97172274000302,63.424225,test
5943,47.46331387653679,46.96346,test
9537,50.45573881082557,51.382526,test
9543,50.45573881082557,50.819916,test
2677,42.79470733737052,43.114952,test
3747,40.257908447982594,40.23641,test
6699,20.909816172153874,20.95826,test
5649,46.18443363933325,46.26321,test
2038,33.47009915314734,33.186867,test
1851,26.34005571615316,25.759476,test
3715,44.33840586431928,44.402946,test
1844,23.49527343749657,23.847143,test
2741,90.12007930803716,89.79287,test
2454,28.69992256061815,28.711403,test
4089,58.17275977409735,58.232765,test
2557,13.137035705017968,13.559299,test
6308,35.86295586622186,36.120003,test
4020,28.30389810587354,28.301392,test
4721,44.49890398494616,43.95961,test
1116,41.64122645814851,41.989597,test
2054,39.98048851614654,39.619354,test
6049,65.54060841010474,65.23392,test
2888,78.69801313043334,78.974335,test
6907,29.406568716475963,29.551155,test
70,16.98227570806444,16.53327,test
9616,45.71025634176605,45.549557,test
8317,40.44917533424408,40.18243,test
5449,40.69167489137143,41.193188,test
5024,47.90717594953969,47.352497,test
2408,15.930270377937108,16.890676,test
8725,60.86470279221393,60.728485,test
2700,58.20123238702953,57.526447,test
3964,17.470580500291586,16.922321,test
6648,18.51668839022279,17.478994,test
2490,45.29905670360103,44.562237,test
1953,19.6236096360711,19.243937,test
1682,27.203714615567623,27.14436,test
2574,15.305078539047836,15.056733,test
3657,59.96410273050301,60.26121,test
683,51.9827380963932,51.40479,test
9335,57.4770327849973,57.591908,test
3767,39.54855112727903,39.48514,test
6410,56.318371719458256,55.083637,test
2731,96.66054245190286,96.85719,test
1612,9.135860967288092,9.185966,test
4903,53.06450082892232,52.635433,test
6229,46.80432287514404,46.5413,test
1777,10.55089264296189,10.579523,test
1670,23.65424941823527,23.699701,test
4707,48.84658906801016,46.331787,test
7078,24.290144191582872,24.267307,test
8359,110.28871787139632,109.51666,test
7849,27.309900823535024,27.411476,test
2435,22.67323124124311,23.33634,test
1607,7.630233866920396,7.747236,test
4463,52.60069880564436,52.205994,test
3125,21.180760095669328,21.604328,test
8649,29.06965915816568,29.434181,test
5293,4.614697275141552,4.6024218,test
2850,70.04973728656218,69.75018,test
1261,23.82470993800484,22.781412,test
8792,26.12791079961084,26.617197,test
9646,51.2628129982388,50.96464,test
2002,26.100293358639703,26.185478,test
4535,26.14372026492268,26.357376,test
6669,18.37697354963854,18.225838,test
748,65.82792957452513,66.669975,test
3618,52.104444542417454,52.16035,test
6024,54.343834943578464,54.765354,test
3308,70.3977760015761,69.98859,test
7290,22.16279124005809,21.9415,test
7326,31.85415326143481,30.941277,test
5823,73.587307090697,73.370766,test
7005,64.47891927372373,65.570206,test
5367,13.515426780327186,13.550624,test
8453,71.63339382759735,72.42614,test
2239,45.080962845763935,45.997044,test
8601,19.569342060613856,20.20502,test
7894,36.82299199451849,36.862183,test
8044,111.16906764061592,109.3861,test
4595,31.8813592557466,31.265097,test
7364,43.0355455648049,43.535355,test
6746,31.975861991771684,31.123735,test
459,11.662622831790223,12.387917,test
3684,70.45262976078712,70.46296,test
3908,77.49004354480229,77.38482,test
9414,28.513269417688846,28.055464,test
7061,21.31754547210954,20.971825,test
8987,65.62882424723186,64.80499,test
2210,40.259092491267545,40.518734,test
5591,24.29149336117945,23.95543,test
4720,44.49890398494616,44.0979,test
2419,20.142286163199543,19.542099,test
4863,63.535008761946855,63.248096,test
1302,37.81401499146663,36.763527,test
4340,29.39069021010772,29.851038,test
1110,41.64122645814851,41.38926,test
6200,33.30405815299064,33.50511,test
1373,14.715962749527916,14.2964945,test
7947,60.909817691377626,60.175835,test
3198,26.008581845215858,25.248425,test
3324,53.80288353083432,52.016075,test
3404,43.05395496236608,43.49344,test
1781,11.806010746932552,10.931026,test
4567,27.580488890378103,27.56743,test
3191,24.32361434030205,23.711456,test
4586,30.11289053476736,29.496119,test
2556,13.137035705017968,13.119644,test
1753,8.457383680700138,8.67936,test
4874,67.99832264808245,67.557045,test
9717,78.52239260692045,78.2843,test
1902,45.85107845908806,45.59444,test
8761,27.96885187619396,28.60771,test
6695,19.72686773316085,20.122484,test
98,21.046615126723125,21.657438,test
2439,25.51789125655092,24.95543,test
6550,20.15248715168677,20.156103,test
7106,30.4262025098528,30.36807,test
4137,92.83718812970534,92.6569,test
7518,33.84919070959732,33.38302,test
3844,51.74227308385,52.079678,test
3426,47.159648581058754,47.501347,test
9559,46.321532277120944,45.51979,test
2864,71.5754951038172,71.74702,test
1452,23.94330432520524,23.44168,test
5874,85.74446614598416,85.392456,test
1355,63.82957422309615,64.02382,test
7596,148.82757757512883,147.85674,test
9317,51.126946112451705,51.182808,test
5221,90.34178504057668,91.84243,test
3567,52.18837923715673,51.75154,test
1987,22.658950964078755,22.819704,test
5821,73.587307090697,73.545784,test
2707,58.20123238702953,58.255238,test
6868,21.641072027966302,21.306017,test
690,53.11407662346408,52.778835,test
9194,8.261733441182077,8.344324,test
3035,43.84298730182812,43.663624,test
4286,84.17406753255614,83.92335,test
5377,15.701361056258303,15.531475,test
3444,49.443219986774174,50.389523,test
3625,53.40846483029395,53.459972,test
7268,19.24035714391358,18.664509,test
3476,63.1680830874002,62.562794,test
3954,16.095344812438785,15.889307,test
4355,28.56972261158429,28.772621,test
3843,48.84487411254294,50.269722,test
1314,42.197285066210405,42.087513,test
3137,20.5747960352812,20.6202,test
4947,43.90289510018543,43.76942,test
188,58.92641435780302,60.457962,test
4319,31.81177091074735,31.617981,test
5993,47.53432583996549,47.51796,test
5542,11.737430167438465,11.577306,test
7127,35.822770102044714,35.995964,test
5546,11.737430167438465,11.746091,test
9560,46.321532277120944,45.66687,test
2085,52.35079998184644,52.11999,test
7227,16.763039606912137,16.453663,test
2803,69.85807623634659,69.5971,test
6689,19.72686773316085,19.836348,test
4219,74.22415281450986,74.820465,test
7277,20.55365487758599,19.807133,test
7417,14.243709536497072,15.002496,test
9571,45.07158814655721,44.821445,test
5941,47.46331387653679,46.88539,test
6631,53.70058276989914,53.697803,test
668,51.178876353782414,52.074226,test
1795,13.224779920186323,13.023412,test
9407,28.513269417688846,28.823929,test
1029,19.453992241773605,20.01078,test
5074,64.79814321670308,65.05157,test
5472,58.16441612968519,57.786797,test
1685,27.203714615567623,27.586813,test
2865,71.5754951038172,71.83837,test
6299,35.919888386123255,35.840088,test
2737,96.66054245190286,97.37799,test
6265,64.26236510384142,64.717255,test
5471,58.16441612968519,57.71769,test
4235,74.95067169957674,74.9118,test
2232,43.12759497575015,42.73448,test
6863,20.393631102532147,20.513569,test
5666,58.29464756776572,58.2457,test
7281,20.55365487758599,20.479229,test
8116,89.35596223722666,90.01412,test
5021,47.90717594953969,47.499367,test
510,27.58431117345385,27.208956,test
1548,61.21209743760832,61.663322,test
5397,20.982552337282897,21.002398,test
4186,76.86032352211669,75.954994,test
1387,14.881631072346046,14.8619375,test
9525,69.76902573826007,70.08286,test
6253,58.01546805593058,58.079765,test
9040,56.99655317923613,57.333466,test
4793,43.89276208114751,43.61458,test
8993,62.728531916763785,62.703087,test
686,51.9827380963932,52.19369,test
206,14.853773920970784,14.994351,test
7513,30.696954457462205,31.337778,test
4571,28.68346680081509,28.509739,test
5277,91.77117363602072,91.50019,test
7479,23.09583172212638,22.858822,test
1972,21.36043408888519,21.117384,test
1092,34.38777831006773,33.9509,test
7345,35.17697816276893,36.22255,test
2115,67.78341198507376,68.11614,test
2144,41.2027500139872,40.17061,test
954,55.18556761084572,54.863808,test
4574,28.68346680081509,28.012064,test
158,42.117719046176674,42.865074,test
6923,32.0562290792121,32.288105,test
8052,105.86133971445166,105.34168,test
54,14.11530105008021,13.667848,test
7987,167.15995000247077,166.20775,test
1707,35.50021419741392,35.519768,test
8918,57.33334725094892,57.36464,test
597,66.58516636474155,66.84374,test
6830,69.71062345978,69.62673,test
8866,36.89583258795231,36.74123,test
6202,33.30405815299064,33.824184,test
1657,17.620308438619823,17.56683,test
2322,73.95193879191451,73.40147,test
3651,57.33567960931472,55.825336,test
8640,26.65121517352357,27.725637,test
5697,99.09191329711086,99.7662,test
4476,57.52783269763999,57.613464,test
8820,27.333982293279394,27.099497,test
393,5.08262043162249,5.0635266,test
3639,55.15121777774252,54.792305,test
8532,83.53755060546025,84.068924,test
2099,57.18133790919997,58.48306,test
2791,71.45632785526469,70.93034,test
1783,11.806010746932552,11.6549,test
7582,60.8688615107876,61.086906,test
1758,8.457383680700138,9.420412,test
2827,68.43192554409117,68.97056,test
9045,56.9037654355777,56.914753,test
2553,13.137035705017968,13.161328,test
7165,46.22699972172253,46.904644,test
1127,45.86867632984527,46.57898,test
7724,75.23976726375669,75.773224,test
5234,89.76736722751878,90.26618,test
8463,71.5126952436544,71.72777,test
302,32.758928032663164,32.757668,test
697,53.11407662346408,52.780903,test
8085,94.77176287098274,95.663185,test
4495,68.93732865925253,69.13626,test
8657,31.78624470110975,32.272224,test
893,29.07243954885766,28.719646,test
3522,64.73848377953358,60.989418,test
4525,26.27774637739397,26.551632,test
9402,26.85898557743944,26.422564,test
3376,42.60532086197436,43.17683,test
3764,39.54855112727903,40.326263,test
2455,28.69992256061815,28.87972,test
2421,20.142286163199543,19.895988,test
2976,39.87778416712277,40.35857,test
1787,11.806010746932552,11.986242,test
2103,62.34247227541656,60.95485,test
3029,43.84298730182812,43.365498,test
8033,117.40677602978512,117.10643,test
7507,30.696954457462205,30.102486,test
7599,148.82757757512883,148.23041,test
5070,64.79814321670308,64.288925,test
8551,86.00802491357506,86.24803,test
7991,167.15995000247077,167.90279,test
803,15.174151766060591,15.468971,test
4716,46.391301744318085,45.225933,test
4830,52.59176301891893,51.660267,test
5174,102.64150512184672,101.420074,test
2483,40.51733602903463,40.7573,test
1207,11.18791207232073,12.106313,test
7968,71.5704557201866,71.329185,test
2982,39.528521366508905,39.736095,test
9466,41.66927621767171,42.92898,test
7128,35.822770102044714,35.704678,test
4929,45.39934030250557,45.276096,test
4188,76.86032352211669,77.34938,test
2539,12.375656037192718,12.272212,test
7022,75.23965918699078,74.632645,test
1901,45.85107845908806,45.18859,test
6918,32.0562290792121,31.710682,test
265,22.636112508681865,22.745934,test
3017,42.16075780063652,42.245655,test
8050,105.86133971445166,105.21498,test
9679,60.70259297074817,60.672485,test
61,15.408132507053764,14.800323,test
1518,44.816515044884014,45.692764,test
1124,45.86867632984527,45.871624,test
6745,29.044398074352745,30.022448,test
891,29.07243954885766,28.700466,test
1949,19.218975308854805,19.897675,test
646,52.42282758556679,52.401287,test
3093,63.31482432217717,64.52008,test
963,61.22563174930349,62.013626,test
9617,45.71025634176605,45.654465,test
2069,43.74916483500652,44.283836,test
8574,17.343211285051705,17.498404,test
7755,78.16620220063061,78.05142,test
6366,43.604537301970495,44.096058,test
6817,63.69862808262341,63.344135,test
7300,24.08136518403247,24.076044,test
8375,95.27995050133204,94.54952,test
6094,12.048441360575485,12.345249,test
5428,31.554913159032687,32.109818,test
1476,29.346331511874943,29.732512,test
9307,45.337607508895246,45.26748,test
9090,61.58862010726623,61.484177,test
3076,54.96304235845186,55.49881,test
7168,50.37757456342593,50.51562,test
4284,84.17406753255614,84.204254,test
789,15.25551003706567,15.262053,test
2443,25.51789125655092,25.284723,test
7860,29.24597298712641,29.070457,test
204,14.853773920970784,14.717678,test
1759,8.457383680700138,9.293429,test
9608,44.7130602082412,44.74975,test
8440,73.5169788308657,73.470634,test
6641,60.03061670851074,60.208225,test
966,61.22563174930349,61.71572,test
9662,53.97577549827576,52.902035,test
3819,44.27268123238265,43.494118,test
6037,61.34974693767026,60.9879,test
7819,23.136574168441147,23.306166,test
4889,77.68275834818854,76.67203,test
2047,36.55766700416237,36.432858,test
1449,21.75373160312757,22.350407,test
3940,14.004546189062298,14.015256,test
9595,44.00424827634543,44.689533,test
7993,167.15995000247077,167.90279,test
3906,77.49004354480229,77.179146,test
1160,67.12941924665816,66.25972,test
2937,43.45206887144879,42.95453,test
8778,26.32965646643661,26.376556,test
8931,62.91662745987684,63.866528,test
8968,73.51559700874873,73.35548,test
4821,49.79264067249439,50.156124,test
1955,19.6236096360711,19.225723,test
8883,43.63794122524664,43.136883,test
8692,46.05279922808826,43.932255,test
7512,30.696954457462205,31.159214,test
7514,30.696954457462205,31.28054,test
246,19.150990033213944,18.843092,test
7747,78.16620220063061,78.84832,test
8851,31.887203302864805,32.32096,test
6560,22.95430108855717,23.05049,test
5787,70.72326590407447,71.34387,test
4710,46.391301744318085,46.442295,test
4801,45.44891159516804,45.86271,test
2256,47.39132880100697,46.889275,test
1613,9.135860967288092,9.110431,test
3428,47.159648581058754,46.818893,test
7595,66.87001827651024,67.740395,test
8755,27.96885187619396,27.506329,test
582,71.98462739387922,72.56283,test
3176,21.915201151198968,22.283762,test
5828,75.47176859644443,75.84733,test
4190,76.86032352211669,77.29645,test
2214,40.259092491267545,39.898266,test
5531,10.08763188618742,9.697886,test
6603,37.85744042223983,38.373405,test
9246,17.71581600660093,18.3068,test
7897,39.97709071985155,39.64083,test
3804,42.57735025578194,42.77221,test
7295,22.16279124005809,22.810867,test
9461,41.66927621767171,41.378815,test
6187,29.64536869515821,28.82105,test
5553,13.645667799055278,13.521342,test
4775,41.991429304893686,41.703194,test
4109,111.93267880814516,110.20157,test
1508,40.31028940315537,40.97139,test
6418,60.456358375515045,59.828037,test
6928,35.00421894076243,34.871544,test
1101,37.821147868763056,37.797016,test
5662,58.29464756776572,57.94526,test
6053,65.54060841010474,65.30396,test
6650,18.51668839022279,17.836765,test
657,51.5337561017549,51.80057,test
8162,91.1828236948467,91.214516,test
330,43.57674488134622,43.20485,test
973,67.76582195473432,67.61008,test
1083,31.32001812749096,31.336365,test
8704,50.57222671436466,50.25836,test
7682,79.60001023359403,78.21679,test
5785,70.72326590407447,70.865875,test
6205,33.30405815299064,34.024178,test
8166,4.591357452261001,4.5382957,test
2983,39.528521366508905,39.464832,test
8217,9.892928038988636,9.540788,test
8330,45.6948550475064,45.78044,test
7828,24.262113611282484,24.614443,test
9187,8.261733441182077,8.087986,test
6221,41.86879361637958,41.683258,test
1595,6.328904784352407,6.3512444,test
9357,23.159558795461432,23.286245,test
9022,57.60787852380753,57.672375,test
2035,33.47009915314734,32.68613,test
4209,74.59089711105786,74.99971,test
5716,87.33841255063824,86.96215,test
4715,46.391301744318085,45.298496,test
1382,14.881631072346046,14.946811,test
1026,19.453992241773605,19.068693,test
9521,69.76902573826007,69.43043,test
2307,64.57695773677871,65.152245,test
2066,43.74916483500652,43.384663,test
8922,62.91662745987684,61.05793,test
763,73.97103175765946,73.85149,test
1709,35.50021419741392,35.86766,test
1764,9.44060281407632,9.340533,test
920,40.07578418861009,39.59359,test
6183,26.379385371737182,26.706768,test
6286,36.41164086407028,36.393013,test
3808,42.57735025578194,42.104237,test
4417,35.31334920409292,35.372593,test
4487,62.97857785185516,63.18019,test
4041,34.84320820810721,34.982296,test
9476,45.377471796299,46.573082,test
570,57.94552901210703,57.764637,test
3255,39.82547873669989,40.101833,test
7703,76.10966096775293,75.65462,test
1828,18.66517816301845,19.13811,test
2727,104.51843038336918,104.2259,test
3970,17.470580500291586,17.170288,test
4369,28.73050158168696,28.718958,test
2523,62.515922349411625,62.40101,test
6061,70.13557868690133,70.48011,test
2538,11.818872791868523,12.738957,test
8113,89.83219912234955,89.66097,test
4016,28.30389810587354,27.662434,test
7197,64.9995160823615,64.72746,test
4136,92.83718812970534,92.22197,test
5362,13.515426780327186,13.453905,test
8289,27.49317714760065,27.512894,test
5202,93.24564903744712,93.8729,test
1243,18.66092106399767,18.698578,test
8771,26.96403555997163,27.215416,test
5794,70.69836122667067,70.74996,test
398,5.08262043162249,5.103201,test
4796,43.89276208114751,43.80301,test
1149,55.618307516984494,56.13918,test
3180,22.96300215722337,22.516075,test
8078,94.77176287098274,94.94642,test
9490,53.97535048970737,53.962555,test
9088,61.58862010726623,61.05354,test
5307,5.344944871987626,5.3367844,test
9674,57.12333038923778,57.48962,test
8976,69.20177964841314,69.238655,test
7911,43.465076893454565,43.092224,test
535,35.8081459962377,35.86775,test
3909,77.49004354480229,77.54736,test
1154,61.1611141293481,60.99955,test
7769,82.37603782782935,82.52349,test
3122,21.180760095669328,21.2219,test
4996,43.16995161573335,43.205254,test
2166,39.0547337639536,39.53855,test
2822,68.37372704417407,68.769684,test
8204,7.23635652187556,7.4594555,test
36,12.311123452022672,12.356828,test
8738,66.62708274696202,67.00115,test
1144,55.618307516984494,55.48856,test
6444,69.76848318728358,69.933014,test
6672,18.37697354963854,18.483932,test
792,15.07868577169545,15.109849,test
7510,30.696954457462205,30.729172,test
505,24.08255825230725,24.264402,test
5829,75.47176859644443,75.782845,test
7842,25.65131053715304,25.295622,test
2836,68.43192554409117,69.033516,test
4236,74.95067169957674,75.08409,test
4295,86.46661268195652,86.1902,test
8668,34.82175318262301,34.702892,test
931,44.62685449100115,44.494095,test
866,21.58318403060131,21.710457,test
5674,65.16757490992121,64.866646,test
2083,52.35079998184644,51.818253,test
454,11.662622831790223,11.491386,test
4360,28.56972261158429,29.069267,test
2514,56.27923081040397,56.47551,test
2441,25.51789125655092,24.967953,test
7612,134.1049913560169,134.02557,test
5056,56.659382706568096,56.57622,test
4436,40.832073197555765,40.57495,test
1137,50.522632157242,51.570736,test
4813,47.41366181194388,46.314243,test
2517,56.27923081040397,56.606606,test
8216,9.892928038988636,9.377949,test
3438,49.443219986774174,49.443607,test
4441,44.27084024557077,43.697636,test
8049,105.86133971445166,106.77749,test
4694,71.63382197447152,71.45164,test
4027,31.3952961586681,31.014091,test
2765,80.21331586375474,80.87644,test
2972,39.87778416712277,39.763855,test
7105,28.13673861098185,28.88832,test
6158,20.95306971956953,20.465063,test
9360,23.159558795461432,23.163532,test
135,33.42260983239122,33.12431,test
5827,73.587307090697,74.08397,test
121,29.74051248250902,29.240894,test
9673,57.12333038923778,56.460472,test
1245,18.66092106399767,18.986864,test
7515,30.696954457462205,31.413643,test
2276,53.12049932369545,52.835384,test
7609,134.1049913560169,134.66422,test
3896,72.45802892437682,72.45741,test
941,49.65683893332355,48.806374,test
5728,79.2410546173472,79.28072,test
6277,37.38629228613615,37.246677,test
5998,49.29258108243957,49.76663,test
3680,66.54075052062102,65.78476,test
5450,40.69167489137143,41.366547,test
7383,52.63724913071349,52.708057,test
7870,31.46935423226826,31.116915,test
6081,11.995381875606553,12.069439,test
2763,80.21331586375474,78.8578,test
880,26.21357879858248,25.442413,test
4928,47.395570474274905,48.949554,test
8963,73.51559700874873,73.640366,test
5272,91.77117363602072,91.70372,test
4492,68.93732865925253,68.55369,test
4662,55.11750370348744,55.0869,test
6877,23.1671333522179,23.19125,test
2628,25.086389603284896,25.94613,test
8671,34.82175318262301,35.462334,test
1024,19.453992241773605,19.271957,test
5426,31.554913159032687,31.405594,test
853,19.773550055621044,19.521154,test
3729,42.54155576774366,42.001892,test
174,52.780543305921256,53.24271,test
5692,99.09191329711086,98.90221,test
6865,20.393631102532147,21.014624,test
4158,84.47098482884549,84.99093,test
5338,8.498890313327536,8.532801,test
3575,51.27183872069076,50.923416,test
5255,90.1171147731606,89.66368,test
6179,26.379385371737182,25.78925,test
7354,38.89758247257099,39.43177,test
8694,46.05279922808826,45.64216,test
8508,76.00671399435468,75.607605,test
9249,20.48518085914746,20.371119,test
8960,78.65994946465001,79.22884,test
6568,26.099438373019023,25.664272,test
6971,49.94592883127101,49.391994,test
7006,69.82688277932674,68.90303,test
5096,74.57648935728871,74.71587,test
6291,36.41164086407028,37.127216,test
2482,40.51733602903463,40.625,test
6454,74.77670776968583,74.86864,test
2379,12.70566828847207,12.214668,test
3724,42.54155576774366,42.15943,test
3334,50.356769966363984,48.71134,test
8951,84.75295697575926,84.70546,test
7673,82.46109517072738,81.01345,test
1847,23.49527343749657,23.86045,test
6517,13.563674534883573,13.12203,test
7691,77.50351307331591,76.65694,test
4609,34.003423250135334,34.837387,test
4380,29.26884675672315,29.133686,test
5801,71.1788904661776,71.00355,test
8219,9.892928038988636,9.432078,test
4657,50.51324652206503,50.456215,test
5411,27.64203408942484,27.267763,test
2688,47.49780676008604,47.97621,test
9600,44.142694958025146,44.283474,test
3610,51.237069373284655,51.256275,test
2759,80.21331586375474,79.79442,test
8581,17.343211285051705,18.18288,test
3730,42.54155576774366,42.172558,test
7131,35.822770102044714,35.641243,test
8304,31.37922589982488,31.70316,test
7822,23.136574168441147,22.769587,test
883,26.21357879858248,26.228981,test
4706,48.84658906801016,47.24277,test
915,35.981448551423625,35.867477,test
7056,21.31754547210954,20.91533,test
2086,52.35079998184644,52.33065,test
5289,92.33570202451632,92.263535,test
1082,31.32001812749096,31.35638,test
5358,11.601252443803698,11.633174,test
5145,119.47607547303537,118.30828,test
2592,18.410392489338367,18.153929,test
9555,48.09731794409938,47.498005,test
9486,49.47664412753195,50.32629,test
7145,38.96541114737861,39.232437,test
1466,26.46800705774784,26.63655,test
8707,50.57222671436466,50.53426,test
3508,77.51462240012503,76.95756,test
1044,22.29241191864729,22.371649,test
2478,36.17425134293541,37.039024,test
1697,31.14310306496106,30.903576,test
8041,111.16906764061592,109.03422,test
2520,62.515922349411625,62.015354,test
3501,72.53577771843293,72.87503,test
5753,74.03273905666954,73.069534,test
1505,40.31028940315537,40.626614,test
6068,75.02114224725477,74.25077,test
9710,73.77371393862427,73.67833,test
1825,18.66517816301845,19.143108,test
747,65.82792957452513,65.411,test
9253,20.48518085914746,20.756569,test
3106,68.18944750337921,69.90003,test
9293,35.297617310404256,35.499466,test
627,55.95115332265876,56.714188,test
5698,92.69126167628563,92.93344,test
8385,89.57234360169679,88.768524,test
9591,44.00424827634543,44.175514,test
156,42.117719046176674,42.92819,test
7414,13.35096351227492,13.804824,test
462,13.546498854976594,13.5285225,test
8849,31.887203302864805,32.191128,test
6463,6.560545272291004,6.7572145,test
6950,41.83122075031758,40.601955,test
4339,29.39069021010772,29.490395,test
378,62.955894941680654,63.567657,test
1526,49.78801809915476,50.349113,test
6552,20.15248715168677,20.712374,test
2507,50.54520953102328,50.8186,test
469,13.546498854976594,13.955545,test
1904,45.85107845908806,45.640896,test
5931,49.56838968278535,48.94626,test
2060,43.74916483500652,44.321377,test
8527,80.80332043496728,80.48827,test
7591,66.87001827651024,67.2547,test
270,24.75154224131003,24.750288,test
1804,14.826986961109265,14.50742,test
1839,20.944857525424137,21.186533,test
6430,64.95566127753861,64.506905,test
974,67.76582195473432,67.715935,test
7796,21.33822320763908,21.607752,test
4262,79.44225220967748,79.18897,test
7683,79.60001023359403,78.38098,test
5303,5.344944871987626,5.308581,test
7245,16.975732746562212,17.723663,test
2600,20.35011655324132,19.84057,test
8632,26.65121517352357,26.427372,test
7578,60.8688615107876,60.626377,test
1416,17.038797527529596,16.873276,test
6797,52.61583395623445,52.072006,test
4438,40.832073197555765,41.075024,test
7669,82.46109517072738,82.584366,test
6776,43.12658410812266,42.09535,test
6062,70.13557868690133,70.42045,test
5130,136.11990722925268,134.96732,test
519,27.58431117345385,27.692823,test
4583,30.11289053476736,29.603514,test
7585,60.8688615107876,61.600704,test
2187,38.49172622988656,39.162704,test
2298,60.376848442270685,60.949028,test
8017,133.10289781802356,131.64343,test
8708,50.57222671436466,50.814194,test
2063,43.74916483500652,43.38132,test
1618,9.135860967288092,9.425031,test
6208,37.37312957428336,36.30483,test
7593,66.87001827651024,67.113174,test
2892,78.69801313043334,78.152855,test
679,51.334066206546574,51.80782,test
6124,14.063861465039476,14.058067,test
448,10.035121137450265,10.678896,test
7436,16.45072988245353,16.94857,test
1063,26.19775839899175,25.831413,test
6178,26.379385371737182,25.794657,test
8222,9.892928038988636,9.800519,test
2798,69.85807623634659,69.812645,test
9390,25.501940669626595,25.451021,test
2986,39.528521366508905,40.34466,test
2943,43.45206887144879,43.930523,test
6295,36.41164086407028,38.33657,test
5907,56.75820297103196,56.04985,test
2020,30.70592042906157,30.821886,test
4337,29.39069021010772,29.44976,test
2017,28.253085186388866,27.98585,val
5371,15.701361056258303,15.581147,val
400,5.704550507054627,5.6495886,val
5686,106.73359104233614,104.81896,val
9631,47.133068609098046,47.23448,val
4734,43.11226770189285,42.844574,val
6985,54.48981476457171,56.726,val
8481,71.91030133184738,72.56855,val
1641,15.086156273058206,15.11126,val
3107,73.44849628959864,71.84563,val
7009,69.82688277932674,68.65959,val
1634,12.84232439733848,12.810211,val
4740,42.19129004147142,42.36745,val
7884,33.9910948271814,33.715286,val
3028,43.84298730182812,43.49253,val
27,11.773396922197788,11.906089,val
6288,36.41164086407028,36.45083,val
7801,21.670238166153503,21.71206,val
3928,13.263296413219944,13.164405,val
3513,77.51462240012503,77.87873,val
2332,78.79814514174707,78.58064,val
9531,53.4781688706144,53.979275,val
152,42.117719046176674,41.574524,val
6302,35.919888386123255,35.96988,val
9460,41.66927621767171,41.008915,val
4004,25.54764652659833,24.649202,val
2344,8.56427601572387,8.583415,val
8599,19.569342060613856,19.61166,val
7011,69.82688277932674,68.99257,val
2580,16.733837753795683,16.589067,val
5122,146.55486384356334,147.26004,val
2426,20.142286163199543,20.785221,val
1952,19.6236096360711,19.442636,val
5946,46.16640159983851,47.072502,val
9316,45.337607508895246,45.98061,val
2698,52.629996172572376,53.089058,val
8196,7.23635652187556,7.1283207,val
5726,82.89063290867627,82.58512,val
3467,59.05995042413533,58.64436,val
1664,20.46822680475041,20.528778,val
1806,14.826986961109265,14.880667,val
1324,46.97639691288464,46.832726,val
6673,18.37697354963854,18.243439,val
2479,40.51733602903463,39.445168,val
5308,5.344944871987626,5.471781,val
1094,34.38777831006773,34.33934,val
4993,43.16995161573335,42.901443,val
1139,50.522632157242,51.417744,val
9057,57.32052974796355,57.518185,val
7328,31.85415326143481,31.268644,val
178,52.780543305921256,53.137917,val
2053,39.98048851614654,39.604855,val
4770,41.991429304893686,42.369537,val
7623,111.84710803127729,111.565834,val
6676,18.87926170835041,19.694603,val
4512,26.72477238199726,27.00382,val
2712,64.20508504671946,64.050224,val
8991,62.728531916763785,63.421135,val
2639,31.08635774141885,30.225819,val
4883,72.7859039312829,72.38165,val
3327,50.356769966363984,50.848213,val
2474,36.17425134293541,36.693474,val
253,20.77359420729444,20.931866,val
2220,41.522611277483854,41.768505,val
7192,59.7691504523924,60.060253,val
5770,71.2717510610775,71.25053,val
3427,47.159648581058754,46.634403,val
4157,84.47098482884549,84.12259,val
1794,13.224779920186323,13.05928,val
6772,39.00509400022551,38.84117,val
2365,10.30229168567732,10.309113,val
1927,56.59924005727276,56.80794,val
5476,58.16441612968519,58.057663,val
7643,96.52331812388518,95.5448,val
8639,26.65121517352357,26.988173,val
3256,39.82547873669989,40.282635,val
9538,50.45573881082557,51.673428,val
3233,33.153402970715014,33.22792,val
6426,64.95566127753861,64.03785,val
1659,17.620308438619823,18.058199,val
5406,24.12705487818204,24.076006,val
2796,71.45632785526469,72.98896,val
6298,35.919888386123255,35.747776,val
9362,23.159558795461432,23.160452,val
6464,6.560545272291004,6.7379284,val
5498,5.7073476784978805,5.726761,val
6498,10.455577179377302,10.232632,val
3422,45.33505299506575,44.991993,val
8791,26.05297410894394,26.41955,val
2844,68.99619975193545,68.86611,val
5677,65.16757490992121,65.157776,val
2861,71.5754951038172,71.70646,val
9693,64.70114627251759,63.94098,val
2720,104.51843038336918,103.786766,val
6987,59.34443405671068,59.004196,val
1196,9.80498597022772,10.300922,val
2584,16.733837753795683,16.670927,val
3703,74.69819737409927,75.35398,val
8765,26.96403555997163,26.63408,val
5001,44.3150442339094,43.86227,val
826,16.171440019658952,16.128048,val
6326,36.94310571922444,37.203205,val
1183,8.581296016351208,8.45227,val
3962,16.095344812438785,16.060091,val
7416,14.243709536497072,14.847625,val
7693,77.50351307331591,76.46325,val
7844,25.65131053715304,24.849108,val
3551,55.49025213966205,54.461224,val
3033,43.84298730182812,42.976105,val
1515,44.816515044884014,45.184753,val
8683,41.934150475720166,41.243725,val
7467,21.104381820909456,20.90629,val
608,62.20643544097513,61.942276,val
6443,69.76848318728358,69.65616,val
99,21.046615126723125,21.925734,val
7318,28.909682910100816,28.575064,val
4623,39.37396909135014,39.16563,val
7337,35.17697816276893,34.560795,val
4654,50.51324652206503,50.00434,val
4202,74.59089711105786,75.18152,val
6328,36.94310571922444,36.782215,val
5908,56.75820297103196,55.255753,val
9294,35.297617310404256,35.47842,val
7382,52.63724913071349,52.70357,val
3544,57.94439444918156,59.116688,val
4976,42.16214720311456,42.39187,val
6846,19.4356761819613,19.326649,val
412,6.495546871407703,6.4373245,val
6406,56.318371719458256,55.95677,val
3062,51.49946671208665,51.12316,val
592,66.58516636474155,68.141884,val
8228,11.549535252517238,11.469989,val
2846,68.99619975193545,69.30079,val
4954,42.87693420783952,42.68927,val
1106,37.821147868763056,38.18345,val
2114,67.78341198507376,67.398544,val
3030,43.84298730182812,42.856155,val
7143,38.96541114737861,38.682095,val
7488,25.34338762867145,24.825216,val
4948,42.87693420783952,43.35241,val
619,58.69889415199623,58.9033,val
5270,90.86910077663212,90.62609,val
1108,37.821147868763056,39.19989,val
6247,58.01546805593058,57.130745,val
8384,89.57234360169679,88.93916,val
5252,90.1171147731606,90.21792,val
501,24.08255825230725,23.80581,val
3695,74.69819737409927,74.30476,val
5383,18.182353085699454,17.92032,val
7114,30.4262025098528,30.479342,val
3938,14.004546189062298,13.388479,val
8418,77.79019270718537,78.42369,val
3146,20.5747960352812,21.200087,val
596,66.58516636474155,66.92889,val
2438,22.67323124124311,23.762768,val
9612,44.7130602082412,45.48024,val
1464,26.46800705774784,26.64006,val
4563,27.580488890378103,27.821402,val
726,59.349496697382925,58.109615,val
4681,65.71211047881111,65.42557,val
9465,41.66927621767171,42.701664,val
684,51.9827380963932,52.12459,val
3236,33.153402970715014,34.049274,val
755,69.71997296559415,69.00245,val
951,55.18556761084572,54.292942,val
4254,77.52447914202958,77.3793,val
8589,18.35910667150528,18.551266,val
7563,50.1770255008208,51.18818,val
518,27.58431117345385,27.777699,val
2754,84.68966957236185,83.77128,val
9510,64.15740236185155,63.904957,val
6076,11.995381875606553,11.675944,val
5936,47.46331387653679,48.791607,val
4028,31.3952961586681,31.333965,val
1347,57.78802082452141,57.685295,val
4570,27.580488890378103,27.788847,val
3694,74.69819737409927,74.387474,val
6678,18.87926170835041,18.968128,val
2632,27.91894491941593,27.662182,val
2292,60.376848442270685,60.464,val
6545,17.669242814490573,18.46257,val
7390,58.12884889469646,58.480053,val
1564,3.4581586320124567,3.421393,val
7699,76.10966096775293,76.80813,val
6747,31.975861991771684,30.77348,val
8369,102.11244006090304,105.096245,val
9516,64.15740236185155,64.66584,val
8005,142.84762610413074,141.63591,val
3980,19.0858907744892,19.088245,val
4783,42.74093636440046,42.29044,val
6571,26.099438373019023,25.976557,val
4420,35.31334920409292,35.86198,val
3181,22.96300215722337,22.92011,val
2202,39.33265262833491,39.232018,val
3352,45.56874045695812,45.492832,val
8172,4.591357452261001,4.5481367,val
4522,26.27774637739397,26.728863,val
3562,53.584944988599865,53.204044,val
8450,72.29320847026757,72.40775,val
6707,22.42665956361704,22.69351,val
2783,73.67669133829504,73.67079,val
8495,74.18155972707093,74.087776,val
2644,31.08635774141885,31.212814,val
7917,47.29742398296997,47.774155,val
5006,44.3150442339094,44.34598,val
9495,53.97535048970737,54.083755,val
3257,43.78856466397367,43.041866,val
1182,8.581296016351208,8.435368,val
4300,86.46661268195652,86.682014,val
5934,49.56838968278535,50.255886,val
3401,43.05395496236608,43.202007,val
3839,48.84487411254294,48.402843,val
7012,69.82688277932674,69.18033,val
9499,58.87425460454851,59.077873,val
4925,47.395570474274905,47.34779,val
4025,31.3952961586681,30.885273,val
8734,66.62708274696202,66.755905,val
7871,31.46935423226826,30.561054,val
8040,111.16906764061592,111.17012,val
6190,29.64536869515821,29.465673,val
50,14.11530105008021,13.641979,val
2773,76.57252123986207,76.64888,val
1812,16.633296025212033,15.911259,val
9709,73.77371393862427,73.513954,val
3247,39.82547873669989,39.682674,val
2761,80.21331586375474,78.42451,val
2330,78.79814514174707,78.348595,val
5937,47.46331387653679,47.27324,val
2829,68.43192554409117,68.55869,val
8003,142.84762610413074,142.81442,val
8937,68.99666759264976,69.065674,val
6217,41.86879361637958,40.767094,val
7788,21.33822320763908,21.618715,val
6834,69.71062345978,69.94491,val
3683,66.54075052062102,67.58698,val
1037,20.74860480317913,20.339794,val
3992,20.95823822579033,21.460007,val
7745,76.67590826543987,76.91995,val
417,6.495546871407703,6.530279,val
995,16.913554365993143,16.879677,val
4538,26.14372026492268,26.68799,val
4176,78.80500521273352,77.609276,val
6798,52.61583395623445,52.370617,val
3127,20.723513448948488,20.48462,val
6266,38.91834885517143,38.32225,val
2489,45.29905670360103,43.544174,val
7082,24.290144191582872,23.97049,val
7035,18.287084542985266,19.186617,val
2178,38.59019696142197,39.220936,val
2116,67.78341198507376,67.45833,val
8859,34.18388843945615,34.02011,val
528,31.4837449181509,32.085842,val
3511,77.51462240012503,77.78216,val
3082,58.90057362616971,59.35445,val
5105,173.02629337346764,173.73259,val
6483,8.174317370228692,8.543594,val
8905,52.266178199274464,51.848015,val
2552,13.137035705017968,13.179043,val
8306,35.68789960785091,35.461285,val
9383,24.43457187610008,24.464787,val
2,11.37918153927572,11.341946,val
9105,66.92157804062985,66.895294,val
9165,5.351857896040902,5.4432344,val
2536,11.818872791868523,12.4247675,val
6476,8.174317370228692,7.961066,val
4708,48.84658906801016,48.215664,val
7517,33.84919070959732,33.212452,val
6429,64.95566127753861,64.341995,val
1003,17.54994350577995,17.344145,val
573,57.94552901210703,57.79951,val
8539,83.53755060546025,83.43674,val
2510,56.27923081040397,55.683914,val
7250,17.45833241679095,17.039835,val
9071,59.66494697179906,60.484386,val
7211,70.52627414753184,69.80557,val
1105,37.821147868763056,38.170483,val
3468,59.05995042413533,58.531773,val
2542,12.375656037192718,12.357404,val
4061,42.89566569384836,43.62958,val
766,73.97103175765946,74.03252,val
9373,23.6532273935958,23.91774,val
7649,90.8101911417485,90.00778,val
5708,87.33841255063824,87.44947,val
1516,44.816515044884014,45.61967,val
4311,31.81177091074735,31.746607,val
5388,18.182353085699454,18.444595,val
4108,111.93267880814516,109.628265,val
4760,41.645435649307146,42.30167,val
7377,52.63724913071349,51.886692,val
3765,39.54855112727903,40.19636,val
468,13.546498854976594,14.04154,val
2263,50.06812082695872,49.126625,val
7086,26.096811792089195,26.094286,val
6305,35.919888386123255,37.39924,val
1944,19.218975308854805,19.049414,val
8347,57.77555795356668,57.760803,val
7818,23.136574168441147,23.41315,val
3609,51.237069373284655,51.551975,val
4040,34.84320820810721,34.677433,val
6224,41.86879361637958,42.64069,val
3898,72.45802892437682,71.93339,val
7157,46.22699972172253,46.337193,val
1950,19.6236096360711,19.367828,val
435,8.643886071116775,8.855222,val
7183,54.8905830653327,54.961735,val
1881,36.88683750149421,36.68541,val
364,57.56906951914832,57.70018,val
4991,43.16995161573335,42.96697,val
4644,46.36505623828396,46.110683,val
5566,15.832987467777208,15.812583,val
5424,31.554913159032687,31.546412,val
6996,64.47891927372373,62.304146,val
2296,60.376848442270685,60.239845,val
1090,34.38777831006773,33.462666,val
2177,38.59019696142197,39.41907,val
5575,18.321105476597847,18.41204,val
3034,43.84298730182812,43.023315,val
321,39.63341268926196,39.51734,val
6245,52.18749606691912,53.52779,val
3971,17.470580500291586,17.376738,val
5095,74.57648935728871,74.73032,val
8697,46.05279922808826,46.24232,val
8461,71.63339382759735,72.473,val
2280,56.555790586714224,56.27505,val
6964,45.72552663345777,46.662067,val
710,56.80098396250919,56.02088,val
4494,68.93732865925253,68.9442,val
15,11.464931301901116,11.896658,val
3978,19.0858907744892,19.091269,val
3564,52.18837923715673,51.855312,val
9556,46.321532277120944,46.249214,val
653,51.5337561017549,51.406258,val
1312,42.197285066210405,42.057365,val
4250,76.01605659237786,76.102486,val
4482,62.97857785185516,61.3682,val
8431,75.33592393483191,76.26094,val
1654,17.620308438619823,17.575247,val
107,23.576423832277207,24.288658,val
7222,16.82566597126998,16.64052,val
7084,24.290144191582872,24.128908,val
3952,14.944624315127582,15.357629,val
5488,5.091939691204205,5.1149755,val
7580,60.8688615107876,60.68314,val
1013,18.39258389219694,17.981573,val
9583,44.30808172311328,44.674023,val
1829,18.66517816301845,19.250883,val
3769,39.54855112727903,39.672985,val
5579,18.321105476597847,18.708736,val
8843,31.887203302864805,32.199085,val
7608,134.1049913560169,133.277,val
7731,75.68706198484644,76.07037,val
4910,49.932213400866985,49.85894,val
8007,142.84762610413074,141.9457,val
9089,61.58862010726623,61.796497,val
9005,60.4491784254586,60.05134,val
6315,35.86295586622186,37.810932,val
5690,99.09191329711086,99.72818,val
2942,43.45206887144879,43.40077,val
4299,86.46661268195652,86.682014,val
4352,28.56972261158429,28.933195,val
7568,55.29965642696082,55.142284,val
4547,26.316037321382165,26.256145,val
852,19.773550055621044,19.489897,val
1246,18.66092106399767,18.76408,val
2073,47.871591931834594,47.75712,val
4588,30.11289053476736,29.312603,val
7720,75.23976726375669,75.25178,val
3879,62.97172274000302,62.696877,val
4988,43.16995161573335,43.632393,val
2333,78.79814514174707,78.58064,val
2558,13.137035705017968,13.650186,val
5938,47.46331387653679,47.259716,val
3253,39.82547873669989,39.959045,val
9594,44.00424827634543,43.94044,val
3,11.37918153927572,11.434641,val
997,16.913554365993143,16.97125,val
7490,25.34338762867145,24.975714,val
4878,67.99832264808245,68.6646,val
9605,44.142694958025146,45.02301,val
6045,61.34974693767026,62.169407,val
5491,5.7073476784978805,5.633081,val
399,5.08262043162249,5.152723,val
7589,66.87001827651024,66.971695,val
946,49.65683893332355,49.713963,val
898,29.07243954885766,30.107805,val
5143,119.47607547303537,120.33416,val
2045,36.55766700416237,35.978283,val
3153,20.72503526744455,21.222075,val
3951,14.944624315127582,14.9990425,val
1673,23.65424941823527,23.949188,val
47,13.087714746263474,13.276862,val
6311,35.86295586622186,36.673824,val
5832,75.47176859644443,75.13544,val
7374,47.60983436719194,48.116352,val
2274,53.12049932369545,52.262047,val
3459,55.39530406799086,55.19897,val
3512,77.51462240012503,77.93645,val
3370,43.08766775675223,43.17883,val
1921,56.59924005727276,56.096283,val
8524,80.80332043496728,80.797455,val
3026,42.16075780063652,42.68023,val
8562,16.510456846670284,16.599127,val
8238,13.453543317986504,13.369752,val
1445,21.75373160312757,21.323093,val
4875,67.99832264808245,67.595146,val
8906,52.266178199274464,52.371365,val
2959,40.63770351870388,40.236538,val
4092,58.17275977409735,58.431767,val
6312,35.86295586622186,35.79251,val
5019,47.90717594953969,47.79946,val
3187,24.32361434030205,23.821367,val
2129,73.38377494672582,74.708755,val
4785,42.74093636440046,42.048386,val
3073,54.96304235845186,55.278316,val
9455,38.33956461027205,39.188026,val
5178,102.64150512184672,103.213356,val
5899,62.25633543844163,61.475975,val
6107,13.096324205092191,12.850189,val
9313,45.337607508895246,45.56689,val
2681,47.49780676008604,47.46449,val
7979,182.32680590471207,178.85391,val
7953,60.909817691377626,60.95687,val
2270,53.12049932369545,52.326054,val
3443,49.443219986774174,49.953724,val
3707,79.05853392344162,78.88632,val
4474,57.52783269763999,57.28304,val
1368,14.840385695764422,14.961619,val
5446,40.69167489137143,40.81447,val
1861,29.50350743814052,28.534416,val
7663,86.16482955753006,86.06646,val
8548,86.00802491357506,85.61013,val
2065,43.74916483500652,43.528095,val
2275,53.12049932369545,52.458893,val
1509,40.31028940315537,40.815052,val
5755,74.03273905666954,74.05966,val
2077,47.871591931834594,47.526825,val
3148,20.72503526744455,20.76635,val
1750,8.457383680700138,8.686769,val
7887,36.82299199451849,36.396152,val
8529,80.80332043496728,80.589226,val
8842,31.887203302864805,32.095455,val
4899,53.06450082892232,53.23307,val
5068,64.79814321670308,63.830048,val
9658,53.97577549827576,54.374104,val
9449,38.33956461027205,37.50023,val
4385,30.187982613749504,29.864368,val
9280,30.98055959686801,31.063707,val
9077,59.66494697179906,58.957,val
1389,14.881631072346046,15.084705,val
4616,36.49519330636368,36.606583,val
1818,16.633296025212033,17.266186,val
8501,74.18155972707093,74.65971,val
2650,34.608236450110745,34.204266,val
3218,30.407567779885905,29.241653,val
6677,18.87926170835041,18.78041,val
408,5.704550507054627,5.757437,val
2501,50.54520953102328,50.49804,val
420,7.469930006749854,7.2809677,val
3851,51.74227308385,51.987648,val
8186,6.195413006081358,6.1618,val
6757,35.291818684332966,34.315845,val
3528,61.0022870838277,61.772907,val
307,32.758928032663164,32.76637,val
9289,35.297617310404256,35.296474,val
3623,52.104444542417454,53.2578,val
1698,31.14310306496106,30.903576,val
7808,22.272090330468416,22.513487,val
8095,92.49960703964835,92.353806,val
9642,48.98294327716477,47.922573,val
7130,35.822770102044714,35.958675,val
1483,32.598323805815355,32.759422,val
3628,53.40846483029395,52.88948,val
6096,12.421949679699392,12.263792,val
9340,23.081292008810937,22.834352,val
4598,31.8813592557466,31.520247,val
5969,45.64933795175344,45.745667,val
7133,35.822770102044714,36.338177,val
5050,56.659382706568096,56.44355,val
8971,69.20177964841314,69.93732,val
4912,49.932213400866985,50.072453,val
3655,59.96410273050301,60.801815,val
7470,21.104381820909456,20.807749,val
1067,26.19775839899175,26.444561,val
3586,50.81546319889285,51.153763,val
956,55.18556761084572,55.225307,val
6484,8.174317370228692,8.746341,val
5184,98.77373433068,97.72139,val
3912,77.49004354480229,77.5159,val
5042,53.28328579156749,53.12805,val
7485,23.09583172212638,24.021708,val
8030,117.40677602978512,116.70536,val
7398,64.0803395705165,64.03981,val
5975,45.64933795175344,46.33538,val
55,14.11530105008021,13.757786,val
8151,90.55535075755104,90.251625,val
9630,47.133068609098046,46.819336,val
4042,34.84320820810721,35.505096,val
8093,92.49960703964835,92.24599,val
2374,11.411319896017613,11.344533,val
7740,76.67590826543987,76.60347,val
1890,41.15828962279588,40.36088,val
5490,5.091939691204205,5.1644974,val
8528,80.80332043496728,80.66435,val
8972,69.20177964841314,69.30739,val
3038,45.95204798649222,45.388332,val
8341,51.45864447841361,51.428844,val
4187,76.86032352211669,76.82019,val
6485,8.174317370228692,8.698051,val
1578,4.261325746131316,4.2908783,val
5403,24.12705487818204,24.02355,val
8522,80.80332043496728,81.25766,val
7283,20.55365487758599,20.180748,val
8691,41.934150475720166,42.997524,val
6837,18.78891713488035,18.946215,val
1574,4.261325746131316,4.2725096,val
9117,70.30262091082997,69.86798,val
7096,28.13673861098185,28.012962,val
3755,39.714588712138834,40.121696,val
704,54.721475257382544,54.379047,val
142,37.539090163163095,37.313957,val
7010,69.82688277932674,68.94426,val
3629,53.40846483029395,52.498096,val
1421,18.315021103979053,17.909233,val
3169,21.915201151198968,22.005203,val
6468,7.2934946365854145,7.2455897,val
8997,62.728531916763785,62.16519,val
2534,11.818872791868523,12.006805,val
6331,36.94310571922444,36.85871,val
1771,10.55089264296189,10.047842,val
2676,42.79470733737052,43.597984,val
7210,70.52627414753184,70.14614,val
4103,64.16665709294357,64.70084,val
3761,39.714588712138834,40.033165,val
5957,45.5844800104469,46.10905,val
662,51.178876353782414,51.259834,val
5995,47.53432583996549,48.225807,val
9688,64.70114627251759,64.6886,val
4908,53.06450082892232,54.086143,val
3189,24.32361434030205,23.711246,val
5986,47.53432583996549,48.081314,val
6374,43.604537301970495,44.285835,val
4094,64.16665709294357,63.830532,val
6422,60.456358375515045,60.52469,val
810,15.537782493111417,15.225841,val
1674,23.65424941823527,23.834896,val
166,47.18792608651206,47.75121,val
2585,16.733837753795683,17.1237,val
5376,15.701361056258303,15.567188,val
1852,26.34005571615316,25.978409,val
4185,76.86032352211669,75.340546,val
4201,74.59089711105786,74.84763,val
9361,23.159558795461432,23.033321,val
8361,110.28871787139632,108.65407,val
2641,31.08635774141885,30.567478,val
8546,86.00802491357506,85.58193,val
3439,49.443219986774174,49.01064,val
56,14.11530105008021,14.118721,val
476,15.707873555388897,15.732352,val
9530,53.4781688706144,52.92386,val
6812,57.9723445544333,58.32905,val
3539,57.94439444918156,59.043854,val
559,45.847583591803016,46.100113,val
7389,58.12884889469646,58.196823,val
8705,50.57222671436466,50.615025,val
226,16.580442267821432,16.385414,val
2180,38.49172622988656,38.592354,val
1459,23.94330432520524,24.809584,val
907,32.321144147753046,32.262947,val
723,59.349496697382925,59.35318,val
7069,22.701604648528324,22.336645,val
9341,23.081292008810937,22.781982,val
6810,57.9723445544333,57.545055,val
4556,26.7937603324987,26.518866,val
8188,6.195413006081358,6.182306,val
2055,39.98048851614654,39.71034,val
8934,68.99666759264976,68.87723,val
8610,20.98746498918131,21.136816,val
1077,28.596873846248613,28.714691,val
6788,47.66338038312279,47.190323,val
7661,86.16482955753006,84.12471,val
6527,15.48067471487008,14.979882,val
1365,14.840385695764422,14.395274,val
3679,66.54075052062102,66.546165,val
7111,30.4262025098528,29.88159,val
9635,47.133068609098046,48.358006,val
835,17.08153188674368,16.987476,val
8329,45.6948550475064,45.636612,val
7974,71.5704557201866,71.410805,val
4363,28.73050158168696,29.132563,val
1057,24.102683602700605,24.1235,val
1653,17.620308438619823,17.575247,val
8586,18.35910667150528,18.428608,val
9358,23.159558795461432,23.112257,val
4692,71.63382197447152,71.26548,val
6642,60.03061670851074,60.24814,val
7013,69.82688277932674,69.195175,val
8618,22.6289298038926,22.619383,val
3225,30.407567779885905,30.828344,val
5784,70.72326590407447,70.78631,val
7722,75.23976726375669,75.39511,val
8689,41.934150475720166,41.946995,val
3323,53.80288353083432,52.754025,val
3230,33.153402970715014,32.63695,val
4828,49.79264067249439,50.578587,val
3748,40.257908447982594,40.090076,val
2458,28.69992256061815,29.524433,val
1186,8.581296016351208,8.693245,val
8227,11.549535252517238,11.493911,val
8089,92.49960703964835,92.4835,val
3538,57.94439444918156,59.26391,val
8946,84.75295697575926,85.69101,val
2430,22.67323124124311,22.229359,val
7624,111.84710803127729,111.8047,val
9153,4.73305991146259,4.778936,val
2799,69.85807623634659,70.241615,val
1477,29.346331511874943,29.64562,val
7896,36.82299199451849,38.16903,val
233,17.75661321676694,17.528257,val
9218,13.122690726014152,13.123307,val
2445,25.51789125655092,25.40164,val
3745,40.257908447982594,40.52465,val
2735,96.66054245190286,95.753136,val
6862,20.393631102532147,20.360939,val
1136,50.522632157242,51.15644,val
4675,60.186503046491815,59.778603,val
4471,57.52783269763999,56.994133,val
1951,19.6236096360711,19.397701,val
8383,89.57234360169679,89.670494,val
4647,46.36505623828396,46.08769,val
5478,58.16441612968519,58.18149,val
9112,70.30262091082997,70.32028,val
2130,78.7976489697884,77.813446,val
4424,37.852208236434834,37.868336,val
1388,14.881631072346046,15.190964,val
2575,15.305078539047836,15.23202,val
7636,103.4659443059241,103.64137,val
3094,63.31482432217717,64.11906,val
7248,17.45833241679095,17.554628,val
7030,18.287084542985266,18.555506,val
4668,55.11750370348744,55.560715,val
6470,7.2934946365854145,7.3572755,val
3771,39.54855112727903,39.931747,val
7497,27.8694620307488,27.538523,val
1256,21.10753296824097,21.396627,val
6610,42.64439390516736,43.00501,val
8355,57.77555795356668,58.12417,val
1053,24.102683602700605,23.921265,val
8405,80.93195157639853,80.11498,val
6562,22.95430108855717,23.04485,val
576,57.94552901210703,58.043427,val
512,27.58431117345385,27.400072,val
1193,9.80498597022772,9.588208,val
1676,23.65424941823527,24.093513,val
3086,58.90057362616971,60.36937,val
4507,27.4987848462116,27.080462,val
8855,34.18388843945615,34.24149,val
6046,65.54060841010474,63.70291,val
2555,13.137035705017968,13.158859,val
9097,64.01007406503007,63.563515,val
8197,7.23635652187556,7.1283207,val
3766,39.54855112727903,40.128567,val
8927,62.91662745987684,62.877098,val
1816,16.633296025212033,16.931765,val
4490,62.97857785185516,63.66443,val
2312,69.12845902908616,68.772804,val
5410,24.12705487818204,24.419376,val
9158,5.351857896040902,5.2712793,val
8037,117.40677602978512,118.6971,val
484,18.16883094295837,18.310125,val
118,26.46665738904841,26.82872,val
6047,65.54060841010474,63.452305,val
8588,18.35910667150528,18.521908,val
561,51.62368232987836,51.601704,val
8948,84.75295697575926,82.66862,val
8010,142.84762610413074,141.78952,val
6283,37.38629228613615,37.231796,val
2498,45.29905670360103,45.87747,val
5520,7.487039441710785,7.8538165,val
7047,20.126200689915567,20.14071,val
889,26.21357879858248,26.815636,val
9216,11.253266198557393,11.429766,val
6740,29.044398074352745,29.237938,val
6751,31.975861991771684,31.999104,val
6866,21.641072027966302,21.197237,val
663,51.178876353782414,51.461582,val
1173,7.500740525635853,7.6023583,val
8749,29.365339437277093,29.107756,val
6248,58.01546805593058,57.357944,val
508,24.08255825230725,24.484495,val
7120,32.98232473760113,32.347565,val
5529,8.676840647825152,8.903095,val
2857,71.5754951038172,72.23489,val
3447,52.1882724597919,52.27835,val
7553,45.49093035361841,45.842438,val
8777,26.32965646643661,26.260397,val
7614,121.93978085807994,120.64264,val
706,54.721475257382544,54.39721,val
836,17.08153188674368,16.871262,val
8666,34.82175318262301,34.86801,val
1684,27.203714615567623,27.479586,val
8071,97.72361435380132,97.23609,val
3372,43.08766775675223,43.248257,val
4777,41.991429304893686,41.862144,val
6232,46.80432287514404,46.96312,val
2967,39.87778416712277,39.909916,val
8656,31.78624470110975,32.515034,val
6212,37.37312957428336,37.567444,val
3215,28.031486406087428,28.592913,val
3286,53.0572412164186,54.5315,val
7646,96.52331812388518,97.22073,val
1364,14.840385695764422,14.830312,val
2684,47.49780676008604,47.583153,val
9448,38.33956461027205,37.126953,val
513,27.58431117345385,27.41564,val
5679,65.16757490992121,65.157776,val
5009,45.89202024796605,45.933624,val
473,15.707873555388897,15.749637,val
444,10.035121137450265,10.165917,val
4218,74.22415281450986,74.81402,val
9492,53.97535048970737,54.2934,val
4718,46.391301744318085,45.295013,val
7147,42.42789452698618,42.105194,val
4749,41.70839840464368,42.304863,val
5990,47.53432583996549,48.280647,val
488,18.16883094295837,18.395092,val
8263,18.09371934689641,18.601433,val
4915,49.932213400866985,49.82193,val
2059,39.98048851614654,40.293037,val
5509,6.50192593863681,6.535846,val
4160,84.47098482884549,85.47837,val
6951,41.83122075031758,41.139896,val
9038,56.99655317923613,57.147274,val
7493,25.34338762867145,25.782814,val
3548,55.49025213966205,55.89469,val
230,17.75661321676694,17.596317,val
9014,58.75187514946885,57.495426,val
736,62.36217072729759,62.49816,val
568,51.62368232987836,52.274147,val
1484,32.598323805815355,32.606636,val
7349,38.89758247257099,38.699272,val
8043,111.16906764061592,109.670555,val
4815,47.41366181194388,46.690475,val
303,32.758928032663164,32.47273,val
6799,52.61583395623445,52.42097,val
5309,5.344944871987626,5.471781,val
9238,17.71581600660093,17.701614,val
3863,55.05988890318878,56.09286,val
5161,107.32601858936177,107.76892,val
3188,24.32361434030205,23.7521,val
8142,89.83454371793471,89.64005,val
3595,50.80634979191847,50.790527,val
260,22.636112508681865,22.67807,val
2852,70.04973728656218,69.66032,val
5830,75.47176859644443,75.40853,val
5582,21.13272585910589,20.811026,val
5838,77.76166202298738,78.15393,val
9265,23.601878269200103,23.840967,val
1553,67.67807296886593,67.38585,val
5752,74.03273905666954,73.31411,val
1712,40.30436750873707,40.287888,val
8869,36.89583258795231,36.882027,val
613,58.69889415199623,58.597805,val
2545,12.375656037192718,12.300569,val
3782,39.75223655037217,40.210762,val
622,55.95115332265876,55.781807,val
4446,44.27084024557077,44.29133,val
4530,26.27774637739397,26.724957,val
8959,78.65994946465001,76.64514,val
4493,68.93732865925253,68.82491,val
5577,18.321105476597847,18.719954,val
4593,31.8813592557466,31.642258,val
6679,18.87926170835041,18.71156,val
6227,46.80432287514404,46.260864,val
3351,45.56874045695812,45.268013,val
8716,55.50750396672584,55.52277,val
268,22.636112508681865,22.838806,val
4119,104.53191002397112,103.41682,val
5356,11.601252443803698,11.462957,val
8793,26.12791079961084,26.196571,val
8829,28.47584423013329,28.340286,val
5965,45.5844800104469,46.36667,val
4916,49.932213400866985,49.076115,val
2899,81.68034630091823,81.59735,val
3691,70.45262976078712,70.30655,val
5492,5.7073476784978805,5.642922,val
2729,96.66054245190286,97.12602,val
6121,14.063861465039476,13.947275,val
3681,66.54075052062102,66.45915,val
4320,31.81177091074735,32.876377,val
4990,43.16995161573335,43.13058,val
4267,79.44225220967748,79.13425,val
7736,75.68706198484644,76.14137,val
3944,14.944624315127582,14.550697,val
2487,40.51733602903463,41.11132,val
599,66.58516636474155,71.14544,val
3800,41.26333268116094,40.90811,val
2428,20.142286163199543,21.286047,val
2544,12.375656037192718,12.270874,val
1700,35.50021419741392,35.36943,val
1719,40.30436750873707,40.46565,val
463,13.546498854976594,13.498738,val
6132,15.32505155793123,15.221321,val
1335,52.16927260275215,52.06445,val
7450,17.802838393569143,17.695227,val
3059,51.49946671208665,51.31503,val
2448,25.51789125655092,25.939322,val
427,7.469930006749854,7.639613,val
1669,20.46822680475041,20.682629,val
3304,64.18571344380074,64.65277,val
9231,15.26942589060463,15.332845,val
7036,19.118177702829986,19.147343,val
1390,15.325832135230971,14.880559,val
8625,24.51074960846983,24.32404,val
8123,89.35596223722666,89.57175,val
4618,36.49519330636368,36.523335,val
8261,18.09371934689641,18.17276,val
3791,40.32326339550391,40.360523,val
8723,60.86470279221393,60.653065,val
4833,52.59176301891893,52.120583,val
2006,26.100293358639703,25.370085,val
191,65.65020509765029,65.508514,val
1813,16.633296025212033,16.253124,val
6919,32.0562290792121,31.682463,val
8271,20.876831778519826,21.079973,val
7310,26.32473367367253,26.129318,val
3565,52.18837923715673,51.325283,val
9121,74.10066098763063,74.38887,val
9681,60.70259297074817,59.972305,val
4171,78.80500521273352,79.505104,val
6128,15.32505155793123,15.526071,val
5653,51.97277860724665,51.77311,val
1241,18.66092106399767,17.855534,val
6334,36.94310571922444,37.373585,val
4248,76.01605659237786,75.91405,val
3736,41.19267142522618,40.809044,val
5727,82.89063290867627,83.39533,val
3763,39.714588712138834,39.804123,val
4324,30.391747595902384,30.080442,val
8190,6.195413006081358,6.178275,val
1309,37.81401499146663,38.294556,val
4846,55.81576581046008,55.398758,val
4587,30.11289053476736,29.226639,val
2400,15.930270377937108,15.200584,val
6931,35.00421894076243,34.6487,val
3018,42.16075780063652,42.199455,val
3950,14.944624315127582,15.066524,val
9615,44.7130602082412,45.53257,val
4848,55.81576581046008,56.72061,val
3129,20.723513448948488,20.502136,val
8335,45.6948550475064,45.87183,val
4480,57.52783269763999,58.03919,val
1555,67.67807296886593,67.50662,val
4126,98.2154014561832,96.97487,val
5463,51.79087976743877,51.451103,val
9412,28.513269417688846,27.910057,val
5560,13.645667799055278,14.545233,val
793,15.07868577169545,14.923334,val
7869,31.46935423226826,31.298025,val
5618,31.749664310570285,32.162323,val
7049,20.126200689915567,19.86507,val
4216,74.22415281450986,74.37137,val
381,68.65315573513477,68.886215,val
7336,35.17697816276893,34.16233,val
1165,67.12941924665816,67.27117,val
4968,42.16214720311456,42.776367,val
851,19.773550055621044,19.29229,val
8545,86.00802491357506,85.74673,val
6553,20.15248715168677,20.736006,val
3197,26.008581845215858,25.273413,val
7932,51.4820311150869,50.91413,val
2565,14.110193568812534,13.970859,val
2818,68.37372704417407,69.19443,val
544,40.58610800720655,40.513027,val
6611,42.64439390516736,42.879707,val
6001,49.29258108243957,48.925003,val
6481,8.174317370228692,8.271956,val
291,29.797938650740385,29.536964,val
548,40.58610800720655,41.320724,val
8393,84.82941053361527,83.8593,val
7732,75.68706198484644,75.75316,val
5958,45.5844800104469,46.543766,val
100,23.576423832277207,22.617226,val
241,19.150990033213944,19.039429,val
8554,15.852564897119404,15.904953,val
3004,40.03729919553794,40.207634,val
9638,48.98294327716477,48.179417,val
7443,16.45072988245353,16.705181,val
3885,67.54477945349723,67.54193,val
1301,37.81401499146663,37.073833,val
8210,8.462152429232523,8.257566,val
9162,5.351857896040902,5.3112373,val
6977,54.48981476457171,53.749657,val
6690,19.72686773316085,19.638737,val
9667,57.12333038923778,57.890984,val
2924,48.18612646210156,48.260395,val
8121,89.35596223722666,89.1189,val
5817,72.14804534278407,72.67382,val
8207,8.462152429232523,8.354282,val
6998,64.47891927372373,63.060486,val
3540,57.94439444918156,57.10339,val
3849,51.74227308385,51.51007,val
2207,39.33265262833491,38.660385,val
2800,69.85807623634659,69.946915,val
2028,30.70592042906157,30.959885,val
3866,58.80362810770437,59.175365,val
2051,39.98048851614654,40.219173,val
4101,64.16665709294357,64.15296,val
6793,47.66338038312279,47.846886,val
7353,38.89758247257099,39.52912,val
7707,75.36873222882375,76.59979,val
888,26.21357879858248,26.835041,val
1551,67.67807296886593,67.200455,val
2962,40.63770351870388,40.427757,val
2245,45.080962845763935,44.667603,val
720,59.349496697382925,59.24533,val
9519,69.76902573826007,69.14365,val
8454,71.63339382759735,71.92177,val
2405,15.930270377937108,16.522865,val
6962,45.72552663345777,45.268654,val
3636,55.15121777774252,55.913097,val
3584,50.81546319889285,50.657574,val
5061,60.49974856985286,59.248203,val
1882,36.88683750149421,36.324497,val
7064,21.31754547210954,21.433134,val
7903,39.97709071985155,39.481216,val
1642,15.086156273058206,15.11126,val
1989,22.658950964078755,23.509968,val
4481,62.97857785185516,60.88681,val
203,14.853773920970784,14.750076,val
7737,76.67590826543987,76.67534,val
2418,17.90207642534986,18.803215,val
7752,78.16620220063061,78.03833,val
8794,26.12791079961084,26.241064,val
7333,31.85415326143481,31.907951,val
299,29.797938650740385,30.06949,val
5806,71.1788904661776,71.3161,val
6154,18.757694196337685,19.139109,val
856,19.773550055621044,19.91305,val
4155,84.47098482884549,83.188805,val
2795,71.45632785526469,71.62002,val
8008,142.84762610413074,141.66429,val
9232,15.26942589060463,15.332845,val
4074,52.63105760281615,52.09348,val
5671,65.16757490992121,64.56314,val
2723,104.51843038336918,105.67269,val
1722,45.58658638504512,45.426754,val
3611,51.237069373284655,51.146603,val
3389,42.59809029081568,42.949112,val
1383,14.881631072346046,15.135142,val
8282,24.001378700581864,24.229998,val
2948,41.82198911798321,40.8229,val
9062,58.24175655774608,58.90633,val
4585,30.11289053476736,29.249298,val
5720,82.89063290867627,82.19153,val
4112,111.93267880814516,111.63252,val
1572,4.261325746131316,4.2725096,val
5548,11.737430167438465,11.645648,val
3471,59.05995042413533,58.638752,val
6734,26.484024368396327,27.24144,val
5265,90.86910077663212,90.48638,val
5704,92.69126167628563,90.739784,val
4217,74.22415281450986,74.447716,val
9260,23.601878269200103,23.796358,val
716,56.80098396250919,55.964108,val
3270,48.193847475870776,47.78644,val
756,69.71997296559415,69.50967,val
5014,45.89202024796605,45.07485,val
7412,13.35096351227492,13.61732,val
3150,20.72503526744455,20.689234,val
8332,45.6948550475064,45.79735,val
6396,52.561077422993925,52.12975,val
6359,41.380738858681696,40.536472,val
9258,23.601878269200103,23.498327,val
8218,9.892928038988636,9.481653,val
5929,49.56838968278535,48.821476,val
7148,42.42789452698618,42.272778,val
1511,44.816515044884014,44.30261,val
7395,58.12884889469646,59.031673,val
6762,35.291818684332966,35.393288,val
9138,78.16737146241204,78.70518,val
7124,32.98232473760113,34.019516,val
6539,17.669242814490573,17.148659,val
5081,69.52443467054255,68.81486,val
3689,70.45262976078712,69.22738,val
9183,7.099764588567615,7.2583957,val
6279,37.38629228613615,36.929146,val
3531,61.0022870838277,59.056202,val
9028,57.60787852380753,57.582123,val
3859,55.05988890318878,54.272095,val
4546,26.316037321382165,26.223497,val
5465,51.79087976743877,51.451103,val
7254,17.45833241679095,17.90283,val
1478,29.346331511874943,30.126053,val
6989,59.34443405671068,58.179554,val
3005,40.03729919553794,40.392433,val
1862,29.50350743814052,28.848547,val
3621,52.104444542417454,51.837757,val
7427,15.270791663402616,16.103207,val
6300,35.919888386123255,35.838127,val
6777,43.12658410812266,42.09036,val
5183,98.77373433068,99.97283,val
9245,17.71581600660093,17.989426,val
2080,52.35079998184644,52.364964,val
6391,49.19054255336955,48.352695,val
6766,39.00509400022551,38.10965,val
4465,52.60069880564436,52.553772,val
2331,78.79814514174707,78.36169,val
5103,173.02629337346764,173.73259,val
5461,51.79087976743877,51.41196,val
1225,14.49986413953364,14.824157,val
6278,37.38629228613615,37.082436,val
9363,23.159558795461432,23.213762,val
9323,51.126946112451705,51.193226,val
8354,57.77555795356668,57.94845,val
4351,28.56972261158429,29.203611,val
5015,45.89202024796605,45.2807,val
4880,72.7859039312829,72.586754,val
1191,9.80498597022772,9.556335,val
4389,30.187982613749504,30.010382,val
8258,18.09371934689641,17.996485,val
1677,23.65424941823527,24.093513,val
4578,28.68346680081509,27.918243,val
5499,5.7073476784978805,5.747804,val
8754,27.96885187619396,27.647411,val
2434,22.67323124124311,23.431791,val
1049,22.29241191864729,23.378798,val
6491,9.221822808764502,9.477735,val
4170,81.32847275704384,81.24152,val
985,16.4733155489327,16.354872,val
8075,97.72361435380132,97.18622,val
5658,51.97277860724665,52.35452,val
4496,68.93732865925253,69.13626,val
2102,62.34247227541656,61.256893,val
2734,96.66054245190286,96.357025,val
3902,72.45802892437682,72.933685,val
7779,84.75534758997657,84.74081,val
839,17.08153188674368,17.720762,val
900,32.321144147753046,31.729937,val
6330,36.94310571922444,37.646618,val
187,58.92641435780302,60.457962,val
4318,31.81177091074735,31.328714,val
6387,49.19054255336955,48.972374,val
660,51.178876353782414,51.360577,val
4034,34.84320820810721,34.141617,val
5301,5.344944871987626,5.308581,val
6186,29.64536869515821,28.74575,val
3014,40.89493314975076,41.04572,val
8158,91.1828236948467,91.349495,val
1015,18.39258389219694,17.849894,val
5264,90.86910077663212,90.24757,val
112,26.46665738904841,26.165644,val
6844,18.78891713488035,19.601881,val
9075,59.66494697179906,59.284946,val
7007,69.82688277932674,69.05564,val
5535,10.08763188618742,10.089457,val
8403,80.93195157639853,80.83834,val
8557,15.852564897119404,15.738762,val
4200,75.46351541383811,76.41054,val
7855,27.309900823535024,27.686752,val
5117,146.55486384356334,146.06995,val
2403,15.930270377937108,16.006027,val
6954,41.83122075031758,41.406837,val
5721,82.89063290867627,82.11116,val
8696,46.05279922808826,46.51269,val
33,12.311123452022672,12.382489,val
3872,58.80362810770437,58.599304,val
3143,20.5747960352812,20.512224,val
8176,5.319943445303664,5.300824,val
8386,89.57234360169679,91.204605,val
3589,50.81546319889285,51.469006,val
8852,34.18388843945615,34.39081,val
169,47.18792608651206,48.208057,val
9637,48.98294327716477,48.421932,val
3710,79.05853392344162,79.1816,val
4513,26.72477238199726,26.804073,val
2793,71.45632785526469,71.00956,val
13,11.464931301901116,11.5587225,val
2851,70.04973728656218,69.838455,val
2669,42.79470733737052,41.80389,val
643,52.42282758556679,51.977497,val
1415,17.038797527529596,16.818056,val
4459,48.18738999708176,48.881607,val
3563,53.584944988599865,54.678547,val
4174,78.80500521273352,78.81175,val
7845,25.65131053715304,25.793983,val
8500,74.18155972707093,74.15301,val
6408,56.318371719458256,55.847565,val
2649,34.608236450110745,33.672997,val
7376,52.63724913071349,51.460682,val
3569,52.18837923715673,51.99906,val
9220,13.122690726014152,13.142458,val
5974,45.64933795175344,45.7024,val
7888,36.82299199451849,36.153656,val
8001,154.1130580278585,154.18044,val
776,78.3836967869071,78.646706,val
5701,92.69126167628563,92.366264,val
2394,14.205163328674734,14.584367,val
6513,11.895866643063426,12.036366,val
5028,50.36822432825774,50.9857,val
2203,39.33265262833491,39.30244,val
2008,26.100293358639703,26.097582,val
4646,46.36505623828396,46.117718,val
5034,50.36822432825774,49.98738,val
3830,46.35846082077317,45.354984,val
8423,75.33592393483191,74.18742,val
4866,63.535008761946855,63.12646,val
4229,74.34851013209767,74.88155,val
7800,21.670238166153503,21.779938,val
9150,4.73305991146259,4.750772,val
5191,95.65935721790642,99.47834,val
5989,47.53432583996549,47.943516,val
805,15.174151766060591,15.267056,val
4590,30.11289053476736,30.375914,val
5925,52.60873127102636,54.91569,val
4261,79.44225220967748,79.11471,val
2152,39.9122322296036,39.366577,val
255,20.77359420729444,20.856678,val
8799,26.12791079961084,26.43204,val
9473,45.377471796299,45.913662,val
4669,55.11750370348744,55.269405,val
32,12.311123452022672,12.019257,val
3516,64.73848377953358,64.71475,val
3504,72.53577771843293,73.913,val
8828,28.47584423013329,28.244387,val
1088,31.32001812749096,31.957466,val
1039,20.74860480317913,20.919382,val
8575,17.343211285051705,17.368937,val
5008,45.89202024796605,46.16296,val
9493,53.97535048970737,54.306442,val
942,49.65683893332355,48.716778,val
2940,43.45206887144879,42.8876,val
4475,57.52783269763999,57.577156,val
7184,54.8905830653327,56.348183,val
2885,75.94626538222178,76.26633,val
8203,7.23635652187556,7.519575,val
1089,31.32001812749096,32.279842,val
7468,21.104381820909456,20.765562,val
6782,43.12658410812266,42.73441,val
8808,26.553718966906143,26.621511,val
1427,18.315021103979053,18.583456,val
1517,44.816515044884014,45.59733,val
4729,43.11226770189285,43.763783,val
3013,40.89493314975076,40.580288,val
3739,41.19267142522618,40.826904,val
5469,51.79087976743877,52.11065,val
7681,79.60001023359403,77.7833,val
5815,72.14804534278407,72.320274,val
7340,35.17697816276893,35.331665,val
8673,38.19733383832723,37.33948,val
3056,48.49994200119764,49.744534,val
1084,31.32001812749096,31.686481,val
9415,28.513269417688846,28.643518,val
1211,12.746987748176158,11.952024,val
4997,43.16995161573335,43.52665,val
7744,76.67590826543987,76.9704,val
151,42.117719046176674,41.55333,val
4215,74.22415281450986,74.42513,val
6542,17.669242814490573,17.894547,val
6783,43.12658410812266,43.248764,val
2619,25.086389603284896,24.29497,val
6768,39.00509400022551,38.300472,val
3237,36.28660390165627,35.31105,val
554,45.847583591803016,45.864597,val
4289,84.17406753255614,83.899956,val
7209,70.52627414753184,70.23678,val
6910,29.406568716475963,29.036304,val
4653,50.51324652206503,49.989105,val
7564,50.1770255008208,51.205696,val
760,73.97103175765946,72.796135,val
5984,46.3112758194042,46.431755,val
6073,75.02114224725477,75.56776,val
429,7.469930006749854,7.859986,val
6726,26.484024368396327,26.036943,val
6605,37.85744042223983,38.523285,val
5505,6.50192593863681,6.4924126,val
8387,89.57234360169679,90.956345,val
1267,23.82470993800484,24.260906,val
7142,38.96541114737861,38.81816,val
6252,58.01546805593058,58.072227,val
2376,11.411319896017613,11.897204,val
7836,24.262113611282484,24.869223,val
6827,69.71062345978,69.08735,val
4240,74.95067169957674,75.28488,val
7304,24.08136518403247,24.585546,val
2816,68.84101050877996,69.44997,val
1041,22.29241191864729,22.549652,val
1056,24.102683602700605,24.304893,val
6249,58.01546805593058,57.20524,val
9274,27.09140763603464,27.165375,val
9067,58.24175655774608,57.94598,val
2630,27.91894491941593,27.403889,val
6089,12.048441360575485,11.884707,val
1961,20.345033900190963,20.286335,val
692,53.11407662346408,52.557983,val
5795,70.69836122667067,70.84327,val
1821,18.66517816301845,17.919096,val
1374,14.715962749527916,14.644012,val
368,57.56906951914832,58.181877,val
5102,173.02629337346764,173.73259,val
7368,47.60983436719194,47.271667,val
6193,29.64536869515821,30.517134,val
5593,24.29149336117945,24.189423,val
8,11.37918153927572,11.61972,val
9574,45.07158814655721,44.74592,val
5772,71.2717510610775,70.74843,val
7688,77.50351307331591,78.18941,val
8874,40.04086667514645,39.162315,val
5022,47.90717594953969,46.93524,val
8721,55.50750396672584,56.08452,val
3499,72.53577771843293,71.51284,val
7287,22.16279124005809,21.863483,val
4007,25.54764652659833,25.590218,val
3341,47.64390488072358,47.439133,val
6159,20.95306971956953,20.836689,val
2185,38.49172622988656,38.837864,val
2568,14.110193568812534,15.128582,val
6961,45.72552663345777,45.20695,val
3307,70.3977760015761,69.79443,val
746,65.82792957452513,65.53977,val
6499,10.455577179377302,10.244016,val
6716,24.281873014532923,24.09603,val
7895,36.82299199451849,37.07859,val
4127,98.2154014561832,96.50296,val
6819,63.69862808262341,63.441914,val
9539,50.45573881082557,51.188232,val
1342,57.78802082452141,57.445797,val
218,15.614567609300169,15.720744,val
5284,92.33570202451632,92.3738,val
6448,74.77670776968583,74.25022,val
1909,45.85107845908806,46.387024,val
6325,36.210240125305205,37.07158,val
8452,71.63339382759735,71.28622,val
3883,62.97172274000302,63.35469,val
3976,19.0858907744892,18.977537,val
71,16.98227570806444,16.534246,val
5897,62.25633543844163,62.38696,val
4782,42.74093636440046,42.389805,val
221,16.580442267821432,16.51343,val
8004,142.84762610413074,143.0349,val
864,21.58318403060131,21.568916,val
7859,29.24597298712641,29.429142,val
1614,9.135860967288092,9.110431,val
7230,16.763039606912137,16.641708,val
6546,20.15248715168677,19.693407,val
7853,27.309900823535024,26.460993,val
9143,81.83669393813297,81.78849,val
867,21.58318403060131,21.75098,val
7920,47.29742398296997,47.203587,val
3192,24.32361434030205,23.831556,val
2866,71.5754951038172,72.872185,val
1480,32.598323805815355,31.772875,val
3773,39.54855112727903,39.759842,val
5940,47.46331387653679,47.08863,val
4800,45.44891159516804,46.15431,val
7961,66.11854958927282,65.91816,val
2283,56.555790586714224,55.75501,val
6290,36.41164086407028,36.575737,val
3305,64.18571344380074,64.846085,val
1888,36.88683750149421,37.16694,val
9221,13.122690726014152,13.137222,val
7341,35.17697816276893,35.782013,val
4118,104.53191002397112,103.97851,val
396,5.08262043162249,5.076786,val
742,65.82792957452513,65.33343,val
6086,12.048441360575485,11.766395,val
1146,55.618307516984494,55.948296,val
4786,42.74093636440046,43.18223,val
6965,45.72552663345777,47.33541,val
4983,42.4526762770214,42.323235,val
3227,33.153402970715014,32.2898,val
6997,64.47891927372373,62.96668,val
3344,47.64390488072358,46.182697,val
1460,26.46800705774784,25.742632,val
1910,50.99059738000766,50.485794,val
2476,36.17425134293541,36.795773,val
1194,9.80498597022772,10.081633,val
639,53.87988875437848,54.340755,val
5981,46.3112758194042,46.687004,val
516,27.58431117345385,27.70607,val
8292,27.49317714760065,27.621233,val
146,37.539090163163095,37.980427,val
7671,82.46109517072738,80.21237,val
3359,44.06518747198716,43.86813,val
3675,66.54075052062102,66.24364,val
7396,64.0803395705165,63.64655,val
3140,20.5747960352812,21.170729,val
8255,15.627250818874538,16.15744,val
272,24.75154224131003,24.867983,val
929,40.07578418861009,40.331875,val
842,18.27799290167712,18.133482,val
2182,38.49172622988656,38.651745,val
8381,95.27995050133204,95.23077,val
9007,60.4491784254586,59.761566,val
1172,7.500740525635853,7.6023583,val
541,40.58610800720655,40.4114,val
5739,76.30890117399417,76.06521,val
6014,51.56721782835394,51.629204,val
701,54.721475257382544,54.055927,val
5502,6.50192593863681,6.4428916,val
5198,95.65935721790642,95.601265,val
5404,24.12705487818204,23.885578,val
7835,24.262113611282484,24.388779,val
7520,33.84919070959732,33.778385,val
6194,29.64536869515821,30.209375,val
8675,38.19733383832723,37.870686,val
7690,77.50351307331591,77.64554,val
4131,92.83718812970534,93.152374,val
4952,42.87693420783952,42.804367,val
5435,35.89458453265824,35.88777,val
9336,57.4770327849973,57.964027,val
8187,6.195413006081358,6.182306,val
5640,40.903222959927845,42.03317,val
4686,65.71211047881111,65.57382,val
1701,35.50021419741392,35.36943,val
4370,28.73050158168696,28.901932,val
8921,57.33334725094892,57.607716,val
3923,12.71161501625575,13.503355,val
2699,58.20123238702953,57.349705,val
8042,111.16906764061592,108.324196,val
7229,16.763039606912137,16.959333,val
4629,39.37396909135014,39.79153,val
9201,9.639758262038976,9.392544,val
7478,23.09583172212638,22.800234,val
8897,47.70662944412462,47.715305,val
345,47.8752142649167,47.604515,val
9457,41.66927621767171,40.488453,val
5836,75.47176859644443,75.43884,val
539,35.8081459962377,36.91462,val
8184,5.319943445303664,5.3293314,val
8021,124.675830889654,123.02066,val
2353,9.359426092702076,9.16935,val
5949,46.16640159983851,46.123623,val
4365,28.73050158168696,28.74651,val
2225,41.522611277483854,41.01744,val
2733,96.66054245190286,98.4344,val
3015,40.89493314975076,41.03531,val
6704,20.909816172153874,20.992287,val
9436,32.757479265983406,34.553482,val
586,71.98462739387922,71.34403,val
1857,26.34005571615316,26.686455,val
5231,89.76736722751878,91.34444,val
3195,24.32361434030205,24.521788,val
7565,50.1770255008208,51.157852,val
2675,42.79470733737052,42.886246,val
7571,55.29965642696082,55.116085,val
4627,39.37396909135014,39.462566,val
6488,9.221822808764502,8.940108,val
3285,53.0572412164186,54.30895,val
2378,11.411319896017613,11.905654,val
362,57.56906951914832,57.83909,val
2305,64.57695773677871,64.03135,val
603,62.20643544097513,62.51469,val
5302,5.344944871987626,5.308581,val
4836,52.59176301891893,52.396793,val
4679,60.186503046491815,60.88808,val
8516,78.23957030362628,77.71124,val
7775,82.37603782782935,82.35641,val
3890,67.54477945349723,67.453606,val
7186,59.7691504523924,59.327595,val
729,59.349496697382925,59.82892,val
7228,16.763039606912137,16.568872,val
1396,15.325832135230971,15.224869,val
5248,89.71465856252216,90.02821,val
3186,22.96300215722337,23.42103,val
1278,26.832928330730127,27.41448,val
1964,20.345033900190963,20.208952,val
4965,42.30109028988361,42.555077,val
6581,29.61361194980204,30.315746,val
7539,41.22258538401052,40.67207,val
5896,69.43701604268931,71.74235,val
2041,36.55766700416237,36.485046,val
9056,57.32052974796355,57.358456,val
3796,41.26333268116094,41.036335,val
3523,64.73848377953358,62.426754,val
6854,19.4356761819613,19.973946,val
1984,22.658950964078755,22.588657,val
8164,91.1828236948467,91.170364,val
816,15.537782493111417,15.381646,val
4869,67.99832264808245,67.96285,val
7231,16.763039606912137,16.28265,val
5994,47.53432583996549,48.17404,val
3279,53.0572412164186,52.789066,val
7121,32.98232473760113,32.455555,val
6050,65.54060841010474,65.405464,val
4113,104.53191002397112,105.00568,val
8702,50.57222671436466,48.59321,val
4926,47.395570474274905,46.974724,val
1129,45.86867632984527,46.83899,val
2094,57.18133790919997,57.075447,val
9618,45.71025634176605,45.438942,val
3115,73.44849628959864,73.85018,val
6243,52.18749606691912,52.419155,val
28,11.773396922197788,11.8793745,val
3756,39.714588712138834,40.07543,val
3217,30.407567779885905,29.36267,val
3665,63.03546714128211,64.183266,val
8930,62.91662745987684,63.812492,val
8360,110.28871787139632,111.0411,val
9661,53.97577549827576,53.55082,val
5719,82.89063290867627,82.82232,val
3032,43.84298730182812,43.190243,val
2037,33.47009915314734,32.893066,val
4506,27.4987848462116,27.042326,val
3205,26.008581845215858,26.639004,val
7401,64.0803395705165,64.08945,val
9489,53.97535048970737,54.003635,val
9356,22.96251160331823,23.33104,val
6651,18.51668839022279,18.022308,val
4110,111.93267880814516,110.93386,val
9680,60.70259297074817,60.765114,val
153,42.117719046176674,41.60343,val
7194,59.7691504523924,60.087727,val
7027,18.287084542985266,18.615086,val
1650,17.620308438619823,17.553198,val
7236,16.975732746562212,16.772362,val
6608,42.64439390516736,42.418575,val
6118,14.063861465039476,13.981722,val
6140,16.886178376835435,16.645893,val
8038,111.16906764061592,110.138954,val
4395,31.4947609089151,31.326769,val
1728,45.58658638504512,46.09313,val
8827,28.47584423013329,28.46384,val
8377,95.27995050133204,97.11716,val
4256,77.52447914202958,76.963005,val
7805,21.670238166153503,21.649538,val
2797,69.85807623634659,70.06178,val
6036,61.34974693767026,61.094162,val
8943,84.75295697575926,84.48877,val
629,55.95115332265876,57.00788,val
3630,53.40846483029395,52.628387,val
1316,42.197285066210405,42.512928,val
3464,55.39530406799086,56.270115,val
3821,44.27268123238265,43.754826,val
2527,62.515922349411625,62.839115,val
4426,37.852208236434834,37.61075,val
2204,39.33265262833491,39.357525,val
6074,75.02114224725477,75.407715,val
940,49.65683893332355,48.176464,val
228,16.580442267821432,16.504148,val
9622,45.71025634176605,45.957615,val
2005,26.100293358639703,25.633259,val
2258,47.39132880100697,48.367634,val
4128,98.2154014561832,98.02938,val
5213,91.48707426187316,90.86015,val
1545,61.21209743760832,61.55836,val
7733,75.68706198484644,76.20015,val
5760,72.36566593741946,72.20193,val
899,29.07243954885766,29.82046,val
9576,44.30808172311328,44.670696,val
2098,57.18133790919997,58.468155,val
1497,36.2454236303737,37.09436,val
2889,78.69801313043334,78.60113,val
6457,6.560545272291004,6.6170654,val
2938,43.45206887144879,42.9132,val
5880,78.77344906209804,78.28086,val
6473,7.2934946365854145,7.446755,val
2682,47.49780676008604,47.262077,val
7584,60.8688615107876,61.207596,val
6731,26.484024368396327,26.120964,val
