task_id,temperature,pressure,z_carbon dioxide,z_hydrogen,z_nitrogen,z_argon,z_methane,z_oxygen,z_carbon monoxide,z_hydrogen sulfide,Tc,Pc,Tr,Pr,P_bubble,P_dew,liquid_density,vapor_density,x_carbon dioxide,x_hydrogen,x_nitrogen,x_argon,x_methane,x_oxygen,x_carbon monoxide,x_hydrogen sulfide,y_carbon dioxide,y_hydrogen,y_nitrogen,y_argon,y_methane,y_oxygen,y_carbon monoxide,y_hydrogen sulfide,gamma,interfacial_thickness,E_carbon dioxide,E_hydrogen,E_nitrogen,E_argon,E_methane,E_oxygen,E_carbon monoxide,E_hydrogen sulfide,gamma0_CO2,rhoL0_CO2,rhoV0_CO2,Tc_CO2,Psat_CO2
0,200.0,2.67632833708315,0.9800000000000004,0.0064325374934771,0.0036782998235802,0.0,0.0071875657120402,0.0004149351894469,0.0011162468161313,0.001170414965324,301.56,78.71,0.6632179334129195,0.0340023927973974,34.21316516951017,2.67622833708315,1221.2756671107231,7.297632278364929,0.998567039774041,4.251092051357119e-06,1.4724748951898533e-05,0.0,9.920483357829665e-05,3.639678373676174e-06,1.3910636880116649e-05,0.0012972292361235,0.9799651037301026,0.0064446192911127,0.0036851854179533,0.0,0.0072008881025427,0.0004157082086969,0.0011183186284017,0.0011701766211897,22.518354291531036,0.6830235791943764,1.0000000102942297,1.627191117126464,5.250724139177276,0.0,5.233862114891474,4.154667112339579,4.32433616387775,1.0023835746305894,22.53960113748808,1221.920496490378,7.249541730897533,302.7106577576344,2.6239816647333654
0,200.0,6.180410207352819,0.9800000000000004,0.0064325374934771,0.0036782998235802,0.0,0.0071875657120402,0.0004149351894469,0.0011162468161313,0.001170414965324,301.56,78.71,0.6632179334129195,0.0785212832848789,34.21316516951017,2.67622833708315,1215.5121328753737,10.20248093967915,0.992246309245073,0.0004147831127822,0.0010764705486639,0.0,0.0042470308077396,0.0001979690730332,0.0006312288349486,0.0011862083777592,0.4427577533062033,0.2704297809761823,0.1178198405275355,0.0,0.1361880300032383,0.0099331795442002,0.0223938533735772,0.0004775622690629,21.68866566722885,0.7112954272664836,1.0000000020940467,1.5690603495661872,4.958947121362105,0.0,4.996436945260763,3.988893711544856,4.084143355640395,1.0012844871316218,22.53960113748808,1221.920496490378,7.249541730897533,302.7106577576344,2.6239816647333654
0,200.0,9.684492077622489,0.9800000000000004,0.0064325374934771,0.0036782998235802,0.0,0.0071875657120402,0.0004149351894469,0.0011162468161313,0.001170414965324,301.56,78.71,0.6632179334129195,0.1230401737723604,34.21316516951017,2.67622833708315,1212.969873619109,12.217226175093575,0.9889731373054892,0.0010152361543155,0.0019398545708604,0.0,0.0057248317276276,0.0002953311043602,0.0008699086472148,0.001181700490132,0.2921851042764053,0.4216831269856754,0.1369347629214112,0.0,0.1193100250824817,0.0095829071608165,0.0199987241702184,0.0003053494029911,21.231349967880337,0.7284958976173136,1.000000000016418,1.5370056248039328,4.7920771981313965,0.0,4.872574728294124,3.900793655386686,3.962255124770057,1.0004013948721535,22.53960113748808,1221.920496490378,7.249541730897533,302.7106577576344,2.6239816647333654
0,200.0,13.188573947892156,0.9800000000000004,0.0064325374934771,0.0036782998235802,0.0,0.0071875657120402,0.0004149351894469,0.0011162468161313,0.001170414965324,301.56,78.71,0.6632179334129195,0.1675590642598419,34.21316516951017,2.67622833708315,1211.6028503937953,13.671642605820072,0.9869268577197776,0.0017150290470995,0.0025109636477639,0.0,0.0063507050150064,0.000343143639058,0.0009742329362226,0.0011790679950718,0.2209606659045921,0.5233732073594388,0.1315940315163574,0.0,0.0988900680448828,0.0082817938438766,0.0166780102013413,0.0002222231295107,20.92690131644128,0.7408838861346965,1.0000000001650955,1.5153512771301991,4.676037927999193,0.0,4.794264650967104,3.8436209110708375,3.885842746707456,1.0000292845008836,22.53960113748808,1221.920496490378,7.249541730897533,302.7106577576344,2.6239816647333654
0,200.0,16.692655818161825,0.9800000000000004,0.0064325374934771,0.0036782998235802,0.0,0.0071875657120402,0.0004149351894469,0.0011162468161313,0.001170414965324,301.56,78.71,0.6632179334129195,0.2120779547473234,34.21316516951017,2.67622833708315,1210.7044808023504,14.81999842664758,0.9853989170936976,0.0024642826762601,0.0028880461766018,0.0,0.0066732632349259,0.00036962282878,0.0010287267896818,0.0011771412000527,0.1793484682998465,0.5949189399408072,0.120871763235623,0.0,0.0834578730556065,0.0071346921968751,0.0140953391072487,0.0001729241639924,20.690801685627623,0.7510173627050762,1.0000000002959073,1.4983051166307937,4.583004595431112,0.0,4.736219896487588,3.799979279038265,3.8291807538371168,1.0000000166683911,22.53960113748808,1221.920496490378,7.249541730897533,302.7106577576344,2.6239816647333654
0,200.0,20.19673768843149,0.9800000000000004,0.0064325374934771,0.0036782998235802,0.0,0.0071875657120402,0.0004149351894469,0.0011162468161313,0.001170414965324,301.56,78.71,0.6632179334129195,0.2565968452348048,34.21316516951017,2.67622833708315,1210.027578334106,15.796550019917175,0.9841252815021416,0.0032393549772464,0.0031483707348884,0.0,0.0068642827375894,0.0003859643285446,0.0010611979304051,0.0011755477891842,0.1520421387996867,0.6473149997419825,0.1100368488421968,0.0,0.0720715451325339,0.0062294843341087,0.0121647431826551,0.0001402399668361,20.48994178073052,0.7599352195249459,1.0000000003867424,1.4837139691821994,4.502300083854931,0.0,4.688573902381361,3.7633131033933016,3.782574498090296,1.0000000028868177,22.53960113748808,1221.920496490378,7.249541730897533,302.7106577576344,2.6239816647333654
0,200.0,23.70081955870116,0.9800000000000004,0.0064325374934771,0.0036782998235802,0.0,0.0071875657120402,0.0004149351894469,0.0011162468161313,0.001170414965324,301.56,78.71,0.6632179334129195,0.3011157357222864,34.21316516951017,2.67622833708315,1209.470139393195,16.670360960414463,0.982992397722382,0.0040286315074501,0.0033367707983257,0.0,0.0069887511683266,0.000396904023217,0.0010824092220511,0.0011741355582473,0.1327487435829408,0.6870614364316848,0.1003769751318248,0.0,0.0634788369877087,0.0055201817710353,0.0106968396244072,0.0001169864703979,20.30961106175017,0.7681369736247362,1.0000000010406696,1.4705545906914368,4.429290826029015,0.0,4.647192144383364,3.730745759283811,3.741814890823614,1.000000000283944,22.53960113748808,1221.920496490378,7.249541730897533,302.7106577576344,2.6239816647333654
0,200.0,27.204901428970828,0.9800000000000004,0.0064325374934771,0.0036782998235802,0.0,0.0071875657120402,0.0004149351894469,0.0011162468161313,0.001170414965324,301.56,78.71,0.6632179334129195,0.3456346262097678,34.21316516951017,2.67622833708315,1208.983816055593,17.478753567942164,0.9819449572737236,0.0048259920237316,0.0034787920826993,0.0,0.0070755407337903,0.0004046828409243,0.0010972028733844,0.0011728321717462,0.1183995169018837,0.7181193038572122,0.0920586299455417,0.0,0.0568137331775848,0.0049566434106137,0.0095525608125788,9.961189458490347e-05,20.14246102679722,0.7758362589461676,1.0000000011462278,1.4583677120014502,4.361729095925162,0.0,4.609668435261048,3.7008556447957135,3.704825634569686,1.000000000071795,22.53960113748808,1221.920496490378,7.249541730897533,302.7106577576344,2.6239816647333654
0,200.0,30.708983299240497,0.9800000000000004,0.0064325374934771,0.0036782998235802,0.0,0.0071875657120402,0.0004149351894469,0.0011162468161313,0.001170414965324,301.56,78.71,0.6632179334129195,0.3901535166972494,34.21316516951017,2.67622833708315,1208.5431190617105,18.24317090787859,0.9809532471186728,0.0056279784962117,0.0035895253713272,0.0,0.0071391483395335,0.0004104719809734,0.001108029368567,0.0011715993247142,0.1073174475128845,0.742993483345464,0.0849498967370989,0.0,0.051512898982087,0.0045009314506235,0.0086391891621581,8.615280968364631e-05,19.98448315894975,0.7831739328499502,1.000000001262311,1.446895785611692,4.298026390865911,0.0,4.574802653694687,3.672868021611233,3.6704817657474806,1.0000000002188083,22.53960113748808,1221.920496490378,7.249541730897533,302.7106577576344,2.6239816647333654
0,200.0,34.213065169510166,0.9800000000000004,0.0064325374934771,0.0036782998235802,0.0,0.0071875657120402,0.0004149351894469,0.0011162468161313,0.001170414965324,301.56,78.71,0.6632179334129195,0.4346724071847309,34.21316516951017,2.67622833708315,1208.1334592813903,18.97665708529501,0.9800000267471988,0.0064325145269207,0.0036782975422772,0.0,0.0071875644977677,0.0004149350768399,0.0011162466104464,0.0011704149985491,0.0985079128715658,0.7633281688180416,0.0788618939618776,0.0,0.0472056482863585,0.0041260582057296,0.0078948841410869,7.543371533972336e-05,19.83329475032788,0.7902187062697422,1.000000001313424,1.4360086063814446,4.237388216426472,0.0,4.541911435133882,3.646326259452404,3.638118834277301,1.0000000000466154,22.53960113748808,1221.920496490378,7.249541730897533,302.7106577576344,2.6239816647333654
0,205.0,3.422039686563335,0.9800000000000004,0.0064325374934771,0.0036782998235802,0.0,0.0071875657120402,0.0004149351894469,0.0011162468161313,0.001170414965324,301.56,78.71,0.6797983817482425,0.0434765555401262,32.56609058693096,3.4219396865633347,1205.593462769378,9.185221174841182,0.998493001586978,5.981303553529611e-06,2.0042291880044303e-05,0.0,0.0001277549815368,4.487614444130877e-06,1.650046290945742e-05,0.0013322317586979,0.979973004994758,0.0064419186054193,0.0036836399345828,0.0,0.0071978712120307,0.0004155343368804,0.0011178521617227,0.0011701787546058,21.134584503309945,0.71093426501699,1.0,1.5559001704038964,4.7715370130282695,0.0,4.500808911270064,3.7952553780561344,3.968506738236998,1.0003953454141306,21.15779579629945,1206.2779501886548,9.12387059747945,302.7106577576344,3.35468958110042
0,205.0,6.660256453270849,0.9800000000000004,0.0064325374934771,0.0036782998235802,0.0,0.0071875657120402,0.0004149351894469,0.0011162468161313,0.001170414965324,301.56,78.71,0.6797983817482425,0.0846176655224348,32.56609058693096,3.4219396865633347,1200.1111775780375,11.888472178597626,0.992504629891705,0.0004112143938871,0.0010463350589052,0.0,0.0040846549566364,0.0001837026255508,0.0005821319339181,0.0011873311393971,0.5233909938916504,0.2263023281047869,0.0997850079563538,0.0,0.1204909588022828,0.0088584374837852,0.0206195562005049,0.0005527175606356,20.424742238340414,0.7358709940688265,1.0,1.510126429387063,4.544577979888119,0.0,4.326561709766772,3.666732195038246,3.785076250510479,1.0000598949905626,21.15779579629945,1206.2779501886548,9.12387059747945,302.7106577576344,3.35468958110042
0,205.0,9.898473219978364,0.9800000000000004,0.0064325374934771,0.0036782998235802,0.0,0.0071875657120402,0.0004149351894469,0.0011162468161313,0.001170414965324,301.56,78.71,0.6797983817482425,0.1257587755047435,32.56609058693096,3.4219396865633347,1197.5093795197863,13.809068889276976,0.9891957051450307,0.0010018824676624,0.0018982119768004,0.0,0.005606608610025,0.0002826472040093,0.0008326625951897,0.0011822820012824,0.3632811849671281,0.3706446429873912,0.1230616043343545,0.0,0.113215975191822,0.0092869562400829,0.0201350955006853,0.0003745407785358,20.01408190928108,0.751625731027535,1.0,1.4836065009837558,4.409014546564952,0.0,4.230120242711399,3.594718567511661,3.685740273912921,1.0000000097014856,21.15779579629945,1206.2779501886548,9.12387059747945,302.7106577576344,3.35468958110042
0,205.0,13.136689986685877,0.9800000000000004,0.0064325374934771,0.0036782998235802,0.0,0.0071875657120402,0.0004149351894469,0.0011162468161313,0.001170414965324,301.56,78.71,0.6797983817482425,0.1668998854870521,32.56609058693096,3.4219396865633347,1196.0671206056288,15.208920486461851,0.9870892691143072,0.0016960359446385,0.0024756643253898,0.0,0.0062757531700421,0.0003341774282885,0.0009496683977102,0.0011794316196233,0.2812882886281421,0.4732576854379396,0.1222089259781591,0.0,0.0970549542110941,0.0083743443465383,0.017534059419363,0.0002817419787634,19.737207775200982,0.763032829686123,1.0,1.4655241388740596,4.313749980770798,0.0,4.168587341568657,3.547181187731735,3.622252825858879,1.0000000003897125,21.15779579629945,1206.2779501886548,9.12387059747945,302.7106577576344,3.35468958110042
0,205.0,16.37490675339339,0.9800000000000004,0.0064325374934771,0.0036782998235802,0.0,0.0071875657120402,0.0004149351894469,0.0011162468161313,0.001170414965324,301.56,78.71,0.6797983817482425,0.2080409954693608,32.56609058693096,3.4219396865633347,1195.109770466391,16.314981860177056,0.985515125923551,0.0024437129812279,0.0028619752584069,0.0,0.0066256437593677,0.0003635344904815,0.0010126239231737,0.0011773836637911,0.2313383124434545,0.5479034181410795,0.1144918941146419,0.0,0.0834667736928428,0.0073924248356376,0.0151827415773534,0.00022443519499,19.5225475729965,0.7723596167675162,1.0,1.451308790762999,4.2374362548324,0.0,4.123065414201743,3.510880829248656,3.575002992561576,1.0,21.15779579629945,1206.2779501886548,9.12387059747945,302.7106577576344,3.35468958110042
0,205.0,19.613123520100903,0.9800000000000004,0.0064325374934771,0.0036782998235802,0.0,0.0071875657120402,0.0004149351894469,0.0011162468161313,0.001170414965324,301.56,78.71,0.6797983817482425,0.2491821054516694,32.56609058693096,3.4219396865633347,1194.3861740999484,17.253588872852706,0.9842072724937349,0.0032200189174061,0.0031303387260798,0.0,0.0068340348203444,0.0003819169247679,0.0010507059728425,0.0011757121448242,0.1976910949150157,0.603774852153124,0.1055673138708157,0.0,0.0729238271992913,0.0065544192678478,0.0133030460852283,0.000185446508677,19.340423973043983,0.7805492296617806,1.0,1.439137625856247,4.171289965588807,0.0,4.085795500313215,3.480441101081603,3.5361631527256945,1.0,21.15779579629945,1206.2779501886548,9.12387059747945,302.7106577576344,3.35468958110042
0,205.0,22.85134028680842,0.9800000000000004,0.0064325374934771,0.0036782998235802,0.0,0.0071875657120402,0.0004149351894469,0.0011162468161313,0.001170414965324,301.56,78.71,0.6797983817482425,0.2903232154339781,32.56609058693096,3.4219396865633347,1193.789720361406,18.091376327436123,0.983047990303954,0.0040124292854463,0.0033250855416351,0.0,0.0069701200746788,0.0003943248137368,0.0010758058371686,0.00117424414338,0.1734830120423546,0.6468080596664594,0.0971409720664719,0.0,0.0647250192471505,0.0058685674128714,0.0118171786729934,0.0001571908916986,19.177279036428487,0.7880538363820854,1.0,1.428103280116703,4.111383936010974,0.0,4.053315910584485,3.4535003106862665,3.502215376307072,1.0,21.15779579629945,1206.2779501886548,9.12387059747945,302.7106577576344,3.35468958110042
0,205.0,26.08955705351593,0.9800000000000004,0.0064325374934771,0.0036782998235802,0.0,0.0071875657120402,0.0004149351894469,0.0011162468161313,0.001170414965324,301.56,78.71,0.6797983817482425,0.3314643254162868,32.56609058693096,3.4219396865633347,1193.2691814031475,18.86480540448733,0.9819791398222992,0.004814263565239,0.003472017586886,0.0,0.0070650682987627,0.0004031931620416,0.0010934198380495,0.0011728977267215,0.1552355949585687,0.6808137603758709,0.0896420323000538,0.0,0.0582357559624353,0.0053081752414105,0.0106289041758294,0.000135776985831,19.026275867009907,0.7951049487487758,1.0,1.4179379646871335,4.055789810732258,0.0,4.023890074730805,3.428797398205776,3.471389190461733,1.0,21.15779579629945,1206.2779501886548,9.12387059747945,302.7106577576344,3.35468958110042
0,205.0,29.327773820223445,0.9800000000000004,0.0064325374934771,0.0036782998235802,0.0,0.0071875657120402,0.0004149351894469,0.0011162468161313,0.001170414965324,301.56,78.71,0.6797983817482425,0.3726054353985954,32.56609058693096,3.4219396865633347,1192.797358213758,19.594964569703198,0.9809692612534152,0.0056217216756025,0.0035865558841974,0.0,0.0071346422406452,0.000409816187429,0.0011063731407537,0.0011716296179566,0.1409952132714068,0.7082849533980397,0.0830930128581636,0.0,0.0529987911934792,0.0048460080102556,0.0096630249682083,0.0001189963004466,18.883655593259984,0.8018381868904577,1.0000000000304,1.4082865822250712,4.003453659191894,0.0,3.996568417998644,3.4056502726044067,3.442736491879524,1.0000000000182951,21.15779579629945,1206.2779501886548,9.12387059747945,302.7106577576344,3.35468958110042
0,205.0,32.56599058693096,0.9800000000000004,0.0064325374934771,0.0036782998235802,0.0,0.0071875657120402,0.0004149351894469,0.0011162468161313,0.001170414965324,301.56,78.71,0.6797983817482425,0.4137465453809041,32.56609058693096,3.4219396865633347,1192.35862387333,20.29472950950073,0.980000029411821,0.0064325124378431,0.0036782972740275,0.0,0.0071875642764778,0.0004149350495404,0.0011162465481357,0.001170415002154,0.1295791361241041,0.7308975066558661,0.0773967121281854,0.0,0.0486957792267003,0.0044602272341099,0.0088651384588156,0.0001055001722181,18.747204957673336,0.8083077189852311,1.0000000007653431,1.399130256880009,3.95355089265248,0.0,3.9707929597083553,3.3836723631554846,3.4156973157734667,1.000000000092463,21.15779579629945,1206.2779501886548,9.12387059747945,302.7106577576344,3.35468958110042
0,210.0,4.318921994070702,0.9800000000000004,0.0064325374934771,0.0036782998235802,0.0,0.0071875657120402,0.0004149351894469,0.0011162468161313,0.001170414965324,301.56,78.71,0.6963788300835655,0.054871325042189,31.3434840483734,4.318821994070702,1189.564138302169,11.432364823033009,0.9984144469896477,8.299385099227678e-06,2.680869200185009e-05,0.0,0.0001625164743679,5.500180689545989e-06,1.9465352673783105e-05,0.0013629629255201,0.9799788642642469,0.0064399111061168,0.0036824909324256,0.0,0.0071956289237362,0.0004154051308009,0.0011175056800659,0.0011701939626075,19.76845602890948,0.7408891673473378,1.0,1.4917437109021354,4.3487611954709,0.0,3.9016019110128175,3.4756843738243086,3.6544178416341424,1.0000000024529274,19.793904820789816,1190.2941504876192,11.354703713715036,302.7106577576344,4.233266563955471
0,210.0,7.321640000104335,0.9800000000000004,0.0064325374934771,0.0036782998235802,0.0,0.0071875657120402,0.0004149351894469,0.0011162468161313,0.001170414965324,301.56,78.71,0.6963788300835655,0.093020454835527,31.3434840483734,4.318821994070702,1184.350996627501,13.96143827682223,0.9927443017687398,0.0004094275849644,0.0010176464196866,0.0,0.0039324959334096,0.0001709471609952,0.0005364036709738,0.0011887774612302,0.598854629396744,0.1865664122181981,0.0832507821828161,0.0,0.1045373303071317,0.0077119145936137,0.0184576857166846,0.0006212455848113,19.159198699488503,0.7630948861859317,1.0,1.4554078938221289,4.171126621773023,0.0,3.7720360369946646,3.3756279050057296,3.5126303530688068,1.0,19.793904820789816,1190.2941504876192,11.354703713715036,302.7106577576344,4.233266563955471
0,210.0,10.324358006137969,0.9800000000000004,0.0064325374934771,0.0036782998235802,0.0,0.0071875657120402,0.0004149351894469,0.0011162468161313,0.001170414965324,301.56,78.71,0.6963788300835655,0.131169584628865,31.3434840483734,4.318821994070702,1181.7067859648143,15.802261359239644,0.9894186327457308,0.000990618250623,0.0018554377878669,0.0,0.005487522994181,0.0002702798379489,0.0007945146072688,0.0011829937763802,0.4371792465705025,0.3200647581411655,0.108734667381011,0.0,0.1051655306548766,0.0087518062627265,0.0196585262246146,0.000445464765103,18.79044977648011,0.7776285669531816,1.0,1.4334160051594662,4.060510806241188,0.0,3.697103219056512,3.316444546655988,3.4317180532685705,1.0,19.793904820789816,1190.2941504876192,11.354703713715036,302.7106577576344,4.233266563955471
0,210.0,13.327076012171602,0.9800000000000004,0.0064325374934771,0.0036782998235802,0.0,0.0071875657120402,0.0004149351894469,0.0011162468161313,0.001170414965324,301.56,78.71,0.6963788300835655,0.169318714422203,31.3434840483734,4.318821994070702,1180.1941992579682,17.160298903400726,0.9872573517374555,0.0016786371043501,0.0024377944126069,0.0,0.0061978927679344,0.000325056111239,0.0009234020074193,0.0011798658589944,0.3474117733436466,0.420807026377392,0.1118071526715394,0.0,0.0934525664078929,0.0082492594379941,0.0179255954568143,0.0003466263047203,18.538068165772412,0.7882489725806189,1.0,1.4182291323684422,3.981939883205378,0.0,3.648253230398745,3.276793321723638,3.378869444962372,1.0,19.793904820789816,1190.2941504876192,11.354703713715036,302.7106577576344,4.233266563955471
0,210.0,16.329794018205234,0.9800000000000004,0.0064325374934771,0.0036782998235802,0.0,0.0071875657120402,0.0004149351894469,0.0011162468161313,0.001170414965324,301.56,78.71,0.6963788300835655,0.207467844215541,31.3434840483734,4.318821994070702,1179.1787861172943,18.236072380380516,0.9856371892319936,0.0024241911393407,0.0028332477116682,0.0,0.0065754602975153,0.0003572058868668,0.0009950378066785,0.0011776679259364,0.2901707766008465,0.4969384152979216,0.1070882827249174,0.0,0.0820915977327638,0.0074793352525383,0.0159487304207626,0.0002828619702494,18.34217908583972,0.7969181255925705,1.0,1.4062830508235196,3.918941117416264,0.0,3.611983539641852,3.246544103437844,3.339324155719138,1.0,19.793904820789816,1190.2941504876192,11.354703713715036,302.7106577576344,4.233266563955471
0,210.0,19.33251202423887,0.9800000000000004,0.0064325374934771,0.0036782998235802,0.0,0.0071875657120402,0.0004149351894469,0.0011162468161313,0.001170414965324,301.56,78.71,0.6963788300835655,0.245616974008879,31.3434840483734,4.318821994070702,1178.4086397141264,19.147968576978258,0.9842939898181112,0.0032013230295345,0.0031100998989336,0.0,0.006801912179295,0.0003776589904633,0.0010391143331118,0.0011759017505504,0.2504527061213515,0.5554146888177152,0.1002152584487666,0.0,0.0727099593614826,0.0067481477135812,0.014221027367694,0.0002382121694087,18.1763592977163,0.8044897542237806,1.0,1.3960959258021042,3.8644032800540455,0.0,3.582368621740063,3.221208384278004,3.3067822828695927,1.0,19.793904820789816,1190.2941504876192,11.354703713715036,302.7106577576344,4.233266563955471
0,210.0,22.335230030272506,0.9800000000000004,0.0064325374934771,0.0036782998235802,0.0,0.0071875657120402,0.0004149351894469,0.0011162468161313,0.001170414965324,301.56,78.71,0.6963788300835655,0.283766103802217,31.3434840483734,4.318821994070702,1177.77334068883,19.96031576265418,0.9831069641521076,0.0039965945264511,0.0033117827504809,0.0,0.0069502400117999,0.0003915915727214,0.0010684593947343,0.0011743675917044,0.2212727658573429,0.601294975364615,0.093182546259768,0.0,0.065143004950737,0.0061154958930455,0.0127860364526575,0.0002051752218341,18.02817494280749,0.8114422110209596,1.0,1.386863507461469,3.815039023513361,0.0,3.556635158777239,3.198765491661597,3.2783360207232546,1.0,19.793904820789816,1190.2941504876192,11.354703713715036,302.7106577576344,4.233266563955471
0,210.0,25.337948036306138,0.9800000000000004,0.0064325374934771,0.0036782998235802,0.0,0.0071875657120402,0.0004149351894469,0.0011162468161313,0.001170414965324,301.56,78.71,0.6963788300835655,0.3219152335955551,31.3434840483734,4.318821994070702,1177.218944209497,20.708861365247007,0.98201543439181,0.0048027266875314,0.0034642124555909,0.0,0.0070538561790979,0.0004016069702314,0.0010891920491876,0.0011729712665505,0.1989306826655869,0.638055783954587,0.086646554729248,0.0,0.0590058804340341,0.0055802053298266,0.0116011568847334,0.0001797360019838,17.891256762325202,0.8179563303673071,1.0,1.378342565916571,3.769159746165717,0.0,3.533370126028495,3.178189592832568,3.2525138989782243,1.0,19.793904820789816,1190.2941504876192,11.354703713715036,302.7106577576344,4.233266563955471
0,210.0,28.34066604233977,0.9800000000000004,0.0064325374934771,0.0036782998235802,0.0,0.0071875657120402,0.0004149351894469,0.0011162468161313,0.001170414965324,301.56,78.71,0.6963788300835655,0.360064363388893,31.3434840483734,4.318821994070702,1176.7165481538518,21.41445521389594,0.9809862597363304,0.0056155425871951,0.003583097527418,0.0,0.0071298049478336,0.0004091155918984,0.0011045164202631,0.0011716631890612,0.1812802285912373,0.6680736455609062,0.0807776210542985,0.0,0.0539649638801218,0.0051279204734997,0.0106160760813699,0.0001595443585662,17.762075620995926,0.8241624324512963,1.0,1.3702367467562673,3.725930549911933,0.0,3.5117946945349234,3.1589155971551786,3.2285068870671303,1.0,19.793904820789816,1190.2941504876192,11.354703713715036,302.7106577576344,4.233266563955471
0,210.0,31.3433840483734,0.9800000000000004,0.0064325374934771,0.0036782998235802,0.0,0.0071875657120402,0.0004149351894469,0.0011162468161313,0.001170414965324,301.56,78.71,0.6963788300835655,0.398213493182231,31.3434840483734,4.318821994070702,1176.2494610442989,22.08988857798472,0.9800000322542152,0.0064325102557283,0.003678296971376,0.0,0.007187564022803,0.0004149350177185,0.00111624647208,0.001170415006079,0.1669897945413548,0.6929960746130365,0.0755718822213209,0.0,0.0497670260431834,0.0047435761937085,0.0097885154981404,0.0001431308892556,17.638547761688503,0.8301413317839711,1.0000000004589156,1.362543903899829,3.684700842009167,0.0,3.4914830782543524,3.1406094220332714,3.205838627943084,1.0,19.793904820789816,1190.2941504876192,11.354703713715036,302.7106577576344,4.233266563955471
0,215.0,5.3861474470265005,0.9800000000000004,0.0064325374934771,0.0036782998235802,0.0,0.0071875657120402,0.0004149351894469,0.0011162468161313,0.001170414965324,301.56,78.71,0.7129592784188884,0.0684302813750031,30.51842450028874,5.386047447026501,1173.125665062142,14.087022434594823,0.9983297478253628,1.1373927796361976e-05,3.529809272921076e-05,0.0,0.0002044228469783,6.7056629325760246e-06,2.2855119991367225e-05,0.0013895965242094,0.9799832703910392,0.0064383981063208,0.0036816248008238,0.0,0.0071939392448658,0.0004153077816074,0.0011172447576028,0.0011702149177397,18.420242300068495,0.7731415437904468,1.0,1.433753174912351,3.973853154223924,0.0,3.407687948630693,3.191071965360909,3.375072594440646,1.0000000002703353,18.448205290897207,1173.908539729092,13.989350648063478,302.7106577576344,5.278346606766283
0,215.0,8.178611564055638,0.9800000000000004,0.0064325374934771,0.0036782998235802,0.0,0.0071875657120402,0.0004149351894469,0.0011162468161313,0.001170414965324,301.56,78.71,0.7129592784188884,0.1039081636901999,30.51842450028874,5.386047447026501,1168.1692811980838,16.4652789564388,0.9929634337448304,0.0004095370128011,0.000990757228594,0.0,0.003791410269821,0.0001596817411395,0.000494540006358,0.0011906399964558,0.6664770894453131,0.1520998566732357,0.0686769871471291,0.0,0.0893241785801647,0.0065882844437942,0.0161523346574047,0.0006812690529582,17.895920336550024,0.7931046271981131,1.0,1.404798835136088,3.834172079813349,0.0,3.3107986411898245,3.1123003631580306,3.264959201243794,1.0,18.448205290897207,1173.908539729092,13.989350648063478,302.7106577576344,5.278346606766283
0,215.0,10.971075681084775,0.9800000000000004,0.0064325374934771,0.0036782998235802,0.0,0.0071875657120402,0.0004149351894469,0.0011162468161313,0.001170414965324,301.56,78.71,0.7129592784188884,0.1393860460053967,30.51842450028874,5.386047447026501,1165.498686557244,18.2379036786338,0.9896392173262518,0.000981707640787,0.0018121244267991,0.0,0.0053685428974746,0.0002583880868222,0.0007561455809471,0.0011838740409178,0.5105057748582545,0.2719243353699099,0.0945734982858205,0.0,0.0957861186789669,0.0080398240323175,0.0186555806295659,0.0005148681451646,17.565010451911096,0.8066222855227771,1.0,1.3864697659998595,3.743626424444865,0.0,3.2520260504117533,3.0637726408874943,3.19867254418304,1.0,18.448205290897207,1173.908539729092,13.989350648063478,302.7106577576344,5.278346606766283
0,215.0,13.763539798113914,0.9800000000000004,0.0064325374934771,0.0036782998235802,0.0,0.0071875657120402,0.0004149351894469,0.0011162468161313,0.001170414965324,301.56,78.71,0.7129592784188884,0.1748639283205935,30.51842450028874,5.386047447026501,1163.9212326940442,19.56422048190928,0.9874296864420664,0.001663158247179,0.0023977288003335,0.0,0.0061174261330658,0.0003158848392119,0.0008957244609601,0.0011803910771829,0.4168049129597504,0.3679674394966654,0.100749867314662,0.0,0.0883077257652671,0.0079232830930778,0.0178325790575216,0.0004141923130555,17.334660613751687,0.8165958882376699,1.0,1.3736456519989642,3.678522201034193,0.0,3.2129807242294834,3.030624848310693,3.1544118878121585,1.0,18.448205290897207,1173.908539729092,13.989350648063478,302.7106577576344,5.278346606766283
0,215.0,16.55600391514305,0.9800000000000004,0.0064325374934771,0.0036782998235802,0.0,0.0071875657120402,0.0004149351894469,0.0011162468161313,0.001170414965324,301.56,78.71,0.7129592784188884,0.2103418106357902,30.51842450028874,5.386047447026501,1162.8487639404725,20.61945105675524,0.9857644817300584,0.0024059996553733,0.0028020282088985,0.0,0.0065227383347412,0.0003506898107262,0.0009760563149542,0.0011780059452478,0.3541357940807665,0.4436038261989258,0.0988173017277002,0.0,0.0793695376657261,0.0073902167186284,0.0163370803281975,0.000346243280055,17.155378193502937,0.8247119504785175,1.0,1.363571833050786,3.626198746827769,0.0,3.1839378418313133,3.0051764720589493,3.121095051136103,1.0,18.448205290897207,1173.908539729092,13.989350648063478,302.7106577576344,5.278346606766283
0,215.0,19.34846803217219,0.9800000000000004,0.0064325374934771,0.0036782998235802,0.0,0.0071875657120402,0.0004149351894469,0.0011162468161313,0.001170414965324,301.56,78.71,0.7129592784188884,0.245819692950987,30.51842450028874,5.386047447026501,1162.0319793635554,21.51387356301766,0.9843851801600004,0.003183473937205,0.0030877100692943,0.0,0.0067678641465432,0.0003732152335783,0.0010264326633572,0.001176123790021,0.3092267120149652,0.5034212506123379,0.0940170811001375,0.0,0.0713866610260295,0.00679657310431,0.0148545500022478,0.0002971721399716,17.003876871547728,0.8318262254775598,1.0,1.3549525900907335,3.5809711063336045,0.0,3.1602904778333296,2.983896452532249,3.093668547870974,1.0,18.448205290897207,1173.908539729092,13.989350648063478,302.7106577576344,5.278346606766283
0,215.0,22.140932149201326,0.9800000000000004,0.0064325374934771,0.0036782998235802,0.0,0.0071875657120402,0.0004149351894469,0.0011162468161313,0.001170414965324,301.56,78.71,0.7129592784188884,0.2812975752661838,30.51842450028874,5.386047447026501,1161.357640346342,22.309525012600066,0.983169230927974,0.0039812599955405,0.0032968735703539,0.0,0.0069290547761842,0.000388715235709,0.0010603553950008,0.0011745100992372,0.2754537823685009,0.5513717763139889,0.0884725070376697,0.0,0.0646566824198382,0.0062438475193731,0.0135413714758445,0.0002600328647845,16.868810437276824,0.8383162981134064,1.0,1.347246664843721,3.540079746925721,0.0,3.139792457136617,2.9650865823341506,3.069715896525887,1.0,18.448205290897207,1173.908539729092,13.989350648063478,302.7106577576344,5.278346606766283
0,215.0,24.933396266230467,0.9800000000000004,0.0064325374934771,0.0036782998235802,0.0,0.0071875657120402,0.0004149351894469,0.0011162468161313,0.001170414965324,301.56,78.71,0.7129592784188884,0.3167754575813806,30.51842450028874,5.386047447026501,1160.76933261707,23.041533331823985,0.982053821377436,0.0047914538022852,0.0034553740617926,0.0,0.0070418642088675,0.0003999285920065,0.0010845029385193,0.0011730550190926,0.2491317962551654,0.5904248470261606,0.0830081543455792,0.0,0.0590365712179063,0.0057551488204926,0.0124125508983984,0.0002309314362973,16.744255335982388,0.8443945446011079,1.0,1.3400523038139187,3.502086839417616,0.0,3.121298351402436,2.947868270110119,3.0479896440514502,1.0,18.448205290897207,1173.908539729092,13.989350648063478,302.7106577576344,5.278346606766283
0,215.0,27.7258603832596,0.9800000000000004,0.0064325374934771,0.0036782998235802,0.0,0.0071875657120402,0.0004149351894469,0.0011162468161313,0.001170414965324,301.56,78.71,0.7129592784188884,0.3522533398965773,30.51842450028874,5.386047447026501,1160.236490379499,23.7306008900132,0.9810042450690258,0.0056094694577413,0.0035791468345294,0.0,0.0071246169067911,0.0004083714603855,0.0011024493343036,0.0011717009372229,0.2280437397970576,0.6227274849458335,0.0779218416981915,0.0,0.0543222240133753,0.005329708794225,0.0114474927991511,0.0002075079521657,16.626894870075425,0.8501856293332921,1.0,1.333291208068328,3.4662615243078365,0.0,3.104169977284845,2.9317525707846808,3.027796495709465,1.0,18.448205290897207,1173.908539729092,13.989350648063478,302.7106577576344,5.278346606766283
0,215.0,30.51832450028874,0.9800000000000004,0.0064325374934771,0.0036782998235802,0.0,0.0071875657120402,0.0004149351894469,0.0011162468161313,0.001170414965324,301.56,78.71,0.7129592784188884,0.3877312222117741,30.51842450028874,5.386047447026501,1159.741342756224,24.38950440110357,0.980000035316562,0.0064325079540432,0.0036782966272507,0.0,0.0071875637311561,0.0004149349807654,0.0011162463798051,0.0011704150104171,0.2107745378547051,0.6498271254184836,0.0732971373967252,0.0,0.0503329441150253,0.004960198800625,0.0106198099994608,0.0001882464149745,16.514753189760242,0.8557632902470765,1.0,1.326794311210967,3.4320656961706693,0.0,3.088028824628332,2.916449216297321,3.0087248564793545,1.0,18.448205290897207,1173.908539729092,13.989350648063478,302.7106577576344,5.278346606766283
0,220.0,6.643803075067065,0.9800000000000004,0.0064325374934771,0.0036782998235802,0.0,0.0071875657120402,0.0004149351894469,0.0011162468161313,0.001170414965324,301.56,78.71,0.7295397267542114,0.0844086275577063,30.07330258176908,6.643703075067065,1156.209366094858,17.20271766370343,0.9982370842458768,1.541751284509029e-05,4.58190998165328e-05,0.0,0.0002544962424472,8.137528375505362e-06,2.672937091077433e-05,0.0014123159997278,0.9799866269615648,0.0064372430917508,0.0036809634787829,0.0,0.0071926496499791,0.000415233489366,0.0011170457464029,0.0011702375821531,17.090385939818155,0.8079716795460434,1.0,1.3812371168902025,3.640205606473588,0.0,2.997811290103278,2.9362934775504392,3.125433305701439,1.0,17.121140165384258,1157.0541060432145,17.08052563899556,302.7106577576344,6.509407158415541
0,220.0,9.247069686922844,0.9800000000000004,0.0064325374934771,0.0036782998235802,0.0,0.0071875657120402,0.0004149351894469,0.0011162468161313,0.001170414965324,301.56,78.71,0.7295397267542114,0.1174827809290159,30.07330258176908,6.643703075067065,1151.4974473098723,19.45026911304857,0.9931604442858458,0.0004117029509082,0.0009660199480715,0.0,0.0036621474634171,0.0001498542592904,0.0004568078675607,0.0011930232249057,0.7249891148554773,0.123098685889434,0.0562343440414049,0.0,0.0754998512670902,0.0055514276334619,0.0138942432364041,0.0007323330767271,16.638213465205567,0.826116134967205,1.0,1.3580241575765633,3.5296862273568985,0.0,2.9248334045376243,2.8742406809007237,3.039241975397616,1.0,17.121140165384258,1157.0541060432145,17.08052563899556,302.7106577576344,6.509407158415541
0,220.0,11.850336298778622,0.9800000000000004,0.0064325374934771,0.0036782998235802,0.0,0.0071875657120402,0.0004149351894469,0.0011162468161313,0.001170414965324,301.56,78.71,0.7295397267542114,0.1505569343003255,30.07330258176908,6.643703075067065,1148.8151378037817,21.16427537806456,0.9898547016174184,0.0009754393783273,0.0017688695997377,0.0,0.005250693060081,0.0002471058261537,0.0007182213487226,0.001184969169559,0.5802717300470562,0.2277843828580016,0.081128969524565,0.0,0.0857513603700507,0.0072224615500531,0.0172610310684789,0.0005800645817944,16.34159304318364,0.8387693257441875,1.0,1.3427296837231928,3.4555147242663966,0.0,2.8787611532671846,2.834225092787154,2.9849462698146234,1.0,17.121140165384258,1157.0541060432145,17.08052563899556,302.7106577576344,6.509407158415541
0,220.0,14.453602910634402,0.9800000000000004,0.0064325374934771,0.0036782998235802,0.0,0.0071875657120402,0.0004149351894469,0.0011162468161313,0.001170414965324,301.56,78.71,0.7295397267542114,0.1836310876716351,30.07330258176908,6.643703075067065,1147.1787560157702,22.466986720734983,0.9876046349030796,0.0016499703995868,0.002355881566823,0.0,0.0060347309732564,0.000306768071519,0.0008669812988899,0.0011810327868451,0.4866681545964844,0.3166897267294359,0.0894669073393891,0.0,0.0819748627194488,0.0074320089318964,0.017286729578736,0.0004816101046091,16.13128163345886,0.8482391057437105,1.0,1.3318385829337582,3.401240879903876,0.0,2.847499655131665,2.8063516002879987,2.947829423242474,1.0,17.121140165384258,1157.0541060432145,17.08052563899556,302.7106577576344,6.509407158415541
0,220.0,17.05686952249018,0.9800000000000004,0.0064325374934771,0.0036782998235802,0.0,0.0071875657120402,0.0004149351894469,0.0011162468161313,0.001170414965324,301.56,78.71,0.7295397267542114,0.2167052410429447,30.07330258176908,6.643703075067065,1146.0504096083148,23.509729098894447,0.9858962175399948,0.0023894810272982,0.0027685052552482,0.0,0.0064675337612816,0.0003440422942868,0.0009558070055954,0.0011784131162946,0.4209963703222454,0.3897432318930175,0.0899333374827113,0.0,0.0754517488477125,0.0071360891231416,0.0163270893310181,0.0004121330001533,15.966868195019826,0.8559579592409051,1.0,1.3232654174360787,3.3575358977988428,0.0,2.824061980958464,2.784854609246973,2.9196685953950468,1.0,17.121140165384258,1157.0541060432145,17.08052563899556,302.7106577576344,6.509407158415541
0,220.0,19.66013613434596,0.9800000000000004,0.0064325374934771,0.0036782998235802,0.0,0.0071875657120402,0.0004149351894469,0.0011162468161313,0.001170414965324,301.56,78.71,0.7295397267542114,0.2497793944142544,30.07330258176908,6.643703075067065,1145.1867395947493,24.394434792111237,0.9844804971698548,0.0031667382548679,0.0030632287765945,0.0,0.0067318440578607,0.0003686125612357,0.0010126913954372,0.0011763877841486,0.3723213935601173,0.4493647066247873,0.0870988450274636,0.0,0.0689959519776271,0.0066975572045608,0.0151612090939838,0.0003603365114598,15.828062542981703,0.8626733785675932,1.0,1.3159895589686064,3.3198152848490032,0.0,2.8049632862334715,2.766895253731912,2.8964546314278947,1.0,17.121140165384258,1157.0541060432145,17.08052563899556,302.7106577576344,6.509407158415541
0,220.0,22.263402746201734,0.9800000000000004,0.0064325374934771,0.0036782998235802,0.0,0.0071875657120402,0.0004149351894469,0.0011162468161313,0.001170414965324,301.56,78.71,0.7295397267542114,0.282853547785564,30.07330258176908,6.643703075067065,1144.4728521599764,25.180764022655996,0.9832346521237088,0.0039666092240337,0.0032803621800745,0.0,0.0069065026739349,0.0003857077393894,0.0010514886471219,0.0011746774117365,0.3347846750529302,0.4983106897075391,0.0830548312537357,0.0,0.0632511461300135,0.0062449280186607,0.0140335440902535,0.0003201857468672,15.704588184739508,0.8687937266822765,1.0,1.309472306391562,3.285766007416904,0.0,2.788447847543046,2.751054143188081,2.876192020116356,1.0,17.121140165384258,1157.0541060432145,17.08052563899556,302.7106577576344,6.509407158415541
0,220.0,24.86666935805752,0.9800000000000004,0.0064325374934771,0.0036782998235802,0.0,0.0071875657120402,0.0004149351894469,0.0011162468161313,0.001170414965324,301.56,78.71,0.7295397267542114,0.3159277011568736,30.07330258176908,6.643703075067065,1143.850205714952,25.903271087022503,0.9820942556683424,0.0047805538480033,0.0034454905713561,0.0,0.0070290457027211,0.0003981626722827,0.0010793393873862,0.001173152149908,0.3049530947814469,0.538920745216246,0.0787203147961238,0.0,0.0582837347823542,0.0058212645004136,0.0130127148217041,0.0002881311017112,15.590957452382517,0.8745188924952899,1.0,1.303433253170075,3.2541931424884973,0.0,2.773582549753201,2.736580010012633,2.857826769790888,1.0,17.121140165384258,1157.0541060432145,17.08052563899556,302.7106577576344,6.509407158415541
0,220.0,27.469935969913298,0.9800000000000004,0.0064325374934771,0.0036782998235802,0.0,0.0071875657120402,0.0004149351894469,0.0011162468161313,0.001170414965324,301.56,78.71,0.7295397267542114,0.3490018545281832,30.07330258176908,6.643703075067065,1143.2866508964253,26.582584265316893,0.9810232091549752,0.0056035498297163,0.0035746942351343,0.0,0.0071190546332478,0.0004075850988443,0.0011001628529489,0.0011717441951328,0.2806772948153512,0.5730125888614145,0.0744885931364326,0.0,0.0540121594163166,0.0054384293778288,0.0121089950612943,0.0002619393313617,15.484056451663388,0.8799731216791862,1.0,1.297731516665635,3.2244085698335225,0.0,2.759840253326985,2.7230492029551816,2.8407651489613803,1.0,17.121140165384258,1157.0541060432145,17.08052563899556,302.7106577576344,6.509407158415541
0,220.0,30.07320258176908,0.9800000000000004,0.0064325374934771,0.0036782998235802,0.0,0.0071875657120402,0.0004149351894469,0.0011162468161313,0.001170414965324,301.56,78.71,0.7295397267542114,0.3820760078994928,30.07330258176908,6.643703075067065,1142.763338660726,27.23152876952704,0.9800000385731412,0.0064325055647128,0.0036782962400726,0.0,0.0071875633990558,0.0004149349384265,0.0011162462693904,0.0011704150152002,0.2605413223236362,0.6019615993214722,0.0705171818986262,0.0,0.0503288969856591,0.0050969178994255,0.0113139493514576,0.0002401322197231,15.382015704650769,0.8852241952203961,1.0,1.292280450331977,3.1959402576316687,0.0,2.746905660301385,2.710208321362918,2.824652159211152,1.0,17.121140165384258,1157.0541060432145,17.08052563899556,302.7106577576344,6.509407158415541
0,225.0,8.112864396926536,0.9800000000000004,0.0064325374934771,0.0036782998235802,0.0,0.0071875657120402,0.0004149351894469,0.0011162468161313,0.001170414965324,301.56,78.71,0.7461201750895344,0.1030728547443341,29.99785199750133,8.112764396926536,1138.7380453063995,20.839846627921556,0.99813441816727,2.069932364591542e-05,5.872135290061913e-05,0.0,0.0003138589737305,9.835663313836854e-06,3.1160322124089555e-05,0.0014313061970148,0.979989214953338,0.0064363507933147,0.0036804524883276,0.0,0.0071916536980583,0.0004151761134871,0.0011168921474765,0.0011702598059975,15.77950662861022,0.8457802688551369,1.0,1.3335362317456203,3.341953048959304,0.0,2.6557657741085103,2.7078612797326294,2.9013907045262477,1.0,15.813326197117547,1139.6555629264626,20.687604017864448,302.7106577576344,7.946729358776584
0,225.0,10.54451857476818,0.9800000000000004,0.0064325374934771,0.0036782998235802,0.0,0.0071875657120402,0.0004149351894469,0.0011162468161313,0.001170414965324,301.56,78.71,0.7461201750895344,0.1339666951437959,29.99785199750133,8.112764396926536,1134.2586483816622,22.97417613767052,0.9933339013927196,0.0004161474079055,0.0009438032738378,0.0,0.0035454107770624,0.0001413980663299,0.0004232982867104,0.0011960407954343,0.7742758959940885,0.0992573172222446,0.0458678913042988,0.0,0.0633811011658224,0.0046352438529205,0.0118075074711075,0.0007750429895173,15.388983677030772,0.8624374818688239,1.0,1.3148656255953226,3.2541836049313484,0.0,2.6004752935883717,2.658527947574874,2.833345591501204,1.0,15.813326197117547,1139.6555629264626,20.687604017864448,302.7106577576344,7.946729358776584
0,225.0,12.976172752609823,0.9800000000000004,0.0064325374934771,0.0036782998235802,0.0,0.0071875657120402,0.0004149351894469,0.0011162468161313,0.001170414965324,301.56,78.71,0.7461201750895344,0.1648605355432578,29.99785199750133,8.112764396926536,1131.5777882729892,24.637724854327114,0.9900622998964186,0.0009721376406061,0.0017262772414828,0.0,0.0051350482931629,0.0002365419765139,0.0006813608699823,0.0011863340818332,0.6442696011321806,0.1886197351971262,0.0688078752519372,0.0,0.075670168975346,0.0063670559918317,0.0156262925974695,0.0006392708541084,15.123523486568864,0.8743912944787653,1.0,1.3020650694954297,3.19323887679982,0.0,2.56417556086054,2.6254979098214988,2.7887124888249324,1.0,15.813326197117547,1139.6555629264626,20.687604017864448,302.7106577576344,7.946729358776584
0,225.0,15.407826930451469,0.9800000000000004,0.0064325374934771,0.0036782998235802,0.0,0.0071875657120402,0.0004149351894469,0.0011162468161313,0.001170414965324,301.56,78.71,0.7461201750895344,0.1957543759427197,29.99785199750133,8.112764396926536,1129.8887746729768,25.9234855566077,0.9877803353054048,0.0016394916902935,0.0023127120343613,0.0,0.0059502696151633,0.0002978076619646,0.0008375614556386,0.0011818222371737,0.5543612045426101,0.2686456892611182,0.0783855095874937,0.0,0.0748763219964861,0.0068226307135457,0.0163622865426348,0.0005463573561111,14.931620358471733,0.8834653630257818,1.0,1.2927864056527447,3.1478331191863904,0.0,2.538996358014619,2.6020533520210467,2.757500215496143,1.0,15.813326197117547,1139.6555629264626,20.687604017864448,302.7106577576344,7.946729358776584
0,225.0,17.83948110829311,0.9800000000000004,0.0064325374934771,0.0036782998235802,0.0,0.0071875657120402,0.0004149351894469,0.0011162468161313,0.001170414965324,301.56,78.71,0.7461201750895344,0.2266482163421815,29.99785199750133,8.112764396926536,1128.705949142451,26.96055435640884,0.986031427614537,0.0023750376506787,0.0027329028763368,0.0,0.0064099433789411,0.000337322142931,0.0009344576009256,0.0011789087356494,0.4883013747005204,0.3372111229892816,0.0807496681678685,0.0,0.0705814844694187,0.006742164945992,0.0159362053605192,0.0004779793663993,14.78068035794838,0.8908721576812709,1.0,1.2854661225345836,3.111140793999068,0.0,2.519969153458017,2.58386933503012,2.7336013721940837,1.0,15.813326197117547,1139.6555629264626,20.687604017864448,302.7106577576344,7.946729358776584
0,225.0,20.271135286134754,0.9800000000000004,0.0064325374934771,0.0036782998235802,0.0,0.0071875657120402,0.0004149351894469,0.0011162468161313,0.001170414965324,301.56,78.71,0.7461201750895344,0.2575420567416434,29.99785199750133,8.112764396926536,1127.7950449184336,27.842250491436605,0.9845794837307552,0.0031514420053286,0.0030367294128987,0.0,0.0066938148460234,0.000363880063766,0.0009979440111773,0.0011767059300508,0.4376469359700588,0.3950161193984276,0.0796601568366842,0.0,0.0656629989258815,0.0064614473020471,0.0151269721560293,0.0004253694108712,14.653247718644648,0.8973235304087254,1.0,1.279244017566758,3.0795080740825944,0.0,2.504452180485487,2.5686718592314968,2.7138591556933784,1.0,15.813326197117547,1139.6555629264626,20.687604017864448,302.7106577576344,7.946729358776584
0,225.0,22.7027894639764,0.9800000000000004,0.0064325374934771,0.0036782998235802,0.0,0.0071875657120402,0.0004149351894469,0.0011162468161313,0.001170414965324,301.56,78.71,0.7461201750895344,0.2884358971411053,29.99785199750133,8.112764396926536,1127.0408224796067,28.62566985197312,0.983303030155904,0.0039528753053831,0.0032622523058815,0.0,0.0068825183990954,0.0003825820107928,0.0010418647628058,0.0011748770601368,0.3975503901247938,0.4436911170120783,0.0770432716631386,0.0,0.0609789875374041,0.006120028814331,0.0142326265935487,0.0003835782547052,14.540098858316531,0.903171856108486,1.0,1.2737284915355518,3.0510765702704683,0.0,2.491057664356004,2.5552876125316653,2.696634012439704,1.0,15.813326197117547,1139.6555629264626,20.687604017864448,302.7106577576344,7.946729358776584
0,225.0,25.13444364181804,0.9800000000000004,0.0064325374934771,0.0036782998235802,0.0,0.0071875657120402,0.0004149351894469,0.0011162468161313,0.001170414965324,301.56,78.71,0.7461201750895344,0.3193297375405672,29.99785199750133,8.112764396926536,1126.3830559003852,29.344779996157197,0.9821366639210014,0.0047701707249863,0.0034345443631752,0.0,0.007015347602954,0.0003963141181161,0.0010736923580467,0.0011732669117199,0.3650171602790124,0.484901343886375,0.0738369353319014,0.0,0.0567560452170298,0.0057745236643045,0.0133644348528292,0.0003495567685474,14.4361897229814,0.9086265819654172,1.0,1.268612101567781,3.02471980929585,0.0,2.479028304381884,2.5430790484553527,2.681036297776552,1.0,15.813326197117547,1139.6555629264626,20.687604017864448,302.7106577576344,7.946729358776584
0,225.0,27.566097819659685,0.9800000000000004,0.0064325374934771,0.0036782998235802,0.0,0.0071875657120402,0.0004149351894469,0.0011162468161313,0.001170414965324,301.56,78.71,0.7461201750895344,0.350223577940029,29.99785199750133,8.112764396926536,1125.7881412844515,30.020187022869752,0.9810431333191696,0.0055978493354768,0.0035697253671129,0.0,0.0071130904406255,0.000406757799952,0.0010976489357274,0.0011717948019354,0.3380924185667567,0.5200702930006802,0.0704912042486738,0.0,0.0530170301456507,0.0054470132724563,0.0125607287537821,0.0003213120119999,14.338608501795523,0.913811301383479,1.0,1.2638182580150714,2.999828996986836,0.0,2.467929032366716,2.531680753746897,2.666555254690856,1.0,15.813326197117547,1139.6555629264626,20.687604017864448,302.7106577576344,7.946729358776584
0,225.0,29.99775199750133,0.9800000000000004,0.0064325374934771,0.0036782998235802,0.0,0.0071875657120402,0.0004149351894469,0.0011162468161313,0.001170414965324,301.56,78.71,0.7461201750895344,0.3811174183394909,29.99785199750133,8.112764396926536,1125.2361740074216,30.664826230501745,0.9800000420399244,0.0064325030856099,0.0036782958040384,0.0,0.0071875630213402,0.000414934890222,0.0011162461383193,0.0011704150205458,0.3154438951919299,0.5503430884354368,0.0672181627975461,0.0,0.0497214457953985,0.0051450038997179,0.0118309213403767,0.0002974825395935,14.245574302165457,0.918802746986752,1.0,1.2592075407153054,2.9760416677007355,0.0,2.457497253779524,2.520872392942398,2.6528888615373174,1.0,15.813326197117547,1139.6555629264626,20.687604017864448,302.7106577576344,7.946729358776584
0,230.0,9.815189995769838,0.9800000000000004,0.0064325374934771,0.0036782998235802,0.0,0.0071875657120402,0.0004149351894469,0.0011162468161313,0.001170414965324,301.56,78.71,0.7627006234248574,0.1247006733041524,30.28769088699117,9.81508999576984,1120.6235757268614,25.067430831349974,0.9980194501163678,2.7562473896187728e-05,7.440554657986415e-05,0.0,0.0003837506093753,1.1848008950941338e-05,3.62365955982948e-05,0.0014467466492316,0.9799912328803356,0.0064356537474184,0.0036800532495827,0.0,0.0071908760162279,0.0004151313060611,0.0011167722804923,0.0011702805198817,14.488414521312102,0.8870760726558182,1.0,1.290086590797015,3.0742957086697213,0.0,2.368574974290792,2.5022246632742657,2.6991682070675584,1.0,14.52556748614066,1121.6270137216943,24.87830228106012,302.7106577576344,9.61137473881863
0,230.0,12.089901205905544,0.9800000000000004,0.0064325374934771,0.0036782998235802,0.0,0.0071875657120402,0.0004149351894469,0.0011162468161313,0.001170414965324,301.56,78.71,0.7627006234248574,0.1536005743349707,30.28769088699117,9.81508999576984,1116.365259216777,27.103885811558246,0.9934823619472878,0.0004231738003134,0.0009245092176905,0.0,0.0034419171061982,0.0001342448257345,0.0003939818570202,0.0011998112457552,0.8149842805616918,0.0799834091486744,0.0373829830081731,0.0,0.0530319735296524,0.0038504105526272,0.0099563204114538,0.0008106227877269,14.150875913380002,0.9025465915765012,1.0,1.275020231110404,3.0044330208241705,0.0,2.326477607861573,2.4629587418643104,2.645222079166217,1.0,14.52556748614066,1121.6270137216943,24.87830228106012,302.7106577576344,9.61137473881863
0,230.0,14.364612416041249,0.9800000000000004,0.0064325374934771,0.0036782998235802,0.0,0.0071875657120402,0.0004149351894469,0.0011162468161313,0.001170414965324,301.56,78.71,0.7627006234248574,0.1825004753657889,30.28769088699117,9.81508999576984,1113.6974564805676,28.72413780491191,0.9902591894661096,0.0009721815117988,0.001684963667186,0.0,0.0050227347926517,0.0002267831957099,0.0006461150420403,0.0011880323245035,0.701211678086426,0.1548149692841789,0.0578462088856525,0.0,0.0660157588394476,0.0055278711354978,0.0138918416923183,0.0006916720764788,13.913795920522066,0.9139365789232848,1.0,1.2643354123645367,2.9541982653033125,0.0,2.297852149391619,2.4357349208738217,2.6084858974520317,1.0,14.52556748614066,1121.6270137216943,24.87830228106012,302.7106577576344,9.61137473881863
0,230.0,16.63932362617695,0.9800000000000004,0.0064325374934771,0.0036782998235802,0.0,0.0071875657120402,0.0004149351894469,0.0011162468161313,0.001170414965324,301.56,78.71,0.7627006234248574,0.2114003763966071,30.28769088699117,9.81508999576984,1111.962310664262,29.99853296504901,0.9879546868941596,0.0016321989552064,0.0022687314844833,0.0,0.0058645996024588,0.0002891017050482,0.0008078843747026,0.0011827969839407,0.6177504775520529,0.2250357793575625,0.0678688159921677,0.0,0.0674342916721199,0.0061452826233395,0.0151588041957856,0.0006065486069716,13.73894907045388,0.9227226153363156,1.0,1.2564127833417018,2.916121475699016,0.0,2.277537546073872,2.415977290254965,2.582160273131149,1.0,14.52556748614066,1121.6270137216943,24.87830228106012,302.7106577576344,9.61137473881863
0,230.0,18.91403483631265,0.9800000000000004,0.0064325374934771,0.0036782998235802,0.0,0.0071875657120402,0.0004149351894469,0.0011162468161313,0.001170414965324,301.56,78.71,0.7627006234248574,0.2403002774274254,30.28769088699117,9.81508999576984,1110.7266425217526,31.03583837328953,0.9861689242754448,0.0023631413022767,0.0026954933171734,0.0,0.0063501181439228,0.0003305907867471,0.0009122156700354,0.0011795165043994,0.5537292721319356,0.2876265348507384,0.0715899204131005,0.0,0.0650549293679166,0.0062431068973646,0.0152147348621316,0.0005415014768127,13.600364825111864,0.9299181087794351,1.0,1.250114447751331,2.885261547969676,0.0,2.2620343019207985,2.4005174011124253,2.561798817048062,1.0,14.52556748614066,1121.6270137216943,24.87830228106012,302.7106577576344,9.61137473881863
0,230.0,21.18874604644836,0.9800000000000004,0.0064325374934771,0.0036782998235802,0.0,0.0071875657120402,0.0004149351894469,0.0011162468161313,0.001170414965324,301.56,78.71,0.7627006234248574,0.2692001784582437,30.28769088699117,9.81508999576984,1109.7680965887264,31.920524899753065,0.9846815403218028,0.0031379791046985,0.0030083109752449,0.0,0.0066537572047576,0.0003590492791788,0.0009822696471735,0.0011770934671439,0.5029898120198375,0.3421207529776214,0.0719446148653757,0.0,0.0615782317965363,0.0061092466190143,0.0147674107828223,0.0004899309387923,13.483230134297983,0.9361657193936423,1.0,1.2447928219044535,2.858661547936622,0.0,2.2493619639558777,2.387582971182552,2.5449328692899003,1.0,14.52556748614066,1121.6270137216943,24.87830228106012,302.7106577576344,9.61137473881863
0,230.0,23.46345725658406,0.9800000000000004,0.0064325374934771,0.0036782998235802,0.0,0.0071875657120402,0.0004149351894469,0.0011162468161313,0.001170414965324,301.56,78.71,0.7627006234248574,0.2981000794890619,30.28769088699117,9.81508999576984,1108.9724981333195,32.70683696281006,0.9833740879554808,0.003940347377711,0.0032425551250923,0.0,0.0068570365635106,0.0003793521733089,0.0010315022004747,0.0011751186044215,0.4617601328314937,0.3892181351408084,0.0706060970960003,0.0,0.0579548795134039,0.0058802750976285,0.0141325163801133,0.0004479639405516,13.37937444778085,0.941821988592126,1.0,1.2400727475882374,2.834733534506032,0.0,2.2384331433427844,2.3762081686194003,2.530221211713092,1.0,14.52556748614066,1121.6270137216943,24.87830228106012,302.7106577576344,9.61137473881863
0,230.0,25.738168466719763,0.9800000000000004,0.0064325374934771,0.0036782998235802,0.0,0.0071875657120402,0.0004149351894469,0.0011162468161313,0.001170414965324,301.56,78.71,0.7627006234248574,0.3269999805198801,30.28769088699117,9.81508999576984,1108.2784815249054,33.428071351667754,0.9821809343049884,0.0047604872189526,0.0034225162247999,0.0,0.007000711394114,0.0003943881694624,0.001067557897836,0.0011734047898466,0.4275873430516585,0.4299490701046499,0.0684661740309112,0.0,0.0545162220552372,0.0056193257462993,0.0134487479180349,0.0004131170932089,13.284185388485994,0.9471010271914616,1.0,1.2357278190835272,2.812586217968994,0.0,2.228636874321522,2.3658527971544268,2.5169150433565126,1.0,14.52556748614066,1121.6270137216943,24.87830228106012,302.7106577576344,9.61137473881863
0,230.0,28.01287967685547,0.9800000000000004,0.0064325374934771,0.0036782998235802,0.0,0.0071875657120402,0.0004149351894469,0.0011162468161313,0.001170414965324,301.56,78.71,0.7627006234248574,0.3558998815506984,30.28769088699117,9.81508999576984,1107.651173802602,34.10483028680195,0.9810639848552876,0.0055924532921658,0.0035642226371944,0.0,0.0071066923789005,0.0004058908395576,0.0010949008274793,0.0011718551694145,0.3988014497722459,0.4653260240361181,0.0659926222615038,0.0,0.0513643824583048,0.0053553843107417,0.012776429379876,0.0003837077812094,13.194950040452271,0.9521079539182972,1.0,1.2316618788261544,2.7916968452123228,0.0,2.2196153325050165,2.3562013196522806,2.504577408339236,1.0,14.52556748614066,1121.6270137216943,24.87830228106012,302.7106577576344,9.61137473881863
0,230.0,30.28759088699117,0.9800000000000004,0.0064325374934771,0.0036782998235802,0.0,0.0071875657120402,0.0004149351894469,0.0011162468161313,0.001170414965324,301.56,78.71,0.7627006234248574,0.3847997825815166,30.28769088699117,9.81508999576984,1107.0696646522558,34.75020505265624,0.9800000458443292,0.006432500426159,0.0036782953016649,0.0,0.0071875625844803,0.0004149348347785,0.0011162459818229,0.0011704150267648,0.3742236241002485,0.4962315162062922,0.0634298440988037,0.0,0.0485144192547638,0.0051014413218032,0.0121406051422879,0.0003585498758005,13.11000436333075,0.956915103205332,1.0,1.227775226537473,2.7717450373097163,0.0,2.211149319373209,2.3470606768376925,2.4929408928080585,1.0,14.52556748614066,1121.6270137216943,24.87830228106012,302.7106577576344,9.61137473881863
0,235.0,11.77354158534162,0.9800000000000004,0.0064325374934771,0.0036782998235802,0.0,0.0071875657120402,0.0004149351894469,0.0011162468161313,0.001170414965324,301.56,78.71,0.7792810717601804,0.1495812677593904,30.943216429774463,11.77344158534162,1101.76372272846,29.965484414874897,0.9978895532037568,3.644829407959852e-05,9.333846142418648e-05,0.0,0.0004655530673486,1.4232763599200291e-05,4.2068425301148646e-05,0.0014588057844902,0.979992822942934,0.0064351035216312,0.0036797380636516,0.0,0.0071902624964597,0.0004150959460708,0.0011166777625905,0.0011702992666621,13.21813114541824,0.9325126614130632,1.0,1.250421552140118,2.833364070933837,0.0,2.1262978815224987,2.316833645390166,2.5158100924610487,1.0,13.258875583506692,1102.8688895247462,29.73094022392497,302.7106577576344,11.525181126674264
0,235.0,13.903494345834158,0.9800000000000004,0.0064325374934771,0.0036782998235802,0.0,0.0071875657120402,0.0004149351894469,0.0011162468161313,0.001170414965324,301.56,78.71,0.7792810717601804,0.1766420320903844,30.943216429774463,11.77344158534162,1097.7156136738088,31.917682581411192,0.9936042160934672,0.00043319241837,0.0009085916576235,0.0,0.0033524545632413,0.0001283341214494,0.0003687594936988,0.0012044516521494,0.8481533176596094,0.0645758174100523,0.0305212160359912,0.0,0.0443559463009518,0.0031925593988143,0.0083605983375356,0.0008405448570452,12.926391900852147,0.9470200611699562,1.0,1.238265191367255,2.777446243911365,0.0,2.0941363236812385,2.2854052718247515,2.4728066927017878,1.0,13.258875583506692,1102.8688895247462,29.73094022392497,302.7106577576344,11.525181126674264
0,235.0,16.033447106326697,0.9800000000000004,0.0064325374934771,0.0036782998235802,0.0,0.0071875657120402,0.0004149351894469,0.0011162468161313,0.001170414965324,301.56,78.71,0.7792810717601804,0.2037027964213784,30.943216429774463,11.77344158534162,1095.070932545968,33.501115761413715,0.990442466398768,0.0009760326134097,0.0016455689460598,0.0,0.0049149405598802,0.0002178984072814,0.0006129573977724,0.0011901356768282,0.7506473660037866,0.1262762333088953,0.0483240916472186,0.0,0.0571022644842995,0.0047425435587789,0.0121702209784664,0.0007372800185547,12.715210788943832,0.9580115711270496,1.0,1.22934236868457,2.736123984259916,0.0,2.071543413191081,2.262914781560555,2.44252645113305,1.0,13.258875583506692,1102.8688895247462,29.73094022392497,302.7106577576344,11.525181126674264
0,235.0,18.163399866819237,0.9800000000000004,0.0064325374934771,0.0036782998235802,0.0,0.0071875657120402,0.0004149351894469,0.0011162468161313,0.001170414965324,301.56,78.71,0.7792810717601804,0.2307635607523724,30.943216429774463,11.77344158534162,1093.2961861440767,34.7689663908259,0.9881253212792788,0.0016286485927377,0.0022245111503417,0.0,0.0057783860921856,0.0002807442414454,0.0007783872546704,0.0011840013893404,0.6753913093994554,0.186524654167871,0.0581791187997369,0.0,0.0600160440048996,0.0054455952158287,0.0137822024240562,0.0006610759881519,12.55628094074213,0.966582278215298,1.0,1.2225851160416823,2.704226576398849,0.0,2.055133898946236,2.246248716763465,2.42031202997285,1.0,13.258875583506692,1102.8688895247462,29.73094022392497,302.7106577576344,11.525181126674264
0,235.0,20.293352627311773,0.9800000000000004,0.0064325374934771,0.0036782998235802,0.0,0.0071875657120402,0.0004149351894469,0.0011162468161313,0.001170414965324,301.56,78.71,0.7792810717601804,0.2578243250833664,30.943216429774463,11.77344158534162,1092.0095318274157,35.811757618540305,0.9863072536922944,0.0023543516832056,0.0026566106754435,0.0,0.0062882788653309,0.000323912456704,0.0008893275542942,0.0011802650727268,0.615368432150114,0.2421984284071685,0.0627436449190893,0.0,0.0591766546023406,0.0056770925988654,0.0142347814836141,0.0006009658388078,12.42915969073914,0.9736648996663646,1.0,1.2171701252451848,2.678116680673478,0.0,2.04246515354425,2.23308589866446,2.402930804584478,1.0,13.258875583506692,1102.8688895247462,29.73094022392497,302.7106577576344,11.525181126674264
0,235.0,22.423305387804312,0.9800000000000004,0.0064325374934771,0.0036782998235802,0.0,0.0071875657120402,0.0004149351894469,0.0011162468161313,0.001170414965324,301.56,78.71,0.7792810717601804,0.2848850894143604,30.943216429774463,11.77344158534162,1091.0029022939475,36.704976638931136,0.9847858791626432,0.0031268289251968,0.002978111582913,0.0,0.0066116804621256,0.0003541547432108,0.0009657760243156,0.0011775690995946,0.566295991974548,0.2921866983457847,0.0642044166961876,0.0,0.0569686044628873,0.0056689571492372,0.0141233386271383,0.0005519927442167,12.321465206275072,0.9798167019923796,1.0,1.2125765782970264,2.655584151758094,0.0,2.032069603648853,2.2220477228597324,2.3884751127525865,1.0,13.258875583506692,1102.8688895247462,29.73094022392497,302.7106577576344,11.525181126674264
0,235.0,24.553258148296848,0.9800000000000004,0.0064325374934771,0.0036782998235802,0.0,0.0071875657120402,0.0004149351894469,0.0011162468161313,0.001170414965324,301.56,78.71,0.7792810717601804,0.3119458537453544,30.943216429774463,11.77344158534162,1090.1646439799972,37.4996602015105,0.9834474358421088,0.0039293854371403,0.0032212988041945,0.0,0.006829997058545,0.0003760339862441,0.0010204349529471,0.0011754139188199,0.5253942128776696,0.3365176972978809,0.0639420197733154,0.0,0.0543393581216204,0.0055447513519404,0.0137507466221828,0.0005112139553902,12.226050005222556,0.9853669934108664,1.0,1.2085194300529272,2.6353442722045872,0.0,2.023103878838468,2.212348010451732,2.375859686512353,1.0,13.258875583506692,1102.8688895247462,29.73094022392497,302.7106577576344,11.525181126674264
0,235.0,26.683210908789388,0.9800000000000004,0.0064325374934771,0.0036782998235802,0.0,0.0071875657120402,0.0004149351894469,0.0011162468161313,0.001170414965324,301.56,78.71,0.7792810717601804,0.3390066180763484,30.943216429774463,11.77344158534162,1089.4328912634794,38.22826417760833,0.9822268971335044,0.0047517353390875,0.0034093906179413,0.0,0.0069850749790622,0.0003923906203483,0.0010609386409061,0.0011735726691499,0.4907670379617971,0.3756924391837959,0.0627556793821959,0.0,0.0516732941229556,0.0053678116164749,0.0132670471307245,0.0004766906020558,12.138747496379922,0.9905155976522472,1.0,1.204810739455624,2.6166460235209126,0.0,2.015081600825128,2.203532845408541,2.3644588596534444,1.0,13.258875583506692,1102.8688895247462,29.73094022392497,302.7106577576344,11.525181126674264
0,235.0,28.813163669281927,0.9800000000000004,0.0064325374934771,0.0036782998235802,0.0,0.0071875657120402,0.0004149351894469,0.0011162468161313,0.001170414965324,301.56,78.71,0.7792810717601804,0.3660673824073425,30.943216429774463,11.77344158534162,1088.7717497848605,38.91135243753134,0.9810857089014502,0.0055874718185248,0.0035581672581879,0.0,0.0070998245377342,0.000404985540878,0.0010919135884686,0.0011719283547559,0.4610702716803727,0.4103434758025938,0.0610973367662592,0.0,0.0491246850303259,0.005170508641771,0.0127466527225729,0.0004470693561043,12.057054419320746,0.9954013614610824,1.0,1.2013401690412913,2.599037697578071,0.0,2.007721233762396,2.195331221381968,2.3538993344128314,1.0,13.258875583506692,1102.8688895247462,29.73094022392497,302.7106577576344,11.525181126674264
0,235.0,30.943116429774463,0.9800000000000004,0.0064325374934771,0.0036782998235802,0.0,0.0071875657120402,0.0004149351894469,0.0011162468161313,0.001170414965324,301.56,78.71,0.7792810717601804,0.3931281467383365,30.943216429774463,11.77344158534162,1088.1593865834177,39.56219966121891,0.9800000499296764,0.0064324976492798,0.0036782947319877,0.0,0.0071875620854421,0.0004149347719465,0.0011162457976798,0.0011704150339876,0.4353214745706935,0.4410894465753149,0.0592220425542894,0.0,0.0467498110064477,0.0049694107359066,0.0122264459158775,0.0004213686414701,11.979410876236145,1.0000972407865192,1.0,1.1980459936119014,2.582237464814936,0.0,2.0008253350989498,2.1875746259400035,2.34394997193844,1.0,13.258875583506692,1102.8688895247462,29.73094022392497,302.7106577576344,11.525181126674264
0,240.0,14.011635322389395,0.9800000000000004,0.0064325374934771,0.0036782998235802,0.0,0.0071875657120402,0.0004149351894469,0.0011162468161313,0.001170414965324,301.56,78.71,0.7958615200955034,0.1780159487026985,31.968745638958065,14.011535322389395,1082.037865271698,35.62825438218598,0.9977416742586276,4.79311184089711e-05,0.0001160753426728,0.0,0.000560827450441,1.7061410307807246e-05,4.87949549032987e-05,0.0014676354646384,0.9799940883189688,0.0064346649001609,0.0036794867879324,0.0,0.0071897737991863,0.0004150677644699,0.0011166025004273,0.0011703159288541,11.969917292173909,0.9829178373041558,1.0,1.2141647572741463,2.615673389130722,0.0,1.921063871159896,2.1491433461947063,2.348801659957237,1.0,12.014498351825988,1083.263844328595,35.3375257790447,302.7106577576344,13.710780754884407
0,240.0,16.006858690897026,0.9800000000000004,0.0064325374934771,0.0036782998235802,0.0,0.0071875657120402,0.0004149351894469,0.0011162468161313,0.001170414965324,301.56,78.71,0.7958615200955034,0.2033649941671582,31.968745638958065,14.011535322389395,1078.1896604971078,37.50842920997768,0.9936975318911604,0.0004467550469738,0.0008965783068663,0.0,0.003277939500663,0.0001236207410186,0.0003475058020915,0.0012100687112258,0.8749439891375936,0.0523417151991095,0.0250132795993656,0.0,0.0371732402842201,0.0026492306889304,0.0070122626066442,0.0008662824841364,11.717992577954815,0.9967191961771186,1.0,1.2043450667442008,2.570933126209348,0.0,1.8964234666692348,2.123943951781717,2.314364826979692,1.0,12.014498351825988,1083.263844328595,35.3375257790447,302.7106577576344,13.710780754884407
0,240.0,18.002082059404657,0.9800000000000004,0.0064325374934771,0.0036782998235802,0.0,0.0071875657120402,0.0004149351894469,0.0011162468161313,0.001170414965324,301.56,78.71,0.7958615200955034,0.228714039631618,31.968745638958065,14.011535322389395,1075.5766681949062,39.06109277585207,0.9906090645272128,0.000984272100277,0.0016087738094574,0.0,0.0048129357735668,0.0002099445865209,0.000582286133797,0.0011927230691681,0.7927582755691898,0.1025901774779279,0.0402038218095041,0.0,0.0490979342864138,0.004032859643155,0.0105402369032937,0.0007766943105155,11.530490905928955,1.0073900079890954,1.0,1.1969242931087731,2.536858910223231,0.0,1.87863090348668,2.1053768836865814,2.2893697532713637,1.0,12.014498351825988,1083.263844328595,35.3375257790447,302.7106577576344,13.710780754884407
0,240.0,19.997305427912288,0.9800000000000004,0.0064325374934771,0.0036782998235802,0.0,0.0071875657120402,0.0004149351894469,0.0011162468161313,0.001170414965324,301.56,78.71,0.7958615200955034,0.2540630850960779,31.968745638958065,14.011535322389395,1073.7687054332068,40.32671498715539,0.9882895569039788,0.0016295069580106,0.0021806923548799,0.0,0.0056924168308657,0.0002728258866525,0.0007495140970056,0.0011854869686066,0.7265398182392917,0.1532892400438018,0.0494689090949627,0.0,0.0529030015998041,0.0047600467718107,0.0123294084752992,0.0007095757750293,11.386502287488645,1.01587248982706,1.0,1.1911745611624849,2.5100544153583177,0.0,1.8654041735192644,2.091328149527643,2.270607302975219,1.0,12.014498351825988,1083.263844328595,35.3375257790447,302.7106577576344,13.710780754884407
0,240.0,21.99252879641992,0.9800000000000004,0.0064325374934771,0.0036782998235802,0.0,0.0071875657120402,0.0004149351894469,0.0011162468161313,0.001170414965324,301.56,78.71,0.7958615200955034,0.2794121305605376,31.968745638958065,14.011535322389395,1072.4330849456385,41.37976828068992,0.9864446370683996,0.0023493433584487,0.0026166655098805,0.0,0.0062247340421275,0.0003173546909586,0.0008660767243935,0.0011811886057914,0.6718742203034616,0.2016549159074826,0.0544363017388919,0.0,0.0532216954635935,0.0050803751297813,0.0130771770834737,0.0006553143733149,11.27013268436902,1.0229207267694862,1.0,1.1865128057181191,2.4879185694710158,0.0,1.8550587033905823,2.0801137873109936,2.25574269592846,1.0,12.014498351825988,1083.263844328595,35.3375257790447,302.7106577576344,13.710780754884407
0,240.0,23.98775216492755,0.9800000000000004,0.0064325374934771,0.0036782998235802,0.0,0.0071875657120402,0.0004149351894469,0.0011162468161313,0.001170414965324,301.56,78.71,0.7958615200955034,0.3047611760249974,31.968745638958065,14.011535322389395,1071.3778948808997,42.28678132882807,0.9848914658454224,0.0031185819401444,0.0029463235889317,0.0,0.0065676357684464,0.0003492347906015,0.0009486025801865,0.0011781554862668,0.6258928559005397,0.2463392185881492,0.0566681442160566,0.0,0.052066059972237,0.0051711741853899,0.0132524905293939,0.0006100566082335,11.171196249218331,1.0290505578941953,1.0,1.182547133104953,2.468768727508387,0.0,1.846523408154676,2.0706753673843017,2.2433168441777367,1.0,12.014498351825988,1083.263844328595,35.3375257790447,302.7106577576344,13.710780754884407
0,240.0,25.982975533435177,0.9800000000000004,0.0064325374934771,0.0036782998235802,0.0,0.0071875657120402,0.0004149351894469,0.0011162468161313,0.001170414965324,301.56,78.71,0.7958615200955034,0.3301102214894572,31.968745638958065,14.011535322389395,1070.495444562789,43.09519920971755,0.9835225260360706,0.0039204428339396,0.0031985398623079,0.0,0.0068013522953951,0.0003726455163043,0.0010087159150821,0.0011757775409001,0.5866389241944859,0.2869585712778376,0.0572531755127834,0.0,0.0503160830051289,0.0051374301128275,0.0131242406495049,0.0005715752474315,11.083535786852176,1.0345718959952153,1.0,1.1790414502542743,2.451581696271345,0.0,1.8391536014659968,2.0623809308815644,2.2324603052823506,1.0,12.014498351825988,1083.263844328595,35.3375257790447,302.7106577576344,13.710780754884407
0,240.0,27.978198901942804,0.9800000000000004,0.0064325374934771,0.0036782998235802,0.0,0.0071875657120402,0.0004149351894469,0.0011162468161313,0.001170414965324,301.56,78.71,0.7958615200955034,0.355459266953917,31.968745638958065,14.011535322389395,1069.7240898340035,43.836389732209405,0.9822742960406606,0.0047442129307599,0.0033951622566948,0.0,0.0069683756211163,0.0003903282012513,0.0010538459050547,0.001173779044462,0.5527201320407985,0.323623915982886,0.056872334386437,0.0,0.0483675666589292,0.0050379352207007,0.012839721934867,0.0005383937753811,11.003437965271038,1.0396867120477296,1.0,1.1758581006373077,2.435745540773248,0.0,1.8325621677212744,2.054852977354593,2.222654288434054,1.0,12.014498351825988,1083.263844328595,35.3375257790447,302.7106577576344,13.710780754884407
0,240.0,29.973422270450435,0.9800000000000004,0.0064325374934771,0.0036782998235802,0.0,0.0071875657120402,0.0004149351894469,0.0011162468161313,0.001170414965324,301.56,78.71,0.7958615200955034,0.3808083124183768,31.968745638958065,14.011535322389395,1069.027227790507,44.530783052693806,0.9811082153492896,0.0055830486004413,0.0035515418563217,0.0,0.0070924477134305,0.0004040434113344,0.0010886849156819,0.0011720181535001,0.5231121467292773,0.3566543215224446,0.0559372543515155,0.0,0.0464021986983234,0.004905326992148,0.0124792887884761,0.0005094629178151,10.928613879322768,1.0445408894773809,1.0,1.1728796849555712,2.420856029960664,0.0,1.8265115077110288,2.047860602968428,2.2135816668125314,1.0,12.014498351825988,1083.263844328595,35.3375257790447,302.7106577576344,13.710780754884407
0,240.0,31.968645638958066,0.9800000000000004,0.0064325374934771,0.0036782998235802,0.0,0.0071875657120402,0.0004149351894469,0.0011162468161313,0.001170414965324,301.56,78.71,0.7958615200955034,0.4061573578828366,31.968745638958065,14.011535322389395,1068.3822245334873,45.19182541222812,0.9800000543262244,0.0064324947488141,0.0036782940848565,0.0,0.0071875615145783,0.0004149347009307,0.0011162455820599,0.0011704150425357,0.4970412444593857,0.3864315066407534,0.054695407568134,0.0,0.044502894909787,0.0047578315589008,0.0120871100267218,0.000484004836317,10.857612207001967,1.0491828213248182,1.0,1.1700782514409225,2.4066682052489963,0.0,1.820851158339858,2.041257862369154,2.205042032933434,1.0,12.014498351825988,1083.263844328595,35.3375257790447,302.7106577576344,13.710780754884407
0,245.0,16.554232291211726,0.9800000000000004,0.0064325374934771,0.0036782998235802,0.0,0.0071875657120402,0.0004149351894469,0.0011162468161313,0.001170414965324,301.56,78.71,0.8124419684308264,0.2103193023912047,33.371831568548906,16.554132291211726,1061.301093971058,42.1687388221331,0.9975721860161154,6.276933595601008e-05,0.0001432932852395,0.0,0.0006713684311811,2.0422980236809862e-05,5.6594713757584273e-05,0.0014733652375132,0.9799951047960304,0.006434311963332,0.0036792845945144,0.0,0.0071893809736569,0.0004150450914096,0.0011165420106605,0.0011703305703959,10.74531402119782,1.0394014788387091,1.0,1.180983485459332,2.418386963193737,0.0,1.7466848724511794,1.997229741670529,2.1959877122631384,1.0,10.793959502416731,1062.6711211462375,41.80803719266337,302.7106577576344,16.191644196077288
0,245.0,18.422843322026967,0.9800000000000004,0.0064325374934771,0.0036782998235802,0.0,0.0071875657120402,0.0004149351894469,0.0011162468161313,0.001170414965324,301.56,78.71,0.8124419684308264,0.2340597550759366,33.371831568548906,16.554132291211726,1057.6430132638711,43.98804350478378,0.9937598846129696,0.0004646043394061,0.0008890996586861,0.0,0.0032194783569694,0.0001200807505448,0.0003301055778632,0.0012167467035605,0.8964753452126852,0.0426588264855895,0.0206091816920166,0.0,0.0312744774718817,0.0022047478161159,0.0058882472643417,0.0008891740573691,10.528199710445865,1.0526730410400889,1.0,1.1730560056476649,2.382465643929212,0.0,1.727804145373357,1.976992858689328,2.1683131447398982,1.0,10.793959502416731,1062.6711211462375,41.80803719266337,302.7106577576344,16.191644196077288
0,245.0,20.29145435284221,0.9800000000000004,0.0064325374934771,0.0036782998235802,0.0,0.0071875657120402,0.0004149351894469,0.0011162468161313,0.001170414965324,301.56,78.71,0.8124419684308264,0.2578002077606684,33.371831568548906,16.554132291211726,1055.0688349680645,45.51577613235024,0.990755631917762,0.0009976510539132,0.0015753237410232,0.0,0.0047181052416273,0.0002029734670641,0.0005544360509138,0.0011958785276963,0.8281266779080139,0.0831750538867891,0.0333730649828907,0.0,0.0420572198880168,0.0034079095846985,0.0090492132799346,0.0008108604696559,10.362390312579944,1.063168774606966,1.0,1.1669135988556112,2.3544252441635822,0.0,1.71378955563043,1.961672874600688,2.147660854432952,1.0,10.793959502416731,1062.6711211462375,41.80803719266337,302.7106577576344,16.191644196077288
0,245.0,22.160065383657454,0.9800000000000004,0.0064325374934771,0.0036782998235802,0.0,0.0071875657120402,0.0004149351894469,0.0011162468161313,0.001170414965324,301.56,78.71,0.8124419684308264,0.2815406604454002,33.371831568548906,16.554132291211726,1053.2337103623722,46.783221749020704,0.9884443277240552,0.001635593257554,0.0021380007661156,0.0,0.0056076219357655,0.0002654355060007,0.0007217083375912,0.0011873124729174,0.7710441439533274,0.1251334716566678,0.0417931762990071,0.0,0.0462834552920528,0.0041143219676519,0.0108791466254117,0.0007522842058811,10.23249465646249,1.071650098392572,1.0,1.1620444473442608,2.3319474380525413,0.0,1.7031391394491011,1.9498384209219937,2.131809135375786,1.0,10.793959502416731,1062.6711211462375,41.80803719266337,302.7106577576344,16.191644196077288
0,245.0,24.02867641447269,0.9800000000000004,0.0064325374934771,0.0036782998235802,0.0,0.0071875657120402,0.0004149351894469,0.0011162468161313,0.001170414965324,301.56,78.71,0.8124419684308264,0.305281113130132,33.371831568548906,16.554132291211726,1051.8512101445826,47.85101234897887,0.986578897034279,0.0023489425652778,0.0025761613164303,0.0,0.0061599003798428,0.0003109892509636,0.0008427821193346,0.0011823273338715,0.7224947042165736,0.1662689529848034,0.046817218216615,0.0,0.0474115217878104,0.0044834940215978,0.01181995706848,0.0007041517041196,10.126311101031709,1.07875547598375,1.0,1.1580422136278976,2.3131905770910333,0.0,1.6946892980910482,1.940279319678999,2.1190829623331537,1.0,10.793959502416731,1062.6711211462375,41.80803719266337,302.7106577576344,16.191644196077288
0,245.0,25.897287445287937,0.9800000000000004,0.0064325374934771,0.0036782998235802,0.0,0.0071875657120402,0.0004149351894469,0.0011162468161313,0.001170414965324,301.56,78.71,0.8124419684308264,0.3290215658148639,33.371831568548906,16.554132291211726,1050.7469128903424,48.77693585505679,0.9849969476114224,0.0031139735601957,0.0029132107693876,0.0,0.0065217317958601,0.000344332622489,0.0009309238452272,0.0011788797954176,0.6806086443320827,0.2052637905137571,0.0495184940689213,0.0,0.0470809034687027,0.0046450772439313,0.012219844414104,0.0006632459585008,10.035601544862184,1.0849484638682092,1.0,1.1546187166052022,2.2968972047342437,0.0,1.6876692075691144,1.9321937537286455,2.10837913749152,1.0,10.793959502416731,1062.6711211462375,41.80803719266337,302.7106577576344,16.191644196077288
0,245.0,27.765898476103175,0.9800000000000004,0.0064325374934771,0.0036782998235802,0.0,0.0071875657120402,0.0004149351894469,0.0011162468161313,0.001170414965324,301.56,78.71,0.8124419684308264,0.3527620184995957,33.371831568548906,16.554132291211726,1049.8184591002014,49.60448749475533,0.9835985952212324,0.0039140960073786,0.0031743765474141,0.0,0.0067710761754607,0.0003692080293468,0.0009964209215357,0.0011762270976312,0.6440576198678886,0.2415385094215071,0.0507214303764049,0.0,0.0460684282755972,0.0046837373348096,0.0123024441395689,0.0006278305842235,9.955153660472773,1.0905445820264852,1.0,1.1515908837601012,2.282261304583692,0.0,1.6815932848877342,1.925080565984628,2.0990085619430165,1.0,10.793959502416731,1062.6711211462375,41.80803719266337,302.7106577576344,16.191644196077288
0,245.0,29.63450950691842,0.9800000000000004,0.0064325374934771,0.0036782998235802,0.0,0.0071875657120402,0.0004149351894469,0.0011162468161313,0.001170414965324,301.56,78.71,0.8124419684308264,0.3765024711843275,33.371831568548906,16.554132291211726,1049.0052096810364,50.363644942778045,0.9823227501009072,0.0047383061644779,0.0033798441217207,0.0,0.0069505537855311,0.0003882091149284,0.0010463024215722,0.001174034290862,0.6118625595318219,0.2749547451882146,0.0509811578162602,0.0,0.0447520733839571,0.0046508057048049,0.0122018777576589,0.0005967806172823,9.881706678720557,1.0957188238169082,1.0,1.1488465773922625,2.268774948871333,0.0,1.6761589882189982,1.9186295815806325,2.090545666915625,1.0,10.793959502416731,1062.6711211462375,41.80803719266337,302.7106577576344,16.191644196077288
0,245.0,31.50312053773366,0.9800000000000004,0.0064325374934771,0.0036782998235802,0.0,0.0071875657120402,0.0004149351894469,0.0011162468161313,0.001170414965324,301.56,78.71,0.8124419684308264,0.4002429238690593,33.371831568548906,16.554132291211726,1048.2702311504604,51.07454504515053,0.9811313607674887,0.0055793731573131,0.0035443337780198,0.0,0.0070845204107292,0.0004030663542126,0.0010852163085865,0.0011721292236494,0.5832796681308803,0.3056011566538882,0.050654521362411,0.0,0.0433211910845792,0.0045768333110162,0.0119973323239287,0.0005692971332961,9.813199618869149,1.1005921889602328,1.0,1.146288849099106,2.2561141577542254,0.0,1.6711936882407092,1.912646149498131,2.082722914870955,1.0,10.793959502416731,1062.6711211462375,41.80803719266337,302.7106577576344,16.191644196077288
0,245.0,33.3717315685489,0.9800000000000004,0.0064325374934771,0.0036782998235802,0.0,0.0071875657120402,0.0004149351894469,0.0011162468161313,0.001170414965324,301.56,78.71,0.8124419684308264,0.4239833765537912,33.371831568548906,16.554132291211726,1047.5902539421738,51.7507480074032,0.9800000591861452,0.0064324916274644,0.0036782933354953,0.0,0.0071875608505313,0.0004149346196713,0.0011162453276784,0.0011704150530139,0.5577303082734828,0.3336683640999118,0.0499682147456793,0.0,0.0418725047971307,0.0044800577992816,0.0117357683688352,0.0005447819156781,9.74829452679529,1.1052557680618982,1.0,1.1438885600718354,2.244067788872292,0.0,1.6665583427065038,1.907008785614866,2.0753679704593546,1.0,10.793959502416731,1062.6711211462375,41.80803719266337,302.7106577576344,16.191644196077288
0,250.0,19.42727981633421,0.9800000000000004,0.0064325374934771,0.0036782998235802,0.0,0.0071875657120402,0.0004149351894469,0.0011162468161313,0.001170414965324,301.56,78.71,0.8290224167661494,0.2468209861051227,35.16270814407363,19.42717981633421,1039.3758534659412,49.72513655982371,0.997376663579316,8.198241048198361e-05,0.0001758416034151,0.0,0.0007992855651778,2.443022366630088e-05,6.570107086987285e-05,0.0014760955470728,0.9799959286897166,0.0064340254131861,0.003679120441077,0.0,0.0071890624706405,0.0004150266838166,0.0011164929564606,0.0011703433451024,9.546198956183538,1.1033936225190175,1.0,1.1505958100308769,2.239074955391386,0.0,1.598147895326232,1.8592933962790197,2.055510007383237,1.0,9.599114364051816,1040.9186176418627,49.27650279185157,302.7106577576344,18.99215487266697
0,250.0,21.17564963052748,0.9800000000000004,0.0064325374934771,0.0036782998235802,0.0,0.0071875657120402,0.0004149351894469,0.0011162468161313,0.001170414965324,301.56,78.71,0.8290224167661494,0.2690337902493644,35.16270814407363,19.42717981633421,1035.8985569305555,51.49392535946168,0.9937881431274604,0.0004877473581199,0.0008869305934535,0.0,0.0031784434769848,0.0001177176068939,0.0003164860964303,0.001224531740657,0.91374327490813,0.0349992793735187,0.0170917799420211,0.0,0.0264527638850084,0.0018431669301273,0.004959369537926,0.000910365423268,9.359689748267728,1.1163381251078464,1.0,1.144219422690936,2.210231446036691,0.0,1.5837370848993182,1.843028991820605,2.0332134599410807,1.0,9.599114364051816,1040.9186176418627,49.27650279185157,302.7106577576344,18.99215487266697
0,250.0,22.92401944472075,0.9800000000000004,0.0064325374934771,0.0036782998235802,0.0,0.0071875657120402,0.0004149351894469,0.0011162468161313,0.001170414965324,301.56,78.71,0.8290224167661494,0.2912465943936063,35.16270814407363,19.42717981633421,1033.3689165604449,53.00255627855949,0.9908783488786456,0.001017162546745,0.0015460642500335,0.0,0.0046319981840043,0.0001970392319701,0.0005296992037756,0.0011996877048255,0.8575370011815993,0.067396114144774,0.0276819391108238,0.0,0.0359568639444729,0.0028678986566683,0.0077193058244566,0.0008408771372049,9.213801379600373,1.1267969205247197,1.0,1.1391641620517965,2.1871451177787957,0.0,1.57271739880023,1.8304042740463229,2.0161429834757185,1.0,9.599114364051816,1040.9186176418627,49.27650279185157,302.7106577576344,18.99215487266697
0,250.0,24.672389258914016,0.9800000000000004,0.0064325374934771,0.0036782998235802,0.0,0.0071875657120402,0.0004149351894469,0.0011162468161313,0.001170414965324,301.56,78.71,0.8290224167661494,0.313459398537848,35.16270814407363,19.42717981633421,1031.5121687596643,54.275853270447925,0.9885860679120954,0.0016479422480361,0.0020972686848488,0.0,0.0055251033118141,0.0002586632297056,0.0006954110702563,0.0011895435432433,0.8091813237880492,0.1016214219052684,0.0351327035078921,0.0,0.0402620334854334,0.0035239449905982,0.0094887178644627,0.0007898544582956,9.097252677749468,1.135383780067634,1.0,1.135069744481736,2.1682940821321166,0.0,1.5641663808692687,1.820451399983912,2.002755108673484,1.0,9.599114364051816,1040.9186176418627,49.27650279185157,302.7106577576344,18.99215487266697
0,250.0,26.420759073107284,0.9800000000000004,0.0064325374934771,0.0036782998235802,0.0,0.0071875657120402,0.0004149351894469,0.0011162468161313,0.001170414965324,301.56,78.71,0.8290224167661494,0.3356722026820897,35.16270814407363,19.42717981633421,1030.0848005931034,55.36274359065852,0.9867073569725568,0.002354179697954,0.0025357154716511,0.0,0.0060943284786926,0.000304893697806,0.0008197976485654,0.0011837280327735,0.7669972393543228,0.1359472588511638,0.0399628784179807,0.0,0.041905048275804,0.0039094773169901,0.0105304603939967,0.0007476373897417,9.000806633605851,1.1426514569956197,1.0,1.1316560901396218,2.1523850471065487,0.0,1.557295210386524,1.8123101147999836,1.9918566922298488,1.0,9.599114364051816,1040.9186176418627,49.27650279185157,302.7106577576344,18.99215487266697
0,250.0,28.169128887300552,0.9800000000000004,0.0064325374934771,0.0036782998235802,0.0,0.0071875657120402,0.0004149351894469,0.0011162468161313,0.001170414965324,301.56,78.71,0.8290224167661494,0.3578850068263315,35.16270814407363,19.42717981633421,1028.9307000535423,56.312684372948766,0.9851005616091476,0.0031139298769386,0.0028791290234836,0.0,0.0064741539976033,0.0003394977520644,0.0009129534242727,0.0011797743164893,0.7297870773654364,0.1692300046041993,0.0428823869220946,0.0,0.0421846589322914,0.0041155907505295,0.011088998373136,0.0007112830523124,8.91792225086717,1.1490217296959124,1.0,1.1287153342056586,2.138490615076064,0.0,1.5515385311941512,1.8053812816729016,1.9826235024119527,1.0,9.599114364051816,1040.9186176418627,49.27650279185157,302.7106577576344,18.99215487266697
0,250.0,29.917498701493823,0.9800000000000004,0.0064325374934771,0.0036782998235802,0.0,0.0071875657120402,0.0004149351894469,0.0011162468161313,0.001170414965324,301.56,78.71,0.8290224167661494,0.3800978109705733,35.16270814407363,19.42717981633421,1027.9540825441686,57.16493644890169,0.983674591343242,0.0039110834874785,0.0031489652259455,0.0,0.0067391753248363,0.0003657471597793,0.0009836536402578,0.0011767838184606,0.6966725072594921,0.2008479635500459,0.0444923741952736,0.0,0.041760477992225,0.0042075531479565,0.0113397760648559,0.0006793477901506,8.844270441260294,1.1547616609534472,1.0,1.126103768851879,2.1259888679492853,0.0,1.5465375479918269,1.799273456089326,1.9745174831950103,1.0,9.599114364051816,1040.9186176418627,49.27650279185157,302.7106577576344,18.99215487266697
0,250.0,31.66586851568709,0.9800000000000004,0.0064325374934771,0.0036782998235802,0.0,0.0071875657120402,0.0004149351894469,0.0011162468161313,0.001170414965324,301.56,78.71,0.8290224167661494,0.4023106151148151,35.16270814407363,19.42717981633421,1027.096135914046,57.94775856130666,0.9823717048307348,0.0047345188889297,0.0033634775685017,0.0,0.0069315581007863,0.0003860437568386,0.0010383458467958,0.0011743510074128,0.6669881050687219,0.2305329458370042,0.0452277832802214,0.0,0.0409748340419665,0.0042279569241899,0.0113974292435095,0.0006509456043865,8.777041623209163,1.160078258006,1.0,1.1237394447326496,2.114472017404802,0.0,1.5420602908536882,1.7937406458575822,1.9671931977313053,1.0,9.599114364051816,1040.9186176418627,49.27650279185157,302.7106577576344,18.99215487266697
0,250.0,33.41423832988036,0.9800000000000004,0.0064325374934771,0.0036782998235802,0.0,0.0071875657120402,0.0004149351894469,0.0011162468161313,0.001170414965324,301.56,78.71,0.8290224167661494,0.4245234192590568,35.16270814407363,19.42717981633421,1026.320036316646,58.68078443094062,0.9811549246231712,0.0055766970004238,0.0035365393477803,0.0,0.007076000160986,0.0004020569636368,0.0010815146534188,0.0011722672505828,0.6402151904073463,0.2582252459867377,0.0453849664847766,0.0,0.0400107290263414,0.0042037759648349,0.0113346290873449,0.0006254630426179,8.71440687091304,1.1650757506781069,1.0,1.121545715502853,2.103671890931777,0.0,1.5379693939891252,1.7886151283181964,1.960427273720996,1.0,9.599114364051816,1040.9186176418627,49.27650279185157,302.7106577576344,18.99215487266697
0,250.0,35.16260814407363,0.9800000000000004,0.0064325374934771,0.0036782998235802,0.0,0.0071875657120402,0.0004149351894469,0.0011162468161313,0.001170414965324,301.56,78.71,0.8290224167661494,0.4467362234032986,35.16270814407363,19.42717981633421,1025.6020910971909,59.37758217733373,0.9800000645440242,0.0064324882876425,0.0036782924689696,0.0,0.0071875600775801,0.0004149345268972,0.0011162450288669,0.0011704150660193,0.6159401842735169,0.2839774747438154,0.0451618950461628,0.0,0.0389686721762038,0.0041520389619124,0.011197290516107,0.0006024442822814,8.65515202555134,1.1698575244939513,1.0,1.1194795024845603,2.0934097862489365,0.0,1.5341591082372532,1.7837891537086317,1.954072584841477,1.0,9.599114364051816,1040.9186176418627,49.27650279185157,302.7106577576344,18.99215487266697
0,255.0,22.65812165508387,0.9800000000000004,0.0064325374934771,0.0036782998235802,0.0,0.0071875657120402,0.0004149351894469,0.0011162468161313,0.001170414965324,301.56,78.71,0.8456028651014723,0.2878683986162352,37.35382828403309,22.65802165508387,1016.0397498477852,58.47032051768653,0.9971495390059888,0.0001069708656807,0.0002148193938156,0.0,0.0009471273001346,2.9228831597617955e-05,7.642576120087135e-05,0.0014758888415812,0.979996602320015,0.0064337907196494,0.0036789860110124,0.0,0.0071888020725443,0.00041501160589,0.0011164528262861,0.0011703544446024,8.374865910678063,1.17688372130548,1.0,1.122786295527004,2.069750779466217,0.0,1.471563165723905,1.7338068403266005,1.925783796132654,1.0,8.432227805466914,1017.7913832278248,57.90987351738985,302.7106577576344,22.13772066860631
0,255.0,24.29096683607823,0.9800000000000004,0.0064325374934771,0.0036782998235802,0.0,0.0071875657120402,0.0004149351894469,0.0011162468161313,0.001170414965324,301.56,78.71,0.8456028651014723,0.3086134777801833,37.35382828403309,22.65802165508387,1012.7342221001926,60.19842150755703,0.9937781649838592,0.0005175695252469,0.0008910545213203,0.0,0.0031565798605209,0.0001165698599356,0.0003066497604662,0.0012334114886506,0.927592530288946,0.0289310708613114,0.0142800362613846,0.0,0.0225200696533609,0.0015498157767752,0.0041956796159729,0.0009307975422484,8.215421847808393,1.189696870467732,1.0,1.117696707020021,2.049749792044562,0.0,1.4605540288585666,1.7207385897371654,1.9077806319027089,1.0,8.432227805466914,1017.7913832278248,57.90987351738985,302.7106577576344,22.13772066860631
0,255.0,25.923812017072585,0.9800000000000004,0.0064325374934771,0.0036782998235802,0.0,0.0071875657120402,0.0004149351894469,0.0011162468161313,0.001170414965324,301.56,78.71,0.8456028651014723,0.3293585569441314,37.35382828403309,22.65802165508387,1010.2534504744718,61.69397877097266,0.9909726543983732,0.0010441504517555,0.0015219949632097,0.0,0.0045564058736174,0.0001922077887185,0.0005083542621818,0.0012042322621436,0.8818328455156769,0.0546398904220851,0.0229697405869633,0.0,0.0307273096020599,0.0024075720083401,0.0065547742760201,0.0008678675888544,8.087875472596515,1.2002657903953613,1.0,1.113564406148634,2.03341916940457,0.0,1.451972217270913,1.710355161701465,1.893663822890886,1.0,8.432227805466914,1017.7913832278248,57.90987351738985,302.7106577576344,22.13772066860631
0,255.0,27.556657198066944,0.9800000000000004,0.0064325374934771,0.0036782998235802,0.0,0.0071875657120402,0.0004149351894469,0.0011162468161313,0.001170414965324,301.56,78.71,0.8456028651014723,0.3501036361080796,37.35382828403309,22.65802165508387,1008.3799037182708,62.97738709375691,0.9887105199976304,0.0016679005897363,0.0020594722997454,0.0,0.0054461826801196,0.0002526054056371,0.0006710673861016,0.0011922516410292,0.8414932656489309,0.0821954423585439,0.029419416756321,0.0,0.0348774484137962,0.0029961551682221,0.0081950835641618,0.0008231880900238,7.984014237699562,1.2090791762001205,1.0,1.1101526086420577,2.017654446102558,0.0,1.445143147785346,1.7020088758989955,1.882362962343628,1.0,8.432227805466914,1017.7913832278248,57.90987351738985,302.7106577576344,22.13772066860631
0,255.0,29.189502379061302,0.9800000000000004,0.0064325374934771,0.0036782998235802,0.0,0.0071875657120402,0.0004149351894469,0.0011162468161313,0.001170414965324,301.56,78.71,0.8456028651014723,0.3708487152720277,37.35382828403309,22.65802165508387,1006.9094129640932,64.08785545243114,0.986826687337152,0.0023663697857587,0.0024960899492141,0.0,0.0060287394524221,0.0002991541601724,0.0007975149792872,0.0011854443359932,0.8055437704176283,0.1103435930471211,0.0338897138039082,0.0,0.0368014106136237,0.0033737233727669,0.0092614498637452,0.0007863388812064,7.896952333377852,1.216636811764203,1.0,1.1072682179150546,2.004188428394372,0.0,1.4395733037696083,1.6950957801779738,1.8730345929506231,1.0,8.432227805466914,1017.7913832278248,57.90987351738985,302.7106577576344,22.13772066860631
0,255.0,30.82234756005566,0.9800000000000004,0.0064325374934771,0.0036782998235802,0.0,0.0071875657120402,0.0004149351894469,0.0011162468161313,0.001170414965324,301.56,78.71,0.8456028651014723,0.3915937944359759,37.35382828403309,22.65802165508387,1005.7045241382442,65.0670852119063,0.9852000051193116,0.0031196350035686,0.0028445541599109,0.0,0.0064251907554976,0.0003347881627192,0.000894949687636,0.0011808771113559,0.7732236396164768,0.1381689307183209,0.0368319006111731,0.0,0.037503135628689,0.0036019532984779,0.0099160486901029,0.0007543914367589,7.821600619635633,1.2232812622387947,1.0,1.1047646185673208,1.9923488997061083,0.0,1.434873154684981,1.689168681501887,1.865066419152686,1.0,8.432227805466914,1017.7913832278248,57.90987351738985,302.7106577576344,22.13772066860631
0,255.0,32.45519274105001,0.9800000000000004,0.0064325374934771,0.0036782998235802,0.0,0.0071875657120402,0.0004149351894469,0.0011162468161313,0.001170414965324,301.56,78.71,0.8456028651014723,0.4123388735999239,37.35382828403309,22.65802165508387,1004.6771074875476,65.94992250818069,0.9837490728764986,0.0039123609647963,0.0031225421532821,0.0,0.0067057043704807,0.0003622945510164,0.0009705519367711,0.0011774731471546,0.7439614931012671,0.1651007534889647,0.0386683400324523,0.0,0.0375251545881889,0.0037291459574531,0.0102890751179036,0.0007260377137699,7.754442000407636,1.2293011915839458,1.0,1.1025352439587288,1.9816650943973015,0.0,1.4307692634399376,1.6839275851458348,1.8580442439863925,1.0,8.432227805466914,1017.7913832278248,57.90987351738985,302.7106577576344,22.13772066860631
0,255.0,34.08803792204438,0.9800000000000004,0.0064325374934771,0.0036782998235802,0.0,0.0071875657120402,0.0004149351894469,0.0011162468161313,0.001170414965324,301.56,78.71,0.8456028651014723,0.4330839527638722,37.35382828403309,22.65802165508387,1003.7710123257598,66.762585022956,0.9824203652853074,0.0047335130530838,0.0033461459134068,0.0,0.0069113521612876,0.0003838457187792,0.00103003341581,0.0011747444523251,0.7173158692997937,0.1908289841259081,0.0397272225552995,0.0,0.0371652376392944,0.0037890996702587,0.0104730543424946,0.0007005323669507,7.693106775695238,1.2348537334742056,1.0,1.1005054081916807,1.9718160433299936,0.0,1.427087568196381,1.6791722356834862,1.851691844745735,1.0,8.432227805466914,1017.7913832278248,57.90987351738985,302.7106577576344,22.13772066860631
0,255.0,35.72088310303873,0.9800000000000004,0.0064325374934771,0.0036782998235802,0.0,0.0071875657120402,0.0004149351894469,0.0011162468161313,0.001170414965324,301.56,78.71,0.8456028651014723,0.4538290319278202,37.35382828403309,22.65802165508387,1002.9500214945492,67.52395776051398,0.9811785767596588,0.0055753556541107,0.0035281697094554,0.0,0.0070668453658314,0.0004010189427084,0.0010775944036044,0.0011724391646305,0.6929362455956792,0.2152147275368159,0.0402452131422111,0.0,0.0365911964316081,0.0038044895848004,0.0105307432125783,0.0006773844963066,7.636000222204014,1.2400981765051684,1.0,1.0986233946819648,1.9625839113318155,0.0,1.423725217941253,1.6747691155103666,1.845825073493756,1.0,8.432227805466914,1017.7913832278248,57.90987351738985,302.7106577576344,22.13772066860631
0,255.0,37.35372828403309,0.9800000000000004,0.0064325374934771,0.0036782998235802,0.0,0.0071875657120402,0.0004149351894469,0.0011162468161313,0.001170414965324,301.56,78.71,0.8456028651014723,0.4745741110917684,37.35382828403309,22.65802165508387,1002.1902827103524,68.24746614066243,0.9800000705922466,0.0064324846191272,0.003678291449602,0.0,0.0071875591623077,0.0004149344194686,0.0011162446746339,0.0011704150826138,0.6705378592005647,0.2382230015082069,0.0403881277540057,0.0,0.0359002691952932,0.0037903641866053,0.0105041381992509,0.0006562399560731,7.582045363616722,1.2450963730007096,1.0,1.09686070115044,1.9538194086953384,0.0,1.4205948642802495,1.6706280402715996,1.8403195366044611,1.0,8.432227805466914,1017.7913832278248,57.90987351738985,302.7106577576344,22.13772066860631
0,260.0,26.27580639595765,0.9800000000000004,0.0064325374934771,0.0036782998235802,0.0,0.0071875657120402,0.0004149351894469,0.0011162468161313,0.001170414965324,301.56,78.71,0.8621833134367953,0.3338305983478294,39.95945882481963,26.275706395957656,991.0071387434464,68.62623976562938,0.996883550882018,0.0001397104122114,0.0002616985779673,0.0,0.0011180754360809,3.5011741548725e-05,8.919604919833843e-05,0.0014727569009753,0.979997157841379,0.0064335968211544,0.0036788749705237,0.0,0.0071885874434422,0.0004149991453475,0.0011164197087421,0.0011703640694108,7.234138624052936,1.262654021380618,1.0,1.0974091424215815,1.8967459003296816,0.0,1.363733352763641,1.61944367346587,1.8053788352212623,1.0,7.296085655146154,993.0143761526203,67.92140682303575,302.7106577576344,25.654931900849267
0,260.0,27.796201110275653,0.9800000000000004,0.0064325374934771,0.0036782998235802,0.0,0.0071875657120402,0.0004149351894469,0.0011162468161313,0.001170414965324,301.56,78.71,0.8621833134367953,0.3531470094051029,39.95945882481963,26.275706395957656,987.8645357589064,70.32324454846864,0.9937243234355562,0.0005560185029295,0.0009027659501818,0.0,0.0031561668352412,0.0001167225153777,0.0003007134848756,0.0012432892758377,0.9387185783391824,0.0241085314676582,0.0120268340664267,0.0,0.0193136189705151,0.001311929726238,0.0035692912582927,0.0009512161716867,7.098771713766406,1.27555912902641,1.0,1.0933844562558588,1.881038154789124,0.0,1.3554033414702475,1.608974349763954,1.790847024413908,1.0,7.296085655146154,993.0143761526203,67.92140682303575,302.7106577576344,25.654931900849267
0,260.0,29.316595824593648,0.9800000000000004,0.0064325374934771,0.0036782998235802,0.0,0.0071875657120402,0.0004149351894469,0.0011162468161313,0.001170414965324,301.56,78.71,0.8621833134367953,0.3724634204623764,39.95945882481963,26.275706395957656,985.435523786144,71.81219162956297,0.9910328181213892,0.0010804823737468,0.001504356289935,0.0,0.004493486510875,0.0001885689950295,0.0004907068935581,0.0012095808154663,0.9018279617200085,0.0443540415999474,0.019081580767838,0.0,0.0262762210424974,0.0020188324549134,0.0055484535501707,0.0008929088646246,6.988168684190682,1.2864017941822128,1.0,1.0900497340525968,1.8684736346525783,0.0,1.3487542167922586,1.6004704443572175,1.7791912716656542,1.0,7.296085655146154,993.0143761526203,67.92140682303575,302.7106577576344,25.654931900849267
0,260.0,30.83699053891165,0.9800000000000004,0.0064325374934771,0.0036782998235802,0.0,0.0071875657120402,0.0004149351894469,0.0011162468161313,0.001170414965324,301.56,78.71,0.8621833134367953,0.3917798315196499,39.95945882481963,26.275706395957656,983.5490584599632,73.11049517271027,0.9888124093682434,0.0016972818516078,0.0020257958917589,0.0,0.005372484075841,0.0002473726141209,0.000649144521102,0.0011955116773256,0.8686518466686752,0.0662642985069794,0.0245583172503839,0.0,0.0301218144391472,0.002532152235357,0.007018262461905,0.0008533084375517,6.896411664467129,1.295609388346979,1.0,1.0872491309235353,1.8582179502902805,0.0,1.343350599967371,1.5934958099093774,1.7696668355232064,1.0,7.296085655146154,993.0143761526203,67.92140682303575,302.7106577576344,25.654931900849267
0,260.0,32.357385253229644,0.9800000000000004,0.0064325374934771,0.0036782998235802,0.0,0.0071875657120402,0.0004149351894469,0.0011162468161313,0.001170414965324,301.56,78.71,0.8621833134367953,0.4110962425769234,39.95945882481963,26.275706395957656,982.036666798406,74.24942831371378,0.9869326512288976,0.0023872435347713,0.0024582414973897,0.0,0.005964083642546,0.0002938702759423,0.0007763731599406,0.001187536660512,0.8385569795945317,0.088966416244266,0.0285704700813155,0.0,0.0321495886968181,0.0028849551667728,0.0080504996583155,0.0008210905579802,6.818459930362812,1.3035857465547167,1.0,1.08484516275372,1.8496291708835029,0.0,1.3388828788363925,1.5876320585614376,1.7616850869437235,1.0,7.296085655146154,993.0143761526203,67.92140682303575,302.7106577576344,25.654931900849267
0,260.0,33.87777996754764,0.9800000000000004,0.0064325374934771,0.0036782998235802,0.0,0.0071875657120402,0.0004149351894469,0.0011162468161313,0.001170414965324,301.56,78.71,0.8621833134367953,0.4304126536341969,39.95945882481963,26.275706395957656,980.7794937818776,75.26363070775145,0.9852922316916156,0.0031326389207124,0.0028101238189565,0.0,0.0063752735462082,0.0003302738745414,0.0008772255017424,0.0011822326462231,0.8110609097343392,0.111772192923727,0.0313922913791592,0.0,0.0331176284005253,0.0031175012058745,0.0087463064506944,0.0007931699056799,6.750445958065433,1.3106684864887186,1.0,1.0827368925014271,1.842228540851253,0.0,1.3350607361366964,1.58256184278578,1.7548035711040606,1.0,7.296085655146154,993.0143761526203,67.92140682303575,302.7106577576344,25.654931900849267
0,260.0,35.39817468186563,0.9800000000000004,0.0064325374934771,0.0036782998235802,0.0,0.0071875657120402,0.0004149351894469,0.0011162468161313,0.001170414965324,301.56,78.71,0.8621833134367953,0.4497290646914704,39.95945882481963,26.275706395957656,979.6979559187791,76.1834757372477,0.9838200553599882,0.0039191868147737,0.003095455436287,0.0,0.0066707893716834,0.0003588904076623,0.0009572971512239,0.0011783254583812,0.785794650737514,0.1342071638743477,0.033309152555593,0.0,0.0334596272954322,0.0032641599768185,0.0091969870880715,0.000768258472223,6.689578027214929,1.3170969186010233,1.0,1.0808488352726688,1.835676179255728,0.0,1.331711400116081,1.578059098990796,1.748711255016533,1.0,7.296085655146154,993.0143761526203,67.92140682303575,302.7106577576344,25.654931900849267
0,260.0,36.91856939618363,0.9800000000000004,0.0064325374934771,0.0036782998235802,0.0,0.0071875657120402,0.0004149351894469,0.0011162468161313,0.001170414965324,301.56,78.71,0.8621833134367953,0.4690454757487439,39.95945882481963,26.275706395957656,978.739385895456,77.03284863351429,0.9824675953902604,0.0047361698016047,0.0033279945079452,0.0,0.0068899252582554,0.0003816333290419,0.0010214486204948,0.0011752330923974,0.7624694094077737,0.1559756381699955,0.0345594250268677,0.0,0.0334260260169534,0.0033506569006772,0.0094731709558284,0.0007456735219036,6.633911345769877,1.3230460302011051,1.0,1.0791259827298612,1.8297376390932287,0.0,1.3287092583143327,1.5739674486572064,1.7431883898766998,1.0,7.296085655146154,993.0143761526203,67.92140682303575,302.7106577576344,25.654931900849267
0,260.0,38.43896411050163,0.9800000000000004,0.0064325374934771,0.0036782998235802,0.0,0.0071875657120402,0.0004149351894469,0.0011162468161313,0.001170414965324,301.56,78.71,0.8621833134367953,0.4883618868060174,39.95945882481963,26.275706395957656,977.868720015232,77.82961864849644,0.9812018287165576,0.0055758013351573,0.0035192596177134,0.0,0.0070570183842556,0.0003999577509343,0.0010734807671551,0.0011726534282264,0.7408533082119637,0.1769107555412658,0.0353250216653362,0.0,0.0331646131326295,0.0033952308192654,0.0096260777035093,0.0007249929260299,6.582089696100995,1.3286424788976392,1.0,1.0775289913063344,1.8242512444904528,0.0,1.325952462723499,1.5701817601874952,1.7380848338085215,1.0,7.296085655146154,993.0143761526203,67.92140682303575,302.7106577576344,25.654931900849267
0,260.0,39.95935882481962,0.9800000000000004,0.0064325374934771,0.0036782998235802,0.0,0.0071875657120402,0.0004149351894469,0.0011162468161313,0.001170414965324,301.56,78.71,0.8621833134367953,0.5076782978632909,39.95945882481963,26.275706395957656,977.0622636405324,78.58688961318138,0.980000077307657,0.0064324806859441,0.0036782902628036,0.0,0.007187558084793,0.0004149342961379,0.001116244258828,0.0011704151038362,0.7207557562956971,0.1969314681101212,0.0357395004430005,0.0,0.0327648500294337,0.0034105662231331,0.0096919322477696,0.0007059266508445,6.533169936565924,1.3339917367164462,1.0,1.0760352376237652,1.819105428887772,0.0,1.323380083102431,1.566627899558771,1.7332991978197492,1.0,7.296085655146154,993.0143761526203,67.92140682303575,302.7106577576344,25.654931900849267
0,265.0,30.311544257370805,0.9800000000000004,0.0064325374934771,0.0036782998235802,0.0,0.0071875657120402,0.0004149351894469,0.0011162468161313,0.001170414965324,301.56,78.71,0.8787637617721183,0.3851041069415679,42.99528016133398,30.311444257370805,963.900158350898,80.48674698938619,0.996568830880279,0.00018308063342,0.0003185270207829,0.0,0.0013162615819768,4.20423441965498e-05,0.0001046160876265,0.0014666414517181,0.9799976199692788,0.0064334351970886,0.0036787824383492,0.0,0.0071884090958797,0.0004149887536623,0.0011163921318889,0.0011703724138523,6.12753920777013,1.3647927970020275,1.0,1.0743779931283095,1.7447510103660455,0.0,1.2721862139096325,1.5150657080080785,1.6930174745537263,1.0,6.194157229336726,966.2255774553212,79.59167899763797,302.7106577576344,29.571779036695137
0,265.0,31.720837135588937,0.9800000000000004,0.0064325374934771,0.0036782998235802,0.0,0.0071875657120402,0.0004149351894469,0.0011162468161313,0.001170414965324,301.56,78.71,0.8787637617721183,0.4030089840628756,42.99528016133398,30.311444257370805,960.91159982074,82.16234741519112,0.9936187209598542,0.0006059145651481,0.0009238418812245,0.0,0.0031802809888221,0.0001183255774756,0.0002989655407633,0.0012539504867121,0.9476834714615602,0.0202588157982567,0.010214487690596,0.0,0.0166966474753927,0.0011187746335696,0.0030556134965426,0.0009721894440822,6.013724256740414,1.3780342189014854,1.0,1.0712429422270835,1.7324131012387587,0.0,1.2659511312060956,1.5066904804011338,1.681291514826036,1.0,6.194157229336726,966.2255774553212,79.59167899763797,302.7106577576344,29.571779036695137
0,265.0,33.13013001380707,0.9800000000000004,0.0064325374934771,0.0036782998235802,0.0,0.0071875657120402,0.0004149351894469,0.0011162468161313,0.001170414965324,301.56,78.71,0.8787637617721183,0.4209138611841833,42.99528016133398,30.311444257370805,958.5356687918004,83.65188352892349,0.9910512372540125,0.0011288388355508,0.0014947742727685,0.0,0.0044459733658723,0.0001862545376536,0.000477147679525,0.0012157740546168,0.9182592838966636,0.0360630798128709,0.0158771539462801,0.0,0.0225042104302029,0.0016925212982388,0.0046867464306216,0.0009170041851219,5.918837372557712,1.3893714107223836,1.0,1.068596978160914,1.722330110100676,0.0,1.260859405018868,1.499752473655863,1.6716789343926262,1.0,6.194157229336726,966.2255774553212,79.59167899763797,302.7106577576344,29.571779036695137
0,265.0,34.53942289202519,0.9800000000000004,0.0064325374934771,0.0036782998235802,0.0,0.0071875657120402,0.0004149351894469,0.0011162468161313,0.001170414965324,301.56,78.71,0.8787637617721183,0.438818738305491,42.99528016133398,30.311444257370805,956.6389277738008,84.97075265519443,0.9888848802304824,0.0017386271362108,0.0019977447247451,0.0,0.0053060796671733,0.0002431028891675,0.0006301682099606,0.00119939714226,0.8913627924706685,0.0532598548762919,0.0204438281363722,0.0,0.0259576182840777,0.0021291659798464,0.0059654568418225,0.0008812834109205,5.83867465395473,1.3991685264548346,1.0,1.066337839655644,1.7139353013724412,0.0,1.2566448452068553,1.4939510721286169,1.663676298255417,1.0,6.194157229336726,966.2255774553212,79.59167899763797,302.7106577576344,29.571779036695137
0,265.0,35.948715770243325,0.9800000000000004,0.0064325374934771,0.0036782998235802,0.0,0.0071875657120402,0.0004149351894469,0.0011162468161313,0.001170414965324,301.56,78.71,0.8787637617721183,0.4567236154267987,42.99528016133398,30.311444257370805,955.0849798002756,86.14383588007756,0.987019661113588,0.0024191706800868,0.0024234090974593,0.0,0.0059016426034497,0.0002891641125578,0.000756881161983,0.0011900712308752,0.8666039343628785,0.0712647279985329,0.0239498868480838,0.0,0.0279604518765532,0.002446649407467,0.0069214631429775,0.0008528863635066,5.7696293210480665,1.407772634114682,1.0,1.06437141231328,1.7067971904016013,0.0,1.2530892160592455,1.4890020960236774,1.6568682290306271,1.0,6.194157229336726,966.2255774553212,79.59167899763797,302.7106577576344,29.571779036695137
0,265.0,37.35800864846146,0.9800000000000004,0.0064325374934771,0.0036782998235802,0.0,0.0071875657120402,0.0004149351894469,0.0011162468161313,0.001170414965324,301.56,78.71,0.8787637617721183,0.4746284925481064,42.99528016133398,30.311444257370805,953.7731726298488,87.19947495548432,0.985373105060761,0.0031550411653057,0.0027767068123861,0.0,0.0063250450491496,0.000326043248496,0.0008601664396979,0.0011838922242033,0.8436760934067196,0.0895876402225112,0.0265530956917576,0.0,0.029071036247793,0.0026702599072847,0.0076133982625473,0.0008284762613863,5.708839791535142,1.4154721959442498,1.0,1.062630343104376,1.700583559743333,0.0,1.2500263871547157,1.4846817204464515,1.6509401548251954,1.0,6.194157229336726,966.2255774553212,79.59167899763797,302.7106577576344,29.571779036695137
0,265.0,38.76730152667959,0.9800000000000004,0.0064325374934771,0.0036782998235802,0.0,0.0071875657120402,0.0004149351894469,0.0011162468161313,0.001170414965324,301.56,78.71,0.8787637617721183,0.4925333696694142,42.99528016133398,30.311444257370805,952.6331610949998,88.16362483054729,0.983884755795128,0.0039332656297849,0.0030682165929231,0.0,0.0066346679950847,0.00035558785666,0.000944129285556,0.001179376844863,0.8223411118476328,0.1078629604081974,0.0284379112118761,0.0,0.0296263608163562,0.0028234867163441,0.0081014628588139,0.0008067061407791,5.654159010244872,1.422499655078152,1.0,1.0610622424415983,1.695048998057875,0.0,1.2473193398565507,1.4808237747592936,1.6456591184636808,1.0,6.194157229336726,966.2255774553212,79.59167899763797,302.7106577576344,29.571779036695137
0,265.0,40.17659440489771,0.9800000000000004,0.0064325374934771,0.0036782998235802,0.0,0.0071875657120402,0.0004149351894469,0.0011162468161313,0.001170414965324,301.56,78.71,0.8787637617721183,0.5104382467907218,42.99528016133398,30.311444257370805,951.6165487857742,89.05760534015879,0.9825117517907253,0.0047436901666601,0.0033092631905119,0.0,0.0068673115461299,0.0003794322589871,0.0010127117614708,0.0011758392855146,0.8024110562318928,0.1258394844945696,0.02977037871463,0.0,0.0298305670115145,0.0029251067534942,0.0084365087417022,0.0007868980521964,5.60403287892285,1.4290244987959078,1.0,1.059627646612424,1.690018167160504,0.0,1.2448803697752782,1.4773149276792945,1.640858411639171,1.0,6.194157229336726,966.2255774553212,79.59167899763797,302.7106577576344,29.571779036695137
0,265.0,41.585887283115845,0.9800000000000004,0.0064325374934771,0.0036782998235802,0.0,0.0071875657120402,0.0004149351894469,0.0011162468161313,0.001170414965324,301.56,78.71,0.8787637617721183,0.5283431239120295,42.99528016133398,30.311444257370805,950.690014005697,89.89799833358538,0.9812239537136336,0.0055786559930069,0.0035098818853023,0.0,0.0070464915213069,0.0003988817101397,0.0010692147613388,0.0011729204152716,0.7837342372125845,0.1433557741756486,0.0306847746232353,0.0,0.029809363697924,0.0029891733542757,0.0086580206646705,0.0007686562716611,5.557342929043614,1.435160326087491,1.0,1.058297397652784,1.685365602244865,0.0,1.2426442779623683,1.4740648858381191,1.6364185790889416,1.0,6.194157229336726,966.2255774553212,79.59167899763797,302.7106577576344,29.571779036695137
0,265.0,42.99518016133398,0.9800000000000004,0.0064325374934771,0.0036782998235802,0.0,0.0071875657120402,0.0004149351894469,0.0011162468161313,0.001170414965324,301.56,78.71,0.8787637617721183,0.5462480010333374,42.99528016133398,30.311444257370805,949.830394563808,90.69737468880716,0.9800000849549356,0.0064324763513213,0.0036782888548253,0.0,0.0071875567902825,0.0004149341520263,0.0011162437649261,0.0011704151316826,0.7661853648061455,0.1603151539438039,0.0312844688909127,0.0,0.029641851014842,0.0030259159201006,0.0087955219156102,0.000751723508585,5.513287222593267,1.4410321702424036,1.0,1.05704977148286,1.6810024358359816,0.0,1.2405553413125263,1.4710113753710636,1.6322551826195455,1.0,6.194157229336726,966.2255774553212,79.59167899763797,302.7106577576344,29.571779036695137
0,270.0,34.799403815412006,0.9800000000000004,0.0064325374934771,0.0036782998235802,0.0,0.0071875657120402,0.0004149351894469,0.0011162468161313,0.001170414965324,301.56,78.71,0.8953442101074413,0.44212176109023,46.47789923836604,34.799303815412,934.2008253469564,94.45568438823751,0.9961913067467748,0.0002414533873868,0.0003882815933361,0.0,0.0015473077056468,5.0694233788679326e-05,0.0001235738494965,0.00145738248357,0.9799980079498268,0.0064332991954422,0.0036787046013717,0.0,0.0071882596447237,0.0004149800027698,0.0011163689467527,0.0011703796591128,5.059546653941653,1.489529903839958,1.0,1.0536817414957522,1.6101400063900824,0.0,1.1949808821335393,1.4196303873374156,1.5875465114027567,1.0,5.130843724671824,936.9320241360858,93.30322734807504,302.7106577576344,33.91794976874195
0,270.0,36.09700330685134,0.9800000000000004,0.0064325374934771,0.0036782998235802,0.0,0.0071875657120402,0.0004149351894469,0.0011162468161313,0.001170414965324,301.56,78.71,0.8953442101074413,0.4586075887034855,46.47789923836604,34.799303815412,931.3570978258454,96.12009689859316,0.9934498017152222,0.0006715038624791,0.0009568425864479,0.0,0.0032332490556188,0.0001216264372527,0.0003019595792509,0.001265016763728,0.9549365688295596,0.0171681061612066,0.0087496798773816,0.0,0.0145563541479452,0.0009615100667542,0.0026336544736301,0.0009941264435225,4.965157150592041,1.503434646942425,1.0,1.051302586069284,1.6004632784793391,0.0,1.1903890227474532,1.412971812231684,1.5781230686051342,1.0,5.130843724671824,936.9320241360858,93.30322734807504,302.7106577576344,33.91794976874195
0,270.0,37.39460279829068,0.9800000000000004,0.0064325374934771,0.0036782998235802,0.0,0.0071875657120402,0.0004149351894469,0.0011162468161313,0.001170414965324,301.56,78.71,0.8953442101074413,0.4750934163167409,46.47789923836604,34.799303815412,929.0337445618944,97.61858263584494,0.9910172134108384,0.0011932252507394,0.0014955149212815,0.0,0.0044175375721146,0.0001854669253202,0.000468242564552,0.0012227993551536,0.9317685243307574,0.0293693502369404,0.0132341587309552,0.0,0.0193142750578449,0.0014195079961421,0.0039530985796511,0.0009410850677084,4.8849178412999965,1.515560561923651,1.0,1.0492591898026435,1.5923879675858414,0.0,1.1865559107909982,1.407339292550875,1.5702306734446918,1.0,5.130843724671824,936.9320241360858,93.30322734807504,302.7106577576344,33.91794976874195
0,270.0,38.69220228973001,0.9800000000000004,0.0064325374934771,0.0036782998235802,0.0,0.0071875657120402,0.0004149351894469,0.0011162468161313,0.001170414965324,301.56,78.71,0.8953442101074413,0.4915792439299964,46.47789923836604,34.799303815412,927.1277173689516,98.96506818583087,0.9889184836209116,0.001795666494154,0.0019773496176886,0.0,0.005249755579475,0.0002399845063465,0.0006147900495421,0.0012039701318819,0.9103056666180248,0.0426678042733933,0.016970536010188,0.0,0.0223307661876569,0.0017821038418406,0.0050349281248424,0.0009081949440537,4.815914751324859,1.5262319624209952,1.0,1.0474851512392518,1.5855324750480366,0.0,1.1833217979662192,1.402547968614449,1.5635259582043095,1.0,5.130843724671824,936.9320241360858,93.30322734807504,302.7106577576344,33.91794976874195
0,270.0,39.98980178116935,0.9800000000000004,0.0064325374934771,0.0036782998235802,0.0,0.0071875657120402,0.0004149351894469,0.0011162468161313,0.001170414965324,301.56,78.71,0.8953442101074413,0.5080650715432519,46.47789923836604,34.799303815412,925.5311707564958,100.1793348464783,0.9870799721743272,0.0024655588598774,0.0023932738756977,0.0,0.0058432167541925,0.0002851966231725,0.0007396647671129,0.0011931169456195,0.8903085713386236,0.0566875345974084,0.0199574334549878,0.0,0.0242182228502168,0.0020585062480757,0.0058869127386836,0.0008828187720037,4.755639330810345,1.5357319475855378,1.0,1.0459239085791996,1.5796126520087093,0.0,1.1805531411246366,1.3983983635032733,1.55773398616383,1.0,5.130843724671824,936.9320241360858,93.30322734807504,302.7106577576344,33.91794976874195
0,270.0,41.28740127260869,0.9800000000000004,0.0064325374934771,0.0036782998235802,0.0,0.0071875657120402,0.0004149351894469,0.0011162468161313,0.001170414965324,301.56,78.71,0.8953442101074413,0.5245508991565073,46.47789923836604,34.799303815412,924.1609893598524,101.28420552282856,0.9854367732513208,0.0031898201789486,0.0027455270517239,0.0,0.006275484694407,0.0003222147376937,0.0008442664097453,0.0011859136761604,0.871582207448283,0.0710974107296408,0.0222792530364886,0.0,0.0253758928665877,0.002263926537583,0.0065399630379775,0.0008613463434391,4.702043060032085,1.544318800476274,1.0,1.04452890498557,1.5744058982707525,0.0,1.1781345889623671,1.3947357335115311,1.5526339180444777,1.0,5.130843724671824,936.9320241360858,93.30322734807504,302.7106577576344,33.91794976874195
0,270.0,42.585000764048026,0.9800000000000004,0.0064325374934771,0.0036782998235802,0.0,0.0071875657120402,0.0004149351894469,0.0011162468161313,0.001170414965324,301.56,78.71,0.8953442101074413,0.5410367267697628,46.47789923836604,34.799303815412,922.9565616801924,102.30137752174976,0.9839391349639608,0.0039570043566649,0.0030415908835956,0.0,0.0065977647125547,0.000352460969852,0.0009313743193503,0.0011806697940213,0.8539725883189174,0.0856339450658381,0.0240489599899894,0.0,0.0260574683815682,0.0024137151917479,0.0070309977636083,0.0008423252883305,4.653537326708048,1.5522098732146177,1.0,1.043263712576428,1.5697312232789329,0.0,1.1759795647091458,1.3914454254115884,1.5480605202657527,1.0,5.130843724671824,936.9320241360858,93.30322734807504,302.7106577576344,33.91794976874195
0,270.0,43.88260025548736,0.9800000000000004,0.0064325374934771,0.0036782998235802,0.0,0.0071875657120402,0.0004149351894469,0.0011162468161313,0.001170414965324,301.56,78.71,0.8953442101074413,0.5575225543830182,46.47789923836604,34.799303815412,921.8744979937388,103.2494306698677,0.982550387463692,0.0047577730925861,0.0032903432163399,0.0,0.0068436275614792,0.0003772803154882,0.0010039982805631,0.0011765900698513,0.8373573298124874,0.1001017816687455,0.0253766367082572,0.0,0.0264239589557371,0.0025209648980715,0.0073942853753818,0.0008250425813189,4.608922681756185,1.5595733835753394,1.0,1.0421032985316316,1.5654663695193842,0.0,1.1740335101476704,1.38843833478247,1.5438856233011715,1.0,5.130843724671824,936.9320241360858,93.30322734807504,302.7106577576344,33.91794976874195
0,270.0,45.1801997469267,0.9800000000000004,0.0064325374934771,0.0036782998235802,0.0,0.0071875657120402,0.0004149351894469,0.0011162468161313,0.001170414965324,301.56,78.71,0.8953442101074413,0.5740083819962737,46.47789923836604,34.799303815412,920.883842007086,104.14340070817713,0.9812438437283496,0.0055848042243692,0.0035001732049842,0.0,0.0070352598719811,0.0003978040733352,0.0010648619975417,0.0011732528994388,0.8216374753962634,0.1143634436248011,0.0263568569261022,0.0,0.0265786972456272,0.0025960184999016,0.0076584107654124,0.0008090975418918,4.567309044986889,1.5665219762743845,1.0,1.0410242724184162,1.5615145049838794,0.0,1.1722375796370663,1.3856507288788729,1.540017483110956,1.0,5.130843724671824,936.9320241360858,93.30322734807504,302.7106577576344,33.91794976874195
0,270.0,46.47779923836603,0.9800000000000004,0.0064325374934771,0.0036782998235802,0.0,0.0071875657120402,0.0004149351894469,0.0011162468161313,0.001170414965324,301.56,78.71,0.8953442101074413,0.5904942096095291,46.47789923836604,34.799303815412,919.9624009174167,104.99509551037404,0.9800000938113452,0.0064324714975476,0.0036782871609204,0.0,0.007187555207615,0.0004149339810912,0.001116243172488,0.0011704151689924,0.8067313171094452,0.128326406383023,0.0270661148936184,0.0,0.0265891414487709,0.0026467568790758,0.0078460221186356,0.0007942411674306,4.52803696423115,1.573152491745739,1.0,1.0400113543232947,1.5578066672856166,0.0,1.1705692706839486,1.3830309483522336,1.5363871366597512,1.0,5.130843724671824,936.9320241360858,93.30322734807504,302.7106577576344,33.91794976874195
0,275.0,39.77742963476972,0.9800000000000004,0.0064325374934771,0.0036782998235802,0.0,0.0071875657120402,0.0004149351894469,0.0011162468161313,0.001170414965324,301.56,78.71,0.9119246584427644,0.5053669118888289,50.42409126795717,39.777329634769714,901.166705049568,111.11466735018344,0.9957297161363688,0.0003218226164252,0.0004755241528085,0.0,0.0018193097951419,6.152409280012783e-05,0.0001474405674383,0.0014446626390169,0.9799983370284624,0.0064331835283342,0.0036786384263074,0.0,0.0071881332529112,0.000414972552651,0.001116349239926,0.0011703859714075,4.036009210781861,1.647001918158533,1.0,1.0354382405761993,1.489905996810603,0.0,1.130660079977628,1.332233810319581,1.487877443614152,1.0,4.11187312512685,904.4335281070778,109.60126774294156,302.7106577576344,38.72523437118672
0,275.0,40.9603809273461,0.9800000000000004,0.0064325374934771,0.0036782998235802,0.0,0.0071875657120402,0.0004149351894469,0.0011162468161313,0.001170414965324,301.56,78.71,0.9119246584427644,0.520396149502555,50.42409126795717,39.777329634769714,898.457821959077,112.77923768267108,0.9931997413052728,0.000759515431334,0.0010056728377612,0.0,0.0033214748476506,0.0001270302420662,0.0003106870591711,0.0012758782767438,0.960835593979866,0.0146690699864785,0.0075586265293879,0.0,0.0128006556448177,0.0008329378744393,0.0022858208175322,0.0010172951674784,3.9592596100753337,1.662021267543199,1.0,1.033706593698272,1.48235551142627,0.0,1.1273653224720486,1.3269884266890957,1.4803406520061757,1.0,4.11187312512685,904.4335281070778,109.60126774294156,302.7106577576344,38.72523437118672
0,275.0,42.143332219922485,0.9800000000000004,0.0064325374934771,0.0036782998235802,0.0,0.0071875657120402,0.0004149351894469,0.0011162468161313,0.001170414965324,301.56,78.71,0.9119246584427644,0.5354253871162812,50.42409126795717,39.777329634769714,896.1842594155496,114.29682875899448,0.9909146687631676,0.0012799440191062,0.0015099604689504,0.0,0.0044134599791859,0.0001865315134801,0.0004648902709743,0.0012305449851353,0.9429012580183505,0.0239461002034229,0.0110484421514472,0.0,0.0166166959079354,0.001191274740029,0.003330194754559,0.0009660342242556,3.892762128907518,1.6753820924907523,1.0,1.0321940294445568,1.4759193138901667,0.0,1.1245600936954898,1.3224630699186866,1.473890570497847,1.0,4.11187312512685,904.4335281070778,109.60126774294156,302.7106577576344,38.72523437118672
0,275.0,43.32628351249887,0.9800000000000004,0.0064325374934771,0.0036782998235802,0.0,0.0071875657120402,0.0004149351894469,0.0011162468161313,0.001170414965324,301.56,78.71,0.9119246584427644,0.5504546247300073,50.42409126795717,39.777329634769714,894.2676405383118,115.68009769326147,0.9888992571623636,0.0018741922161402,0.0019675572092204,0.0,0.0052075206553522,0.0002382979974563,0.000603914514586,0.0012092602448809,0.9261022790864558,0.0340398329230907,0.0140392913424704,0.0,0.0191795684055849,0.0014847258363701,0.0042191511259945,0.0009351512800333,3.834566218281682,1.6873388755843828,1.0,1.030863532123148,1.4703495425834845,0.0,1.1221483262508756,1.3185394945911248,1.4683058721379598,1.0,4.11187312512685,904.4335281070778,109.60126774294156,302.7106577576344,38.72523437118672
0,275.0,44.50923480507525,0.9800000000000004,0.0064325374934771,0.0036782998235802,0.0,0.0071875657120402,0.0004149351894469,0.0011162468161313,0.001170414965324,301.56,78.71,0.9119246584427644,0.5654838623437334,50.42409126795717,39.777329634769714,892.6252823388852,116.9447610455972,0.9871021310765454,0.0025316108421975,0.0023702680691743,0.0,0.0057914916485048,0.0002821993954298,0.0007255620885273,0.0011967368796205,0.9102939583816856,0.0447193773973609,0.0165163782718655,0.0,0.0208897623803649,0.0017177113114689,0.0049507417851046,0.0009120704721491,3.7829974639234583,1.6981509769021743,1.0,1.0296787288695732,1.4654605917167507,0.0,1.1200479081959334,1.3150884315379132,1.4634038613586875,1.0,4.11187312512685,904.4335281070778,109.60126774294156,302.7106577576344,38.72523437118672
0,275.0,45.69218609765163,0.9800000000000004,0.0064325374934771,0.0036782998235802,0.0,0.0071875657120402,0.0004149351894469,0.0011162468161313,0.001170414965324,301.56,78.71,0.9119246584427644,0.5805130999574595,50.42409126795717,39.777329634769714,891.1907301344412,118.10886355078073,0.9854744631271638,0.0032414605274478,0.002718401102451,0.0,0.0062281567396665,0.0003189599716268,0.0008301997778046,0.0011883587538392,0.8953531216867644,0.0557733947350538,0.0185203817507164,0.0,0.0220220750786624,0.0018989167955321,0.0055391442368771,0.0008929657163935,3.73664915660694,1.7080400904317885,1.0,1.0286126883790492,1.4611046587275678,0.0,1.118191058396537,1.3120085819295957,1.4590346529230906,1.0,4.11187312512685,904.4335281070778,109.60126774294156,302.7106577576344,38.72523437118672
0,275.0,46.87513739022801,0.9800000000000004,0.0064325374934771,0.0036782998235802,0.0,0.0071875657120402,0.0004149351894469,0.0011162468161313,0.001170414965324,301.56,78.71,0.9119246584427644,0.5955423375711856,50.42409126795717,39.777329634769714,889.9134169564204,119.19008532507308,0.9839770170707124,0.0039939994795196,0.0030167690820998,0.0,0.0065608432319692,0.0003496205902383,0.0009194974623167,0.0011822530831436,0.8811804886139499,0.0670244662559129,0.0201157813524772,0.0,0.0227601438916388,0.002037849214056,0.0060050050647833,0.0008762656071816,3.694401640355202,1.7172084945040451,1.0,1.0276405966450497,1.4571655386823696,0.0,1.1165221451917284,1.3092197809504054,1.455086831234294,1.0,4.11187312512685,904.4335281070778,109.60126774294156,302.7106577576344,38.72523437118672
0,275.0,48.0580886828044,0.9800000000000004,0.0064325374934771,0.0036782998235802,0.0,0.0071875657120402,0.0004149351894469,0.0011162468161313,0.001170414965324,301.56,78.71,0.9119246584427644,0.6105715751849117,50.42409126795717,39.777329634769714,888.7556341686727,120.20416069607924,0.9825796816801352,0.0047809525053119,0.0032718857454096,0.0,0.0068191516053701,0.0003752369609449,0.0009955736643044,0.0011775178385236,0.8676963498921243,0.0783325025405692,0.0213710968788324,0.0,0.0232260751331383,0.0021431546042346,0.0063696218835035,0.0008611990675976,3.655370825126368,1.7257981269121998,1.0,1.0267448731472293,1.4535504103818029,0.0,1.115004842147283,1.3066592389689426,1.451462915889848,1.0,4.11187312512685,904.4335281070778,109.60126774294156,302.7106577576344,38.72523437118672
0,275.0,49.24103997538078,0.9800000000000004,0.0064325374934771,0.0036782998235802,0.0,0.0071875657120402,0.0004149351894469,0.0011162468161313,0.001170414965324,301.56,78.71,0.9119246584427644,0.6256008127986378,50.42409126795717,39.777329634769714,887.6894447121695,121.164338452278,0.9812597339385876,0.0055955682606071,0.0034903840800551,0.0,0.0070233705212583,0.0003967472073434,0.0010605293738799,0.0011736666182684,0.8548360935805779,0.089591636038012,0.02234912214316,0.0,0.0235015752532796,0.0022220460564523,0.0066521877908582,0.0008473391376596,3.61888124025054,1.7339417888512585,1.0,1.0259106984458553,1.4501918477147793,0.0,1.1136038316237589,1.304275736729314,1.4480967388122954,1.0,4.11187312512685,904.4335281070778,109.60126774294156,302.7106577576344,38.72523437118672
0,275.0,50.42399126795716,0.9800000000000004,0.0064325374934771,0.0036782998235802,0.0,0.0071875657120402,0.0004149351894469,0.0011162468161313,0.001170414965324,301.56,78.71,0.9119246584427644,0.640630050412364,50.42409126795717,39.777329634769714,886.6941319312848,122.08141135119548,0.9800001043009984,0.006432465943846,0.003678285083635,0.0,0.0071875532262651,0.000414933774003,0.0011162424509774,0.0011704152202746,0.8425464636381835,0.1007245382819924,0.0231034023715827,0.0,0.0236420001353334,0.0022802841847884,0.0068688842748624,0.0008344271132569,3.5844159989471183,1.741731162070302,1.0,1.0251289051748298,1.4470368970464031,0.0,1.1122947912085412,1.302032005177686,1.4449357812417074,1.0,4.11187312512685,904.4335281070778,109.60126774294156,302.7106577576344,38.72523437118672
0,280.0,45.28957905825196,0.9800000000000004,0.0064325374934771,0.0036782998235802,0.0,0.0071875657120402,0.0004149351894469,0.0011162468161313,0.001170414965324,301.56,78.71,0.9285051067780872,0.575398031485859,54.84934477178328,45.28947905825196,863.6699060004969,131.35432052600547,0.9951495065294016,0.0004361808471134,0.000587731992816,0.0,0.0021447851523123,7.541765797658107e-05,0.0001784770245909,0.0014279007957889,0.9799986196144768,0.0064330838666473,0.0036785814284684,0.0,0.0071880251977185,0.0004149661254436,0.0011163322633927,0.0011703915038526,3.064854337481388,1.8550081553367008,1.0,1.0199471599783287,1.3814438198974757,0.0,1.0782843144904983,1.2520928317262314,1.3929018358296836,1.0,3.1449654870637134,867.6798743518019,129.30886906724652,302.7106577576344,44.02808165538378
0,280.0,46.351764137533216,0.9800000000000004,0.0064325374934771,0.0036782998235802,0.0,0.0071875657120402,0.0004149351894469,0.0011162468161313,0.001170414965324,301.56,78.71,0.9285051067780872,0.5888929505467313,54.84934477178328,45.28947905825196,861.0844249313785,133.0324388544162,0.9928390791109124,0.0008813715854864,0.0010767264952134,0.0,0.0034550926952041,0.0001352226462503,0.0003269286071362,0.0012855788597966,0.9656658588315064,0.0126301156131755,0.0065828164969996,0.0,0.0113546710525976,0.0007272191972126,0.0019974781362951,0.0010418406722128,3.004268125698248,1.8718546848265447,1.0,1.0187791832217945,1.3756023680779093,0.0,1.0760329521976368,1.2480191997718162,1.3869285866241474,1.0,3.1449654870637134,867.6798743518019,129.30886906724652,302.7106577576344,44.02808165538378
0,280.0,47.41394921681447,0.9800000000000004,0.0064325374934771,0.0036782998235802,0.0,0.0071875657120402,0.0004149351894469,0.0011162468161313,0.001170414965324,301.56,78.71,0.9285051067780872,0.6023878696076036,54.84934477178328,45.28947905825196,858.8547867175915,134.58212577641527,0.990717474786084,0.0013996156729049,0.0015435822249462,0.0,0.0044419840476142,0.0001900004902184,0.0004686319381962,0.0012387108400363,0.952115976392033,0.019526863690924,0.0092322681887725,0.0,0.0143308401751502,0.0010001555504672,0.0028011687688902,0.0009927272337625,2.950770731768981,1.8871395405822584,1.0,1.0177466003565585,1.3705130751585397,0.0,1.07407677989982,1.244436758365777,1.3817062979842356,1.0,3.1449654870637134,867.6798743518019,129.30886906724652,302.7106577576344,44.02808165538378
0,280.0,48.47613429609573,0.9800000000000004,0.0064325374934771,0.0036782998235802,0.0,0.0071875657120402,0.0004149351894469,0.0011162468161313,0.001170414965324,301.56,78.71,0.9285051067780872,0.6158827886684758,54.84934477178328,45.28947905825196,856.9229170817803,136.01467095084288,0.988804767618792,0.0019838661805668,0.0019730355737639,0.0,0.0051856556493777,0.0002385011083404,0.0005989567145683,0.0012152171545908,0.9393056416933828,0.0269936507714205,0.0115597837416093,0.0,0.0164401035318617,0.0012303879106204,0.0035070866034915,0.0009633457476136,2.9031310437126248,1.9010742299649563,1.0,1.0168274761143845,1.3660216513007746,0.0,1.0723641892626157,1.2412666378204866,1.37709490959173,1.0,3.1449654870637134,867.6798743518019,129.30886906724652,302.7106577576344,44.02808165538378
0,280.0,49.538319375376986,0.9800000000000004,0.0064325374934771,0.0036782998235802,0.0,0.0071875657120402,0.0004149351894469,0.0011162468161313,0.001170414965324,301.56,78.71,0.9285051067780872,0.6293777077293481,54.84934477178328,45.28947905825196,855.2280699198249,137.3424768694742,0.9870677453076532,0.0026258900558503,0.0023582204465674,0.0,0.0057508111853913,0.0002805407247836,0.0007158266926721,0.0012009655870815,0.9271504682661624,0.0348969947987714,0.0135492804390072,0.0,0.0179309924548861,0.0014198786637657,0.0041104147014263,0.0009419706759806,2.860289431479556,1.9138854482153853,1.0,1.0160024983990237,1.3620148902975926,0.0,1.0708465166314585,1.2384345151973764,1.3729799575191513,1.0,3.1449654870637134,867.6798743518019,129.30886906724652,302.7106577576344,44.02808165538378
0,280.0,50.60050445465825,0.9800000000000004,0.0064325374934771,0.0036782998235802,0.0,0.0071875657120402,0.0004149351894469,0.0011162468161313,0.001170414965324,301.56,78.71,0.9285051067780872,0.6428726267902205,54.84934477178328,45.28947905825196,853.7194161905235,138.57949018035174,0.9854719562193012,0.0033172503096683,0.0026982354288179,0.0,0.0061857452287878,0.0003165527518755,0.0008189765960484,0.0011912834655007,0.9155746379100548,0.0431111030351964,0.0152173182245877,0.0,0.0189827345321051,0.0015732639314549,0.0046162275908027,0.0009247147757983,2.8213410056153587,1.925755168160992,1.0,1.0152555174504927,1.3584005830136692,0.0,1.0694882019752912,1.235875492909812,1.3692666620094611,1.0,3.1449654870637134,867.6798743518019,129.30886906724652,302.7106577576344,44.02808165538378
0,280.0,51.66268953393951,0.9800000000000004,0.0064325374934771,0.0036782998235802,0.0,0.0071875657120402,0.0004149351894469,0.0011162468161313,0.001170414965324,301.56,78.71,0.9285051067780872,0.6563675458510928,54.84934477178328,45.28947905825196,852.3565775378794,139.73965270252842,0.9839882425117892,0.0040500438456943,0.0029957263422613,0.0,0.0065253441570487,0.0003472482779029,0.0009092163066947,0.0011841785586089,0.90451524592538,0.0515255694632322,0.0165972462574833,0.0,0.0197213148693917,0.0016960332813665,0.0050346763109704,0.0009099138921755,2.785543872037954,1.936868131226499,1.0,1.0145723308648138,1.355097285195868,0.0,1.0682568772417316,1.233535354147269,1.3658750473397512,1.0,3.1449654870637134,867.6798743518019,129.30886906724652,302.7106577576344,44.02808165538378
0,280.0,52.72487461322076,0.9800000000000004,0.0064325374934771,0.0036782998235802,0.0,0.0071875657120402,0.0004149351894469,0.0011162468161313,0.001170414965324,301.56,78.71,0.9285051067780872,0.669862464911965,54.84934477178328,45.28947905825196,851.1081379676187,140.8358074922686,0.98259324062473,0.0048172919807456,0.0032550296199799,0.0,0.0067945070249931,0.0003734039942454,0.0009878668359706,0.0011786599193351,0.8939209372787107,0.0600483949942362,0.0177281731968061,0.0,0.0202346092655088,0.0017935062030843,0.0053776440266423,0.0008967350350113,2.752288285146633,1.9473627980552095,1.0,1.013941820680448,1.3520459104715226,0.0,1.0671281347358972,1.231374573618239,1.3627443287906524,1.0,3.1449654870637134,867.6798743518019,129.30886906724652,302.7106577576344,44.02808165538378
0,280.0,53.78705969250202,0.9800000000000004,0.0064325374934771,0.0036782998235802,0.0,0.0071875657120402,0.0004149351894469,0.0011162468161313,0.001170414965324,301.56,78.71,0.9285051067780872,0.6833573839728373,54.84934477178328,45.28947905825196,849.9498657114877,141.8791949185127,0.9812686204132888,0.0056130673942163,0.0034809851908361,0.0,0.0070109942713301,0.0003957518650153,0.0010564002380509,0.0011741806272625,0.8837497438770406,0.0686057503101569,0.0186485649552909,0.0,0.0205840444493583,0.00187037439765,0.0056568078917522,0.0008847141187509,2.7210938431685427,1.9573604477189115,1.0,1.0133556952636165,1.3491971428854832,0.0,1.0660826217672312,1.2293546723505298,1.3598218472377546,1.0,3.1449654870637134,867.6798743518019,129.30886906724652,302.7106577576344,44.02808165538378
0,280.0,54.84924477178328,0.9800000000000004,0.0064325374934771,0.0036782998235802,0.0,0.0071875657120402,0.0004149351894469,0.0011162468161313,0.001170414965324,301.56,78.71,0.9285051067780872,0.6968523030337096,54.84934477178328,45.28947905825196,848.8631111796767,142.8793340154352,0.980000117118012,0.0064324593939738,0.0036782824658221,0.0,0.0071875506622675,0.0004149335153586,0.0011162415513649,0.0011704152932008,0.8739670375822485,0.0771400364875093,0.0193931713892811,0.0,0.0208128992829957,0.0019305733819133,0.0058827106709047,0.000873571205147,2.6915788142732846,1.966959004393551,1.0,1.012806420459998,1.3465126004850734,0.0,1.065104029917388,1.2274487824388256,1.3570684853532802,1.0,3.1449654870637134,867.6798743518019,129.30886906724652,302.7106577576344,44.02808165538378
0,285.0,51.38949308316647,0.9800000000000004,0.0064325374934771,0.0036782998235802,0.0,0.0071875657120402,0.0004149351894469,0.0011162468161313,0.001170414965324,301.56,78.71,0.9450855551134104,0.6528966215622726,59.76457664994277,51.38939308316647,819.8536604586893,156.6594011337469,0.9943887654802724,0.0006071803718532,0.0007383406069297,0.0,0.0025450033690516,9.39193605208101e-05,0.0002207671571609,0.0014060236542112,0.9799988663671876,0.0064329964498752,0.0036785314511121,0.0,0.0071879314808071,0.0004149604809896,0.0011163173673628,0.0011703964026654,2.1574154334957782,2.1493760903008057,1.0000000008527488,1.0078726497481771,1.2826340430794436,0.0,1.0377032433685902,1.1787050888865678,1.301663814384192,1.0000000013410146,2.2410524707626744,824.9746819221486,153.77005765610247,302.7106577576344,49.86436423924916
0,285.0,52.32004681280828,0.9800000000000004,0.0064325374934771,0.0036782998235802,0.0,0.0071875657120402,0.0004149351894469,0.0011162468161313,0.001170414965324,301.56,78.71,0.9450855551134104,0.6647191819693594,59.76457664994277,51.38939308316647,817.3776336882432,158.36802929997194,0.992314293341675,0.0010584207057196,0.0011815147703431,0.0,0.0036516707107377,0.0001474501442606,0.0003540638427719,0.001292586484492,0.9696578345734294,0.0109459921675347,0.0057752260002353,0.0,0.0101571888986745,0.0006395826385285,0.0017563665677959,0.0010678091538013,2.111802144045289,2.1693900083335538,1.000000000823006,1.0072128525826074,1.2782003561361297,0.0,1.0363120956462812,1.17562706957316,1.297020849382818,1.0000000015739756,2.2410524707626744,824.9746819221486,153.77005765610247,302.7106577576344,49.86436423924916
0,285.0,53.250600542450094,0.9800000000000004,0.0064325374934771,0.0036782998235802,0.0,0.0071875657120402,0.0004149351894469,0.0011162468161313,0.001170414965324,301.56,78.71,0.9450855551134104,0.6765417423764464,59.76457664994277,51.38939308316647,815.181601750549,159.96744089090555,0.990378642861477,0.0015719355695311,0.0016061829865594,0.0,0.0045173806940934,0.0001968897673101,0.000482353791271,0.0012466143297577,0.9597992962132532,0.0158930788187186,0.0077114107991543,0.0,0.0123847400751318,0.0008393327762441,0.0023500386903286,0.0010221026271687,2.070749508988297,2.187924295853108,1.0000000002987086,1.006626643472766,1.2742493701690367,0.0,1.035081409576066,1.1728653976677363,1.292867949280772,1.0000000006056875,2.2410524707626744,824.9746819221486,153.77005765610247,302.7106577576344,49.86436423924916
0,285.0,54.1811542720919,0.9800000000000004,0.0064325374934771,0.0036782998235802,0.0,0.0071875657120402,0.0004149351894469,0.0011162468161313,0.001170414965324,301.56,78.71,0.9450855551134104,0.6883643027835333,59.76457664994277,51.38939308316647,813.2246221772748,161.46721015454136,0.9885949121066532,0.0021424510516809,0.0020020455465517,0.0,0.005195140379268,0.0002414238759686,0.0006024338013931,0.0012215932384841,0.9504039847207632,0.0212051683598666,0.0094503713211372,0.0,0.0140483514722365,0.0010124100002536,0.0028855281823817,0.0009941859433609,2.033539957859259,2.2051746000131858,1.000000000314084,1.006103509147995,1.270692314861059,0.0,1.0339841753397778,1.1703749590576136,1.2891246641446348,1.0000000005451943,2.2410524707626744,824.9746819221486,153.77005765610247,302.7106577576344,49.86436423924916
0,285.0,55.11170800173371,0.9800000000000004,0.0064325374934771,0.0036782998235802,0.0,0.0071875657120402,0.0004149351894469,0.0011162468161313,0.001170414965324,301.56,78.71,0.9450855551134104,0.7001868631906202,59.76457664994277,51.38939308316647,811.4648558427991,162.876902667027,0.986943921707384,0.0027639737135734,0.0023638687162277,0.0,0.0057290058973331,0.0002808800294729,0.0007126050843234,0.0012057448516852,0.94142602884346,0.0268116660889882,0.0109800566346282,0.0,0.0152899675814004,0.0011596209869152,0.0033585048910998,0.0009741549735078,1.999556563079563,2.2199764153513564,1.0,1.0056295272374256,1.2671788923722362,0.0,1.032929562620892,1.167908207894803,1.285423648430086,1.0,2.2410524707626744,824.9746819221486,153.77005765610247,302.7106577576344,49.86436423924916
0,285.0,56.042261731375525,0.9800000000000004,0.0064325374934771,0.0036782998235802,0.0,0.0071875657120402,0.0004149351894469,0.0011162468161313,0.001170414965324,301.56,78.71,0.9450855551134104,0.7120094235977071,59.76457664994277,51.38939308316647,809.8659385337528,164.20690260222332,0.9854036449176912,0.0034303031687217,0.0026901982750981,0.0,0.0061533501841011,0.0003154855417258,0.0008123125478223,0.0011947053648397,0.93282143310278,0.03264468042461,0.0123052943275475,0.0,0.0162171757649284,0.0012832179743782,0.0037698599658084,0.0009583384399474,1.968302457315291,2.236485300209952,1.0000000000509806,1.005210973240775,1.2645048146798832,0.0,1.0321045929578208,1.1660354349151292,1.2826190453084556,1.000000000204816,2.2410524707626744,824.9746819221486,153.77005765610247,302.7106577576344,49.86436423924916
0,285.0,56.97281546101733,0.9800000000000004,0.0064325374934771,0.0036782998235802,0.0,0.0071875657120402,0.0004149351894469,0.0011162468161313,0.001170414965324,301.56,78.71,0.9450855551134104,0.723831984004794,59.76457664994277,51.38939308316647,808.3976799136012,165.4677004911196,0.9839542984680538,0.0041354675120047,0.0029820711749594,0.0,0.0064942278108107,0.0003456781708436,0.0009017707078089,0.0011864861555186,0.9245522557185653,0.0386423845645137,0.0134409184984263,0.0,0.0169096499094226,0.0013860671078465,0.0041236617861476,0.0009450624150779,1.9392831881455048,2.250866193246009,1.0000000000267548,1.0048256833581295,1.2617720269426271,0.0,1.0312876644273812,1.1641184383543597,1.2797470367001564,1.000000000036055,2.2410524707626744,824.9746819221486,153.77005765610247,302.7106577576344,49.86436423924916
0,285.0,57.90336919065914,0.9800000000000004,0.0064325374934771,0.0036782998235802,0.0,0.0071875657120402,0.0004149351894469,0.0011162468161313,0.001170414965324,301.56,78.71,0.9450855551134104,0.7356545444118809,59.76457664994277,51.38939308316647,807.0355125866099,166.66923351242386,0.9825792484731596,0.0048739957375655,0.0032419439468084,0.0,0.0067711377160981,0.0003719761922912,0.0009816449749616,0.0011800529591152,0.9165866653075768,0.0447508038521565,0.0144065338602341,0.0,0.0174258533980735,0.0014711239564578,0.0044255641204271,0.000933455505074,1.912144845789776,2.264587516930692,1.000000000082311,1.0044729852133376,1.259226581217591,0.0,1.0305340512964705,1.16233009564483,1.2770744842865085,1.0000000001065803,2.2410524707626744,824.9746819221486,153.77005765610247,302.7106577576344,49.86436423924916
0,285.0,58.83392292030096,0.9800000000000004,0.0064325374934771,0.0036782998235802,0.0,0.0071875657120402,0.0004149351894469,0.0011162468161313,0.001170414965324,301.56,78.71,0.9450855551134104,0.7474771048189679,59.76457664994277,51.38939308316647,805.7596413582864,167.82053687328158,0.981264870428289,0.005641049056304,0.0034729241150986,0.0,0.0069986215104729,0.0003949003514406,0.0010528185248114,0.0011748160135831,0.9088982017496992,0.0509242497817134,0.0152230255625842,0.0,0.0178086318702336,0.0015411477864352,0.004681723146294,0.0009230201030399,1.8865711469584607,2.276112117863564,1.0,1.0041422059879503,1.2565107528645028,0.0,1.0297558241186175,1.1604207425292288,1.2742094988359414,1.0,2.2410524707626744,824.9746819221486,153.77005765610247,302.7106577576344,49.86436423924916
0,285.0,59.764476649942765,0.9800000000000004,0.0064325374934771,0.0036782998235802,0.0,0.0071875657120402,0.0004149351894469,0.0011162468161313,0.001170414965324,301.56,78.71,0.9450855551134104,0.7592996652260547,59.76457664994277,51.38939308316647,804.5541856917822,168.92956915156014,0.980000133508006,0.0064324513175096,0.0036782790290762,0.0,0.0071875471789897,0.0004149331772828,0.00111624038698,0.0011704154021556,0.9014648084389884,0.0571249741306724,0.0159105277530684,0.0,0.018089508718362,0.001598577237668,0.0048981520503452,0.0009134516708953,1.8623132529307016,2.29046662657766,1.0000000000454372,1.0038473112106658,1.254572492847427,0.0,1.0291749774608645,1.1590636450577798,1.2721870372714232,1.0000000000600988,2.2410524707626744,824.9746819221486,153.77005765610247,302.7106577576344,49.86436423924916
0,290.0,58.14930223297965,0.9800000000000004,0.0064325374934771,0.0036782998235802,0.0,0.0071875657120402,0.0004149351894469,0.0011162468161313,0.001170414965324,301.56,78.71,0.9616660034487332,0.7387790907505991,65.16736519354203,58.14920223297965,766.2699558087952,189.84305605363545,0.993319414515389,0.0008843224916246,0.0009550470898149,0.0,0.0030614308837452,0.0001201202528718,0.0002827786254998,0.0013768861410543,0.9799990876990814,0.0064329175133074,0.0036784863502453,0.0,0.0071878483278106,0.0004149553825219,0.0011163039037604,0.0011704008232727,1.331234641874318,2.612825518115097,1.0000000006578875,1.00073196023292,1.1911530530519394,0.0,1.010021404925365,1.1115756759555586,1.2126041763917548,1.0000000008084464,1.4167983026644004,773.2637021553837,185.44864903964933,302.7106577576344,56.27641671412855
0,290.0,58.92907589526436,0.9800000000000004,0.0064325374934771,0.0036782998235802,0.0,0.0071875657120402,0.0004149351894469,0.0011162468161313,0.001170414965324,301.56,78.71,0.9616660034487332,0.7486860106119219,65.16736519354203,58.14920223297965,763.8855727001154,191.60539029222264,0.9915134168837508,0.001336801598024,0.0013438766061507,0.0,0.0039460905416352,0.0001662831518643,0.0003993032966782,0.0012942279218963,0.9730049691631768,0.0095284759177434,0.0050965896811429,0.0,0.0091569392701,0.0005660049099382,0.0015518292394441,0.0010951918184539,1.2997028386821972,2.6388113938419537,1.0000000005969396,1.000556628278622,1.1879013968217824,0.0,1.0093764206529017,1.109364212937849,1.209108699778625,1.0000000007457004,1.4167983026644004,773.2637021553837,185.44864903964933,302.7106577576344,56.27641671412855
0,290.0,59.708849557549065,0.9800000000000004,0.0064325374934771,0.0036782998235802,0.0,0.0071875657120402,0.0004149351894469,0.0011162468161313,0.001170414965324,301.56,78.71,0.9616660034487332,0.7585929304732445,65.16736519354203,58.14920223297965,761.7061684163612,193.2802289650797,0.989800372023978,0.0018391028373734,0.001718074096273,0.0,0.0046682164165903,0.0002093263723347,0.0005122145241148,0.0012526937293352,0.9662885920856272,0.0128590747865267,0.0064207931172631,0.0,0.0107123120976043,0.0007025963471375,0.0019613303628606,0.0010553012029802,1.2707509289547438,2.663443997382509,1.0000000004820382,1.0004128929826417,1.184931277260493,0.0,1.0087995306662512,1.1073420021980542,1.2059037247843882,1.0000000006922218,1.4167983026644004,773.2637021553837,185.44864903964933,302.7106577576344,56.27641671412855
0,290.0,60.48862321983378,0.9800000000000004,0.0064325374934771,0.0036782998235802,0.0,0.0071875657120402,0.0004149351894469,0.0011162468161313,0.001170414965324,301.56,78.71,0.9616660034487332,0.7684998503345671,65.16736519354203,58.14920223297965,759.7057424143119,194.87484481539744,0.9881863615216128,0.0023876889366842,0.0020716248227385,0.0,0.0052583189891404,0.0002488056235591,0.0006195933259305,0.0012276067803343,0.9598411869127812,0.0163929265878538,0.0076347169630342,0.0,0.0119383116916053,0.0008240271722711,0.0023392498378816,0.0010295808345726,1.244034106161046,2.6868643154305545,1.000000000211273,1.000296353280448,1.182198885636765,0.0,1.0082809344965158,1.1054727198752996,1.202964868849498,1.0000000002799077,1.4167983026644004,773.2637021553837,185.44864903964933,302.7106577576344,56.27641671412855
0,290.0,61.26839688211848,0.9800000000000004,0.0064325374934771,0.0036782998235802,0.0,0.0071875657120402,0.0004149351894469,0.0011162468161313,0.001170414965324,301.56,78.71,0.9616660034487332,0.7784067701958898,65.16736519354203,58.14920223297965,757.8585642473053,196.39613402152708,0.9866621406031114,0.002978661118516,0.0024010831304128,0.0,0.0057425314575192,0.0002845986785611,0.0007202684261311,0.0012107165857483,0.9536409457568282,0.0200979522813752,0.0087316642151637,0.0,0.0129049077147553,0.0009306173650375,0.0026829528469623,0.0010109598198775,1.2192469624056106,2.709219334018144,1.0000000000914693,1.0002037598984712,1.1796701050327738,0.0,1.0078117669823117,1.1037463705295127,1.2002387476255376,1.0000000001310352,1.4167983026644004,773.2637021553837,185.44864903964933,302.7106577576344,56.27641671412855
0,290.0,62.04817054440319,0.9800000000000004,0.0064325374934771,0.0036782998235802,0.0,0.0071875657120402,0.0004149351894469,0.0011162468161313,0.001170414965324,301.56,78.71,0.9616660034487332,0.7883136900572125,65.16736519354203,58.14920223297965,756.1414713680435,197.85127790332996,0.9852158282034076,0.0036079731404386,0.0027050161010802,0.0,0.0061422270237036,0.000316799384686,0.0008136721429604,0.0011984840037234,0.9476653927719262,0.0239429261382286,0.0097120006398678,0.0,0.0136679585834146,0.0010233108065503,0.0029920051487677,0.0009964059112445,1.1961178922753726,2.7306350578576284,1.0000000000010254,1.0001315994259956,1.1773156515119736,0.0,1.0073851180160565,1.10213808629389,1.1976934878255925,1.0000000000010572,1.4167983026644004,773.2637021553837,185.44864903964933,302.7106577576344,56.27641671412855
0,290.0,62.827944206687896,0.9800000000000004,0.0064325374934771,0.0036782998235802,0.0,0.0071875657120402,0.0004149351894469,0.0011162468161313,0.001170414965324,301.56,78.71,0.9616660034487332,0.7982206099185352,65.16736519354203,58.14920223297965,754.5343256008036,199.2474997147525,0.9838359699300474,0.0042716362157391,0.0029834504350539,0.0,0.0064744825658562,0.0003456324131447,0.0008996885173611,0.0011891399227976,0.9418940912262408,0.0278985834897174,0.0105808219740501,0.0,0.0142712190805791,0.0011033778309946,0.0032675021511895,0.0009844042472281,1.1744310344255942,2.751241797145744,1.000000000001022,1.0000773219496248,1.17511030092288,0.0,1.0069937788386063,1.10063331038589,1.195322692714954,1.0000000000009912,1.4167983026644004,773.2637021553837,185.44864903964933,302.7106577576344,56.27641671412855
0,290.0,63.60771786897261,0.9800000000000004,0.0064325374934771,0.0036782998235802,0.0,0.0071875657120402,0.0004149351894469,0.0011162468161313,0.001170414965324,301.56,78.71,0.9616660034487332,0.8081275297798579,65.16736519354203,58.14920223297965,753.0199257236065,200.5918457305752,0.9825123718600528,0.0049658672835599,0.0032373791421205,0.0,0.0067527774897491,0.0003713894573404,0.00097851187947,0.0011817028877071,0.9363092652733846,0.0319382757529339,0.0113460136821208,0.0,0.0147486346701916,0.0011722056636902,0.0035114896048033,0.0009741153528752,1.153977149109288,2.771152584126708,1.0000000000009972,1.0000387288307515,1.1730341320079465,0.0,1.006633580851379,1.0992153844650534,1.1930822544240172,1.0000000000010172,1.4167983026644004,773.2637021553837,185.44864903964933,302.7106577576344,56.27641671412855
0,290.0,64.38749153125731,0.9800000000000004,0.0064325374934771,0.0036782998235802,0.0,0.0071875657120402,0.0004149351894469,0.0011162468161313,0.001170414965324,301.56,78.71,0.9616660034487332,0.8180344496411804,65.16736519354203,58.14920223297965,751.583716302057,201.8909320440834,0.9812362506638452,0.0056871819993492,0.0034683692936606,0.0,0.0069876962206408,0.0003943857362568,0.0010505305379145,0.0011755855483329,0.9308956520127112,0.0360383420671765,0.012016820558743,0.0,0.0151264581589762,0.0012311673096018,0.003726522457116,0.0009650374356751,1.1345850783818567,2.7904761528345574,1.0000000000008589,1.0000140113892837,1.1710670059889348,0.0,1.006299500471121,1.0978738208342818,1.1909596421886712,1.0000000000009104,1.4167983026644004,773.2637021553837,185.44864903964933,302.7106577576344,56.27641671412855
0,290.0,65.16726519354202,0.9800000000000004,0.0064325374934771,0.0036782998235802,0.0,0.0071875657120402,0.0004149351894469,0.0011162468161313,0.001170414965324,301.56,78.71,0.9616660034487332,0.8279413695025032,65.16736519354203,58.14920223297965,750.2134500280122,203.15082529899385,0.9800001560296114,0.0064324406329294,0.0036782742073012,0.0,0.007187542068014,0.0004149327020007,0.0011162387818286,0.0011704155783143,0.9256402224560728,0.0401781693968582,0.0126028572601288,0.0,0.0154250021204656,0.0012815464535877,0.0039153495091691,0.0009568528037177,1.1161079202031776,2.8093036152354305,1.0000000000007558,1.000001804091628,1.1691932010103532,0.0,1.005988210210201,1.0965965254822,1.1889376277188473,1.000000000000882,1.4167983026644004,773.2637021553837,185.44864903964933,302.7106577576344,56.27641671412855
0,295.0,67.03848485026809,0.9800000000000004,0.0064325374934771,0.0036782998235802,0.0,0.0071875657120402,0.0004149351894469,0.0011162468161313,0.001170414965324,301.56,78.71,0.9782464517840562,0.8517149644297815,71.01167128702038,67.03838485026809,689.9269619879906,241.7034835632805,0.9883298806240918,0.0024572151972821,0.0020176859573276,0.0,0.0051065212178611,0.0002423312702798,0.000600578245613,0.0012457874875442,0.9708181584862288,0.0108144465432006,0.0055087574283871,0.0,0.0094814546152491,0.0006051926375385,0.0016846567732244,0.0010873335161711,0.5778489124807747,3.607619153788858,1.0000000000003242,1.000000000000411,1.1002712485481216,0.0,1.000000004059979,1.0482484936943173,1.1187166126628456,1.000000000000168,0.7007191954812403,705.9625820508377,229.82343987692175,302.7106577576344,63.31231171729296
0,295.0,67.47993889879612,0.9800000000000004,0.0064325374934771,0.0036782998235802,0.0,0.0071875657120402,0.0004149351894469,0.0011162468161313,0.001170414965324,301.56,78.71,0.9782464517840562,0.8573235789454469,71.01167128702038,67.03838485026809,688.3906436094404,242.9929346111188,0.9873167625985236,0.00283800518888,0.0022354870832798,0.0,0.0054462944727627,0.0002662204404093,0.0006670983073282,0.0012301319088161,0.96796665541793,0.0123442020104219,0.0060511884662894,0.0,0.0100513072303591,0.0006595154659706,0.0018549285352895,0.0010722028737393,0.566108205047385,3.6363983446822887,1.0000000000002192,1.0000000000001643,1.0988448871195442,0.0,1.0000000030281384,1.0473437766374012,1.1171268218230836,1.0000000000002032,0.7007191954812403,705.9625820508377,229.82343987692175,302.7106577576344,63.31231171729296
0,295.0,67.92139294732415,0.9800000000000004,0.0064325374934771,0.0036782998235802,0.0,0.0071875657120402,0.0004149351894469,0.0011162468161313,0.001170414965324,301.56,78.71,0.9782464517840562,0.8629321934611124,71.01167128702038,67.03838485026809,686.9099961957302,244.2542214015529,0.9863299258297864,0.0032359395061917,0.0024453766249383,0.0,0.0057507332661949,0.0002888666308092,0.0007315174410327,0.0012176407010463,0.9651837419577276,0.0139147137322825,0.0065641643263556,0.0,0.010550714168058,0.0007100198943897,0.0020167707481937,0.0010598751729924,0.5548617450989295,3.664727855716194,1.0000000000032787,1.000000000001227,1.0974759937468002,0.0,1.000000003146464,1.0464772057486338,1.1156003910081655,1.0000000000022842,0.7007191954812403,705.9625820508377,229.82343987692175,302.7106577576344,63.31231171729296
0,295.0,68.36284699585218,0.9800000000000004,0.0064325374934771,0.0036782998235802,0.0,0.0071875657120402,0.0004149351894469,0.0011162468161313,0.001170414965324,301.56,78.71,0.9782464517840562,0.8685408079767779,71.01167128702038,67.03838485026809,685.4802562365385,245.4890237293918,0.9853675094681438,0.0036501879778687,0.0026469388087382,0.0,0.0060240019567232,0.0003102765147381,0.0007936732724065,0.0012074120013813,0.9624658679500324,0.0155216847237502,0.0070474639271104,0.0,0.0109885986967738,0.000756825414962,0.002170003152299,0.0010495561350719,0.5440682669230983,3.69264029371542,1.000000000000174,1.000000000000442,1.0961591449324026,0.0,1.0000000052355538,1.0456421069581407,1.114133879432272,1.0000000000002185,0.7007191954812403,705.9625820508377,229.82343987692175,302.7106577576344,63.31231171729296
0,295.0,68.80430104438021,0.9800000000000004,0.0064325374934771,0.0036782998235802,0.0,0.0071875657120402,0.0004149351894469,0.0011162468161313,0.001170414965324,301.56,78.71,0.9782464517840562,0.8741494224924433,71.01167128702038,67.03838485026809,684.0969631996558,246.6990502523724,0.9844275519734972,0.0040799138514909,0.0028399488157799,0.0,0.0062697939792229,0.0003304752642817,0.0008534615807264,0.0011988545350006,0.959809555143922,0.0171609305637248,0.0075013333857722,0.0,0.0113727722715193,0.0008000878588685,0.0023145954377156,0.0010407253384773,0.5336907128289576,3.720183209779304,1.0000000000001448,1.0000000000004097,1.0948908022003738,0.0,1.0000000027426843,1.044846505171576,1.1127175969728968,1.000000000000153,0.7007191954812403,705.9625820508377,229.82343987692175,302.7106577576344,63.31231171729296
0,295.0,69.24575509290825,0.9800000000000004,0.0064325374934771,0.0036782998235802,0.0,0.0071875657120402,0.0004149351894469,0.0011162468161313,0.001170414965324,301.56,78.71,0.9782464517840562,0.879758037008109,71.01167128702038,67.03838485026809,682.7559472465274,247.88596086427435,0.9835081100250128,0.0045242886161691,0.0030243406031064,0.0,0.006491366591595,0.000349501802177,0.0009108277329308,0.0011915646290083,0.957211467974574,0.0188284402282714,0.0079263908278054,0.0,0.0117100452919903,0.000839987662345,0.0024506403564622,0.0010330276585514,0.5237018307669775,3.747386015144121,1.000000000000142,1.0000000000003162,1.0936663967248186,0.0,1.0000000020965356,1.0440766154620245,1.1113516343830203,1.0000000000003373,0.7007191954812403,705.9625820508377,229.82343987692175,302.7106577576344,63.31231171729296
0,295.0,69.68720914143628,0.9800000000000004,0.0064325374934771,0.0036782998235802,0.0,0.0071875657120402,0.0004149351894469,0.0011162468161313,0.001170414965324,301.56,78.71,0.9782464517840562,0.8853666515237745,71.01167128702038,67.03838485026809,681.4533702667816,249.05144044934227,0.9826073301388338,0.0049824985707291,0.0032001738786493,0.0,0.0066915779724415,0.0003674045122695,0.0009657574609788,0.0011852574660977,0.9546685161509582,0.0205203727871332,0.0083235265524217,0.0,0.012006328486971,0.0008767188981226,0.0025783242925197,0.0010262128318734,0.5140667673239111,3.7742940493585024,1.0000000000008136,1.0000000000003604,1.092483916081231,0.0,1.0000000002283171,1.043329882856184,1.1100301175407128,1.0000000000007776,0.7007191954812403,705.9625820508377,229.82343987692175,302.7106577576344,63.31231171729296
0,295.0,70.12866318996431,0.9800000000000004,0.0064325374934771,0.0036782998235802,0.0,0.0071875657120402,0.0004149351894469,0.0011162468161313,0.001170414965324,301.56,78.71,0.9782464517840562,0.89097526603944,71.01167128702038,67.03838485026809,680.1856888439229,250.1971283321061,0.9817234719169504,0.0054537558346379,0.0033676076726211,0.0,0.0068729307687755,0.000384238039199,0.0010182693583348,0.0011797264094809,0.9521778375594544,0.0222330980005715,0.0086938312099466,0.0,0.0122667459498422,0.000910482051718,0.0026979057451313,0.0010200994833358,0.5047602896809037,3.8009366242516593,1.0000000000002538,1.0000000000006126,1.0913359533621727,0.0,1.000000000347793,1.042614761835572,1.1087504761921494,1.0000000000001477,0.7007191954812403,705.9625820508377,229.82343987692175,302.7106577576344,63.31231171729296
0,295.0,70.57011723849234,0.9800000000000004,0.0064325374934771,0.0036782998235802,0.0,0.0071875657120402,0.0004149351894469,0.0011162468161313,0.001170414965324,301.56,78.71,0.9782464517840562,0.8965838805551054,71.01167128702038,67.03838485026809,678.9496462415756,251.32461672970064,0.980854921222299,0.0059373042589559,0.0035268758223003,0.0,0.0070376124106874,0.0004000606005418,0.0010684076942308,0.0011748179909846,0.9497368048622168,0.0239632053773934,0.0090385294912392,0.0,0.0124957343503066,0.0009414779572309,0.0028096948713822,0.0010145530902307,0.4957516031118622,3.827354982828814,1.0000000000001683,1.0000000000001918,1.0902241394796046,0.0,1.0000000002371752,1.0419187709243896,1.107511156398268,1.0000000000001803,0.7007191954812403,705.9625820508377,229.82343987692175,302.7106577576344,63.31231171729296
0,295.0,71.01157128702037,0.9800000000000004,0.0064325374934771,0.0036782998235802,0.0,0.0071875657120402,0.0004149351894469,0.0011162468161313,0.001170414965324,301.56,78.71,0.9782464517840562,0.9021924950707708,71.01167128702038,67.03838485026809,677.7422510341422,252.43541978550127,0.9800001911891276,0.0064324246488386,0.0036782665665562,0.0,0.007187533456476,0.0004149319404055,0.0011162362910363,0.0011704159075593,0.9473430043445484,0.0257075188509204,0.009358928745248,0.0,0.0126971353808579,0.0009699036160842,0.0029140372296644,0.0010094718326763,0.4870247913095835,3.853576638490381,1.0000000000008131,1.000000000001254,1.089142810961718,0.0,1.0000000000839364,1.0412424859398683,1.1063003352886172,1.0000000000007545,0.7007191954812403,705.9625820508377,229.82343987692175,302.7106577576344,63.31231171729296
1,200.0,2.767588055563937,0.95,0.0,0.008752336965285,0.0,0.041247663034715,0.0,0.0,0.0,298.79,79.4,0.6693664446601292,0.0348562727400999,16.4733155489327,2.7674880555639367,1221.2491539676985,7.423252783559838,0.99937601495513,0.0,3.614763926922381e-05,0.0,0.0005878374056008,0.0,0.0,0.0,0.949966946358348,0.0,0.0087581718184787,0.0,0.0412748818231733,0.0,0.0,0.0,22.46338743490145,0.6848476584646747,1.0000000101934714,0.0,5.229488523996147,0.0,5.220646413857182,0.0,0.0,0.0,22.53960113748808,1221.920496490378,7.249541730897533,302.7106577576344,2.6239816647333654
1,200.0,4.290435554827132,0.95,0.0,0.008752336965285,0.0,0.041247663034715,0.0,0.0,0.0,298.79,79.4,0.6693664446601292,0.0540357122774197,16.4733155489327,2.7674880555639367,1214.2161146146382,9.304995340575932,0.9928145820879154,0.0,0.0004635485690111,0.0,0.0067218693430733,0.0,0.0,0.0,0.6241046872204492,0.0,0.0718447964787371,0.0,0.3040505163008136,0.0,0.0,0.0,21.674539927830256,0.7101295383436409,1.000000002118787,0.0,4.974643435556125,0.0,5.00005307066772,0.0,0.0,0.0,22.53960113748808,1221.920496490378,7.249541730897533,302.7106577576344,2.6239816647333654
1,200.0,5.813283054090329,0.95,0.0,0.008752336965285,0.0,0.041247663034715,0.0,0.0,0.0,298.79,79.4,0.6693664446601292,0.0732151518147396,16.4733155489327,2.7674880555639367,1207.3876263270563,11.265610577499055,0.9863913058348074,0.0,0.0009852753871067,0.0,0.0126234187780859,0.0,0.0,0.0,0.4683184792316194,0.0,0.111558486595127,0.0,0.4201230341732535,0.0,0.0,0.0,20.923034084741825,0.7351145516589191,1.0,0.0,4.740628504977832,0.0,4.794178523213088,0.0,0.0,0.0,22.53960113748808,1221.920496490378,7.249541730897533,302.7106577576344,2.6239816647333654
1,200.0,7.336130553353524,0.95,0.0,0.008752336965285,0.0,0.041247663034715,0.0,0.0,0.0,298.79,79.4,0.6693664446601292,0.0923945913520594,16.4733155489327,2.7674880555639367,1200.8417228775688,13.314952201867692,0.9801673897418244,0.0,0.0016230802073493,0.0,0.0182095300508263,0.0,0.0,0.0,0.3771897429753891,0.0,0.1441207407568098,0.0,0.478689516267801,0.0,0.0,0.0,20.21201074109976,0.7596531961591098,1.000000000209348,0.0,4.527186120586019,0.0,4.604592535322533,0.0,0.0,0.0,22.53960113748808,1221.920496490378,7.249541730897533,302.7106577576344,2.6239816647333654
1,200.0,8.85897805261672,0.95,0.0,0.008752336965285,0.0,0.041247663034715,0.0,0.0,0.0,298.79,79.4,0.6693664446601292,0.1115740308893793,16.4733155489327,2.7674880555639367,1194.6642171220194,15.46295853119256,0.9742108210946028,0.0,0.0023996622048283,0.0,0.0233895167005688,0.0,0.0,0.0,0.317514513269975,0.0,0.17471013625697,0.0,0.5077753504730549,0.0,0.0,0.0,19.544622665990524,0.7836037627160636,1.0,0.0,4.333549057184271,0.0,4.431574903814352,0.0,0.0,0.0,22.53960113748808,1221.920496490378,7.249541730897533,302.7106577576344,2.6239816647333654
1,200.0,10.381825551879915,0.95,0.0,0.008752336965285,0.0,0.041247663034715,0.0,0.0,0.0,298.79,79.4,0.6693664446601292,0.1307534704266992,16.4733155489327,2.7674880555639367,1188.9367366513698,17.718009661690964,0.9685871536558368,0.0,0.0033350810022573,0.0,0.0280777653419057,0.0,0.0,0.0,0.275508362422632,0.0,0.2053340144687059,0.0,0.519157623108662,0.0,0.0,0.0,18.92335190121742,0.8067861452413417,1.0,0.0,4.158859480834845,0.0,4.275402253999747,0.0,0.0,0.0,22.53960113748808,1221.920496490378,7.249541730897533,302.7106577576344,2.6239816647333654
1,200.0,11.904673051143112,0.95,0.0,0.008752336965285,0.0,0.041247663034715,0.0,0.0,0.0,298.79,79.4,0.6693664446601292,0.149932909964019,16.4733155489327,2.7674880555639367,1183.7201116912452,20.08494663461661,0.9633465253845104,0.0,0.0044420641769482,0.0,0.0322114104385414,0.0,0.0,0.0,0.2444168971877055,0.0,0.236621056376829,0.0,0.5189620464354655,0.0,0.0,0.0,18.3491537828442,0.8290523534742036,1.000000000599223,0.0,4.001861589702048,0.0,4.135258728121449,0.0,0.0,0.0,22.53960113748808,1221.920496490378,7.249541730897533,302.7106577576344,2.6239816647333654
1,200.0,13.427520550406308,0.95,0.0,0.008752336965285,0.0,0.041247663034715,0.0,0.0,0.0,298.79,79.4,0.6693664446601292,0.1691123495013388,16.4733155489327,2.7674880555639367,1179.0395406299267,22.563617609908142,0.9585118378985078,0.0,0.0057222043017597,0.0,0.0357659577997324,0.0,0.0,0.0,0.2205371169678935,0.0,0.2684341277912561,0.0,0.5110287552408502,0.0,0.0,0.0,17.820816354886325,0.8503453723554857,1.0000000010856491,0.0,3.8609264668769057,0.0,4.010641291895468,0.0,0.0,0.0,22.53960113748808,1221.920496490378,7.249541730897533,302.7106577576344,2.6239816647333654
1,200.0,14.950368049669503,0.95,0.0,0.008752336965285,0.0,0.041247663034715,0.0,0.0,0.0,298.79,79.4,0.6693664446601292,0.1882917890386587,16.4733155489327,2.7674880555639367,1174.8797238797902,25.148842500400413,0.954074541462607,0.0,0.0071652898273104,0.0,0.0387601687100825,0.0,0.0,0.0,0.2016667146023276,0.0,0.3002305829816086,0.0,0.4981027024160638,0.0,0.0,0.0,17.334944708634463,0.8706372875408604,1.0000000006161358,0.0,3.7340918156110607,0.0,3.899435156341932,0.0,0.0,0.0,22.53960113748808,1221.920496490378,7.249541730897533,302.7106577576344,2.6239816647333654
1,200.0,16.4732155489327,0.95,0.0,0.008752336965285,0.0,0.041247663034715,0.0,0.0,0.0,298.79,79.4,0.6693664446601292,0.2074712285759785,16.4733155489327,2.7674880555639367,1171.192604689699,27.831875616651207,0.9500002563625246,0.0,0.0087522286579049,0.0,0.0412475149795703,0.0,0.0,0.0,0.1864132576011057,0.0,0.3313505000087379,0.0,0.4822362423901563,0.0,0.0,0.0,16.886622484346507,0.8899854383204073,1.0000000009213974,0.0,3.61914291425726,0.0,3.79985973731042,0.0,0.0,0.0,22.53960113748808,1221.920496490378,7.249541730897533,302.7106577576344,2.6239816647333654
1,205.0,3.539622029344543,0.95,0.0,0.008752336965285,0.0,0.041247663034715,0.0,0.0,0.0,298.79,79.4,0.6861006057766323,0.0445796225358254,16.913554365993143,3.539522029344542,1205.4142981945274,9.346879916581791,0.9991932495196524,0.0,4.924970966381676e-05,0.0,0.0007575007706839,0.0,0.0,0.0,0.9499743441526208,0.0,0.0087568759026501,0.0,0.0412687799447289,0.0,0.0,0.0,21.06986956448286,0.7131212015676056,1.0,0.0,4.749722523599189,0.0,4.486970661743736,0.0,0.0,0.0,21.15779579629945,1206.2779501886548,9.12387059747945,302.7106577576344,3.35468958110042
1,205.0,5.025603400083276,0.95,0.0,0.008752336965285,0.0,0.041247663034715,0.0,0.0,0.0,298.79,79.4,0.6861006057766323,0.0632947531496634,16.913554365993143,3.539522029344542,1198.5567818355073,11.17580320568413,0.992763506479119,0.0,0.000489320958742,0.0,0.0067471725621388,0.0,0.0,0.0,0.6805432961624297,0.0,0.0608183446479649,0.0,0.2586383591896052,0.0,0.0,0.0,20.37927995207287,0.736031700695903,1.0,0.0,4.546962842539362,0.0,4.319796691352148,0.0,0.0,0.0,21.15779579629945,1206.2779501886548,9.12387059747945,302.7106577576344,3.35468958110042
1,205.0,6.51158477082201,0.95,0.0,0.008752336965285,0.0,0.041247663034715,0.0,0.0,0.0,298.79,79.4,0.6861006057766323,0.0820098837635013,16.913554365993143,3.539522029344542,1191.88679480176,13.0760829632064,0.9864595646866456,0.0,0.0010212427195374,0.0,0.0125191925938169,0.0,0.0,0.0,0.5334642966235952,0.0,0.0970769455336709,0.0,0.3694587578427337,0.0,0.0,0.0,19.71856119992462,0.7587580313954966,1.0,0.0,4.359393608676764,0.0,4.163415745186746,0.0,0.0,0.0,21.15779579629945,1206.2779501886548,9.12387059747945,302.7106577576344,3.35468958110042
1,205.0,7.997566141560743,0.95,0.0,0.008752336965285,0.0,0.041247663034715,0.0,0.0,0.0,298.79,79.4,0.6861006057766323,0.1007250143773393,16.913554365993143,3.539522029344542,1185.4714491277468,15.05613713054582,0.9803337831802286,0.0,0.0016652564943582,0.0,0.0180009603254131,0.0,0.0,0.0,0.4409803852556367,0.0,0.1276779239762968,0.0,0.4313416907680664,0.0,0.0,0.0,19.090159383182208,0.7811756231225274,1.0,0.0,4.186577490691193,0.0,4.017990589149173,0.0,0.0,0.0,21.15779579629945,1206.2779501886548,9.12387059747945,302.7106577576344,3.35468958110042
1,205.0,9.483547512299475,0.95,0.0,0.008752336965285,0.0,0.041247663034715,0.0,0.0,0.0,298.79,79.4,0.6861006057766323,0.1194401449911772,16.913554365993143,3.539522029344542,1179.3847493059186,17.12450825083902,0.9744444491363916,0.0,0.0024426723838599,0.0,0.0231128784797483,0.0,0.0,0.0,0.3775787132911311,0.0,0.1565072034483934,0.0,0.4659140832604754,0.0,0.0,0.0,18.496586390250528,0.8031229538100334,1.0000000002202425,0.0,4.028145406021238,0.0,3.8843668377392615,0.0,0.0,0.0,21.15779579629945,1206.2779501886548,9.12387059747945,302.7106577576344,3.35468958110042
1,205.0,10.96952888303821,0.95,0.0,0.008752336965285,0.0,0.041247663034715,0.0,0.0,0.0,298.79,79.4,0.6861006057766323,0.1381552756050152,16.913554365993143,3.539522029344542,1173.6986505348605,19.288646382626503,0.96884893462646,0.0,0.0033729753042348,0.0,0.0277780900693051,0.0,0.0,0.0,0.331507666804007,0.0,0.1852659708009839,0.0,0.4832263623950091,0.0,0.0,0.0,17.939950495304704,0.824502993439046,1.0,0.0,3.8835728690437294,0.0,3.762199856715553,0.0,0.0,0.0,21.15779579629945,1206.2779501886548,9.12387059747945,302.7106577576344,3.35468958110042
1,205.0,12.455510253776945,0.95,0.0,0.008752336965285,0.0,0.041247663034715,0.0,0.0,0.0,298.79,79.4,0.6861006057766323,0.1568704062188531,16.913554365993143,3.539522029344542,1168.4702274551644,21.55336444203493,0.9635937407111022,0.0,0.0044698851270774,0.0,0.0319363741618204,0.0,0.0,0.0,0.2965980348776136,0.0,0.2145943127756309,0.0,0.4888076523467554,0.0,0.0,0.0,17.421348433155757,0.845137401406359,1.0000000001533684,0.0,3.752091683855855,0.0,3.651432358616456,0.0,0.0,0.0,21.15779579629945,1206.2779501886548,9.12387059747945,302.7106577576344,3.35468958110042
1,205.0,13.941491624515676,0.95,0.0,0.008752336965285,0.0,0.041247663034715,0.0,0.0,0.0,298.79,79.4,0.6861006057766323,0.1755855368326911,16.913554365993143,3.539522029344542,1163.729109960232,23.91955079607317,0.9587045851717998,0.0,0.0057377797824119,0.0,0.0355576350457882,0.0,0.0,0.0,0.2692964203260913,0.0,0.2444924469203588,0.0,0.4862111327535499,0.0,0.0,0.0,16.940346372601336,0.8650128675771278,1.000000000960532,0.0,3.632644423165848,0.0,3.551678461874177,0.0,0.0,0.0,21.15779579629945,1206.2779501886548,9.12387059747945,302.7106577576344,3.35468958110042
1,205.0,15.42747299525441,0.95,0.0,0.008752336965285,0.0,0.041247663034715,0.0,0.0,0.0,298.79,79.4,0.6861006057766323,0.194300667446529,16.913554365993143,3.539522029344542,1159.471314755552,26.38383508618036,0.954181306724722,0.0,0.0071703378911923,0.0,0.0386483553840857,0.0,0.0,0.0,0.2474089960061986,0.0,0.274577924744413,0.0,0.4780130792493883,0.0,0.0,0.0,16.49483962709593,0.8840235208994379,1.0000000004314733,0.0,3.5240282299038346,0.0,3.461736722811116,0.0,0.0,0.0,21.15779579629945,1206.2779501886548,9.12387059747945,302.7106577576344,3.35468958110042
1,205.0,16.913454365993143,0.95,0.0,0.008752336965285,0.0,0.041247663034715,0.0,0.0,0.0,298.79,79.4,0.6861006057766323,0.213015798060367,16.913554365993143,3.539522029344542,1155.6627882240678,28.93944845797069,0.9500002703857526,0.0,0.0087522260499418,0.0,0.0412475035643056,0.0,0.0,0.0,0.2295070537841167,0.0,0.3043068239421024,0.0,0.4661861222737806,0.0,0.0,0.0,16.081397006157182,0.9022745370727258,1.000000001204132,0.0,3.424908421441715,0.0,3.3804771242139418,0.0,0.0,0.0,21.15779579629945,1206.2779501886548,9.12387059747945,302.7106577576344,3.35468958110042
1,210.0,4.468536406698482,0.95,0.0,0.008752336965285,0.0,0.041247663034715,0.0,0.0,0.0,298.79,79.4,0.7028347668931356,0.056278796054137,17.54994350577995,4.4684364066984825,1189.1962263502844,11.638544686538127,0.998969857619204,0.0,6.59397799716368e-05,0.0,0.0009642026008243,0.0,0.0,0.0,0.9499798425746494,0.0,0.0087559125403701,0.0,0.0412642448849803,0.0,0.0,0.0,19.69329372796606,0.7434919476647494,1.0,0.0,4.32656784844419,0.0,3.886954992787,0.0,0.0,0.0,19.793904820789816,1190.2941504876192,11.354703713715036,302.7106577576344,4.233266563955471
1,210.0,5.92201497326309,0.95,0.0,0.008752336965285,0.0,0.041247663034715,0.0,0.0,0.0,298.79,79.4,0.7028347668931356,0.0745845714516761,17.54994350577995,4.4684364066984825,1182.492936014851,13.427136419477868,0.9926567265067348,0.0,0.000518210212255,0.0,0.0068250632810102,0.0,0.0,0.0,0.7282067917553631,0.0,0.0515655938465691,0.0,0.2202276143980678,0.0,0.0,0.0,19.085071268646946,0.7645435790727539,1.0,0.0,4.163751943823811,0.0,3.7589949538767207,0.0,0.0,0.0,19.793904820789816,1190.2941504876192,11.354703713715036,302.7106577576344,4.233266563955471
1,210.0,7.375493539827698,0.95,0.0,0.008752336965285,0.0,0.041247663034715,0.0,0.0,0.0,298.79,79.4,0.7028347668931356,0.0928903468492153,17.54994350577995,4.4684364066984825,1175.9634828897847,15.280975993913206,0.9864597746211748,0.0,0.0010601185209508,0.0,0.0124801068578744,0.0,0.0,0.0,0.593291411786302,0.0,0.084010080876742,0.0,0.322698507336956,0.0,0.0,0.0,18.501060746318597,0.7854625123992541,1.0,0.0,4.0120603934142345,0.0,3.6386265264245017,0.0,0.0,0.0,19.793904820789816,1190.2941504876192,11.354703713715036,302.7106577576344,4.233266563955471
1,210.0,8.828972106392305,0.95,0.0,0.008752336965285,0.0,0.041247663034715,0.0,0.0,0.0,298.79,79.4,0.7028347668931356,0.1111961222467544,17.54994350577995,4.4684364066984825,1169.6662034814028,17.207335106112698,0.9804242926226387,0.0,0.0017105632552937,0.0,0.0178651441220672,0.0,0.0,0.0,0.502711184615679,0.0,0.1122783797894567,0.0,0.3850104355948642,0.0,0.0,0.0,17.94318823444323,0.8061615942123723,1.0,0.0,3.871309609450965,0.0,3.526287777245749,0.0,0.0,0.0,19.793904820789816,1190.2941504876192,11.354703713715036,302.7106577576344,4.233266563955471
1,210.0,10.282450672956912,0.95,0.0,0.008752336965285,0.0,0.041247663034715,0.0,0.0,0.0,298.79,79.4,0.7028347668931356,0.1295018976442936,17.54994350577995,4.4684364066984825,1163.6654379789954,19.213612515500543,0.9746006767562128,0.0,0.0024895519851841,0.0,0.022909771258603,0.0,0.0,0.0,0.4378155612200056,0.0,0.1391430998707263,0.0,0.4230413389092681,0.0,0.0,0.0,17.41345909194732,0.8265059048084497,1.0,0.0,3.741061110330806,0.0,3.421971484414009,0.0,0.0,0.0,19.793904820789816,1190.2941504876192,11.354703713715036,302.7106577576344,4.233266563955471
1,210.0,11.73592923952152,0.95,0.0,0.008752336965285,0.0,0.041247663034715,0.0,0.0,0.0,298.79,79.4,0.7028347668931356,0.1478076730418327,17.54994350577995,4.4684364066984825,1158.0247079353876,21.30641540897733,0.9690392397297376,0.0,0.0034158326596085,0.0,0.0275449276106538,0.0,0.0,0.0,0.3891353928024804,0.0,0.1659569540454618,0.0,0.4449076531520577,0.0,0.0,0.0,16.913630819393223,0.8464248203328886,1.0,0.0,3.6209921675797,0.0,3.325841631118938,0.0,0.0,0.0,19.793904820789816,1190.2941504876192,11.354703713715036,302.7106577576344,4.233266563955471
1,210.0,13.189407806086129,0.95,0.0,0.008752336965285,0.0,0.041247663034715,0.0,0.0,0.0,298.79,79.4,0.7028347668931356,0.1661134484393718,17.54994350577995,4.4684364066984825,1152.796705321778,23.49035063515177,0.963782493876279,0.0,0.0045035811454722,0.0,0.0317139249782488,0.0,0.0,0.0,0.3513495261579789,0.0,0.1932994666504006,0.0,0.4553510071916203,0.0,0.0,0.0,16.444779090570098,0.8657617740115946,1.0,0.0,3.510663334538505,0.0,3.23792261171232,0.0,0.0,0.0,19.793904820789816,1190.2941504876192,11.354703713715036,302.7106577576344,4.233266563955471
1,210.0,14.642886372650736,0.95,0.0,0.008752336965285,0.0,0.041247663034715,0.0,0.0,0.0,298.79,79.4,0.7028347668931356,0.184419223836911,17.54994350577995,4.4684364066984825,1148.0128276892444,25.766924872744543,0.9588569648607106,0.0,0.0057591465958633,0.0,0.0353838885434259,0.0,0.0,0.0,0.3212342246089075,0.0,0.2212422466713882,0.0,0.4575235287197042,0.0,0.0,0.0,16.006893748184904,0.8844491694206227,1.0000000000607376,0.0,3.4096734806716484,0.0,3.15785737018591,0.0,0.0,0.0,19.793904820789816,1190.2941504876192,11.354703713715036,302.7106577576344,4.233266563955471
1,210.0,16.09636493921534,0.95,0.0,0.008752336965285,0.0,0.041247663034715,0.0,0.0,0.0,298.79,79.4,0.7028347668931356,0.2027249992344501,17.54994350577995,4.4684364066984825,1143.6767742178154,28.13408124384452,0.9542680217616132,0.0,0.0071793427433228,0.0,0.0385526354950639,0.0,0.0,0.0,0.2967196327689853,0.0,0.2495210819182799,0.0,0.4537592853127348,0.0,0.0,0.0,15.59870107691247,0.9024756431408278,1.000000001203924,0.0,3.316896001267581,0.0,3.085009399939082,0.0,0.0,0.0,19.793904820789816,1190.2941504876192,11.354703713715036,302.7106577576344,4.233266563955471
1,210.0,17.54984350577995,0.95,0.0,0.008752336965285,0.0,0.041247663034715,0.0,0.0,0.0,298.79,79.4,0.7028347668931356,0.2210307746319892,17.54994350577995,4.4684364066984825,1139.7654273768233,30.58665634634606,0.950000282937531,0.0,0.008752223995954,0.0,0.0412474930665149,0.0,0.0,0.0,0.2764145809656825,0.0,0.2776968416379324,0.0,0.445888577396385,0.0,0.0,0.0,15.21782392729616,0.9198138542510628,1.0000000010798895,0.0,3.2315156676121792,0.0,3.018657633734102,0.0,0.0,0.0,19.793904820789816,1190.2941504876192,11.354703713715036,302.7106577576344,4.233266563955471
1,215.0,5.574358116008198,0.95,0.0,0.008752336965285,0.0,0.041247663034715,0.0,0.0,0.0,298.79,79.4,0.7195689280096388,0.0702060216121939,18.39258389219694,5.574258116008198,1172.5277774158762,14.347981513602992,0.998699539434076,0.0,8.690413025275839e-05,0.0,0.0012135564356714,0.0,0.0,0.0,0.949983986648104,0.0,0.0087551863274541,0.0,0.0412608270244417,0.0,0.0,0.0,18.333966741980163,0.7762603441623547,1.0,0.0,3.951423551863827,0.0,3.3925392003561385,0.0,0.0,0.0,18.448205290897207,1173.908539729092,13.989350648063478,302.7106577576344,5.278346606766283
1,215.0,6.998594313362503,0.95,0.0,0.008752336965285,0.0,0.041247663034715,0.0,0.0,0.0,298.79,79.4,0.7195689280096388,0.0881435052060768,18.39258389219694,5.574258116008198,1165.9625479834526,16.107231339736533,0.9924927063163844,0.0,0.0005508137561386,0.0,0.0069564799274768,0.0,0.0,0.0,0.7678103594621933,0.0,0.0439167850522428,0.0,0.1882728554855637,0.0,0.0,0.0,17.795694784227305,0.7958021394340095,1.0,0.0,3.819735203827655,0.0,3.293758744249966,0.0,0.0,0.0,18.448205290897207,1173.908539729092,13.989350648063478,302.7106577576344,5.278346606766283
1,215.0,8.422830510716807,0.95,0.0,0.008752336965285,0.0,0.041247663034715,0.0,0.0,0.0,298.79,79.4,0.7195689280096388,0.1060809887999597,18.39258389219694,5.574258116008198,1159.5599567833597,17.92672287338648,0.9863945000414208,0.0,0.0011023378527538,0.0,0.0125031621058253,0.0,0.0,0.0,0.6467830343593554,0.0,0.0724875034166818,0.0,0.2807294622239628,0.0,0.0,0.0,17.27727141556374,0.8153034340755696,1.0,0.0,3.696199715548793,0.0,3.2003591346042626,0.0,0.0,0.0,18.448205290897207,1173.908539729092,13.989350648063478,302.7106577576344,5.278346606766283
1,215.0,9.847066708071113,0.95,0.0,0.008752336965285,0.0,0.041247663034715,0.0,0.0,0.0,298.79,79.4,0.7195689280096388,0.1240184723938427,18.39258389219694,5.574258116008198,1153.3711628519982,19.81279279324911,0.9804444625847012,0.0,0.0017591641821759,0.0,0.0177963732331229,0.0,0.0,0.0,0.5606721003280698,0.0,0.0981819750847287,0.0,0.3411459245872014,0.0,0.0,0.0,16.780227721138424,0.8346186950621175,1.0,0.0,3.5807997931973103,0.0,3.112593470898437,0.0,0.0,0.0,18.448205290897207,1173.908539729092,13.989350648063478,302.7106577576344,5.278346606766283
1,215.0,11.271302905425417,0.95,0.0,0.008752336965285,0.0,0.041247663034715,0.0,0.0,0.0,298.79,79.4,0.7195689280096388,0.1419559559877256,18.39258389219694,5.574258116008198,1147.4524972194074,21.771891037673004,0.9746864910515728,0.0,0.0025400774900005,0.0,0.0227734314584267,0.0,0.0,0.0,0.4963820736497051,0.0,0.12290352415675,0.0,0.3807144021935448,0.0,0.0,0.0,16.30617005786455,0.8537161398895556,1.0,0.0,3.4732422734938515,0.0,3.030643765753459,0.0,0.0,0.0,18.448205290897207,1173.908539729092,13.989350648063478,302.7106577576344,5.278346606766283
1,215.0,12.69553910277972,0.95,0.0,0.008752336965285,0.0,0.041247663034715,0.0,0.0,0.0,298.79,79.4,0.7195689280096388,0.1598934395816085,18.39258389219694,5.574258116008198,1141.8601524277713,23.80987300334216,0.9691648202794948,0.0,0.0034629950378776,0.0,0.0273721846826274,0.0,0.0,0.0,0.4466448835748944,0.0,0.1476744496099276,0.0,0.4056806668151779,0.0,0.0,0.0,15.856548561433955,0.872462694032842,1.0,0.0,3.373215489996372,0.0,2.9546114006543904,0.0,0.0,0.0,18.448205290897207,1173.908539729092,13.989350648063478,302.7106577576344,5.278346606766283
1,215.0,14.119775300134028,0.95,0.0,0.008752336965285,0.0,0.041247663034715,0.0,0.0,0.0,298.79,79.4,0.7195689280096388,0.1778309231754915,18.39258389219694,5.574258116008198,1136.6422909543169,25.93104764831164,0.963917976271238,0.0,0.0045421715100264,0.0,0.0315398522187356,0.0,0.0,0.0,0.4071005173898932,0.0,0.1729785579918508,0.0,0.419920924618256,0.0,0.0,0.0,15.43234509609237,0.8907506471897677,1.0,0.0,3.280716060078066,0.0,2.884504428309301,0.0,0.0,0.0,18.448205290897207,1173.908539729092,13.989350648063478,302.7106577576344,5.278346606766283
1,215.0,15.54401149748833,0.95,0.0,0.008752336965285,0.0,0.041247663034715,0.0,0.0,0.0,298.79,79.4,0.7195689280096388,0.1957684067693744,18.39258389219694,5.574258116008198,1131.830394803177,28.13725621621359,0.9589720590739016,0.0,0.0057852942132439,0.0,0.0352426467128545,0.0,0.0,0.0,0.3749716402228471,0.0,0.1989131142229546,0.0,0.4261152455541983,0.0,0.0,0.0,15.033765234456745,0.9085331546804076,1.0,0.0,3.1950947364535667,0.0,2.8200624977432494,0.0,0.0,0.0,18.448205290897207,1173.908539729092,13.989350648063478,302.7106577576344,5.278346606766283
1,215.0,16.968247694842635,0.95,0.0,0.008752336965285,0.0,0.041247663034715,0.0,0.0,0.0,298.79,79.4,0.7195689280096388,0.2137058903632573,18.39258389219694,5.574258116008198,1127.4331731091452,30.42737562497723,0.9543358980609152,0.0,0.0071916416615348,0.0,0.0384724602775499,0.0,0.0,0.0,0.3484023964029789,0.0,0.2252958399467714,0.0,0.4263017636502496,0.0,0.0,0.0,14.660064943719512,0.9257400105807292,1.0,0.0,3.115941576272379,0.0,2.76095536698149,0.0,0.0,0.0,18.448205290897207,1173.908539729092,13.989350648063478,302.7106577576344,5.278346606766283
1,215.0,18.39248389219694,0.95,0.0,0.008752336965285,0.0,0.041247663034715,0.0,0.0,0.0,298.79,79.4,0.7195689280096388,0.2316433739571402,18.39258389219694,5.574258116008198,1123.435855268911,32.79751747202042,0.9500002940882492,0.0,0.008752222410275,0.0,0.0412474835014756,0.0,0.0,0.0,0.3261039454060886,0.0,0.2517760515030093,0.0,0.422120003090902,0.0,0.0,0.0,14.309605900154295,0.942367633654142,1.0000000000778624,0.0,3.042574381471132,0.0,2.706720691415212,0.0,0.0,0.0,18.448205290897207,1173.908539729092,13.989350648063478,302.7106577576344,5.278346606766283
1,220.0,6.878107779963194,0.95,0.0,0.008752336965285,0.0,0.041247663034715,0.0,0.0,0.0,298.79,79.4,0.7363030891261421,0.0866260425688059,19.453992241773605,6.878007779963194,1155.3344989771551,17.53090336768615,0.9983753591447292,0.0,0.000112918077442,0.0,0.0015117227778289,0.0,0.0,0.0,0.9499871504780552,0.0,0.0087546317782755,0.0,0.0412582177436692,0.0,0.0,0.0,16.992375885330727,0.8116959093419837,1.0,0.0,3.617280645101341,0.0,2.982652029678813,0.0,0.0,0.0,17.121140165384258,1157.0541060432145,17.08052563899556,302.7106577576344,6.509407158415541
1,220.0,8.275417164608795,0.95,0.0,0.008752336965285,0.0,0.041247663034715,0.0,0.0,0.0,298.79,79.4,0.7363030891261421,0.1042243975391535,19.453992241773605,6.878007779963194,1148.8953033631606,19.270708868066954,0.9922685331048344,0.0,0.0005878432576932,0.0,0.0071436236374721,0.0,0.0,0.0,0.8003812959119878,0.0,0.03765234551384,0.0,0.1619663585741721,0.0,0.0,0.0,16.5142391911669,0.8300932800503098,1.0,0.0,3.510094421675976,0.0,2.9055377451608835,0.0,0.0,0.0,17.121140165384258,1157.0541060432145,17.08052563899556,302.7106577576344,6.509407158415541
1,220.0,9.672726549254396,0.95,0.0,0.008752336965285,0.0,0.041247663034715,0.0,0.0,0.0,298.79,79.4,0.7363030891261421,0.1218227525095012,19.453992241773605,6.878007779963194,1142.6094078979286,21.06663026611554,0.9862643483340526,0.0,0.0011484908677384,0.0,0.0125871607982089,0.0,0.0,0.0,0.693633329935254,0.0,0.0625068587825803,0.0,0.2438598112821657,0.0,0.0,0.0,16.052531115376734,0.848453533299302,1.0,0.0,3.4090020857197048,0.0,2.832432819665416,0.0,0.0,0.0,17.121140165384258,1157.0541060432145,17.08052563899556,302.7106577576344,6.509407158415541
1,220.0,11.070035933899998,0.95,0.0,0.008752336965285,0.0,0.041247663034715,0.0,0.0,0.0,298.79,79.4,0.7363030891261421,0.1394211074798488,19.453992241773605,6.878007779963194,1136.521999019473,22.924225867866618,0.9803975901799864,0.0,0.0018114418922866,0.0,0.0177909679277271,0.0,0.0,0.0,0.6137489431221252,0.0,0.0855309003367582,0.0,0.3007201565411166,0.0,0.0,0.0,15.60847869377202,0.8667350106663335,1.0,0.0,3.3138471917267616,0.0,2.763466076075725,0.0,0.0,0.0,17.121140165384258,1157.0541060432145,17.08052563899556,302.7106577576344,6.509407158415541
1,220.0,12.4673453185456,0.95,0.0,0.008752336965285,0.0,0.041247663034715,0.0,0.0,0.0,298.79,79.4,0.7363030891261421,0.1570194624501964,19.453992241773605,6.878007779963194,1130.6826793330033,24.849146960195547,0.974706729096362,0.0,0.0025943282929701,0.0,0.0226989426106678,0.0,0.0,0.0,0.5518201358846101,0.0,0.1079963545282886,0.0,0.3401835095871012,0.0,0.0,0.0,15.183373174143432,0.8848348916205432,1.0,0.0,3.224694798950189,0.0,2.698761452271819,0.0,0.0,0.0,17.121140165384258,1157.0541060432145,17.08052563899556,302.7106577576344,6.509407158415541
1,220.0,13.8646547031912,0.95,0.0,0.008752336965285,0.0,0.041247663034715,0.0,0.0,0.0,298.79,79.4,0.7363030891261421,0.174617817420544,19.453992241773605,6.878007779963194,1125.141262732636,26.846581286936136,0.969230754946947,0.0,0.0035141836877828,0.0,0.0272550613652701,0.0,0.0,0.0,0.5024914115260183,0.0,0.1306465936334293,0.0,0.3668619948405522,0.0,0.0,0.0,14.778404211580725,0.90266702870656,1.0,0.0,3.141164785602438,0.0,2.6383271222094047,0.0,0.0,0.0,17.121140165384258,1157.0541060432145,17.08052563899556,302.7106577576344,6.509407158415541
1,220.0,15.261964087836802,0.95,0.0,0.008752336965285,0.0,0.041247663034715,0.0,0.0,0.0,298.79,79.4,0.7363030891261421,0.1922161723908917,19.453992241773605,6.878007779963194,1119.941483696664,28.920497701204653,0.964004382503361,0.0,0.0045850750314812,0.0,0.0314105424651576,0.0,0.0,0.0,0.4623472504657197,0.0,0.1538623937322439,0.0,0.3837903558020363,0.0,0.0,0.0,14.394433525283276,0.9201578927765838,1.0,0.0,3.0633810584568835,0.0,2.582155527931372,0.0,0.0,0.0,17.121140165384258,1157.0541060432145,17.08052563899556,302.7106577576344,6.509407158415541
1,220.0,16.659273472482404,0.95,0.0,0.008752336965285,0.0,0.041247663034715,0.0,0.0,0.0,298.79,79.4,0.7363030891261421,0.2098145273612393,19.453992241773605,6.878007779963194,1115.1138694651386,31.07288297854591,0.959052552953633,0.0,0.0058155400498179,0.0,0.035131906996549,0.0,0.0,0.0,0.4291037268891556,0.0,0.1777396465105203,0.0,0.393156626600324,0.0,0.0,0.0,14.03176220330489,0.9372262008335532,1.0,0.0,2.9907937621471903,0.0,2.5301715630924666,0.0,0.0,0.0,17.121140165384258,1157.0541060432145,17.08052563899556,302.7106577576344,6.509407158415541
1,220.0,18.056582857128003,0.95,0.0,0.008752336965285,0.0,0.041247663034715,0.0,0.0,0.0,298.79,79.4,0.7363030891261421,0.2274128823315869,19.453992241773605,6.878007779963194,1110.6702090346205,33.30326326165304,0.9543860853611922,0.0,0.0072067490464472,0.0,0.0384071655923604,0.0,0.0,0.0,0.4011730180900091,0.0,0.2021503862320864,0.0,0.3966765956779044,0.0,0.0,0.0,13.68997796156105,0.95381368498377,1.0,0.0,2.923305457268853,0.0,2.482159514485805,0.0,0.0,0.0,17.121140165384258,1157.0541060432145,17.08052563899556,302.7106577576344,6.509407158415541
1,220.0,19.453892241773605,0.95,0.0,0.008752336965285,0.0,0.041247663034715,0.0,0.0,0.0,298.79,79.4,0.7363030891261421,0.2450112373019345,19.453992241773605,6.878007779963194,1106.6019736838816,35.60874578970223,0.9500003039405812,0.0,0.0087522212124409,0.0,0.0412474748469779,0.0,0.0,0.0,0.3774152847764045,0.0,0.226815713090331,0.0,0.3957690021332645,0.0,0.0,0.0,13.367958410789011,0.9699388667482992,1.0,0.0,2.8602882413134187,0.0,2.437813060929812,0.0,0.0,0.0,17.121140165384258,1157.0541060432145,17.08052563899556,302.7106577576344,6.509407158415541
1,225.0,8.401780501833304,0.95,0.0,0.008752336965285,0.0,0.041247663034715,0.0,0.0,0.0,298.79,79.4,0.7530372502426453,0.1058158753379509,20.74860480317913,8.401680501833305,1137.5326203471288,21.250440928690296,0.9979896531252804,0.0,0.0001448636269989,0.0,0.0018654832477207,0.0,0.0,0.0,0.9499895949598472,0.0,0.0087542032239442,0.0,0.0412562018162085,0.0,0.0,0.0,15.669198202932796,0.8502318664402274,1.0,0.0,3.318722364520821,0.0,2.640437426657225,0.0,0.0,0.0,15.813326197117547,1139.6555629264626,20.687604017864448,302.7106577576344,7.946729358776584
1,225.0,9.773638757538397,0.95,0.0,0.008752336965285,0.0,0.041247663034715,0.0,0.0,0.0,298.79,79.4,0.7530372502426453,0.1230936871226498,20.74860480317913,8.401680501833305,1131.210815598584,22.979934338610853,0.9919800446974586,0.0,0.0006301375529568,0.0,0.0073898177495846,0.0,0.0,0.0,0.8270191888417529,0.0,0.0325463724246524,0.0,0.1404344387335947,0.0,0.0,0.0,15.24335708409355,0.86775227499867,1.0,0.0,3.2308367301494068,0.0,2.5799742682017053,0.0,0.0,0.0,15.813326197117547,1139.6555629264626,20.687604017864448,302.7106577576344,7.946729358776584
1,225.0,11.145497013243489,0.95,0.0,0.008752336965285,0.0,0.041247663034715,0.0,0.0,0.0,298.79,79.4,0.7530372502426453,0.1403714989073487,20.74860480317913,8.401680501833305,1125.034338216764,24.762133755143267,0.9860682634273584,0.0,0.0011993252398998,0.0,0.0127324113327416,0.0,0.0,0.0,0.7340476709730471,0.0,0.0539746548223623,0.0,0.2119776742045904,0.0,0.0,0.0,14.831223932433092,0.8852929480581587,1.0,0.0,3.147675999802643,0.0,2.522453561801732,0.0,0.0,0.0,15.813326197117547,1139.6555629264626,20.687604017864448,302.7106577576344,7.946729358776584
1,225.0,12.51735526894858,0.95,0.0,0.008752336965285,0.0,0.041247663034715,0.0,0.0,0.0,298.79,79.4,0.7530372502426453,0.1576493106920475,20.74860480317913,8.401680501833305,1119.0433180252985,26.601937342559765,0.9802850890844638,0.0,0.0018679820292412,0.0,0.017846928886295,0.0,0.0,0.0,0.6613898726911546,0.0,0.0743587001821641,0.0,0.2642514271266812,0.0,0.0,0.0,14.433788035742278,0.9027749761378004,1.0,0.0,3.0689355081068674,0.0,2.467953007317153,0.0,0.0,0.0,15.813326197117547,1139.6555629264626,20.687604017864448,302.7106577576344,7.946729358776584
1,225.0,13.889213524653671,0.95,0.0,0.008752336965285,0.0,0.041247663034715,0.0,0.0,0.0,298.79,79.4,0.7530372502426453,0.1749271224767464,20.74860480317913,8.401680501833305,1113.2816266473635,28.504313466010675,0.9746643968160572,0.0,0.0026526458583079,0.0,0.0226829573256347,0.0,0.0,0.0,0.6031321160189191,0.0,0.0945353773126536,0.0,0.3023325066684273,0.0,0.0,0.0,14.05209023574524,0.9201266496011166,1.0,0.0,2.994752870628962,0.0,2.416538881178171,0.0,0.0,0.0,15.813326197117547,1139.6555629264626,20.687604017864448,302.7106577576344,7.946729358776584
1,225.0,15.261071780358764,0.95,0.0,0.008752336965285,0.0,0.041247663034715,0.0,0.0,0.0,298.79,79.4,0.7530372502426453,0.1922049342614453,20.74860480317913,8.401680501833305,1107.7934976798936,30.473855331774264,0.9692406233046134,0.0,0.0035694375275333,0.0,0.0271899391678532,0.0,0.0,0.0,0.5554585126881586,0.0,0.1150310588332997,0.0,0.3295104284785418,0.0,0.0,0.0,13.687102661842282,0.9372892599019154,1.0,0.0,2.924820098977042,0.0,2.3682900387187997,0.0,0.0,0.0,15.813326197117547,1139.6555629264626,20.687604017864448,302.7106577576344,7.946729358776584
1,225.0,16.632930036063854,0.95,0.0,0.008752336965285,0.0,0.041247663034715,0.0,0.0,0.0,298.79,79.4,0.7530372502426453,0.2094827460461442,20.74860480317913,8.401680501833305,1102.6184552260454,32.514177103498994,0.964044918288972,0.0,0.0046320465114161,0.0,0.0313230351996119,0.0,0.0,0.0,0.5157945949472207,0.0,0.1361330983657975,0.0,0.3480723066869816,0.0,0.0,0.0,13.33956337690516,0.9541806573830444,1.0,0.0,2.859285420083177,0.0,2.3231964270782988,0.0,0.0,0.0,15.813326197117547,1139.6555629264626,20.687604017864448,302.7106577576344,7.946729358776584
1,225.0,18.004788291768946,0.95,0.0,0.008752336965285,0.0,0.041247663034715,0.0,0.0,0.0,298.79,79.4,0.7530372502426453,0.2267605578308431,20.74860480317913,8.401680501833305,1097.785451159173,34.62728587939624,0.959100649649002,0.0,0.0058494864708995,0.0,0.0350498638800985,0.0,0.0,0.0,0.4823378361519479,0.0,0.1579233737473208,0.0,0.3597387901007312,0.0,0.0,0.0,13.009800993531409,0.9707260248300522,1.0,0.0,2.7977659986619248,0.0,2.281178553081638,0.0,0.0,0.0,15.813326197117547,1139.6555629264626,20.687604017864448,302.7106577576344,7.946729358776584
1,225.0,19.37664654747404,0.95,0.0,0.008752336965285,0.0,0.041247663034715,0.0,0.0,0.0,298.79,79.4,0.7530372502426453,0.244038369615542,20.74860480317913,8.401680501833305,1093.3079794071143,36.81314634609453,0.9544195971220648,0.0,0.0072243414623237,0.0,0.0383560614156114,0.0,0.0,0.0,0.4537859684324152,0.0,0.1803093336327323,0.0,0.3659046979348525,0.0,0.0,0.0,12.697608171013927,0.9869096609598422,1.0,0.0,2.740129471783248,0.0,2.242108859351605,0.0,0.0,0.0,15.813326197117547,1139.6555629264626,20.687604017864448,302.7106577576344,7.946729358776584
1,225.0,20.74850480317913,0.95,0.0,0.008752336965285,0.0,0.041247663034715,0.0,0.0,0.0,298.79,79.4,0.7530372502426453,0.2613161814002409,20.74860480317913,8.401680501833305,1089.1820857043606,39.06963277718432,0.9500003126209764,0.0,0.0087522203285031,0.0,0.0412474670505205,0.0,0.0,0.0,0.4291729681301439,0.0,0.2030693966402092,0.0,0.3677576352296469,0.0,0.0,0.0,12.40221863740813,1.0026690261402658,1.0,0.0,2.686098270079491,0.0,2.2057945158698358,0.0,0.0,0.0,15.813326197117547,1139.6555629264626,20.687604017864448,302.7106577576344,7.946729358776584
1,230.0,10.168350293902352,0.95,0.0,0.008752336965285,0.0,0.041247663034715,0.0,0.0,0.0,298.79,79.4,0.7697714113591485,0.1280648651624981,22.29241191864729,10.168250293902354,1119.0264093915243,25.57908108681288,0.9975338936050834,0.0,0.0001837563379791,0.0,0.0022823500569374,0.0,0.0,0.0,0.9499915047495056,0.0,0.0087538683407581,0.0,0.0412546269097362,0.0,0.0,0.0,14.365315073964265,0.89242962844138,1.0,0.0,3.050719237292506,0.0,2.3533467606198366,0.0,0.0,0.0,14.52556748614066,1121.6270137216943,24.87830228106012,302.7106577576344,9.61137473881863
1,230.0,11.515457141096237,0.95,0.0,0.008752336965285,0.0,0.041247663034715,0.0,0.0,0.0,298.79,79.4,0.7697714113591485,0.1450309463614135,22.29241191864729,10.168250293902354,1112.8161518446543,27.306907770433988,0.9916218613342858,0.0,0.0006786851565199,0.0,0.0076994535091943,0.0,0.0,0.0,0.8487600641443631,0.0,0.0283904781977343,0.0,0.1228494576579027,0.0,0.0,0.0,13.985451709505211,0.9093171611979116,1.0,0.0,2.978489115573836,0.0,2.3056535405654417,0.0,0.0,0.0,14.52556748614066,1121.6270137216943,24.87830228106012,302.7106577576344,9.61137473881863
1,230.0,12.862563988290116,0.95,0.0,0.008752336965285,0.0,0.041247663034715,0.0,0.0,0.0,298.79,79.4,0.7697714113591485,0.1619970275603289,22.29241191864729,10.168250293902354,1106.7442102369323,29.084623738786124,0.9858036903241206,0.0,0.0012557600900313,0.0,0.012940549585848,0.0,0.0,0.0,0.7685430177895933,0.0,0.0467458008897403,0.0,0.1847111813206662,0.0,0.0,0.0,13.61710148259804,0.9262559460190816,1.0,0.0,2.909644931438358,0.0,2.260141167194928,0.0,0.0,0.0,14.52556748614066,1121.6270137216943,24.87830228106012,302.7106577576344,9.61137473881863
1,230.0,14.209670835484,0.95,0.0,0.008752336965285,0.0,0.041247663034715,0.0,0.0,0.0,298.79,79.4,0.7697714113591485,0.1789631087592443,22.29241191864729,10.168250293902354,1100.8463592897326,30.91655764061386,0.9801067268545764,0.0,0.0019295725645066,0.0,0.017963700580917,0.0,0.0,0.0,0.7034967610493733,0.0,0.0646147205286862,0.0,0.2318885184219403,0.0,0.0,0.0,13.261065103502435,0.9431859147225852,1.0,0.0,2.8443663504637167,0.0,2.2168562333737047,0.0,0.0,0.0,14.52556748614066,1121.6270137216943,24.87830228106012,302.7106577576344,9.61137473881863
1,230.0,15.55677768267788,0.95,0.0,0.008752336965285,0.0,0.041247663034715,0.0,0.0,0.0,298.79,79.4,0.7697714113591485,0.1959291899581597,22.29241191864729,10.168250293902354,1095.1615199504215,32.80708452850131,0.9745608975205712,0.0,0.0027156133919886,0.0,0.0227234890874401,0.0,0.0,0.0,0.6497670836212267,0.0,0.0825453700686245,0.0,0.2676875463101486,0.0,0.0,0.0,12.918183006399678,0.9600245243878042,1.0,0.0,2.78239462080128,0.0,2.175906736500992,0.0,0.0,0.0,14.52556748614066,1121.6270137216943,24.87830228106012,302.7106577576344,9.61137473881863
1,230.0,16.90388452987176,0.95,0.0,0.008752336965285,0.0,0.041247663034715,0.0,0.0,0.0,298.79,79.4,0.7697714113591485,0.212895271157075,22.29241191864729,10.168250293902354,1089.7290015714186,34.76026461750831,0.9691966480273524,0.0,0.0036290750637369,0.0,0.0271742769089107,0.0,0.0,0.0,0.604708189818037,0.0,0.1009049030539699,0.0,0.2943869071279932,0.0,0.0,0.0,12.589246984771489,0.976741819746482,1.0,0.0,2.7237488271142425,0.0,2.1372768080619533,0.0,0.0,0.0,14.52556748614066,1121.6270137216943,24.87830228106012,302.7106577576344,9.61137473881863
1,230.0,18.250991377065645,0.95,0.0,0.008752336965285,0.0,0.041247663034715,0.0,0.0,0.0,298.79,79.4,0.7697714113591485,0.2298613523559904,22.29241191864729,10.168250293902354,1084.584384753227,36.77935747197738,0.9640418316045462,0.0,0.0046831319036926,0.0,0.0312750364917612,0.0,0.0,0.0,0.5664417862069755,0.0,0.1199042912784662,0.0,0.3136539225145583,0.0,0.0,0.0,12.274878084433425,0.9932276449686244,1.0,0.0,2.668432090145689,0.0,2.100952849513407,0.0,0.0,0.0,14.52556748614066,1121.6270137216943,24.87830228106012,302.7106577576344,9.61137473881863
1,230.0,19.598098224259527,0.95,0.0,0.008752336965285,0.0,0.041247663034715,0.0,0.0,0.0,298.79,79.4,0.7697714113591485,0.2468274335549058,22.29241191864729,10.168250293902354,1079.7546915627336,38.866307922477205,0.959118025578658,0.0,0.0058869861435737,0.0,0.0349949882777681,0.0,0.0,0.0,0.5335952746796573,0.0,0.1396080372008475,0.0,0.326796688119495,0.0,0.0,0.0,11.975395770645564,1.0094638064075383,1.0,0.0,2.6162281582575746,0.0,2.066903129923497,0.0,0.0,0.0,14.52556748614066,1121.6270137216943,24.87830228106012,302.7106577576344,9.61137473881863
1,230.0,20.945205071453408,0.95,0.0,0.008752336965285,0.0,0.041247663034715,0.0,0.0,0.0,298.79,79.4,0.7697714113591485,0.2637935147538212,22.29241191864729,10.168250293902354,1075.254152372272,41.02136427926275,0.9544372596306367,0.0,0.0072442430104751,0.0,0.0383184973588882,0.0,0.0,0.0,0.5051399832297299,0.0,0.1599471639246456,0.0,0.3349128528456244,0.0,0.0,0.0,11.690715608404586,1.025375907023968,1.0,0.0,2.567024260642867,0.0,2.035079931058188,0.0,0.0,0.0,14.52556748614066,1121.6270137216943,24.87830228106012,302.7106577576344,9.61137473881863
1,230.0,22.29231191864729,0.95,0.0,0.008752336965285,0.0,0.041247663034715,0.0,0.0,0.0,298.79,79.4,0.7697714113591485,0.2807595959527366,22.29241191864729,10.168250293902354,1071.0820912666563,43.24298469295989,0.9500003202731564,0.0,0.008752219691434,0.0,0.0412474600354095,0.0,0.0,0.0,0.4802881120191832,0.0,0.1807459018867185,0.0,0.3389659860940983,0.0,0.0,0.0,11.420317054055836,1.040947395923355,1.0,0.0,2.520685681709432,0.0,2.0053852298261803,0.0,0.0,0.0,14.52556748614066,1121.6270137216943,24.87830228106012,302.7106577576344,9.61137473881863
1,235.0,12.20180397024579,0.95,0.0,0.008752336965285,0.0,0.041247663034715,0.0,0.0,0.0,298.79,79.4,0.7865055724756518,0.1536751129753877,24.102683602700605,12.20170397024579,1099.7046491689316,30.601302668523864,0.996998486969722,0.0,0.0002307857000362,0.0,0.0027707273302417,0.0,0.0,0.0,0.9499930123789634,0.0,0.008753603928856,0.0,0.0412533836921804,0.0,0.0,0.0,13.081834173245383,0.9389714222064512,1.0,0.0,2.809446692474397,0.0,2.1112356347901744,0.0,0.0,0.0,13.258875583506692,1102.8688895247462,29.73094022392497,302.7106577576344,11.525181126674264
1,235.0,13.524112818296324,0.95,0.0,0.008752336965285,0.0,0.041247663034715,0.0,0.0,0.0,298.79,79.4,0.7865055724756518,0.1703288768047395,24.102683602700605,12.20170397024579,1093.6024294916904,32.33587549931193,0.9911873217280686,0.0,0.000734660089557,0.0,0.0080780181823744,0.0,0.0,0.0,0.8665144100309774,0.0,0.0250039516871759,0.0,0.1084816382818465,0.0,0.0,0.0,12.74281822427482,0.9554701804273849,1.0,0.0,2.7497524759704954,0.0,2.0734845992237245,0.0,0.0,0.0,13.258875583506692,1102.8688895247462,29.73094022392497,302.7106577576344,11.525181126674264
1,235.0,14.84642166634686,0.95,0.0,0.008752336965285,0.0,0.041247663034715,0.0,0.0,0.0,298.79,79.4,0.7865055724756518,0.1869826406340914,24.102683602700605,12.20170397024579,1087.6321308507052,34.118022549093475,0.985466623461974,0.0,0.0013189140503386,0.0,0.0132144624876874,0.0,0.0,0.0,0.7977875268865418,0.0,0.0406544346317105,0.0,0.1615580384817476,0.0,0.0,0.0,12.41352152351118,0.972039160092831,1.0,0.0,2.692752185674196,0.0,2.037347790813079,0.0,0.0,0.0,13.258875583506692,1102.8688895247462,29.73094022392497,302.7106577576344,11.525181126674264
1,235.0,16.168730514397396,0.95,0.0,0.008752336965285,0.0,0.041247663034715,0.0,0.0,0.0,298.79,79.4,0.7865055724756518,0.2036364044634432,24.102683602700605,12.20170397024579,1081.8257143920189,35.95157330293924,0.9798607436865778,0.0,0.0019972196601832,0.0,0.0181420366532388,0.0,0.0,0.0,0.7402916560402091,0.0,0.0561926980686743,0.0,0.2035156458911166,0.0,0.0,0.0,12.094592743833555,0.988614383382194,1.0,0.0,2.63831648644893,0.0,2.002945531106284,0.0,0.0,0.0,13.258875583506692,1102.8688895247462,29.73094022392497,302.7106577576344,11.525181126674264
1,235.0,17.49103936244793,0.95,0.0,0.008752336965285,0.0,0.041247663034715,0.0,0.0,0.0,298.79,79.4,0.7865055724756518,0.220290168292795,24.102683602700605,12.20170397024579,1076.217759253509,37.84037936096109,0.97439616139293,0.0,0.0027840559912053,0.0,0.0228197826158646,0.0,0.0,0.0,0.6915495532665851,0.0,0.0719796971691099,0.0,0.236470749564305,0.0,0.0,0.0,11.786710794257186,1.005172142143865,1.0,0.0,2.5864477959914143,0.0,1.9702115619794165,0.0,0.0,0.0,13.258875583506692,1102.8688895247462,29.73094022392497,302.7106577576344,11.525181126674264
1,235.0,18.813348210498464,0.95,0.0,0.008752336965285,0.0,0.041247663034715,0.0,0.0,0.0,298.79,79.4,0.7865055724756518,0.2369439321221469,24.102683602700605,12.20170397024579,1070.8431893655854,39.78801889461749,0.9690997882326484,0.0,0.0036936774871845,0.0,0.0272065342801668,0.0,0.0,0.0,0.6497667395002839,0.0,0.0882703824204553,0.0,0.2619628780792608,0.0,0.0,0.0,11.49051769458238,1.021620071381386,1.0,0.0,2.537204172762832,0.0,1.9391695575519377,0.0,0.0,0.0,13.258875583506692,1102.8688895247462,29.73094022392497,302.7106577576344,11.525181126674264
1,235.0,20.135657058549,0.95,0.0,0.008752336965285,0.0,0.041247663034715,0.0,0.0,0.0,298.79,79.4,0.7865055724756518,0.2535976959514987,24.102683602700605,12.20170397024579,1065.7339135537852,41.797404397150125,0.963996439044653,0.0,0.0047386415492796,0.0,0.0312649194060673,0.0,0.0,0.0,0.6136098893498055,0.0,0.1052174050300098,0.0,0.2811727056201846,0.0,0.0,0.0,11.206529172540304,1.0379194605894055,1.0,0.0,2.4904438517810696,0.0,1.9099042632009235,0.0,0.0,0.0,13.258875583506692,1102.8688895247462,29.73094022392497,302.7106577576344,11.525181126674264
1,235.0,21.457965906599533,0.95,0.0,0.008752336965285,0.0,0.041247663034715,0.0,0.0,0.0,298.79,79.4,0.7865055724756518,0.2702514597808505,24.102683602700605,12.20170397024579,1060.914836691414,43.87036426275058,0.9591058028067262,0.0,0.0059281178741666,0.0,0.0349660793191073,0.0,0.0,0.0,0.5820655887362597,0.0,0.122869390741466,0.0,0.2950650205222743,0.0,0.0,0.0,10.935036596911484,1.054013351971082,1.0,0.0,2.446107693682443,0.0,1.882343152026424,0.0,0.0,0.0,13.258875583506692,1102.8688895247462,29.73094022392497,302.7106577576344,11.525181126674264
1,235.0,22.780274754650076,0.95,0.0,0.008752336965285,0.0,0.041247663034715,0.0,0.0,0.0,298.79,79.4,0.7865055724756518,0.2869052236102024,24.102683602700605,12.20170397024579,1056.400251499043,46.00731695991901,0.9544396752999148,0.0,0.0072664134757764,0.0,0.0382939112243087,0.0,0.0,0.0,0.5543477408932318,0.0,0.1411739547117804,0.0,0.3044783043949877,0.0,0.0,0.0,10.676026216010778,1.0698493717827111,1.0,0.0,2.404123874216836,0.0,1.856414631091143,0.0,0.0,0.0,13.258875583506692,1102.8688895247462,29.73094022392497,302.7106577576344,11.525181126674264
1,235.0,24.102583602700605,0.95,0.0,0.008752336965285,0.0,0.041247663034715,0.0,0.0,0.0,298.79,79.4,0.7865055724756518,0.3035589874395542,24.102683602700605,12.20170397024579,1052.191767033407,48.20715986680818,0.9500003270550152,0.0,0.0087522192404122,0.0,0.0412474537045723,0.0,0.0,0.0,0.5298356298075257,0.0,0.159992326238475,0.0,0.3101720439539992,0.0,0.0,0.0,10.429146159676058,1.08540755210976,1.0,0.0,2.364381577840583,0.0,1.8321273191026788,0.0,0.0,0.0,13.258875583506692,1102.8688895247462,29.73094022392497,302.7106577576344,11.525181126674264
1,240.0,14.527212184769027,0.95,0.0,0.008752336965285,0.0,0.041247663034715,0.0,0.0,0.0,298.79,79.4,0.803239733592155,0.1829623700852522,26.19775839899175,14.527112184769027,1079.43583340822,36.417214838094296,0.9963724749150548,0.0,0.0002873755586788,0.0,0.0033401495262663,0.0,0.0,0.0,0.949994214206098,0.0,0.0087533931203031,0.0,0.0412523926735987,0.0,0.0,0.0,11.820120654241656,0.9907718444055384,1.0,0.0,2.5914881783340324,0.0,1.906252890604108,0.0,0.0,0.0,12.014498351825988,1083.263844328595,35.3375257790447,302.7106577576344,13.710780754884407
1,240.0,15.823928430793774,0.95,0.0,0.008752336965285,0.0,0.041247663034715,0.0,0.0,0.0,298.79,79.4,0.803239733592155,0.1992938089520626,26.19775839899175,14.527112184769027,1073.4400912577707,38.16696568268513,0.9906683032393784,0.0,0.0007994773645228,0.0,0.0085322193960988,0.0,0.0,0.0,0.8810499297059863,0.0,0.0222358163542164,0.0,0.0967142539397971,0.0,0.0,0.0,11.51776080640282,1.0070874380799026,1.0,0.0,2.542047179764052,0.0,1.8763371114317235,0.0,0.0,0.0,12.014498351825988,1083.263844328595,35.3375257790447,302.7106577576344,13.710780754884407
1,240.0,17.12064467681852,0.95,0.0,0.008752336965285,0.0,0.041247663034715,0.0,0.0,0.0,298.79,79.4,0.803239733592155,0.215625247818873,26.19775839899175,14.527112184769027,1067.570187891667,39.96241072054901,0.9850515327696918,0.0,0.0013901525909347,0.0,0.0135583146393733,0.0,0.0,0.0,0.8224895261063796,0.0,0.0355344929592541,0.0,0.1419759809343662,0.0,0.0,0.0,11.22363507684162,1.0234977529467677,1.0,0.0,2.494597944846045,0.0,1.8476474618263303,0.0,0.0,0.0,12.014498351825988,1083.263844328595,35.3375257790447,302.7106577576344,13.710780754884407
1,240.0,18.41736092284327,0.95,0.0,0.008752336965285,0.0,0.041247663034715,0.0,0.0,0.0,298.79,79.4,0.803239733592155,0.2319566866856834,26.19775839899175,14.527112184769027,1061.854687009088,41.80693517104321,0.9795438543236517,0.0,0.0020721831936342,0.0,0.0183839624827141,0.0,0.0,0.0,0.7721926735793995,0.0,0.0489563086341006,0.0,0.1788510177864999,0.0,0.0,0.0,10.938268364045816,1.0399631888306673,1.0,0.0,2.4491937069919825,0.0,1.8201596045020896,0.0,0.0,0.0,12.014498351825988,1083.263844328595,35.3375257790447,302.7106577576344,13.710780754884407
1,240.0,19.714077168868016,0.95,0.0,0.008752336965285,0.0,0.041247663034715,0.0,0.0,0.0,298.79,79.4,0.803239733592155,0.2482881255524938,26.19775839899175,14.527112184769027,1056.3242998179703,43.7039220972515,0.9741686856087004,0.0,0.0028590605208365,0.0,0.0229722538704631,0.0,0.0,0.0,0.7285843163272733,0.0,0.062742192025926,0.0,0.2086734916468006,0.0,0.0,0.0,10.662208033168364,1.0564206037008332,1.0,0.0,2.405761302735944,0.0,1.7940014840924932,0.0,0.0,0.0,12.014498351825988,1083.263844328595,35.3375257790447,302.7106577576344,13.710780754884407
1,240.0,21.01079341489276,0.95,0.0,0.008752336965285,0.0,0.041247663034715,0.0,0.0,0.0,298.79,79.4,0.803239733592155,0.2646195644193043,26.19775839899175,14.527112184769027,1051.010006219929,45.65650965950369,0.968949774520836,0.0,0.0037640920793915,0.0,0.0272861333997725,0.0,0.0,0.0,0.6904692281291721,0.0,0.0770699332561102,0.0,0.2324608386147176,0.0,0.0,0.0,10.395971977613405,1.072818654146093,1.0,0.0,2.364277803276396,0.0,1.7690846079048617,0.0,0.0,0.0,12.014498351825988,1083.263844328595,35.3375257790447,302.7106577576344,13.710780754884407
1,240.0,22.307509660917507,0.95,0.0,0.008752336965285,0.0,0.041247663034715,0.0,0.0,0.0,298.79,79.4,0.803239733592155,0.2809510032861146,26.19775839899175,14.527112184769027,1045.9402911116904,47.66727439443553,0.9639091241147628,0.0,0.0047991422804309,0.0,0.0312917336048061,0.0,0.0,0.0,0.6569226573622123,0.0,0.0920495872886989,0.0,0.2510277553490888,0.0,0.0,0.0,10.139983076014104,1.089122566446462,1.0,0.0,2.324722253697157,0.0,1.7454904852082131,0.0,0.0,0.0,12.014498351825988,1083.263844328595,35.3375257790447,302.7106577576344,13.710780754884407
1,240.0,23.60422590694225,0.95,0.0,0.008752336965285,0.0,0.041247663034715,0.0,0.0,0.0,298.79,79.4,0.803239733592155,0.2972824421529251,26.19775839899175,14.527112184769027,1041.137870587407,49.73789321924232,0.9590645191898464,0.0,0.0059731747615728,0.0,0.0349623060485808,0.0,0.0,0.0,0.6272161332874403,0.0,0.1077171803891331,0.0,0.2650666863234266,0.0,0.0,0.0,9.894495808082084,1.1052667606192657,1.0,0.0,2.2870545280930736,0.0,1.7231624162088683,0.0,0.0,0.0,12.014498351825988,1083.263844328595,35.3375257790447,302.7106577576344,13.710780754884407
1,240.0,24.900942152967,0.95,0.0,0.008752336965285,0.0,0.041247663034715,0.0,0.0,0.0,298.79,79.4,0.803239733592155,0.3136138810197355,26.19775839899175,14.527112184769027,1036.616627763058,51.86887207941964,0.9544271894703612,0.0,0.0072909416484449,0.0,0.0382818688811939,0.0,0.0,0.0,0.6007661820783519,0.0,0.1240328483167103,0.0,0.2752009696049378,0.0,0.0,0.0,9.65953463002902,1.121216409635261,1.0,0.0,2.2512549754648274,0.0,1.7021035064360703,0.0,0.0,0.0,12.014498351825988,1083.263844328595,35.3375257790447,302.7106577576344,13.710780754884407
1,240.0,26.19765839899175,0.95,0.0,0.008752336965285,0.0,0.041247663034715,0.0,0.0,0.0,298.79,79.4,0.803239733592155,0.3299453198865459,26.19775839899175,14.527112184769027,1032.3797086257366,54.05943460304705,0.9500003331372148,0.0,0.0087522189198486,0.0,0.0412474479429364,0.0,0.0,0.0,0.577098519851323,0.0,0.1408880335031538,0.0,0.2820134466455232,0.0,0.0,0.0,9.434862488026592,1.1369449480870693,1.0,0.0,2.217180397763093,0.0,1.682236608114675,0.0,0.0,0.0,12.014498351825988,1083.263844328595,35.3375257790447,302.7106577576344,13.710780754884407
1,245.0,17.1708485628574,0.95,0.0,0.008752336965285,0.0,0.041247663034715,0.0,0.0,0.0,298.79,79.4,0.8199738947086582,0.2162575385750302,28.596873846248613,17.1707485628574,1058.061452460942,43.14768272473904,0.9956430881432682,0.0,0.0003552749745917,0.0,0.0040016368821399,0.0,0.0,0.0,0.9499951811573494,0.0,0.0087532234986486,0.0,0.0412515953440019,0.0,0.0,0.0,10.581841116533912,1.0490031516994,1.0,0.0,2.393925644175894,0.0,1.7322172977298167,0.0,0.0,0.0,10.793959502416731,1062.6711211462375,41.80803719266337,302.7106577576344,16.191644196077288
1,245.0,18.44039581656753,0.95,0.0,0.008752336965285,0.0,0.041247663034715,0.0,0.0,0.0,298.79,79.4,0.8199738947086582,0.2322467986973241,28.596873846248613,17.1707485628574,1052.1722489430224,44.92133334714294,0.9900548991703076,0.0,0.0008748769296082,0.0,0.0090702239000842,0.0,0.0,0.0,0.8929978211400318,0.0,0.0199627605393571,0.0,0.087039418320611,0.0,0.0,0.0,10.312697918969278,1.0653669970856583,1.0,0.0,2.35291112095393,0.0,1.7084752796739076,0.0,0.0,0.0,10.793959502416731,1062.6711211462375,41.80803719266337,302.7106577576344,16.191644196077288
1,245.0,19.70994307027767,0.95,0.0,0.008752336965285,0.0,0.041247663034715,0.0,0.0,0.0,298.79,79.4,0.8199738947086582,0.248236058819618,28.596873846248613,17.1707485628574,1046.4028299855968,46.739187517316985,0.9845511481887232,0.0,0.0014711624835091,0.0,0.0139776893277676,0.0,0.0,0.0,0.8433301268442557,0.0,0.0312315308303782,0.0,0.125438342325366,0.0,0.0,0.0,10.050544077212702,1.0818486156822693,1.0,0.0,2.3134174179821705,0.0,1.6856714468785003,0.0,0.0,0.0,10.793959502416731,1062.6711211462375,41.80803719266337,302.7106577576344,16.191644196077288
1,245.0,20.979490323987804,0.95,0.0,0.008752336965285,0.0,0.041247663034715,0.0,0.0,0.0,298.79,79.4,0.8199738947086582,0.2642253189419118,28.596873846248613,17.1707485628574,1040.7786756895684,48.60422935889806,0.9791511139257338,0.0,0.0021560389790688,0.0,0.0186928470951973,0.0,0.0,0.0,0.7997157542178314,0.0,0.0427585732394269,0.0,0.1575256725427415,0.0,0.0,0.0,9.79580316874715,1.098406432164218,1.0,0.0,2.2754391422860234,0.0,1.6637821094228,0.0,0.0,0.0,10.793959502416731,1062.6711211462375,41.80803719266337,302.7106577576344,16.191644196077288
1,245.0,22.24903757769794,0.95,0.0,0.008752336965285,0.0,0.041247663034715,0.0,0.0,0.0,298.79,79.4,0.8199738947086582,0.2802145790642057,28.596873846248613,17.1707485628574,1035.327004180164,50.519417141938526,0.9738754556488102,0.0,0.0029420220251589,0.0,0.0231825223260309,0.0,0.0,0.0,0.7611623893837351,0.0,0.0547077317590205,0.0,0.1841298788572443,0.0,0.0,0.0,9.548914025108514,1.1149938649631572,1.0,0.0,2.2389732185230886,0.0,1.642847681938672,0.0,0.0,0.0,10.793959502416731,1062.6711211462375,41.80803719266337,302.7106577576344,16.191644196077288
1,245.0,23.518584831408077,0.95,0.0,0.008752336965285,0.0,0.041247663034715,0.0,0.0,0.0,298.79,79.4,0.8199738947086582,0.2962038391864997,28.596873846248613,17.1707485628574,1030.0752049584069,52.48748395408192,0.9687450503083428,0.0,0.0038414620540095,0.0,0.0274134876376475,0.0,0.0,0.0,0.7268862056819082,0.0,0.0672042438341892,0.0,0.2059095504839025,0.0,0.0,0.0,9.310291171359925,1.131563357192278,1.0,0.0,2.204014054174721,0.0,1.622881255040108,0.0,0.0,0.0,10.793959502416731,1062.6711211462375,41.80803719266337,302.7106577576344,16.191644196077288
1,245.0,24.788132085118207,0.95,0.0,0.008752336965285,0.0,0.041247663034715,0.0,0.0,0.0,298.79,79.4,0.8199738947086582,0.3121930993087935,28.596873846248613,17.1707485628574,1025.0485681025227,54.51068318313849,0.9637792926822192,0.0,0.0048654693130152,0.0,0.0313552380047655,0.0,0.0,0.0,0.6962586459730047,0.0,0.0803277859927469,0.0,0.2234135680342482,0.0,0.0,0.0,9.080276762902574,1.14807695504227,1.0,0.0,2.170577141868444,0.0,1.6038598055488358,0.0,0.0,0.0,10.793959502416731,1062.6711211462375,41.80803719266337,302.7106577576344,16.191644196077288
1,245.0,26.057679338828343,0.95,0.0,0.008752336965285,0.0,0.041247663034715,0.0,0.0,0.0,298.79,79.4,0.8199738947086582,0.3281823594310874,28.596873846248613,17.1707485628574,1020.267599350167,56.59051866458996,0.958994075945705,0.0,0.0060226676192141,0.0,0.034983256435081,0.0,0.0,0.0,0.6687682581620147,0.0,0.0941051480235313,0.0,0.2371265938144539,0.0,0.0,0.0,8.859086422085044,1.1644942911800145,1.0,0.0,2.13860444453401,0.0,1.585839267550739,0.0,0.0,0.0,10.793959502416731,1062.6711211462375,41.80803719266337,302.7106577576344,16.191644196077288
1,245.0,27.32722659253848,0.95,0.0,0.008752336965285,0.0,0.041247663034715,0.0,0.0,0.0,298.79,79.4,0.8199738947086582,0.3441716195533813,28.596873846248613,17.1707485628574,1015.7454657633486,58.72752418019615,0.95439985758222,0.0,0.0073180438082675,0.0,0.0382820986095124,0.0,0.0,0.0,0.643993054749772,0.0,0.1085063993117202,0.0,0.2475005459385076,0.0,0.0,0.0,8.646761631739114,1.18076174229803,1.0,0.0,2.1080518837528577,0.0,1.5687416935028635,0.0,0.0,0.0,10.793959502416731,1062.6711211462375,41.80803719266337,302.7106577576344,16.191644196077288
1,245.0,28.596773846248613,0.95,0.0,0.008752336965285,0.0,0.041247663034715,0.0,0.0,0.0,298.79,79.4,0.8199738947086582,0.3601608796756752,28.596873846248613,17.1707485628574,1011.4862745079448,60.921162490973344,0.9500003387053394,0.0,0.008752218677631,0.0,0.0412474426170295,0.0,0.0,0.0,0.621580488836013,0.0,0.1234478228838615,0.0,0.2549716882801255,0.0,0.0,0.0,8.443144244840292,1.1968554679366696,1.0,0.0,2.078857221246948,0.0,1.552554120272032,0.0,0.0,0.0,10.793959502416731,1062.6711211462375,41.80803719266337,302.7106577576344,16.191644196077288
1,250.0,20.160373483767916,0.95,0.0,0.008752336965285,0.0,0.041247663034715,0.0,0.0,0.0,298.79,79.4,0.8367080558251614,0.2539089859416613,31.320018127490957,20.160273483767917,1035.3863505240945,50.941734103095904,0.9947950697734652,0.0,0.0004366967661506,0.0,0.0047682334603842,0.0,0.0,0.0,0.9499959660565204,0.0,0.0087530858160564,0.0,0.041250948127423,0.0,0.0,0.0,9.369025281139706,1.11529774852103,1.0,0.0,2.2143193639644108,0.0,1.5841044564028526,0.0,0.0,0.0,9.599114364051816,1040.9186176418627,49.27650279185157,302.7106577576344,18.99215487266697
1,250.0,21.40032288862603,0.95,0.0,0.008752336965285,0.0,0.041247663034715,0.0,0.0,0.0,298.79,79.4,0.8367080558251614,0.2695254771867257,31.320018127490957,20.160273483767917,1029.6050668047774,52.7486129439693,0.9893348731306084,0.0,0.0009630532492883,0.0,0.0097020736201031,0.0,0.0,0.0,0.9028693324696228,0.0,0.0180853819683652,0.0,0.079045285562012,0.0,0.0,0.0,9.130270102087607,1.1319388608939889,1.0,0.0,2.180243395975244,0.0,1.5653267103959494,0.0,0.0,0.0,9.599114364051816,1040.9186176418627,49.27650279185157,302.7106577576344,18.99215487266697
1,250.0,22.640272293484145,0.95,0.0,0.008752336965285,0.0,0.041247663034715,0.0,0.0,0.0,298.79,79.4,0.8367080558251614,0.2851419684317902,31.320018127490957,20.160273483767917,1023.9372588153744,54.598568229525405,0.9839560333149352,0.0,0.0015640696046928,0.0,0.0144798970803718,0.0,0.0,0.0,0.8609282352995585,0.0,0.0276082396264745,0.0,0.1114635250739668,0.0,0.0,0.0,8.897448727869635,1.148717883961723,1.0,0.0,2.147326256282088,0.0,1.547233964271179,0.0,0.0,0.0,9.599114364051816,1040.9186176418627,49.27650279185157,302.7106577576344,18.99215487266697
1,250.0,23.88022169834226,0.95,0.0,0.008752336965285,0.0,0.041247663034715,0.0,0.0,0.0,298.79,79.4,0.8367080558251614,0.3007584596768546,31.320018127490957,20.160273483767917,1018.4055626291045,56.49421747088349,0.9786756042840056,0.0,0.0022507802374197,0.0,0.0190736154785745,0.0,0.0,0.0,0.8234056805488379,0.0,0.0374547887492323,0.0,0.1391395307019297,0.0,0.0,0.0,8.670900483935824,1.1655995476502177,1.0,0.0,2.1155678626782244,0.0,1.529825583492327,0.0,0.0,0.0,9.599114364051816,1040.9186176418627,49.27650279185157,302.7106577576344,18.99215487266697
1,250.0,25.120171103200377,0.95,0.0,0.008752336965285,0.0,0.041247663034715,0.0,0.0,0.0,298.79,79.4,0.8367080558251614,0.3163749509219191,31.320018127490957,20.160273483767917,1013.033990593832,58.43812965631,0.9735117158880976,0.0,0.0030347261657066,0.0,0.0234535579461957,0.0,0.0,0.0,0.789682009861693,0.0,0.0477386821620435,0.0,0.1625793079762635,0.0,0.0,0.0,8.450974264915557,1.1825611669252531,1.0,0.0,2.084968458117537,0.0,1.513128379421323,0.0,0.0,0.0,9.599114364051816,1040.9186176418627,49.27650279185157,302.7106577576344,18.99215487266697
1,250.0,26.360120508058493,0.95,0.0,0.008752336965285,0.0,0.041247663034715,0.0,0.0,0.0,298.79,79.4,0.8367080558251614,0.3319914421669835,31.320018127490957,20.160273483767917,1007.8466265565244,60.4326626672047,0.9684826069518332,0.0,0.0039272869303535,0.0,0.0275901061178133,0.0,0.0,0.0,0.7592505080378783,0.0,0.0585491997808798,0.0,0.1822002921812419,0.0,0.0,0.0,8.237998399605292,1.1995481378791637,1.0,0.0,2.0555264279321515,0.0,1.4971651482975288,0.0,0.0,0.0,9.599114364051816,1040.9186176418627,49.27650279185157,302.7106577576344,18.99215487266697
1,250.0,27.60006991291661,0.95,0.0,0.008752336965285,0.0,0.041247663034715,0.0,0.0,0.0,298.79,79.4,0.8367080558251614,0.3476079334120479,31.320018127490957,20.160273483767917,1002.8657649129688,62.47976086620706,0.9636052366006796,0.0,0.0049387681530853,0.0,0.031455995246235,0.0,0.0,0.0,0.7316917603426905,0.0,0.0699444733932349,0.0,0.1983637662640747,0.0,0.0,0.0,8.032245499902867,1.2165184239726097,1.0,0.0,2.027236476029578,0.0,1.4819189358510982,0.0,0.0,0.0,9.599114364051816,1040.9186176418627,49.27650279185157,302.7106577576344,18.99215487266697
1,250.0,28.84001931777472,0.95,0.0,0.008752336965285,0.0,0.041247663034715,0.0,0.0,0.0,298.79,79.4,0.8367080558251614,0.3632244246571123,31.320018127490957,20.160273483767917,998.1097242914252,64.58074337262794,0.9588936479460926,0.0,0.0060773460690175,0.0,0.0350290059848898,0.0,0.0,0.0,0.7066543303970848,0.0,0.0819447384162439,0.0,0.2114009311866713,0.0,0.0,0.0,7.833892852585263,1.2334416852766563,1.0,0.0,2.0000811419305617,0.0,1.4673896638974817,0.0,0.0,0.0,9.599114364051816,1040.9186176418627,49.27650279185157,302.7106577576344,18.99215487266697
1,250.0,30.07996872263284,0.95,0.0,0.008752336965285,0.0,0.041247663034715,0.0,0.0,0.0,298.79,79.4,0.8367080558251614,0.3788409159021768,31.320018127490957,20.160273483767917,993.5907391058036,66.73613010019564,0.9543573827263576,0.0,0.0073480756480636,0.0,0.0382945416255786,0.0,0.0,0.0,0.6838401826283166,0.0,0.0945281246813594,0.0,0.2216316926903239,0.0,0.0,0.0,7.6429870048336195,1.2502620111941996,1.0,0.0,1.9740322529188072,0.0,1.453566647815653,0.0,0.0,0.0,9.599114364051816,1040.9186176418627,49.27650279185157,302.7106577576344,18.99215487266697
1,250.0,31.319918127490958,0.95,0.0,0.008752336965285,0.0,0.041247663034715,0.0,0.0,0.0,298.79,79.4,0.8367080558251614,0.3944574071472412,31.320018127490957,20.160273483767917,989.3134599490628,68.94555697215962,0.9500003439650696,0.0,0.0087522184629627,0.0,0.0412474375719676,0.0,0.0,0.0,0.6629938043718634,0.0,0.1076312746523587,0.0,0.2293749209757777,0.0,0.0,0.0,7.459423001356339,1.2669664173148345,1.0,0.0,1.9490474775453568,0.0,1.440441470926461,0.0,0.0,0.0,9.599114364051816,1040.9186176418627,49.27650279185157,302.7106577576344,18.99215487266697
1,255.0,23.52510883483121,0.95,0.0,0.008752336965285,0.0,0.041247663034715,0.0,0.0,0.0,298.79,79.4,0.8534422169416647,0.2962860054764636,34.38777831006773,23.52500883483121,1011.1644344491306,59.98759855339088,0.993809626079134,0.0,0.0005345337390137,0.0,0.0056558401818522,0.0,0.0,0.0,0.9499966086922982,0.0,0.0087529731062856,0.0,0.0412504182014161,0.0,0.0,0.0,8.184153660999131,1.1918329787110522,1.0,0.0,2.044571030873023,0.0,1.4580107638174322,0.0,0.0,0.0,8.432227805466914,1017.7913832278248,57.90987351738985,302.7106577576344,22.13772066860631
1,255.0,24.73206099874638,0.95,0.0,0.008752336965285,0.0,0.041247663034715,0.0,0.0,0.0,298.79,79.4,0.8534422169416647,0.3114869143418939,34.38777831006773,23.52500883483121,1005.4934759631508,61.83804044043774,0.9884927782336144,0.0,0.0010668576143197,0.0,0.010440364152066,0.0,0.0,0.0,0.9110752697281088,0.0,0.016524059986443,0.0,0.072400670285448,0.0,0.0,0.0,7.973462479276336,1.209010709850938,1.0,0.0,2.017694557390594,0.0,1.443208695439095,0.0,0.0,0.0,8.432227805466914,1017.7913832278248,57.90987351738985,302.7106577576344,22.13772066860631
1,255.0,25.93901316266155,0.95,0.0,0.008752336965285,0.0,0.041247663034715,0.0,0.0,0.0,298.79,79.4,0.8534422169416647,0.3266878232073242,34.38777831006773,23.52500883483121,999.9291357040122,63.73079072381813,0.9832538664469214,0.0,0.0016716232227751,0.0,0.0150745103303034,0.0,0.0,0.0,0.8758269820100474,0.0,0.0245459262203326,0.0,0.0996270917696198,0.0,0.0,0.0,7.767799886229674,1.2263637013452673,1.0,0.0,1.9917306265991608,0.0,1.4289160399447705,0.0,0.0,0.0,8.432227805466914,1017.7913832278248,57.90987351738985,302.7106577576344,22.13772066860631
1,255.0,27.14596532657672,0.95,0.0,0.008752336965285,0.0,0.041247663034715,0.0,0.0,0.0,298.79,79.4,0.8534422169416647,0.3418887320727546,34.38777831006773,23.52500883483121,994.4913820028102,65.66812883890734,0.9781078554508368,0.0,0.0023589806795467,0.0,0.0195331638696163,0.0,0.0,0.0,0.8437927704440062,0.0,0.0329100198543379,0.0,0.1232972097016559,0.0,0.0,0.0,7.567434010680766,1.2438740107534998,1.0,0.0,1.9666972793545865,0.0,1.4151429513205993,0.0,0.0,0.0,8.432227805466914,1017.7913832278248,57.90987351738985,302.7106577576344,22.13772066860631
1,255.0,28.352917490491883,0.95,0.0,0.008752336965285,0.0,0.041247663034715,0.0,0.0,0.0,298.79,79.4,0.8534422169416647,0.3570896409381849,34.38777831006773,23.52500883483121,989.201240680086,67.65226473613451,0.9730705182973104,0.0,0.0031394867157854,0.0,0.0237899949869041,0.0,0.0,0.0,0.814589566859108,0.0,0.0416964812469636,0.0,0.1437139518939282,0.0,0.0,0.0,7.372638984737012,1.2614864016789835,1.0,0.0,1.942543822514052,0.0,1.401898747992166,0.0,0.0,0.0,8.432227805466914,1017.7913832278248,57.90987351738985,302.7106577576344,22.13772066860631
1,255.0,29.55986965440705,0.95,0.0,0.008752336965285,0.0,0.041247663034715,0.0,0.0,0.0,298.79,79.4,0.8534422169416647,0.3722905498036152,34.38777831006773,23.52500883483121,984.0797165004632,69.68520816295288,0.96815763883963,0.0,0.0040235315413035,0.0,0.0278188296190662,0.0,0.0,0.0,0.7878945755200973,0.0,0.050969555696627,0.0,0.1611358687832756,0.0,0.0,0.0,7.183671137428108,1.2791798616053895,1.0,0.0,1.9177538644883525,0.0,1.3891907751095407,0.0,0.0,0.0,8.432227805466914,1017.7913832278248,57.90987351738985,302.7106577576344,22.13772066860631
1,255.0,30.76682181832222,0.95,0.0,0.008752336965285,0.0,0.041247663034715,0.0,0.0,0.0,298.79,79.4,0.8534422169416647,0.3874914586690455,34.38777831006773,23.52500883483121,979.1462789544188,71.76861056766572,0.9633838860057378,0.0,0.0050205722315726,0.0,0.0315955417626894,0.0,0.0,0.0,0.7634329904811373,0.0,0.0607719212846808,0.0,0.175795088234182,0.0,0.0,0.0,7.000743211631539,1.296899230738911,1.0,0.0,1.8938482635091365,0.0,1.37702291928594,0.0,0.0,0.0,8.432227805466914,1017.7913832278248,57.90987351738985,302.7106577576344,22.13772066860631
1,255.0,31.97377398223739,0.95,0.0,0.008752336965285,0.0,0.041247663034715,0.0,0.0,0.0,298.79,79.4,0.8534422169416647,0.4026923675344759,34.38777831006773,23.52500883483121,974.417101242106,73.9036032584578,0.9587615033646356,0.0,0.0061382507591822,0.0,0.0351002458761823,0.0,0.0,0.0,0.7409683174930554,0.0,0.0711191266746212,0.0,0.1879125558323234,0.0,0.0,0.0,6.8239971578709895,1.314616012590389,1.0,0.0,1.8708175905465412,0.0,1.3653938884643866,0.0,0.0,0.0,8.432227805466914,1017.7913832278248,57.90987351738985,302.7106577576344,22.13772066860631
1,255.0,33.18072614615256,0.95,0.0,0.008752336965285,0.0,0.041247663034715,0.0,0.0,0.0,298.79,79.4,0.8534422169416647,0.4178932763999062,34.38777831006773,23.52500883483121,969.903346184124,76.09066535746537,0.954299030476865,0.0,0.0073815547703257,0.0,0.0383194147528092,0.0,0.0,0.0,0.7202948103948646,0.0,0.0819957777119697,0.0,0.1977094118931655,0.0,0.0,0.0,6.653477085206185,1.3322939934574898,1.0,0.0,1.848643645281229,0.0,1.354295858891965,0.0,0.0,0.0,8.432227805466914,1017.7913832278248,57.90987351738985,302.7106577576344,22.13772066860631
1,255.0,34.38767831006773,0.95,0.0,0.008752336965285,0.0,0.041247663034715,0.0,0.0,0.0,298.79,79.4,0.8534422169416647,0.4330941852653366,34.38777831006773,23.52500883483121,965.609890583876,78.32955756231942,0.9500003468121172,0.0,0.0087522190192103,0.0,0.0412474341686724,0.0,0.0,0.0,0.7012316985852648,0.0,0.0933550460198271,0.0,0.2054132553949081,0.0,0.0,0.0,6.489114798619492,1.3499063918059058,1.0,0.0,1.8272980394413536,0.0,1.34371338917771,0.0,0.0,0.0,8.432227805466914,1017.7913832278248,57.90987351738985,302.7106577576344,22.13772066860631
1,260.0,27.296447710458665,0.95,0.0,0.008752336965285,0.0,0.041247663034715,0.0,0.0,0.0,298.79,79.4,0.8701763780581678,0.3437839762022501,37.821147868763056,27.296347710458665,985.0766952295638,70.52978835544558,0.9926627473364832,0.0,0.0006527075304502,0.0,0.0066845451330666,0.0,0.0,0.0,0.949997139384142,0.0,0.0087528800603703,0.0,0.0412499805554876,0.0,0.0,0.0,7.03028489492038,1.2817682121257656,1.0,0.0,1.8718013160737936,0.0,1.3507616104475566,0.0,0.0,0.0,7.296085655146154,993.0143761526203,67.92140682303575,302.7106577576344,25.654931900849267
1,260.0,28.46584772804804,0.95,0.0,0.008752336965285,0.0,0.041247663034715,0.0,0.0,0.0,298.79,79.4,0.8701763780581678,0.3585119361215118,37.821147868763056,27.296347710458665,979.5191739587286,72.43567360342259,0.9875085134189064,0.0,0.0011901244950173,0.0,0.0113013620860762,0.0,0.0,0.0,0.9179448447479774,0.0,0.0152150802917379,0.0,0.0668400749602844,0.0,0.0,0.0,6.845760248904728,1.29981515398366,1.0,0.0,1.8500336289303336,0.0,1.3391844473781795,0.0,0.0,0.0,7.296085655146154,993.0143761526203,67.92140682303575,302.7106577576344,25.654931900849267
1,260.0,29.635247745637415,0.95,0.0,0.008752336965285,0.0,0.041247663034715,0.0,0.0,0.0,298.79,79.4,0.8701763780581678,0.3732398960407735,37.821147868763056,27.296347710458665,974.060537471311,74.38348047888287,0.9824282216213208,0.0,0.001797494834858,0.0,0.0157742835438211,0.0,0.0,0.0,0.8884930060297651,0.0,0.0219436688235468,0.0,0.089563325146688,0.0,0.0,0.0,6.6654779835510105,1.318078052814029,1.0,0.0,1.8289431173082764,0.0,1.3279850801940078,0.0,0.0,0.0,7.296085655146154,993.0143761526203,67.92140682303575,302.7106577576344,25.654931900849267
1,260.0,30.804647763226797,0.95,0.0,0.008752336965285,0.0,0.041247663034715,0.0,0.0,0.0,298.79,79.4,0.8701763780581678,0.3879678559600351,37.821147868763056,27.296347710458665,968.7182099296928,76.37517608970944,0.9774348411703112,0.0,0.0024840603140028,0.0,0.0200810985156858,0.0,0.0,0.0,0.8613692402389836,0.0,0.0290025771087044,0.0,0.1096281826523118,0.0,0.0,0.0,6.489647114789356,1.336548580935856,1.0,0.0,1.8085441585612985,0.0,1.3171691072631813,0.0,0.0,0.0,7.296085655146154,993.0143761526203,67.92140682303575,302.7106577576344,25.654931900849267
1,260.0,31.97404778081617,0.95,0.0,0.008752336965285,0.0,0.041247663034715,0.0,0.0,0.0,298.79,79.4,0.8701763780581678,0.4026958158792968,37.821147868763056,27.296347710458665,963.5103936969186,78.4126396641962,0.9725419159238468,0.0,0.0032593733175836,0.0,0.0241987107585695,0.0,0.0,0.0,0.8363398135772321,0.0,0.0364487969432387,0.0,0.1272113894795291,0.0,0.0,0.0,6.318478845512454,1.3551755165116908,1.0,0.0,1.7888509795561127,0.0,1.3067502038748002,0.0,0.0,0.0,7.296085655146154,993.0143761526203,67.92140682303575,302.7106577576344,25.654931900849267
1,260.0,33.143447798405546,0.95,0.0,0.008752336965285,0.0,0.041247663034715,0.0,0.0,0.0,298.79,79.4,0.8701763780581678,0.4174237757985585,37.821147868763056,27.296347710458665,958.4551923550674,80.49756010950648,0.9677629180938804,0.0,0.0041328112796464,0.0,0.0281042706264731,0.0,0.0,0.0,0.8132025318240912,0.0,0.044328665957459,0.0,0.1424688022184498,0.0,0.0,0.0,6.152168653971378,1.3739246780676055,1.0,0.0,1.7698760616848388,0.0,1.2967290837744705,0.0,0.0,0.0,7.296085655146154,993.0143761526203,67.92140682303575,302.7106577576344,25.654931900849267
1,260.0,34.31284781599492,0.95,0.0,0.008752336965285,0.0,0.041247663034715,0.0,0.0,0.0,298.79,79.4,0.8701763780581678,0.4321517357178201,37.821147868763056,27.296347710458665,953.5693941402084,82.63131599504105,0.963110348238676,0.0,0.0051129429015975,0.0,0.0317767088597265,0.0,0.0,0.0,0.7917808634090298,0.0,0.0526735033590379,0.0,0.1555456332319322,0.0,0.0,0.0,5.990879949922856,1.3927683881247943,1.0,0.0,1.751627614682282,0.0,1.2871037093888074,0.0,0.0,0.0,7.296085655146154,993.0143761526203,67.92140682303575,302.7106577576344,25.654931900849267
1,260.0,35.482247833584296,0.95,0.0,0.008752336965285,0.0,0.041247663034715,0.0,0.0,0.0,298.79,79.4,0.8701763780581678,0.4468796956370818,37.821147868763056,27.296347710458665,948.8670769407008,84.81485661157595,0.9585947047088734,0.0,0.0062068048205855,0.0,0.0351984904705411,0.0,0.0,0.0,0.7719191163123713,0.0,0.0614953489870173,0.0,0.1665855347006113,0.0,0.0,0.0,5.834721754933997,1.411669140069607,1.0,0.0,1.734107583966075,0.0,1.2778731707755142,0.0,0.0,0.0,7.296085655146154,993.0143761526203,67.92140682303575,302.7106577576344,25.654931900849267
1,260.0,36.65164785117368,0.95,0.0,0.008752336965285,0.0,0.041247663034715,0.0,0.0,0.0,298.79,79.4,0.8701763780581678,0.4616076555563435,37.821147868763056,27.296347710458665,944.3582419707168,87.04860711790313,0.954223474229964,0.0,0.00741920751425,0.0,0.0383573182557861,0.0,0.0,0.0,0.7534785546496541,0.0,0.0707838570578675,0.0,0.1757375882924783,0.0,0.0,0.0,5.683732130862742,1.4305920573068562,1.0,0.0,1.7173090097397812,0.0,1.2690399765659357,0.0,0.0,0.0,7.296085655146154,993.0143761526203,67.92140682303575,302.7106577576344,25.654931900849267
1,260.0,37.82104786876305,0.95,0.0,0.008752336965285,0.0,0.041247663034715,0.0,0.0,0.0,298.79,79.4,0.8701763780581678,0.4763356154756051,37.821147868763056,27.296347710458665,940.0477587924076,89.33242191582735,0.950000352100704,0.0,0.0087522187230451,0.0,0.0412474291762509,0.0,0.0,0.0,0.7363343945218084,0.0,0.0805053879772443,0.0,0.1831602175009472,0.0,0.0,0.0,5.537867579928124,1.4495149913158756,1.0,0.0,1.7012153958532457,0.0,1.2605926374158298,0.0,0.0,0.0,7.296085655146154,993.0143761526203,67.92140682303575,302.7106577576344,25.654931900849267
1,265.0,31.508476795681272,0.95,0.0,0.008752336965285,0.0,0.041247663034715,0.0,0.0,0.0,298.79,79.4,0.8869105391746711,0.3968322014569429,41.64122645814851,31.508376795681272,956.695866421516,82.89676346103086,0.9913224061823864,0.0,0.0007967567691205,0.0,0.0078808370484931,0.0,0.0,0.0,0.9499975815181824,0.0,0.0087528025825573,0.0,0.0412496158992603,0.0,0.0,0.0,5.911246977629635,1.3897636954276558,1.0,0.0,1.7199744492659506,0.0,1.2598812086569862,0.0,0.0,0.0,6.194157229336726,966.2255774553212,79.59167899763797,302.7106577576344,29.571779036695137
1,265.0,32.63432675817763,0.95,0.0,0.008752336965285,0.0,0.041247663034715,0.0,0.0,0.0,298.79,79.4,0.8869105391746711,0.4110116720173504,41.64122645814851,31.508376795681272,951.2552273808778,84.87228975390002,0.9863548848747502,0.0,0.0013382206446709,0.0,0.0123068944805787,0.0,0.0,0.0,0.9237424193369124,0.0,0.0141072365339327,0.0,0.0621503441291551,0.0,0.0,0.0,5.751360258591002,1.4091190309469697,1.0,0.0,1.7023415956263412,0.0,1.2509336518132428,0.0,0.0,0.0,6.194157229336726,966.2255774553212,79.59167899763797,302.7106577576344,29.571779036695137
1,265.0,33.76017672067399,0.95,0.0,0.008752336965285,0.0,0.041247663034715,0.0,0.0,0.0,298.79,79.4,0.8869105391746711,0.425191142577758,41.64122645814851,31.508376795681272,945.904476371377,86.88979322608783,0.9814564841650156,0.0,0.0019467802760041,0.0,0.01659673555898,0.0,0.0,0.0,0.8993227995438386,0.0,0.0197162628366326,0.0,0.0809609376195286,0.0,0.0,0.0,5.595026391964037,1.4287487813386852,1.0,0.0,1.6852071464362164,0.0,1.2422702142883126,0.0,0.0,0.0,6.194157229336726,966.2255774553212,79.59167899763797,302.7106577576344,29.571779036695137
1,265.0,34.88602668317035,0.95,0.0,0.008752336965285,0.0,0.041247663034715,0.0,0.0,0.0,298.79,79.4,0.8869105391746711,0.4393706131381656,41.64122645814851,31.508376795681272,940.6585630257922,88.95095552793362,0.9766382311717076,0.0,0.0026307335484872,0.0,0.0207310352798052,0.0,0.0,0.0,0.8765794152484792,0.0,0.025624767404869,0.0,0.0977958173466517,0.0,0.0,0.0,5.442404178145986,1.4486331651209785,1.0,0.0,1.6685824048856177,0.0,1.2338826575985875,0.0,0.0,0.0,6.194157229336726,966.2255774553212,79.59167899763797,302.7106577576344,29.571779036695137
1,265.0,36.01187664566671,0.95,0.0,0.008752336965285,0.0,0.041247663034715,0.0,0.0,0.0,298.79,79.4,0.8869105391746711,0.4535500836985731,41.64122645814851,31.508376795681272,935.5329898419618,91.05735659555492,0.9719115394369984,0.0,0.0033985978923046,0.0,0.0246898626706969,0.0,0.0,0.0,0.8553722556919757,0.0,0.031873133819678,0.0,0.1127546104883463,0.0,0.0,0.0,5.293651443467332,1.4687478374586498,1.0,0.0,1.6524784919081528,0.0,1.2257892641939432,0.0,0.0,0.0,6.194157229336726,966.2255774553212,79.59167899763797,302.7106577576344,29.571779036695137
1,265.0,37.13772660816307,0.95,0.0,0.008752336965285,0.0,0.041247663034715,0.0,0.0,0.0,298.79,79.4,0.8869105391746711,0.4677295542589807,41.64122645814851,31.508376795681272,930.5430924155312,93.2103964002472,0.9672876794577764,0.0,0.0042587100678172,0.0,0.0284536104744065,0.0,0.0,0.0,0.8355773500865887,0.0,0.0384944835955639,0.0,0.1259281663178474,0.0,0.0,0.0,5.148914128954854,1.489056519469434,1.0,0.0,1.6369086976770122,0.0,1.2179808832221524,0.0,0.0,0.0,6.194157229336726,966.2255774553212,79.59167899763797,302.7106577576344,29.571779036695137
1,265.0,38.263576570659424,0.95,0.0,0.008752336965285,0.0,0.041247663034715,0.0,0.0,0.0,298.79,79.4,0.8869105391746711,0.4819090248193882,41.64122645814851,31.508376795681272,925.7030949546668,95.41120843307482,0.9627770857309584,0.0,0.0052187133296045,0.0,0.0320042009394369,0.0,0.0,0.0,0.8170839483704152,0.0,0.0455115253662527,0.0,0.1374045262633322,0.0,0.0,0.0,5.00831223726856,1.509527060831758,1.0,0.0,1.621882896355255,0.0,1.210466727765706,0.0,0.0,0.0,6.194157229336726,966.2255774553212,79.59167899763797,302.7106577576344,29.571779036695137
1,265.0,39.389426533155785,0.95,0.0,0.008752336965285,0.0,0.041247663034715,0.0,0.0,0.0,298.79,79.4,0.8869105391746711,0.4960884953797957,41.64122645814851,31.508376795681272,921.02502938261,97.6605773363201,0.9583885658052568,0.0,0.0062849798680055,0.0,0.0353264543267375,0.0,0.0,0.0,0.7997921137643174,0.0,0.0529334881626327,0.0,0.1472743980730499,0.0,0.0,0.0,4.8719276124435495,1.5301285065963528,1.0,0.0,1.6073969556270102,0.0,1.203245116283291,0.0,0.0,0.0,6.194157229336726,966.2255774553212,79.59167899763797,302.7106577576344,29.571779036695137
1,265.0,40.51527649565215,0.95,0.0,0.008752336965285,0.0,0.041247663034715,0.0,0.0,0.0,298.79,79.4,0.8869105391746711,0.5102679659402033,41.64122645814851,31.508376795681272,916.5176745474232,99.95887641045594,0.9541285263572512,0.0,0.007462053269501,0.0,0.0384094203732477,0.0,0.0,0.0,0.783610737521178,0.0,0.0607537858970246,0.0,0.1556354765817973,0.0,0.0,0.0,4.739790289487972,1.5508336670571872,1.0,0.0,1.5934477149806718,0.0,1.1963080511825823,0.0,0.0,0.0,6.194157229336726,966.2255774553212,79.59167899763797,302.7106577576344,29.571779036695137
1,265.0,41.641126458148506,0.95,0.0,0.008752336965285,0.0,0.041247663034715,0.0,0.0,0.0,298.79,79.4,0.8869105391746711,0.5244474365006109,41.64122645814851,31.508376795681272,912.185709480566,102.30603979830266,0.9500003578827648,0.0,0.0087522182977779,0.0,0.0412474238194571,0.0,0.0,0.0,0.7684559951467798,0.0,0.0689490733879731,0.0,0.1625949314652472,0.0,0.0,0.0,4.611871837326215,1.5716262900844669,1.0,0.0,1.5800253436016158,0.0,1.18965796708294,0.0,0.0,0.0,6.194157229336726,966.2255774553212,79.59167899763797,302.7106577576344,29.571779036695137
1,270.0,36.19895879601278,0.95,0.0,0.008752336965285,0.0,0.041247663034715,0.0,0.0,0.0,298.79,79.4,0.9036447002911744,0.4559062820656521,45.86867632984527,36.19885879601278,925.426374452716,97.54835762622508,0.9897436204043014,0.0,0.0009748872679024,0.0,0.0092814923277961,0.0,0.0,0.0,0.9499979534075048,0.0,0.0087527374640322,0.0,0.0412493091284629,0.0,0.0,0.0,4.8319355747499415,1.523138544519126,1.0,0.0,1.5854594828811155,0.0,1.1834440587639594,0.0,0.0,0.0,5.130843724671824,936.9320241360858,93.30322734807504,302.7106577576344,33.91794976874195
1,270.0,37.27336074421639,0.95,0.0,0.008752336965285,0.0,0.041247663034715,0.0,0.0,0.0,298.79,79.4,0.9036447002911744,0.4694377927483172,45.86867632984527,36.19885879601278,920.1059214734248,99.61120995428956,0.9849932791179176,0.0,0.0015190224392721,0.0,0.0134876984428103,0.0,0.0,0.0,0.9286818881991284,0.0,0.0131589147894665,0.0,0.058159197011405,0.0,0.0,0.0,4.6954934783276245,1.5444098934001589,1.0,0.0,1.5712024716129538,0.0,1.1766605449953933,0.0,0.0,0.0,5.130843724671824,936.9320241360858,93.30322734807504,302.7106577576344,33.91794976874195
1,270.0,38.34776269242,0.95,0.0,0.008752336965285,0.0,0.041247663034715,0.0,0.0,0.0,298.79,79.4,0.9036447002911744,0.4829693034309823,45.86867632984527,36.19885879601278,914.864590067918,101.71666151761092,0.9803061114160456,0.0,0.002126893135563,0.0,0.0175669954483914,0.0,0.0,0.0,0.9086526554455934,0.0,0.0177915866760988,0.0,0.0735557578783076,0.0,0.0,0.0,4.561991928572904,1.5660395063361885,1.0,0.0,1.5573073273197278,0.0,1.1700793087822812,0.0,0.0,0.0,5.130843724671824,936.9320241360858,93.30322734807504,302.7106577576344,33.91794976874195
1,270.0,39.422164640623606,0.95,0.0,0.008752336965285,0.0,0.041247663034715,0.0,0.0,0.0,298.79,79.4,0.9036447002911744,0.4965008141136474,45.86867632984527,36.19885879601278,909.7148965827264,103.86614457121996,0.9756912407500276,0.0,0.0028058045076968,0.0,0.0215029547422755,0.0,0.0,0.0,0.8898193259021294,0.0,0.0226818445092963,0.0,0.0874988295885741,0.0,0.0,0.0,4.4315475144655805,1.5880063845050962,1.0,0.0,1.5437922885252948,0.0,1.1637037218043145,0.0,0.0,0.0,5.130843724671824,936.9320241360858,93.30322734807504,302.7106577576344,33.91794976874195
1,270.0,40.49656658882722,0.95,0.0,0.008752336965285,0.0,0.041247663034715,0.0,0.0,0.0,298.79,79.4,0.9036447002911744,0.5100323247963126,45.86867632984527,36.19885879601278,904.669710063922,106.06098078930556,0.9711580111711228,0.0,0.0035632014376958,0.0,0.0252787873911814,0.0,0.0,0.0,0.8721002830737028,0.0,0.0278577332816977,0.0,0.1000419836445994,0.0,0.0,0.0,4.304274606039256,1.6102886361959812,1.0,0.0,1.5306568283791615,0.0,1.157536558124342,0.0,0.0,0.0,5.130843724671824,936.9320241360858,93.30322734807504,302.7106577576344,33.91794976874195
1,270.0,41.57096853703083,0.95,0.0,0.008752336965285,0.0,0.041247663034715,0.0,0.0,0.0,298.79,79.4,0.9036447002911744,0.5235638354789777,45.86867632984527,36.19885879601278,899.7416967430189,108.30232575855756,0.9667155817608424,0.0,0.0044063477915537,0.0,0.028878070447604,0.0,0.0,0.0,0.8554217230298143,0.0,0.0333423377001366,0.0,0.111235939270049,0.0,0.0,0.0,4.180276684103782,1.632862471740098,1.0,0.0,1.5179074466479074,0.0,1.1515797681818565,0.0,0.0,0.0,5.130843724671824,936.9320241360858,93.30322734807504,302.7106577576344,33.91794976874195
1,270.0,42.64537048523444,0.95,0.0,0.008752336965285,0.0,0.041247663034715,0.0,0.0,0.0,298.79,79.4,0.9036447002911744,0.5370953461616428,45.86867632984527,36.19885879601278,894.9426055010731,110.59111083587597,0.9623724079396274,0.0,0.0053419266635105,0.0,0.032285665396862,0.0,0.0,0.0,0.8397162877085654,0.0,0.0391516505307545,0.0,0.1211320617606801,0.0,0.0,0.0,4.059639108065772,1.6557064174488816,1.0,0.0,1.5055497873978876,0.0,1.1458342266426471,0.0,0.0,0.0,5.130843724671824,936.9320241360858,93.30322734807504,302.7106577576344,33.91794976874195
1,270.0,43.719772433438045,0.95,0.0,0.008752336965285,0.0,0.041247663034715,0.0,0.0,0.0,298.79,79.4,0.9036447002911744,0.5506268568443078,45.86867632984527,36.19885879601278,890.2824605256203,112.92799159212916,0.958135658709877,0.0,0.0063755960989895,0.0,0.0354887451911333,0.0,0.0,0.0,0.8249218565260308,0.0,0.0452925048454887,0.0,0.1297856386284804,0.0,0.0,0.0,3.942419440396793,1.678778587588292,1.0,0.0,1.4935914272798567,0.0,1.1402993526702323,0.0,0.0,0.0,5.130843724671824,936.9320241360858,93.30322734807504,302.7106577576344,33.91794976874195
1,270.0,44.79417438164165,0.95,0.0,0.008752336965285,0.0,0.041247663034715,0.0,0.0,0.0,298.79,79.4,0.9036447002911744,0.5641583675269729,45.86867632984527,36.19885879601278,885.7687671589822,115.31331262771938,0.954010647098144,0.0,0.0075115585373598,0.0,0.0384777943644961,0.0,0.0,0.0,0.8109805312510389,0.0,0.0517609472130292,0.0,0.1372585215359319,0.0,0.0,0.0,3.8286402118868383,1.702080445669649,1.0,0.0,1.482030748648811,0.0,1.134972743376582,0.0,0.0,0.0,5.130843724671824,936.9320241360858,93.30322734807504,302.7106577576344,33.91794976874195
1,270.0,45.86857632984526,0.95,0.0,0.008752336965285,0.0,0.041247663034715,0.0,0.0,0.0,298.79,79.4,0.9036447002911744,0.577689878209638,45.86867632984527,36.19885879601278,881.4058568094315,117.74709653184082,0.9500003646085716,0.0,0.0087522176614072,0.0,0.0412474177300211,0.0,0.0,0.0,0.7978378468285672,0.0,0.0585414432553405,0.0,0.1436207099160922,0.0,0.0,0.0,3.718281097594904,1.7255744695658517,1.0,0.0,1.4708557956773347,0.0,1.1298511049838338,0.0,0.0,0.0,5.130843724671824,936.9320241360858,93.30322734807504,302.7106577576344,33.91794976874195
1,275.0,41.410980491382,0.95,0.0,0.008752336965285,0.0,0.041247663034715,0.0,0.0,0.0,298.79,79.4,0.9203788614076776,0.5215488726874307,50.522632157242,41.410880491382,890.3948751740763,115.16320452371284,0.987859101767432,0.0,0.0011999930220275,0.0,0.0109409052105403,0.0,0.0,0.0,0.949998269703101,0.0,0.0087526821345229,0.0,0.041249048162376,0.0,0.0,0.0,3.798805702127895,1.694115024752224,1.0,0.0,1.4651781717359107,0.0,1.1200320930446046,0.0,0.0,0.0,4.11187312512685,904.4335281070778,109.60126774294156,302.7106577576344,38.72523437118672
1,275.0,42.423375120922,0.95,0.0,0.008752336965285,0.0,0.041247663034715,0.0,0.0,0.0,298.79,79.4,0.9203788614076776,0.5342994347723173,50.522632157242,41.410880491382,885.197137159182,117.33643551425467,0.9833654292092568,0.0,0.0017447898667109,0.0,0.0148897809240322,0.0,0.0,0.0,0.9329391396754654,0.0,0.0123355302614527,0.0,0.0547253300630819,0.0,0.0,0.0,3.684935869304472,1.7182325692446114,1.0,0.0,1.453714708375467,0.0,1.1150463160918167,0.0,0.0,0.0,4.11187312512685,904.4335281070778,109.60126774294156,302.7106577576344,38.72523437118672
1,275.0,43.435769750462,0.95,0.0,0.008752336965285,0.0,0.041247663034715,0.0,0.0,0.0,298.79,79.4,0.9203788614076776,0.547049996857204,50.522632157242,41.410880491382,880.0652953213767,119.55369654674328,0.9789275159096152,0.0,0.0023492681345814,0.0,0.0187232159558034,0.0,0.0,0.0,0.916770704145934,0.0,0.0161075993118412,0.0,0.0671216965422247,0.0,0.0,0.0,3.573457111327337,1.742841001977304,1.0,0.0,1.4425077654404186,0.0,1.1102057772562854,0.0,0.0,0.0,4.11187312512685,904.4335281070778,109.60126774294156,302.7106577576344,38.72523437118672
1,275.0,44.448164380002,0.95,0.0,0.008752336965285,0.0,0.041247663034715,0.0,0.0,0.0,298.79,79.4,0.9203788614076776,0.5598005589420906,50.522632157242,41.410880491382,875.0094058430844,121.81622599151396,0.9745525836787602,0.0,0.0030196830798734,0.0,0.0224277332413663,0.0,0.0,0.0,0.9014430923658304,0.0,0.0200896344511456,0.0,0.0784672731830239,0.0,0.0,0.0,3.4644515828795166,1.7679135571367048,1.0,0.0,1.4315631409363956,0.0,1.1055110019232908,0.0,0.0,0.0,4.11187312512685,904.4335281070778,109.60126774294156,302.7106577576344,38.72523437118672
1,275.0,45.460559009542,0.95,0.0,0.008752336965285,0.0,0.041247663034715,0.0,0.0,0.0,298.79,79.4,0.9203788614076776,0.5725511210269772,50.522632157242,41.410880491382,870.039737205655,124.12515348565468,0.970247958910977,0.0,0.0037623616393371,0.0,0.0259896794496858,0.0,0.0,0.0,0.8869106915842646,0.0,0.024300279042299,0.0,0.0887890293734363,0.0,0.0,0.0,3.357995973034181,1.7934334762299586,1.0,0.0,1.4208940985074847,0.0,1.1009680705002889,0.0,0.0,0.0,4.11187312512685,904.4335281070778,109.60126774294156,302.7106577576344,38.72523437118672
1,275.0,46.472953639082,0.95,0.0,0.008752336965285,0.0,0.041247663034715,0.0,0.0,0.0,298.79,79.4,0.9203788614076776,0.5853016831118639,50.522632157242,41.410880491382,865.166338954264,126.48146184144862,0.9660207615719532,0.0,0.0045834607845786,0.0,0.0293957776434679,0.0,0.0,0.0,0.873131433147958,0.0,0.0287548528229277,0.0,0.0981137140291143,0.0,0.0,0.0,3.254162114518507,1.8193948611262187,1.0,0.0,1.4105017797080015,0.0,1.0965745999778864,0.0,0.0,0.0,4.11187312512685,904.4335281070778,109.60126774294156,302.7106577576344,38.72523437118672
1,275.0,47.485348268622,0.95,0.0,0.008752336965285,0.0,0.041247663034715,0.0,0.0,0.0,298.79,79.4,0.9203788614076776,0.5980522451967506,50.522632157242,41.410880491382,860.3985353104923,128.8859533733849,0.961877543422214,0.0,0.0054886715978347,0.0,0.0326337849799511,0.0,0.0,0.0,0.8600661285550273,0.0,0.0334640177533117,0.0,0.1064698536916608,0.0,0.0,0.0,3.1530049633170223,1.845774408716229,1.0,0.0,1.400387494537202,0.0,1.0923318295888782,0.0,0.0,0.0,4.11187312512685,904.4335281070778,109.60126774294156,302.7106577576344,38.72523437118672
1,275.0,48.497742898162,0.95,0.0,0.008752336965285,0.0,0.041247663034715,0.0,0.0,0.0,298.79,79.4,0.9203788614076776,0.6108028072816372,50.522632157242,41.410880491382,855.7443524400725,131.33922328017653,0.9578238828166176,0.0,0.0064828959705553,0.0,0.0356932212128272,0.0,0.0,0.0,0.8476778610926944,0.0,0.0384324922216305,0.0,0.113889646685675,0.0,0.0,0.0,3.054563730874447,1.872550501996773,1.0,0.0,1.390560154385056,0.0,1.0882397989259245,0.0,0.0,0.0,4.11187312512685,904.4335281070778,109.60126774294156,302.7106577576344,38.72523437118672
1,275.0,49.510137527702,0.95,0.0,0.008752336965285,0.0,0.041247663034715,0.0,0.0,0.0,298.79,79.4,0.9203788614076776,0.6235533693665238,50.522632157242,41.410880491382,851.2099541057408,133.84164636287474,0.9538639897223696,0.0,0.0075699322080741,0.0,0.0385660780695563,0.0,0.0,0.0,0.8359314680648536,0.0,0.0436580133513671,0.0,0.1204105185837791,0.0,0.0,0.0,2.958852973929548,1.899715900172784,1.0,0.0,1.381015690809797,0.0,1.084297259266137,0.0,0.0,0.0,4.11187312512685,904.4335281070778,109.60126774294156,302.7106577576344,38.72523437118672
1,275.0,50.522532157242,0.95,0.0,0.008752336965285,0.0,0.041247663034715,0.0,0.0,0.0,298.79,79.4,0.9203788614076776,0.6363039314514105,50.522632157242,41.410880491382,846.7991586659718,136.39337959587166,0.9500003729270567,0.0,0.0087522166986639,0.0,0.0412474103742791,0.0,0.0,0.0,0.8247931372464293,0.0,0.0491307595974474,0.0,0.1260761031561233,0.0,0.0,0.0,2.865860824946014,1.927250567998816,1.0,0.0,1.3717501180903202,0.0,1.080502031357126,0.0,0.0,0.0,4.11187312512685,904.4335281070778,109.60126774294156,302.7106577576344,38.72523437118672
1,280.0,47.19598077600014,0.95,0.0,0.008752336965285,0.0,0.041247663034715,0.0,0.0,0.0,298.79,79.4,0.9371130225241808,0.5944078183375332,55.618307516984494,47.19588077600014,850.2311715997878,136.8162496094177,0.985559729282241,0.0,0.0014939561409587,0.0,0.0129463145768003,0.0,0.0,0.0,0.9499985425933384,0.0,0.008752634448218,0.0,0.0412488229584434,0.0,0.0,0.0,2.820742164508545,1.925032004454193,1.0,0.0,1.3564502727889585,0.0,1.0688138055556309,0.0,0.0,0.0,3.1449654870637134,867.6798743518019,129.30886906724652,302.7106577576344,44.02808165538378
1,280.0,48.131783747220624,0.95,0.0,0.008752336965285,0.0,0.041247663034715,0.0,0.0,0.0,298.79,79.4,0.9371130225241808,0.6061937499649952,55.618307516984494,47.19588077600014,845.1571241940509,139.1315112974253,0.9813761928466193,0.0,0.0020361329022616,0.0,0.0165876742511193,0.0,0.0,0.0,0.9366637320797758,0.0,0.0116070203626376,0.0,0.0517292475575865,0.0,0.0,0.0,2.728908706566772,1.953586332726668,1.0,0.0,1.347317649769122,0.0,1.065351397214531,0.0,0.0,0.0,3.1449654870637134,867.6798743518019,129.30886906724652,302.7106577576344,44.02808165538378
1,280.0,49.06758671844111,0.95,0.0,0.008752336965285,0.0,0.041247663034715,0.0,0.0,0.0,298.79,79.4,0.9371130225241808,0.6179796815924572,55.618307516984494,47.19588077600014,840.1321880591735,141.49352144248385,0.9772390842778792,0.0,0.0026329590541549,0.0,0.0201279566679658,0.0,0.0,0.0,0.9239314184206272,0.0,0.0146087563905464,0.0,0.0614598251888263,0.0,0.0,0.0,2.638968879873201,1.9828155734415047,1.0,0.0,1.3383611962412296,0.0,1.0619937033245834,0.0,0.0,0.0,3.1449654870637134,867.6798743518019,129.30886906724652,302.7106577576344,44.02808165538378
1,280.0,50.00338968966159,0.95,0.0,0.008752336965285,0.0,0.041247663034715,0.0,0.0,0.0,298.79,79.4,0.9371130225241808,0.6297656132199192,55.618307516984494,47.19588077600014,835.1638912806853,143.9034312513374,0.9731537305853952,0.0,0.0032895728131659,0.0,0.0235566966014387,0.0,0.0,0.0,0.9117760459642352,0.0,0.0177706869494786,0.0,0.0704532670862863,0.0,0.0,0.0,2.5509745350386352,2.012726633647949,1.0,0.0,1.3295861825871236,0.0,1.0587421412472822,0.0,0.0,0.0,3.1449654870637134,867.6798743518019,129.30886906724652,302.7106577576344,44.02808165538378
1,280.0,50.93919266088207,0.95,0.0,0.008752336965285,0.0,0.041247663034715,0.0,0.0,0.0,298.79,79.4,0.9371130225241808,0.6415515448473812,55.618307516984494,47.19588077600014,830.2598663042056,146.36229852580118,0.9691254780247044,0.0,0.004011135141897,0.0,0.0268633868333986,0.0,0.0,0.0,0.9001738268449068,0.0,0.0211042344033634,0.0,0.0787219387517297,0.0,0.0,0.0,2.4649753478011136,2.043321186374842,1.0,0.0,1.3209981046801291,0.0,1.0555974454192745,0.0,0.0,0.0,3.1449654870637134,867.6798743518019,129.30886906724652,302.7106577576344,44.02808165538378
1,280.0,51.87499563210256,0.95,0.0,0.008752336965285,0.0,0.041247663034715,0.0,0.0,0.0,298.79,79.4,0.9371130225241808,0.6533374764748432,55.618307516984494,47.19588077600014,825.4275321374488,148.8710641675535,0.9651594696037148,0.0,0.0048026632997806,0.0,0.0300378670965045,0.0,0.0,0.0,0.8891023960074077,0.0,0.0246187009654418,0.0,0.0862789030271504,0.0,0.0,0.0,2.3810167367003245,2.0745847563040205,1.0,0.0,1.3125981118885526,0.0,1.0525602843570956,0.0,0.0,0.0,3.1449654870637134,867.6798743518019,129.30886906724652,302.7106577576344,44.02808165538378
1,280.0,52.81079860332304,0.95,0.0,0.008752336965285,0.0,0.041247663034715,0.0,0.0,0.0,298.79,79.4,0.9371130225241808,0.6651234081023053,55.618307516984494,47.19588077600014,820.6737796967899,151.43053951748408,0.9612604242902176,0.0,0.0056688277740146,0.0,0.0330707479357677,0.0,0.0,0.0,0.87854049928245,0.0,0.0283205185530409,0.0,0.0931389821645091,0.0,0.0,0.0,2.2991268801917504,2.1065250597440874,1.0,0.0,1.3043920229234696,0.0,1.0496300029456234,0.0,0.0,0.0,3.1449654870637134,867.6798743518019,129.30886906724652,302.7106577576344,44.02808165538378
1,280.0,53.746601574543526,0.95,0.0,0.008752336965285,0.0,0.041247663034715,0.0,0.0,0.0,298.79,79.4,0.9371130225241808,0.6769093397297673,55.618307516984494,47.19588077600014,816.0045656018394,154.04139572253663,0.9574323604238648,0.0,0.0066137408590757,0.0,0.0359538987170594,0.0,0.0,0.0,0.8684676828529738,0.0,0.0322125415351511,0.0,0.0993197756118751,0.0,0.0,0.0,2.219336390904903,2.139124052082943,1.0,0.0,1.2963774070951106,0.0,1.04680843610358,0.0,0.0,0.0,3.1449654870637134,867.6798743518019,129.30886906724652,302.7106577576344,44.02808165538378
1,280.0,54.68240454576401,0.95,0.0,0.008752336965285,0.0,0.041247663034715,0.0,0.0,0.0,298.79,79.4,0.9371130225241808,0.6886952713572293,55.618307516984494,47.19588077600014,811.4245730507948,156.70416905061413,0.9536783653119448,0.0,0.0076407418139674,0.0,0.0386808928740878,0.0,0.0,0.0,0.8588640448042651,0.0,0.0362934530086814,0.0,0.1048425021870535,0.0,0.0,0.0,2.141656542968038,2.1733933254176123,1.0000000000003002,0.0,1.2887976226003344,0.0,1.0441572077278838,0.0,0.0,0.0,3.1449654870637134,867.6798743518019,129.30886906724652,302.7106577576344,44.02808165538378
1,280.0,55.61820751698449,0.95,0.0,0.008752336965285,0.0,0.041247663034715,0.0,0.0,0.0,298.79,79.4,0.9371130225241808,0.7004812029846913,55.618307516984494,47.19588077600014,806.9368922161476,159.4192756344705,0.9500003838518454,0.0,0.0087522152339539,0.0,0.0412474009142006,0.0,0.0,0.0,0.8497100376235146,0.0,0.0405573960123539,0.0,0.1097325663641314,0.0,0.0,0.0,2.066073017905908,2.207484914570333,1.000000000006218,0.0,1.2811957797736024,0.0,1.0415532984917582,0.0,0.0,0.0,3.1449654870637134,867.6798743518019,129.30886906724652,302.7106577576344,44.02808165538378
1,285.0,53.62013388005867,0.95,0.0,0.008752336965285,0.0,0.041247663034715,0.0,0.0,0.0,298.79,79.4,0.953847183640684,0.6753165476077917,61.1611141293481,53.62003388005866,802.5679927939935,164.39182363570987,0.9826477063406732,0.0,0.0018981881576982,0.0,0.0154541055016286,0.0,0.0,0.0,0.9499987831382752,0.0,0.0087525924365653,0.0,0.0412486244251593,0.0,0.0,0.0,1.9107667518863087,2.262330444926548,1.0,0.0,1.2567543386560525,0.0,1.029836437319055,0.0,0.0,0.0,2.2410524707626744,824.9746819221486,153.77005765610247,302.7106577576344,49.86436423924916
1,285.0,54.45800946331305,0.95,0.0,0.008752336965285,0.0,0.041247663034715,0.0,0.0,0.0,298.79,79.4,0.953847183640684,0.6858691368175446,61.1611141293481,53.62003388005866,797.6164848302946,166.89535890547572,0.978852088223094,0.0,0.0024316935321182,0.0,0.018716218244788,0.0,0.0,0.0,0.9399923512103874,0.0,0.0109447182970762,0.0,0.0490629304925363,0.0,0.0,0.0,1.8408305842997137,2.2982957841749254,1.0,0.0,1.249615193110716,0.0,1.0277219563425273,0.0,0.0,0.0,2.2410524707626744,824.9746819221486,153.77005765610247,302.7106577576344,49.86436423924916
1,285.0,55.29588504656743,0.95,0.0,0.008752336965285,0.0,0.041247663034715,0.0,0.0,0.0,298.79,79.4,0.953847183640684,0.6964217260272976,61.1611141293481,53.62003388005866,792.6918487667596,169.45069476827877,0.9750910849848704,0.0,0.0030133732249949,0.0,0.0218955417901345,0.0,0.0,0.0,0.9303765156864252,0.0,0.0132407225811985,0.0,0.0563827617323761,0.0,0.0,0.0,1.7723387897397065,2.3373560918282124,1.0000000000012743,0.0,1.2429575567436333,0.0,1.0257688202140962,0.0,0.0,0.0,2.2410524707626744,824.9746819221486,153.77005765610247,302.7106577576344,49.86436423924916
1,285.0,56.13376062982181,0.95,0.0,0.008752336965285,0.0,0.041247663034715,0.0,0.0,0.0,298.79,79.4,0.953847183640684,0.7069743152370505,61.1611141293481,53.62003388005866,787.7988866210428,172.0591188713229,0.9713681259145016,0.0,0.0036471803195626,0.0,0.0249846937659358,0.0,0.0,0.0,0.921139733891618,0.0,0.0156474750747311,0.0,0.0632127910336508,0.0,0.0,0.0,1.705298709390786,2.3733743948035197,1.0,0.0,1.2356755503016528,0.0,1.0237254820847757,0.0,0.0,0.0,2.2410524707626744,824.9746819221486,153.77005765610247,302.7106577576344,49.86436423924916
1,285.0,56.97163621307619,0.95,0.0,0.008752336965285,0.0,0.041247663034715,0.0,0.0,0.0,298.79,79.4,0.953847183640684,0.7175269044468033,61.1611141293481,53.62003388005866,782.9424374585892,174.7218699794637,0.9676866146442196,0.0,0.0043370648903002,0.0,0.0279763204654802,0.0,0.0,0.0,0.9122710910288392,0.0,0.0181709510726745,0.0,0.0695579578984863,0.0,0.0,0.0,1.639760372733119,2.4125566319368232,1.0,0.0,1.2288856494600084,0.0,1.0218465989340078,0.0,0.0,0.0,2.2410524707626744,824.9746819221486,153.77005765610247,302.7106577576344,49.86436423924916
1,285.0,57.80951179633057,0.95,0.0,0.008752336965285,0.0,0.041247663034715,0.0,0.0,0.0,298.79,79.4,0.953847183640684,0.7280794936565562,61.1611141293481,53.62003388005866,778.1271417364748,177.4401216983159,0.9640497770545566,0.0,0.0050868777091212,0.0,0.030863345236322,0.0,0.0,0.0,0.9037601256585306,0.0,0.0208159003051612,0.0,0.0754239740363081,0.0,0.0,0.0,1.5757371884783862,2.4527845883102737,1.0,0.0,1.2221996843977765,0.0,1.0200433954071304,0.0,0.0,0.0,2.2410524707626744,824.9746819221486,153.77005765610247,302.7106577576344,49.86436423924916
1,285.0,58.64738737958496,0.95,0.0,0.008752336965285,0.0,0.041247663034715,0.0,0.0,0.0,298.79,79.4,0.953847183640684,0.7386320828663092,61.1611141293481,53.62003388005866,773.3572664122925,180.21498580500648,0.9604605422291153,0.0,0.0059002515012961,0.0,0.0336392062695886,0.0,0.0,0.0,0.8955966975812657,0.0,0.0235854942360039,0.0,0.0808178081827303,0.0,0.0,0.0,1.5132772408791344,2.497922154521285,1.0000000000000495,0.0,1.2161837249523717,0.0,1.018435519249986,0.0,0.0,0.0,2.2410524707626744,824.9746819221486,153.77005765610247,302.7106577576344,49.86436423924916
1,285.0,59.485262962839336,0.95,0.0,0.008752336965285,0.0,0.041247663034715,0.0,0.0,0.0,298.79,79.4,0.953847183640684,0.7491846720760621,61.1611141293481,53.62003388005866,768.6364934131686,183.04751823794112,0.956921404246498,0.0,0.0067804763604044,0.0,0.0362981193930974,0.0,0.0,0.0,0.8877708528736609,0.0,0.0264809942324613,0.0,0.0857481528938778,0.0,0.0,0.0,1.4523245433421723,2.536838477380679,1.0,0.0,1.2092228934010396,0.0,1.0166847435000217,0.0,0.0,0.0,2.2410524707626744,824.9746819221486,153.77005765610247,302.7106577576344,49.86436423924916
1,285.0,60.32313854609372,0.95,0.0,0.008752336965285,0.0,0.041247663034715,0.0,0.0,0.0,298.79,79.4,0.953847183640684,0.759737261285815,61.1611141293481,53.62003388005866,763.9677013422438,185.93873243371695,0.9534342837876024,0.0,0.0077303781615252,0.0,0.0388353380508724,0.0,0.0,0.0,0.8802727059492382,0.0,0.0295014731533786,0.0,0.0902258208973831,0.0,0.0,0.0,1.3929742778760696,2.5855340230557347,1.0000000000001998,0.0,1.2035451894172038,0.0,1.015249325078466,0.0,0.0,0.0,2.2410524707626744,824.9746819221486,153.77005765610247,302.7106577576344,49.86436423924916
1,285.0,61.161014129348096,0.95,0.0,0.008752336965285,0.0,0.041247663034715,0.0,0.0,0.0,298.79,79.4,0.953847183640684,0.7702898504955679,61.1611141293481,53.62003388005866,759.3527525737979,188.88961503842347,0.9500003991055944,0.0,0.0087522129835034,0.0,0.041247387910902,0.0,0.0,0.0,0.8730923371308658,0.0,0.0326436308674932,0.0,0.0942640320016409,0.0,0.0,0.0,1.3351581268293362,2.631315548055181,1.0000000001060825,0.0,1.1974141613121916,0.0,1.0137760368699722,0.0,0.0,0.0,2.2410524707626744,824.9746819221486,153.77005765610247,302.7106577576344,49.86436423924916
1,290.0,60.7811350723835,0.95,0.0,0.008752336965285,0.0,0.041247663034715,0.0,0.0,0.0,298.79,79.4,0.9705813447571872,0.7655054795010515,67.12941924665816,60.781035072383496,742.6397041252989,201.7714009673181,0.9786971343861848,0.0,0.0025058070627526,0.0,0.0187970585510628,0.0,0.0,0.0,0.9499990039271636,0.0,0.0087525537813152,0.0,0.041248442291521,0.0,0.0,0.0,1.0899747136948954,2.8337871462372224,1.0000000001682272,0.0,1.1643594402275876,0.0,1.0052039281448226,0.0,0.0,0.0,1.4167983026644004,773.2637021553837,185.44864903964933,302.7106577576344,56.27641671412855
1,290.0,61.486488869525125,0.95,0.0,0.008752336965285,0.0,0.041247663034715,0.0,0.0,0.0,298.79,79.4,0.9705813447571872,0.7743890285834398,67.12941924665816,60.781035072383496,737.8104907738891,204.5361019345843,0.9754176674776752,0.0,0.0030175266299608,0.0,0.0215648058923638,0.0,0.0,0.0,0.943072570466973,0.0,0.0103153243841001,0.0,0.0466121051489267,0.0,0.0,0.0,1.0423532240185411,2.8852836071961065,1.00000000011251,0.0,1.1590805574806935,0.0,1.00439126303323,0.0,0.0,0.0,1.4167983026644004,773.2637021553837,185.44864903964933,302.7106577576344,56.27641671412855
1,290.0,62.19184266666676,0.95,0.0,0.008752336965285,0.0,0.041247663034715,0.0,0.0,0.0,298.79,79.4,0.9705813447571872,0.7832725776658281,67.12941924665816,60.781035072383496,732.976421438697,207.36266965260884,0.972157744046247,0.0,0.0035686523448411,0.0,0.0242736036089117,0.0,0.0,0.0,0.9363781777724683,0.0,0.0119390887499385,0.0,0.0516827334775928,0.0,0.0,0.0,0.9957450096784314,2.938805229396729,1.0000000000100375,0.0,1.1538669637498729,0.0,1.003643338021275,0.0,0.0,0.0,1.4167983026644004,773.2637021553837,185.44864903964933,302.7106577576344,56.27641671412855
1,290.0,62.89719646380839,0.95,0.0,0.008752336965285,0.0,0.041247663034715,0.0,0.0,0.0,298.79,79.4,0.9705813447571872,0.7921561267482163,67.12941924665816,60.781035072383496,728.1391474677231,210.25311566962225,0.9689189464608514,0.0,0.0041618883440179,0.0,0.0269191651951306,0.0,0.0,0.0,0.9299120086068572,0.0,0.0136264398962009,0.0,0.056461551496942,0.0,0.0,0.0,0.9501574766260952,2.994468204077793,1.000000000000127,0.0,1.1487184569284274,0.0,1.0029613628616396,0.0,0.0,0.0,1.4167983026644004,773.2637021553837,185.44864903964933,302.7106577576344,56.27641671412855
1,290.0,63.60255026095001,0.95,0.0,0.008752336965285,0.0,0.041247663034715,0.0,0.0,0.0,298.79,79.4,0.9705813447571872,0.8010396758306046,67.12941924665816,60.781035072383496,723.3001014100128,213.2094833953288,0.9657027336706416,0.0,0.0047999539924279,0.0,0.0294973123369304,0.0,0.0,0.0,0.9236703783376432,0.0,0.015379510967136,0.0,0.0609501106952207,0.0,0.0,0.0,0.9056148005849805,3.0524016449592466,1.0000000000000548,0.0,1.1436380947994205,0.0,1.002346641706308,0.0,0.0,0.0,1.4167983026644004,773.2637021553837,185.44864903964933,302.7106577576344,56.27641671412855
1,290.0,64.30790405809164,0.95,0.0,0.008752336965285,0.0,0.041247663034715,0.0,0.0,0.0,298.79,79.4,0.9705813447571872,0.8099232249129928,67.12941924665816,60.781035072383496,718.4606381507598,216.2338974992542,0.9625104859284104,0.0,0.0054855204994894,0.0,0.0320039935721001,0.0,0.0,0.0,0.917649747864924,0.0,0.0171998374822318,0.0,0.0651504146528439,0.0,0.0,0.0,0.8621201528376224,3.1127302131592898,1.000000000000147,0.0,1.1386268290001336,0.0,1.0018004105748002,0.0,0.0,0.0,1.4167983026644004,773.2637021553837,185.44864903964933,302.7106577576344,56.27641671412855
1,290.0,65.01325785523326,0.95,0.0,0.008752336965285,0.0,0.041247663034715,0.0,0.0,0.0,298.79,79.4,0.9705813447571872,0.818806773995381,67.12941924665816,60.781035072383496,713.6217640700195,219.32854857589967,0.9593433738093188,0.0,0.006221176136596,0.0,0.0344354500540851,0.0,0.0,0.0,0.9118466289770996,0.0,0.0190882520411951,0.0,0.0690651189817052,0.0,0.0,0.0,0.8196850294691368,3.1756127154582883,1.000000000001044,0.0,1.133686666439516,0.0,1.0013237937954145,0.0,0.0,0.0,1.4167983026644004,773.2637021553837,185.44864903964933,302.7106577576344,56.27641671412855
1,290.0,65.7186116523749,0.95,0.0,0.008752336965285,0.0,0.041247663034715,0.0,0.0,0.0,298.79,79.4,0.9705813447571872,0.8276903230777695,67.12941924665816,60.781035072383496,708.7840394929206,222.4957164116824,0.9562023036931376,0.0,0.0070093753349943,0.0,0.0367883209718679,0.0,0.0,0.0,0.9062575472328342,0.0,0.0210447722538579,0.0,0.0726976805133077,0.0,0.0,0.0,0.7783217013976544,3.24120708830742,1.0000000000002178,0.0,1.128815122675732,0.0,1.0009181753412053,0.0,0.0,0.0,1.4167983026644004,773.2637021553837,185.44864903964933,302.7106577576344,56.27641671412855
1,290.0,66.42396544951653,0.95,0.0,0.008752336965285,0.0,0.041247663034715,0.0,0.0,0.0,298.79,79.4,0.9705813447571872,0.8365738721601578,67.12941924665816,60.781035072383496,703.9475882125125,225.7378158261119,0.9530879061871392,0.0,0.0078523762626193,0.0,0.0390597175502414,0.0,0.0,0.0,0.900879028148875,0.0,0.0230684922056462,0.0,0.0760524796454787,0.0,0.0,0.0,0.7380295126201697,3.3097040273942757,1.000000000000128,0.0,1.1240142017676154,0.0,1.0005847544428783,0.0,0.0,0.0,1.4167983026644004,773.2637021553837,185.44864903964933,302.7106577576344,56.27641671412855
1,290.0,67.12931924665816,0.95,0.0,0.008752336965285,0.0,0.041247663034715,0.0,0.0,0.0,298.79,79.4,0.9705813447571872,0.845457421242546,67.12941924665816,60.781035072383496,699.111841282896,229.0573901827101,0.950000421726669,0.0,0.0087522095349802,0.0,0.0412473687383507,0.0,0.0,0.0,0.8957075185548371,0.0,0.0251575301042526,0.0,0.0791349513409103,0.0,0.0,0.0,0.6988168757570261,3.3812996262331243,1.0000000003161835,0.0,1.1192846343211191,0.0,1.0003248373617524,0.0,0.0,0.0,1.4167983026644004,773.2637021553837,185.44864903964933,302.7106577576344,56.27641671412855
2,200.0,2.738034590800372,0.96,0.0,0.0,0.0,0.0,0.04,0.0,0.0,299.9,80.07,0.6668889629876626,0.0341955113126061,15.300952024682909,2.7379345908003714,1221.8081181921252,7.480350292313085,0.9996419916081049,0.0,0.0,0.0,0.0,0.0003580083918951,0.0,0.0,0.9599663392670876,0.0,0.0,0.0,0.0,0.0400336607329125,0.0,0.0,22.5048380025272,0.683484961332769,1.0000000107914908,0.0,0.0,0.0,0.0,4.155561479244898,0.0,0.0,22.53960113748808,1221.920496490378,7.249541730897533,302.7106577576344,2.6239816647333654
2,200.0,4.133903194565098,0.96,0.0,0.0,0.0,0.0,0.04,0.0,0.0,299.9,80.07,0.6668889629876626,0.0516286148940314,15.300952024682909,2.7379345908003714,1220.4283727999507,10.321252304491534,0.9952580794506446,0.0,0.0,0.0,0.0,0.0047419205493553,0.0,0.0,0.6473279843295889,0.0,0.0,0.0,0.0,0.352672015670411,0.0,0.0,22.082539422200977,0.6963442443730572,1.0000000035431589,0.0,0.0,0.0,0.0,4.075768723852353,0.0,0.0,22.53960113748808,1221.920496490378,7.249541730897533,302.7106577576344,2.6239816647333654
2,200.0,5.529771798329824,0.96,0.0,0.0,0.0,0.0,0.04,0.0,0.0,299.9,80.07,0.6668889629876626,0.0690617184754567,15.300952024682909,2.7379345908003714,1219.0403033412197,13.192070746587648,0.9908693532024748,0.0,0.0,0.0,0.0,0.0091306467975252,0.0,0.0,0.4915409543882113,0.0,0.0,0.0,0.0,0.5084590456117888,0.0,0.0,21.665970115325173,0.709196214887686,1.000000000668959,0.0,0.0,0.0,0.0,3.9980926464834514,0.0,0.0,22.53960113748808,1221.920496490378,7.249541730897533,302.7106577576344,2.6239816647333654
2,200.0,6.925640402094551,0.96,0.0,0.0,0.0,0.0,0.04,0.0,0.0,299.9,80.07,0.6668889629876626,0.0864948220568821,15.300952024682909,2.7379345908003714,1217.6437200995376,16.093289246695655,0.9864755114642356,0.0,0.0,0.0,0.0,0.0135244885357642,0.0,0.0,0.3983133227338666,0.0,0.0,0.0,0.0,0.6016866772661335,0.0,0.0,21.25501416178925,0.7220132071977964,1.000000000007054,0.0,0.0,0.0,0.0,3.92305430296466,0.0,0.0,22.53960113748808,1221.920496490378,7.249541730897533,302.7106577576344,2.6239816647333654
2,200.0,8.321509005859276,0.96,0.0,0.0,0.0,0.0,0.04,0.0,0.0,299.9,80.07,0.6668889629876626,0.1039279256383074,15.300952024682909,2.7379345908003714,1216.2384953970943,19.025534753740956,0.982076428938165,0.0,0.0,0.0,0.0,0.0179235710618349,0.0,0.0,0.3363131224006446,0.0,0.0,0.0,0.0,0.6636868775993554,0.0,0.0,20.84957241464795,0.7348383967673805,1.000000000180708,0.0,0.0,0.0,0.0,3.850095705494745,0.0,0.0,22.53960113748808,1221.920496490378,7.249541730897533,302.7106577576344,2.6239816647333654
2,200.0,9.717377609624004,0.96,0.0,0.0,0.0,0.0,0.04,0.0,0.0,299.9,80.07,0.6668889629876626,0.1213610292197328,15.300952024682909,2.7379345908003714,1214.824518271998,21.98950172899423,0.9776720305300328,0.0,0.0,0.0,0.0,0.0223279694699672,0.0,0.0,0.2921387013841263,0.0,0.0,0.0,0.0,0.7078612986158737,0.0,0.0,20.449547354521343,0.7476280039613649,1.0,0.0,0.0,0.0,0.0,3.77919499501644,0.0,0.0,22.53960113748808,1221.920496490378,7.249541730897533,302.7106577576344,2.6239816647333654
2,200.0,11.113246213388727,0.96,0.0,0.0,0.0,0.0,0.04,0.0,0.0,299.9,80.07,0.6668889629876626,0.1387941328011581,15.300952024682909,2.7379345908003714,1213.4016835997984,24.985929143808463,0.9732622611314712,0.0,0.0,0.0,0.0,0.0267377388685288,0.0,0.0,0.2590983019992535,0.0,0.0,0.0,0.0,0.7409016980007466,0.0,0.0,20.054843528115835,0.7603990012001547,1.0,0.0,0.0,0.0,0.0,3.7106382374007087,0.0,0.0,22.53960113748808,1221.920496490378,7.249541730897533,302.7106577576344,2.6239816647333654
2,200.0,12.509114817153456,0.96,0.0,0.0,0.0,0.0,0.04,0.0,0.0,299.9,80.07,0.6668889629876626,0.1562272363825834,15.300952024682909,2.7379345908003714,1211.969888739486,28.01559290577558,0.9688470762809006,0.0,0.0,0.0,0.0,0.0311529237190993,0.0,0.0,0.2334780038574175,0.0,0.0,0.0,0.0,0.7665219961425825,0.0,0.0,19.66536693154233,0.7731652672461671,1.0,0.0,0.0,0.0,0.0,3.6441101233708526,0.0,0.0,22.53960113748808,1221.920496490378,7.249541730897533,302.7106577576344,2.6239816647333654
2,200.0,13.904983420918182,0.96,0.0,0.0,0.0,0.0,0.04,0.0,0.0,299.9,80.07,0.6668889629876626,0.1736603399640088,15.300952024682909,2.7379345908003714,1210.5290323179795,31.079303507593565,0.9644264387500268,0.0,0.0,0.0,0.0,0.0355735612499732,0.0,0.0,0.2130512004475329,0.0,0.0,0.0,0.0,0.7869487995524671,0.0,0.0,19.28102509576656,0.7859121460388089,1.0,0.0,0.0,0.0,0.0,3.579498903516742,0.0,0.0,22.53960113748808,1221.920496490378,7.249541730897533,302.7106577576344,2.6239816647333654
2,200.0,15.300852024682907,0.96,0.0,0.0,0.0,0.0,0.04,0.0,0.0,299.9,80.07,0.6668889629876626,0.1910934435454341,15.300952024682909,2.7379345908003714,1209.0790137408983,34.17790573965569,0.9600003171385204,0.0,0.0,0.0,0.0,0.0399996828614795,0.0,0.0,0.1964018736736108,0.0,0.0,0.0,0.0,0.8035981263263892,0.0,0.0,18.901727603654425,0.7986857254513133,1.0,0.0,0.0,0.0,0.0,3.516805073804255,0.0,0.0,22.53960113748808,1221.920496490378,7.249541730897533,302.7106577576344,2.6239816647333654
2,205.0,3.501769900886744,0.96,0.0,0.0,0.0,0.0,0.04,0.0,0.0,299.9,80.07,0.6835611870623541,0.0437338566365273,16.60911128945954,3.501669900886744,1206.136046345049,9.417369681678858,0.999558400939782,0.0,0.0,0.0,0.0,0.0004415990602179,0.0,0.0,0.959973909245854,0.0,0.0,0.0,0.0,0.040026090754146,0.0,0.0,21.11759978500204,0.711523933560268,1.0,0.0,0.0,0.0,0.0,3.795336971318639,0.0,0.0,21.15779579629945,1206.2779501886548,9.12387059747945,302.7106577576344,3.35468958110042
2,205.0,4.95813005517261,0.96,0.0,0.0,0.0,0.0,0.04,0.0,0.0,299.9,80.07,0.6835611870623541,0.06192244355155,16.60911128945954,3.501669900886744,1204.7263219144634,12.340274012403698,0.9951834486542164,0.0,0.0,0.0,0.0,0.0048165513457835,0.0,0.0,0.6903223906923073,0.0,0.0,0.0,0.0,0.3096776093076927,0.0,0.0,20.72243599734375,0.724127398505815,1.0,0.0,0.0,0.0,0.0,3.728503281620295,0.0,0.0,21.15779579629945,1206.2779501886548,9.12387059747945,302.7106577576344,3.35468958110042
2,205.0,6.414490209458476,0.96,0.0,0.0,0.0,0.0,0.04,0.0,0.0,299.9,80.07,0.6835611870623541,0.0801110304665727,16.60911128945954,3.501669900886744,1203.3079664741815,15.293787055988506,0.9908037924502656,0.0,0.0,0.0,0.0,0.0091962075497344,0.0,0.0,0.5421015478253597,0.0,0.0,0.0,0.0,0.4578984521746402,0.0,0.0,20.33235435243045,0.7367352461213578,1.0,0.0,0.0,0.0,0.0,3.6635420698737327,0.0,0.0,21.15779579629945,1206.2779501886548,9.12387059747945,302.7106577576344,3.35468958110042
2,205.0,7.870850363744344,0.96,0.0,0.0,0.0,0.0,0.04,0.0,0.0,299.9,80.07,0.6835611870623541,0.0982996173815954,16.60911128945954,3.501669900886744,1201.8807783133732,18.27839749842269,0.9864191197423104,0.0,0.0,0.0,0.0,0.0135808802576895,0.0,0.0,0.4484374759946131,0.0,0.0,0.0,0.0,0.551562524005387,0.0,0.0,19.94725961583721,0.7493604919539223,1.0,0.0,0.0,0.0,0.0,3.600216499050364,0.0,0.0,21.15779579629945,1206.2779501886548,9.12387059747945,302.7106577576344,3.35468958110042
2,205.0,9.32721051803021,0.96,0.0,0.0,0.0,0.0,0.04,0.0,0.0,299.9,80.07,0.6835611870623541,0.116488204296618,16.60911128945954,3.501669900886744,1200.4446174592924,21.294726615211644,0.9820292875031796,0.0,0.0,0.0,0.0,0.0179707124968202,0.0,0.0,0.383942719974701,0.0,0.0,0.0,0.0,0.6160572800252989,0.0,0.0,19.56707361318509,0.7619865930943335,1.0,0.0,0.0,0.0,0.0,3.5385873919577584,0.0,0.0,21.15779579629945,1206.2779501886548,9.12387059747945,302.7106577576344,3.35468958110042
2,205.0,10.783570672316076,0.96,0.0,0.0,0.0,0.0,0.04,0.0,0.0,299.9,80.07,0.6835611870623541,0.1346767912116407,16.60911128945954,3.501669900886744,1198.9993631744617,24.34346557135338,0.9776342081989028,0.0,0.0,0.0,0.0,0.0223657918010971,0.0,0.0,0.3368669467590058,0.0,0.0,0.0,0.0,0.6631330532409941,0.0,0.0,19.191720592507195,0.7746281077764081,1.0,0.0,0.0,0.0,0.0,3.478834741133842,0.0,0.0,21.15779579629945,1206.2779501886548,9.12387059747945,302.7106577576344,3.35468958110042
2,205.0,12.239930826601944,0.96,0.0,0.0,0.0,0.0,0.04,0.0,0.0,299.9,80.07,0.6835611870623541,0.1528653781266634,16.60911128945954,3.501669900886744,1197.5449020190272,27.425352661170216,0.9732338177593738,0.0,0.0,0.0,0.0,0.0267661822406261,0.0,0.0,0.3010248834552581,0.0,0.0,0.0,0.0,0.698975116544742,0.0,0.0,18.821126545037416,0.787277750316865,1.0,0.0,0.0,0.0,0.0,3.420647050923826,0.0,0.0,21.15779579629945,1206.2779501886548,9.12387059747945,302.7106577576344,3.35468958110042
2,205.0,13.69629098088781,0.96,0.0,0.0,0.0,0.0,0.04,0.0,0.0,299.9,80.07,0.6835611870623541,0.1710539650416861,16.60911128945954,3.501669900886744,1196.0811237835808,30.541164757471684,0.9688280646469128,0.0,0.0,0.0,0.0,0.031171935353087,0.0,0.0,0.2728507072882401,0.0,0.0,0.0,0.0,0.7271492927117599,0.0,0.0,18.455218949644543,0.7999601857333509,1.0,0.0,0.0,0.0,0.0,3.3640044993999263,0.0,0.0,21.15779579629945,1206.2779501886548,9.12387059747945,302.7106577576344,3.35468958110042
2,205.0,15.152651135173675,0.96,0.0,0.0,0.0,0.0,0.04,0.0,0.0,299.9,80.07,0.6835611870623541,0.1892425519567088,16.60911128945954,3.501669900886744,1194.6079198849498,33.691714173718736,0.9644169055198872,0.0,0.0,0.0,0.0,0.0355830944801126,0.0,0.0,0.2501442252700643,0.0,0.0,0.0,0.0,0.7498557747299356,0.0,0.0,18.093926438428603,0.8126424216107389,1.0,0.0,0.0,0.0,0.0,3.308954973417424,0.0,0.0,21.15779579629945,1206.2779501886548,9.12387059747945,302.7106577576344,3.35468958110042
2,205.0,16.60901128945954,0.96,0.0,0.0,0.0,0.0,0.04,0.0,0.0,299.9,80.07,0.6835611870623541,0.2074311388717315,16.60911128945954,3.501669900886744,1193.1251826642842,36.8778478403149,0.9600003033089748,0.0,0.0,0.0,0.0,0.0399996966910251,0.0,0.0,0.2314742979757036,0.0,0.0,0.0,0.0,0.7685257020242964,0.0,0.0,17.737178928426484,0.8253793411645894,1.0,0.0,0.0,0.0,0.0,3.255529283541445,0.0,0.0,21.15779579629945,1206.2779501886548,9.12387059747945,302.7106577576344,3.35468958110042
2,210.0,4.420719507032944,0.96,0.0,0.0,0.0,0.0,0.04,0.0,0.0,299.9,80.07,0.7002334111370457,0.0552106844889839,18.009655937987194,4.420619507032944,1190.1156384881926,11.724357047441156,0.9994585498066086,0.0,0.0,0.0,0.0,0.0005414501933913,0.0,0.0,0.9599795372979856,0.0,0.0,0.0,0.0,0.0400204627020143,0.0,0.0,19.74772101430856,0.7416348810381138,1.0,0.0,0.0,0.0,0.0,3.47545736667434,0.0,0.0,19.793904820789816,1190.2941504876192,11.354703713715036,302.7106577576344,4.233266563955471
2,210.0,5.930590221583416,0.96,0.0,0.0,0.0,0.0,0.04,0.0,0.0,299.9,80.07,0.7002334111370457,0.0740675686472263,18.009655937987194,4.420619507032944,1188.6728436616163,14.719153235038544,0.9950949357258454,0.0,0.0,0.0,0.0,0.0049050642741546,0.0,0.0,0.7285490440911145,0.0,0.0,0.0,0.0,0.2714509559088854,0.0,0.0,19.37831407378796,0.7540172844675617,1.0,0.0,0.0,0.0,0.0,3.4191915885252744,0.0,0.0,19.793904820789816,1190.2941504876192,11.354703713715036,302.7106577576344,4.233266563955471
2,210.0,7.440460936133888,0.96,0.0,0.0,0.0,0.0,0.04,0.0,0.0,299.9,80.07,0.7002334111370457,0.0929244528054688,18.009655937987194,4.420619507032944,1187.2210255564494,17.745088287878282,0.9907265858343258,0.0,0.0,0.0,0.0,0.0092734141656742,0.0,0.0,0.5900440846270977,0.0,0.0,0.0,0.0,0.4099559153729023,0.0,0.0,19.013434249224677,0.7664430771784517,1.0,0.0,0.0,0.0,0.0,3.364234080943901,0.0,0.0,19.793904820789816,1190.2941504876192,11.354703713715036,302.7106577576344,4.233266563955471
2,210.0,8.950331650684362,0.96,0.0,0.0,0.0,0.0,0.04,0.0,0.0,299.9,80.07,0.7002334111370457,0.1117813369637112,18.009655937987194,4.420619507032944,1185.759970751281,20.80266174578131,0.9863531821732988,0.0,0.0,0.0,0.0,0.0136468178267011,0.0,0.0,0.4979293913231999,0.0,0.0,0.0,0.0,0.5020706086768,0.0,0.0,18.653002421272085,0.7789001858857987,1.0,0.0,0.0,0.0,0.0,3.310805773421684,0.0,0.0,19.793904820789816,1190.2941504876192,11.354703713715036,302.7106577576344,4.233266563955471
2,210.0,10.460202365234831,0.96,0.0,0.0,0.0,0.0,0.04,0.0,0.0,299.9,80.07,0.7002334111370457,0.1306382211219537,18.009655937987194,4.420619507032944,1184.2895245078987,23.892490219842344,0.9819745627192276,0.0,0.0,0.0,0.0,0.0180254372807723,0.0,0.0,0.432294841605165,0.0,0.0,0.0,0.0,0.5677051583948349,0.0,0.0,18.29695672255171,0.7913747554162839,1.0,0.0,0.0,0.0,0.0,3.258700640063145,0.0,0.0,19.793904820789816,1190.2941504876192,11.354703713715036,302.7106577576344,4.233266563955471
2,210.0,11.970073079785305,0.96,0.0,0.0,0.0,0.0,0.04,0.0,0.0,299.9,80.07,0.7002334111370457,0.1494951052801961,18.009655937987194,4.420619507032944,1182.8095528897206,27.015259511859952,0.9775906233809076,0.0,0.0,0.0,0.0,0.0224093766190924,0.0,0.0,0.3831983972098071,0.0,0.0,0.0,0.0,0.6168016027901928,0.0,0.0,17.94523709249392,0.8039216760144804,1.0,0.0,0.0,0.0,0.0,3.207856456352889,0.0,0.0,19.793904820789816,1190.2941504876192,11.354703713715036,302.7106577576344,4.233266563955471
2,210.0,13.479943794335778,0.96,0.0,0.0,0.0,0.0,0.04,0.0,0.0,299.9,80.07,0.7002334111370457,0.1683519894384386,18.009655937987194,4.420619507032944,1181.3199304510126,30.1717039867003,0.9732012861715772,0.0,0.0,0.0,0.0,0.0267987138284228,0.0,0.0,0.3451223901856814,0.0,0.0,0.0,0.0,0.6548776098143186,0.0,0.0,17.5977860233314,0.8164853578123782,1.0,0.0,0.0,0.0,0.0,3.15826053012107,0.0,0.0,19.793904820789816,1190.2941504876192,11.354703713715036,302.7106577576344,4.233266563955471
2,210.0,14.98981450888625,0.96,0.0,0.0,0.0,0.0,0.04,0.0,0.0,299.9,80.07,0.7002334111370457,0.187208873596681,18.009655937987194,4.420619507032944,1179.8205356217863,33.36259782579881,0.9688064872662824,0.0,0.0,0.0,0.0,0.0311935127337176,0.0,0.0,0.3147589813097614,0.0,0.0,0.0,0.0,0.6852410186902387,0.0,0.0,17.2545469554199,0.8290832255632097,1.0,0.0,0.0,0.0,0.0,3.110026670089811,0.0,0.0,19.793904820789816,1190.2941504876192,11.354703713715036,302.7106577576344,4.233266563955471
2,210.0,16.49968522343672,0.96,0.0,0.0,0.0,0.0,0.04,0.0,0.0,299.9,80.07,0.7002334111370457,0.2060657577549234,18.009655937987194,4.420619507032944,1178.311248735241,36.58875138064375,0.96440617188252,0.0,0.0,0.0,0.0,0.0355938281174801,0.0,0.0,0.290004651752266,0.0,0.0,0.0,0.0,0.709995348247734,0.0,0.0,16.915464761967854,0.8417420334786784,1.0,0.0,0.0,0.0,0.0,3.0630339916029192,0.0,0.0,19.793904820789816,1190.2941504876192,11.354703713715036,302.7106577576344,4.233266563955471
2,210.0,18.009555937987194,0.96,0.0,0.0,0.0,0.0,0.04,0.0,0.0,299.9,80.07,0.7002334111370457,0.2249226419131659,18.009655937987194,4.420619507032944,1176.791951098416,39.85100990307049,0.9600002918518108,0.0,0.0,0.0,0.0,0.0399997081481891,0.0,0.0,0.2694579051201522,0.0,0.0,0.0,0.0,0.7305420948798478,0.0,0.0,16.580485497290724,0.854454173933712,1.0000000000035405,0.0,0.0,0.0,0.0,3.017204403830487,0.0,0.0,19.793904820789816,1190.2941504876192,11.354703713715036,302.7106577576344,4.233266563955471
2,215.0,5.514731754237328,0.96,0.0,0.0,0.0,0.0,0.04,0.0,0.0,299.9,80.07,0.7169056352117373,0.0688738822809707,19.5194344110696,5.514631754237328,1173.6846306999714,14.451070685229212,0.9993396291824862,0.0,0.0,0.0,0.0,0.0006603708175138,0.0,0.0,0.9599837802890162,0.0,0.0,0.0,0.0,0.0400162197109838,0.0,0.0,18.395453479256982,0.7740333152910985,1.0,0.0,0.0,0.0,0.0,3.190115512111062,0.0,0.0,18.448205290897207,1173.908539729092,13.989350648063478,302.7106577576344,5.278346606766283
2,215.0,7.07079871610758,0.96,0.0,0.0,0.0,0.0,0.04,0.0,0.0,299.9,80.07,0.7169056352117373,0.0883077147009814,19.5194344110696,5.514631754237328,1172.2053482402896,17.50846105631774,0.9949899782900694,0.0,0.0,0.0,0.0,0.0050100217099306,0.0,0.0,0.7621687264164924,0.0,0.0,0.0,0.0,0.2378312735835077,0.0,0.0,18.050567473200893,0.7862791198408857,1.0,0.0,0.0,0.0,0.0,3.142598948514908,0.0,0.0,18.448205290897207,1173.908539729092,13.989350648063478,302.7106577576344,5.278346606766283
2,215.0,8.626865677977833,0.96,0.0,0.0,0.0,0.0,0.04,0.0,0.0,299.9,80.07,0.7169056352117373,0.107741547120992,19.5194344110696,5.514631754237328,1170.716558774123,20.59739005058894,0.9906354319944194,0.0,0.0,0.0,0.0,0.0093645680055805,0.0,0.0,0.634761485629509,0.0,0.0,0.0,0.0,0.3652385143704911,0.0,0.0,17.70972756600086,0.7985648488024822,1.0,0.0,0.0,0.0,0.0,3.0961550821526487,0.0,0.0,18.448205290897207,1173.908539729092,13.989350648063478,302.7106577576344,5.278346606766283
2,215.0,10.182932639848088,0.96,0.0,0.0,0.0,0.0,0.04,0.0,0.0,299.9,80.07,0.7169056352117373,0.1271753795410027,19.5194344110696,5.514631754237328,1169.2180371571746,23.71837381492829,0.986275671993089,0.0,0.0,0.0,0.0,0.013724328006911,0.0,0.0,0.5459230571734781,0.0,0.0,0.0,0.0,0.4540769428265219,0.0,0.0,17.372869859651413,0.8109098469542865,1.0000000000787663,0.0,0.0,0.0,0.0,3.0507364310013623,0.0,0.0,18.448205290897207,1173.908539729092,13.989350648063478,302.7106577576344,5.278346606766283
2,215.0,11.738999601718335,0.96,0.0,0.0,0.0,0.0,0.04,0.0,0.0,299.9,80.07,0.7169056352117373,0.1466092119610133,19.5194344110696,5.514631754237328,1167.7096123415413,26.8720280565169,0.9819105190314276,0.0,0.0,0.0,0.0,0.0180894809685725,0.0,0.0,0.480495302220099,0.0,0.0,0.0,0.0,0.5195046977799009,0.0,0.0,17.039938514165573,0.8233087039470625,1.000000000192404,0.0,0.0,0.0,0.0,3.006338225950292,0.0,0.0,18.448205290897207,1173.908539729092,13.989350648063478,302.7106577576344,5.278346606766283
2,215.0,13.295066563588591,0.96,0.0,0.0,0.0,0.0,0.04,0.0,0.0,299.9,80.07,0.7169056352117373,0.166043044381024,19.5194344110696,5.514631754237328,1166.1911334623494,30.05903384226772,0.9775398486645388,0.0,0.0,0.0,0.0,0.0224601513354613,0.0,0.0,0.4303436215944566,0.0,0.0,0.0,0.0,0.5696563784055435,0.0,0.0,16.710892184418448,0.835770708099983,1.0000000000487586,0.0,0.0,0.0,0.0,2.963015709247702,0.0,0.0,18.448205290897207,1173.908539729092,13.989350648063478,302.7106577576344,5.278346606766283
2,215.0,14.851133525458843,0.96,0.0,0.0,0.0,0.0,0.04,0.0,0.0,299.9,80.07,0.7169056352117373,0.1854768768010346,19.5194344110696,5.514631754237328,1164.6624595817177,33.28012108704961,0.9731635656331789,0.0,0.0,0.0,0.0,0.0268364343668213,0.0,0.0,0.3907118736480786,0.0,0.0,0.0,0.0,0.6092881263519213,0.0,0.0,16.3856833804178,0.8482851112520521,1.0,0.0,0.0,0.0,0.0,2.920767475202679,0.0,0.0,18.448205290897207,1173.908539729092,13.989350648063478,302.7106577576344,5.278346606766283
2,215.0,16.407200487329096,0.96,0.0,0.0,0.0,0.0,0.04,0.0,0.0,299.9,80.07,0.7169056352117373,0.2049107092210453,19.5194344110696,5.514631754237328,1163.1234539095292,36.53606011785277,0.9687815895732276,0.0,0.0,0.0,0.0,0.0312184104267725,0.0,0.0,0.358633640073536,0.0,0.0,0.0,0.0,0.6413663599264641,0.0,0.0,16.064268149037517,0.8608696735165964,1.0,0.0,0.0,0.0,0.0,2.879483640988684,0.0,0.0,18.448205290897207,1173.908539729092,13.989350648063478,302.7106577576344,5.278346606766283
2,215.0,17.96326744919935,0.96,0.0,0.0,0.0,0.0,0.04,0.0,0.0,299.9,80.07,0.7169056352117373,0.2243445416410559,19.5194344110696,5.514631754237328,1161.57398170611,39.82765796821675,0.9643938497891816,0.0,0.0,0.0,0.0,0.0356061502108184,0.0,0.0,0.3321628912250657,0.0,0.0,0.0,0.0,0.6678371087749344,0.0,0.0,15.746603643744368,0.8735316003726666,1.0000000001815736,0.0,0.0,0.0,0.0,2.839149241737309,0.0,0.0,18.448205290897207,1173.908539729092,13.989350648063478,302.7106577576344,5.278346606766283
2,215.0,19.5193344110696,0.96,0.0,0.0,0.0,0.0,0.04,0.0,0.0,299.9,80.07,0.7169056352117373,0.2437783740610666,19.5194344110696,5.514631754237328,1160.0139091359963,43.15575683796681,0.9600002824029314,0.0,0.0,0.0,0.0,0.0399997175970685,0.0,0.0,0.3099700575163261,0.0,0.0,0.0,0.0,0.6900299424836739,0.0,0.0,15.432648148813952,0.8862720461146075,1.000000000031526,0.0,0.0,0.0,0.0,2.799747349419044,0.0,0.0,18.448205290897207,1173.908539729092,13.989350648063478,302.7106577576344,5.278346606766283
2,220.0,6.804663440257528,0.96,0.0,0.0,0.0,0.0,0.04,0.0,0.0,299.9,80.07,0.7335778592864288,0.0849839320626642,21.156796719242408,6.804563440257528,1156.7738365191112,17.65318435496633,0.999198310424206,0.0,0.0,0.0,0.0,0.0008016895757937,0.0,0.0,0.959987020471657,0.0,0.0,0.0,0.0,0.040012979528343,0.0,0.0,17.06121508610187,0.8090731256828875,1.0,0.0,0.0,0.0,0.0,2.935053726119501,0.0,0.0,17.121140165384258,1157.0541060432145,17.08052563899556,302.7106577576344,6.509407158415541
2,220.0,8.399333804589181,0.96,0.0,0.0,0.0,0.0,0.04,0.0,0.0,299.9,80.07,0.7335778592864288,0.1048998851578516,21.156796719242408,6.804563440257528,1155.2542657069152,20.76476981508228,0.994865562790478,0.0,0.0,0.0,0.0,0.0051344372095221,0.0,0.0,0.7914872815666772,0.0,0.0,0.0,0.0,0.2085127184333227,0.0,0.0,16.73973976966595,0.8212117223077975,1.0,0.0,0.0,0.0,0.0,2.894642098257488,0.0,0.0,17.121140165384258,1157.0541060432145,17.08052563899556,302.7106577576344,6.509407158415541
2,220.0,9.994004168920837,0.96,0.0,0.0,0.0,0.0,0.04,0.0,0.0,299.9,80.07,0.7335778592864288,0.124815838253039,21.156796719242408,6.804563440257528,1153.7246045162772,23.90819840094454,0.9905276454464064,0.0,0.0,0.0,0.0,0.0094723545535936,0.0,0.0,0.675881450873809,0.0,0.0,0.0,0.0,0.3241185491261909,0.0,0.0,16.421889826973292,0.8334424754703982,1.0,0.0,0.0,0.0,0.0,2.85506483735004,0.0,0.0,17.121140165384258,1157.0541060432145,17.08052563899556,302.7106577576344,6.509407158415541
2,220.0,11.588674533252489,0.96,0.0,0.0,0.0,0.0,0.04,0.0,0.0,299.9,80.07,0.7335778592864288,0.1447317913482264,21.156796719242408,6.804563440257528,1152.1846158495164,27.08400812953908,0.9861842442920792,0.0,0.0,0.0,0.0,0.0138157557079209,0.0,0.0,0.5917097958287819,0.0,0.0,0.0,0.0,0.4082902041712182,0.0,0.0,16.10761300694008,0.845732607061472,1.0000000000605993,0.0,0.0,0.0,0.0,2.816390181577044,0.0,0.0,17.121140165384258,1157.0541060432145,17.08052563899556,302.7106577576344,6.509407158415541
2,220.0,13.183344897584142,0.96,0.0,0.0,0.0,0.0,0.04,0.0,0.0,299.9,80.07,0.7335778592864288,0.1646477444434138,21.156796719242408,6.804563440257528,1150.634109993643,30.29281910119061,0.9818351633042413,0.0,0.0,0.0,0.0,0.0181648366957587,0.0,0.0,0.5277371509939993,0.0,0.0,0.0,0.0,0.4722628490060007,0.0,0.0,15.796860804910803,0.8580998206081646,1.0,0.0,0.0,0.0,0.0,2.778576250684545,0.0,0.0,17.121140165384258,1157.0541060432145,17.08052563899556,302.7106577576344,6.509407158415541
2,220.0,14.778015261915794,0.96,0.0,0.0,0.0,0.0,0.04,0.0,0.0,299.9,80.07,0.7335778592864288,0.1845636975386011,21.156796719242408,6.804563440257528,1149.072916486076,33.5353110518745,0.9774802575573772,0.0,0.0,0.0,0.0,0.0225197424426227,0.0,0.0,0.4775129757638003,0.0,0.0,0.0,0.0,0.5224870242361996,0.0,0.0,15.48960411253398,0.8705470467077504,1.0,0.0,0.0,0.0,0.0,2.741558840703022,0.0,0.0,17.121140165384258,1157.0541060432145,17.08052563899556,302.7106577576344,6.509407158415541
2,220.0,16.372685626247446,0.96,0.0,0.0,0.0,0.0,0.04,0.0,0.0,299.9,80.07,0.7335778592864288,0.2044796506337885,21.156796719242408,6.804563440257528,1147.5008750445957,36.81221146964701,0.9731194114535564,0.0,0.0,0.0,0.0,0.0268805885464436,0.0,0.0,0.4370699848601019,0.0,0.0,0.0,0.0,0.562930015139898,0.0,0.0,15.185803894214065,0.8830639554830924,1.0,0.0,0.0,0.0,0.0,2.705328375469805,0.0,0.0,17.121140165384258,1157.0541060432145,17.08052563899556,302.7106577576344,6.509407158415541
2,220.0,17.9673559905791,0.96,0.0,0.0,0.0,0.0,0.04,0.0,0.0,299.9,80.07,0.7335778592864288,0.2243956037289759,21.156796719242408,6.804563440257528,1145.917829638878,40.12428819368524,0.9687525247034604,0.0,0.0,0.0,0.0,0.0312474752965394,0.0,0.0,0.4038342929042929,0.0,0.0,0.0,0.0,0.596165707095707,0.0,0.0,14.885425826683914,0.8956932357523905,1.0,0.0,0.0,0.0,0.0,2.669873438739608,0.0,0.0,17.121140165384258,1157.0541060432145,17.08052563899556,302.7106577576344,6.509407158415541
2,220.0,19.56202635491076,0.96,0.0,0.0,0.0,0.0,0.04,0.0,0.0,299.9,80.07,0.7335778592864288,0.2443115568241633,21.156796719242408,6.804563440257528,1144.3236262339203,43.4723460505596,0.9643795069580832,0.0,0.0,0.0,0.0,0.0356204930419167,0.0,0.0,0.376063173874888,0.0,0.0,0.0,0.0,0.6239368261251119,0.0,0.0,14.588436595436756,0.9084169148171448,1.0,0.0,0.0,0.0,0.0,2.6351812708283355,0.0,0.0,17.121140165384258,1157.0541060432145,17.08052563899556,302.7106577576344,6.509407158415541
2,220.0,21.156696719242408,0.96,0.0,0.0,0.0,0.0,0.04,0.0,0.0,299.9,80.07,0.7335778592864288,0.2642275099193507,21.156796719242408,6.804563440257528,1142.718111464226,46.85722527449232,0.9600002746780246,0.0,0.0,0.0,0.0,0.0399997253219754,0.0,0.0,0.3525347010210993,0.0,0.0,0.0,0.0,0.6474652989789008,0.0,0.0,14.294803967187857,0.921241661682079,1.0,0.0,0.0,0.0,0.0,2.601269777786543,0.0,0.0,17.121140165384258,1157.0541060432145,17.08052563899556,302.7106577576344,6.509407158415541
2,225.0,8.312371261293663,0.96,0.0,0.0,0.0,0.0,0.04,0.0,0.0,299.9,80.07,0.7502500833611204,0.1038138036879438,22.94138392217718,8.312271261293663,1139.3051688081823,21.3937041509849,0.9990306192697144,0.0,0.0,0.0,0.0,0.0009693807302855,0.0,0.0,0.9599895244580632,0.0,0.0,0.0,0.0,0.0400104755419369,0.0,0.0,15.745598398495382,0.8471381233214508,1.0,0.0,0.0,0.0,0.0,2.706050347360519,0.0,0.0,15.813326197117547,1139.6555629264626,20.687604017864448,302.7106577576344,7.946729358776584
2,225.0,9.93780600139183,0.96,0.0,0.0,0.0,0.0,0.04,0.0,0.0,299.9,80.07,0.7502500833611204,0.12411397528902,22.94138392217718,8.312271261293663,1137.7410532048934,24.552047020661654,0.9947181142192418,0.0,0.0,0.0,0.0,0.0052818857807581,0.0,0.0,0.816891754944119,0.0,0.0,0.0,0.0,0.1831082450558809,0.0,0.0,15.446537346625332,0.8592625383320169,1.0,0.0,0.0,0.0,0.0,2.6716743583310447,0.0,0.0,15.813326197117547,1139.6555629264626,20.687604017864448,302.7106577576344,7.946729358776584
2,225.0,11.56324074149,0.96,0.0,0.0,0.0,0.0,0.04,0.0,0.0,299.9,80.07,0.7502500833611204,0.1444141468900961,22.94138392217718,8.312271261293663,1136.16615321637,27.742480156166337,0.9904000614651096,0.0,0.0,0.0,0.0,0.0095999385348904,0.0,0.0,0.7132393674020047,0.0,0.0,0.0,0.0,0.2867606325979954,0.0,0.0,15.150730496712756,0.8714839826014213,1.0000000000004692,0.0,0.0,0.0,0.0,2.637961050722564,0.0,0.0,15.813326197117547,1139.6555629264626,20.687604017864448,302.7106577576344,7.946729358776584
2,225.0,13.18867548158817,0.96,0.0,0.0,0.0,0.0,0.04,0.0,0.0,299.9,80.07,0.7502500833611204,0.1647143184911723,22.94138392217718,8.312271261293663,1134.5802187494623,30.965568185244965,0.986076153981373,0.0,0.0,0.0,0.0,0.0139238460186268,0.0,0.0,0.6347598335667219,0.0,0.0,0.0,0.0,0.3652401664332781,0.0,0.0,14.858130902786638,0.8837940714492518,1.0,0.0,0.0,0.0,0.0,2.6049050664531217,0.0,0.0,15.813326197117547,1139.6555629264626,20.687604017864448,302.7106577576344,7.946729358776584
2,225.0,14.814110221686338,0.96,0.0,0.0,0.0,0.0,0.04,0.0,0.0,299.9,80.07,0.7502500833611204,0.1850144900922485,22.94138392217718,8.312271261293663,1132.983038628158,34.22194145516069,0.981746179345987,0.0,0.0,0.0,0.0,0.018253820654013,0.0,0.0,0.5733244330054996,0.0,0.0,0.0,0.0,0.4266755669945003,0.0,0.0,14.568709428333657,0.8961963820893211,1.0,0.0,0.0,0.0,0.0,2.5724996042933754,0.0,0.0,15.813326197117547,1139.6555629264626,20.687604017864448,302.7106577576344,7.946729358776584
2,225.0,16.439544961784506,0.96,0.0,0.0,0.0,0.0,0.04,0.0,0.0,299.9,80.07,0.7502500833611204,0.2053146616933246,22.94138392217718,8.312271261293663,1131.3744202512812,37.51228433321617,0.9774099732809352,0.0,0.0,0.0,0.0,0.0225900267190647,0.0,0.0,0.5239646609254763,0.0,0.0,0.0,0.0,0.4760353390745236,0.0,0.0,14.282433641798036,0.9087075075579756,1.0,0.0,0.0,0.0,0.0,2.5407367796512808,0.0,0.0,15.813326197117547,1139.6555629264626,20.687604017864448,302.7106577576344,7.946729358776584
2,225.0,18.06497970188268,0.96,0.0,0.0,0.0,0.0,0.04,0.0,0.0,299.9,80.07,0.7502500833611204,0.2256148332944008,22.94138392217718,8.312271261293663,1129.7541798583134,40.83732615110965,0.9730673975118262,0.0,0.0,0.0,0.0,0.0269326024881737,0.0,0.0,0.4834729370429188,0.0,0.0,0.0,0.0,0.5165270629570812,0.0,0.0,13.99927545115369,0.9213143238069578,1.0,0.0,0.0,0.0,0.0,2.5096076341817355,0.0,0.0,15.813326197117547,1139.6555629264626,20.687604017864448,302.7106577576344,7.946729358776584
2,225.0,19.690414441980845,0.96,0.0,0.0,0.0,0.0,0.04,0.0,0.0,299.9,80.07,0.7502500833611204,0.245915004895477,22.94138392217718,8.312271261293663,1128.1221378465468,44.19783609173132,0.9687183291459682,0.0,0.0,0.0,0.0,0.0312816708540317,0.0,0.0,0.4496861859558217,0.0,0.0,0.0,0.0,0.5503138140441783,0.0,0.0,13.719207913410184,0.9340461706818324,1.0,0.0,0.0,0.0,0.0,2.479130412750536,0.0,0.0,15.813326197117547,1139.6555629264626,20.687604017864448,302.7106577576344,7.946729358776584
2,225.0,21.315849182079013,0.96,0.0,0.0,0.0,0.0,0.04,0.0,0.0,299.9,80.07,0.7502500833611204,0.2662151764965532,22.94138392217718,8.312271261293663,1126.4781162625077,47.594620345697706,0.9643626550170188,0.0,0.0,0.0,0.0,0.035637344982981,0.0,0.0,0.4210928016489314,0.0,0.0,0.0,0.0,0.5789071983510686,0.0,0.0,13.44220537032473,0.9468853075257698,1.0,0.0,0.0,0.0,0.0,2.4492834421764456,0.0,0.0,15.813326197117547,1139.6555629264626,20.687604017864448,302.7106577576344,7.946729358776584
2,225.0,22.94128392217718,0.96,0.0,0.0,0.0,0.0,0.04,0.0,0.0,299.9,80.07,0.7502500833611204,0.2865153480976293,22.94138392217718,8.312271261293663,1124.8219373546924,51.02852073009263,0.960000268456042,0.0,0.0,0.0,0.0,0.0399997315439579,0.0,0.0,0.396604639276199,0.0,0.0,0.0,0.0,0.603395360723801,0.0,0.0,13.168242957514732,0.9598616264707416,1.0,0.0,0.0,0.0,0.0,2.420030653011257,0.0,0.0,15.813326197117547,1139.6555629264626,20.687604017864448,302.7106577576344,7.946729358776584
2,230.0,10.060729531796689,0.96,0.0,0.0,0.0,0.0,0.04,0.0,0.0,299.9,80.07,0.766922307435812,0.125649176118355,24.893933041378112,10.060629531796687,1121.1890803555195,25.744874163731836,0.9988317685950956,0.0,0.0,0.0,0.0,0.0011682314049042,0.0,0.0,0.9599914809727516,0.0,0.0,0.0,0.0,0.0400085190272484,0.0,0.0,14.44938458142125,0.8887690849725467,1.0,0.0,0.0,0.0,0.0,2.500096187588058,0.0,0.0,14.52556748614066,1121.6270137216943,24.87830228106012,302.7106577576344,9.61137473881863
2,230.0,11.7088521439724,0.96,0.0,0.0,0.0,0.0,0.04,0.0,0.0,299.9,80.07,0.766922307435812,0.1462326981887398,24.893933041378112,10.060629531796687,1119.575615549425,28.94354738150733,0.9945433488314463,0.0,0.0,0.0,0.0,0.0054566511685535,0.0,0.0,0.8388022190787714,0.0,0.0,0.0,0.0,0.1611977809212285,0.0,0.0,14.171845993352257,0.9009484574797272,1.0,0.0,0.0,0.0,0.0,2.4706879098478174,0.0,0.0,14.52556748614066,1121.6270137216943,24.87830228106012,302.7106577576344,9.61137473881863
2,230.0,13.356974756148116,0.96,0.0,0.0,0.0,0.0,0.04,0.0,0.0,299.9,80.07,0.766922307435812,0.1668162202591247,24.893933041378112,10.060629531796687,1117.9505468974698,32.17454110657732,0.9902489082027288,0.0,0.0,0.0,0.0,0.0097510917972711,0.0,0.0,0.7468391609519498,0.0,0.0,0.0,0.0,0.2531608390480501,0.0,0.0,13.897231769797845,0.9132466220173704,1.0,0.0,0.0,0.0,0.0,2.4418176815912918,0.0,0.0,14.52556748614066,1121.6270137216943,24.87830228106012,302.7106577576344,9.61137473881863
2,230.0,15.00509736832383,0.96,0.0,0.0,0.0,0.0,0.04,0.0,0.0,299.9,80.07,0.766922307435812,0.1873997423295095,24.893933041378112,10.060629531796687,1116.313608653194,35.43845061472235,0.9859481466774452,0.0,0.0,0.0,0.0,0.0140518533225546,0.0,0.0,0.6747230143544296,0.0,0.0,0.0,0.0,0.3252769856455705,0.0,0.0,13.625502357547616,0.9256469324080528,1.0,0.0,0.0,0.0,0.0,2.4134790634012577,0.0,0.0,14.52556748614066,1121.6270137216943,24.87830228106012,302.7106577576344,9.61137473881863
2,230.0,16.653219980499543,0.96,0.0,0.0,0.0,0.0,0.04,0.0,0.0,299.9,80.07,0.766922307435812,0.2079832643998944,24.893933041378112,10.060629531796687,1114.6645660359643,38.73592379056701,0.9816408382494384,0.0,0.0,0.0,0.0,0.0183591617505614,0.0,0.0,0.6166996830954913,0.0,0.0,0.0,0.0,0.3833003169045088,0.0,0.0,13.356636217902585,0.9381779119980578,1.0,0.0,0.0,0.0,0.0,2.3856915566706447,0.0,0.0,14.52556748614066,1121.6270137216943,24.87830228106012,302.7106577576344,9.61137473881863
2,230.0,18.30134259267525,0.96,0.0,0.0,0.0,0.0,0.04,0.0,0.0,299.9,80.07,0.766922307435812,0.2285667864702792,24.893933041378112,10.060629531796687,1113.0032000649694,42.06765635589751,0.9773267979035516,0.0,0.0,0.0,0.0,0.0226732020964484,0.0,0.0,0.5690439082641211,0.0,0.0,0.0,0.0,0.4309560917358789,0.0,0.0,13.09060679625304,0.9508179289662472,1.0,0.0,0.0,0.0,0.0,2.358430007840405,0.0,0.0,14.52556748614066,1121.6270137216943,24.87830228106012,302.7106577576344,9.61137473881863
2,230.0,19.949465204850974,0.96,0.0,0.0,0.0,0.0,0.04,0.0,0.0,299.9,80.07,0.766922307435812,0.2491503085406641,24.893933041378112,10.060629531796687,1111.3292993308708,45.43438616761596,0.9730058638203508,0.0,0.0,0.0,0.0,0.0269941361796491,0.0,0.0,0.5292378502503559,0.0,0.0,0.0,0.0,0.4707621497496441,0.0,0.0,12.82739178660557,0.9636057754333002,1.0,0.0,0.0,0.0,0.0,2.331671517152044,0.0,0.0,14.52556748614066,1121.6270137216943,24.87830228106012,302.7106577576344,9.61137473881863
2,230.0,21.597587817026685,0.96,0.0,0.0,0.0,0.0,0.04,0.0,0.0,299.9,80.07,0.766922307435812,0.2697338306110489,24.893933041378112,10.060629531796687,1109.6426557745522,48.83688992557991,0.9686778882915408,0.0,0.0,0.0,0.0,0.0313221117084591,0.0,0.0,0.4955187632815179,0.0,0.0,0.0,0.0,0.5044812367184821,0.0,0.0,12.566970447864074,0.9765191028134632,1.0,0.0,0.0,0.0,0.0,2.305408219830821,0.0,0.0,14.52556748614066,1121.6270137216943,24.87830228106012,302.7106577576344,9.61137473881863
2,230.0,23.2457104292024,0.96,0.0,0.0,0.0,0.0,0.04,0.0,0.0,299.9,80.07,0.766922307435812,0.2903173526814337,24.893933041378112,10.060629531796687,1107.9430622532986,52.27598118622492,0.9643427325381184,0.0,0.0,0.0,0.0,0.0356572674618815,0.0,0.0,0.4666157870960368,0.0,0.0,0.0,0.0,0.5333842129039632,0.0,0.0,12.309322738096544,0.9895792324169989,1.0,0.0,0.0,0.0,0.0,2.2796317031082096,0.0,0.0,14.52556748614066,1121.6270137216943,24.87830228106012,302.7106577576344,9.61137473881863
2,230.0,24.893833041378112,0.96,0.0,0.0,0.0,0.0,0.04,0.0,0.0,299.9,80.07,0.766922307435812,0.3109008747518186,24.893933041378112,10.060629531796687,1106.2303110389155,55.75250937947067,0.9600002635675496,0.0,0.0,0.0,0.0,0.0399997364324503,0.0,0.0,0.4415896394114614,0.0,0.0,0.0,0.0,0.5584103605885384,0.0,0.0,12.054429792760414,1.0027954675269657,1.0,0.0,0.0,0.0,0.0,2.2543332669897387,0.0,0.0,14.52556748614066,1121.6270137216943,24.87830228106012,302.7106577576344,9.61137473881863
2,235.0,12.073680675127209,0.96,0.0,0.0,0.0,0.0,0.04,0.0,0.0,299.9,80.07,0.7835945315105035,0.1507890680045861,27.03609767197073,12.073580675127207,1102.3211772564327,30.790762116315268,0.9985959321608968,0.0,0.0,0.0,0.0,0.0014040678391033,0.0,0.0,0.959993025477293,0.0,0.0,0.0,0.0,0.0400069745227069,0.0,0.0,13.173564373369228,0.934607626476077,1.0,0.0,0.0,0.0,0.0,2.3142221398964797,0.0,0.0,13.258875583506692,1102.8688895247462,29.73094022392497,302.7106577576344,11.525181126674264
2,235.0,13.736160341443156,0.96,0.0,0.0,0.0,0.0,0.04,0.0,0.0,299.9,80.07,0.7835945315105035,0.1715518963587255,27.03609767197073,12.073580675127207,1100.652891152729,34.024394338527905,0.994336074359238,0.0,0.0,0.0,0.0,0.005663925640762,0.0,0.0,0.8576385271682285,0.0,0.0,0.0,0.0,0.1423614728317715,0.0,0.0,12.916754912027278,0.9469469348033378,1.0,0.0,0.0,0.0,0.0,2.289066025566717,0.0,0.0,13.258875583506692,1102.8688895247462,29.73094022392497,302.7106577576344,11.525181126674264
2,235.0,15.398640007759102,0.96,0.0,0.0,0.0,0.0,0.04,0.0,0.0,299.9,80.07,0.7835945315105035,0.192314724712865,27.03609767197073,12.073580675127207,1098.9720363029337,37.29060402339323,0.990069632983914,0.0,0.0,0.0,0.0,0.0099303670160858,0.0,0.0,0.7768107678028606,0.0,0.0,0.0,0.0,0.2231892321971393,0.0,0.0,12.662572247585526,0.9594114614470464,1.0,0.0,0.0,0.0,0.0,2.2643385710357515,0.0,0.0,13.258875583506692,1102.8688895247462,29.73094022392497,302.7106577576344,11.525181126674264
2,235.0,17.061119674075048,0.96,0.0,0.0,0.0,0.0,0.04,0.0,0.0,299.9,80.07,0.7835945315105035,0.2130775530670045,27.03609767197073,12.073580675127207,1097.2783271371331,40.59002080153872,0.9857963129586133,0.0,0.0,0.0,0.0,0.0142036870413866,0.0,0.0,0.7114137930887464,0.0,0.0,0.0,0.0,0.2885862069112535,0.0,0.0,12.41099068184259,0.9720204272861408,1.0,0.0,0.0,0.0,0.0,2.2400337418447256,0.0,0.0,13.258875583506692,1102.8688895247462,29.73094022392497,302.7106577576344,11.525181126674264
2,235.0,18.723599340390997,0.96,0.0,0.0,0.0,0.0,0.04,0.0,0.0,299.9,80.07,0.7835945315105035,0.2338403814211439,27.03609767197073,12.073580675127207,1095.5715016864651,43.92331806894666,0.9815158756187726,0.0,0.0,0.0,0.0,0.0184841243812274,0.0,0.0,0.6574548662429632,0.0,0.0,0.0,0.0,0.3425451337570366,0.0,0.0,12.16198771484412,0.9847610330267792,1.0,0.0,0.0,0.0,0.0,2.216145815626492,0.0,0.0,13.258875583506692,1102.8688895247462,29.73094022392497,302.7106577576344,11.525181126674264
2,235.0,20.386079006706943,0.96,0.0,0.0,0.0,0.0,0.04,0.0,0.0,299.9,80.07,0.7835945315105035,0.2546032097752834,27.03609767197073,12.073580675127207,1093.851310008757,47.29121110953034,0.9772281148417332,0.0,0.0,0.0,0.0,0.0227718851582666,0.0,0.0,0.612209937541958,0.0,0.0,0.0,0.0,0.387790062458042,0.0,0.0,11.915544078777842,0.9976532945938018,1.0,0.0,0.0,0.0,0.0,2.192668705568579,0.0,0.0,13.258875583506692,1102.8688895247462,29.73094022392497,302.7106577576344,11.525181126674264
2,235.0,22.04855867302289,0.96,0.0,0.0,0.0,0.0,0.04,0.0,0.0,299.9,80.07,0.7835945315105035,0.2753660381294229,27.03609767197073,12.073580675127207,1092.1175078293795,50.694454768678746,0.9729328440222468,0.0,0.0,0.0,0.0,0.0270671559777532,0.0,0.0,0.5737570906485909,0.0,0.0,0.0,0.0,0.4262429093514092,0.0,0.0,11.67164260698688,1.010705047571146,1.0,0.0,0.0,0.0,0.0,2.169595809969729,0.0,0.0,13.258875583506692,1102.8688895247462,29.73094022392497,302.7106577576344,11.525181126674264
2,235.0,23.711038339338835,0.96,0.0,0.0,0.0,0.0,0.04,0.0,0.0,299.9,80.07,0.7835945315105035,0.2961288664835623,27.03609767197073,12.073580675127207,1090.369852830921,54.133841673357175,0.9686298885572192,0.0,0.0,0.0,0.0,0.0313701114427808,0.0,0.0,0.5407016947237528,0.0,0.0,0.0,0.0,0.4592983052762472,0.0,0.0,11.430267038214415,1.0239131481431756,1.0,0.0,0.0,0.0,0.0,2.1469203564717594,0.0,0.0,13.258875583506692,1102.8688895247462,29.73094022392497,302.7106577576344,11.525181126674264
2,235.0,25.37351800565478,0.96,0.0,0.0,0.0,0.0,0.04,0.0,0.0,299.9,80.07,0.7835945315105035,0.3168916948377018,27.03609767197073,12.073580675127207,1088.6081023940762,57.61020118035473,0.9643190813458128,0.0,0.0,0.0,0.0,0.0356809186541872,0.0,0.0,0.5120072840902606,0.0,0.0,0.0,0.0,0.4879927159097394,0.0,0.0,11.19140225198646,1.037287775944487,1.0,0.0,0.0,0.0,0.0,2.124635343848725,0.0,0.0,13.258875583506692,1102.8688895247462,29.73094022392497,302.7106577576344,11.525181126674264
2,235.0,27.035997671970726,0.96,0.0,0.0,0.0,0.0,0.04,0.0,0.0,299.9,80.07,0.7835945315105035,0.3376545231918412,27.03609767197073,12.073580675127207,1086.832012101784,61.124398922143065,0.9600002598864864,0.0,0.0,0.0,0.0,0.0399997401135136,0.0,0.0,0.4868875884838554,0.0,0.0,0.0,0.0,0.5131124115161446,0.0,0.0,10.955033771872158,1.050853671745346,1.0,0.0,0.0,0.0,0.0,2.102733742629407,0.0,0.0,13.258875583506692,1102.8688895247462,29.73094022392497,302.7106577576344,11.525181126674264
2,240.0,14.376327157580578,0.96,0.0,0.0,0.0,0.0,0.04,0.0,0.0,299.9,80.07,0.8002667555851951,0.1795469858571322,29.390281019054576,14.376227157580578,1082.5776323242962,36.6308190559704,0.9983159317944298,0.0,0.0,0.0,0.0,0.0016840682055702,0.0,0.0,0.9599942564718692,0.0,0.0,0.0,0.0,0.0400057435281309,0.0,0.0,11.919367973627024,0.9855434116324476,1.0,0.0,0.0,0.0,0.0,2.14617697378178,0.0,0.0,12.014498351825988,1083.263844328595,35.3375257790447,302.7106577576344,13.710780754884407
2,240.0,16.0445331421888,0.96,0.0,0.0,0.0,0.0,0.04,0.0,0.0,299.9,80.07,0.8002667555851951,0.2003813306130736,29.390281019054576,14.376227157580578,1080.8482273564657,39.89514593376664,0.9940899135408948,0.0,0.0,0.0,0.0,0.0059100864591053,0.0,0.0,0.8737994222027999,0.0,0.0,0.0,0.0,0.1262005777972,0.0,0.0,11.68258892308914,0.9981396827361756,1.0,0.0,0.0,0.0,0.0,2.124599286267012,0.0,0.0,12.014498351825988,1083.263844328595,35.3375257790447,302.7106577576344,13.710780754884407
2,240.0,17.712739126797022,0.96,0.0,0.0,0.0,0.0,0.04,0.0,0.0,299.9,80.07,0.8002667555851951,0.2212156753690149,29.390281019054576,14.376227157580578,1079.105115854275,43.19238117407362,0.9898566610630508,0.0,0.0,0.0,0.0,0.0101433389369491,0.0,0.0,0.8033702225095946,0.0,0.0,0.0,0.0,0.1966297774904054,0.0,0.0,11.448170759510631,1.0108900313061868,1.0,0.0,0.0,0.0,0.0,2.1033659562153,0.0,0.0,12.014498351825988,1083.263844328595,35.3375257790447,302.7106577576344,13.710780754884407
2,240.0,19.380945111405243,0.96,0.0,0.0,0.0,0.0,0.04,0.0,0.0,299.9,80.07,0.8002667555851951,0.2420500201249562,29.390281019054576,14.376227157580578,1077.3479868237378,46.52319410527126,0.9856158811874832,0.0,0.0,0.0,0.0,0.0143841188125166,0.0,0.0,0.7447863408919412,0.0,0.0,0.0,0.0,0.2552136591080588,0.0,0.0,11.21609439049262,1.0238055674453317,1.0,0.0,0.0,0.0,0.0,2.0824717819474885,0.0,0.0,12.014498351825988,1083.263844328595,35.3375257790447,302.7106577576344,13.710780754884407
2,240.0,21.049151096013468,0.96,0.0,0.0,0.0,0.0,0.04,0.0,0.0,299.9,80.07,0.8002667555851951,0.2628843648808975,29.390281019054576,14.376227157580578,1075.576545523502,49.88829150753289,0.9813673213451876,0.0,0.0,0.0,0.0,0.0186326786548123,0.0,0.0,0.6953280739113926,0.0,0.0,0.0,0.0,0.3046719260886074,0.0,0.0,10.986342040830795,1.0368876850089153,1.0,0.0,0.0,0.0,0.0,2.061911309703112,0.0,0.0,12.014498351825988,1083.263844328595,35.3375257790447,302.7106577576344,13.710780754884407
2,240.0,22.71735708062169,0.96,0.0,0.0,0.0,0.0,0.04,0.0,0.0,299.9,80.07,0.8002667555851951,0.2837187096368389,29.390281019054576,14.376227157580578,1073.790505172553,53.28841802757238,0.9771107534702984,0.0,0.0,0.0,0.0,0.0228892465297014,0.0,0.0,0.6530497321897321,0.0,0.0,0.0,0.0,0.3469502678102679,0.0,0.0,10.758898976146538,1.0501435166106667,1.0,0.0,0.0,0.0,0.0,2.041679157234489,0.0,0.0,12.014498351825988,1083.263844328595,35.3375257790447,302.7106577576344,13.710780754884407
2,240.0,24.38556306522991,0.96,0.0,0.0,0.0,0.0,0.04,0.0,0.0,299.9,80.07,0.8002667555851951,0.3045530543927802,29.390281019054576,14.376227157580578,1071.9895820146,56.724355818728206,0.9728459645271832,0.0,0.0,0.0,0.0,0.0271540354728167,0.0,0.0,0.6165227765254478,0.0,0.0,0.0,0.0,0.3834772234745521,0.0,0.0,10.533751948083053,1.0635785134108515,1.0,0.0,0.0,0.0,0.0,2.0217698126365806,0.0,0.0,12.014498351825988,1083.263844328595,35.3375257790447,302.7106577576344,13.710780754884407
2,240.0,26.05376904983813,0.96,0.0,0.0,0.0,0.0,0.04,0.0,0.0,299.9,80.07,0.8002667555851951,0.3253873991487215,29.390281019054576,14.376227157580578,1070.1734922102962,60.19692410906365,0.9685727506527932,0.0,0.0,0.0,0.0,0.0314272493472067,0.0,0.0,0.5846748307252879,0.0,0.0,0.0,0.0,0.4153251692747121,0.0,0.0,10.31088862765066,1.077212599748092,1.0,0.0,0.0,0.0,0.0,2.0021776867167893,0.0,0.0,12.014498351825988,1083.263844328595,35.3375257790447,302.7106577576344,13.710780754884407
2,240.0,27.721975034446352,0.96,0.0,0.0,0.0,0.0,0.04,0.0,0.0,299.9,80.07,0.8002667555851951,0.3462217439046628,29.390281019054576,14.376227157580578,1068.3419498076046,63.70697904468093,0.9642909134302564,0.0,0.0,0.0,0.0,0.0357090865697437,0.0,0.0,0.5566852838585987,0.0,0.0,0.0,0.0,0.4433147161414012,0.0,0.0,10.090297610248257,1.091043767399048,1.0,0.0,0.0,0.0,0.0,1.9828971088181724,0.0,0.0,12.014498351825988,1083.263844328595,35.3375257790447,302.7106577576344,13.710780754884407
2,240.0,29.390181019054577,0.96,0.0,0.0,0.0,0.0,0.04,0.0,0.0,299.9,80.07,0.8002667555851951,0.3670560886606042,29.390281019054576,14.376227157580578,1066.4946652922547,67.25541382154952,0.9600002573252684,0.0,0.0,0.0,0.0,0.0399997426747315,0.0,0.0,0.5319155671886868,0.0,0.0,0.0,0.0,0.4680844328113132,0.0,0.0,9.871968515119574,1.105081674985071,1.0,0.0,0.0,0.0,0.0,1.9639223595524544,0.0,0.0,12.014498351825988,1083.263844328595,35.3375257790447,302.7106577576344,13.710780754884407
2,245.0,16.99507733441319,0.96,0.0,0.0,0.0,0.0,0.04,0.0,0.0,299.9,80.07,0.8169389796598867,0.212252745527828,31.979473792605475,16.99497733441319,1061.80881643382,43.38487773706069,0.9979827939869133,0.0,0.0,0.0,0.0,0.0020172060130868,0.0,0.0,0.9599952464692671,0.0,0.0,0.0,0.0,0.0400047535307327,0.0,0.0,10.688306963041232,1.0427013610247189,1.0,0.0,0.0,0.0,0.0,1.9938191886197127,0.0,0.0,10.793959502416731,1062.6711211462375,41.80803719266337,302.7106577576344,16.191644196077288
2,245.0,18.659999163101222,0.96,0.0,0.0,0.0,0.0,0.04,0.0,0.0,299.9,80.07,0.8169389796598867,0.2330460742238194,31.979473792605475,16.99497733441319,1060.0109580903895,46.67681147702203,0.9937969121958398,0.0,0.0,0.0,0.0,0.0062030878041602,0.0,0.0,0.8876509622000713,0.0,0.0,0.0,0.0,0.1123490377999286,0.0,0.0,10.470951954506855,1.0557056285212902,1.0,0.0,0.0,0.0,0.0,1.9753098325258047,0.0,0.0,10.793959502416731,1062.6711211462375,41.80803719266337,302.7106577576344,16.191644196077288
2,245.0,20.32492099178925,0.96,0.0,0.0,0.0,0.0,0.04,0.0,0.0,299.9,80.07,0.8169389796598867,0.2538394029198108,31.979473792605475,16.99497733441319,1058.1980450442154,50.002112060182014,0.9896030553313095,0.0,0.0,0.0,0.0,0.0103969446686905,0.0,0.0,0.8267858814368115,0.0,0.0,0.0,0.0,0.1732141185631885,0.0,0.0,10.25571874692913,1.0688849254459825,1.0,0.0,0.0,0.0,0.0,1.9570741746603368,0.0,0.0,10.793959502416731,1062.6711211462375,41.80803719266337,302.7106577576344,16.191644196077288
2,245.0,21.98984282047729,0.96,0.0,0.0,0.0,0.0,0.04,0.0,0.0,299.9,80.07,0.8169389796598867,0.2746327316158022,31.979473792605475,16.99497733441319,1056.3697328353906,53.36149534927676,0.9854009271107388,0.0,0.0,0.0,0.0,0.0145990728892612,0.0,0.0,0.7749055146603289,0.0,0.0,0.0,0.0,0.2250944853396712,0.0,0.0,10.0425917841722,1.0822486363017596,1.0,0.0,0.0,0.0,0.0,1.9391077591065704,0.0,0.0,10.793959502416731,1062.6711211462375,41.80803719266337,302.7106577576344,16.191644196077288
2,245.0,23.654764649165315,0.96,0.0,0.0,0.0,0.0,0.04,0.0,0.0,299.9,80.07,0.8169389796598867,0.2954260603117936,31.979473792605475,16.99497733441319,1054.5256862526107,56.75571101495464,0.9811902585193536,0.0,0.0,0.0,0.0,0.0188097414806464,0.0,0.0,0.7301897888770721,0.0,0.0,0.0,0.0,0.2698102111229279,0.0,0.0,9.83155834114748,1.0958063043028006,1.0,0.0,0.0,0.0,0.0,1.9214061450851212,0.0,0.0,10.793959502416731,1062.6711211462375,41.80803719266337,302.7106577576344,16.191644196077288
2,245.0,25.31968647785335,0.96,0.0,0.0,0.0,0.0,0.04,0.0,0.0,299.9,80.07,0.8169389796598867,0.316219389007785,31.979473792605475,16.99497733441319,1052.6655735551053,60.18554442350697,0.9769707973683104,0.0,0.0,0.0,0.0,0.0230292026316896,0.0,0.0,0.6912797722944731,0.0,0.0,0.0,0.0,0.3087202277055269,0.0,0.0,9.62260739979584,1.1095676692235836,1.0,0.0,0.0,0.0,0.0,1.9039647698557671,0.0,0.0,10.793959502416731,1062.6711211462375,41.80803719266337,302.7106577576344,16.191644196077288
2,245.0,26.984608306541386,0.96,0.0,0.0,0.0,0.0,0.04,0.0,0.0,299.9,80.07,0.8169389796598867,0.3370127177037765,31.979473792605475,16.99497733441319,1050.7890627049123,63.6518174915553,0.9727423016231942,0.0,0.0,0.0,0.0,0.0272576983768057,0.0,0.0,0.6571404679611929,0.0,0.0,0.0,0.0,0.3428595320388072,0.0,0.0,9.415729243550958,1.123546078100656,1.0,0.0,0.0,0.0,0.0,1.886779105096404,0.0,0.0,10.793959502416731,1062.6711211462375,41.80803719266337,302.7106577576344,16.191644196077288
2,245.0,28.64953013522941,0.96,0.0,0.0,0.0,0.0,0.04,0.0,0.0,299.9,80.07,0.8169389796598867,0.3578060463997679,31.979473792605475,16.99497733441319,1048.895818811295,67.15538928682112,0.9685045350087148,0.0,0.0,0.0,0.0,0.0314954649912852,0.0,0.0,0.6269698179636026,0.0,0.0,0.0,0.0,0.3730301820363974,0.0,0.0,9.210911573878878,1.137753053284829,1.0,0.0,0.0,0.0,0.0,1.8698457880336328,0.0,0.0,10.793959502416731,1062.6711211462375,41.80803719266337,302.7106577576344,16.191644196077288
2,245.0,30.31445196391744,0.96,0.0,0.0,0.0,0.0,0.04,0.0,0.0,299.9,80.07,0.8169389796598867,0.3785993750957592,31.979473792605475,16.99497733441319,1046.985502334203,70.69715666297888,0.9642572640406508,0.0,0.0,0.0,0.0,0.0357427359593491,0.0,0.0,0.6001367354100345,0.0,0.0,0.0,0.0,0.3998632645899654,0.0,0.0,9.008155888328533,1.1521882711611446,1.0,0.0,0.0,0.0,0.0,1.853156980595121,0.0,0.0,10.793959502416731,1062.6711211462375,41.80803719266337,302.7106577576344,16.191644196077288
2,245.0,31.979373792605475,0.96,0.0,0.0,0.0,0.0,0.04,0.0,0.0,299.9,80.07,0.8169389796598867,0.3993927037917507,31.979473792605475,16.99497733441319,1045.057767687532,74.27805498159864,0.9600002558327326,0.0,0.0,0.0,0.0,0.0399997441672672,0.0,0.0,0.5761379106580834,0.0,0.0,0.0,0.0,0.4238620893419165,0.0,0.0,8.807445109401925,1.166868502517905,1.0,0.0,0.0,0.0,0.0,1.83671149894282,0.0,0.0,10.793959502416731,1062.6711211462375,41.80803719266337,302.7106577576344,16.191644196077288
2,250.0,19.95786418992861,0.96,0.0,0.0,0.0,0.0,0.04,0.0,0.0,299.9,80.07,0.8336112037345783,0.2492552040705459,34.82708311347432,19.95776418992861,1039.83020774713,51.2003473086637,0.9975851030971808,0.0,0.0,0.0,0.0,0.0024148969028191,0.0,0.0,0.9599960494720432,0.0,0.0,0.0,0.0,0.0400039505279567,0.0,0.0,9.48223288213523,1.10760873714357,1.0,0.0,0.0,0.0,0.0,1.8554816264007945,0.0,0.0,9.599114364051816,1040.9186176418627,49.27650279185157,302.7106577576344,18.99215487266697
2,250.0,21.60998851476702,0.96,0.0,0.0,0.0,0.0,0.04,0.0,0.0,299.9,80.07,0.8336112037345783,0.2698887038187464,34.82708311347432,19.95776418992861,1037.9552356929084,54.51807961785729,0.9934469673591614,0.0,0.0,0.0,0.0,0.0065530326408386,0.0,0.0,0.8995214575479233,0.0,0.0,0.0,0.0,0.1004785424520766,0.0,0.0,9.28379054413591,1.1211760534163582,1.0,0.0,0.0,0.0,0.0,1.8395947165668751,0.0,0.0,9.599114364051816,1040.9186176418627,49.27650279185157,302.7106577576344,18.99215487266697
2,250.0,23.26211283960544,0.96,0.0,0.0,0.0,0.0,0.04,0.0,0.0,299.9,80.07,0.8336112037345783,0.2905222035669469,34.82708311347432,19.95776418992861,1036.0635982588324,57.86982836520585,0.9893000183578567,0.0,0.0,0.0,0.0,0.010699981642143,0.0,0.0,0.8473518796789273,0.0,0.0,0.0,0.0,0.1526481203210726,0.0,0.0,9.087251840026395,1.1349508113893914,1.0,0.0,0.0,0.0,0.0,1.8239225066622105,0.0,0.0,9.599114364051816,1040.9186176418627,49.27650279185157,302.7106577576344,18.99215487266697
2,250.0,24.914237164443847,0.96,0.0,0.0,0.0,0.0,0.04,0.0,0.0,299.9,80.07,0.8336112037345783,0.3111557033151473,34.82708311347432,19.95776418992861,1034.154906327511,61.2563650711467,0.985143949934276,0.0,0.0,0.0,0.0,0.0148560500657238,0.0,0.0,0.8019179778650944,0.0,0.0,0.0,0.0,0.1980820221349056,0.0,0.0,8.892605705034129,1.148943095671885,1.0,0.0,0.0,0.0,0.0,1.808464297283273,0.0,0.0,9.599114364051816,1040.9186176418627,49.27650279185157,302.7106577576344,18.99215487266697
2,250.0,26.566361489282254,0.96,0.0,0.0,0.0,0.0,0.04,0.0,0.0,299.9,80.07,0.8336112037345783,0.3317892030633478,34.82708311347432,19.95776418992861,1032.228773332586,64.67849424458684,0.980978472256078,0.0,0.0,0.0,0.0,0.0190215277439219,0.0,0.0,0.762022944068153,0.0,0.0,0.0,0.0,0.2379770559318469,0.0,0.0,8.699843251187467,1.163163121314068,1.0,0.0,0.0,0.0,0.0,1.793225834826198,0.0,0.0,9.599114364051816,1040.9186176418627,49.27650279185157,302.7106577576344,18.99215487266697
2,250.0,28.21848581412067,0.96,0.0,0.0,0.0,0.0,0.04,0.0,0.0,299.9,80.07,0.8336112037345783,0.3524227028115483,34.82708311347432,19.95776418992861,1030.284811206653,68.137055828774,0.9768033051515536,0.0,0.0,0.0,0.0,0.0231966948484464,0.0,0.0,0.72673829148181,0.0,0.0,0.0,0.0,0.2732617085181899,0.0,0.0,8.508956783426807,1.177621777412274,1.0,0.0,0.0,0.0,0.0,1.778191375710677,0.0,0.0,9.599114364051816,1040.9186176418627,49.27650279185157,302.7106577576344,18.99215487266697
2,250.0,29.870610138959083,0.96,0.0,0.0,0.0,0.0,0.04,0.0,0.0,299.9,80.07,0.8336112037345783,0.3730562025597488,34.82708311347432,19.95776418992861,1028.3226278712966,71.6329274272803,0.9726181741056116,0.0,0.0,0.0,0.0,0.0273818258943884,0.0,0.0,0.69533275900801,0.0,0.0,0.0,0.0,0.3046672409919901,0.0,0.0,8.31993664326285,1.192335511478831,1.0,0.0,0.0,0.0,0.0,1.7633574049622789,0.0,0.0,9.599114364051816,1040.9186176418627,49.27650279185157,302.7106577576344,18.99215487266697
2,250.0,31.52273446379749,0.96,0.0,0.0,0.0,0.0,0.04,0.0,0.0,299.9,80.07,0.8336112037345783,0.3936897023079492,34.82708311347432,19.95776418992861,1026.3418238315733,75.16702346722782,0.9684228050383044,0.0,0.0,0.0,0.0,0.0315771949616957,0.0,0.0,0.6672226217352678,0.0,0.0,0.0,0.0,0.3327773782647322,0.0,0.0,8.132782208345981,1.207311101614586,1.0,0.0,0.0,0.0,0.0,1.7487203466753678,0.0,0.0,9.599114364051816,1040.9186176418627,49.27650279185157,302.7106577576344,18.99215487266697
2,250.0,33.17485878863591,0.96,0.0,0.0,0.0,0.0,0.04,0.0,0.0,299.9,80.07,0.8336112037345783,0.4143232020561497,34.82708311347432,19.95776418992861,1024.3419914898732,78.74029878036228,0.96421692346513,0.0,0.0,0.0,0.0,0.0357830765348699,0.0,0.0,0.6419363640027034,0.0,0.0,0.0,0.0,0.3580636359972965,0.0,0.0,7.947486005663732,1.2225613482911086,1.0,0.0,0.0,0.0,0.0,1.73427743896121,0.0,0.0,9.599114364051816,1040.9186176418627,49.27650279185157,302.7106577576344,18.99215487266697
2,250.0,34.82698311347432,0.96,0.0,0.0,0.0,0.0,0.04,0.0,0.0,299.9,80.07,0.8336112037345783,0.4349567018043502,34.82708311347432,19.95776418992861,1022.3227155806834,82.35375123458579,0.960000255395083,0.0,0.0,0.0,0.0,0.0399997446049169,0.0,0.0,0.6190890255082211,0.0,0.0,0.0,0.0,0.3809109744917788,0.0,0.0,7.7640459355608735,1.2380968346402237,1.0,0.0,0.0,0.0,0.0,1.7200230508658594,0.0,0.0,9.599114364051816,1040.9186176418627,49.27650279185157,302.7106577576344,18.99215487266697
2,255.0,23.294467317733496,0.96,0.0,0.0,0.0,0.0,0.04,0.0,0.0,299.9,80.07,0.8502834278092698,0.2909262809758148,37.95672791954815,23.294367317733496,1016.4090011178164,60.26288687488214,0.9971080258126304,0.0,0.0,0.0,0.0,0.0028919741873695,0.0,0.0,0.9599967061564714,0.0,0.0,0.0,0.0,0.0400032938435285,0.0,0.0,8.303420557695684,1.182370630023491,1.0,0.0,0.0,0.0,0.0,1.7295726561807665,0.0,0.0,8.432227805466914,1017.7913832278248,57.90987351738985,302.7106577576344,22.13772066860631
2,255.0,24.92359627349068,0.96,0.0,0.0,0.0,0.0,0.04,0.0,0.0,299.9,80.07,0.8502834278092698,0.3112725899024688,37.95672791954815,23.294367317733496,1014.446526191368,63.60604764835933,0.993026964978054,0.0,0.0,0.0,0.0,0.0069730350219459,0.0,0.0,0.9097007231188518,0.0,0.0,0.0,0.0,0.0902992768811482,0.0,0.0,8.123476360698868,1.196698221920402,1.0,0.0,0.0,0.0,0.0,1.715952586969658,0.0,0.0,8.432227805466914,1017.7913832278248,57.90987351738985,302.7106577576344,22.13772066860631
2,255.0,26.552725229247866,0.96,0.0,0.0,0.0,0.0,0.04,0.0,0.0,299.9,80.07,0.8502834278092698,0.3316188988291228,37.95672791954815,23.294367317733496,1012.46543884086,66.98414403661634,0.9889361422339584,0.0,0.0,0.0,0.0,0.0110638577660415,0.0,0.0,0.8653688262123342,0.0,0.0,0.0,0.0,0.1346311737876657,0.0,0.0,7.945236742948187,1.2112898956226743,1.0,0.0,0.0,0.0,0.0,1.702499128777916,0.0,0.0,8.432227805466914,1017.7913832278248,57.90987351738985,302.7106577576344,22.13772066860631
2,255.0,28.181854185005047,0.96,0.0,0.0,0.0,0.0,0.04,0.0,0.0,299.9,80.07,0.8502834278092698,0.3519652077557768,37.95672791954815,23.294367317733496,1010.4652898154612,70.39801649392884,0.984835233118215,0.0,0.0,0.0,0.0,0.0151647668817851,0.0,0.0,0.8260263457308253,0.0,0.0,0.0,0.0,0.1739736542691746,0.0,0.0,7.768694678142758,1.2261401873522046,1.0,0.0,0.0,0.0,0.0,1.6892271183138077,0.0,0.0,8.432227805466914,1017.7913832278248,57.90987351738985,302.7106577576344,22.13772066860631
2,255.0,29.81098314076223,0.96,0.0,0.0,0.0,0.0,0.04,0.0,0.0,299.9,80.07,0.8502834278092698,0.3723115166824308,37.95672791954815,23.294367317733496,1008.4456256578368,73.84854004358654,0.9807239204142024,0.0,0.0,0.0,0.0,0.0192760795857974,0.0,0.0,0.7909006087916427,0.0,0.0,0.0,0.0,0.2090993912083573,0.0,0.0,7.593844415642717,1.2412588129235118,1.0,0.0,0.0,0.0,0.0,1.6761165731696823,0.0,0.0,8.432227805466914,1017.7913832278248,57.90987351738985,302.7106577576344,22.13772066860631
2,255.0,31.44011209651941,0.96,0.0,0.0,0.0,0.0,0.04,0.0,0.0,299.9,80.07,0.8502834278092698,0.3926578256090847,37.95672791954815,23.294367317733496,1006.4059860294552,77.33662761682282,0.9766018903019744,0.0,0.0,0.0,0.0,0.0233981096980257,0.0,0.0,0.7593712881196915,0.0,0.0,0.0,0.0,0.2406287118803085,0.0,0.0,7.420678882983712,1.2566569964265888,1.0,0.0,0.0,0.0,0.0,1.6631637912606356,0.0,0.0,8.432227805466914,1017.7913832278248,57.90987351738985,302.7106577576344,22.13772066860631
2,255.0,33.069241052276595,0.96,0.0,0.0,0.0,0.0,0.04,0.0,0.0,299.9,80.07,0.8502834278092698,0.4130041345357387,37.95672791954815,23.294367317733496,1004.3459005848312,80.86323008271494,0.9724688280320124,0.0,0.0,0.0,0.0,0.0275311719679874,0.0,0.0,0.7309346570483619,0.0,0.0,0.0,0.0,0.2690653429516381,0.0,0.0,7.249197983386883,1.2723572581927949,1.0,0.0,0.0,0.0,0.0,1.6503660996944969,0.0,0.0,8.432227805466914,1017.7913832278248,57.90987351738985,302.7106577576344,22.13772066860631
2,255.0,34.69837000803378,0.96,0.0,0.0,0.0,0.0,0.04,0.0,0.0,299.9,80.07,0.8502834278092698,0.4333504434623926,37.95672791954815,23.294367317733496,1002.2648880260105,84.42934082010801,0.9683244168744174,0.0,0.0,0.0,0.0,0.0316755831255826,0.0,0.0,0.705177515413217,0.0,0.0,0.0,0.0,0.2948224845867829,0.0,0.0,7.079397194661052,1.2883682314879623,1.0,0.0,0.0,0.0,0.0,1.6377207946121912,0.0,0.0,8.432227805466914,1017.7913832278248,57.90987351738985,302.7106577576344,22.13772066860631
2,255.0,36.327498963790966,0.96,0.0,0.0,0.0,0.0,0.04,0.0,0.0,299.9,80.07,0.8502834278092698,0.4536967523890466,37.95672791954815,23.294367317733496,1000.16245395485,88.03599613945066,0.9641683354307706,0.0,0.0,0.0,0.0,0.0358316645692294,0.0,0.0,0.6817577588904908,0.0,0.0,0.0,0.0,0.3182422411095091,0.0,0.0,6.911274213389651,1.3046957116837972,1.0,0.0,0.0,0.0,0.0,1.6252335541387386,0.0,0.0,8.432227805466914,1017.7913832278248,57.90987351738985,302.7106577576344,22.13772066860631
2,255.0,37.95662791954815,0.96,0.0,0.0,0.0,0.0,0.04,0.0,0.0,299.9,80.07,0.8502834278092698,0.4740430613157006,37.95672791954815,23.294367317733496,998.0380894209992,91.68427744359396,0.9600002560410922,0.0,0.0,0.0,0.0,0.0399997439589077,0.0,0.0,0.6603897643968661,0.0,0.0,0.0,0.0,0.3396102356031339,0.0,0.0,6.744827705900076,1.3213691210032417,1.0,0.0,0.0,0.0,0.0,1.612904020267058,0.0,0.0,8.432227805466914,1017.7913832278248,57.90987351738985,302.7106577576344,22.13772066860631
2,260.0,27.03698908872464,0.96,0.0,0.0,0.0,0.0,0.04,0.0,0.0,299.9,80.07,0.8669556518839614,0.3376669050671242,41.39195636214264,27.03688908872464,991.24364762497,70.81282912540182,0.9965317805981458,0.0,0.0,0.0,0.0,0.0034682194018542,0.0,0.0,0.9599972475051958,0.0,0.0,0.0,0.0,0.0400027524948041,0.0,0.0,7.154688859975693,1.2699421924290684,1.0,0.0,0.0,0.0,0.0,1.6147618533844832,0.0,0.0,7.296085655146154,993.0143761526203,67.92140682303575,302.7106577576344,25.654931900849267
2,260.0,28.63197434132664,0.96,0.0,0.0,0.0,0.0,0.04,0.0,0.0,299.9,80.07,0.8669556518839614,0.3575867908246115,41.39195636214264,27.03688908872464,989.1809752743272,74.18273326284795,0.9925194263521584,0.0,0.0,0.0,0.0,0.0074805736478417,0.0,0.0,0.9184419534620932,0.0,0.0,0.0,0.0,0.0815580465379067,0.0,0.0,6.992933015452455,1.285333107132022,1.0,0.0,0.0,0.0,0.0,1.603118089693495,0.0,0.0,7.296085655146154,993.0143761526203,67.92140682303575,302.7106577576344,25.654931900849267
2,260.0,30.22695959392864,0.96,0.0,0.0,0.0,0.0,0.04,0.0,0.0,299.9,80.07,0.8669556518839614,0.3775066765820986,41.39195636214264,27.03688908872464,987.0973001839692,77.58886494133235,0.9884962309293046,0.0,0.0,0.0,0.0,0.0115037690706953,0.0,0.0,0.8811308422659422,0.0,0.0,0.0,0.0,0.1188691577340577,0.0,0.0,6.832699189695696,1.301015937616181,1.0,0.0,0.0,0.0,0.0,1.5916054348191926,0.0,0.0,7.296085655146154,993.0143761526203,67.92140682303575,302.7106577576344,25.654931900849267
2,260.0,31.82194484653064,0.96,0.0,0.0,0.0,0.0,0.04,0.0,0.0,299.9,80.07,0.8669556518839614,0.3974265623395858,41.39195636214264,27.03688908872464,984.992091078624,81.0321528374699,0.9844618410532928,0.0,0.0,0.0,0.0,0.0155381589467071,0.0,0.0,0.8474679078779231,0.0,0.0,0.0,0.0,0.1525320921220768,0.0,0.0,6.673983999047722,1.317018778350208,1.0,0.0,0.0,0.0,0.0,1.5802171625708503,0.0,0.0,7.296085655146154,993.0143761526203,67.92140682303575,302.7106577576344,25.654931900849267
2,260.0,33.416930099132635,0.96,0.0,0.0,0.0,0.0,0.04,0.0,0.0,299.9,80.07,0.8669556518839614,0.417346448097073,41.39195636214264,27.03688908872464,982.8648051135816,84.51356418180467,0.9804159029011512,0.0,0.0,0.0,0.0,0.0195840970988488,0.0,0.0,0.8169643259825184,0.0,0.0,0.0,0.0,0.1830356740174815,0.0,0.0,6.516784670843289,1.3333445699614692,1.0,0.0,0.0,0.0,0.0,1.5689507844409043,0.0,0.0,7.296085655146154,993.0143761526203,67.92140682303575,302.7106577576344,25.654931900849267
2,260.0,35.01191535173464,0.96,0.0,0.0,0.0,0.0,0.04,0.0,0.0,299.9,80.07,0.8669556518839614,0.4372663338545602,41.39195636214264,27.03688908872464,980.7148859221224,88.03410876532706,0.9763580598500228,0.0,0.0,0.0,0.0,0.0236419401499772,0.0,0.0,0.7892154716538965,0.0,0.0,0.0,0.0,0.2107845283461034,0.0,0.0,6.361096553199174,1.350010964326129,1.0,0.0,0.0,0.0,0.0,1.557814762965941,0.0,0.0,7.296085655146154,993.0143761526203,67.92140682303575,302.7106577576344,25.654931900849267
2,260.0,36.60690060433664,0.96,0.0,0.0,0.0,0.0,0.04,0.0,0.0,299.9,80.07,0.8669556518839614,0.4571862196120475,41.39195636214264,27.03688908872464,978.541760333261,91.59483808334784,0.9722879486110774,0.0,0.0,0.0,0.0,0.0277120513889226,0.0,0.0,0.7638835486742082,0.0,0.0,0.0,0.0,0.2361164513257919,0.0,0.0,6.20692219937406,1.3670365740441943,1.0,0.0,0.0,0.0,0.0,1.5468057858489273,0.0,0.0,7.296085655146154,993.0143761526203,67.92140682303575,302.7106577576344,25.654931900849267
2,260.0,38.20188585693863,0.96,0.0,0.0,0.0,0.0,0.04,0.0,0.0,299.9,80.07,0.8669556518839614,0.4771061053695345,41.39195636214264,27.03688908872464,976.3448379518978,95.1968521284908,0.9682051992254104,0.0,0.0,0.0,0.0,0.0317948007745894,0.0,0.0,0.7406844310578625,0.0,0.0,0.0,0.0,0.2593155689421376,0.0,0.0,6.054259565549038,1.3844341954943118,1.0,0.0,0.0,0.0,0.0,1.535911819999456,0.0,0.0,7.296085655146154,993.0143761526203,67.92140682303575,302.7106577576344,25.654931900849267
2,260.0,39.79687110954063,0.96,0.0,0.0,0.0,0.0,0.04,0.0,0.0,299.9,80.07,0.8669556518839614,0.4970259911270218,41.39195636214264,27.03688908872464,974.1235086106844,98.84129952156508,0.9641094323585944,0.0,0.0,0.0,0.0,0.0358905676414054,0.0,0.0,0.7193774278331352,0.0,0.0,0.0,0.0,0.2806225721668648,0.0,0.0,5.903108618918259,1.4022186342197458,1.0,0.0,0.0,0.0,0.0,1.5251307314949636,0.0,0.0,7.296085655146154,993.0143761526203,67.92140682303575,302.7106577576344,25.654931900849267
2,260.0,41.39185636214263,0.96,0.0,0.0,0.0,0.0,0.04,0.0,0.0,299.9,80.07,0.8669556518839614,0.516945876884509,41.39195636214264,27.03688908872464,971.8771407078756,102.52938051980342,0.9600002578532066,0.0,0.0,0.0,0.0,0.0399997421467934,0.0,0.0,0.6997573298836334,0.0,0.0,0.0,0.0,0.3002426701163667,0.0,0.0,5.753469826171015,1.4204176831601216,1.0,0.0,0.0,0.0,0.0,1.514479918456722,0.0,0.0,7.296085655146154,993.0143761526203,67.92140682303575,302.7106577576344,25.654931900849267
2,265.0,31.220575438484406,0.96,0.0,0.0,0.0,0.0,0.04,0.0,0.0,299.9,80.07,0.883627875958653,0.3899160164666468,45.155800289204194,31.220475438484407,963.9311913762456,83.17160124783148,0.9958291198844836,0.0,0.0,0.0,0.0,0.0041708801155164,0.0,0.0,0.95999769739652,0.0,0.0,0.0,0.0,0.0400023026034798,0.0,0.0,6.039578448503812,1.374706809465762,1.0,0.0,0.0,0.0,0.0,1.5099012754027967,0.0,0.0,6.194157229336726,966.2255774553212,79.59167899763797,302.7106577576344,29.571779036695137
2,265.0,32.76892264411994,0.96,0.0,0.0,0.0,0.0,0.04,0.0,0.0,299.9,80.07,0.883627875958653,0.4092534362947413,45.155800289204194,31.220475438484407,961.7524727490398,86.57163719956783,0.991900280671202,0.0,0.0,0.0,0.0,0.0080997193287981,0.0,0.0,0.9259651591568344,0.0,0.0,0.0,0.0,0.0740348408431656,0.0,0.0,5.8958175042500445,1.3915318101188277,1.0,0.0,0.0,0.0,0.0,1.499963527255998,0.0,0.0,6.194157229336726,966.2255774553212,79.59167899763797,302.7106577576344,29.571779036695137
2,265.0,34.31726984975547,0.96,0.0,0.0,0.0,0.0,0.04,0.0,0.0,299.9,80.07,0.883627875958653,0.4285908561228359,45.155800289204194,31.220475438484407,959.549758334128,90.00970913580272,0.9879593614000232,0.0,0.0,0.0,0.0,0.0120406385999767,0.0,0.0,0.8949178753266653,0.0,0.0,0.0,0.0,0.1050821246733346,0.0,0.0,5.753411512697554,1.4087262037796942,1.0,0.0,0.0,0.0,0.0,1.490137897844669,0.0,0.0,6.194157229336726,966.2255774553212,79.59167899763797,302.7106577576344,29.571779036695137
2,265.0,35.865617055391,0.96,0.0,0.0,0.0,0.0,0.04,0.0,0.0,299.9,80.07,0.883627875958653,0.4479282759509304,45.155800289204194,31.220475438484407,957.3224028749833,93.48686254949536,0.984005966641838,0.0,0.0,0.0,0.0,0.0159940333581618,0.0,0.0,0.8664985504845265,0.0,0.0,0.0,0.0,0.1335014495154735,0.0,0.0,5.612358233199708,1.4262965440304611,1.0,0.0,0.0,0.0,0.0,1.480405127151765,0.0,0.0,6.194157229336726,966.2255774553212,79.59167899763797,302.7106577576344,29.571779036695137
2,265.0,37.413964261026535,0.96,0.0,0.0,0.0,0.0,0.04,0.0,0.0,299.9,80.07,0.883627875958653,0.4672656957790251,45.155800289204194,31.220475438484407,955.0697409747784,97.0041891518554,0.980039693589259,0.0,0.0,0.0,0.0,0.0199603064107409,0.0,0.0,0.8404052679089327,0.0,0.0,0.0,0.0,0.1595947320910673,0.0,0.0,5.472658525144233,1.4442775912885166,1.0,0.0,0.0,0.0,0.0,1.470762022378114,0.0,0.0,6.194157229336726,966.2255774553212,79.59167899763797,302.7106577576344,29.571779036695137
2,265.0,38.96231146666207,0.96,0.0,0.0,0.0,0.0,0.04,0.0,0.0,299.9,80.07,0.883627875958653,0.4866031156071196,45.155800289204194,31.220475438484407,952.7910840669954,100.56282761216386,0.9760601290980344,0.0,0.0,0.0,0.0,0.0239398709019656,0.0,0.0,0.8163811792305821,0.0,0.0,0.0,0.0,0.1836188207694179,0.0,0.0,5.334312630799588,1.462674854683835,1.0,0.0,0.0,0.0,0.0,1.461226010213883,0.0,0.0,6.194157229336726,966.2255774553212,79.59167899763797,302.7106577576344,29.571779036695137
2,265.0,40.5106586722976,0.96,0.0,0.0,0.0,0.0,0.04,0.0,0.0,299.9,80.07,0.883627875958653,0.5059405354352141,45.155800289204194,31.220475438484407,950.485719121014,104.16396986260348,0.9720668488966668,0.0,0.0,0.0,0.0,0.0279331511033333,0.0,0.0,0.7942064650721024,0.0,0.0,0.0,0.0,0.2057935349278976,0.0,0.0,5.197321570432224,1.4815077664746952,1.0,0.0,0.0,0.0,0.0,1.4517766881448788,0.0,0.0,6.194157229336726,966.2255774553212,79.59167899763797,302.7106577576344,29.571779036695137
2,265.0,42.05900587793313,0.96,0.0,0.0,0.0,0.0,0.04,0.0,0.0,299.9,80.07,0.883627875958653,0.5252779552633088,45.155800289204194,31.220475438484407,948.1529060087096,107.80886259569635,0.9680594153079372,0.0,0.0,0.0,0.0,0.0319405846920627,0.0,0.0,0.7736919164579164,0.0,0.0,0.0,0.0,0.2263080835420836,0.0,0.0,5.061686984182131,1.500798009608355,1.0,0.0,0.0,0.0,0.0,1.4424174908002387,0.0,0.0,6.194157229336726,966.2255774553212,79.59167899763797,302.7106577576344,29.571779036695137
2,265.0,43.60735308356866,0.96,0.0,0.0,0.0,0.0,0.04,0.0,0.0,299.9,80.07,0.883627875958653,0.5446153750914033,45.155800289204194,31.220475438484407,945.791875451812,111.49881102780346,0.9640373757604336,0.0,0.0,0.0,0.0,0.0359626242395663,0.0,0.0,0.7546738240317107,0.0,0.0,0.0,0.0,0.2453261759682893,0.0,0.0,4.92741079936117,1.520567635048073,1.0,0.0,0.0,0.0,0.0,1.4331546588962705,0.0,0.0,6.194157229336726,966.2255774553212,79.59167899763797,302.7106577576344,29.571779036695137
2,265.0,45.15570028920419,0.96,0.0,0.0,0.0,0.0,0.04,0.0,0.0,299.9,80.07,0.883627875958653,0.5639527949194979,45.155800289204194,31.220475438484407,943.40182661315,115.23518223779418,0.9600002609892287,0.0,0.0,0.0,0.0,0.0399997390107711,0.0,0.0,0.7370098545784979,0.0,0.0,0.0,0.0,0.262990145421502,0.0,0.0,4.794495834117888,1.5408401782045629,1.0,0.0,0.0,0.0,0.0,1.423972659994785,0.0,0.0,6.194157229336726,966.2255774553212,79.59167899763797,302.7106577576344,29.571779036695137
2,270.0,35.884553103467674,0.96,0.0,0.0,0.0,0.0,0.04,0.0,0.0,299.9,80.07,0.9003001000333445,0.4481647696199285,49.2699943082349,35.88445310346767,933.9122444404928,97.78663711261316,0.9949609399917488,0.0,0.0,0.0,0.0,0.0050390600082512,0.0,0.0,0.9599980744899494,0.0,0.0,0.0,0.0,0.0400019255100505,0.0,0.0,4.962629379618122,1.5034625499279486,1.0,0.0,0.0,0.0,0.0,1.4139260877107942,0.0,0.0,5.130843724671824,936.9320241360858,93.30322734807504,302.7106577576344,33.91794976874195
2,270.0,37.3718132373307,0.96,0.0,0.0,0.0,0.0,0.04,0.0,0.0,299.9,80.07,0.9003001000333445,0.466739268606603,49.2699943082349,35.88445310346767,931.5971839653532,101.22288816212058,0.991134978775219,0.0,0.0,0.0,0.0,0.0088650212247809,0.0,0.0,0.9324615145475954,0.0,0.0,0.0,0.0,0.0675384854524044,0.0,0.0,4.836807666479902,1.5223003887193174,1.0,0.0,0.0,0.0,0.0,1.4055072100279828,0.0,0.0,5.130843724671824,936.9320241360858,93.30322734807504,302.7106577576344,33.91794976874195
2,270.0,38.85907337119372,0.96,0.0,0.0,0.0,0.0,0.04,0.0,0.0,299.9,80.07,0.9003001000333445,0.4853137675932775,49.2699943082349,35.88445310346767,929.254284769835,104.6997135421866,0.9872954988019952,0.0,0.0,0.0,0.0,0.0127045011980046,0.0,0.0,0.9069923460401011,0.0,0.0,0.0,0.0,0.0930076539598986,0.0,0.0,4.712185901713593,1.5415963464404492,1.0,0.0,0.0,0.0,0.0,1.3971554592675075,0.0,0.0,5.130843724671824,936.9320241360858,93.30322734807504,302.7106577576344,33.91794976874195
2,270.0,40.34633350505675,0.96,0.0,0.0,0.0,0.0,0.04,0.0,0.0,299.9,80.07,0.9003001000333445,0.5038882665799519,49.2699943082349,35.88445310346767,926.8827389347964,108.218319353327,0.9834420449792748,0.0,0.0,0.0,0.0,0.016557955020725,0.0,0.0,0.8833820371381526,0.0,0.0,0.0,0.0,0.1166179628618474,0.0,0.0,4.588765109157886,1.5613725338272184,1.0,0.0,0.0,0.0,0.0,1.388885482716469,0.0,0.0,5.130843724671824,936.9320241360858,93.30322734807504,302.7106577576344,33.91794976874195
2,270.0,41.83359363891977,0.96,0.0,0.0,0.0,0.0,0.04,0.0,0.0,299.9,80.07,0.9003001000333445,0.5224627655666264,49.2699943082349,35.88445310346767,924.4817067605574,111.77996919097563,0.9795741476880242,0.0,0.0,0.0,0.0,0.0204258523119757,0.0,0.0,0.8614496898356306,0.0,0.0,0.0,0.0,0.1385503101643693,0.0,0.0,4.466546200234946,1.5816511311942598,1.0,0.0,0.0,0.0,0.0,1.380678118169022,0.0,0.0,5.130843724671824,936.9320241360858,93.30322734807504,302.7106577576344,33.91794976874195
2,270.0,43.3208537727828,0.96,0.0,0.0,0.0,0.0,0.04,0.0,0.0,299.9,80.07,0.9003001000333445,0.5410372645533009,49.2699943082349,35.88445310346767,922.0503126001848,115.38598366029386,0.9756913193956754,0.0,0.0,0.0,0.0,0.0243086806043244,0.0,0.0,0.8410376098902782,0.0,0.0,0.0,0.0,0.1589623901097219,0.0,0.0,4.34553420995252,1.6024554777327602,1.0,0.0,0.0,0.0,0.0,1.3725500302971272,0.0,0.0,5.130843724671824,936.9320241360858,93.30322734807504,302.7106577576344,33.91794976874195
2,270.0,44.80811390664582,0.96,0.0,0.0,0.0,0.0,0.04,0.0,0.0,299.9,80.07,0.9003001000333445,0.5596117635399753,49.2699943082349,35.88445310346767,919.5876438309564,119.03775029517448,0.9717930546673692,0.0,0.0,0.0,0.0,0.0282069453326308,0.0,0.0,0.8220077746565791,0.0,0.0,0.0,0.0,0.1779922253434207,0.0,0.0,4.225731381231996,1.6238090243162724,1.0,0.0,0.0,0.0,0.0,1.3644824541383431,0.0,0.0,5.130843724671824,936.9320241360858,93.30322734807504,302.7106577576344,33.91794976874195
2,270.0,46.29537404050885,0.96,0.0,0.0,0.0,0.0,0.04,0.0,0.0,299.9,80.07,0.9003001000333445,0.5781862625266498,49.2699943082349,35.88445310346767,917.0927469781624,122.73672463956838,0.9678788273128494,0.0,0.0,0.0,0.0,0.0321211726871506,0.0,0.0,0.8042388690807551,0.0,0.0,0.0,0.0,0.1957611309192448,0.0,0.0,4.107140624251544,1.6457440878182032,1.0,0.0,0.0,0.0,0.0,1.3564914823280216,0.0,0.0,5.130843724671824,936.9320241360858,93.30322734807504,302.7106577576344,33.91794976874195
2,270.0,47.78263417437187,0.96,0.0,0.0,0.0,0.0,0.04,0.0,0.0,299.9,80.07,0.9003001000333445,0.5967607615133242,49.2699943082349,35.88445310346767,914.5646248698818,126.48443562320892,0.9639480887377598,0.0,0.0,0.0,0.0,0.0360519112622401,0.0,0.0,0.7876238679890188,0.0,0.0,0.0,0.0,0.2123761320109811,0.0,0.0,3.989767472382319,1.668295771146712,1.0,0.0,0.0,0.0,0.0,1.3485601543103882,0.0,0.0,5.130843724671824,936.9320241360858,93.30322734807504,302.7106577576344,33.91794976874195
2,270.0,49.269894308234896,0.96,0.0,0.0,0.0,0.0,0.04,0.0,0.0,299.9,80.07,0.9003001000333445,0.6153352604999988,49.2699943082349,35.88445310346767,912.0022331046708,130.2824902329264,0.9600002657226944,0.0,0.0,0.0,0.0,0.0399997342773056,0.0,0.0,0.7720680218942246,0.0,0.0,0.0,0.0,0.2279319781057753,0.0,0.0,3.873616268355614,1.6914810869338504,1.0,0.0,0.0,0.0,0.0,1.3407000984243012,0.0,0.0,5.130843724671824,936.9320241360858,93.30322734807504,302.7106577576344,33.91794976874195
2,275.0,41.07433943587891,0.96,0.0,0.0,0.0,0.0,0.04,0.0,0.0,299.9,80.07,0.916972324108036,0.5129803851115139,53.75348048344962,41.07423943587891,900.3717552351377,115.31327019108087,0.9938680419417106,0.0,0.0,0.0,0.0,0.0061319580582894,0.0,0.0,0.9599983936488716,0.0,0.0,0.0,0.0,0.0400016063511283,0.0,0.0,3.929833767568559,1.667464615951635,1.0,0.0,0.0,0.0,0.0,1.3259245907097827,0.0,0.0,4.11187312512685,904.4335281070778,109.60126774294156,302.7106577576344,38.72523437118672
2,275.0,42.48312177449788,0.96,0.0,0.0,0.0,0.0,0.04,0.0,0.0,299.9,80.07,0.916972324108036,0.5305747692581227,53.75348048344962,41.07423943587891,897.8935662997278,118.79553149752876,0.9901711937492688,0.0,0.0,0.0,0.0,0.0098288062507312,0.0,0.0,0.9380984292758022,0.0,0.0,0.0,0.0,0.0619015707241978,0.0,0.0,3.8220647079562378,1.689185652881158,1.0,0.0,0.0,0.0,0.0,1.318848391002979,0.0,0.0,4.11187312512685,904.4335281070778,109.60126774294156,302.7106577576344,38.72523437118672
2,275.0,43.89190411311685,0.96,0.0,0.0,0.0,0.0,0.04,0.0,0.0,299.9,80.07,0.916972324108036,0.5481691534047315,53.75348048344962,41.07423943587891,895.3824434169986,122.32197564259998,0.9864591340196504,0.0,0.0,0.0,0.0,0.0135408659803495,0.0,0.0,0.9175996469639752,0.0,0.0,0.0,0.0,0.0824003530360248,0.0,0.0,3.7153513852873576,1.711511818308676,1.0,0.0,0.0,0.0,0.0,1.3118205413933703,0.0,0.0,4.11187312512685,904.4335281070778,109.60126774294156,302.7106577576344,38.72523437118672
2,275.0,45.30068645173581,0.96,0.0,0.0,0.0,0.0,0.04,0.0,0.0,299.9,80.07,0.916972324108036,0.5657635375513403,53.75348048344962,41.07423943587891,892.8373376148201,125.89403947042598,0.9827313239097768,0.0,0.0,0.0,0.0,0.0172686760902233,0.0,0.0,0.8983849243195599,0.0,0.0,0.0,0.0,0.10161507568044,0.0,0.0,3.609697018522769,1.734460467412878,1.0,0.0,0.0,0.0,0.0,1.304847416087601,0.0,0.0,4.11187312512685,904.4335281070778,109.60126774294156,302.7106577576344,38.72523437118672
2,275.0,46.709468790354784,0.96,0.0,0.0,0.0,0.0,0.04,0.0,0.0,299.9,80.07,0.916972324108036,0.5833579216979491,53.75348048344962,41.07423943587891,890.2571499713279,129.5132332097881,0.9789872009708668,0.0,0.0,0.0,0.0,0.0210127990291331,0.0,0.0,0.8803502761106107,0.0,0.0,0.0,0.0,0.1196497238893893,0.0,0.0,3.5051061666595027,1.758060778238098,1.0,0.0,0.0,0.0,0.0,1.2979255669059406,0.0,0.0,4.11187312512685,904.4335281070778,109.60126774294156,302.7106577576344,38.72523437118672
2,275.0,48.11825112897375,0.96,0.0,0.0,0.0,0.0,0.04,0.0,0.0,299.9,80.07,0.916972324108036,0.6009523058445579,53.75348048344962,41.07423943587891,887.6407276540829,133.1811456039379,0.9752261769526932,0.0,0.0,0.0,0.0,0.0247738230473067,0.0,0.0,0.8634030897830747,0.0,0.0,0.0,0.0,0.1365969102169253,0.0,0.0,3.40158322825893,1.7823557253924336,1.0,0.0,0.0,0.0,0.0,1.2910514663361363,0.0,0.0,4.11187312512685,904.4335281070778,109.60126774294156,302.7106577576344,38.72523437118672
2,275.0,49.52703346759272,0.96,0.0,0.0,0.0,0.0,0.04,0.0,0.0,299.9,80.07,0.916972324108036,0.6185466899911667,53.75348048344962,41.07423943587891,884.9868597717575,136.89945009576525,0.9714476355848763,0.0,0.0,0.0,0.0,0.0285523644151234,0.0,0.0,0.84746064293225,0.0,0.0,0.0,0.0,0.1525393570677499,0.0,0.0,3.2991332655984325,1.807376711739453,1.0,0.0,0.0,0.0,0.0,1.2842293819237234,0.0,0.0,4.11187312512685,904.4335281070778,109.60126774294156,302.7106577576344,38.72523437118672
2,275.0,50.93581580621168,0.96,0.0,0.0,0.0,0.0,0.04,0.0,0.0,299.9,80.07,0.916972324108036,0.6361410741377754,53.75348048344962,41.07423943587891,882.2942728452225,140.66991101812852,0.967650930172172,0.0,0.0,0.0,0.0,0.032349069827828,0.0,0.0,0.8324488463479581,0.0,0.0,0.0,0.0,0.1675511536520419,0.0,0.0,3.197760327400126,1.8331641322932093,1.0,0.0,0.0,0.0,0.0,1.2774550828665423,0.0,0.0,4.11187312512685,904.4335281070778,109.60126774294156,302.7106577576344,38.72523437118672
2,275.0,52.34459814483065,0.96,0.0,0.0,0.0,0.0,0.04,0.0,0.0,299.9,80.07,0.916972324108036,0.6537354582843843,53.75348048344962,41.07423943587891,879.561625946298,144.49439051964723,0.9638353810608412,0.0,0.0,0.0,0.0,0.0361646189391587,0.0,0.0,0.8183011768758309,0.0,0.0,0.0,0.0,0.1816988231241691,0.0,0.0,3.0974790161981844,1.8597590157955997,1.0,0.0,0.0,0.0,0.0,1.2707279710626582,0.0,0.0,4.11187312512685,904.4335281070778,109.60126774294156,302.7106577576344,38.72523437118672
2,275.0,53.75338048344962,0.96,0.0,0.0,0.0,0.0,0.04,0.0,0.0,299.9,80.07,0.916972324108036,0.6713298424309931,53.75348048344962,41.07423943587891,876.7875049574294,148.3748555948562,0.9600002725236264,0.0,0.0,0.0,0.0,0.0399997274763737,0.0,0.0,0.8049577645336959,0.0,0.0,0.0,0.0,0.195042235466304,0.0,0.0,2.998289285903586,1.887207907134136,1.0,0.0,0.0,0.0,0.0,1.264046440523326,0.0,0.0,4.11187312512685,904.4335281070778,109.60126774294156,302.7106577576344,38.72523437118672
2,280.0,46.844952702383424,0.96,0.0,0.0,0.0,0.0,0.04,0.0,0.0,299.9,80.07,0.9336445481827276,0.5850499900385091,58.619278232081534,46.84485270238342,862.0432346764189,136.77857009696856,0.9924540968055144,0.0,0.0,0.0,0.0,0.0075459031944855,0.0,0.0,0.9599986671179388,0.0,0.0,0.0,0.0,0.0400013328820612,0.0,0.0,2.9494253036290954,1.8869830870021225,1.0,0.0,0.0,0.0,0.0,1.2450743298636038,0.0,0.0,3.1449654870637134,867.6798743518019,129.30886906724652,302.7106577576344,44.02808165538378
2,280.0,48.15319998346099,0.96,0.0,0.0,0.0,0.0,0.04,0.0,0.0,299.9,80.07,0.9336445481827276,0.6013887846067316,58.619278232081534,46.84485270238342,859.3652689782926,140.32206362673557,0.9889237142502316,0.0,0.0,0.0,0.0,0.0110762857497683,0.0,0.0,0.9430257603329222,0.0,0.0,0.0,0.0,0.0569742396670779,0.0,0.0,2.8600477500397994,1.913084504438539,1.0,0.0,0.0,0.0,0.0,1.239209715535254,0.0,0.0,3.1449654870637134,867.6798743518019,129.30886906724652,302.7106577576344,44.02808165538378
2,280.0,49.46144726453856,0.96,0.0,0.0,0.0,0.0,0.04,0.0,0.0,299.9,80.07,0.9336445481827276,0.6177275791749539,58.619278232081534,46.84485270238342,856.6473214214154,143.915006096734,0.9853761020998308,0.0,0.0,0.0,0.0,0.0146238979001691,0.0,0.0,0.926972999711244,0.0,0.0,0.0,0.0,0.073027000288756,0.0,0.0,2.771590303685876,1.9399982164599372,1.0,0.0,0.0,0.0,0.0,1.2333807448878304,0.0,0.0,3.1449654870637134,867.6798743518019,129.30886906724652,302.7106577576344,44.02808165538378
2,280.0,50.769694545616126,0.96,0.0,0.0,0.0,0.0,0.04,0.0,0.0,299.9,80.07,0.9336445481827276,0.6340663737431763,58.619278232081534,46.84485270238342,853.8879660298471,147.55918702847174,0.9818106026142176,0.0,0.0,0.0,0.0,0.0181893973857823,0.0,0.0,0.9117784057417974,0.0,0.0,0.0,0.0,0.0882215942582027,0.0,0.0,2.6840579502047324,1.9677732390372316,1.0,0.0,0.0,0.0,0.0,1.2275864663193143,0.0,0.0,3.1449654870637134,867.6798743518019,129.30886906724652,302.7106577576344,44.02808165538378
2,280.0,52.077941826693696,0.96,0.0,0.0,0.0,0.0,0.04,0.0,0.0,299.9,80.07,0.9336445481827276,0.6504051683113988,58.619278232081534,46.84485270238342,851.0856972068739,151.25649793525434,0.9782265227561938,0.0,0.0,0.0,0.0,0.0217734772438061,0.0,0.0,0.8973858276364819,0.0,0.0,0.0,0.0,0.1026141723635181,0.0,0.0,2.597457855714542,1.9964505349196149,1.0,0.0,0.0,0.0,0.0,1.221826673184209,0.0,0.0,3.1449654870637134,867.6798743518019,129.30886906724652,302.7106577576344,44.02808165538378
2,280.0,53.38618910777126,0.96,0.0,0.0,0.0,0.0,0.04,0.0,0.0,299.9,80.07,0.9336445481827276,0.6667439628796211,58.619278232081534,46.84485270238342,848.2389230580528,155.00893994819003,0.9746231310715312,0.0,0.0,0.0,0.0,0.0253768689284689,0.0,0.0,0.8837442981204715,0.0,0.0,0.0,0.0,0.1162557018795285,0.0,0.0,2.5117973680700088,2.026078640108783,1.0,0.0,0.0,0.0,0.0,1.21609997269816,0.0,0.0,3.1449654870637134,867.6798743518019,129.30886906724652,302.7106577576344,44.02808165538378
2,280.0,54.69443638884883,0.96,0.0,0.0,0.0,0.0,0.04,0.0,0.0,299.9,80.07,0.9336445481827276,0.6830827574478435,58.619278232081534,46.84485270238342,845.345959393738,158.81863677491455,0.970999655261,0.0,0.0,0.0,0.0,0.0290003447389999,0.0,0.0,0.8708074906302385,0.0,0.0,0.0,0.0,0.1291925093697614,0.0,0.0,2.4270832784467955,2.056732533028408,1.0,0.0,0.0,0.0,0.0,1.21040739266155,0.0,0.0,3.1449654870637134,867.6798743518019,129.30886906724652,302.7106577576344,44.02808165538378
2,280.0,56.0026836699264,0.96,0.0,0.0,0.0,0.0,0.04,0.0,0.0,299.9,80.07,0.9336445481827276,0.6994215520160659,58.619278232081534,46.84485270238342,842.4050181876677,162.68783505610386,0.9673552759117068,0.0,0.0,0.0,0.0,0.032644724088293,0.0,0.0,0.8585331983324638,0.0,0.0,0.0,0.0,0.1414668016675362,0.0,0.0,2.343323759624292,2.0884572925693385,1.0,0.0,0.0,0.0,0.0,1.2047460719144023,0.0,0.0,3.1449654870637134,867.6798743518019,129.30886906724652,302.7106577576344,44.02808165538378
2,280.0,57.31093095100396,0.96,0.0,0.0,0.0,0.0,0.04,0.0,0.0,299.9,80.07,0.9336445481827276,0.7157603465842883,58.619278232081534,46.84485270238342,839.4142030917471,166.6189271355164,0.9636891256528116,0.0,0.0,0.0,0.0,0.0363108743471883,0.0,0.0,0.8468829554799047,0.0,0.0,0.0,0.0,0.1531170445200952,0.0,0.0,2.260530846490648,2.1221303939596083,1.0000000000588645,0.0,0.0,0.0,0.0,1.1992711244131762,0.0,0.0,3.1449654870637134,867.6798743518019,129.30886906724652,302.7106577576344,44.02808165538378
2,280.0,58.61917823208153,0.96,0.0,0.0,0.0,0.0,0.04,0.0,0.0,299.9,80.07,0.9336445481827276,0.7320991411525107,58.619278232081534,46.84485270238342,836.3714962488393,170.61445536677763,0.9600002822292918,0.0,0.0,0.0,0.0,0.0399997177707081,0.0,0.0,0.8358216386488633,0.0,0.0,0.0,0.0,0.1641783613511367,0.0,0.0,2.1787081349030486,2.156338647652518,1.000000000044162,0.0,0.0,0.0,0.0,1.1936903842602664,0.0,0.0,3.1449654870637134,867.6798743518019,129.30886906724652,302.7106577576344,44.02808165538378
2,285.0,53.26837894464033,0.96,0.0,0.0,0.0,0.0,0.04,0.0,0.0,299.9,80.07,0.9503167722574192,0.6652726232626494,63.867151610423925,53.26827894464033,816.7709335716766,163.9544868881714,0.9905453520653394,0.0,0.0,0.0,0.0,0.0094546479346605,0.0,0.0,0.9599989057637708,0.0,0.0,0.0,0.0,0.0400010942362291,0.0,0.0,2.033408557085735,2.2044751648355687,1.0000000001230485,0.0,0.0,0.0,0.0,1.170844795797117,0.0,0.0,2.2410524707626744,824.9746819221486,153.77005765610247,302.7106577576344,49.86436423924916
2,285.0,54.44600924083851,0.96,0.0,0.0,0.0,0.0,0.04,0.0,0.0,299.9,80.07,0.9503167722574192,0.679980132894199,63.867151610423925,53.26827894464033,813.840924606437,167.58282273267386,0.9872386675376192,0.0,0.0,0.0,0.0,0.0127613324623808,0.0,0.0,0.947384960846416,0.0,0.0,0.0,0.0,0.0526150391535839,0.0,0.0,1.9630814628647737,2.2365274645377022,1.0,0.0,0.0,0.0,0.0,1.1659199408076355,0.0,0.0,2.2410524707626744,824.9746819221486,153.77005765610247,302.7106577576344,49.86436423924916
2,285.0,55.62363953703669,0.96,0.0,0.0,0.0,0.0,0.04,0.0,0.0,299.9,80.07,0.9503167722574192,0.6946876425257487,63.867151610423925,53.26827894464033,810.8605979494585,171.26866805833674,0.9839123271117196,0.0,0.0,0.0,0.0,0.0160876728882803,0.0,0.0,0.9353459290863232,0.0,0.0,0.0,0.0,0.0646540709136767,0.0,0.0,1.89354455075508,2.2709740881778253,1.0,0.0,0.0,0.0,0.0,1.1612029158937929,0.0,0.0,2.2410524707626744,824.9746819221486,153.77005765610247,302.7106577576344,49.86436423924916
2,285.0,56.80126983323486,0.96,0.0,0.0,0.0,0.0,0.04,0.0,0.0,299.9,80.07,0.9503167722574192,0.7093951521572982,63.867151610423925,53.26827894464033,807.8278894064001,175.01440177206047,0.9805654993128444,0.0,0.0,0.0,0.0,0.0194345006871557,0.0,0.0,0.9238522468036686,0.0,0.0,0.0,0.0,0.0761477531963313,0.0,0.0,1.824809917069185,2.3067152956204007,1.0,0.0,0.0,0.0,0.0,1.15651170900748,0.0,0.0,2.2410524707626744,824.9746819221486,153.77005765610247,302.7106577576344,49.86436423924916
2,285.0,57.97890012943304,0.96,0.0,0.0,0.0,0.0,0.04,0.0,0.0,299.9,80.07,0.9503167722574192,0.7241026617888477,63.867151610423925,53.26827894464033,804.7405982589854,178.82255810957375,0.9771972989579432,0.0,0.0,0.0,0.0,0.0228027010420568,0.0,0.0,0.9128766775693952,0.0,0.0,0.0,0.0,0.0871233224306048,0.0,0.0,1.7568879899740106,2.3459479675267034,1.0000000000316007,0.0,0.0,0.0,0.0,1.1521157674639018,0.0,0.0,2.2410524707626744,824.9746819221486,153.77005765610247,302.7106577576344,49.86436423924916
2,285.0,59.15653042563122,0.96,0.0,0.0,0.0,0.0,0.04,0.0,0.0,299.9,80.07,0.9503167722574192,0.7388101714203974,63.867151610423925,53.26827894464033,801.5963767227838,182.6958440506334,0.9738067834482528,0.0,0.0,0.0,0.0,0.0261932165517472,0.0,0.0,0.9023941218388544,0.0,0.0,0.0,0.0,0.0976058781611457,0.0,0.0,1.6897706386797986,2.384813647134985,1.0000000000105356,0.0,0.0,0.0,0.0,1.1474919856204406,0.0,0.0,2.2410524707626744,824.9746819221486,153.77005765610247,302.7106577576344,49.86436423924916
2,285.0,60.33416072182939,0.96,0.0,0.0,0.0,0.0,0.04,0.0,0.0,299.9,80.07,0.9503167722574192,0.753517681051947,63.867151610423925,53.26827894464033,798.392708457568,186.6371429591684,0.9703929429715232,0.0,0.0,0.0,0.0,0.0296070570284768,0.0,0.0,0.8923814108149122,0.0,0.0,0.0,0.0,0.1076185891850878,0.0,0.0,1.623459297260344,2.4223587398164423,1.0,0.0,0.0,0.0,0.0,1.1425525328867212,0.0,0.0,2.2410524707626744,824.9746819221486,153.77005765610247,302.7106577576344,49.86436423924916
2,285.0,61.511791018027566,0.96,0.0,0.0,0.0,0.0,0.04,0.0,0.0,299.9,80.07,0.9503167722574192,0.7682251906834966,63.867151610423925,53.26827894464033,795.1269023437404,190.6495540979984,0.9669546999840116,0.0,0.0,0.0,0.0,0.0330453000159884,0.0,0.0,0.8828172037726539,0.0,0.0,0.0,0.0,0.1171827962273461,0.0,0.0,1.5580297862651804,2.4674210067363136,1.000000000000353,0.0,0.0,0.0,0.0,1.1383113862345575,0.0,0.0,2.2410524707626744,824.9746819221486,153.77005765610247,302.7106577576344,49.86436423924916
2,285.0,62.68942131422575,0.96,0.0,0.0,0.0,0.0,0.04,0.0,0.0,299.9,80.07,0.9503167722574192,0.7829327003150462,63.867151610423925,53.26827894464033,791.7960684268988,194.73640043975809,0.963490898641944,0.0,0.0,0.0,0.0,0.0365091013580559,0.0,0.0,0.8736818173681437,0.0,0.0,0.0,0.0,0.1263181826318563,0.0,0.0,1.4934232263078926,2.511408265983275,1.0000000000003286,0.0,0.0,0.0,0.0,1.1337544068122287,0.0,0.0,2.2410524707626744,824.9746819221486,153.77005765610247,302.7106577576344,49.86436423924916
2,285.0,63.86705161042392,0.96,0.0,0.0,0.0,0.0,0.04,0.0,0.0,299.9,80.07,0.9503167722574192,0.7976402099465958,63.867151610423925,53.26827894464033,788.3970966958633,198.9012530322466,0.9600002964490576,0.0,0.0,0.0,0.0,0.0399997035509422,0.0,0.0,0.8649571068430245,0.0,0.0,0.0,0.0,0.1350428931569754,0.0,0.0,1.4296750494932584,2.557358004265447,1.0000000000005431,0.0,0.0,0.0,0.0,1.1292191264635385,0.0,0.0,2.2410524707626744,824.9746819221486,153.77005765610247,302.7106577576344,49.86436423924916
2,290.0,60.452591065457305,0.96,0.0,0.0,0.0,0.0,0.04,0.0,0.0,299.9,80.07,0.9669889963321108,0.7549967661478371,69.46323233777701,60.4524910654573,760.3243314868336,200.3937065145325,0.9877736983620232,0.0,0.0,0.0,0.0,0.0122263016379768,0.0,0.0,0.9599991213462752,0.0,0.0,0.0,0.0,0.0400008786537249,0.0,0.0,1.2009623142756092,2.72483315125105,1.000000000051682,0.0,0.0,0.0,0.0,1.1026626788915552,0.0,0.0,1.4167983026644004,773.2637021553837,185.44864903964933,302.7106577576344,56.27641671412855
2,290.0,61.45376231793728,0.96,0.0,0.0,0.0,0.0,0.04,0.0,0.0,299.9,80.07,0.9669889963321108,0.7675004660664079,69.46323233777701,60.4524910654573,757.0648329339296,204.14369785860364,0.9847895401531896,0.0,0.0,0.0,0.0,0.0152104598468103,0.0,0.0,0.9513278777085206,0.0,0.0,0.0,0.0,0.0486721222914794,0.0,0.0,1.1508695183907882,2.772454311315528,1.0000000000178246,0.0,0.0,0.0,0.0,1.099085961889385,0.0,0.0,1.4167983026644004,773.2637021553837,185.44864903964933,302.7106577576344,56.27641671412855
2,290.0,62.45493357041724,0.96,0.0,0.0,0.0,0.0,0.04,0.0,0.0,299.9,80.07,0.9669889963321108,0.7800041659849787,69.46323233777701,60.4524910654573,753.738468859189,207.96467207270445,0.9817828507210188,0.0,0.0,0.0,0.0,0.0182171492789811,0.0,0.0,0.9429853458410974,0.0,0.0,0.0,0.0,0.0570146541589025,0.0,0.0,1.101434276035921,2.822219280776125,1.0000000000289873,0.0,0.0,0.0,0.0,1.0955247663397758,0.0,0.0,1.4167983026644004,773.2637021553837,185.44864903964933,302.7106577576344,56.27641671412855
2,290.0,63.45610482289721,0.96,0.0,0.0,0.0,0.0,0.04,0.0,0.0,299.9,80.07,0.9669889963321108,0.7925078659035496,69.46323233777701,60.4524910654573,750.3419393588292,211.8601428045062,0.978752528247146,0.0,0.0,0.0,0.0,0.0212474717528537,0.0,0.0,0.9349602596903204,0.0,0.0,0.0,0.0,0.0650397403096797,0.0,0.0,1.052662285789007,2.8743121489545387,1.000000000013043,0.0,0.0,0.0,0.0,1.091979511912304,0.0,0.0,1.4167983026644004,773.2637021553837,185.44864903964933,302.7106577576344,56.27641671412855
2,290.0,64.45727607537718,0.96,0.0,0.0,0.0,0.0,0.04,0.0,0.0,299.9,80.07,0.9669889963321108,0.8050115658221204,69.46323233777701,60.4524910654573,746.8716728428142,215.8338811085096,0.9756973822639614,0.0,0.0,0.0,0.0,0.0243026177360386,0.0,0.0,0.9272421245848318,0.0,0.0,0.0,0.0,0.0727578754151682,0.0,0.0,1.0045801619020207,2.928907437997526,1.0000000000001734,0.0,0.0,0.0,0.0,1.0884500983658694,0.0,0.0,1.4167983026644004,773.2637021553837,185.44864903964933,302.7106577576344,56.27641671412855
2,290.0,65.45844732785714,0.96,0.0,0.0,0.0,0.0,0.04,0.0,0.0,299.9,80.07,0.9669889963321108,0.8175152657406912,69.46323233777701,60.4524910654573,743.3238105164879,219.89000830866092,0.9726161303737316,0.0,0.0,0.0,0.0,0.0273838696262681,0.0,0.0,0.9198212703442764,0.0,0.0,0.0,0.0,0.0801787296557234,0.0,0.0,0.9571836729720292,2.9862250010732,1.0000000002715468,0.0,0.0,0.0,0.0,1.0849370633631836,0.0,0.0,1.4167983026644004,773.2637021553837,185.44864903964933,302.7106577576344,56.27641671412855
2,290.0,66.45961858033711,0.96,0.0,0.0,0.0,0.0,0.04,0.0,0.0,299.9,80.07,0.9669889963321108,0.830018965659262,69.46323233777701,60.4524910654573,739.6941627966879,224.0329832155153,0.9695073832707246,0.0,0.0,0.0,0.0,0.0304926167292753,0.0,0.0,0.912688742319642,0.0,0.0,0.0,0.0,0.0873112576803578,0.0,0.0,0.9104841589884046,3.0464931311406875,1.0000000000002145,0.0,0.0,0.0,0.0,1.081440232063639,0.0,0.0,1.4167983026644004,773.2637021553837,185.44864903964933,302.7106577576344,56.27641671412855
2,290.0,67.46078983281708,0.96,0.0,0.0,0.0,0.0,0.04,0.0,0.0,299.9,80.07,0.9669889963321108,0.8425226655778331,69.46323233777701,60.4524910654573,735.9781442366904,228.26763246185004,0.9663696218472152,0.0,0.0,0.0,0.0,0.0336303781527847,0.0,0.0,0.905836262183142,0.0,0.0,0.0,0.0,0.0941637378168579,0.0,0.0,0.8645077626916673,3.1099784560753734,1.0000000000542149,0.0,0.0,0.0,0.0,1.07795958332872,0.0,0.0,1.4167983026644004,773.2637021553837,185.44864903964933,302.7106577576344,56.27641671412855
2,290.0,68.46196108529705,0.96,0.0,0.0,0.0,0.0,0.04,0.0,0.0,299.9,80.07,0.9669889963321108,0.8550263654964039,69.46323233777701,60.4524910654573,732.1707775140319,232.5992617946,0.9632012034165908,0.0,0.0,0.0,0.0,0.0367987965834092,0.0,0.0,0.8992562888990017,0.0,0.0,0.0,0.0,0.1007437111009983,0.0,0.0,0.8192583939703958,3.1769746301650854,1.0000000000003817,0.0,0.0,0.0,0.0,1.0744962913430411,0.0,0.0,1.4167983026644004,773.2637021553837,185.44864903964933,302.7106577576344,56.27641671412855
2,290.0,69.46313233777701,0.96,0.0,0.0,0.0,0.0,0.04,0.0,0.0,299.9,80.07,0.9669889963321108,0.8675300654149746,69.46323233777701,60.4524910654573,728.266575557021,237.03364514934955,0.960000318637399,0.0,0.0,0.0,0.0,0.039999681362601,0.0,0.0,0.8929419121167702,0.0,0.0,0.0,0.0,0.1070580878832297,0.0,0.0,0.7747591351382119,3.247829093823833,1.0000000005093796,0.0,0.0,0.0,0.0,1.0710495128832311,0.0,0.0,1.4167983026644004,773.2637021553837,185.44864903964933,302.7106577576344,56.27641671412855
3,200.0,2.651733405181516,0.9900000000000002,0.002314011373365,0.0009525909552947,0.0027509956104358,0.0025470224013241,0.0014353796595803,0.0,0.0,302.07,77.05,0.6620981891614527,0.0344157482826932,15.251918921279907,2.651633405181516,1221.8732146487114,7.290028419724564,0.9999310241862364,1.5344405486168206e-06,3.7780445015985855e-06,1.6306314290377092e-05,3.487597526007872e-05,1.2481039163027908e-05,0.0,0.0,0.9899642087346217,0.0023223455062834,0.0009560104630965,0.0027608513905135,0.002556076140165,0.0014405077653199,0.0,0.0,22.531244695310917,0.6827202379375635,1.0000000107425029,1.633122662434573,5.251657608880608,5.380118925750916,5.239708369803133,4.16049047995712,0.0,0.0,22.53960113748808,1221.920496490378,7.249541730897533,302.7106577576344,2.6239816647333654
3,200.0,4.051742906970226,0.9900000000000002,0.002314011373365,0.0009525909552947,0.0027509956104358,0.0025470224013241,0.0014353796595803,0.0,0.0,302.07,77.05,0.6620981891614527,0.0525858910703468,15.251918921279907,2.651633405181516,1220.0572261737798,9.213462944793967,0.997001518935248,0.0001073810277101,0.0002144845159234,0.0008340831386623,0.0012821738242832,0.0005603585581727,0.0,0.0,0.660341570056268,0.1062106517941493,0.0357054798905113,0.0930066046616463,0.06210095632339,0.0426347372740349,0.0,0.0,22.17253009136248,0.694553830695218,1.0000000043616422,1.607866083910508,5.130267981176724,5.271002609924235,5.142489680544314,4.092015539154388,0.0,0.0,22.53960113748808,1221.920496490378,7.249541730897533,302.7106577576344,2.6239816647333654
3,200.0,5.451752408758936,0.9900000000000002,0.002314011373365,0.0009525909552947,0.0027509956104358,0.0025470224013241,0.0014353796595803,0.0,0.0,302.07,77.05,0.6620981891614527,0.0707560338580004,15.251918921279907,2.651633405181516,1219.014477879025,10.751460554302856,0.9949979764803548,0.0002759348420062,0.0004249073295755,0.0015038847178925,0.0018789401292985,0.000918356500872,0.0,0.0,0.4986709432244057,0.2026683395149574,0.0528268442895348,0.1253489752000322,0.0682232483405643,0.0522616494305056,0.0,0.0,21.918414818784047,0.7034112881744982,1.0000000026717095,1.590196160415296,5.0423862255688405,5.19076470740238,5.074783969464364,4.044240690178122,0.0,0.0,22.53960113748808,1221.920496490378,7.249541730897533,302.7106577576344,2.6239816647333654
3,200.0,6.851761910547646,0.9900000000000002,0.002314011373365,0.0009525909552947,0.0027509956104358,0.0025470224013241,0.0014353796595803,0.0,0.0,302.07,77.05,0.6620981891614527,0.088926176645654,15.251918921279907,2.651633405181516,1218.3882864425022,11.860641161696297,0.9936541444391366,0.0005022245777678,0.0005922256556085,0.0019563328953021,0.0021697061471536,0.0011253662850313,0.0,0.0,0.4024620979476677,0.2936252692017014,0.0588945458168595,0.1305222077957957,0.0632144656504859,0.0512814135874897,0.0,0.0,21.739486298734967,0.7100169765541295,1.0000000018184647,1.57763473358883,4.977755696492936,5.130771468737032,5.028094923143741,4.010736214621838,0.0,0.0,22.53960113748808,1221.920496490378,7.249541730897533,302.7106577576344,2.6239816647333654
3,200.0,8.251771412336357,0.9900000000000002,0.002314011373365,0.0009525909552947,0.0027509956104358,0.0025470224013241,0.0014353796595803,0.0,0.0,302.07,77.05,0.6620981891614527,0.1070963194333076,15.251918921279907,2.651633405181516,1217.977724432577,12.654983548834217,0.9927124795986269,0.0007685189251608,0.0007108428323891,0.0022421679575822,0.0023218542590451,0.0012441364271959,0.0,0.0,0.3385296604758916,0.3735029745911075,0.0590144955640377,0.1249587806686508,0.0566268267894481,0.0473672619108642,0.0,0.0,21.60731457487957,0.715199471698211,1.0000000012597186,1.5682259136824792,4.92789432283158,5.083527269016861,4.99441689232842,3.985965428544024,0.0,0.0,22.53960113748808,1221.920496490378,7.249541730897533,302.7106577576344,2.6239816647333654
3,200.0,9.651780914125066,0.9900000000000002,0.002314011373365,0.0009525909552947,0.0027509956104358,0.0025470224013241,0.0014353796595803,0.0,0.0,302.07,77.05,0.6620981891614527,0.1252664622209612,15.251918921279907,2.651633405181516,1217.6787236898576,13.25625163811486,0.991996856821289,0.0010587450818829,0.0007931941513721,0.0024258486981889,0.0024093016000852,0.0013160536471817,0.0,0.0,0.2929143618077931,0.4405167380636543,0.0565966519633613,0.1162570018565539,0.0506241762565421,0.0430910700520952,0.0,0.0,21.501918828869428,0.719543103700572,1.000000000522218,1.5605333494116356,4.88623831828939,5.043760182768332,4.968291072481903,3.966164049550276,0.0,0.0,22.53960113748808,1221.920496490378,7.249541730897533,302.7106577576344,2.6239816647333654
3,200.0,11.051790415913777,0.9900000000000002,0.002314011373365,0.0009525909552947,0.0027509956104358,0.0025470224013241,0.0014353796595803,0.0,0.0,302.07,77.05,0.6620981891614527,0.1434366050086148,15.251918921279907,2.651633405181516,1217.4401789745896,13.743110780393597,0.9914091086167875,0.0013628971169522,0.0008516489030691,0.0025495408044298,0.0024641612726402,0.0013626432861209,0.0,0.0,0.2587130686070887,0.4959150139432084,0.0533386190734341,0.1073002582743303,0.0455495701148829,0.0391834699870555,0.0,0.0,21.41193922433829,0.7234064462763634,1.0000000001885316,1.553935955871261,4.8493843493056525,5.008495792059478,4.946505634128426,3.949221291387455,0.0,0.0,22.53960113748808,1221.920496490378,7.249541730897533,302.7106577576344,2.6239816647333654
3,200.0,12.451799917702486,0.9900000000000002,0.002314011373365,0.0009525909552947,0.0027509956104358,0.0025470224013241,0.0014353796595803,0.0,0.0,302.07,77.05,0.6620981891614527,0.1616067477962685,15.251918921279907,2.651633405181516,1217.236637106511,14.160194159376465,0.9908972151125952,0.0016753689962573,0.000894564213731,0.0026370193280641,0.0025011190325501,0.001394713316802,0.0,0.0,0.2321123932635431,0.5417823461705499,0.0499684263698431,0.0990280318068921,0.0413221096829212,0.0357866927062504,0.0,0.0,21.33127726517741,0.7269847214994349,1.0,1.5479092079843055,4.815509399578499,4.975905182407712,4.927264378626622,3.934012275377365,0.0,0.0,22.53960113748808,1221.920496490378,7.249541730897533,302.7106577576344,2.6239816647333654
3,200.0,13.851809419491197,0.9900000000000002,0.002314011373365,0.0009525909552947,0.0027509956104358,0.0025470224013241,0.0014353796595803,0.0,0.0,302.07,77.05,0.6620981891614527,0.1797768905839221,15.251918921279907,2.651633405181516,1217.0547273122197,14.532705306616426,0.9904329031848822,0.0019930118430321,0.0009271347072015,0.0027015949782017,0.0025274418093351,0.0014179134773471,0.0,0.0,0.2108305569457486,0.5800714268984949,0.0467705274863601,0.0916657101437532,0.0377895419472073,0.0328722365784356,0.0,0.0,21.256589496444512,0.7303573806819259,1.0,1.5422405490896056,4.783616211364601,4.945095965105086,4.909649823806389,3.9199232516690814,0.0,0.0,22.53960113748808,1221.920496490378,7.249541730897533,302.7106577576344,2.6239816647333654
3,200.0,15.251818921279908,0.9900000000000002,0.002314011373365,0.0009525909552947,0.0027509956104358,0.0025470224013241,0.0014353796595803,0.0,0.0,302.07,77.05,0.6620981891614527,0.1979470333715757,15.251918921279907,2.651633405181516,1216.886972182439,14.8753891657469,0.9900000300497692,0.0023139883601369,0.0009525893374447,0.002750992500461,0.0025470211841774,0.0014353785680107,0.0,0.0,0.1934173516216401,0.6123665600075089,0.0438398162775013,0.085192625235741,0.0348120931537615,0.0303715537038471,0.0,0.0,21.18596061787229,0.7335833055537918,1.0000000006256005,1.5368131872998412,4.753132277295634,4.915554691237112,4.893136283054374,3.9066428857293696,0.0,0.0,22.53960113748808,1221.920496490378,7.249541730897533,302.7106577576344,2.6239816647333654
3,205.0,3.390445709005006,0.9900000000000002,0.002314011373365,0.0009525909552947,0.0027509956104358,0.0025470224013241,0.0014353796595803,0.0,0.0,302.07,77.05,0.678650643890489,0.0440031889552888,15.092737962620484,3.3903457090050058,1206.2166660389848,9.175452286460247,0.9999098089053248,2.1535657796952007e-06,5.14167196754412e-06,2.261560930870532e-05,4.4897330476428606e-05,1.538291714267179e-05,0.0,0.0,0.9899722452133616,0.0023204862833053,0.0009552445132957,0.0027586370902588,0.0025540302001775,0.001439356699601,0.0,0.0,21.14799574675381,0.7105762543340497,1.0,1.5605925430271457,4.772997088894612,4.638461819339095,4.505978796675302,3.8005397860600905,0.0,0.0,21.15779579629945,1206.2779501886548,9.12387059747945,302.7106577576344,3.35468958110042
3,205.0,4.690689292740059,0.9900000000000002,0.002314011373365,0.0009525909552947,0.0027509956104358,0.0025470224013241,0.0014353796595803,0.0,0.0,302.07,77.05,0.678650643890489,0.0608785112620384,15.092737962620484,3.3903457090050058,1204.4773054668965,10.944378913627189,0.9971023945622296,0.0001076322559336,0.0002100950401303,0.0008301422137569,0.0012315143753422,0.0005182215526074,0.0,0.0,0.7279321313249185,0.0837261418496755,0.0283495935129778,0.0736276487299311,0.0510873254742396,0.0352771591082574,0.0,0.0,20.84024218376793,0.7210487974640316,1.0,1.5406551500463173,4.678214201570545,4.569068066925236,4.433576931663128,3.7469747967724016,0.0,0.0,21.15779579629945,1206.2779501886548,9.12387059747945,302.7106577576344,3.35468958110042
3,205.0,5.990932876475112,0.9900000000000002,0.002314011373365,0.0009525909552947,0.0027509956104358,0.0025470224013241,0.0014353796595803,0.0,0.0,302.07,77.05,0.678650643890489,0.0777538335687879,15.092737962620484,3.3903457090050058,1203.4251724853648,12.377259729113293,0.995115233616244,0.0002734381464711,0.0004157767132439,0.0014908990165331,0.0018326636608307,0.0008719888466769,0.0,0.0,0.578472301280554,0.1664809814733065,0.0441400475299959,0.104127528992255,0.0600181821938678,0.0467609585300205,0.0,0.0,20.61589437127684,0.7290370383624286,1.0,1.526268905847861,4.607622524107101,4.519610844952704,4.381926075450468,3.708358195176497,0.0,0.0,21.15779579629945,1206.2779501886548,9.12387059747945,302.7106577576344,3.35468958110042
3,205.0,7.291176460210165,0.9900000000000002,0.002314011373365,0.0009525909552947,0.0027509956104358,0.0025470224013241,0.0014353796595803,0.0,0.0,302.07,77.05,0.678650643890489,0.0946291558755375,15.092737962620484,3.3903457090050058,1202.7707019229465,13.427939595175658,0.9937493119527838,0.0004967024163131,0.0005827145276429,0.0019436406056066,0.0021379985493543,0.0010896319482989,0.0,0.0,0.4816995909975204,0.248689585821756,0.0510973486664122,0.1122054460090428,0.0579990610330013,0.0483089674722671,0.0,0.0,20.454924525534977,0.7350885098605794,1.0,1.5158480856569243,4.555151750927097,4.485053088099899,4.345654981077259,3.6808222492882448,0.0,0.0,21.15779579629945,1206.2779501886548,9.12387059747945,302.7106577576344,3.35468958110042
3,205.0,8.591420043945218,0.9900000000000002,0.002314011373365,0.0009525909552947,0.0027509956104358,0.0025470224013241,0.0014353796595803,0.0,0.0,302.07,77.05,0.678650643890489,0.111504478182287,15.092737962620484,3.3903457090050058,1202.333987123944,14.187831468212742,0.9927814422586568,0.0007613082153332,0.0007032174539924,0.002233021587792,0.0023015350906465,0.0012194753935787,0.0,0.0,0.4138061367277947,0.3239665743042702,0.0526119344724389,0.1100526849598597,0.0534013162423481,0.0461613532932881,0.0,0.0,20.33516325771904,0.7398408510314134,1.0,1.508020798278789,4.514412130947095,4.459703901923447,4.319337906349896,3.6604494069128544,0.0,0.0,21.15779579629945,1206.2779501886548,9.12387059747945,302.7106577576344,3.35468958110042
3,205.0,9.891663627680272,0.9900000000000002,0.002314011373365,0.0009525909552947,0.0027509956104358,0.0025470224013241,0.0014353796595803,0.0,0.0,302.07,77.05,0.678650643890489,0.1283798004890366,15.092737962620484,3.3903457090050058,1202.013910136961,14.764663512351476,0.992044548438878,0.0010513420786893,0.0007877738717871,0.0024199834402336,0.0023965529851469,0.0012997991852647,0.0,0.0,0.3634865158071685,0.3892353110343446,0.0514576918760013,0.104183460657516,0.0486555500356016,0.0429814705893677,0.0,0.0,20.23968106425422,0.7438142895047498,1.0,1.5016421383298653,4.480470660168554,4.439727324821297,4.298870923251099,3.644180548942116,0.0,0.0,21.15779579629945,1206.2779501886548,9.12387059747945,302.7106577576344,3.35468958110042
3,205.0,11.191907211415325,0.9900000000000002,0.002314011373365,0.0009525909552947,0.0027509956104358,0.0025470224013241,0.0014353796595803,0.0,0.0,302.07,77.05,0.678650643890489,0.1452551227957861,15.092737962620484,3.3903457090050058,1201.7582013636527,15.231488113240587,0.9914405467746766,0.0013564215292004,0.0008481117015186,0.0025460521527937,0.0024564302757339,0.0013524375660765,0.0,0.0,0.3246780280042411,0.444580499822311,0.0492067291595574,0.0974049060443013,0.0443873379707175,0.0397424989988715,0.0,0.0,20.1583773085325,0.7473344220141265,1.0,1.4961709792201727,4.450542994814927,4.422870308720399,4.281812146169474,3.63030465100754,0.0,0.0,21.15779579629945,1206.2779501886548,9.12387059747945,302.7106577576344,3.35468958110042
3,205.0,12.492150795150376,0.9900000000000002,0.002314011373365,0.0009525909552947,0.0027509956104358,0.0025470224013241,0.0014353796595803,0.0,0.0,302.07,77.05,0.678650643890489,0.1621304451025357,15.092737962620484,3.3903457090050058,1201.5400847670214,15.630806723787972,0.9909160085987432,0.0016705831572627,0.000892512088107,0.0026351572520466,0.0024968324984836,0.0013889064053569,0.0,0.0,0.2938286526358167,0.4913228359092569,0.0466128456467006,0.0907887565516741,0.0406916122364787,0.036755297020073,0.0,0.0,20.085688148035747,0.7505875296226613,1.0,1.4912183705271675,4.423100462262406,4.407901794972482,4.266818066597176,3.617885626338264,0.0,0.0,21.15779579629945,1206.2779501886548,9.12387059747945,302.7106577576344,3.35468958110042
3,205.0,13.79239437888543,0.9900000000000002,0.002314011373365,0.0009525909552947,0.0027509956104358,0.0025470224013241,0.0014353796595803,0.0,0.0,302.07,77.05,0.678650643890489,0.1790057674092852,15.092737962620484,3.3903457090050058,1201.345285410744,15.986914893588503,0.9904414827263206,0.0019904351884419,0.0009262353435931,0.0027008386729212,0.0025256169493355,0.0014153911193874,0.0,0.0,0.2687152073517612,0.5309656834178913,0.0440118111419791,0.0846962997372479,0.0375187802496408,0.0340922181014795,0.0,0.0,20.018522974659383,0.7536393882816356,1.0,1.48657152493091,4.397297388796982,4.394143046025358,4.253144833604422,3.606405431901463,0.0,0.0,21.15779579629945,1206.2779501886548,9.12387059747945,302.7106577576344,3.35468958110042
3,205.0,15.092637962620485,0.9900000000000002,0.002314011373365,0.0009525909552947,0.0027509956104358,0.0025470224013241,0.0014353796595803,0.0,0.0,302.07,77.05,0.678650643890489,0.1958810897160348,15.092737962620484,3.3903457090050058,1201.1657582195492,16.314106661024297,0.9900000329706938,0.0023139863819392,0.0009525891519394,0.002750992213522,0.0025470209688621,0.0014353783130433,0.0,0.0,0.247873522486584,0.5648377772243355,0.0415437196710446,0.0792110073001902,0.034789836643176,0.0317441366746696,0.0,0.0,19.955095342964984,0.756579778353551,1.0,1.4821273416600054,4.372646368849846,4.381202678240725,4.240362190710603,3.5955659126936137,0.0,0.0,21.15779579629945,1206.2779501886548,9.12387059747945,302.7106577576344,3.35468958110042
3,210.0,4.278797862527807,0.9900000000000002,0.002314011373365,0.0009525909552947,0.0027509956104358,0.0025470224013241,0.0014353796595803,0.0,0.0,302.07,77.05,0.6952030986195253,0.0555327431866035,15.19148810277872,4.278697862527807,1190.2155769639685,11.419820941796903,0.9998836442143,2.9814663653291503e-06,6.877089533270324e-06,3.054986812381527e-05,5.7098918877049456e-05,1.8848442800594924e-05,0.0,0.0,0.9899782188283728,0.002319104326728,0.000954675080904,0.0027569908177025,0.0025525095930454,0.001438501353247,0.0,0.0,19.78251817823389,0.7404815860172349,1.0,1.495408492926368,4.350856627221396,3.9980642620457423,3.906003881968021,3.4806281436571886,0.0,0.0,19.793904820789816,1190.2941504876192,11.354703713715036,302.7106577576344,4.233266563955471
3,210.0,5.491307889222353,0.9900000000000002,0.002314011373365,0.0009525909552947,0.0027509956104358,0.0025470224013241,0.0014353796595803,0.0,0.0,302.07,77.05,0.6952030986195253,0.0712694080366301,15.19148810277872,4.278697862527807,1188.548092879149,13.057975835237755,0.9971959156624915,0.0001084257535097,0.0002060557874126,0.0008221472943558,0.0011856886600939,0.0004817668421363,0.0,0.0,0.783387606952348,0.0656417856780482,0.0223874471660656,0.05813296297958,0.0416342539927365,0.0288159432312216,0.0,0.0,19.5174236358977,0.7498370759723677,1.0,1.4795668596773863,4.276119068329467,3.9463854246273073,3.8516971667469737,3.4385011700852672,0.0,0.0,19.793904820789816,1190.2941504876192,11.354703713715036,302.7106577576344,4.233266563955471
3,210.0,6.703817915916899,0.9900000000000002,0.002314011373365,0.0009525909552947,0.0027509956104358,0.0025470224013241,0.0014353796595803,0.0,0.0,302.07,77.05,0.6952030986195253,0.0870060728866567,15.19148810277872,4.278697862527807,1187.4923134061107,14.403423086113085,0.9952350364396538,0.0002716800133596,0.0004065550551581,0.0014714563518862,0.0017871861404387,0.0008280859995033,0.0,0.0,0.650603025949302,0.1347220837115456,0.0363530956825631,0.0857058627898335,0.0518085950171458,0.0408073368496096,0.0,0.0,19.319029339941174,0.7571142628860017,1.0,1.467753740503883,4.219175321824155,3.9085123670522273,3.811787259169969,3.407383633152319,0.0,0.0,19.793904820789816,1190.2941504876192,11.354703713715036,302.7106577576344,4.233266563955471
3,210.0,7.916327942611444,0.9900000000000002,0.002314011373365,0.0009525909552947,0.0027509956104358,0.0025470224013241,0.0014353796595803,0.0,0.0,302.07,77.05,0.6952030986195253,0.1027427377366832,15.19148810277872,4.278697862527807,1186.81267640152,15.409072309768703,0.993852436422517,0.0004916744539183,0.0005725397016121,0.0019242768651637,0.0021053202650748,0.0010537522917139,0.0,0.0,0.5579192039895506,0.2067033121679267,0.04357830367469,0.0954739517755466,0.0520873625129972,0.0442378658792888,0.0,0.0,19.1737519752348,0.7627109648863872,1.0,1.4590811553883172,4.176285007592648,3.881272469767684,3.783241627829298,3.384711578766748,0.0,0.0,19.793904820789816,1190.2941504876192,11.354703713715036,302.7106577576344,4.233266563955471
3,210.0,9.128837969305993,0.9900000000000002,0.002314011373365,0.0009525909552947,0.0027509956104358,0.0025470224013241,0.0014353796595803,0.0,0.0,302.07,77.05,0.6952030986195253,0.1184794025867098,15.19148810277872,4.278697862527807,1186.3503466571792,16.14588501853296,0.9928587430530834,0.0007541741770838,0.0006947491318418,0.00221838120973,0.0022800721019252,0.0011938803263355,0.0,0.0,0.4894330376844887,0.2754420793916025,0.0461007892812909,0.0960119734934285,0.0492901182228135,0.0437220019263756,0.0,0.0,19.064607448761503,0.7671342518003876,1.0,1.4524513314823906,4.142657304567599,3.861132535365386,3.762432617378795,3.367704256739101,0.0,0.0,19.793904820789816,1190.2941504876192,11.354703713715036,302.7106577576344,4.233266563955471
3,210.0,10.341347996000536,0.9900000000000002,0.002314011373365,0.0009525909552947,0.0027509956104358,0.0025470224013241,0.0014353796595803,0.0,0.0,302.07,77.05,0.6952030986195253,0.1342160674367363,15.19148810277872,4.278697862527807,1186.0088715307884,16.707871610514225,0.9920990113677984,0.0010437052656843,0.0007816141937383,0.002410117458927,0.0023829258418112,0.0012826258720404,0.0,0.0,0.4367003246372826,0.3371668700923694,0.0460220880123344,0.0926065216268857,0.0458028972858046,0.041701298345323,0.0,0.0,18.977479293287217,0.7708382175814428,1.0,1.447106186520586,4.1146926956282845,3.845276317716547,3.746246180400484,3.3541264854292843,0.0,0.0,19.793904820789816,1190.2941504876192,11.354703713715036,302.7106577576344,4.233266563955471
3,210.0,11.55385802269508,0.9900000000000002,0.002314011373365,0.0009525909552947,0.0027509956104358,0.0025470224013241,0.0014353796595803,0.0,0.0,302.07,77.05,0.6952030986195253,0.1499527322867629,15.19148810277872,4.278697862527807,1185.7355707309846,17.162724009413928,0.9914768206680648,0.0013495789787773,0.0008440328361802,0.00253989930314,0.0024481195131094,0.0013415487007279,0.0,0.0,0.3948207807293462,0.3909936473390393,0.0447030191401115,0.0878257362909209,0.0424062585727203,0.0392505579278616,0.0,0.0,18.90346059563454,0.7740925100914104,1.0,1.4425321684206358,4.0901260685878,3.83195634309234,3.732805573017758,3.3425857619803767,0.0,0.0,19.793904820789816,1190.2941504876192,11.354703713715036,302.7106577576344,4.233266563955471
3,210.0,12.766368049389628,0.9900000000000002,0.002314011373365,0.0009525909552947,0.0027509956104358,0.0025470224013241,0.0014353796595803,0.0,0.0,302.07,77.05,0.6952030986195253,0.1656893971367894,15.19148810277872,4.278697862527807,1185.5025469122145,17.55118012911261,0.9909378190011092,0.001665450266709,0.0008901220950406,0.002631721127406,0.0024922118680853,0.0013826756416496,0.0,0.0,0.3607468321071562,0.4374823439115721,0.0428676387022595,0.0827811999531867,0.0393235236596575,0.0367984616661678,0.0,0.0,18.837480081791902,0.7770743865748245,1.0,1.438391846967727,4.067672941887033,3.820220880542285,3.721043618133679,3.3322962208969025,0.0,0.0,19.793904820789816,1190.2941504876192,11.354703713715036,302.7106577576344,4.233266563955471
3,210.0,13.978878076084174,0.9900000000000002,0.002314011373365,0.0009525909552947,0.0027509956104358,0.0025470224013241,0.0014353796595803,0.0,0.0,302.07,77.05,0.6952030986195253,0.181426061986816,15.19148810277872,4.278697862527807,1185.2946468584312,17.896954130357553,0.9904514719514,0.0019876447514798,0.000925180226499,0.0026993805070271,0.0025236472222012,0.0014126753413926,0.0,0.0,0.3324788252360848,0.477632497849195,0.0408734200188667,0.0779229377954537,0.0365904999407686,0.0345018191596308,0.0,0.0,18.77666897829964,0.7798933018196635,1.0,1.434524520049357,4.04660689696335,3.8095105342335662,3.710357997998092,3.3228138453448506,0.0,0.0,19.793904820789816,1190.2941504876192,11.354703713715036,302.7106577576344,4.233266563955471
3,210.0,15.19138810277872,0.9900000000000002,0.002314011373365,0.0009525909552947,0.0027509956104358,0.0025470224013241,0.0014353796595803,0.0,0.0,302.07,77.05,0.6952030986195253,0.1971627268368425,15.19148810277872,4.278697862527807,1185.1032411754163,18.214129789611405,0.99000003612079,0.002313984328958,0.0009525889440748,0.0027509918643159,0.0025470207241864,0.0014353780176746,0.0,0.0,0.3086482921815865,0.512456587290846,0.0388905227984626,0.0734145991989796,0.034183114236574,0.032406884293551,0.0,0.0,18.719352385228163,0.7825724722154725,1.0,1.4308387625701244,4.02650608765077,3.7994650986899705,3.70039745456069,3.3138805249961445,0.0,0.0,19.793904820789816,1190.2941504876192,11.354703713715036,302.7106577576344,4.233266563955471
3,215.0,5.335711314165719,0.9900000000000002,0.002314011373365,0.0009525909552947,0.0027509956104358,0.0025470224013241,0.0014353796595803,0.0,0.0,302.07,77.05,0.7117555533485616,0.0692499846095485,15.547860943809226,5.335611314165719,1173.8087894569517,14.07090689484286,0.9998517914270914,4.077756154754387e-06,9.05467424996261e-06,4.029364455959273e-05,7.180818121254797e-05,2.297431673171592e-05,0.0,0.0,0.989982721595373,0.0023180626129791,0.0009542457610997,0.0027557497311189,0.0025513635156432,0.0014378567837857,0.0,0.0,18.435091589315707,0.7726539692420368,1.0,1.4366094757009131,3.976472286027324,3.493116320538791,3.4114779957312966,3.1956097215983585,0.0,0.0,18.448205290897207,1173.908539729092,13.989350648063478,302.7106577576344,5.278346606766283
3,215.0,6.47038349523722,0.9900000000000002,0.002314011373365,0.0009525909552947,0.0027509956104358,0.0025470224013241,0.0014353796595803,0.0,0.0,302.07,77.05,0.7117555533485616,0.0839764243379262,15.547860943809226,5.335611314165719,1172.2087079250286,15.597768340447002,0.9972815261803314,0.0001098053927896,0.0002024343526849,0.0008109397810209,0.001144721154376,0.000450573138797,0.0,0.0,0.8277953357305402,0.051415323681453,0.0176632223342645,0.0459680488326393,0.0337849521062609,0.0233731173148418,0.0,0.0,18.20597778368223,0.7811099079402396,1.0,1.4239659596131986,3.917250785191969,3.4538469243132424,3.3705821584769797,3.16222527539922,0.0,0.0,18.448205290897207,1173.908539729092,13.989350648063478,302.7106577576344,5.278346606766283
3,215.0,7.605055676308721,0.9900000000000002,0.002314011373365,0.0009525909552947,0.0027509956104358,0.0025470224013241,0.0014353796595803,0.0,0.0,302.07,77.05,0.7117555533485616,0.0987028640663039,15.547860943809226,5.335611314165719,1171.1539169348075,16.869712753761572,0.9953551708125792,0.0002707638985919,0.0003974121108069,0.0014465869812789,0.0017429474521581,0.0007871187445846,0.0,0.0,0.7133276109761304,0.1078774340908139,0.0296356456356639,0.0701426558063051,0.044089177623979,0.0349274758671073,0.0,0.0,18.03032963396621,0.7878149541951409,1.0,1.4142776748837722,3.8713209996035167,3.4245277494488504,3.339795781983723,3.136891924211104,0.0,0.0,18.448205290897207,1173.908539729092,13.989350648063478,302.7106577576344,5.278346606766283
3,215.0,8.73972785738022,0.9900000000000002,0.002314011373365,0.0009525909552947,0.0027509956104358,0.0025470224013241,0.0014353796595803,0.0,0.0,302.07,77.05,0.7117555533485616,0.1134293037946816,15.547860943809226,5.335611314165719,1170.4521348203475,17.840277068953622,0.9939616420001128,0.0004873559933084,0.0005618810673331,0.0018989655539986,0.002071924929356,0.0010182304558908,0.0,0.0,0.6280965269650581,0.1691824275658435,0.036644676559785,0.0805855491985648,0.0459480730592275,0.0395427466515209,0.0,0.0,17.89896150541191,0.7930484714481957,1.0,1.4069258715378865,3.835886585241096,3.4029931716722213,3.3172700016760257,3.118055414740516,0.0,0.0,18.448205290897207,1173.908539729092,13.989350648063478,302.7106577576344,5.278346606766283
3,215.0,9.87440003845172,0.9900000000000002,0.002314011373365,0.0009525909552947,0.0027509956104358,0.0025470224013241,0.0014353796595803,0.0,0.0,302.07,77.05,0.7117555533485616,0.1281557435230593,15.547860943809226,5.335611314165719,1169.9648030692929,18.5625205441816,0.992943328740284,0.0007473712896455,0.0006855401166357,0.0021986161510854,0.0022575278095707,0.0011676158927784,0.0,0.0,0.5620552062557145,0.2300953863597539,0.0397804033246737,0.083064115434581,0.0446380405272888,0.0403668480979879,0.0,0.0,17.79907952911516,0.7972200647708746,1.0,1.401331141878201,3.8078915155032194,3.386887250693968,3.300577405148759,3.1037740711095934,0.0,0.0,18.448205290897207,1173.908539729092,13.989350648063478,302.7106577576344,5.278346606766283
3,215.0,11.009072219523222,0.9900000000000002,0.002314011373365,0.0009525909552947,0.0027509956104358,0.0025470224013241,0.0014353796595803,0.0,0.0,302.07,77.05,0.7117555533485616,0.142882183251437,15.547860943809226,5.335611314165719,1169.6015400881167,19.11714403422834,0.99215971807921,0.0010360582756981,0.0007747550098,0.0023964189238498,0.0023684075288232,0.0012646421826186,0.0,0.0,0.5093119266521285,0.2867478077377201,0.0405335060917278,0.0816690664317068,0.0423013031846452,0.0394363899020714,0.0,0.0,17.719113020111187,0.8007008993004433,1.0,1.3967737947642418,3.78461807477493,3.374181311953554,3.287561479580224,3.092353811085605,0.0,0.0,18.448205290897207,1173.908539729092,13.989350648063478,302.7106577576344,5.278346606766283
3,215.0,12.143744400594723,0.9900000000000002,0.002314011373365,0.0009525909552947,0.0027509956104358,0.0025470224013241,0.0014353796595803,0.0,0.0,302.07,77.05,0.7117555533485616,0.1576086229798147,15.547860943809226,5.335611314165719,1169.310059025209,19.566481941623437,0.9915176705793974,0.0013425352980802,0.0008394218473345,0.0025311576010498,0.0024392010665409,0.0013300136075969,0.0,0.0,0.4661874612837263,0.3376116419692527,0.0400120538911781,0.07862642428778,0.0397607418126733,0.0378016767553894,0.0,0.0,17.65129423245908,0.8037395601570574,1.0,1.3928535507884872,3.764245404084905,3.3635371607982214,3.276782297921976,3.082673862570103,0.0,0.0,18.448205290897207,1173.908539729092,13.989350648063478,302.7106577576344,5.278346606766283
3,215.0,13.278416581666225,0.9900000000000002,0.002314011373365,0.0009525909552947,0.0027509956104358,0.0025470224013241,0.0014353796595803,0.0,0.0,302.07,77.05,0.7117555533485616,0.1723350627081924,15.547860943809226,5.335611314165719,1169.0616029016846,19.949663353031813,0.9909625224081606,0.0016600752573445,0.0008873931098521,0.0026267443251308,0.0024872349076085,0.0013760299919033,0.0,0.0,0.4302582142247095,0.3826016454699376,0.0388675092234749,0.0750076368396028,0.0373156243742639,0.035949369868011,0.0,0.0,17.591021570083903,0.8065398879882103,1.0,1.3893734131035638,3.7456943012318087,3.354169101341449,3.267389050507305,3.0740951886642,0.0,0.0,18.448205290897207,1173.908539729092,13.989350648063478,302.7106577576344,5.278346606766283
3,215.0,14.413088762737726,0.9900000000000002,0.002314011373365,0.0009525909552947,0.0027509956104358,0.0025470224013241,0.0014353796595803,0.0,0.0,302.07,77.05,0.7117555533485616,0.1870615024365701,15.547860943809226,5.335611314165719,1168.8401933512257,20.29002520560652,0.9904628224563486,0.0019846896351736,0.0009239668889164,0.0026972330147805,0.0025215214592333,0.0014097665455474,0.0,0.0,0.3998573752174462,0.4222305307824685,0.0374509964079648,0.0713034153988764,0.0350631475231932,0.0340945346700508,0.0,0.0,17.535629925403217,0.8091439255819246,1.0,1.3861524875932087,3.728340092670444,3.3456246136577,3.2588898320021977,3.066220480056822,0.0,0.0,18.448205290897207,1173.908539729092,13.989350648063478,302.7106577576344,5.278346606766283
3,215.0,15.547760943809228,0.9900000000000002,0.002314011373365,0.0009525909552947,0.0027509956104358,0.0025470224013241,0.0014353796595803,0.0,0.0,302.07,77.05,0.7117555533485616,0.2017879421649477,15.547860943809226,5.335611314165719,1168.6366094740663,20.60161707044912,0.9900000395284776,0.0023139821946779,0.0009525887105092,0.0027509914421216,0.0025470204463293,0.0014353776778839,0.0,0.0,0.3737984654431047,0.4571747285923656,0.0359461019026954,0.0677300116092397,0.0330230446831526,0.0323276477694419,0.0,0.0,17.483542026636663,0.8116520181327204,1.0,1.3830936494468826,3.711813828285502,3.337636926516402,3.2509939006244357,3.0588192612574274,0.0,0.0,18.448205290897207,1173.908539729092,13.989350648063478,302.7106577576344,5.278346606766283
3,220.0,6.580988408267669,0.9900000000000002,0.002314011373365,0.0009525909552947,0.0027509956104358,0.0025470224013241,0.0014353796595803,0.0,0.0,302.07,77.05,0.7283080080775979,0.0854119196400735,16.16632112086497,6.580888408267669,1156.928589805169,17.18198781451855,0.9998134586032924,5.517642958185204e-06,1.1753610273693866e-05,5.201172040488748e-05,8.938350645020207e-05,2.787491662066969e-05,0.0,0.0,0.9899861598689056,0.0023172670915731,0.0009539178383764,0.0027548020452892,0.0025504884621557,0.0014373646936999,0.0,0.0,17.106162791360738,0.8074046589526873,1.0,1.3834415025833149,3.64309824142896,3.0898585902541438,3.001253421748173,2.940537285312228,0.0,0.0,17.121140165384258,1157.0541060432145,17.08052563899556,302.7106577576344,6.509407158415541
3,220.0,7.646014265222925,0.9900000000000002,0.002314011373365,0.0009525909552947,0.0027509956104358,0.0025470224013241,0.0014353796595803,0.0,0.0,302.07,77.05,0.7283080080775979,0.0992344486076953,16.16632112086497,6.580888408267669,1155.391708201033,18.613739845960456,0.9973585569800814,0.0001118390544815,0.0001993124447399,0.0007973861703194,0.0011086721146015,0.0004242332357761,0.0,0.0,0.8628102824136341,0.0403776801162287,0.013972709068219,0.0365183542970718,0.0274083324725403,0.0189126416323058,0.0,0.0,16.90761406915788,0.8151339656877348,1.0,1.3732975835084515,3.596150284722693,3.0598897261331333,2.97014370926577,2.913942131633615,0.0,0.0,17.121140165384258,1157.0541060432145,17.08052563899556,302.7106577576344,6.509407158415541
3,220.0,8.711040122178181,0.9900000000000002,0.002314011373365,0.0009525909552947,0.0027509956104358,0.0025470224013241,0.0014353796595803,0.0,0.0,302.07,77.05,0.7283080080775979,0.113056977575317,16.16632112086497,6.580888408267669,1154.3415654673595,19.82340139975169,0.9954735686595602,0.0002708039482352,0.0003885135794913,0.001417289346661,0.0017003896672597,0.0007494347987923,0.0,0.0,0.7662796158652955,0.0858257344278519,0.0240080443615494,0.0572633797993882,0.0371513203039489,0.0294719052419658,0.0,0.0,16.751994446548736,0.8213760384299384,1.0,1.3653102591581554,3.558728407420336,3.036853735045856,2.9462025786096877,2.893351467499471,0.0,0.0,17.121140165384258,1157.0541060432145,17.08052563899556,302.7106577576344,6.509407158415541
3,220.0,9.776065979133437,0.9900000000000002,0.002314011373365,0.0009525909552947,0.0027509956104358,0.0025470224013241,0.0014353796595803,0.0,0.0,302.07,77.05,0.7283080080775979,0.1268795065429388,16.16632112086497,6.580888408267669,1153.620507098088,20.766353796956587,0.9940750499920924,0.0004839652151703,0.0005509253089639,0.0018683902422356,0.0020381123527285,0.0009835568888092,0.0,0.0,0.6904089220813171,0.1368560420818001,0.0304823989774433,0.067638713343721,0.0399612652494491,0.0346526582662691,0.0,0.0,16.63310120994931,0.8263187050084938,1.0,1.3591184451075051,3.5293297111602704,3.0195618630950425,2.928301631959147,2.877718157161474,0.0,0.0,17.121140165384258,1157.0541060432145,17.08052563899556,302.7106577576344,6.509407158415541
3,220.0,10.841091836088694,0.9900000000000002,0.002314011373365,0.0009525909552947,0.0027509956104358,0.0025470224013241,0.0014353796595803,0.0,0.0,302.07,77.05,0.7283080080775979,0.1407020355105606,16.16632112086497,6.580888408267669,1153.108873464584,21.48048085747136,0.9930341187703496,0.0007411655848004,0.0006757048996427,0.0021740349535082,0.0022339992612106,0.0011409765304883,0.0,0.0,0.6291027276284773,0.1893982351358322,0.0338871692648294,0.0713783444755111,0.039779974044514,0.0364535494508358,0.0,0.0,16.541452033841793,0.8302735565693518,1.0,1.3543115310473457,3.505867307883847,3.006452421895408,2.914844931152354,2.865709149706817,0.0,0.0,17.121140165384258,1157.0541060432145,17.08052563899556,302.7106577576344,6.509407158415541
3,220.0,11.90611769304395,0.9900000000000002,0.002314011373365,0.0009525909552947,0.0027509956104358,0.0025470224013241,0.0014353796595803,0.0,0.0,302.07,77.05,0.7283080080775979,0.1545245644781823,16.16632112086497,6.580888408267669,1152.7234005591229,22.033738919336983,0.9922261555389396,0.0010286406826223,0.0007672425173164,0.0023789826744362,0.0023529992651911,0.001245979321494,0.0,0.0,0.5784655209918729,0.2399318904003829,0.0352167164955439,0.0715225379051791,0.0384147813459757,0.0364485528610452,0.0,0.0,16.46773375777463,0.8335959568511847,1.0,1.3503949216591096,3.486329091628732,2.9960861166048613,2.904310823819484,2.8560679074694724,0.0,0.0,17.121140165384258,1157.0541060432145,17.08052563899556,302.7106577576344,6.509407158415541
3,220.0,12.971143549999203,0.9900000000000002,0.002314011373365,0.0009525909552947,0.0027509956104358,0.0025470224013241,0.0014353796595803,0.0,0.0,302.07,77.05,0.7283080080775979,0.1683470934458041,16.16632112086497,6.580888408267669,1152.4130132166326,22.482948711255517,0.991562875521139,0.0013354694451077,0.0008342888976728,0.0025198363364363,0.0024296497717869,0.0013178800278571,0.0,0.0,0.5359003681607678,0.2866332187258915,0.0353257192596818,0.0699152321728613,0.0366501017188421,0.0355753599619553,0.0,0.0,16.40526476143828,0.8364977447853462,1.0,1.3470330763455185,3.469272203755537,2.987434709795635,2.895608789907226,2.84790704424758,0.0,0.0,17.121140165384258,1157.0541060432145,17.08052563899556,302.7106577576344,6.509407158415541
3,220.0,14.03616940695446,0.9900000000000002,0.002314011373365,0.0009525909552947,0.0027509956104358,0.0025470224013241,0.0014353796595803,0.0,0.0,302.07,77.05,0.7283080080775979,0.1821696224134258,16.16632112086497,6.580888408267669,1152.1484173762342,22.865605259183315,0.990990033061175,0.0016545708053362,0.0008843222774779,0.0026202133555292,0.0024818783437215,0.0013689821567601,0.0,0.0,0.4996042000955928,0.3289565221438027,0.0347683029544786,0.0675317297326956,0.0348150076735617,0.0343242373998685,0.0,0.0,16.349901849852092,0.8391396179074114,1.0,1.3440448725664809,3.4538030463601506,2.979847040640612,2.8880517095164056,2.8406806064105456,0.0,0.0,17.121140165384258,1157.0541060432145,17.08052563899556,302.7106577576344,6.509407158415541
3,220.0,15.101195263909716,0.9900000000000002,0.002314011373365,0.0009525909552947,0.0027509956104358,0.0025470224013241,0.0014353796595803,0.0,0.0,302.07,77.05,0.7283080080775979,0.1959921513810475,16.16632112086497,6.580888408267669,1151.9128959927496,23.204761791631334,0.9904755084738978,0.0019816219129381,0.0009225913038876,0.0026943852308435,0.0025192272364435,0.0014066658419892,0.0,0.0,0.4682806402908208,0.3670057592332945,0.0338676698292923,0.0648628876481212,0.0330433782404451,0.032939664758026,0.0,0.0,16.299175692813044,0.8416044193383769,1.0,1.3413119812305738,3.439427441813752,2.972951847612268,2.8812397992733016,2.8340647352128663,0.0,0.0,17.121140165384258,1157.0541060432145,17.08052563899556,302.7106577576344,6.509407158415541
3,220.0,16.16622112086497,0.9900000000000002,0.002314011373365,0.0009525909552947,0.0027509956104358,0.0025470224013241,0.0014353796595803,0.0,0.0,302.07,77.05,0.7283080080775979,0.2098146803486693,16.16632112086497,6.580888408267669,1151.6966428528583,23.51455130719648,0.9900000432228266,0.0023139799750292,0.0009525884476126,0.0027509909340819,0.002547020130994,0.0014353772894552,0.0,0.0,0.440970810070255,0.401145002936906,0.0328059129866906,0.0621514321060563,0.0313854297781364,0.0315414121219553,0.0,0.0,16.25159918911289,0.8439592207680022,1.0,1.3387300458727918,3.4257707719501744,2.966526389906635,2.874932622020201,2.8278649624209096,0.0,0.0,17.121140165384258,1157.0541060432145,17.08052563899556,302.7106577576344,6.509407158415541
3,225.0,8.035279855237446,0.9900000000000002,0.002314011373365,0.0009525909552947,0.0027509956104358,0.0025470224013241,0.0014353796595803,0.0,0.0,302.07,77.05,0.7448604628066342,0.1042865652853659,17.05507320855841,8.035179855237446,1139.498859298312,20.813134785322774,0.9997677846876976,7.396422440061569e-06,1.5063546985066536e-05,6.585060589968112e-05,0.0001102182350722,3.368650190522652e-05,0.0,0.0,0.989988817020887,0.0023166521796115,0.0009536643153,0.0027540697896341,0.002549812259103,0.0014369844354641,0.0,0.0,15.796353719106028,0.8451073533456637,1.0,1.3352426044570187,3.3452222191637992,2.764166563324188,2.658788857778837,2.711830123435119,0.0,0.0,15.813326197117547,1139.6555629264626,20.687604017864448,302.7106577576344,7.946729358776584
3,225.0,9.037468005606442,0.9900000000000002,0.002314011373365,0.0009525909552947,0.0027509956104358,0.0025470224013241,0.0014353796595803,0.0,0.0,302.07,77.05,0.7448604628066342,0.1172935497158526,17.05507320855841,8.035179855237446,1138.0212204774666,22.16339152850996,0.9974262014271902,0.0001146218802398,0.0001967854632536,0.0007823630123684,0.001077644627152,0.0004023835897959,0.0,0.0,0.890179282672462,0.0318775290127563,0.0111118961014493,0.0292127499838036,0.0222979468653403,0.0153205953641885,0.0,0.0,15.6239450289045,0.8522550456183886,1.0,1.3270439889572627,3.307609454217188,2.741031564751646,2.635058501094514,2.6905447995197926,0.0,0.0,15.813326197117547,1139.6555629264626,20.687604017864448,302.7106577576344,7.946729358776584
3,225.0,10.03965615597544,0.9900000000000002,0.002314011373365,0.0009525909552947,0.0027509956104358,0.0025470224013241,0.0014353796595803,0.0,0.0,302.07,77.05,0.7448604628066342,0.1303005341463392,17.05507320855841,8.035179855237446,1136.9785299101518,23.320009824290075,0.9955882576692928,0.0002719314940292,0.0003800232542682,0.0013845522857873,0.0016599567724135,0.0007152785242088,0.0,0.0,0.8100283015056374,0.0680798736679251,0.0193923243668326,0.0467577577510942,0.0311152662724417,0.0246264764360687,0.0,0.0,15.48603792535036,0.8581237782472172,1.0,1.320459381636769,3.277039466458078,2.7228630306117547,2.6164141760714323,2.673690169694093,0.0,0.0,15.813326197117547,1139.6555629264626,20.687604017864448,302.7106577576344,7.946729358776584
3,225.0,11.041844306344435,0.9900000000000002,0.002314011373365,0.0009525909552947,0.0027509956104358,0.0025470224013241,0.0014353796595803,0.0,0.0,302.07,77.05,0.7448604628066342,0.1433075185768259,17.05507320855841,8.035179855237446,1136.2408486426552,24.241091283575194,0.9941907439133838,0.0004817278662847,0.0005398663361617,0.0018332379460232,0.002004227274699,0.0009501966634475,0.0,0.0,0.7441705448898724,0.1097959442861178,0.0251630581966737,0.056586751559436,0.0343874385595469,0.0298962625083529,0.0,0.0,15.37844139815228,0.8628421143305716,1.0,1.3152405285579605,3.2525758837216308,2.7089250662372035,2.602167327701024,2.66063005886068,0.0,0.0,15.813326197117547,1139.6555629264626,20.687604017864448,302.7106577576344,7.946729358776584
3,225.0,12.044032456713431,0.9900000000000002,0.002314011373365,0.0009525909552947,0.0027509956104358,0.0025470224013241,0.0014353796595803,0.0,0.0,302.07,77.05,0.7448604628066342,0.1563145030073125,17.05507320855841,8.035179855237446,1135.7056884034314,24.952051685509534,0.9931299459565096,0.0007358393269898,0.0006653740392675,0.0021449337280665,0.0022096243493756,0.0011142825997909,0.0,0.0,0.6890044836576388,0.1540810759093751,0.0285731969156159,0.0610337620715528,0.0349933656514127,0.0323141157944042,0.0,0.0,15.294236132588178,0.8666732430844661,1.0,1.311102347372426,3.2328882766193856,2.6981916082653608,2.591283041458953,2.6504540686220426,0.0,0.0,15.813326197117547,1139.6555629264626,20.687604017864448,302.7106577576344,7.946729358776584
3,225.0,13.046220607082429,0.9900000000000002,0.002314011373365,0.0009525909552947,0.0027509956104358,0.0025470224013241,0.0014353796595803,0.0,0.0,302.07,77.05,0.7448604628066342,0.1693214874377991,17.05507320855841,8.035179855237446,1135.2975737114828,25.50886145209172,0.9922977676951036,0.0010217154715251,0.0007591342564208,0.0023578669361162,0.0023367221643576,0.0012267934764765,0.0,0.0,0.6420534261966641,0.1980039117682036,0.0302473694030453,0.0622817199673131,0.0343923856547275,0.033021187010046,0.0,0.0,15.226068380772292,0.8698799046982046,1.0,1.3076895501448824,3.216427908502191,2.6896324545889825,2.582692741708198,2.6422394815432657,0.0,0.0,15.813326197117547,1139.6555629264626,20.687604017864448,302.7106577576344,7.946729358776584
3,225.0,14.048408757451424,0.9900000000000002,0.002314011373365,0.0009525909552947,0.0027509956104358,0.0025470224013241,0.0014353796595803,0.0,0.0,302.07,77.05,0.7448604628066342,0.1823284718682858,17.05507320855841,8.035179855237446,1134.967431407453,25.96260296546314,0.9916122124335,0.0013285819869751,0.0008286485479904,0.002505901386478,0.0024194466262772,0.001305209018779,0.0,0.0,0.6015706720157109,0.2397328938840477,0.030813957222916,0.0618013928946544,0.0332837736748092,0.0327973103078617,0.0,0.0,15.168283701819682,0.8726703644950213,1.0,1.3047952924055646,3.202073493773769,2.6824723728528816,2.575582814239462,2.6352895736925595,0.0,0.0,15.813326197117547,1139.6555629264626,20.687604017864448,302.7106577576344,7.946729358776584
3,225.0,15.05059690782042,0.9900000000000002,0.002314011373365,0.0009525909552947,0.0027509956104358,0.0025470224013241,0.0014353796595803,0.0,0.0,302.07,77.05,0.7448604628066342,0.1953354562987725,17.05507320855841,8.035179855237446,1134.6858089298223,26.34896717079253,0.9910202795400016,0.0016490642743635,0.0008809071241436,0.0026120798409664,0.0024761193113732,0.0013615499091515,0.0,0.0,0.5662867027940793,0.27846080912742,0.0307222680511806,0.0604415170881782,0.031992464407472,0.0320962385316696,0.0,0.0,15.117192571686177,0.8752079252138436,1.0,1.3022248846339368,3.189092318592136,2.6762108301163865,2.56942479486002,2.6291537739474653,0.0,0.0,15.813326197117547,1139.6555629264626,20.687604017864448,302.7106577576344,7.946729358776584
3,225.0,16.052785058189414,0.9900000000000002,0.002314011373365,0.0009525909552947,0.0027509956104358,0.0025470224013241,0.0014353796595803,0.0,0.0,302.07,77.05,0.7448604628066342,0.2083424407292591,17.05507320855841,8.035179855237446,1134.4353754793055,26.690714430634312,0.9904895165939628,0.0019785004347164,0.0009210487163698,0.0026908074834692,0.0025167512905305,0.001403375480951,0.0,0.0,0.5352518576757236,0.313994918540943,0.0302545078518985,0.0586641950107933,0.0306680944328973,0.031166426487744,0.0,0.0,15.070520720306826,0.8775642183772732,1.0,1.2998623683340391,3.177030203200486,2.67054120252454,2.563893808413305,2.623555799206424,0.0,0.0,15.813326197117547,1139.6555629264626,20.687604017864448,302.7106577576344,7.946729358776584
3,225.0,17.054973208558412,0.9900000000000002,0.002314011373365,0.0009525909552947,0.0027509956104358,0.0025470224013241,0.0014353796595803,0.0,0.0,302.07,77.05,0.7448604628066342,0.2213494251597458,17.05507320855841,8.035179855237446,1134.2057632865396,27.00212142618348,0.990000047238102,0.0023139776654791,0.0009525881511886,0.0027509903243565,0.0025470197731263,0.0014353768477472,0.0,0.0,0.5077384287839218,0.3464433758362188,0.0295801716872099,0.0567174504249206,0.0293787267009165,0.0301418465668122,0.0,0.0,15.026868874679458,0.8798004430876375,1.0,1.2976423429691093,3.165606237476274,2.6652755664546333,2.558790286122472,2.6183262040338464,0.0,0.0,15.813326197117547,1139.6555629264626,20.687604017864448,302.7106577576344,7.946729358776584
3,230.0,9.720071181706246,0.9900000000000002,0.002314011373365,0.0009525909552947,0.0027509956104358,0.0025470224013241,0.0014353796595803,0.0,0.0,302.07,77.05,0.7614129175356705,0.1261527732862588,18.225310357974024,9.719971181706246,1121.4326966336355,25.03293719686461,0.9997138122481536,9.835643363608278e-06,1.908713103474358e-05,8.194563027502233e-05,0.0001347465811843,4.057276598880999e-05,0.0,0.0,0.9899908936004754,0.0023161714670785,0.0009534660863518,0.0027534977625105,0.0025492838355396,0.0014366872480438,0.0,0.0,14.506475269843431,0.8862952969127563,1.0,1.291405740006227,3.077775521839652,2.4984013883268603,2.3713502441283008,2.50597549297405,0.0,0.0,14.52556748614066,1121.6270137216943,24.87830228106012,302.7106577576344,9.61137473881863
3,230.0,10.665086645736,0.9900000000000002,0.002314011373365,0.0009525909552947,0.0027509956104358,0.0025470224013241,0.0014353796595803,0.0,0.0,302.07,77.05,0.7614129175356705,0.1384177371283062,18.225310357974024,9.719971181706246,1120.0105512213322,26.313297391193167,0.9974834994247176,0.0001182813839779,0.0001949628723217,0.0007667447248357,0.0010517895844336,0.0003847220097134,0.0,0.0,0.9114916693180348,0.0253491031548569,0.008900759679077,0.0235674901194271,0.0182332977349254,0.0124576799936785,0.0,0.0,14.35656560760522,0.8929694477378007,1.0,1.2847859840293985,3.047623884973792,2.480352775337696,2.3531395321422277,2.4888509946431125,0.0,0.0,14.52556748614066,1121.6270137216943,24.87830228106012,302.7106577576344,9.61137473881863
3,230.0,11.610102109765752,0.9900000000000002,0.002314011373365,0.0009525909552947,0.0027509956104358,0.0025470224013241,0.0014353796595803,0.0,0.0,302.07,77.05,0.7614129175356705,0.1506827009703537,18.225310357974024,9.719971181706246,1118.9773629263211,27.424652899081213,0.995697307536885,0.000274303055855,0.0003721057217735,0.0013493717312361,0.0016220966015833,0.0006848153526668,0.0,0.0,0.845643748696355,0.0539953792058609,0.015660709080518,0.0382648181711833,0.0259824469979751,0.0204528978481075,0.0,0.0,14.234388060356151,0.8985437390701755,1.0,1.2793512677504604,3.022685433831507,2.465894737852888,2.338554721997221,2.475046547960656,0.0,0.0,14.52556748614066,1121.6270137216943,24.87830228106012,302.7106577576344,9.61137473881863
3,230.0,12.555117573795506,0.9900000000000002,0.002314011373365,0.0009525909552947,0.0027509956104358,0.0025470224013241,0.0014353796595803,0.0,0.0,302.07,77.05,0.7614129175356705,0.1629476648124011,18.225310357974024,9.719971181706246,1118.225435652039,28.328402294746592,0.9943067357540938,0.0004808844015863,0.0005289057738756,0.0017942349161639,0.001970657600738,0.000918581553542,0.0,0.0,0.7895568345481829,0.0876310110404879,0.0206716551764802,0.0472803452361792,0.0293720684874827,0.025488085511187,0.0,0.0,14.137101043484323,0.9031017256890655,1.0,1.2749263847775625,3.002355054238205,2.454564384187037,2.327169721013973,2.464144692809432,0.0,0.0,14.52556748614066,1121.6270137216943,24.87830228106012,302.7106577576344,9.61137473881863
3,230.0,13.500133037825258,0.9900000000000002,0.002314011373365,0.0009525909552947,0.0027509956104358,0.0025470224013241,0.0014353796595803,0.0,0.0,302.07,77.05,0.7614129175356705,0.1752126286544485,18.225310357974024,9.719971181706246,1117.6675661863246,29.040040802227107,0.9932295023280094,0.0007316970348726,0.0006546972200374,0.0021116396336725,0.0021845875670591,0.0010878762163489,0.0,0.0,0.7411332205126578,0.1242478059837491,0.0239084048836387,0.0520200305026143,0.0304764000008594,0.0282141381164807,0.0,0.0,14.059730071037732,0.90682824927449,1.0,1.2713786724657286,2.9857079382953917,2.445690813809325,2.318319455941866,2.455517226859048,0.0,0.0,14.52556748614066,1121.6270137216943,24.87830228106012,302.7106577576344,9.61137473881863
3,230.0,14.445148501855012,0.9900000000000002,0.002314011373365,0.0009525909552947,0.0027509956104358,0.0025470224013241,0.0014353796595803,0.0,0.0,302.07,77.05,0.7614129175356705,0.1874775924964959,18.225310357974024,9.719971181706246,1117.2363769840133,29.6045066455035,0.9923738984665492,0.0010155773465322,0.0007505039717178,0.0023331281167445,0.0023196238887012,0.0012072682097547,0.0,0.0,0.6988376324141787,0.1615689798287656,0.0257388762263943,0.0540030986446293,0.030437806381233,0.0294136065047989,0.0,0.0,13.996584063115709,0.9099771180110784,1.0,1.2684222387286417,2.9717063996495696,2.4385533826693573,2.311269376849084,2.448500001890381,0.0,0.0,14.52556748614066,1121.6270137216943,24.87830228106012,302.7106577576344,9.61137473881863
3,230.0,15.390163965884764,0.9900000000000002,0.002314011373365,0.0009525909552947,0.0027509956104358,0.0025470224013241,0.0014353796595803,0.0,0.0,302.07,77.05,0.7614129175356705,0.1997425563385433,18.225310357974024,9.719971181706246,1116.8855162020834,30.06693303552014,0.9916654139493516,0.0013221047558447,0.0008225237151335,0.0024892965337898,0.002408582924657,0.0012920781212232,0.0,0.0,0.6615346263135754,0.1979452404216779,0.0266054231899096,0.0543652414484635,0.0298510896298342,0.029698378996539,0.0,0.0,13.942966703503828,0.9127019434410784,1.0,1.2658769615233714,2.959494388232589,2.4325715110642467,2.3054208092751893,2.442556287406134,0.0,0.0,14.52556748614066,1121.6270137216943,24.87830228106012,302.7106577576344,9.61137473881863
3,230.0,16.33517942991452,0.9900000000000002,0.002314011373365,0.0009525909552947,0.0027509956104358,0.0025470224013241,0.0014353796595803,0.0,0.0,302.07,77.05,0.7614129175356705,0.2120075201805907,18.225310357974024,9.719971181706246,1116.5857965973114,30.460931067524225,0.9910531797474976,0.0016437059782707,0.0008771478384211,0.0026022712077854,0.0024699372281954,0.0013537579998295,0.0,0.0,0.6283670836714484,0.2324784210429098,0.0268576792716105,0.0538188589903299,0.0290159476065857,0.0294620094171153,0.0,0.0,13.895639030004116,0.9151844164168472,1.0,1.263644388417522,2.9484785076277795,2.4273494011989536,2.3003632364569424,2.4373196535022967,0.0,0.0,14.52556748614066,1121.6270137216943,24.87830228106012,302.7106577576344,9.61137473881863
3,230.0,17.28019489394427,0.9900000000000002,0.002314011373365,0.0009525909552947,0.0027509956104358,0.0025470224013241,0.0014353796595803,0.0,0.0,302.07,77.05,0.7614129175356705,0.2242724840226381,18.225310357974024,9.719971181706246,1116.319440659182,30.808865151135432,0.9905048349414496,0.0019753955477909,0.0009193345410487,0.0026864553255836,0.002514080092103,0.0013998995520241,0.0,0.0,0.5986722432688466,0.2647953900099685,0.0267316266663403,0.0527800304816395,0.0280825765212992,0.0289381330519057,0.0,0.0,13.85252595361883,0.91747487475222,1.0,1.261599386750201,2.9382759390726303,2.422635180179588,2.295834530845326,2.432556722585604,0.0,0.0,14.52556748614066,1121.6270137216943,24.87830228106012,302.7106577576344,9.61137473881863
3,230.0,18.225210357974024,0.9900000000000002,0.002314011373365,0.0009525909552947,0.0027509956104358,0.0025470224013241,0.0014353796595803,0.0,0.0,302.07,77.05,0.7614129175356705,0.2365374478646855,18.225310357974024,9.719971181706246,1116.0755648515883,31.1251583861647,0.9900000516145178,0.0023139752611675,0.0009525878163922,0.0027509895935694,0.0025470193667644,0.0014353763475885,0.0,0.0,0.5719265018941123,0.294819945877999,0.0263774518628078,0.0514871357989059,0.0271267148239158,0.0282622497422591,0.0,0.0,13.812317700439424,0.91964054175194,1.0,1.2596859634406248,2.9286431866199325,2.418270523523294,2.291669558420925,2.428120715450088,0.0,0.0,14.52556748614066,1121.6270137216943,24.87830228106012,302.7106577576344,9.61137473881863
3,235.0,11.657691882078144,0.9900000000000002,0.002314011373365,0.0009525909552947,0.0027509956104358,0.0025470224013241,0.0014353796595803,0.0,0.0,302.07,77.05,0.7779653722647069,0.1513003488913451,19.690659791085945,11.657591882078144,1102.6292936548175,29.92082917018173,0.999650445351588,1.2991731276253314e-05,2.394380650785088e-05,0.0001004344773095,0.0001634523308858,4.8732302432405454e-05,0.0,0.0,0.9899925335127452,0.0023157916574042,0.0009533094435973,0.0027530463324696,0.0025488665540967,0.0014364524996868,0.0,0.0,13.237546774256437,0.931586680623245,1.0,1.2514860693253886,2.837092336929941,2.2794236227829776,2.1288504880528247,2.320371352988408,0.0,0.0,13.258875583506692,1102.8688895247462,29.73094022392497,302.7106577576344,11.525181126674264
3,235.0,12.550232760856789,0.9900000000000002,0.002314011373365,0.0009525909552947,0.0027509956104358,0.0025470224013241,0.0014353796595803,0.0,0.0,302.07,77.05,0.7779653722647069,0.1628842668508343,19.690659791085945,11.657591882078144,1101.2590547210957,31.141308124258394,0.9975293200801209,0.0001229851437446,0.0001939697693206,0.0007513958831217,0.0010313105828721,0.0003710185408199,0.0,0.0,0.92808438134813,0.0203314077711607,0.0071909364569042,0.0191942405323295,0.0150111272525949,0.0101879066388803,0.0,0.0,13.107121621778786,0.9378983673781536,1.0,1.2461224923312633,2.8127721285050478,2.2652058135878645,2.1148284203893035,2.3065730550170747,0.0,0.0,13.258875583506692,1102.8688895247462,29.73094022392497,302.7106577576344,11.525181126674264
3,235.0,13.442773639635432,0.9900000000000002,0.002314011373365,0.0009525909552947,0.0027509956104358,0.0025470224013241,0.0014353796595803,0.0,0.0,302.07,77.05,0.7779653722647069,0.1744681848103236,19.690659791085945,11.657591882078144,1100.2367459437464,32.21410266565357,0.9957987769275392,0.0002781101204307,0.0003649294767931,0.0013127617600323,0.0015872642343514,0.000658157480853,0.0,0.0,0.8743697312901165,0.0429108151278903,0.0126708300803202,0.0314300375304661,0.0216850399747385,0.0169335459964681,0.0,0.0,12.998970426473582,0.9432422577355162,1.0,1.2416180541405857,2.7923033611422445,2.2536047472290663,2.103394680075867,2.2952437912085277,0.0,0.0,13.258875583506692,1102.8688895247462,29.73094022392497,302.7106577576344,11.525181126674264
3,235.0,14.335314518414076,0.9900000000000002,0.002314011373365,0.0009525909552947,0.0027509956104358,0.0025470224013241,0.0014353796595803,0.0,0.0,302.07,77.05,0.7779653722647069,0.1860521027698128,19.690659791085945,11.657591882078144,1099.4726146640137,33.104241813768034,0.994420933724619,0.0004816992836712,0.0005182535409502,0.0017521743874095,0.0019378321308103,0.0008891069325395,0.0,0.0,0.8272774396035539,0.0697564416952627,0.0169393712466434,0.0395148914101058,0.024969661319112,0.0215421947253219,0.0,0.0,12.91115386379918,0.947680605067724,1.0,1.237908174765402,2.775319960763757,2.2443246241037813,2.094283126618365,2.286112657714812,0.0,0.0,13.258875583506692,1102.8688895247462,29.73094022392497,302.7106577576344,11.525181126674264
3,235.0,15.227855397192725,0.9900000000000002,0.002314011373365,0.0009525909552947,0.0027509956104358,0.0025470224013241,0.0014353796595803,0.0,0.0,302.07,77.05,0.7779653722647069,0.197636020729302,19.690659791085945,11.657591882078144,1098.892843584423,33.81959928461854,0.9933312904047078,0.0007290724696782,0.000643845448491,0.0020745501407617,0.0021591246634718,0.0010621168728892,0.0,0.0,0.7855909261004153,0.0995663833167359,0.0198973167069774,0.0442579119105676,0.0263485550596809,0.0243389069056228,0.0,0.0,12.8401390172091,0.9513891434274498,1.0,1.234841334709139,2.7612152700207457,2.2369281128674023,2.0870706072614578,2.2787693253744394,0.0,0.0,13.258875583506692,1102.8688895247462,29.73094022392497,302.7106577576344,11.525181126674264
3,235.0,16.120396275971366,0.9900000000000002,0.002314011373365,0.0009525909552947,0.0027509956104358,0.0025470224013241,0.0014353796595803,0.0,0.0,302.07,77.05,0.7779653722647069,0.2092199386887912,19.690659791085945,11.657591882078144,1098.4381395708476,34.39520073640747,0.9924537349430468,0.0010105610588321,0.0007414461722652,0.0023048556280135,0.0023017855759174,0.0011876166219247,0.0,0.0,0.748370749262084,0.1306700604923478,0.0217448757394336,0.0466842125955864,0.0266964891333672,0.0258336127771807,0.0,0.0,12.781619477259335,0.9545041634669944,1.0,1.2322683656858069,2.7492622262474526,2.2309165946060574,2.081260894872172,2.2727424774573404,0.0,0.0,13.258875583506692,1102.8688895247462,29.73094022392497,302.7106577576344,11.525181126674264
3,235.0,17.012937154750013,0.9900000000000002,0.002314011373365,0.0009525909552947,0.0027509956104358,0.0025470224013241,0.0014353796595803,0.0,0.0,302.07,77.05,0.7779653722647069,0.2208038566482805,19.690659791085945,11.657591882078144,1098.0654810236438,34.870100645744785,0.9917221236721944,0.0013163107474889,0.0008159498398086,0.0024699656780185,0.0023970650462935,0.0012785850161955,0.0,0.0,0.714893687074392,0.1616949809401845,0.0227807755870656,0.0476450469363265,0.0265024535382465,0.0264830559237847,0.0,0.0,12.731774153009855,0.9572331227134044,1.0,1.2300635747978843,2.7388178318828578,2.2258603661573053,2.0764213275953987,2.26762479520357,0.0,0.0,13.258875583506692,1102.8688895247462,29.73094022392497,302.7106577576344,11.525181126674264
3,235.0,17.905478033528656,0.9900000000000002,0.002314011373365,0.0009525909552947,0.0027509956104358,0.0025470224013241,0.0014353796595803,0.0,0.0,302.07,77.05,0.7779653722647069,0.2323877746077697,19.690659791085945,11.657591882078144,1097.7463983160817,35.275490549496695,0.9910886137782906,0.0016386780562819,0.0008730497995265,0.0025907016872492,0.0024633160903523,0.0013456405882991,0.0,0.0,0.6845970629635681,0.1917740224707679,0.0232673026292552,0.0477203280830908,0.0260302390655509,0.0266110447877668,0.0,0.0,12.687809158638562,0.9596695005786364,1.0,1.2280974709009365,2.729409581816072,2.221449053474756,2.072237576746131,2.263121745456336,0.0,0.0,13.258875583506692,1102.8688895247462,29.73094022392497,302.7106577576344,11.525181126674264
3,235.0,18.7980189123073,0.9900000000000002,0.002314011373365,0.0009525909552947,0.0027509956104358,0.0025470224013241,0.0014353796595803,0.0,0.0,302.07,77.05,0.7779653722647069,0.2439716925672589,19.690659791085945,11.657591882078144,1097.4628779405182,35.63315253738677,0.9905214413974356,0.0019723943708279,0.0009174453716588,0.0026812733442233,0.0025112005702,0.0013962449456539,0.0,0.0,0.6570344996751244,0.2204529560919755,0.023394742455107,0.0472720278249353,0.0254209905623448,0.0264247833905129,0.0,0.0,12.647855362504874,0.961939382553397,1.0,1.2262998266399996,2.720735188358282,2.2174765329091493,2.06850019359299,2.259037596538525,0.0,0.0,13.258875583506692,1102.8688895247462,29.73094022392497,302.7106577576344,11.525181126674264
3,235.0,19.690559791085946,0.9900000000000002,0.002314011373365,0.0009525909552947,0.0027509956104358,0.0025470224013241,0.0014353796595803,0.0,0.0,302.07,77.05,0.7779653722647069,0.2555556105267482,19.690659791085945,11.657591882078144,1097.2035931155724,35.95760133205499,0.9900000563993648,0.0023139727569509,0.0009525874376137,0.0027509887181052,0.0025470189048319,0.0014353757831333,0.0,0.0,0.6318447209096222,0.2475414648569393,0.0232910694135373,0.0465196549859222,0.0247509447427643,0.0260521450912143,0.0,0.0,12.610697224521768,0.9640676239806234,1.0,1.2246346612386785,2.7125686528031943,2.213809353783234,2.0650732832638075,2.2552455751052416,0.0,0.0,13.258875583506692,1102.8688895247462,29.73094022392497,302.7106577576344,11.525181126674264
3,240.0,13.87135173055561,0.9900000000000002,0.002314011373365,0.0009525909552947,0.0027509956104358,0.0025470224013241,0.0014353796595803,0.0,0.0,302.07,77.05,0.7945178269937432,0.180030522135699,21.466772662504912,13.87125173055561,1082.9697373290023,35.570268957298254,0.999576387800822,1.7068306305140923e-05,2.977545216193144e-05,0.0001214781639687,0.0001968814537676,5.840882297442936e-05,0.0,0.0,0.989993851114593,0.0023154862133567,0.0009531834842208,0.0027526839925053,0.0025485313990461,0.0014362637962776,0.0,0.0,11.990822503403722,0.9817908467135368,1.0,1.2150460219593897,2.6195292729771418,2.097298981070347,1.923414260843309,2.1525316941174317,0.0,0.0,12.014498351825988,1083.263844328595,35.3375257790447,302.7106577576344,13.710780754884407
3,240.0,14.715276278549975,0.9900000000000002,0.002314011373365,0.0009525909552947,0.0027509956104358,0.0025470224013241,0.0014353796595803,0.0,0.0,302.07,77.05,0.7945178269937432,0.1909834688974689,21.466772662504912,13.87125173055561,1081.647928228893,36.73964137213018,0.9975623322914464,0.0001289522786451,0.0001939502586343,0.0007371704792151,0.0010164710201053,0.0003611236719535,0.0,0.0,0.9410323101888044,0.0164627279128904,0.0058649487941894,0.0157909362741306,0.0124576640376863,0.0083914127922987,0.0,0.0,11.87737495324041,0.9878503469381748,1.0,1.2106957787254256,2.599891985642178,2.085998666201425,1.9126041814459127,2.141369362527694,0.0,0.0,12.014498351825988,1083.263844328595,35.3375257790447,302.7106577576344,13.710780754884407
3,240.0,15.559200826544345,0.9900000000000002,0.002314011373365,0.0009525909552947,0.0027509956104358,0.0025470224013241,0.0014353796595803,0.0,0.0,302.07,77.05,0.7945178269937432,0.2019364156592387,21.466772662504912,13.87125173055561,1080.6372615849668,37.77978429487213,0.9958906584126338,0.0002835918386503,0.0003586709076106,0.0012757621439333,0.0015559273637456,0.0006353893334263,0.0,0.0,0.89742236225318,0.0342241020613161,0.0102866434793972,0.0259357773253191,0.0181230804468604,0.014008034433927,0.0,0.0,11.78178332372223,0.993053532672402,1.0,1.2069775098350526,2.5831073436279737,2.076618726328741,1.9036476087370648,2.132055310787693,0.0,0.0,12.014498351825988,1083.263844328595,35.3375257790447,302.7106577576344,13.710780754884407
3,240.0,16.40312537453871,0.9900000000000002,0.002314011373365,0.0009525909552947,0.0027509956104358,0.0025470224013241,0.0014353796595803,0.0,0.0,302.07,77.05,0.7945178269937432,0.2128893624210086,21.466772662504912,13.87125173055561,1079.8625758088372,38.65950463535365,0.9945311087164188,0.0004844732563879,0.0005081289439484,0.0017079371637092,0.0019062183732199,0.0008621335463155,0.0,0.0,0.8582976155038139,0.0554918421456502,0.013871439381985,0.0330688037232715,0.0211727989558042,0.0180975002894751,0.0,0.0,11.702707756016464,0.9974385919174786,1.0,1.2038558096003198,2.568941913671255,2.0689666100485864,1.8963665961767813,2.124408177903597,0.0,0.0,12.014498351825988,1083.263844328595,35.3375257790447,302.7106577576344,13.710780754884407
3,240.0,17.247049922533076,0.9900000000000002,0.002314011373365,0.0009525909552947,0.0027509956104358,0.0025470224013241,0.0014353796595803,0.0,0.0,302.07,77.05,0.7945178269937432,0.2238423091827784,21.466772662504912,13.87125173055561,1079.2616312898276,39.38105629726425,0.9934335778530052,0.000728337515179,0.0006330126430434,0.0020341684574252,0.0021335261203055,0.0010373774110414,0.0,0.0,0.8229498908149797,0.0794600679015318,0.0165006851707824,0.0376260033439566,0.0226644048661739,0.0207989479025754,0.0,0.0,11.637675484616077,1.001129976966744,1.0,1.2012274236082272,2.557003325211254,2.062758150667734,1.8904953209823203,2.1181558750132345,0.0,0.0,12.014498351825988,1083.263844328595,35.3375257790447,302.7106577576344,13.710780754884407
3,240.0,18.09097447052745,0.9900000000000002,0.002314011373365,0.0009525909552947,0.0027509956104358,0.0025470224013241,0.0014353796595803,0.0,0.0,302.07,77.05,0.7945178269937432,0.2347952559445483,21.466772662504912,13.87125173055561,1078.7829391827345,39.97079246763407,0.9925362491859564,0.001007050257545,0.0007320804241097,0.0022732080907999,0.0022833288704594,0.001168083171129,0.0,0.0,0.7908059746390985,0.1049611988389596,0.018271228486815,0.0402758649452146,0.0232572018921261,0.0224285311977861,0.0,0.0,11.583493116542153,1.004281394337606,1.0,1.1989975162374944,2.546793286692802,2.057652293276652,1.8857055683015915,2.1129701810666583,0.0,0.0,12.014498351825988,1083.263844328595,35.3375257790447,302.7106577576344,13.710780754884407
3,240.0,18.93489901852181,0.9900000000000002,0.002314011373365,0.0009525909552947,0.0027509956104358,0.0025470224013241,0.0014353796595803,0.0,0.0,302.07,77.05,0.7945178269937432,0.2457482027063181,21.466772662504912,13.87125173055561,1078.387275244688,40.46168814823661,0.9917818467226336,0.0013115244069354,0.0008089793870805,0.0024478779255481,0.0023849199570895,0.0012648516007128,0.0,0.0,0.7614088473212814,0.1309219596837825,0.0193763607998466,0.0416376294076307,0.0233429663559481,0.0233122364315105,0.0,0.0,11.537125979537947,1.0070240597475688,1.0,1.19706865366358,2.5378401366688355,2.053335348065781,1.8816916499657692,2.1085483732436114,0.0,0.0,12.014498351825988,1083.263844328595,35.3375257790447,302.7106577576344,13.710780754884407
3,240.0,19.77882356651618,0.9900000000000002,0.002314011373365,0.0009525909552947,0.0027509956104358,0.0025470224013241,0.0014353796595803,0.0,0.0,302.07,77.05,0.7945178269937432,0.256701149468088,21.466772662504912,13.87125173055561,1078.047346029909,40.88215485952313,0.9911263927454856,0.0016342040065074,0.0008686265116755,0.0025772852003957,0.0024562472932134,0.0013372442427221,0.0,0.0,0.7343943372698256,0.1565786879090548,0.0200061469578958,0.0421700744880092,0.0231460823304807,0.0237046710447339,0.0,0.0,11.496214237631598,1.0094868456578177,1.0,1.1953438171898918,2.5297756048247657,2.049566713054154,1.878217691395904,2.104658038065288,0.0,0.0,12.014498351825988,1083.263844328595,35.3375257790447,302.7106577576344,13.710780754884407
3,240.0,20.622748114510543,0.9900000000000002,0.002314011373365,0.0009525909552947,0.0027509956104358,0.0025470224013241,0.0014353796595803,0.0,0.0,302.07,77.05,0.7945178269937432,0.2676540962298578,21.466772662504912,13.87125173055561,1077.7451549255964,41.25313548495743,0.9905392899070978,0.0019696066469062,0.0009153801931704,0.0026751996019749,0.0025081010330599,0.0013924226177906,0.0,0.0,0.7094682557456656,0.1814689656406805,0.02030915570157,0.0421791142924323,0.0227934226847486,0.0237810859349027,0.0,0.0,11.45910206695472,1.0117599110390525,1.0,1.193766711191953,2.5223396645134164,2.046178918738928,1.8751189525572147,2.1011373172007595,0.0,0.0,12.014498351825988,1083.263844328595,35.3375257790447,302.7106577576344,13.710780754884407
3,240.0,21.466672662504912,0.9900000000000002,0.002314011373365,0.0009525909552947,0.0027509956104358,0.0025470224013241,0.0014353796595803,0.0,0.0,302.07,77.05,0.7945178269937432,0.2786070429916277,21.466772662504912,13.87125173055561,1077.469035836467,41.58912384208642,0.9900000616485132,0.0023139701474141,0.000952587008323,0.0027509876692345,0.0025470183788525,0.0014353751476623,0.0,0.0,0.686388470550232,0.2053468718586265,0.0203909527240522,0.0418604588856809,0.0223572121100043,0.0236560338714038,0.0,0.0,11.424675057246242,1.013881703528508,1.0,1.1923176973206524,2.515355867640726,2.0430598001260454,1.8722848575685176,2.0978777704590783,0.0,0.0,12.014498351825988,1083.263844328595,35.3375257790447,302.7106577576344,13.710780754884407
3,245.0,16.385210139951532,0.9900000000000002,0.002314011373365,0.0009525909552947,0.0027509956104358,0.0025470224013241,0.0014353796595803,0.0,0.0,302.07,77.05,0.8110702817227795,0.2126568480201367,23.57102301028803,16.385110139951532,1062.311231616287,42.09316214688912,0.9994900521069344,2.233423748355121e-05,3.675488788654023e-05,0.0001452915974046,0.0002356614803987,6.990568989217862e-05,0.0,0.0,0.9899949037124156,0.0023152420352838,0.0009530827717702,0.0027523949090762,0.0025482636337042,0.0014361129377499,0.0,0.0,10.767840743150009,1.0380289040730797,1.0,1.1817479306690073,2.422440046144908,1.944401338321036,1.7488932229201877,2.0004366842460057,0.0,0.0,10.793959502416731,1062.6711211462375,41.80803719266337,302.7106577576344,16.191644196077288
3,245.0,17.183622681100033,0.9900000000000002,0.002314011373365,0.0009525909552947,0.0027509956104358,0.0025470224013241,0.0014353796595803,0.0,0.0,302.07,77.05,0.8110702817227795,0.2230191133173268,23.57102301028803,16.385110139951532,1061.034426297244,43.21924219676649,0.9975809513408272,0.0001364706525442,0.0001950734850332,0.0007249213413047,0.0010076059051935,0.000354977275097,0.0,0.0,0.9511769721641996,0.0134654777549958,0.004831935448074,0.0131267827922188,0.0104305724721845,0.0069682593683271,0.0,0.0,10.669271691987989,1.043903421759019,1.0,1.1782143885027885,2.406506091091736,1.9353458216300292,1.7405253888194323,1.9913903814844105,0.0,0.0,10.793959502416731,1062.6711211462375,41.80803719266337,302.7106577576344,16.191644196077288
3,245.0,17.98203522224853,0.9900000000000002,0.002314011373365,0.0009525909552947,0.0027509956104358,0.0025470224013241,0.0014353796595803,0.0,0.0,302.07,77.05,0.8110702817227795,0.2333813786145169,23.57102301028803,16.385110139951532,1060.0355838669675,44.23207468933071,0.9959708131691868,0.0002910526154672,0.0003535200100956,0.0012394462451968,0.0015285751180467,0.0006165928420067,0.0,0.0,0.9158888224345438,0.0274234648876468,0.0083884044594044,0.0215127120185609,0.0151882364727243,0.0115983597271195,0.0,0.0,10.584974810997396,1.0490300648376838,1.0,1.1751597184714526,2.392692796944659,1.9277126281177064,1.73348878548495,1.9837286495841813,0.0,0.0,10.793959502416731,1062.6711211462375,41.80803719266337,302.7106577576344,16.191644196077288
3,245.0,18.78044776339703,0.9900000000000002,0.002314011373365,0.0009525909552947,0.0027509956104358,0.0025470224013241,0.0014353796595803,0.0,0.0,302.07,77.05,0.8110702817227795,0.2437436439117071,23.57102301028803,16.385110139951532,1059.251539775801,45.1042553302528,0.9946348527783884,0.0004895602571355,0.00049876315219,0.0016625073140497,0.0018763220074504,0.0008379944907858,0.0,0.0,0.8836436431668522,0.0441798447062236,0.0113666157529891,0.0277286281684642,0.0179376407941182,0.0151436274113525,0.0,0.0,10.514006643404146,1.053419833243769,1.0,1.172535081429426,2.380848665891429,1.921369364960875,1.7276726100374211,1.9773271625634543,0.0,0.0,10.793959502416731,1062.6711211462375,41.80803719266337,302.7106577576344,16.191644196077288
3,245.0,19.578860304545533,0.9900000000000002,0.002314011373365,0.0009525909552947,0.0027509956104358,0.0025470224013241,0.0014353796595803,0.0,0.0,302.07,77.05,0.8110702817227795,0.2541059092088972,23.57102301028803,16.385110139951532,1058.6299830161315,45.834111257570925,0.9935343513644472,0.0007299147833205,0.0006224171857536,0.0019911354672896,0.0021081398651938,0.0010140413339951,0.0,0.0,0.8540251983526029,0.0632579293404194,0.0136551516780723,0.031984600758867,0.0194318648075228,0.0176452550625152,0.0,0.0,10.45465534736143,1.057154376049988,1.0,1.1702983785984191,2.3707200822495262,1.9161300675422768,1.7228946761361663,1.9720054661748487,0.0,0.0,10.793959502416731,1062.6711211462375,41.80803719266337,302.7106577576344,16.191644196077288
3,245.0,20.37727284569403,0.9900000000000002,0.002314011373365,0.0009525909552947,0.0027509956104358,0.0025470224013241,0.0014353796595803,0.0,0.0,302.07,77.05,0.8110702817227795,0.2644681745060873,23.57102301028803,16.385110139951532,1058.126748140431,46.44062443046237,0.9926201359928136,0.0010054883340753,0.0007225555496541,0.0022384517329982,0.0022644230628311,0.0011489453276273,0.0,0.0,0.8266820758927889,0.0838766733914372,0.015291123391559,0.034698803780142,0.0201619620240456,0.0192893615200271,0.0,0.0,10.404605295550308,1.0603649339736876,1.0,1.168365270204855,2.3619708162899324,1.9117648229464537,1.7189422347760466,1.96753965072888,0.0,0.0,10.793959502416731,1062.6711211462375,41.80803719266337,302.7106577576344,16.191644196077288
3,245.0,21.17568538684253,0.9900000000000002,0.002314011373365,0.0009525909552947,0.0027509956104358,0.0025470224013241,0.0014353796595803,0.0,0.0,302.07,77.05,0.8110702817227795,0.2748304398032775,23.57102301028803,16.385110139951532,1057.706713979526,46.95084805605523,0.9918438923444164,0.0013081332820413,0.0008016868672734,0.0024230573562328,0.0023722016010704,0.0012510285489654,0.0,0.0,0.8013248766023381,0.1052398538598774,0.0163937567667562,0.0363070710320423,0.0204354507362114,0.0202989910027741,0.0,0.0,10.36150835792627,1.063174395693797,1.0,1.1666871354450843,2.354261222224442,1.90804845145172,1.715604203758652,1.9637095396625863,0.0,0.0,10.793959502416731,1062.6711211462375,41.80803719266337,302.7106577576344,16.191644196077288
3,245.0,21.974097927991032,0.9900000000000002,0.002314011373365,0.0009525909552947,0.0027509956104358,0.0025470224013241,0.0014353796595803,0.0,0.0,302.07,77.05,0.8110702817227795,0.2851927051004677,23.57102301028803,16.385110139951532,1057.3442017727614,47.39007619625042,0.991166220555614,0.0016305595796159,0.0008639031762603,0.0025619518312861,0.0024487331959872,0.0013286316612364,0.0,0.0,0.7777182767336253,0.1267195741531978,0.0170960163780946,0.0371617586667945,0.0204381509592503,0.0208662231090373,0.0,0.0,10.32341998013444,1.0656971838709866,1.0,1.1651801070043286,2.347309297864577,1.9047973604302697,1.7127073833834714,1.9603355538242897,0.0,0.0,10.793959502416731,1062.6711211462375,41.80803719266337,302.7106577576344,16.191644196077288
3,245.0,22.77251046913953,0.9900000000000002,0.002314011373365,0.0009525909552947,0.0027509956104358,0.0025470224013241,0.0014353796595803,0.0,0.0,302.07,77.05,0.8110702817227795,0.2955549703976577,23.57102301028803,16.385110139951532,1057.0215212310168,47.7781011539291,0.990558293193512,0.0019671715984423,0.0009131419417581,0.0026681715998252,0.0025047723982947,0.0013884492681673,0.0,0.0,0.7556698622931676,0.1478916633389103,0.017510365403989,0.0375143816544628,0.0202804448091638,0.0211332825003062,0.0,0.0,10.288903533439033,1.0680249451808712,1.0,1.163800080424984,2.340905704506937,1.9018771116118287,1.7101244883730142,1.957286176066049,0.0,0.0,10.793959502416731,1062.6711211462375,41.80803719266337,302.7106577576344,16.191644196077288
3,245.0,23.57092301028803,0.9900000000000002,0.002314011373365,0.0009525909552947,0.0027509956104358,0.0025470224013241,0.0014353796595803,0.0,0.0,302.07,77.05,0.8110702817227795,0.3059172356948479,23.57102301028803,16.385110139951532,1056.7268063322904,48.12922521621584,0.9900000674286746,0.0023139674266745,0.0009525865208412,0.0027509864119949,0.0025470177785303,0.0014353744332842,0.0,0.0,0.7350197785847092,0.1684975665173878,0.0177213905508805,0.0375347207703509,0.0200280271574061,0.0211985164192653,0.0,0.0,10.256953885628084,1.070192118740383,1.0,1.1625282622529527,2.334902812981801,1.899194183677125,1.707766786733262,1.954469602913628,0.0,0.0,10.793959502416731,1062.6711211462375,41.80803719266337,302.7106577576344,16.191644196077288
3,250.0,19.22448692406158,0.9900000000000002,0.002314011373365,0.0009525909552947,0.0027509956104358,0.0025470224013241,0.0014353796595803,0.0,0.0,302.07,77.05,0.8276227364518158,0.2495066440501178,26.022289419677257,19.22438692406158,1040.4789382662188,49.62616323539343,0.9993894293967888,2.9150748913827323e-05,4.509847252374773e-05,0.0001721860647269,0.0002805287627511,8.360655429552193e-05,0.0,0.0,0.9899957585838328,0.0023150434962323,0.0009530008900335,0.0027521605166337,0.0025480462274114,0.0014359902858559,0.0,0.0,9.570466271023369,1.1017024307548908,1.0,1.1513025713357792,2.243221053374621,1.814784264190801,1.6002406556047912,1.862385274578392,0.0,0.0,9.599114364051816,1040.9186176418627,49.27650279185157,302.7106577576344,18.99215487266697
3,250.0,19.97978720135221,0.9900000000000002,0.002314011373365,0.0009525909552947,0.0027509956104358,0.0025470224013241,0.0014353796595803,0.0,0.0,302.07,77.05,0.8276227364518158,0.2593093731518781,26.022289419677257,19.22438692406158,1039.2436873981935,50.71603903063826,0.9975832463138488,0.0001459230164191,0.0001975436224648,0.0007155239620606,0.001005141547654,0.0003526215375525,0.0,0.0,0.9591672291093436,0.0111292560342605,0.004022542854685,0.0110270331267389,0.0088161658702734,0.0058377730046982,0.0,0.0,9.485020154097926,1.107496765645681,1.0,1.148441745535288,2.230286431704491,1.8074720765955177,1.5937956423747806,1.8550411381044325,0.0,0.0,9.599114364051816,1040.9186176418627,49.27650279185157,302.7106577576344,18.99215487266697
3,250.0,20.735087478642843,0.9900000000000002,0.002314011373365,0.0009525909552947,0.0027509956104358,0.0025470224013241,0.0014353796595803,0.0,0.0,302.07,77.05,0.8276227364518158,0.2691121022536384,26.022289419677257,19.22438692406158,1038.2562779407183,51.70652069901563,0.9960368818701172,0.0003008877416836,0.0003496890917737,0.0012049347002124,0.0015057327356862,0.0006018738605266,0.0,0.0,0.9306912128115864,0.0220917581678435,0.006875744511779,0.0179401279270141,0.0127770763446545,0.0096240802371222,0.0,0.0,9.4109257217382,1.1126151040824093,1.0,1.1459349653410065,2.218924987545253,1.8012119600187235,1.588283026740927,1.8487314375943007,0.0,0.0,9.599114364051816,1040.9186176418627,49.27650279185157,302.7106577576344,18.99215487266697
3,250.0,21.490387755933472,0.9900000000000002,0.002314011373365,0.0009525909552947,0.0027509956104358,0.0025470224013241,0.0014353796595803,0.0,0.0,302.07,77.05,0.8276227364518158,0.2789148313553987,26.022289419677257,19.22438692406158,1037.4635486283423,52.5739055769229,0.9947295201923414,0.0004973917748829,0.0004904040745409,0.0016169863828267,0.0018486897419562,0.0008170078334515,0.0,0.0,0.9042878810139932,0.0352362336803001,0.0093287084695172,0.0233024109538882,0.0152027611564886,0.0126420047258125,0.0,0.0,9.347509806906697,1.1170494189995723,1.0,1.1437413591400163,2.2090349107744296,1.7959166231649857,1.5836329190460847,1.843370061946613,0.0,0.0,9.599114364051816,1040.9186176418627,49.27650279185157,302.7106577576344,18.99215487266697
3,250.0,22.245688033224106,0.9900000000000002,0.002314011373365,0.0009525909552947,0.0027509956104358,0.0025470224013241,0.0014353796595803,0.0,0.0,302.07,77.05,0.8276227364518158,0.288717560457159,26.022289419677257,19.22438692406158,1036.8216656078062,53.31398656313049,0.993631262795692,0.0007342966624112,0.0006123043457923,0.0019462590898876,0.0020833742403638,0.0009925028658527,0.0,0.0,0.8797091699219046,0.0502940272962991,0.0112879741919462,0.0271929222456306,0.0166292145789747,0.0148866917652447,0.0,0.0,9.293594471773671,1.1208875265677618,1.0,1.1418478733021322,2.200455875058228,1.7914685625601905,1.5797428215924956,1.8388405820526013,0.0,0.0,9.599114364051816,1040.9186176418627,49.27650279185157,302.7106577576344,18.99215487266697
3,250.0,23.00098831051473,0.9900000000000002,0.002314011373365,0.0009525909552947,0.0027509956104358,0.0025470224013241,0.0014353796595803,0.0,0.0,302.07,77.05,0.8276227364518158,0.2985202895589193,26.022289419677257,19.22438692406158,1036.2931742412145,53.93968032723567,0.992703742844561,0.0010063935320993,0.0007130540828066,0.0022010014103996,0.0022452925398127,0.0011305155903207,0.0,0.0,0.8567375930020416,0.066764038975323,0.0127589135339142,0.0298591768042159,0.0174187206062952,0.01646155707821,0.0,0.0,9.247539404350666,1.1242120504031994,1.0,1.1401871395259169,2.1929638221022905,1.787713684345092,1.5764767246439322,1.83499056456677,0.0,0.0,9.599114364051816,1040.9186176418627,49.27650279185157,302.7106577576344,18.99215487266697
3,250.0,23.756288587805365,0.9900000000000002,0.002314011373365,0.0009525909552947,0.0027509956104358,0.0025470224013241,0.0014353796595803,0.0,0.0,302.07,77.05,0.8276227364518158,0.3083230186606796,26.022289419677257,19.22438692406158,1035.847195206627,54.4724436054271,0.9919073047390976,0.0013066026176191,0.0007941746105134,0.0023956190559521,0.0023589984246133,0.0012373005522043,0.0,0.0,0.835188299010786,0.0840831486651061,0.0138108947687088,0.0315961233781844,0.0178085121174996,0.0175130220597149,0.0,0.0,9.207578524184877,1.127153914741745,1.0,1.1387322658237211,2.186320924362549,1.7844899668662009,1.5737059045240571,1.8316654572271969,0.0,0.0,9.599114364051816,1040.9186176418627,49.27650279185157,302.7106577576344,18.99215487266697
3,250.0,24.511588865095995,0.9900000000000002,0.002314011373365,0.0009525909552947,0.0027509956104358,0.0025470224013241,0.0014353796595803,0.0,0.0,302.07,77.05,0.8276227364518158,0.3181257477624399,26.022289419677257,19.22438692406158,1035.460054842957,54.9341817699309,0.9912076447825776,0.0016280861547039,0.0008589211849211,0.0025446697817438,0.0024407917367325,0.0013198863593209,0.0,0.0,0.8149079681259866,0.1017638181225455,0.0145334308317983,0.0326654283102994,0.0179490207198789,0.0181803338894911,0.0,0.0,9.172154738502485,1.129782081591974,1.0,1.1374201543618474,2.1803166966422194,1.7816598318590682,1.5712917036933798,1.8287301780309069,0.0,0.0,9.599114364051816,1040.9186176418627,49.27650279185157,302.7106577576344,18.99215487266697
3,250.0,25.266889142386628,0.9900000000000002,0.002314011373365,0.0009525909552947,0.0027509956104358,0.0025470224013241,0.0014353796595803,0.0,0.0,302.07,77.05,0.8276227364518158,0.3279284768642002,26.022289419677257,19.22438692406158,1035.1146843931915,55.34319219436768,0.9905782995067046,0.0019652664805466,0.0009107396084109,0.0026601348784972,0.0025012099115726,0.0013843496142677,0.0,0.0,0.7957700947647142,0.1194448176391222,0.0150089459148873,0.0332678318681702,0.0179337820991061,0.018574527714,0.0,0.0,9.140053015128457,1.132198729524103,1.0,1.1362155241826482,2.174786288794736,1.7791169572045324,1.5691372160862285,1.826078201859082,0.0,0.0,9.599114364051816,1040.9186176418627,49.27650279185157,302.7106577576344,18.99215487266697
3,250.0,26.022189419677257,0.9900000000000002,0.002314011373365,0.0009525909552947,0.0027509956104358,0.0025470224013241,0.0014353796595803,0.0,0.0,302.07,77.05,0.8276227364518158,0.3377312059659605,26.022289419677257,19.22438692406158,1034.7991951447495,55.71335789625888,0.9900000738205345,0.002313964588044,0.0009525859660194,0.002750984903767,0.0025470170911375,0.0014353736304974,0.0,0.0,0.7776692158749412,0.1368831250426893,0.0153032960592351,0.0335467002611536,0.0178207682413268,0.0187768945206537,0.0,0.0,9.1103856627527,1.1344536129821243,1.0,1.1351059511145265,2.169608591894156,1.77678410772456,1.567172642770653,1.8236335543610087,0.0,0.0,9.599114364051816,1040.9186176418627,49.27650279185157,302.7106577576344,18.99215487266697
3,255.0,22.41562698500452,0.9900000000000002,0.002314011373365,0.0009525909552947,0.0027509956104358,0.0025470224013241,0.0014353796595803,0.0,0.0,302.07,77.05,0.8441751911808522,0.2909231276444454,28.840797520479484,22.41552698500452,1017.2541046409852,58.33990198579654,0.9992718914567202,3.801356586988346e-05,5.5085691919775685e-05,0.0002026310833806,0.0003323717061404,0.000100006495969,0.0,0.0,0.9899964588529911,0.0023148806288848,0.0009529337330433,0.0027519688890235,0.0025478682269813,0.0014358896690757,0.0,0.0,8.400978639594703,1.174771855425341,1.0,1.123486110226669,2.0727252566695085,1.703728587380861,1.4735233453179322,1.7367950264593754,0.0,0.0,8.432227805466914,1017.7913832278248,57.90987351738985,302.7106577576344,22.13772066860631
3,255.0,23.129523711168407,0.9900000000000002,0.002314011373365,0.0009525909552947,0.0027509956104358,0.0025470224013241,0.0014353796595803,0.0,0.0,302.07,77.05,0.8441751911808522,0.3001884972247684,28.840797520479484,22.41552698500452,1016.056842878847,59.400145579016616,0.9975667866218264,0.000157827665695,0.0002016158677444,0.0007099208666461,0.0010096272562825,0.0003542217218052,0.0,0.0,0.9654995208815608,0.0092955131052766,0.0033841712773724,0.0093597863215607,0.0075249502233179,0.0049360581909115,0.0,0.0,8.327178440604666,1.180579200443281,1.0,1.121178109955886,2.063737886192549,1.6977823087379549,1.468548380202274,1.73083007285296,0.0,0.0,8.432227805466914,1017.7913832278248,57.90987351738985,302.7106577576344,22.13772066860631
3,255.0,23.84342043733229,0.9900000000000002,0.002314011373365,0.0009525909552947,0.0027509956104358,0.0025470224013241,0.0014353796595803,0.0,0.0,302.07,77.05,0.8441751911808522,0.3094538668050914,28.840797520479484,22.41552698500452,1015.0798757252168,60.37302023111116,0.9960861503560484,0.0003136223367191,0.000347426413222,0.0011734225880219,0.0014879858549563,0.0005913924510318,0.0,0.0,0.9425867269376208,0.0178977525031288,0.0056670376913084,0.0150408498059067,0.0107972932652489,0.0080103397967862,0.0,0.0,8.262351039546758,1.1857601734805892,1.0,1.1191277131345083,2.055930598269994,1.692619802815039,1.464246509756128,1.72563879478556,0.0,0.0,8.432227805466914,1017.7913832278248,57.90987351738985,302.7106577576344,22.13772066860631
3,255.0,24.557317163496176,0.9900000000000002,0.002314011373365,0.0009525909552947,0.0027509956104358,0.0025470224013241,0.0014353796595803,0.0,0.0,302.07,77.05,0.8441751911808522,0.3187192363854144,28.840797520479484,22.41552698500452,1014.2785232736688,61.2383737918268,0.994812133481206,0.0005085132962907,0.0004833254259976,0.0015726125029116,0.0018239189620337,0.0007994963315602,0.0,0.0,0.921092974805092,0.0281677209539936,0.0076722074781244,0.0196247741114998,0.0129014539864629,0.010540868664827,0.0,0.0,8.206000158865246,1.190311917229632,1.0,1.1173148781581506,2.0492102175593336,1.6881804836903689,1.4605657241804473,1.7211625754792133,0.0,0.0,8.432227805466914,1017.7913832278248,57.90987351738985,302.7106577576344,22.13772066860631
3,255.0,25.27121388966006,0.9900000000000002,0.002314011373365,0.0009525909552947,0.0027509956104358,0.0025470224013241,0.0014353796595803,0.0,0.0,302.07,77.05,0.8441751911808522,0.3279846059657373,28.840797520479484,22.41552698500452,1013.6161897905542,61.990577623412605,0.9937215551658342,0.0007420750519279,0.0006029510380026,0.0019005437285406,0.0020597032288671,0.0009731717868273,0.0,0.0,0.9008679156464408,0.0399622402877277,0.0093265457168811,0.0231195097121829,0.0142184263308697,0.0125053623058975,0.0,0.0,8.157322806134024,1.194315854979719,1.0,1.115716563139814,2.0434564920214124,1.6843854333913255,1.4574307402267106,1.7173191164658708,0.0,0.0,8.432227805466914,1017.7913832278248,57.90987351738985,302.7106577576344,22.13772066860631
3,255.0,25.985110615823945,0.9900000000000002,0.002314011373365,0.0009525909552947,0.0027509956104358,0.0025470224013241,0.0014353796595803,0.0,0.0,302.07,77.05,0.8441751911808522,0.3372499755460603,28.840797520479484,22.41552698500452,1013.0614529665664,62.63774317628036,0.9927849853427836,0.0010103818509416,0.0007037976946124,0.0021614649684797,0.0022262251970155,0.0011131449461669,0.0,0.0,0.8817754059071921,0.0529730844192065,0.0106207027534884,0.0256601698351003,0.0150132090950398,0.0139574279899727,0.0,0.0,8.115177856183186,1.1978192748025005,1.0,1.1143093686331955,2.0379744444825327,1.6811332014323828,1.4547576407889755,1.714008737550102,0.0,0.0,8.432227805466914,1017.7913832278248,57.90987351738985,302.7106577576344,22.13772066860631
3,255.0,26.69900734198783,0.9900000000000002,0.002314011373365,0.0009525909552947,0.0027509956104358,0.0025470224013241,0.0014353796595803,0.0,0.0,302.07,77.05,0.8441751911808522,0.3465153451263832,28.840797520479484,22.41552698500452,1012.587656473244,63.19621330879615,0.9919707770670008,0.0013074952839549,0.0007865796547489,0.0023658129418491,0.0023454424034113,0.0012238926490349,0.0,0.0,0.8636960159725775,0.0668200350169582,0.0115919925413985,0.0274367433976553,0.0154659655242873,0.0149892475471228,0.0,0.0,8.078282835224774,1.2009358910193846,1.0,1.113054082544406,2.0322457771498854,1.67831377386378,1.452453883405422,1.7111235606049169,0.0,0.0,8.432227805466914,1017.7913832278248,57.90987351738985,302.7106577576344,22.13772066860631
3,255.0,27.412904068151715,0.9900000000000002,0.002314011373365,0.0009525909552947,0.0027509956104358,0.0025470224013241,0.0014353796595803,0.0,0.0,302.07,77.05,0.8441751911808522,0.3557807147067062,28.840797520479484,22.41552698500452,1012.1734478402552,63.68434024489586,0.991249991810696,0.0016272081591733,0.0008537438865154,0.0025254749775516,0.0024324624934213,0.0013111186726421,0.0,0.0,0.8465285029897991,0.0811438760559405,0.0122980548307213,0.0286357914384674,0.015695973733258,0.0156978009518135,0.0,0.0,8.045429882712261,1.2037334793371577,1.0,1.111916461591692,2.02704947810432,1.6758260556498448,1.450433704625213,1.7085643529190038,0.0,0.0,8.432227805466914,1017.7913832278248,57.90987351738985,302.7106577576344,22.13772066860631
3,255.0,28.1268007943156,0.9900000000000002,0.002314011373365,0.0009525909552947,0.0027509956104358,0.0025470224013241,0.0014353796595803,0.0,0.0,302.07,77.05,0.8441751911808522,0.3650460842870292,28.840797520479484,22.41552698500452,1011.802704579242,64.11857821192247,0.9905990602645902,0.0019641177555827,0.0009081911428651,0.0026510557137752,0.0024974156027219,0.0013801595204646,0.0,0.0,0.8301884741730235,0.0956552597253367,0.0127971451516213,0.029411998384904,0.0157806462027978,0.0161664763623163,0.0,0.0,8.015622749451301,1.2062916451552226,1.0,1.1108805076480166,2.0222588398593366,1.673587438119446,1.4486266936362162,1.706250059843646,0.0,0.0,8.432227805466914,1017.7913832278248,57.90987351738985,302.7106577576344,22.13772066860631
3,255.0,28.840697520479484,0.9900000000000002,0.002314011373365,0.0009525909552947,0.0027509956104358,0.0025470224013241,0.0014353796595803,0.0,0.0,302.07,77.05,0.8441751911808522,0.3743114538673521,28.840797520479484,22.41552698500452,1011.4637297334538,64.51211147218616,0.9900000809236884,0.002313961623176,0.0009525853327384,0.002750983092344,0.0025470163005604,0.0014353727274926,0.0,0.0,0.8146054977454633,0.1101428783608566,0.013138954046656,0.0298827851007404,0.0157698553606265,0.0164600293856569,0.0,0.0,7.98809828449509,1.208694184317776,1.0,1.1099133149204357,2.017776395685274,1.6715368844244394,1.4469850560213622,1.7041189834050094,0.0,0.0,8.432227805466914,1017.7913832278248,57.90987351738985,302.7106577576344,22.13772066860631
3,260.0,25.98653856479265,0.9900000000000002,0.002314011373365,0.0009525909552947,0.0027509956104358,0.0025470224013241,0.0014353796595803,0.0,0.0,302.07,77.05,0.8607276459098885,0.3372685083036035,32.04800259905644,25.98643856479265,992.3561958566308,68.45296296240844,0.999133884968438,4.962082675173407e-05,6.709002475252117e-05,0.0002373467776684,0.0003922974172045,0.0001197599851846,0.0,0.0,0.9899970373402752,0.0023147458492969,0.0009528781756781,0.0027518109355888,0.0025477213062206,0.0014358063929403,0.0,0.0,7.262182368899437,1.2599740468131024,1.0,1.0981247170019173,1.8996289904353127,1.6074127944742165,1.3655861095691004,1.6223637616879438,0.0,0.0,7.296085655146154,993.0143761526203,67.92140682303575,302.7106577576344,25.654931900849267
3,260.0,26.660023457488627,0.9900000000000002,0.002314011373365,0.0009525909552947,0.0027509956104358,0.0025470224013241,0.0014353796595803,0.0,0.0,302.07,77.05,0.8607276459098885,0.3460093894547518,32.04800259905644,25.98643856479265,991.1931162410588,69.48982741924151,0.9975283867373764,0.0001729037220779,0.0002076224641183,0.0007091980458995,0.0010217879598635,0.0003601010706639,0.0,0.0,0.9705525397777368,0.0078449580864583,0.0028770065843515,0.0080254027714142,0.0064870346728331,0.004213058107206,0.0,0.0,7.198791870181814,1.2658912276187486,1.0,1.096276810342412,1.8924898057976025,1.6025465614428775,1.3617812614107898,1.6175276102765528,0.0,0.0,7.296085655146154,993.0143761526203,67.92140682303575,302.7106577576344,25.654931900849267
3,260.0,27.3335083501846,0.9900000000000002,0.002314011373365,0.0009525909552947,0.0027509956104358,0.0025470224013241,0.0014353796595803,0.0,0.0,302.07,77.05,0.8607276459098885,0.3547502706059001,32.04800259905644,25.98643856479265,990.2249321722284,70.44978942736356,0.9961153341244948,0.0003299730291124,0.0003470381051537,0.0011462319205617,0.0014760208277598,0.0005854019929172,0.0,0.0,0.9521849168637246,0.0145826091974727,0.0046971175674658,0.0126742918868555,0.0091697208048653,0.0066913436796161,0.0,0.0,7.14242879318718,1.2712300022713734,1.0,1.0946159903413548,1.88620555053518,1.5982653623533307,1.3584344010312537,1.61326266231202,0.0,0.0,7.296085655146154,993.0143761526203,67.92140682303575,302.7106577576344,25.654931900849267
3,260.0,28.00699324288058,0.9900000000000002,0.002314011373365,0.0009525909552947,0.0027509956104358,0.0025470224013241,0.0014353796595803,0.0,0.0,302.07,77.05,0.8607276459098885,0.3634911517570484,32.04800259905644,25.98643856479265,989.4142872608852,71.316050850253,0.9948792244205826,0.0005236412635445,0.0004778428152782,0.0015307948949897,0.0018026793549395,0.0007858172506652,0.0,0.0,0.9347939038631452,0.0225711948688308,0.0063241396276574,0.0165569844719059,0.0109689087987114,0.008784868369749,0.0,0.0,7.092718862277764,1.2759911339664578,1.0,1.0931295389575646,1.8807119422180452,1.594526353171544,1.35553480927367,1.609526814434251,0.0,0.0,7.296085655146154,993.0143761526203,67.92140682303575,302.7106577576344,25.654931900849267
3,260.0,28.680478135576557,0.9900000000000002,0.002314011373365,0.0009525909552947,0.0027509956104358,0.0025470224013241,0.0014353796595803,0.0,0.0,302.07,77.05,0.8607276459098885,0.3722320329081967,32.04800259905644,25.98643856479265,988.730795381805,72.08242689101226,0.9938019454054164,0.0007539892173011,0.0005946753615554,0.0018552261642799,0.0020376776079753,0.0009564862434715,0.0,0.0,0.9182866834278548,0.0317395687677412,0.007703691127161,0.0196472397743609,0.0121544208552193,0.0104683960476626,0.0,0.0,7.049114277100299,1.2802316363049564,1.0,1.091798363737775,1.875931626761541,1.591277585219835,1.35302298850543,1.6062689866374005,0.0,0.0,7.296085655146154,993.0143761526203,67.92140682303575,302.7106577576344,25.654931900849267
3,260.0,29.35396302827253,0.9900000000000002,0.002314011373365,0.0009525909552947,0.0027509956104358,0.0025470224013241,0.0014353796595803,0.0,0.0,302.07,77.05,0.8607276459098885,0.380972914059345,32.04800259905644,25.98643856479265,988.1483792193654,72.75338936495643,0.9928612339193044,0.0010182039119633,0.0006950551147363,0.0021206935426017,0.0022075835667028,0.0010972299446911,0.0,0.0,0.902577037449099,0.0419064845392191,0.0088214149590736,0.0220094259331854,0.0129183339977659,0.0117673031216568,0.0,0.0,7.010842533700838,1.2839836300955512,1.0,1.0906165499313734,1.871767159929002,1.5884526394443206,1.3508470210240788,1.603423959548507,0.0,0.0,7.296085655146154,993.0143761526203,67.92140682303575,302.7106577576344,25.654931900849267
3,260.0,30.027447920968505,0.9900000000000002,0.002314011373365,0.0009525909552947,0.0027509956104358,0.0025470224013241,0.0014353796595803,0.0,0.0,302.07,77.05,0.8607276459098885,0.3897137952104932,32.04800259905644,25.98643856479265,987.6444524752566,73.34078704156032,0.9920325396130004,0.0013115013128909,0.0007790825156574,0.0023340775415837,0.002331720393136,0.0012110786237313,0.0,0.0,0.8875870443548217,0.0528271810555122,0.0096951079615961,0.0237581196142768,0.0133953792421179,0.0127371677716748,0.0,0.0,6.9769997061856825,1.2873510807830777,1.0,1.0895469627094552,1.868110239339454,1.585976839804339,1.3489486776273958,1.6009198211662088,0.0,0.0,7.296085655146154,993.0143761526203,67.92140682303575,302.7106577576344,25.654931900849267
3,260.0,30.700932813664483,0.9900000000000002,0.002314011373365,0.0009525909552947,0.0027509956104358,0.0025470224013241,0.0014353796595803,0.0,0.0,302.07,77.05,0.8607276459098885,0.3984546763616416,32.04800259905644,25.98643856479265,987.2002051174392,73.85939208381002,0.9912922791417628,0.0016284571333981,0.0008484641758166,0.0025045110786923,0.0024238147975238,0.0013024736728063,0.0,0.0,0.8732489558462954,0.0642504543240459,0.0103599317035472,0.025019656860772,0.0136782214793597,0.0134427797859796,0.0,0.0,6.946685010963384,1.2903913305919823,1.0,1.0885802875162012,1.8648554377155184,1.5837779692431742,1.347271055671348,1.5986857516719006,0.0,0.0,7.296085655146154,993.0143761526203,67.92140682303575,302.7106577576344,25.654931900849267
3,260.0,31.37441770636046,0.9900000000000002,0.002314011373365,0.0009525909552947,0.0027509956104358,0.0025470224013241,0.0014353796595803,0.0,0.0,302.07,77.05,0.8607276459098885,0.4071955575127899,32.04800259905644,25.98643856479265,986.8007741719172,74.32350070017924,0.9906201840914718,0.0019640162610258,0.0009055275268362,0.0026409399048104,0.002493401844329,0.0013759303715266,0.0,0.0,0.8595054555030818,0.0759573914421123,0.0108553290996667,0.0259081023023993,0.0138294629814104,0.0139442586713292,0.0,0.0,6.919111553574252,1.2931894192595628,1.0,1.087687570143848,1.8619119064493015,1.581793498390841,1.345774413896667,1.5966608372773023,0.0,0.0,7.296085655146154,993.0143761526203,67.92140682303575,302.7106577576344,25.654931900849267
3,260.0,32.047902599056435,0.9900000000000002,0.002314011373365,0.0009525909552947,0.0027509956104358,0.0025470224013241,0.0014353796595803,0.0,0.0,302.07,77.05,0.8607276459098885,0.4159364386639382,32.04800259905644,25.98643856479265,986.4349009012724,74.74528079005816,0.9900000888644416,0.0023139585204644,0.0009525846071106,0.0027509809131904,0.0025470153857724,0.0014353717090204,0.0,0.0,0.8463085353917278,0.0877757614722917,0.011217437656946,0.0265160547819855,0.0138909848304858,0.0142912258665632,0.0,0.0,6.893645127963212,1.2957903924876395,1.0,1.0868555481955415,1.859206994615078,1.5799733761322372,1.3444086141280598,1.5947963331127568,0.0,0.0,7.296085655146154,993.0143761526203,67.92140682303575,302.7106577576344,25.654931900849267
3,265.0,29.966937358375866,0.9900000000000002,0.002314011373365,0.0009525909552947,0.0027509956104358,0.0025470224013241,0.0014353796595803,0.0,0.0,302.07,77.05,0.8772801006389248,0.3889284537102643,35.66648777448013,29.966837358375862,965.414894807126,80.2539493950443,0.998970433436364,6.498758475555407e-05,8.162974083890098e-05,0.0002774508318036,0.0004617399656102,0.0001437584406279,0.0,0.0,0.989997519314113,0.0023146333189612,0.0009528318111249,0.0027516796451223,0.002547599065846,0.0014357368448325,0.0,0.0,6.157570066993948,1.3612938190057284,1.0,1.075118709760141,1.7475640890237618,1.5227036037282038,1.2739315992089562,1.517909298956717,0.0,0.0,6.194157229336726,966.2255774553212,79.59167899763797,302.7106577576344,29.571779036695137
3,265.0,30.60020962683189,0.9900000000000002,0.002314011373365,0.0009525909552947,0.0027509956104358,0.0025470224013241,0.0014353796595803,0.0,0.0,302.07,77.05,0.8772801006389248,0.3971474318862024,35.66648777448013,29.966837358375862,964.2817723558268,81.2735766396138,0.9974636790163408,0.0001921805801856,0.0002160157647685,0.0007147135609929,0.0010426107750103,0.0003708003027018,0.0,0.0,0.9746153925815734,0.0066876632533461,0.002470866341413,0.0069483090071241,0.005648010830205,0.0036297579863383,0.0,0.0,6.103559614970087,1.3674514506934847,1.0,1.073660222053873,1.741880628024725,1.5186887317308106,1.2710471341959029,1.5139935458132563,0.0,0.0,6.194157229336726,966.2255774553212,79.59167899763797,302.7106577576344,29.571779036695137
3,265.0,31.23348189528792,0.9900000000000002,0.002314011373365,0.0009525909552947,0.0027509956104358,0.0025470224013241,0.0014353796595803,0.0,0.0,302.07,77.05,0.8772801006389248,0.4053664100621404,35.66648777448013,29.966837358375862,963.3199103919508,82.22545344931518,0.9961202159707708,0.0003509503677853,0.0003489246117766,0.0011249097944117,0.0014706929544513,0.0005843063008042,0.0,0.0,0.9599708680494692,0.0119458639493241,0.0039145086997294,0.0107294633255424,0.0078280842358646,0.0056112117400697,0.0,0.0,6.054981203776369,1.373064893988582,1.0,1.072333019073026,1.7368139306168326,1.5151129023073069,1.2684766056326546,1.5104978876100863,0.0,0.0,6.194157229336726,966.2255774553212,79.59167899763797,302.7106577576344,29.571779036695137
3,265.0,31.866754163743952,0.9900000000000002,0.002314011373365,0.0009525909552947,0.0027509956104358,0.0025470224013241,0.0014353796595803,0.0,0.0,302.07,77.05,0.8772801006389248,0.4135853882380785,35.66648777448013,29.966837358375862,962.4983958045108,83.09591192953542,0.9949265537607548,0.0005437566591509,0.0004743421467918,0.0014931824436155,0.0017857561448503,0.0007764088448364,0.0,0.0,0.9460012355338958,0.0181240530370091,0.0052238031866799,0.0139844516847707,0.0093458469633134,0.0073206095943309,0.0,0.0,6.011548464400673,1.3781349882589689,1.0,1.071129310027485,1.7323194970127536,1.5119441847843773,1.2662128042362943,1.5073924082247094,0.0,0.0,6.194157229336726,966.2255774553212,79.59167899763797,302.7106577576344,29.571779036695137
3,265.0,32.50002643219998,0.9900000000000002,0.002314011373365,0.0009525909552947,0.0027509956104358,0.0025470224013241,0.0014353796595803,0.0,0.0,302.07,77.05,0.8772801006389248,0.4218043664140166,35.66648777448013,29.966837358375862,961.7922188470604,83.87885873906518,0.9938684173726942,0.000771005793014,0.0005878555694822,0.001811832109774,0.0020179496254804,0.0009429395295548,0.0,0.0,0.9326480991665383,0.0251901114690831,0.0063600394444941,0.016674728953316,0.0103908837147517,0.0087361372518166,0.0,0.0,5.972888085095486,1.3827172794754206,1.0,1.070044051141282,1.7283477569622878,1.50914774752211,1.2642215814212536,1.5046434956359451,0.0,0.0,6.194157229336726,966.2255774553212,79.59167899763797,302.7106577576344,29.571779036695137
3,265.0,33.13329870065601,0.9900000000000002,0.002314011373365,0.0009525909552947,0.0027509956104358,0.0025470224013241,0.0014353796595803,0.0,0.0,302.07,77.05,0.8772801006389248,0.4300233445899548,35.66648777448013,29.966837358375862,961.1799969228192,84.57616926686826,0.9929291403662772,0.0010308075954306,0.000687155781392,0.0020798455477327,0.0021898229106111,0.0010832277985561,0.0,0.0,0.9198563232924328,0.0330426961389078,0.00730892649981,0.018822923593983,0.011100824016683,0.0098683064581831,0.0,0.0,5.938488260250513,1.3868178611143287,1.0,1.0690635803427742,1.7248378579426016,1.506680306711048,1.2624687790896536,1.5022097693821004,0.0,0.0,6.194157229336726,966.2255774553212,79.59167899763797,302.7106577576344,29.571779036695137
3,265.0,33.76657096911204,0.9900000000000002,0.002314011373365,0.0009525909552947,0.0027509956104358,0.0025470224013241,0.0014353796595803,0.0,0.0,302.07,77.05,0.8772801006389248,0.4382423227658928,35.66648777448013,29.966837358375862,960.642960078624,85.19591174127437,0.9920902024175138,0.001319485628723,0.0007719196739891,0.0023011084775073,0.0023180899368337,0.001199193865433,0.0,0.0,0.907574777865084,0.0415322252334948,0.00807719782123,0.0204918835534219,0.0115747649210925,0.0107491506056766,0.0,0.0,5.907734870338073,1.39054531704641,1.0,1.068171095293939,1.7217200147298184,1.5044962837868008,1.2609211742673194,1.5000437345868658,0.0,0.0,6.194157229336726,966.2255774553212,79.59167899763797,302.7106577576344,29.571779036695137
3,265.0,34.39984323756807,0.9900000000000002,0.002314011373365,0.0009525909552947,0.0027509956104358,0.0025470224013241,0.0014353796595803,0.0,0.0,302.07,77.05,0.8772801006389248,0.4464613009418309,35.66648777448013,29.966837358375862,960.1649566183114,85.7494101092009,0.9913330917167914,0.001632507696244,0.0008432150011203,0.0024820841744599,0.002414959123658,0.0012941422877262,0.0,0.0,0.8957577795993853,0.0504925567308099,0.0086848667244649,0.0217615486716159,0.0118831666169612,0.0114200816567625,0.0,0.0,5.879984536319056,1.393925522684416,1.0,1.0673578806419262,1.718922656159167,1.5025424862814185,1.259550209738091,1.4980968646713515,0.0,0.0,6.194157229336726,966.2255774553212,79.59167899763797,302.7106577576344,29.571779036695137
3,265.0,35.033115506024096,0.9900000000000002,0.002314011373365,0.0009525909552947,0.0027509956104358,0.0025470224013241,0.0014353796595803,0.0,0.0,302.07,77.05,0.8772801006389248,0.4546802791177689,35.66648777448013,29.966837358375862,959.732661283438,86.24856401430083,0.9906410697273696,0.0019653389269005,0.0009027986453893,0.0026298606668135,0.0024891966491575,0.0013717353843694,0.0,0.0,0.8843658577499984,0.0597675351259521,0.009157264679442,0.0227113607933987,0.0120754301068911,0.0119225515443174,0.0,0.0,5.854643657552245,1.3970402476299868,1.0,1.0666036110801835,1.716382936519543,1.5007704283600816,1.2583112560354557,1.4963256931422602,0.0,0.0,6.194157229336726,966.2255774553212,79.59167899763797,302.7106577576344,29.571779036695137
3,265.0,35.66638777448013,0.9900000000000002,0.002314011373365,0.0009525909552947,0.0027509956104358,0.0025470224013241,0.0014353796595803,0.0,0.0,302.07,77.05,0.8772801006389248,0.462899257293707,35.66648777448013,29.966837358375862,959.3355210525456,86.70419472182171,0.9900000978091766,0.0023139552618539,0.0009525837711122,0.0027509782851764,0.0025470143182447,0.001435370554436,0.0,0.0,0.8733656029016611,0.069225240897464,0.0095195048471077,0.0234108279119346,0.0121858428030967,0.0122929806387357,0.0,0.0,5.831206860718509,1.3999479705635658,1.0,1.0659017527510328,1.714045607850121,1.4991424180105453,1.25717709754184,1.4946928554203662,0.0,0.0,6.194157229336726,966.2255774553212,79.59167899763797,302.7106577576344,29.571779036695137
3,270.0,34.38885271830892,0.9900000000000002,0.002314011373365,0.0009525909552947,0.0027509956104358,0.0025470224013241,0.0014353796595803,0.0,0.0,302.07,77.05,0.8938325553679611,0.4463186595497588,39.719838768621386,34.388752718308915,935.9240262815994,94.13810114684176,0.9987742787152752,8.564972505560715e-05,9.945579393518286e-05,0.0003247088645227,0.0005426444466364,0.0001732624545748,0.0,0.0,0.989997924485842,0.0023145384817804,0.0009527927603847,0.0027515695370975,0.0025474965274554,0.0014356782074396,0.0,0.0,5.091585613031896,1.484821074367018,1.0,1.0544509518182044,1.6129512647983186,1.446888409567849,1.196615668986584,1.4224293346361006,0.0,0.0,5.130843724671824,936.9320241360858,93.30322734807504,302.7106577576344,33.91794976874195
3,270.0,34.98117339056586,0.9900000000000002,0.002314011373365,0.0009525909552947,0.0027509956104358,0.0025470224013241,0.0014353796595803,0.0,0.0,302.07,77.05,0.8938325553679611,0.4540061439398554,39.719838768621386,34.388752718308915,934.8159553657058,95.14676210702912,0.9973663632995656,0.0002171915298324,0.0002274434269235,0.0007283219872568,0.0010734962602493,0.000387183496172,0.0,0.0,0.9779095526544208,0.0057555318198099,0.0021427790648147,0.0060708195104842,0.0049655279102838,0.0031557890401864,0.0,0.0,5.04610215569369,1.4913793685676382,1.0,1.053320602057404,1.6084274898748567,1.4435606742958316,1.1944591225941477,1.419264012862807,0.0,0.0,5.130843724671824,936.9320241360858,93.30322734807504,302.7106577576344,33.91794976874195
3,270.0,35.5734940628228,0.9900000000000002,0.002314011373365,0.0009525909552947,0.0027509956104358,0.0025470224013241,0.0014353796595803,0.0,0.0,302.07,77.05,0.8938325553679611,0.4616936283299519,39.719838768621386,34.388752718308915,933.8569212119734,96.09574635511254,0.9960950062754758,0.0003780387375526,0.0003536442800778,0.0011114113304446,0.0014731464396023,0.0005887529368466,0.0,0.0,0.9663285463875202,0.0098328365184768,0.0032787474509479,0.0091187237920665,0.0067176834088009,0.0047234624421875,0.0,0.0,5.004740852681585,1.497425334427875,1.0,1.0522839626216396,1.6043435969399766,1.440560467948658,1.1925135674367426,1.416405163358875,0.0,0.0,5.130843724671824,936.9320241360858,93.30322734807504,302.7106577576344,33.91794976874195
3,270.0,36.16581473507974,0.9900000000000002,0.002314011373365,0.0009525909552947,0.0027509956104358,0.0025470224013241,0.0014353796595803,0.0,0.0,302.07,77.05,0.8938325553679611,0.4693811127200485,39.719838768621386,34.388752718308915,933.0217781688564,96.97426916588935,0.99494859760891,0.0005702681576286,0.0004733309363087,0.0014618017359324,0.0017741339711861,0.0007718675900341,0.0,0.0,0.9552146012802613,0.0145713836266716,0.0043214748630992,0.0118131838293571,0.0079799216453067,0.0060994347553039,0.0,0.0,4.967282545636768,1.502968572018169,1.0,1.0513359929964083,1.6006704027331404,1.4378650136440534,1.1907760810429548,1.4138365173956349,0.0,0.0,5.130843724671824,936.9320241360858,93.30322734807504,302.7106577576344,33.91794976874195
3,270.0,36.75813540733668,0.9900000000000002,0.002314011373365,0.0009525909552947,0.0027509956104358,0.0025470224013241,0.0014353796595803,0.0,0.0,302.07,77.05,0.8938325553679611,0.4770685971101451,39.719838768621386,34.388752718308915,932.2902325236988,97.77679250285516,0.9939158329543548,0.0007944596775914,0.0005829672531946,0.001772282184976,0.0020013255678891,0.0009331323619937,0.0,0.0,0.9445303471158604,0.0199586578513228,0.0052445670503294,0.0141155661238971,0.0088835147608021,0.0072673470977882,0.0,0.0,4.933472364564319,1.5080210726276442,1.0,1.050469977923191,1.597375888519362,1.4354540675764695,1.1892199153424372,1.411530403493897,0.0,0.0,5.130843724671824,936.9320241360858,93.30322734807504,302.7106577576344,33.91794976874195
3,270.0,37.35045607959362,0.9900000000000002,0.002314011373365,0.0009525909552947,0.0027509956104358,0.0025470224013241,0.0014353796595803,0.0,0.0,302.07,77.05,0.8938325553679611,0.4847560815002417,39.719838768621386,34.388752718308915,931.6450150180848,98.5034912288221,0.9929843345357716,0.0010494505482131,0.0006805160854265,0.0020404840626971,0.0021735260786306,0.001071688689261,0.0,0.0,0.934240282971828,0.025941239799066,0.0060360752538825,0.0160262911151053,0.0095254790772828,0.0082306317828352,0.0,0.0,4.902978242713402,1.5126358323089568,1.0,1.0496781160781106,1.5944226006379214,1.4332971834171149,1.1878362162253002,1.4094602589296308,0.0,0.0,5.130843724671824,936.9320241360858,93.30322734807504,302.7106577576344,33.91794976874195
3,270.0,37.94277675185056,0.9900000000000002,0.002314011373365,0.0009525909552947,0.0027509956104358,0.0025470224013241,0.0014353796595803,0.0,0.0,302.07,77.05,0.8938325553679611,0.4924435658903382,39.719838768621386,34.388752718308915,931.07085747579,99.159419230768,0.9921405063157376,0.0013325722494235,0.000765404159374,0.002267953816288,0.0023049050359767,0.0011886584232,0.0,0.0,0.924310901001189,0.0324329843004238,0.0066970878895478,0.017574862283027,0.0099772605018629,0.0090069040239494,0.0,0.0,4.875398853129339,1.5168405663376454,1.0,1.048952032064974,1.591767256842577,1.4313610697555608,1.1865988657028992,1.407596173176049,0.0,0.0,5.130843724671824,936.9320241360858,93.30322734807504,302.7106577576344,33.91794976874195
3,270.0,38.53509742410751,0.9900000000000002,0.002314011373365,0.0009525909552947,0.0027509956104358,0.0025470224013241,0.0014353796595803,0.0,0.0,302.07,77.05,0.8938325553679611,0.5001310502804349,39.719838768621386,34.388752718308915,930.5542787083118,99.75273997454995,0.9913703934940776,0.0016402370724604,0.000838185330198,0.0024587406370105,0.0024060647025737,0.0012863787636794,0.0,0.0,0.914711424820777,0.0393307568021074,0.0072379655891053,0.018807303987058,0.0102911516206487,0.0096213971803033,0.0,0.0,4.850298642836829,1.520707385351887,1.0,1.0482853770061844,1.5893636843988923,1.4296114205688328,1.1854828628156795,1.405906178969896,0.0,0.0,5.130843724671824,936.9320241360858,93.30322734807504,302.7106577576344,33.91794976874195
3,270.0,39.12741809636445,0.9900000000000002,0.002314011373365,0.0009525909552947,0.0027509956104358,0.0025470224013241,0.0014353796595803,0.0,0.0,302.07,77.05,0.8938325553679611,0.5078185346705314,39.719838768621386,34.388752718308915,930.0837120844636,100.29283861449046,0.990660802880906,0.0019685826253501,0.0009000822346697,0.0026180008612661,0.0024848520549127,0.0013676793428951,0.0,0.0,0.9054145982410944,0.0465302674978194,0.0076739164189824,0.019774853428543,0.0105050744629036,0.0101012899506569,0.0,0.0,4.827252072756563,1.5242904097502177,1.0,1.0476645471067578,1.5871680994811197,1.4280158521571225,1.1844713099747763,1.4043600601697686,0.0,0.0,5.130843724671824,936.9320241360858,93.30322734807504,302.7106577576344,33.91794976874195
3,270.0,39.71973876862138,0.9900000000000002,0.002314011373365,0.0009525909552947,0.0027509956104358,0.0025470224013241,0.0014353796595803,0.0,0.0,302.07,77.05,0.8938325553679611,0.515506019060628,39.719838768621386,34.388752718308915,929.6495817616066,100.78888582386372,0.9900001079887628,0.0023139518164872,0.0009525828000875,0.0027509751032472,0.0025470130572862,0.0014353692341288,0.0,0.0,0.8963968996178313,0.0539370530726472,0.0080214067871263,0.0205263305932927,0.010646299454868,0.010472010474234,0.0,0.0,4.805878026683894,1.5276249583435146,1.0,1.0470851554433016,1.585141431167976,1.4265454034166345,1.1835451095012723,1.4029308110962322,0.0,0.0,5.130843724671824,936.9320241360858,93.30322734807504,302.7106577576344,33.91794976874195
3,275.0,39.28740140053512,0.9900000000000002,0.002314011373365,0.0009525909552947,0.0027509956104358,0.0025470224013241,0.0014353796595803,0.0,0.0,302.07,77.05,0.9103850100969976,0.5098948916357575,44.2324160962522,39.28730140053512,903.1609637475748,110.67202299423133,0.9985342929064106,0.0001140530099701,0.0001217142399119,0.0003819965283539,0.0006378004101799,0.0002101429051733,0.0,0.0,0.9899982571441968,0.0023144606443523,0.0009527606352343,0.0027514794025722,0.0025474122987255,0.0014356298749187,0.0,0.0,4.070013524006357,1.6403878193510717,1.0,1.036215721553165,1.492779904901319,1.3775791437404643,1.1321767826029023,1.335009977011927,0.0,0.0,4.11187312512685,904.4335281070778,109.60126774294156,302.7106577576344,38.72523437118672
3,275.0,39.83683636672591,0.9900000000000002,0.002314011373365,0.0009525909552947,0.0027509956104358,0.0025470224013241,0.0014353796595803,0.0,0.0,302.07,77.05,0.9103850100969976,0.5170257802300572,44.2324160962522,39.28730140053512,902.0719506772268,111.67644116500396,0.9972268116701416,0.0002503406825715,0.0002428877169728,0.0007527887189822,0.0011165350668961,0.0004106361444359,0.0,0.0,0.9806058290689916,0.0049965878814431,0.0018751379698559,0.0053484753775357,0.004406520496422,0.0027674492057512,0.0,0.0,4.032369172678514,1.6475913676138203,1.0,1.0353726422714171,1.489180304107798,1.3748123802284795,1.130598875813939,1.3324730041383752,0.0,0.0,4.11187312512685,904.4335281070778,109.60126774294156,302.7106577576344,38.72523437118672
3,275.0,40.38627133291669,0.9900000000000002,0.002314011373365,0.0009525909552947,0.0027509956104358,0.0025470224013241,0.0014353796595803,0.0,0.0,302.07,77.05,0.9103850100969976,0.5241566688243569,44.2324160962522,39.28730140053512,901.110818110111,112.62841438697924,0.9960311420222244,0.0004135352880449,0.0003620317217032,0.0011084514240167,0.0014850376069644,0.0005998019370462,0.0,0.0,0.9715618638977096,0.0081240613756953,0.0027580220801627,0.0077725078135345,0.0057936745452816,0.0039898702876162,0.0,0.0,3.997767341440556,1.6543015504484444,1.0,1.034592617511879,1.4858925803304763,1.372288121007638,1.1291646758137734,1.330154466397062,0.0,0.0,4.11187312512685,904.4335281070778,109.60126774294156,302.7106577576344,38.72523437118672
3,275.0,40.93570629910748,0.9900000000000002,0.002314011373365,0.0009525909552947,0.0027509956104358,0.0025470224013241,0.0014353796595803,0.0,0.0,302.07,77.05,0.9103850100969976,0.5312875574186565,44.2324160962522,39.28730140053512,900.257659918416,113.5197812251727,0.9949375575483844,0.0006053176978376,0.0004755357102962,0.0014393386309451,0.0017691625925268,0.0007730878200096,0.0,0.0,0.9628399936811176,0.0117130169686606,0.0035767271484724,0.0099660227776289,0.0068257932541419,0.0050784461699786,0.0,0.0,3.966045955739253,1.6605328474057872,1.0,1.033872343659996,1.482895975954598,1.369990123566826,1.1278599395742055,1.3280409219856455,0.0,0.0,4.11187312512685,904.4335281070778,109.60126774294156,302.7106577576344,38.72523437118672
3,275.0,41.48514126529827,0.9900000000000002,0.002314011373365,0.0009525909552947,0.0027509956104358,0.0025470224013241,0.0014353796595803,0.0,0.0,302.07,77.05,0.9103850100969976,0.5384184460129561,44.2324160962522,39.28730140053512,899.4963827700458,114.34586601255413,0.9939371579054432,0.0008263189977888,0.000580658055298,0.0017391102121501,0.0019888784727482,0.0009278763565713,0.0,0.0,0.9544160317537524,0.0157597505395541,0.0043141143742352,0.011896399159442,0.0075915180269172,0.0060221861460989,0.0,0.0,3.9370309255666394,1.6662902349491708,1.0,1.0332082294206408,1.4801717402375032,1.367902356911572,1.1266814370864084,1.3261202097930824,0.0,0.0,4.11187312512685,904.4335281070778,109.60126774294156,302.7106577576344,38.72523437118672
3,275.0,42.03457623148905,0.9900000000000002,0.002314011373365,0.0009525909552947,0.0027509956104358,0.0025470224013241,0.0014353796595803,0.0,0.0,302.07,77.05,0.9103850100969976,0.5455493346072556,44.2324160962522,39.28730140053512,898.8133368133722,115.1058840176296,0.993020833418428,0.0010759155352581,0.000675693300482,0.0020047547309689,0.0021594776685797,0.0010633253462829,0.0,0.0,0.946267095434424,0.0202380474359487,0.0049612657264629,0.013554398726135,0.0081575458775973,0.0068216467994321,0.0,0.0,3.9105124822483095,1.671610966394813,1.0,1.032595471206265,1.4776967817462214,1.3660094152166462,1.1256128033443624,1.3243696933649516,0.0,0.0,4.11187312512685,904.4335281070778,109.60126774294156,302.7106577576344,38.72523437118672
3,275.0,42.58401119767984,0.9900000000000002,0.002314011373365,0.0009525909552947,0.0027509956104358,0.0025470224013241,0.0014353796595803,0.0,0.0,302.07,77.05,0.9103850100969976,0.5526802232015553,44.2324160962522,39.28730140053512,898.196419600835,115.80263280969204,0.9921788715600254,0.0013523059767755,0.0007599647250735,0.002236167795311,0.0022926659317609,0.0011800240110534,0.0,0.0,0.9383713965129096,0.0251017275025945,0.0055168908634484,0.0149498978398512,0.008574027183239,0.0074860600979571,0.0,0.0,3.886241829749273,1.676529588231346,1.0,1.0320301218434071,1.4754399199188908,1.364283199176687,1.1246462928488288,1.3227779687786057,0.0,0.0,4.11187312512685,904.4335281070778,109.60126774294156,302.7106577576344,38.72523437118672
3,275.0,43.13344616387062,0.9900000000000002,0.002314011373365,0.0009525909552947,0.0027509956104358,0.0025470224013241,0.0014353796595803,0.0,0.0,302.07,77.05,0.9103850100969976,0.559811111795855,44.2324160962522,39.28730140053512,897.6347442845795,116.44155136725932,0.9914012050984096,0.0016528354239668,0.0008336478596775,0.002435388152659,0.0023973910342907,0.0012795324309963,0.0,0.0,0.9307084910409562,0.0302914429226432,0.0059856268951472,0.0161058159943712,0.0088786219288182,0.0080300012180639,0.0,0.0,3.8639372073234775,1.681092083066296,1.0,1.0315052613080349,1.4733775038985792,1.3627118829292706,1.1237642764036806,1.32131852494211,0.0,0.0,4.11187312512685,904.4335281070778,109.60126774294156,302.7106577576344,38.72523437118672
3,275.0,43.68288113006141,0.9900000000000002,0.002314011373365,0.0009525909552947,0.0027509956104358,0.0025470224013241,0.0014353796595803,0.0,0.0,302.07,77.05,0.9103850100969976,0.5669420003901546,44.2324160962522,39.28730140053512,897.118650020625,117.02954361486783,0.9906779829821136,0.0019744234422375,0.0008974988930038,0.0026057203878486,0.0024804589204937,0.0013639153743025,0.0,0.0,0.9232597887485018,0.0357428301782975,0.0063758183409005,0.0170517956317697,0.0090994888930432,0.0084702782074872,0.0,0.0,3.843314993381454,1.685345830327187,1.0,1.0310155152290117,1.471479511263592,1.3612682545747952,1.1229605739099922,1.319973762289105,0.0,0.0,4.11187312512685,904.4335281070778,109.60126774294156,302.7106577576344,38.72523437118672
3,275.0,44.2323160962522,0.9900000000000002,0.002314011373365,0.0009525909552947,0.0027509956104358,0.0025470224013241,0.0014353796595803,0.0,0.0,302.07,77.05,0.9103850100969976,0.5740728889844543,44.2324160962522,39.28730140053512,896.6397918325189,117.5739023279844,0.9900001197462894,0.0023139481277479,0.0009525816578752,0.0027509712244461,0.0025470115410664,0.0014353677025747,0.0,0.0,0.916008826176811,0.0413934473255061,0.0066974619152166,0.0178190867235043,0.0092575702979065,0.0088236075610553,0.0,0.0,3.824106639477477,1.6893392573655526,1.0,1.0305554598273534,1.4697193329091998,1.359931414145523,1.122217118479555,1.3187251295676137,0.0,0.0,4.11187312512685,904.4335281070778,109.60126774294156,302.7106577576344,38.72523437118672
3,280.0,44.70204762096424,0.9900000000000002,0.002314011373365,0.0009525909552947,0.0027509956104358,0.0025470224013241,0.0014353796595803,0.0,0.0,302.07,77.05,0.9269374648260336,0.5801693396620926,49.22883474701762,44.70194762096423,866.0340987758962,130.7178821482296,0.9982322764460176,0.0001543639219018,0.0001502723621509,0.000454234681718,0.000751493593341,0.0002573589948703,0.0,0.0,0.98999855154254,0.0023143913602961,0.0009527321221225,0.0027513997222903,0.002547338322092,0.0014355869306591,0.0,0.0,3.100683923412205,1.845149867754652,1.0,1.0206850278394908,1.384446736488169,1.312536780960857,1.0796619679292212,1.2548726678819944,0.0,0.0,3.1449654870637134,867.6798743518019,129.30886906724652,302.7106577576344,44.02808165538378
3,280.0,45.20501285719239,0.9900000000000002,0.002314011373365,0.0009525909552947,0.0027509956104358,0.0025470224013241,0.0014353796595803,0.0,0.0,302.07,77.05,0.9269374648260336,0.5866971169006151,49.22883474701762,44.70194762096423,864.9563837865669,131.7257061713115,0.9970292364768208,0.0002956629965038,0.0002639473122285,0.0007926267642154,0.0011750598266809,0.0004434666235502,0.0,0.0,0.9828374064133666,0.0043706514063712,0.0016542993922731,0.0047465181944967,0.0039450135445505,0.0024461110489416,0.0,0.0,3.0703389790415465,1.8533852764583127,1.0,1.02009853772584,1.3815997341499282,1.310231297931116,1.0785585168114795,1.252860884327707,0.0,0.0,3.1449654870637134,867.6798743518019,129.30886906724652,302.7106577576344,44.02808165538378
3,280.0,45.70797809342054,0.9900000000000002,0.002314011373365,0.0009525909552947,0.0027509956104358,0.0025470224013241,0.0014353796595803,0.0,0.0,302.07,77.05,0.9269374648260336,0.5932248941391375,49.22883474701762,44.70194762096423,863.986099806255,132.6877510997306,0.9959148373409704,0.0004612481653464,0.0003754378499559,0.001120228053283,0.0015089845743844,0.0006192640160594,0.0,0.0,0.9759128925308436,0.0067266558674862,0.0023271710751481,0.0066349228446975,0.005019271354623,0.0033790863272011,0.0,0.0,3.042150694298972,1.861137404369109,1.0,1.0195524976649464,1.3789697862446892,1.308102914282217,1.0775430486039308,1.2510004759218547,0.0,0.0,3.1449654870637134,867.6798743518019,129.30886906724652,302.7106577576344,44.02808165538378
3,280.0,46.2109433296487,0.9900000000000002,0.002314011373365,0.0009525909552947,0.0027509956104358,0.0025470224013241,0.0014353796595803,0.0,0.0,302.07,77.05,0.9269374648260336,0.59975267137766,49.22883474701762,44.70194762096423,863.1081452175799,133.59819794808595,0.9948813078891752,0.0006524069150353,0.0004821017041665,0.0014297388325836,0.0017729034889378,0.0007815411701014,0.0,0.0,0.9692077571137728,0.0093917217458337,0.0029566699863491,0.0083789732885288,0.005844431377482,0.0042204464880334,0.0,0.0,3.0160021809821664,1.8684155203870416,1.0,1.019044260144813,1.3765413170072685,1.306140002665379,1.076609377270154,1.2492852022044705,0.0,0.0,3.1449654870637134,867.6798743518019,129.30886906724652,302.7106577576344,44.02808165538378
3,280.0,46.71390856587685,0.9900000000000002,0.002314011373365,0.0009525909552947,0.0027509956104358,0.0025470224013241,0.0014353796595803,0.0,0.0,302.07,77.05,0.9269374648260336,0.6062804486161824,49.22883474701762,44.70194762096423,862.3102258467977,134.4534074870158,0.993921814703435,0.0008697285030305,0.0005819060811381,0.0017159418851611,0.0019821978910061,0.0009284109362289,0.0,0.0,0.9627063785256814,0.0123654066955931,0.0035323489006718,0.0099543865708719,0.0064778828702122,0.0049635964369694,0.0,0.0,2.9917803507558043,1.8752377593819909,1.0,1.0185717983137317,1.3743014716098632,1.3043320754620316,1.0757518875087644,1.2477028606138147,0.0,0.0,3.1449654870637134,867.6798743518019,129.30886906724652,302.7106577576344,44.02808165538378
3,280.0,47.216873802105006,0.9900000000000002,0.002314011373365,0.0009525909552947,0.0027509956104358,0.0025470224013241,0.0014353796595803,0.0,0.0,302.07,77.05,0.9269374648260336,0.6128082258547048,49.22883474701762,44.70194762096423,861.5819104731795,135.25221466630427,0.9930297743827315,0.0011129570256819,0.0006735039480676,0.0019757616539804,0.0021488342005659,0.0010591687889725,0.0,0.0,0.9563941428409276,0.0156359475144089,0.0040481871664457,0.011349788231428,0.0069636733154571,0.0056082609313324,0.0,0.0,2.969353498829278,1.881626754584209,1.0,1.0181325576565006,1.3722363538368056,1.3026711937032716,1.07496566730003,1.2462413106395662,0.0,0.0,3.1449654870637134,867.6798743518019,129.30886906724652,302.7106577576344,44.02808165538378
3,280.0,47.71983903833316,0.9900000000000002,0.002314011373365,0.0009525909552947,0.0027509956104358,0.0025470224013241,0.0014353796595803,0.0,0.0,302.07,77.05,0.9269374648260336,0.6193360030932272,49.22883474701762,44.70194762096423,860.913940732651,135.99587436473854,0.9921984622203958,0.001380991621121,0.0007562300904645,0.0022081063020927,0.0022821300498718,0.001174079716054,0.0,0.0,0.9502571551406982,0.0191807370874058,0.004502317357225,0.0125651126587465,0.0073356312436842,0.00615904651224,0.0,0.0,2.948576904306744,1.887609963322585,1.0,1.0177236117885198,1.37033134617214,1.3011384040329883,1.074244581662373,1.2448943903718184,0.0,0.0,3.1449654870637134,867.6798743518019,129.30886906724652,302.7106577576344,44.02808165538378
3,280.0,48.22280427456131,0.9900000000000002,0.002314011373365,0.0009525909552947,0.0027509956104358,0.0025470224013241,0.0014353796595803,0.0,0.0,302.07,77.05,0.9269374648260336,0.6258637803317497,49.22883474701762,44.70194762096423,860.2978848831386,136.6876360658852,0.991420967591812,0.0016720350761956,0.0008300150082557,0.0024135127769418,0.0023893545455361,0.0012741150012587,0.0,0.0,0.9442822047943056,0.022968768772495,0.0048963135821612,0.0136090694722351,0.0076197818245307,0.0066238615542722,0.0,0.0,2.929281823399524,1.8932211380996395,1.0,1.0173416785879323,1.3685691314878348,1.2997236570482706,1.0735795653386315,1.2436459735722305,0.0,0.0,3.1449654870637134,867.6798743518019,129.30886906724652,302.7106577576344,44.02808165538378
3,280.0,48.72576951078946,0.9900000000000002,0.002314011373365,0.0009525909552947,0.0027509956104358,0.0025470224013241,0.0014353796595803,0.0,0.0,302.07,77.05,0.9269374648260336,0.6323915575702721,49.22883474701762,44.70194762096423,859.7260558313075,137.33212635599804,0.9906903924677252,0.0019838354427383,0.0008952409711817,0.0025936752913083,0.0024761773294855,0.0013606784975606,0.0,0.0,0.938457010864474,0.026964127359098,0.0052341985136675,0.014496140406555,0.0078361397349926,0.0070123831212125,0.0,0.0,2.911292550537669,1.89850115254898,1.0,1.0169843814420712,1.3669326888595978,1.298411935614231,1.0729658395187949,1.242488090058416,0.0,0.0,3.1449654870637134,867.6798743518019,129.30886906724652,302.7106577576344,44.02808165538378
3,280.0,49.22873474701762,0.9900000000000002,0.002314011373365,0.0009525909552947,0.0027509956104358,0.0025470224013241,0.0014353796595803,0.0,0.0,302.07,77.05,0.9269374648260336,0.6389193348087946,49.22883474701762,44.70194762096423,859.191552358607,137.93466082953836,0.990000133504268,0.0023139441529332,0.0009525802971975,0.0027509664675329,0.0025470096805484,0.0014353658975197,0.0,0.0,0.9327703793864718,0.0311295680900181,0.0055214250959785,0.0152437593300625,0.0080000702777154,0.0073347978197533,0.0,0.0,2.8944357173627555,1.903488689592768,1.0,1.0166482477911292,1.3654052798030127,1.2971887951097902,1.0723953242790765,1.241406029540867,0.0,0.0,3.1449654870637134,867.6798743518019,129.30886906724652,302.7106577576344,44.02808165538378
3,285.0,50.67887264715719,0.9900000000000002,0.002314011373365,0.0009525909552947,0.0027509956104358,0.0025470224013241,0.0014353796595803,0.0,0.0,302.07,77.05,0.94348991955507,0.6577400732921115,54.73262872302964,50.67877264715719,822.7615210617005,155.6997676612075,0.9978356597606652,0.0002143780526244,0.0001884570240961,0.000550532994662,0.0008909452190422,0.0003200269489098,0.0,0.0,0.9899988078103932,0.0023143308309601,0.0009527072176847,0.0027513304091306,0.0025472743721938,0.0014355493596375,0.0,0.0,2.19474050166818,2.1324108111463085,1.0,1.0084749487722062,1.2856345251973635,1.249473673575781,1.0388239026659438,1.181361723902291,0.0,0.0,2.2410524707626744,824.9746819221486,153.77005765610247,302.7106577576344,49.86436423924916
3,285.0,51.12927887780969,0.9900000000000002,0.002314011373365,0.0009525909552947,0.0027509956104358,0.0025470224013241,0.0014353796595803,0.0,0.0,302.07,77.05,0.94348991955507,0.6635857089916897,54.73262872302964,50.67877264715719,821.6844084811269,156.7203722514289,0.9967452347536004,0.0003606003108858,0.0002934770117658,0.0008560016178134,0.0012548714460766,0.0004898148598577,0.0,0.0,0.9847103330915604,0.0038458919132172,0.0014694733683366,0.0042370650180446,0.0035603374894361,0.0021768991194045,0.0,0.0,2.1713076992027527,2.143277899455231,1.0000000013383346,1.0081315557649229,1.2836356384565413,1.2477549999786977,1.0381757648765464,1.1799574915094106,0.0,0.0,2.2410524707626744,824.9746819221486,153.77005765610247,302.7106577576344,49.86436423924916
3,285.0,51.57968510846218,0.9900000000000002,0.002314011373365,0.0009525909552947,0.0027509956104358,0.0025470224013241,0.0014353796595803,0.0,0.0,302.07,77.05,0.94348991955507,0.6694313446912677,54.73262872302964,50.67877264715719,820.6945332574332,157.70166382970515,0.9957214758939388,0.0005281190523226,0.000396277091833,0.0011540807342249,0.0015495798684117,0.0006504673592686,0.0,0.0,0.9795779130829784,0.0055671448898519,0.0019659573568352,0.0056598928858024,0.0043639369467054,0.0028651548378264,0.0,0.0,2.149305975933372,2.1527679046960038,1.0000000011256691,1.0078058925555395,1.2815586647456292,1.2459733773830994,1.0375213610315797,1.1785005335103849,0.0,0.0,2.2410524707626744,824.9746819221486,153.77005765610247,302.7106577576344,49.86436423924916
3,285.0,52.03009133911468,0.9900000000000002,0.002314011373365,0.0009525909552947,0.0027509956104358,0.0025470224013241,0.0014353796595803,0.0,0.0,302.07,77.05,0.94348991955507,0.6752769803908459,54.73262872302964,50.67877264715719,819.7812116382588,158.639859338562,0.9947586498835824,0.0007178458029664,0.0004950512360338,0.0014396110483458,0.0017889307130209,0.0007999113160506,0.0,0.0,0.974590630900152,0.0074826842155505,0.0024341873291436,0.0069974960346012,0.0050018604168068,0.0034931411037457,0.0,0.0,2.12866141157635,2.1618004129841726,1.0000000005638667,1.0075025614402506,1.2796155222636971,1.2443090643174175,1.0369130927775676,1.1771389254749025,0.0,0.0,2.2410524707626744,824.9746819221486,153.77005765610247,302.7106577576344,49.86436423924916
3,285.0,52.48049756976717,0.9900000000000002,0.002314011373365,0.0009525909552947,0.0027509956104358,0.0025470224013241,0.0014353796595803,0.0,0.0,302.07,77.05,0.94348991955507,0.681122616090424,54.73262872302964,50.67877264715719,818.9356286830416,159.53241221994017,0.9938518086662071,0.0009302634264116,0.0005883904188882,0.0017086389844972,0.0019839906862864,0.0009369078177091,0.0,0.0,0.9697386922093592,0.0095928108900337,0.0028683608714866,0.0082340063869162,0.0055086853142184,0.0040574443279856,0.0,0.0,2.109300167767832,2.170383448848975,1.0000000004756109,1.0072197930189652,1.2777989225275452,1.2427547287725902,1.0363480234966604,1.175862483597672,0.0,0.0,2.2410524707626744,824.9746819221486,153.77005765610247,302.7106577576344,49.86436423924916
3,285.0,52.930903800419664,0.9900000000000002,0.002314011373365,0.0009525909552947,0.0027509956104358,0.0025470224013241,0.0014353796595803,0.0,0.0,302.07,77.05,0.94348991955507,0.6869682517900022,54.73262872302964,50.67877264715719,818.150259242916,160.37820160198743,0.9929963956086808,0.0011653366543892,0.0006753079113884,0.0019584652703934,0.0021435488514766,0.0010609457036712,0.0,0.0,0.9650130641157816,0.0118928071344182,0.0032648536017206,0.0093599042390441,0.0059115873779276,0.0045577835311077,0.0,0.0,2.0911430503609485,2.178530884586979,1.000000000327414,1.0069554552991202,1.276102317487655,1.2413036664637764,1.0358225659392026,1.1746733751458047,0.0,0.0,2.2410524707626744,824.9746819221486,153.77005765610247,302.7106577576344,49.86436423924916
3,285.0,53.38131003107216,0.9900000000000002,0.002314011373365,0.0009525909552947,0.0027509956104358,0.0025470224013241,0.0014353796595803,0.0,0.0,302.07,77.05,0.94348991955507,0.6928138874895802,54.73262872302964,50.67877264715719,817.4184075368354,161.17755178237363,0.9921879672872068,0.0014224883745743,0.0007552330025721,0.0021876035673788,0.0022745928586532,0.0011721149096146,0.0,0.0,0.9604051992110648,0.0143728962123828,0.0036220866690047,0.0103715278632863,0.0062319486301156,0.0049963414141455,0.0,0.0,2.074115288383683,2.1862615211011303,1.0000000002375689,1.0067091606491787,1.274514379421799,1.239948324656821,1.035333949570903,1.1735594794286954,0.0,0.0,2.2410524707626744,824.9746819221486,153.77005765610247,302.7106577576344,49.86436423924916
3,285.0,53.83171626172465,0.9900000000000002,0.002314011373365,0.0009525909552947,0.0027509956104358,0.0025470224013241,0.0014353796595803,0.0,0.0,302.07,77.05,0.94348991955507,0.6986595231891584,54.73262872302964,50.67877264715719,816.7339280546904,161.93211880563268,0.991422071165715,0.0017006492467295,0.0008279713464781,0.0023956473090201,0.0023826951842829,0.0012709657477742,0.0,0.0,0.9559069916365552,0.0170188732799704,0.0039402454890921,0.0112701843150392,0.0064866347920375,0.0053770704873053,0.0,0.0,2.0581239629217447,2.1936031817127883,1.000000000108059,1.0064778615055736,1.2730288454687215,1.2386808542996184,1.0348790146947564,1.1725166003359395,0.0,0.0,2.2410524707626744,824.9746819221486,153.77005765610247,302.7106577576344,49.86436423924916
3,285.0,54.28212249237714,0.9900000000000002,0.002314011373365,0.0009525909552947,0.0027509956104358,0.0025470224013241,0.0014353796595803,0.0,0.0,302.07,77.05,0.94348991955507,0.7045051588887364,54.73262872302964,50.67877264715719,816.0911039041792,162.64461052781107,0.9906942538952632,0.00199836599975,0.0008936384521267,0.0025830650948496,0.0024723113280483,0.0013583652299619,0.0,0.0,0.95151077259815,0.0198132960677668,0.004220900021792,0.0120610129487684,0.0066889818607758,0.0057050365027468,0.0,0.0,2.04307283654337,2.20058970998372,1.0000000000424805,1.0062609695762663,1.2716344824485064,1.2374928165465202,1.0344544804573306,1.1715372130593933,0.0,0.0,2.2410524707626744,824.9746819221486,153.77005765610247,302.7106577576344,49.86436423924916
3,285.0,54.73252872302964,0.9900000000000002,0.002314011373365,0.0009525909552947,0.0027509956104358,0.0025470224013241,0.0014353796595803,0.0,0.0,302.07,77.05,0.94348991955507,0.7103507945883146,54.73262872302964,50.67877264715719,815.4846320719292,163.31844502675628,0.9900001504312284,0.0023139395763134,0.0009525786017977,0.0027509604525829,0.0025470072757223,0.001435363662355,0.0,0.0,0.9472093829820916,0.022736899435447,0.00446658046509,0.0127517529822289,0.006849545472364,0.0059858386627781,0.0,0.0,2.0288676187384884,2.207252884645757,1.0000000000447942,1.0060569424253436,1.2703219270591448,1.2363757048173565,1.0340570304913037,1.170616066171882,0.0,0.0,2.2410524707626744,824.9746819221486,153.77005765610247,302.7106577576344,49.86436423924916
3,290.0,57.27539772829692,0.9900000000000002,0.002314011373365,0.0009525909552947,0.0027509956104358,0.0025470224013241,0.0014353796595803,0.0,0.0,302.07,77.05,0.9600423742841064,0.7433536369668646,60.76239865579844,57.27529772829691,770.0798462623827,188.2761193445965,0.9972778116789084,0.0003108707625423,0.0002430300975047,0.0006900094593285,0.0010700357272236,0.0004082422744926,0.0,0.0,0.9899990359986643,0.0023142767045262,0.00095268494201,0.0027512686036774,0.0025472180394072,0.0014355157117144,0.0,0.0,1.3693271786229404,2.5824399222885632,1.0000000003952552,1.0009995112053784,1.1947291351721196,1.1863074732967045,1.0108350640082016,1.1144609920482051,0.0,0.0,1.4167983026644004,773.2637021553837,185.44864903964933,302.7106577576344,56.27641671412855
3,290.0,57.662831164685976,0.9900000000000002,0.002314011373365,0.0009525909552947,0.0027509956104358,0.0025470224013241,0.0014353796595803,0.0,0.0,302.07,77.05,0.9600423742841064,0.7483819748823618,60.76239865579844,57.27529772829691,768.9875787936927,189.32206977678496,0.9963163188941012,0.0004609460216782,0.0003373093266918,0.0009598906403878,0.0013674531328292,0.0005580819843117,0.0,0.0,0.9863132388889834,0.0033956238424808,0.0013117236113065,0.0037964425329287,0.0032355231214031,0.0019474480028975,0.0,0.0,1.3525763694293735,2.5956166155035363,1.0000000003863228,1.0008898256002865,1.1930455270077869,1.184756035903243,1.010490013724477,1.1133047985199995,0.0,0.0,1.4167983026644004,773.2637021553837,185.44864903964933,302.7106577576344,56.27641671412855
3,290.0,58.05026460107503,0.9900000000000002,0.002314011373365,0.0009525909552947,0.0027509956104358,0.0025470224013241,0.0014353796595803,0.0,0.0,302.07,77.05,0.9600423742841064,0.753410312797859,60.76239865579844,57.27529772829691,767.9619016081798,190.3356003846284,0.9954003904604042,0.0006287125538042,0.0004295065214056,0.0012249901624569,0.0016160793332737,0.0007003209686553,0.0,0.0,0.9827238025544968,0.0045846929205063,0.0016573669616875,0.0048070537832326,0.0038013253305886,0.0024257584494878,0.0,0.0,1.3366682075537115,2.608336179357559,1.0000000006244498,1.0007904050311756,1.1914526614668262,1.183287020275204,1.0101669510619025,1.1122135057120006,0.0,0.0,1.4167983026644004,773.2637021553837,185.44864903964933,302.7106577576344,56.27641671412855
3,290.0,58.43769803746409,0.9900000000000002,0.002314011373365,0.0009525909552947,0.0027509956104358,0.0025470224013241,0.0014353796595803,0.0,0.0,302.07,77.05,0.9600423742841064,0.7584386507133561,60.76239865579844,57.27529772829691,766.9961515922715,191.31458849063608,0.9945263544931646,0.000814739265433,0.000518529420326,0.001482064108035,0.0018245013723083,0.0008338113407328,0.0,0.0,0.9792244288006056,0.0058832221743936,0.0019859304743351,0.0057718508642439,0.004267076984538,0.0028674907018837,0.0,0.0,1.3215825781466168,2.620610141925639,1.00000000037127,1.000699377139928,1.1899371415757898,1.1818958470597256,1.009864277615439,1.1111729536687551,0.0,0.0,1.4167983026644004,773.2637021553837,185.44864903964933,302.7106577576344,56.27641671412855
3,290.0,58.82513147385315,0.9900000000000002,0.002314011373365,0.0009525909552947,0.0027509956104358,0.0025470224013241,0.0014353796595803,0.0,0.0,302.07,77.05,0.9600423742841064,0.7634669886288533,60.76239865579844,57.27529772829691,766.0847194236587,192.2575523703177,0.9936910435731342,0.0010193657512768,0.0006035088408639,0.0017284695543443,0.0019997575283618,0.0009578547520187,0.0,0.0,0.9758095421949232,0.0072913609247194,0.0022946599168732,0.0066821637383798,0.0046510179066865,0.0032712553184176,0.0,0.0,1.3072479402976924,2.6324394894349554,1.0000000005283425,1.0006169899110218,1.188503489677854,1.1805781042235182,1.009580670796714,1.1101923718924218,0.0,0.0,1.4167983026644004,773.2637021553837,185.44864903964933,302.7106577576344,56.27641671412855
3,290.0,59.2125649102422,0.9900000000000002,0.002314011373365,0.0009525909552947,0.0027509956104358,0.0025470224013241,0.0014353796595803,0.0,0.0,302.07,77.05,0.9600423742841064,0.7684953265443505,60.76239865579844,57.27529772829691,765.2227394944845,193.1636491199566,0.9928916070536083,0.0012426594938,0.0006838027634146,0.0019621929376942,0.0021475976570187,0.0010721400944639,0.0,0.0,0.972473967478506,0.008807475919244,0.0025817163879518,0.0075319292017615,0.0049679360762473,0.0036369749362891,0.0,0.0,1.2936459741034845,2.643833391804324,1.000000000203418,1.0005429783012465,1.18713869950962,1.1793302135687234,1.009314734567731,1.1092576179931726,0.0,0.0,1.4167983026644004,773.2637021553837,185.44864903964933,302.7106577576344,56.27641671412855
3,290.0,59.59999834663126,0.9900000000000002,0.002314011373365,0.0009525909552947,0.0027509956104358,0.0025470224013241,0.0014353796595803,0.0,0.0,302.07,77.05,0.9600423742841064,0.7735236644598477,60.76239865579844,57.27529772829691,764.4058550498054,194.03279020264557,0.9921253720447932,0.0014843952547554,0.0007589891197865,0.0021818455256081,0.0022727206353658,0.0011766774196905,0.0,0.0,0.9692129010640714,0.0104280318709174,0.0028461043845057,0.0083175406074343,0.0052298176141633,0.0039656044589079,0.0,0.0,1.280727584169733,2.654808674002638,1.0000000002645475,1.000476179908396,1.1858500145395905,1.1781477435993544,1.0090656583480615,1.1083750432397927,0.0,0.0,1.4167983026644004,773.2637021553837,185.44864903964933,302.7106577576344,56.27641671412855
3,290.0,59.98743178302032,0.9900000000000002,0.002314011373365,0.0009525909552947,0.0027509956104358,0.0025470224013241,0.0014353796595803,0.0,0.0,302.07,77.05,0.9600423742841064,0.7785520023753448,60.76239865579844,57.27529772829691,763.6300385373248,194.86560092928397,0.9913897482993688,0.001744062217743,0.0008288494616461,0.0023866296590282,0.0023789775907208,0.001271732771493,0.0,0.0,0.96602179335935,0.0121477047366716,0.0030875812309263,0.0090376318881245,0.0054464058331042,0.0042588829518231,0.0,0.0,1.2684518251751584,2.6653828677083906,1.000000000238551,1.000416119785201,1.18462659798283,1.1770266503002242,1.008831743472988,1.1075374033273158,0.0,0.0,1.4167983026644004,773.2637021553837,185.44864903964933,302.7106577576344,56.27641671412855
3,290.0,60.37486521940937,0.9900000000000002,0.002314011373365,0.0009525909552947,0.0027509956104358,0.0025470224013241,0.0014353796595803,0.0,0.0,302.07,77.05,0.9600423742841064,0.783580340290842,60.76239865579844,57.27529772829691,762.8914898061379,195.66335110169825,0.9906821859007036,0.0020208966657999,0.0008933433508808,0.0025762749808379,0.0024695350595986,0.0013577640421789,0.0,0.0,0.96289632263349,0.013959644121021,0.0033065357570199,0.0096927567477001,0.0056256435043823,0.0045190972363866,0.0,0.0,1.2567750749457705,2.6755742137618057,1.0000000001727016,1.0003619539801871,1.1834637226602,1.1759627238374548,1.0086117116774194,1.1067414723467812,0.0,0.0,1.4167983026644004,773.2637021553837,185.44864903964933,302.7106577576344,56.27641671412855
3,290.0,60.76229865579843,0.9900000000000002,0.002314011373365,0.0009525909552947,0.0027509956104358,0.0025470224013241,0.0014353796595803,0.0,0.0,302.07,77.05,0.9600423742841064,0.7886086782063392,60.76239865579844,57.27529772829691,762.186591883343,196.427829594336,0.9900001724325976,0.0023139339706286,0.0009525763727499,0.0027509525473814,0.0025470039563778,0.0014353607202643,0.0,0.0,0.9598323872785854,0.0158558578952249,0.003503851961215,0.0102850092761255,0.0057740224152657,0.0047488711735832,0.0,0.0,1.2456527347668318,2.685407433877961,1.0000000000894225,1.000313358839016,1.1823543211707304,1.174951241614164,1.0084043234080178,1.105983820738974,0.0,0.0,1.4167983026644004,773.2637021553837,185.44864903964933,302.7106577576344,56.27641671412855
3,295.0,65.46991435106506,0.9900000000000002,0.002314011373365,0.0009525909552947,0.0027509956104358,0.0025470224013241,0.0014353796595803,0.0,0.0,302.07,77.05,0.9765948290131428,0.8497068702279696,67.31814952822663,65.46981435106505,697.5184518779818,237.69680865614143,0.9941183283823471,0.000966232501129,0.0005586589997155,0.0015770515325338,0.0018885447407989,0.0008911838434754,0.0,0.0,0.9834791051080654,0.0044480627523402,0.0015763364749373,0.0046097997732658,0.0035896453333314,0.0022970505580597,0.0,0.0,0.6257833696980981,3.497871522282003,1.0000000000009044,1.000000000001457,1.1058784513023687,1.114180708537653,1.0000000065247208,1.0520941300863584,0.0,0.0,0.7007191954812403,705.9625820508377,229.82343987692175,302.7106577576344,63.31231171729296
3,295.0,65.67526270408301,0.9900000000000002,0.002314011373365,0.0009525909552947,0.0027509956104358,0.0025470224013241,0.0014353796595803,0.0,0.0,302.07,77.05,0.9765948290131428,0.8523720013508502,67.31814952822663,65.46981435106505,696.8331726233818,238.38536283772711,0.9936261722670284,0.0010916693420512,0.000608102661598,0.0017215304035033,0.0019895779226358,0.0009629474031829,0.0,0.0,0.9820417637887054,0.0049966436091909,0.0017086276274053,0.005010327678736,0.0037704267267116,0.0024722105692507,0.0,0.0,0.6197004252563699,3.511180729842846,1.000000000000217,1.0000000000002514,1.1051607288909904,1.1133735244958989,1.000000003166574,1.0516367760204088,0.0,0.0,0.7007191954812403,705.9625820508377,229.82343987692175,302.7106577576344,63.31231171729296
3,295.0,65.88061105710096,0.9900000000000002,0.002314011373365,0.0009525909552947,0.0027509956104358,0.0025470224013241,0.0014353796595803,0.0,0.0,302.07,77.05,0.9765948290131428,0.8550371324737309,67.31814952822663,65.46981435106505,696.1644736112596,239.0623445314857,0.99314354804313,0.0012232399436709,0.0006562759348454,0.0018630799202562,0.0020819877345695,0.0010318684235279,0.0,0.0,0.9806243344473164,0.0055672487913788,0.0018363536628634,0.0053992136226585,0.0039339932527551,0.0026388562230275,0.0,0.0,0.613778622670829,3.5243096700606604,1.0000000000003144,1.0000000000003804,1.10446149179468,1.1125832543618468,1.0000000032894212,1.051189984518018,0.0,0.0,0.7007191954812403,705.9625820508377,229.82343987692175,302.7106577576344,63.31231171729296
3,295.0,66.08595941011892,0.9900000000000002,0.002314011373365,0.0009525909552947,0.0027509956104358,0.0025470224013241,0.0014353796595803,0.0,0.0,302.07,77.05,0.9765948290131428,0.8577022635966115,67.31814952822663,65.46981435106505,695.5116500222883,239.7276545960941,0.9926700527115264,0.0013609550062963,0.0007030905937628,0.0020013814913176,0.0021665980202976,0.001097922176799,0.0,0.0,0.9792261278555582,0.0061596685774036,0.0019593444862387,0.0057757473848796,0.0040820646213198,0.0027970470746,0.0,0.0,0.6080103476901756,3.537263257927913,1.000000000000983,1.0000000000007572,1.1037806334827167,1.1118093554864472,1.000000005201993,1.050754476467002,0.0,0.0,0.7007191954812403,705.9625820508377,229.82343987692175,302.7106577576344,63.31231171729296
3,295.0,66.29130776313687,0.9900000000000002,0.002314011373365,0.0009525909552947,0.0027509956104358,0.0025470224013241,0.0014353796595803,0.0,0.0,302.07,77.05,0.9765948290131428,0.8603673947194922,67.31814952822663,65.46981435106505,694.8740364962736,240.38124791243587,0.992205303171646,0.0015048016816326,0.0007484756493121,0.0021361635125828,0.0022441477147923,0.0011611082700339,0.0,0.0,0.9778464849603224,0.0067735987376644,0.0020774786682326,0.0061393601873366,0.0042161770578032,0.0029469003886404,0.0,0.0,0.6023931114871464,3.550037353609383,1.0000000000007871,1.0000000000010585,1.1031164115843997,1.1110514619264027,1.000000005340139,1.0503307552351846,0.0,0.0,0.7007191954812403,705.9625820508377,229.82343987692175,302.7106577576344,63.31231171729296
3,295.0,66.49665611615481,0.9900000000000002,0.002314011373365,0.0009525909552947,0.0027509956104358,0.0025470224013241,0.0014353796595803,0.0,0.0,302.07,77.05,0.9765948290131428,0.8630325258423727,67.31814952822663,65.46981435106505,694.2509976385181,241.02313493180827,0.9917489314384168,0.0016547433051205,0.0007923766073216,0.00226720079063,0.0023153001308775,0.0012214477276332,0.0,0.0,0.9764847726440364,0.0074086409483907,0.0021906802771401,0.0064896195722938,0.0043377038995994,0.0030885826585393,0.0,0.0,0.5969212782374509,3.5626427917617947,1.0000000000003717,1.0000000000008489,1.1024684450127962,1.1103091780180614,1.000000005486663,1.0499180391210172,0.0,0.0,0.7007191954812403,705.9625820508377,229.82343987692175,302.7106577576344,63.31231171729296
3,295.0,66.70200446917276,0.9900000000000002,0.002314011373365,0.0009525909552947,0.0027509956104358,0.0025470224013241,0.0014353796595803,0.0,0.0,302.07,77.05,0.9765948290131428,0.8656976569652532,67.31814952822663,65.46981435106505,693.6419203530526,241.6533818699991,0.991300580850319,0.0018107197133453,0.0008347545732192,0.0023943133635225,0.0023806513052481,0.0012789801943456,0.0,0.0,0.9751403805073424,0.0080643056052735,0.0022989154068679,0.0068262228195842,0.0044478739951784,0.0032223016657535,0.0,0.0,0.5915916100458866,3.5750735968325955,1.0000000000006977,1.000000000000593,1.1018379155220372,1.1095820963823644,1.000000002642158,1.049516760946003,0.0,0.0,0.7007191954812403,705.9625820508377,229.82343987692175,302.7106577576344,63.31231171729296
3,295.0,66.90735282219072,0.9900000000000002,0.002314011373365,0.0009525909552947,0.0027509956104358,0.0025470224013241,0.0014353796595803,0.0,0.0,302.07,77.05,0.9765948290131428,0.8683627880881339,67.31814952822663,65.46981435106505,693.0462079794278,242.27210956837607,0.9908599032428174,0.0019726481240128,0.000875585215345,0.0025173647320855,0.0024407374242369,0.0013337612615021,0.0,0.0,0.9738127185957716,0.0087400168855904,0.0024021884451495,0.0071489889941823,0.0045477880078292,0.0033482990714768,0.0,0.0,0.586393456861611,3.5873361386723674,1.0000000000003058,1.0000000000002705,1.1012201340932268,1.1088697926622528,1.000000005710172,1.0491253082991738,0.0,0.0,0.7007191954812403,705.9625820508377,229.82343987692175,302.7106577576344,63.31231171729296
3,295.0,67.11270117520867,0.9900000000000002,0.002314011373365,0.0009525909552947,0.0027509956104358,0.0025470224013241,0.0014353796595803,0.0,0.0,302.07,77.05,0.9765948290131428,0.8710279192110145,67.31814952822663,65.46981435106505,692.4632761132893,242.87949111155507,0.9904265570133473,0.0021404245269626,0.0009148576061149,0.0026362595434198,0.0024960413865646,0.0013858599235905,0.0,0.0,0.9725012159500702,0.0094351197927701,0.0025005381419933,0.0074578497861433,0.0046384327872907,0.0034668435417322,0.0,0.0,0.5813244078251966,3.5994310962611906,1.0000000000008162,1.0000000000009004,1.100620005815499,1.1081718082740213,1.000000003516267,1.0487428457552446,0.0,0.0,0.7007191954812403,705.9625820508377,229.82343987692175,302.7106577576344,63.31231171729296
3,295.0,67.31804952822662,0.9900000000000002,0.002314011373365,0.0009525909552947,0.0027509956104358,0.0025470224013241,0.0014353796595803,0.0,0.0,302.07,77.05,0.9765948290131428,0.8736930503338952,67.31814952822663,65.46981435106505,691.8925493386331,243.4757457886224,0.9900002058396036,0.0023139255656746,0.0009525729781923,0.0027509408301725,0.0025469985952425,0.0014353561911144,0.0,0.0,0.9712053182064946,0.0101488896447576,0.0025940336739169,0.0077528397661382,0.0047206941308162,0.0035782245778764,0.0,0.0,0.576382581934072,3.611363217384264,1.0000000000003484,1.0000000000003757,1.100033113727169,1.1074876889972878,1.000000005282902,1.0483687401698856,0.0,0.0,0.7007191954812403,705.9625820508377,229.82343987692175,302.7106577576344,63.31231171729296
4,200.0,2.6725904020234106,0.98,0.0010129517973992,0.0,0.0,0.0063361044228381,0.0,0.0103522063625117,0.0022987374172509,301.48,77.1,0.6633939233116625,0.0346639481455695,10.462826752689557,2.6724904020234104,1220.7298786175163,7.315425915214499,0.9972300261642668,6.618161908078062e-07,0.0,0.0,8.741600664449358e-05,0.0,0.0001291183922033,0.0025527776206945,0.9799651410838476,0.0010149998112118,0.0,0.0,0.0063487464527159,0.0,0.0103728891962451,0.0022982234559796,22.50754239518188,0.6832227268267885,1.000000011346685,1.621731003648529,0.0,0.0,5.227508467030161,0.0,4.316383040485734,1.0023542533732022,22.53960113748808,1221.920496490378,7.249541730897533,302.7106577576344,2.6239816647333654
4,200.0,3.538161107652982,0.98,0.0010129517973992,0.0,0.0,0.0063361044228381,0.0,0.0103522063625117,0.0022987374172509,301.48,77.1,0.6633939233116625,0.045890546143359,10.462826752689557,2.6724904020234104,1217.752138395484,8.560975337607502,0.9936841615915152,1.558051435349255e-05,0.0,0.0,0.0015783966439833,0.0,0.0023825759492065,0.0023392853009412,0.7486867822115163,0.01787223537632,0.0,0.0,0.0867590582343866,0.0,0.1450685967791237,0.0016133273986532,22.100018844476093,0.6958119499568525,1.000000003078997,1.5939397533729949,0.0,0.0,5.089606307859017,0.0,4.184652888327995,1.0022545525066986,22.53960113748808,1221.920496490378,7.249541730897533,302.7106577576344,2.6239816647333654
4,200.0,4.403731813282554,0.98,0.0010129517973992,0.0,0.0,0.0063361044228381,0.0,0.0103522063625117,0.0022987374172509,301.48,77.1,0.6633939233116625,0.0571171441411485,10.462826752689557,2.6724904020234104,1214.866236397184,9.76555713460247,0.9901232914053696,4.023876630213022e-05,0.0,0.0,0.0029544774398642,0.0,0.0045562104293735,0.0023257819590905,0.6078233020953238,0.0367741592373566,0.0,0.0,0.1306595792366743,0.0,0.223438498269521,0.0013044611611242,21.72014629720008,0.707676708841604,1.000000001197758,1.5681545431816408,0.0,0.0,4.963916390692167,0.0,4.066292881694704,1.0021338292084734,22.53960113748808,1221.920496490378,7.249541730897533,302.7106577576344,2.6239816647333654
4,200.0,5.269302518912125,0.98,0.0010129517973992,0.0,0.0,0.0063361044228381,0.0,0.0103522063625117,0.0022987374172509,301.48,77.1,0.6633939233116625,0.068343742138938,10.462826752689557,2.6724904020234104,1212.2917371043047,10.871793181102753,0.9869169096393317,8.403802989456561e-05,0.0,0.0,0.0041523186919458,0.0,0.0065301978867095,0.0023165357521184,0.5131164631898277,0.063713575020539,0.0,0.0,0.1537391585088678,0.0,0.2683334332321225,0.0010973700486428,21.383965210088515,0.7183262999410168,1.0,1.545923101763036,0.0,0.0,4.856059173228376,0.0,3.965736172693671,1.0019879480059874,22.53960113748808,1221.920496490378,7.249541730897533,302.7106577576344,2.6239816647333654
4,200.0,6.134873224541697,0.98,0.0010129517973992,0.0,0.0,0.0063361044228381,0.0,0.0103522063625117,0.0022987374172509,301.48,77.1,0.6633939233116625,0.0795703401367275,10.462826752689557,2.6724904020234104,1210.2640826531594,11.78168863792886,0.984356267854672,0.000162704830514,0.0,0.0,0.0050707200200238,0.0,0.0081005649856433,0.0023097423091465,0.4450690546567565,0.1054196202907739,0.0,0.0,0.1617198635032256,0.0,0.2868440774972011,0.0009473840520426,21.117019680901237,0.7269690146499471,1.0,1.5286043303567989,0.0,0.0,4.772887065088414,0.0,3.888719314075061,1.0018001086571138,22.53960113748808,1221.920496490378,7.249541730897533,302.7106577576344,2.6239816647333654
4,200.0,7.000443930171269,0.98,0.0010129517973992,0.0,0.0,0.0063361044228381,0.0,0.0103522063625117,0.0022987374172509,301.48,77.1,0.6633939233116625,0.0907969381345171,10.462826752689557,2.6724904020234104,1208.9365334674492,12.42548269748462,0.98263532933808,0.0002868289737808,0.0,0.0,0.0056514796678293,0.0,0.0091210338277401,0.0023053281925696,0.3937423176436231,0.162546873774188,0.0,0.0,0.1586383295586463,0.0,0.2842399312803781,0.0008325477431645,20.93464273139844,0.7331275242191126,1.0,1.5168641431827772,0.0,0.0,4.7181071538255575,0.0,3.838031206053872,1.0015640228927616,22.53960113748808,1221.920496490378,7.249541730897533,302.7106577576344,2.6239816647333654
4,200.0,7.86601463580084,0.98,0.0010129517973992,0.0,0.0,0.0063361044228381,0.0,0.0103522063625117,0.0022987374172509,301.48,77.1,0.6633939233116625,0.1020235361323066,10.462826752689557,2.6724904020234104,1208.1597180630774,12.854729232792325,0.981579523900684,0.0004469683046489,0.0,0.0,0.0059738362436445,0.0,0.0096970071711019,0.0023026643799207,0.3535591855660403,0.2254825910356445,0.0,0.0,0.1500120393797571,0.0,0.2702048840621066,0.0007412999564513,20.81745997174648,0.7373274210984491,1.0,1.5091778238747589,0.0,0.0,4.684658104768356,0.0,3.806810341679831,1.001300439982512,22.53960113748808,1221.920496490378,7.249541730897533,302.7106577576344,2.6239816647333654
4,200.0,8.731585341430412,0.98,0.0010129517973992,0.0,0.0,0.0063361044228381,0.0,0.0103522063625117,0.0022987374172509,301.48,77.1,0.6633939233116625,0.1132501341300961,10.462826752689557,2.6724904020234104,1207.6884905836112,13.16362274392796,0.9808940116145006,0.0006271073263101,0.0,0.0,0.0061547314692544,0.0,0.0100231979221294,0.0023009516678052,0.3211984311272027,0.2853436459084912,0.0,0.0,0.1399907286289956,0.0,0.2528001490744275,0.0006670452608827,20.73615105253932,0.7404612735907222,1.0,1.5038309723945191,0.0,0.0,4.6627939716318885,0.0,3.786091817266584,1.0010333038545682,22.53960113748808,1221.920496490378,7.249541730897533,302.7106577576344,2.6239816647333654
4,200.0,9.597156047059984,0.98,0.0010129517973992,0.0,0.0,0.0063361044228381,0.0,0.0103522063625117,0.0022987374172509,301.48,77.1,0.6633939233116625,0.1244767321278856,10.462826752689557,2.6724904020234104,1207.3723941420849,13.411123489904677,0.9803968159746128,0.0008173537980429,0.0,0.0,0.006264323118797,0.0,0.0102217894398108,0.0022997176687363,0.294562350094628,0.3388779612285735,0.0,0.0,0.130327101501623,0.0,0.2356270811736966,0.0006055060014786,20.67301279169211,0.7430444574775876,1.0,1.4995918578014424,0.0,0.0,4.646751918704175,0.0,3.770641576509402,1.0007767783076462,22.53960113748808,1221.920496490378,7.249541730897533,302.7106577576344,2.6239816647333654
4,200.0,10.462726752689557,0.98,0.0010129517973992,0.0,0.0,0.0063361044228381,0.0,0.0103522063625117,0.0022987374172509,301.48,77.1,0.6633939233116625,0.1357033301256751,10.462826752689557,2.6724904020234104,1207.1389250385744,13.625845721565373,0.980000041934506,0.0010129289977307,0.0,0.0,0.006336097596902,0.0,0.0103521939502166,0.0022987375206445,0.2722504421825482,0.3858143203094625,0.0,0.0,0.1215408290704928,0.0,0.2198406966809083,0.000553711756588,20.61957121412933,0.7453338442443098,1.0,1.4959416249863604,0.0,0.0,4.6337984444823945,0.0,3.7579895743739593,1.0005374998678098,22.53960113748808,1221.920496490378,7.249541730897533,302.7106577576344,2.6239816647333654
4,205.0,3.4170504275761977,0.98,0.0010129517973992,0.0,0.0,0.0063361044228381,0.0,0.0103522063625117,0.0022987374172509,301.48,77.1,0.679978771394454,0.0443197202020259,11.036538487502709,3.416950427576197,1205.0391515787517,9.207450746831928,0.997112199443736,9.330188404394112e-07,0.0,0.0,0.0001125634601159,0.0,0.0001530966125814,0.0026212074647263,0.9799730829151464,0.0010145436789937,0.0,0.0,0.0063458939055247,0.0,0.0103682493208394,0.0022982301794957,21.12398547691357,0.71115253805188,1.0,1.5516287487972322,0.0,0.0,4.495572974530329,0.0,3.9619519226973137,1.000371529169965,21.15779579629945,1206.2779501886548,9.12387059747945,302.7106577576344,3.35468958110042
4,205.0,4.2636491009013655,0.98,0.0010129517973992,0.0,0.0,0.0063361044228381,0.0,0.0103522063625117,0.0022987374172509,301.48,77.1,0.679978771394454,0.0553002477419113,11.036538487502709,3.416950427576197,1202.2621841207351,10.419943150733925,0.9938837817472648,1.6643405103961572e-05,0.0,0.0,0.0015555871564607,0.0,0.00219843800017,0.0023455496910004,0.7938492720263717,0.0143712381698086,0.0,0.0,0.0704322408664958,0.0,0.119676160311678,0.0016710886256456,20.772517579566447,0.7224962063148404,1.0,1.529720404623589,0.0,0.0,4.3955053394972365,0.0,3.86201679351196,1.0002630122375198,21.15779579629945,1206.2779501886548,9.12387059747945,302.7106577576344,3.35468958110042
4,205.0,5.110247774226533,0.98,0.0010129517973992,0.0,0.0,0.0063361044228381,0.0,0.0103522063625117,0.0022987374172509,301.48,77.1,0.679978771394454,0.0662807752817968,11.036538487502709,3.416950427576197,1199.5451596813775,11.602306798617544,0.9905535070972278,4.147220596440891e-05,0.0,0.0,0.0028687504829173,0.0,0.004207088135007,0.0023291820788834,0.6688973045425153,0.0296508175507365,0.0,0.0,0.1085488709351043,0.0,0.1915017357908699,0.0014012711807737,20.44236378911463,0.7332815078800103,1.0,1.5090254379486316,0.0,0.0,4.303011889115327,0.0,3.7705119839840417,1.0002078607523548,21.15779579629945,1206.2779501886548,9.12387059747945,302.7106577576344,3.35468958110042
4,205.0,5.956846447551701,0.98,0.0010129517973992,0.0,0.0,0.0063361044228381,0.0,0.0103522063625117,0.0022987374172509,301.48,77.1,0.679978771394454,0.0772613028216822,11.036538487502709,3.416950427576197,1197.0848150399845,12.710516568410538,0.9874977932189198,8.322076390761874e-05,0.0,0.0,0.0040125662588846,0.0,0.0060873069661599,0.0023191127921279,0.5793440722270313,0.0506945366219751,0.0,0.0,0.13049788264387,0.0,0.2382535600824103,0.0012099484247132,20.144350172374,0.7431609111808506,1.0,1.4907463035017423,0.0,0.0,4.221185263351551,0.0,3.690405639127561,1.0001529692447293,21.15779579629945,1206.2779501886548,9.12387059747945,302.7106577576344,3.35468958110042
4,205.0,6.803445120876869,0.98,0.0010129517973992,0.0,0.0,0.0063361044228381,0.0,0.0103522063625117,0.0022987374172509,301.48,77.1,0.679978771394454,0.0882418303615677,11.036538487502709,3.416950427576197,1195.049710167074,13.667083104989796,0.9849305752498988,0.0001553058175825,0.0,0.0,0.0049221210878806,0.0,0.0076802679453315,0.0023117298993064,0.5120286174061733,0.0824139556577647,0.0,0.0,0.140540269796501,0.0,0.2639515638247144,0.0010655933148463,19.895859668252424,0.7515502904759892,1.0,1.4757549017022111,0.0,0.0,4.154504648151186,0.0,3.6255892024370286,1.0000973020816697,21.15779579629945,1206.2779501886548,9.12387059747945,302.7106577576344,3.35468958110042
4,205.0,7.650043794202038,0.98,0.0010129517973992,0.0,0.0,0.0063361044228381,0.0,0.0103522063625117,0.0022987374172509,301.48,77.1,0.679978771394454,0.0992223579014531,11.036538487502709,3.416950427576197,1193.5971529272203,14.393997019566871,0.9830546866997496,0.0002707664181127,0.0,0.0,0.0055438115142146,0.0,0.0088240919954975,0.0023066433724253,0.4595427834206314,0.1274664230227846,0.0,0.0,0.1413268915210812,0.0,0.2707121804758374,0.0009517215596652,19.712805347842423,0.7579229128963079,1.0,1.4647703246773138,0.0,0.0,4.106992851825511,0.0,3.5793209724634827,1.0000404504705998,21.15779579629945,1206.2779501886548,9.12387059747945,302.7106577576344,3.35468958110042
4,205.0,8.496642467527204,0.98,0.0010129517973992,0.0,0.0,0.0063361044228381,0.0,0.0103522063625117,0.0022987374172509,301.48,77.1,0.679978771394454,0.1102028854413385,11.036538487502709,3.416950427576197,1192.685215922529,14.897921782956828,0.981830026923346,0.0004272755010951,0.0,0.0,0.0059130839963651,0.0,0.0095261929694085,0.002303420609785,0.417391660138372,0.1810684277886775,0.0,0.0,0.1363860052354345,0.0,0.2642949313949491,0.0008589754425669,19.58947318479335,0.7624239227863605,1.0,1.4572784339659504,0.0,0.0,4.076349770203306,0.0,3.5493008057082016,1.0000001693731966,21.15779579629945,1206.2779501886548,9.12387059747945,302.7106577576344,3.35468958110042
4,205.0,9.343241140852372,0.98,0.0010129517973992,0.0,0.0,0.0063361044228381,0.0,0.0103522063625117,0.0022987374172509,301.48,77.1,0.679978771394454,0.121183412981224,11.036538487502709,3.416950427576197,1192.119841087601,15.25588624865854,0.9810258382169876,0.0006103018631409,0.0,0.0,0.006125153132252,0.0,0.0099373640534929,0.0023013427341262,0.3827341465633631,0.2354447097866217,0.0,0.0,0.129156643294372,0.0,0.251882636438755,0.0007818639168881,19.50414861027614,0.7657188190595982,1.0,1.4520526941704672,0.0,0.0,4.056250999812556,0.0,3.529322305459147,1.0000000176756496,21.15779579629945,1206.2779501886548,9.12387059747945,302.7106577576344,3.35468958110042
4,205.0,10.18983981417754,0.98,0.0010129517973992,0.0,0.0,0.0063361044228381,0.0,0.0103522063625117,0.0022987374172509,301.48,77.1,0.679978771394454,0.1321639405211095,11.036538487502709,3.416950427576197,1191.7425832079389,15.533850269746193,0.9804507409459516,0.000807731573192,0.0,0.0,0.0062531898064563,0.0,0.0101884617348474,0.0022998759395524,0.3537076534415251,0.2861608997137138,0.0,0.0,0.1215437200702158,0.0,0.2378709352848616,0.0007167914896837,19.439408247434734,0.7683873628211039,1.0,1.4480281560516275,0.0,0.0,4.041818095089408,0.0,3.5147234219288164,1.0000000036867138,21.15779579629945,1206.2779501886548,9.12387059747945,302.7106577576344,3.35468958110042
4,205.0,11.036438487502709,0.98,0.0010129517973992,0.0,0.0,0.0063361044228381,0.0,0.0103522063625117,0.0022987374172509,301.48,77.1,0.679978771394454,0.1431444680609949,11.036538487502709,3.416950427576197,1191.467252181022,15.768276052489902,0.9800000482893784,0.0010129272534242,0.0,0.0,0.0063360964142443,0.0,0.010352190504227,0.002298737538726,0.3290334115459946,0.3318788320638338,0.0,0.0,0.1142962222917026,0.0,0.2241303466641661,0.0006611874343028,19.385833458392888,0.7706773893870149,1.0,1.4446410775607146,0.0,0.0,4.030441424535077,0.0,3.503026514781497,1.00000000079576,21.15779579629945,1206.2779501886548,9.12387059747945,302.7106577576344,3.35468958110042
4,210.0,4.312362923772122,0.98,0.0010129517973992,0.0,0.0,0.0063361044228381,0.0,0.0103522063625117,0.0022987374172509,301.48,77.1,0.6965636194772455,0.0559320742382895,11.797864303608836,4.312262923772122,1189.003320738698,11.459900333066685,0.9969937501211614,1.2969749221433465e-06,0.0,0.0,0.0001431803655159,0.0,0.0001805423060664,0.002681230232334,0.9799789587563232,0.0010142044035329,0.0,0.0,0.0063437723491776,0.0,0.0103648006669168,0.0022982638240493,19.758056618063804,0.741126662182262,1.0,1.4884382740109805,0.0,0.0,3.8973101585304,0.0,3.649042000159677,1.0000000019653623,19.793904820789816,1190.2941504876192,11.354703713715036,302.7106577576344,4.233266563955471
4,210.0,5.144074188198424,0.98,0.0010129517973992,0.0,0.0,0.0063361044228381,0.0,0.0103522063625117,0.0022987374172509,301.48,77.1,0.6965636194772455,0.066719509574558,11.797864303608836,4.312262923772122,1186.388313742613,12.648358397064472,0.9940270431977454,1.793901901478967e-05,0.0,0.0,0.001546931225088,0.0,0.0020547068780588,0.0023533796800929,0.829903365748178,0.0116601043702992,0.0,0.0,0.0575827404884395,0.0,0.0991397525164148,0.0017140368766683,19.45202755257876,0.7515151404723327,1.0,1.4708927968637564,0.0,0.0,3.823023150535784,0.0,3.571632372974208,1.000000001012045,19.793904820789816,1190.2941504876192,11.354703713715036,302.7106577576344,4.233266563955471
4,210.0,5.975785452624725,0.98,0.0010129517973992,0.0,0.0,0.0063361044228381,0.0,0.0103522063625117,0.0022987374172509,301.48,77.1,0.6965636194772455,0.0775069449108265,11.797864303608836,4.312262923772122,1183.8119684593232,13.814385674851929,0.9908938250112312,4.329509141895424e-05,0.0,0.0,0.0028086239622415,0.0,0.0039210769795486,0.0023331789555596,0.7211214356999894,0.0240556696351879,0.0,0.0,0.0901624075160239,0.0,0.1631802111976044,0.0014802759511943,19.16299920234062,0.7614517598744087,1.0,1.4541210406520568,0.0,0.0,3.753952289475957,0.0,3.4999564043513147,1.0,19.793904820789816,1190.2941504876192,11.354703713715036,302.7106577576344,4.233266563955471
4,210.0,6.807496717051026,0.98,0.0010129517973992,0.0,0.0,0.0063361044228381,0.0,0.0103522063625117,0.0022987374172509,301.48,77.1,0.6965636194772455,0.088294380247095,11.797864303608836,4.312262923772122,1181.457327059636,14.92323310474404,0.9879825811014288,8.401421941377683e-05,0.0,0.0,0.0039047062883041,0.0,0.0057067666662714,0.0023219317245818,0.6388142970934219,0.0407169293046954,0.0,0.0,0.1102571634181837,0.0,0.2089042270602011,0.0013073831234978,18.89847464747168,0.7706609899512685,1.0,1.4390518700435349,0.0,0.0,3.69183042180604,0.0,3.436133976944998,1.0,19.793904820789816,1190.2941504876192,11.354703713715036,302.7106577576344,4.233266563955471
4,210.0,7.639207981477328,0.98,0.0010129517973992,0.0,0.0,0.0063361044228381,0.0,0.0103522063625117,0.0022987374172509,301.48,77.1,0.6965636194772455,0.0990818155833635,11.797864303608836,4.312262923772122,1179.4449337269643,15.913516840215108,0.9854511876811008,0.0001515148971115,0.0,0.0,0.0047953114830836,0.0,0.0072881091928886,0.0023138767458153,0.5743924362541363,0.0651100518950271,0.0,0.0,0.1209821792034496,0.0,0.2383430701444119,0.0011722625029749,18.670258279865607,0.7787336214117532,1.0,1.4262372922455564,0.0,0.0,3.639232499031343,0.0,3.382417356585406,1.0,19.793904820789816,1190.2941504876192,11.354703713715036,302.7106577576344,4.233266563955471
4,210.0,8.47091924590363,0.98,0.0010129517973992,0.0,0.0,0.0063361044228381,0.0,0.0103522063625117,0.0022987374172509,301.48,77.1,0.6965636194772455,0.109869250919632,11.797864303608836,4.312262923772122,1177.9102685127584,16.7114509999533,0.983477239309858,0.0002592082387827,0.0,0.0,0.0054399600633543,0.0,0.008515459404458,0.0023081329835468,0.5225830897263595,0.1001648993621162,0.0,0.0,0.1242203072477937,0.0,0.2519689153780749,0.0010627882856556,18.49171398398593,0.7851996916045166,1.0,1.4162684993508623,0.0,0.0,3.599074350683817,0.0,3.3414617535996416,1.0,19.793904820789816,1190.2941504876192,11.354703713715036,302.7106577576344,4.233266563955471
4,210.0,9.30263051032993,0.98,0.0010129517973992,0.0,0.0,0.0063361044228381,0.0,0.0103522063625117,0.0022987374172509,301.48,77.1,0.6965636194772455,0.1206566862559005,11.797864303608836,4.312262923772122,1176.875873199384,17.293064000913773,0.9821014425208874,0.0004105316781519,0.0,0.0,0.0058492584543735,0.0,0.0093344528445098,0.0023043145020774,0.4799508293548253,0.1443619504092515,0.0,0.0,0.1221836331289211,0.0,0.2525319460125835,0.0009716410944186,18.36466643758725,0.7899877273451814,1.0,1.4090942523446768,0.0,0.0,3.571474155666565,0.0,3.313156610457399,1.0,19.793904820789816,1190.2941504876192,11.354703713715036,302.7106577576344,4.233266563955471
4,210.0,10.134341774756232,0.98,0.0010129517973992,0.0,0.0,0.0063361044228381,0.0,0.0103522063625117,0.0022987374172509,301.48,77.1,0.6965636194772455,0.131444121592169,11.797864303608836,4.312262923772122,1176.211177708675,17.70929296256476,0.981172988439263,0.0005946357527796,0.0,0.0,0.0060929064978405,0.0,0.0098376574314265,0.0023018118786902,0.4441874354994997,0.1920966702184696,0.0,0.0,0.1174271429296179,0.0,0.2453944054987568,0.0008943458536557,18.27550260488478,0.7935219169720092,1.0,1.4040277506016838,0.0,0.0,3.552979898483815,0.0,3.293943629759706,1.0,19.793904820789816,1190.2941504876192,11.354703713715036,302.7106577576344,4.233266563955471
4,210.0,10.966053039182531,0.98,0.0010129517973992,0.0,0.0,0.0063361044228381,0.0,0.0103522063625117,0.0022987374172509,301.48,77.1,0.6965636194772455,0.1422315569284375,11.797864303608836,4.312262923772122,1175.7656885364047,18.025828828287047,0.9805114305266572,0.0007982986727756,0.0,0.0,0.0062409088596385,0.0,0.0101492962209236,0.002300065720005,0.413716907548858,0.2386883131229371,0.0,0.0,0.1117416973753004,0.0,0.2350251120243056,0.0008279699285985,18.20877128639458,0.7962862115293745,1.0,1.400153705744311,0.0,0.0,3.539832870316053,0.0,3.280049543183005,1.0,19.793904820789816,1190.2941504876192,11.354703713715036,302.7106577576344,4.233266563955471
4,210.0,11.797764303608837,0.98,0.0010129517973992,0.0,0.0,0.0063361044228381,0.0,0.0103522063625117,0.0022987374172509,301.48,77.1,0.6965636194772455,0.153018992264706,11.797864303608836,4.312262923772122,1175.4431085494962,18.286023479347588,0.9800000553592628,0.0010129255470286,0.0,0.0,0.006336095112515,0.0,0.0103521864211611,0.0022987375600323,0.3874287238748003,0.281999634173655,0.0,0.0,0.1059947660212795,0.0,0.2238064855883786,0.0007703903418863,18.15463133173896,0.7986564310681281,1.0,1.3969570094761885,0.0,0.0,3.52967081790972,0.0,3.269121968426244,1.0,19.793904820789816,1190.2941504876192,11.354703713715036,302.7106577576344,4.233266563955471
4,215.0,5.3776414618227975,0.98,0.0010129517973992,0.0,0.0,0.0063361044228381,0.0,0.0103522063625117,0.0022987374172509,301.48,77.1,0.7131484675600371,0.0697489164957561,12.757760644759312,5.377541461822798,1172.5602883569366,14.120880189047403,0.9968730123930072,1.7803730807057825e-06,0.0,0.0,0.0001800886415797,0.0,0.0002119173623265,0.0027332012300057,0.9799833674016352,0.0010139485612127,0.0,0.0,0.0063421727250257,0.0,0.0103622021682584,0.0022983091438677,18.410027894581333,0.7734080080299336,1.000000000097073,1.431287592382701,0.0,0.0,3.4041494015822944,0.0,3.3707056343034845,1.0000000016573063,18.448205290897207,1173.908539729092,13.989350648063478,302.7106577576344,5.278346606766283
4,215.0,6.197643593260188,0.98,0.0010129517973992,0.0,0.0,0.0063361044228381,0.0,0.0103522063625117,0.0022987374172509,301.48,77.1,0.7131484675600371,0.0803844824028558,12.757760644759312,5.377541461822798,1170.07616477511,15.293178132040929,0.9941227053081984,1.949205288474953e-05,0.0,0.0,0.0015507322265553,0.0,0.0019441598075691,0.0023629106047923,0.8585397005547896,0.0095570597018133,0.0,0.0,0.0474920109742465,0.0,0.0826644036381822,0.0017468251309684,18.14139847084797,0.7830428220127686,1.0,1.4170665263346056,0.0,0.0,3.348500081260052,0.0,3.3100857098672845,1.0,18.448205290897207,1173.908539729092,13.989350648063478,302.7106577576344,5.278346606766283
4,215.0,7.017645724697578,0.98,0.0010129517973992,0.0,0.0,0.0063361044228381,0.0,0.0103522063625117,0.0022987374172509,301.48,77.1,0.7131484675600371,0.0910200483099556,12.757760644759312,5.377541461822798,1167.6172471185864,16.448565237005415,0.9911587293863714,4.5671631354549374e-05,0.0,0.0,0.002769400590512,0.0,0.0036883008436872,0.0023378975480748,0.765016963532851,0.0196484809880887,0.0,0.0,0.0750518867939915,0.0,0.1387383866848721,0.0015442820001967,17.886737758588534,0.7922904976916456,1.0,1.4033787719980937,0.0,0.0,3.296199395644015,0.0,3.253415308012356,1.0,18.448205290897207,1173.908539729092,13.989350648063478,302.7106577576344,5.278346606766283
4,215.0,7.83764785613497,0.98,0.0010129517973992,0.0,0.0,0.0063361044228381,0.0,0.0103522063625117,0.0022987374172509,301.48,77.1,0.7131484675600371,0.1016556142170553,12.757760644759312,5.377541461822798,1165.3567810292857,17.55896894364788,0.98838069063763,8.611940891575852e-05,0.0,0.0,0.0038237173935396,0.0,0.0053843926968841,0.0023250798630303,0.6909751894454128,0.0329766129179386,0.0,0.0,0.0929807756772988,0.0,0.1816771562576366,0.0013902657017129,17.65132737124628,0.8009548093559702,1.0,1.3909074504300063,0.0,0.0,3.248513922689301,0.0,3.202099375056024,1.0,18.448205290897207,1173.908539729092,13.989350648063478,302.7106577576344,5.278346606766283
4,215.0,8.65764998757236,0.98,0.0010129517973992,0.0,0.0,0.0063361044228381,0.0,0.0103522063625117,0.0022987374172509,301.48,77.1,0.7131484675600371,0.1122911801241551,12.757760644759312,5.377541461822798,1163.381687571004,18.57509145782777,0.9859073592172138,0.0001506411200145,0.0,0.0,0.0046911074603441,0.0,0.0069346843145467,0.0023162078878807,0.6309345345628009,0.0519668326915262,0.0,0.0,0.1035388661378394,0.0,0.2122933581446147,0.0012664084632185,17.44325961410527,0.808727766037361,1.0,1.3800013893495584,0.0,0.0,3.20703819673532,0.0,3.1576800310100266,1.0,18.448205290897207,1173.908539729092,13.989350648063478,302.7106577576344,5.278346606766283
4,215.0,9.47765211900975,0.98,0.0010129517973992,0.0,0.0,0.0063361044228381,0.0,0.0103522063625117,0.0022987374172509,301.48,77.1,0.7131484675600371,0.1229267460312548,12.757760644759312,5.377541461822798,1161.7997804737356,19.431959537236164,0.9838826700107604,0.0002519868950023,0.0,0.0,0.0053448777490159,0.0,0.0082106754890624,0.0023097898561589,0.5812699686182258,0.0791600924434559,0.0,0.0,0.1081299322949588,0.0,0.2302762972610489,0.0011637093823103,17.272815741175908,0.8152355863238888,1.0,1.3710876139713253,0.0,0.0,3.1737528645888347,0.0,3.1220769863335005,1.0,18.448205290897207,1173.908539729092,13.989350648063478,302.7106577576344,5.278346606766283
4,215.0,10.297654250447142,0.98,0.0010129517973992,0.0,0.0,0.0063361044228381,0.0,0.0103522063625117,0.0022987374172509,301.48,77.1,0.7131484675600371,0.1335623119383546,12.757760644759312,5.377541461822798,1160.6629115479832,20.089207724010905,0.9823836282891668,0.0003974081498716,0.0,0.0,0.0057850536928763,0.0,0.0091285595310158,0.0023053503370695,0.5394661066170566,0.1147755887089064,0.0,0.0,0.1081793845285842,0.0,0.2365023595783295,0.0010765605671232,17.144936653834414,0.8202707765142286,1.0,1.3644041030451686,0.0,0.0,3.149499759336404,0.0,3.09603772506065,1.0,18.448205290897207,1173.908539729092,13.989350648063478,302.7106577576344,5.278346606766283
4,215.0,11.117656381884531,0.98,0.0010129517973992,0.0,0.0,0.0063361044228381,0.0,0.0103522063625117,0.0022987374172509,301.48,77.1,0.7131484675600371,0.1441978778454543,12.757760644759312,5.377541461822798,1159.898937332959,20.570587993738904,0.981332791202088,0.0005807940814972,0.0,0.0,0.0060587225571109,0.0,0.0097253241880651,0.0023023679712386,0.5037297568779111,0.1554436383875271,0.0,0.0,0.1054579536821567,0.0,0.2343672847670319,0.001001366285373,17.05271800588964,0.824043594350627,1.0,1.3594747023295373,0.0,0.0,3.132718535951494,0.0,3.0777958623049986,1.0,18.448205290897207,1173.908539729092,13.989350648063478,302.7106577576344,5.278346606766283
4,215.0,11.93765851332192,0.98,0.0010129517973992,0.0,0.0,0.0063361044228381,0.0,0.0103522063625117,0.0022987374172509,301.48,77.1,0.7131484675600371,0.1548334437525541,12.757760644759312,5.377541461822798,1159.379422798274,20.933732756403774,0.9805784928665516,0.0007893893949484,0.0,0.0,0.0062275975554848,0.0,0.0101042282596594,0.0023002919233556,0.4727800562360822,0.1970314608496262,0.0,0.0,0.1014744377353889,0.0,0.2277782917232708,0.0009357534556317,16.983891849811233,0.8269781175412654,1.0,1.355782071694015,0.0,0.0,3.1207648870072973,0.0,3.0645862215843502,1.0,18.448205290897207,1173.908539729092,13.989350648063478,302.7106577576344,5.278346606766283
4,215.0,12.757660644759312,0.98,0.0010129517973992,0.0,0.0,0.0063361044228381,0.0,0.0103522063625117,0.0022987374172509,301.48,77.1,0.7131484675600371,0.1654690096596538,12.757760644759312,5.377541461822798,1159.004140708277,21.226226318205647,0.9800000631421234,0.0010129239105058,0.0,0.0,0.006336093695982,0.0,0.0103521816662432,0.0022987375851453,0.4456906193398867,0.2369921665583459,0.0,0.0,0.0971068848366209,0.0,0.2193323167432577,0.0008780125218888,16.928890853922486,0.8294307923312146,1.0,1.3527761168103056,0.0,0.0,3.111648542569204,0.0,3.054329543523504,1.0,18.448205290897207,1173.908539729092,13.989350648063478,302.7106577576344,5.278346606766283
4,220.0,6.632906305782293,0.98,0.0010129517973992,0.0,0.0,0.0063361044228381,0.0,0.0103522063625117,0.0022987374172509,301.48,77.1,0.7297333156428286,0.0860299131748676,13.929069017699584,6.632806305782293,1155.6413032034231,17.244089200959934,0.9967481276709989,2.416836853016026e-06,0.0,0.0,0.0002241883286357,0.0,0.000247774838441,0.0027774923250713,0.979986718594347,0.0010137531600948,0.0,0.0,0.0063409512235407,0.0,0.0103602192614219,0.0022983577605953,17.080340674377958,0.8082683773316539,1.0,1.3794323898843663,0.0,0.0,2.9948655688751247,0.0,3.121886454794388,1.0,17.121140165384258,1157.0541060432145,17.08052563899556,302.7106577576344,6.509407158415541
4,220.0,7.44357994043977,0.98,0.0010129517973992,0.0,0.0,0.0063361044228381,0.0,0.0103522063625117,0.0022987374172509,301.48,77.1,0.7297333156428286,0.0965444869058336,13.929069017699584,6.632806305782293,1153.2630600902955,18.40717089242912,0.9941772169689388,2.133696896483384e-05,0.0,0.0,0.0015658405685349,0.0,0.0018613879830437,0.0023742175105176,0.8812789414573916,0.0079179223388013,0.0,0.0,0.0395531665765821,0.0,0.0694768272349012,0.0017731423923235,16.84296382727236,0.8173300798603684,1.0,1.3677562920502038,0.0,0.0,2.952515312733883,0.0,3.073753795734128,1.0,17.121140165384258,1157.0541060432145,17.08052563899556,302.7106577576344,6.509407158415541
4,220.0,8.254253575097247,0.98,0.0010129517973992,0.0,0.0,0.0063361044228381,0.0,0.0103522063625117,0.0022987374172509,301.48,77.1,0.7297333156428286,0.1070590606367995,13.929069017699584,6.632806305782293,1150.9025787803885,19.55730015076256,0.9913599350409642,4.8597363944546174e-05,0.0,0.0,0.0027475447718588,0.0,0.0035004816645514,0.0023434411586807,0.8015238852419507,0.0161639391852706,0.0,0.0,0.0627160204852729,0.0,0.1179997588418185,0.0015963962456873,16.6173486546722,0.826044316458259,1.0,1.3564936215339187,0.0,0.0,2.912585843236048,0.0,3.0285027466168657,1.0,17.121140165384258,1157.0541060432145,17.08052563899556,302.7106577576344,6.509407158415541
4,220.0,9.064927209754725,0.98,0.0010129517973992,0.0,0.0,0.0063361044228381,0.0,0.0103522063625117,0.0022987374172509,301.48,77.1,0.7297333156428286,0.1175736343677655,13.929069017699584,6.632806305782293,1148.7243486940506,20.67140326468429,0.9887026801983052,8.935667356002876e-05,0.0,0.0,0.0037650947358213,0.0,0.0051142283345698,0.0023286400577433,0.7359662567544631,0.0269116830132939,0.0,0.0,0.0784303447656491,0.0,0.1572314844779404,0.0014602309886535,16.40724035239625,0.8342827277166927,1.0,1.3461245045829038,0.0,0.0,2.875828351216123,0.0,2.9870778459936065,1.0,17.121140165384258,1157.0541060432145,17.08052563899556,302.7106577576344,6.509407158415541
4,220.0,9.8756008444122,0.98,0.0010129517973992,0.0,0.0,0.0063361044228381,0.0,0.0103522063625117,0.0022987374172509,301.48,77.1,0.7297333156428286,0.1280882080987315,13.929069017699584,6.632806305782293,1146.7917125802292,21.709183902358216,0.9862972450879092,0.0001521452399546,0.0,0.0,0.0046080813773318,0.0,0.0066237641633154,0.0023187641314887,0.6811602380961805,0.0418630732522394,0.0,0.0,0.0883405346577173,0.0,0.187287797009802,0.0013483569840606,16.218243135131445,0.841798615192387,1.0,1.3368745834540698,0.0,0.0,2.843212122899172,0.0,2.9504612097537675,1.0,17.121140165384258,1157.0541060432145,17.08052563899556,302.7106577576344,6.509407158415541
4,220.0,10.686274479069676,0.98,0.0010129517973992,0.0,0.0,0.0063361044228381,0.0,0.0103522063625117,0.0022987374172509,301.48,77.1,0.7297333156428286,0.1386027818296975,13.929069017699584,6.632806305782293,1145.1871593289368,22.615121240791225,0.9842562827250816,0.0002486600717484,0.0,0.0,0.0052615314795299,0.0,0.0079219089562273,0.0023116167674127,0.634675291908918,0.0630221824111193,0.0,0.0,0.0935193607849638,0.0,0.2075293669524764,0.0012537979425221,16.05796219384099,0.8482897349294426,1.0,1.329059577342768,0.0,0.0,2.8160270668004057,0.0,2.919972059656468,1.0,17.121140165384258,1157.0541060432145,17.08052563899556,302.7106577576344,6.509407158415541
4,220.0,11.496948113727154,0.98,0.0010129517973992,0.0,0.0,0.0063361044228381,0.0,0.0103522063625117,0.0022987374172509,301.48,77.1,0.7297333156428286,0.1491173555606635,13.929069017699584,6.632806305782293,1143.969912822659,23.342772234167352,0.9826651764087376,0.0003882291215762,0.0,0.0,0.0057232032396269,0.0,0.0089168611818838,0.0023065300481751,0.5947301926938063,0.091320964484677,0.0,0.0,0.0949352380409154,0.0,0.217841346422953,0.001172258357648,15.931963281365348,0.8535211219099373,1.0,1.3229101034623243,0.0,0.0,2.795162601055918,0.0,2.8964875002617307,1.0,17.121140165384258,1157.0541060432145,17.08052563899556,302.7106577576344,6.509407158415541
4,220.0,12.30762174838463,0.98,0.0010129517973992,0.0,0.0,0.0063361044228381,0.0,0.0103522063625117,0.0022987374172509,301.48,77.1,0.7297333156428286,0.1596319292916294,13.929069017699584,6.632806305782293,1143.111771649152,23.893262074954738,0.9815011042558504,0.0005693823811486,0.0,0.0,0.0060235997528328,0.0,0.0096028951269614,0.0023030184832065,0.5599838875397237,0.1251257847959853,0.0,0.0,0.0937763978666311,0.0,0.220013055002446,0.0011008747952138,15.8379395371732,0.8575572615642422,1.0,1.3182320412301218,0.0,0.0,2.7801021430870305,0.0,2.8793725742441985,1.0,17.121140165384258,1157.0541060432145,17.08052563899556,302.7106577576344,6.509407158415541
4,220.0,13.118295383042106,0.98,0.0010129517973992,0.0,0.0,0.0063361044228381,0.0,0.0103522063625117,0.0022987374172509,301.48,77.1,0.7297333156428286,0.1701465030225954,13.929069017699584,6.632806305782293,1142.5144097518937,24.310422685259063,0.9806510583241154,0.000781359844512,0.0,0.0,0.0062134588417651,0.0,0.0100535634363788,0.0023005595532285,0.5294305385790302,0.1612877806671565,0.0,0.0,0.0912138355919646,0.0,0.2170301296771558,0.0010377154846927,15.767218902502888,0.8606959010563457,1.0,1.3146836447188388,0.0,0.0,2.7692322669933795,0.0,2.8668340471121705,1.0,17.121140165384258,1157.0541060432145,17.08052563899556,302.7106577576344,6.509407158415541
4,220.0,13.928969017699584,0.98,0.0010129517973992,0.0,0.0,0.0063361044228381,0.0,0.0103522063625117,0.0022987374172509,301.48,77.1,0.7297333156428286,0.1806610767535614,13.929069017699584,6.632806305782293,1142.081189093705,24.64207803811621,0.9800000716092224,0.0010129223785716,0.0,0.0,0.0063360921727489,0.0,0.0103521762247235,0.0022987376147334,0.502321023066108,0.1972552091425929,0.0,0.0,0.0880519764613706,0.0,0.2113903875793321,0.0009814037505962,15.711209826132787,0.8632864899941907,1.0,1.3118261173854142,0.0,0.0,2.7609924387363622,0.0,2.8571617594950154,1.0,17.121140165384258,1157.0541060432145,17.08052563899556,302.7106577576344,6.509407158415541
4,225.0,8.099056487322017,0.98,0.0010129517973992,0.0,0.0,0.0063361044228381,0.0,0.0103522063625117,0.0022987374172509,301.48,77.1,0.7463181637256202,0.1050461282402336,15.326218507783413,8.098956487322017,1138.169085615922,20.890136012137443,0.9966170235283884,3.248897197691151e-06,0.0,0.0,0.0002764678429514,0.0,0.0002887851366087,0.0028144745948536,0.9799892971040725,0.0010136021392032,0.0,0.0,0.0063400073877441,0.0,0.0103586881340439,0.0022984052349362,15.769613120121956,0.8461100520207324,1.0,1.332242689743342,0.0,0.0,2.653324327851304,0.0,2.898534243189653,1.0,15.813326197117547,1139.6555629264626,20.687604017864448,302.7106577576344,7.946729358776584
4,225.0,8.902063378484394,0.98,0.0010129517973992,0.0,0.0,0.0063361044228381,0.0,0.0103522063625117,0.0022987374172509,301.48,77.1,0.7463181637256202,0.1154612630153618,15.326218507783413,8.098956487322017,1135.8765395765568,22.050204798623422,0.994195227163201,2.351929252604199e-05,0.0,0.0,0.00159152689763,0.0,0.0018024155813893,0.0023873110652535,0.8993908954770393,0.0066315493222415,0.0,0.0,0.0332786916213191,0.0,0.0589031010260055,0.0017957625533944,15.558746751274644,0.8547429858452545,1.0,1.3225647715301867,0.0,0.0,2.6207701598974427,0.0,2.859769961088729,1.0,15.813326197117547,1139.6555629264626,20.687604017864448,302.7106577576344,7.946729358776584
4,225.0,9.705070269646772,0.98,0.0010129517973992,0.0,0.0,0.0063361044228381,0.0,0.0103522063625117,0.0022987374172509,301.48,77.1,0.7463181637256202,0.1258763977904899,15.326218507783413,8.098956487322017,1133.599025905745,23.20012313945013,0.9915066724864544,5.209251522884217e-05,0.0,0.0,0.0027404096943445,0.0,0.0033509345202099,0.0023498907837621,0.8317197550297685,0.0133950240176577,0.0,0.0,0.0526718714142805,0.0,0.1005737978001569,0.0016395517381362,15.357980352173934,0.8630691729295243,1.0,1.3132421193052286,0.0,0.0,2.589926471417403,0.0,2.823211590112216,1.0,15.813326197117547,1139.6555629264626,20.687604017864448,302.7106577576344,7.946729358776584
4,225.0,10.508077160809147,0.98,0.0010129517973992,0.0,0.0,0.0063361044228381,0.0,0.0103522063625117,0.0022987374172509,301.48,77.1,0.7463181637256202,0.136291532565618,15.326218507783413,8.098956487322017,1131.4918251057666,24.320716618421688,0.9889584759454506,9.362797517938042e-05,0.0,0.0,0.0037250728286685,0.0,0.0048901366630962,0.0023326865876053,0.7743450209584275,0.0221173810041383,0.0,0.0,0.0662761713544826,0.0,0.1357420423565863,0.0015193843263649,15.169954875508884,0.8709799239156688,1.0,1.3045916176119794,0.0,0.0,2.561332925709321,0.0,2.7895194212183427,1.0,15.813326197117547,1139.6555629264626,20.687604017864448,302.7106577576344,7.946729358776584
4,225.0,11.311084051971529,0.98,0.0010129517973992,0.0,0.0,0.0063361044228381,0.0,0.0103522063625117,0.0022987374172509,301.48,77.1,0.7463181637256202,0.1467066673407461,15.326218507783413,8.098956487322017,1129.6015389928505,25.378465672906533,0.986623839510036,0.0001556446250397,0.0,0.0,0.0045438737142186,0.0,0.0063550490997159,0.0023215930509896,0.7251186588064666,0.0340016136716412,0.0,0.0,0.0753000589463496,0.0,0.1641604021316367,0.0014192664439057,14.998586320736988,0.8783047851337322,1.0,1.2967623301130116,0.0,0.0,2.5355838036366705,0.0,2.759272270306444,1.0,15.813326197117547,1139.6555629264626,20.687604017864448,302.7106577576344,7.946729358776584
4,225.0,12.114090943133904,0.98,0.0010129517973992,0.0,0.0,0.0063361044228381,0.0,0.0103522063625117,0.0022987374172509,301.48,77.1,0.7463181637256202,0.1571218021158742,15.326218507783413,8.098956487322017,1127.9899195479886,26.326398806101665,0.9845896558695804,0.000248714207275,0.0,0.0,0.0051910364459376,0.0,0.0076569660589867,0.0023136274182203,0.6824393222850266,0.0505606873389338,0.0,0.0,0.0805741764958503,0.0,0.185092438334405,0.001333375545784,14.849400313619414,0.8847864686562027,1.0,1.2899579236239953,0.0,0.0,2.513502614245807,0.0,2.733347410177691,1.0,15.813326197117547,1139.6555629264626,20.687604017864448,302.7106577576344,7.946729358776584
4,225.0,12.91709783429628,0.98,0.0010129517973992,0.0,0.0,0.0063361044228381,0.0,0.0103522063625117,0.0022987374172509,301.48,77.1,0.7463181637256202,0.1675369368910023,15.326218507783413,8.098956487322017,1126.7124285247355,27.118114754656474,0.982935533590938,0.0003830004667891,0.0,0.0,0.0056659658216063,0.0,0.0087076437775363,0.0023078563431302,0.6450771407473601,0.0728857797865742,0.0,0.0,0.0827940053349506,0.0,0.1979847392962961,0.0012583348348188,14.727457625968738,0.8901907301608176,1.0,1.2843808368717209,0.0,0.0,2.495816546064697,0.0,2.7125171083589223,1.0,15.813326197117547,1139.6555629264626,20.687604017864448,302.7106577576344,7.946729358776584
4,225.0,13.720104725458658,0.98,0.0010129517973992,0.0,0.0,0.0063361044228381,0.0,0.0103522063625117,0.0022987374172509,301.48,77.1,0.7463181637256202,0.1779520716661304,15.326218507783413,8.098956487322017,1125.7689026317337,27.738868490128063,0.9816727458859718,0.0005608529810776,0.0,0.0,0.0059886771315459,0.0,0.0094739544547305,0.002303769546674,0.6120603685249079,0.1004572686315974,0.0,0.0,0.0827567195290983,0.0,0.2035337804445768,0.0011918628698194,14.633111386921923,0.8944726874506813,1.0,1.2800221033665071,0.0,0.0,2.48251131982027,0.0,2.696716782919526,1.0,15.813326197117547,1139.6555629264626,20.687604017864448,302.7106577576344,7.946729358776584
4,225.0,14.523111616621035,0.98,0.0010129517973992,0.0,0.0,0.0063361044228381,0.0,0.0103522063625117,0.0022987374172509,301.48,77.1,0.7463181637256202,0.1883672064412585,15.326218507783413,8.098956487322017,1125.0922259342026,28.21630771987423,0.9807277641362304,0.0007745582141747,0.0,0.0,0.0061987760610807,0.0,0.0099980280672764,0.0023008735212375,0.5826226680089411,0.131181781710065,0.0,0.0,0.0813208079622146,0.0,0.2037423708445696,0.0011323714742094,14.560981006756997,0.8978524612243768,1.0,1.2766322067252087,0.0,0.0,2.472697691291278,0.0,2.684905279507177,1.0,15.813326197117547,1139.6555629264626,20.687604017864448,302.7106577576344,7.946729358776584
4,225.0,15.326118507783413,0.98,0.0010129517973992,0.0,0.0,0.0063361044228381,0.0,0.0103522063625117,0.0022987374172509,301.48,77.1,0.7463181637256202,0.1987823412163867,15.326218507783413,8.098956487322017,1124.5963377184228,28.594111929509804,0.980000080702804,0.0010129209868636,0.0,0.0,0.0063360905546722,0.0,0.0103521701061021,0.0022987376495579,0.5561728152840543,0.162820744342948,0.0,0.0,0.0791675975128229,0.0,0.2007601132579062,0.0010787296022685,14.503975842683024,0.900613148628127,1.0,1.2738949318240445,0.0,0.0,2.465246288951166,0.0,2.675786042233504,1.0,15.813326197117547,1139.6555629264626,20.687604017864448,302.7106577576344,7.946729358776584
4,230.0,9.797862184820255,0.98,0.0010129517973992,0.0,0.0,0.0063361044228381,0.0,0.0103522063625117,0.0022987374172509,301.48,77.1,0.7629030118084118,0.1270799245761382,16.964994901661576,9.797762184820256,1120.0554087164276,25.128303453727437,0.996477374589018,4.330704382958801e-06,0.0,0.0,0.0003380191254123,0.0,0.0003357712603835,0.0028445043208031,0.9799913037447328,0.0010134841168197,0.0,0.0,0.0063392700291414,0.0,0.010357492731165,0.002298449378141,14.47865413323304,0.8874410714498666,1.0,1.289199778041786,0.0,0.0,2.3665328290535665,0.0,2.69687170757864,1.0,14.52556748614066,1121.6270137216943,24.87830228106012,302.7106577576344,9.61137473881863
4,230.0,10.59419915335818,0.98,0.0010129517973992,0.0,0.0,0.0063361044228381,0.0,0.0103522063625117,0.0022987374172509,301.48,77.1,0.7629030118084118,0.1374085493301969,16.964994901661576,9.797762184820256,1117.8322356202689,26.29098834355029,0.9941799463070816,2.6097948489686943e-05,0.0,0.0,0.0016274033748929,0.0,0.0017644177206924,0.0024021346488431,0.9138928338500636,0.0056136822897978,0.0,0.0,0.0282881538725198,0.0,0.0503886323341502,0.0018166976534684,14.290610874524372,0.8957786608498488,1.0,1.2811171996059296,0.0,0.0,2.341256864652517,0.0,2.6653985700145872,1.0,14.52556748614066,1121.6270137216943,24.87830228106012,302.7106577576344,9.61137473881863
4,230.0,11.390536121896108,0.98,0.0010129517973992,0.0,0.0,0.0063361044228381,0.0,0.0103522063625117,0.0022987374172509,301.48,77.1,0.7629030118084118,0.1477371740842556,16.964994901661576,9.797762184820256,1115.6250642734212,27.44544268893185,0.991606039437456,5.6199526208019664e-05,0.0,0.0,0.0027460371474544,0.0,0.0032344188987141,0.0023573049901674,0.8566533112492046,0.0111811254661339,0.0,0.0,0.0444906284702106,0.0,0.0859986419637854,0.0016762928506654,14.11136922230453,0.9038376333777116,1.0,1.273358825258396,0.0,0.0,2.3172596548274407,0.0,2.635668561277239,1.0,14.52556748614066,1121.6270137216943,24.87830228106012,302.7106577576344,9.61137473881863
4,230.0,12.18687309043403,0.98,0.0010129517973992,0.0,0.0,0.0063361044228381,0.0,0.0103522063625117,0.0022987374172509,301.48,77.1,0.7629030118084118,0.1580657988383143,16.964994901661576,9.797762184820256,1113.5788104071155,28.57565736435446,0.9891566669462276,9.889399054787544e-05,0.0,0.0,0.0037006167352932,0.0,0.004706538472616,0.0023372838553154,0.806868020745934,0.0182957292733239,0.0,0.0,0.0561672495681093,0.0,0.1170990894509585,0.0015699109616742,13.94275602700888,0.9115149201092876,1.0,1.2661118827143447,0.0,0.0,2.2948890557536084,0.0,2.6080508937006908,1.0,14.52556748614066,1121.6270137216943,24.87830228106012,302.7106577576344,9.61137473881863
4,230.0,12.983210058971954,0.98,0.0010129517973992,0.0,0.0,0.0063361044228381,0.0,0.0103522063625117,0.0022987374172509,301.48,77.1,0.7629030118084118,0.1683944235923729,16.964994901661576,9.797762184820256,1111.7280007291893,29.653320662404575,0.9868922084087124,0.0001608860477665,0.0,0.0,0.0044959429843311,0.0,0.0061262192148426,0.0023247433443471,0.7632051072399907,0.0278147389549916,0.0,0.0,0.0642185098965213,0.0,0.1432809247288871,0.0014807191796092,13.787521156452597,0.9187045771054364,1.0,1.259474013041192,0.0,0.0,2.2745122073059547,0.0,2.582951004077024,1.0,14.52556748614066,1121.6270137216943,24.87830228106012,302.7106577576344,9.61137473881863
4,230.0,13.779547027509878,0.98,0.0010129517973992,0.0,0.0,0.0063361044228381,0.0,0.0103522063625117,0.0022987374172509,301.48,77.1,0.7629030118084118,0.1787230483464316,16.964994901661576,9.797762184820256,1110.1181599438876,30.6387148771228,0.9848793787520428,0.0002516831925228,0.0,0.0,0.0051332147963298,0.0,0.0074198792254089,0.0023158440336956,0.7246220675471484,0.0408563852003089,0.0,0.0,0.0692931900268353,0.0,0.1638249494315368,0.0014034077941704,13.649644241603236,0.9251862207259358,1.0,1.2535839234496224,0.0,0.0,2.256651568858529,0.0,2.5609574275167,1.0,14.52556748614066,1121.6270137216943,24.87830228106012,302.7106577576344,9.61137473881863
4,230.0,14.575883996047803,0.98,0.0010129517973992,0.0,0.0,0.0063361044228381,0.0,0.0103522063625117,0.0022987374172509,301.48,77.1,0.7629030118084118,0.1890516731004903,16.964994901661576,9.797762184820256,1108.7965467032411,31.48854995198117,0.983186441527394,0.0003815105089871,0.0,0.0,0.0056148486120952,0.0,0.0085078641650793,0.0023093351864444,0.6902855126869213,0.0584242325530335,0.0,0.0,0.0719134124118675,0.0,0.1780416648274973,0.0013351775206801,13.533306680331028,0.9307511233964384,1.0,1.2486219752010188,0.0,0.0,2.241840932102137,0.0,2.5426710072815766,1.0,14.52556748614066,1121.6270137216943,24.87830228106012,302.7106577576344,9.61137473881863
4,230.0,15.372220964585727,0.98,0.0010129517973992,0.0,0.0,0.0063361044228381,0.0,0.0103522063625117,0.0022987374172509,301.48,77.1,0.7629030118084118,0.199380297854549,16.964994901661576,9.797762184820256,1107.778109917486,32.178633673042526,0.9818421791939864,0.0005554668833194,0.0,0.0,0.0059550683358512,0.0,0.0093426590200207,0.002304626566822,0.6595091329183245,0.0806033289272808,0.0,0.0,0.0726263905722312,0.0,0.18598696774247,0.0012741798396933,13.440122801885932,0.935311566394796,1.0,1.2445889555752023,0.0,0.0,2.230255715746681,0.0,2.528267971116756,1.0,14.52556748614066,1121.6270137216943,24.87830228106012,302.7106577576344,9.61137473881863
4,230.0,16.16855793312365,0.98,0.0010129517973992,0.0,0.0,0.0063361044228381,0.0,0.0103522063625117,0.0022987374172509,301.48,77.1,0.7629030118084118,0.2097089226086076,16.964994901661576,9.797762184820256,1107.0229389339477,32.72115777130885,0.9808068175794448,0.0007692924641951,0.0,0.0,0.0061838925221244,0.0,0.0099387589092082,0.0023012385250273,0.6317247523364898,0.1061922597093071,0.0,0.0,0.0720407181657325,0.0,0.1888231741049465,0.0012190956835238,13.367291482098114,0.938954192103548,1.0,1.2413986997634272,0.0,0.0,2.221475866253589,0.0,2.517230400717729,1.0,14.52556748614066,1121.6270137216943,24.87830228106012,302.7106577576344,9.61137473881863
4,230.0,16.964894901661577,0.98,0.0010129517973992,0.0,0.0,0.0063361044228381,0.0,0.0103522063625117,0.0022987374172509,301.48,77.1,0.7629030118084118,0.2200375473626663,16.964994901661576,9.797762184820256,1106.460405723182,33.15197190047837,0.9800000903372064,0.0010129197693954,0.0,0.0,0.0063360888566669,0.0,0.0103521633462454,0.0022987376904858,0.6064753139805605,0.1334417763151171,0.0,0.0,0.070698834358583,0.0,0.1882151049572721,0.0011689703884671,13.309463294317377,0.941939695833964,1.0,1.2388069603378375,0.0,0.0,2.214750053597698,0.0,2.5086443157608844,1.0,14.52556748614066,1121.6270137216943,24.87830228106012,302.7106577576344,9.61137473881863
4,235.0,11.751981684298247,0.98,0.0010129517973992,0.0,0.0,0.0063361044228381,0.0,0.0103522063625117,0.0022987374172509,301.48,77.1,0.7794878598912034,0.1524251839727399,18.8623630071719,11.75188168429825,1101.197910818783,30.038931954117714,0.996326539964738,5.731833091957394e-06,0.0,0.0,0.0004100598859742,0.0,0.000389757211875,0.0028679111043208,0.9799928820672712,0.0010133909182395,0.0,0.0,0.0063386880190227,0.0,0.0103565497226494,0.002298489272817,13.208483350758645,0.9329256309807912,1.0,1.2498268871529703,0.0,0.0,2.1245878569471266,0.0,2.5139613763833144,1.0,13.258875583506692,1102.8688895247462,29.73094022392497,302.7106577576344,11.525181126674264
4,235.0,12.54201294239532,0.98,0.0010129517973992,0.0,0.0,0.0063361044228381,0.0,0.0103522063625117,0.0022987374172509,301.48,77.1,0.7794878598912034,0.1626720225991611,18.8623630071719,11.75188168429825,1099.0308960769944,31.20943649787332,0.9941333846134066,2.9148883093080174e-05,0.0,0.0,0.0016733795797839,0.0,0.0017455249585663,0.00241856196515,0.9255810531445224,0.0048009700233452,0.0,0.0,0.02428938188443,0.0,0.0434912279581633,0.0018373669895388,13.04037628882564,0.9410729555024177,1.0,1.243048252093076,0.0,0.0,2.1048204538924544,0.0,2.48817830595118,1.0,13.258875583506692,1102.8688895247462,29.73094022392497,302.7106577576344,11.525181126674264
4,235.0,13.332044200492394,0.98,0.0010129517973992,0.0,0.0,0.0063361044228381,0.0,0.0103522063625117,0.0022987374172509,301.48,77.1,0.7794878598912034,0.1729188612255822,18.8623630071719,11.75188168429825,1096.8836905987375,32.372940512869,0.9916633110037962,6.098369556589953e-05,0.0,0.0,0.002763020331055,0.0,0.0031469653221805,0.0023657196474023,0.8772633293323316,0.0093983951189689,0.0,0.0,0.0378097368661402,0.0,0.0738198165120436,0.0017087221705153,12.880016455839502,0.9489580301501732,1.0,1.2365723440111696,0.0,0.0,2.0860283525336865,0.0,2.4638129378982176,1.0,13.258875583506692,1102.8688895247462,29.73094022392497,302.7106577576344,11.525181126674264
4,235.0,14.122075458589466,0.98,0.0010129517973992,0.0,0.0,0.0063361044228381,0.0,0.0103522063625117,0.0022987374172509,301.48,77.1,0.7794878598912034,0.1831656998520034,18.8623630071719,11.75188168429825,1094.8894582102257,33.516099147164965,0.9893042972871552,0.0001051616937929,0.0,0.0,0.0036893428932677,0.0,0.0045587117960072,0.0023424863297768,0.8343428270352409,0.0152242496585723,0.0,0.0,0.0477707007186082,0.0,0.1010483668676915,0.0016138557198869,12.728620782558396,0.9565248897286232,1.0,1.2304936785053704,0.0,0.0,2.0684304690005786,0.0,2.4410618083022944,1.0,13.258875583506692,1102.8688895247462,29.73094022392497,302.7106577576344,11.525181126674264
4,235.0,14.91210671668654,0.98,0.0010129517973992,0.0,0.0,0.0063361044228381,0.0,0.0103522063625117,0.0022987374172509,301.48,77.1,0.7794878598912034,0.1934125384784246,18.8623630071719,11.75188168429825,1093.0738793752794,34.614709296518626,0.98710787818893,0.0001677171569113,0.0,0.0,0.0044619287535439,0.0,0.0059342138987077,0.0023282620019068,0.7959974226238581,0.0228936520856495,0.0,0.0,0.0548531364314717,0.0,0.1247213582472964,0.0015344306117242,12.588118973437949,0.9636398659390182,1.0,1.2248763696086666,0.0,0.0,2.052254629642251,0.0,2.42018426274086,1.0,13.258875583506692,1102.8688895247462,29.73094022392497,302.7106577576344,11.525181126674264
4,235.0,15.70213797478361,0.98,0.0010129517973992,0.0,0.0,0.0063361044228381,0.0,0.0103522063625117,0.0022987374172509,301.48,77.1,0.7794878598912034,0.2036593771048458,18.8623630071719,11.75188168429825,1091.4700105546078,35.63507501236713,0.9851252957067518,0.0002571952754383,0.0,0.0,0.0050871676250181,0.0,0.0072120471065501,0.0023182942862416,0.7615539633155146,0.0332241697186053,0.0,0.0,0.0595672366663451,0.0,0.1441894292800679,0.001465201019467,12.461361086375083,0.9701648125589692,1.0,1.219813315883997,0.0,0.0,2.03783045893215,0.0,2.401568621008677,1.0,13.258875583506692,1102.8688895247462,29.73094022392497,302.7106577576344,11.525181126674264
4,235.0,16.492169232880684,0.98,0.0010129517973992,0.0,0.0,0.0063361044228381,0.0,0.0103522063625117,0.0022987374172509,301.48,77.1,0.7794878598912034,0.213906215731267,18.8623630071719,11.75188168429825,1090.1159573262855,36.5382581369483,0.983412378130168,0.0003834432291204,0.0,0.0,0.0055705982513424,0.0,0.0083226034840699,0.0023109769052992,0.7304555232716902,0.0470484086766726,0.0,0.0,0.062316956987024,0.0,0.1587754375951252,0.0014036734694878,12.351625815955702,0.9759042706586504,1.0,1.215407993128548,0.0,0.0,2.025529421960002,0.0,2.385655251870173,1.0,13.258875583506692,1102.8688895247462,29.73094022392497,302.7106577576344,11.525181126674264
4,235.0,17.282200490977758,0.98,0.0010129517973992,0.0,0.0,0.0063361044228381,0.0,0.0103522063625117,0.0022987374172509,301.48,77.1,0.7794878598912034,0.2241530543576881,18.8623630071719,11.75188168429825,1089.0329555908877,37.29559273292012,0.982004213105903,0.0005532996844939,0.0,0.0,0.0059237135881907,0.0,0.0092131784625359,0.0023055951588763,0.7022272836978442,0.0647181613779939,0.0,0.0,0.0634911654194619,0.0,0.168215096685082,0.0013482928196181,12.260929878552185,0.980721256240161,1.0,1.2117518239902652,0.0,0.0,2.015564826398497,0.0,2.372688524380521,1.0,13.258875583506692,1102.8688895247462,29.73094022392497,302.7106577576344,11.525181126674264
4,235.0,18.072231749074827,0.98,0.0010129517973992,0.0,0.0,0.0063361044228381,0.0,0.0103522063625117,0.0022987374172509,301.48,77.1,0.7794878598912034,0.2343998929841093,18.8623630071719,11.75188168429825,1088.2019093512813,37.90652298418976,0.9808861340289416,0.0007658026792575,0.0,0.0,0.0061691786280201,0.0,0.0098772256250621,0.0023016590387184,0.6764583019452052,0.0856729022600376,0.0,0.0,0.06351587356984,0.0,0.1730549746570163,0.0012979475679005,12.188245258498162,0.9846780243536458,1.0,1.208764563104443,0.0,0.0,2.00778630855294,0.0,2.3624642110414813,1.0,13.258875583506692,1102.8688895247462,29.73094022392497,302.7106577576344,11.525181126674264
4,235.0,18.8622630071719,0.98,0.0010129517973992,0.0,0.0,0.0063361044228381,0.0,0.0103522063625117,0.0022987374172509,301.48,77.1,0.7794878598912034,0.2446467316105305,18.8623630071719,11.75188168429825,1087.5696464548455,38.39684043930784,0.9800001004041994,0.0010129187555909,0.0,0.0,0.0063360870953074,0.0,0.0103521560063914,0.0022987377385108,0.6528021927809126,0.1086897948861675,0.0,0.0,0.0628031652859307,0.0,0.1744530335330765,0.0012518135139125,12.129919292110268,0.9879159368521764,1.0,1.2063408616340787,0.0,0.0,2.001750858835773,0.0,2.354404275929522,1.0,13.258875583506692,1102.8688895247462,29.73094022392497,302.7106577576344,11.525181126674264
4,240.0,13.985008238171114,0.98,0.0010129517973992,0.0,0.0,0.0063361044228381,0.0,0.0103522063625117,0.0022987374172509,301.48,77.1,0.7960727079739949,0.1813879148919729,21.03633158486314,13.984908238171114,1081.4758004417797,35.71668299410231,0.9961614681929912,7.542740031409752e-06,0.0,0.0,0.0004939662541447,0.0,0.0004520358586707,0.002884986954162,0.9799941360170144,0.001013316597276,0.0,0.0,0.0063382241682975,0.0,0.010355798513342,0.0022985247040698,11.96035978384567,0.9833944737987076,1.0,1.213783432098397,0.0,0.0,1.919631162684796,0.0,2.3473037999446995,1.0,12.014498351825988,1083.263844328595,35.3375257790447,302.7106577576344,13.710780754884407
4,240.0,14.768477498914672,0.98,0.0010129517973992,0.0,0.0,0.0063361044228381,0.0,0.0103522063625117,0.0022987374172509,301.48,77.1,0.7960727079739949,0.1915496433062863,21.03633158486314,13.984908238171114,1079.3542374579347,36.8999241564609,0.9940564854873194,3.2770462546179045e-05,0.0,0.0,0.0017296461180614,0.0,0.0017447035518684,0.0024363943802044,0.9350713881127248,0.00414589614629,0.0,0.0,0.0210596836231247,0.0,0.0378642863519865,0.0018587457658738,11.80991626376386,0.9914714330370016,1.0,1.2080806252161158,0.0,0.0,1.9040731730948253,0.0,2.326026801081917,1.0,12.014498351825988,1083.263844328595,35.3375257790447,302.7106577576344,13.710780754884407
4,240.0,15.55194675965823,0.98,0.0010129517973992,0.0,0.0,0.0063361044228381,0.0,0.0103522063625117,0.0022987374172509,301.48,77.1,0.7960727079739949,0.2017113717205996,21.03633158486314,13.984908238171114,1077.258356614949,38.07684559501437,0.991682172663202,6.653665204764166e-05,0.0,0.0,0.0027904159387361,0.0,0.0030857278347493,0.0023751469112647,0.8943506887779259,0.0079517129051537,0.0,0.0,0.0323317633834318,0.0,0.0636273032863275,0.0017385316471609,11.66632923641294,0.9992837797976492,1.0,1.2026601681960236,0.0,0.0,1.889285163387781,0.0,2.305924923813345,1.0,12.014498351825988,1083.263844328595,35.3375257790447,302.7106577576344,13.710780754884407
4,240.0,16.33541602040179,0.98,0.0010129517973992,0.0,0.0,0.0063361044228381,0.0,0.0103522063625117,0.0022987374172509,301.48,77.1,0.7960727079739949,0.211873100134913,21.03633158486314,13.984908238171114,1075.3082413763989,39.23641378548268,0.9894068598900766,0.0001124794404475,0.0,0.0,0.0036894342112858,0.0,0.0044428876785656,0.0023483387796243,0.8575415608875882,0.0127352949155853,0.0,0.0,0.0407904395292758,0.0,0.0872796774538191,0.0016530272137315,11.530356920109623,1.006811219221553,1.0,1.197551387784113,0.0,0.0,1.875411593736636,0.0,2.287075978386022,1.0,12.014498351825988,1083.263844328595,35.3375257790447,302.7106577576344,13.710780754884407
4,240.0,17.11888528114535,0.98,0.0010129517973992,0.0,0.0,0.0063361044228381,0.0,0.0103522063625117,0.0022987374172509,301.48,77.1,0.7960727079739949,0.2220348285492263,21.03633158486314,13.984908238171114,1073.5230007647515,40.35776504417044,0.987275974568379,0.0001760658629955,0.0,0.0,0.0044398026859941,0.0,0.0057759636867294,0.0023321931959019,0.8241396444149741,0.0189400814340444,0.0,0.0,0.0469572281257007,0.0,0.1083809726793409,0.0015820733459398,11.403343907741544,1.013939269665702,1.0,1.1927951566937542,0.0,0.0,1.862563023555907,0.0,2.2696434311099405,1.0,12.014498351825988,1083.263844328595,35.3375257790447,302.7106577576344,13.710780754884407
4,240.0,17.902354541888908,0.98,0.0010129517973992,0.0,0.0,0.0063361044228381,0.0,0.0103522063625117,0.0022987374172509,301.48,77.1,0.7960727079739949,0.2321965569635397,21.03633158486314,13.984908238171114,1071.9261804111509,41.41219563079531,0.9853290006869924,0.0002649814131672,0.0,0.0,0.0050516975851526,0.0,0.0070333113941701,0.0023210089205176,0.793712905288247,0.0271599234330242,0.0,0.0,0.0512354077395688,0.0,0.126371576150728,0.0015201873884318,11.287317695582736,1.020558476663514,1.0,1.1884536071017866,0.0,0.0,1.850946521741902,0.0,2.253881648409012,1.0,12.014498351825988,1083.263844328595,35.3375257790447,302.7106577576344,13.710780754884407
4,240.0,18.685823802632463,0.98,0.0010129517973992,0.0,0.0,0.0063361044228381,0.0,0.0103522063625117,0.0022987374172509,301.48,77.1,0.7960727079739949,0.242358285377853,21.03633158486314,13.984908238171114,1070.5473518839767,42.365397518504665,0.9836102435528804,0.0003884660582318,0.0,0.0,0.0055333590993703,0.0,0.0081551351214659,0.0023127961680514,0.7658930613531973,0.038048328464727,0.0,0.0,0.0539432370728207,0.0,0.1406503955342478,0.0014649775750069,11.184765960477826,1.0264977957392816,1.0,1.1846012983686862,0.0,0.0,1.840811861885231,0.0,2.24010174911006,1.0,12.014498351825988,1083.263844328595,35.3375257790447,302.7106577576344,13.710780754884407
4,240.0,19.469293063376025,0.98,0.0010129517973992,0.0,0.0,0.0063361044228381,0.0,0.0103522063625117,0.0022987374172509,301.48,77.1,0.7960727079739949,0.2525200137921664,21.03633158486314,13.984908238171114,1069.4087440195349,43.187617833135846,0.9821545011570458,0.000554281512178,0.0,0.0,0.0058952931965233,0.0,0.0090892420486051,0.0023066820856476,0.7403570551002596,0.0520303752640581,0.0,0.0,0.0553670831593633,0.0,0.1508304263430786,0.0014150601332401,11.097649433274809,1.0316140706505783,1.0,1.1813061255991093,0.0,0.0,1.8323481693340289,0.0,2.2285368673376387,1.0,12.014498351825988,1083.263844328595,35.3375257790447,302.7106577576344,13.710780754884407
4,240.0,20.252762324119583,0.98,0.0010129517973992,0.0,0.0,0.0063361044228381,0.0,0.0103522063625117,0.0022987374172509,301.48,77.1,0.7960727079739949,0.2626817422064797,21.03633158486314,13.984908238171114,1068.505488626491,43.8690245349262,0.9809635198186424,0.0007642446909733,0.0,0.0,0.0061549939942058,0.0,0.0098151020570941,0.0023021394390844,0.7168143243726934,0.0689473591355328,0.0,0.0,0.0558064625830965,0.0,0.1570623795926424,0.0013694743160348,11.026010446443657,1.0358993850440008,1.0,1.1785657710529025,0.0,0.0,1.825541400910363,0.0,2.219156478844247,1.0,12.014498351825988,1083.263844328595,35.3375257790447,302.7106577576344,13.710780754884407
4,240.0,21.036231584863145,0.98,0.0010129517973992,0.0,0.0,0.0063361044228381,0.0,0.0103522063625117,0.0022987374172509,301.48,77.1,0.7960727079739949,0.272843470620793,21.03633158486314,13.984908238171114,1067.8013020044891,44.42479023046286,0.9800001107829136,0.0010129179672794,0.0,0.0,0.0063360852867004,0.0,0.0103521481683124,0.0022987377947941,0.6950077933432093,0.0880419004160412,0.0,0.0,0.0555643647387878,0.0,0.1600584447826014,0.00132749671936,10.967644120428574,1.039467218543387,1.0,1.176291305995507,0.0,0.0,1.820144838450126,0.0,2.211629606380972,1.0,12.014498351825988,1083.263844328595,35.3375257790447,302.7106577576344,13.710780754884407
4,245.0,16.52155404867208,0.98,0.0010129517973992,0.0,0.0,0.0063361044228381,0.0,0.0103522063625117,0.0022987374172509,301.48,77.1,0.8126575560567865,0.2142873417467196,23.50585183422104,16.52145404867208,1060.74392964475,42.27509162660947,0.9959785546894814,9.882784744314455e-06,0.0,0.0,0.0005913209909631,0.0,0.0005242664136152,0.002895975121196,0.9799951417814688,0.0010132567767017,0.0,0.0,0.0063378511023012,0.0,0.0103551945101202,0.0022985558294078,10.73582293070012,1.039949016990753,1.0,1.1807396067830145,0.0,0.0,1.7454762173299527,0.0,2.1947591956551107,1.0,10.793959502416731,1062.6711211462375,41.80803719266337,302.7106577576344,16.191644196077288
4,245.0,17.297576024844187,0.98,0.0010129517973992,0.0,0.0,0.0063361044228381,0.0,0.0103522063625117,0.0022987374172509,301.48,77.1,0.8126575560567865,0.2243524776244382,23.50585183422104,16.52145404867208,1058.6591188483958,43.47583701527937,0.9939491609215844,3.709151014244826e-05,0.0,0.0,0.001796684018722,0.0,0.0017617065362913,0.0024553570132597,0.942837718611458,0.0036127636996924,0.0,0.0,0.018429679036177,0.0,0.0332383551140285,0.0018814835386441,10.601246984416102,1.048041263920974,1.0,1.1759472114094975,0.0,0.0,1.73320703907995,0.0,2.177100018533736,1.0,10.793959502416731,1062.6711211462375,41.80803719266337,302.7106577576344,16.191644196077288
4,245.0,18.073598001016293,0.98,0.0010129517973992,0.0,0.0,0.0063361044228381,0.0,0.0103522063625117,0.0022987374172509,301.48,77.1,0.8126575560567865,0.2344176135021568,23.50585183422104,16.52145404867208,1056.6072073756409,44.67050338167558,0.991664860288076,7.298306886107735e-05,0.0,0.0,0.0028276970959905,0.0,0.003048886777609,0.0023855727694632,0.9085792768284042,0.0067681211430194,0.0,0.0,0.0278171151058477,0.0,0.0550684184238103,0.0017670684989182,10.472745804421812,1.0559067568408245,1.0,1.1714068284814654,0.0,0.0,1.7215274711885584,0.0,2.160423218398246,1.0,10.793959502416731,1062.6711211462375,41.80803719266337,302.7106577576344,16.191644196077288
4,245.0,18.8496199771884,0.98,0.0010129517973992,0.0,0.0,0.0063361044228381,0.0,0.0103522063625117,0.0022987374172509,301.48,77.1,0.8126575560567865,0.2444827493798755,23.50585183422104,16.52145404867208,1054.694111158554,45.8501075133398,0.9894683427666936,0.0001209381198541,0.0,0.0,0.0036995736967921,0.0,0.0043562693071475,0.0023548761095127,0.8771583876838532,0.0107016721011769,0.0,0.0,0.0349731191009955,0.0,0.07547784126125,0.0016889798527241,10.350736733018994,1.063481193653449,1.0,1.1671132147618537,0.0,0.0,1.7105523952769106,0.0,2.1447316058100383,1.0,10.793959502416731,1062.6711211462375,41.80803719266337,302.7106577576344,16.191644196077288
4,245.0,19.625641953360507,0.98,0.0010129517973992,0.0,0.0,0.0063361044228381,0.0,0.0103522063625117,0.0022987374172509,301.48,77.1,0.8126575560567865,0.2545478852575941,23.50585183422104,16.52145404867208,1052.9339986894113,46.99658764306842,0.9874007785728044,0.0001859290436084,0.0,0.0,0.0044279194465,0.0,0.0056487949789623,0.0023365779581248,0.8482690692046327,0.0157336296388018,0.0,0.0,0.0403010421101309,0.0,0.0940710682867526,0.0016251907596818,10.236141422668185,1.0707211692367002,1.0,1.1630911253533975,0.0,0.0,1.7003254464810875,0.0,2.130123868008356,1.0,10.793959502416731,1062.6711211462375,41.80803719266337,302.7106577576344,16.191644196077288
4,245.0,20.40166392953261,0.98,0.0010129517973992,0.0,0.0,0.0063361044228381,0.0,0.0103522063625117,0.0022987374172509,301.48,77.1,0.8126575560567865,0.2646130211353127,23.50585183422104,16.52145404867208,1051.3431925071675,48.08541852916414,0.9854927607598906,0.0002748698182878,0.0,0.0,0.0050255757055808,0.0,0.0068827733875879,0.0023240203286525,0.8216355627265775,0.0222929496697159,0.0,0.0,0.0441205905695162,0.0,0.1103811034416908,0.0015697935924995,10.130388356505833,1.0774910426782682,1.0,1.1593815254688726,0.0,0.0,1.6909730647701464,0.0,2.11676500057213,1.0,10.793959502416731,1062.6711211462375,41.80803719266337,302.7106577576344,16.191644196077288
4,245.0,21.17768590570472,0.98,0.0010129517973992,0.0,0.0,0.0063361044228381,0.0,0.0103522063625117,0.0022987374172509,301.48,77.1,0.8126575560567865,0.2746781570130314,23.50585183422104,16.52145404867208,1049.9439221357109,49.08675213257868,0.9837787000930928,0.0003962843025131,0.0,0.0,0.0055028829405878,0.0,0.0080073212120079,0.0023148114517981,0.7970163745931196,0.0308750872156315,0.0,0.0,0.0466848708856076,0.0,0.1239033153235696,0.0015203519820715,10.035319678081388,1.0836790084222965,1.0,1.1560367470496502,0.0,0.0,1.682659652721224,0.0,2.1048696942927303,1.0,10.793959502416731,1062.6711211462375,41.80803719266337,302.7106577576344,16.191644196077288
4,245.0,21.953707881876824,0.98,0.0010129517973992,0.0,0.0,0.0063361044228381,0.0,0.0103522063625117,0.0022987374172509,301.48,77.1,0.8126575560567865,0.28474329289075,23.50585183422104,16.52145404867208,1048.756609883628,49.9718426211838,0.9822897430716776,0.0005582520140829,0.0,0.0,0.0058702129256787,0.0,0.0089738960119003,0.0023078959766603,0.7741947368891947,0.0418819950098618,0.0,0.0,0.048211074300452,0.0,0.1342366403257056,0.0014755534747857,9.952633621207156,1.0891320511064977,1.0,1.153107461544675,0.0,0.0,1.675532558883467,0.0,2.0946306669194,1.0,10.793959502416731,1062.6711211462375,41.80803719266337,302.7106577576344,16.191644196077288
4,245.0,22.72972985804893,0.98,0.0010129517973992,0.0,0.0,0.0063361044228381,0.0,0.0103522063625117,0.0022987374172509,301.48,77.1,0.8126575560567865,0.2948084287684686,23.50585183422104,16.52145404867208,1047.785041543593,50.72495029919411,0.9810368533767504,0.000764688268861,0.0,0.0,0.0061416539866899,0.0,0.009754120114351,0.0023026842533474,0.7529694492172048,0.0553730058678731,0.0,0.0,0.0489131848553963,0.0,0.1413098261959778,0.0014345338635478,9.882919999584011,1.093788208010574,1.0,1.1506191887662829,0.0,0.0,1.66963582617059,0.0,2.0860981357425863,1.0,10.793959502416731,1062.6711211462375,41.80803719266337,302.7106577576344,16.191644196077288
4,245.0,23.50575183422104,0.98,0.0010129517973992,0.0,0.0,0.0063361044228381,0.0,0.0103522063625117,0.0022987374172509,301.48,77.1,0.8126575560567865,0.3048735646461872,23.50585183422104,16.52145404867208,1047.0074683601715,51.35148179338173,0.980000121354202,0.0010129174160595,0.0,0.0,0.0063360834436685,0.0,0.0103521399253341,0.0022987378607355,0.7331540243961988,0.0709478628333912,0.0,0.0,0.0490097283161625,0.0,0.145491737021457,0.0013966474327903,9.825074484223007,1.097738194469936,1.0,1.1485106656889137,0.0,0.0,1.6648747272673183,0.0,2.0791096910295828,1.0,10.793959502416731,1062.6711211462375,41.80803719266337,302.7106577576344,16.191644196077288
4,250.0,19.38738188183672,0.98,0.0010129517973992,0.0,0.0,0.0063361044228381,0.0,0.0103522063625117,0.0022987374172509,301.48,77.1,0.8292424041395781,0.2514576119563776,26.29074053348132,19.38728188183672,1038.824397527529,49.85306835953749,0.9957734265494144,1.2912348162441596e-05,0.0,0.0,0.0007039855935221,0.0,0.0006086183258561,0.0029010571830448,0.9799959558498886,0.0010132081975946,0.0,0.0,0.0063375484422412,0.0,0.0103547045218382,0.0022985829884373,9.536748381323308,1.1040336064987435,1.0,1.150432692602296,0.0,0.0,1.5971265966993116,0.0,2.054480513191003,1.0,9.599114364051816,1040.9186176418627,49.27650279185157,302.7106577576344,18.99215487266697
4,250.0,20.15441062090834,0.98,0.0010129517973992,0.0,0.0,0.0063361044228381,0.0,0.0103522063625117,0.0022987374172509,301.48,77.1,0.8292424041395781,0.2614061040325336,26.29074053348132,19.38728188183672,1036.769208439095,51.076082491975626,0.993810222520816,4.228346100581797e-05,0.0,0.0,0.0018753024875774,0.0,0.0017970991764373,0.0024750923541631,0.9492445667532736,0.0031746349404231,0.0,0.0,0.0162703321979507,0.0,0.0294044720000353,0.0019059941083171,9.416616003921542,1.112272049829527,1.0,1.146417884032977,0.0,0.0,1.5874630662972269,0.0,2.039763330173514,1.0,9.599114364051816,1040.9186176418627,49.27650279185157,302.7106577576344,18.99215487266697
4,250.0,20.92143935997996,0.98,0.0010129517973992,0.0,0.0,0.0063361044228381,0.0,0.0103522063625117,0.0022987374172509,301.48,77.1,0.8292424041395781,0.2713545961086895,26.29074053348132,19.38728188183672,1034.7547896914948,52.29290852217941,0.9916121940147032,8.049180291398593e-05,0.0,0.0,0.0028747439842348,0.0,0.0030356179800504,0.0023969522180975,0.9204901785015434,0.0057915946409485,0.0,0.0,0.0240747799549803,0.0,0.0478480377331078,0.0017954091694199,9.301854085585004,1.120288182646137,1.0,1.1426221425579255,0.0,0.0,1.5782584675854598,0.0,2.0258680440475425,1.0,9.599114364051816,1040.9186176418627,49.27650279185157,302.7106577576344,18.99215487266697
4,250.0,21.688468099051583,0.98,0.0010129517973992,0.0,0.0,0.0063361044228381,0.0,0.0103522063625117,0.0022987374172509,301.48,77.1,0.8292424041395781,0.2813030881848454,26.29074053348132,19.38728188183672,1032.872162612448,53.49640747967969,0.9894912471528514,0.0001306783535577,0.0,0.0,0.0037189062986931,0.0,0.0042970460665197,0.002362122128378,0.8937946685710068,0.0090263006663622,0.0,0.0,0.0301071039631335,0.0,0.0653488882279565,0.0017230385715408,9.19262529102548,1.1280378914093987,1.0,1.1390227641915809,0.0,0.0,1.5695485263295417,0.0,2.012753490650088,1.0,9.599114364051816,1040.9186176418627,49.27650279185157,302.7106577576344,18.99215487266697
4,250.0,22.455496838123207,0.98,0.0010129517973992,0.0,0.0,0.0063361044228381,0.0,0.0103522063625117,0.0022987374172509,301.48,77.1,0.8292424041395781,0.2912515802610014,26.29074053348132,19.38728188183672,1031.131740733813,54.67094482896613,0.987485480337577,0.000197370329002,0.0,0.0,0.0044250298836961,0.0,0.0055506655370036,0.0023414539127211,0.868976256127672,0.01310955802316,0.0,0.0,0.0346809320873379,0.0,0.0815680822666484,0.0016651714951814,9.08954691858918,1.1354658141618514,1.0,1.1356338552006082,0.0,0.0,1.5614056451044591,0.0,2.0004759806250374,1.0,9.599114364051816,1040.9186176418627,49.27650279185157,302.7106577576344,18.99215487266697
4,250.0,23.222525577194823,0.98,0.0010129517973992,0.0,0.0,0.0063361044228381,0.0,0.0103522063625117,0.0022987374172509,301.48,77.1,0.8292424041395781,0.3012000723371573,26.29074053348132,19.38728188183672,1029.5443965292548,55.79554765863541,0.985618797100248,0.0002867800480414,0.0,0.0,0.005007697672141,0.0,0.0067593633800944,0.0023273617994748,0.8458601018912479,0.0183491543208893,0.0,0.0,0.0380497155403515,0.0,0.0961256527040646,0.0016153755434464,8.993610452680237,1.1424885808572356,1.0,1.1324820244940064,0.0,0.0,1.5539042632752271,0.0,1.9891406998537853,1.0,9.599114364051816,1040.9186176418627,49.27650279185157,302.7106577576344,18.99215487266697
4,250.0,23.98955431626645,0.98,0.0010129517973992,0.0,0.0,0.0063361044228381,0.0,0.0103522063625117,0.0022987374172509,301.48,77.1,0.8292424041395781,0.3111485644133132,26.29074053348132,19.38728188183672,1028.1263199667249,56.844483485534646,0.983917462252596,0.0004066707585204,0.0,0.0,0.0054787205308889,0.0,0.0078801019938959,0.0023170444640987,0.8242890382361874,0.0251113597911005,0.0,0.0,0.040415327605584,0.0,0.108613203915867,0.001571070451261,8.906150097884035,1.1489783372803082,1.0,1.1296031576499146,0.0,0.0,1.5471305670659687,0.0,1.9788926428208065,1.0,9.599114364051816,1040.9186176418627,49.27650279185157,302.7106577576344,18.99215487266697
4,250.0,24.75658305533807,0.98,0.0010129517973992,0.0,0.0,0.0063361044228381,0.0,0.0103522063625117,0.0022987374172509,301.48,77.1,0.8292424041395781,0.3210970564894691,26.29074053348132,19.38728188183672,1026.8948951974185,57.79119543847386,0.9824076199244072,0.0005650143379503,0.0,0.0,0.005848644448987,0.0,0.0088694735051081,0.0023092477835473,0.8041193710269948,0.0337355261995187,0.0,0.0,0.0419458640576351,0.0,0.1186683009899942,0.0015309377258571,8.828537933134989,1.1548206763228677,1.0,1.127032800758505,0.0,0.0,1.541191810505911,0.0,1.9698794714490644,1.0,9.599114364051816,1040.9186176418627,49.27650279185157,302.7106577576344,18.99215487266697
4,250.0,25.523611794409693,0.98,0.0010129517973992,0.0,0.0,0.0063361044228381,0.0,0.0103522063625117,0.0022987374172509,301.48,77.1,0.8292424041395781,0.331045548565625,26.29074053348132,19.38728188183672,1025.8583984944655,58.61685886128498,0.9811042197824682,0.0007671290433334,0.0,0.0,0.0061294083911381,0.0,0.0096959442954329,0.0023032984876272,0.7852144756804961,0.0443763426735678,0.0,0.0,0.0427975005585197,0.0,0.1261175212540955,0.0014941598333208,8.76156521561538,1.159930717679999,1.0,1.1247970581821558,0.0,0.0,1.536147782040808,0.0,1.962178694531344,1.0,9.599114364051816,1040.9186176418627,49.27650279185157,302.7106577576344,18.99215487266697
4,250.0,26.29064053348132,0.98,0.0010129517973992,0.0,0.0,0.0063361044228381,0.0,0.0103522063625117,0.0022987374172509,301.48,77.1,0.8292424041395781,0.340994040641781,26.29074053348132,19.38728188183672,1025.0064002286108,59.31889256819198,0.9800001320182576,0.0010129171015316,0.0,0.0,0.0063360815724064,0.0,0.0103521313697093,0.002298737938095,0.7674423995597465,0.0568754552316915,0.0,0.0,0.0431267196636762,0.0,0.1310952796083556,0.0014601459365301,8.70487449654922,1.164318105208458,1.0,1.12288188533623,0.0,0.0,1.531980247095876,0.0,1.9557319725727176,1.0,9.599114364051816,1040.9186176418627,49.27650279185157,302.7106577576344,18.99215487266697
4,255.0,22.609600396373164,0.98,0.0010129517973992,0.0,0.0,0.0063361044228381,0.0,0.0103522063625117,0.0022987374172509,301.48,77.1,0.8458272522223695,0.2932503293952421,29.411617069951816,22.609500396373164,1015.4942940415478,58.62445499019277,0.9955406111804612,1.68517390892844e-05,0.0,0.0,0.0008342103123777,0.0,0.0007079904901321,0.0029003362779398,0.9799966205805604,0.0010131684066343,0.0,0.0,0.0063373008499088,0.0,0.0103543035677129,0.0022986065951834,8.36542885428607,1.1776435574117,1.0,1.1226575869451534,0.0,0.0,1.4707007836361643,0.0,1.9249060159815363,1.0,8.432227805466914,1017.7913832278248,57.90987351738985,302.7106577576344,22.13772066860631
4,255.0,23.36536891565968,0.98,0.0010129517973992,0.0,0.0,0.0063361044228381,0.0,0.0103522063625117,0.0022987374172509,301.48,77.1,0.8458272522223695,0.3030527745221749,29.411617069951816,22.609500396373164,1013.4627525325238,59.87466599658179,0.9936371767517336,4.8579287245571415e-05,0.0,0.0,0.0019667163349552,0.0,0.001852378397844,0.0024951492282215,0.9545730931048748,0.002811051981499,0.0,0.0,0.0144829537393686,0.0,0.0262003792077244,0.001932521966533,8.258618656286927,1.1861605444960426,1.0,1.119319661568489,0.0,0.0,1.4630690111521183,0.0,1.912599798417173,1.0,8.432227805466914,1017.7913832278248,57.90987351738985,302.7106577576344,22.13772066860631
4,255.0,24.1211374349462,0.98,0.0010129517973992,0.0,0.0,0.0063361044228381,0.0,0.0103522063625117,0.0022987374172509,301.48,77.1,0.8458272522223695,0.3128552196491077,29.411617069951816,22.609500396373164,1011.4798420131752,61.11831591421046,0.9915234819984888,8.929381058275611e-05,0.0,0.0,0.0029318752672817,0.0,0.0030461482640018,0.0024092006596449,0.9305203673403972,0.0049789629298659,0.0,0.0,0.0209532147830689,0.0,0.0417230256124049,0.001824429334263,8.156516517376517,1.1944497088717738,1.0,1.1161635830826273,0.0,0.0,1.455815742055779,0.0,1.9009784356766075,1.0,8.432227805466914,1017.7913832278248,57.90987351738985,302.7106577576344,22.13772066860631
4,255.0,24.876905954232715,0.98,0.0010129517973992,0.0,0.0,0.0063361044228381,0.0,0.0103522063625117,0.0022987374172509,301.48,77.1,0.8458272522223695,0.3226576647760404,29.411617069951816,22.609500396373164,1009.6213869055996,62.3499262120134,0.9894765215067964,0.0001419052512563,0.0,0.0,0.003747035995261,0.0,0.0042644509002729,0.0023700863464132,0.9079596788582022,0.0076346296850693,0.0,0.0,0.0260181492371697,0.0,0.0566311978909841,0.0017563443285745,8.059119320322356,1.2024961086890125,1.0,1.1131628196676582,0.0,0.0,1.4489499118939788,0.0,1.8899790939112016,1.0,8.432227805466914,1017.7913832278248,57.90987351738985,302.7106577576344,22.13772066860631
4,255.0,25.63267447351923,0.98,0.0010129517973992,0.0,0.0,0.0063361044228381,0.0,0.0103522063625117,0.0022987374172509,301.48,77.1,0.8458272522223695,0.3324601099029732,29.411617069951816,22.609500396373164,1007.8949205130336,63.55603261309173,0.9875319890949082,0.0002105274777514,0.0,0.0,0.0044302915472167,0.0,0.0054803375188092,0.0023468543613143,0.886787235636425,0.0109434214362217,0.0,0.0,0.029921651913401,0.0,0.0706444288838223,0.0017032621301299,7.966816220071995,1.210237289411544,1.0,1.1103244812134154,0.0,0.0,1.4424796686271335,0.0,1.8796302283096928,1.0,8.432227805466914,1017.7913832278248,57.90987351738985,302.7106577576344,22.13772066860631
4,255.0,26.38844299280575,0.98,0.0010129517973992,0.0,0.0,0.0063361044228381,0.0,0.0103522063625117,0.0022987374172509,301.48,77.1,0.8458272522223695,0.342262555029906,29.411617069951816,22.609500396373164,1006.307252838382,64.71873850064921,0.9857087889299948,0.0003007233246798,0.0,0.0,0.0049971775875479,0.0,0.0066622431813321,0.0023310669764453,0.8668932827055016,0.015124145169727,0.0,0.0,0.0328639058347085,0.0,0.0834604658337853,0.0016582004562774,7.880282376087003,1.2176113060376488,1.0,1.1076653007208876,0.0,0.0,1.4364779941396864,0.0,1.8699971339677048,1.0,8.432227805466914,1017.7913832278248,57.90987351738985,302.7106577576344,22.13772066860631
4,255.0,27.144211512092262,0.98,0.0010129517973992,0.0,0.0,0.0063361044228381,0.0,0.0103522063625117,0.0022987374172509,301.48,77.1,0.8458272522223695,0.3520650001568387,29.411617069951816,22.609500396373164,1004.8697570819968,65.81604256650556,0.9840266648358988,0.000419482838899,0.0,0.0,0.0054603728587962,0.0,0.0077739597881837,0.0023195196782221,0.8481763347512786,0.0204417487072796,0.0,0.0,0.0350055242158141,0.0,0.0947580179197111,0.0016183744059165,7.800461861590704,1.224512679622572,1.0,1.1052090685483833,0.0,0.0,1.430995301760403,0.0,1.861175721247215,1.0,8.432227805466914,1017.7913832278248,57.90987351738985,302.7106577576344,22.13772066860631
4,255.0,27.89998003137878,0.98,0.0010129517973992,0.0,0.0,0.0063361044228381,0.0,0.0103522063625117,0.0022987374172509,301.48,77.1,0.8458272522223695,0.3618674452837715,29.411617069951816,22.609500396373164,1003.5964536308431,66.82416925886454,0.9825065516218792,0.0005743805549507,0.0,0.0,0.0058305955851754,0.0,0.0087777212060521,0.0023107510319422,0.8305422125955665,0.0271635752050313,0.0,0.0,0.0364780060421641,0.0,0.1042338027882592,0.0015824033689787,7.728406734523508,1.230823937181706,1.0,1.102985222703239,0.0,0.0,1.426094421170742,0.0,1.8532761696272089,1.0,8.432227805466914,1017.7913832278248,57.90987351738985,302.7106577576344,22.13772066860631
4,255.0,28.6557485506653,0.98,0.0010129517973992,0.0,0.0,0.0063361044228381,0.0,0.0103522063625117,0.0022987374172509,301.48,77.1,0.8458272522223695,0.3716698904107043,29.411617069951816,22.609500396373164,1002.497283627454,67.72335559252112,0.9811639698994996,0.0007715104587954,0.0,0.0,0.0061184358758884,0.0,0.0096420957780418,0.0023039879877746,0.8138998641767071,0.0354669691673404,0.0,0.0,0.0373977111090093,0.0,0.1116859819014827,0.0015494736454603,7.664907177068213,1.2364625343072495,1.0,1.10101358092022,0.0,0.0,1.421837822079887,0.0,1.846375097325512,1.0,8.432227805466914,1017.7913832278248,57.90987351738985,302.7106577576344,22.13772066860631
4,255.0,29.411517069951817,0.98,0.0010129517973992,0.0,0.0,0.0063361044228381,0.0,0.0103522063625117,0.0022987374172509,301.48,77.1,0.8458272522223695,0.3814723355376371,29.411617069951816,22.609500396373164,1001.569811140835,68.50522554286408,0.9800001426181816,0.0010129170340711,0.0,0.0,0.0063360796853571,0.0,0.0103521226336116,0.0022987380287784,0.7981583919635359,0.0453370302657522,0.0,0.0,0.0378769870136928,0.0,0.1171085656231809,0.001519025133838,7.610050213942364,1.2414056277143637,1.0,1.0992895339059596,0.0,0.0,1.4182323285605138,0.0,1.8404683046063528,1.0,8.432227805466914,1017.7913832278248,57.90987351738985,302.7106577576344,22.13772066860631
4,260.0,26.216948992147884,0.98,0.0010129517973992,0.0,0.0,0.0063361044228381,0.0,0.0103522063625117,0.0022987374172509,301.48,77.1,0.8624121003051611,0.3400382489253941,32.88983809266567,26.216848992147884,990.4671789534036,68.81256258505776,0.9952730103977492,2.201182887662582e-05,0.0,0.0,0.0009848067909858,0.0,0.000826357813645,0.0028938131687432,0.979997168085299,0.0010131355370413,0.0,0.0,0.006337096658032,0.0,0.0103539726410542,0.0022986270785733,7.224686981293372,1.2635713109648252,1.0,1.0972858652417632,0.0,0.0,1.3630022560996564,0.0,1.8045900232227716,1.0,7.296085655146154,993.0143761526203,67.92140682303575,302.7106577576344,25.654931900849267
4,260.0,26.958370003316528,0.98,0.0010129517973992,0.0,0.0,0.0063361044228381,0.0,0.0103522063625117,0.0022987374172509,301.48,77.1,0.8624121003051611,0.3496546044528733,32.88983809266567,26.216848992147884,988.4540502870956,70.09527253893876,0.9934258323914088,5.630392149256783e-05,0.0,0.0,0.0020726775427567,0.0,0.0019302214786619,0.0025149646656798,0.9590413455856222,0.0025063454018215,0.0,0.0,0.0129916091241908,0.0,0.023499508184682,0.0019611917036835,7.130319381585187,1.2725281576311098,1.0,1.094539572843538,0.0,0.0,1.357027293452055,0.0,1.7942925477231126,1.0,7.296085655146154,993.0143761526203,67.92140682303575,302.7106577576344,25.654931900849267
4,260.0,27.699791014485168,0.98,0.0010129517973992,0.0,0.0,0.0063361044228381,0.0,0.0103522063625117,0.0022987374172509,301.48,77.1,0.8624121003051611,0.3592709599803524,32.88983809266567,26.216848992147884,986.4967489206002,71.37086944534863,0.991396238312678,9.971137518674024e-05,0.0,0.0,0.0029999350587844,0.0,0.0030819362745832,0.0024221789787676,0.9390213952627688,0.0042967825900805,0.0,0.0,0.0183323054459362,0.0,0.0364946505701504,0.001854866131064,7.040027699299597,1.281254016288156,1.0,1.0919381393681518,0.0,0.0,1.3513380852530916,0.0,1.7845580249250534,1.0,7.296085655146154,993.0143761526203,67.92140682303575,302.7106577576344,25.654931900849267
4,260.0,28.44121202565381,0.98,0.0010129517973992,0.0,0.0,0.0063361044228381,0.0,0.0103522063625117,0.0022987374172509,301.48,77.1,0.8624121003051611,0.3688873155078315,32.88983809266567,26.216848992147884,984.6560770302284,72.63535971405462,0.9894233496858074,0.0001549144676872,0.0,0.0,0.0037840695605223,0.0,0.0042589089954086,0.0023787572905741,0.9200790364281326,0.0064690184075992,0.0,0.0,0.0225639207639077,0.0,0.0490981153800493,0.0017899090203114,6.9537064793566445,1.2897362712857985,1.0,1.08945895844911,0.0,0.0,1.3459422239952443,0.0,1.7753190858026986,1.0,7.296085655146154,993.0143761526203,67.92140682303575,302.7106577576344,25.654931900849267
4,260.0,29.182633036822452,0.98,0.0010129517973992,0.0,0.0,0.0063361044228381,0.0,0.0103522063625117,0.0022987374172509,301.48,77.1,0.8624121003051611,0.3785036710353107,32.88983809266567,26.216848992147884,982.9373319278518,73.87727005431121,0.9875406923262664,0.000225631903779,0.0,0.0,0.0044433006862142,0.0,0.0054375693150363,0.0023528057687041,0.9021593484861388,0.0091402550764024,0.0,0.0,0.0258750366152392,0.0,0.0610847562634131,0.0017406035588062,6.871583904142653,1.2979465325647048,1.0,1.087105105287984,0.0,0.0,1.3408387570148808,0.0,1.7665859159882724,1.0,7.296085655146154,993.0143761526203,67.92140682303575,302.7106577576344,25.654931900849267
4,260.0,29.924054047991092,0.98,0.0010129517973992,0.0,0.0,0.0063361044228381,0.0,0.0103522063625117,0.0022987374172509,301.48,77.1,0.8624121003051611,0.3881200265627899,32.88983809266567,26.216848992147884,981.3443625891276,75.08142182448772,0.985763466343958,0.0003168136935651,0.0,0.0,0.0049934183486967,0.0,0.0065911327127161,0.002335168901064,0.8851945769054634,0.0124639889905641,0.0,0.0,0.0284224520729048,0.0,0.0722195197775356,0.0016994622535319,6.794103949026602,1.3058162502509292,1.0,1.0848871261399275,0.0,0.0,1.3360718105908431,0.0,1.7583982075524078,1.0,7.296085655146154,993.0143761526203,67.92140682303575,302.7106577576344,25.654931900849267
4,260.0,30.66547505915974,0.98,0.0010129517973992,0.0,0.0,0.0063361044228381,0.0,0.0103522063625117,0.0022987374172509,301.48,77.1,0.8624121003051611,0.397736382090269,32.88983809266567,26.216848992147884,979.8848053604,76.2291803734071,0.984106315747974,0.0004346781472832,0.0,0.0,0.0054474084485157,0.0,0.0076893338032758,0.0023222638529511,0.8691198304045834,0.0166276985272508,0.0,0.0,0.0303329829873392,0.0,0.0822560196834289,0.0016634683973974,6.721915901850858,1.313256624296958,1.0,1.082820580480527,0.0,0.0,1.331657234727086,0.0,1.7508176057225662,1.0,7.296085655146154,993.0143761526203,67.92140682303575,302.7106577576344,25.654931900849267
4,260.0,31.40689607032838,0.98,0.0010129517973992,0.0,0.0,0.0063361044228381,0.0,0.0103522063625117,0.0022987374172509,301.48,77.1,0.8624121003051611,0.4073527376177481,32.88983809266567,26.216848992147884,978.5694762395456,77.29978551464164,0.9825853556096994,0.000586208891571,0.0,0.0,0.0058159913294798,0.0,0.008700022250736,0.0023124219185135,0.8538740935415775,0.021831494368622,0.0,0.0,0.031709687505409,0.0,0.09095358203096,0.0016311425534313,6.65579116516066,1.3201758924813838,1.0,1.0809238084910655,0.0,0.0,1.3276688461350938,0.0,1.7439191610200704,1.0,7.296085655146154,993.0143761526203,67.92140682303575,302.7106577576344,25.654931900849267
4,260.0,32.14831708149703,0.98,0.0010129517973992,0.0,0.0,0.0063361044228381,0.0,0.0103522063625117,0.0022987374172509,301.48,77.1,0.8624121003051611,0.4169690931452273,32.88983809266567,26.216848992147884,977.4082305271664,78.27405010321273,0.9812146935528688,0.0007777515850254,0.0,0.0,0.0061088541657183,0.0,0.0095939409095554,0.0023047597868319,0.8393977984796345,0.028237651870684,0.0,0.0,0.0326405878636607,0.0,0.0981223207018043,0.0016016410842164,6.596414268639129,1.3264677204754591,1.0,1.0792123209653834,0.0,0.0,1.324123796456546,0.0,1.7377685094672206,1.0,7.296085655146154,993.0143761526203,67.92140682303575,302.7106577576344,25.654931900849267
4,260.0,32.88973809266567,0.98,0.0010129517973992,0.0,0.0,0.0063361044228381,0.0,0.0103522063625117,0.0022987374172509,301.48,77.1,0.8624121003051611,0.4265854486727065,32.88983809266567,26.216848992147884,976.4036702257456,79.14000815129162,0.980000153312505,0.0010129171473296,0.0,0.0,0.0063360777359501,0.0,0.010352113667599,0.0022987381366161,0.8256301032972433,0.0359020018656409,0.0,0.0,0.0332070510250319,0.0,0.1036864331087418,0.0015744107033419,6.544084380509112,1.332075392279119,1.0,1.077691235787133,0.0,0.0,1.3210388458940625,0.0,1.7323900875954803,1.0,7.296085655146154,993.0143761526203,67.92140682303575,302.7106577576344,25.654931900849267
4,265.0,30.240215724727,0.98,0.0010129517973992,0.0,0.0,0.0063361044228381,0.0,0.0103522063625117,0.0022987374172509,301.48,77.1,0.8789969483879527,0.3922206968187678,36.74740051813379,30.240115724727,963.3639172922556,80.71323487184485,0.9949610313698436,2.884600163850541e-05,0.0,0.0,0.0011594292768715,0.0,0.0009693439944415,0.0028813493572051,0.9799976229886695,0.0010131081523034,0.0,0.0,0.0063369268939078,0.0,0.0103536971133569,0.002298644851762,6.11804614744144,1.3659361748006873,1.0,1.074235539227099,0.0,0.0,1.2715658906247267,0.0,1.6922861464242422,1.0,6.194157229336726,966.2255774553212,79.59167899763797,302.7106577576344,29.571779036695137
4,265.0,30.96322514621664,0.98,0.0010129517973992,0.0,0.0,0.0063361044228381,0.0,0.0103522063625117,0.0022987374172509,301.48,77.1,0.8789969483879527,0.4015982509236918,36.74740051813379,30.240115724727,961.3642396523232,82.03440453657169,0.9931695873138636,6.592550023378177e-05,0.0,0.0,0.0021957028721601,0.0,0.0020349514498344,0.0025338328639079,0.9628197012462916,0.0022483887420172,0.0,0.0,0.0117374381097398,0.0,0.0212024267076947,0.0019920451942566,6.035437554646388,1.375528468832254,1.0,1.0720106734816846,0.0,0.0,1.266931145290881,0.0,1.6836654992563331,1.0,6.194157229336726,966.2255774553212,79.59167899763797,302.7106577576344,29.571779036695137
4,265.0,31.686234567706283,0.98,0.0010129517973992,0.0,0.0,0.0063361044228381,0.0,0.0103522063625117,0.0022987374172509,301.48,77.1,0.8789969483879527,0.4109758050286159,36.74740051813379,30.240115724727,959.4262715518686,83.34782442747193,0.9912256177315044,0.000112207269707,0.0,0.0,0.00308046049161,0.0,0.0031460463386426,0.0024356681685359,0.9462763313630124,0.0037189418555872,0.0,0.0,0.0161166135905989,0.0,0.0320007390849514,0.00188737410585,5.956301257551455,1.3848940667385343,1.0,1.0698996181831562,0.0,0.0,1.2625135806151322,0.0,1.6755005684199349,1.0,6.194157229336726,966.2255774553212,79.59167899763797,302.7106577576344,29.571779036695137
4,265.0,32.40924398919593,0.98,0.0010129517973992,0.0,0.0,0.0063361044228381,0.0,0.0103522063625117,0.0022987374172509,301.48,77.1,0.8789969483879527,0.4203533591335399,36.74740051813379,30.240115724727,957.5964660760962,84.65080447849242,0.98932869311091,0.0001701373771596,0.0,0.0,0.0038307305818156,0.0,0.0042823494395778,0.0023880894905365,0.9305062278033146,0.0054845390201187,0.0,0.0,0.0196284703181292,0.0,0.0425560866100905,0.001824676248347,5.880473864458708,1.3940285364999112,1.0,1.0678821100722151,0.0,0.0,1.2583066825616165,0.0,1.667729004097663,1.0,6.194157229336726,966.2255774553212,79.59167899763797,302.7106577576344,29.571779036695137
4,265.0,33.13225341068557,0.98,0.0010129517973992,0.0,0.0,0.0063361044228381,0.0,0.0103522063625117,0.0022987374172509,301.48,77.1,0.8789969483879527,0.429730913238464,36.74740051813379,30.240115724727,955.8783637858692,85.93373658571763,0.9875100489126049,0.0002430467385078,0.0,0.0,0.0044641717266963,0.0,0.0054234106743935,0.0023593219477974,0.9154847645819504,0.0076268376324909,0.0,0.0,0.0224169821885782,0.0,0.0526931308820201,0.0017782847149603,5.808072193961979,1.4028988834828058,1.0,1.065959679183571,0.0,0.0,1.2543255135784728,0.0,1.66035033658515,1.0,6.194157229336726,966.2255774553212,79.59167899763797,302.7106577576344,29.571779036695137
4,265.0,33.855262832175214,0.98,0.0010129517973992,0.0,0.0,0.0063361044228381,0.0,0.0103522063625117,0.0022987374172509,301.48,77.1,0.8789969483879527,0.439108467343388,36.74740051813379,30.240115724727,954.273734559459,87.1838897503623,0.9857821570029788,0.0003352961724363,0.0,0.0,0.004996193047456,0.0,0.0065466561514521,0.0023396976256764,0.9011713064377692,0.0102514950561514,0.0,0.0,0.0246032429934655,0.0,0.0622336324927164,0.0017403230198971,5.739375734195294,1.4114550773399095,1.0,1.0641425615443778,0.0,0.0,1.2505684842815918,0.0,1.653393318083643,1.0,6.194157229336726,966.2255774553212,79.59167899763797,302.7106577576344,29.571779036695137
4,265.0,34.578272253664856,0.98,0.0010129517973992,0.0,0.0,0.0063361044228381,0.0,0.0103522063625117,0.0022987374172509,301.48,77.1,0.8789969483879527,0.448486021448312,36.74740051813379,30.240115724727,952.7874057627876,88.38567372414226,0.98415576699097,0.0004523384298616,0.0,0.0,0.0054395672173942,0.0,0.0076270222816742,0.0023253050800999,0.8875249460100867,0.013487845491669,0.0,0.0,0.0262860502830221,0.0,0.07099361035737,0.0017075478578521,5.674814033026427,1.419627264454535,1.0,1.0624359394445648,0.0,0.0,1.2470728162269111,0.0,1.6468901340062052,1.0,6.194157229336726,966.2255774553212,79.59167899763797,302.7106577576344,29.571779036695137
4,265.0,35.3012816751545,0.98,0.0010129517973992,0.0,0.0,0.0063361044228381,0.0,0.0103522063625117,0.0022987374172509,301.48,77.1,0.8789969483879527,0.4578635755532361,36.74740051813379,30.240115724727,951.4273837352708,89.52137111175561,0.9826428386533514,0.0006004385069492,0.0,0.0,0.0058047591898582,0.0,0.0086376844826649,0.0023142791671761,0.8745066724577227,0.0174791101116016,0.0,0.0,0.0275456385840279,0.0,0.0787902163862111,0.0016783624604365,5.614925910030738,1.427322113807928,1.0,1.0608513208290495,0.0,0.0,1.243854900324571,0.0,1.640890692671622,1.0,6.194157229336726,966.2255774553212,79.59167899763797,302.7106577576344,29.571779036695137
4,265.0,36.02429109664414,0.98,0.0010129517973992,0.0,0.0,0.0063361044228381,0.0,0.0103522063625117,0.0022987374172509,301.48,77.1,0.8789969483879527,0.4672411296581601,36.74740051813379,30.240115724727,950.2024703257484,90.57336625854748,0.981255104703678,0.0007857783983078,0.0,0.0,0.0061007445657766,0.0,0.0095527499541172,0.0023056223781203,0.8620782484556077,0.0223567369387064,0.0,0.0,0.0284490377156516,0.0,0.0854641071346336,0.0016518697554005,5.560254094508513,1.4344429869144244,1.0,1.0594007528519511,0.0,0.0,1.2409512188090064,0.0,1.6354456290902954,1.0,6.194157229336726,966.2255774553212,79.59167899763797,302.7106577576344,29.571779036695137
4,265.0,36.74730051813378,0.98,0.0010129517973992,0.0,0.0,0.0063361044228381,0.0,0.0103522063625117,0.0022987374172509,301.48,77.1,0.8789969483879527,0.4766186837630841,36.74740051813379,30.240115724727,949.1179457031968,91.52805754371848,0.9800001641145066,0.0010129174231367,0.0,0.0,0.0063360756968673,0.0,0.0103521044995512,0.0022987382659379,0.8502001674028106,0.0281999056334041,0.0,0.0,0.0290557669095512,0.0,0.0909166578925955,0.0016275021616385,5.511150753284031,1.440927295176443,1.0,1.0580910777206765,0.0,0.0,1.238370335211311,0.0,1.6305866565375922,1.0,6.194157229336726,966.2255774553212,79.59167899763797,302.7106577576344,29.571779036695137
4,270.0,34.71286642487037,0.98,0.0010129517973992,0.0,0.0,0.0063361044228381,0.0,0.0103522063625117,0.0022987374172509,301.48,77.1,0.8955817964707443,0.4502317305430658,41.00675365361526,34.71276642487037,933.6643937382185,94.73337055321116,0.9945910738844213,3.8043315369206445e-05,0.0,0.0,0.0013630555692025,0.0,0.0011452209771019,0.0028626062539048,0.9799980044176044,0.0010130851330412,0.0,0.0,0.0063367845735125,0.0,0.0103534655774328,0.0022986602984087,5.049988286422291,1.4910006540230676,1.0,1.0535148665343428,0.0,0.0,1.194455703531759,0.0,1.5868336331848232,1.0,5.130843724671824,936.9320241360858,93.30322734807504,302.7106577576344,33.91794976874195
4,270.0,35.412176116953134,0.98,0.0010129517973992,0.0,0.0,0.0063361044228381,0.0,0.0103522063625117,0.0022987374172509,301.48,77.1,0.8955817964707443,0.4593018951615192,41.00675365361526,34.71276642487037,931.672892208765,96.10002728104392,0.992858130404902,7.814662172385688e-05,0.0,0.0,0.002339476345983,0.0,0.0021733963326572,0.0025508502947338,0.9660426033375724,0.0020276752624853,0.0,0.0,0.0106744119080068,0.0,0.0192302385661517,0.0020250709257838,4.97862960143757,1.501509363209132,1.0,1.0517582295744896,0.0,0.0,1.190909792302723,0.0,1.579632608163576,1.0,5.130843724671824,936.9320241360858,93.30322734807504,302.7106577576344,33.91794976874195
4,270.0,36.1114858090359,0.98,0.0010129517973992,0.0,0.0,0.0063361044228381,0.0,0.0103522063625117,0.0022987374172509,301.48,77.1,0.8955817964707443,0.4683720597799727,41.00675365361526,34.71276642487037,929.7470187771136,97.45833376597044,0.991003329324702,0.0001274720164707,0.0,0.0,0.003175998523181,0.0,0.0032438756391722,0.0024493244964738,0.9525142212488004,0.0032248370031452,0.0,0.0,0.0142298944772121,0.0,0.0281084690159842,0.0019225782548582,4.910160251067552,1.5117962444964896,1.0,1.0500867590505352,0.0,0.0,1.1875324146794666,0.0,1.5727982890747658,1.0,5.130843724671824,936.9320241360858,93.30322734807504,302.7106577576344,33.91794976874195
4,270.0,36.81079550111867,0.98,0.0010129517973992,0.0,0.0,0.0063361044228381,0.0,0.0103522063625117,0.0022987374172509,301.48,77.1,0.8955817964707443,0.4774422243984264,41.00675365361526,34.71276642487037,927.9200442252668,98.80670174047437,0.9891863895874724,0.0001882217680105,0.0,0.0,0.0038885941947716,0.0,0.0043388161464089,0.0023979783033362,0.9395348265080484,0.0046458092334418,0.0,0.0,0.0171171544816223,0.0,0.0368406190356731,0.0018615907412144,4.8443990020182,1.5218641837228697,1.0,1.0484850663850542,0.0,0.0,1.1843096028965512,0.0,1.5662723823913474,1.0,5.130843724671824,936.9320241360858,93.30322734807504,302.7106577576344,33.91794976874195
4,270.0,37.51010519320143,0.98,0.0010129517973992,0.0,0.0,0.0063361044228381,0.0,0.0103522063625117,0.0022987374172509,301.48,77.1,0.8955817964707443,0.4865123890168798,41.00675365361526,34.71276642487037,926.1941151584092,100.13729391126532,0.9874358340280904,0.0002633376009671,0.0,0.0,0.0044937073812106,0.0,0.0054407295984111,0.0023663913913205,0.9270979932771344,0.006346058360751,0.0,0.0,0.019443780080224,0.0,0.0452947529298632,0.0018174153520271,4.7813892927356205,1.5316875531024416,1.0,1.0469583630839938,0.0,0.0,1.1812414607274138,0.0,1.5600497033718748,1.0,5.130843724671824,936.9320241360858,93.30322734807504,302.7106577576344,33.91794976874195
4,270.0,38.2094148852842,0.98,0.0010129517973992,0.0,0.0,0.0063361044228381,0.0,0.0103522063625117,0.0022987374172509,301.48,77.1,0.8955817964707443,0.4955825536353333,41.00675365361526,34.71276642487037,924.5696319395612,101.43962191856384,0.9857621101676424,0.0003566039800962,0.0,0.0,0.0050057790801979,0.0,0.0065308324475837,0.0023446743244798,0.9151805799874796,0.0083963727328361,0.0,0.0,0.0213012672935744,0.0,0.0533397983401159,0.0017819816459938,4.7212938527621535,1.5412218870197818,1.0,1.0455051859205764,0.0,0.0,1.1783341870976187,0.0,1.5541412989832155,1.0,5.130843724671824,936.9320241360858,93.30322734807504,302.7106577576344,33.91794976874195
4,270.0,38.90872457736696,0.98,0.0010129517973992,0.0,0.0,0.0063361044228381,0.0,0.0103522063625117,0.0022987374172509,301.48,77.1,0.8955817964707443,0.5046527182537868,41.00675365361526,34.71276642487037,923.0493990570936,102.70086453426784,0.9841730735706792,0.0004727144040336,0.0,0.0,0.0054368828905573,0.0,0.0075886588612451,0.0023286702734845,0.9037573842355264,0.0108831616813973,0.0,0.0,0.0227650028382719,0.0,0.06084259113942,0.0017518601053844,4.664382475940835,1.5504028438443584,1.0,1.0441344237698087,0.0,0.0,1.175604301857729,0.0,1.548569958633792,1.0,5.130843724671824,936.9320241360858,93.30322734807504,302.7106577576344,33.91794976874195
4,270.0,39.60803426944973,0.98,0.0010129517973992,0.0,0.0,0.0063361044228381,0.0,0.0103522063625117,0.0022987374172509,301.48,77.1,0.8955817964707443,0.5137228828722404,41.00675365361526,34.71276642487037,921.6391020713488,103.9062622270406,0.9826772875485476,0.0006171320461213,0.0,0.0,0.0057969269482876,0.0,0.0085923102288602,0.0023163432281831,0.8928038915842972,0.0139043358268149,0.0,0.0,0.023896480988183,0.0,0.0676699547506154,0.0017253368500894,4.611015943152071,1.5591469909212603,1.0,1.0428502754291806,0.0,0.0,1.1730645739186367,0.0,1.5433682059013965,1.0,5.130843724671824,936.9320241360858,93.30322734807504,302.7106577576344,33.91794976874195
4,270.0,40.307343961532496,0.98,0.0010129517973992,0.0,0.0,0.0063361044228381,0.0,0.0103522063625117,0.0022987374172509,301.48,77.1,0.8955817964707443,0.5227930474906939,41.00675365361526,34.71276642487037,920.3460544910992,105.04037344719724,0.981283826498434,0.0007955596870942,0.0,0.0,0.0060941919590197,0.0,0.0095198360898291,0.0023065857656229,0.8822960589941722,0.0175572947800988,0.0,0.0,0.0247465369246735,0.0,0.073698660199063,0.0017014491019924,4.561580274248944,1.5673766060655758,1.0,1.0416610440743634,0.0,0.0,1.1707328473604284,0.0,1.5385728761193065,1.0,5.130843724671824,936.9320241360858,93.30322734807504,302.7106577576344,33.91794976874195
4,270.0,41.00665365361526,0.98,0.0010129517973992,0.0,0.0,0.0063361044228381,0.0,0.0103522063625117,0.0022987374172509,301.48,77.1,0.8955817964707443,0.5318632121091473,41.00675365361526,34.71276642487037,919.1764971449346,106.08953648516616,0.9800001752261166,0.0010129178144317,0.0,0.0,0.0063360734990985,0.0,0.0103520950366246,0.0022987384237284,0.8722090430737388,0.0219176927880155,0.0,0.0,0.0253589506888083,0.0,0.0788347141964434,0.0016795992529939,4.516402995937922,1.5749945300953463,1.0,1.0405720398881182,0.0,0.0,1.1686231003127163,0.0,1.534213938971711,1.0,5.130843724671824,936.9320241360858,93.30322734807504,302.7106577576344,33.91794976874195
4,275.0,39.67203678038794,0.98,0.0010129517973992,0.0,0.0,0.0063361044228381,0.0,0.0103522063625117,0.0022987374172509,301.48,77.1,0.9121666445535358,0.5145530062307127,45.69038916144423,39.67193678038794,900.6223852238355,111.45958211322956,0.9941427149851864,5.070774969160972e-05,0.0,0.0,0.0016028636764852,0.0,0.0013667760661392,0.0028369375224974,0.9799983274754516,0.0010130655928616,0.0,0.0,0.0063366641782564,0.0,0.0103532689839932,0.0022986737694372,4.026371544981454,1.6489700961610687,1.0,1.0352476034453024,0.0,0.0,1.1302141577004865,0.0,1.4871460367632878,1.0,4.11187312512685,904.4335281070778,109.60126774294156,302.7106577576344,38.72523437118672
4,275.0,40.340731489394194,0.98,0.0010129517973992,0.0,0.0,0.0063361044228381,0.0,0.0103522063625117,0.0022987374172509,301.48,77.1,0.9121666445535358,0.5232260893566044,45.69038916144423,39.67193678038794,898.6326695937241,112.88045294482149,0.9924749913297528,9.407837696392531e-05,0.0,0.0,0.0025095881506158,0.0,0.0023565257238956,0.0025648164187718,0.96881773113182,0.0018366068502588,0.0,0.0,0.0097660974908415,0.0,0.0175193336431426,0.0020602308839367,3.96590997664396,1.6608235971055814,1.0,1.0339197191737444,0.0,0.0,1.127574011628368,0.0,1.481163349596717,1.0,4.11187312512685,904.4335281070778,109.60126774294156,302.7106577576344,38.72523437118672
4,275.0,41.00942619840045,0.98,0.0010129517973992,0.0,0.0,0.0063361044228381,0.0,0.0103522063625117,0.0022987374172509,301.48,77.1,0.9121666445535358,0.5318991724824961,45.69038916144423,39.67193678038794,896.7098584167142,114.29257462133964,0.9907155343867116,0.0001465893287516,0.0,0.0,0.0032907077413669,0.0,0.0033845714359085,0.0024625971072612,0.9579224373680284,0.0027979464577939,0.0,0.0,0.012610633862803,0.0,0.0247078503217676,0.0019611319896068,3.907776141308398,1.6724595658582972,1.0,1.0326489439176425,0.0,0.0,1.125053572473446,0.0,1.475457536340168,1.0,4.11187312512685,904.4335281070778,109.60126774294156,302.7106577576344,38.72523437118672
4,275.0,41.6781209074067,0.98,0.0010129517973992,0.0,0.0,0.0063361044228381,0.0,0.0103522063625117,0.0022987374172509,301.48,77.1,0.9121666445535358,0.5405722556083878,45.69038916144423,39.67193678038794,894.8756856332571,115.69523346219724,0.9889853751152008,0.0002101847120363,0.0,0.0,0.0039605559582596,0.0,0.0044356745783515,0.0024082096361515,0.947410457118239,0.0039245511482419,0.0,0.0,0.0149521096047599,0.0,0.0318111954218551,0.0019016867069038,3.8518005223362297,1.6838955152916562,1.0,1.0314319351029315,0.0,0.0,1.1226430219096395,0.0,1.4699892928638705,1.0,4.11187312512685,904.4335281070778,109.60126774294156,302.7106577576344,38.72523437118672
4,275.0,42.34681561641296,0.98,0.0010129517973992,0.0,0.0,0.0063361044228381,0.0,0.0103522063625117,0.0022987374172509,301.48,77.1,0.9121666445535358,0.5492453387342796,45.69038916144423,39.67193678038794,893.1311908544124,117.08227886360916,0.9873096643264724,0.0002874082437229,0.0,0.0,0.0045337502664622,0.0,0.0054952276286258,0.0023739495347167,0.9372854685981404,0.0052527159675109,0.0,0.0,0.016868286171729,0.0,0.038734299079875,0.0018592301827447,3.797982587980372,1.695102900622804,1.0,1.0302684871067824,0.0,0.0,1.12034084676315,0.0,1.4647515919024887,1.0,4.11187312512685,904.4335281070778,109.60126774294156,302.7106577576344,38.72523437118672
4,275.0,43.015510325419214,0.98,0.0010129517973992,0.0,0.0,0.0063361044228381,0.0,0.0103522063625117,0.0022987374172509,301.48,77.1,0.9121666445535358,0.5579184218601714,45.69038916144423,39.67193678038794,891.4759726508108,118.44530604141946,0.9856972808709236,0.000381471895386,0.0,0.0,0.0050232186993743,0.0,0.0065479315383948,0.002350096995921,0.9275355313731976,0.0068280517122915,0.0,0.0,0.0184260563507437,0.0,0.0453845773618472,0.00182578320192,3.746405768298418,1.7060449798289643,1.0,1.0291598431416222,0.0,0.0,1.118149545459011,0.0,1.4597489160907846,1.0,4.11187312512685,904.4335281070778,109.60126774294156,302.7106577576344,38.72523437118672
4,275.0,43.68420503442547,0.98,0.0010129517973992,0.0,0.0,0.0063361044228381,0.0,0.0103522063625117,0.0022987374172509,301.48,77.1,0.9121666445535358,0.5665915049860631,45.69038916144423,39.67193678038794,889.9114709460266,119.77403090600308,0.9841539937253156,0.0004963143368858,0.0,0.0,0.0054398796876781,0.0,0.007577433867946,0.0023323783821742,0.9181457298794836,0.0087058457086779,0.0,0.0,0.0196811719705895,0.0,0.0516694395484634,0.0017978128927855,3.697228564613925,1.7166675229368644,1.0,1.0281085084825858,0.0,0.0,1.1160750839414184,0.0,1.4549943570811013,1.0,4.11187312512685,904.4335281070778,109.60126774294156,302.7106577576344,38.72523437118672
4,275.0,44.35289974343172,0.98,0.0010129517973992,0.0,0.0,0.0063361044228381,0.0,0.0103522063625117,0.0022987374172509,301.48,77.1,0.9121666445535358,0.5752645881119549,45.69038916144423,39.67193678038794,888.4415563764163,121.05651301075268,0.9826857239523178,0.0006365439924051,0.0,0.0,0.0057927616472589,0.0,0.0085663368546054,0.0023186335534126,0.9091010692608408,0.0109495317921235,0.0,0.0,0.0206795077276218,0.0,0.0574963808190696,0.0017735104003441,3.650673452251353,1.7269018854356255,1.0,1.0271178423239922,0.0,0.0,1.114125792869515,0.0,1.4505074409587575,1.0,4.11187312512685,904.4335281070778,109.60126774294156,302.7106577576344,38.72523437118672
4,275.0,45.02159445243797,0.98,0.0010129517973992,0.0,0.0,0.0063361044228381,0.0,0.0103522063625117,0.0022987374172509,301.48,77.1,0.9121666445535358,0.5839376712378467,45.69038916144423,39.67193678038794,887.0719595667675,122.27980137786436,0.9812990238646216,0.0008071545874272,0.0,0.0,0.0060893496057435,0.0,0.0094968110985387,0.0023076608436686,0.9003867854070695,0.0136256357413517,0.0,0.0,0.0214589553112681,0.0,0.0627767757389088,0.0017518478014017,3.6069970812595376,1.736662282512336,1.0,1.0261917906851,0.0,0.0,1.112312096540509,0.0,1.4463123238564974,1.0,4.11187312512685,904.4335281070778,109.60126774294156,302.7106577576344,38.72523437118672
4,275.0,45.69028916144423,0.98,0.0010129517973992,0.0,0.0,0.0063361044228381,0.0,0.0103522063625117,0.0022987374172509,301.48,77.1,0.9121666445535358,0.5926107543637384,45.69038916144423,39.67193678038794,885.8087479238591,123.431339456584,0.9800001870220688,0.0010129182634336,0.0,0.0,0.0063360710281938,0.0,0.0103520850651632,0.0022987386211404,0.891987786627433,0.016793969271002,0.0,0.0,0.0220515575525969,0.0,0.0674344971623759,0.0017321893865919,3.566447263136683,1.7458680193034384,1.0,1.0253350948459072,0.0,0.0,1.1106428913888218,0.0,1.4424341475804208,1.0,4.11187312512685,904.4335281070778,109.60126774294156,302.7106577576344,38.72523437118672
4,280.0,45.160214991291234,0.98,0.0010129517973992,0.0,0.0,0.0063361044228381,0.0,0.0103522063625117,0.0022987374172509,301.48,77.1,0.9287514926363274,0.5857356029998864,50.81988958012976,45.16011499129123,863.1027072534257,131.79138303198118,0.9935829870821148,6.873621405873394e-05,0.0,0.0,0.0018899712048745,0.0,0.0016551238230356,0.0028031816759161,0.9799986044035368,0.0010130488116951,0.0,0.0,0.0063365612448726,0.0,0.0103530999522323,0.0022986855876629,3.0551426232505268,1.857805523711036,1.0,1.0197482602276646,0.0,0.0,1.0779110406278576,0.0,1.3921248097341787,1.0,3.1449654870637134,867.6798743518019,129.30886906724652,302.7106577576344,44.02808165538378
4,280.0,45.78905661227329,0.98,0.0010129517973992,0.0,0.0,0.0063361044228381,0.0,0.0103522063625117,0.0022987374172509,301.48,77.1,0.9287514926363274,0.5938917848543878,50.81988958012976,45.16011499129123,861.1060619486199,133.2779385704409,0.9919925097773504,0.0001156042253531,0.0,0.0,0.0027150188082411,0.0,0.0026028284146152,0.0025740387744401,0.9712334037231536,0.0016689182322979,0.0,0.0,0.0089831396353524,0.0,0.0160170479283876,0.0020974904808086,3.0053796135792434,1.8716881625306896,1.0,1.018817388208073,0.0,0.0,1.0760337139274254,0.0,1.3871905336790769,1.0,3.1449654870637134,867.6798743518019,129.30886906724652,302.7106577576344,44.02808165538378
4,280.0,46.41789823325535,0.98,0.0010129517973992,0.0,0.0,0.0063361044228381,0.0,0.0103522063625117,0.0022987374172509,301.48,77.1,0.9287514926363274,0.6020479667088892,50.81988958012976,45.16011499129123,859.174200817388,134.75580193046378,0.990338489668392,0.0001713793724322,0.0,0.0,0.0034315860948094,0.0,0.0035839799180936,0.0024745649462725,0.9626576143085676,0.0024246544782726,0.0,0.0,0.0112083129086199,0.0,0.0217056242418087,0.0020037940627309,2.9574073098693376,1.8853828181609849,1.0,1.0179252356858213,0.0,0.0,1.0742399523627848,0.0,1.3824597494047948,1.0,3.1449654870637134,867.6798743518019,129.30886906724652,302.7106577576344,44.02808165538378
4,280.0,47.04673985423741,0.98,0.0010129517973992,0.0,0.0,0.0063361044228381,0.0,0.0103522063625117,0.0022987374172509,301.48,77.1,0.9287514926363274,0.6102041485633906,50.81988958012976,45.16011499129123,857.3194027295448,136.22487578986792,0.9887059675827966,0.0002377281078998,0.0,0.0,0.0040518130609,0.0,0.0045861383404141,0.0024183529079891,0.9543426879303192,0.0032976095262652,0.0,0.0,0.013068127690089,0.0,0.0273453556306418,0.0019462192226845,2.9110907893125035,1.898883605990496,1.0,1.0170720352318308,0.0,0.0,1.0725199761610875,0.0,1.3779061784553837,1.0,3.1449654870637134,867.6798743518019,129.30886906724652,302.7106577576344,44.02808165538378
4,280.0,47.67558147521947,0.98,0.0010129517973992,0.0,0.0,0.0063361044228381,0.0,0.0103522063625117,0.0022987374172509,301.48,77.1,0.9287514926363274,0.618360330417892,50.81988958012976,45.16011499129123,855.5418557758878,137.68060516566328,0.9871159128425256,0.0003167805728091,0.0,0.0,0.0045879370560381,0.0,0.0055975546242287,0.0023818149043983,0.9462968389859752,0.0043102337336633,0.0,0.0,0.0146159650038471,0.0,0.0328717054973677,0.0019052567791465,2.866404894337664,1.9121975613314557,1.0,1.016257069574267,0.0,0.0,1.0708717030723067,0.0,1.373523479125158,1.0,3.1449654870637134,867.6798743518019,129.30886906724652,302.7106577576344,44.02808165538378
4,280.0,48.304423096201525,0.98,0.0010129517973992,0.0,0.0,0.0063361044228381,0.0,0.0103522063625117,0.0022987374172509,301.48,77.1,0.9287514926363274,0.6265165122723934,50.81988958012976,45.16011499129123,853.8408004854422,139.1165369624365,0.9855758492282688,0.0004111724812631,0.0,0.0,0.0050508760645794,0.0,0.0066061975586837,0.0023559046672046,0.9385151141859626,0.0054902511634911,0.0,0.0,0.0158983342293779,0.0,0.0382228931625253,0.0018734072586431,2.8233825434288256,1.925276395729185,1.0,1.0154806251437158,0.0,0.0,1.069297355279314,0.0,1.3693119987115452,1.0,3.1449654870637134,867.6798743518019,129.30886906724652,302.7106577576344,44.02808165538378
4,280.0,48.93326471718358,0.98,0.0010129517973992,0.0,0.0,0.0063361044228381,0.0,0.0103522063625117,0.0022987374172509,301.48,77.1,0.9287514926363274,0.6346726941268948,50.81988958012976,45.16011499129123,852.2168544254686,140.52473204034246,0.9840900776985096,0.0005240895023716,0.0,0.0,0.0054499662465748,0.0,0.0075994447804453,0.0023364217720985,0.9309893377679436,0.0068709003709223,0.0,0.0,0.016954538117532,0.0,0.0433380511432115,0.0018471726003903,2.7821103735580084,1.9380808133626708,1.0,1.0147436349213612,0.0,0.0,1.067796207649757,0.0,1.365279667309509,1.0,3.1449654870637134,867.6798743518019,129.30886906724652,302.7106577576344,44.02808165538378
4,280.0,49.56210633816564,0.98,0.0010129517973992,0.0,0.0,0.0063361044228381,0.0,0.0103522063625117,0.0022987374172509,301.48,77.1,0.9287514926363274,0.6428288759813962,50.81988958012976,45.16011499129123,850.6725474714283,141.89589685525556,0.9826625659700474,0.0006592537323149,0.0,0.0,0.0057930249492606,0.0,0.0085639952629207,0.0023211600854561,0.9237107217293538,0.0084904787519563,0.0,0.0,0.017817341678618,0.0,0.0481567578079507,0.0018247000321211,2.742707678493704,1.9505394343411735,1.0,1.014047371479892,0.0,0.0,1.0663751332832572,0.0,1.3614373891157174,1.0,3.1449654870637134,867.6798743518019,129.30886906724652,302.7106577576344,44.02808165538378
4,280.0,50.1909479591477,0.98,0.0010129517973992,0.0,0.0,0.0063361044228381,0.0,0.0103522063625117,0.0022987374172509,301.48,77.1,0.9287514926363274,0.6509850578358976,50.81988958012976,45.16011499129123,849.2121417187351,143.219707190301,0.9812977209600704,0.0008207911293814,0.0,0.0,0.0060865600838498,0.0,0.0094860711837238,0.0023088566429742,0.9166705527348744,0.0103904907800478,0.0,0.0,0.0185139959284262,0.0,0.0526200465355934,0.0018049140210581,2.7053288802706104,1.9625779132004373,1.0,1.013393703915728,0.0,0.0,1.065035819101877,0.0,1.357800992387426,1.0,3.1449654870637134,867.6798743518019,129.30886906724652,302.7106577576344,44.02808165538378
4,280.0,50.81978958012976,0.98,0.0010129517973992,0.0,0.0,0.0063361044228381,0.0,0.0103522063625117,0.0022987374172509,301.48,77.1,0.9287514926363274,0.659141239690399,50.81988958012976,45.16011499129123,847.8408695082326,144.48549315678494,0.9800002001553288,0.0010129186982924,0.0,0.0,0.0063360680920415,0.0,0.0103520741771724,0.0022987388771647,0.9098600121292666,0.0126117983648651,0.0,0.0,0.0190674248771932,0.0,0.0566736215916498,0.0017871430370252,2.670141637846513,1.974525433326508,1.000000000107076,1.0127862669403485,0.0,0.0,1.0638243531500122,0.0,1.3545235320660916,1.0000000001515472,3.1449654870637134,867.6798743518019,129.30886906724652,302.7106577576344,44.02808165538378
4,285.0,51.22843388914027,0.98,0.0010129517973992,0.0,0.0,0.0063361044228381,0.0,0.0103522063625117,0.0022987374172509,301.48,77.1,0.945336340719119,0.664441425280678,56.41356067463495,51.228333889140266,819.2328582705809,157.2313488723479,0.992853254547986,9.572215384318136e-05,0.0,0.0,0.0022433163716576,0.0,0.0020484924192042,0.0027592145073088,0.9799988456402772,0.0010130341744308,0.0,0.0,0.0063364719989771,0.0,0.0103529521248313,0.0022986960614834,2.147675493096048,2.1527645938541875,1.0,1.0076966880844496,0.0,0.0,1.0373462340829116,0.0,1.3005592744653325,1.0,2.2410524707626744,824.9746819221486,153.77005765610247,302.7106577576344,49.86436423924916
4,285.0,51.80454797641745,0.98,0.0010129517973992,0.0,0.0,0.0063361044228381,0.0,0.0103522063625117,0.0022987374172509,301.48,77.1,0.945336340719119,0.6719137221325221,56.41356067463495,51.228333889140266,817.2162831464262,158.79965467537252,0.9913602453698278,0.0001462416127205,0.0,0.0,0.0029714771006269,0.0,0.0029461259727589,0.0025759099440659,0.9733654392657874,0.0015191240825932,0.0,0.0,0.008301099331882,0.0,0.0146774729873664,0.0021368643323707,2.1085840580362323,2.170992326418397,1.0000000003142708,1.007155223636321,0.0,0.0,1.036196816477639,0.0,1.2968070604056563,1.0000000004551617,2.2410524707626744,824.9746819221486,153.77005765610247,302.7106577576344,49.86436423924916
4,285.0,52.38066206369464,0.98,0.0010129517973992,0.0,0.0,0.0063361044228381,0.0,0.0103522063625117,0.0022987374172509,301.48,77.1,0.945336340719119,0.6793860189843663,56.41356067463495,51.228333889140266,815.2580226122717,160.36022118083775,0.989828453478486,0.0002052047071062,0.0,0.0,0.0036112688175265,0.0,0.0038714955408729,0.0024835774560083,0.9668567421709364,0.0020931246131566,0.0,0.0,0.0099799347549261,0.0,0.0190186413648091,0.0020515570961718,2.0707772467052035,2.1869352444902312,1.0,1.006629992631921,0.0,0.0,1.034979027803174,0.0,1.292670296579178,1.0,2.2410524707626744,824.9746819221486,153.77005765610247,302.7106577576344,49.86436423924916
4,285.0,52.95677615097183,0.98,0.0010129517973992,0.0,0.0,0.0063361044228381,0.0,0.0103522063625117,0.0022987374172509,301.48,77.1,0.945336340719119,0.6868583158362105,56.41356067463495,51.228333889140266,813.3633524483411,161.91328829136822,0.9883112257571908,0.0002739740877606,0.0,0.0,0.0041721374044325,0.0,0.0048151538032392,0.0024275089473766,0.9605185603631026,0.0027451090102965,0.0,0.0,0.0114084239671399,0.0,0.0233310085694506,0.0019968980900101,2.034170029013307,2.205046133926075,1.0000000001601628,1.0061418303960037,0.0,0.0,1.0339336553133618,0.0,1.289213080290735,1.0000000002355762,2.2410524707626744,824.9746819221486,153.77005765610247,302.7106577576344,49.86436423924916
4,285.0,53.53289023824902,0.98,0.0010129517973992,0.0,0.0,0.0063361044228381,0.0,0.0103522063625117,0.0022987374172509,301.48,77.1,0.945336340719119,0.6943306126880547,56.41356067463495,51.228333889140266,811.5318732208416,163.45577369425587,0.986824517789107,0.0003542440099503,0.0,0.0,0.0046634780188263,0.0,0.005768232519181,0.0023895276629353,0.9543597273577084,0.0034877709397492,0.0,0.0,0.0126202989040966,0.0,0.0275745717750156,0.0019576310234299,1.9987243408356103,2.221868198264423,1.0000000000665856,1.005674800127611,0.0,0.0,1.0328705079174598,0.0,1.2856000909835947,1.000000000100984,2.2410524707626744,824.9746819221486,153.77005765610247,302.7106577576344,49.86436423924916
4,285.0,54.1090043255262,0.98,0.0010129517973992,0.0,0.0,0.0063361044228381,0.0,0.0103522063625117,0.0022987374172509,301.48,77.1,0.945336340719119,0.7018029095398989,56.41356067463495,51.228333889140266,809.7628019024269,164.98305993147954,0.9853744707719836,0.0004480632810636,0.0,0.0,0.0050937665672426,0.0,0.0067218192283743,0.0023618801513356,0.9483793525330088,0.0043364679892282,0.0,0.0,0.0136453873333453,0.0,0.0317115544002143,0.0019272377442031,1.9644368888060444,2.237098718222813,1.0,1.0052297536183756,0.0,0.0,1.0317817067019546,0.0,1.2817906860419894,1.0,2.2410524707626744,824.9746819221486,153.77005765610247,302.7106577576344,49.86436423924916
4,285.0,54.68511841280339,0.98,0.0010129517973992,0.0,0.0,0.0063361044228381,0.0,0.0103522063625117,0.0022987374172509,301.48,77.1,0.945336340719119,0.7092752063917431,56.41356067463495,51.228333889140266,808.0563500846798,166.489373222356,0.9839643291297367,0.0005578642177205,0.0,0.0,0.0054703684673427,0.0,0.0076667265915231,0.0023407115936766,0.9425735747248064,0.0053093411074469,0.0,0.0,0.0145093415547779,0.0,0.0357052748610449,0.0019024677519238,1.9313729598769196,2.254957052190278,1.0000000000477338,1.004820509910267,0.0,0.0,1.0308785523435968,0.0,1.2787397831235123,1.000000000128077,2.2410524707626744,824.9746819221486,153.77005765610247,302.7106577576344,49.86436423924916
4,285.0,55.261232500080574,0.98,0.0010129517973992,0.0,0.0,0.0063361044228381,0.0,0.0103522063625117,0.0022987374172509,301.48,77.1,0.945336340719119,0.7167475032435873,56.41356067463495,51.228333889140266,806.4141353382869,167.9679153058784,0.9825966981313976,0.0006864664815619,0.0,0.0,0.005799557313277,0.0,0.0085933819567507,0.0023238961170125,0.9369377265835178,0.0064272122256928,0.0,0.0,0.0152339189409651,0.0,0.0395196234514184,0.0018815187984057,1.8995559763402232,2.269506897498413,1.0,1.0044283587526988,0.0,0.0,1.0298746100183265,0.0,1.2751531184170724,1.0,2.2410524707626744,824.9746819221486,153.77005765610247,302.7106577576344,49.86436423924916
4,285.0,55.83734658735776,0.98,0.0010129517973992,0.0,0.0,0.0063361044228381,0.0,0.0103522063625117,0.0022987374172509,301.48,77.1,0.945336340719119,0.7242198000954314,56.41356067463495,51.228333889140266,804.8391620809407,169.41098424873826,0.9812743182161184,0.0008370290868489,0.0,0.0,0.0060866292322518,0.0,0.0094918531514798,0.002310170313301,0.9314669824174748,0.0077130522089826,0.0,0.0,0.0158374861483623,0.0,0.0431191691117246,0.0018633101134554,1.8690941395579483,2.286960919988053,1.0000000000215683,1.004073771315033,0.0,0.0,1.0290706306467532,0.0,1.272397153907772,1.000000000026487,2.2410524707626744,824.9746819221486,153.77005765610247,302.7106577576344,49.86436423924916
4,285.0,56.41346067463495,0.98,0.0010129517973992,0.0,0.0,0.0063361044228381,0.0,0.0103522063625117,0.0022987374172509,301.48,77.1,0.945336340719119,0.7316920969472757,56.41356067463495,51.228333889140266,803.3355181077509,170.8102639322321,0.9800002157954636,0.0010129190221278,0.0,0.0,0.0063360643466191,0.0,0.010352061608664,0.0022987392271252,0.9261564761752256,0.0091907701497358,0.0,0.0,0.0163355956759445,0.0,0.046470005660957,0.0018471523381371,1.8400583155779315,2.302373596308468,1.0000000000089149,1.0037390169077407,0.0,0.0,1.0282396737612591,0.0,1.2694404995954214,1.0000000000104434,2.2410524707626744,824.9746819221486,153.77005765610247,302.7106577576344,49.86436423924916
4,290.0,57.94351033902275,0.98,0.0010129517973992,0.0,0.0,0.0063361044228381,0.0,0.0103522063625117,0.0022987374172509,301.48,77.1,0.9619211888019104,0.7515370990794131,62.47979164103501,57.94341033902275,765.5243402372683,190.6355896458714,0.9918332365635112,0.0001395530943827,0.0,0.0,0.0026999645909918,0.0,0.0026264380541727,0.0027008076969413,0.9799990612407602,0.001013021086228,0.0,0.0,0.0063363928865941,0.0,0.0103528192663732,0.0022987055200444,1.3216282684302385,2.620808826000226,1.0000000003427072,1.0006588024763663,0.0,0.0,1.0098248303877937,0.0,1.2116256960970042,1.0000000004150795,1.4167983026644004,773.2637021553837,185.44864903964933,302.7106577576344,56.27641671412855
4,290.0,58.44753048369078,0.98,0.0010129517973992,0.0,0.0,0.0063361044228381,0.0,0.0103522063625117,0.0022987374172509,301.48,77.1,0.9619211888019104,0.7580743253396989,62.47979164103501,57.94341033902275,763.4673228932841,192.3098581888876,0.9904731090817612,0.0001935929549115,0.0,0.0,0.0033103349447208,0.0,0.0034571337926185,0.0025658292259877,0.9752858748234504,0.0013817591990833,0.0,0.0,0.0076980549156548,0.0,0.0134557962270033,0.0021785148348078,1.2933878931165237,2.644260181861372,1.000000000038403,1.0005134533212936,0.0,0.0,1.0092428139331049,0.0,1.2084757530280104,1.0000000000441769,1.4167983026644004,773.2637021553837,185.44864903964933,302.7106577576344,56.27641671412855
4,290.0,58.95155062835881,0.98,0.0010129517973992,0.0,0.0,0.0063361044228381,0.0,0.0103522063625117,0.0022987374172509,301.48,77.1,0.9619211888019104,0.7646115515999846,62.47979164103501,57.94341033902275,761.4563089435624,193.97913890358305,0.9890938562980418,0.0002552405103857,0.0,0.0,0.0038555966307109,0.0,0.0043089826000926,0.0024863239607688,0.9706527905101195,0.0017917727838366,0.0,0.0,0.0088857187134538,0.0,0.0165637932460342,0.0021059247465556,1.2659836768640322,2.667698195340509,1.000000000461857,1.0003850765336948,0.0,0.0,1.008689704487415,0.0,1.205416037911153,1.0000000005902707,1.4167983026644004,773.2637021553837,185.44864903964933,302.7106577576344,56.27641671412855
4,290.0,59.45557077302684,0.98,0.0010129517973992,0.0,0.0,0.0063361044228381,0.0,0.0103522063625117,0.0022987374172509,301.48,77.1,0.9619211888019104,0.7711487778602703,62.47979164103501,57.94341033902275,759.4922797127185,195.6437549389695,0.9877230787217064,0.0003255182525778,0.0,0.0,0.0043421094822883,0.0,0.0051756787661417,0.0024336147772858,0.9661237484015922,0.0022480810986604,0.0,0.0,0.0099187657523484,0.0,0.0196530049069376,0.0020563998404613,1.2393614431029152,2.69112849378223,1.000000000193026,1.000277566256793,0.0,0.0,1.0081633772128404,0.0,1.2024374232497432,1.0000000002593483,1.4167983026644004,773.2637021553837,185.44864903964933,302.7106577576344,56.27641671412855
4,290.0,59.95959091769486,0.98,0.0010129517973992,0.0,0.0,0.0063361044228381,0.0,0.0103522063625117,0.0022987374172509,301.48,77.1,0.9619211888019104,0.777686004120556,62.47979164103501,57.94341033902275,757.5745608331084,197.30192440353304,0.9863710810826438,0.0004056543801116,0.0,0.0,0.0047761121445499,0.0,0.0060512790949957,0.0023958732976989,0.9617055442592336,0.0027567964570309,0.0,0.0,0.0108155968858721,0.0,0.0227022490819774,0.0020198133158861,1.2134787381151149,2.714558910074814,1.0000000000786802,1.0001874292450783,0.0,0.0,1.0076626519832448,0.0,1.1995382055796198,1.0000000001154314,1.4167983026644004,773.2637021553837,185.44864903964933,302.7106577576344,56.27641671412855
4,290.0,60.463611062362894,0.98,0.0010129517973992,0.0,0.0,0.0063361044228381,0.0,0.0103522063625117,0.0022987374172509,301.48,77.1,0.9619211888019104,0.7842232303808417,62.47979164103501,57.94341033902275,755.7025390178881,198.9507148549889,0.9850423487645944,0.0004970944033764,0.0,0.0,0.0051633172277221,0.0,0.0069298963177594,0.0023673432865473,0.9573991243492112,0.0033251339490409,0.0,0.0,0.0115927851482507,0.0,0.0256917251802091,0.0019912313732878,1.188348410808804,2.7379593157419806,1.0000000000183151,1.0001165550063835,0.0,0.0,1.0071869280884114,0.0,1.1967154702769378,1.000000000055073,1.4167983026644004,773.2637021553837,185.44864903964933,302.7106577576344,56.27641671412855
4,290.0,60.96763120703092,0.98,0.0010129517973992,0.0,0.0,0.0063361044228381,0.0,0.0103522063625117,0.0022987374172509,301.48,77.1,0.9619211888019104,0.7907604566411274,62.47979164103501,57.94341033902275,753.8763300321142,200.58640155940057,0.9837392603432572,0.0006015148125394,0.0,0.0,0.00550878985644,0.0,0.0078055410194903,0.0023448939682728,0.9532033123541412,0.0039614355501073,0.0,0.0,0.0122648946074033,0.0,0.0286023920866845,0.0019679654016634,1.163978435095624,2.761291292589061,1.000000000001575,1.0000623439005472,0.0,0.0,1.0067355000755505,0.0,1.193971153227961,1.0000000000009988,1.4167983026644004,773.2637021553837,185.44864903964933,302.7106577576344,56.27641671412855
4,290.0,61.47165135169895,0.98,0.0010129517973992,0.0,0.0,0.0063361044228381,0.0,0.0103522063625117,0.0022987374172509,301.48,77.1,0.9619211888019104,0.7972976829014131,62.47979164103501,57.94341033902275,752.096955408845,202.20452067702416,0.9824634869548045,0.0007208310756146,0.0,0.0,0.0058169489194633,0.0,0.0086720526472477,0.0023266804028697,0.9491160993465408,0.0046751702365168,0.0,0.0,0.0128445809376629,0.0,0.0314157237980536,0.0019484256812256,1.1403813099345874,2.784514888684768,1.0000000000013494,1.0000257570345912,0.0,0.0,1.006308301411842,0.0,1.191307787623033,1.0000000000008935,1.4167983026644004,773.2637021553837,185.44864903964933,302.7106577576344,56.27641671412855
4,290.0,61.97567149636698,0.98,0.0010129517973992,0.0,0.0,0.0063361044228381,0.0,0.0103522063625117,0.0022987374172509,301.48,77.1,0.9619211888019104,0.8038349091616989,62.47979164103501,57.94341033902275,750.3663926836585,203.7999330471808,0.9812165871382622,0.0008571874637819,0.0,0.0,0.0060916107787753,0.0,0.0095230665717327,0.0023115480474478,0.945135194767412,0.0054768269962672,0.0,0.0,0.0133427733352114,0.0,0.0341135929553318,0.0019316119457774,1.1175904405435295,2.807558953304349,1.0000000000013056,1.000005307732663,0.0,0.0,1.0059051069833127,0.0,1.1887285583977223,1.000000000000872,1.4167983026644004,773.2637021553837,185.44864903964933,302.7106577576344,56.27641671412855
4,290.0,62.47969164103501,0.98,0.0010129517973992,0.0,0.0,0.0063361044228381,0.0,0.0103522063625117,0.0022987374172509,301.48,77.1,0.9619211888019104,0.8103721354219845,62.47979164103501,57.94341033902275,748.6874922041649,205.36690816544132,0.9800002362413636,0.0010129190842781,0.0,0.0,0.006336059098816,0.0,0.0103520458296791,0.002298739745863,0.9412582120583268,0.0063776549904606,0.0,0.0,0.0137688995297506,0.0,0.0366783706984159,0.0019168627230458,1.09563949198606,2.8303598978336995,1.000000000001325,1.000000000000407,0.0,0.0,1.0055257887253903,0.0,1.186237611226032,1.0000000000009042,1.4167983026644004,773.2637021553837,185.44864903964933,302.7106577576344,56.27641671412855
5,200.0,2.6691310465001687,0.96,0.0,0.018750934145635,0.0,0.0,0.0,0.0,0.021249065854365,301.89,78.33,0.6624929610122893,0.0340754633792948,15.507962800271809,2.6690310465001685,1212.0261638984284,7.287090424283395,0.9748239195255728,0.0,7.738709115846173e-05,0.0,0.0,0.0,0.0,0.0250986933832687,0.9599729233430236,0.0,0.0187850423467255,0.0,0.0,0.0,0.0,0.0212420343102509,22.45550415149064,0.683254284328482,1.0000000086063074,0.0,5.294115739756816,0.0,0.0,0.0,0.0,1.0015685237772818,22.53960113748808,1221.920496490378,7.249541730897533,302.7106577576344,2.6239816647333654
5,200.0,4.09565679691924,0.96,0.0,0.018750934145635,0.0,0.0,0.0,0.0,0.021249065854365,301.89,78.33,0.6624929610122893,0.0522872053736657,15.507962800271809,2.6690310465001685,1212.1224417442852,9.84756021809576,0.9761345040107512,0.0,0.0021689926602185,0.0,0.0,0.0,0.0,0.0216965033290299,0.6409290186561911,0.0,0.3466703011625465,0.0,0.0,0.0,0.0,0.0124006801812624,22.090360747295406,0.6967922103979994,1.0000000037074328,0.0,5.143787903715634,0.0,0.0,0.0,0.0,1.001747801733949,22.53960113748808,1221.920496490378,7.249541730897533,302.7106577576344,2.6239816647333654
5,200.0,5.522182547338311,0.96,0.0,0.018750934145635,0.0,0.0,0.0,0.0,0.021249065854365,301.89,78.33,0.6624929610122893,0.0704989473680366,15.507962800271809,2.6690310465001685,1210.93603033027,12.42425378458467,0.9741402589417612,0.0,0.0042578791068289,0.0,0.0,0.0,0.0,0.0216018619514098,0.4842958496183822,0.0,0.5063237899232342,0.0,0.0,0.0,0.0,0.0093803604583836,21.724131726968537,0.7102395772072612,1.0000000017958417,0.0,5.005577814956684,0.0,0.0,0.0,0.0,1.0018140453993358,22.53960113748808,1221.920496490378,7.249541730897533,302.7106577576344,2.6239816647333654
5,200.0,6.948708297757383,0.96,0.0,0.018750934145635,0.0,0.0,0.0,0.0,0.021249065854365,301.89,78.33,0.6624929610122893,0.0887106893624075,15.507962800271809,2.6690310465001685,1209.7390300816537,15.022793282289916,0.9721176987188234,0.0,0.0063423281134423,0.0,0.0,0.0,0.0,0.0215399731677343,0.3917625397180939,0.0,0.600629964230696,0.0,0.0,0.0,0.0,0.0076074960512099,21.36479502522022,0.7235536103853747,1.0,0.0,4.8736401044283095,0.0,0.0,0.0,0.0,1.0018811027076058,22.53960113748808,1221.920496490378,7.249541730897533,302.7106577576344,2.6239816647333654
5,200.0,8.375234048176454,0.96,0.0,0.018750934145635,0.0,0.0,0.0,0.0,0.021249065854365,301.89,78.33,0.6624929610122893,0.1069224313567784,15.507962800271809,2.6690310465001685,1208.54095204688,17.643428064575964,0.9700912057024264,0.0,0.0084222661081044,0.0,0.0,0.0,0.0,0.021486528189469,0.330728409854949,0.0,0.6628302990617994,0.0,0.0,0.0,0.0,0.0064412910832517,21.01221120646065,0.7367590235267641,1.0,0.0,4.746795468075003,0.0,0.0,0.0,0.0,1.0019503685991773,22.53960113748808,1221.920496490378,7.249541730897533,302.7106577576344,2.6239816647333654
5,200.0,9.801759798595524,0.96,0.0,0.018750934145635,0.0,0.0,0.0,0.0,0.021249065854365,301.89,78.33,0.6624929610122893,0.1251341733511493,15.507962800271809,2.6690310465001685,1207.343803569003,20.28642728017394,0.968065844758396,0.0,0.0104976007023825,0.0,0.0,0.0,0.0,0.0214365545392214,0.2874947385452794,0.0,0.7068884239417136,0.0,0.0,0.0,0.0,0.0056168375130068,20.666200639426943,0.7498078529991752,1.0,0.0,4.625353102595423,0.0,0.0,0.0,0.0,1.0020209345275173,22.53960113748808,1221.920496490378,7.249541730897533,302.7106577576344,2.6239816647333654
5,200.0,11.228285549014595,0.96,0.0,0.018750934145635,0.0,0.0,0.0,0.0,0.021249065854365,301.89,78.33,0.6624929610122893,0.1433459153455202,15.507962800271809,2.6690310465001685,1206.1483154891089,22.95207876198858,0.9660433891927468,0.0,0.0125682301853524,0.0,0.0,0.0,0.0,0.0213883806219008,0.2553011621830632,0.0,0.739694788068948,0.0,0.0,0.0,0.0,0.0050040497479887,20.326584357244453,0.7627116161931348,1.0000000000249645,0.0,4.508698829120057,0.0,0.0,0.0,0.0,1.002093223730459,22.53960113748808,1221.920496490378,7.249541730897533,302.7106577576344,2.6239816647333654
5,200.0,12.654811299433668,0.96,0.0,0.018750934145635,0.0,0.0,0.0,0.0,0.021249065854365,301.89,78.33,0.6624929610122893,0.161557657339891,15.507962800271809,2.6690310465001685,1204.9548528199225,25.64068223739185,0.9640246656070142,0.0,0.0146340466325193,0.0,0.0,0.0,0.0,0.0213412877604665,0.2304268196571376,0.0,0.7650416845679847,0.0,0.0,0.0,0.0,0.0045314957748776,19.993186062061053,0.7754911782646794,1.0,0.0,4.39667419037471,0.0,0.0,0.0,0.0,1.002166390529458,22.53960113748808,1221.920496490378,7.249541730897533,302.7106577576344,2.6239816647333654
5,200.0,14.081337049852738,0.96,0.0,0.018750934145635,0.0,0.0,0.0,0.0,0.021249065854365,301.89,78.33,0.6624929610122893,0.1797693993342619,15.507962800271809,2.6690310465001685,1203.7636438114937,28.352545479498406,0.96201014492401,0.0,0.016694938274538,0.0,0.0,0.0,0.0,0.0212949168014518,0.2106548141177037,0.0,0.7851885127491192,0.0,0.0,0.0,0.0,0.0041566731331771,19.665836480059177,0.7881159114410622,1.0,0.0,4.289173297702717,0.0,0.0,0.0,0.0,1.002240762849071,22.53960113748808,1221.920496490378,7.249541730897533,302.7106577576344,2.6239816647333654
5,200.0,15.507862800271807,0.96,0.0,0.018750934145635,0.0,0.0,0.0,0.0,0.021249065854365,301.89,78.33,0.6624929610122893,0.1979811413286328,15.507962800271809,2.6690310465001685,1202.5748568381778,31.087982174879546,0.9600001407112808,0.0,0.0187507902362788,0.0,0.0,0.0,0.0,0.0212490690524402,0.1945821187351967,0.0,0.8015651747247717,0.0,0.0,0.0,0.0,0.0038527065400315,19.34437341041609,0.8006341807412839,1.000000000126036,0.0,4.185690402967992,0.0,0.0,0.0,0.0,1.0023152145606753,22.53960113748808,1221.920496490378,7.249541730897533,302.7106577576344,2.6239816647333654
5,205.0,3.4106263043355285,0.96,0.0,0.018750934145635,0.0,0.0,0.0,0.0,0.021249065854365,301.89,78.33,0.6790552850375965,0.0435417631090965,15.582797448729051,3.4105263043355283,1196.3488818733667,9.165715479503096,0.9741909624564148,0.0,0.0001047526143893,0.0,0.0,0.0,0.0,0.0257042849291957,0.959980097154074,0.0,0.0187770854429318,0.0,0.0,0.0,0.0,0.0212428174029942,21.085125682760385,0.7110308333601779,1.0,0.0,4.803932311719744,0.0,0.0,0.0,0.0,1.0001186166781726,21.15779579629945,1206.2779501886548,9.12387059747945,302.7106577576344,3.35468958110042
5,205.0,4.763078653712586,0.96,0.0,0.018750934145635,0.0,0.0,0.0,0.0,0.021249065854365,301.89,78.33,0.6790552850375965,0.0608078469770533,15.582797448729051,3.4105263043355283,1196.6207995596917,11.566193215541904,0.976067555984688,0.0,0.0021866390076301,0.0,0.0,0.0,0.0,0.0217458050076818,0.7033209402051014,0.0,0.2833653973682971,0.0,0.0,0.0,0.0,0.0133136624266014,20.764287580824867,0.7232251072060635,1.0,0.0,4.684315372397615,0.0,0.0,0.0,0.0,1.000142965220744,21.15779579629945,1206.2779501886548,9.12387059747945,302.7106577576344,3.35468958110042
5,205.0,6.115531003089645,0.96,0.0,0.018750934145635,0.0,0.0,0.0,0.0,0.021249065854365,301.89,78.33,0.6790552850375965,0.0780739308450101,15.582797448729051,3.4105263043355283,1195.435568076476,13.976870467905728,0.9741073116609712,0.0,0.0042684921894152,0.0,0.0,0.0,0.0,0.0216241961496135,0.5573115992441455,0.0,0.432147301259574,0.0,0.0,0.0,0.0,0.0105410994962804,20.44160025750001,0.7353757004674549,1.0,0.0,4.57387923592775,0.0,0.0,0.0,0.0,1.000134840436727,21.15779579629945,1206.2779501886548,9.12387059747945,302.7106577576344,3.35468958110042
5,205.0,7.467983352466703,0.96,0.0,0.018750934145635,0.0,0.0,0.0,0.0,0.021249065854365,301.89,78.33,0.6790552850375965,0.0953400147129669,15.582797448729051,3.4105263043355283,1194.2323318313513,16.406063830317933,0.9720997553832292,0.0,0.0063472249035505,0.0,0.0,0.0,0.0,0.0215530197132203,0.4639096524571585,0.0,0.5273033993677759,0.0,0.0,0.0,0.0,0.0087869481750654,20.12429489426293,0.7474112525528377,1.0,0.0,4.468076098669386,0.0,0.0,0.0,0.0,1.0001259421213704,21.15779579629945,1206.2779501886548,9.12387059747945,302.7106577576344,3.35468958110042
5,205.0,8.820435701843762,0.96,0.0,0.018750934145635,0.0,0.0,0.0,0.0,0.021249065854365,301.89,78.33,0.6790552850375965,0.1126060985809238,15.582797448729051,3.4105263043355283,1193.0253594476812,18.853992746138367,0.9700823459869732,0.0,0.0084227871254955,0.0,0.0,0.0,0.0,0.0214948668875311,0.399083777491061,0.0,0.5933419290925054,0.0,0.0,0.0,0.0,0.0075742934164335,19.81230255567732,0.7593748811794058,1.0,0.0,4.3658635142442535,0.0,0.0,0.0,0.0,1.000116566854691,21.15779579629945,1206.2779501886548,9.12387059747945,302.7106577576344,3.35468958110042
5,205.0,10.17288805122082,0.96,0.0,0.018750934145635,0.0,0.0,0.0,0.0,0.021249065854365,301.89,78.33,0.6790552850375965,0.1298721824488806,15.582797448729051,3.4105263043355283,1191.817630545617,21.32085742016982,0.9680628501155292,0.0,0.0104951218592732,0.0,0.0,0.0,0.0,0.0214420280251975,0.3515022526268642,0.0,0.6418114037072543,0.0,0.0,0.0,0.0,0.0066863436658814,19.50550222590881,0.7712309592128677,1.0,0.0,4.267682802183544,0.0,0.0,0.0,0.0,1.0001066985196398,21.15779579629945,1206.2779501886548,9.12387059747945,302.7106577576344,3.35468958110042
5,205.0,11.525340400597878,0.96,0.0,0.018750934145635,0.0,0.0,0.0,0.0,0.021249065854365,301.89,78.33,0.6790552850375965,0.1471382663168374,15.582797448729051,3.4105263043355283,1190.6101885346277,23.806870670649435,0.966043935023717,0.0,0.0125641631122144,0.0,0.0,0.0,0.0,0.0213919018640685,0.3151254731671174,0.0,0.6788657479456708,0.0,0.0,0.0,0.0,0.0060087788872116,19.20377104182088,0.7829762531210612,1.0,0.0,4.172735990846957,0.0,0.0,0.0,0.0,1.0000964736952478,21.15779579629945,1206.2779501886548,9.12387059747945,302.7106577576344,3.35468958110042
5,205.0,12.877792749974937,0.96,0.0,0.018750934145635,0.0,0.0,0.0,0.0,0.021249065854365,301.89,78.33,0.6790552850375965,0.1644043501847943,15.582797448729051,3.4105263043355283,1189.4035189335875,26.312255962973374,0.9640267948966288,0.0,0.0146298384219307,0.0,0.0,0.0,0.0,0.0213433666814404,0.2864399752658135,0.0,0.70808461238042,0.0,0.0,0.0,0.0,0.0054754123537665,18.90698553057909,0.7946410722661128,1.0,0.0,4.081469639244359,0.0,0.0,0.0,0.0,1.0000858431996074,21.15779579629945,1206.2779501886548,9.12387059747945,302.7106577576344,3.35468958110042
5,205.0,14.230245099351997,0.96,0.0,0.018750934145635,0.0,0.0,0.0,0.0,0.021249065854365,301.89,78.33,0.6790552850375965,0.1816704340527511,15.582797448729051,3.4105263043355283,1188.1978976849855,28.83724438680941,0.96201206870856,0.0,0.0166920712781498,0.0,0.0,0.0,0.0,0.0212958600132901,0.2632628508839191,0.0,0.7316919180244553,0.0,0.0,0.0,0.0,0.0050452310916256,18.615026512047784,0.8062119649850225,1.0,0.0,3.993099207427376,0.0,0.0,0.0,0.0,1.000074880767441,21.15779579629945,1206.2779501886548,9.12387059747945,302.7106577576344,3.35468958110042
5,205.0,15.582697448729052,0.96,0.0,0.018750934145635,0.0,0.0,0.0,0.0,0.021249065854365,301.89,78.33,0.6790552850375965,0.1989365179207079,15.582797448729051,3.4105263043355283,1186.9935081501544,31.38207266078591,0.9600001486255269,0.0,0.0187507820823211,0.0,0.0,0.0,0.0,0.0212490692921521,0.2441664214118935,0.0,0.7511421224109252,0.0,0.0,0.0,0.0,0.0046914561771813,18.3277787260358,0.817685945962058,1.0,0.0,3.9081385079250985,0.0,0.0,0.0,0.0,1.0000636452489524,21.15779579629945,1206.2779501886548,9.12387059747945,302.7106577576344,3.35468958110042
5,210.0,4.3020095188612775,0.96,0.0,0.018750934145635,0.0,0.0,0.0,0.0,0.021249065854365,301.89,78.33,0.6956176090629037,0.0549216075432309,15.907065723058656,4.301909518861278,1180.3712026841406,11.400979468780443,0.9736363648869378,0.0,0.0001393734776331,0.0,0.0,0.0,0.0,0.0262242616354289,0.959985133332669,0.0,0.0187712248817113,0.0,0.0,0.0,0.0,0.0212436417856196,19.731820566145657,0.7408531688334145,1.0,0.0,4.372784530248021,0.0,0.0,0.0,0.0,1.000000002496266,19.793904820789816,1190.2941504876192,11.354703713715036,302.7106577576344,4.233266563955471
5,210.0,5.59144909710543,0.96,0.0,0.018750934145635,0.0,0.0,0.0,0.0,0.021249065854365,301.89,78.33,0.6956176090629037,0.0713832388242746,15.907065723058656,4.301909518861278,1180.77011655169,13.671029260846884,0.9759782147700808,0.0,0.0022114432029042,0.0,0.0,0.0,0.0,0.0218103420270149,0.7548193123317535,0.0,0.2311391248255299,0.0,0.0,0.0,0.0,0.0140415628427166,19.447405721544605,0.7520005084690866,1.0,0.0,4.276645777756825,0.0,0.0,0.0,0.0,1.0000000005638718,19.793904820789816,1190.2941504876192,11.354703713715036,302.7106577576344,4.233266563955471
5,210.0,6.880888675349584,0.96,0.0,0.018750934145635,0.0,0.0,0.0,0.0,0.021249065854365,301.89,78.33,0.6956176090629037,0.0878448701053183,15.907065723058656,4.301909518861278,1179.5873071220751,15.945369861608215,0.9740599135298424,0.0,0.0042864826505142,0.0,0.0,0.0,0.0,0.0216536038196434,0.6232924677507291,0.0,0.3651463623909184,0.0,0.0,0.0,0.0,0.0115611698583523,19.161282523018613,0.763108219906993,1.0,0.0,4.187788792156455,0.0,0.0,0.0,0.0,1.0000000000136706,19.793904820789816,1190.2941504876192,11.354703713715036,302.7106577576344,4.233266563955471
5,210.0,8.170328253593738,0.96,0.0,0.018750934145635,0.0,0.0,0.0,0.0,0.021249065854365,301.89,78.33,0.6956176090629037,0.104306501386362,15.907065723058656,4.301909518861278,1178.3776392732425,18.235690461600203,0.9720704025005928,0.0,0.0063594359382238,0.0,0.0,0.0,0.0,0.0215701615611834,0.5329612998651964,0.0,0.4571496774316002,0.0,0.0,0.0,0.0,0.0098890227032033,18.879420314852823,0.774149032142062,1.0,0.0,4.102116401734526,0.0,0.0,0.0,0.0,1.0,19.793904820789816,1190.2941504876192,11.354703713715036,302.7106577576344,4.233266563955471
5,210.0,9.45976783183789,0.96,0.0,0.018750934145635,0.0,0.0,0.0,0.0,0.021249065854365,301.89,78.33,0.6956176090629037,0.1207681326674057,15.907065723058656,4.301909518861278,1177.161321498915,20.54224233881791,0.9700639909713948,0.0,0.00843024711742,0.0,0.0,0.0,0.0,0.0215057619111854,0.4671507682548245,0.0,0.5241709695367542,0.0,0.0,0.0,0.0,0.0086782622084212,18.601796630488195,0.7851191694715446,1.0,0.0,4.019183285782228,0.0,0.0,0.0,0.0,1.0,19.793904820789816,1190.2941504876192,11.354703713715036,302.7106577576344,4.233266563955471
5,210.0,10.749207410082043,0.96,0.0,0.018750934145635,0.0,0.0,0.0,0.0,0.021249065854365,301.89,78.33,0.6956176090629037,0.1372297639484494,15.907065723058656,4.301909518861278,1175.9425772376412,22.865192540483168,0.9680519959981224,0.0,0.0104988817246016,0.0,0.0,0.0,0.0,0.0214491222772758,0.4171087628308009,0.0,0.5751306130581035,0.0,0.0,0.0,0.0,0.0077606241110955,18.328330414628606,0.7960193149730103,1.0,0.0,3.939183724148275,0.0,0.0,0.0,0.0,1.0,19.793904820789816,1190.2941504876192,11.354703713715036,302.7106577576344,4.233266563955471
5,210.0,12.038646988326196,0.96,0.0,0.018750934145635,0.0,0.0,0.0,0.0,0.021249065854365,301.89,78.33,0.6956176090629037,0.1536913952294931,15.907065723058656,4.301909518861278,1174.722861542139,25.20470859877893,0.9660382803782632,0.0,0.0125652992290102,0.0,0.0,0.0,0.0,0.0213964203927264,0.3778049505705446,0.0,0.6151535190604949,0.0,0.0,0.0,0.0,0.0070415303689605,18.058932356433687,0.8068508577639406,1.0,0.0,3.8615391930693046,0.0,0.0,0.0,0.0,1.0,19.793904820789816,1190.2941504876192,11.354703713715036,302.7106577576344,4.233266563955471
5,210.0,13.32808656657035,0.96,0.0,0.018750934145635,0.0,0.0,0.0,0.0,0.021249065854365,301.89,78.33,0.6956176090629037,0.1701530265105368,15.907065723058656,4.301909518861278,1173.5028266222848,27.560965213031448,0.9640245421277744,0.0,0.0146294543843679,0.0,0.0,0.0,0.0,0.0213460034878576,0.3461432694541158,0.0,0.6473934010245965,0.0,0.0,0.0,0.0,0.0064633295212877,17.793518166790776,0.8176157778282104,1.0,0.0,3.786607986645601,0.0,0.0,0.0,0.0,1.0,19.793904820789816,1190.2941504876192,11.354703713715036,302.7106577576344,4.233266563955471
5,210.0,14.617526144814503,0.96,0.0,0.018750934145635,0.0,0.0,0.0,0.0,0.021249065854365,301.89,78.33,0.6956176090629037,0.1866146577915805,15.907065723058656,4.301909518861278,1172.2828227762814,29.93414383082543,0.962011662035756,0.0,0.0166912971373868,0.0,0.0,0.0,0.0,0.021297040826857,0.320113961071243,0.0,0.6738972476980757,0.0,0.0,0.0,0.0,0.0059887912306812,17.532001401164997,0.8283194190405916,1.0,0.0,3.7139072535445066,0.0,0.0,0.0,0.0,1.0,19.793904820789816,1190.2941504876192,11.354703713715036,302.7106577576344,4.233266563955471
5,210.0,15.906965723058656,0.96,0.0,0.018750934145635,0.0,0.0,0.0,0.0,0.021249065854365,301.89,78.33,0.6956176090629037,0.2030762890726242,15.907065723058656,4.301909518861278,1171.0630658539158,32.32443116453075,0.9600001559131844,0.0,0.018750774543124,0.0,0.0,0.0,0.0,0.0212490695436915,0.298355629084777,0.0,0.6960515955667266,0.0,0.0,0.0,0.0,0.0055927753484963,17.274299598987096,0.8389755082829318,1.0,0.0,3.643492336142944,0.0,0.0,0.0,0.0,1.0,19.793904820789816,1190.2941504876192,11.354703713715036,302.7106577576344,4.233266563955471
5,215.0,5.36225427095698,0.96,0.0,0.018750934145635,0.0,0.0,0.0,0.0,0.021249065854365,301.89,78.33,0.7121799330882109,0.0684572229153195,16.480599506294876,5.36215427095698,1164.0293767016658,14.040313396534538,0.9731541921323352,0.0,0.0001825790464633,0.0,0.0,0.0,0.0,0.0266632288212016,0.9599887208852668,0.0,0.0187668556560907,0.0,0.0,0.0,0.0,0.0212444234586425,18.395790613908865,0.7729558058306516,1.0,0.0,3.9913282498730394,0.0,0.0,0.0,0.0,1.0,18.448205290897207,1173.908539729092,13.989350648063478,302.7106577576344,5.278346606766283
5,215.0,6.597614852661191,0.96,0.0,0.018750934145635,0.0,0.0,0.0,0.0,0.021249065854365,301.89,78.33,0.7121799330882109,0.0842284546490641,16.480599506294876,5.36215427095698,1164.5097702791936,16.204532056214962,0.9758637118550132,0.0,0.0022441457697164,0.0,0.0,0.0,0.0,0.0218921423752703,0.7964938715075414,0.0,0.1888852057371756,0.0,0.0,0.0,0.0,0.0146209227552829,18.14171624101991,0.7832937991778067,1.0,0.0,3.913674301241044,0.0,0.0,0.0,0.0,1.0,18.448205290897207,1173.908539729092,13.989350648063478,302.7106577576344,5.278346606766283
5,215.0,7.832975434365402,0.96,0.0,0.018750934145635,0.0,0.0,0.0,0.0,0.021249065854365,301.89,78.33,0.7121799330882109,0.0999996863828086,16.480599506294876,5.36215427095698,1163.3306300043223,18.366996310296475,0.9739966108029076,0.0,0.0043121641826195,0.0,0.0,0.0,0.0,0.0216912250144727,0.6809991862646733,0.0,0.3065655076695077,0.0,0.0,0.0,0.0,0.0124353060658189,17.88665345318241,0.7935742167744756,1.0,0.0,3.841629874698032,0.0,0.0,0.0,0.0,1.0,18.448205290897207,1173.908539729092,13.989350648063478,302.7106577576344,5.278346606766283
5,215.0,9.068336016069612,0.96,0.0,0.018750934145635,0.0,0.0,0.0,0.0,0.021249065854365,301.89,78.33,0.7121799330882109,0.1157709181165532,16.480599506294876,5.36215427095698,1162.1142554840033,20.543448434410944,0.9720289428373976,0.0,0.0063789499883755,0.0,0.0,0.0,0.0,0.0215921071742267,0.5966318615333703,0.0,0.3924816030108435,0.0,0.0,0.0,0.0,0.010886535455786,17.63501293991008,0.8038061653028002,1.0,0.0,3.771727128966991,0.0,0.0,0.0,0.0,1.0,18.448205290897207,1173.908539729092,13.989350648063478,302.7106577576344,5.278346606766283
5,215.0,10.303696597773822,0.96,0.0,0.018750934145635,0.0,0.0,0.0,0.0,0.021249065854365,301.89,78.33,0.7121799330882109,0.1315421498502977,16.480599506294876,5.36215427095698,1160.8879718565172,22.7342357100146,0.970035918904676,0.0,0.0084444027919101,0.0,0.0,0.0,0.0,0.0215196783034137,0.5323627140470287,0.0,0.4579191994095665,0.0,0.0,0.0,0.0,0.0097180865434047,17.3867973851392,0.8139891429285968,1.0,0.0,3.704033399592189,0.0,0.0,0.0,0.0,1.0,18.448205290897207,1173.908539729092,13.989350648063478,302.7106577576344,5.278346606766283
5,215.0,11.539057179478034,0.96,0.0,0.018750934145635,0.0,0.0,0.0,0.0,0.021249065854365,301.89,78.33,0.7121799330882109,0.1473133815840423,16.480599506294876,5.36215427095698,1159.6575312574923,24.939521932986537,0.9680333570694364,0.0,0.010508496346673,0.0,0.0,0.0,0.0,0.0214581465838906,0.4818102191696236,0.0,0.5093863547457324,0.0,0.0,0.0,0.0,0.0088034260846439,17.1419514688579,0.8241381659932792,1.0,0.0,3.638391122230407,0.0,0.0,0.0,0.0,1.0,18.448205290897207,1173.908539729092,13.989350648063478,302.7106577576344,5.278346606766283
5,215.0,12.774417761182244,0.96,0.0,0.018750934145635,0.0,0.0,0.0,0.0,0.021249065854365,301.89,78.33,0.7121799330882109,0.1630846133177868,16.480599506294876,5.36215427095698,1158.4249042366218,27.159451451753284,0.9660266558310764,0.0,0.0125712076766519,0.0,0.0,0.0,0.0,0.0214021364922716,0.4410343831509613,0.0,0.5508977248080278,0.0,0.0,0.0,0.0,0.0080678920410109,16.900412352553257,0.8342509314524612,1.0,0.0,3.5745271220088264,0.0,0.0,0.0,0.0,1.0,18.448205290897207,1173.908539729092,13.989350648063478,302.7106577576344,5.278346606766283
5,215.0,14.009778342886456,0.96,0.0,0.018750934145635,0.0,0.0,0.0,0.0,0.021249065854365,301.89,78.33,0.7121799330882109,0.1788558450515314,16.480599506294876,5.36215427095698,1157.190959588745,29.39416982185817,0.9640181731600777,0.0,0.014632510033026,0.0,0.0,0.0,0.0,0.0213493168068964,0.4074722568627256,0.0,0.5850639051321949,0.0,0.0,0.0,0.0,0.0074638380050795,16.662115043071523,0.8443259594156793,1.0,0.0,3.5126779051067216,0.0,0.0,0.0,0.0,1.0,18.448205290897207,1173.908539729092,13.989350648063478,302.7106577576344,5.278346606766283
5,215.0,15.245138924590666,0.96,0.0,0.018750934145635,0.0,0.0,0.0,0.0,0.021249065854365,301.89,78.33,0.7121799330882109,0.1946270767852759,16.480599506294876,5.36215427095698,1155.9561481939245,31.643826766223683,0.962009112545374,0.0,0.0166923743254681,0.0,0.0,0.0,0.0,0.0212985131291576,0.3793849753613579,0.0,0.6136557658626045,0.0,0.0,0.0,0.0,0.0069592587760374,16.427001536537077,0.854355652732471,1.0000000001096043,0.0,3.452526199331976,0.0,0.0,0.0,0.0,1.0,18.448205290897207,1173.908539729092,13.989350648063478,302.7106577576344,5.278346606766283
5,215.0,16.480499506294876,0.96,0.0,0.018750934145635,0.0,0.0,0.0,0.0,0.021249065854365,301.89,78.33,0.7121799330882109,0.2103983085190205,16.480599506294876,5.36215427095698,1154.7207356670058,33.90857663467671,0.960000162582211,0.0,0.0187507676048349,0.0,0.0,0.0,0.0,0.0212490698129541,0.3555513120828454,0.0,0.6379168779909237,0.0,0.0,0.0,0.0,0.0065318099262308,16.19500992190016,0.8643413305006767,1.000000000406449,0.0,3.3939605456358537,0.0,0.0,0.0,0.0,1.0,18.448205290897207,1173.908539729092,13.989350648063478,302.7106577576344,5.278346606766283
5,220.0,6.611245397493048,0.96,0.0,0.018750934145635,0.0,0.0,0.0,0.0,0.021249065854365,301.89,78.33,0.7287422571135183,0.0844024690092307,17.307883181256503,6.611145397493048,1147.2533420617654,17.136642688839757,0.9727383345490018,0.0,0.000235864740738,0.0,0.0,0.0,0.0,0.0270258007102601,0.959991313885584,0.0,0.0187635593448438,0.0,0.0,0.0,0.0,0.021245126769572,17.077420521860905,0.8076241670574312,1.0,0.0,3.652306624386919,0.0,0.0,0.0,0.0,1.0,17.121140165384258,1157.0541060432145,17.08052563899556,302.7106577576344,6.509407158415541
5,220.0,7.799749595688987,0.96,0.0,0.018750934145635,0.0,0.0,0.0,0.0,0.021249065854365,301.89,78.33,0.7287422571135183,0.0995755086900164,17.307883181256503,6.611145397493048,1147.772772229895,19.21582851299868,0.9757213471461438,0.0,0.0022857503551251,0.0,0.0,0.0,0.0,0.0219929024987311,0.8298142995265345,0.0,0.1550962145637737,0.0,0.0,0.0,0.0,0.0150894859096917,16.848970249527046,0.8173329880128648,1.0,0.0,3.589574320646096,0.0,0.0,0.0,0.0,1.0,17.121140165384258,1157.0541060432145,17.08052563899556,302.7106577576344,6.509407158415541
5,220.0,8.988253793884926,0.96,0.0,0.018750934145635,0.0,0.0,0.0,0.0,0.021249065854365,301.89,78.33,0.7287422571135183,0.114748548370802,17.307883181256503,6.611145397493048,1146.5983592162206,21.286923655373226,0.973915695706604,0.0,0.0043461524969636,0.0,0.0,0.0,0.0,0.0217381517964324,0.7302509122206241,0.0,0.2565748642760388,0.0,0.0,0.0,0.0,0.013174223503337,16.62058218444781,0.8269807514956469,1.0,0.0,3.530521381514105,0.0,0.0,0.0,0.0,1.0,17.121140165384258,1157.0541060432145,17.08052563899556,302.7106577576344,6.509407158415541
5,220.0,10.176757992080866,0.96,0.0,0.018750934145635,0.0,0.0,0.0,0.0,0.021249065854365,301.89,78.33,0.7287422571135183,0.1299215880515877,17.307883181256503,6.611145397493048,1145.3748555225825,23.370378181084803,0.9719743621667712,0.0,0.0064060803715168,0.0,0.0,0.0,0.0,0.0216195574617118,0.6535971603303713,0.0,0.3346340015705147,0.0,0.0,0.0,0.0,0.011768838099114,16.39498779398321,0.8365891029606766,1.0,0.0,3.473171137010827,0.0,0.0,0.0,0.0,1.0,17.121140165384258,1157.0541060432145,17.08052563899556,302.7106577576344,6.509407158415541
5,220.0,11.365262190276804,0.96,0.0,0.018750934145635,0.0,0.0,0.0,0.0,0.021249065854365,301.89,78.33,0.7287422571135183,0.1450946277323733,17.307883181256503,6.611145397493048,1144.1377828802265,25.46671022950641,0.9699975808547998,0.0,0.008465337713295,0.0,0.0,0.0,0.0,0.0215370814319051,0.5928278767061735,0.0,0.39650074545049,0.0,0.0,0.0,0.0,0.0106713778433364,16.172195492085987,0.8461775545820643,1.0,0.0,3.417568465909327,0.0,0.0,0.0,0.0,1.0,17.121140165384258,1157.0541060432145,17.08052563899556,302.7106577576344,6.509407158415541
5,220.0,12.553766388472743,0.96,0.0,0.018750934145635,0.0,0.0,0.0,0.0,0.021249065854365,301.89,78.33,0.7287422571135183,0.160267667413159,17.307883181256503,6.611145397493048,1142.894705937861,27.5761080895644,0.9680066984489902,0.0,0.010523890201055,0.0,0.0,0.0,0.0,0.0214694113499547,0.5435027004190202,0.0,0.4467102994547856,0.0,0.0,0.0,0.0,0.0097870001261942,15.952165714766448,0.8557573558665588,1.0,0.0,3.363375722968565,0.0,0.0,0.0,0.0,1.0,17.121140165384258,1157.0541060432145,17.08052563899556,302.7106577576344,6.509407158415541
5,220.0,13.742270586668685,0.96,0.0,0.018750934145635,0.0,0.0,0.0,0.0,0.021249065854365,301.89,78.33,0.7287422571135183,0.1754407070939446,17.307883181256503,6.611145397493048,1141.6482178300948,29.69871120890207,0.9660090260126,0.0,0.0125817231298747,0.0,0.0,0.0,0.0,0.0214092508575252,0.5026922093989122,0.0,0.4882493609212113,0.0,0.0,0.0,0.0,0.0090584296798764,15.734852300373744,0.8653027643853712,1.0,0.0,3.310555876464811,0.0,0.0,0.0,0.0,1.0,17.121140165384258,1157.0541060432145,17.08052563899556,302.7106577576344,6.509407158415541
5,220.0,14.930774784864624,0.96,0.0,0.018750934145635,0.0,0.0,0.0,0.0,0.021249065854365,301.89,78.33,0.7287422571135183,0.1906137467747303,17.307883181256503,6.611145397493048,1140.3994530437951,31.834650631813965,0.9640077519278952,0.0,0.0146388231454945,0.0,0.0,0.0,0.0,0.0213534249266103,0.4683876588129964,0.0,0.5231645187113882,0.0,0.0,0.0,0.0,0.0084478224756151,15.520208542060214,0.8748140143067588,1.0,0.0,3.2592828013312585,0.0,0.0,0.0,0.0,1.0,17.121140165384258,1157.0541060432145,17.08052563899556,302.7106577576344,6.509407158415541
5,220.0,16.119278983060564,0.96,0.0,0.018750934145635,0.0,0.0,0.0,0.0,0.021249065854365,301.89,78.33,0.7287422571135183,0.2057867864555159,17.307883181256503,6.611145397493048,1139.1489915943405,33.98405793949213,0.9620044947008408,0.0,0.0166951750177382,0.0,0.0,0.0,0.0,0.0213003302814209,0.4391661289940211,0.0,0.5529049950115457,0.0,0.0,0.0,0.0,0.0079288759944331,15.308188529344976,0.8843317538784803,1.0,0.0,3.209255017887083,0.0,0.0,0.0,0.0,1.0,17.121140165384258,1157.0541060432145,17.08052563899556,302.7106577576344,6.509407158415541
5,220.0,17.307783181256504,0.96,0.0,0.018750934145635,0.0,0.0,0.0,0.0,0.021249065854365,301.89,78.33,0.7287422571135183,0.2209598261363016,17.307883181256503,6.611145397493048,1137.8971651111206,36.14706732955768,0.9600001682642972,0.0,0.0187507616389192,0.0,0.0,0.0,0.0,0.0212490700967836,0.413991641465923,0.0,0.5785257071521305,0.0,0.0,0.0,0.0,0.0074826513819464,15.098749553018784,0.8938259520931028,1.0,0.0,3.160435223062143,0.0,0.0,0.0,0.0,1.0,17.121140165384258,1157.0541060432145,17.08052563899556,302.7106577576344,6.509407158415541
5,225.0,8.069754761081624,0.96,0.0,0.018750934145635,0.0,0.0,0.0,0.0,0.021249065854365,301.89,78.33,0.7453045811388255,0.1030225298235877,18.39696729274191,8.069654761081624,1129.9649397995518,20.74967401637796,0.9723826421195744,0.0,0.000300926511296,0.0,0.0,0.0,0.0,0.0273164313691296,0.9599932151039487,0.0,0.0187610435699995,0.0,0.0,0.0,0.0,0.0212457413260515,15.777284135693362,0.845250064853591,1.0,0.0,3.3500679734243004,0.0,0.0,0.0,0.0,1.0,15.813326197117547,1139.6555629264626,20.687604017864448,302.7106577576344,7.946729358776584
5,225.0,9.21721170904388,0.96,0.0,0.018750934145635,0.0,0.0,0.0,0.0,0.021249065854365,301.89,78.33,0.7453045811388255,0.1176715397554433,18.39696729274191,8.069654761081624,1130.4839930479402,22.761689590423813,0.9755486348612884,0.0,0.0023375395017568,0.0,0.0,0.0,0.0,0.0221138256369546,0.8562869986877406,0.0,0.128232083804461,0.0,0.0,0.0,0.0,0.0154809175077981,15.570792500869567,0.8544900192538208,1.0,0.0,3.29888292857858,0.0,0.0,0.0,0.0,1.0,15.813326197117547,1139.6555629264626,20.687604017864448,302.7106577576344,7.946729358776584
5,225.0,10.364668657006131,0.96,0.0,0.018750934145635,0.0,0.0,0.0,0.0,0.021249065854365,301.89,78.33,0.7453045811388255,0.132320549687299,18.39696729274191,8.069654761081624,1129.314943262319,24.758913139179427,0.9738152611476816,0.0,0.0043893556484087,0.0,0.0,0.0,0.0,0.0217953832039097,0.771565432994346,0.0,0.2146370485457742,0.0,0.0,0.0,0.0,0.0137975184598799,15.365553454128808,0.8636645540839759,1.0,0.0,3.2502843116513933,0.0,0.0,0.0,0.0,1.0,15.813326197117547,1139.6555629264626,20.687604017864448,302.7106577576344,7.946729358776584
5,225.0,11.512125604968386,0.96,0.0,0.018750934145635,0.0,0.0,0.0,0.0,0.021249065854365,301.89,78.33,0.7453045811388255,0.1469695596191546,18.39696729274191,8.069654761081624,1128.0836535431868,26.76709249467957,0.9719053748244906,0.0,0.0064414368250419,0.0,0.0,0.0,0.0,0.0216531883504675,0.7033875969636824,0.0,0.2840739276820159,0.0,0.0,0.0,0.0,0.0125384753543015,15.162640692130909,0.8728037595721745,1.0,0.0,3.2030836776828804,0.0,0.0,0.0,0.0,1.0,15.813326197117547,1139.6555629264626,20.687604017864448,302.7106577576344,7.946729358776584
5,225.0,12.65958255293064,0.96,0.0,0.018750934145635,0.0,0.0,0.0,0.0,0.021249065854365,301.89,78.33,0.7453045811388255,0.1616185695510103,18.39696729274191,8.069654761081624,1126.8347157149285,28.787010491843382,0.9699481484042336,0.0,0.0084934220740568,0.0,0.0,0.0,0.0,0.0215584295217093,0.6474163777945776,0.0,0.3410551608080747,0.0,0.0,0.0,0.0,0.0115284613973476,14.962049426257876,0.8819569969792405,1.0,0.0,3.1570219451988417,0.0,0.0,0.0,0.0,1.0,15.813326197117547,1139.6555629264626,20.687604017864448,302.7106577576344,7.946729358776584
5,225.0,13.807039500892891,0.96,0.0,0.018750934145635,0.0,0.0,0.0,0.0,0.021249065854365,301.89,78.33,0.7453045811388255,0.176267579482866,18.39696729274191,8.069654761081624,1125.5777718918157,30.8189089041762,0.9679715256352744,0.0,0.0105452493155104,0.0,0.0,0.0,0.0,0.0214832250492151,0.6006754536562313,0.0,0.3886304420251775,0.0,0.0,0.0,0.0,0.0106941043185911,14.763747577220704,0.8910904999431317,1.0,0.0,3.1120442022284,0.0,0.0,0.0,0.0,1.0,15.813326197117547,1139.6555629264626,20.687604017864448,302.7106577576344,7.946729358776584
5,225.0,14.954496448855148,0.96,0.0,0.018750934145635,0.0,0.0,0.0,0.0,0.021249065854365,301.89,78.33,0.7453045811388255,0.1909165894147216,18.39696729274191,8.069654761081624,1124.31614198494,32.86293870351868,0.9659851339467612,0.0,0.0125969024754287,0.0,0.0,0.0,0.0,0.0214179635778099,0.5610783358368169,0.0,0.4289299839428521,0.0,0.0,0.0,0.0,0.0099916802203309,14.567699610920496,0.9002265126125302,1.0,0.0,3.0682382616148125,0.0,0.0,0.0,0.0,1.0,15.813326197117547,1139.6555629264626,20.687604017864448,302.7106577576344,7.946729358776584
5,225.0,16.1019533968174,0.96,0.0,0.018750934145635,0.0,0.0,0.0,0.0,0.021249065854365,301.89,78.33,0.7453045811388255,0.2055655993465773,18.39696729274191,8.069654761081624,1123.0512760934712,34.91922879892984,0.963993179275387,0.0,0.0146483749337792,0.0,0.0,0.0,0.0,0.0213584457908337,0.5271221946144182,0.0,0.4634859950127424,0.0,0.0,0.0,0.0,0.0093918103728391,14.373870228086746,0.909340645214016,1.0,0.0,3.0254804474141563,0.0,0.0,0.0,0.0,1.0,15.813326197117547,1139.6555629264626,20.687604017864448,302.7106577576344,7.946729358776584
5,225.0,17.249410344779655,0.96,0.0,0.018750934145635,0.0,0.0,0.0,0.0,0.021249065854365,301.89,78.33,0.7453045811388255,0.2202146092784329,18.39696729274191,8.069654761081624,1121.7839098954448,36.98790296442823,0.961997793312238,0.0,0.0166996613275428,0.0,0.0,0.0,0.0,0.0213025453602191,0.4976978863149029,0.0,0.4934285465591207,0.0,0.0,0.0,0.0,0.0088735671259763,14.182224725099331,0.9184720720974696,1.0,0.0,2.98368093575431,0.0,0.0,0.0,0.0,1.0,15.813326197117547,1139.6555629264626,20.687604017864448,302.7106577576344,7.946729358776584
5,225.0,18.39686729274191,0.96,0.0,0.018750934145635,0.0,0.0,0.0,0.0,0.021249065854365,301.89,78.33,0.7453045811388255,0.2348636192102886,18.39696729274191,8.069654761081624,1120.514457844721,39.06908487486277,0.9600001737660024,0.0,0.0187507558123054,0.0,0.0,0.0,0.0,0.0212490704216921,0.4719692109365107,0.0,0.5196092974349111,0.0,0.0,0.0,0.0,0.008421491628578,13.992731475006252,0.9275916593479714,1.0,0.0,2.942811052874595,0.0,0.0,0.0,0.0,1.0,15.813326197117547,1139.6555629264626,20.687604017864448,302.7106577576344,7.946729358776584
5,230.0,9.759437710886395,0.96,0.0,0.018750934145635,0.0,0.0,0.0,0.0,0.021249065854365,301.89,78.33,0.7618669051641327,0.1245938683886939,19.758690029058084,9.759337710886395,1112.075586520317,24.94761808199418,0.9720810017409874,0.0,0.0003797126636968,0.0,0.0,0.0,0.0,0.0275392855953158,0.9599946288525671,0.0,0.018759101890431,0.0,0.0,0.0,0.0,0.0212462692570018,14.496153702020573,0.8863390050364864,1.0,0.0,3.079219416022742,0.0,0.0,0.0,0.0,1.0,14.52556748614066,1121.6270137216943,24.87830228106012,302.7106577576344,9.61137473881863
5,230.0,10.870454635127691,0.96,0.0,0.018750934145635,0.0,0.0,0.0,0.0,0.021249065854365,301.89,78.33,0.7618669051641327,0.1387776667321293,19.758690029058084,9.759337710886395,1112.5578549198065,26.908040037404547,0.9753434371349624,0.0,0.002401112699245,0.0,0.0,0.0,0.0,0.0222554501657926,0.8772712988210457,0.0,0.1069058554237073,0.0,0.0,0.0,0.0,0.015822845755247,14.308772425306865,0.8952448449602607,1.0,0.0,3.03749359828618,0.0,0.0,0.0,0.0,1.0,14.52556748614066,1121.6270137216943,24.87830228106012,302.7106577576344,9.61137473881863
5,230.0,11.981471559368993,0.96,0.0,0.018750934145635,0.0,0.0,0.0,0.0,0.021249065854365,301.89,78.33,0.7618669051641327,0.1529614650755648,19.758690029058084,9.759337710886395,1111.3941087251603,28.846602625649016,0.9736932329194412,0.0,0.0044429912736283,0.0,0.0,0.0,0.0,0.0218637758069306,0.8058274011889658,0.0,0.1798445742812132,0.0,0.0,0.0,0.0,0.0143280245298209,14.12382831849317,0.904084409585913,1.0,0.0,2.9973445836371475,0.0,0.0,0.0,0.0,1.0,14.52556748614066,1121.6270137216943,24.87830228106012,302.7106577576344,9.61137473881863
5,230.0,13.092488483610293,0.96,0.0,0.018750934145635,0.0,0.0,0.0,0.0,0.021249065854365,301.89,78.33,0.7618669051641327,0.1671452634190003,19.758690029058084,9.759337710886395,1110.1540320756053,30.79482803195304,0.9718204411749346,0.0,0.0064859264925013,0.0,0.0,0.0,0.0,0.021693632332564,0.7461627324493283,0.0,0.2406306156414211,0.0,0.0,0.0,0.0,0.0132066519092504,13.940870208959488,0.9128987431679833,1.0,0.0,2.958136064035583,0.0,0.0,0.0,0.0,1.0,14.52556748614066,1121.6270137216943,24.87830228106012,302.7106577576344,9.61137473881863
5,230.0,14.20350540785159,0.96,0.0,0.018750934145635,0.0,0.0,0.0,0.0,0.021249065854365,301.89,78.33,0.7618669051641327,0.1813290617624357,19.758690029058084,9.759337710886395,1108.891829942105,32.75388411900261,0.9698865317802012,0.0,0.008529302087668,0.0,0.0,0.0,0.0,0.0215841661321306,0.6956808611832276,0.0,0.2920290707996131,0.0,0.0,0.0,0.0,0.0122900680171591,13.75986076246722,0.9217436054500538,1.0,0.0,2.919803838707297,0.0,0.0,0.0,0.0,1.0,14.52556748614066,1121.6270137216943,24.87830228106012,302.7106577576344,9.61137473881863
5,230.0,15.314522332092888,0.96,0.0,0.018750934145635,0.0,0.0,0.0,0.0,0.021249065854365,301.89,78.33,0.7618669051641327,0.1955128601058711,19.758690029058084,9.759337710886395,1107.619446155545,34.72409984641786,0.9679271049794907,0.0,0.0105730037226764,0.0,0.0,0.0,0.0,0.0214998912978329,0.6524465158360334,0.0,0.3360358699877505,0.0,0.0,0.0,0.0,0.011517614176216,13.580768782330278,0.930570830333788,1.0,0.0,2.882427485679759,0.0,0.0,0.0,0.0,1.0,14.52556748614066,1121.6270137216943,24.87830228106012,302.7106577576344,9.61137473881863
5,230.0,16.42553925633419,0.96,0.0,0.018750934145635,0.0,0.0,0.0,0.0,0.021249065854365,301.89,78.33,0.7618669051641327,0.2096966584493066,19.758690029058084,9.759337710886395,1106.3410226016242,36.70565421298902,0.9659545236603384,0.0,0.0126170030299754,0.0,0.0,0.0,0.0,0.0214284733096861,0.6150247082362958,0.0,0.3741201957337,0.0,0.0,0.0,0.0,0.0108550960300041,13.40356468448747,0.9394195951088288,1.0,0.0,2.8458570339265625,0.0,0.0,0.0,0.0,1.0,14.52556748614066,1121.6270137216943,24.87830228106012,302.7106577576344,9.61137473881863
5,230.0,17.536556180575488,0.96,0.0,0.018750934145635,0.0,0.0,0.0,0.0,0.021249065854365,301.89,78.33,0.7618669051641327,0.2238804567927421,19.758690029058084,9.759337710886395,1105.0583718450282,38.698685140880414,0.9639742093964764,0.0,0.014661293656286,0.0,0.0,0.0,0.0,0.0213644969472375,0.582333889698028,0.0,0.4073863738170518,0.0,0.0,0.0,0.0,0.0102797364849201,13.22822057567416,0.9482734435937296,1.0,0.0,2.8100520972254697,0.0,0.0,0.0,0.0,1.0,14.52556748614066,1121.6270137216943,24.87830228106012,302.7106577576344,9.61137473881863
5,230.0,18.647573104816782,0.96,0.0,0.018750934145635,0.0,0.0,0.0,0.0,0.021249065854365,301.89,78.33,0.7618669051641327,0.2380642551361775,19.758690029058084,9.759337710886395,1103.7724111496689,40.70331753163398,0.961988913149134,0.0,0.0167058755395404,0.0,0.0,0.0,0.0,0.0213052113113255,0.5535446300940506,0.0,0.4366802200882746,0.0,0.0,0.0,0.0,0.0097751498176747,13.054709617219215,0.957140604013312,1.0,0.0,2.7749887492255096,0.0,0.0,0.0,0.0,1.0,14.52556748614066,1121.6270137216943,24.87830228106012,302.7106577576344,9.61137473881863
5,230.0,19.758590029058084,0.96,0.0,0.018750934145635,0.0,0.0,0.0,0.0,0.021249065854365,301.89,78.33,0.7618669051641327,0.252248053479613,19.758690029058084,9.759337710886395,1102.483653515588,42.71967235235874,0.9600001787290688,0.0,0.0187507504848316,0.0,0.0,0.0,0.0,0.0212490707860995,0.5280105725500597,0.0,0.4626603990969738,0.0,0.0,0.0,0.0,0.0093290283529664,12.883008055707217,0.966012694690346,1.0,0.0,2.7406993560123043,0.0,0.0,0.0,0.0,1.0,14.52556748614066,1121.6270137216943,24.87830228106012,302.7106577576344,9.61137473881863
5,235.0,11.702854808503822,0.96,0.0,0.018750934145635,0.0,0.0,0.0,0.0,0.021249065854365,301.89,78.33,0.7784292291894399,0.1494045041300117,21.406107052687407,11.702754808503824,1093.483193848827,29.809513988594407,0.9718273642878696,0.0,0.0004745006226819,0.0,0.0,0.0,0.0,0.0276981350894486,0.9599956946815948,0.0,0.0187575870112873,0.0,0.0,0.0,0.0,0.0212467183071179,13.23501837641977,0.9315154670648688,1.0,0.0,2.8359353156102003,0.0,0.0,0.0,0.0,1.0,13.258875583506692,1102.8688895247462,29.73094022392497,302.7106577576344,11.525181126674264
5,235.0,12.780982835635331,0.96,0.0,0.018750934145635,0.0,0.0,0.0,0.0,0.021249065854365,301.89,78.33,0.7784292291894399,0.1631684263454019,21.406107052687407,11.702754808503824,1093.8952716540414,31.732133100898714,0.9751040776430804,0.0,0.0024784498261674,0.0,0.0,0.0,0.0,0.0224174725307523,0.8939126840210712,0.0,0.0899505689989093,0.0,0.0,0.0,0.0,0.0161367469800194,13.064540399088736,0.9402252127181192,1.0,0.0,2.8016527011771224,0.0,0.0,0.0,0.0,1.0,13.258875583506692,1102.8688895247462,29.73094022392497,302.7106577576344,11.525181126674264
5,235.0,13.85911086276684,0.96,0.0,0.018750934145635,0.0,0.0,0.0,0.0,0.021249065854365,301.89,78.33,0.7784292291894399,0.176932348560792,21.406107052687407,11.702754808503824,1092.7357611477405,33.62552929709023,0.9735473798542896,0.0,0.0045086314697673,0.0,0.0,0.0,0.0,0.0219439886759431,0.8340469087765678,0.0,0.1511648818948966,0.0,0.0,0.0,0.0,0.0147882093285354,12.89756962704437,0.9488507479309312,1.0,0.0,2.7682531245287643,0.0,0.0,0.0,0.0,1.0,13.258875583506692,1102.8688895247462,29.73094022392497,302.7106577576344,11.525181126674264
5,235.0,14.937238889898351,0.96,0.0,0.018750934145635,0.0,0.0,0.0,0.0,0.021249065854365,301.89,78.33,0.7784292291894399,0.1906962707761822,21.406107052687407,11.702754808503824,1091.4854152263792,35.52730606295778,0.9717177590599584,0.0,0.006540782317678,0.0,0.0,0.0,0.0,0.0217414586223634,0.7824705476873346,0.0,0.2037403639145863,0.0,0.0,0.0,0.0,0.0137890883980791,12.73234626926052,0.957486527037367,1.0,0.0,2.7356532763228283,0.0,0.0,0.0,0.0,1.0,13.258875583506692,1102.8688895247462,29.73094022392497,302.7106577576344,11.525181126674264
5,235.0,16.01536691702986,0.96,0.0,0.018750934145635,0.0,0.0,0.0,0.0,0.021249065854365,301.89,78.33,0.7784292291894399,0.2044601929915723,21.406107052687407,11.702754808503824,1090.2081329714515,37.43916883819077,0.969811371950314,0.0,0.0085739153859763,0.0,0.0,0.0,0.0,0.0216147126637096,0.7376909805176973,0.0,0.2493448891164585,0.0,0.0,0.0,0.0,0.012964130365844,12.568782557526747,0.9661235196539076,1.0,0.0,2.7037237404552243,0.0,0.0,0.0,0.0,1.0,13.258875583506692,1102.8688895247462,29.73094022392497,302.7106577576344,11.525181126674264
5,235.0,17.09349494416137,0.96,0.0,0.018750934145635,0.0,0.0,0.0,0.0,0.021249065854365,301.89,78.33,0.7784292291894399,0.2182241152069624,21.406107052687407,11.702754808503824,1088.9183178882092,39.36157563356885,0.9678724604855,0.0,0.0106078331855088,0.0,0.0,0.0,0.0,0.0215197063289911,0.6984833825662691,0.0,0.2892580040046586,0.0,0.0,0.0,0.0,0.0122586134290722,12.406841335772103,0.9747940747994256,1.0,0.0,2.672430586270047,0.0,0.0,0.0,0.0,1.0,13.258875583506692,1102.8688895247462,29.73094022392497,302.7106577576344,11.525181126674264
5,235.0,18.17162297129288,0.96,0.0,0.018750934145635,0.0,0.0,0.0,0.0,0.021249065854365,301.89,78.33,0.7784292291894399,0.2319880374223526,21.406107052687407,11.702754808503824,1087.621012343619,41.29475197430356,0.9659165410321152,0.0,0.0126424821690511,0.0,0.0,0.0,0.0,0.0214409767988336,0.6638890908150339,0.0,0.3244665978553622,0.0,0.0,0.0,0.0,0.0116443113296038,12.246495647222703,0.9834746328801394,1.0,0.0,2.6417510437948826,0.0,0.0,0.0,0.0,1.0,13.258875583506692,1102.8688895247462,29.73094022392497,302.7106577576344,11.525181126674264
5,235.0,19.24975099842439,0.96,0.0,0.018750934145635,0.0,0.0,0.0,0.0,0.021249065854365,301.89,78.33,0.7784292291894399,0.2457519596377427,21.406107052687407,11.702754808503824,1086.3184324580118,43.23885601219076,0.9639504549348712,0.0,0.0146778492202013,0.0,0.0,0.0,0.0,0.0213716958449274,0.633154451081458,0.0,0.3557424199853827,0.0,0.0,0.0,0.0,0.0111031289331592,12.087722150370125,0.9921688065916464,1.0,0.0,2.611665095723592,0.0,0.0,0.0,0.0,1.0,13.258875583506692,1102.8688895247462,29.73094022392497,302.7106577576344,11.525181126674264
5,235.0,20.327879025555895,0.96,0.0,0.018750934145635,0.0,0.0,0.0,0.0,0.021249065854365,301.89,78.33,0.7784292291894399,0.2595158818531329,21.406107052687407,11.702754808503824,1085.011700477286,45.19402210207773,0.961977683697122,0.0,0.0167139349995971,0.0,0.0,0.0,0.0,0.021308381303281,0.6056805538242357,0.0,0.3836972652171954,0.0,0.0,0.0,0.0,0.0106221809585689,11.930499469158486,1.0009079606849056,1.0,0.0,2.582212854947411,0.0,0.0,0.0,0.0,1.0,13.258875583506692,1102.8688895247462,29.73094022392497,302.7106577576344,11.525181126674264
5,235.0,21.406007052687407,0.96,0.0,0.018750934145635,0.0,0.0,0.0,0.0,0.021249065854365,301.89,78.33,0.7784292291894399,0.273279804068523,21.406107052687407,11.702754808503824,1083.7014422842883,47.160375456473474,0.960000183201096,0.0,0.0187507455998505,0.0,0.0,0.0,0.0,0.0212490711990533,0.5809860087178987,0.0,0.4088222374406403,0.0,0.0,0.0,0.0,0.0101917538414606,11.774808958253049,1.009645647743818,1.0,0.0,2.553333636864166,0.0,0.0,0.0,0.0,1.0,13.258875583506692,1102.8688895247462,29.73094022392497,302.7106577576344,11.525181126674264
5,240.0,13.923524591614775,0.96,0.0,0.018750934145635,0.0,0.0,0.0,0.0,0.021249065854365,301.89,78.33,0.7949915532147471,0.1777546864753578,23.354065454520438,13.923424591614776,1074.0680118795929,35.42840770192768,0.971615716960692,0.0,0.000588010084897,0.0,0.0,0.0,0.0,0.0277962729544109,0.959996509089509,0.0,0.0187563927102992,0.0,0.0,0.0,0.0,0.0212470982001918,11.995109209274036,0.9815977982171652,1.0,0.0,2.616444113309659,0.0,0.0,0.0,0.0,1.0,12.014498351825988,1083.263844328595,35.3375257790447,302.7106577576344,13.710780754884407
5,240.0,14.971351354159848,0.96,0.0,0.018750934145635,0.0,0.0,0.0,0.0,0.021249065854365,301.89,78.33,0.7949915532147471,0.1911317675751289,23.354065454520438,13.923424591614776,1074.3795069660125,37.32562473327535,0.9748294218986414,0.0,0.0025720077395753,0.0,0.0,0.0,0.0,0.0225985703617831,0.907139215499794,0.0,0.0764221466878958,0.0,0.0,0.0,0.0,0.01643863781231,11.839834736447983,0.9902635067973854,1.0,0.0,2.5882690147259737,0.0,0.0,0.0,0.0,1.0,12.014498351825988,1083.263844328595,35.3375257790447,302.7106577576344,13.710780754884407
5,240.0,16.01917811670492,0.96,0.0,0.018750934145635,0.0,0.0,0.0,0.0,0.021249065854365,301.89,78.33,0.7949915532147471,0.2045088486749,23.354065454520438,13.923424591614776,1073.2218072343894,39.18609964039312,0.973375298519652,0.0,0.0045882812337231,0.0,0.0,0.0,0.0,0.022036420246625,0.8572120392003563,0.0,0.1275896423202357,0.0,0.0,0.0,0.0,0.0151983184794078,11.688945593892557,0.9987944802020414,1.0,0.0,2.5604688542250917,0.0,0.0,0.0,0.0,1.0,12.014498351825988,1083.263844328595,35.3375257790447,302.7106577576344,13.710780754884407
5,240.0,17.067004879249996,0.96,0.0,0.018750934145635,0.0,0.0,0.0,0.0,0.021249065854365,301.89,78.33,0.7949915532147471,0.2178859297746712,23.354065454520438,13.923424591614776,1071.9590562575972,41.05359368605977,0.9715952265832994,0.0,0.0066076227221095,0.0,0.0,0.0,0.0,0.0217971506945909,0.8130493075327071,0.0,0.1726477131101103,0.0,0.0,0.0,0.0,0.0143029793571824,11.539646469928718,1.0073421346580822,1.0,0.0,2.5331876407067666,0.0,0.0,0.0,0.0,1.0,12.014498351825988,1083.263844328595,35.3375257790447,302.7106577576344,13.710780754884407
5,240.0,18.114831641795067,0.96,0.0,0.018750934145635,0.0,0.0,0.0,0.0,0.021249065854365,301.89,78.33,0.7949915532147471,0.2312630108744423,23.354065454520438,13.923424591614776,1070.6643372200824,42.9305374276313,0.9697210050978868,0.0,0.0086285344104095,0.0,0.0,0.0,0.0,0.0216504604917036,0.7738521938909156,0.0,0.2125850577056565,0.0,0.0,0.0,0.0,0.0135627484034278,11.391783561691955,1.0159291389775065,1.0,0.0,2.506413067726187,0.0,0.0,0.0,0.0,1.0,12.014498351825988,1083.263844328595,35.3375257790447,302.7106577576344,13.710780754884407
5,240.0,19.162658404340142,0.96,0.0,0.018750934145635,0.0,0.0,0.0,0.0,0.021249065854365,301.89,78.33,0.7949915532147471,0.2446400919742135,23.354065454520438,13.923424591614776,1069.3545758546838,44.81757121082542,0.9678063462579888,0.0,0.010650696905293,0.0,0.0,0.0,0.0,0.021542956836718,0.738867729088038,0.0,0.2482083264627324,0.0,0.0,0.0,0.0,0.0129239444492297,11.24530839986961,1.0245412834229175,1.0,0.0,2.4801327321580438,0.0,0.0,0.0,0.0,1.0,12.014498351825988,1083.263844328595,35.3375257790447,302.7106577576344,13.710780754884407
5,240.0,20.210485166885213,0.96,0.0,0.018750934145635,0.0,0.0,0.0,0.0,0.021249065854365,301.89,78.33,0.7949915532147471,0.2580171730739846,23.354065454520438,13.923424591614776,1068.0357676800422,46.7149895489091,0.9658703152225522,0.0,0.0126740158670702,0.0,0.0,0.0,0.0,0.0214556689103775,0.7074718851968621,0.0,0.2801666603068448,0.0,0.0,0.0,0.0,0.012361454496293,11.1001932877468,1.0331751740556867,1.0,0.0,2.454377415231232,0.0,0.0,0.0,0.0,1.0,12.014498351825988,1083.263844328595,35.3375257790447,302.7106577576344,13.710780754884407
5,240.0,21.25831192943029,0.96,0.0,0.018750934145635,0.0,0.0,0.0,0.0,0.021249065854365,301.89,78.33,0.7949915532147471,0.2713942541737557,23.354065454520438,13.923424591614776,1066.710564052286,48.62298336948852,0.963921376096964,0.0,0.0146984634257426,0.0,0.0,0.0,0.0,0.0213801604772933,0.679153780508043,0.0,0.3089860590459872,0.0,0.0,0.0,0.0,0.0118601604459696,10.956417358629102,1.0418460185656655,1.0,0.0,2.4290777320250108,0.0,0.0,0.0,0.0,1.0,12.014498351825988,1083.263844328595,35.3375257790447,302.7106577576344,13.710780754884407
5,240.0,22.306138691975363,0.96,0.0,0.018750934145635,0.0,0.0,0.0,0.0,0.021249065854365,301.89,78.33,0.7949915532147471,0.2847713352735269,23.354065454520438,13.923424591614776,1065.3803113659174,50.541705092230494,0.961963854626714,0.0,0.0167240361343622,0.0,0.0,0.0,0.0,0.0213121092389238,0.6534936687282832,0.0,0.3350966884832176,0.0,0.0,0.0,0.0,0.0114096427884992,10.813962256197792,1.0505592050306825,1.0,0.0,2.404221437957178,0.0,0.0,0.0,0.0,1.0,12.014498351825988,1083.263844328595,35.3375257790447,302.7106577576344,13.710780754884407
5,240.0,23.353965454520434,0.96,0.0,0.018750934145635,0.0,0.0,0.0,0.0,0.021249065854365,301.89,78.33,0.7949915532147471,0.298148416373298,23.354065454520438,13.923424591614776,1064.0457604541648,52.47129096985074,0.9600001872402686,0.0,0.0187507410887771,0.0,0.0,0.0,0.0,0.0212490716709543,0.6301442796164811,0.0,0.3588535702805376,0.0,0.0,0.0,0.0,0.0110021501029813,10.672813492402213,1.0593023694484138,1.0,0.0,2.3797957524953963,0.0,0.0,0.0,0.0,1.0,12.014498351825988,1083.263844328595,35.3375257790447,302.7106577576344,13.710780754884407
5,245.0,16.44601530404101,0.96,0.0,0.018750934145635,0.0,0.0,0.0,0.0,0.021249065854365,301.89,78.33,0.8115538772400543,0.2099580659267331,25.61887780458793,16.44591530404101,1053.686909864232,41.915779483288,0.9714400358088826,0.0,0.0007235705623696,0.0,0.0,0.0,0.0,0.0278363936287478,0.9599971395488608,0.0,0.0187554416833351,0.0,0.0,0.0,0.0,0.0212474187678041,10.777937073108912,1.0376833285882967,1.0,0.0,2.4178479202388337,0.0,0.0,0.0,0.0,1.0,10.793959502416731,1062.6711211462375,41.80803719266337,302.7106577576344,16.191644196077288
5,245.0,17.465211137435112,0.96,0.0,0.018750934145635,0.0,0.0,0.0,0.0,0.021249065854365,301.89,78.33,0.8115538772400543,0.222969630249395,25.61887780458793,16.44591530404101,1053.870442886728,43.79893146401051,0.974518903938965,0.0,0.0026848644003152,0.0,0.0,0.0,0.0,0.0227962316607197,0.917686026861018,0.0,0.0655739757822703,0.0,0.0,0.0,0.0,0.0167399973567114,10.636570221343606,1.0464029499520344,1.0,0.0,2.394574693670462,0.0,0.0,0.0,0.0,1.0,10.793959502416731,1062.6711211462375,41.80803719266337,302.7106577576344,16.191644196077288
5,245.0,18.48440697082921,0.96,0.0,0.018750934145635,0.0,0.0,0.0,0.0,0.021249065854365,301.89,78.33,0.8115538772400543,0.2359811945720568,25.61887780458793,16.44591530404101,1052.7103916326023,45.63787841666082,0.973174364670017,0.0,0.0046845027427697,0.0,0.0,0.0,0.0,0.0221411325872132,0.87621379959073,0.0,0.1082104921648529,0.0,0.0,0.0,0.0,0.015575708244417,10.500224396527493,1.0549807984454944,1.0,0.0,2.371359404498249,0.0,0.0,0.0,0.0,1.0,10.793959502416731,1062.6711211462375,41.80803719266337,302.7106577576344,16.191644196077288
5,245.0,19.50360280422332,0.96,0.0,0.018750934145635,0.0,0.0,0.0,0.0,0.021249065854365,301.89,78.33,0.8115538772400543,0.2489927588947187,25.61887780458793,16.44591530404101,1051.432229447351,47.48232387629701,0.9714503687786789,0.0,0.0066885525241528,0.0,0.0,0.0,0.0,0.0218610786971684,0.8386896512248816,0.0,0.1465452218095675,0.0,0.0,0.0,0.0,0.0147651269655509,10.365374720584953,1.0635727334678968,1.0,0.0,2.3485146970052964,0.0,0.0,0.0,0.0,1.0,10.793959502416731,1062.6711211462375,41.80803719266337,302.7106577576344,16.191644196077288
5,245.0,20.52279863761742,0.96,0.0,0.018750934145635,0.0,0.0,0.0,0.0,0.021249065854365,301.89,78.33,0.8115538772400543,0.2620043232173806,25.61887780458793,16.44591530404101,1050.117011221711,49.33564434998124,0.9696133929400378,0.0,0.0086948454410551,0.0,0.0,0.0,0.0,0.021691761618907,0.8047508587688152,0.0,0.1811492824986456,0.0,0.0,0.0,0.0,0.0140998587325391,10.231789805607525,1.072220806398005,1.0,0.0,2.326049696381824,0.0,0.0,0.0,0.0,1.0,10.793959502416731,1062.6711211462375,41.80803719266337,302.7106577576344,16.191644196077288
5,245.0,21.54199447101152,0.96,0.0,0.018750934145635,0.0,0.0,0.0,0.0,0.021249065854365,301.89,78.33,0.8115538772400543,0.2750158875400424,25.61887780458793,16.44591530404101,1048.7841199646489,51.19873008218589,0.9677271895207582,0.0,0.0107028926921494,0.0,0.0,0.0,0.0,0.0215699177870922,0.7739528925607682,0.0,0.2125231755213176,0.0,0.0,0.0,0.0,0.0135239319179143,10.099405150325277,1.080897532781397,1.0,0.0,2.303957220155912,0.0,0.0,0.0,0.0,1.0,10.793959502416731,1062.6711211462375,41.80803719266337,302.7106577576344,16.191644196077288
5,245.0,22.561190304405624,0.96,0.0,0.018750934145635,0.0,0.0,0.0,0.0,0.021249065854365,301.89,78.33,0.8115538772400543,0.2880274518627042,25.61887780458793,16.44591530404101,1047.4405204242153,53.07197298202177,0.9658147168539848,0.0,0.0127125400650593,0.0,0.0,0.0,0.0,0.0214727430809559,0.7459004234795128,0.0,0.2410863716191061,0.0,0.0,0.0,0.0,0.0130132049013809,9.9681898298154,1.0896255761721565,1.0,0.0,2.2822277677701117,0.0,0.0,0.0,0.0,1.0,10.793959502416731,1062.6711211462375,41.80803719266337,302.7106577576344,16.191644196077288
5,245.0,23.580386137799728,0.96,0.0,0.018750934145635,0.0,0.0,0.0,0.0,0.021249065854365,301.89,78.33,0.8115538772400543,0.3010390161853661,25.61887780458793,16.44591530404101,1046.089317037056,54.95561196025023,0.9638862539885948,0.0,0.0147237355441313,0.0,0.0,0.0,0.0,0.0213900104672739,0.7202558725733184,0.0,0.2671899753212658,0.0,0.0,0.0,0.0,0.0125541521054159,9.838123013089922,1.0983812642405604,1.0,0.0,2.260851494481708,0.0,0.0,0.0,0.0,1.0,10.793959502416731,1062.6711211462375,41.80803719266337,302.7106577576344,16.191644196077288
5,245.0,24.599581971193828,0.96,0.0,0.018750934145635,0.0,0.0,0.0,0.0,0.021249065854365,301.89,78.33,0.8115538772400543,0.3140505805080279,25.61887780458793,16.44591530404101,1044.7320931545476,56.84982734518685,0.9619470832359152,0.0,0.0167364662357272,0.0,0.0,0.0,0.0,0.0213164505283576,0.6967327570354379,0.0,0.2911293322025269,0.0,0.0,0.0,0.0,0.012137910762035,9.709188680054655,1.1071986245695733,1.0,0.0,2.239819005293853,0.0,0.0,0.0,0.0,1.0,10.793959502416731,1062.6711211462375,41.80803719266337,302.7106577576344,16.191644196077288
5,245.0,25.61877780458793,0.96,0.0,0.018750934145635,0.0,0.0,0.0,0.0,0.021249065854365,301.89,78.33,0.8115538772400543,0.3270621448306898,25.61887780458793,16.44591530404101,1043.3697332080144,58.75477378920559,0.96000019091648,0.0,0.0187507368693636,0.0,0.0,0.0,0.0,0.0212490722141562,0.6750874880008831,0.0,0.3131544240522881,0.0,0.0,0.0,0.0,0.0117580879468286,9.581374647983663,1.1160648934061628,1.0,0.0,2.2191214576566582,0.0,0.0,0.0,0.0,1.0,10.793959502416731,1062.6711211462375,41.80803719266337,302.7106577576344,16.191644196077288
5,250.0,19.29608720293102,0.96,0.0,0.018750934145635,0.0,0.0,0.0,0.0,0.021249065854365,301.89,78.33,0.8281162012653616,0.2463435108251119,28.21806311100103,19.29598720293102,1032.1652633079218,49.40785643591417,0.9712941016650574,0.0,0.0008853727846912,0.0,0.0,0.0,0.0,0.0278205255502513,0.9599976338988628,0.0,0.0187546769599205,0.0,0.0,0.0,0.0,0.0212476891412167,9.585345553289198,1.101168920247083,1.0,0.0,2.237624662333127,0.0,0.0,0.0,0.0,1.0,9.599114364051816,1040.9186176418627,49.27650279185157,302.7106577576344,18.99215487266697
5,250.0,20.287406748272133,0.96,0.0,0.018750934145635,0.0,0.0,0.0,0.0,0.021249065854365,301.89,78.33,0.8281162012653616,0.2589991924967718,28.21806311100103,19.29598720293102,1032.1964499620938,51.28750239754864,0.9741724700644148,0.0,0.0028209357356169,0.0,0.0,0.0,0.0,0.0230065941999682,0.9261284676952184,0.0,0.0568228759671842,0.0,0.0,0.0,0.0,0.0170486563375976,9.456914376297735,1.1100898884606052,1.0,0.0,2.2183622869106654,0.0,0.0,0.0,0.0,1.0,9.599114364051816,1040.9186176418627,49.27650279185157,302.7106577576344,18.99215487266697
5,250.0,21.278726293613243,0.96,0.0,0.018750934145635,0.0,0.0,0.0,0.0,0.021249065854365,301.89,78.33,0.8281162012653616,0.2716548741684315,28.21806311100103,19.29598720293102,1031.0277396199986,53.11582028666297,0.972941637127207,0.0,0.0048006074610935,0.0,0.0,0.0,0.0,0.0222577554116993,0.891818004271171,0.0,0.0922471313478852,0.0,0.0,0.0,0.0,0.0159348643809437,9.333871101836262,1.1188519791481155,1.0,0.0,2.198907018562223,0.0,0.0,0.0,0.0,1.0,9.599114364051816,1040.9186176418627,49.27650279185157,302.7106577576344,18.99215487266697
5,250.0,22.27004583895436,0.96,0.0,0.018750934145635,0.0,0.0,0.0,0.0,0.021249065854365,301.89,78.33,0.8281162012653616,0.2843105558400913,28.21806311100103,19.29598720293102,1029.7300122025915,54.94789117830648,0.9712802141506324,0.0,0.0067863237075634,0.0,0.0,0.0,0.0,0.0219334621418042,0.860151350078837,0.0,0.1246576291002807,0.0,0.0,0.0,0.0,0.0151910208208821,9.21227610463886,1.1276309879198154,1.0,0.0,2.179706817964183,0.0,0.0,0.0,0.0,1.0,9.599114364051816,1040.9186176418627,49.27650279185157,302.7106577576344,18.99215487266697
5,250.0,23.26136538429547,0.96,0.0,0.018750934145635,0.0,0.0,0.0,0.0,0.021249065854365,301.89,78.33,0.8281162012653616,0.2969662375117511,28.21806311100103,19.29598720293102,1028.3903046786438,56.78828341488644,0.9694860059908376,0.0,0.0087750784246098,0.0,0.0,0.0,0.0,0.0217389155845527,0.8310409723992639,0.0,0.1543693023515225,0.0,0.0,0.0,0.0,0.0145897252492137,9.091815837423654,1.1364597752144534,1.0,0.0,2.160789358893632,0.0,0.0,0.0,0.0,1.0,9.599114364051816,1040.9186176418627,49.27650279185157,302.7106577576344,18.99215487266697
5,250.0,24.25268492963658,0.96,0.0,0.018750934145635,0.0,0.0,0.0,0.0,0.021249065854365,301.89,78.33,0.8281162012653616,0.309621919183411,28.21806311100103,19.29598720293102,1027.0302308327275,58.63822115347888,0.9676329934358576,0.0,0.010766157373833,0.0,0.0,0.0,0.0,0.0216008491903093,0.8042425312629192,0.0,0.1816868293298268,0.0,0.0,0.0,0.0,0.0140706394072539,8.972405882597819,1.1453526870839668,1.0,0.0,2.1421740544025925,0.0,0.0,0.0,0.0,1.0,9.599114364051816,1040.9186176418627,49.27650279185157,302.7106577576344,18.99215487266697
5,250.0,25.244004474977693,0.96,0.0,0.018750934145635,0.0,0.0,0.0,0.0,0.021249065854365,301.89,78.33,0.8281162012653616,0.3222776008550708,28.21806311100103,19.29598720293102,1025.6576915665185,60.49823004384745,0.9657482848056194,0.0,0.0127593233784039,0.0,0.0,0.0,0.0,0.0214923918159766,0.779514242239738,0.0,0.2068766874957612,0.0,0.0,0.0,0.0,0.0136090702645006,8.85400960325279,1.1542906448795855,1.0,0.0,2.123836051305516,0.0,0.0,0.0,0.0,1.0,9.599114364051816,1040.9186176418627,49.27650279185157,302.7106577576344,18.99215487266697
5,250.0,26.235324020318807,0.96,0.0,0.018750934145635,0.0,0.0,0.0,0.0,0.021249065854365,301.89,78.33,0.8281162012653616,0.3349332825267306,28.21806311100103,19.29598720293102,1024.276242993029,62.36861627768566,0.963844142440098,0.0,0.0147544890635567,0.0,0.0,0.0,0.0,0.0214013684963454,0.7566390674723024,0.0,0.2301689061254867,0.0,0.0,0.0,0.0,0.0131920264022107,8.736605139047002,1.163296007568558,1.0,0.0,2.1057681489546165,0.0,0.0,0.0,0.0,1.0,9.599114364051816,1040.9186176418627,49.27650279185157,302.7106577576344,18.99215487266697
5,250.0,27.22664356565992,0.96,0.0,0.018750934145635,0.0,0.0,0.0,0.0,0.021249065854365,301.89,78.33,0.8281162012653616,0.3475889641983903,28.21806311100103,19.29598720293102,1022.8877091878612,64.2496002204876,0.9619269109064508,0.0,0.0167516259700524,0.0,0.0,0.0,0.0,0.0213214631234968,0.7354264678253181,0.0,0.2517620699450206,0.0,0.0,0.0,0.0,0.0128114622296612,8.620177384439142,1.1723524408338948,1.0,0.0,2.087965402313388,0.0,0.0,0.0,0.0,1.0,9.599114364051816,1040.9186176418627,49.27650279185157,302.7106577576344,18.99215487266697
5,250.0,28.21796311100103,0.96,0.0,0.018750934145635,0.0,0.0,0.0,0.0,0.021249065854365,301.89,78.33,0.8281162012653616,0.3602446458700502,28.21806311100103,19.29598720293102,1021.4931119077584,66.14136366070721,0.9600001943133916,0.0,0.0187507328426846,0.0,0.0,0.0,0.0,0.0212490728439237,0.7157099978508411,0.0,0.2718281809548789,0.0,0.0,0.0,0.0,0.01246182119428,8.504715494706575,1.181460467642529,1.0,0.0,2.070420762443034,0.0,0.0,0.0,0.0,1.0,9.599114364051816,1040.9186176418627,49.27650279185157,302.7106577576344,18.99215487266697
5,255.0,22.50090333543577,0.96,0.0,0.018750934145635,0.0,0.0,0.0,0.0,0.021249065854365,301.89,78.33,0.8446785252906688,0.2872577982310196,31.170125357926786,22.50080333543577,1009.2851693667144,58.07487178969217,0.9711712929944488,0.0,0.0010788542419955,0.0,0.0,0.0,0.0,0.0277498527635554,0.959998026419384,0.0,0.0187540561901791,0.0,0.0,0.0,0.0,0.0212479173904369,8.419586387423394,1.1739998170427413,1.0,0.0,2.073507169154408,0.0,0.0,0.0,0.0,1.0,8.432227805466914,1017.7913832278248,57.90987351738985,302.7106577576344,22.13772066860631
5,255.0,23.46413911571255,0.96,0.0,0.018750934145635,0.0,0.0,0.0,0.0,0.021249065854365,301.89,78.33,0.8446785252906688,0.2995549484962664,31.170125357926786,22.50080333543577,1009.1425254915368,59.96106522206206,0.9737903980435524,0.0,0.0029853097314453,0.0,0.0,0.0,0.0,0.0232242922250023,0.932914581889659,0.0,0.0497158510160786,0.0,0.0,0.0,0.0,0.0173695670942623,8.30338118768807,1.183284346165021,1.0,0.0,2.0575150262317323,0.0,0.0,0.0,0.0,1.0,8.432227805466914,1017.7913832278248,57.90987351738985,302.7106577576344,22.13772066860631
5,255.0,24.427374895989328,0.96,0.0,0.018750934145635,0.0,0.0,0.0,0.0,0.021249065854365,301.89,78.33,0.8446785252906688,0.3118520987615132,31.170125357926786,22.50080333543577,1007.9562678612248,61.78950208143027,0.9726736883936048,0.0,0.0049409548649404,0.0,0.0,0.0,0.0,0.0223853567414547,0.904663768949772,0.0,0.0790484718901316,0.0,0.0,0.0,0.0,0.0162877591600964,8.192656130950754,1.192383064566613,1.0,0.0,2.0412156440111,0.0,0.0,0.0,0.0,1.0,8.432227805466914,1017.7913832278248,57.90987351738985,302.7106577576344,22.13772066860631
5,255.0,25.390610676266107,0.96,0.0,0.018750934145635,0.0,0.0,0.0,0.0,0.021249065854365,301.89,78.33,0.8446785252906688,0.3241492490267599,31.170125357926786,22.50080333543577,1006.6333108781436,63.61967952396188,0.97108109614971,0.0,0.0069045892659936,0.0,0.0,0.0,0.0,0.0220143145842964,0.8781207243005732,0.0,0.106284705653974,0.0,0.0,0.0,0.0,0.0155945700454525,8.083360799691057,1.201508355404546,1.0,0.0,2.025080013352106,0.0,0.0,0.0,0.0,1.0,8.432227805466914,1017.7913832278248,57.90987351738985,302.7106577576344,22.13772066860631
5,255.0,26.35384645654289,0.96,0.0,0.018750934145635,0.0,0.0,0.0,0.0,0.021249065854365,301.89,78.33,0.8446785252906688,0.3364463992920067,31.170125357926786,22.50080333543577,1005.2638912012084,65.45761143011494,0.9693356366395126,0.0,0.0088722150944496,0.0,0.0,0.0,0.0,0.0217921482660376,0.8533712619962276,0.0,0.1315825905388837,0.0,0.0,0.0,0.0,0.0150461474648886,7.975101997999622,1.2106843766184354,1.0,0.0,2.0091495514941187,0.0,0.0,0.0,0.0,1.0,8.432227805466914,1017.7913832278248,57.90987351738985,302.7106577576344,22.13772066860631
5,255.0,27.317082236819665,0.96,0.0,0.018750934145635,0.0,0.0,0.0,0.0,0.021249065854365,301.89,78.33,0.8446785252906688,0.3487435495572535,31.170125357926786,22.50080333543577,1003.8714312224508,67.30495725819954,0.9675211800860052,0.0,0.0108428302039681,0.0,0.0,0.0,0.0,0.0216359897100267,0.8303008261797751,0.0,0.1551224258517252,0.0,0.0,0.0,0.0,0.0145767479684995,7.867773225513533,1.2199341395848675,1.0,0.0,1.993430344816949,0.0,0.0,0.0,0.0,1.0,8.432227805466914,1017.7913832278248,57.90987351738985,302.7106577576344,22.13772066860631
5,255.0,28.280318017096448,0.96,0.0,0.018750934145635,0.0,0.0,0.0,0.0,0.021249065854365,301.89,78.33,0.8446785252906688,0.3610406998225003,31.170125357926786,22.50080333543577,1002.4646712111116,69.16242263960146,0.9656691064413986,0.0,0.0128160872572113,0.0,0.0,0.0,0.0,0.02151480630139,0.8087696846975257,0.0,0.1770701993571707,0.0,0.0,0.0,0.0,0.0141601159453034,7.761330581398043,1.2292623631225663,1.0,0.0,1.9779214210782328,0.0,0.0,0.0,0.0,1.0,8.432227805466914,1017.7913832278248,57.90987351738985,302.7106577576344,22.13772066860631
5,255.0,29.243553797373227,0.96,0.0,0.018750934145635,0.0,0.0,0.0,0.0,0.021249065854365,301.89,78.33,0.8446785252906688,0.373337850087747,31.170125357926786,22.50080333543577,1001.047591607783,71.03040602228737,0.9637937880739034,0.0,0.014791850179871,0.0,0.0,0.0,0.0,0.0214143617462255,0.7886431785766844,0.0,0.197573796916488,0.0,0.0,0.0,0.0,0.0137830245068274,7.655750297686764,1.2386566788731734,1.0,0.0,1.9626193984660625,0.0,0.0,0.0,0.0,1.0,8.432227805466914,1017.7913832278248,57.90987351738985,302.7106577576344,22.13772066860631
5,255.0,30.206789577650007,0.96,0.0,0.018750934145635,0.0,0.0,0.0,0.0,0.021249065854365,301.89,78.33,0.8446785252906688,0.3856350003529938,31.170125357926786,22.50080333543577,999.622248474256,72.90918344685649,0.961902723444069,0.0,0.0167700678100491,0.0,0.0,0.0,0.0,0.0213272087458817,0.7697982257738738,0.0,0.216764099278823,0.0,0.0,0.0,0.0,0.0134376749473032,7.551016938715255,1.248120709475004,1.0,0.0,1.9475214250925823,0.0,0.0,0.0,0.0,1.0,8.432227805466914,1017.7913832278248,57.90987351738985,302.7106577576344,22.13772066860631
5,255.0,31.170025357926782,0.96,0.0,0.018750934145635,0.0,0.0,0.0,0.0,0.021249065854365,301.89,78.33,0.8446785252906688,0.3979321506182406,31.170125357926786,22.50080333543577,998.1897976948004,74.79897492812754,0.9600001975318464,0.0,0.0187507288882062,0.0,0.0,0.0,0.0,0.0212490735799473,0.7521241490934508,0.0,0.2347569272724606,0.0,0.0,0.0,0.0,0.0131189236340884,7.447119791634752,1.2576678579754392,1.0,0.0,1.9326212286359168,0.0,0.0,0.0,0.0,1.0,8.432227805466914,1017.7913832278248,57.90987351738985,302.7106577576344,22.13772066860631
5,260.0,26.08933769155037,0.96,0.0,0.018750934145635,0.0,0.0,0.0,0.0,0.021249065854365,301.89,78.33,0.8612408493159761,0.3330695479580029,34.49433688950181,26.08923769155037,984.7676702108486,68.13511902826917,0.9710641858331144,0.0,0.0013113089687708,0.0,0.0,0.0,0.0,0.0276245051981147,0.9599983419855728,0.0,0.0187535475462576,0.0,0.0,0.0,0.0,0.0212481104681693,7.283428363320968,1.25890576300433,1.0,0.0,1.9128238576470735,0.0,0.0,0.0,0.0,1.0,7.296085655146154,993.0143761526203,67.92140682303575,302.7106577576344,25.654931900849267
5,260.0,27.02321538021164,0.96,0.0,0.018750934145635,0.0,0.0,0.0,0.0,0.021249065854365,301.89,78.33,0.8612408493159761,0.3449918981260262,34.49433688950181,26.08923769155037,984.4324020657532,70.03769723689106,0.9733729273024078,0.0,0.0031847778768445,0.0,0.0,0.0,0.0,0.0234422948207476,0.9383932561322804,0.0,0.043901295311817,0.0,0.0,0.0,0.0,0.0177054485559025,7.17895403152048,1.2687479089185167,1.0,0.0,1.8992506769341209,0.0,0.0,0.0,0.0,1.0,7.296085655146154,993.0143761526203,67.92140682303575,302.7106577576344,25.654931900849267
5,260.0,27.95709306887291,0.96,0.0,0.018750934145635,0.0,0.0,0.0,0.0,0.021249065854365,301.89,78.33,0.8612408493159761,0.3569142482940496,34.49433688950181,26.08923769155037,983.2166547239714,71.87720955436532,0.9723663148111866,0.0,0.0051114280506855,0.0,0.0,0.0,0.0,0.0225222571381278,0.915275031388686,0.0,0.0680806246221064,0.0,0.0,0.0,0.0,0.0166443439892075,7.079791091447889,1.2783623415295655,1.0,0.0,1.8877047722646176,0.0,0.0,0.0,0.0,1.0,7.296085655146154,993.0143761526203,67.92140682303575,302.7106577576344,25.654931900849267
5,260.0,28.89097075753418,0.96,0.0,0.018750934145635,0.0,0.0,0.0,0.0,0.021249065854365,301.89,78.33,0.8612408493159761,0.368836598462073,34.49433688950181,26.08923769155037,981.860807082526,73.71618026738756,0.970848334392154,0.0,0.007048310553414,0.0,0.0,0.0,0.0,0.0221033550544317,0.8931946027226344,0.0,0.0908171509494983,0.0,0.0,0.0,0.0,0.0159882463278673,6.982050779744918,1.2880196564244444,1.0,0.0,1.876573865584665,0.0,0.0,0.0,0.0,1.0,7.296085655146154,993.0143761526203,67.92140682303575,302.7106577576344,25.654931900849267
5,260.0,29.824848446195453,0.96,0.0,0.018750934145635,0.0,0.0,0.0,0.0,0.021249065854365,301.89,78.33,0.8612408493159761,0.3807589486300964,34.49433688950181,26.08923769155037,980.4547890733362,75.56230090940784,0.969158100251718,0.0,0.0089903256486384,0.0,0.0,0.0,0.0,0.0218515740996436,0.872344169237281,0.0,0.1121736116702004,0.0,0.0,0.0,0.0,0.0154822190925185,6.885272454511968,1.297753988594306,1.0,0.0,1.8656650372577697,0.0,0.0,0.0,0.0,1.0,7.296085655146154,993.0143761526203,67.92140682303575,302.7106577576344,25.654931900849267
5,260.0,30.75872613485672,0.96,0.0,0.018750934145635,0.0,0.0,0.0,0.0,0.021249065854365,301.89,78.33,0.8612408493159761,0.3926812987981198,34.49433688950181,26.08923769155037,979.023182833746,77.41778367226729,0.9673883379801104,0.0,0.010936119298145,0.0,0.0,0.0,0.0,0.0216755427217446,0.8526933190070319,0.0,0.1322516762768444,0.0,0.0,0.0,0.0,0.0150550047161236,6.789327390139403,1.3075706877496205,1.0000000005949887,0.0,1.854924313878396,0.0,0.0,0.0,0.0,1.0000000001898872,7.296085655146154,993.0143761526203,67.92140682303575,302.7106577576344,25.654931900849267
5,260.0,31.69260382351799,0.96,0.0,0.018750934145635,0.0,0.0,0.0,0.0,0.021249065854365,301.89,78.33,0.8612408493159761,0.4046036489661431,34.49433688950181,26.08923769155037,977.575390848491,79.2835720932337,0.9655746235290578,0.0,0.0128852034328119,0.0,0.0,0.0,0.0,0.0215401730381302,0.8341698273919537,0.0,0.1511519661112133,0.0,0.0,0.0,0.0,0.014678206496833,6.694161144245127,1.3174707276691957,1.0,0.0,1.843248849585208,0.0,0.0,0.0,0.0,1.0,7.296085655146154,993.0143761526203,67.92140682303575,302.7106577576344,25.654931900849267
5,260.0,32.62648151217927,0.96,0.0,0.018750934145635,0.0,0.0,0.0,0.0,0.021249065854365,301.89,78.33,0.8612408493159761,0.4165259991341666,34.49433688950181,26.08923769155037,976.11575667111,81.16019011972979,0.9637335001620452,0.0,0.0148373773144623,0.0,0.0,0.0,0.0,0.0214291225234923,0.8166947186373518,0.0,0.1689674437152181,0.0,0.0,0.0,0.0,0.0143378376474301,6.599751149733452,1.327458249782962,1.0,0.0,1.8302956714127288,0.0,0.0,0.0,0.0,1.0,7.296085655146154,993.0143761526203,67.92140682303575,302.7106577576344,25.654931900849267
5,260.0,33.56035920084054,0.96,0.0,0.018750934145635,0.0,0.0,0.0,0.0,0.021249065854365,301.89,78.33,0.8612408493159761,0.4284483493021899,34.49433688950181,26.08923769155037,974.6465410851272,83.04798780295155,0.96187368575629,0.0,0.0167925601796747,0.0,0.0,0.0,0.0,0.0213337540640351,0.8001915226886569,0.0,0.1857825510833446,0.0,0.0,0.0,0.0,0.0140259262279985,6.5060802574279135,1.3375364895649284,1.0,0.0,1.817496406822765,0.0,0.0,0.0,0.0,1.0,7.296085655146154,993.0143761526203,67.92140682303575,302.7106577576344,25.654931900849267
5,260.0,34.494236889501806,0.96,0.0,0.018750934145635,0.0,0.0,0.0,0.0,0.021249065854365,301.89,78.33,0.8612408493159761,0.4403706994702133,34.49433688950181,26.08923769155037,973.1690226217852,84.94724041811453,0.9600002006960272,0.0,0.0187507248551695,0.0,0.0,0.0,0.0,0.0212490744488031,0.7845890531737993,0.0,0.2016735321057961,0.0,0.0,0.0,0.0,0.0137374147204045,6.413136696501475,1.3477161798813584,1.0,0.0,1.8048485135372017,0.0,0.0,0.0,0.0,1.0,7.296085655146154,993.0143761526203,67.92140682303575,302.7106577576344,25.654931900849267
5,265.0,30.092429897756457,0.96,0.0,0.018750934145635,0.0,0.0,0.0,0.0,0.021249065854365,301.89,78.33,0.8778031733412833,0.3841750274193343,38.2104794013749,30.092329897756457,958.2448520388816,79.87718585387806,0.9709638931785292,0.0,0.0015928915833447,0.0,0.0,0.0,0.0,0.027443215238126,0.9599985988792518,0.0,0.0187531268420652,0.0,0.0,0.0,0.0,0.021248274278683,6.180318549876521,1.3598394509391605,1.0,0.0,1.7614747445771817,0.0,0.0,0.0,0.0,1.0,6.194157229336726,966.2255774553212,79.59167899763797,302.7106577576344,29.571779036695137
5,265.0,30.994424287047394,0.96,0.0,0.018750934145635,0.0,0.0,0.0,0.0,0.021249065854365,301.89,78.33,0.8778031733412833,0.3956903394235592,38.2104794013749,30.092329897756457,957.7004618030518,81.80611450839449,0.9729195952775526,0.0,0.0034287164810624,0.0,0.0,0.0,0.0,0.0236516882413848,0.942837159294197,0.0,0.0391055021787068,0.0,0.0,0.0,0.0,0.0180573385270962,6.087260942586762,1.3704936283137927,1.0,0.0,1.7499332574701183,0.0,0.0,0.0,0.0,1.0,6.194157229336726,966.2255774553212,79.59167899763797,302.7106577576344,29.571779036695137
5,265.0,31.89641867633833,0.96,0.0,0.018750934145635,0.0,0.0,0.0,0.0,0.021249065854365,301.89,78.33,0.8778031733412833,0.4072056514277841,38.2104794013749,30.092329897756457,956.4396821402536,83.66828243481135,0.9720140355881768,0.0,0.0053202194733997,0.0,0.0,0.0,0.0,0.0226657449384235,0.9240770714685927,0.0,0.058909846590612,0.0,0.0,0.0,0.0,0.017013081940795,5.9991142451034,1.3808933119894968,1.0,0.0,1.740203810893695,0.0,0.0,0.0,0.0,1.0,6.194157229336726,966.2255774553212,79.59167899763797,302.7106577576344,29.571779036695137
5,265.0,32.79841306562927,0.96,0.0,0.018750934145635,0.0,0.0,0.0,0.0,0.021249065854365,301.89,78.33,0.8778031733412833,0.418720963432009,38.2104794013749,30.092329897756457,955.0406105558524,85.52741671827724,0.9705757100213572,0.0,0.0072244329277851,0.0,0.0,0.0,0.0,0.0221998570508577,0.9058798376027608,0.0,0.0777366775635467,0.0,0.0,0.0,0.0,0.0163834848336925,5.9123761420674175,1.391332514717628,1.0,0.0,1.7308827214401334,0.0,0.0,0.0,0.0,1.0,6.194157229336726,966.2255774553212,79.59167899763797,302.7106577576344,29.571779036695137
5,265.0,33.70040745492021,0.96,0.0,0.018750934145635,0.0,0.0,0.0,0.0,0.021249065854365,301.89,78.33,0.8778031733412833,0.430236275436234,38.2104794013749,30.092329897756457,953.5888170328916,87.39305245751673,0.9689477456317208,0.0,0.009135129713709,0.0,0.0,0.0,0.0,0.0219171246545702,0.8884970817663805,0.0,0.0955924209676349,0.0,0.0,0.0,0.0,0.0159104972659846,5.826540400659048,1.4018669052301451,1.0,0.0,1.721765131729287,0.0,0.0,0.0,0.0,1.0,6.194157229336726,966.2255774553212,79.59167899763797,302.7106577576344,29.571779036695137
5,265.0,34.602401844211144,0.96,0.0,0.018750934145635,0.0,0.0,0.0,0.0,0.021249065854365,301.89,78.33,0.8778031733412833,0.4417515874404589,38.2104794013749,30.092329897756457,952.1091452295142,89.26808270387065,0.9672298069625348,0.0,0.011050547530144,0.0,0.0,0.0,0.0,0.0217196455073212,0.8719524848727044,0.0,0.1125293587324745,0.0,0.0,0.0,0.0,0.0155181563948212,5.741460607775447,1.412502668370714,1.0,0.0,1.7127881137162444,0.0,0.0,0.0,0.0,1.0,6.194157229336726,966.2255774553212,79.59167899763797,302.7106577576344,29.571779036695137
5,265.0,35.504396233502085,0.96,0.0,0.018750934145635,0.0,0.0,0.0,0.0,0.021249065854365,301.89,78.33,0.8778031733412833,0.4532668994446838,38.2104794013749,30.092329897756457,950.6113842913244,91.15376068803356,0.9654613119150044,0.0,0.0129700252649121,0.0,0.0,0.0,0.0,0.0215686628200834,0.8562183456752118,0.0,0.128605909741144,0.0,0.0,0.0,0.0,0.0151757445836441,5.657069663588394,1.4232493091300755,1.0,0.0,1.7039353281773673,0.0,0.0,0.0,0.0,1.0,6.194157229336726,966.2255774553212,79.59167899763797,302.7106577576344,29.571779036695137
5,265.0,36.40639062279303,0.96,0.0,0.018750934145635,0.0,0.0,0.0,0.0,0.021249065854365,301.89,78.33,0.8778031733412833,0.4647822114489088,38.2104794013749,30.092329897756457,949.100132246704,93.0507746441313,0.9636609319881076,0.0,0.014893282194427,0.0,0.0,0.0,0.0,0.0214457858174653,0.8412530259082404,0.0,0.1438787698424425,0.0,0.0,0.0,0.0,0.014868204249317,5.573345570597244,1.4341047622405585,1.0,0.0,1.695186100083512,0.0,0.0,0.0,0.0,1.0,6.194157229336726,966.2255774553212,79.59167899763797,302.7106577576344,29.571779036695137
5,265.0,37.30838501208396,0.96,0.0,0.018750934145635,0.0,0.0,0.0,0.0,0.021249065854365,301.89,78.33,0.8778031733412833,0.4762975234531337,38.2104794013749,30.092329897756457,947.5778078347352,94.95958044877236,0.9618386326911345,0.0,0.0168201961714228,0.0,0.0,0.0,0.0,0.0213411711374426,0.8270119595975515,0.0,0.1584009365409692,0.0,0.0,0.0,0.0,0.0145871038614793,5.490266814648438,1.4450766566998647,1.0,0.0,1.686535925847116,0.0,0.0,0.0,0.0,1.0,6.194157229336726,966.2255774553212,79.59167899763797,302.7106577576344,29.571779036695137
5,265.0,38.2103794013749,0.96,0.0,0.018750934145635,0.0,0.0,0.0,0.0,0.021249065854365,301.89,78.33,0.8778031733412833,0.4878128354573586,38.2104794013749,30.092329897756457,946.0457842656892,96.88052647634838,0.9600002039633654,0.0,0.0187507205485958,0.0,0.0,0.0,0.0,0.0212490754880387,0.8134514401460152,0.0,0.1722213302214946,0.0,0.0,0.0,0.0,0.0143272296324901,5.4078281938693005,1.4561826650328311,1.0,0.0,1.6779811192242984,0.0,0.0,0.0,0.0,1.0,6.194157229336726,966.2255774553212,79.59167899763797,302.7106577576344,29.571779036695137
5,270.0,34.544075421493645,0.96,0.0,0.018750934145635,0.0,0.0,0.0,0.0,0.021249065854365,301.89,78.33,0.8943654973665905,0.4410069631238816,42.33845856004,34.54397542149364,929.213817838609,93.69696567553748,0.9708588978399896,0.0,0.0019383581292999,0.0,0.0,0.0,0.0,0.0272027440307103,0.9599988107287494,0.0,0.0187527754663288,0.0,0.0,0.0,0.0,0.0212484138049217,5.114628573571237,1.4828729688834366,1.0,0.0,1.6269195336400963,0.0,0.0,0.0,0.0,1.0,5.130843724671824,936.9320241360858,93.30322734807504,302.7106577576344,33.91794976874195
5,270.0,35.410106881332126,0.96,0.0,0.018750934145635,0.0,0.0,0.0,0.0,0.021249065854365,301.89,78.33,0.8943654973665905,0.4520631543640001,42.33845856004,34.54397542149364,928.4454276517312,95.66279565488908,0.972428075394318,0.0,0.0037306241196726,0.0,0.0,0.0,0.0,0.0238413004860094,0.9464608685993814,0.0,0.0351140430476383,0.0,0.0,0.0,0.0,0.0184250883529802,5.032831356941844,1.494684712956725,1.0,0.0,1.6171947122386603,0.0,0.0,0.0,0.0,1.0,5.130843724671824,936.9320241360858,93.30322734807504,302.7106577576344,33.91794976874195
5,270.0,36.27613834117061,0.96,0.0,0.018750934145635,0.0,0.0,0.0,0.0,0.021249065854365,301.89,78.33,0.8943654973665905,0.4631193456041186,42.33845856004,34.54397542149364,927.1197757478354,97.56035663730884,0.971609195336251,0.0,0.0055791955085179,0.0,0.0,0.0,0.0,0.022811609155231,0.93141380726853,0.0,0.0511846944867519,0.0,0.0,0.0,0.0,0.0174014982447181,4.955355788265259,1.5062199766353757,1.0,0.0,1.6089890338243116,0.0,0.0,0.0,0.0,1.0,5.130843724671824,936.9320241360858,93.30322734807504,302.7106577576344,33.91794976874195
5,270.0,37.142169801009096,0.96,0.0,0.018750934145635,0.0,0.0,0.0,0.0,0.021249065854365,301.89,78.33,0.8943654973665905,0.4741755368442372,42.33845856004,34.54397542149364,925.6634975847472,99.45234084372356,0.9702545627286056,0.0,0.0074430613200189,0.0,0.0,0.0,0.0,0.0223023759513755,0.916600980344459,0.0,0.066607737795809,0.0,0.0,0.0,0.0,0.0167912818597318,4.879250572690238,1.5178117827304938,1.0,0.0,1.601169739301444,0.0,0.0,0.0,0.0,1.0,5.130843724671824,936.9320241360858,93.30322734807504,302.7106577576344,33.91794976874195
5,270.0,38.00820126084758,0.96,0.0,0.018750934145635,0.0,0.0,0.0,0.0,0.021249065854365,301.89,78.33,0.8943654973665905,0.4852317280843556,42.33845856004,34.54397542149364,924.1535099631324,101.35016346298984,0.9686966176644306,0.0,0.0093149750791039,0.0,0.0,0.0,0.0,0.0219884072564653,0.9022977324722452,0.0,0.0813587496719903,0.0,0.0,0.0,0.0,0.0163435178557645,4.803995554365955,1.5295064229665172,1.0,0.0,1.5935370672511606,0.0,0.0,0.0,0.0,1.0,5.130843724671824,936.9320241360858,93.30322734807504,302.7106577576344,33.91794976874195
5,270.0,38.87423272068606,0.96,0.0,0.018750934145635,0.0,0.0,0.0,0.0,0.021249065854365,301.89,78.33,0.8943654973665905,0.4962879193244741,42.33845856004,34.54397542149364,922.6137649481168,103.25752484381418,0.9670389665586108,0.0,0.0111927326436041,0.0,0.0,0.0,0.0,0.0217683007977849,0.8885611990637622,0.0,0.0954594748161437,0.0,0.0,0.0,0.0,0.0159793261200939,4.729432138111308,1.5413545407692026,1.0000000003819427,0.0,1.5860471484873513,0.0,0.0,0.0,0.0,1.0000000005199188,5.130843724671824,936.9320241360858,93.30322734807504,302.7106577576344,33.91794976874195
5,270.0,39.74026418052454,0.96,0.0,0.018750934145635,0.0,0.0,0.0,0.0,0.021249065854365,301.89,78.33,0.8943654973665905,0.5073441105645926,42.33845856004,34.54397542149364,921.0540433488144,105.1760710676651,0.9653241276070142,0.0,0.0130754716589837,0.0,0.0,0.0,0.0,0.021600400734002,0.8753927508466427,0.0,0.1089413473198085,0.0,0.0,0.0,0.0,0.0156659018335486,4.655479058313342,1.553282799248514,1.0,0.0,1.5786173414562767,0.0,0.0,0.0,0.0,1.0,5.130843724671824,936.9320241360858,93.30322734807504,302.7106577576344,33.91794976874195
5,270.0,40.60629564036303,0.96,0.0,0.018750934145635,0.0,0.0,0.0,0.0,0.021249065854365,301.89,78.33,0.8943654973665905,0.5184003018047112,42.33845856004,34.54397542149364,919.4790331296826,107.10671018141232,0.963572707880154,0.0,0.0149628132295979,0.0,0.0,0.0,0.0,0.0214644788902479,0.8627756604829891,0.0,0.1218373230771574,0.0,0.0,0.0,0.0,0.0153870164398534,4.582118210778258,1.565400661011541,1.0,0.0,1.5712908076713117,0.0,0.0,0.0,0.0,1.0,5.130843724671824,936.9320241360858,93.30322734807504,302.7106577576344,33.91794976874195
5,270.0,41.47232710020151,0.96,0.0,0.018750934145635,0.0,0.0,0.0,0.0,0.021249065854365,301.89,78.33,0.8943654973665905,0.5294564930448297,42.33845856004,34.54397542149364,917.8912292241064,109.0500406850651,0.9617958802423732,0.0,0.0168545844341861,0.0,0.0,0.0,0.0,0.0213495353234405,0.8506869707784799,0.0,0.1341794168087549,0.0,0.0,0.0,0.0,0.015133612412765,4.509325049578627,1.5776647684428229,1.0,0.0,1.5640411259128142,0.0,0.0,0.0,0.0,1.0,5.130843724671824,936.9320241360858,93.30322734807504,302.7106577576344,33.91794976874195
5,270.0,42.33835856003999,0.96,0.0,0.018750934145635,0.0,0.0,0.0,0.0,0.021249065854365,301.89,78.33,0.8943654973665905,0.5405126842849483,42.33845856004,34.54397542149364,916.292051043006,111.00650907756297,0.9600002075432758,0.0,0.0187507157033191,0.0,0.0,0.0,0.0,0.0212490767534052,0.8391018652191319,0.0,0.1459979791892084,0.0,0.0,0.0,0.0,0.0149001555916595,4.437088257180065,1.590082349520798,1.0,0.0,1.556863496472159,0.0,0.0,0.0,0.0,1.0,5.130843724671824,936.9320241360858,93.30322734807504,302.7106577576344,33.91794976874195
5,275.0,39.48212553393097,0.96,0.0,0.018750934145635,0.0,0.0,0.0,0.0,0.021249065854365,301.89,78.33,0.9109278213918978,0.5040485833516019,46.89761915688924,39.482025533930965,896.9558921799037,110.1633448566958,0.9707328480175214,0.0,0.0023702912403285,0.0,0.0,0.0,0.0,0.0268968607421501,0.9599989878761832,0.0,0.0187524788650598,0.0,0.0,0.0,0.0,0.0212485332587568,4.092050502682924,1.6377997744765282,1.0,0.0,1.5062472764892012,0.0,0.0,0.0,0.0,1.0,4.11187312512685,904.4335281070778,109.60126774294156,302.7106577576344,38.72523437118672
5,275.0,40.30605815870411,0.96,0.0,0.018750934145635,0.0,0.0,0.0,0.0,0.021249065854365,301.89,78.33,0.9109278213918978,0.5145673197842986,46.89761915688924,39.482025533930965,895.9491335592717,112.17787652774118,0.9718920696045288,0.0,0.0041109829878256,0.0,0.0,0.0,0.0,0.0239969474076455,0.9494350508150814,0.0,0.0317571092854983,0.0,0.0,0.0,0.0,0.0188078398994202,4.021506846000479,1.6512901472602572,1.0,0.0,1.4981550323201618,0.0,0.0,0.0,0.0,1.0,4.11187312512685,904.4335281070778,109.60126774294156,302.7106577576344,38.72523437118672
5,275.0,41.12999078347725,0.96,0.0,0.018750934145635,0.0,0.0,0.0,0.0,0.021249065854365,301.89,78.33,0.9109278213918978,0.5250860562169954,46.89761915688924,39.482025533930965,894.5334602028419,114.1254864449753,0.9711402596570438,0.0,0.0059064261725822,0.0,0.0,0.0,0.0,0.022953314170374,0.937564022017806,0.0,0.0446191909858891,0.0,0.0,0.0,0.0,0.0178167869963048,3.954559399698993,1.6644967265483424,1.0,0.0,1.4912461919305278,0.0,0.0,0.0,0.0,1.0,4.11187312512685,904.4335281070778,109.60126774294156,302.7106577576344,38.72523437118672
5,275.0,41.95392340825039,0.96,0.0,0.018750934145635,0.0,0.0,0.0,0.0,0.021249065854365,301.89,78.33,0.9109278213918978,0.5356047926496922,46.89761915688924,39.482025533930965,893.0008591369092,116.06524049161511,0.9698721329003624,0.0,0.0077196413110653,0.0,0.0,0.0,0.0,0.0224082257885722,0.925711732940849,0.0,0.0570652395279639,0.0,0.0,0.0,0.0,0.017223027531187,3.8889039184545857,1.677756563470202,1.0,0.0,1.4846870720203516,0.0,0.0,0.0,0.0,1.0,4.11187312512685,904.4335281070778,109.60126774294156,302.7106577576344,38.72523437118672
5,275.0,42.77785603302353,0.96,0.0,0.018750934145635,0.0,0.0,0.0,0.0,0.021249065854365,301.89,78.33,0.9109278213918978,0.546123529082389,46.89761915688924,39.482025533930965,891.415512525153,118.01025628664556,0.9683929323697896,0.0,0.0095426569948876,0.0,0.0,0.0,0.0,0.0220644106353228,0.9141480779621496,0.0,0.0690572141698573,0.0,0.0,0.0,0.0,0.0167947078679933,3.8240433995859138,1.6911636572580675,1.0,0.0,1.4782978841774317,0.0,0.0,0.0,0.0,1.0,4.11187312512685,904.4335281070778,109.60126774294156,302.7106577576344,38.72523437118672
5,275.0,43.60178865779668,0.96,0.0,0.018750934145635,0.0,0.0,0.0,0.0,0.021249065854365,301.89,78.33,0.9109278213918978,0.5566422655150859,46.89761915688924,39.482025533930965,889.7991006237643,119.9651434644474,0.9668059396712122,0.0,0.0113728393043092,0.0,0.0,0.0,0.0,0.0218212210244786,0.902948375292189,0.0,0.0805987197976915,0.0,0.0,0.0,0.0,0.0164529049101194,3.759811766970477,1.704732677778344,1.0,0.0,1.4720147013456677,0.0,0.0,0.0,0.0,1.0,4.11187312512685,904.4335281070778,109.60126774294156,302.7106577576344,38.72523437118672
5,275.0,44.42572128256982,0.96,0.0,0.018750934145635,0.0,0.0,0.0,0.0,0.021249065854365,301.89,78.33,0.9109278213918978,0.5671610019477827,46.89761915688924,39.482025533930965,888.1608608488975,121.93202886224604,0.9651554993276984,0.0,0.0132091107747623,0.0,0.0,0.0,0.0,0.0216353898975392,0.8921322946776973,0.0,0.0917042625384723,0.0,0.0,0.0,0.0,0.0161634427838304,3.6961365611374046,1.718486239444467,1.0,0.0,1.4658134343024525,0.0,0.0,0.0,0.0,1.0,4.11187312512685,904.4335281070778,109.60126774294156,302.7106577576344,38.72523437118672
5,275.0,45.24965390734296,0.96,0.0,0.018750934145635,0.0,0.0,0.0,0.0,0.021249065854365,301.89,78.33,0.9109278213918978,0.5776797383804795,46.89761915688924,39.482025533930965,886.5053325239217,123.91211304976952,0.963463733132404,0.0,0.0150509782335464,0.0,0.0,0.0,0.0,0.0214852886340496,0.8816995010936558,0.0,0.1023914407244283,0.0,0.0,0.0,0.0,0.0159090581819159,3.632981353567648,1.7324368853805154,1.0,0.0,1.4596796148847089,0.0,0.0,0.0,0.0,1.0,4.11187312512685,904.4335281070778,109.60126774294156,302.7106577576344,38.72523437118672
5,275.0,46.073586532116096,0.96,0.0,0.018750934145635,0.0,0.0,0.0,0.0,0.021249065854365,301.89,78.33,0.9109278213918978,0.5881984748131762,46.89761915688924,39.482025533930965,884.8349584717841,125.9061858697877,0.961742874040734,0.0,0.0168982107081354,0.0,0.0,0.0,0.0,0.0213589152511305,0.8716415081752314,0.0,0.1126784612530533,0.0,0.0,0.0,0.0,0.0156800305717151,3.5703258367788973,1.7465872342228237,1.0,0.0,1.4536086547849103,0.0,0.0,0.0,0.0,1.0,4.11187312512685,904.4335281070778,109.60126774294156,302.7106577576344,38.72523437118672
5,275.0,46.89751915688924,0.96,0.0,0.018750934145635,0.0,0.0,0.0,0.0,0.021249065854365,301.89,78.33,0.9109278213918978,0.5987172112458731,46.89761915688924,39.482025533930965,883.1511299527925,127.9148349892665,0.9600002117299504,0.0,0.0187507099376947,0.0,0.0,0.0,0.0,0.0212490783323548,0.8619463755504408,0.0,0.1225832031983548,0.0,0.0,0.0,0.0,0.0154704212512044,3.5081560821412365,1.760953906533523,1.0,0.0,1.4475920781196685,0.0,0.0,0.0,0.0,1.0,4.11187312512685,904.4335281070778,109.60126774294156,302.7106577576344,38.72523437118672
5,280.0,44.95027583562754,0.96,0.0,0.018750934145635,0.0,0.0,0.0,0.0,0.021249065854365,301.89,78.33,0.927490145417205,0.573857728017714,51.90535831086069,44.95017583562753,860.3828964574257,130.14492578413916,0.970560005877554,0.0,0.0029256176101,0.0,0.0,0.0,0.0,0.0265143765123459,0.95999913838852,0.0,0.0187522253640829,0.0,0.0,0.0,0.0,0.0212486362473969,3.120270218771421,1.841760570003347,1.0,0.0,1.396923106926093,0.0,0.0,0.0,0.0,1.0,3.1449654870637134,867.6798743518019,129.30886906724652,302.7106577576344,44.02808165538378
5,280.0,45.723051666209,0.96,0.0,0.018750934145635,0.0,0.0,0.0,0.0,0.021249065854365,301.89,78.33,0.927490145417205,0.5837233712014426,51.90535831086069,44.95017583562753,859.1220942853846,132.222254942823,0.9712971389306596,0.0,0.0046030571518993,0.0,0.0,0.0,0.0,0.0240998039174411,0.9518977696562738,0.0,0.0288976942219279,0.0,0.0,0.0,0.0,0.0192045361217982,3.0611289929022094,1.8577714531320615,1.0,0.0,1.3902910519117293,0.0,0.0,0.0,0.0,1.0,3.1449654870637134,867.6798743518019,129.30886906724652,302.7106577576344,44.02808165538378
5,280.0,46.49582749679046,0.96,0.0,0.018750934145635,0.0,0.0,0.0,0.0,0.021249065854365,301.89,78.33,0.927490145417205,0.5935890143851712,51.90535831086069,44.95017583562753,857.5842861571001,134.23768356376155,0.9705882951976432,0.0,0.0063312973618587,0.0,0.0,0.0,0.0,0.0230804074404983,0.9427561897817645,0.0,0.0389772175728791,0.0,0.0,0.0,0.0,0.0182665926453563,3.0047837363472354,1.8735060198943043,1.0,0.0,1.3845205673420202,0.0,0.0,0.0,0.0,1.0,3.1449654870637134,867.6798743518019,129.30886906724652,302.7106577576344,44.02808165538378
5,280.0,47.26860332737192,0.96,0.0,0.018750934145635,0.0,0.0,0.0,0.0,0.021249065854365,301.89,78.33,0.927490145417205,0.6034546575688998,51.90535831086069,44.95017583562753,855.948724521879,136.24381238870822,0.969408236352473,0.0,0.0080793682146189,0.0,0.0,0.0,0.0,0.022512395432908,0.9335081307400944,0.0,0.0488001079600904,0.0,0.0,0.0,0.0,0.0176917612998151,2.949598410418241,1.8893279254577016,1.0,0.0,1.3790440725217707,0.0,0.0,0.0,0.0,1.0,3.1449654870637134,867.6798743518019,129.30886906724652,302.7106577576344,44.02808165538378
5,280.0,48.04137915795338,0.96,0.0,0.018750934145635,0.0,0.0,0.0,0.0,0.021249065854365,301.89,78.33,0.927490145417205,0.6133203007526283,51.90535831086069,44.95017583562753,854.2635947293236,138.2549627825187,0.9680180499754866,0.0,0.0098391012139023,0.0,0.0,0.0,0.0,0.022142848810611,0.9243934134846612,0.0,0.0583266353777449,0.0,0.0,0.0,0.0,0.0172799511375937,2.895143352814467,1.905336003419948,1.0,0.0,1.3737170357751245,0.0,0.0,0.0,0.0,1.0,3.1449654870637134,867.6798743518019,129.30886906724652,302.7106577576344,44.02808165538378
5,280.0,48.814154988534845,0.96,0.0,0.018750934145635,0.0,0.0,0.0,0.0,0.021249065854365,301.89,78.33,0.927490145417205,0.6231859439363571,51.90535831086069,44.95017583562753,852.5467802034755,140.2766814681629,0.9665150180052764,0.0,0.0116075281311078,0.0,0.0,0.0,0.0,0.0218774538636158,0.9154930047848594,0.0,0.0675507282599237,0.0,0.0,0.0,0.0,0.016956266955217,2.84125994468495,1.9215691188382007,1.0,0.0,1.3684807821843843,0.0,0.0,0.0,0.0,1.0,3.1449654870637134,867.6798743518019,129.30886906724652,302.7106577576344,44.02808165538378
5,280.0,49.586930819116304,0.96,0.0,0.018750934145635,0.0,0.0,0.0,0.0,0.021249065854365,301.89,78.33,0.927490145417205,0.6330515871200856,51.90535831086069,44.95017583562753,850.8062960488337,142.31166816335954,0.9649433202157884,0.0,0.0133833677754331,0.0,0.0,0.0,0.0,0.0216733120087785,0.9068368414025512,0.0,0.0764766670063113,0.0,0.0,0.0,0.0,0.0166864915911374,2.7878736289990904,1.938067433155292,1.0,0.0,1.363311004584602,0.0,0.0,0.0,0.0,1.0,3.1449654870637134,867.6798743518019,129.30886906724652,302.7106577576344,44.02808165538378
5,280.0,50.35970664969776,0.96,0.0,0.018750934145635,0.0,0.0,0.0,0.0,0.021249065854365,301.89,78.33,0.927490145417205,0.6429172303038142,51.90535831086069,44.95017583562753,849.0461923922759,144.36149778457906,0.9633258214840562,0.0,0.0151660110877128,0.0,0.0,0.0,0.0,0.0215081674282309,0.8984348539067057,0.0,0.085112376830472,0.0,0.0,0.0,0.0,0.016452769262822,2.7349481287281607,1.95482861341976,1.0,0.0,1.3581953072292088,0.0,0.0,0.0,0.0,1.0,3.1449654870637134,867.6798743518019,129.30886906724652,302.7106577576344,44.02808165538378
5,280.0,51.13248248027923,0.96,0.0,0.018750934145635,0.0,0.0,0.0,0.0,0.021249065854365,301.89,78.33,0.927490145417205,0.6527828734875428,51.90535831086069,44.95017583562753,847.2686687206173,146.4272232681206,0.961675494782139,0.0,0.0169551652677114,0.0,0.0,0.0,0.0,0.0213693399501496,0.8902880265015273,0.0,0.0934671276913876,0.0,0.0,0.0,0.0,0.016244845807085,2.682461970440227,1.971875416962855,1.0,0.0,1.3531275067977706,0.0,0.0,0.0,0.0,1.0,3.1449654870637134,867.6798743518019,129.30886906724652,302.7106577576344,44.02808165538378
5,280.0,51.90525831086069,0.96,0.0,0.018750934145635,0.0,0.0,0.0,0.0,0.021249065854365,301.89,78.33,0.927490145417205,0.6626485166712714,51.90535831086069,44.95017583562753,845.4749656897178,148.5096335055999,0.960000216967363,0.0,0.0187507026610004,0.0,0.0,0.0,0.0,0.0212490803716365,0.8823930340662738,0.0,0.1015505769225914,0.0,0.0,0.0,0.0,0.0160563890111346,2.6304028510150337,1.9892244315264904,1.0,0.0,1.3481003250066277,0.0,0.0,0.0,0.0,1.0,3.1449654870637134,867.6798743518019,129.30886906724652,302.7106577576344,44.02808165538378
5,285.0,51.001693485954966,0.96,0.0,0.018750934145635,0.0,0.0,0.0,0.0,0.021249065854365,301.89,78.33,0.9440524694425122,0.6511131556996677,57.373970356108025,51.00159348595496,817.710720941794,155.08402117530628,0.9702946387300398,0.0,0.0036704392405599,0.0,0.0,0.0,0.0,0.0260349220294002,0.959999268902776,0.0,0.0187520051213389,0.0,0.0,0.0,0.0,0.021248725975885,2.210223161858742,2.128108357215237,1.0,0.0,1.296632913534189,0.0,0.0,0.0,0.0,1.0,2.2410524707626744,824.9746819221486,153.77005765610247,302.7106577576344,49.86436423924916
5,285.0,51.7097131381942,0.96,0.0,0.018750934145635,0.0,0.0,0.0,0.0,0.021249065854365,301.89,78.33,0.9440524694425122,0.6601520890871211,57.373970356108025,51.00159348595496,816.1758574425684,157.2423071471703,0.9706112634540988,0.0,0.0052661053352876,0.0,0.0,0.0,0.0,0.0241226312106135,0.9539642833171402,0.0,0.0264211429353981,0.0,0.0,0.0,0.0,0.0196145737474616,2.1628207911545942,2.148135234605393,1.0,0.0,1.2913300749477312,0.0,0.0,0.0,0.0,1.0,2.2410524707626744,824.9746819221486,153.77005765610247,302.7106577576344,49.86436423924916
5,285.0,52.41773279043343,0.96,0.0,0.018750934145635,0.0,0.0,0.0,0.0,0.021249065854365,301.89,78.33,0.9440524694425122,0.6691910224745746,57.373970356108025,51.00159348595496,814.4738773506776,159.3484847735105,0.9699187812145204,0.0,0.0069061439126716,0.0,0.0,0.0,0.0,0.0231750748728079,0.9471828983681138,0.0,0.0340568348345237,0.0,0.0,0.0,0.0,0.0187602667973625,2.117401474728441,2.167945511362715,1.0,0.0,1.2865794529118462,0.0,0.0,0.0,0.0,1.0,2.2410524707626744,824.9746819221486,153.77005765610247,302.7106577576344,49.86436423924916
5,285.0,53.12575244267265,0.96,0.0,0.018750934145635,0.0,0.0,0.0,0.0,0.021249065854365,301.89,78.33,0.9440524694425122,0.678229955862028,57.373970356108025,51.00159348595496,812.6970998504605,161.44578643231264,0.9688277249078284,0.0,0.0085672187361806,0.0,0.0,0.0,0.0,0.0226050563559909,0.940243659328714,0.0,0.0415419650204404,0.0,0.0,0.0,0.0,0.0182143756508458,2.072955313349136,2.18792599431976,1.0,0.0,1.2820593752459215,0.0,0.0,0.0,0.0,1.0,2.2410524707626744,824.9746819221486,153.77005765610247,302.7106577576344,49.86436423924916
5,285.0,53.83377209491188,0.96,0.0,0.018750934145635,0.0,0.0,0.0,0.0,0.021249065854365,301.89,78.33,0.9440524694425122,0.6872688892494814,57.373970356108025,51.00159348595496,810.8760391589707,163.5487918187352,0.967539702729391,0.0,0.010241750659069,0.0,0.0,0.0,0.0,0.02221854661154,0.9333362688741248,0.0,0.0488431789899964,0.0,0.0,0.0,0.0,0.0178205521358788,2.0291574496272133,2.209434262643421,1.0000000001267797,0.0,1.2779390835960405,0.0,0.0,0.0,0.0,1.0000000003209797,2.2410524707626744,824.9746819221486,153.77005765610247,302.7106577576344,49.86436423924916
5,285.0,54.54179174715111,0.96,0.0,0.018750934145635,0.0,0.0,0.0,0.0,0.021249065854365,301.89,78.33,0.9440524694425122,0.6963078226369349,57.373970356108025,51.00159348595496,809.0232899547565,165.66384294475702,0.9661389272432088,0.0,0.011926673286133,0.0,0.0,0.0,0.0,0.0219343994706581,0.9265359834740092,0.0,0.0559507850532473,0.0,0.0,0.0,0.0,0.0175132314727435,1.985854893015827,2.2287804438670404,1.0,0.0,1.273334402118785,0.0,0.0,0.0,0.0,1.0,2.2410524707626744,824.9746819221486,153.77005765610247,302.7106577576344,49.86436423924916
5,285.0,55.24981139939034,0.96,0.0,0.018750934145635,0.0,0.0,0.0,0.0,0.021249065854365,301.89,78.33,0.9440524694425122,0.7053467560243883,57.373970356108025,51.00159348595496,807.1448445746074,167.79428696942708,0.9646664666588588,0.0,0.0136205657160475,0.0,0.0,0.0,0.0,0.0217129676250936,0.9198762461405872,0.0,0.0628634619156739,0.0,0.0,0.0,0.0,0.0172602919437389,1.9430010738464685,2.2497454126116208,1.0,0.0,1.2690608628510336,0.0,0.0,0.0,0.0,1.0,2.2410524707626744,824.9746819221486,153.77005765610247,302.7106577576344,49.86436423924916
5,285.0,55.95783105162957,0.96,0.0,0.018750934145635,0.0,0.0,0.0,0.0,0.021249065854365,301.89,78.33,0.9440524694425122,0.7143856894118418,57.373970356108025,51.00159348595496,805.2437988956226,169.94216841663058,0.9631446215734384,0.0,0.0153227292779849,0.0,0.0,0.0,0.0,0.0215326491485765,0.9133724657143394,0.0,0.0695833590564112,0.0,0.0,0.0,0.0,0.0170441752292493,1.900543878290151,2.2711243342138574,1.0,0.0,1.2648301724580064,0.0,0.0,0.0,0.0,1.0,2.2410524707626744,824.9746819221486,153.77005765610247,302.7106577576344,49.86436423924916
5,285.0,56.66585070386879,0.96,0.0,0.018750934145635,0.0,0.0,0.0,0.0,0.021249065854365,301.89,78.33,0.9440524694425122,0.7234246227992952,57.373970356108025,51.00159348595496,803.3218204689489,172.1089041662923,0.9615864886723424,0.0,0.0170328209326562,0.0,0.0,0.0,0.0,0.0213806903950012,0.9070313665841636,0.0,0.0761141605787627,0.0,0.0,0.0,0.0,0.0168544728370736,1.8584765094320652,2.292933722289153,1.0,0.0,1.2606340203459407,0.0,0.0,0.0,0.0,1.0,2.2410524707626744,824.9746819221486,153.77005765610247,302.7106577576344,49.86436423924916
5,285.0,57.37387035610802,0.96,0.0,0.018750934145635,0.0,0.0,0.0,0.0,0.021249065854365,301.89,78.33,0.9440524694425122,0.7324635561867486,57.373970356108025,51.00159348595496,801.3797990798595,174.29557974955478,0.9600002239854356,0.0,0.0187506928743291,0.0,0.0,0.0,0.0,0.0212490831402353,0.9008551380001942,0.0,0.0824602465662777,0.0,0.0,0.0,0.0,0.016684615433528,1.8167788662013808,2.315200113293723,1.0,0.0,1.2564666792508528,0.0,0.0,0.0,0.0,1.0,2.2410524707626744,824.9746819221486,153.77005765610247,302.7106577576344,49.86436423924916
5,290.0,57.70731660020572,0.96,0.0,0.018750934145635,0.0,0.0,0.0,0.0,0.021249065854365,301.89,78.33,0.9606147934678194,0.7367204978961537,63.30234648013085,57.70721660020571,765.6448269479642,187.69725642021285,0.9698415114615128,0.0,0.004740204438536,0.0,0.0,0.0,0.0,0.025418284099951,0.9599993856369248,0.0,0.018751808775007,0.0,0.0,0.0,0.0,0.0212488055880682,1.3787450438099402,2.57768971781467,1.000000000079097,0.0,1.2037077794908535,0.0,0.0,0.0,0.0,1.000000000097085,1.4167983026644004,773.2637021553837,185.44864903964933,302.7106577576344,56.27641671412855
5,290.0,58.32897547575296,0.96,0.0,0.018750934145635,0.0,0.0,0.0,0.0,0.021249065854365,301.89,78.33,0.9606147934678194,0.74465690636733,63.30234648013085,57.70721660020571,763.8063518536562,189.96186357321253,0.9697589158333744,0.0,0.006221194037969,0.0,0.0,0.0,0.0,0.0240198901286567,0.955737884764792,0.0,0.0242231809728335,0.0,0.0,0.0,0.0,0.0200389342623744,1.343677947567998,2.6052863761260827,1.0000000000805935,0.0,1.1996470059699669,0.0,0.0,0.0,0.0,1.0000000000992717,1.4167983026644004,773.2637021553837,185.44864903964933,302.7106577576344,56.27641671412855
5,290.0,58.95063435130019,0.96,0.0,0.018750934145635,0.0,0.0,0.0,0.0,0.021249065854365,301.89,78.33,0.9606147934678194,0.7525933148385062,63.30234648013085,57.70721660020571,761.8826918777148,192.19067586875124,0.9690588795287728,0.0,0.007737748172114,0.0,0.0,0.0,0.0,0.0232033722991131,0.9510187063201913,0.0,0.0296697963806803,0.0,0.0,0.0,0.0,0.0193114972991284,1.3098399845804607,2.6328933015725284,1.0000000000805158,0.0,1.1958939884432738,0.0,0.0,0.0,0.0,1.0000000000997789,1.4167983026644004,773.2637021553837,185.44864903964933,302.7106577576344,56.27641671412855
5,290.0,59.57229322684743,0.96,0.0,0.018750934145635,0.0,0.0,0.0,0.0,0.021249065854365,301.89,78.33,0.9606147934678194,0.7605297233096825,63.30234648013085,57.70721660020571,759.9073304086759,194.4148988970121,0.968060027323956,0.0,0.0092751069643975,0.0,0.0,0.0,0.0,0.0226648657116464,0.9461508116478448,0.0,0.0350328287535329,0.0,0.0,0.0,0.0,0.0188163595986222,1.2767350954343335,2.6608605259918083,1.000000000201213,0.0,1.1922907309451034,0.0,0.0,0.0,0.0,1.000000000269574,1.4167983026644004,773.2637021553837,185.44864903964933,302.7106577576344,56.27641671412855
5,290.0,60.19395210239466,0.96,0.0,0.018750934145635,0.0,0.0,0.0,0.0,0.021249065854365,301.89,78.33,0.9606147934678194,0.7684661317808587,63.30234648013085,57.70721660020571,757.8939099058465,196.64782013873264,0.966893886045514,0.0,0.0108273097676483,0.0,0.0,0.0,0.0,0.0222788041868375,0.9412600786171356,0.0,0.0402900337087094,0.0,0.0,0.0,0.0,0.0184498876741551,1.244153020063259,2.6893617784564414,1.0000000000833342,0.0,1.188775854271676,0.0,0.0,0.0,0.0,1.0000000001217737,1.4167983026644004,773.2637021553837,185.44864903964933,302.7106577576344,56.27641671412855
5,290.0,60.8156109779419,0.96,0.0,0.018750934145635,0.0,0.0,0.0,0.0,0.021249065854365,301.89,78.33,0.9606147934678194,0.776402540252035,63.30234648013085,57.70721660020571,755.8487147362108,198.8961801925028,0.9656235833673754,0.0,0.0123916084851204,0.0,0.0,0.0,0.0,0.021984808147504,0.9364054589866398,0.0,0.0454323862220448,0.0,0.0,0.0,0.0,0.0181621547913153,1.2119976171161302,2.718480361077033,1.0000000000114593,0.0,1.1853177939034292,0.0,0.0,0.0,0.0,1.000000000031684,1.4167983026644004,773.2637021553837,185.44864903964933,302.7106577576344,56.27641671412855
5,290.0,61.437269853489134,0.96,0.0,0.018750934145635,0.0,0.0,0.0,0.0,0.021249065854365,301.89,78.33,0.9606147934678194,0.7843389487232112,63.30234648013085,57.70721660020571,753.7748439453668,201.16393451065625,0.9642829049129747,0.0,0.013966631810256,0.0,0.0,0.0,0.0,0.0217504632767691,0.931617266166578,0.0,0.0504564196800693,0.0,0.0,0.0,0.0,0.0179263141533526,1.1802191714113648,2.748281857875901,1.0000000000002132,0.0,1.1818991270788983,0.0,0.0,0.0,0.0,1.0000000000002365,1.4167983026644004,773.2637021553837,185.44864903964933,302.7106577576344,56.27641671412855
5,290.0,62.05892872903637,0.96,0.0,0.018750934145635,0.0,0.0,0.0,0.0,0.021249065854365,301.89,78.33,0.9606147934678194,0.7922753571943876,63.30234648013085,57.70721660020571,751.6738345422682,203.453708014585,0.9628914474884728,0.0,0.0155516780139124,0.0,0.0,0.0,0.0,0.0215568744976148,0.9269120291228936,0.0,0.0553612803949998,0.0,0.0,0.0,0.0,0.0177266904821066,1.14878706147986,2.7788214936588505,1.0000000000004907,0.0,1.1785124216356695,0.0,0.0,0.0,0.0,1.0000000000003697,1.4167983026644004,773.2637021553837,185.44864903964933,302.7106577576344,56.27641671412855
5,290.0,62.68058760458361,0.96,0.0,0.018750934145635,0.0,0.0,0.0,0.0,0.021249065854365,301.89,78.33,0.9606147934678194,0.8002117656655637,63.30234648013085,57.70721660020571,749.5463799942734,205.76743812112943,0.9614612909298073,0.0,0.0171464040870609,0.0,0.0,0.0,0.0,0.0213923049831319,0.9222990351937238,0.0,0.0601474350305745,0.0,0.0,0.0,0.0,0.0175535297757016,1.117682658087261,2.81015719158159,1.000000000000069,0.0,1.1751495989698395,0.0,0.0,0.0,0.0,1.0000000000000782,1.4167983026644004,773.2637021553837,185.44864903964933,302.7106577576344,56.27641671412855
5,290.0,63.30224648013085,0.96,0.0,0.018750934145635,0.0,0.0,0.0,0.0,0.021249065854365,301.89,78.33,0.9606147934678194,0.80814817413674,63.30234648013085,57.70721660020571,747.3926705353346,208.10668005505892,0.9600002341040688,0.0,0.018750678699741,0.0,0.0,0.0,0.0,0.0212490871961901,0.9177834942029868,0.0,0.0648160585903957,0.0,0.0,0.0,0.0,0.0174004472066173,1.0868966521103094,2.842323155473412,1.000000000169837,0.0,1.1718070917900405,0.0,0.0,0.0,0.0,1.0000000001229743,1.4167983026644004,773.2637021553837,185.44864903964933,302.7106577576344,56.27641671412855
5,295.0,65.18151817882756,0.96,0.0,0.018750934145635,0.0,0.0,0.0,0.0,0.021249065854365,301.89,78.33,0.9771771174931266,0.8321398975976965,69.64815231357738,65.18141817882756,696.7157477387868,234.3488690397626,0.9689457877051082,0.0,0.0064852331086375,0.0,0.0,0.0,0.0,0.0245689791862543,0.9599994970069192,0.0,0.0187516238068428,0.0,0.0,0.0,0.0,0.021248879186238,0.6553053731535234,3.438826342159064,1.000000000000416,0.0,1.115374038932415,0.0,0.0,0.0,0.0,1.0000000000003677,0.7007191954812403,705.9625820508377,229.82343987692175,302.7106577576344,63.31231171729296
5,295.0,65.67779974935532,0.96,0.0,0.018750934145635,0.0,0.0,0.0,0.0,0.021249065854365,301.89,78.33,0.9771771174931266,0.8384756766163068,69.64815231357738,65.18141817882756,694.5271121095556,236.75738055343143,0.9685243951368612,0.0,0.0077809663321332,0.0,0.0,0.0,0.0,0.0236946385310057,0.9573308529349742,0.0,0.0221858356163822,0.0,0.0,0.0,0.0,0.0204833114486434,0.6335898509922138,3.4841951003183795,1.000000000000305,0.0,1.1125212529825104,0.0,0.0,0.0,0.0,1.0000000000003104,0.7007191954812403,705.9625820508377,229.82343987692175,302.7106577576344,63.31231171729296
5,295.0,66.17408131988307,0.96,0.0,0.018750934145635,0.0,0.0,0.0,0.0,0.021249065854365,301.89,78.33,0.9771771174931266,0.8448114556349173,69.64815231357738,65.18141817882756,692.2992468078645,239.15663413366696,0.967812601783946,0.0,0.0091014449855779,0.0,0.0,0.0,0.0,0.0230859532304762,0.9544578876429062,0.0,0.0255960997629953,0.0,0.0,0.0,0.0,0.0199460125940983,0.6124858881667856,3.530342466673375,1.0000000000003204,0.0,1.1097897991231536,0.0,0.0,0.0,0.0,1.0000000000002125,0.7007191954812403,705.9625820508377,229.82343987692175,302.7106577576344,63.31231171729296
5,295.0,66.67036289041083,0.96,0.0,0.018750934145635,0.0,0.0,0.0,0.0,0.021249065854365,301.89,78.33,0.9771771174931266,0.8511472346535278,69.64815231357738,65.18141817882756,690.035017341133,241.5641512678021,0.9669242603438312,0.0,0.0104402462904776,0.0,0.0,0.0,0.0,0.0226354933656911,0.9514919162470252,0.0,0.0289625704512372,0.0,0.0,0.0,0.0,0.0195455133017374,0.5918314704102783,3.577618741745448,1.0000000000134712,0.0,1.1071326782423452,0.0,0.0,0.0,0.0,1.000000000015315,0.7007191954812403,705.9625820508377,229.82343987692175,302.7106577576344,63.31231171729296
5,295.0,67.16664446093858,0.96,0.0,0.018750934145635,0.0,0.0,0.0,0.0,0.021249065854365,301.89,78.33,0.9771771174931266,0.8574830136721382,69.64815231357738,65.18141817882756,687.7354046567494,243.98978725095884,0.9659197960423608,0.0,0.0117941143163421,0.0,0.0,0.0,0.0,0.022286089641297,0.9484917606951688,0.0,0.0322751749848798,0.0,0.0,0.0,0.0,0.0192330643199512,0.5715411958570193,3.626233646636899,1.000000000000878,0.0,1.1045234149801415,0.0,0.0,0.0,0.0,1.0000000000007816,0.7007191954812403,705.9625820508377,229.82343987692175,302.7106577576344,63.31231171729296
5,295.0,67.66292603146636,0.96,0.0,0.018750934145635,0.0,0.0,0.0,0.0,0.021249065854365,301.89,78.33,0.9771771174931266,0.8638187926907488,69.64815231357738,65.18141817882756,685.4005083226463,246.4398227319813,0.9648338565316334,0.0,0.0131613043756632,0.0,0.0,0.0,0.0,0.0220048390927032,0.9454909835714184,0.0,0.0355284346013227,0.0,0.0,0.0,0.0,0.018980581827259,0.5515708869492596,3.676372614771583,1.0000000000002354,0.0,1.101947589427553,0.0,0.0,0.0,0.0,1.0000000000000104,0.7007191954812403,705.9625820508377,229.82343987692175,302.7106577576344,63.31231171729296
5,295.0,68.15920760199411,0.96,0.0,0.018750934145635,0.0,0.0,0.0,0.0,0.021249065854365,301.89,78.33,0.9771771174931266,0.8701545717093593,69.64815231357738,65.18141817882756,683.02985266327,248.91862125481765,0.9636875452664873,0.0,0.0145408891229622,0.0,0.0,0.0,0.0,0.0217715656105505,0.9425098573166892,0.0,0.0387193095358723,0.0,0.0,0.0,0.0,0.0187708331474383,0.5318934453855664,3.72817567785732,1.0000000000005216,0.0,1.0993964992399512,0.0,0.0,0.0,0.0,1.000000000000551,0.7007191954812403,705.9625820508377,229.82343987692175,302.7106577576344,63.31231171729296
5,295.0,68.65548917252187,0.96,0.0,0.018750934145635,0.0,0.0,0.0,0.0,0.021249065854365,301.89,78.33,0.9771771174931266,0.8764903507279698,69.64815231357738,65.18141817882756,680.6226327869555,251.42954360176773,0.9624943499407184,0.0,0.0159324003800536,0.0,0.0,0.0,0.0,0.0215732496792279,0.9395612303070128,0.0,0.041846074713615,0.0,0.0,0.0,0.0,0.018592694979372,0.5124832595758059,3.781795046696163,1.000000000282155,0.0,1.0968640807603316,0.0,0.0,0.0,0.0,1.000000000270601,0.7007191954812403,705.9625820508377,229.82343987692175,302.7106577576344,63.31231171729296
5,295.0,69.15177074304962,0.96,0.0,0.018750934145635,0.0,0.0,0.0,0.0,0.021249065854365,301.89,78.33,0.9771771174931266,0.8828261297465801,69.64815231357738,65.18141817882756,678.1778042287053,253.9753872942724,0.9612632180908594,0.0,0.01733565317565,0.0,0.0,0.0,0.0,0.0214011287334905,0.9366535502792446,0.0,0.044907768223285,0.0,0.0,0.0,0.0,0.0184386814974703,0.4933484543342297,3.837370171985356,1.000000000304556,0.0,1.094346454136768,0.0,0.0,0.0,0.0,1.0000000002608704,0.7007191954812403,705.9625820508377,229.82343987692175,302.7106577576344,63.31231171729296
5,295.0,69.64805231357738,0.96,0.0,0.018750934145635,0.0,0.0,0.0,0.0,0.021249065854365,301.89,78.33,0.9771771174931266,0.8891619087651906,69.64815231357738,65.18141817882756,675.6941301266303,256.5586364658455,0.9600002560641958,0.0,0.0187506493020718,0.0,0.0,0.0,0.0,0.0212490946337323,0.9337925386093232,0.0,0.0479038840940055,0.0,0.0,0.0,0.0,0.0183035772966713,0.474474777536097,3.895045782285081,1.0000000000003322,0.0,1.0918408413425416,0.0,0.0,0.0,0.0,1.0000000000002258,0.7007191954812403,705.9625820508377,229.82343987692175,302.7106577576344,63.31231171729296
6,200.0,2.677207071955153,0.9800000000000004,0.0033824925076681,0.0002134169858093,0.0038873656644417,0.0060882757880785,0.0,0.0055786463755121,0.00084980267849,301.44,77.98,0.6634819532908705,0.0343319706585682,21.180760095669328,2.677107071955153,1221.406138993966,7.323588360433925,0.9988789242973272,2.2431851323647657e-06,8.542655845938144e-07,2.3250593211685915e-05,8.405166760094914e-05,0.0,6.95091751213913e-05,0.0009411668160217,0.9799649799845728,0.0033887628004856,0.0002138112852738,0.0038945335182493,0.0060994135000592,0.0,0.0055888657114611,0.0008496331998981,22.515907091195075,0.6831079018322704,1.0000000102345494,1.6283870529060318,5.248704080383623,5.377605487047275,5.23322658363836,0.0,4.324516799127768,1.002404893735776,22.53960113748808,1221.920496490378,7.249541730897533,302.7106577576344,2.6239816647333654
6,200.0,4.733146296812284,0.9800000000000004,0.0033824925076681,0.0002134169858093,0.0038873656644417,0.0060882757880785,0.0,0.0055786463755121,0.00084980267849,301.44,77.98,0.6634819532908705,0.0606969260940277,21.180760095669328,2.677107071955153,1216.8820218335377,10.125210374849008,0.992868060318484,0.0001270122867528,4.04682323269527e-05,0.001008387302901,0.0027337935794309,0.0,0.002360023535182,0.0008622547449222,0.5689541502121105,0.1073726511449924,0.0057379378215404,0.095850884473924,0.1132408656831775,0.0,0.1083914656976161,0.0004520449666389,21.82341822996213,0.7052641038011466,1.0000000018673625,1.5807509461558635,5.00778107191326,5.164205605273299,5.020366159241531,0.0,4.1167220089925785,1.0019761689259474,22.53960113748808,1221.920496490378,7.249541730897533,302.7106577576344,2.6239816647333654
6,200.0,6.789085521669414,0.9800000000000004,0.0033824925076681,0.0002134169858093,0.0038873656644417,0.0060882757880785,0.0,0.0055786463755121,0.00084980267849,301.44,77.98,0.6634819532908705,0.0870618815294872,21.180760095669328,2.677107071955153,1214.006235331232,12.430789179098788,0.98861503310878,0.0003510773071346,8.710442015448543e-05,0.0019746311474351,0.0042999231306036,0.0,0.0038144581215569,0.000857772764335,0.405642154046016,0.2054846879125978,0.0086345817347277,0.1314079524338788,0.1253164165489744,0.0,0.1231957643371767,0.0003184429866283,21.33870936408619,0.7215379435047518,1.0,1.5484574956631505,4.843414402320732,5.015539678906648,4.880025895139497,0.0,3.982269597243049,1.0014969390166533,22.53960113748808,1221.920496490378,7.249541730897533,302.7106577576344,2.6239816647333654
6,200.0,8.845024746526544,0.9800000000000004,0.0033824925076681,0.0002134169858093,0.0038873656644417,0.0060882757880785,0.0,0.0055786463755121,0.00084980267849,301.44,77.98,0.6634819532908705,0.1134268369649467,21.180760095669328,2.677107071955153,1212.3895988233476,14.066936482750409,0.9859565896967528,0.0006783847120312,0.0001275649233833,0.0026820905440347,0.0051051530010256,0.0,0.0045949764598702,0.0008552406629019,0.3177148828086002,0.3040394857714371,0.0097589029298677,0.1378962222425268,0.1153970620877026,0.0,0.1149482653226896,0.0002451788371758,21.025963878246483,0.7327166672298133,1.0,1.5278192638129626,4.735676789334482,4.916095565856672,4.794721960936141,0.0,3.900810521703397,1.0009712671915338,22.53960113748808,1221.920496490378,7.249541730897533,302.7106577576344,2.6239816647333654
6,200.0,10.900963971383677,0.9800000000000004,0.0033824925076681,0.0002134169858093,0.0038873656644417,0.0060882757880785,0.0,0.0055786463755121,0.00084980267849,301.44,77.98,0.6634819532908705,0.1397917924004061,21.180760095669328,2.677107071955153,1211.456159804867,15.195144742051363,0.9842671439495684,0.001075660618096,0.0001565142277699,0.0031283664531868,0.0055162193737908,0.0,0.005002417954577,0.0008536774230106,0.2625829295856623,0.3912204927519702,0.0097802397725586,0.1314947295173377,0.1022657288340453,0.0,0.1024575214550704,0.0001983580833551,20.815984355364723,0.7407658170674936,1.000000000045156,1.513847924256433,4.660424331216729,4.845012101415123,4.740543056499469,0.0,3.848816501660643,1.000459513595297,22.53960113748808,1221.920496490378,7.249541730897533,302.7106577576344,2.6239816647333654
6,200.0,12.956903196240804,0.9800000000000004,0.0033824925076681,0.0002134169858093,0.0038873656644417,0.0060882757880785,0.0,0.0055786463755121,0.00084980267849,301.44,77.98,0.6634819532908705,0.1661567478358656,21.180760095669328,2.677107071955153,1210.8496557795902,16.030343789371063,0.9830763290357328,0.0015109945722413,0.0001762776002024,0.0034084609975876,0.0057442923299084,0.0,0.0052310565611318,0.0008525889031954,0.2247147350315277,0.4628635160355085,0.0093316973690221,0.1214656981503894,0.0905414127350723,0.0,0.0909171982680898,0.0001657424103901,20.65882223741529,0.7471987783021882,1.000000000110083,1.5031177537176983,4.601391165875577,4.788688555945449,4.701908942290432,0.0,3.8114029543388,1.0001622501334806,22.53960113748808,1221.920496490378,7.249541730897533,302.7106577576344,2.6239816647333654
6,200.0,15.012842421097936,0.9800000000000004,0.0033824925076681,0.0002134169858093,0.0038873656644417,0.0060882757880785,0.0,0.0055786463755121,0.00084980267849,301.44,77.98,0.6634819532908705,0.1925217032713251,21.180760095669328,2.677107071955153,1210.4049630777272,16.704170092613726,0.9821435172028306,0.001966407497862,0.0001900642749069,0.0035931575007039,0.0058835903786117,0.0,0.0053715218176933,0.0008517413273916,0.1970804390045915,0.5206074780341237,0.008742993582447,0.1113468841095148,0.0808496123009398,0.0,0.0812308817131864,0.0001417112551966,20.52919938977671,0.7527584731418251,1.000000000146595,1.4941101955605014,4.550890946137405,4.740034251804403,4.671237919354854,0.0,3.7814512563302927,1.00000019527014,22.53960113748808,1221.920496490378,7.249541730897533,302.7106577576344,2.6239816647333654
6,200.0,17.068781645955067,0.9800000000000004,0.0033824925076681,0.0002134169858093,0.0038873656644417,0.0060882757880785,0.0,0.0055786463755121,0.00084980267849,301.44,77.98,0.6634819532908705,0.2188866587067846,21.180760095669328,2.677107071955153,1210.0474826138743,17.28506806428434,0.98135376996581,0.0024328746804439,0.0002000566828827,0.00372184864531,0.0059757243409558,0.0,0.0054646996546328,0.0008510260299645,0.1760214360912632,0.567342689790655,0.008147850036867,0.1021848155301851,0.0729304669349234,0.0,0.0732494644083135,0.0001232772077926,20.415085065412697,0.7578207011930423,1.0000000001496885,1.4859950783229918,4.505331696246389,4.695794872231092,4.644998291761473,0.0,3.755670233184476,1.0000000171394972,22.53960113748808,1221.920496490378,7.249541730897533,302.7106577576344,2.6239816647333654
6,200.0,19.1247208708122,0.9800000000000004,0.0033824925076681,0.0002134169858093,0.0038873656644417,0.0060882757880785,0.0,0.0055786463755121,0.00084980267849,301.44,77.98,0.6634819532908705,0.2452516141422441,21.180760095669328,2.677107071955153,1209.7411498293427,17.808977518961886,0.9806495751412558,0.0029057448393725,0.0002075746021942,0.0038158981527376,0.0060405176583411,0.0,0.0055303002496033,0.000850389356495,0.1594410044168609,0.6056216531488914,0.0075936569711441,0.0941668512792345,0.0664174978892002,0.0,0.0666506394313215,0.0001086968633472,20.31046730753293,0.7625704797146186,1.000000000120293,1.4785049458646724,4.463000977778331,4.654392197773724,4.621520430633241,0.0,3.7324426401471342,1.0000000047925983,22.53960113748808,1221.920496490378,7.249541730897533,302.7106577576344,2.6239816647333654
6,200.0,21.180660095669328,0.9800000000000004,0.0033824925076681,0.0002134169858093,0.0038873656644417,0.0060882757880785,0.0,0.0055786463755121,0.00084980267849,301.44,77.98,0.6634819532908705,0.2716165695777036,21.180760095669328,2.677107071955153,1209.4670282256318,18.29582368882137,0.980000030578894,0.0033824692596414,0.000213416733535,0.0038873626090259,0.0060882737746298,0.0,0.005578644338176,0.0008498027060977,0.1460496876042792,0.637404745249837,0.0070934637133138,0.0872149366649751,0.0609992274086243,0.0,0.0611410564880877,9.688287088263653e-05,20.212116667293557,0.7671059429769521,1.0000000002059963,1.4714090388500922,4.422989797454479,4.614979053153858,4.59986876470496,0.0,3.710908806366473,1.0000000021070632,22.53960113748808,1221.920496490378,7.249541730897533,302.7106577576344,2.6239816647333654
6,205.0,3.423181039996441,0.9800000000000004,0.0033824925076681,0.0002134169858093,0.0038873656644417,0.0060882757880785,0.0,0.0055786463755121,0.00084980267849,301.44,77.98,0.6800690021231423,0.0438981923569689,20.723513448948488,3.4230810399964406,1205.7248775512728,9.21815032264404,0.9988061428918972,3.1545334387432795e-06,1.1628917685262905e-06,3.22566670016349e-05,0.000108245264904,0.0,8.246097674681839e-05,0.0009665767742429,0.979972881140614,0.0033873655851443,0.0002137230607425,0.0038929248138867,0.0060968991197109,0.0,0.0055865719921495,0.0008496342877518,21.1315169713498,0.7110384700147002,1.0,1.556751749516877,4.769742596362165,4.631490987571816,4.500027367677508,0.0,3.968397862688054,1.000408099412014,21.15779579629945,1206.2779501886548,9.12387059747945,302.7106577576344,3.35468958110042
6,205.0,5.3454290854355575,0.9800000000000004,0.0033824925076681,0.0002134169858093,0.0038873656644417,0.0060882757880785,0.0,0.0055786463755121,0.00084980267849,301.44,77.98,0.6800690021231423,0.0685487187155111,20.723513448948488,3.4230810399964406,1201.51761632711,11.821846151278416,0.9932289486475692,0.0001268547549699,3.9436884774869655e-05,0.000999496837778,0.0026072875247777,0.0,0.0021343996067079,0.0008635757434222,0.642634059857887,0.0864080843715396,0.0046502745105595,0.077534078466031,0.0948607783775373,0.0,0.0934141637847204,0.000498560631725,20.54306131733937,0.7305785704996872,1.0,1.519521094400341,4.583788581161449,4.487346892305602,4.345852789771507,0.0,3.8114510789289824,1.000197687794259,21.15779579629945,1206.2779501886548,9.12387059747945,302.7106577576344,3.35468958110042
6,205.0,7.267677130874674,0.9800000000000004,0.0033824925076681,0.0002134169858093,0.0038873656644417,0.0060882757880785,0.0,0.0055786463755121,0.00084980267849,301.44,77.98,0.6800690021231423,0.0931992450740532,20.723513448948488,3.4230810399964406,1198.6633004582893,14.009516311560429,0.989046330427989,0.0003425383067807,8.416805551042033e-05,0.0019382216880702,0.0041579712081958,0.0,0.0035722560538524,0.0008585142596015,0.4825693278991526,0.1705404880441459,0.007320429357143,0.1110649672240805,0.1122299552429463,0.0,0.1159040533617491,0.0003707788707823,20.110594159219964,0.7455382749120958,1.0,1.492894395456552,4.449978692121114,4.38577544161585,4.237292108754162,0.0,3.7026240954026863,1.000073914914658,21.15779579629945,1206.2779501886548,9.12387059747945,302.7106577576344,3.35468958110042
6,205.0,9.18992517631379,0.9800000000000004,0.0033824925076681,0.0002134169858093,0.0038873656644417,0.0060882757880785,0.0,0.0055786463755121,0.00084980267849,301.44,77.98,0.6800690021231423,0.1178497714325954,20.723513448948488,3.4230810399964406,1196.9472534130994,15.609157526657052,0.9862884895782364,0.0006600041375562,0.0001242801864141,0.0026453561595918,0.0050052504877023,0.0,0.0044209143658158,0.0008557050846833,0.3889186840478047,0.2592805087880232,0.0085917558588805,0.1206290098094117,0.1078863326651096,0.0,0.1143986978835271,0.0002950109472431,19.819067796915736,0.7561765863614881,1.0,1.4751065295537853,4.358669929189136,4.319953182863173,4.167692302042444,0.0,3.633038526717172,1.0000000635517374,21.15779579629945,1206.2779501886548,9.12387059747945,302.7106577576344,3.35468958110042
6,205.0,11.112173221752906,0.9800000000000004,0.0033824925076681,0.0002134169858093,0.0038873656644417,0.0060882757880785,0.0,0.0055786463755121,0.00084980267849,301.44,77.98,0.6800690021231423,0.1425002977911375,20.723513448948488,3.4230810399964406,1195.919454279112,16.727854891697657,0.984491780302238,0.0010523868759892,0.0001539374072453,0.0031029985935739,0.0054542875124255,0.0,0.0048906398690884,0.0008539694394393,0.3272575144476362,0.3419918721480524,0.0088569492467517,0.1178710596506686,0.0982190246260389,0.0,0.1055592880946577,0.0002442917861942,19.62038300632308,0.763885100741986,1.0,1.4628973238619276,4.294368171058105,4.276971338299621,4.122878406513244,0.0,3.587719125366508,1.0000000026431757,21.15779579629945,1206.2779501886548,9.12387059747945,302.7106577576344,3.35468958110042
6,205.0,13.034421267192023,0.9800000000000004,0.0033824925076681,0.0002134169858093,0.0038873656644417,0.0060882757880785,0.0,0.0055786463755121,0.00084980267849,301.44,77.98,0.6800690021231423,0.1671508241496797,20.723513448948488,3.4230810399964406,1195.245215249021,17.55440542512275,0.9832236344963402,0.0014878818840236,0.0001745205086877,0.0033930126150857,0.0057068998074566,0.0,0.0051612767285721,0.0008527739598339,0.2835009214238229,0.4127324219513841,0.0086173971844954,0.1106973789456177,0.0884884422448601,0.0,0.0957556111801119,0.0002078270697076,19.472411549563475,0.7699861761640932,1.0,1.453587015038334,4.244352794729128,4.245924819360452,4.091086504108628,0.0,3.555256298412564,1.0,21.15779579629945,1206.2779501886548,9.12387059747945,302.7106577576344,3.35468958110042
6,205.0,14.95666931263114,0.9800000000000004,0.0033824925076681,0.0002134169858093,0.0038873656644417,0.0060882757880785,0.0,0.0055786463755121,0.00084980267849,301.44,77.98,0.6800690021231423,0.1918013505082218,20.723513448948488,3.4230810399964406,1194.7517303216143,18.21657454061527,0.9822371102282094,0.0019467505805421,0.0001889615506336,0.0035843626412726,0.0058616169043158,0.0,0.0053293415129202,0.0008518565821061,0.250811795234427,0.4713639380110365,0.0081846893208323,0.1026514890040573,0.079967954339904,0.0,0.0868398032467322,0.0001803308430104,19.35153922609808,0.7752112740774059,1.0,1.445901878645585,4.2019913520056855,4.221170044089311,4.066145383331033,0.0,3.5294887071165912,1.0,21.15779579629945,1206.2779501886548,9.12387059747945,302.7106577576344,3.35468958110042
6,205.0,16.878917358070254,0.9800000000000004,0.0033824925076681,0.0002134169858093,0.0038873656644417,0.0060882757880785,0.0,0.0055786463755121,0.00084980267849,301.44,77.98,0.6800690021231423,0.2164518768667639,20.723513448948488,3.4230810399964406,1194.3568617087826,18.783596995009493,0.9814083227211808,0.0024186676733453,0.0001994375035025,0.0037173155670743,0.0059638336142463,0.0,0.0054413306294403,0.0008510922912102,0.2254552029551959,0.5197762160934011,0.007703280978867,0.0949960400299122,0.0727613425403148,0.0,0.0791490576118581,0.0001588597904507,19.24600573934728,0.779927327688553,1.0,1.439034158002845,4.164042846072595,4.199949370864814,4.045039530076597,0.0,3.507482026592498,1.0,21.15779579629945,1206.2779501886548,9.12387059747945,302.7106577576344,3.35468958110042
6,205.0,18.801165403509373,0.9800000000000004,0.0033824925076681,0.0002134169858093,0.0038873656644417,0.0060882757880785,0.0,0.0055786463755121,0.00084980267849,301.44,77.98,0.6800690021231423,0.2411024032253061,20.723513448948488,3.4230810399964406,1194.0200251542074,19.292358133498027,0.9806740391013388,0.0028982307862197,0.0002073104439629,0.0038141080383274,0.0060355505413234,0.0,0.0055203423279399,0.0008504187608876,0.2052117771013237,0.5600271705891411,0.0072327081452902,0.0880948631792308,0.0666944040588436,0.0,0.0725974429357025,0.0001416339904678,19.149829705291435,0.7843379269756582,1.0,1.4326702065066463,4.128878216847543,4.180877174924398,4.026253649332897,0.0,3.487766893163735,1.0,21.15779579629945,1206.2779501886548,9.12387059747945,302.7106577576344,3.35468958110042
6,205.0,20.723413448948488,0.9800000000000004,0.0033824925076681,0.0002134169858093,0.0038873656644417,0.0060882757880785,0.0,0.0055786463755121,0.00084980267849,301.44,77.98,0.6800690021231423,0.2657529295838483,20.723513448948488,3.4230810399964406,1193.7197190078862,19.763374591880137,0.9800000338690512,0.0033824672357521,0.0002134167041121,0.0038873623216163,0.0060882734138361,0.0,0.0055786437462273,0.0008498027094044,0.1886776372457833,0.5938399060384818,0.0067950367604459,0.0819897140433106,0.0615604850359437,0.0,0.067009708940161,0.0001275119358734,19.059786594997384,0.7885421121607004,1.0000000011152037,1.426706570363753,4.095647875075258,4.163211382405129,4.008976233824529,0.0,3.469557175997436,1.0000000000809477,21.15779579629945,1206.2779501886548,9.12387059747945,302.7106577576344,3.35468958110042
6,210.0,4.320377396914523,0.9800000000000004,0.0033824925076681,0.0002134169858093,0.0038873656644417,0.0060882757880785,0.0,0.0055786463755121,0.00084980267849,301.44,77.98,0.696656050955414,0.0554036598732306,20.5747960352812,4.320277396914523,1189.6963080338696,11.473698878322152,0.9987266000600108,4.375032319427993e-06,1.5556560515793071e-06,4.358328147473959e-05,0.0001377036405055,0.0,9.729004018665008e-05,0.0009888922894512,0.9799787451511665,0.0033863266994622,0.0002136574502034,0.003891728389829,0.0060950297375977,0.0,0.0055848677611314,0.0008496448106097,19.76475772871439,0.7410127925422352,1.0,1.492314013254311,4.347093052930101,3.9921123766561104,3.900768865975121,0.0,3.654034322366024,1.0000000032039145,19.793904820789816,1190.2941504876192,11.354703713715036,302.7106577576344,4.233266563955471
6,210.0,6.126412801177487,0.9800000000000004,0.0033824925076681,0.0002134169858093,0.0038873656644417,0.0060882757880785,0.0,0.0055786463755121,0.00084980267849,301.44,77.98,0.696656050955414,0.0785638984505961,20.5747960352812,4.320277396914523,1185.7684321201766,13.911097562557734,0.9935390379303928,0.0001278776819796,3.8625524636863775e-05,0.0009888479555481,0.0024998470627014,0.0,0.0019404996925384,0.0008652641522027,0.706165521959997,0.0692088648537441,0.0037486702868255,0.0625114782480139,0.0786662175923159,0.0,0.0791621611781906,0.0005370858809127,19.262127495643465,0.7584402317626016,1.0,1.4629769202483467,4.202495940617124,3.8864758910647743,3.787353106977801,0.0,3.5337463312158777,1.0000000003559444,19.793904820789816,1190.2941504876192,11.354703713715036,302.7106577576344,4.233266563955471
6,210.0,7.93244820544045,0.9800000000000004,0.0033824925076681,0.0002134169858093,0.0038873656644417,0.0060882757880785,0.0,0.0055786463755121,0.00084980267849,301.44,77.98,0.696656050955414,0.1017241370279616,20.5747960352812,4.320277396914523,1182.9614581002618,15.999087135189155,0.989462902025824,0.0003365064166705,8.148244960459253e-05,0.0018974536452766,0.0040237034640363,0.0,0.0033385441199855,0.0008594078786024,0.5559952372391159,0.139864155993342,0.0061250148836619,0.0930494611081674,0.0985956795495599,0.0,0.1059510292684878,0.0004194219576649,18.87761731356469,0.7722597741018283,1.0,1.440986563254832,4.093626454571008,3.8082606787095856,3.7038494551496974,0.0,3.446155389559625,1.0,19.793904820789816,1190.2941504876192,11.354703713715036,302.7106577576344,4.233266563955471
6,210.0,9.738483609703414,0.9800000000000004,0.0033824925076681,0.0002134169858093,0.0038873656644417,0.0060882757880785,0.0,0.0055786463755121,0.00084980267849,301.44,77.98,0.696656050955414,0.1248843756053271,20.5747960352812,4.320277396914523,1181.1679811961285,17.5754667658874,0.9866374641027136,0.0006438666125284,0.0001209650407419,0.0026005430963427,0.0049030220798265,0.0,0.004237874024822,0.0008562650430246,0.4610069619791757,0.2175196616623766,0.0074423699562423,0.1045059066729585,0.0987649989088376,0.0,0.1104155998882983,0.0003445009321109,18.60700950742515,0.7824411748537436,1.0,1.4256592452693255,4.016356303797063,3.7552478928105377,3.647485446329312,0.0,3.3871481245922186,1.0,19.793904820789816,1190.2941504876192,11.354703713715036,302.7106577576344,4.233266563955471
6,210.0,11.544519013966378,0.9800000000000004,0.0033824925076681,0.0002134169858093,0.0038873656644417,0.0060882757880785,0.0,0.0055786463755121,0.00084980267849,301.44,77.98,0.696656050955414,0.1480446141826927,20.5747960352812,4.320277396914523,1180.0493007416942,18.700820141217815,0.9847391097322664,0.0010299841857236,0.0001511679652633,0.0030695269583462,0.0053882855053782,0.0,0.0047676017329965,0.0008543239200257,0.3953175228891492,0.2936206323282295,0.0078933217752526,0.1047873210508655,0.0924488109021313,0.0,0.10564039160266,0.0002919994517118,18.418533297527844,0.7899177291288347,1.0,1.4149440814222651,3.9610201205731927,3.719543450004142,3.610041318203478,0.0,3.347628190925229,1.0,19.793904820789816,1190.2941504876192,11.354703713715036,302.7106577576344,4.233266563955471
6,210.0,13.350554418229342,0.9800000000000004,0.0033824925076681,0.0002134169858093,0.0038873656644417,0.0060882757880785,0.0,0.0055786463755121,0.00084980267849,301.44,77.98,0.696656050955414,0.1712048527600582,20.5747960352812,4.320277396914523,1179.30466410157,19.53445841167433,0.9833893358050344,0.001464535041543,0.0001725650510426,0.0033713654526907,0.0056663647581736,0.0,0.0050828352926202,0.0008529985988953,0.3470808515223025,0.3615388028010606,0.0078420419594082,0.1002444200910565,0.084875266851075,0.0,0.0981656151626225,0.0002530016124744,18.278158429515216,0.7958074393185706,1.0,1.406811854983675,3.9181668835891914,3.693761338200622,3.583443498725501,0.0,3.31917445468322,1.0,19.793904820789816,1190.2941504876192,11.354703713715036,302.7106577576344,4.233266563955471
6,210.0,15.156589822492304,0.9800000000000004,0.0033824925076681,0.0002134169858093,0.0038873656644417,0.0060882757880785,0.0,0.0055786463755121,0.00084980267849,301.44,77.98,0.696656050955414,0.1943650913374237,20.5747960352812,4.320277396914523,1178.759230711081,20.198486592180338,0.982343426588966,0.0019263450396408,0.0001877097035054,0.0035714153534925,0.0058376406059355,0.0,0.0052814668160565,0.000851995892403,0.3101193622884848,0.4196297942482383,0.0075619768871946,0.0942033997917133,0.0777336417822298,0.0,0.0905289638893101,0.0002228611128289,18.164412276441805,0.80079339843169,1.0,1.4001434849066856,3.882214030585212,3.673402910296902,3.5627678621298946,0.0,3.296747986799013,1.0,19.793904820789816,1190.2941504876192,11.354703713715036,302.7106577576344,4.233266563955471
6,210.0,16.962625226755268,0.9800000000000004,0.0033824925076681,0.0002134169858093,0.0038873656644417,0.0060882757880785,0.0,0.0055786463755121,0.00084980267849,301.44,77.98,0.696656050955414,0.2175253299147892,20.5747960352812,4.320277396914523,1178.32446321989,20.763109125399733,0.9814705711697884,0.002403673059402,0.0001987257788096,0.0037103422351485,0.005950830202269,0.0,0.0054146856526733,0.0008511719019088,0.2808815151585735,0.4687192158596138,0.0071977062124143,0.0880453814146519,0.0714307438530935,0.0,0.0835265719703335,0.0001988655313192,18.06593256480868,0.8052538795261349,1.0,1.3942399200252136,3.850261319704557,3.656130691378222,3.5454541834041926,0.0,3.2777505717504503,1.0,19.793904820789816,1190.2941504876192,11.354703713715036,302.7106577576344,4.233266563955471
6,210.0,18.768660631018232,0.9800000000000004,0.0033824925076681,0.0002134169858093,0.0038873656644417,0.0060882757880785,0.0,0.0055786463755121,0.00084980267849,301.44,77.98,0.696656050955414,0.2406855684921548,20.5747960352812,4.320277396914523,1177.955272657379,21.26670098387098,0.9807020099483132,0.0028902149853622,0.0002070041445767,0.003811237718204,0.0060301159836813,0.0,0.0055089633602264,0.000850453859636,0.2571723687344015,0.5102582087690144,0.0068164271695608,0.082272840377924,0.0659727742176435,0.0,0.0773280695844399,0.0001793111470156,17.97677758174114,0.8094094234552678,1.0,1.388850742257422,3.820810541469576,3.640736057043153,3.530178162993581,0.0,3.260843499027693,1.0,19.793904820789816,1190.2941504876192,11.354703713715036,302.7106577576344,4.233266563955471
6,210.0,20.5746960352812,0.9800000000000004,0.0033824925076681,0.0002134169858093,0.0038873656644417,0.0060882757880785,0.0,0.0055786463755121,0.00084980267849,301.44,77.98,0.696656050955414,0.2638458070695203,20.5747960352812,4.320277396914523,1177.6274343253322,21.730819386239205,0.980000037475988,0.0033824651362746,0.000213416671138,0.0038873619723104,0.0060882730032388,0.0,0.0055786430278962,0.0008498027131539,0.2375593028231077,0.5456400219632164,0.0064474027919897,0.0770325636772748,0.0612590241859599,0.0,0.0718986133003784,0.0001630712580729,17.893699309208596,0.8133484324933932,1.0,1.3837809749890575,3.793049669735127,3.626580240489757,3.516221380076235,0.0,3.245301611088585,1.0,19.793904820789816,1190.2941504876192,11.354703713715036,302.7106577576344,4.233266563955471
6,215.0,5.387972191074085,0.9800000000000004,0.0033824925076681,0.0002134169858093,0.0038873656644417,0.0060882757880785,0.0,0.0055786463755121,0.00084980267849,301.44,77.98,0.7132430997876857,0.0690942830350613,20.72503526744455,5.387872191074085,1173.2584997957265,14.138420947528523,0.9986387590454388,5.993302861760537e-06,2.048492638943821e-06,5.749449430718346e-05,0.000173218403717,0.0,0.0001142457448125,0.0010082405162238,0.9799831586140024,0.0033855434042589,0.0002136079716132,0.0038908262134267,0.0060936204445744,0.0,0.0055835838329921,0.0008496595191318,18.41590954555116,0.7732934250201516,1.0,1.4340933085068508,3.97228767810623,3.487744490882429,3.406840326883513,0.0,3.374499017331173,1.0000000000993827,18.448205290897207,1173.908539729092,13.989350648063478,302.7106577576344,5.278346606766283
6,215.0,7.092079199559692,0.9800000000000004,0.0033824925076681,0.0002134169858093,0.0038873656644417,0.0060882757880785,0.0,0.0055786463755121,0.00084980267849,301.44,77.98,0.7132430997876857,0.0909474121513169,20.72503526744455,5.387872191074085,1169.5764499521763,16.4358689337177,0.9938012333966552,0.0001300767406328,3.802191078822145e-05,0.0009770373805471,0.0024101971828177,0.0,0.0017760256973489,0.0008674076912098,0.7592955396192292,0.0553939791746064,0.0030182732094098,0.0504283098661045,0.0649068125435607,0.0,0.0663888160673151,0.0005682695197738,17.9845389116384,0.7890110824706945,1.0,1.4108031065983475,3.859124444928705,3.409216073447193,3.322854938093713,0.0,3.281726703813002,1.0000000001560485,18.448205290897207,1173.908539729092,13.989350648063478,302.7106577576344,5.278346606766283
6,215.0,8.796186208045299,0.9800000000000004,0.0033824925076681,0.0002134169858093,0.0038873656644417,0.0060882757880785,0.0,0.0055786463755121,0.00084980267849,301.44,77.98,0.7132430997876857,0.1128005412675724,20.72503526744455,5.387872191074085,1166.8335838941537,18.43873700926484,0.9898553354797216,0.0003330506806657,7.908300172916786e-05,0.0018539636680875,0.0038992535079778,0.0,0.0031188234372771,0.0008604902245409,0.6232535967892258,0.1137671065902664,0.0050760790177785,0.0774930638137936,0.085327163858505,0.0,0.0946200582641616,0.0004629316662689,17.64352979648029,0.8018469661800381,1.0,1.392702459685329,3.770536242953452,3.348721277642797,3.258322512154853,0.0,3.211038565712675,1.0,18.448205290897207,1173.908539729092,13.989350648063478,302.7106577576344,5.278346606766283
6,215.0,10.500293216530906,0.9800000000000004,0.0033824925076681,0.0002134169858093,0.0038873656644417,0.0060882757880785,0.0,0.0055786463755121,0.00084980267849,301.44,77.98,0.7132430997876857,0.1346536703838279,20.72503526744455,5.387872191074085,1164.9845961300243,19.999694650555,0.98699430463253,0.0006305819680262,0.0001177114248846,0.0025494540321803,0.0048005225344723,0.0,0.0040504867278612,0.0008569386800451,0.5309174250592166,0.1800741203503156,0.0063583737748396,0.089790515788149,0.0887709122188957,0.0,0.1036970306243035,0.0003916221842796,17.3936660268997,0.811623738143522,1.0,1.379530148788936,3.7053319799152087,3.305681677757008,3.212707508684052,0.0,3.1610956285310845,1.0,18.448205290897207,1173.908539729092,13.989350648063478,302.7106577576344,5.278346606766283
6,215.0,12.204400225016514,0.9800000000000004,0.0033824925076681,0.0002134169858093,0.0038873656644417,0.0060882757880785,0.0,0.0055786463755121,0.00084980267849,301.44,77.98,0.7132430997876857,0.1565067995000835,20.72503526744455,5.387872191074085,1163.7814144710458,21.14272725030549,0.9850050294325452,0.0010093051910151,0.000148265173146,0.0030288278976774,0.005318930977067,0.0,0.0046348887788567,0.0008547525496921,0.4639690067239073,0.2480640123164133,0.006930731050685,0.0924047465348869,0.0854096408966479,0.0,0.102882403841385,0.0003394586360743,17.214983620583347,0.8189506670144759,1.0,1.3700467553390805,3.6575218743196793,3.2758675614539787,3.181441432983376,0.0,3.126576233325118,1.0,18.448205290897207,1173.908539729092,13.989350648063478,302.7106577576344,5.278346606766283
6,215.0,13.90850723350212,0.9800000000000004,0.0033824925076681,0.0002134169858093,0.0038873656644417,0.0060882757880785,0.0,0.0055786463755121,0.00084980267849,301.44,77.98,0.7132430997876857,0.178359928616339,20.72503526744455,5.387872191074085,1162.9648710953386,21.996004164480212,0.983572071786922,0.0014416813721209,0.0001704343943701,0.0033438143875946,0.0056228008878481,0.0,0.0049959267327673,0.0008532704383766,0.4130900969343776,0.3114012329904369,0.0070350203017064,0.0901523177845958,0.0799620236604501,0.0,0.098059860608757,0.0002994477196758,17.081178124500656,0.824715720306574,1.0,1.3628976192091002,3.62047042392086,3.254276130327576,3.1590984790737746,0.0,3.10151043825415,1.0,18.448205290897207,1173.908539729092,13.989350648063478,302.7106577576344,5.278346606766283
6,215.0,15.612614241987728,0.9800000000000004,0.0033824925076681,0.0002134169858093,0.0038873656644417,0.0060882757880785,0.0,0.0055786463755121,0.00084980267849,301.44,77.98,0.7132430997876857,0.2002130577325946,20.72503526744455,5.387872191074085,1162.3643955795217,22.673369104052583,0.9824621067670084,0.0019056923892255,0.0001863149028958,0.0035543939578964,0.0058116153125955,0.0,0.0052277127715025,0.0008521638988758,0.3730655722760831,0.3674287827661527,0.0068943568230428,0.085968287120932,0.0742879045008338,0.0,0.0920873587403542,0.000267737772601,16.973348440583127,0.8295636440758017,1.0,1.3570149534993303,3.5896281401230747,3.237322734871807,3.1418303195809485,0.0,3.081847040223447,1.0,18.448205290897207,1173.908539729092,13.989350648063478,302.7106577576344,5.278346606766283
6,215.0,17.316721250473336,0.9800000000000004,0.0033824925076681,0.0002134169858093,0.0038873656644417,0.0060882757880785,0.0,0.0055786463755121,0.00084980267849,301.44,77.98,0.7132430997876857,0.2220661868488501,20.72503526744455,5.387872191074085,1161.8869119255726,23.245498315607144,0.9815404631784,0.0023881842365492,0.000197921914631,0.0037009433724171,0.0059366559532765,0.0,0.0053845639578009,0.0008512673869249,0.3407389237511044,0.4160003235803003,0.0066435582685485,0.0812488480467722,0.0690074420072196,0.0,0.0861189260567799,0.0002419782892751,16.88072869841665,0.8338659946158131,1.0,1.351936806678816,3.562440612251808,3.223064679142408,3.1274983382859056,0.0,3.0653133654295126,1.0,18.448205290897207,1173.908539729092,13.989350648063478,302.7106577576344,5.278346606766283
6,215.0,19.020828258958943,0.9800000000000004,0.0033824925076681,0.0002134169858093,0.0038873656644417,0.0060882757880785,0.0,0.0055786463755121,0.00084980267849,301.44,77.98,0.7132430997876857,0.2439193159651057,20.72503526744455,5.387872191074085,1161.4831192583872,23.752519344910144,0.9807335009597156,0.0028818247166309,0.0002066550598926,0.0038072882503671,0.0060241823272024,0.0,0.0054960529916759,0.0008504956945155,0.3140785344366787,0.4579223601818645,0.006352347762707,0.0765870236986619,0.0642766269201111,0.0,0.0805624708430372,0.0002206361569392,16.797461113364363,0.8378234138244288,1.0,1.3472911966480918,3.5375377339982577,3.210456925307412,3.114958995987583,0.0,3.0506941280365,1.0,18.448205290897207,1173.908539729092,13.989350648063478,302.7106577576344,5.278346606766283
6,215.0,20.72493526744455,0.9800000000000004,0.0033824925076681,0.0002134169858093,0.0038873656644417,0.0060882757880785,0.0,0.0055786463755121,0.00084980267849,301.44,77.98,0.7132430997876857,0.2657724450813612,20.72503526744455,5.387872191074085,1161.1259987217784,24.21737529658248,0.9800000413981392,0.0033824629867785,0.0002134166344752,0.0038873615549129,0.0060882725400004,0.0,0.0055786421682804,0.0008498027174132,0.291713499966006,0.4941975471753267,0.0060547060187144,0.0722124935735162,0.0600909029078895,0.0,0.0755281857821425,0.0002026645764045,16.720284651114206,0.841560004364623,1.0,1.342927187036392,3.5141788634103714,3.198921767790345,3.103579922814801,0.0,3.037323017656653,1.0,18.448205290897207,1173.908539729092,13.989350648063478,302.7106577576344,5.278346606766283
6,220.0,6.646055897331461,0.9800000000000004,0.0033824925076681,0.0002134169858093,0.0038873656644417,0.0060882757880785,0.0,0.0055786463755121,0.00084980267849,301.44,77.98,0.7298301486199575,0.0852276980935042,21.17118030705132,6.645955897331461,1156.3428631615004,17.26610627517179,0.9985409548278948,8.121139215117037e-06,2.6593419449624384e-06,7.422654815035095e-05,0.0002156563955949,0.0,0.0001336265003322,0.0010247552468675,0.9799865237475204,0.0033849451257206,0.0002135701722685,0.0038901371951395,0.0060925442252969,0.0,0.0055826040175687,0.0008496755164853,17.08542177909353,0.808152725461958,1.0,1.381392441629088,3.638767450329976,3.085087437953007,2.9969363829990376,0.0,3.1246863900044293,1.0,17.121140165384258,1157.0541060432145,17.08052563899556,302.7106577576344,6.509407158415541
6,220.0,8.259947498411446,0.9800000000000004,0.0033824925076681,0.0002134169858093,0.0038873656644417,0.0060882757880785,0.0,0.0055786463755121,0.00084980267849,301.44,77.98,0.7298301486199575,0.1059239227803468,21.17118030705132,6.645955897331461,1152.8770946145137,19.445834954861677,0.994018631578552,0.0001334954863902,3.762015246596603e-05,0.0009646891635651,0.0023372257494421,0.0,0.0016382457322052,0.0008700921373793,0.8027858068659407,0.0444541464986069,0.0024357233358903,0.0408338932190397,0.0535065492677435,0.0,0.0553905639450515,0.0005933168677272,16.713637324053906,0.8225015211624062,1.0,1.3627861031331143,3.549384699069713,3.025682868128914,2.9341325295627065,0.0,3.052417552286822,1.0,17.121140165384258,1157.0541060432145,17.08052563899556,302.7106577576344,6.509407158415541
6,220.0,9.873839099491429,0.9800000000000004,0.0033824925076681,0.0002134169858093,0.0038873656644417,0.0060882757880785,0.0,0.0055786463755121,0.00084980267849,301.44,77.98,0.7298301486199575,0.1266201474671894,21.17118030705132,6.645955897331461,1150.2078297005833,21.37585762329027,0.9902170123460756,0.0003321976423265,7.698710229360305e-05,0.0018090310328018,0.0037860829567634,0.0,0.0029168851215709,0.0008618037981677,0.6828358109640188,0.0921010306944208,0.0041815119946,0.0643362135699535,0.0730480916862143,0.0,0.0829965937795422,0.0005007473112502,16.411720265787338,0.834498913816222,1.0,1.347840429208695,3.477389349880507,2.9786513839485056,2.8843693402612143,0.0,2.995445035672452,1.0,17.121140165384258,1157.0541060432145,17.08052563899556,302.7106577576344,6.509407158415541
6,220.0,11.487730700571412,0.9800000000000004,0.0033824925076681,0.0002134169858093,0.0038873656644417,0.0060882757880785,0.0,0.0055786463755121,0.00084980267849,301.44,77.98,0.7298301486199575,0.1473163721540319,21.17118030705132,6.645955897331461,1148.3232636564503,22.925960862865992,0.9873498070489516,0.0006206196952052,0.0001145994964853,0.0024937554534724,0.0046998477651176,0.0,0.0038636225022399,0.0008577480385278,0.5962280389504045,0.14759435254006,0.0053731962033121,0.0766550614747334,0.0785853823922509,0.0,0.0951290346658314,0.0004349337734073,16.1823014720219,0.8439569126889837,1.0,1.3365541203913682,3.4224126138450166,2.9438153919029304,2.847697899280312,0.0,2.953438506387772,1.0,17.121140165384258,1157.0541060432145,17.08052563899556,302.7106577576344,6.509407158415541
6,220.0,13.101622301651396,0.9800000000000004,0.0033824925076681,0.0002134169858093,0.0038873656644417,0.0060882757880785,0.0,0.0055786463755121,0.00084980267849,301.44,77.98,0.7298301486199575,0.1680125968408745,21.17118030705132,6.645955897331461,1147.0443082442926,24.093649249739727,0.985284443341544,0.0009911721245827,0.0001452947500556,0.0029818158143604,0.0052471985951528,0.0,0.0044948059543557,0.0008552694199485,0.5306119159184732,0.2067399354632187,0.0060065193108971,0.08089515737812,0.0776133246654372,0.0,0.097748235267587,0.0003849119962665,16.013424809968786,0.8511928497921837,1.0,1.328204083855134,3.381053128309621,2.918867789973444,2.8216926308380352,0.0,2.923401552963876,1.0,17.121140165384258,1157.0541060432145,17.08052563899556,302.7106577576344,6.509407158415541
6,220.0,14.71551390273138,0.9800000000000004,0.0033824925076681,0.0002134169858093,0.0038873656644417,0.0060882757880785,0.0,0.0055786463755121,0.00084980267849,301.44,77.98,0.7298301486199575,0.1887088215277171,21.17118030705132,6.645955897331461,1146.1558068036838,24.976475882736526,0.9837698732938484,0.0014201069872347,0.0001681584698425,0.0033106391748156,0.0055764616037404,0.0,0.0049011616137128,0.0008535988568051,0.4790631930116921,0.2641422210349021,0.0062273210908661,0.0805221763596109,0.0740976074788766,0.0,0.0956021105361686,0.0003453704878833,15.885618145849516,0.8569041247209811,1.0,1.321843437028766,3.3488073026019363,2.9005057740236406,2.802805388873124,0.0,2.9012798801030137,1.0,17.121140165384258,1157.0541060432145,17.08052563899556,302.7106577576344,6.509407158415541
6,220.0,16.329405503811365,0.9800000000000004,0.0033824925076681,0.0002134169858093,0.0038873656644417,0.0060882757880785,0.0,0.0055786463755121,0.00084980267849,301.44,77.98,0.7298301486199575,0.2094050462145597,21.17118030705132,6.645955897331461,1145.4974990969358,25.677175725042417,0.9825925474459188,0.001885367544513,0.0001847863651236,0.0035333205549857,0.0057835452713597,0.0,0.0051680663482704,0.0008523664698286,0.4374353710165027,0.3166986678606006,0.0062051924167002,0.0779814208215881,0.0698618433668632,0.0,0.0915042484311616,0.0003132560865833,15.78285993064728,0.8616769985998509,1.0,1.3166380947334095,3.322097885933756,2.886114401288089,2.788211299713306,0.0,2.8839157204317214,1.0,17.121140165384258,1157.0541060432145,17.08052563899556,302.7106577576344,6.509407158415541
6,220.0,17.943297104891347,0.9800000000000004,0.0033824925076681,0.0002134169858093,0.0038873656644417,0.0060882757880785,0.0,0.0055786463755121,0.00084980267849,301.44,77.98,0.7298301486199575,0.2301012709014022,21.17118030705132,6.645955897331461,1144.974282657215,26.265750563864845,0.9816178771337244,0.0023725482881393,0.0001970270867011,0.0036890791781611,0.0059212653339307,0.0,0.0053508209607247,0.0008513820186184,0.4030907927995417,0.3635125090954322,0.0060577938568935,0.0745931672449236,0.0656415426512909,0.0,0.086817559198596,0.0002866351533221,15.695181843702125,0.8658746123487028,1.0,1.3121794319633224,3.298734255967361,2.8740968880095097,2.776181560539717,0.0,2.8693941513775725,1.0,17.121140165384258,1157.0541060432145,17.08052563899556,302.7106577576344,6.509407158415541
6,220.0,19.55718870597133,0.9800000000000004,0.0033824925076681,0.0002134169858093,0.0038873656644417,0.0060882757880785,0.0,0.0055786463755121,0.00084980267849,301.44,77.98,0.7298301486199575,0.2507974955882448,21.17118030705132,6.645955897331461,1144.5332793965667,26.784011060973366,0.9807685173428028,0.0028732132208464,0.0002062625183109,0.0038022297902247,0.0060177188339013,0.0,0.0054815126471827,0.0008505456467308,0.3742625614201306,0.4047911706724739,0.0058524944346858,0.0709905831290541,0.0617005389302177,0.0,0.0821384486350103,0.0002642027784271,15.616895395966564,0.8697091117948333,1.0,1.3081474483772473,3.2775252210988985,2.8635514080116096,2.7657386924655705,0.0,2.8566373568793133,1.0,17.121140165384258,1157.0541060432145,17.08052563899556,302.7106577576344,6.509407158415541
6,220.0,21.17108030705132,0.9800000000000004,0.0033824925076681,0.0002134169858093,0.0038873656644417,0.0060882757880785,0.0,0.0055786463755121,0.00084980267849,301.44,77.98,0.7298301486199575,0.2714937202750874,21.17118030705132,6.645955897331461,1144.144733215323,27.25650415192355,0.9800000457176392,0.0033824607554788,0.0002134165932597,0.0038873610531822,0.0060882720145041,0.0,0.0055786411435792,0.0008498027223565,0.3497175731454419,0.4411314097433453,0.005625268727596,0.0674601104749992,0.0581123447839421,0.0,0.0777082530204626,0.0002450401042125,15.544747618727678,0.8733280616329097,1.0,1.304382752471388,3.2577276107562634,2.853965714382709,2.756327120610872,0.0,2.8450341193551445,1.0,17.121140165384258,1157.0541060432145,17.08052563899556,302.7106577576344,6.509407158415541
6,225.0,8.115607399223027,0.9800000000000004,0.0033824925076681,0.0002134169858093,0.0038873656644417,0.0060882757880785,0.0,0.0055786463755121,0.00084980267849,301.44,77.98,0.7464171974522293,0.1040729340756992,21.915201151198968,8.115507399223027,1138.8722719580546,20.917466920755302,0.9984313669096868,1.0900176678604442e-05,3.408533618466652e-06,9.399016871313424e-05,0.0002659695457154,0.0,0.0001557938877508,0.0010385707778366,0.9799891207228476,0.0033844826198282,0.0002135409451535,0.003889604737841,0.0060917124557759,0.0,0.0055818472621018,0.0008496912564516,15.773920519180674,0.8459956225697433,1.0,1.3335442768069694,3.3405832398463606,2.759846912291666,2.6549191670868773,0.0,2.9005255603910145,1.0,15.813326197117547,1139.6555629264626,20.687604017864448,302.7106577576344,7.946729358776584
6,225.0,9.648884482775909,0.9800000000000004,0.0033824925076681,0.0002134169858093,0.0038873656644417,0.0060882757880785,0.0,0.0055786463755121,0.00084980267849,301.44,77.98,0.7464171974522293,0.1237353742341101,21.915201151198968,8.115507399223027,1135.5970313536434,22.998469424540087,0.9941940090542222,0.0001382288889576,3.742073411719301e-05,0.0009524601166206,0.0022800549292028,0.0,0.0015244308800708,0.0008733953968087,0.8378951955541158,0.0358627766435033,0.0019754218453508,0.0332704791559894,0.0442146767485106,0.0,0.0461678483381381,0.0006136017143916,15.45233819078209,0.859265038903876,1.0,1.3185734396376414,3.269550732931292,2.7144969457595,2.607552169341267,0.0,2.843588859929479,1.0,15.813326197117547,1139.6555629264626,20.687604017864448,302.7106577576344,7.946729358776584
6,225.0,11.18216156632879,0.9800000000000004,0.0033824925076681,0.0002134169858093,0.0038873656644417,0.0060882757880785,0.0,0.0055786463755121,0.00084980267849,301.44,77.98,0.7464171974522293,0.143397814392521,21.915201151198968,8.115507399223027,1133.0054686869344,24.86644294797348,0.9905436795739088,0.0003339745810321,7.520131317674134e-05,0.0017636900851593,0.0036851036798363,0.0,0.0027349556575967,0.0008633951092898,0.7342661947896394,0.0744320634959637,0.0034347082757832,0.0533823145076105,0.0620972451990149,0.0,0.0718544598670334,0.0005330138649548,15.185338624830644,0.8705867483397611,1.0,1.306259825073958,3.210988334169953,2.677518333333186,2.5690155217388786,0.0,2.797505810875377,1.0,15.813326197117547,1139.6555629264626,20.687604017864448,302.7106577576344,7.946729358776584
6,225.0,12.715438649881674,0.9800000000000004,0.0033824925076681,0.0002134169858093,0.0038873656644417,0.0060882757880785,0.0,0.0055786463755121,0.00084980267849,301.44,77.98,0.7464171974522293,0.1630602545509319,21.915201151198968,8.115507399223027,1131.102072172341,26.4085471088349,0.9876954721630532,0.0006143208474438,0.0001116939864979,0.0024349526976303,0.0046029577410638,0.0,0.0036818835459287,0.000858719018382,0.655368086167296,0.1201572458737522,0.0045045808348305,0.0651571085861483,0.0687461127649507,0.0,0.085593197062952,0.00047366871007,14.97582893001764,0.8797386418363516,1.0,1.2966230432499912,3.1646956235320527,2.6491563247944048,2.539572150121259,0.0,2.762276132249625,1.0,15.813326197117547,1139.6555629264626,20.687604017864448,302.7106577576344,7.946729358776584
6,225.0,14.248715733434556,0.9800000000000004,0.0033824925076681,0.0002134169858093,0.0038873656644417,0.0060882757880785,0.0,0.0055786463755121,0.00084980267849,301.44,77.98,0.7464171974522293,0.1827226947093428,21.915201151198968,8.115507399223027,1129.7574920628642,27.604832991227266,0.9855714705003112,0.0009763362134438,0.0001423251944131,0.0029294676448143,0.005174269222645,0.0,0.0043502400914018,0.0008558911329705,0.5931770172055745,0.1704401040932401,0.0051492662913984,0.0703935006506077,0.0695470603073403,0.0,0.0908659655628671,0.0004270858889719,14.816984326624787,0.8869473932833828,1.0,1.2892750575161664,3.1289473957711214,2.628222987481695,2.51796874520892,0.0,2.736216695675682,1.0,15.813326197117547,1139.6555629264626,20.687604017864448,302.7106577576344,7.946729358776584
6,225.0,15.781992816987438,0.9800000000000004,0.0033824925076681,0.0002134169858093,0.0038873656644417,0.0060882757880785,0.0,0.0055786463755121,0.00084980267849,301.44,77.98,0.7464171974522293,0.2023851348677537,21.915201151198968,8.115507399223027,1128.7985365619463,28.524813986816373,0.9839800671132324,0.0014006315725933,0.0001657742919111,0.0032721621977905,0.0055277568086732,0.0,0.0047996129272586,0.0008539950885406,0.5427811533836361,0.2210941359386588,0.005447068349779,0.0714687763470334,0.0676624791142993,0.0,0.0911571293585096,0.0003892575080833,14.694972524817114,0.8926774512914236,1.0,1.2835861224319356,3.1007730529055046,2.612545520710179,2.5019814044985367,0.0,2.7166707171807047,1.0,15.813326197117547,1139.6555629264626,20.687604017864448,302.7106577576344,7.946729358776584
6,225.0,17.315269900540322,0.9800000000000004,0.0033824925076681,0.0002134169858093,0.0038873656644417,0.0060882757880785,0.0,0.0055786463755121,0.00084980267849,301.44,77.98,0.7464171974522293,0.2220475750261646,21.915201151198968,8.115507399223027,1128.0801277296175,29.257654861004703,0.9827337927825686,0.0018660160745741,0.00018313749102,0.0035082030572442,0.0057535023230886,0.0,0.0051027374647905,0.0008526108067139,0.501046186012204,0.2690654572460019,0.0055183104683776,0.0703157277541923,0.0647397686522104,0.0,0.0889567243901583,0.0003578254768553,14.596729985207524,0.8974415376074575,1.0,1.2789620815984797,3.077529623190727,2.600222634385296,2.489581387887068,0.0,2.7012703272786456,1.0,15.813326197117547,1139.6555629264626,20.687604017864448,302.7106577576344,7.946729358776584
6,225.0,18.848546984093204,0.9800000000000004,0.0033824925076681,0.0002134169858093,0.0038873656644417,0.0060882757880785,0.0,0.0055786463755121,0.00084980267849,301.44,77.98,0.7464171974522293,0.2417100151845755,21.915201151198968,8.115507399223027,1127.5080744665734,29.871017241483298,0.9817025591299046,0.0023571719392944,0.0001960439893348,0.0036746771902272,0.005904633611157,0.0,0.005313394238534,0.0008515199015477,0.4658831700119978,0.3129955632521712,0.0054594902163572,0.0681122857964468,0.0615421699833926,0.0,0.0856760629147971,0.000331257824837,14.513308969212366,0.901621113002978,1.0,1.2750008604273952,3.0573272914467187,2.5899773403640047,2.479402247367356,0.0,2.688435570568279,1.0,15.813326197117547,1139.6555629264626,20.687604017864448,302.7106577576344,7.946729358776584
6,225.0,20.38182406764609,0.9800000000000004,0.0033824925076681,0.0002134169858093,0.0038873656644417,0.0060882757880785,0.0,0.0055786463755121,0.00084980267849,301.44,77.98,0.7464171974522293,0.2613724553429865,21.915201151198968,8.115507399223027,1127.0269256945146,30.40795313113259,0.9808070317159948,0.0028645647576407,0.0002058261156494,0.0037960098087309,0.0060106981685427,0.0,0.0054652639517857,0.0008506054816555,0.4358392666007805,0.3526078559190564,0.0053317455365165,0.0654862699684772,0.0583968697445162,0.0,0.082029499082723,0.0003084931479301,14.43929088625358,0.905409881994521,1.0,1.2714444741076216,3.039063448203639,2.5810443939394805,2.470623996494544,0.0,2.677222728086152,1.0,15.813326197117547,1139.6555629264626,20.687604017864448,302.7106577576344,7.946729358776584
6,225.0,21.915101151198968,0.9800000000000004,0.0033824925076681,0.0002134169858093,0.0038873656644417,0.0060882757880785,0.0,0.0055786463755121,0.00084980267849,301.44,77.98,0.7464171974522293,0.2810348955013974,21.915201151198968,8.115507399223027,1126.604413482699,30.894663495618897,0.9800000504342028,0.0033824584731513,0.0002134165473028,0.0038873604570287,0.0060882714230067,0.0,0.0055786399371877,0.0008498027281197,0.4098672150277014,0.388125243329863,0.0051705075352455,0.062754497456375,0.0554331729463444,0.0,0.0783605996878256,0.0002887640166449,14.371468516575163,0.9089351199701476,1.0,1.268194538200459,3.0220947843838584,2.572973844710897,2.4627641141651218,0.0,2.66707783995309,1.0,15.813326197117547,1139.6555629264626,20.687604017864448,302.7106577576344,7.946729358776584
6,230.0,9.818489173707182,0.9800000000000004,0.0033824925076681,0.0002134169858093,0.0038873656644417,0.0060882757880785,0.0,0.0055786463755121,0.00084980267849,301.44,77.98,0.763004246284501,0.1259103510349728,22.96300215722337,9.818389173707182,1120.7586433666524,25.161906182096946,0.998307970621114,1.451105558154864e-05,4.319370757579137e-06,0.0001169808883001,0.0003252094454527,0.0,0.000181191705146,0.001049816913648,0.9799911475801838,0.0033841210216287,0.0002135180903997,0.0038891887517515,0.0060910623930906,0.0,0.0055812561969757,0.0008497059659697,14.482222134709204,0.8873275997595137,1.0,1.289986694289226,3.073015471784491,2.494419537971261,2.3677450669808398,0.0,2.6982220921933,1.0,14.52556748614066,1121.6270137216943,24.87830228106012,302.7106577576344,9.61137473881863
6,230.0,11.27897950520898,0.9800000000000004,0.0033824925076681,0.0002134169858093,0.0038873656644417,0.0060882757880785,0.0,0.0055786463755121,0.00084980267849,301.44,77.98,0.763004246284501,0.1446393883714924,22.96300215722337,9.818389173707182,1117.6515894081606,27.160616386714032,0.9943295495969976,0.0001444291984183,3.743039200538593e-05,0.0009410381153393,0.0022380683248332,0.0,0.0014321034413702,0.0008773809310354,0.8660142438632005,0.0291399730359459,0.0016133189735788,0.0273242065251956,0.0367151148251906,0.0,0.0385627139138869,0.0006304288630015,14.203268813922636,0.8997496784438298,1.0,1.2778821724490947,3.0163355865561097,2.4593552856352305,2.3317677985999543,0.0,2.653088106095028,1.0,14.52556748614066,1121.6270137216943,24.87830228106012,302.7106577576344,9.61137473881863
6,230.0,12.73946983671078,0.9800000000000004,0.0033824925076681,0.0002134169858093,0.0038873656644417,0.0060882757880785,0.0,0.0055786463755121,0.00084980267849,301.44,77.98,0.763004246284501,0.163368425708012,22.96300215722337,9.818389173707182,1115.1380529804,28.97632507059232,0.9908328061927718,0.0003384448502092,7.372760085149617e-05,0.0017188321878706,0.0035968413066911,0.0,0.0025740355234111,0.0008653123381943,0.777818082077638,0.0601961548847145,0.0028205593330073,0.044360558812173,0.0525880462871498,0.0,0.0616562659579119,0.0005603326474054,13.967351884561078,0.9105369088546632,1.0,1.2677150825807575,2.968470030557522,2.430153559854032,2.301876015354774,0.0,2.6157091535783508,1.0,14.52556748614066,1121.6270137216943,24.87830228106012,302.7106577576344,9.61137473881863
6,230.0,14.19996016821258,0.9800000000000004,0.0033824925076681,0.0002134169858093,0.0038873656644417,0.0060882757880785,0.0,0.0055786463755121,0.00084980267849,301.44,77.98,0.763004246284501,0.1820974630445316,22.96300215722337,9.818389173707182,1113.2289113017723,30.512621371526,0.9880239532160936,0.0006119353232314,0.0001090440634064,0.0023743905144436,0.0045115610524562,0.0,0.0035092348911665,0.000859880939202,0.707599976179423,0.0974383553363737,0.0037567061579999,0.0552503853381859,0.0596151496337938,0.0,0.0758317650626591,0.0005076622915641,13.77698773917961,0.9194789858718416,1.0,1.259520492252307,2.9295794108606223,2.407054239894946,2.2783108858074863,0.0,2.5861880732756224,1.0,14.52556748614066,1121.6270137216943,24.87830228106012,302.7106577576344,9.61137473881863
6,230.0,15.66045049971438,0.9800000000000004,0.0033824925076681,0.0002134169858093,0.0038873656644417,0.0060882757880785,0.0,0.0055786463755121,0.00084980267849,301.44,77.98,0.763004246284501,0.2008265003810512,22.96300215722337,9.818389173707182,1111.8292190566176,31.73937300624957,0.9858597763004368,0.0009654548139868,0.0001394237598391,0.0028728234614792,0.0051014512148497,0.0,0.0042044336365499,0.0008566368128582,0.6502860954247746,0.1393827243646023,0.004376817463217,0.0609729358201146,0.0616142492191432,0.0,0.0829019134508249,0.0004652642573232,13.628452267476296,0.926684882952864,1.0,1.2530839523559965,2.898833221634193,2.389415380377012,2.260443149934878,0.0,2.5636378937234987,1.0,14.52556748614066,1121.6270137216943,24.87830228106012,302.7106577576344,9.61137473881863
6,230.0,17.120940831216178,0.9800000000000004,0.0033824925076681,0.0002134169858093,0.0038873656644417,0.0060882757880785,0.0,0.0055786463755121,0.00084980267849,301.44,77.98,0.763004246284501,0.2195555377175709,22.96300215722337,9.818389173707182,1110.8027224504958,32.70209156728223,0.9841992573784264,0.0013840808028691,0.0001633253485179,0.0032287927324611,0.0054772547210052,0.0,0.0046928167364988,0.0008544722802211,0.6025166594959619,0.1830254765041798,0.0047162985365344,0.0630883833507501,0.0610147193783486,0.0,0.0852084240047958,0.0004300387294289,13.512288476591486,0.9324866372343372,1.0,1.2480248063759154,2.874246825643976,2.3759322043531585,2.246925775580053,0.0,2.5463671531632066,1.0,14.52556748614066,1121.6270137216943,24.87830228106012,302.7106577576344,9.61137473881863
6,230.0,18.581431162717976,0.9800000000000004,0.0033824925076681,0.0002134169858093,0.0038873656644417,0.0060882757880785,0.0,0.0055786463755121,0.00084980267849,301.44,77.98,0.763004246284501,0.2382845750540904,22.96300215722337,9.818389173707182,1110.0226203489813,33.47480573472812,0.9828844393544274,0.0018483474143671,0.0001813867527015,0.0034790748319452,0.0057216414312918,0.0,0.0050322046808864,0.0008529055343801,0.5620171807589639,0.2256947731380427,0.0048549037672094,0.0630526079411386,0.0592170967650531,0.0,0.0847632684130334,0.0004001692165587,13.41826543735382,0.9373215008047828,1.0,1.2438710392708583,2.853853622529812,2.3652605901963675,2.2363556925783152,0.0,2.5326595452551794,1.0,14.52556748614066,1121.6270137216943,24.87830228106012,302.7106577576344,9.61137473881863
6,230.0,20.04192149421978,0.9800000000000004,0.0033824925076681,0.0002134169858093,0.0038873656644417,0.0060882757880785,0.0,0.0055786463755121,0.00084980267849,301.44,77.98,0.763004246284501,0.2570136123906101,22.96300215722337,9.818389173707182,1109.3986471335338,34.120901017874594,0.9817940566237814,0.0023425267531031,0.0001949775963066,0.0036576537307769,0.0058867660463493,0.0,0.0052723331922251,0.0008516860574572,0.527205096894069,0.2658553636700506,0.0048672620609936,0.0618634581507439,0.0569465278475003,0.0,0.082887827316608,0.0003744640600343,13.338622534897906,0.941545914434348,1.0,1.2403430436203966,2.836191940723279,2.356402703388541,2.227687079686424,0.0,2.521248681315544,1.0,14.52556748614066,1121.6270137216943,24.87830228106012,302.7106577576344,9.61137473881863
6,230.0,21.502411825721577,0.9800000000000004,0.0033824925076681,0.0002134169858093,0.0038873656644417,0.0060882757880785,0.0,0.0055786463755121,0.00084980267849,301.44,77.98,0.763004246284501,0.2757426497271297,22.96300215722337,9.818389173707182,1108.87412288271,34.68385382519777,0.9808489562174146,0.0028561004197223,0.0002053460409537,0.0037885608185952,0.0060030994952521,0.0,0.0054472596108888,0.000850677397173,0.496941837249708,0.3029008771704789,0.0048058043358148,0.060107564452529,0.0545537945964311,0.0,0.0803380365852169,0.000352085609821,13.268326643487244,0.945343797273518,1.0,1.2371915489551997,2.8203188840059483,2.348718594169124,2.2202479195092346,0.0,2.511324841964465,1.0,14.52556748614066,1121.6270137216943,24.87830228106012,302.7106577576344,9.61137473881863
6,230.0,22.962902157223372,0.9800000000000004,0.0033824925076681,0.0002134169858093,0.0038873656644417,0.0060882757880785,0.0,0.0055786463755121,0.00084980267849,301.44,77.98,0.763004246284501,0.2944716870636493,22.96300215722337,9.818389173707182,1108.4146935229985,35.19136007892753,0.980000055602148,0.0033824561354329,0.0002134164959282,0.0038873597486104,0.0060882707568534,0.0,0.0055786385260871,0.0008498027349396,0.4703821641796533,0.3367498266112417,0.0047033895027631,0.0581085285771976,0.0522016383396333,0.0,0.0775220357229562,0.0003324170665545,13.204268890787516,0.9488586022698628,1.0,1.2343279445629745,2.805653304055684,2.341815673567244,2.213625507953758,0.0,2.5023921015327373,1.0,14.52556748614066,1121.6270137216943,24.87830228106012,302.7106577576344,9.61137473881863
6,235.0,11.777468294949582,0.9800000000000004,0.0033824925076681,0.0002134169858093,0.0038873656644417,0.0060882757880785,0.0,0.0055786463755121,0.00084980267849,301.44,77.98,0.7795912951167728,0.1510319093991995,24.32361434030205,11.777368294949582,1101.899749795984,30.07990842368671,0.9981684605451424,1.9186267647139256e-05,5.419006452484026e-06,0.0001433986495292,0.0003945487580341,0.0,0.0002103721095667,0.0010586146636277,0.979992746252696,0.003383835305728,0.0002135000288815,0.0038888604410946,0.0060905490052833,0.0,0.0055807896558901,0.0008497193104263,13.21135309000109,0.9328123724420124,1.0,1.2502395529816903,2.83213160795928,2.2756905283161397,2.125501151957671,0.0,2.5148089447224997,1.0,13.258875583506692,1102.8688895247462,29.73094022392497,302.7106577576344,11.525181126674264
6,235.0,13.171473411099855,0.9800000000000004,0.0033824925076681,0.0002134169858093,0.0038873656644417,0.0060882757880785,0.0,0.0055786463755121,0.00084980267849,301.44,77.98,0.7795912951167728,0.1689083535662972,24.32361434030205,11.777368294949582,1098.9415177228157,32.01074094399681,0.9944267048306245,0.0001523157656586,3.76621628150735e-05,0.0009311415379083,0.0022109186041015,0.0,0.0013591664552762,0.0008820906436156,0.8884565387642555,0.0238793116246054,0.0013286546658382,0.022645841138135,0.0306917248248308,0.0,0.0323530069136977,0.0006449220686374,12.968891974462132,0.9445984889041626,1.0,1.2404387459938662,2.786537319396486,2.2482602751493244,2.098016895187499,0.0,2.478756141861457,1.0,13.258875583506692,1102.8688895247462,29.73094022392497,302.7106577576344,11.525181126674264
6,235.0,14.56547852725013,0.9800000000000004,0.0033824925076681,0.0002134169858093,0.0038873656644417,0.0060882757880785,0.0,0.0055786463755121,0.00084980267849,301.44,77.98,0.7795912951167728,0.1867847977333948,24.32361434030205,11.777368294949582,1096.50379595591,33.78324430309274,0.9910829269513768,0.0003457361090547,7.256805877978807e-05,0.0016752858863238,0.003521593386395,0.0,0.0024342869204672,0.0008676026876023,0.814210297853389,0.0488093856945245,0.0023203786000417,0.0369779065610541,0.044483323661888,0.0,0.0526151756047348,0.0005835320243674,12.760625698396051,0.9549780082760648,1.0,1.232045157464838,2.747447368532562,2.2250079443282567,2.074776104438428,0.0,2.448347600250833,1.0,13.258875583506692,1102.8688895247462,29.73094022392497,302.7106577576344,11.525181126674264
6,235.0,15.959483643400404,0.9800000000000004,0.0033824925076681,0.0002134169858093,0.0038873656644417,0.0060882757880785,0.0,0.0055786463755121,0.00084980267849,301.44,77.98,0.7795912951167728,0.2046612419004924,24.32361434030205,11.777368294949582,1094.5983872666018,35.315903872624574,0.9883291964704092,0.0006136720023565,0.0001066859061653,0.0023132799179558,0.0044270723351558,0.0,0.003348827646556,0.0008612657214009,0.752855642196541,0.0788906111823092,0.0031240654054397,0.0468140389976184,0.0513907239696707,0.0,0.0663877226178887,0.0005371956305322,12.588464057562502,0.9637827557476156,1.0,1.22510210118914,2.714920084057312,2.2061197502175363,2.055951982802015,0.0,2.4236661759045224,1.0,13.258875583506692,1102.8688895247462,29.73094022392497,302.7106577576344,11.525181126674264
6,235.0,17.35348875955068,0.9800000000000004,0.0033824925076681,0.0002134169858093,0.0038873656644417,0.0060882757880785,0.0,0.0055786463755121,0.00084980267849,301.44,77.98,0.7795912951167728,0.2225376860675901,24.32361434030205,11.777368294949582,1093.1534941891512,36.57378666239888,0.9861429380016128,0.000959091210335,0.0001366531121875,0.0028129751936981,0.0050300922660071,0.0,0.0040607222340118,0.0008575279821475,0.7012432604922644,0.1133525823874699,0.0036968392696042,0.0526414934944865,0.054106958108491,0.0,0.0744596255411216,0.0004992407065622,12.450458997369724,0.9710258986856708,1.0,1.2195012731278183,2.6884761907551917,2.191263057425862,2.041235074442957,0.0,2.4042378974669623,1.0,13.258875583506692,1102.8688895247462,29.73094022392497,302.7106577576344,11.525181126674264
6,235.0,18.747493875700957,0.9800000000000004,0.0033824925076681,0.0002134169858093,0.0038873656644417,0.0060882757880785,0.0,0.0055786463755121,0.00084980267849,301.44,77.98,0.7795912951167728,0.2404141302346877,24.32361434030205,11.777368294949582,1092.063407257955,37.58313378421487,0.9844233898272596,0.0013712611702728,0.0001608601709929,0.0031810574597997,0.0054256664627365,0.0,0.0045827194163136,0.0008550454926245,0.6571372093754415,0.1501820710077008,0.0040495337561121,0.0554407324028638,0.0544520656027135,0.0,0.0782712576673059,0.000467130187862,12.34036199158518,0.9769715983380508,1.0,1.2149808560004662,2.666959555655441,2.1796477570435924,2.029832717269956,0.0,2.3890164692857243,1.0,13.258875583506692,1102.8688895247462,29.73094022392497,302.7106577576344,11.525181126674264
6,235.0,20.14149899185123,0.9800000000000004,0.0033824925076681,0.0002134169858093,0.0038873656644417,0.0060882757880785,0.0,0.0055786463755121,0.00084980267849,301.44,77.98,0.7795912951167728,0.2582905744017854,24.32361434030205,11.777368294949582,1091.2207510838955,38.40242689447777,0.9830425667602176,0.0018331234007503,0.0001795582015871,0.003446032352553,0.0056882117360692,0.0,0.0049572467840775,0.0008532607647449,0.6189383515451667,0.1872462522526622,0.0042314417028921,0.0562604261974355,0.0535639098463575,0.0,0.0793201871581664,0.0004394312973192,12.250474862196596,0.981948423860773,1.0,1.211277594016391,2.6490032563795056,2.1703548429403763,2.02080931298824,0.0,2.376802777718438,1.0,13.258875583506692,1102.8688895247462,29.73094022392497,302.7106577576344,11.525181126674264
6,235.0,21.5355041080015,0.9800000000000004,0.0033824925076681,0.0002134169858093,0.0038873656644417,0.0060882757880785,0.0,0.0055786463755121,0.00084980267849,301.44,77.98,0.7795912951167728,0.276167018568883,24.32361434030205,11.777368294949582,1090.5418835747805,39.08888534437724,0.9818916520080484,0.002329151845912,0.0001938358885681,0.0036379365587831,0.0058677072582897,0.0,0.0052278299351662,0.0008518865052322,0.5854887490072347,0.2230607105006803,0.0042971296007867,0.0559067582846078,0.0520886850844923,0.0,0.0787427548694869,0.0004152126527109,12.17431429576756,0.986253339571337,1.0,1.208095317076416,2.6334726437852782,2.162628604703482,2.0133915091653263,0.0,2.36661648028708,1.0,13.258875583506692,1102.8688895247462,29.73094022392497,302.7106577576344,11.525181126674264
6,235.0,22.929509224151776,0.9800000000000004,0.0033824925076681,0.0002134169858093,0.0038873656644417,0.0060882757880785,0.0,0.0055786463755121,0.00084980267849,301.44,77.98,0.7795912951167728,0.2940434627359807,24.32361434030205,11.777368294949582,1089.970483406152,39.68527612615087,0.9808941113198156,0.0028480838213063,0.0002048234324716,0.0037798086877658,0.0059949120694148,0.0,0.0054274965941906,0.0008507640750352,0.5559300514637662,0.2568483184068281,0.0042892715700006,0.0549007915688232,0.0503699513371774,0.0,0.0772677957752903,0.0003938198781138,12.107343390906788,0.99012298499445,1.0,1.2053043081539383,2.6195769078078897,2.1559466511825023,2.0070560162966777,0.0,2.3577817659371547,1.0,13.258875583506692,1102.8688895247462,29.73094022392497,302.7106577576344,11.525181126674264
6,235.0,24.32351434030205,0.9800000000000004,0.0033824925076681,0.0002134169858093,0.0038873656644417,0.0060882757880785,0.0,0.0055786463755121,0.00084980267849,301.44,77.98,0.7795912951167728,0.3119199069030783,24.32361434030205,11.777368294949582,1089.4707492921357,40.22039275272118,0.9800000612670674,0.0033824537483647,0.0002134164385072,0.0038873589082658,0.0060882700072931,0.0,0.0055786368873923,0.0008498027431093,0.5296086746966027,0.2883129592885972,0.0042367872352829,0.0535539014271492,0.0485844436332992,0.0,0.0753284655857115,0.000374768133357,12.046614705558731,0.9936947230077507,1.0,1.2027509478172342,2.606804216262077,2.149971725349847,2.0014445063226582,0.0,2.349863254332344,1.0,13.258875583506692,1102.8688895247462,29.73094022392497,302.7106577576344,11.525181126674264
6,240.0,14.016269069020282,0.9800000000000004,0.0033824925076681,0.0002134169858093,0.0038873656644417,0.0060882757880785,0.0,0.0055786463755121,0.00084980267849,301.44,77.98,0.7961783439490446,0.1797418449476825,26.008581845215858,14.016169069020282,1082.174923903259,35.76631171514385,0.9980101362834248,2.5228560394589568e-05,6.739749263119175e-06,0.0001734782695054,0.0004753126528945,0.0,0.0002440322710179,0.0010650722134995,0.979994019776553,0.0033836072792756,0.0002134856125002,0.0038885988520273,0.0060901395593027,0.0,0.0055804177215945,0.0008497311987465,11.962578346030964,0.9832840394982348,1.0,1.213930055152208,2.614505660112563,2.093744587353706,1.9203121509529368,0.0,2.347766580403888,1.0,12.014498351825988,1083.263844328595,35.3375257790447,302.7106577576344,13.710780754884407
6,240.0,15.348737155264237,0.9800000000000004,0.0033824925076681,0.0002134169858093,0.0038873656644417,0.0060882757880785,0.0,0.0055786463755121,0.00084980267849,301.44,77.98,0.7961783439490446,0.1968291504906929,26.008581845215858,14.016169069020282,1079.3486854690243,37.64210302643659,0.9944861090320306,0.0001621907979373,3.813584088255761e-05,0.000923526129441,0.0021985322913049,0.0,0.0013039684983756,0.0008875374100278,0.906365133769064,0.019751724928532,0.001104394931022,0.0189529659030685,0.0258603720372695,0.0,0.02730741653507,0.0006579918959736,11.751615892849186,0.9946085019749006,1.0,1.2059605279407268,2.5777627583967337,2.0720555023645004,1.8991997286590625,0.0,2.318774516447939,1.0,12.014498351825988,1083.263844328595,35.3375257790447,302.7106577576344,13.710780754884407
6,240.0,16.681205241508188,0.9800000000000004,0.0033824925076681,0.0002134169858093,0.0038873656644417,0.0060882757880785,0.0,0.0055786463755121,0.00084980267849,301.44,77.98,0.7961783439490446,0.2139164560337033,26.008581845215858,14.016169069020282,1076.9829097818351,39.37993629616015,0.9912930689556356,0.0003560656584792,7.172832461653149e-05,0.0016338768534985,0.0034595625045213,0.0,0.0023153882438749,0.0008703094593737,0.8443619115260191,0.0397321114060337,0.0019152023231807,0.0309534285667949,0.0376610613903419,0.0,0.0447727836743519,0.0006035011132778,11.567980644432463,1.0047212501183311,1.0,1.1990335707327344,2.5457006767002053,2.0533899840271244,1.8811193187459008,0.0,2.293945354115168,1.0,12.014498351825988,1083.263844328595,35.3375257790447,302.7106577576344,13.710780754884407
6,240.0,18.01367332775214,0.9800000000000004,0.0033824925076681,0.0002134169858093,0.0038873656644417,0.0060882757880785,0.0,0.0055786463755121,0.00084980267849,301.44,77.98,0.7961783439490446,0.2310037615767137,26.008581845215858,14.016169069020282,1075.0874586672537,40.91147017449935,0.9886063183324892,0.0006197524014397,0.0001046467907012,0.0022527438847775,0.0043506313619955,0.0,0.0032030004827902,0.0008629067458062,0.7915225562933914,0.0638862030062602,0.0025954725330735,0.0396854064242406,0.044142501398443,0.0,0.057605035327688,0.0005628250169032,11.41297672511739,1.0134533312927845,1.0,1.1931750415649884,2.518449486721628,2.037876404302669,1.8661412583208312,0.0,2.273315906504421,1.0,12.014498351825988,1083.263844328595,35.3375257790447,302.7106577576344,13.710780754884407
6,240.0,19.346141413996094,0.9800000000000004,0.0033824925076681,0.0002134169858093,0.0038873656644417,0.0060882757880785,0.0,0.0055786463755121,0.00084980267849,301.44,77.98,0.7961783439490446,0.2480910671197242,26.008581845215858,14.016169069020282,1073.6059409944874,42.20067557317316,0.9864147471594236,0.0009577375451282,0.0001340694717859,0.002751056370696,0.0049615027349329,0.0,0.0039222984416528,0.0008585882763807,0.7459153536253664,0.0918657785741355,0.003108937931412,0.0453531557553155,0.0472060728165393,0.0,0.0660214994973617,0.0005292017998692,11.28561531164681,1.020800328548663,1.0,1.1883294463144185,2.4957753740191,2.025339306873664,1.8540987445728412,0.0,2.2566286240335725,1.0,12.014498351825988,1083.263844328595,35.3375257790447,302.7106577576344,13.710780754884407
6,240.0,20.678609500240047,0.9800000000000004,0.0033824925076681,0.0002134169858093,0.0038873656644417,0.0060882757880785,0.0,0.0055786463755121,0.00084980267849,301.44,77.98,0.7961783439490446,0.2651783726627346,26.008581845215858,14.016169069020282,1072.4567260156127,43.25925484712002,0.9846478811389496,0.0013629441540773,0.00015843044328,0.0031296188396758,0.0053738157467994,0.0,0.004471578040975,0.0008557316362428,0.7060816364167428,0.1224026145062944,0.0034539954985648,0.0485444392954605,0.0481942848494535,0.0,0.0708226441253758,0.0005003853081079,11.181889231067512,1.0269372175090532,1.0,1.1843398826810787,2.4769859660354534,2.015308003509503,1.8445377924304796,0.0,2.243249157541704,1.0,12.014498351825988,1083.263844328595,35.3375257790447,302.7106577576344,13.710780754884407
6,240.0,22.011077586484,0.9800000000000004,0.0033824925076681,0.0002134169858093,0.0038873656644417,0.0060882757880785,0.0,0.0055786463755121,0.00084980267849,301.44,77.98,0.7961783439490446,0.282265678205745,26.008581845215858,14.016169069020282,1071.5513111755135,44.1308607475521,0.9832057016433052,0.0018211441863982,0.0001776815447218,0.0034092705569691,0.0056535609945626,0.0,0.0048789529511415,0.0008536881229011,0.670923546634602,0.1539192720654068,0.003658835374576,0.0499827159593062,0.0480011303065094,0.0,0.0730393105640179,0.0004751890955817,11.096220034980588,1.0321161921055593,1.0,1.1810205795164976,2.4611833069330094,2.007171773923957,1.8368576203674565,0.0,2.23236667295798,1.0,12.014498351825988,1083.263844328595,35.3375257790447,302.7106577576344,13.710780754884407
6,240.0,23.343545672727952,0.9800000000000004,0.0033824925076681,0.0002134169858093,0.0038873656644417,0.0060882757880785,0.0,0.0055786463755121,0.00084980267849,301.44,77.98,0.7961783439490446,0.2993529837487554,26.008581845215858,14.016169069020282,1070.814728032242,44.86501182214913,0.981994299759594,0.0023176534786965,0.0001926305065713,0.0036154898095149,0.005847549848015,0.0,0.0051802482698809,0.0008521283277273,0.6396155002552931,0.1851278386832053,0.0037612263373551,0.0502907844216975,0.0471750674250474,0.0,0.0735767189983157,0.0004528638790856,11.02340915658024,1.036600800056688,1.0,1.1781748610321736,2.4474933527361986,2.0003751633928166,1.8305081007547488,0.0,2.2232479423128573,1.0,12.014498351825988,1083.263844328595,35.3375257790447,302.7106577576344,13.710780754884407
6,240.0,24.676013758971905,0.9800000000000004,0.0033824925076681,0.0002134169858093,0.0038873656644417,0.0060882757880785,0.0,0.0055786463755121,0.00084980267849,301.44,77.98,0.7961783439490446,0.3164402892917659,26.008581845215858,14.016169069020282,1070.1926891486094,45.50243742390762,0.9809421915704144,0.002840826022772,0.0002042607627037,0.0037696824868704,0.0059861391801568,0.0,0.005406031244483,0.0008508687325994,0.6115290180805658,0.2152166755228718,0.0037942201094308,0.0499107406942417,0.0460317197676016,0.0,0.073084734119911,0.000432891705377,10.95950343060734,1.0406142635501203,1.0,1.1756656919332005,2.435275660710235,1.994502213952981,1.825075994345276,0.0,2.215345347475377,1.0,12.014498351825988,1083.263844328595,35.3375257790447,302.7106577576344,13.710780754884407
6,240.0,26.008481845215854,0.9800000000000004,0.0033824925076681,0.0002134169858093,0.0038873656644417,0.0060882757880785,0.0,0.0055786463755121,0.00084980267849,301.44,77.98,0.7961783439490446,0.3335275948347763,26.008581845215858,14.016169069020282,1069.6487831306915,46.07238939382536,0.9800000674792718,0.003382451319314,0.0002134163743406,0.0038873579127824,0.0060882691641977,0.0,0.005578634997084,0.0008498027530091,0.586175392531227,0.2437672352266174,0.0037820890464093,0.0491278388344201,0.0447467731059741,0.0,0.0719857792871199,0.0004148919682318,10.90178249398732,1.044301504488351,1.0,1.173389862135751,2.4240905684037903,1.9892687215608449,1.8202784893534385,0.0,2.2082853119693127,1.0,12.014498351825988,1083.263844328595,35.3375257790447,302.7106577576344,13.710780754884407
6,245.0,16.55966529276168,0.9800000000000004,0.0033824925076681,0.0002134169858093,0.0038873656644417,0.0060882757880785,0.0,0.0055786463755121,0.00084980267849,301.44,77.98,0.8127653927813163,0.2123578519205139,28.031486406087428,16.55956529276168,1061.4391321604276,42.33487368201048,0.99782973468351,3.303795356180988e-05,8.321011547448955e-06,0.0002075333841559,0.0005690252250723,0.0,0.0002830670136573,0.0010692807284949,0.9799950438656784,0.0033834235561088,0.0002134739963714,0.003888388548034,0.0060898099750774,0.0,0.00558011838859,0.0008497416701398,10.73744193861408,1.039841082220687,1.0,1.1807182394984184,2.4172528229822445,1.9409701448268568,1.7459741825686514,0.0,2.19493615725317,1.0,10.793959502416731,1062.6711211462375,41.80803719266337,302.7106577576344,16.191644196077288
6,245.0,17.834300972020095,0.9800000000000004,0.0033824925076681,0.0002134169858093,0.0038873656644417,0.0060882757880785,0.0,0.0055786463755121,0.00084980267849,301.44,77.98,0.8127653927813163,0.2287035261864592,28.031486406087428,16.55956529276168,1058.73017153895,44.167254411610095,0.9945074886224464,0.0001744640085908,3.887907685443552e-05,0.0009190048048189,0.0022011236712662,0.0,0.0012653423770225,0.0008936974390006,0.9206882066238148,0.016498058435998,0.0009269902762425,0.0160230847095356,0.0219803415462728,0.0,0.023212973183204,0.0006703452249321,10.55390055340364,1.0508773002821663,1.0,1.1742224593325434,2.3874868017987567,1.9236526171898825,1.7297323543522656,0.0,2.171489137999887,1.0,10.793959502416731,1062.6711211462375,41.80803719266337,302.7106577576344,16.191644196077288
6,245.0,19.108936651278512,0.9800000000000004,0.0033824925076681,0.0002134169858093,0.0038873656644417,0.0060882757880785,0.0,0.0055786463755121,0.00084980267849,301.44,77.98,0.8127653927813163,0.2450492004524046,28.031486406087428,16.55956529276168,1056.4313872106316,45.87859392365226,0.9914622720258276,0.0003697685587943,7.12202803680809e-05,0.0015954766300299,0.0034109655467189,0.0,0.0022168281800926,0.0008734687781683,0.8692269084494664,0.0324979021797737,0.0015876269709267,0.0260365201479948,0.0319621977999666,0.0,0.0380677544596979,0.0006210899921737,10.392274553690944,1.0608500160115877,1.0,1.1685156186345476,2.361185392284865,1.9085519370271369,1.7156312503384374,0.0,2.151145561800514,1.0,10.793959502416731,1062.6711211462375,41.80803719266337,302.7106577576344,16.191644196077288
6,245.0,20.38357233053693,0.9800000000000004,0.0033824925076681,0.0002134169858093,0.0038873656644417,0.0060882757880785,0.0,0.0055786463755121,0.00084980267849,301.44,77.98,0.8127653927813163,0.2613948747183499,28.031486406087428,16.55956529276168,1054.5493207535726,47.41204184288058,0.988851302845431,0.0006304644041959,0.0001029497285606,0.0021938738334455,0.0042831639194235,0.0,0.003073407828657,0.0008648374402862,0.824246000615898,0.0518091920589675,0.0021572796485074,0.0336872866713393,0.0378523446250024,0.0,0.0496626563679301,0.000585240012355,10.253353546243211,1.0696070402203184,1.0,1.163594796389284,2.338417081697834,1.895749517789292,1.7037307585250967,0.0,2.1338998091723,1.0,10.793959502416731,1062.6711211462375,41.80803719266337,302.7106577576344,16.191644196077288
6,245.0,21.658208009795345,0.9800000000000004,0.0033824925076681,0.0002134169858093,0.0038873656644417,0.0060882757880785,0.0,0.0055786463755121,0.00084980267849,301.44,77.98,0.8127653927813163,0.2777405489842952,28.031486406087428,16.55956529276168,1053.0379488265778,48.73285189534767,0.9866693761156634,0.0009618578278171,0.0001317225903562,0.0026882431673311,0.004896906597878,0.0,0.0037920507149911,0.000859842985963,0.7845686832388976,0.0743138382102841,0.0026072905653622,0.039024998406105,0.0409987150183215,0.0,0.057930880887416,0.0005555936736134,10.136630560943567,1.0771259290651785,1.0,1.1594314250693518,2.319065710723511,1.8851479674349505,1.6939175238586424,0.0,2.11960497256463,1.0,10.793959502416731,1062.6711211462375,41.80803719266337,302.7106577576344,16.191644196077288
6,245.0,22.93284368905376,0.9800000000000004,0.0033824925076681,0.0002134169858093,0.0038873656644417,0.0060882757880785,0.0,0.0055786463755121,0.00084980267849,301.44,77.98,0.8127653927813163,0.2940862232502406,28.031486406087428,16.55956529276168,1051.8339885269083,49.84244423426374,0.9848677724214988,0.0013598666933611,0.0001560892046771,0.0030752859607117,0.0053226009797571,0.0,0.0043618354045474,0.0008565493354464,0.7492565712886935,0.0992595333758821,0.0029308835461625,0.0423817813848498,0.0423829944502858,0.0,0.0632582400832822,0.0005299958708438,10.03959419692446,1.083514041328267,1.0,1.1559339385349665,2.302727848726539,1.8764695279407029,1.68593676023706,0.0,2.1078816315279654,1.0,10.793959502416731,1062.6711211462375,41.80803719266337,302.7106577576344,16.191644196077288
6,245.0,24.20747936831218,0.9800000000000004,0.0033824925076681,0.0002134169858093,0.0038873656644417,0.0060882757880785,0.0,0.0055786463755121,0.00084980267849,301.44,77.98,0.8127653927813163,0.3104318975161859,28.031486406087428,16.55956529276168,1050.8660526220442,50.77124107301516,0.9833708139269622,0.0018132362862316,0.0001757918535287,0.0033691157782984,0.005618132796264,0.0,0.0047987086287585,0.0008542007299562,0.717569131812303,0.1255551432453674,0.0031426786846186,0.044235118612441,0.0426907214251287,0.0,0.0662998088151622,0.0005073974049787,9.95835301493082,1.088971702036614,1.0,1.152981050158764,2.2888049616220534,1.8693190110031583,1.679415445859855,0.0,2.0981972733587497,1.0,10.793959502416731,1062.6711211462375,41.80803719266337,302.7106577576344,16.191644196077288
6,245.0,25.482115047570595,0.9800000000000004,0.0033824925076681,0.0002134169858093,0.0038873656644417,0.0060882757880785,0.0,0.0055786463755121,0.00084980267849,301.44,77.98,0.8127653927813163,0.3267775717821312,28.031486406087428,16.55956529276168,1050.069059682556,51.56011222798602,0.9821005693065764,0.0023087025156338,0.0001913773032607,0.0035903419804882,0.0058264415154801,0.0,0.0051301476606349,0.0008524197179257,0.6889286688527158,0.1521752418711731,0.0032674079764424,0.0450452930891339,0.0423700828327675,0.0,0.0677261401756242,0.0004871652021429,9.88890230022374,1.0937098105658876,1.0,1.1504373012647924,2.276689958680675,1.8633013814446184,1.673976957873127,0.0,2.0900227695906435,1.0,10.793959502416731,1062.6711211462375,41.80803719266337,302.7106577576344,16.191644196077288
6,245.0,26.75675072682901,0.9800000000000004,0.0033824925076681,0.0002134169858093,0.0038873656644417,0.0060882757880785,0.0,0.0055786463755121,0.00084980267849,301.44,77.98,0.8127653927813163,0.3431232460480765,28.031486406087428,16.55956529276168,1049.3923330096352,52.24639567619285,0.9809927280146284,0.0028346896052317,0.0002036622550159,0.0037581268098385,0.0059768023211915,0.0,0.0053829958228492,0.0008509951712444,0.6628842854906352,0.1783719218947941,0.0033294551954725,0.0451712532106252,0.0416972115487217,0.0,0.0680769982781371,0.000468874381614,9.827929038245964,1.0979431959075987,1.0,1.1481850906417497,2.265883458223194,1.8580984713396749,1.6693268865594642,0.0,2.0829287560447147,1.0,10.793959502416731,1062.6711211462375,41.80803719266337,302.7106577576344,16.191644196077288
6,245.0,28.031386406087428,0.9800000000000004,0.0033824925076681,0.0002134169858093,0.0038873656644417,0.0060882757880785,0.0,0.0055786463755121,0.00084980267849,301.44,77.98,0.8127653927813163,0.3594689203140219,28.031486406087428,16.55956529276168,1048.7998379489948,52.85895190227748,0.9800000742952598,0.0033824488566957,0.0002134163026403,0.0038873567348029,0.0060882682156,0.0,0.0055786328298676,0.0008498027651334,0.6390792049335242,0.2036849652889731,0.0033482940008633,0.0448630558813315,0.0408363254128651,0.0,0.0677359349712031,0.0004522195112396,9.77300222983987,1.101816844149842,1.0,1.1461589673685972,2.2560189157131147,1.8534709998283807,1.6652324920419042,0.0,2.0766031327340686,1.0,10.793959502416731,1062.6711211462375,41.80803719266337,302.7106577576344,16.191644196077288
6,250.0,19.43362388626366,0.9800000000000004,0.0033824925076681,0.0002134169858093,0.0038873656644417,0.0060882757880785,0.0,0.0055786463755121,0.00084980267849,301.44,77.98,0.8293524416135881,0.2492129249328502,30.407567779885905,19.43352388626366,1039.5145783170249,49.92479325304209,0.9976231816166108,4.315251352806779e-05,1.0212250451284731e-05,0.0002460187460694,0.0006774789161676,0.0,0.0003286465141209,0.0010713094430517,0.9799958748097952,0.0033832741720085,0.0002134645514647,0.0038882180218064,0.0060895423338557,0.0,0.0055798752823279,0.0008497508287414,9.537823424120926,1.103930824827583,1.0,1.1503173803230355,2.237985986752045,1.8114275658786572,1.597479227818562,0.0,2.054455456744999,1.0,9.599114364051816,1040.9186176418627,49.27650279185157,302.7106577576344,18.99215487266697
6,250.0,20.65293987444391,0.9800000000000004,0.0033824925076681,0.0002134169858093,0.0038873656644417,0.0060882757880785,0.0,0.0055786463755121,0.00084980267849,301.44,77.98,0.8293524416135881,0.2648491904904322,30.407567779885905,19.43352388626366,1036.9098846970917,51.72451656497529,0.9944895156871262,0.0001896910409445,3.992942887333212e-05,0.0009184866403777,0.002219228393145,0.0,0.0012426462690384,0.0009005025404947,0.9321899663948932,0.0139175544596779,0.0007858616489905,0.0136835665158002,0.0188546987635458,0.0,0.0198858402996296,0.0006825119174625,9.378364695070442,1.1148589578174986,1.0,1.1450315149788526,2.2137987603560765,1.7974779744673195,1.5850011248499272,0.0,2.0354049877104674,1.0,9.599114364051816,1040.9186176418627,49.27650279185157,302.7106577576344,18.99215487266697
6,250.0,21.87225586262416,0.9800000000000004,0.0033824925076681,0.0002134169858093,0.0038873656644417,0.0060882757880785,0.0,0.0055786463755121,0.00084980267849,301.44,77.98,0.8293524416135881,0.2804854560480143,30.407567779885905,19.43352388626366,1034.67237546335,53.417341283959374,0.9915891680837008,0.0003873354354885,7.10647030756236e-05,0.0015610515881681,0.0033761295394526,0.0,0.0021381448882346,0.0008771057618795,0.889699329225475,0.0267202067197237,0.0013225998472793,0.0220135780036315,0.0272208216033363,0.0,0.0323864025369627,0.0006370620635913,9.2364961339448,1.1248209850532334,1.0,1.1403423980073153,2.1921578594591797,1.7851716546190346,1.574021532847331,0.0,2.018686669423712,1.0,9.599114364051816,1040.9186176418627,49.27650279185157,302.7106577576344,18.99215487266697
6,250.0,23.091571850804407,0.9800000000000004,0.0033824925076681,0.0002134169858093,0.0038873656644417,0.0060882757880785,0.0,0.0055786463755121,0.00084980267849,301.44,77.98,0.8293524416135881,0.2961217216055963,30.407567779885905,19.43352388626366,1032.8047487791946,54.95637792375355,0.9890605919611036,0.0006462186217539,0.000101618217326,0.0021377933570961,0.0042254676945425,0.0,0.0029612205756923,0.0008670895724855,0.8517781155890163,0.0421051494182402,0.0017955485762495,0.0286466152945073,0.0324499931101473,0.0,0.0426194125638129,0.0006051654480262,9.112609501200922,1.13371631501853,1.0,1.1362319101775151,2.173122923163745,1.7745542896010151,1.564572662395015,0.0,2.004263758604365,1.0,9.599114364051816,1040.9186176418627,49.27650279185157,302.7106577576344,18.99215487266697
6,250.0,24.31088783898465,0.9800000000000004,0.0033824925076681,0.0002134169858093,0.0038873656644417,0.0060882757880785,0.0,0.0055786463755121,0.00084980267849,301.44,77.98,0.8293524416135881,0.3117579871631784,30.407567779885905,19.43352388626366,1031.2682315324685,56.309580102001725,0.9869013738094858,0.0009719475662855,0.0001296575145916,0.002625773277047,0.0048374281216864,0.0,0.003672501296591,0.0008613184143124,0.8177118879166441,0.0600672625879922,0.0021830489501468,0.0335541323721962,0.0355023767897707,0.0,0.050402285082041,0.0005790063012086,9.0064176311068,1.1414891490485533,1.0,1.1326848168133667,2.156634042274101,1.7655682179309191,1.5566362588982214,0.0,1.9920468480046891,1.0,9.599114364051816,1040.9186176418627,49.27650279185157,302.7106577576344,18.99215487266697
6,250.0,25.530203827164904,0.9800000000000004,0.0033824925076681,0.0002134169858093,0.0038873656644417,0.0060882757880785,0.0,0.0055786463755121,0.00084980267849,301.44,77.98,0.8293524416135881,0.3273942527207605,30.407567779885905,19.43352388626366,1030.0132489073965,57.47162715324165,0.9850778519255412,0.001362753315788,0.0001538897564771,0.0030190252569083,0.0052729604489557,0.0,0.0042560005807084,0.0008575187156213,0.7869026900009272,0.0801878445680692,0.0024770804451407,0.0369080601070698,0.0370925667942265,0.0,0.0558753759381774,0.0005563821463891,8.916370780393564,1.148213143075384,1.0,1.129648636043754,2.142457940232573,1.7580502723425748,1.5500308042432112,0.0,1.9818087994891376,1.0,9.599114364051816,1040.9186176418627,49.27650279185157,302.7106577576344,18.99215487266697
6,250.0,26.74951981534516,0.9800000000000004,0.0033824925076681,0.0002134169858093,0.0038873656644417,0.0060882757880785,0.0,0.0055786463755121,0.00084980267849,301.44,77.98,0.8293524416135881,0.3430305182783426,30.407567779885905,19.43352388626366,1028.9831290942664,58.46184675202766,0.9835343315120444,0.0018102494662609,0.0001739291133784,0.0033260573048691,0.0055824582231227,0.0,0.0047181612368158,0.0008548131435085,0.7588576299266775,0.1017574047996353,0.0026841647548735,0.0390083101923787,0.0377371731136007,0.0,0.059419018263576,0.0005362989492579,8.839847061234586,1.154020218561658,1.0,1.127039441512331,2.1302186521993063,1.751755905086651,1.5445331576186712,0.0,1.9732099230789604,1.0,9.599114364051816,1040.9186176418627,49.27650279185157,302.7106577576344,18.99215487266697
6,250.0,27.968835803525405,0.9800000000000004,0.0033824925076681,0.0002134169858093,0.0038873656644417,0.0060882757880785,0.0,0.0055786463755121,0.00084980267849,301.44,77.98,0.8293524416135881,0.3586667838359246,30.407567779885905,19.43352388626366,1028.1230370435935,59.31219376242453,0.9822085921668868,0.0023030325823783,0.0001900968157711,0.0035626177467751,0.0058045903783352,0.0,0.0050783003093331,0.0008527700005203,0.7331779960482123,0.1240179207865283,0.0028195708912792,0.0401796848256683,0.0377916397565547,0.0,0.0614949991432487,0.0005181885485082,8.773889462483131,1.1591123054700008,1.0,1.1247806944717234,2.119502387095907,1.74640722748587,1.5398962718341695,0.0,1.9658814116885224,1.0,9.599114364051816,1040.9186176418627,49.27650279185157,302.7106577576344,18.99215487266697
6,250.0,29.188151791705653,0.9800000000000004,0.0033824925076681,0.0002134169858093,0.0038873656644417,0.0060882757880785,0.0,0.0055786463755121,0.00084980267849,301.44,77.98,0.8293524416135881,0.3743030493935066,30.407567779885905,19.43352388626366,1027.387208907948,60.05542270411166,0.9810450460063403,0.0028300925349594,0.0002030343435896,0.0037451176199872,0.0059669455652173,0.0,0.0053586161117137,0.0008511478181921,0.7095446323038673,0.146342263491787,0.002900419569551,0.0407008140041258,0.037488242715356,0.0,0.0625219441239617,0.0005016837913511,8.715836024903876,1.1636685529024071,1.0,1.122774256824414,2.1099277493527517,1.7417605920667294,1.535912855163821,0.0,1.95949849767428,1.0,9.599114364051816,1040.9186176418627,49.27650279185157,302.7106577576344,18.99215487266697
6,250.0,30.407467779885906,0.9800000000000004,0.0033824925076681,0.0002134169858093,0.0038873656644417,0.0060882757880785,0.0,0.0055786463755121,0.00084980267849,301.44,77.98,0.8293524416135881,0.3899393149510887,30.407567779885905,19.43352388626366,1026.7410433794555,60.71901320884216,0.9800000817805372,0.003382446369238,0.0002134162224946,0.0038873553420192,0.0060882671469187,0.0,0.005578630358664,0.0008498027801281,0.6877009908252306,0.1682899129799048,0.0029416470611531,0.0407816437034206,0.036973404994738,0.0,0.0628258716002567,0.0004865288352961,8.663594106654802,1.167803936808425,1.0,1.1209635213303184,2.1011987472169893,1.7376282678121469,1.5324058479320577,0.0,1.9538085050128289,1.0,9.599114364051816,1040.9186176418627,49.27650279185157,302.7106577576344,18.99215487266697
6,255.0,22.665518093364994,0.9800000000000004,0.0033824925076681,0.0002134169858093,0.0038873656644417,0.0060882757880785,0.0,0.0055786463755121,0.00084980267849,301.44,77.98,0.8459394904458599,0.290658093015709,33.153402970715014,22.665418093364995,1016.1784459581582,58.71029719608966,0.9973852160480235,5.631190686178304e-05,1.2477499504268611e-05,0.0002896201800806,0.0008028404308023,0.0,0.000382334668029,0.0010711992666982,0.9799965549211554,0.0033831516282904,0.0002134568042602,0.003888078598743,0.0060893231573768,0.0,0.0055796760839427,0.0008497588062309,8.366017552752487,1.1775485892598685,1.0,1.122508152966937,2.068572391921815,1.7004024736217147,1.4709452875670652,0.0,1.9247459407369785,1.0,8.432227805466914,1017.7913832278248,57.90987351738985,302.7106577576344,22.13772066860631
6,255.0,23.830827524181665,0.9800000000000004,0.0033824925076681,0.0002134169858093,0.0038873656644417,0.0060882757880785,0.0,0.0055786463755121,0.00084980267849,301.44,77.98,0.8459394904458599,0.3056017892303368,33.153402970715014,22.665418093364995,1013.6663102109012,60.48754666114319,0.9944295492242142,0.0002086341871998,4.133787137264396e-05,0.0009230443010998,0.002253769650387,0.0,0.0012358326831411,0.0009078320825852,0.9414759471314084,0.0118560687667213,0.0006728343105732,0.0118015195403815,0.0163256515285124,0.0,0.0171731031172789,0.0006948756051239,8.227905073723168,1.1885472568244049,1.0,1.118232820676922,2.0513130606030567,1.689075574796354,1.4613272432624649,0.0,1.90920212799932,1.0,8.432227805466914,1017.7913832278248,57.90987351738985,302.7106577576344,22.13772066860631
6,255.0,24.99613695499833,0.9800000000000004,0.0033824925076681,0.0002134169858093,0.0038873656644417,0.0060882757880785,0.0,0.0055786463755121,0.00084980267849,301.44,77.98,0.8459394904458599,0.3205454854449645,33.153402970715014,22.665418093364995,1011.4837244606798,62.16981815623856,0.9916715557986312,0.0004094694895691,7.129462225630409e-05,0.001531725910687,0.0033555904326475,0.0,0.0020791340054475,0.0008812297407615,0.90656896447144,0.0220871247465734,0.0011075730441376,0.0187077606002003,0.0232808351079397,0.0,0.0275956612116146,0.0006520808180941,8.103879052071258,1.198664211983811,1.0,1.1143949011201442,2.0360293195730543,1.6789768517159434,1.452813608547079,0.0,1.8954197644453312,1.0,8.432227805466914,1017.7913832278248,57.90987351738985,302.7106577576344,22.13772066860631
6,255.0,26.161446385815,0.9800000000000004,0.0033824925076681,0.0002134169858093,0.0038873656644417,0.0060882757880785,0.0,0.0055786463755121,0.00084980267849,301.44,77.98,0.8459394904458599,0.3354891816595922,33.153402970715014,22.665418093364995,1009.6295364763932,63.71884298488399,0.989230600415106,0.0006676155607862,0.0001006812160268,0.002085732607144,0.0041783157804567,0.0,0.0028673633249445,0.0008696910955355,0.874878108459829,0.0343006329449882,0.001497298513643,0.0244051073418408,0.0278396895356289,0.0,0.0364558580366352,0.0006233051674344,7.994046413746748,1.207809982575639,1.0,1.1109839448677974,2.021108307623991,1.6701284200815238,1.4453700612927831,0.0,1.883344883357658,1.0,8.432227805466914,1017.7913832278248,57.90987351738985,302.7106577576344,22.13772066860631
6,255.0,27.326755816631668,0.9800000000000004,0.0033824925076681,0.0002134169858093,0.0038873656644417,0.0060882757880785,0.0,0.0055786463755121,0.00084980267849,301.44,77.98,0.8459394904458599,0.3504328778742199,33.153402970715014,22.665418093364995,1008.0703925967908,65.1060385654741,0.9871054832060971,0.0009886100064532,0.0001279179569203,0.0025649873337449,0.0047841162765285,0.0,0.0035658442168693,0.0008630410033865,0.8459703903508831,0.0485379207702211,0.0018261716901671,0.0288311796642636,0.0306884310742439,0.0,0.0435458162074405,0.0006000902427805,7.898207347043568,1.2159533881596816,1.0,1.1079908042640234,2.007109563880036,1.6624921559118857,1.438974927631448,0.0,1.8729175655596384,1.0,8.432227805466914,1017.7913832278248,57.90987351738985,302.7106577576344,22.13772066860631
6,255.0,28.492065247448338,0.9800000000000004,0.0033824925076681,0.0002134169858093,0.0038873656644417,0.0060882757880785,0.0,0.0055786463755121,0.00084980267849,301.44,77.98,0.8459394904458599,0.3653765740888476,33.153402970715014,22.665418093364995,1006.7669185422088,66.32211935292835,0.9852726911497371,0.0013723640992279,0.0001518857944468,0.0029619801235461,0.0052258515119914,0.0,0.0041565662222302,0.0008586610988201,0.8194672559659437,0.0645830104412504,0.0020868001809525,0.0320617221648815,0.0323457089716516,0.0,0.0488754037162294,0.0005800985590905,7.815408690331173,1.223107514155508,1.0,1.105385806159881,1.9948648660513884,1.6559710290528773,1.4335565214045414,0.0,1.8640058476469576,1.0,8.432227805466914,1017.7913832278248,57.90987351738985,302.7106577576344,22.13772066860631
6,255.0,29.657374678265008,0.9800000000000004,0.0033824925076681,0.0002134169858093,0.0038873656644417,0.0060882757880785,0.0,0.0055786463755121,0.00084980267849,301.44,77.98,0.8459394904458599,0.3803202703034753,33.153402970715014,22.665418093364995,1005.6745982522684,67.3776520994628,0.9836921456171226,0.0018130704240603,0.0001721379676808,0.003280780834937,0.0055471462384153,0.0,0.0046391776592547,0.000855541258529,0.7950441368799787,0.0820017687158296,0.0022812651203176,0.0342738759299774,0.0331958423080877,0.0,0.0526407791591752,0.0005623318866335,7.7439399019403,1.2293916322050038,1.0,1.1031179768153063,1.984144781373716,1.6504096133589938,1.4289603866408611,0.0,1.856393603967812,1.0,8.432227805466914,1017.7913832278248,57.90987351738985,302.7106577576344,22.13772066860631
6,255.0,30.822684109081678,0.9800000000000004,0.0033824925076681,0.0002134169858093,0.0038873656644417,0.0060882757880785,0.0,0.0055786463755121,0.00084980267849,301.44,77.98,0.8459394904458599,0.395263966518103,33.153402970715014,22.665418093364995,1004.7484777202365,68.29606113727394,0.9823160058533562,0.0023014437232774,0.0001888147435427,0.0035325749415985,0.0057822690808973,0.0,0.0050257020277016,0.000853189629626,0.7724289421158388,0.1002710385686389,0.0024183826797423,0.0356853361062384,0.033513999189078,0.0,0.0551360527437972,0.0005462485966659,7.681710221885362,1.2349351284878054,1.0,1.1011255457081868,1.974670949848712,1.6456302891284815,1.4250316398474068,0.0,1.849831072984692,1.0,8.432227805466914,1017.7913832278248,57.90987351738985,302.7106577576344,22.13772066860631
6,255.0,31.98799353989834,0.9800000000000004,0.0033824925076681,0.0002134169858093,0.0038873656644417,0.0060882757880785,0.0,0.0055786463755121,0.00084980267849,301.44,77.98,0.8459394904458599,0.4102076627327307,33.153402970715014,22.665418093364995,1003.9486057481408,69.10465007123577,0.9810982152761004,0.0028275133607723,0.0002023862061393,0.0037306829445214,0.0059566403075942,0.0,0.0053332301447717,0.0008513317601,0.7513979131002256,0.1189057363808708,0.0025095599256792,0.0365020975247427,0.0334892291381378,0.0,0.0566639515312828,0.0005315123990605,7.626676766863574,1.2399262841956535,1.0,1.0993484306721413,1.9661729007781488,1.6414551975771396,1.4216374427889302,0.0,1.844081932370848,1.0,8.432227805466914,1017.7913832278248,57.90987351738985,302.7106577576344,22.13772066860631
6,255.0,33.15330297071501,0.9800000000000004,0.0033824925076681,0.0002134169858093,0.0038873656644417,0.0060882757880785,0.0,0.0055786463755121,0.00084980267849,301.44,77.98,0.8459394904458599,0.4251513589473584,33.153402970715014,22.665418093364995,1003.242839516714,69.82849421176333,0.9800000900147032,0.003382443864592,0.000213416132807,0.0038873536959883,0.0060882659396549,0.0,0.0055786275534074,0.0008498027988468,0.7317681543743911,0.1375245842560377,0.0025657250953281,0.0368925434360749,0.0332470873405821,0.0,0.0574840087217951,0.0005178967757908,7.577114088351373,1.2444577633191525,1.0,1.0977450342155992,1.9584222597804508,1.637735348611252,1.418637658985313,0.0,1.838948878341096,1.0,8.432227805466914,1017.7913832278248,57.90987351738985,302.7106577576344,22.13772066860631
6,260.0,26.284439802156985,0.9800000000000004,0.0033824925076681,0.0002134169858093,0.0038873656644417,0.0060882757880785,0.0,0.0055786463755121,0.00084980267849,301.44,77.98,0.8625265392781316,0.337066424751949,36.28660390165627,26.284339802156985,991.1443729174674,68.91522780307757,0.9971088001333596,7.35602980318262e-05,1.520256313859031e-05,0.0003393901610734,0.0009478169315454,0.0,0.0004462762313391,0.001068953681512,0.9799971163617764,0.0033830502185143,0.0002134503942705,0.0038879636653359,0.0060891421973843,0.0,0.0055795114214891,0.0008497657412293,7.2248483506740335,1.2634878629439317,1.0,1.0971423057332148,1.895586520919616,1.6040906716558736,1.36316370662857,0.0,1.8043511650336168,1.0,7.296085655146154,993.0143761526203,67.92140682303575,302.7106577576344,25.654931900849267
6,260.0,27.395780257656902,0.9800000000000004,0.0033824925076681,0.0002134169858093,0.0038873656644417,0.0060882757880785,0.0,0.0055786463755121,0.00084980267849,301.44,77.98,0.8625265392781316,0.3513180335683111,36.28660390165627,26.284339802156985,988.7139640166848,70.67993038802294,0.9943231810702222,0.0002323610337107,4.317466779952997e-05,0.0009340261619008,0.0023061772499025,0.0,0.0012455759767165,0.0009155038397475,0.9490215298591068,0.0101956615465458,0.0005816205670756,0.0102749089864758,0.0142682761707019,0.0,0.0149503000123251,0.0007077028577686,7.105841440219327,1.2747745621331283,1.0,1.0937056574507529,1.8818587613845483,1.5948126880316007,1.3558099107924435,0.0,1.7916452414399666,1.0,7.296085655146154,993.0143761526203,67.92140682303575,302.7106577576344,25.654931900849267
6,260.0,28.507120713156823,0.9800000000000004,0.0033824925076681,0.0002134169858093,0.0038873656644417,0.0060882757880785,0.0,0.0055786463755121,0.00084980267849,301.44,77.98,0.8625265392781316,0.3655696423846733,36.28660390165627,26.284339802156985,986.5792684264184,72.35981342157548,0.9917058774588032,0.0004371781692202,7.19603790242483e-05,0.0015088772904587,0.0033502173849324,0.0,0.0020400615580383,0.0008858277595228,0.9205086017234182,0.0183511156608657,0.0009323251892071,0.0159752761735707,0.0200035865829653,0.0,0.0235623780054285,0.0006667166645442,6.998047146258361,1.285226090816324,1.0,1.0905918045164549,1.8695902814536605,1.5864724373468435,1.3492314187213492,0.0,1.780269913579718,1.0,7.296085655146154,993.0143761526203,67.92140682303575,302.7106577576344,25.654931900849267
6,260.0,29.618461168656747,0.9800000000000004,0.0033824925076681,0.0002134169858093,0.0038873656644417,0.0060882757880785,0.0,0.0055786463755121,0.00084980267849,301.44,77.98,0.8625265392781316,0.3798212512010355,36.28660390165627,26.284339802156985,984.7356196275208,73.924075572177,0.9893571322383982,0.0006955386753461,0.0001001790054719,0.0020391255010241,0.0041425826574164,0.0,0.0027927787660674,0.0008726631562756,0.8942550140819756,0.0280046537259728,0.001251084166526,0.0208238930905516,0.0239178229013273,0.0,0.0311072135535061,0.0006403184801403,6.901385562251292,1.2947925958194852,1.0,1.0877984140949235,1.85870020176148,1.579062064489527,1.3434001451923163,0.0,1.770166686595421,1.0,7.296085655146154,993.0143761526203,67.92140682303575,302.7106577576344,25.654931900849267
6,260.0,30.729801624156664,0.9800000000000004,0.0033824925076681,0.0002134169858093,0.0038873656644417,0.0060882757880785,0.0,0.0055786463755121,0.00084980267849,301.44,77.98,0.8625265392781316,0.3940728600173975,36.28660390165627,26.284339802156985,983.1540739165652,75.3479415611058,0.9872762714765216,0.0010126563636792,0.0001265513072128,0.0025074002348487,0.0047380085556096,0.0,0.0034740759927278,0.0008650360694,0.8699988266961965,0.0392091871572151,0.0015266344209022,0.0247493987625367,0.0265013376597429,0.0,0.0373951078906862,0.0006195074127202,6.815683788638203,1.3034365766181637,1.0,1.0853074235425977,1.8491364314325789,1.5725543565472528,1.338313478427778,0.0,1.761289513614695,1.0,7.296085655146154,993.0143761526203,67.92140682303575,302.7106577576344,25.654931900849267
6,260.0,31.841142079656585,0.9800000000000004,0.0033824925076681,0.0002134169858093,0.0038873656644417,0.0060882757880785,0.0,0.0055786463755121,0.00084980267849,301.44,77.98,0.8625265392781316,0.4083244688337597,36.28660390165627,26.284339802156985,981.8029502590472,76.62023632792145,0.9854465371042278,0.0013895744116123,0.0001501332727703,0.0029055112172023,0.0051822551649017,0.0,0.0040659902839255,0.0008599985453598,0.8475015707767358,0.0518644016996661,0.0017529259274757,0.0277730327397875,0.0281291261701719,0.0,0.0423771758364899,0.0006017668496727,6.740349078156978,1.3111735209441613,1.0,1.083102337108936,1.8408070294171548,1.5668903887172263,1.3339030771863971,0.0,1.753555405385533,1.0,7.296085655146154,993.0143761526203,67.92140682303575,302.7106577576344,25.654931900849267
6,260.0,32.952482535156506,0.9800000000000004,0.0033824925076681,0.0002134169858093,0.0038873656644417,0.0060882757880785,0.0,0.0055786463755121,0.00084980267849,301.44,77.98,0.8625265392781316,0.4225760776501219,36.28660390165627,26.284339802156985,980.647504355544,77.7450327965601,0.9838395630823958,0.0018226629250412,0.0001704681643019,0.0032342106492398,0.0055128799701522,0.0,0.0045638130506572,0.0008564021582115,0.8265515709523416,0.0657211997771467,0.0019298698863908,0.0299907552576118,0.0290840131797123,0.0,0.0461365369746244,0.0005860539721722,6.674297279677654,1.3180701074683172,1.0,1.0811540195520724,1.8335712578790548,1.5619748092230554,1.3301024355296718,0.0,1.746834227544129,1.0,7.296085655146154,993.0143761526203,67.92140682303575,302.7106577576344,25.654931900849267
6,260.0,34.063822990656426,0.9800000000000004,0.0033824925076681,0.0002134169858093,0.0038873656644417,0.0060882757880785,0.0,0.0055786463755121,0.00084980267849,301.44,77.98,0.8625265392781316,0.436827686466484,36.28660390165627,26.284339802156985,979.6517879864748,78.73813054380747,0.9824198769401272,0.0023048189150343,0.0001875626353168,0.0035006496181665,0.0057598197880446,0.0,0.0049735819389676,0.0008536901643429,0.8069652057171877,0.0804422079474253,0.0020621482764753,0.0315397352554241,0.0295747248113258,0.0,0.0488441523891499,0.0005718256030116,6.616113414792836,1.324223108878103,1.0,1.0794242668919256,1.8272539539217667,1.5576895833621194,1.3268165720998273,0.0,1.7409653675668937,1.0,7.296085655146154,993.0143761526203,67.92140682303575,302.7106577576344,25.654931900849267
6,260.0,35.17516344615635,0.9800000000000004,0.0033824925076681,0.0002134169858093,0.0038873656644417,0.0060882757880785,0.0,0.0055786463755121,0.00084980267849,301.44,77.98,0.8625265392781316,0.4510792952828462,36.28660390165627,26.284339802156985,978.7821056836336,79.62094799422323,0.9811509856010818,0.002827500653578,0.0002017304357664,0.0037149303643626,0.0059459909489105,0.0,0.0053073092277456,0.0008515527685549,0.7885870141541095,0.0956796053574805,0.002156931688206,0.0325639673720061,0.0297507489590295,0.0,0.0507029759727611,0.000558756496407,6.5643062763191145,1.329779461410972,1.0,1.0778729447533058,1.8216768295431824,1.5539126636840934,1.3239357799174272,0.0,1.7357833956747348,1.0,7.296085655146154,993.0143761526203,67.92140682303575,302.7106577576344,25.654931900849267
6,260.0,36.28650390165627,0.9800000000000004,0.0033824925076681,0.0002134169858093,0.0038873656644417,0.0060882757880785,0.0,0.0055786463755121,0.00084980267849,301.44,77.98,0.8625265392781316,0.4653309040992083,36.28660390165627,26.284339802156985,978.0096616150048,80.41522684702574,0.980000099100489,0.0033824413469113,0.0002134160321874,0.0038873517502397,0.0060882645691707,0.0,0.0055786243785617,0.0008498028224397,0.7712873630566293,0.1111306638453457,0.0022218119764254,0.033191658864445,0.0297160887591362,0.0,0.051905779164425,0.0005466343335931,6.517522420866002,1.334861155323388,1.0,1.076466659440626,1.8166806967638849,1.5505344823738425,1.321377541111305,0.0,1.7311402621736691,1.0,7.296085655146154,993.0143761526203,67.92140682303575,302.7106577576344,25.654931900849267
6,265.0,30.32166153830315,0.9800000000000004,0.0033824925076681,0.0002134169858093,0.0038873656644417,0.0060882757880785,0.0,0.0055786463755121,0.00084980267849,301.44,77.98,0.8791135881104034,0.3888389527866523,39.82547873669989,30.32156153830315,964.0332738861518,80.83619142310833,0.996784150093037,9.642073616519532e-05,1.8506905822296107e-05,0.0003969645870955,0.0011159267530794,0.0,0.0005235061398764,0.0010645247849242,0.979997583859992,0.0033829655497603,0.0002134450438306,0.0038878681204874,0.0060889915759719,0.0,0.0055793740815027,0.0008497717684546,6.117838253039382,1.3658717286370647,1.0,1.0741247968126375,1.7436172374271803,1.519337288778786,1.2716655461139654,0.0,1.6920086768178086,1.0,6.194157229336726,966.2255774553212,79.59167899763797,302.7106577576344,29.571779036695137
6,265.0,31.37763011590279,0.9800000000000004,0.0033824925076681,0.0002134169858093,0.0038873656644417,0.0060882757880785,0.0,0.0055786463755121,0.00084980267849,301.44,77.98,0.8791135881104034,0.4023804836612309,39.82547873669989,30.32156153830315,961.6741554351642,82.59836775545216,0.9941634377591204,0.0002624113154549,4.553934797301254e-05,0.0009532446229179,0.0023785969583718,0.0,0.0012735081782594,0.0009232618179024,0.955198512619656,0.0088460427862363,0.0005073862316272,0.0090252825474312,0.012584265973855,0.0,0.0131173408990959,0.0007211689420981,6.016111333845286,1.377673606854538,1.0,1.0714011936782106,1.7326739116009588,1.51169733927085,1.2660901204012915,0.0,1.6816039092999857,1.0,6.194157229336726,966.2255774553212,79.59167899763797,302.7106577576344,29.571779036695137
6,265.0,32.433598693502425,0.9800000000000004,0.0033824925076681,0.0002134169858093,0.0038873656644417,0.0060882757880785,0.0,0.0055786463755121,0.00084980267849,301.44,77.98,0.8791135881104034,0.4159220145358094,39.82547873669989,30.32156153830315,959.5794141090614,84.28452275451308,0.9916864497634116,0.0004719280447113,7.313800895648199e-05,0.0014942961015437,0.0033613978268782,0.0,0.0020219354001452,0.0008908548543534,0.932078663655304,0.0153175233687051,0.0007886435232048,0.0137003622323927,0.0172700836591691,0.0,0.0201632590151063,0.0006814645461176,5.923212479762353,1.3886945498849714,1.0,1.0689132090589877,1.72280552476574,1.5047548367225303,1.261055599422933,0.0,1.6722014460462842,1.0,6.194157229336726,966.2255774553212,79.59167899763797,302.7106577576344,29.571779036695137
6,265.0,33.48956727110206,0.9800000000000004,0.0033824925076681,0.0002134169858093,0.0038873656644417,0.0060882757880785,0.0,0.0055786463755121,0.00084980267849,301.44,77.98,0.8791135881104034,0.429463545410388,39.82547873669989,30.32156153830315,957.7414636526862,85.87033015941587,0.9894346026404104,0.0007313005623024,0.000100171306599,0.0019997552755125,0.0041194136642412,0.0,0.0027387411456823,0.0008760154052521,0.910540842751022,0.0229010207646649,0.0010471510326828,0.0177842759877089,0.0205833752716989,0.0,0.0264865140885683,0.0006568201036543,5.838955161297851,1.398900520420802,1.0,1.0666578816617236,1.7139350815367485,1.4985074064431507,1.2565401503510705,0.0,1.6637448958544852,1.0,6.194157229336726,966.2255774553212,79.59167899763797,302.7106577576344,29.571779036695137
6,265.0,34.545535848701704,0.9800000000000004,0.0033824925076681,0.0002134169858093,0.0038873656644417,0.0060882757880785,0.0,0.0055786463755121,0.00084980267849,301.44,77.98,0.8791135881104034,0.4430050762849666,39.82547873669989,30.32156153830315,956.1352627329948,87.3349066358891,0.9874075236588616,0.0010452504020191,0.0001256159236624,0.002454819285669,0.0047002436367486,0.0,0.0033992213554633,0.0008673257375757,0.890427236692623,0.0316447355409235,0.0012751191308177,0.0212099073966091,0.0228725455494544,0.0,0.0319325441769013,0.0006379115126708,5.763173182670142,1.4082597924301874,1.0,1.064619179610779,1.70602244228717,1.4929339667466737,1.2525313980216952,0.0,1.6562048394333728,1.0,6.194157229336726,966.2255774553212,79.59167899763797,302.7106577576344,29.571779036695137
6,265.0,35.60150442630134,0.9800000000000004,0.0033824925076681,0.0002134169858093,0.0038873656644417,0.0060882757880785,0.0,0.0055786463755121,0.00084980267849,301.44,77.98,0.8791135881104034,0.4565466071595452,39.82547873669989,30.32156153830315,954.7351185226208,88.66667916016725,0.9855929892316916,0.001415500415604,0.0001486946791025,0.0028512749156474,0.005143219493889,0.0,0.0039867682049493,0.000861553059116,0.8715883889754209,0.0415096500507186,0.001467960709861,0.0239704129565752,0.024406758287823,0.0,0.0364347896428186,0.0006220393767824,5.695487381827655,1.4167686577031129,1.0,1.0627895332355126,1.699011272828433,1.4880054441728747,1.2490023113306628,0.0,1.6495224673875108,1.0,6.194157229336726,966.2255774553212,79.59167899763797,302.7106577576344,29.571779036695137
6,265.0,36.657473003900975,0.9800000000000004,0.0033824925076681,0.0002134169858093,0.0038873656644417,0.0060882757880785,0.0,0.0055786463755121,0.00084980267849,301.44,77.98,0.8791135881104034,0.4700881380341238,39.82547873669989,30.32156153830315,953.5140344492426,89.86525982869209,0.9839711384722468,0.001840148933536,0.0001689764503877,0.0031875735338037,0.0054804300928914,0.0,0.0044943186644853,0.0008574138526487,0.8538876415225074,0.0523630523838268,0.0016247252978171,0.0261108254242856,0.0253917714345203,0.0,0.0400138910681315,0.0006080928689113,5.635225034267705,1.4244639545240907,1.0,1.0611530375363911,1.692817570493678,1.4836567693314924,1.245900256791671,0.0,1.6436181216332906,1.0,6.194157229336726,966.2255774553212,79.59167899763797,302.7106577576344,29.571779036695137
6,265.0,37.71344158150062,0.9800000000000004,0.0033824925076681,0.0002134169858093,0.0038873656644417,0.0060882757880785,0.0,0.0055786463755121,0.00084980267849,301.44,77.98,0.8791135881104034,0.4836296689087024,39.82547873669989,30.32156153830315,952.4439175483816,90.9400736804179,0.9825165674708743,0.0023141653240631,0.0001863791917943,0.0034675158077619,0.0057376648971013,0.0,0.0049234230982956,0.0008542842101092,0.8372026870681648,0.0640024651157676,0.001747619576293,0.0277108601912417,0.0259829512520302,0.0,0.0427579091768404,0.000595507619662,5.581473141764802,1.4314377532674152,1.0,1.0596836488506411,1.6873356743851806,1.4798116273929427,1.2431811059039373,0.0,1.6383915165087437,1.0,6.194157229336726,966.2255774553212,79.59167899763797,302.7106577576344,29.571779036695137
6,265.0,38.769410159100254,0.9800000000000004,0.0033824925076681,0.0002134169858093,0.0038873656644417,0.0060882757880785,0.0,0.0055786463755121,0.00084980267849,301.44,77.98,0.8791135881104034,0.497171199783281,39.82547873669989,30.32156153830315,951.4973362089617,91.90669003880087,0.9812016938556436,0.0028306921758727,0.0002010840006797,0.003698084747466,0.0059351430192252,0.0,0.0052814848848894,0.0008518173162231,0.8214268008602126,0.0761969980394041,0.001840853872298,0.0288645097182163,0.0262953800652261,0.0,0.0447915024685057,0.0005839549761369,5.533200527946365,1.437774723742598,1.0,1.0583564872569198,1.6824490007604975,1.4763881858690289,1.2407723693091492,0.0,1.6337315810381956,1.0,6.194157229336726,966.2255774553212,79.59167899763797,302.7106577576344,29.571779036695137
6,265.0,39.82537873669989,0.9800000000000004,0.0033824925076681,0.0002134169858093,0.0038873656644417,0.0060882757880785,0.0,0.0055786463755121,0.00084980267849,301.44,77.98,0.8791135881104034,0.5107127306578595,39.82547873669989,30.32156153830315,950.6495042730402,92.78281203472768,0.9800001091801211,0.0033824388126503,0.0002134159187543,0.0038873494469653,0.0060882630007794,0.0,0.0055786207882261,0.000849802852503,0.8064688069796246,0.0887255055763239,0.0019093972182742,0.0296634683973118,0.0264124450516508,0.0,0.0462471509947127,0.0005732257821016,5.4894038700006185,1.44359422363857,1.0,1.0571468603548684,1.6780468121856529,1.4733080916555985,1.238619772356803,0.0,1.6295331727595046,1.0,6.194157229336726,966.2255774553212,79.59167899763797,302.7106577576344,29.571779036695137
6,270.0,34.81134021391835,0.9800000000000004,0.0033824925076681,0.0002134169858093,0.0038873656644417,0.0060882757880785,0.0,0.0055786463755121,0.00084980267849,301.44,77.98,0.8957006369426752,0.4464136985626872,43.78856466397367,34.811240213918346,934.3250208083196,94.88123692392256,0.9963970511994372,0.0001272077340937,2.256434617705045e-05,0.0004649345797383,0.0013119624306956,0.0,0.0006184893286857,0.0010577903811722,0.979997976675338,0.0033828941956231,0.0002134405361933,0.0038877879775231,0.0060888651643323,0.0,0.0055792584372761,0.0008497770137138,5.049467384544506,1.4909684011895934,1.0,1.0534522470055778,1.6090316633977402,1.4434318092802858,1.1945094703185068,0.0,1.5865512459893514,1.0,5.130843724671824,936.9320241360858,93.30322734807504,302.7106577576344,33.91794976874195
6,270.0,35.80879848614672,0.9800000000000004,0.0033824925076681,0.0002134169858093,0.0038873656644417,0.0060882757880785,0.0,0.0055786463755121,0.00084980267849,301.44,77.98,0.8957006369426752,0.459204904926221,43.78856466397367,34.811240213918346,932.026544024224,96.65143878632252,0.9939393414918444,0.0003010946480326,4.857833053087903e-05,0.0009833056205957,0.0024742640439468,0.0,0.0013226588284082,0.0009307570366413,0.9602978844093176,0.0077377955789746,0.0004464029013927,0.0079920162822354,0.0111963848885427,0.0,0.011594135604656,0.0007353803348807,4.963548667477648,1.5036098310209896,1.0,1.051341513978164,1.6003029343182191,1.4370983467402942,1.1903383988616996,0.0,1.578040475269071,1.0,5.130843724671824,936.9320241360858,93.30322734807504,302.7106577576344,33.91794976874195
6,270.0,36.806256758375085,0.9800000000000004,0.0033824925076681,0.0002134169858093,0.0038873656644417,0.0060882757880785,0.0,0.0055786463755121,0.00084980267849,301.44,77.98,0.8957006369426752,0.4719961112897548,43.78856466397367,34.811240213918346,929.9624816224012,98.3534356968279,0.9916041743579668,0.0005159209417626,7.494406612966055e-05,0.0014904672273328,0.0033913479822214,0.0,0.0020269274216296,0.0008962180029571,0.9417401102527664,0.0128338079292435,0.0006699732625842,0.0117901312650072,0.0149802621823972,0.0,0.0172889474617255,0.0006967676462755,4.884459329976402,1.5155217155279694,1.0,1.0494005697152362,1.5923569541532772,1.4312895488377515,1.186542053166234,0.0,1.5702840836755931,1.0,5.130843724671824,936.9320241360858,93.30322734807504,302.7106577576344,33.91794976874195
6,270.0,37.803715030603456,0.9800000000000004,0.0033824925076681,0.0002134169858093,0.0038873656644417,0.0060882757880785,0.0,0.0055786463755121,0.00084980267849,301.44,77.98,0.8957006369426752,0.4847873176532887,43.78856466397367,34.811240213918346,928.1231393151232,99.96851279481275,0.989454844023281,0.000776895924224,0.0001007503620954,0.0019699999020774,0.0041104863975582,0.0,0.0027072856793088,0.0008797377114552,0.9242832189457824,0.0187371037522224,0.0008773540735209,0.0151862774306708,0.017743260066152,0.0,0.0224993882559828,0.0006733974756682,4.81197168341609,1.52668129096689,1.0,1.0476232244699062,1.585135545123479,1.4260030931932628,1.1831003768683328,0.0,1.5632221900818808,1.0,5.130843724671824,936.9320241360858,93.30322734807504,302.7106577576344,33.91794976874195
6,270.0,38.80117330283183,0.9800000000000004,0.0033824925076681,0.0002134169858093,0.0038873656644417,0.0060882757880785,0.0,0.0055786463755121,0.00084980267849,301.44,77.98,0.8957006369426752,0.4975785240168225,43.78856466397367,34.811240213918346,926.4871634182388,101.47960707386972,0.987491249418588,0.0010881427364678,0.0001251925645197,0.002409548228865,0.0046722526297025,0.0,0.0033436893603114,0.0008699250615453,0.9078330114069876,0.0254851224582546,0.0010633273878081,0.0181239272920912,0.0197295419384752,0.0,0.0271091159153,0.0006559536010829,4.7459228234296456,1.5370500347707492,1.0,1.0460026335539816,1.5785985702848693,1.4212230714344778,1.1800019150029877,0.0,1.556831650013262,1.0,5.130843724671824,936.9320241360858,93.30322734807504,302.7106577576344,33.91794976874195
6,270.0,39.79863157506019,0.9800000000000004,0.0033824925076681,0.0002134169858093,0.0038873656644417,0.0060882757880785,0.0,0.0055786463755121,0.00084980267849,301.44,77.98,0.8957006369426752,0.5103697303803564,43.78856466397367,34.811240213918346,925.0337460171686,102.87578081233843,0.9857043293311504,0.001451704358809,0.0001476471367784,0.0028013728787139,0.0051099663001504,0.0,0.0039216350403979,0.0008633449539998,0.8922965329915781,0.0330681584086543,0.0012246215376095,0.0205843911910611,0.021129681870646,0.0,0.0310550223919133,0.0006415916085373,4.686059466787363,1.5466197974524876,1.0,1.044528582907924,1.572713563721679,1.4169226803374495,1.1772262525108077,0.0,1.5510765971543057,1.0,5.130843724671824,936.9320241360858,93.30322734807504,302.7106577576344,33.91794976874195
6,270.0,40.79608984728856,0.9800000000000004,0.0033824925076681,0.0002134169858093,0.0038873656644417,0.0060882757880785,0.0,0.0055786463755121,0.00084980267849,301.44,77.98,0.8957006369426752,0.5231609367438902,43.78856466397367,34.811240213918346,923.7420390981172,104.15390330883552,0.984080269706191,0.0018669587684153,0.0001677311966001,0.0031425101787876,0.0054507047596726,0.0,0.004433230702679,0.0008585946876541,0.8775866546767476,0.041421860334663,0.0013601143473943,0.0225829783472176,0.0220910860437732,0.0,0.0343281799327015,0.0006291263175022,4.631973341044022,1.5554108781085576,1.0,1.043194799540622,1.567430604253513,1.4130652876232377,1.1747479871665032,0.0,1.5459099093794877,1.0,5.130843724671824,936.9320241360858,93.30322734807504,302.7106577576344,33.91794976874195
6,270.0,41.79354811951693,0.9800000000000004,0.0033824925076681,0.0002134169858093,0.0038873656644417,0.0060882757880785,0.0,0.0055786463755121,0.00084980267849,301.44,77.98,0.8957006369426752,0.5359521431074241,43.78856466397367,34.811240213918346,922.590584249674,105.31844041814026,0.9826014718552518,0.0023307020949065,0.0001853130036151,0.003434175024317,0.0057163339258522,0.0,0.0048770188427714,0.0008549852532857,0.8636232802368189,0.050434286617398,0.0014706472931203,0.0241608274044261,0.0227270773115777,0.0,0.0369659206952634,0.0006179604413955,4.583099715698416,1.5634762917421654,1.0,1.0419835751786737,1.5626893120813456,1.4096038860496,1.1725389975482683,0.0,1.541270891432828,1.0,5.130843724671824,936.9320241360858,93.30322734807504,302.7106577576344,33.91794976874195
6,270.0,42.7910063917453,0.9800000000000004,0.0033824925076681,0.0002134169858093,0.0038873656644417,0.0060882757880785,0.0,0.0055786463755121,0.00084980267849,301.44,77.98,0.8957006369426752,0.5487433494709579,43.78856466397367,34.811240213918346,921.5578690078436,106.37958615940862,0.9812481109317494,0.0028378548059372,0.000200469831237,0.003680543382312,0.0059242975096457,0.0,0.0052565909720427,0.0008521325670756,0.8503344440231237,0.0599646028028867,0.0015584897299215,0.0253740184278771,0.0231238886492793,0.0,0.0390368045279215,0.00060775183899,4.5387681727350895,1.5708972077495815,1.0,1.0408813230809637,1.5584165668564058,1.4064864971362032,1.170562833141367,0.0,1.537088453502228,1.0,5.130843724671824,936.9320241360858,93.30322734807504,302.7106577576344,33.91794976874195
6,270.0,43.78846466397367,0.9800000000000004,0.0033824925076681,0.0002134169858093,0.0038873656644417,0.0060882757880785,0.0,0.0055786463755121,0.00084980267849,301.44,77.98,0.8957006369426752,0.5615345558344917,43.78856466397367,34.811240213918346,920.6234977561902,107.350633243597,0.9800001204659772,0.0033824362430622,0.0002134157897639,0.0038873467107612,0.0060882611825601,0.0,0.005578616716525,0.0008498028913499,0.8376569428193571,0.0698649650023726,0.0016266687084464,0.0262831066617916,0.0233462118903343,0.0,0.0406238183691162,0.0005982865485814,4.498282816037053,1.5777674281203835,1.0,1.039873096158903,1.5545370226888002,1.403659893174361,1.1687780521346234,0.0,1.5332922600696952,1.0,5.130843724671824,936.9320241360858,93.30322734807504,302.7106577576344,33.91794976874195
6,275.0,39.79164441451033,0.9800000000000004,0.0033824925076681,0.0002134169858093,0.0038873656644417,0.0060882757880785,0.0,0.0055786463755121,0.00084980267849,301.44,77.98,0.9122876857749468,0.5102801284240873,48.193847475870776,39.79154441451033,901.2732241999136,111.6388260717954,0.9959257141790598,0.0001696284998614,2.764157614322488e-05,0.0005475379211301,0.0015428348363617,0.0,0.0007381294142172,0.0010485135732264,0.9799983100650717,0.0033828334362473,0.0002134366991075,0.0038877200656004,0.0060887581211999,0.0,0.0055791600202123,0.0008497815925607,4.025588787185294,1.6489927755669287,1.0,1.0352341867628327,1.488812026391573,1.3739675438721768,1.1302372710655282,0.0,1.486881694412628,1.0,4.11187312512685,904.4335281070778,109.60126774294156,302.7106577576344,38.72523437118672
6,275.0,40.72521142132816,0.9800000000000004,0.0033824925076681,0.0002134169858093,0.0038873656644417,0.0060882757880785,0.0,0.0055786463755121,0.00084980267849,301.44,77.98,0.9122876857749468,0.5222520059159804,48.193847475870776,39.79154441451033,899.0236866180359,113.4287420755922,0.9936331734158558,0.0003520599400193,5.251803335438239e-05,0.0010282249661915,0.0025982028758681,0.0,0.0013983082060777,0.000937512562633,0.9645485738542712,0.0068170930647313,0.0003957749889643,0.0071278292008243,0.010043818800794,0.0,0.0103165151400996,0.0007503949503149,3.954316857301536,1.6629580848546732,1.0,1.033662319750661,1.481868774012022,1.368695873703101,1.127195232645811,0.0,1.4799450078604897,1.0,4.11187312512685,904.4335281070778,109.60126774294156,302.7106577576344,38.72523437118672
6,275.0,41.65877842814599,0.9800000000000004,0.0033824925076681,0.0002134169858093,0.0038873656644417,0.0060882757880785,0.0,0.0055786463755121,0.00084980267849,301.44,77.98,0.9122876857749468,0.5342238834078736,48.193847475870776,39.79154441451033,896.9789324095151,115.1576886050266,0.9914441458605197,0.0005726208342503,7.756365476675662e-05,0.0015011032240051,0.0034436849167674,0.0,0.0020591345537626,0.0009017469559281,0.9498704251101224,0.0107801821253139,0.0005710848416347,0.0101697980785611,0.0130508223757746,0.0,0.014844641085964,0.0007130463826293,3.8881902759432334,1.6762323258466658,1.0,1.0322091320245366,1.4754895008226552,1.3638228110160318,1.124401406273923,0.0,1.4735561216448936,1.0,4.11187312512685,904.4335281070778,109.60126774294156,302.7106577576344,38.72523437118672
6,275.0,42.59234543496381,0.9800000000000004,0.0033824925076681,0.0002134169858093,0.0038873656644417,0.0060882757880785,0.0,0.0055786463755121,0.00084980267849,301.44,77.98,0.9122876857749468,0.5461957608997667,48.193847475870776,39.79154441451033,895.1281603796652,116.81179081524522,0.9894050020858586,0.0008354785809612,0.0001020647756408,0.001953289116983,0.0041184721054234,0.0,0.0027019094624609,0.0008837838726719,0.9359495695126724,0.0153120018160565,0.0007349599635626,0.0129460456873949,0.0153142918382984,0.0,0.0190524870256098,0.0006906441564053,3.826981076339956,1.688801313879701,1.0,1.030868196411076,1.4696218065181,1.3593342337879228,1.121845062535786,0.0,1.4676760611495223,1.0,4.11187312512685,904.4335281070778,109.60126774294156,302.7106577576344,38.72523437118672
6,275.0,43.52591244178164,0.9800000000000004,0.0033824925076681,0.0002134169858093,0.0038873656644417,0.0060882757880785,0.0,0.0055786463755121,0.00084980267849,301.44,77.98,0.9122876857749468,0.5581676383916598,48.193847475870776,39.79154441451033,893.4536512571334,118.37763688448528,0.987515920056534,0.001144096862978,0.0001254044981459,0.0023747677459269,0.0046561059346266,0.0,0.0033108711318064,0.0008728337699816,0.9227308165610308,0.0204384337391477,0.0008840472297446,0.0154129336605404,0.0170010046936759,0.0,0.022858451835554,0.0006743122803066,3.770541596844076,1.7006330853280418,1.0,1.0296343566123862,1.4642408645333718,1.3552169174076545,1.119512116054768,0.0,1.462282826246103,1.0,4.11187312512685,904.4335281070778,109.60126774294156,302.7106577576344,38.72523437118672
6,275.0,44.45947944859947,0.9800000000000004,0.0033824925076681,0.0002134169858093,0.0038873656644417,0.0060882757880785,0.0,0.0055786463755121,0.00084980267849,301.44,77.98,0.9122876857749468,0.570139515883553,48.193847475870776,39.79154441451033,891.9388066428845,119.84561000898329,0.9857702036632972,0.0015005613858604,0.0001470977330031,0.0027586451289628,0.0050841165727962,0.0,0.0038739865157994,0.0008653890002805,0.910157165514348,0.0261614811748909,0.0010161485473342,0.0175494556252249,0.0182426692831133,0.0,0.0262119347971229,0.0006611450579654,3.718694345301303,1.711714029704612,1.0,1.0285026215151472,1.4593229015661118,1.3514580973578136,1.1173914325357113,0.0,1.4573532132794769,1.0,4.11187312512685,904.4335281070778,109.60126774294156,302.7106577576344,38.72523437118672
6,275.0,45.39304645541729,0.9800000000000004,0.0033824925076681,0.0002134169858093,0.0038873656644417,0.0060882757880785,0.0,0.0055786463755121,0.00084980267849,301.44,77.98,0.9122876857749468,0.5821113933754462,48.193847475870776,39.79154441451033,890.5677399429578,121.21122119997214,0.9841583176361332,0.0019051135786708,0.0001668224178988,0.0031012897111829,0.005424876564297,0.0,0.0043836183489041,0.0008599617429127,0.898174056309844,0.0324538467502383,0.0011302888613434,0.0193554978072635,0.0191424174576674,0.0,0.0290939967094308,0.0006498961042122,3.671193972597511,1.7220544896029986,1.0,1.0274666921969824,1.4548399454271403,1.3480355109289264,1.115469658774156,0.0,1.4528595268195612,1.0,4.11187312512685,904.4335281070778,109.60126774294156,302.7106577576344,38.72523437118672
6,275.0,46.32661346223512,0.9800000000000004,0.0033824925076681,0.0002134169858093,0.0038873656644417,0.0060882757880785,0.0,0.0055786463755121,0.00084980267849,301.44,77.98,0.9122876857749468,0.5940832708673393,48.193847475870776,39.79154441451033,889.3244866642212,122.47540572336948,0.9826684653100812,0.0023560407113746,0.0001844285050132,0.0034021108088273,0.0056965304112526,0.0,0.0048366171468511,0.0008558071065997,0.8867302488171881,0.0392596325550832,0.0012266392228766,0.0208482755448956,0.0197807879918281,0.0,0.0315144834523986,0.0006399324157296,3.627707034255458,1.7316809039500691,1.0,1.0265184080195906,1.4507560251767169,1.3449195139787509,1.1137298828110629,0.0,1.4487659646689426,1.0,4.11187312512685,904.4335281070778,109.60126774294156,302.7106577576344,38.72523437118672
6,275.0,47.26018046905295,0.9800000000000004,0.0033824925076681,0.0002134169858093,0.0038873656644417,0.0060882757880785,0.0,0.0055786463755121,0.00084980267849,301.44,77.98,0.9122876857749468,0.6060551483592325,48.193847475870776,39.79154441451033,888.192872155963,123.64380731326168,0.9812871547327526,0.0028499693116526,0.0001999198424331,0.0036629651873963,0.0059137410109678,0.0,0.0052337436580469,0.0008525062567504,0.8757785033681428,0.0465011347871692,0.0013062867450746,0.0220571730445986,0.0202204350552703,0.0,0.033505574266884,0.00063089273286,3.5878258066066264,1.7406474567496026,1.0,1.0256490812287589,1.4470298768932532,1.3420774739655268,1.1121523988081854,0.0,1.4450319647016028,1.0,4.11187312512685,904.4335281070778,109.60126774294156,302.7106577576344,38.72523437118672
6,275.0,48.19374747587077,0.9800000000000004,0.0033824925076681,0.0002134169858093,0.0038873656644417,0.0060882757880785,0.0,0.0055786463755121,0.00084980267849,301.44,77.98,0.9122876857749468,0.6180270258511256,48.193847475870776,39.79154441451033,887.1569772752396,124.72533600182922,0.9800001332999309,0.0033824335905755,0.0002134156408903,0.0038873434360992,0.0060882590314729,0.0,0.0055786120584949,0.0008498029425359,0.8652761313207301,0.0540891714122623,0.0013709142542484,0.0230180690844266,0.0205097582744138,0.0,0.0351134026966799,0.0006225529572386,3.551103798835902,1.749025012080064,1.0,1.0248495070578156,1.443617010382213,1.3394754211804645,1.1107156377336806,0.0,1.441611503649266,1.0,4.11187312512685,904.4335281070778,109.60126774294156,302.7106577576344,38.72523437118672
6,280.0,45.306704483498784,0.9800000000000004,0.0033824925076681,0.0002134169858093,0.0038873656644417,0.0060882757880785,0.0,0.0055786463755121,0.00084980267849,301.44,77.98,0.9288747346072188,0.581004161111808,53.0572412164186,45.30660448349878,863.7421175799641,132.01171359109026,0.9953343546786808,0.0002300506612871,3.417648115323763e-05,0.0006520758570549,0.0018192485415911,0.0,0.0008938287385851,0.0010362650416475,0.9799985964443082,0.0033827810511242,0.0002134333917185,0.0038876617909836,0.0060886665327571,0.0,0.005579075177545,0.000849785611563,3.0541429485940603,1.8579317854759745,1.0,1.0197734913719405,1.3803545018326204,1.3086809937025292,1.077914317550044,0.0,1.391893083081956,1.0,3.1449654870637134,867.6798743518019,129.30886906724652,302.7106577576344,44.02808165538378
6,280.0,46.167864120489874,0.9800000000000004,0.0033824925076681,0.0002134169858093,0.0038873656644417,0.0060882757880785,0.0,0.0055786463755121,0.00084980267849,301.44,77.98,0.9288747346072188,0.5920475009039481,53.0572412164186,45.30660448349878,861.5274888510046,133.8350939409348,0.9932148309200672,0.0004214884602123,5.77326309490167e-05,0.0010946906135353,0.0027586396828897,0.0,0.0015097647181282,0.0009428529742178,0.9681328471729148,0.0060415267219777,0.0003532243010211,0.0063952374507668,0.0090783481361744,0.0,0.0092325743565485,0.0007662418605962,2.9966434900538386,1.8739847513244328,1.0,1.0186882937483126,1.3748642961633293,1.30429204830553,1.0757943233625975,0.0,1.386274149178158,1.0,3.1449654870637134,867.6798743518019,129.30886906724652,302.7106577576344,44.02808165538378
6,280.0,47.02902375748096,0.9800000000000004,0.0033824925076681,0.0002134169858093,0.0038873656644417,0.0060882757880785,0.0,0.0055786463755121,0.00084980267849,301.44,77.98,0.9288747346072188,0.6030908406960882,53.0572412164186,45.30660448349878,859.4872834513067,135.6046594266914,0.9911807476304588,0.0006478535826884,8.130817703797792e-05,0.0015322436702791,0.0035245851127181,0.0,0.0021261260995109,0.0009071357273066,0.9567803593887791,0.0090616595131467,0.0004877742258287,0.0087783701041685,0.0114124256649651,0.0,0.0127486749515362,0.0007307361515752,2.942863283275886,1.8893735843568928,1.0,1.0176807300746198,1.3697672906570717,1.3001937433480308,1.0738322699353589,0.0,1.3810454336233746,1.0,3.1449654870637134,867.6798743518019,129.30886906724652,302.7106577576344,44.02808165538378
6,280.0,47.89018339447205,0.9800000000000004,0.0033824925076681,0.0002134169858093,0.0038873656644417,0.0060882757880785,0.0,0.0055786463755121,0.00084980267849,301.44,77.98,0.9288747346072188,0.6141341804882284,53.0572412164186,45.30660448349878,857.6107488847001,137.3106530342735,0.9892633159889156,0.0009123513376577,0.0001043681284289,0.0019550445996794,0.0041479598245067,0.0,0.0027289239711143,0.0008880361496972,0.9459381143611112,0.0124653809836183,0.0006143975540623,0.0109926505542489,0.013222958501437,0.0,0.0160572826173642,0.0007092154281579,2.8926096139722626,1.9041210482166664,1.0,1.0167471434351365,1.3650261681811136,1.2963763347877495,1.0720184224714409,0.0,1.3761790936424048,1.0,3.1449654870637134,867.6798743518019,129.30886906724652,302.7106577576344,44.02808165538378
6,280.0,48.75134303146314,0.9800000000000004,0.0033824925076681,0.0002134169858093,0.0038873656644417,0.0060882757880785,0.0,0.0055786463755121,0.00084980267849,301.44,77.98,0.9288747346072188,0.6251775202803685,53.0572412164186,45.30660448349878,855.8838299890477,138.94308027540032,0.987462953741154,0.0012177581130439,0.0001264576964132,0.0023553175909033,0.0046552151680511,0.0,0.0033062809812941,0.0008760167091402,0.9355748950335452,0.0162686172300232,0.0007310639783027,0.0130072662884106,0.0146189287542013,0.0,0.019105471632862,0.0006937570826546,2.845754938362484,1.9181718319554388,1.0,1.0158841156210994,1.36062214538077,1.2928318572742403,1.0703445353666006,0.0,1.3716580729752108,1.0,3.1449654870637134,867.6798743518019,129.30886906724652,302.7106577576344,44.02808165538378
6,280.0,49.61250266845423,0.9800000000000004,0.0033824925076681,0.0002134169858093,0.0038873656644417,0.0060882757880785,0.0,0.0055786463755121,0.00084980267849,301.44,77.98,0.9288747346072188,0.6362208600725088,53.0572412164186,45.30660448349878,854.2937495031216,140.49406629675187,0.9857748879552064,0.001565994598111,0.0001472148586321,0.0027272859949302,0.0050681793442503,0.0,0.0038487529187715,0.0008676843300979,0.925656698711976,0.0204762428892885,0.0008363974091524,0.0148040378990149,0.0156876669485281,0.0,0.021857424776932,0.0006815313651077,2.8021729517320177,1.9315294616473215,1.0,1.015088133667451,1.3565431412937192,1.289548991756093,1.0688025351307633,0.0,1.367465986080453,1.0,3.1449654870637134,867.6798743518019,129.30886906724652,302.7106577576344,44.02808165538378
6,280.0,50.47366230544532,0.9800000000000004,0.0033824925076681,0.0002134169858093,0.0038873656644417,0.0060882757880785,0.0,0.0055786463755121,0.00084980267849,301.44,77.98,0.9288747346072188,0.6472641998646489,53.0572412164186,45.30660448349878,852.8287519958224,141.95883266106412,0.9841926675570658,0.0019577994676284,0.0001663837384921,0.0030672630163463,0.005404686963406,0.0,0.0043496731961389,0.0008615260609223,0.91615035364548,0.0250789770326535,0.0009296808362652,0.0163766134625534,0.0164985704544618,0.0,0.0242945359169879,0.0006712686515978,2.7617200299109235,1.944182284629264,1.0,1.014354769301128,1.3527684522336352,1.2865121044732764,1.0673861304319965,0.0,1.36359057166444,1.0,3.1449654870637134,867.6798743518019,129.30886906724652,302.7106577576344,44.02808165538378
6,280.0,51.33482194243641,0.9800000000000004,0.0033824925076681,0.0002134169858093,0.0038873656644417,0.0060882757880785,0.0,0.0055786463755121,0.00084980267849,301.44,77.98,0.9288747346072188,0.658307539656789,53.0572412164186,45.30660448349878,851.4773967322153,143.33611366706154,0.9827086753519172,0.0023925696085211,0.0001838194962355,0.0033735974018093,0.0056792995123008,0.0,0.0048052766743577,0.0008567619548582,0.9070241928619652,0.0300525113117119,0.0010108180805456,0.0177290590297867,0.0171067146733662,0.0,0.026414394785857,0.0006623092567674,2.7242042534323887,1.9561416669670988,1.0,1.0136796367910623,1.349279769945315,1.283706214955204,1.0660851900064512,0.0,1.360010039646083,1.0,3.1449654870637134,867.6798743518019,129.30886906724652,302.7106577576344,44.02808165538378
6,280.0,52.1959815794275,0.9800000000000004,0.0033824925076681,0.0002134169858093,0.0038873656644417,0.0060882757880785,0.0,0.0055786463755121,0.00084980267849,301.44,77.98,0.9288747346072188,0.6693508794489292,53.0572412164186,45.30660448349878,850.2281517925153,144.6280615201695,0.9813142812330132,0.0028684185094722,0.0001994814708051,0.0036464369852436,0.0059039178558643,0.0,0.0052145178300952,0.0008529461155062,0.898248430918136,0.0353591767370851,0.0010802407590938,0.0188737301247401,0.0175557987600394,0.0,0.0282283496411383,0.0006542730597671,2.689397131510942,1.96743631800648,1.0,1.0130574397629886,1.3460536562784975,1.2811143927019777,1.0648917921682803,0.0,1.356698979311949,1.0,3.1449654870637134,867.6798743518019,129.30886906724652,302.7106577576344,44.02808165538378
6,280.0,53.05714121641859,0.9800000000000004,0.0033824925076681,0.0002134169858093,0.0038873656644417,0.0060882757880785,0.0,0.0055786463755121,0.00084980267849,301.44,77.98,0.9288747346072188,0.6803942192410694,53.0572412164186,45.30660448349878,849.0693952482036,145.83964165231757,0.9800001482778544,0.0033824307515197,0.0002134154647117,0.0038873394601572,0.0060882564041703,0.0,0.0055786066296049,0.0008498030119816,0.8897954395669497,0.0409517320325272,0.0011387738750029,0.0198286940472549,0.0178804407603655,0.0,0.0297579960760999,0.0006469236417997,2.657039086441263,1.978110913245964,1.0,1.0124833580170352,1.343064319514118,1.2787159815598943,1.063792960322203,0.0,1.353631691207746,1.0,3.1449654870637134,867.6798743518019,129.30886906724652,302.7106577576344,44.02808165538378
6,285.0,51.41040094160317,0.9800000000000004,0.0033824925076681,0.0002134169858093,0.0038873656644417,0.0060882757880785,0.0,0.0055786463755121,0.00084980267849,301.44,77.98,0.9454617834394904,0.6592767496999637,58.38918889666684,51.41030094160317,819.8573550530705,157.50889375718606,0.994558367380052,0.0003205329649384,4.295791311152756e-05,0.0007922051277273,0.0021594418920702,0.0,0.0011062394010465,0.0010202553210538,0.9799988464687472,0.003382735121825,0.0002134304921223,0.0038876109092771,0.0060885870889661,0.0,0.0055790007463757,0.0008497891726864,2.146495171913116,2.154104363384113,1.000000001517047,1.0077421768398875,1.2815290858913062,1.2454421672403333,1.037396278088299,0.0,1.300615069882035,1.0000000024682445,2.2410524707626744,824.9746819221486,153.77005765610247,302.7106577576344,49.86436423924916
6,285.0,52.185810714388026,0.9800000000000004,0.0033824925076681,0.0002134169858093,0.0038873656644417,0.0060882757880785,0.0,0.0055786463755121,0.00084980267849,301.44,77.98,0.9454617834394904,0.6692204502999234,58.38918889666684,51.41030094160317,817.6592079811762,159.38308687040788,0.9926287307200414,0.0005209266236125,6.490042293332747e-05,0.0011949899668577,0.0029701976192087,0.0,0.0016745081353073,0.0009457465120387,0.971199660135194,0.0053765767021517,0.0003169108568748,0.0057635495587489,0.0082611107482491,0.0,0.008299247848031,0.0007829441507504,2.102176434908167,2.172594044727933,1.0,1.0071090767893758,1.2770120385995951,1.2415999702020095,1.0359972331554137,0.0,1.2958694365458554,1.0,2.2410524707626744,824.9746819221486,153.77005765610247,302.7106577576344,49.86436423924916
6,285.0,52.96122048717288,0.9800000000000004,0.0033824925076681,0.0002134169858093,0.0038873656644417,0.0060882757880785,0.0,0.0055786463755121,0.00084980267849,301.44,77.98,0.9454617834394904,0.6791641508998829,58.38918889666684,51.41030094160317,815.6031264610382,161.21128625948714,0.9907662579617434,0.0007524048571053,8.674940934061157e-05,0.0015948125096598,0.0036454323693795,0.0,0.0022425322210212,0.0009118106717497,0.9627314532930548,0.007601023365696,0.0004165855303748,0.007564507840691,0.0100064761343319,0.0,0.0109296089199018,0.0007503449159493,2.0603753987863267,2.192660847589778,1.0000000004394412,1.0065334048478591,1.2732468445951812,1.2383907868074755,1.0348113589425525,0.0,1.291921426165508,1.0000000007093208,2.2410524707626744,824.9746819221486,153.77005765610247,302.7106577576344,49.86436423924916
6,285.0,53.73663025995773,0.9800000000000004,0.0033824925076681,0.0002134169858093,0.0038873656644417,0.0060882757880785,0.0,0.0055786463755121,0.00084980267849,301.44,77.98,0.9454617834394904,0.6891078514998425,58.38918889666684,51.41030094160317,813.6796641354482,162.9871585727713,0.9889893810832788,0.0010172932297502,0.0001081318525043,0.0019848687939137,0.004207579158436,0.0,0.0028005273084693,0.0008922185736475,0.9545943562187784,0.0100669805463562,0.0005109721308659,0.0092641716246909,0.0114034702592661,0.0,0.0134301216601007,0.0007299275599416,2.0209521847013363,2.211048693376631,1.0000000003118448,1.0059984130174158,1.269475954220414,1.235169461404568,1.0336494600702677,0.0,1.287955229038359,1.0000000005432288,2.2410524707626744,824.9746819221486,153.77005765610247,302.7106577576344,49.86436423924916
6,285.0,54.512040032742576,0.9800000000000004,0.0033824925076681,0.0002134169858093,0.0038873656644417,0.0060882757880785,0.0,0.0055786463755121,0.00084980267849,301.44,77.98,0.9454617834394904,0.6990515520998022,58.38918889666684,51.41030094160317,811.8784854301654,164.70381650012,0.9872986354310572,0.0013176791111274,0.0001287335633783,0.00235951851236,0.0046759645382655,0.0,0.0033401170158638,0.0008793518279472,0.9467717756963488,0.0127828911621187,0.0005989520329992,0.010843138198995,0.0125180523454422,0.0,0.0157699151921717,0.0007152753719238,1.983797251132065,2.2274532321786182,1.0,1.0055011952895716,1.26563900088486,1.2318877089812703,1.0324984151219323,0.0,1.2839114308874746,1.0,2.2410524707626744,824.9746819221486,153.77005765610247,302.7106577576344,49.86436423924916
6,285.0,55.28744980552743,0.9800000000000004,0.0033824925076681,0.0002134169858093,0.0038873656644417,0.0060882757880785,0.0,0.0055786463755121,0.00084980267849,301.44,77.98,0.9454617834394904,0.7089952526997618,58.38918889666684,51.41030094160317,810.1904218839433,166.3553503236435,0.9856909093442868,0.0016551686855941,0.0001483010100959,0.0027142929297972,0.005066728945958,0.0,0.0038544140389225,0.0008701850453452,0.9392445425814732,0.0157527251400368,0.0006797451620113,0.0122883281457074,0.0134040853197956,0.0,0.0179267393290705,0.000703834321905,1.9488504268692324,2.2459621220992574,1.0000000000457423,1.0050549239559736,1.2625927255915443,1.2292905484861392,1.0315619393983375,0.0,1.280718470483765,1.0000000000563711,2.2410524707626744,824.9746819221486,153.77005765610247,302.7106577576344,49.86436423924916
6,285.0,56.06285957831228,0.9800000000000004,0.0033824925076681,0.0002134169858093,0.0038873656644417,0.0060882757880785,0.0,0.0055786463755121,0.00084980267849,301.44,77.98,0.9454617834394904,0.7189389532997214,58.38918889666684,51.41030094160317,808.6072980096104,167.9374629215238,0.9841620705613476,0.0020306895270563,0.0001666451157731,0.0030459384743482,0.005393222775724,0.0,0.0043381563307198,0.0008632772150306,0.9319935225921516,0.0189745633993233,0.0007528967205036,0.0135926204880148,0.014105210206425,0.0,0.0198868029606087,0.0006943836329729,1.9160029282016224,2.2624516405265807,1.000000000028718,1.0046410042658722,1.2594637372522146,1.2266184278788266,1.0306265558237209,0.0,1.277428366096985,1.0000000000350011,2.2410524707626744,824.9746819221486,153.77005765610247,302.7106577576344,49.86436423924916
6,285.0,56.83826935109713,0.9800000000000004,0.0033824925076681,0.0002134169858093,0.0038873656644417,0.0060882757880785,0.0,0.0055786463755121,0.00084980267849,301.44,77.98,0.9454617834394904,0.7288826538996811,58.38918889666684,51.41030094160317,807.1214350509102,169.44786015527225,0.9827074713771544,0.0024443582180652,0.0001836426572476,0.0033524176086626,0.0056664764440513,0.0,0.004787780490918,0.0008578532039005,0.9250002589664558,0.0224398104975172,0.0008182545379836,0.0147543335602092,0.0146567337541969,0.0,0.0216443448763243,0.0006862638073127,1.885158957921931,2.2782875424235787,1.000000000047334,1.004262220948172,1.2565291975348822,1.2241153453761051,1.0297588949959755,0.0,1.274344903923614,1.00000000005994,2.2410524707626744,824.9746819221486,153.77005765610247,302.7106577576344,49.86436423924916
6,285.0,57.61367912388198,0.9800000000000004,0.0033824925076681,0.0002134169858093,0.0038873656644417,0.0060882757880785,0.0,0.0055786463755121,0.00084980267849,301.44,77.98,0.9454617834394904,0.7388263544996406,58.38918889666684,51.41030094160317,805.7252405063069,170.8863649329576,0.9813220088233496,0.0028954426825728,0.0001992337948816,0.0036328424399727,0.0058956251284755,0.0,0.0052013897304396,0.0008534574003079,0.9182471148583444,0.026133272514696,0.0008759337140108,0.0157765022336623,0.0150872581282903,0.0,0.0232008330512886,0.0006790854997071,1.856186496845753,2.291703564623396,1.0,1.0039095512184657,1.253440183450807,1.2214703912523188,1.0288721300619863,0.0,1.2710822018112489,1.0,2.2410524707626744,824.9746819221486,153.77005765610247,302.7106577576344,49.86436423924916
6,285.0,58.389088896666834,0.9800000000000004,0.0033824925076681,0.0002134169858093,0.0038873656644417,0.0060882757880785,0.0,0.0055786463755121,0.00084980267849,301.44,77.98,0.9454617834394904,0.7487700550996003,58.38918889666684,51.41030094160317,804.411007335208,172.25479910849828,0.9800001665393838,0.0033824275052224,0.0002134152471868,0.0038873344978631,0.0060882530283006,0.0,0.0055786000713675,0.0008498031106753,0.9117173954791818,0.0300340639945611,0.0009262673885436,0.0166659355739389,0.0154199838433405,0.0,0.0245637508104099,0.0006726029100237,1.8289751236606664,2.3061844370114097,1.0,1.0035920407933183,1.2508509458480623,1.2192628045356044,1.028121626882558,0.0,1.2683609876194442,1.0,2.2410524707626744,824.9746819221486,153.77005765610247,302.7106577576344,49.86436423924916
6,290.0,58.17519104728286,0.9800000000000004,0.0033824925076681,0.0002134169858093,0.0038873656644417,0.0060882757880785,0.0,0.0055786463755121,0.00084980267849,301.44,77.98,0.9620488322717622,0.7460270716502033,64.18571344380074,58.175091047282855,766.1239920076005,191.00180035286996,0.9934633319871125,0.0004675421195465,5.56191238829204e-05,0.0009971022040128,0.0025991285705082,0.0,0.0014183696512054,0.0009989063437312,0.9799990705370296,0.0033826937459982,0.0002134278796407,0.0038875651984697,0.0060885166670185,0.0,0.0055789335869666,0.0008497923848765,1.320278262761852,2.6217545697462725,1.00000000072917,1.0006791995265327,1.1899987734495732,1.1814891449094918,1.009814145284167,0.0,1.21146205051289,1.0000000008968717,1.4167983026644004,773.2637021553837,185.44864903964933,302.7106577576344,56.27641671412855
6,290.0,58.84301575800707,0.9800000000000004,0.0033824925076681,0.0002134169858093,0.0038873656644417,0.0060882757880785,0.0,0.0055786463755121,0.00084980267849,301.44,77.98,0.9620488322717622,0.7545911228264564,64.18571344380074,58.175091047282855,763.91609783798,192.95044362633053,0.9917574724052338,0.0006753726401192,7.543524739625283e-05,0.0013551474744141,0.0032624841127397,0.0,0.0019296928317246,0.000944395288372,0.9738788525092612,0.0047918668538924,0.000285252712294,0.0052056831127557,0.0075594327703523,0.0,0.0074783559439084,0.0008005560975357,1.2888644237608944,2.647929470261835,1.0000000009910617,1.0005126723186932,1.1867819229816567,1.1785500565470333,1.0091806441226705,0.0,1.207992613735864,1.000000001265219,1.4167983026644004,773.2637021553837,185.44864903964933,302.7106577576344,56.27641671412855
6,290.0,59.51084046873128,0.9800000000000004,0.0033824925076681,0.0002134169858093,0.0038873656644417,0.0060882757880785,0.0,0.0055786463755121,0.00084980267849,301.44,77.98,0.9620488322717622,0.7631551740027093,64.18571344380074,58.175091047282855,761.8139830421658,194.86302224601425,0.9900991704083196,0.0009093892550245,9.509124856049608e-05,0.001711732059731,0.0038300212107666,0.0,0.0024400144873219,0.0009145813302756,0.9679585303158944,0.0063312295462905,0.0003544994431126,0.0064814229023772,0.0087808438835027,0.0,0.009320908284478,0.0007725656243442,1.2589639376191952,2.673648305198705,1.0000000001843918,1.000372453020552,1.1837036952643982,1.1757461646866851,1.00859141109826,0.0,1.2046928594952824,1.0000000002284233,1.4167983026644004,773.2637021553837,185.44864903964933,302.7106577576344,56.27641671412855
6,290.0,60.178665179455486,0.9800000000000004,0.0033824925076681,0.0002134169858093,0.0038873656644417,0.0060882757880785,0.0,0.0055786463755121,0.00084980267849,301.44,77.98,0.9620488322717622,0.7717192251789623,64.18571344380074,58.175091047282855,759.8107294861557,196.7358889927672,0.9884970732426758,0.0011711248451706,0.0001143594176233,0.002062641167572,0.0043158534382998,0.0,0.0029432995357102,0.0008956483529482,0.9622379573903146,0.0080050731922372,0.0004204841366599,0.0077017183643286,0.0097932975526333,0.0,0.0110875011921058,0.0007539681717203,1.2304503262322268,2.6914530576335385,1.0,1.0002499144983903,1.1799792758403749,1.1723185552642428,1.0079196414792038,0.0,1.2006543370287397,1.0,1.4167983026644004,773.2637021553837,185.44864903964933,302.7106577576344,56.27641671412855
6,290.0,60.84648989017969,0.9800000000000004,0.0033824925076681,0.0002134169858093,0.0038873656644417,0.0060882757880785,0.0,0.0055786463755121,0.00084980267849,301.44,77.98,0.9620488322717622,0.7802832763552153,64.18571344380074,58.175091047282855,757.8997581980929,198.5648995185816,0.9869516455172022,0.0014619985259964,0.0001330473295154,0.0024042521541701,0.0047322811634227,0.0,0.0034343071565529,0.0008824681531402,0.9567093264073986,0.0098168825169094,0.0004826861001302,0.0088563636639854,0.0106313768593327,0.0,0.0127630036182698,0.0007403608339735,1.2034142547696531,2.723697509802145,1.000000000098644,1.000166304879762,1.1780061028694468,1.170522703720639,1.00753458238927,0.0,1.198547869096322,1.0000000001430895,1.4167983026644004,773.2637021553837,185.44864903964933,302.7106577576344,56.27641671412855
6,290.0,61.5143146009039,0.9800000000000004,0.0033824925076681,0.0002134169858093,0.0038873656644417,0.0060882757880785,0.0,0.0055786463755121,0.00084980267849,301.44,77.98,0.9620488322717622,0.7888473275314684,64.18571344380074,58.175091047282855,756.0753556130047,200.3461253112444,0.98546119761824,0.0017832024491513,0.000150996595863,0.0027335252642243,0.0050897879381073,0.0,0.0039085894130376,0.0008727007213762,0.9513630015204956,0.011768723912492,0.0005407321164707,0.0099377831912232,0.0113240678322864,0.0,0.0143359597046133,0.0007297317224184,1.1776421195007585,2.747980171983886,1.0000000000006175,1.0000968066331588,1.1753577598612868,1.1680944337907762,1.0070613993861783,0.0,1.1956903488116508,1.0000000000323137,1.4167983026644004,773.2637021553837,185.44864903964933,302.7106577576344,56.27641671412855
6,290.0,62.182139311628106,0.9800000000000004,0.0033824925076681,0.0002134169858093,0.0038873656644417,0.0060882757880785,0.0,0.0055786463755121,0.00084980267849,301.44,77.98,0.9620488322717622,0.7974113787077213,64.18571344380074,58.175091047282855,754.3325632906746,202.0763086576646,0.9840234213994178,0.0021356047341828,0.0001680827186941,0.0030480153322294,0.0053972302564378,0.0,0.0043625192139421,0.0008651263450958,0.9461891539321028,0.0138607214546425,0.0005943837737405,0.010940851258463,0.0118954810933926,0.0,0.0157983783341844,0.0007210301534741,1.1531412047642458,2.771742121356528,1.0000000000004108,1.000047334233616,1.172836811606157,1.1657820399373244,1.0066220634346856,0.0,1.1929697994027555,1.0000000000003788,1.4167983026644004,773.2637021553837,185.44864903964933,302.7106577576344,56.27641671412855
6,290.0,62.84996402235232,0.9800000000000004,0.0033824925076681,0.0002134169858093,0.0038873656644417,0.0060882757880785,0.0,0.0055786463755121,0.00084980267849,301.44,77.98,0.9620488322717622,0.8059754298839743,64.18571344380074,58.175091047282855,752.6668877820682,203.7530717748979,0.9826357922302528,0.0025196727799765,0.000184214874056,0.0033458810706843,0.0056620767112647,0.0,0.004793315828086,0.0008590465056794,0.9411781483852278,0.016090724611202,0.0006435267783462,0.0118627418375924,0.0123656436050518,0.0,0.0171455618671023,0.0007136529154772,1.1298581541838724,2.7949565192411656,1.000000000000568,1.000016127941354,1.1704397487102838,1.163581247170396,1.006214244600969,0.0,1.1903801232751934,1.000000000000373,1.4167983026644004,773.2637021553837,185.44864903964933,302.7106577576344,56.27641671412855
6,290.0,63.51778873307653,0.9800000000000004,0.0033824925076681,0.0002134169858093,0.0038873656644417,0.0060882757880785,0.0,0.0055786463755121,0.00084980267849,301.44,77.98,0.9620488322717622,0.8145394810602273,64.18571344380074,58.175091047282855,751.0740293963424,205.3750726342656,0.9812956490505436,0.0029354256677224,0.0001993348586314,0.0036258777429223,0.0058906349858655,0.0,0.0051990458657104,0.0008540318286041,0.9363206756595198,0.0184541490613251,0.0006881580433098,0.0127027279188827,0.012751204070357,0.0,0.0183758569939946,0.0007072282526107,1.1077362816173777,2.8176182770853275,1.0000000000006142,1.0000015399593782,1.1681571542398166,1.1614876187727643,1.005836004468989,0.0,1.1879163357787488,1.0000000000004463,1.4167983026644004,773.2637021553837,185.44864903964933,302.7106577576344,56.27641671412855
6,290.0,64.18561344380073,0.9800000000000004,0.0033824925076681,0.0002134169858093,0.0038873656644417,0.0060882757880785,0.0,0.0055786463755121,0.00084980267849,301.44,77.98,0.9620488322717622,0.8231035322364803,64.18571344380074,58.175091047282855,749.5496786695129,206.94206279926695,0.9800001905620244,0.0033824233526626,0.0002134149579909,0.0038873279610874,0.0060882483106182,0.0,0.0055785915931855,0.0008498032624308,0.9316077946611988,0.0209440357367726,0.0007283706035396,0.0134619305264064,0.0130660296537113,0.0,0.0194903247834011,0.0007015140349696,1.086713186120151,2.839711405719388,1.000000000000384,1.0000000000001057,1.1659862783202428,1.1594966144050802,1.005484872143653,0.0,1.1855728341354674,1.0000000000003957,1.4167983026644004,773.2637021553837,185.44864903964933,302.7106577576344,56.27641671412855
6,295.0,66.83033852385991,0.9800000000000004,0.0033824925076681,0.0002134169858093,0.0038873656644417,0.0060882757880785,0.0,0.0055786463755121,0.00084980267849,301.44,77.98,0.978635881104034,0.8570189602957157,70.3977760015761,66.8302385238599,689.7339080666063,243.71564254574525,0.9887194022211724,0.0012152408948143,0.0001117839944447,0.0019852357343967,0.0041955196959517,0.0,0.0028628809052654,0.0009099365539545,0.9722380244772084,0.0053117708623075,0.0003038902512086,0.0055806338018294,0.007773199374013,0.0,0.0079962094802984,0.0007962717531344,0.5684049476109804,3.630562116988944,1.000000000001482,1.000000000001133,1.099082617499358,1.1067747031759538,1.0000000061575924,0.0,1.1174930832613374,1.0000000000010263,0.7007191954812403,705.9625820508377,229.82343987692175,302.7106577576344,63.31231171729296
6,295.0,67.22670935471726,0.9800000000000004,0.0033824925076681,0.0002134169858093,0.0038873656644417,0.0060882757880785,0.0,0.0055786463755121,0.00084980267849,301.44,77.98,0.978635881104034,0.8621019409427706,70.3977760015761,66.8302385238599,688.1054107356259,245.25203433593452,0.9876882531772612,0.0014047770934728,0.000124141300327,0.0022115593708959,0.0044862353844108,0.0,0.003187301422141,0.0008977322514908,0.969579480106028,0.0060630523621731,0.0003344196420911,0.0061587233340858,0.008259652499077,0.0,0.0088198322581068,0.0007848397984378,0.5554749334152315,3.6629756134985714,1.000000000000931,1.0000000000007874,1.0975192225666113,1.1050175428741946,1.000000002361369,0.0,1.1157288171730435,1.000000000001387,0.7007191954812403,705.9625820508377,229.82343987692175,302.7106577576344,63.31231171729296
6,295.0,67.62308018557462,0.9800000000000004,0.0033824925076681,0.0002134169858093,0.0038873656644417,0.0060882757880785,0.0,0.0055786463755121,0.00084980267849,301.44,77.98,0.978635881104034,0.8671849215898259,70.3977760015761,66.8302385238599,686.50891587968,246.77463951943676,0.9866735307383602,0.0016064921982001,0.000136299298629,0.0024355678873642,0.0047521835807803,0.0,0.003508043440876,0.00088788285579,0.9669787215524572,0.006847793779089,0.0003638876912535,0.0067200885282455,0.008695235933301,0.0,0.0096187712244497,0.000775501291204,0.5429247386674142,3.695404719333163,1.0000000000010347,1.000000000000489,1.0959734776632564,1.1032970662702444,1.0000000040999268,0.0,1.1140091233669895,1.0000000000011375,0.7007191954812403,705.9625820508377,229.82343987692175,302.7106577576344,63.31231171729296
6,295.0,68.01945101643197,0.9800000000000004,0.0033824925076681,0.0002134169858093,0.0038873656644417,0.0060882757880785,0.0,0.0055786463755121,0.00084980267849,301.44,77.98,0.978635881104034,0.8722679022368809,70.3977760015761,66.8302385238599,684.9432707913003,248.2826187054337,0.9856749993293604,0.0018207155595166,0.0001482230235725,0.0026565472965108,0.004995667813564,0.0,0.0038241056204208,0.0008797413570546,0.9644342269094706,0.0076662402549452,0.0003922354074784,0.007263337769275,0.009085155051166,0.0,0.0103911197674546,0.0007676848402099,0.530736502766763,3.727833039292665,1.0000000000008011,1.000000000000259,1.0944726478891404,1.1016129005727289,1.0000000033888752,0.0,1.112333191456722,1.0000000000010962,0.7007191954812403,705.9625820508377,229.82343987692175,302.7106577576344,63.31231171729296
6,295.0,68.41582184728932,0.9800000000000004,0.0033824925076681,0.0002134169858093,0.0038873656644417,0.0060882757880785,0.0,0.0055786463755121,0.00084980267849,301.44,77.98,0.978635881104034,0.8773508828839359,70.3977760015761,66.8302385238599,683.40743845976,249.77506452500467,0.984692283320742,0.0020477463563276,0.0001598818638323,0.0028738513600663,0.0052187723574449,0.0,0.00413458686725,0.0008728778743367,0.961944311699103,0.0085185337102305,0.0004194176489177,0.007787321638415,0.0094340846079942,0.0,0.0111353202988178,0.0007610103965215,0.5189202888215395,3.760263105466078,1.000000000000811,1.00000000000121,1.0929946071902854,1.0999644954568173,1.000000001636416,0.0,1.110697090973713,1.0000000000010532,0.7007191954812403,705.9625820508377,229.82343987692175,302.7106577576344,63.31231171729296
6,295.0,68.81219267814669,0.9800000000000004,0.0033824925076681,0.0002134169858093,0.0038873656644417,0.0060882757880785,0.0,0.0055786463755121,0.00084980267849,301.44,77.98,0.978635881104034,0.8824338635309911,70.3977760015761,66.8302385238599,681.900522206769,251.25117991526287,0.9837249525826024,0.0022878443978835,0.0001712492977843,0.0030868997218169,0.0054233757204884,0.0,0.0044386825213742,0.0008669957580499,0.9595073008346342,0.0094046616248065,0.0004454010785008,0.0082911016558597,0.009746200757055,0.0,0.011850118509506,0.0007552155396376,0.5074571219008137,3.792674198928535,1.0000000000016127,1.0000000000015732,1.0915870763212263,1.098351576700714,1.0000000011227832,0.0,1.1091027116609056,1.0000000000013465,0.7007191954812403,705.9625820508377,229.82343987692175,302.7106577576344,63.31231171729296
6,295.0,69.20856350900404,0.9800000000000004,0.0033824925076681,0.0002134169858093,0.0038873656644417,0.0060882757880785,0.0,0.0055786463755121,0.00084980267849,301.44,77.98,0.978635881104034,0.8875168441780461,70.3977760015761,66.8302385238599,680.4217183536646,252.7102401829526,0.9827725523398492,0.0025412240073047,0.0001823028556905,0.0032951797568722,0.0056111708782897,0.0,0.004735686497871,0.0008618836641224,0.9571215218464,0.0103244509083247,0.000470163787649,0.0087739505467079,0.0100252381670008,0.0,0.0125345616409473,0.0007501131029701,0.4963338566135197,3.8250564103804834,1.0000000000008198,1.0000000000013871,1.0901924771618972,1.0967735811399353,1.00000000040717,0.0,1.1075487228516607,1.0000000000016966,0.7007191954812403,705.9625820508377,229.82343987692175,302.7106577576344,63.31231171729296
6,295.0,69.60493433986139,0.9800000000000004,0.0033824925076681,0.0002134169858093,0.0038873656644417,0.0060882757880785,0.0,0.0055786463755121,0.00084980267849,301.44,77.98,0.978635881104034,0.8925998248251011,70.3977760015761,66.8302385238599,678.9702557524777,254.1515763217079,0.9818346110889298,0.0028080504239512,0.0001930240978085,0.0034982487403687,0.0057836850038782,0.0,0.0050249937420407,0.0008573869030227,0.954785300536614,0.0112775633417239,0.0004936946671295,0.0092353472371153,0.0102745390943839,0.0,0.0131879892189794,0.0007455659040536,0.4855527292616246,3.857400627140527,1.0000000000006757,1.0000000000010083,1.0888388762492571,1.0952302134806988,1.0000000000704845,0.0,1.1060336770509769,1.0000000000010136,0.7007191954812403,705.9625820508377,229.82343987692175,302.7106577576344,63.31231171729296
6,295.0,70.00130517071875,0.9800000000000004,0.0033824925076681,0.0002134169858093,0.0038873656644417,0.0060882757880785,0.0,0.0055786463755121,0.00084980267849,301.44,77.98,0.978635881104034,0.8976828054721563,70.3977760015761,66.8302385238599,677.5454423060164,255.5746950654596,0.9809106623024192,0.0030884309922713,0.0002033983000387,0.0036957304127692,0.0059422937205175,0.0,0.0053060945837121,0.0008533896882717,0.9524970323908656,0.0122634622278019,0.0005159919244024,0.0096749535612036,0.0104970890934919,0.0,0.0138099996244339,0.0007414711778006,0.4750909451477194,3.889693931951683,1.0000000000014286,1.0000000000007123,1.0875178639169014,1.0937207421793045,1.000000000085988,0.0,1.104557184132022,1.0000000000017022,0.7007191954812403,705.9625820508377,229.82343987692175,302.7106577576344,63.31231171729296
6,295.0,70.3976760015761,0.9800000000000004,0.0033824925076681,0.0002134169858093,0.0038873656644417,0.0060882757880785,0.0,0.0055786463755121,0.00084980267849,301.44,77.98,0.978635881104034,0.9027657861192112,70.3977760015761,66.8302385238599,676.1465631709377,256.97917803618986,0.9800002269613928,0.0033824169760892,0.0002134145163043,0.0038873183167157,0.0060882406332363,0.0,0.0055785790627815,0.0008498035334798,0.9502551173644104,0.0132814357700011,0.0005370629330725,0.0100926172916553,0.0106955644614094,0.0,0.0144004519152642,0.0007377502641871,0.4649443459584291,3.921923676947188,1.0000000000004183,1.0000000000010696,1.0862328386215545,1.0922446505839265,1.0000000001285534,0.0,1.103118587518113,1.0000000000011915,0.7007191954812403,705.9625820508377,229.82343987692175,302.7106577576344,63.31231171729296
7,200.0,2.6839047383189483,0.9600000000000002,0.0,0.0,0.0056309951640397,0.0,0.0049352171951375,0.0127925951312575,0.0166411925095651,301.5,77.97,0.6633499170812603,0.0344222744429774,9.554422515093982,2.683804738318948,1214.1431561395736,7.3382075355498095,0.9802990357843198,0.0,0.0,3.4520719284702554e-05,0.0,4.4206239678760966e-05,0.000164193413246,0.0194580438434707,0.959969737812453,0.0,0.0,0.0056393384942869,0.0,0.0049425088070348,0.0128114217920542,0.0166369930941709,22.45802838412348,0.6834842039555398,1.0000000105079347,0.0,0.0,5.368471115420143,0.0,4.100377360880379,4.248594892146406,1.001770079341918,22.53960113748808,1221.920496490378,7.249541730897533,302.7106577576344,2.6239816647333654
7,200.0,3.447284491293952,0.9600000000000002,0.0,0.0,0.0056309951640397,0.0,0.0049352171951375,0.0127925951312575,0.0166411925095651,301.5,77.97,0.6633499170812603,0.0442129600012049,9.554422515093982,2.683804738318948,1213.6813901287892,8.89325565932047,0.9798275413237038,0.0,0.0,0.0004592773331197,0.0,0.0005683206041831,0.0020140672615304,0.0171307934774628,0.7567922662066168,0.0,0.0,0.0586346955766418,0.0,0.049690497008728,0.123259152042053,0.0116233891659601,22.175034676379763,0.6923762997708991,1.0000000046915274,0.0,0.0,5.290055360117532,0.0,4.040555438397696,4.1672270080952805,1.0019331656782815,22.53960113748808,1221.920496490378,7.249541730897533,302.7106577576344,2.6239816647333654
7,200.0,4.210664244268956,0.9600000000000002,0.0,0.0,0.0056309951640397,0.0,0.0049352171951375,0.0127925951312575,0.0166411925095651,301.5,77.97,0.6633499170812603,0.0540036455594325,9.554422515093982,2.683804738318948,1212.4188299559974,10.467935240659545,0.9772094232099664,0.0,0.0,0.0009280324397126,0.0,0.0011067948051865,0.003750313276355,0.0170054362687792,0.6255431264314938,0.0,0.0,0.0970308166511852,0.0,0.0793387673676454,0.1885249995365668,0.0095622900131087,21.895257581791043,0.7010685750244904,1.0000000012993011,0.0,0.0,5.207615787668093,0.0,3.978772565830381,4.0833775700284,1.0020130303846193,22.53960113748808,1221.920496490378,7.249541730897533,302.7106577576344,2.6239816647333654
7,200.0,4.97404399724396,0.9600000000000002,0.0,0.0,0.0056309951640397,0.0,0.0049352171951375,0.0127925951312575,0.0166411925095651,301.5,77.97,0.6633499170812603,0.0637943311176601,9.554422515093982,2.683804738318948,1211.1963881417296,12.066559514191242,0.9745977898839652,0.0,0.0,0.0014433460175953,0.0,0.0016556066341369,0.0053709882467485,0.0169322692175539,0.5343750115228592,0.0,0.0,0.1277294863650632,0.0,0.100558199737768,0.2291829781830658,0.0081543241912439,21.624072786787178,0.7095504962577983,1.0,0.0,0.0,5.126993283475804,0.0,3.9204849177705383,4.004946570797777,1.002084408679843,22.53960113748808,1221.920496490378,7.249541730897533,302.7106577576344,2.6239816647333654
7,200.0,5.737423750218964,0.9600000000000002,0.0,0.0,0.0056309951640397,0.0,0.0049352171951375,0.0127925951312575,0.0166411925095651,301.5,77.97,0.6633499170812603,0.0735850166758877,9.554422515093982,2.683804738318948,1210.0292680169232,13.689923697841015,0.9720307291500369,0.0,0.0,0.0020078775533402,0.0,0.0022108026935528,0.0068770065572844,0.0168735840457857,0.4673817438606564,0.0,0.0,0.1539855842260917,0.0,0.1164909096252408,0.2550162285458282,0.0071255337421826,21.361143404327706,0.7178683533727545,1.0000000000374418,0.0,0.0,5.044863350757029,0.0,3.865518995293381,3.931648769963379,1.0021486627601577,22.53960113748808,1221.920496490378,7.249541730897533,302.7106577576344,2.6239816647333654
7,200.0,6.500803503193968,0.9600000000000002,0.0,0.0,0.0056309951640397,0.0,0.0049352171951375,0.0127925951312575,0.0166411925095651,301.5,77.97,0.6633499170812603,0.0833757022341152,9.554422515093982,2.683804738318948,1208.9205001986309,15.338658718617818,0.9695161164620604,0.0,0.0,0.0026239161856158,0.0,0.0027681687641214,0.0082703840833954,0.0168214145048066,0.416085018181592,0.0,0.0,0.1775073393005207,0.0,0.128797731137142,0.2712697112619205,0.0063402001188247,21.10604816308012,0.7259862693902278,1.0,0.0,0.0,4.967185894089636,0.0,3.813777944148277,3.8631431651881982,1.002206158302527,22.53960113748808,1221.920496490378,7.249541730897533,302.7106577576344,2.6239816647333654
7,200.0,7.264183256168971,0.9600000000000002,0.0,0.0,0.0056309951640397,0.0,0.0049352171951375,0.0127925951312575,0.0166411925095651,301.5,77.97,0.6633499170812603,0.0931663877923428,9.554422515093982,2.683804738318948,1207.8705043320508,17.01324463885928,0.9670561099939344,0.0,0.0,0.0032932799121688,0.0,0.0033233895416005,0.0095541869293828,0.0167730336229131,0.3755553142482496,0.0,0.0,0.1992596739872455,0.0,0.138439953837167,0.2810240237098232,0.0057210342175145,20.858353784240496,0.7339550935325158,1.0,0.0,0.0,4.893053342726253,0.0,3.765019346997237,3.798809838027272,1.002257388706413,22.53960113748808,1221.920496490378,7.249541730897533,302.7106577576344,2.6239816647333654
7,200.0,8.027563009143975,0.9600000000000002,0.0,0.0,0.0056309951640397,0.0,0.0049352171951375,0.0127925951312575,0.0166411925095651,301.5,77.97,0.6633499170812603,0.1029570733505704,9.554422515093982,2.683804738318948,1206.8785449319346,18.713998346643287,0.9646508547124693,0.0,0.0,0.0040172331228739,0.0,0.0038722240165119,0.0107324453513902,0.0167272427967544,0.3427315709388014,0.0,0.0,0.2198119192333981,0.0,0.1460172698582264,0.2862187709350397,0.0052204690345342,20.61762376307805,0.7417650110448918,1.0,0.0,0.0,4.822181040092754,0.0,3.7188372454697,3.738270600348664,1.0023024286157876,22.53960113748808,1221.920496490378,7.249541730897533,302.7106577576344,2.6239816647333654
7,200.0,8.790942762118979,0.9600000000000002,0.0,0.0,0.0056309951640397,0.0,0.0049352171951375,0.0127925951312575,0.0166411925095651,301.5,77.97,0.6633499170812603,0.1127477589087979,9.554422515093982,2.683804738318948,1205.9431337457645,20.441065382782035,0.9622994481307028,0.0,0.0,0.0047964288765516,0.0,0.0044106768970108,0.011810026131701,0.0166834199640336,0.3156127233228409,0.0,0.0,0.2395061976617193,0.0,0.1519300937936249,0.2881434296717721,0.0048075555500427,20.383422622583197,0.7494425079879286,1.0,0.0,0.0,4.754588138805117,0.0,3.6750185342084896,3.681176776599915,1.002341406732467,22.53960113748808,1221.920496490378,7.249541730897533,302.7106577576344,2.6239816647333654
7,200.0,9.554322515093984,0.9600000000000002,0.0,0.0,0.0056309951640397,0.0,0.0049352171951375,0.0127925951312575,0.0166411925095651,301.5,77.97,0.6633499170812603,0.1225384444670255,9.554422515093982,2.683804738318948,1205.062208903547,22.194419816612594,0.9600002974607952,0.0,0.0,0.0056308823994662,0.0,0.0049351496349304,0.012792472564723,0.0166411979400849,0.2928355099435277,0.0,0.0,0.2585467420118461,0.0,0.1564636599211704,0.2876928200029145,0.004461268120541,20.15532107476957,0.7569885943071327,1.0,0.0,0.0,4.689909091377993,0.0,3.6333623528968704,3.627208039478408,1.0023747366600304,22.53960113748808,1221.920496490378,7.249541730897533,302.7106577576344,2.6239816647333654
7,205.0,3.430098494387864,0.9600000000000002,0.0,0.0,0.0056309951640397,0.0,0.0049352171951375,0.0127925951312575,0.0166411925095651,301.5,77.97,0.6799336650082919,0.0439925419313564,10.43314359691642,3.429998494387864,1198.4558529131368,9.231837453548827,0.9797641594995624,0.0,0.0,4.775457639801109e-05,0.0,5.446440265369453e-05,0.000193696290218,0.0199399252311678,0.9599772397878692,0.0,0.0,0.0056374247691112,0.0,0.0049408378221577,0.0128071038995278,0.0166373937213338,21.083651205724085,0.7113354962465472,1.0,0.0,0.0,4.568445354968837,0.0,3.7479846175898768,3.9106343391262746,1.0001668712931877,21.15779579629945,1206.2779501886548,9.12387059747945,302.7106577576344,3.35468958110042
7,205.0,4.208203505779926,0.9600000000000002,0.0,0.0,0.0056309951640397,0.0,0.0049352171951375,0.0127925951312575,0.0166411925095651,301.5,77.97,0.6799336650082919,0.0539720854915983,10.43314359691642,3.429998494387864,1198.1868860973252,10.796659208368489,0.9798010350066768,0.0,0.0,0.0005070312409369,0.0,0.0005643160495113,0.0019297021389262,0.0171979155639484,0.7924463080778729,0.0,0.0,0.0489892879150075,0.0,0.0419211941266146,0.1047129328917016,0.0119302769888033,20.827419831929205,0.719768636300244,1.0,0.0,0.0,4.510063830494079,0.0,3.7012753982684248,3.846196555813329,1.0001847424430883,21.15779579629945,1206.2779501886548,9.12387059747945,302.7106577576344,3.35468958110042
7,205.0,4.986308517171988,0.9600000000000002,0.0,0.0,0.0056309951640397,0.0,0.0049352171951375,0.0127925951312575,0.0166411925095651,301.5,77.97,0.6799336650082919,0.0639516290518403,10.43314359691642,3.429998494387864,1196.973002631465,12.375762926856629,0.9772880474744032,0.0,0.0,0.0010034207932706,0.0,0.0010881969319249,0.0035820922761947,0.0170382425242062,0.6751434117574652,0.0,0.0,0.0818799208479601,0.0,0.068322888284145,0.1645548125346948,0.0100989665757345,20.57225167704014,0.728056461384491,1.0,0.0,0.0,4.446540469332237,0.0,3.6510235628580032,3.778499142286025,1.0001795689290016,21.15779579629945,1206.2779501886548,9.12387059747945,302.7106577576344,3.35468958110042
7,205.0,5.7644135285640505,0.9600000000000002,0.0,0.0,0.0056309951640397,0.0,0.0049352171951375,0.0127925951312575,0.0166411925095651,301.5,77.97,0.6799336650082919,0.0739311726120822,10.43314359691642,3.429998494387864,1195.773740714687,13.97486900292529,0.974737529253484,0.0,0.0,0.0015380530994554,0.0,0.0016232991953935,0.0051480046875755,0.0169531137640912,0.5892801311348719,0.0,0.0,0.1085882086397341,0.0,0.0882459123217904,0.2050908778396296,0.0087948700639739,20.32325081903879,0.736236894525998,1.0,0.0,0.0,4.386090238567677,0.0,3.6030787289611856,3.714286504661074,1.0001727602216128,21.15779579629945,1206.2779501886548,9.12387059747945,302.7106577576344,3.35468958110042
7,205.0,6.542518539956112,0.9600000000000002,0.0,0.0,0.0056309951640397,0.0,0.0049352171951375,0.0127925951312575,0.0166411925095651,301.5,77.97,0.6799336650082919,0.0839107161723241,10.43314359691642,3.429998494387864,1194.6100747959154,15.594557327451373,0.972203750427083,0.0,0.0,0.0021126259687492,0.0,0.0021673861674924,0.0066279552567125,0.0168882821799628,0.5237385862902617,0.0,0.0,0.1314061597957158,0.0,0.1038800361870448,0.2331670220543185,0.0078081956726591,20.080250836754807,0.7442509838186994,1.0,0.0,0.0,4.328275895510996,0.0,3.557503729478428,3.6534310553134026,1.00016480163804,21.15779579629945,1206.2779501886548,9.12387059747945,302.7106577576344,3.35468958110042
7,205.0,7.320623551348174,0.9600000000000002,0.0,0.0,0.0056309951640397,0.0,0.0049352171951375,0.0127925951312575,0.0166411925095651,301.5,77.97,0.6799336650082919,0.093890259732566,10.43314359691642,3.429998494387864,1193.4864121815438,17.235273854068726,0.9696981069118794,0.0,0.0,0.0027286798778773,0.0,0.0027180502033095,0.0080230121783199,0.0168321508286137,0.4720809434451683,0.0,0.0,0.1516486612009463,0.0,0.1164825569705038,0.2527539026011436,0.0070339357822379,19.842992973807807,0.752161696194468,1.0,0.0,0.0,4.272921504786945,0.0,3.5139716296221484,3.5957032437171303,1.000155841600697,21.15779579629945,1206.2779501886548,9.12387059747945,302.7106577576344,3.35468958110042
7,205.0,8.098728562740236,0.9600000000000002,0.0,0.0,0.0056309951640397,0.0,0.0049352171951375,0.0127925951312575,0.0166411925095651,301.5,77.97,0.6799336650082919,0.1038698032928079,10.43314359691642,3.429998494387864,1192.404002582297,18.89739313352901,0.9672242043175528,0.0,0.0,0.0033875554470324,0.0,0.0032727566841673,0.009334745458931,0.0167807380923163,0.4303275027389145,0.0,0.0,0.1701180812331253,0.0,0.1268254035377386,0.2663191830552038,0.0064098294350177,19.61120962597876,0.7599269684031853,1.0,0.0,0.0,4.219899155159279,0.0,3.472354790809946,3.540871727040336,1.0001460451378643,21.15779579629945,1206.2779501886548,9.12387059747945,302.7106577576344,3.35468958110042
7,205.0,8.876833574132299,0.9600000000000002,0.0,0.0,0.0056309951640397,0.0,0.0049352171951375,0.0127925951312575,0.0166411925095651,301.5,77.97,0.6799336650082919,0.1138493468530498,10.43314359691642,3.429998494387864,1191.3629974609762,20.58122185838977,0.9647832390108236,0.0,0.0,0.0040903614707047,0.0,0.0038289031195175,0.0105651934446057,0.0167323029543483,0.3958866051343978,0.0,0.0,0.1873263068607657,0.0,0.1354088539031132,0.2754821919386315,0.0058960421630916,19.384634545782124,0.7676098248935553,1.0,0.0,0.0,4.169401601645239,0.0,3.432526411595901,3.4887177839945744,1.0001353870238614,21.15779579629945,1206.2779501886548,9.12387059747945,302.7106577576344,3.35468958110042
7,205.0,9.65493858552436,0.9600000000000002,0.0,0.0,0.0056309951640397,0.0,0.0049352171951375,0.0127925951312575,0.0166411925095651,301.5,77.97,0.6799336650082919,0.1238288904132917,10.43314359691642,3.429998494387864,1190.362989292297,22.286996583243248,0.962375390798549,0.0,0.0,0.0048379487160396,0.0,0.0043838825220809,0.0117168199983268,0.0166859579650035,0.3669982589380017,0.0,0.0,0.2036101759768847,0.0,0.1425725361702509,0.2813532577425631,0.0054657711722995,19.1630054232254,0.7751643776147766,1.0,0.0,0.0,4.120909928204929,0.0,3.3943658487053403,3.4390922710792826,1.0001240431941838,21.15779579629945,1206.2779501886548,9.12387059747945,302.7106577576344,3.35468958110042
7,205.0,10.433043596916422,0.9600000000000002,0.0,0.0,0.0056309951640397,0.0,0.0049352171951375,0.0127925951312575,0.0166411925095651,301.5,77.97,0.6799336650082919,0.1338084339735337,10.43314359691642,3.429998494387864,1189.4032061116,24.01488189331834,0.9600003027753572,0.0,0.0,0.0056308904606686,0.0,0.0049351467823849,0.012792461813916,0.0166411981676732,0.3424254049489421,0.0,0.0,0.2191957403475258,0.0,0.1485569690045294,0.2847216054256637,0.0051002802733389,18.946067111658067,0.7826442484653399,1.0,0.0,0.0,4.074297204339213,0.0,3.357897879394102,3.391813977659445,1.0001120797599028,21.15779579629945,1206.2779501886548,9.12387059747945,302.7106577576344,3.35468958110042
7,210.0,4.327278765125299,0.9600000000000002,0.0,0.0,0.0056309951640397,0.0,0.0049352171951375,0.0127925951312575,0.0166411925095651,301.5,77.97,0.6965174129353234,0.0554992787626689,11.496294451228977,4.327178765125299,1182.4580145917837,11.485428448094252,0.9792857930094696,0.0,0.0,6.435336515711383e-05,0.0,6.669880051738767e-05,0.000227356484681,0.0203557983401746,0.9599826355633182,0.0,0.0,0.0056360072264941,0.0,0.0049396006850648,0.0128039085520105,0.0166378479731121,19.72649127299796,0.7412318741551083,1.0,0.0,0.0,3.9446728516679337,0.0,3.434802725635085,3.6112281159208313,1.0000000017810522,19.793904820789816,1190.2941504876192,11.354703713715036,302.7106577576344,4.233266563955471
7,210.0,5.123824952470152,0.9600000000000002,0.0,0.0,0.0056309951640397,0.0,0.0049352171951375,0.0127925951312575,0.0166411925095651,301.5,77.97,0.6965174129353234,0.0657153386234468,11.496294451228977,4.327178765125299,1182.3273160712852,13.07122210695818,0.9797259968235008,0.0,0.0,0.0005565732403857,0.0,0.0005676443430674,0.0018731741127401,0.0172766114803059,0.821180435571316,0.0,0.0,0.0413416894053459,0.0,0.0356715377146965,0.0896368369288692,0.0121695003797723,19.49186487635173,0.7493598594895815,1.0,0.0,0.0,3.899970624117583,0.0,3.3976392065819425,3.558964990397663,1.000000001522691,19.793904820789816,1190.2941504876192,11.354703713715036,302.7106577576344,4.233266563955471
7,210.0,5.920371139815005,0.9600000000000002,0.0,0.0,0.0056309951640397,0.0,0.0049352171951375,0.0127925951312575,0.0166411925095651,301.5,77.97,0.6965174129353234,0.0759313984842247,11.496294451228977,4.327178765125299,1181.1497571007612,14.6662829929324,0.9773034354286037,0.0,0.0,0.0010792170836285,0.0,0.0010823694326257,0.0034586756388403,0.0170763024163017,0.7174004536000833,0.0,0.0,0.0694483395392166,0.0,0.0589533411330106,0.1436570494378617,0.0105408162898278,19.257386902713503,0.7573686583290687,1.0,0.0,0.0,3.850503006959505,0.0,3.356538966073367,3.50337020427368,1.0000000012456962,19.793904820789816,1190.2941504876192,11.354703713715036,302.7106577576344,4.233266563955471
7,210.0,6.716917327159859,0.9600000000000002,0.0,0.0,0.0056309951640397,0.0,0.0049352171951375,0.0127925951312575,0.0166411925095651,301.5,77.97,0.6965174129353234,0.0861474583450026,11.496294451228977,4.327178765125299,1179.9647892760129,16.27822875727027,0.9748029923305858,0.0,0.0,0.0016321014720758,0.0,0.0016085828769878,0.0049798007721493,0.0169765225482012,0.6379877639736911,0.0,0.0,0.092619670873895,0.0,0.0773001101374855,0.1827457589920565,0.0093466960228718,19.02744893949013,0.7653150446982893,1.0,0.0,0.0,3.802661373302408,0.0,3.316839036757756,3.4500922226446207,1.000000000900961,19.793904820789816,1190.2941504876192,11.354703713715036,302.7106577576344,4.233266563955471
7,210.0,7.513463514504711,0.9600000000000002,0.0,0.0,0.0056309951640397,0.0,0.0049352171951375,0.0127925951312575,0.0166411925095651,301.5,77.97,0.6965174129353234,0.0963635182057805,11.496294451228977,4.327178765125299,1178.7998300376842,17.907531654084462,0.9722977704954896,0.0,0.0,0.0022161455273118,0.0,0.0021450941846564,0.006436886062021,0.0169041037305211,0.5752987201653164,0.0,0.0,0.1124549943738208,0.0,0.0922163949843933,0.2116131385857777,0.0084167518906916,18.80198686996065,0.7731365955338901,1.0,0.0,0.0,3.756552119680309,0.0,3.278596909222418,3.399211884906706,1.0,19.793904820789816,1190.2941504876192,11.354703713715036,302.7106577576344,4.233266563955471
7,210.0,8.310009701849564,0.9600000000000002,0.0,0.0,0.0056309951640397,0.0,0.0049352171951375,0.0127925951312575,0.0166411925095651,301.5,77.97,0.6965174129353234,0.1065795780665584,11.496294451228977,4.327178765125299,1177.660723445967,19.554496798498672,0.9698033778815872,0.0,0.0,0.002832212900061,0.0,0.0026906338771811,0.0078305826299143,0.0168431927112562,0.5245689308985569,0.0,0.0,0.1299429178611464,0.0,0.1046315999756802,0.2331874870197667,0.0076690642448498,18.580839260341424,0.7808895645356045,1.0,0.0,0.0,3.7123209936138863,0.0,3.241758374113712,3.350543987931698,1.0,19.793904820789816,1190.2941504876192,11.354703713715036,302.7106577576344,4.233266563955471
7,210.0,9.106555889194418,0.9600000000000002,0.0,0.0,0.0056309951640397,0.0,0.0049352171951375,0.0127925951312575,0.0166411925095651,301.5,77.97,0.6965174129353234,0.1167956379273363,11.496294451228977,4.327178765125299,1176.549322690076,21.219382107878538,0.9673249666217112,0.0,0.0,0.0034810845833557,0.0,0.0032438499726469,0.0091617809197998,0.016788317902486,0.4826844599155626,0.0,0.0,0.1457252485509129,0.0,0.1151494886010026,0.2493867170964621,0.0070540858360596,18.363835406415134,0.7885455256912351,1.0,0.0,0.0,3.669626839597336,0.0,3.2062528978968547,3.303902305189123,1.0,19.793904820789816,1190.2941504876192,11.354703713715036,302.7106577576344,4.233266563955471
7,210.0,9.90310207653927,0.9600000000000002,0.0,0.0,0.0056309951640397,0.0,0.0049352171951375,0.0127925951312575,0.0166411925095651,301.5,77.97,0.6965174129353234,0.1270116977881142,11.496294451228977,4.327178765125299,1175.46622874515,22.902414828848453,0.9648645548656832,0.0,0.0,0.0041634485796022,0.0,0.0038033233756697,0.0104315894162438,0.0167370837628007,0.4475255429619038,0.0,0.0,0.1602350976572011,0.0,0.1241787423629935,0.2615214419166161,0.0065391751012853,18.15080539028888,0.7961179303204624,1.0,0.0,0.0,3.6283922747073007,0.0,3.172139422893685,3.259159171740865,1.0,19.793904820789816,1190.2941504876192,11.354703713715036,302.7106577576344,4.233266563955471
7,210.0,10.699648263884123,0.9600000000000002,0.0,0.0,0.0056309951640397,0.0,0.0049352171951375,0.0127925951312575,0.0166411925095651,301.5,77.97,0.6965174129353234,0.1372277576488922,11.496294451228977,4.327178765125299,1174.4115050021717,24.603794690382127,0.9624229305135183,0.0,0.0,0.0048798926442383,0.0,0.0043675869306059,0.0116413170965897,0.0166882728150476,0.417599517552397,0.0,0.0,0.1737738151231307,0.0,0.1320056914064395,0.2705192438944593,0.0061017320235733,17.941583018647087,0.8036420647951132,1.0,0.0,0.0,3.588540943796985,0.0,3.1392115349299297,3.2161938251291926,1.0,19.793904820789816,1190.2941504876192,11.354703713715036,302.7106577576344,4.233266563955471
7,210.0,11.496194451228977,0.9600000000000002,0.0,0.0,0.0056309951640397,0.0,0.0049352171951375,0.0127925951312575,0.0166411925095651,301.5,77.97,0.6965174129353234,0.1474438175096701,11.496294451228977,4.327178765125299,1173.38492490447,26.323694516103096,0.9600003025637184,0.0,0.0,0.005630898818016,0.0,0.0049351458899397,0.0127924544059761,0.0166411983223498,0.3918250185512755,0.0,0.0,0.1865561918782151,0.0,0.138837026901563,0.2770562174659262,0.0057255452030202,17.73600809303832,0.8110878907449867,1.0,0.0,0.0,3.5500263596123247,0.0,3.107391975415235,3.174893044753958,1.0,19.793904820789816,1190.2941504876192,11.354703713715036,302.7106577576344,4.233266563955471
7,215.0,5.394593068940932,0.9600000000000002,0.0,0.0,0.0056309951640397,0.0,0.0049352171951375,0.0127925951312575,0.0166411925095651,301.5,77.97,0.7131011608623549,0.0691880603942661,12.751077872132289,5.394493068940932,1166.0865122406456,14.146968978296195,0.9788592683410764,0.0,0.0,8.469272294424317e-05,0.0,8.12454599273736e-05,0.0002657455588991,0.0207090479171527,0.9599865727417426,0.0,0.0,0.0056349439723341,0.0,0.0049386730838223,0.0128015138889378,0.0166382963131631,18.386770059198145,0.7734302044207325,1.0,0.0,0.0,3.452063533717,0.0,3.1557024015968045,3.344049390950782,1.0000000002237852,18.448205290897207,1173.908539729092,13.989350648063478,302.7106577576344,5.278346606766283
7,215.0,6.211969158184416,0.9600000000000002,0.0,0.0,0.0056309951640397,0.0,0.0049352171951375,0.0127925951312575,0.0166411925095651,301.5,77.97,0.7131011608623549,0.0796712730304529,12.751077872132289,5.394493068940932,1166.0466704876346,15.762425180125312,0.9796103627570404,0.0,0.0,0.0006071174610467,0.0,0.000577122528368,0.0018386218457294,0.0173667754078153,0.8444731707401069,0.0,0.0,0.0352272177738377,0.0,0.0306092378496293,0.0773236707239472,0.0123667029124788,18.17013334145116,0.78132856544009,1.0,0.0,0.0,3.4166608677604104,0.0,3.125679375510202,3.300687621000158,1.000000000221582,18.448205290897207,1173.908539729092,13.989350648063478,302.7106577576344,5.278346606766283
7,215.0,7.0293452474279,0.9600000000000002,0.0,0.0,0.0056309951640397,0.0,0.0049352171951375,0.0127925951312575,0.0166411925095651,301.5,77.97,0.7131011608623549,0.0901544856666397,12.751077872132289,5.394493068940932,1164.8955806447443,17.382261480685997,0.9772699779854264,0.0,0.0,0.0011535814563436,0.0,0.0010865599597196,0.0033698934350227,0.0171199871634877,0.7532791115105717,0.0,0.0,0.0592254433197211,0.0,0.051003477610307,0.1255819263197674,0.0109100412396328,17.953506956859858,0.7891861735535322,1.0,0.0,0.0,3.3774576294524863,0.0,3.091552350322646,3.254681209150495,1.0000000000179066,18.448205290897207,1173.908539729092,13.989350648063478,302.7106577576344,5.278346606766283
7,215.0,7.846721336671383,0.9600000000000002,0.0,0.0,0.0056309951640397,0.0,0.0049352171951375,0.0127925951312575,0.0166411925095651,301.5,77.97,0.7131011608623549,0.1006376983028265,12.751077872132289,5.394493068940932,1163.717419675169,19.016458976327154,0.9748130440345396,0.0,0.0,0.0017226795383343,0.0,0.0016073057570017,0.0048540337382154,0.0170029369319086,0.680821966662937,0.0,0.0,0.0792901206956172,0.0,0.0676555985193483,0.1624088355250172,0.0098234785970799,17.740314450923414,0.7969633062354753,1.0,0.0,0.0,3.339275060300164,0.0,3.0583177903461527,3.210233948783644,1.0,18.448205290897207,1173.908539729092,13.989350648063478,302.7106577576344,5.278346606766283
7,215.0,8.664097425914868,0.9600000000000002,0.0,0.0,0.0056309951640397,0.0,0.0049352171951375,0.0127925951312575,0.0166411925095651,301.5,77.97,0.7131011608623549,0.1111209109390133,12.751077872132289,5.394493068940932,1162.5465513093247,20.66548851797264,0.972333728477344,0.0,0.0,0.0023147579206636,0.0,0.0021387778871962,0.0062912420230542,0.0169214936917417,0.6219130035282049,0.0,0.0,0.0965343007832961,0.0,0.0815900396338041,0.1910049620884671,0.0089576939662277,17.530549189440002,0.8046671443984593,1.0,0.0,0.0,3.3022198033606407,0.0,3.026135482595612,3.1673837354280017,1.0,18.448205290897207,1173.908539729092,13.989350648063478,302.7106577576344,5.278346606766283
7,215.0,9.481473515158353,0.9600000000000002,0.0,0.0,0.0056309951640397,0.0,0.0049352171951375,0.0127925951312575,0.0166411925095651,301.5,77.97,0.7131011608623549,0.1216041235752,12.751077872132289,5.394493068940932,1161.3904089556183,22.32957362203094,0.9698525386628912,0.0,0.0,0.0029301670115433,0.0,0.0026803873769461,0.0076819554613491,0.0168549514872701,0.5730946432429294,0.0,0.0,0.1116914650221231,0.0,0.0934815061348277,0.2134854249082401,0.0082469606918796,17.324110148010565,0.8123284002851768,1.0,0.0,0.0,3.2662728625330786,0.0,2.994998693302119,3.1260671568445635,1.0,18.448205290897207,1173.908539729092,13.989350648063478,302.7106577576344,5.278346606766283
7,215.0,10.298849604401834,0.9600000000000002,0.0,0.0,0.0056309951640397,0.0,0.0049352171951375,0.0127925951312575,0.0166411925095651,301.5,77.97,0.7131011608623549,0.1320873362113868,12.751077872132289,5.394493068940932,1160.2514361516542,24.008887467367508,0.9673764159534056,0.0,0.0,0.0035692252618919,0.0,0.0032315082868062,0.0090267321982496,0.0167961182996464,0.5319899747316549,0.0,0.0,0.1252633740171294,0.0,0.103791422906815,0.2313034680667349,0.0076517602776656,17.120886853091907,0.819928360974997,1.0,0.0,0.0,3.231393899626541,0.0,2.9647942928240525,3.086207115985933,1.0,18.448205290897207,1173.908539729092,13.989350648063478,302.7106577576344,5.278346606766283
7,215.0,11.11622569364532,0.9600000000000002,0.0,0.0,0.0056309951640397,0.0,0.0049352171951375,0.0127925951312575,0.0166411925095651,301.5,77.97,0.7131011608623549,0.1425705488475736,12.751077872132289,5.394493068940932,1159.1305596899986,25.703583291482275,0.9649082441091016,0.0,0.0,0.004232213443812,0.0,0.0037914774077745,0.0103262292980261,0.0167418357412857,0.4969133617955381,0.0,0.0,0.1376042854087024,0.0,0.1128456228997908,0.2454910993021433,0.0071456305938252,16.92076850273333,0.8274809266311807,1.0,0.0,0.0,3.197629474178136,0.0,2.935482043597172,3.0477263004499378,1.0,18.448205290897207,1173.908539729092,13.989350648063478,302.7106577576344,5.278346606766283
7,215.0,11.933601782888804,0.9600000000000002,0.0,0.0,0.0056309951640397,0.0,0.0049352171951375,0.0127925951312575,0.0166411925095651,301.5,77.97,0.7131011608623549,0.1530537614837605,12.751077872132289,5.394493068940932,1158.028100062265,27.41380191818544,0.9624493383882954,0.0,0.0,0.0049193731846787,0.0,0.0043595982800697,0.0115811927664391,0.016690497380517,0.4666367067064883,0.0,0.0,0.1489709946493428,0.0,0.1208805046968592,0.2568019419272917,0.0067098520200178,16.723646703716533,0.8349974042198923,1.0,0.0,0.0,3.16488734639259,0.0,2.9070209883011784,3.0106069845500305,1.0,18.448205290897207,1173.908539729092,13.989350648063478,302.7106577576344,5.278346606766283
7,215.0,12.750977872132289,0.9600000000000002,0.0,0.0,0.0056309951640397,0.0,0.0049352171951375,0.0127925951312575,0.0166411925095651,301.5,77.97,0.7131011608623549,0.1635369741199472,12.751077872132289,5.394493068940932,1156.944084770097,29.139674175843886,0.9600002986165675,0.0,0.0,0.0056309067303758,0.0,0.0049351464492786,0.0127924497705014,0.0166411984332766,0.4402442506839015,0.0,0.0,0.159553818854834,0.0,0.128071609865184,0.2657996180541284,0.006330702541952,16.52941802619724,0.8424556583565291,1.000000000156273,0.0,0.0,3.1330648752489183,0.0,2.879371604207424,2.97472530631332,1.0,18.448205290897207,1173.908539729092,13.989350648063478,302.7106577576344,5.278346606766283
7,220.0,6.652119906698379,0.9600000000000002,0.0,0.0,0.0056309951640397,0.0,0.0049352171951375,0.0127925951312575,0.0166411925095651,301.5,77.97,0.7296849087893864,0.0853164025483952,14.207977373014838,6.65201990669838,1149.2717707939034,17.270038493508423,0.9784797404444614,0.0,0.0,0.0001091094568484,0.0,9.85015480839029e-05,0.0003095515477769,0.0210030970028293,0.9599894858202964,0.0,0.0,0.0056341368801695,0.0,0.0049379690788905,0.01279969744765,0.0166387107729935,17.064888242287488,0.8081993164024084,1.0,0.0,0.0,3.0580082392892307,0.0,2.905909343447256,3.10436556265322,1.0,17.121140165384258,1157.0541060432145,17.08052563899556,302.7106577576344,6.509407158415541
7,220.0,7.491648514066875,0.9600000000000002,0.0,0.0,0.0056309951640397,0.0,0.0049352171951375,0.0127925951312575,0.0166411925095651,301.5,77.97,0.7296849087893864,0.0960837311025634,14.207977373014838,6.65201990669838,1149.2811019336923,18.92212178549596,0.9794595710206108,0.0,0.0,0.0006580431800536,0.0,0.0005920623064059,0.0018222528380756,0.0174680706548541,0.8634862544214634,0.0,0.0,0.0302953735333452,0.0,0.0264759873125901,0.0672022644848217,0.0125401202477794,16.863691704846715,0.8160017491443604,1.0,0.0,0.0,3.029588622316394,0.0,2.881260972746763,3.0676075054447574,1.0,17.121140165384258,1157.0541060432145,17.08052563899556,302.7106577576344,6.509407158415541
7,220.0,8.33117712143537,0.9600000000000002,0.0,0.0,0.0056309951640397,0.0,0.0049352171951375,0.0127925951312575,0.0166411925095651,301.5,77.97,0.7296849087893864,0.1068510596567317,14.207977373014838,6.65201990669838,1148.148214574027,20.57371310509488,0.9771976090848852,0.0,0.0,0.0012251247528273,0.0,0.0010989438868789,0.0033087575536958,0.0171695647217127,0.7837274527616541,0.0,0.0,0.050790412170968,0.0,0.0442563614664978,0.1100003057577791,0.0112254678431009,16.662831976903153,0.8237314465632345,1.0,0.0,0.0,2.997902170555661,0.0,2.8528347107597165,3.029157683649647,1.0,17.121140165384258,1157.0541060432145,17.08052563899556,302.7106577576344,6.509407158415541
7,220.0,9.170705728803863,0.9600000000000002,0.0,0.0,0.0056309951640397,0.0,0.0049352171951375,0.0127925951312575,0.0166411925095651,301.5,77.97,0.7296849087893864,0.1176183882108999,14.207977373014838,6.65201990669838,1146.970397538137,22.237589032372387,0.9747810379829058,0.0,0.0,0.0018077971826229,0.0,0.0016165945554657,0.0047618631284905,0.0170327071505147,0.7182958992568907,0.0,0.0,0.0681491100034654,0.0,0.0592023601221248,0.1441136065028891,0.0102390241146299,16.46464976251639,0.8314388555329686,1.0,0.0,0.0,2.966917296939297,0.0,2.8249538336609152,2.991789224074261,1.0,17.121140165384258,1157.0541060432145,17.08052563899556,302.7106577576344,6.509407158415541
7,220.0,10.010234336172362,0.9600000000000002,0.0,0.0,0.0056309951640397,0.0,0.0049352171951375,0.0127925951312575,0.0166411925095651,301.5,77.97,0.7296849087893864,0.1283857167650681,14.207977373014838,6.65201990669838,1145.7892237922754,23.914323121410025,0.9723268056894327,0.0,0.0,0.0024060264100809,0.0,0.0021447482893047,0.0061816110034878,0.0169408086076934,0.663710900880573,0.0,0.0,0.0831468667428268,0.0,0.0720073800133388,0.1716952809413254,0.0094395714219358,16.269162569840393,0.8391165979371209,1.0,0.0,0.0,2.9367913714572964,0.0,2.797755668936772,2.955553703992545,1.0,17.121140165384258,1157.0541060432145,17.08052563899556,302.7106577576344,6.509407158415541
7,220.0,10.849762943540856,0.9600000000000002,0.0,0.0,0.0056309951640397,0.0,0.0049352171951375,0.0127925951312575,0.0166411925095651,301.5,77.97,0.7296849087893864,0.1391530453192363,14.207977373014838,6.65201990669838,1144.61386178451,25.604115653867492,0.969860924651484,0.0,0.0,0.0030198330815162,0.0,0.0026831879954777,0.0075682953200097,0.0168677589515125,0.6175020928734416,0.0,0.0,0.0963240670655641,0.0,0.0831545845396928,0.1942473587354816,0.0087718967858198,16.0763062321695,0.8467445592027659,1.0,0.0,0.0,2.9074344390919458,0.0,2.7712472593681228,2.920419289687097,1.0,17.121140165384258,1157.0541060432145,17.08052563899556,302.7106577576344,6.509407158415541
7,220.0,11.689291550909353,0.9600000000000002,0.0,0.0,0.0056309951640397,0.0,0.0049352171951375,0.0127925951312575,0.0166411925095651,301.5,77.97,0.7296849087893864,0.1499203738734045,14.207977373014838,6.65201990669838,1143.4473952862609,27.30709690444286,0.9673923688407732,0.0,0.0,0.0036492322147591,0.0,0.0032316908750728,0.0089222862627165,0.0168044218066781,0.5778910687390815,0.0,0.0,0.1080676212135177,0.0,0.0929898902715774,0.2128474919122419,0.0082039278635814,15.88600862350872,0.8543499471395336,1.0,0.0,0.0,2.8788265791783574,0.0,2.7454122145761186,2.8863410497918767,1.0,17.121140165384258,1157.0541060432145,17.08052563899556,302.7106577576344,6.509407158415541
7,220.0,12.528820158277847,0.9600000000000002,0.0,0.0,0.0056309951640397,0.0,0.0049352171951375,0.0127925951312575,0.0166411925095651,301.5,77.97,0.7296849087893864,0.1606877024275727,14.207977373014838,6.65201990669838,1142.2910674250984,29.023375729559863,0.9649249852436156,0.0,0.0,0.0042942245830628,0.0,0.0037900208844506,0.0102440004407496,0.0167467688481212,0.5435682345386194,0.0,0.0,0.1186615334331009,0.0,0.1017672071137684,0.2282888319554299,0.0077141929590813,15.698196666234953,0.8619264661354472,1.0,0.0,0.0,2.8509424838282555,0.0,2.7202279729803167,2.8532722189969544,1.0,17.121140165384258,1157.0541060432145,17.08052563899556,302.7106577576344,6.509407158415541
7,220.0,13.368348765646342,0.9600000000000002,0.0,0.0,0.0056309951640397,0.0,0.0049352171951375,0.0127925951312575,0.0166411925095651,301.5,77.97,0.7296849087893864,0.1714550309817409,14.207977373014838,6.65201990669838,1141.1454016419998,30.753052126025256,0.9624606383060088,0.0,0.0,0.0049547952502811,0.0,0.0043579278138012,0.0115338917964762,0.0166927468334323,0.5135486603559578,0.0,0.0,0.1283188183306872,0.0,0.109676989698022,0.2411682115943773,0.0072873200209555,15.512798614953972,0.8694824032506611,1.0,0.0,0.0,2.823755699340485,0.0,2.695670617108743,2.821167135237217,1.0,17.121140165384258,1157.0541060432145,17.08052563899556,302.7106577576344,6.509407158415541
7,220.0,14.207877373014838,0.9600000000000002,0.0,0.0,0.0056309951640397,0.0,0.0049352171951375,0.0127925951312575,0.0166411925095651,301.5,77.97,0.7296849087893864,0.1822223595359091,14.207977373014838,6.65201990669838,1140.01058804041,32.496221399644895,0.960000292405264,0.0,0.0,0.0056309138142657,0.0,0.0049351479897003,0.0127924472656135,0.0166411985251562,0.4870775912486454,0.0,0.0,0.1372022621615376,0.0,0.116864809652756,0.2519434763140525,0.0069118606230083,15.329746634378104,0.8770036677877102,1.0,0.0,0.0,2.797239300448421,0.0,2.671726972267022,2.7899815955428746,1.0,17.121140165384258,1157.0541060432145,17.08052563899556,302.7106577576344,6.509407158415541
7,225.0,8.120848974040822,0.9600000000000002,0.0,0.0,0.0056309951640397,0.0,0.0049352171951375,0.0127925951312575,0.0166411925095651,301.5,77.97,0.746268656716418,0.1041535074264566,15.879940892428904,8.120748974040822,1131.9359549228584,20.915123949204613,0.9781422924865044,0.0,0.0,0.0001379056402646,0.0,0.0001189399669431,0.0003596109811064,0.0212412509251813,0.959991670174727,0.0,0.0,0.0056335172530191,0.0,0.004937428533523,0.012798303593166,0.0166390804455645,15.761430822283744,0.8459414043091797,1.0,0.0,0.0,2.7392161454339035,0.0,2.6818382646134333,2.888210839055021,1.0,15.813326197117547,1139.6555629264626,20.687604017864448,302.7106577576344,7.946729358776584
7,225.0,8.982959187195053,0.9600000000000002,0.0,0.0,0.0056309951640397,0.0,0.0049352171951375,0.0127925951312575,0.0166411925095651,301.5,77.97,0.746268656716418,0.1152104551390926,15.879940892428904,8.120748974040822,1131.9574916318022,22.609620616581697,0.979277292994146,0.0,0.0,0.0007089286853778,0.0,0.0006121318670576,0.0018217205837412,0.0175799258696774,0.879118525491883,0.0,0.0,0.0262824421562106,0.0,0.0230735271676888,0.058822943392093,0.0127025617921244,15.573874901385349,0.8537101459765482,1.0,0.0,0.0,2.7159828990570274,0.0,2.661372114601476,2.8566128649689424,1.0,15.813326197117547,1139.6555629264626,20.687604017864448,302.7106577576344,7.946729358776584
7,225.0,9.845069400349283,0.9600000000000002,0.0,0.0,0.0056309951640397,0.0,0.0049352171951375,0.0127925951312575,0.0166411925095651,301.5,77.97,0.746268656716418,0.1262674028517287,15.879940892428904,8.120748974040822,1130.835424379045,24.29871911827509,0.9770929886144848,0.0,0.0,0.0012929119512777,0.0,0.0011183390782746,0.0032705385551282,0.0172252218008343,0.8096026162455392,0.0,0.0,0.0438008190856246,0.0,0.0385190740520578,0.0965750412155092,0.011502449401269,15.387227362728405,0.8614291782663543,1.0,0.0,0.0,2.6901753028279622,0.0,2.637454743381732,2.824139998452011,1.0,15.813326197117547,1139.6555629264626,20.687604017864448,302.7106577576344,7.946729358776584
7,225.0,10.707179613503516,0.9600000000000002,0.0,0.0,0.0056309951640397,0.0,0.0049352171951375,0.0127925951312575,0.0166411925095651,301.5,77.97,0.746268656716418,0.1373243505643647,15.879940892428904,8.120748974040822,1129.652134114884,25.998373101692454,0.9747161528970066,0.0,0.0,0.0018861997467389,0.0,0.001634470362643,0.004697055999103,0.0170661209945083,0.7509920604206761,0.0,0.0,0.0588169045381765,0.0,0.0518144728919834,0.1277704677884241,0.0106060943607398,15.202746783869054,0.8691418910147924,1.0,0.0,0.0,2.66479567428669,0.0,2.6138632522936884,2.7924631214242166,1.0,15.813326197117547,1139.6555629264626,20.687604017864448,302.7106577576344,7.946729358776584
7,225.0,11.569289826657748,0.9600000000000002,0.0,0.0,0.0056309951640397,0.0,0.0049352171951375,0.0127925951312575,0.0166411925095651,301.5,77.97,0.746268656716418,0.1483812982770007,15.879940892428904,8.120748974040822,1128.4563837802914,27.709363521932364,0.9722876268078408,0.0,0.0,0.0024885327112058,0.0,0.0021603788196191,0.0061011187704492,0.0169623428908849,0.700985086436863,0.0,0.0,0.0718719913567937,0.0,0.063426944949105,0.1538444189137475,0.0098715583434906,15.020439468768702,0.8768316722245167,1.0,0.0,0.0,2.639959885653647,0.0,2.5907499006759704,2.761656021627282,1.0,15.813326197117547,1139.6555629264626,20.687604017864448,302.7106577576344,7.946729358776584
7,225.0,12.43140003981198,0.9600000000000002,0.0,0.0,0.0056309951640397,0.0,0.0049352171951375,0.0127925951312575,0.0166411925095651,301.5,77.97,0.746268656716418,0.1594382459896367,15.879940892428904,8.120748974040822,1127.2591753030556,29.43191984529112,0.9698394346309132,0.0,0.0,0.0030997625373954,0.0,0.0026960162673857,0.0074829002617582,0.0168818863025473,0.6578404142769356,0.0,0.0,0.083362717618153,0.0,0.0736989267028444,0.17584822406376,0.0092497173383067,14.840264595024175,0.8845125796092909,1.0,0.0,0.0,2.6156782354159165,0.0,2.5681345931263584,2.731654827580239,1.0,15.813326197117547,1139.6555629264626,20.687604017864448,302.7106577576344,7.946729358776584
7,225.0,13.293510252966213,0.9600000000000002,0.0,0.0,0.0056309951640397,0.0,0.0049352171951375,0.0127925951312575,0.0166411925095651,301.5,77.97,0.746268656716418,0.1704951937022728,15.879940892428904,8.120748974040822,1126.0642850468955,31.16616806739039,0.967382795486491,0.0,0.0,0.0037197545612968,0.0,0.0032413481741276,0.0088426442292495,0.0168134575488349,0.6202495511468575,0.0,0.0,0.0935847863582315,0.0,0.0828857389506945,0.1945662328218427,0.0087136907223735,14.662174060482872,0.8921702949085912,1.0,0.0,0.0,2.59197121156809,0.0,2.5460387211772426,2.7024324985117745,1.0,15.813326197117547,1139.6555629264626,20.687604017864448,302.7106577576344,7.946729358776584
7,225.0,14.155620466120444,0.9600000000000002,0.0,0.0,0.0056309951640397,0.0,0.0049352171951375,0.0127925951312575,0.0166411925095651,301.5,77.97,0.746268656716418,0.1815521414149088,15.879940892428904,8.120748974040822,1124.873292235963,32.91220421825674,0.964922611666319,0.0,0.0,0.0043483727800208,0.0,0.0037963401460246,0.0101806224086592,0.0167520529989762,0.587214845757541,0.0,0.0,0.102762886865515,0.0,0.091181398124179,0.2105950464058744,0.0082458228468903,14.4861190430929,0.8998320795264292,1.0,0.0,0.0,2.56881576652292,0.0,2.524440762305681,2.673960105148524,1.0,15.813326197117547,1139.6555629264626,20.687604017864448,302.7106577576344,7.946729358776584
7,225.0,15.017730679274674,0.9600000000000002,0.0,0.0,0.0056309951640397,0.0,0.0049352171951375,0.0127925951312575,0.0166411925095651,301.5,77.97,0.746268656716418,0.1926090891275448,15.879940892428904,8.120748974040822,1123.68691984598,34.670113778657,0.9624613311302104,0.0,0.0,0.0049854765305678,0.0,0.0043609546369682,0.0114971229531713,0.016695114749082,0.5579634725802082,0.0,0.0,0.1110707170285348,0.0,0.0987358935364169,0.2243964421123099,0.0078334747425301,14.312051639398732,0.9074972494608382,1.0,0.0,0.0,2.5461685345702096,0.0,2.5033051651640417,2.646208906134273,1.0,15.813326197117547,1139.6555629264626,20.687604017864448,302.7106577576344,7.946729358776584
7,225.0,15.879840892428906,0.9600000000000002,0.0,0.0,0.0056309951640397,0.0,0.0049352171951375,0.0127925951312575,0.0166411925095651,301.5,77.97,0.746268656716418,0.2036660368401809,15.879940892428904,8.120748974040822,1122.5054990358756,36.4399782260929,0.960000285014226,0.0,0.0,0.0056309199255961,0.0,0.0049351501333185,0.0127924463097105,0.0166411986171487,0.5318878298958248,0.0,0.0,0.1186446289842719,0.0,0.105666964066937,0.2363334210277371,0.0074671560252291,14.139926827440227,0.915144291734491,1.0,0.0,0.0,2.5240133235807334,0.0,2.482617508654412,2.619151004279014,1.0,15.813326197117547,1139.6555629264626,20.687604017864448,302.7106577576344,7.946729358776584
7,230.0,9.822683848643686,0.9600000000000002,0.0,0.0,0.0056309951640397,0.0,0.0049352171951375,0.0127925951312575,0.0166411925095651,301.5,77.97,0.7628524046434494,0.1259802981742168,17.781805303983838,9.822583848643688,1113.990583387575,25.15138421912683,0.9778419171836636,0.0,0.0,0.0001713640731616,0.0,0.0001431287784621,0.0004169522722588,0.0214266376924537,0.959993329318992,0.0,0.0,0.0056330363940855,0.0,0.0049370088463856,0.0127972220984682,0.0166394033420687,14.477178112468367,0.887154626940012,1.0,0.0,0.0,2.478637294098648,0.0,2.480111032499205,2.6921683239975587,1.0,14.52556748614066,1121.6270137216943,24.87830228106012,302.7106577576344,9.61137473881863
7,230.0,10.707019565903703,0.9600000000000002,0.0,0.0,0.0056309951640397,0.0,0.0049352171951375,0.0127925951312575,0.0166411925095651,301.5,77.97,0.7628524046434494,0.1373222978825664,17.781805303983838,9.822583848643688,1113.9913301187923,26.89329707986825,0.97906589314447,0.0,0.0,0.0007595769763902,0.0,0.0006372769635679,0.0018357438999244,0.0177015090156473,0.8920625232649808,0.0,0.0,0.022989314403649,0.0,0.020250063044646,0.0518351314539617,0.0128629678327625,14.302000526021803,0.8949785024117397,1.0,0.0,0.0,2.4593563071281386,0.0,2.462872513134013,2.664739181494104,1.0,14.52556748614066,1121.6270137216943,24.87830228106012,302.7106577576344,9.61137473881863
7,230.0,11.59135528316372,0.9600000000000002,0.0,0.0,0.0056309951640397,0.0,0.0049352171951375,0.0127925951312575,0.0166411925095651,301.5,77.97,0.7628524046434494,0.1486642975909159,17.781805303983838,9.822583848643688,1112.8730221772068,28.62486875717148,0.9769602934380216,0.0,0.0,0.0013564513712856,0.0,0.0011440301421901,0.0032521560655914,0.0172870689829113,0.8316466530834693,0.0,0.0,0.0379801997545282,0.0,0.0336264393612316,0.0849934264203137,0.0117532813804572,14.1284013984834,0.9027729690737972,1.0,0.0,0.0,2.438093410756684,0.0,2.442698796732497,2.637174737362377,1.0,14.52556748614066,1121.6270137216943,24.87830228106012,302.7106577576344,9.61137473881863
7,230.0,12.475691000423735,0.9600000000000002,0.0,0.0,0.0056309951640397,0.0,0.0049352171951375,0.0127925951312575,0.0166411925095651,301.5,77.97,0.7628524046434494,0.1600062972992655,17.781805303983838,9.822583848643688,1111.6787379221355,30.36554178958196,0.9746243733910264,0.0,0.0,0.0019572774861831,0.0,0.0016595977401512,0.0046553309436388,0.0171034204390003,0.7794931041512982,0.0,0.0,0.0509752541297806,0.0,0.0453657972953422,0.1132298760960038,0.0109359683275751,13.956620563168222,0.910549810444926,1.0,0.0,0.0,2.417107018219778,0.0,2.4227074028650004,2.610208726775982,1.0,14.52556748614066,1121.6270137216943,24.87830228106012,302.7106577576344,9.61137473881863
7,230.0,13.360026717683754,0.9600000000000002,0.0,0.0,0.0056309951640397,0.0,0.0049352171951375,0.0127925951312575,0.0166411925095651,301.5,77.97,0.7628524046434494,0.1713482970076151,17.781805303983838,9.822583848643688,1110.4640976103456,32.116412293326576,0.9722232746379807,0.0,0.0,0.0025616748234093,0.0,0.0021838210698147,0.0060448815142307,0.0169863479545644,0.7341113850872402,0.0,0.0,0.0623526627206401,0.0,0.0557815802388282,0.1374917226499997,0.0102626493032918,13.786639983528898,0.9183300965572544,1.0,0.0,0.0,2.396506190690094,0.0,2.403047160756416,2.583860355369598,1.0,14.52556748614066,1121.6270137216943,24.87830228106012,302.7106577576344,9.61137473881863
7,230.0,14.24436243494377,0.9600000000000002,0.0,0.0,0.0056309951640397,0.0,0.0049352171951375,0.0127925951312575,0.0166411925095651,301.5,77.97,0.7628524046434494,0.1826902967159647,17.781805303983838,9.822583848643688,1109.2419712341705,33.877785763277025,0.9697954353524908,0.0,0.0,0.0031694423729157,0.0,0.0027166932102016,0.0074208676531156,0.0168975614112761,0.6942904976598191,0.0,0.0,0.072402705004106,0.0,0.0651145642843081,0.1585052647127308,0.0096869683390359,13.618427505804544,0.9261201734927932,1.0,0.0,0.0,2.376306267962246,0.0,2.383745830765803,2.5581171737579966,1.0,14.52556748614066,1121.6270137216943,24.87830228106012,302.7106577576344,9.61137473881863
7,230.0,15.128698152203787,0.9600000000000002,0.0,0.0,0.0056309951640397,0.0,0.0049352171951375,0.0127925951312575,0.0166411925095651,301.5,77.97,0.7628524046434494,0.1940322964243143,17.781805303983838,9.822583848643688,1108.0168605694992,35.649815657008645,0.9673545029129578,0.0,0.0,0.0037804111907052,0.0,0.0032582346892413,0.0087834370125004,0.016823414194595,0.6590819665538319,0.0,0.0,0.081349789020475,0.0,0.0735509052668344,0.1768319586544589,0.0091853805043997,13.451949200787686,0.9339169878167092,1.0,0.0,0.0,2.356504571140719,0.0,2.364805937829072,2.5329612510124506,1.0,14.52556748614066,1121.6270137216943,24.87830228106012,302.7106577576344,9.61137473881863
7,230.0,16.013033869463804,0.9600000000000002,0.0,0.0,0.0056309951640397,0.0,0.0049352171951375,0.0127925951312575,0.0166411925095651,301.5,77.97,0.7628524046434494,0.2053742961326639,17.781805303983838,9.822583848643688,1106.790698344218,37.43261095220775,0.964906516485786,0.0,0.0,0.0043944203825469,0.0,0.0038084727830462,0.0101327647118983,0.0167578256367225,0.6277387323908001,0.0,0.0,0.0893698158900355,0.0,0.0812365050268587,0.1929119587005132,0.0087429879917924,13.287171483587608,0.9417328880835798,1.0,0.0,0.0,2.3370932268054543,0.0,2.346222504081656,2.5083896990808183,1.0,14.52556748614066,1121.6270137216943,24.87830228106012,302.7106577576344,9.61137473881863
7,230.0,16.89736958672382,0.9600000000000002,0.0,0.0,0.0056309951640397,0.0,0.0049352171951375,0.0127925951312575,0.0166411925095651,301.5,77.97,0.7628524046434494,0.2167162958410134,17.781805303983838,9.822583848643688,1105.564412166666,39.22626503404717,0.9624545399172832,0.0,0.0,0.0050113111317363,0.0,0.0043674360530647,0.0114690371226094,0.0166976757753062,0.5996659173508647,0.0,0.0,0.0966025355900397,0.0,0.0882872521462482,0.2070950212278803,0.0083492736849669,13.124061745885813,0.9495470823208984,1.0,0.0,0.0,2.3180625575448786,0.0,2.3279878801632647,2.484368081238321,1.0,14.52556748614066,1121.6270137216943,24.87830228106012,302.7106577576344,9.61137473881863
7,230.0,17.781705303983838,0.9600000000000002,0.0,0.0,0.0056309951640397,0.0,0.0049352171951375,0.0127925951312575,0.0166411925095651,301.5,77.97,0.7628524046434494,0.228058295549363,17.781805303983838,9.822583848643688,1104.3384698357695,41.03086559269185,0.9600002771903282,0.0,0.0,0.00563092505744,0.0,0.0049351526006722,0.0127924464278616,0.0166411987236979,0.5743844394548197,0.0,0.0,0.1031603567578119,0.0,0.0947963285952974,0.2196625237418961,0.007996351450175,12.962590076183591,0.9573686159218988,1.0,0.0,0.0,2.2994022736232105,0.0,2.3100932712925024,2.460874370955376,1.0,14.52556748614066,1121.6270137216943,24.87830228106012,302.7106577576344,9.61137473881863
7,235.0,11.7804723051004,0.9600000000000002,0.0,0.0,0.0056309951640397,0.0,0.0049352171951375,0.0127925951312575,0.0166411925095651,301.5,77.97,0.7794361525704809,0.1510898076837296,19.92987582959629,11.780372305100402,1095.3334051975849,30.05903356660592,0.9775735176653744,0.0,0.0,0.0002097766412016,0.0,0.0001717572333565,0.0004828550299861,0.021562093430081,0.9599946052116316,0.0,0.0,0.0056326593912699,0.0,0.0049366795010277,0.0127963740242475,0.0166396818718229,13.213123454178962,0.9324955156155283,1.0,0.0,0.0,2.2635592085178984,0.0,2.2981249794199887,2.513527925565612,1.0,13.258875583506692,1102.8688895247462,29.73094022392497,302.7106577576344,11.525181126674264
7,235.0,12.685950474488834,0.9600000000000002,0.0,0.0,0.0056309951640397,0.0,0.0049352171951375,0.0127925951312575,0.0166411925095651,301.5,77.97,0.7794361525704809,0.1627029687634838,19.92987582959629,11.780372305100402,1095.283744921917,31.85287616221506,0.978826712920736,0.0,0.0,0.000810036190458,0.0,0.0006676809807437,0.0018638855479006,0.0178316843601616,0.9028529600690178,0.0,0.0,0.0202646455590302,0.0,0.0178889953441773,0.0459658530219821,0.0130275460057924,13.049453325206796,0.9404621950077576,1.0,0.0,0.0,2.247362310107205,0.0,2.2835090931231474,2.489549181295894,1.0,13.258875583506692,1102.8688895247462,29.73094022392497,302.7106577576344,11.525181126674264
7,235.0,13.591428643877268,0.9600000000000002,0.0,0.0,0.0056309951640397,0.0,0.0049352171951375,0.0127925951312575,0.0166411925095651,301.5,77.97,0.7794361525704809,0.174316129843238,19.92987582959629,11.780372305100402,1094.1619873785223,33.63143416471149,0.9768017446011608,0.0,0.0,0.0014156745387189,0.0,0.0011756622285047,0.003251785874486,0.0173551327571295,0.8504870866461698,0.0,0.0,0.0331062397506928,0.0,0.0294398044914697,0.0749791026794119,0.0119877664322556,12.888021252101083,0.9483833795933522,1.0,0.0,0.0,2.229666271372629,0.0,2.266400700040341,2.466003829476801,1.0,13.258875583506692,1102.8688895247462,29.73094022392497,302.7106577576344,11.525181126674264
7,235.0,14.4969068132657,0.9600000000000002,0.0,0.0,0.0056309951640397,0.0,0.0049352171951375,0.0127925951312575,0.0166411925095651,301.5,77.97,0.7794361525704809,0.1859292909229921,19.92987582959629,11.780372305100402,1092.9511628557818,35.41785657203596,0.9745091911967996,0.0,0.0,0.0020209776178639,0.0,0.0016911226229746,0.0046338996130427,0.0171448089493189,0.8043456263209042,0.0,0.0,0.0443592063026791,0.0,0.0397378124560743,0.1003189516111618,0.0112384033091802,12.72817659451118,0.9563271289576498,1.0,0.0,0.0,2.212148509659677,0.0,2.2493690936766475,2.4429386529463653,1.0,13.258875583506692,1102.8688895247462,29.73094022392497,302.7106577576344,11.525181126674264
7,235.0,15.402384982654132,0.9600000000000002,0.0,0.0,0.0056309951640397,0.0,0.0049352171951375,0.0127925951312575,0.0166411925095651,301.5,77.97,0.7794361525704809,0.1975424520027463,19.92987582959629,11.780372305100402,1091.71307949756,37.21366979992183,0.9721380800101286,0.0,0.0,0.0026254943017056,0.0,0.0022138072873361,0.0060095733982431,0.0170130450025865,0.7634966022581249,0.0,0.0,0.0542870536899329,0.0,0.0489921267792851,0.1226029453993482,0.0106212718733086,12.5698607872903,0.9642775971418992,1.0,0.0,0.0,2.1949078618568527,0.0,2.2325697366590487,2.4203451275543446,1.0,13.258875583506692,1102.8688895247462,29.73094022392497,302.7106577576344,11.525181126674264
7,235.0,16.307863152042565,0.9600000000000002,0.0,0.0,0.0056309951640397,0.0,0.0049352171951375,0.0127925951312575,0.0166411925095651,301.5,77.97,0.7794361525704809,0.2091556130825005,19.92987582959629,11.780372305100402,1090.4624372739602,39.01929880633084,0.9697335463660696,0.0,0.0,0.0032290365686737,0.0,0.0027436766058357,0.0073787578281443,0.0169149826312767,0.7271108194335487,0.0,0.0,0.0631013300236272,0.0,0.0573709967995563,0.1423264860507379,0.0100903676925296,12.413041452421425,0.9722475038839916,1.0,0.0,0.0,2.177961557496903,0.0,2.2160338919772737,2.398210540007286,1.0,13.258875583506692,1102.8688895247462,29.73094022392497,302.7106577576344,11.525181126674264
7,235.0,17.213341321430995,0.9600000000000002,0.0,0.0,0.0056309951640397,0.0,0.0049352171951375,0.0127925951312575,0.0166411925095651,301.5,77.97,0.7794361525704809,0.2207687741622546,19.92987582959629,11.780372305100402,1089.2044699241603,40.83495010358439,0.9673118236572852,0.0,0.0,0.0038314683027101,0.0,0.0032807321074192,0.0087415237034674,0.0168344522291178,0.6945107031061705,0.0,0.0,0.0709710722158079,0.0,0.0650088873556587,0.1598853254050636,0.0096240119172993,12.25769178401464,0.98025116352353,1.0,0.0,0.0,2.161310657622693,0.0,2.199768052198196,2.3765217391186595,1.0,13.258875583506692,1102.8688895247462,29.73094022392497,302.7106577576344,11.525181126674264
7,235.0,18.11881949081943,0.9600000000000002,0.0,0.0,0.0056309951640397,0.0,0.0049352171951375,0.0127925951312575,0.0166411925095651,301.5,77.97,0.7794361525704809,0.2323819352420088,19.92987582959629,11.780372305100402,1087.941469437509,42.660764734572034,0.964880164802261,0.0,0.0,0.0044326693962518,0.0,0.0038249864902112,0.0100979785230675,0.0167642007882082,0.6651456546413391,0.0,0.0,0.0780325582472814,0.0,0.0720141706654073,0.1755984527597404,0.0092091636862314,12.103787736684026,0.98827853337583,1.0,0.0,0.0,2.144951014434741,0.0,2.183771004901036,2.3552655416470505,1.0,13.258875583506692,1102.8688895247462,29.73094022392497,302.7106577576344,11.525181126674264
7,235.0,19.024297660207864,0.9600000000000002,0.0,0.0,0.0056309951640397,0.0,0.0049352171951375,0.0127925951312575,0.0166411925095651,301.5,77.97,0.7794361525704809,0.243995096321763,19.92987582959629,11.780372305100402,1086.6745686855622,44.49686001120302,0.9624422839842416,0.0,0.0,0.0050325263389463,0.0,0.0043764554990377,0.0114482437752849,0.0167004904024891,0.6385656959720679,0.0,0.0,0.0843967781432149,0.0,0.0784750586149553,0.189725599345446,0.0088368679243158,11.951306041735773,0.9963408745017864,1.0,0.0,0.0,2.128877164353212,0.0,2.168038897402305,2.334429433290598,1.0,13.258875583506692,1102.8688895247462,29.73094022392497,302.7106577576344,11.525181126674264
7,235.0,19.92977582959629,0.9600000000000002,0.0,0.0,0.0056309951640397,0.0,0.0049352171951375,0.0127925951312575,0.0166411925095651,301.5,77.97,0.7794361525704809,0.2556082574015172,19.92987582959629,11.780372305100402,1085.4043679623685,46.34334401800594,0.960000269425358,0.0,0.0,0.0056309292701638,0.0,0.004935155195452,0.0127924472530719,0.0166411988559542,0.6144001452075586,0.0,0.0,0.0901550136864322,0.0,0.0844640428126368,0.2024803063412964,0.0085004919520758,11.800226388147273,1.0044150891150814,1.0,0.0,0.0,2.113082620841746,0.0,2.1525665178219744,2.3140010935447517,1.0,13.258875583506692,1102.8688895247462,29.73094022392497,302.7106577576344,11.525181126674264
7,240.0,14.018070883737217,0.9600000000000002,0.0,0.0,0.0056309951640397,0.0,0.0049352171951375,0.0127925951312575,0.0166411925095651,301.5,77.97,0.7960199004975125,0.1797880067171632,22.341604659830853,14.017970883737217,1075.844167243772,35.73260563222473,0.9773318137668676,0.0,0.0,0.0002534880089099,0.0,0.0002056716471293,0.0005589334577423,0.0216500931193509,0.9599955981149312,0.0,0.0,0.0056323609281064,0.0,0.0049364183917468,0.0127957022020686,0.0166399203631468,11.970499452563768,0.9827992587763554,1.0,0.0,0.0,2.0843619334471684,0.0,2.1334945289059006,2.349998897081002,1.0,12.014498351825988,1083.263844328595,35.3375257790447,302.7106577576344,13.710780754884407
7,240.0,14.942896858858733,0.9600000000000002,0.0,0.0,0.0056309951640397,0.0,0.0049352171951375,0.0127925951312575,0.0166411925095651,301.5,77.97,0.7960199004975125,0.1916493120284562,22.341604659830853,14.017970883737217,1075.71737314336,37.58263161127217,0.9785602276590676,0.0,0.0,0.0008606201324973,0.0,0.0007037537973137,0.0019064437966508,0.0179689546144704,0.9119050201048436,0.0,0.0,0.0179924325046156,0.0,0.0159001768273001,0.0410017981211657,0.0132005724420748,11.817756820613251,0.9909971491210884,1.0,0.0,0.0,2.070621588936844,0.0,2.1209586864828966,2.3289592805148978,1.0,12.014498351825988,1083.263844328595,35.3375257790447,302.7106577576344,13.710780754884407
7,240.0,15.867722833980244,0.9600000000000002,0.0,0.0,0.0056309951640397,0.0,0.0049352171951375,0.0127925951312575,0.0166411925095651,301.5,77.97,0.7960199004975125,0.2035106173397492,22.341604659830853,14.017970883737217,1074.5843921078283,39.412501730502,0.9766179425990424,0.0,0.0,0.001470916031598,0.0,0.001213182598764,0.003268623819303,0.0174293349512925,0.8666479274455301,0.0,0.0,0.0290004349541622,0.0,0.0258439212431905,0.0662939510073762,0.0122137653497407,11.667828807571793,0.9991373296050692,1.0,0.0,0.0,2.055762454822475,0.0,2.1064065049099803,2.308740948219779,1.0,12.014498351825988,1083.263844328595,35.3375257790447,302.7106577576344,13.710780754884407
7,240.0,16.79254880910176,0.9600000000000002,0.0,0.0,0.0056309951640397,0.0,0.0049352171951375,0.0127925951312575,0.0166411925095651,301.5,77.97,0.7960199004975125,0.2153719226510421,22.341604659830853,14.017970883737217,1073.3511471106133,41.24916836026605,0.974372086096684,0.0,0.0,0.0020777289121801,0.0,0.0017285710032999,0.0046311630743686,0.0171904509134672,0.826043968897339,0.0,0.0,0.0387494611506831,0.0,0.0348229867311227,0.088861791982723,0.011521791238132,11.519340521924168,1.0073092444573342,1.0,0.0,0.0,2.041016983775861,0.0,2.0918690487937,2.288929408176584,1.0,12.014498351825988,1083.263844328595,35.3375257790447,302.7106577576344,13.710780754884407
7,240.0,17.717374784223278,0.9600000000000002,0.0,0.0,0.0056309951640397,0.0,0.0049352171951375,0.0127925951312575,0.0166411925095651,301.5,77.97,0.7960199004975125,0.2272332279623352,22.341604659830853,14.017970883737217,1072.0846094934402,43.09471325983851,0.972034197848984,0.0,0.0,0.0026805407086963,0.0,0.0022495169204318,0.0059931120666857,0.017042632455202,0.7895464440893687,0.0,0.0,0.0474215207791815,0.0,0.04297573868884,0.109101138604992,0.0109551578376178,11.372181487773004,1.015521747475527,1.0,0.0,0.0,2.0264724893225257,0.0,2.0774929916466527,2.2694877413271453,1.0,12.014498351825988,1083.263844328595,35.3375257790447,302.7106577576344,13.710780754884407
7,240.0,18.642200759344792,0.9600000000000002,0.0,0.0,0.0056309951640397,0.0,0.0049352171951375,0.0127925951312575,0.0166411925095651,301.5,77.97,0.7960199004975125,0.2390945332736282,22.341604659830853,14.017970883737217,1070.8011916861535,44.94972444875027,0.9696562474397498,0.0,0.0,0.0032791963967667,0.0,0.0027759116875173,0.0073543154666759,0.0169343290092901,0.7565993076272912,0.0,0.0,0.0551696488252383,0.0,0.0504191630068595,0.1273453606847677,0.010466519855843,11.226312701362922,1.023777903717248,1.0,0.0,0.0,2.012145724415214,0.0,2.063310611564516,2.250400315573709,1.0,12.014498351825988,1083.263844328595,35.3375257790447,302.7106577576344,13.710780754884407
7,240.0,19.567026734466307,0.9600000000000002,0.0,0.0,0.0056309951640397,0.0,0.0049352171951375,0.0127925951312575,0.0166411925095651,301.5,77.97,0.7960199004975125,0.2509558385849212,22.341604659830853,14.017970883737217,1069.5068377435475,46.814483565142304,0.9672571835774544,0.0,0.0,0.0038736156027718,0.0,0.0033077049491021,0.0087147817385197,0.016846714132152,0.726726139009152,0.0,0.0,0.0621199500193291,0.0,0.0572497358221754,0.1438692399992998,0.0100349351500436,11.08170977648393,1.032065257390954,1.0,0.0,0.0,1.9980409176075535,0.0,2.0493304034423705,2.231655073729968,1.0,12.014498351825988,1083.263844328595,35.3375257790447,302.7106577576344,13.710780754884407
7,240.0,20.491852709587825,0.9600000000000002,0.0,0.0,0.0056309951640397,0.0,0.0049352171951375,0.0127925951312575,0.0166411925095651,301.5,77.97,0.7960199004975125,0.2628171438962142,22.341604659830853,14.017970883737217,1068.2041915087,48.68917811418106,0.9648455473790184,0.0,0.0,0.0044637416658078,0.0,0.0038448628339465,0.0100745708209657,0.0167712773002614,0.6995274956455925,0.0,0.0,0.0683767322540123,0.0,0.0635472395071969,0.1589000508262434,0.0096484817669546,10.938353449501031,1.04039842312695,1.0,0.0,0.0,1.984155809099772,0.0,2.0355536950666258,2.213242622328216,1.0,12.014498351825988,1083.263844328595,35.3375257790447,302.7106577576344,13.710780754884407
7,240.0,21.41667868470934,0.9600000000000002,0.0,0.0,0.0056309951640397,0.0,0.0049352171951375,0.0127925951312575,0.0166411925095651,301.5,77.97,0.7960199004975125,0.2746784492075072,22.341604659830853,14.017970883737217,1066.8945848887604,50.57396032936797,0.9624257429480682,0.0,0.0,0.0050495278287982,0.0,0.004387356421138,0.0114337630627139,0.0167036097392815,0.6746686563849138,0.0,0.0,0.0740268885396606,0.0,0.0693780926794338,0.1726270821998883,0.0092992801961034,10.796226675629294,1.0487647288721724,1.0,0.0,0.0,1.9704871823187824,0.0,2.0219788513797208,2.1951539685487647,1.0,12.014498351825988,1083.263844328595,35.3375257790447,302.7106577576344,13.710780754884407
7,240.0,22.341504659830854,0.9600000000000002,0.0,0.0,0.0056309951640397,0.0,0.0049352171951375,0.0127925951312575,0.0166411925095651,301.5,77.97,0.7960199004975125,0.2865397545188002,22.341604659830853,14.017970883737217,1065.578743193081,52.46896788579006,0.9600002620352368,0.0,0.0,0.0056309326492099,0.0,0.0049351577839079,0.012792448508394,0.0166411990232513,0.6518678865622298,0.0,0.0,0.0791433474064198,0.0,0.0747979881802586,0.1852091502736727,0.0089816275774188,10.65531521743766,1.057191579941859,1.0,0.0,0.0,1.957031082366212,0.0,2.00860295481726,2.1773805967120308,1.0,12.014498351825988,1083.263844328595,35.3375257790447,302.7106577576344,13.710780754884407
7,245.0,16.560452967557495,0.9600000000000002,0.0,0.0,0.0056309951640397,0.0,0.0049352171951375,0.0127925951312575,0.0166411925095651,301.5,77.97,0.8126036484245439,0.2123951900417788,25.035329499703646,16.560352967557495,1055.3787758188923,42.28550771344395,0.977111188189558,0.0,0.0,0.0003029584028593,0.0,0.0002459259287828,0.000647256155809,0.0216926713229907,0.9599963796920477,0.0,0.0,0.0056321224460054,0.0,0.0049362093342149,0.0127951647872506,0.0166401237404814,10.75081648029251,1.0391370712106047,1.0,0.0,0.0,1.93365404183206,0.0,1.984216539195057,2.199630019024066,1.0,10.793959502416731,1062.6711211462375,41.80803719266337,302.7106577576344,16.191644196077288
7,245.0,17.502094804462622,0.9600000000000002,0.0,0.0,0.0056309951640397,0.0,0.0049352171951375,0.0127925951312575,0.0166411925095651,301.5,77.97,0.8126036484245439,0.2244721662750111,25.035329499703646,16.560352967557495,1055.1505796423285,44.19590181200074,0.9782660947881848,0.0,0.0,0.0009119364795517,0.0,0.0007461458979661,0.0019644350619422,0.0181113877723551,0.9195435569303588,0.0,0.0,0.016082946236514,0.0,0.0142133319982155,0.0367752168395702,0.013384947995341,10.608641208285135,1.0476620099595686,1.0,0.0,0.0,1.921904976525406,0.0,1.9733963014945584,2.1811533526221463,1.0,10.793959502416731,1062.6711211462375,41.80803719266337,302.7106577576344,16.191644196077288
7,245.0,18.44373664136775,0.9600000000000002,0.0,0.0,0.0056309951640397,0.0,0.0049352171951375,0.0127925951312575,0.0166411925095651,301.5,77.97,0.8126036484245439,0.2365491425082435,25.035329499703646,16.560352967557495,1053.9976397148062,46.08145018460933,0.9764080513243386,0.0,0.0,0.0015229028271338,0.0,0.0012568182011237,0.0033027692032143,0.0175094584441894,0.8805641261549745,0.0,0.0,0.025519396179346,0.0,0.0227433549602067,0.0587354435737848,0.0124376791316879,10.469729930114154,1.0561333618300643,1.0,0.0,0.0,1.9093292298433229,0.0,1.9609935183083471,2.1637185868943294,1.0,10.793959502416731,1062.6711211462375,41.80803719266337,302.7106577576344,16.191644196077288
7,245.0,19.38537847827288,0.9600000000000002,0.0,0.0,0.0056309951640397,0.0,0.0049352171951375,0.0127925951312575,0.0166411925095651,301.5,77.97,0.8126036484245439,0.2486261187414759,25.035329499703646,16.560352967557495,1052.7354426906584,47.972856038333134,0.9742128241284098,0.0,0.0,0.0021283882463446,0.0,0.001771792166928,0.0046465323213857,0.0172404631369316,0.8450255034770615,0.0,0.0,0.0339652982723697,0.0,0.030525711851258,0.078690087547076,0.0117933988522346,10.332167348066609,1.0646473691280924,1.0,0.0,0.0,1.896824002950464,0.0,1.948565970561164,2.146643493863595,1.0,10.793959502416731,1062.6711211462375,41.80803719266337,302.7106577576344,16.191644196077288
7,245.0,20.327020315178007,0.9600000000000002,0.0,0.0,0.0056309951640397,0.0,0.0049352171951375,0.0127925951312575,0.0166411925095651,301.5,77.97,0.8126036484245439,0.2607030949747083,25.035329499703646,16.560352967557495,1051.434733357781,49.87289236911086,0.971911990538764,0.0,0.0,0.0027277779446555,0.0,0.0022904914999349,0.0059944515896604,0.017075288426985,0.8126471328924194,0.0,0.0,0.0415441685098568,0.0,0.0376508168787501,0.0968865119794455,0.0112713697395279,10.195786134564647,1.0732252374569384,1.0,0.0,0.0,1.8844638394078013,0.0,1.9362509984423733,2.129866739431524,1.0,10.793959502416731,1062.6711211462375,41.80803719266337,302.7106577576344,16.191644196077288
7,245.0,21.26866215208313,0.9600000000000002,0.0,0.0,0.0056309951640397,0.0,0.0049352171951375,0.0127925951312575,0.0166411925095651,301.5,77.97,0.8126036484245439,0.2727800712079407,25.035329499703646,16.560352967557495,1050.1134317297272,51.7823577887437,0.969564302779982,0.0,0.0,0.0033209356097219,0.0,0.0028127275785096,0.0073462668984907,0.0169557671332957,0.7830676338703475,0.0,0.0,0.0483653493818211,0.0,0.0441996694604489,0.1135455473442565,0.0108217999431258,10.06053579931686,1.081843609406652,1.0,0.0,0.0,1.8722748240274945,0.0,1.9240769043737167,2.1133663782768624,1.0,10.793959502416731,1062.6711211462375,41.80803719266337,302.7106577576344,16.191644196077288
7,245.0,22.21030398898826,0.9600000000000002,0.0,0.0,0.0056309951640397,0.0,0.0049352171951375,0.0127925951312575,0.0166411925095651,301.5,77.97,0.8126036484245439,0.284857047441173,25.035329499703646,16.560352967557495,1048.778140615882,53.70163089294214,0.9671915136601238,0.0,0.0,0.0039078265606552,0.0,0.0033383925531904,0.008701934999734,0.0168603322262962,0.7559584896715665,0.0,0.0,0.0545216656128315,0.0,0.050241188520641,0.1288550141049549,0.0104236420900059,9.926391227587498,1.0905270308218242,1.0,0.0,0.0,1.860254636836289,0.0,1.9120542237782123,2.0971322016855747,1.0,10.793959502416731,1062.6711211462375,41.80803719266337,302.7106577576344,16.191644196077288
7,245.0,23.151945825893392,0.9600000000000002,0.0,0.0,0.0056309951640397,0.0,0.0049352171951375,0.0127925951312575,0.0166411925095651,301.5,77.97,0.8126036484245439,0.2969340236744054,25.035329499703646,16.560352967557495,1047.4318351647112,55.6309581691623,0.9648035206114044,0.0,0.0,0.0044884485165052,0.0,0.0038674027652938,0.0100614825187496,0.0167791455880468,0.731034861057006,0.0,0.0,0.060091748653989,0.0,0.0558337766213267,0.1429741076883632,0.0100655059793151,9.793335393567563,1.0992618482250025,1.0,0.0,0.0,1.848401468487748,0.0,1.9001855543381083,2.081156087505128,1.0,10.793959502416731,1062.6711211462375,41.80803719266337,302.7106577576344,16.191644196077288
7,245.0,24.09358766279852,0.9600000000000002,0.0,0.0,0.0056309951640397,0.0,0.0049352171951375,0.0127925951312575,0.0166411925095651,301.5,77.97,0.8126036484245439,0.3090109999076378,25.035329499703646,16.560352967557495,1046.076033451408,57.57053528692179,0.9624054607155964,0.0,0.0,0.0050628123167462,0.0,0.0043996828645608,0.0114249645269599,0.0167070795761364,0.7080520033764743,0.0,0.0,0.0651424763382205,0.0,0.0610270921682316,0.156038248090657,0.0097401800264164,9.661354706941102,1.1080561885599811,1.0,0.0,0.0,1.8367135494032756,0.0,1.888470728552415,2.0654311962971232,1.0,10.793959502416731,1062.6711211462375,41.80803719266337,302.7106577576344,16.191644196077288
7,245.0,25.035229499703647,0.9600000000000002,0.0,0.0,0.0056309951640397,0.0,0.0049352171951375,0.0127925951312575,0.0166411925095651,301.5,77.97,0.8126036484245439,0.3210879761408701,25.035329499703646,16.560352967557495,1044.7115748785732,59.52053606429009,0.9600002552222168,0.0,0.0,0.0056309352821653,0.0,0.0049351602762329,0.0127924499849437,0.0166411992344412,0.6867995616080863,0.0,0.0,0.0697310353238579,0.0,0.0658635716632565,0.1681632250064681,0.009442606398331,9.530438826436017,1.1169332631452669,1.0,0.0,0.0,1.8251884095735385,0.0,1.8769083051443012,2.0499513417080606,1.0,10.793959502416731,1062.6711211462375,41.80803719266337,302.7106577576344,16.191644196077288
7,250.0,19.43387412878739,0.9600000000000002,0.0,0.0,0.0056309951640397,0.0,0.0049352171951375,0.0127925951312575,0.0166411925095651,301.5,77.97,0.8291873963515755,0.2492480970730715,28.03004018460706,19.43377412878739,1033.761025075704,49.85652724039688,0.9769054407689164,0.0,0.0,0.0003588525815182,0.0,0.000293854757435,0.0007505229909363,0.0216913289011939,0.9599970017736786,0.0,0.0,0.0056319301929974,0.0,0.0049360403535052,0.012794730825804,0.0166402968540146,9.55591656267643,1.102955999167331,1.0,0.0,0.0,1.8056642785967831,0.0,1.848626862734154,2.060770938166096,1.0,9.599114364051816,1040.9186176418627,49.27650279185157,302.7106577576344,18.99215487266697
7,250.0,20.38899257943402,0.9600000000000002,0.0,0.0,0.0056309951640397,0.0,0.0049352171951375,0.0127925951312575,0.0166411925095651,301.5,77.97,0.8291873963515755,0.261497916883853,28.03004018460706,19.43377412878739,1033.4092028734517,51.831578603858965,0.977943089528396,0.0,0.0,0.000964933267403,0.0,0.0007957898247688,0.0020396659067673,0.0182565214726649,0.9260249814462016,0.0,0.0,0.0144661257729867,0.0,0.0127731718287479,0.0331531338964232,0.0135825870556405,9.424124081296569,1.1119357114073023,1.0,0.0,0.0,1.795551873288944,0.0,1.839239367015431,2.044556842599732,1.0,9.599114364051816,1040.9186176418627,49.27650279185157,302.7106577576344,18.99215487266697
7,250.0,21.34411103008065,0.9600000000000002,0.0,0.0,0.0056309951640397,0.0,0.0049352171951375,0.0127925951312575,0.0166411925095651,301.5,77.97,0.8291873963515755,0.2737477366946345,28.03004018460706,19.43377412878739,1032.2261991101425,53.77742653046643,0.9761698404518376,0.0,0.0,0.0015727646515192,0.0,0.0013070859418058,0.0033552144209186,0.0175950945339185,0.8925960403631239,0.0,0.0,0.0225477239640436,0.0,0.0200590777728135,0.0521323047822098,0.012664853117809,9.295885984397325,1.1208619522795318,1.0,0.0,0.0,1.7848337004798107,0.0,1.828643411677568,2.029470925643236,1.0,9.599114364051816,1040.9186176418627,49.27650279185157,302.7106577576344,18.99215487266697
7,250.0,22.29922948072728,0.9600000000000002,0.0,0.0,0.0056309951640397,0.0,0.0049352171951375,0.0127925951312575,0.0166411925095651,301.5,77.97,0.8291873963515755,0.2859975565054159,28.03004018460706,19.43377412878739,1030.927512057135,55.7282903668277,0.9740295889441928,0.0,0.0,0.0021742180519438,0.0,0.0018209389494435,0.004680357629592,0.017294896424828,0.8616721123947884,0.0,0.0,0.0298581904658046,0.0,0.0267619722434892,0.0696480867970157,0.0120596380989018,9.168945401678384,1.1298434654604017,1.0,0.0,0.0,1.7741568153248688,0.0,1.818003502311581,2.0147119222018786,1.0,9.599114364051816,1040.9186176418627,49.27650279185157,302.7106577576344,18.99215487266697
7,250.0,23.25434793137391,0.9600000000000002,0.0,0.0,0.0056309951640397,0.0,0.0049352171951375,0.0127925951312575,0.0166411925095651,301.5,77.97,0.8291873963515755,0.2982473763161974,28.03004018460706,19.43377412878739,1029.5859081196852,57.68777974976189,0.971770233309774,0.0,0.0,0.0027685353800333,0.0,0.0023365888806772,0.0060134747368664,0.017111167692649,0.8331560050775214,0.0,0.0,0.0364787978160743,0.0,0.0329397934893979,0.0858489815472321,0.011576422069774,9.043075932031376,1.1388918826660757,1.0,0.0,0.0,1.7635864268834085,0.0,1.8074372809166352,2.000197341783681,1.0,9.599114364051816,1040.9186176418627,49.27650279185157,302.7106577576344,18.99215487266697
7,250.0,24.20946638202054,0.9600000000000002,0.0,0.0,0.0056309951640397,0.0,0.0049352171951375,0.0127925951312575,0.0166411925095651,301.5,77.97,0.8291873963515755,0.3104971961269788,28.03004018460706,19.43377412878739,1028.2205127239524,59.6569588646604,0.969457010673178,0.0,0.0,0.0033555644545311,0.0,0.0028537723672663,0.0073541978930909,0.0169794546119334,0.8068247104432348,0.0,0.0,0.0424861674632375,0.0,0.0386483983708604,0.1008783656214531,0.011162358101214,8.918212818708293,1.148019476298257,1.0,0.0,0.0,1.7531505983354676,0.0,1.7969828722021723,1.9859065209378504,1.0,9.599114364051816,1040.9186176418627,49.27650279185157,302.7106577576344,18.99215487266697
7,250.0,25.16458483266717,0.9600000000000002,0.0,0.0,0.0056309951640397,0.0,0.0049352171951375,0.0127925951312575,0.0166411925095651,301.5,77.97,0.8291873963515755,0.3227470159377603,28.03004018460706,19.43377412878739,1026.8385025812483,61.636328235528765,0.9671145057724658,0.0,0.0,0.003935286778046,0.0,0.0033723351367598,0.0087024380237216,0.0168754342890067,0.7824576585516867,0.0,0.0,0.0479473621600463,0.0,0.0439369059878884,0.1148623794546906,0.0107956938456878,8.794327713832947,1.157214363211837,1.0,0.0,0.0,1.7428398247714103,0.0,1.7866403615499076,1.9718251985333544,1.0,9.599114364051816,1040.9186176418627,49.27650279185157,302.7106577576344,18.99215487266697
7,250.0,26.1197032833138,0.9600000000000002,0.0,0.0,0.0056309951640397,0.0,0.0049352171951375,0.0127925951312575,0.0166411925095651,301.5,77.97,0.8291873963515755,0.3349968357485418,28.03004018460706,19.43377412878739,1025.443149604764,63.62620695934209,0.9647540250317512,0.0,0.0,0.0045077270126731,0.0,0.0038921576069229,0.0100581974510233,0.0167878928976293,0.7598558903241432,0.0,0.0,0.0529205030191768,0.0,0.0488479503481595,0.1279105395162948,0.0104651167922256,8.67140397777611,1.1664793985350947,1.0,0.0,0.0,1.732655643891943,0.0,1.7764140446394026,1.957945254745098,1.0,9.599114364051816,1040.9186176418627,49.27650279185157,302.7106577576344,18.99215487266697
7,250.0,27.07482173396043,0.9600000000000002,0.0,0.0,0.0056309951640397,0.0,0.0049352171951375,0.0127925951312575,0.0166411925095651,301.5,77.97,0.8291873963515755,0.3472466555593232,28.03004018460706,19.43377412878739,1024.0361384373598,65.62684286944987,0.9623814796987292,0.0,0.0,0.0050729271240722,0.0,0.0044131335644127,0.0114215159612654,0.01671094365152,0.7388438370087541,0.0,0.0,0.0574559955925956,0.0,0.0534185246922507,0.1401178914814474,0.0101637512249521,8.549429798890152,1.1758431747422784,1.0,0.0,0.0,1.7225973208768623,0.0,1.7663046242015048,1.944261092229441,1.0,9.599114364051816,1040.9186176418627,49.27650279185157,302.7106577576344,18.99215487266697
7,250.0,28.02994018460706,0.9600000000000002,0.0,0.0,0.0056309951640397,0.0,0.0049352171951375,0.0127925951312575,0.0166411925095651,301.5,77.97,0.8291873963515755,0.3594964753701046,28.03004018460706,19.43377412878739,1022.6184081775444,67.63845232502305,0.960000249121394,0.0,0.0,0.0056309372470727,0.0,0.0049351626115151,0.0127924515208381,0.01664119949918,0.719267383035842,0.0,0.0,0.0615976980119447,0.0,0.0576808206949828,0.1515671562545207,0.0098869420027096,8.428397236895806,1.1852919269118083,1.0,0.0,0.0,1.7126634459089736,0.0,1.75631160973385,1.9307679688133288,1.0,9.599114364051816,1040.9186176418627,49.27650279185157,302.7106577576344,18.99215487266697
7,255.0,22.666116272810893,0.9600000000000002,0.0,0.0,0.0056309951640397,0.0,0.0049352171951375,0.0127925951312575,0.0166411925095651,301.5,77.97,0.845771144278607,0.2907030431295485,31.345141524422463,22.666016272810893,1010.7705237357936,58.61939859404994,0.97670740478435,0.0,0.0,0.0004221684453634,0.0,0.0003511830018018,0.0008723345319796,0.0216469092365049,0.9599975022791596,0.0,0.0,0.005631773872356,0.0,0.0049359024983241,0.0127943771844074,0.0166404441657527,8.388050025977732,1.1762250505647394,1.0,0.0,0.0,1.695804363005688,0.0,1.725193548203653,1.9319755796054865,1.0,8.432227805466914,1017.7913832278248,57.90987351738985,302.7106577576344,22.13772066860631
7,255.0,23.630441300767732,0.9600000000000002,0.0,0.0,0.0056309951640397,0.0,0.0049352171951375,0.0127925951312575,0.0166411925095651,301.5,77.97,0.845771144278607,0.3030709413975598,31.345141524422463,22.666016272810893,1010.2744573869636,60.66367834401655,0.9775888912800256,0.0,0.0,0.0010209793664516,0.0,0.0008539775871174,0.002134911776386,0.0184012399900192,0.9315536880296368,0.0,0.0,0.013086720796696,0.0,0.0115357591660452,0.0300291440852165,0.0137946879224051,8.266596562131062,1.1858199763006718,1.0,0.0,0.0,1.687053665193305,0.0,1.7170113016384676,1.9177963102622315,1.0,8.432227805466914,1017.7913832278248,57.90987351738985,302.7106577576344,22.13772066860631
7,255.0,24.59476632872457,0.9600000000000002,0.0,0.0,0.0056309951640397,0.0,0.0049352171951375,0.0127925951312575,0.0166411925095651,301.5,77.97,0.845771144278607,0.315438839665571,31.345141524422463,22.666016272810893,1009.049460412124,62.67492625078084,0.9758995688758244,0.0,0.0,0.001622080138119,0.0,0.0013648396548023,0.0034279484840285,0.0176855628472255,0.9030425369048,0.0,0.0,0.0199922417754407,0.0,0.0177254789046097,0.0463398265043144,0.012899915910835,8.148819399814368,1.1953483962763238,1.0,0.0,0.0,1.677861213457259,0.0,1.707953704357633,1.9047163534133549,1.0,8.432227805466914,1017.7913832278248,57.90987351738985,302.7106577576344,22.13772066860631
7,255.0,25.559091356681417,0.9600000000000002,0.0,0.0,0.0056309951640397,0.0,0.0049352171951375,0.0127925951312575,0.0166411925095651,301.5,77.97,0.845771144278607,0.3278067379335824,31.345141524422463,22.666016272810893,1007.7053072910884,64.69042891891743,0.973818937408116,0.0,0.0,0.0022169055718523,0.0,0.0018764851631445,0.004733969508771,0.0173537023481159,0.876314747387795,0.0,0.0,0.0263061702173038,0.0,0.0234584042688442,0.0615943300988746,0.0123263480271821,8.032311458558988,1.2049569502111048,1.0,0.0,0.0,1.6686899757158322,0.0,1.698850020167766,1.89193637111224,1.0,8.432227805466914,1017.7913832278248,57.90987351738985,302.7106577576344,22.13772066860631
7,255.0,26.52341638463826,0.9600000000000002,0.0,0.0,0.0056309951640397,0.0,0.0049352171951375,0.0127925951312575,0.0166411925095651,301.5,77.97,0.845771144278607,0.3401746362015937,31.345141524422463,22.666016272810893,1006.31469488895,66.71478110253804,0.9716061393713712,0.0,0.0,0.0028045081628731,0.0,0.0023879744281213,0.0060509870919865,0.0171503909456477,0.8513978233299888,0.0,0.0,0.0320792938475249,0.0,0.0287705426339549,0.0758758723428759,0.0118764678456553,7.916791302230909,1.2146458604407235,1.0,0.0,0.0,1.6595949838179802,0.0,1.689794871090015,1.8793612472184664,1.0,8.432227805466914,1017.7913832278248,57.90987351738985,302.7106577576344,22.13772066860631
7,255.0,27.4877414125951,0.9600000000000002,0.0,0.0,0.0056309951640397,0.0,0.0049352171951375,0.0127925951312575,0.0166411925095651,301.5,77.97,0.845771144278607,0.352542534469605,31.345141524422463,22.666016272810893,1004.8975428033472,68.74937778987346,0.9693322808188932,0.0,0.0,0.0033846787120974,0.0,0.0028989835294543,0.0073785175303516,0.0170055394092035,0.8281668097339022,0.0,0.0,0.0373637590996522,0.0,0.0337002303236314,0.0892749831269836,0.0114942177158304,7.802179357806208,1.22442253066937,1.0,0.0,0.0,1.6505926002633455,0.0,1.6808144857120615,1.8669631406688665,1.0,8.432227805466914,1017.7913832278248,57.90987351738985,302.7106577576344,22.13772066860631
7,255.0,28.452066440551945,0.9600000000000002,0.0,0.0,0.0056309951640397,0.0,0.0049352171951375,0.0127925951312575,0.0166411925095651,301.5,77.97,0.845771144278607,0.3649104327376163,31.345141524422463,22.666016272810893,1003.4614777465458,70.79487279723666,0.9670247168506476,0.0,0.0,0.0039573786843596,0.0,0.0034093314510437,0.008716426201555,0.0168921468123939,0.8064794470252983,0.0,0.0,0.0422067793402205,0.0,0.0382824435944327,0.101874578278883,0.0111567517611654,7.68844232883476,1.2342948027941127,1.0,0.0,0.0,1.6416969451490004,0.0,1.6719174479133827,1.854729852212491,1.0,8.432227805466914,1017.7913832278248,57.90987351738985,302.7106577576344,22.13772066860631
7,255.0,29.416391468508785,0.9600000000000002,0.0,0.0,0.0056309951640397,0.0,0.0049352171951375,0.0127925951312575,0.0166411925095651,301.5,77.97,0.845771144278607,0.3772783310056276,31.345141524422463,22.666016272810893,1002.0100172876284,72.85167549374184,0.964696186900248,0.0,0.0,0.0045226260948583,0.0,0.0039188849478786,0.0100646948553624,0.0167976072016523,0.7862005156983203,0.0,0.0,0.0466502256017139,0.0,0.0425482901423459,0.1137484708763077,0.010852497681312,7.575562755730708,1.2442750265450089,1.0,0.0,0.0,1.6328971184518024,0.0,1.6631073025362029,1.8426538059332995,1.0,8.432227805466914,1017.7913832278248,57.90987351738985,302.7106577576344,22.13772066860631
7,255.0,30.380716496465624,0.9600000000000002,0.0,0.0,0.0056309951640397,0.0,0.0049352171951375,0.0127925951312575,0.0166411925095651,301.5,77.97,0.845771144278607,0.3896462292736389,31.345141524422463,22.666016272810893,1000.5449849859676,74.92009743554148,0.9623534081066224,0.0,0.0,0.0050804620394008,0.0,0.0044275306053477,0.0114233530080878,0.016715246240541,0.7672069546462158,0.0,0.0,0.0507311022676892,0.0,0.0465253024232034,0.1249619881106323,0.0105746525522592,7.463529037322663,1.2543677278025869,1.0,0.0,0.0,1.6241925354728792,0.0,1.6543856655184896,1.83073126993,1.0,8.432227805466914,1017.7913832278248,57.90987351738985,302.7106577576344,22.13772066860631
7,255.0,31.345041524422463,0.9600000000000002,0.0,0.0,0.0056309951640397,0.0,0.0049352171951375,0.0127925951312575,0.0166411925095651,301.5,77.97,0.845771144278607,0.4020141275416502,31.345141524422463,22.666016272810893,999.0674008529744,77.00040614699418,0.9600002438350111,0.0,0.0,0.0056309386067836,0.0,0.0049351647461537,0.0127924529827149,0.0166411998293362,0.7493882756973351,0.0,0.0,0.054482147261529,0.0,0.0502378619989341,0.1355729518280055,0.010318763214196,7.352335036879316,1.2645625085882266,1.0,0.0,0.0,1.6155828066885416,0.0,1.6457524154084036,1.818957781547153,1.0,8.432227805466914,1017.7913832278248,57.90987351738985,302.7106577576344,22.13772066860631
7,260.0,26.286845904097408,0.9600000000000002,0.0,0.0,0.0056309951640397,0.0,0.0049352171951375,0.0127925951312575,0.0166411925095651,301.5,77.97,0.8623548922056384,0.337140514352923,35.00017176802486,26.28674590409741,986.1244484707444,68.79736665123674,0.9765083372977874,0.0,0.0,0.000494431153051,0.0,0.0004201955993598,0.0010176179426701,0.0215594180071315,0.9599979092762136,0.0,0.0,0.005631645692095,0.0,0.0049357890069969,0.0127940863913675,0.0166405696333268,7.2499869000480786,1.261712703461361,1.0,0.0,0.0,1.6003540252371309,0.0,1.612637787534702,1.8119233472127945,1.0,7.296085655146154,993.0143761526203,67.92140682303575,302.7106577576344,25.654931900849267
7,260.0,27.25498211120046,0.9600000000000002,0.0,0.0,0.0056309951640397,0.0,0.0049352171951375,0.0127925951312575,0.0166411925095651,301.5,77.97,0.8623548922056384,0.3495572926920669,35.00017176802486,26.28674590409741,985.4646126785356,70.9159323164993,0.9771996535188788,0.0,0.0,0.001082005470241,0.0,0.0009224929272096,0.0022542522530406,0.0185415958306297,0.936294331427034,0.0,0.0,0.0119007053012041,0.0,0.0104658118356508,0.0273172169967549,0.014021934439356,7.13894949415626,1.2721367994409292,1.0,0.0,0.0,1.592744776598951,0.0,1.605498011649552,1.7995759034005598,1.0,7.296085655146154,993.0143761526203,67.92140682303575,302.7106577576344,25.654931900849267
7,260.0,28.22311831830351,0.9600000000000002,0.0,0.0,0.0056309951640397,0.0,0.0049352171951375,0.0127925951312575,0.0166411925095651,301.5,77.97,0.8623548922056384,0.3619740710312108,35.00017176802486,26.28674590409741,984.1833180299824,72.9984214117529,0.9755916527521824,0.0,0.0,0.0016729821472022,0.0,0.0014313676728224,0.0035242109918305,0.0177797864359625,0.9121523229805272,0.0,0.0,0.0177773488238212,0.0,0.0156878335426958,0.0412354201379678,0.0131470745149877,7.031543966172393,1.2824807523424264,1.0,0.0,0.0,1.5848163312023262,0.0,1.597749206235093,1.7882284586565826,1.0,7.296085655146154,993.0143761526203,67.92140682303575,302.7106577576344,25.654931900849267
7,260.0,29.19125452540656,0.9600000000000002,0.0,0.0,0.0056309951640397,0.0,0.0049352171951375,0.0127925951312575,0.0166411925095651,301.5,77.97,0.8623548922056384,0.3743908493703548,35.00017176802486,26.28674590409741,982.7827201963812,75.0844909037324,0.9735755345610344,0.0,0.0,0.0022586418442271,0.0,0.0019392895539083,0.0048098590518262,0.0174166749890035,0.8892393092237727,0.0,0.0,0.0232089438907419,0.0,0.0205510965150905,0.05440155842661,0.0125990919437846,6.9253885471192325,1.2929042746649266,1.0,0.0,0.0,1.576895576801315,0.0,1.5899528995866494,1.7771542906114508,1.0,7.296085655146154,993.0143761526203,67.92140682303575,302.7106577576344,25.654931900849267
7,260.0,30.159390732509607,0.9600000000000002,0.0,0.0,0.0056309951640397,0.0,0.0049352171951375,0.0127925951312575,0.0166411925095651,301.5,77.97,0.8623548922056384,0.3868076277094986,35.00017176802486,26.28674590409741,981.333066578822,77.17985990124038,0.9714151720686388,0.0,0.0,0.0028378174935657,0.0,0.0024451546567453,0.0061088346962947,0.0171930210847552,0.8676646391543567,0.0,0.0,0.0282245282757981,0.0,0.0250769042085399,0.0668563821558638,0.0121775462054414,6.820157147220431,1.303432711958142,1.0,0.0,0.0,1.5690281149088066,0.0,1.5821876651787443,1.766253275439305,1.0,7.296085655146154,993.0143761526203,67.92140682303575,302.7106577576344,25.654931900849267
7,260.0,31.127526939612657,0.9600000000000002,0.0,0.0,0.0056309951640397,0.0,0.0049352171951375,0.0127925951312575,0.0166411925095651,301.5,77.97,0.8623548922056384,0.3992244060486425,35.00017176802486,26.28674590409741,979.8545380672832,79.28633114865708,0.9691865185390436,0.0,0.0,0.0034102068226787,0.0,0.0029485962913018,0.007420525739359,0.0170341526076166,0.8473723732069267,0.0,0.0,0.0328580800966148,0.0,0.0292913861600802,0.0786546977336465,0.0118234628027318,6.715755816836066,1.3140843740371522,1.0,0.0,0.0,1.5612271218371565,0.0,1.5744758017140077,1.7554956545096434,1.0,7.296085655146154,993.0143761526203,67.92140682303575,302.7106577576344,25.654931900849267
7,260.0,32.09566314671571,0.9600000000000002,0.0,0.0,0.0056309951640397,0.0,0.0049352171951375,0.0127925951312575,0.0166411925095651,301.5,77.97,0.8623548922056384,0.4116411843877864,35.00017176802486,26.28674590409741,978.3550405783766,81.40475333731501,0.9669195115807098,0.0,0.0,0.0039757185470304,0.0,0.0034494286520518,0.0087447461778833,0.0169105950423246,0.8282767304691332,0.0,0.0,0.0371416654515648,0.0,0.0332194280738888,0.0898494643172279,0.011512711688185,6.612142172654331,1.3248691558745271,1.0,0.0,0.0,1.5534966380649404,0.0,1.5668326140312816,1.7448692773439396,1.0,7.296085655146154,993.0143761526203,67.92140682303575,302.7106577576344,25.654931900849267
7,260.0,33.06379935381876,0.9600000000000002,0.0,0.0,0.0056309951640397,0.0,0.0049352171951375,0.0127925951312575,0.0166411925095651,301.5,77.97,0.8623548922056384,0.4240579627269303,35.00017176802486,26.28674590409741,976.8382639880648,83.53564932239476,0.9646283005823671,0.0,0.0,0.004534334194191,0.0,0.0039475291990825,0.0100814564342894,0.0168083795900697,0.8102893751958226,0.0,0.0,0.0411044472600211,0.0,0.0368837443855107,0.1004892045088386,0.0112332286498068,6.50930203000096,1.3357780691110648,1.0,0.0,0.0,1.5458506629993591,0.0,1.5592593116124844,1.7343665950381075,1.0,7.296085655146154,993.0143761526203,67.92140682303575,302.7106577576344,25.654931900849267
7,260.0,34.03193556092181,0.9600000000000002,0.0,0.0,0.0056309951640397,0.0,0.0049352171951375,0.0127925951312575,0.0166411925095651,301.5,77.97,0.8623548922056384,0.4364747410660742,35.00017176802486,26.28674590409741,975.306131764992,85.67941106139087,0.9623204210441124,0.0,0.0,0.0050860656676212,0.0,0.0044428024898115,0.0114306766601098,0.0167200341383447,0.7933266542948755,0.0,0.0,0.0447726942845155,0.0,0.0403048354027152,0.1106177328319075,0.0109780831859861,6.407222500184465,1.3468144408500315,1.0,0.0,0.0,1.5382775760796057,0.0,1.551751227815871,1.72398334822401,1.0,7.296085655146154,993.0143761526203,67.92140682303575,302.7106577576344,25.654931900849267
7,260.0,35.00007176802486,0.9600000000000002,0.0,0.0,0.0056309951640397,0.0,0.0049352171951375,0.0127925951312575,0.0166411925095651,301.5,77.97,0.8623548922056384,0.4488915194052181,35.00017176802486,26.28674590409741,973.7597211550284,87.83637249120905,0.9600002394597632,0.0,0.0,0.0056309394058197,0.0,0.0049351666446611,0.0127924542489293,0.0166412002408264,0.7773114928448962,0.0,0.0,0.0481700248037775,0.0,0.0435011580687083,0.1202744613329634,0.0107428629496543,6.305898808386406,1.357999358995894,1.0,0.0,0.0,1.5307782447281084,0.0,1.5443106206649135,1.7137161847284423,1.0,7.296085655146154,993.0143761526203,67.92140682303575,302.7106577576344,25.654931900849267
7,265.0,30.328147601122875,0.9600000000000002,0.0,0.0,0.0056309951640397,0.0,0.0049352171951375,0.0127925951312575,0.0166411925095651,301.5,77.97,0.87893864013267,0.3889720097617401,39.01441267811783,30.32804760112288,959.4488005996376,80.68631004748362,0.9762969108401366,0.0,0.0,0.000578003836484,0.0,0.000504013419351,0.0011933307114773,0.0214277411925509,0.9599982437932112,0.0,0.0,0.005631539690408,0.0,0.0049356947157075,0.0127938451047722,0.016640676695901,6.145181221410346,1.3634798517268998,1.0,0.0,0.0,1.5162635303309813,0.0,1.5097954019125257,1.6995173291780858,1.0,6.194157229336726,966.2255774553212,79.59167899763797,302.7106577576344,29.571779036695137
7,265.0,31.293277054122317,0.9600000000000002,0.0,0.0,0.0056309951640397,0.0,0.0049352171951375,0.0127925951312575,0.0166411925095651,301.5,77.97,0.87893864013267,0.4013502251394423,39.01441267811783,30.32804760112288,958.6061027082382,82.88497021640117,0.9767692055670412,0.0,0.0,0.0011507538804063,0.0,0.0010038364202082,0.0024036643105878,0.0186725398217566,0.9403811590785556,0.0,0.0,0.0108725756719469,0.0,0.009534667879704,0.0249469443817197,0.0142646529880735,6.044749525693088,1.375004331297361,1.0,0.0,0.0,1.5096055768631664,0.0,1.5035673349871084,1.688825623150543,1.0,6.194157229336726,966.2255774553212,79.59167899763797,302.7106577576344,29.571779036695137
7,265.0,32.258406507121755,0.9600000000000002,0.0,0.0,0.0056309951640397,0.0,0.0049352171951375,0.0127925951312575,0.0166411925095651,301.5,77.97,0.87893864013267,0.4137284405171444,39.01441267811783,30.32804760112288,957.251109861414,85.04561955873623,0.975237992326762,0.0,0.0,0.00172836473473,0.0,0.001508571971011,0.0036489823021595,0.0178760886653372,0.9201335703371692,0.0,0.0,0.0158412602812396,0.0,0.0139001850122687,0.0367145915398785,0.0134103928294439,5.947750056258725,1.386440428820906,1.0,0.0,0.0,1.5027195102865236,0.0,1.496944386286029,1.6789799121723628,1.0,6.194157229336726,966.2255774553212,79.59167899763797,302.7106577576344,29.571779036695137
7,265.0,33.22353596012119,0.9600000000000002,0.0,0.0,0.0056309951640397,0.0,0.0049352171951375,0.0127925951312575,0.0166411925095651,301.5,77.97,0.87893864013267,0.4261066558948466,39.01441267811783,30.32804760112288,955.7802994450064,87.20930845918768,0.973291559254573,0.0,0.0,0.0023022950637177,0.0,0.0020107305740323,0.0049120683585395,0.0174833467491372,0.900692940690118,0.0,0.0,0.0204836855439653,0.0,0.0179843033231754,0.0479555778747531,0.012883492567988,5.851978273904722,1.3979743137300815,1.0,0.0,0.0,1.4958323894742975,0.0,1.4902824484689134,1.669379366252505,1.0,6.194157229336726,966.2255774553212,79.59167899763797,302.7106577576344,29.571779036695137
7,265.0,34.18866541312063,0.9600000000000002,0.0,0.0,0.0056309951640397,0.0,0.0049352171951375,0.0127925951312575,0.0166411925095651,301.5,77.97,0.87893864013267,0.4384848712725488,39.01441267811783,30.32804760112288,954.2588902745376,89.38298895399126,0.9711905549951488,0.0,0.0,0.0028711566211353,0.0,0.0025090713663071,0.0061902021955521,0.0172390148218563,0.8822178563646429,0.0,0.0,0.0248137933405056,0.0,0.0217986188244768,0.0586838199976496,0.012485911472725,5.757079477774593,1.4096481005765036,1.0,0.0,0.0,1.4889942756021484,0.0,1.483640483149958,1.6599261282171447,1.0,6.194157229336726,966.2255774553212,79.59167899763797,302.7106577576344,29.571779036695137
7,265.0,35.153794866120066,0.9600000000000002,0.0,0.0,0.0056309951640397,0.0,0.0049352171951375,0.0127925951312575,0.0166411925095651,301.5,77.97,0.87893864013267,0.4508630866502509,39.01441267811783,30.32804760112288,952.7066594484749,91.56896040941164,0.9690142488293848,0.0,0.0,0.0034345317309905,0.0,0.0030032022679439,0.0074826285862994,0.0170653885853811,0.8647001772381461,0.0,0.0,0.028852295111976,0.0,0.0253607328004537,0.0689302589770001,0.0121565358724238,5.662943642323387,1.4214789533905106,1.0,0.0,0.0,1.482204005758681,0.0,1.4770414321892087,1.650589736866399,1.0,6.194157229336726,966.2255774553212,79.59167899763797,302.7106577576344,29.571779036695137
7,265.0,36.11892431911951,0.9600000000000002,0.0,0.0,0.0056309951640397,0.0,0.0049352171951375,0.0127925951312575,0.0166411925095651,301.5,77.97,0.87893864013267,0.4632413020279531,39.01441267811783,30.32804760112288,951.131559975916,93.7683162554621,0.9667947937530184,0.0,0.0,0.0039922552868433,0.0,0.0034929527811014,0.0087891014090487,0.0169308967699881,0.8480944643800976,0.0,0.0,0.0326199031964425,0.0,0.0286883107583584,0.0787273571887059,0.0118699644763953,5.569530138320602,1.4334615201179577,1.0,0.0,0.0,1.475465591090165,0.0,1.4704937485239196,1.641357440433194,1.0,6.194157229336726,966.2255774553212,79.59167899763797,302.7106577576344,29.571779036695137
7,265.0,37.08405377211895,0.9600000000000002,0.0,0.0,0.0056309951640397,0.0,0.0049352171951375,0.0127925951312575,0.0166411925095651,301.5,77.97,0.87893864013267,0.4756195174056554,39.01441267811783,30.32804760112288,949.5373553423898,95.98173087319796,0.9645476601456714,0.0,0.0,0.0045442518663646,0.0,0.0039782316442423,0.0101095524453646,0.0168203038983569,0.832346622831651,0.0,0.0,0.0361360126058845,0.0,0.0317979187955101,0.088105931873688,0.0116135138932661,5.476816360521909,1.4456099217457252,1.0,0.0,0.0,1.4687803850168786,0.0,1.463992947628512,1.632222325855747,1.0,6.194157229336726,966.2255774553212,79.59167899763797,302.7106577576344,29.571779036695137
7,265.0,38.049183225118384,0.9600000000000002,0.0,0.0,0.0056309951640397,0.0,0.0049352171951375,0.0127925951312575,0.0166411925095651,301.5,77.97,0.87893864013267,0.4879977327833575,39.01441267811783,30.32804760112288,947.9260151388204,98.20970270032214,0.9622811849314746,0.0,0.0,0.0050904853498938,0.0,0.0044589827509119,0.0114439891203293,0.0167253578473901,0.8174022713712691,0.0,0.0,0.0394184670762442,0.0,0.0347048115425086,0.0970944644448977,0.0113799855650801,5.384791164642507,1.457939024056356,1.0,0.0,0.0,1.4621518005183072,0.0,1.457540439387774,1.623184807110589,1.0,6.194157229336726,966.2255774553212,79.59167899763797,302.7106577576344,29.571779036695137
7,265.0,39.01431267811783,0.9600000000000002,0.0,0.0,0.0056309951640397,0.0,0.0049352171951375,0.0127925951312575,0.0166411925095651,301.5,77.97,0.87893864013267,0.5003759481610597,39.01441267811783,30.32804760112288,946.2986349409812,100.45264854279176,0.960000236113514,0.0,0.0,0.0056309396670671,0.0,0.0049351682712828,0.0127924551916996,0.0166412007564363,0.8032095348285532,0.0,0.0,0.0424835920285818,0.0,0.0374229550224298,0.1057190355384581,0.0111648825819769,5.293448747843058,1.4704391492884072,1.0,0.0,0.0,1.455587121703627,0.0,1.451136871828087,1.6142396886274015,1.0,6.194157229336726,966.2255774553212,79.59167899763797,302.7106577576344,29.571779036695137
7,270.0,34.82534526204876,0.9600000000000002,0.0,0.0,0.0056309951640397,0.0,0.0049352171951375,0.0127925951312575,0.0166411925095651,301.5,77.97,0.8955223880597015,0.446650574093225,43.40627345074706,34.82524526204875,930.230781542652,94.69340817902582,0.976057449364021,0.0,0.0,0.0006766208413832,0.0,0.0006070664705545,0.0014096884541267,0.0212491748699144,0.9599985218007968,0.0,0.0,0.0056314512484408,0.0,0.0049356156313279,0.0127936430064959,0.0166407683129383,5.078021150725765,1.4877353576280272,1.0,0.0,0.0,1.440869844840026,0.0,1.4156827886750627,1.5936696813116884,1.0,5.130843724671824,936.9320241360858,93.30322734807504,302.7106577576344,33.91794976874195
7,270.0,35.77877061634857,0.9600000000000002,0.0,0.0,0.0056309951640397,0.0,0.0049352171951375,0.0127925951312575,0.0166411925095651,301.5,77.97,0.8955223880597015,0.4588786791887722,43.40627345074706,34.82524526204875,929.1856387426188,96.97909867652322,0.9762875789277684,0.0,0.0,0.0012312342436131,0.0,0.0011016216853792,0.0025920893848415,0.0187874757583973,0.943925230842374,0.0,0.0,0.0099732698175195,0.0,0.0087187238253349,0.0228598234094349,0.0145229521053366,4.988497378235927,1.5007538332908632,1.0,0.0,0.0,1.435019642651297,0.0,1.4102595982862818,1.5844708622190486,1.0,5.130843724671824,936.9320241360858,93.30322734807504,302.7106577576344,33.91794976874195
7,270.0,36.73219597064838,0.9600000000000002,0.0,0.0,0.0056309951640397,0.0,0.0049352171951375,0.0127925951312575,0.0166411925095651,301.5,77.97,0.8955223880597015,0.4711067842843193,43.40627345074706,34.82524526204875,927.735433394772,99.22637884839044,0.9748266869977243,0.0,0.0,0.0017922774232184,0.0,0.0015992948590077,0.0038098960906304,0.0179718446294189,0.9271621360515684,0.0,0.0,0.0141329140977075,0.0,0.0123235544435854,0.0326873058667776,0.013694089540361,4.902071393740081,1.5136777660008272,1.0,0.0,0.0,1.4290116356029512,0.0,1.4046132150318027,1.575948918577621,1.0,5.130843724671824,936.9320241360858,93.30322734807504,302.7106577576344,33.91794976874195
7,270.0,37.68562132494819,0.9600000000000002,0.0,0.0,0.0056309951640397,0.0,0.0049352171951375,0.0127925951312575,0.0166411925095651,301.5,77.97,0.8955223880597015,0.4833348893798664,43.40627345074706,34.82524526204875,926.1766937717624,101.47640837166092,0.9729555405892162,0.0,0.0,0.0023517508876252,0.0,0.0020929660813482,0.0050469486685758,0.0175527937732343,0.910890383176823,0.0,0.0,0.0180613857583433,0.0,0.0157091298815463,0.04215344867578,0.0131856525075072,4.816834787215274,1.52675368454322,1.0,0.0,0.0,1.4230070583967929,0.0,1.3989413209155697,1.5676404825300825,1.0,5.130843724671824,936.9320241360858,93.30322734807504,302.7106577576344,33.91794976874195
7,270.0,38.639046679248,0.9600000000000002,0.0,0.0,0.0056309951640397,0.0,0.0049352171951375,0.0127925951312575,0.0166411925095651,301.5,77.97,0.8955223880597015,0.4955629944754136,43.40627345074706,34.82524526204875,924.566975438526,103.73741714565112,0.970922276154784,0.0,0.0,0.0029080810666383,0.0,0.0025812988252729,0.0063002206905246,0.0172881232627801,0.8952917844819027,0.0,0.0,0.02176269791125,0.0,0.0188808321045803,0.0512561862895093,0.0128084992127574,4.732425646590952,1.5399944225333109,1.0,0.0,0.0,1.417028514431995,0.0,1.3932823042856162,1.5594556935166894,1.0,5.130843724671824,936.9320241360858,93.30322734807504,302.7106577576344,33.91794976874195
7,270.0,39.59247203354781,0.9600000000000002,0.0,0.0,0.0056309951640397,0.0,0.0049352171951375,0.0127925951312575,0.0166411925095651,301.5,77.97,0.8955223880597015,0.5077910995709607,43.40627345074706,34.82524526204875,922.9248451780172,106.01229162477917,0.9688073129844912,0.0,0.0,0.003460732928594,0.0,0.0030638909435089,0.0075688056138206,0.0170992575295853,0.8803899958978628,0.0,0.0,0.0252481685029212,0.0,0.0218502843479602,0.0600108449702457,0.0125007062810101,4.6487267431924,1.5534318102609006,1.0,0.0,0.0,1.411082869978361,0.0,1.3876529455394655,1.5513703519240816,1.0,5.130843724671824,936.9320241360858,93.30322734807504,302.7106577576344,33.91794976874195
7,270.0,40.54589738784762,0.9600000000000002,0.0,0.0,0.0056309951640397,0.0,0.0049352171951375,0.0127925951312575,0.0166411925095651,301.5,77.97,0.8955223880597015,0.520019204666508,43.40627345074706,34.82524526204875,921.25800301713,108.30244167665852,0.9666444126604702,0.0,0.0,0.0040094607162715,0.0,0.0035406002665161,0.0088523836581506,0.0169531426985915,0.8661680112266595,0.0,0.0,0.0285302053536433,0.0,0.024629912072842,0.0684360203069295,0.0122358510399255,4.5656901643994825,1.567079458067906,1.0,0.0,0.0,1.4051742820579782,0.0,1.382062876180906,1.5433693234744768,1.0,5.130843724671824,936.9320241360858,93.30322734807504,302.7106577576344,33.91794976874195
7,270.0,41.49932274214744,0.9600000000000002,0.0,0.0,0.0056309951640397,0.0,0.0049352171951375,0.0127925951312575,0.0166411925095651,301.5,77.97,0.8955223880597015,0.532247309762055,43.40627345074706,34.82524526204875,919.5701443993386,110.608739351564,0.9644501712679724,0.0,0.0,0.0045541264646172,0.0,0.0040113811601733,0.0101508505243925,0.0168334705828445,0.8525964000942985,0.0,0.0,0.0316209106030581,0.0,0.0272317334195514,0.076550339209736,0.0120006166733557,4.483292174758617,1.5809425561422834,1.0,0.0,0.0,1.399313804441513,0.0,1.3765058724592216,1.535443699203909,1.0,5.130843724671824,936.9320241360858,93.30322734807504,302.7106577576344,33.91794976874195
7,270.0,42.452748096447245,0.9600000000000002,0.0,0.0,0.0056309951640397,0.0,0.0049352171951375,0.0127925951312575,0.0166411925095651,301.5,77.97,0.8955223880597015,0.5444754148576022,43.40627345074706,34.82524526204875,917.8632067645776,112.9318274989397,0.9622336618471328,0.0,0.0,0.0050946406912644,0.0,0.0044762310461338,0.0114641957714091,0.0167312706440596,0.8396422714182332,0.0,0.0,0.0345317019298231,0.0,0.0296670405978094,0.0843715271912116,0.0117874588629226,4.40152007315954,1.595026717693913,1.0,0.0,0.0,1.3934938614363128,0.0,1.3709843589733643,1.5275896959744129,1.0,5.130843724671824,936.9320241360858,93.30322734807504,302.7106577576344,33.91794976874195
7,270.0,43.406173450747055,0.9600000000000002,0.0,0.0,0.0056309951640397,0.0,0.0049352171951375,0.0127925951312575,0.0166411925095651,301.5,77.97,0.8955223880597015,0.5567035199531494,43.40627345074706,34.82524526204875,916.1382542739076,115.27224035041851,0.9600002339661704,0.0,0.0,0.0056309393864788,0.0,0.0049351695811011,0.0127924556556746,0.0166412014105749,0.8272725774486869,0.0,0.0,0.0372732273672413,0.0,0.0319463373178892,0.0919161479225818,0.0115917099436007,4.3203673985594,1.6093505183651873,1.0,0.0,0.0,1.387713587406851,0.0,1.36550794672292,1.5198043445620515,1.0,5.130843724671824,936.9320241360858,93.30322734807504,302.7106577576344,33.91794976874195
7,275.0,39.81833598098623,0.9600000000000002,0.0,0.0,0.0056309951640397,0.0,0.0049352171951375,0.0127925951312575,0.0166411925095651,301.5,77.97,0.912106135986733,0.5106879053608596,48.1922046747195,39.81823598098622,897.7347203314403,111.40617011322468,0.975766611770452,0.0,0.0,0.0007963796193758,0.0,0.0007359633718703,0.0016824588846481,0.0210185863536535,0.9599987556456686,0.0,0.0,0.0056313767282516,0.0,0.0049355486144532,0.0127934719807902,0.0166408470308363,4.054236309463639,1.64454701590738,1.0,0.0,0.0,1.3718243894547812,0.0,1.3294053290818508,1.4933706585921007,1.0,4.11187312512685,904.4335281070778,109.60126774294156,302.7106577576344,38.72523437118672
7,275.0,40.74875472473437,0.9600000000000002,0.0,0.0,0.0056309951640397,0.0,0.0049352171951375,0.0127925951312575,0.0166411925095651,301.5,77.97,0.912106135986733,0.5226209404223979,48.1922046747195,39.81823598098622,896.465673396952,113.78752962997376,0.9757381657911448,0.0,0.0,0.0013295989562885,0.0,0.0012213151025052,0.0028334543550198,0.0188774657950415,0.9470202562188774,0.0,0.0,0.0091784873825495,0.0,0.0079981851566051,0.0210062012954797,0.0147968699464881,3.9760471323429214,1.6596850174180466,1.0,0.0,0.0,1.3666683029536577,0.0,1.3247224915445863,1.4855230195012796,1.0,4.11187312512685,904.4335281070778,109.60126774294156,302.7106577576344,38.72523437118672
7,275.0,41.67917346848251,0.9600000000000002,0.0,0.0,0.0056309951640397,0.0,0.0049352171951375,0.0127925951312575,0.0166411925095651,301.5,77.97,0.912106135986733,0.5345539754839362,48.1922046747195,39.81823598098622,894.8930844818805,116.132179745325,0.9743395276979716,0.0,0.0,0.0018706959895428,0.0,0.0017079404705247,0.0040189938268896,0.0180628420150712,0.9333888725876052,0.0,0.0,0.0126093142934358,0.0,0.0109243595101857,0.0290745415867965,0.0140029120219765,3.90051348337202,1.6747377771479812,1.0,0.0,0.0,1.361410130765462,0.0,1.319929333109504,1.4781828814647084,1.0,4.11187312512685,904.4335281070778,109.60126774294156,302.7106577576344,38.72523437118672
7,275.0,42.60959221223065,0.9600000000000002,0.0,0.0,0.0056309951640397,0.0,0.0049352171951375,0.0127925951312575,0.0166411925095651,301.5,77.97,0.912106135986733,0.5464870105454745,48.1922046747195,39.81823598098622,893.2229449283307,118.47978246486954,0.9725500810269364,0.0,0.0,0.0024125827546426,0.0,0.0021894408373807,0.0052246451192182,0.0176232502618221,0.9200205087913972,0.0,0.0,0.015883557705348,0.0,0.0136821520970014,0.0369010284014558,0.0135127530047975,3.826104159290397,1.6899870689015597,1.0,0.0,0.0,1.3561455432549463,0.0,1.3151252203218504,1.471022032478178,1.0,4.11187312512685,904.4335281070778,109.60126774294156,302.7106577576344,38.72523437118672
7,275.0,43.5400109559788,0.9600000000000002,0.0,0.0,0.0056309951640397,0.0,0.0049352171951375,0.0127925951312575,0.0166411925095651,301.5,77.97,0.912106135986733,0.5584200456070129,48.1922046747195,39.81823598098622,891.502671633676,120.83977287807843,0.9705951136806784,0.0,0.0,0.002953579596201,0.0,0.002664443739116,0.0064471852336069,0.0173396777503975,0.9070984976672092,0.0,0.0,0.0189993562950927,0.0,0.0162732104344197,0.0444752864755931,0.0131536491276851,3.752477667003829,1.7054535097395964,1.0,0.0,0.0,1.3509019877918158,0.0,1.31033121407777,1.4639621278359758,1.0,4.11187312512685,904.4335281070778,109.60126774294156,302.7106577576344,38.72523437118672
7,275.0,44.470429699726935,0.9600000000000002,0.0,0.0,0.0056309951640397,0.0,0.0049352171951375,0.0127925951312575,0.0166411925095651,301.5,77.97,0.912106135986733,0.5703530806685512,48.1922046747195,39.81823598098622,889.7486856443367,123.21571333434646,0.9685532611258574,0.0,0.0,0.0034930549991124,0.0,0.0031325487288839,0.0076855614729985,0.0171355736731475,0.8946657332268618,0.0,0.0,0.0219616965216884,0.0,0.0187049385616098,0.0518027801984933,0.0128648514913464,3.67951193075204,1.7211905930046805,1.0,0.0,0.0,1.3456814407985926,0.0,1.3055643449714147,1.4569830840711595,1.0,4.11187312512685,904.4335281070778,109.60126774294156,302.7106577576344,38.72523437118672
7,275.0,45.40084844347507,0.9600000000000002,0.0,0.0,0.0056309951640397,0.0,0.0049352171951375,0.0127925951312575,0.0166411925095651,301.5,77.97,0.912106135986733,0.5822861157300894,48.1922046747195,39.81823598098622,887.9680412676131,125.60941170117808,0.9664589438640712,0.0,0.0,0.0040306938210532,0.0,0.0035936470927547,0.0089393729240676,0.016977342298053,0.8827245296999107,0.0,0.0,0.0247771654209206,0.0,0.0209859002145166,0.0588929428812476,0.0126194617834043,3.607156210415972,1.7372043462793016,1.0,0.0,0.0,1.3404865632510736,0.0,1.300818034941346,1.4500677539797433,1.0,4.11187312512685,904.4335281070778,109.60126774294156,302.7106577576344,38.72523437118672
7,275.0,46.33126718722321,0.9600000000000002,0.0,0.0,0.0056309951640397,0.0,0.0049352171951375,0.0127925951312575,0.0166411925095651,301.5,77.97,0.912106135986733,0.5942191507916277,48.1922046747195,39.81823598098622,886.1641714108343,128.02200573084906,0.9643295368702276,0.0,0.0,0.0045663047504574,0.0,0.0040477427200148,0.0102084713602255,0.0168479442990747,0.8712629042712602,0.0,0.0,0.0274526213525618,0.0,0.0231246702050705,0.0657561441939398,0.0124036599771676,3.535385233347881,1.7535018901003774,1.0,0.0,0.0,1.3353258589277417,0.0,1.296102345714712,1.4432098887104128,1.0,4.11187312512685,904.4335281070778,109.60126774294156,302.7106577576344,38.72523437118672
7,275.0,47.26168593097135,0.9600000000000002,0.0,0.0,0.0056309951640397,0.0,0.0049352171951375,0.0127925951312575,0.0166411925095651,301.5,77.97,0.912106135986733,0.606152185853166,48.1922046747195,39.81823598098622,884.3388669742707,130.45433954832652,0.9621747099321472,0.0,0.0,0.0050997539577922,0.0,0.004494890309252,0.0114928233989723,0.0167378224018363,0.8602635039702583,0.0,0.0,0.0299947669363201,0.0,0.0251294785339583,0.0724026959085373,0.0122095546509257,3.464185840250344,1.7701118205253417,1.0,0.0,0.0,1.3301936431251529,0.0,1.291411460958681,1.436405565440441,1.0,4.11187312512685,904.4335281070778,109.60126774294156,302.7106577576344,38.72523437118672
7,275.0,48.192104674719495,0.9600000000000002,0.0,0.0,0.0056309951640397,0.0,0.0049352171951375,0.0127925951312575,0.0166411925095651,301.5,77.97,0.912106135986733,0.6180852209147043,48.1922046747195,39.81823598098622,882.4930821165609,132.9071153005055,0.960000233286504,0.0,0.0,0.0056309385222862,0.0,0.0049351705075685,0.0127924554254802,0.016641202258161,0.8497071279044357,0.0,0.0,0.0324100053901764,0.0,0.0270081017759704,0.0788425001735425,0.0120322647558747,3.3935514475860757,1.787035906389273,1.0,0.0,0.0,1.3250885292736716,0.0,1.2867507520574053,1.429651887497822,1.0,4.11187312512685,904.4335281070778,109.60126774294156,302.7106577576344,38.72523437118672
7,280.0,45.3539361522498,0.9600000000000002,0.0,0.0,0.0056309951640397,0.0,0.0049352171951375,0.0127925951312575,0.0166411925095651,301.5,77.97,0.9286898839137644,0.5816844446870566,53.38457786869086,45.3538361522498,860.840890226608,131.72665590704364,0.9753865531007144,0.0,0.0,0.0009477736228309,0.0,0.0009012381287019,0.0020376480371417,0.0207267871106108,0.9599989551444224,0.0,0.0,0.0056313131878438,0.0,0.0049354911307942,0.0127933254680903,0.0166409150688492,3.0815897477585303,1.8516867325018012,1.0,0.0,0.0,1.3069124398291894,0.0,1.250184754414937,1.3975895037562798,1.0,3.1449654870637134,867.6798743518019,129.30886906724652,302.7106577576344,44.02808165538378
7,280.0,46.2462185651877,0.9600000000000002,0.0,0.0,0.0056309951640397,0.0,0.0049352171951375,0.0127925951312575,0.0166411925095651,301.5,77.97,0.9286898839137644,0.5931283643091919,53.38457786869086,45.3538361522498,859.3223791861783,134.2149596440248,0.9750917901436644,0.0,0.0,0.0014559627548859,0.0,0.0013717386174759,0.0031508259687181,0.0189296825152556,0.9497477996325594,0.0,0.0,0.0084671907638819,0.0,0.0073559702029314,0.019342470819296,0.0150865685813311,3.015313444637082,1.869937466666491,1.0,0.0,0.0,1.3023557177226974,0.0,1.2461907297557202,1.3909662997609038,1.0,3.1449654870637134,867.6798743518019,129.30886906724652,302.7106577576344,44.02808165538378
7,280.0,47.13850097812559,0.9600000000000002,0.0,0.0,0.0056309951640397,0.0,0.0049352171951375,0.0127925951312575,0.0166411925095651,301.5,77.97,0.9286898839137644,0.6045722839313273,53.38457786869086,45.3538361522498,857.5920735477245,136.6711482582511,0.9737467504617184,0.0,0.0,0.0019731344556148,0.0,0.0018417516801056,0.0042963553426308,0.0181420080599299,0.9389468697646636,0.0,0.0,0.0112330040236347,0.0,0.0096728555590441,0.0258045751827412,0.0143426954699164,2.951176203286947,1.8881740191082488,1.0,0.0,0.0,1.297740197890213,0.0,1.2421638341506642,1.3846955837723365,1.0,3.1449654870637134,867.6798743518019,129.30886906724652,302.7106577576344,44.02808165538378
7,280.0,48.03078339106349,0.9600000000000002,0.0,0.0,0.0056309951640397,0.0,0.0049352171951375,0.0127925951312575,0.0166411925095651,301.5,77.97,0.9286898839137644,0.6160162035534628,53.38457786869086,45.3538361522498,855.7783324052963,139.13146449256507,0.9720471221521092,0.0,0.0,0.0024934547431752,0.0,0.0023059450518632,0.0054621960674019,0.0176912819854501,0.9282537928572144,0.0,0.0,0.013898945539407,0.0,0.011863794579947,0.0321094381234818,0.0138740288999497,2.8880653773760088,1.9066583680666245,1.0,0.0,0.0,1.2931248069873014,0.0,1.238134567943714,1.3785642870094066,1.0,3.1449654870637134,867.6798743518019,129.30886906724652,302.7106577576344,44.02808165538378
7,280.0,48.92306580400138,0.9600000000000002,0.0,0.0,0.0056309951640397,0.0,0.0049352171951375,0.0127925951312575,0.0166411925095651,301.5,77.97,0.9286898839137644,0.6274601231755981,53.38457786869086,45.3538361522498,853.9164330104343,141.60628049699542,0.97018452714248,0.0,0.0,0.003015262974358,0.0,0.0027629940561637,0.0066451187539374,0.0173920970730606,0.917834856247736,0.0,0.0,0.0164604349850911,0.0,0.0139284772292522,0.0382438724990777,0.0135323590388428,2.825679775205415,1.925472835446768,1.0,0.0,0.0,1.2885176012167747,0.0,1.2341204934265155,1.372515447128536,1.0,3.1449654870637134,867.6798743518019,129.30886906724652,302.7106577576344,44.02808165538378
7,280.0,49.81534821693928,0.9600000000000002,0.0,0.0,0.0056309951640397,0.0,0.0049352171951375,0.0127925951312575,0.0166411925095651,301.5,77.97,0.9286898839137644,0.6389040427977335,53.38457786869086,45.3538361522498,852.019622453758,144.099897237154,0.968231975316829,0.0,0.0,0.0035378776176357,0.0,0.0032125104762693,0.0078439604330209,0.017173676156245,0.907741668470973,0.0,0.0,0.0189185508793231,0.0,0.0158713261333962,0.0442075815377178,0.0132608729785897,2.7639050934777605,1.9446511131432775,1.0,0.0,0.0,1.2839248619344936,0.0,1.2301219022461405,1.3665277861758962,1.0,3.1449654870637134,867.6798743518019,129.30886906724652,302.7106577576344,44.02808165538378
7,280.0,50.70763062987717,0.9600000000000002,0.0,0.0,0.0056309951640397,0.0,0.0049352171951375,0.0127925951312575,0.0166411925095651,301.5,77.97,0.9286898839137644,0.6503479624198688,53.38457786869086,45.3538361522498,850.0938097525943,146.614615970461,0.966223120295192,0.0,0.0,0.0040609432021201,0.0,0.0036544148329221,0.0090582452825067,0.0170032763872589,0.8979886213762761,0.0,0.0,0.0212760545637014,0.0,0.0176979979960905,0.0500041821486653,0.0130331439152664,2.702692089893584,1.964219295178816,1.0,0.0,0.0,1.2793543202052546,0.0,1.2261404654288748,1.3605879794913052,1.0,3.1449654870637134,867.6798743518019,129.30886906724652,302.7106577576344,44.02808165538378
7,280.0,51.59991304281507,0.9600000000000002,0.0,0.0,0.0056309951640397,0.0,0.0049352171951375,0.0127925951312575,0.0166411925095651,301.5,77.97,0.9286898839137644,0.6617918820420042,53.38457786869086,45.3538361522498,848.1418920563082,149.15193416473582,0.964175532155614,0.0,0.0,0.0045842391952953,0.0,0.0040887526005795,0.0102877809270019,0.0168636951215089,0.888575579997647,0.0,0.0,0.0235362429660593,0.0,0.0194143878650459,0.0556386073484242,0.0128351818228235,2.6420158356991887,1.984196328534856,1.0,0.0,0.0,1.2747998682325092,0.0,1.222179077171685,1.3546874623215923,1.0,3.1449654870637134,867.6798743518019,129.30886906724652,302.7106577576344,44.02808165538378
7,280.0,52.49219545575296,0.9600000000000002,0.0,0.0,0.0056309951640397,0.0,0.0049352171951375,0.0127925951312575,0.0166411925095651,301.5,77.97,0.9286898839137644,0.6732358016641395,53.38457786869086,45.3538361522498,846.165340642203,151.71298412761442,0.9620992158621896,0.0,0.0,0.0051076102326545,0.0,0.004515627030903,0.0115325110791252,0.0167450357951274,0.8794961355933167,0.0,0.0,0.0257025420247741,0.0,0.0210262873400997,0.0611161799045137,0.0126588551372955,2.581859952701044,2.0046132571404933,1.0,0.0,0.0,1.2702678405782737,0.0,1.2182387441077231,1.3488305749023843,1.0,3.1449654870637134,867.6798743518019,129.30886906724652,302.7106577576344,44.02808165538378
7,280.0,53.38447786869086,0.9600000000000002,0.0,0.0,0.0056309951640397,0.0,0.0049352171951375,0.0127925951312575,0.0166411925095651,301.5,77.97,0.9286898839137644,0.684679721286275,53.38457786869086,45.3538361522498,844.1648733729595,154.298717557575,0.9600002345254092,0.0,0.0,0.0056309369724808,0.0,0.004935170941,0.0127924541682793,0.0166412033928307,0.8707410628177923,0.0,0.0,0.0277783468033102,0.0,0.0225392592148846,0.0664422430451947,0.012499088118818,2.5222193249029323,2.02547843773357,1.0,0.0,0.0,1.265755469860916,0.0,1.214315960096622,1.3430103092991574,1.0,3.1449654870637134,867.6798743518019,129.30886906724652,302.7106577576344,44.02808165538378
7,285.0,51.49052382415268,0.9600000000000002,0.0,0.0,0.0056309951640397,0.0,0.0049352171951375,0.0127925951312575,0.0166411925095651,301.5,77.97,0.945273631840796,0.6603889165596086,58.98703826660879,51.49042382415268,817.6994883409361,157.1649422596832,0.9748489491902348,0.0,0.0,0.0011504192199089,0.0,0.001121314751621,0.0025223186597212,0.0203569981785138,0.9599991285554506,0.0,0.0,0.0056312581168881,0.0,0.0049354410227265,0.0127931978659251,0.0166409744390096,2.1711798182676048,2.1449206524220075,1.0000000001617022,0.0,0.0,1.2440291981344114,0.0,1.1775162491799385,1.305410225191231,1.0000000002272396,2.2410524707626744,824.9746819221486,153.77005765610247,302.7106577576344,49.86436423924916
7,285.0,52.32345876220336,0.9600000000000002,0.0,0.0,0.0056309951640397,0.0,0.0049352171951375,0.0127925951312575,0.0166411925095651,301.5,77.97,0.945273631840796,0.6710716783660813,58.98703826660879,51.49042382415268,815.8980576676079,159.77567516624268,0.9742927697880196,0.0,0.0,0.0016286523392506,0.0,0.001568510730219,0.0035860317484676,0.0189240353940431,0.9521830178770982,0.0,0.0,0.0078199510329942,0.0,0.0067765316946816,0.0178278361967757,0.0153926631984502,2.1175980333424667,2.16718406693525,1.0,0.0,0.0,1.239820035526331,0.0,1.1740295931441478,1.2996577380832288,1.0,2.2410524707626744,824.9746819221486,153.77005765610247,302.7106577576344,49.86436423924916
7,285.0,53.15639370025404,0.9600000000000002,0.0,0.0,0.0056309951640397,0.0,0.0049352171951375,0.0127925951312575,0.0166411925095651,301.5,77.97,0.945273631840796,0.681754440172554,58.98703826660879,51.49042382415268,813.9621900194272,162.36298845839505,0.9729947210934776,0.0,0.0,0.0021164144227788,0.0,0.0020137577036848,0.0046785342200801,0.0181965725599783,0.9439604211883372,0.0,0.0,0.0099690947957202,0.0,0.0085412183875567,0.0228079020032755,0.0147213636251103,2.0656062409796974,2.190509512779163,1.0,0.0,0.0,1.2357799507164753,0.0,1.1707076255962694,1.2943732225824705,1.0,2.2410524707626744,824.9746819221486,153.77005765610247,302.7106577576344,49.86436423924916
7,285.0,53.98932863830472,0.9600000000000002,0.0,0.0,0.0056309951640397,0.0,0.0049352171951375,0.0127925951312575,0.0166411925095651,301.5,77.97,0.945273631840796,0.6924372019790268,58.98703826660879,51.49042382415268,811.958678300454,164.95752865319676,0.971396935974884,0.0,0.0,0.0026093993688215,0.0,0.0024530834759663,0.0057907699137928,0.017749811266535,0.9357529327779552,0.0,0.0,0.0120594630018832,0.0,0.0102159753985247,0.027689031076762,0.0142825977448748,2.0144979361286257,2.214230769110587,1.0,0.0,0.0,1.2317390993787514,0.0,1.1673962693427151,1.2891914363725223,1.0,2.2410524707626744,824.9746819221486,153.77005765610247,302.7106577576344,49.86436423924916
7,285.0,54.8222635763554,0.9600000000000002,0.0,0.0,0.0056309951640397,0.0,0.0049352171951375,0.0127925951312575,0.0166411925095651,301.5,77.97,0.945273631840796,0.7031199637854996,58.98703826660879,51.49042382415268,809.9095978470452,167.5700500560527,0.9696471248398748,0.0,0.0,0.0031061334679751,0.0,0.0028853225229064,0.0069197934712663,0.0174416256979772,0.9276942769074324,0.0,0.0,0.0140861032044114,0.0,0.0117997836591583,0.0324590872057722,0.0139607490232256,1.964040016732083,2.2384225663488024,1.0,0.0,0.0,1.227699222923584,0.0,1.1640933304829646,1.284062893832511,1.0,2.2410524707626744,824.9746819221486,153.77005765610247,302.7106577576344,49.86436423924916
7,285.0,55.65519851440608,0.9600000000000002,0.0,0.0,0.0056309951640397,0.0,0.0049352171951375,0.0127925951312575,0.0166411925095651,301.5,77.97,0.945273631840796,0.7138027255919722,58.98703826660879,51.49042382415268,807.8239872652005,170.2055696865597,0.967807829628402,0.0,0.0,0.0036059616506884,0.0,0.0033101155072547,0.0080644274641212,0.0172116657495335,0.9198352658578623,0.0,0.0,0.0160480939691682,0.0,0.0132950022255789,0.0371150517380432,0.0137065862093471,1.914151324404664,2.2647608561576136,1.0000000000605378,0.0,0.0,1.2239460858862383,0.0,1.161032546982275,1.2793271236660655,1.0000000001760374,2.2410524707626744,824.9746819221486,153.77005765610247,302.7106577576344,49.86436423924916
7,285.0,56.48813345245675,0.9600000000000002,0.0,0.0,0.0056309951640397,0.0,0.0049352171951375,0.0127925951312575,0.0166411925095651,301.5,77.97,0.945273631840796,0.724485487398445,58.98703826660879,51.49042382415268,805.7059935188414,172.8669911694765,0.965909841914686,0.0,0.0,0.0041085353869061,0.0,0.003727400807667,0.0092241574181299,0.0170300644726107,0.9121961737066228,0.0,0.0,0.0179459443243364,0.0,0.0147050630919376,0.0416571534459533,0.0134956654311497,1.8647470155823955,2.288531309674162,1.0,0.0,0.0,1.2196543996212517,0.0,1.15753334269354,1.2739354127972116,1.0,2.2410524707626744,824.9746819221486,153.77005765610247,302.7106577576344,49.86436423924916
7,285.0,57.32106839050744,0.9600000000000002,0.0,0.0,0.0056309951640397,0.0,0.0049352171951375,0.0127925951312575,0.0166411925095651,301.5,77.97,0.945273631840796,0.7351682492049177,58.98703826660879,51.49042382415268,803.5575915106681,175.55631321415066,0.9639699661643008,0.0,0.0,0.0046136427056454,0.0,0.0041372457569192,0.0103987650946174,0.0168803802785171,0.9047841415906286,0.0,0.0,0.0197807352299028,0.0,0.0160337193293858,0.0460869293620643,0.0133144744880181,1.815853172101048,2.316442684299261,1.0000000000254037,0.0,0.0,1.215960073294604,0.0,1.1545295265162865,1.2693117169587202,1.0000000000392557,2.2410524707626744,824.9746819221486,153.77005765610247,302.7106577576344,49.86436423924916
7,285.0,58.15400332855811,0.9600000000000002,0.0,0.0,0.0056309951640397,0.0,0.0049352171951375,0.0127925951312575,0.0166411925095651,301.5,77.97,0.945273631840796,0.7458510110113904,58.98703826660879,51.49042382415268,801.3796498553983,178.27508821835391,0.9619980638320274,0.0,0.0,0.0051211428735296,0.0,0.0045397813365558,0.0115881882277231,0.016752823730164,0.8976000128973859,0.0,0.0,0.0215537979504699,0.0,0.0172847688360226,0.0504064961699433,0.013154924146178,1.767412277305649,2.3411367697518792,1.0,0.0,0.0,1.2116476054448764,0.0,1.1510215691929755,1.2639199926431517,1.0,2.2410524707626744,824.9746819221486,153.77005765610247,302.7106577576344,49.86436423924916
7,285.0,58.98693826660879,0.9600000000000002,0.0,0.0,0.0056309951640397,0.0,0.0049352171951375,0.0127925951312575,0.0166411925095651,301.5,77.97,0.945273631840796,0.7565337728178632,58.98703826660879,51.49042382415268,799.1724317813155,181.02466310456063,0.960000238480258,0.0,0.0,0.0056309345264722,0.0,0.0049351706853195,0.0127924513194133,0.0166412049885368,0.8906414836665935,0.0,0.0,0.0232665501961321,0.0,0.0184619216585557,0.0546181795039192,0.0130118649747995,1.719466182044716,2.370862891118367,1.0000000000759988,0.0,0.0,1.2080246387813725,0.0,1.1480835909397509,1.2594042306581812,1.0000000001009866,2.2410524707626744,824.9746819221486,153.77005765610247,302.7106577576344,49.86436423924916
7,290.0,58.30905795712541,0.9600000000000002,0.0,0.0,0.0056309951640397,0.0,0.0049352171951375,0.0127925951312575,0.0166411925095651,301.5,77.97,0.9618573797678276,0.74783965572817,64.98257454548992,58.30895795712541,764.8523294290069,190.6026662700283,0.9740102105646172,0.0,0.0,0.0014462420688979,0.0,0.0014332799997478,0.0032345104343301,0.0198757569324069,0.9599992838797184,0.0,0.0,0.00563120906422,0.0,0.0049353961937499,0.0127930836848217,0.0166410271774899,1.3402079719184772,2.6073250586309484,1.0000000001128304,0.0,0.0,1.1804481673753038,0.0,1.1108822238289011,1.2152691123335695,1.0000000001398748,1.4167983026644004,773.2637021553837,185.44864903964933,302.7106577576344,56.27641671412855
7,290.0,59.05054868916592,0.9600000000000002,0.0,0.0,0.0056309951640397,0.0,0.0049352171951375,0.0127925951312575,0.0166411925095651,301.5,77.97,0.9618573797678276,0.7573496048373209,64.98257454548992,58.30895795712541,762.7199172525784,193.3581278252796,0.9732196434621192,0.0,0.0,0.0018860590890594,0.0,0.0018434653784982,0.0042263115207148,0.0188245205496083,0.9544040190349729,0.0,0.0,0.0072162566009979,0.0,0.0062439805036245,0.016418771598345,0.0157169722620597,1.300417766773463,2.639909502300887,1.0000000002878693,0.0,0.0,1.1769936671332368,0.0,1.108263344013659,1.210855280782606,1.0000000003668608,1.4167983026644004,773.2637021553837,185.44864903964933,302.7106577576344,56.27641671412855
7,290.0,59.79203942120641,0.9600000000000002,0.0,0.0,0.0056309951640397,0.0,0.0049352171951375,0.0127925951312575,0.0166411925095651,301.5,77.97,0.9618573797678276,0.7668595539464719,64.98257454548992,58.30895795712541,760.5101646719057,196.10507018571488,0.971971350548945,0.0,0.0,0.0023351656770751,0.0,0.0022508950774834,0.0052419611294189,0.0182006275670775,0.948561320539166,0.0,0.0,0.0087801751086764,0.0,0.0075000990894513,0.02000725998632,0.015151145276386,1.2616779160460976,2.672970509200101,1.0000000002269651,0.0,0.0,1.1735361094943162,0.0,1.1056649776335392,1.2065606404273672,1.0000000003026226,1.4167983026644004,773.2637021553837,185.44864903964933,302.7106577576344,56.27641671412855
7,290.0,60.53353015324692,0.9600000000000002,0.0,0.0,0.0056309951640397,0.0,0.0049352171951375,0.0127925951312575,0.0166411925095651,301.5,77.97,0.9618573797678276,0.7763695030556229,64.98257454548992,58.30895795712541,758.2469340916418,198.86634436986552,0.9704975655099218,0.0,0.0,0.0027909312644428,0.0,0.0026531284997238,0.00627578775055,0.0177825869753613,0.9426944580179474,0.0,0.0,0.0103129230833971,0.0,0.0086973067660882,0.0235357415883282,0.0147595705442388,1.2236367799756525,2.7067951644642108,1.0000000001249123,0.0,0.0,1.170081063345536,0.0,1.1030821722193396,1.2023303485099637,1.0000000001731244,1.4167983026644004,773.2637021553837,185.44864903964933,302.7106577576344,56.27641671412855
7,290.0,61.27502088528742,0.9600000000000002,0.0,0.0,0.0056309951640397,0.0,0.0049352171951375,0.0127925951312575,0.0166411925095651,301.5,77.97,0.9618573797678276,0.7858794521647738,64.98257454548992,58.30895795712541,755.9396091411716,201.65212524418416,0.9688943456578114,0.0,0.0,0.0032522706256625,0.0,0.0030492979460598,0.0073255338333858,0.0174785519370801,0.9368931577600862,0.0,0.0,0.0118107429223497,0.0,0.0098346938112034,0.026995609921324,0.0144657955850366,1.1861362973936238,2.741532525736184,1.0000000000001972,0.0,0.0,1.1666299870186387,0.0,1.1005121767920791,1.198141381631258,1.0000000000121816,1.4167983026644004,773.2637021553837,185.44864903964933,302.7106577576344,56.27641671412855
7,290.0,62.01651161732792,0.9600000000000002,0.0,0.0,0.0056309951640397,0.0,0.0049352171951375,0.0127925951312575,0.0166411925095651,301.5,77.97,0.9618573797678276,0.7953894012739248,64.98257454548992,58.30895795712541,753.5921854877085,204.4679675074601,0.9672080594639594,0.0,0.0,0.0037186664371764,0.0,0.0034391079711944,0.0083901995365948,0.0172439665910747,0.931198509530098,0.0,0.0,0.0132721526596824,0.0,0.0109132721447091,0.030383398231371,0.0142326674341395,1.149123665747213,2.777282507638529,1.0000000000000793,0.0,0.0,1.1631827994024022,0.0,1.0979543057993413,1.193980471213289,1.0000000000003628,1.4167983026644004,773.2637021553837,185.44864903964933,302.7106577576344,56.27641671412855
7,290.0,62.75800234936842,0.9600000000000002,0.0,0.0,0.0056309951640397,0.0,0.0049352171951375,0.0127925951312575,0.0166411925095651,301.5,77.97,0.9618573797678276,0.8048993503830758,64.98257454548992,58.30895795712541,751.2063143784114,207.31750065764976,0.96546362150883,0.0,0.0,0.0041898467686817,0.0,0.0038225061517898,0.0094693297267122,0.0170546958439861,0.9256307853412068,0.0,0.0,0.0146966192148979,0.0,0.0119347878352743,0.0336977807983774,0.0140400268102436,1.1125589238934153,2.814134319855714,1.000000000000219,0.0,0.0,1.159741520041354,0.0,1.0954064887607189,1.1898414032315396,1.000000000000068,1.4167983026644004,773.2637021553837,185.44864903964933,302.7106577576344,56.27641671412855
7,290.0,63.49949308140892,0.9600000000000002,0.0,0.0,0.0056309951640397,0.0,0.0049352171951375,0.0127925951312575,0.0166411925095651,301.5,77.97,0.9618573797678276,0.8144092994922267,64.98257454548992,58.30895795712541,748.7824553914435,210.20343981939345,0.9636754772146846,0.0,0.0,0.0046656633329553,0.0,0.0041995581597589,0.0105627459560829,0.0168965553365182,0.9202002075731897,0.0,0.0,0.0160840613255314,0.0,0.0129012785239895,0.036938448616752,0.013876003960537,1.0764254376676174,2.8521659504756656,1.0000000000003395,0.0,0.0,1.15630469907972,0.0,1.0928709271155652,1.18572071350834,1.0000000000001252,1.4167983026644004,773.2637021553837,185.44864903964933,302.7106577576344,56.27641671412855
7,290.0,64.24098381344942,0.9600000000000002,0.0,0.0,0.0056309951640397,0.0,0.0049352171951375,0.0127925951312575,0.0166411925095651,301.5,77.97,0.9618573797678276,0.8239192486013777,64.98257454548992,58.30895795712541,746.3203999047212,213.1280525056388,0.9618524757191378,0.0,0.0,0.0051460366156812,0.0,0.0045703915247511,0.0116704254106736,0.0167606707297561,0.9149117438236648,0.0,0.0,0.01743462370146,0.0,0.0138148765159839,0.0401055986499017,0.0137331573089892,1.040710598893962,2.8914553973505264,1.000000000000132,0.0,0.0,1.1528728708150209,0.0,1.0903463687712227,1.1816156273426042,1.0000000000001592,1.4167983026644004,773.2637021553837,185.44864903964933,302.7106577576344,56.27641671412855
7,290.0,64.98247454548992,0.9600000000000002,0.0,0.0,0.0056309951640397,0.0,0.0049352171951375,0.0127925951312575,0.0166411925095651,301.5,77.97,0.9618573797678276,0.8334291977105287,64.98257454548992,58.30895795712541,743.8195212852113,216.0933864725837,0.9600002508903138,0.0,0.0,0.0056309296473252,0.0,0.0049351685354836,0.0127924432607263,0.0166412076661511,0.9097674429258116,0.0,0.0,0.0187485685457097,0.0,0.014677717038861,0.0431996882532881,0.0136065832363296,1.0054082702185594,2.9320772267042514,1.0000000000000595,0.0,0.0,1.1494464137676814,0.0,1.0878316635736065,1.1775246429615036,1.0000000000001863,1.4167983026644004,773.2637021553837,185.44864903964933,302.7106577576344,56.27641671412855
8,200.0,2.7089330089666395,0.9700000000000002,0.0119489746089492,0.0,0.003754835155976,0.0,0.0142961902350747,0.0,0.0,301.0,81.53,0.6644518272425249,0.0332262113205769,59.40577867771693,2.7088330089666397,1221.874983316838,7.363031717609305,0.999842656484825,8.07154306277444e-06,0.0,2.266767479921194e-05,0.0,0.0001266042973131,0.0,0.0,0.9699657308968908,0.0119626866603073,0.0,0.0037591209015261,0.0,0.0143124615412757,0.0,0.0,22.522966232418582,0.6829718118879328,1.000000010833486,1.6324612662411535,0.0,5.377080876532643,0.0,4.158911613516381,0.0,0.0,22.539601137490653,1221.920496490378,7.249541730897533,302.7106577576344,2.6239816647333654
8,200.0,9.00857141660556,0.9700000000000002,0.0119489746089492,0.0,0.003754835155976,0.0,0.0142961902350747,0.0,0.0,301.0,81.53,0.6644518272425249,0.1104939459905011,59.40577867771693,2.7088330089666397,1219.2125017831645,14.179123117568285,0.9906594330787448,0.0008237265314446,0.0,0.0014864552439781,0.0,0.0070303851458326,0.0,0.0,0.3119735174803173,0.3663008017716758,0.0,0.0760053199016581,0.0,0.2457203608463488,0.0,0.0,21.5361336239694,0.716306676258202,1.000000000523109,1.5651187062477014,0.0,5.06294186679328,0.0,3.975169117771152,0.0,0.0,22.539601137490653,1221.920496490378,7.249541730897533,302.7106577576344,2.6239816647333654
8,200.0,15.30820982424448,0.9700000000000002,0.0119489746089492,0.0,0.003754835155976,0.0,0.0142961902350747,0.0,0.0,301.0,81.53,0.6644518272425249,0.1877616806604253,59.40577867771693,2.7088330089666397,1217.6252968380868,18.3197530995259,0.9853236907844102,0.0019822521369417,0.0,0.0023854410465179,0.0,0.01030861603213,0.0,0.0,0.1933423713147078,0.5170969281782611,0.0,0.0731604631310164,0.0,0.2164002373760144,0.0,0.0,20.922227342320294,0.7393081101348487,1.0,1.5235791297923038,0.0,4.856245024074108,0.0,3.863555527525545,0.0,0.0,22.539601137490653,1221.920496490378,7.249541730897533,302.7106577576344,2.6239816647333654
8,200.0,21.6078482318834,0.9700000000000002,0.0119489746089492,0.0,0.003754835155976,0.0,0.0142961902350747,0.0,0.0,301.0,81.53,0.6644518272425249,0.2650294153303495,59.40577867771693,2.7088330089666397,1216.5568127135707,21.03861681162911,0.9818978051227396,0.0033112596257022,0.0,0.0028880504171828,0.0,0.0119028848343752,0.0,0.0,0.1434659305013005,0.6120063501183164,0.0,0.0639699008881268,0.0,0.1805578184922563,0.0,0.0,20.49242819624923,0.7568500189042446,1.0000000001178455,1.493669321334077,0.0,4.701052378536219,0.0,3.7862776780038288,0.0,0.0,22.539601137490653,1221.920496490378,7.249541730897533,302.7106577576344,2.6239816647333654
8,200.0,27.90748663952232,0.9700000000000002,0.0119489746089492,0.0,0.003754835155976,0.0,0.0142961902350747,0.0,0.0,301.0,81.53,0.6644518272425249,0.3422971500002737,59.40577867771693,2.7088330089666397,1215.7145178084031,23.106706025482364,0.9793167554155692,0.0047125204411907,0.0,0.0031879820188944,0.0,0.0127827421243455,0.0,0.0,0.1159816910976587,0.6752769332318593,0.0,0.055715301641697,0.0,0.1530260740287848,0.0,0.0,20.14641736842149,0.7717660835999993,1.0,1.4691896257222536,0.0,4.571004186542207,0.0,3.724641101831876,0.0,0.0,22.539601137490653,1221.920496490378,7.249541730897533,302.7106577576344,2.6239816647333654
8,200.0,34.20712504716124,0.9700000000000002,0.0119489746089492,0.0,0.003754835155976,0.0,0.0142961902350747,0.0,0.0,301.0,81.53,0.6644518272425249,0.419564884670198,59.40577867771693,2.7088330089666397,1214.9816287541796,24.85334676159921,0.9771457008944336,0.0061452765873399,0.0,0.0033827596645944,0.0,0.0133262628536321,0.0,0.0,0.0985996056456859,0.7196954671445386,0.0,0.0491285129392237,0.0,0.1325764142705516,0.0,0.0,19.84355646023084,0.7852106861970781,1.0,1.447693696695007,0.0,4.454984889689476,0.0,3.671276495174256,0.0,0.0,22.539601137490653,1221.920496490378,7.249541730897533,302.7106577576344,2.6239816647333654
8,200.0,40.50676345480016,0.9700000000000002,0.0119489746089492,0.0,0.003754835155976,0.0,0.0142961902350747,0.0,0.0,301.0,81.53,0.6644518272425249,0.4968326193401221,59.40577867771693,2.7088330089666397,1214.3087940587316,26.42303288120302,0.9751985198328448,0.0075919382298799,0.0,0.0035183760186246,0.0,0.0136911659186505,0.0,0.0,0.086643145089146,0.7523170171101218,0.0,0.0439350800337457,0.0,0.1171047577669864,0.0,0.0,19.56642178856384,0.7976714710718561,1.0,1.4281556722225317,0.0,4.348372809296811,0.0,3.6230562969197777,0.0,0.0,22.539601137490653,1221.920496490378,7.249541730897533,302.7106577576344,2.6239816647333654
8,200.0,46.806401862439074,0.9700000000000002,0.0119489746089492,0.0,0.003754835155976,0.0,0.0142961902350747,0.0,0.0,301.0,81.53,0.6644518272425249,0.5741003540100463,59.40577867771693,2.7088330089666397,1213.6726477169602,27.885862469010767,0.9733863886677064,0.0090440801514162,0.0,0.003618023865011,0.0,0.0139515073158662,0.0,0.0,0.0779398899926328,0.7771713762955845,0.0,0.0397943767574081,0.0,0.1050943569543744,0.0,0.0,19.30661609426908,0.8094116710730738,1.000000000165664,1.4100569924201434,0.0,4.249088347064113,0.0,3.578520493683105,0.0,0.0,22.539601137490653,1221.920496490378,7.249541730897533,302.7106577576344,2.6239816647333654
8,200.0,53.106040270078,0.9700000000000002,0.0119489746089492,0.0,0.003754835155976,0.0,0.0142961902350747,0.0,0.0,301.0,81.53,0.6644518272425249,0.6513680886799705,59.40577867771693,2.7088330089666397,1213.060934823256,29.279242623049925,0.9716624807807752,0.0104972609918949,0.0,0.0036943699106486,0.0,0.0141458883166812,0.0,0.0,0.0713420501397145,0.7966762315929611,0.0,0.0364394676834646,0.0,0.0955422505838597,0.0,0.0,19.05962921947928,0.8205611672232195,1.0000000002183755,1.393113033678723,0.0,4.1555897289592085,0.0,3.536725296803449,0.0,0.0,22.539601137490653,1221.920496490378,7.249541730897533,302.7106577576344,2.6239816647333654
8,200.0,59.40567867771692,0.9700000000000002,0.0119489746089492,0.0,0.003754835155976,0.0,0.0142961902350747,0.0,0.0,301.0,81.53,0.6644518272425249,0.7286358233498947,59.40577867771693,2.7088330089666397,1212.466672321919,30.62476268744759,0.9700000259463984,0.0119489516311929,0.0,0.0037548342969765,0.0,0.0142961881254323,0.0,0.0,0.0661856482910614,0.8123539394807331,0.0,0.033677140503138,0.0,0.0877832717250674,0.0,0.0,18.8228135271121,0.8312179480289693,1.0000000004198768,1.3771795672933218,0.0,4.066951143986429,0.0,3.497168006502344,0.0,0.0,22.539601137490653,1221.920496490378,7.249541730897533,302.7106577576344,2.6239816647333654
8,205.0,3.4642985037227505,0.9700000000000002,0.0119489746089492,0.0,0.003754835155976,0.0,0.0142961902350747,0.0,0.0,301.0,81.53,0.6810631229235881,0.0424910892152919,56.05624216393307,3.4641985037227503,1206.2191975792214,9.268396507297483,0.9998010701491526,1.1335920164547625e-05,0.0,3.1457609354881976e-05,0.0,0.0001561363213279,0.0,0.0,0.9699734515054226,0.0119596093389911,0.0,0.0037581521532553,0.0,0.0143087870023309,0.0,0.0,21.13828056159869,0.7109046100641223,1.0,1.5598824915157643,0.0,4.636419513674578,0.0,3.798936652654113,0.0,0.0,21.15779579629993,1206.2779501886548,9.12387059747945,302.7106577576344,3.35468958110042
8,205.0,9.307836688190564,0.9700000000000002,0.0119489746089492,0.0,0.003754835155976,0.0,0.0142961902350747,0.0,0.0,301.0,81.53,0.6810631229235881,0.1141645613662524,56.05624216393307,3.4641985037227503,1203.6536037014546,15.64338352025576,0.9911821635719936,0.0008144593265081,0.0,0.001468794436538,0.0,0.00653458266496,0.0,0.0,0.3842022544005283,0.3198766293373246,0.0,0.0669758321633788,0.0,0.2289452840987681,0.0,0.0,20.283272780541743,0.7407481212858529,1.0,1.5058602017114049,0.0,4.451888323700652,0.0,3.655059959642654,0.0,0.0,21.15779579629993,1206.2779501886548,9.12387059747945,302.7106577576344,3.35468958110042
8,205.0,15.151374872658376,0.9700000000000002,0.0119489746089492,0.0,0.003754835155976,0.0,0.0142961902350747,0.0,0.0,301.0,81.53,0.6810631229235881,0.185838033517213,56.05624216393307,3.4641985037227503,1202.0036402172236,19.70575492224905,0.9858245012959448,0.0019466983378403,0.0,0.0023613990873514,0.0,0.0098674012788634,0.0,0.0,0.247594076662841,0.4685639092581362,0.0,0.0673667273060286,0.0,0.216475286772994,0.0,0.0,19.723668444370023,0.7621026799693389,1.0,1.4710758858642234,0.0,4.335129121601427,0.0,3.562591645902879,0.0,0.0,21.15779579629993,1206.2779501886548,9.12387059747945,302.7106577576344,3.35468958110042
8,205.0,20.99491305712619,0.9700000000000002,0.0119489746089492,0.0,0.003754835155976,0.0,0.0142961902350747,0.0,0.0,301.0,81.53,0.6810631229235881,0.2575115056681735,56.05624216393307,3.4641985037227503,1200.8536501754666,22.420753013862434,0.9822768771331668,0.0032605102525768,0.0,0.002870869381061,0.0,0.0115917432331953,0.0,0.0,0.1864599868147897,0.5664677991037962,0.0,0.0601716704325101,0.0,0.1869005436489039,0.0,0.0,19.325640042427665,0.7785574897832568,1.0,1.4457088857779965,0.0,4.25467809882954,0.0,3.4973609587377217,0.0,0.0,21.15779579629993,1206.2779501886548,9.12387059747945,302.7106577576344,3.35468958110042
8,205.0,26.838451241594004,0.9700000000000002,0.0119489746089492,0.0,0.003754835155976,0.0,0.0142961902350747,0.0,0.0,301.0,81.53,0.6810631229235881,0.3291849778191341,56.05624216393307,3.4641985037227503,1199.9402323070094,24.477608508735617,0.9795925817660582,0.0046579900070574,0.0,0.0031774041659701,0.0,0.0125720240609142,0.0,0.0,0.151747110301538,0.6338742669587422,0.0,0.0530100396146451,0.0,0.1613685831250746,0.0,0.0,19.005965667382743,0.7924914362619099,1.0,1.4249386828676311,0.0,4.191332129861537,0.0,3.445442560312838,0.0,0.0,21.15779579629993,1206.2779501886548,9.12387059747945,302.7106577576344,3.35468958110042
8,205.0,32.68198942606182,0.9700000000000002,0.0119489746089492,0.0,0.003754835155976,0.0,0.0142961902350747,0.0,0.0,301.0,81.53,0.6810631229235881,0.4008584499700947,56.05624216393307,3.4641985037227503,1199.1456062937038,26.199460185944684,0.9773424952992424,0.0060944337140907,0.0,0.0033766751144909,0.0,0.013186395872176,0.0,0.0,0.1293868912028291,0.6822120965635614,0.0,0.0470488755523565,0.0,0.1413521366812528,0.0,0.0,18.727496678966563,0.8050272073282514,1.0000000000002411,1.4067010795143795,0.0,4.13706058362682,0.0,3.400667148335585,0.0,0.0,21.15779579629993,1206.2779501886548,9.12387059747945,302.7106577576344,3.35468958110042
8,205.0,38.52552761052963,0.9700000000000002,0.0119489746089492,0.0,0.003754835155976,0.0,0.0142961902350747,0.0,0.0,301.0,81.53,0.6810631229235881,0.4725319221210551,56.05624216393307,3.4641985037227503,1198.417080425172,27.734698999515214,0.9753331567927828,0.0075496066318706,0.0,0.0035151347939234,0.0,0.0136021017814232,0.0,0.0,0.1138072205207773,0.7182299340107635,0.0,0.0422366813123964,0.0,0.1257261641560628,0.0,0.0,18.473548860123348,0.8166395387829724,1.0,1.3900861250938266,0.0,4.088433317600082,0.0,3.3602231035885315,0.0,0.0,21.15779579629993,1206.2779501886548,9.12387059747945,302.7106577576344,3.35468958110042
8,205.0,44.36906579499745,0.9700000000000002,0.0119489746089492,0.0,0.003754835155976,0.0,0.0142961902350747,0.0,0.0,301.0,81.53,0.6810631229235881,0.5442053942720158,56.05624216393307,3.4641985037227503,1197.72897366018,29.15691925456126,0.9734698179746862,0.0090135794489307,0.0,0.0036165193828942,0.0,0.0139000831934888,0.0,0.0,0.1023539888657764,0.7459597844766238,0.0,0.0383414127997781,0.0,0.1133448138578214,0.0,0.0,18.23591851088568,0.8276101153628531,1.0000000001989922,1.374648443209504,0.0,4.026803523053848,0.0,3.3227731250830312,0.0,0.0,21.15779579629993,1206.2779501886548,9.12387059747945,302.7106577576344,3.35468958110042
8,205.0,50.21260397946526,0.9700000000000002,0.0119489746089492,0.0,0.003754835155976,0.0,0.0142961902350747,0.0,0.0,301.0,81.53,0.6810631229235881,0.6158788664229763,56.05624216393307,3.4641985037227503,1197.067603623849,30.505844939289357,0.9717018348818692,0.0104810444132217,0.0,0.0036938673104245,0.0,0.0141232533944844,0.0,0.0,0.0936003269401773,0.7678939592346908,0.0,0.0351516530715891,0.0,0.1033540607535427,0.0,0.0,18.01017088635394,0.8380622682911949,1.0,1.3601434378696282,0.0,3.947424215174747,0.0,3.2875850042603942,0.0,0.0,21.15779579629993,1206.2779501886548,9.12387059747945,302.7106577576344,3.35468958110042
8,205.0,56.05614216393307,0.9700000000000002,0.0119489746089492,0.0,0.003754835155976,0.0,0.0142961902350747,0.0,0.0,301.0,81.53,0.6810631229235881,0.6875523385739368,56.05624216393307,3.4641985037227503,1196.4251041950286,31.80454999902592,0.9700000286121344,0.011948949547182,0.0,0.0037548342247006,0.0,0.014296187615983,0.0,0.0,0.0867101479621609,0.7856348670004201,0.0,0.0325043887109024,0.0,0.0951505963265164,0.0,0.0,17.79371099008063,0.8480784952205185,1.0000000005225154,1.3464779099217146,0.0,3.8719911246430985,0.0,3.2542191060309045,0.0,0.0,21.15779579629993,1206.2779501886548,9.12387059747945,302.7106577576344,3.35468958110042
8,210.0,4.373050234235515,0.9700000000000002,0.0119489746089492,0.0,0.003754835155976,0.0,0.0142961902350747,0.0,0.0,301.0,81.53,0.6976744186046512,0.0536373142921073,53.328480935854245,4.372950234235515,1190.2186004649525,11.53704024617056,0.9997503776257984,1.570256608694214e-05,0.0,4.2514573039880257e-05,0.0,0.0001914052350746,0.0,0.0,0.969979190743386,0.0119573214784683,0.0,0.0037574317829034,0.0,0.0143060559952423,0.0,0.0,19.771188345111547,0.7408789732515765,1.0,1.4946803777047288,0.0,3.996150600113336,0.0,3.478961319179376,0.0,0.0,19.793904820804077,1190.2941504876192,11.354703713715036,302.7106577576344,4.233266563955471
8,210.0,9.81253142330426,0.9700000000000002,0.0119489746089492,0.0,0.003754835155976,0.0,0.0142961902350747,0.0,0.0,301.0,81.53,0.6976744186046512,0.1203548561671073,53.328480935854245,4.372950234235515,1187.7376356627651,17.516703907618318,0.9916516551192586,0.0008097564804916,0.0,0.001445296312713,0.0,0.0060932920875366,0.0,0.0,0.4579721800671,0.275374081957809,0.0,0.0583718208992238,0.0,0.2082819170758671,0.0,0.0,19.02857186854243,0.7678427701749456,1.0,1.4509989716285618,0.0,3.85815233152308,0.0,3.365654382806288,0.0,0.0,19.793904820804077,1190.2941504876192,11.354703713715036,302.7106577576344,4.233266563955471
8,210.0,15.252012612373008,0.9700000000000002,0.0119489746089492,0.0,0.003754835155976,0.0,0.0142961902350747,0.0,0.0,301.0,81.53,0.6976744186046512,0.1870723980421073,53.328480935854245,4.372950234235515,1186.0376228321038,21.50315912616269,0.9863154571778991,0.0019174223398593,0.0,0.0023289350487333,0.0,0.0094381854335081,0.0,0.0,0.3080989693158881,0.4189185565135562,0.0,0.0616021109230933,0.0,0.2113803632474621,0.0,0.0,18.519897956798037,0.7877941765500389,1.0,1.4218352633543303,0.0,3.766803173918946,0.0,3.2890292907145398,0.0,0.0,19.793904820804077,1190.2941504876192,11.354703713715036,302.7106577576344,4.233266563955471
8,210.0,20.691493801441755,0.9700000000000002,0.0119489746089492,0.0,0.003754835155976,0.0,0.0142961902350747,0.0,0.0,301.0,81.53,0.6976744186046512,0.2537899399171072,53.328480935854245,4.372950234235515,1184.8117146873633,24.22903772837468,0.9826650559673574,0.0032146503355387,0.0,0.0028455900991557,0.0,0.011274703597948,0.0,0.0,0.2362810297092257,0.5179506400251709,0.0,0.0564297185952238,0.0,0.1893386116703795,0.0,0.0,18.15112223793434,0.8033366259339154,1.0,1.4002794334073136,0.0,3.702156662290305,0.0,3.2340488372678555,0.0,0.0,19.793904820804077,1190.2941504876192,11.354703713715036,302.7106577576344,4.233266563955471
8,210.0,26.130974990510506,0.9700000000000002,0.0119489746089492,0.0,0.003754835155976,0.0,0.0142961902350747,0.0,0.0,301.0,81.53,0.6976744186046512,0.3205074817921072,53.328480935854245,4.372950234235515,1183.8288270975595,26.29606810219357,0.979880800819706,0.0046065989751523,0.0,0.0031603305962796,0.0,0.0123522696088619,0.0,0.0,0.1940722944965373,0.5885371259574004,0.0,0.0504405813149883,0.0,0.1669499982310739,0.0,0.0,17.854820466408526,0.8164854698836904,1.0,1.3826087680569437,0.0,3.6512462675839727,0.0,3.190107047918511,0.0,0.0,19.793904820804077,1190.2941504876192,11.354703713715036,302.7106577576344,4.233266563955471
8,210.0,31.57045617957925,0.9700000000000002,0.0119489746089492,0.0,0.003754835155976,0.0,0.0142961902350747,0.0,0.0,301.0,81.53,0.6976744186046512,0.3872250236671072,53.328480935854245,4.372950234235515,1182.9732181183992,28.01528706242715,0.9775500649992298,0.0060454362473859,0.0,0.0033658017090793,0.0,0.0130386970443049,0.0,0.0,0.1662966134773597,0.6403798257524588,0.0,0.0451673923688381,0.0,0.1481561684013435,0.0,0.0,17.597737777037665,0.8282723605211011,1.0,1.3670763534450587,0.0,3.607998392826412,0.0,3.152229209104122,0.0,0.0,19.793904820804077,1190.2941504876192,11.354703713715036,302.7106577576344,4.233266563955471
8,210.0,37.009937368648,0.9700000000000002,0.0119489746089492,0.0,0.003754835155976,0.0,0.0142961902350747,0.0,0.0,301.0,81.53,0.6976744186046512,0.4539425655421071,53.328480935854245,4.372950234235515,1182.1897708229385,29.537385466768747,0.9754757508140258,0.0075082833707761,0.0,0.0035086078367472,0.0,0.0135073579784506,0.0,0.0,0.1466531178850199,0.6796618435035479,0.0,0.0407781589820373,0.0,0.1329068796293949,0.0,0.0,,,,,0.0,,0.0,,0.0,0.0,19.793904820804077,1190.2941504876192,11.354703713715036,302.7106577576344,4.233266563955471
8,210.0,42.44941855771675,0.9700000000000002,0.0119489746089492,0.0,0.003754835155976,0.0,0.0142961902350747,0.0,0.0,301.0,81.53,0.6976744186046512,0.5206601074171071,53.328480935854245,4.372950234235515,1181.4507019550647,30.939234773659525,0.9735582990687532,0.0089835734332753,0.0,0.0036130028298896,0.0,0.0138451246680818,0.0,0.0,0.1320487877920363,0.7102774348723051,0.0,0.0371552231722548,0.0,0.1205185541634038,0.0,0.0,,,,,0.0,,0.0,,0.0,0.0,19.793904820804077,1190.2941504876192,11.354703713715036,302.7106577576344,4.233266563955471
8,210.0,47.88889974678549,0.9700000000000002,0.0119489746089492,0.0,0.003754835155976,0.0,0.0142961902350747,0.0,0.0,301.0,81.53,0.6976744186046512,0.5873776492921071,53.328480935854245,4.372950234235515,1180.7409244082487,32.26297885324683,0.9717435649705464,0.0104650145987281,0.0,0.0036924338770414,0.0,0.0140989865536839,0.0,0.0,0.1207852063893529,0.7347214637874931,0.0,0.0341477887347831,0.0,0.1103455410883708,0.0,0.0,16.939064607912538,0.8593578845860848,1.0000000003388188,1.3274055741221105,0.0,3.4999674328072703,0.0,3.056752626213499,0.0,0.0,19.793904820804077,1190.2941504876192,11.354703713715036,302.7106577576344,4.233266563955471
8,210.0,53.32838093585424,0.9700000000000002,0.0119489746089492,0.0,0.003754835155976,0.0,0.0142961902350747,0.0,0.0,301.0,81.53,0.6976744186046512,0.6540951911671071,53.328480935854245,4.372950234235515,1180.0516658289148,33.53332350276322,0.9700000314657374,0.011948947376731,0.0,0.0037548341340058,0.0,0.0142961870235256,0.0,0.0,0.1118513326852545,0.7546390791416203,0.0,0.0316264937768017,0.0,0.1018830943963232,0.0,0.0,16.740683189837316,0.8688302568052394,1.0,1.3156633228225103,0.0,3.4682122548644254,0.0,3.028562713743898,0.0,0.0,19.793904820804077,1190.2941504876192,11.354703713715036,302.7106577576344,4.233266563955471
8,215.0,5.454750260568615,0.9700000000000002,0.0119489746089492,0.0,0.003754835155976,0.0,0.0142961902350747,0.0,0.0,301.0,81.53,0.7142857142857143,0.0669048235075262,51.15800538901605,5.454650260568615,1173.8117166940133,14.217548473216375,0.99968901774384,2.1486868292466536e-05,0.0,5.609694697288618e-05,0.0,0.0002333984408947,0.0,0.0,0.9699835169947796,0.0119555966145808,0.0,0.0037568886533915,0.0,0.014303997737248,0.0,0.0,18.42195550155269,0.7731567265082987,1.0,1.4358162491884607,0.0,3.4910005025380992,0.0,3.193842604030693,0.0,0.0,18.4482052908898,1173.908539729092,13.989350648063478,302.7106577576344,5.278346606766283
8,215.0,10.532878608173885,0.9700000000000002,0.0119489746089492,0.0,0.003754835155976,0.0,0.0142961902350747,0.0,0.0,301.0,81.53,0.7142857142857143,0.1291902196513416,51.15800538901605,5.454650260568615,1171.4029612012816,19.84270571039911,0.9920688663441948,0.000809494515192,0.0,0.0014169549401287,0.0,0.0057046842004843,0.0,0.0,0.5299786319831377,0.2340541427405681,0.0,0.050368795057332,0.0,0.185598430218962,0.0,0.0,17.775488352286636,0.7977213720391176,1.0,1.4003922269411313,0.0,3.386771425323227,0.0,3.10387213571449,0.0,0.0,18.4482052908898,1173.908539729092,13.989350648063478,302.7106577576344,5.278346606766283
8,215.0,15.611006955779152,0.9700000000000002,0.0119489746089492,0.0,0.003754835155976,0.0,0.0142961902350747,0.0,0.0,301.0,81.53,0.7142857142857143,0.191475615795157,51.15800538901605,5.454650260568615,1169.6625060680733,23.7523261740272,0.9867890966163626,0.0018947524445185,0.0,0.0022891592173574,0.0,0.0090269917217613,0.0,0.0,0.3729174831657917,0.3695143881582318,0.0,0.0558797051409868,0.0,0.2016884235349896,0.0,0.0,17.314393668853683,0.8164815580859063,1.0,1.3758741507837042,0.0,3.314308924965015,0.0,3.0405645037974462,0.0,0.0,18.4482052908898,1173.908539729092,13.989350648063478,302.7106577576344,5.278346606766283
8,215.0,20.689135303384425,0.9700000000000002,0.0119489746089492,0.0,0.003754835155976,0.0,0.0142961902350747,0.0,0.0,301.0,81.53,0.7142857142857143,0.2537610119389725,51.15800538901605,5.454650260568615,1168.365920382157,26.496057896364995,0.9830566030280604,0.0031744940123288,0.0,0.0028129031930281,0.0,0.0109559997665824,0.0,0.0,0.2920346624060513,0.4675647030732739,0.0,0.0526647407323364,0.0,0.1877358937883383,0.0,0.0,16.973016371588265,0.8312827864354617,1.0,1.3575042150519732,0.0,3.2620954156019666,0.0,2.993956618211602,0.0,0.0,18.4482052908898,1173.908539729092,13.989350648063478,302.7106577576344,5.278346606766283
8,215.0,25.76726365098969,0.9700000000000002,0.0119489746089492,0.0,0.003754835155976,0.0,0.0142961902350747,0.0,0.0,301.0,81.53,0.7142857142857143,0.3160464080827878,51.15800538901605,5.454650260568615,1167.3149569514817,28.588006634263717,0.9801780714364066,0.0045591971923247,0.0,0.0031371399295123,0.0,0.0121255914417562,0.0,0.0,0.2426395074331675,0.5400482491423303,0.0,0.0478974909610539,0.0,0.1694147524634481,0.0,0.0,16.69786282426139,0.8437952113246582,1.0,1.3424209589730254,0.0,3.220838532388669,0.0,2.956560633475864,0.0,0.0,18.4482052908898,1173.908539729092,13.989350648063478,302.7106577576344,5.278346606766283
8,215.0,30.845391998594963,0.9700000000000002,0.0119489746089492,0.0,0.003754835155976,0.0,0.0142961902350747,0.0,0.0,301.0,81.53,0.7142857142857143,0.3783318042266032,51.15800538901605,5.454650260568615,1166.398603678477,30.321514922288276,0.9777665415429898,0.0059989662810322,0.0,0.0033503602457174,0.0,0.0128841319302606,0.0,0.0,0.2093343165273164,0.5947009146289557,0.0,0.0433696601532193,0.0,0.1525951086905086,0.0,0.0,16.459816137012343,0.8549976924388254,1.0,1.3291984841522475,0.0,3.18570062129859,0.0,2.9243779992673096,0.0,0.0,18.4482052908898,1173.908539729092,13.989350648063478,302.7106577576344,5.278346606766283
8,215.0,35.923520346200235,0.9700000000000002,0.0119489746089492,0.0,0.003754835155976,0.0,0.0142961902350747,0.0,0.0,301.0,81.53,0.7142857142857143,0.4406172003704187,51.15800538901605,5.454650260568615,1165.560347517575,31.847426806283057,0.9756252792463508,0.0074684394058584,0.0,0.0034989333393222,0.0,0.0134073480084686,0.0,0.0,0.1853742630143716,0.6369034136433972,0.0,0.0394485567820071,0.0,0.1382737665602238,0.0,0.0,16.244223326134655,0.8653694778340544,1.0,1.3171451745308405,0.0,3.15429906799824,0.0,2.895416048250269,0.0,0.0,18.4482052908898,1173.908539729092,13.989350648063478,302.7106577576344,5.278346606766283
8,215.0,41.0016486938055,0.9700000000000002,0.0119489746089492,0.0,0.003754835155976,0.0,0.0142961902350747,0.0,0.0,301.0,81.53,0.7142857142857143,0.502902596514234,51.15800538901605,5.454650260568615,1164.7705946805645,33.24531655105761,0.9736513136639704,0.0089543388839864,0.0,0.0036075593421181,0.0,0.0137867881099249,0.0,0.0,0.16732990821149,0.6702612297153105,0.0,0.0361305502839228,0.0,0.1262783117892766,0.0,0.0,16.04344355971274,0.875165558983671,1.0,1.30591127829735,0.0,3.125399234440556,0.0,2.868638309082676,0.0,0.0,18.4482052908898,1173.908539729092,13.989350648063478,302.7106577576344,5.278346606766283
8,215.0,46.07977704141077,0.9700000000000002,0.0119489746089492,0.0,0.003754835155976,0.0,0.0142961902350747,0.0,0.0,301.0,81.53,0.7142857142857143,0.5651879926580494,51.15800538901605,5.454650260568615,1164.0129107141008,34.559662399905726,0.97178746814393,0.0104492899827743,0.0,0.0036901113796619,0.0,0.0140731304936337,0.0,0.0,0.1532702041922151,0.6971847493953932,0.0,0.0333284176516464,0.0,0.1162166287607452,0.0,0.0,15.853225240332137,0.8845217737644276,1.0,1.2953202397948966,0.0,3.098315432807664,0.0,2.843466283715605,0.0,0.0,18.4482052908898,1173.908539729092,13.989350648063478,302.7106577576344,5.278346606766283
8,215.0,51.15790538901605,0.9700000000000002,0.0119489746089492,0.0,0.003754835155976,0.0,0.0142961902350747,0.0,0.0,301.0,81.53,0.7142857142857143,0.6274733888018649,51.15800538901605,5.454650260568615,1163.277607515243,35.81684710333778,0.9700000345245064,0.0119489451136939,0.0,0.0037548340220397,0.0,0.0142961863397598,0.0,0.0,0.1420236491926085,0.7193124214522643,0.0,0.0309492097182155,0.0,0.1077147196369113,0.0,0.0,,,,,0.0,,0.0,,0.0,0.0,18.4482052908898,1173.908539729092,13.989350648063478,302.7106577576344,5.278346606766283
8,220.0,6.729937365239944,0.9700000000000002,0.0119489746089492,0.0,0.003754835155976,0.0,0.0142961902350747,0.0,0.0,301.0,81.53,0.7308970099667774,0.0825455337328583,49.49784972219326,6.729837365239944,1156.9303670610166,17.364190222971633,0.999615192273523,2.9087062277257944e-05,0.0,7.243599463698963e-05,0.0,0.0002832846695627,0.0,0.0,0.9699868204197812,0.0119542792888132,0.0,0.0037564739255202,0.0,0.0143024263658853,0.0,0.0,17.091014201300098,0.8080111167016775,1.0,1.3825917713499658,0.0,3.0877743191337297,0.0,2.93873221686202,0.0,0.0,17.121140165387374,1157.0541060432145,17.08052563899556,302.7106577576344,6.509407158415541
8,220.0,11.481916516012534,0.9700000000000002,0.0119489746089492,0.0,0.003754835155976,0.0,0.0142961902350747,0.0,0.0,301.0,81.53,0.7308970099667774,0.1408305717651482,49.49784972219326,6.729837365239944,1154.5816692196852,22.67137024830571,0.9924355743349356,0.0008136887694807,0.0,0.0013847740831232,0.0,0.0053659628124604,0.0,0.0,0.5974905852604194,0.1968338698692094,0.0,0.04310618181487,0.0,0.162569363055501,0.0,0.0,16.527147846781034,0.830630177436121,1.0,1.353701018121227,0.0,3.007816553898942,0.0,2.8670137866500074,0.0,0.0,17.121140165387374,1157.0541060432145,17.08052563899556,302.7106577576344,6.509407158415541
8,220.0,16.233895666785124,0.9700000000000002,0.0119489746089492,0.0,0.003754835155976,0.0,0.0142961902350747,0.0,0.0,301.0,81.53,0.7308970099667774,0.199115609797438,49.49784972219326,6.729837365239944,1152.8074643159964,26.502499338802988,0.987239435761918,0.0018789581785291,0.0,0.0022430755362248,0.0,0.0086385305233278,0.0,0.0,0.4397000455625228,0.3217113895734091,0.0,0.0502578685815455,0.0,0.1883306962825225,0.0,0.0,16.110298545388545,0.848363204361776,1.0,1.3330568946363694,0.0,2.95019978699005,0.0,2.8144863266902744,0.0,0.0,17.121140165387374,1157.0541060432145,17.08052563899556,302.7106577576344,6.509407158415541
8,220.0,20.985874817557715,0.9700000000000002,0.0119489746089492,0.0,0.003754835155976,0.0,0.0142961902350747,0.0,0.0,301.0,81.53,0.7308970099667774,0.2574006478297279,49.49784972219326,6.729837365239944,1151.4448234067231,29.265962076490265,0.9834460600770134,0.0031407985279061,0.0,0.0027733969022683,0.0,0.0106397444928121,0.0,0.0,0.3522842145842718,0.41659906354341,0.0,0.0488423848362344,0.0,0.1822743370360837,0.0,0.0,15.794865528916109,0.8625836734457395,1.0,1.31736777269993,0.0,2.907531989473432,0.0,2.7749519607881434,0.0,0.0,17.121140165387374,1157.0541060432145,17.08052563899556,302.7106577576344,6.509407158415541
8,220.0,25.737853968330302,0.9700000000000002,0.0119489746089492,0.0,0.003754835155976,0.0,0.0142961902350747,0.0,0.0,301.0,81.53,0.7308970099667774,0.3156856858620177,49.49784972219326,6.729837365239944,1150.3268954762666,31.39253033914768,0.9804810067916792,0.0045166557617484,0.0,0.0031080942498767,0.0,0.0118942431966954,0.0,0.0,0.2966479049328062,0.4894381668631783,0.0,0.0453046931747045,0.0,0.1686092350293108,0.0,0.0,15.539201451403288,0.8746418625972524,1.0,1.304459052210268,0.0,2.8735838807320047,0.0,2.74306193623852,0.0,0.0,17.121140165387374,1157.0541060432145,17.08052563899556,302.7106577576344,6.509407158415541
8,220.0,30.489833119102897,0.9700000000000002,0.0119489746089492,0.0,0.003754835155976,0.0,0.0142961902350747,0.0,0.0,301.0,81.53,0.7308970099667774,0.3739707238943076,49.49784972219326,6.729837365239944,1149.349572822639,33.15322048285718,0.9779899928012968,0.0059557712983337,0.0,0.0033304559662252,0.0,0.0127237799341442,0.0,0.0,0.258108751707611,0.5459305553397552,0.0,0.0415661121688815,0.0,0.1543945807837521,0.0,0.0,15.318347093550138,0.8853997282660487,1.0,1.2931638745819694,0.0,2.844703246514503,0.0,2.715656012342172,0.0,0.0,17.121140165387374,1157.0541060432145,17.08052563899556,302.7106577576344,6.509407158415541
8,220.0,35.24181226987548,0.9700000000000002,0.0119489746089492,0.0,0.003754835155976,0.0,0.0142961902350747,0.0,0.0,301.0,81.53,0.7308970099667774,0.4322557619265973,49.49784972219326,6.729837365239944,1148.4560257041226,34.69659510224787,0.9757806822212391,0.007430619950673,0.0,0.0034861527612053,0.0,0.0133025450668823,0.0,0.0,0.2298450352876438,0.5904763014298009,0.0,0.0381567622658331,0.0,0.1415219010167221,0.0,0.0,15.11891813890203,0.8953307863750873,1.00000000006823,1.2828817331267373,0.0,2.818983945819378,0.0,2.69102902733372,0.0,0.0,17.121140165387374,1157.0541060432145,17.08052563899556,302.7106577576344,6.509407158415541
8,220.0,39.99379142064807,0.9700000000000002,0.0119489746089492,0.0,0.003754835155976,0.0,0.0142961902350747,0.0,0.0,301.0,81.53,0.7308970099667774,0.4905407999588871,49.49784972219326,6.729837365239944,1147.6152123891409,36.10408052436493,0.9737483261179414,0.0089262136993824,0.0,0.0036002061735363,0.0,0.0137252540091399,0.0,0.0,0.2082474403484223,0.6262487413917575,0.0,0.0351792682131595,0.0,0.1303245500466606,0.0,0.0,14.933660321498122,0.90470020759021,1.0,1.27329938938392,0.0,2.795386958390193,0.0,2.668283251596779,0.0,0.0,17.121140165387374,1157.0541060432145,17.08052563899556,302.7106577576344,6.509407158415541
8,220.0,44.74577057142066,0.9700000000000002,0.0119489746089492,0.0,0.003754835155976,0.0,0.0142961902350747,0.0,0.0,301.0,81.53,0.7308970099667774,0.548825837991177,49.49784972219326,6.729837365239944,1146.8094444638275,37.42224389457864,0.9718333350460832,0.0104340237969063,0.0,0.0036869069288601,0.0,0.0140457342281504,0.0,0.0,0.1912238730477138,0.6554797511828602,0.0,0.0326098345392339,0.0,0.120686541230192,0.0,0.0,14.75846314262658,0.9136650062606292,1.0,1.2642498117022485,0.0,2.773291452624538,0.0,2.6469080566719567,0.0,0.0,17.121140165387374,1157.0541060432145,17.08052563899556,302.7106577576344,6.509407158415541
8,220.0,49.497749722193255,0.9700000000000002,0.0119489746089492,0.0,0.003754835155976,0.0,0.0142961902350747,0.0,0.0,301.0,81.53,0.7308970099667774,0.6071108760234669,49.49784972219326,6.729837365239944,1146.0281234976958,38.67910477362896,0.9700000378087223,0.0119489427506822,0.0,0.0037548338851349,0.0,0.0142961855554605,0.0,0.0,0.1774767248772784,0.6797424528350559,0.0,0.0303934275812163,0.0,0.1123873947064492,0.0,0.0,14.590849608199484,0.9222907240463548,1.0,1.2556601424954046,0.0,2.752346716186459,0.0,2.626595161068268,0.0,0.0,17.121140165387374,1157.0541060432145,17.08052563899556,302.7106577576344,6.509407158415541
8,225.0,8.22011505108523,0.9700000000000002,0.0119489746089492,0.0,0.003754835155976,0.0,0.0142961902350747,0.0,0.0,301.0,81.53,0.7475083056478405,0.1008231945429318,48.31437018840626,8.22001505108523,1139.4977651840557,21.038264101985096,0.9995267961069398,3.900827726949906e-05,0.0,9.173812419599864e-05,0.0,0.0003424574915947,0.0,0.0,0.9699893731032448,0.0119532610876483,0.0,0.0037561535297616,0.0,0.0143012122793452,0.0,0.0,15.778970726234514,0.845861864134946,1.0,1.3343189226147003,0.0,2.762101364234862,0.0,2.7098851294753943,0.0,0.0,15.813326197120771,1139.6555629264626,20.687604017864448,302.7106577576344,7.946729358776584
8,225.0,12.675021177454234,0.9700000000000002,0.0119489746089492,0.0,0.003754835155976,0.0,0.0142961902350747,0.0,0.0,301.0,81.53,0.7475083056478405,0.1554645060401598,48.31437018840626,8.22001505108523,1137.197449086544,26.06020539627828,0.9927536561175594,0.0008225185833749,0.0,0.0013497911207458,0.0,0.0050740341783197,0.0,0.0,0.6586496425939051,0.1641981798499631,0.0,0.0366643296160079,0.0,0.1404878479401235,0.0,0.0,15.28640967925557,0.8668794855603785,1.0,1.3106659336297697,0.0,2.700056941248605,0.0,2.6522637458084604,0.0,0.0,15.813326197120771,1139.6555629264626,20.687604017864448,302.7106577576344,7.946729358776584
8,225.0,17.129927303823237,0.9700000000000002,0.0119489746089492,0.0,0.003754835155976,0.0,0.0142961902350747,0.0,0.0,301.0,81.53,0.7475083056478405,0.2101058175373879,48.31437018840626,8.22001505108523,1135.393592223404,29.81180854253439,0.9876617679705464,0.0018703114837281,0.0,0.0021916398195055,0.0,0.0082762807262198,0.0,0.0,0.5060227743622706,0.2767169277819126,0.0,0.0448202050869424,0.0,0.1724400927688742,0.0,0.0,14.910538898870728,0.8837906103517114,1.0,1.2932778764850734,0.0,2.653811657921921,0.0,2.608769862990932,0.0,0.0,15.813326197120771,1139.6555629264626,20.687604017864448,302.7106577576344,7.946729358776584
8,225.0,21.58483343019224,0.9700000000000002,0.0119489746089492,0.0,0.003754835155976,0.0,0.0142961902350747,0.0,0.0,301.0,81.53,0.7475083056478405,0.2647471290346159,48.31437018840626,8.22001505108523,1133.968660212563,32.59387905825206,0.9838283271188856,0.0031142750405007,0.0,0.0027276130577345,0.0,0.0103297847828791,0.0,0.0,0.4151958911395317,0.3664045482284774,0.0,0.0449678492767002,0.0,0.1734317113552905,0.0,0.0,14.619819997175217,0.8975597754753742,1.0,1.2798262501813973,0.0,2.6187820492434657,0.0,2.5752860776763598,0.0,0.0,15.813326197120771,1139.6555629264626,20.687604017864448,302.7106577576344,7.946729358776584
8,225.0,26.03973955656124,0.9700000000000002,0.0119489746089492,0.0,0.003754835155976,0.0,0.0142961902350747,0.0,0.0,301.0,81.53,0.7475083056478405,0.319388440531844,48.31437018840626,8.22001505108523,1132.7845150930266,34.76106953534628,0.980786205638923,0.004479853275024,0.0,0.0030733890074868,0.0,0.0116605520785662,0.0,0.0,0.3548469862236062,0.437923840343523,0.0,0.0426187012829796,0.0,0.1646104721498911,0.0,0.0,14.38239413103879,0.9092803490590128,1.0,1.268745298375815,0.0,2.5906610163088337,0.0,2.548029936540803,0.0,0.0,15.813326197120771,1139.6555629264626,20.687604017864448,302.7106577576344,7.946729358776584
8,225.0,30.494645682930244,0.9700000000000002,0.0119489746089492,0.0,0.003754835155976,0.0,0.0142961902350747,0.0,0.0,301.0,81.53,0.7475083056478405,0.374029752029072,48.31437018840626,8.22001505108523,1131.745530371698,36.5587493594831,0.9782184257345004,0.0059166476060796,0.0,0.0033061159445276,0.0,0.0125588107148922,0.0,0.0,0.3118105651914465,0.4950602210769451,0.0,0.0396914310092531,0.0,0.153437782722355,0.0,0.0,14.177298397534168,0.9197260344862443,1.0,1.259068587094075,0.0,2.5667161813878163,0.0,2.524565236470733,0.0,0.0,15.813326197120771,1139.6555629264626,20.687604017864448,302.7106577576344,7.946729358776584
8,225.0,34.949551809299244,0.9700000000000002,0.0119489746089492,0.0,0.003754835155976,0.0,0.0142961902350747,0.0,0.0,301.0,81.53,0.7475083056478405,0.4286710635263001,48.31437018840626,8.22001505108523,1130.7956257114065,38.13071825097815,0.9759408609818117,0.0073954307210119,0.0,0.0034702360947248,0.0,0.0131934722024515,0.0,0.0,0.2795744912096026,0.5411454774818125,0.0,0.036829915058898,0.0,0.1424501162496868,0.0,0.0,13.992525160584275,0.9293508298384128,1.0,1.2502908039079104,0.0,2.54540571625481,0.0,2.5035123937892214,0.0,0.0,15.813326197120771,1139.6555629264626,20.687604017864448,302.7106577576344,7.946729358776584
8,225.0,39.40445793566825,0.9700000000000002,0.0119489746089492,0.0,0.003754835155976,0.0,0.0142961902350747,0.0,0.0,301.0,81.53,0.7475083056478405,0.4833123750235281,48.31437018840626,8.22001505108523,1129.902733388199,39.55919924686557,0.9738487832429772,0.0088995870751075,0.0,0.0035909080543777,0.0,0.0136607216275375,0.0,0.0,0.2545395730107491,0.5788076333809405,0.0,0.0342276746744329,0.0,0.1324251189338773,0.0,0.0,13.821314904833232,0.9384241223928248,1.0,1.2421238658385232,0.0,2.525864501702282,0.0,2.484096856235956,0.0,0.0,15.813326197120771,1139.6555629264626,20.687604017864448,302.7106577576344,7.946729358776584
8,225.0,43.85936406203725,0.9700000000000002,0.0119489746089492,0.0,0.003754835155976,0.0,0.0142961902350747,0.0,0.0,301.0,81.53,0.7475083056478405,0.5379536865207561,48.31437018840626,8.22001505108523,1129.0480414489389,40.89247648345104,0.9718809506960272,0.0104193987597576,0.0,0.0036828001519774,0.0,0.0140168503922376,0.0,0.0,0.2345507914331377,0.6100110876174991,0.0,0.0319204254565402,0.0,0.1235176954928228,0.0,0.0,13.659704744181894,0.9470927387383185,1.0,1.2344085901367965,0.0,2.507592162937255,0.0,2.4658673917408738,0.0,0.0,15.813326197120771,1139.6555629264626,20.687604017864448,302.7106577576344,7.946729358776584
8,225.0,48.314270188406255,0.9700000000000002,0.0119489746089492,0.0,0.003754835155976,0.0,0.0142961902350747,0.0,0.0,301.0,81.53,0.7475083056478405,0.5925949980179842,48.31437018840626,8.22001505108523,1128.220063279732,42.16009021551435,0.9700000414362164,0.0119489402009144,0.0,0.0037548337153966,0.0,0.0142961846474725,0.0,0.0,0.218237345820816,0.6362018123638847,0.0,0.0298907574994945,0.0,0.1156700843158046,0.0,0.0,13.505290742504764,0.955431185894026,1.0,1.2270513984134628,0.0,2.490282757098375,0.0,2.4485484425961683,0.0,0.0,15.813326197120771,1139.6555629264626,20.687604017864448,302.7106577576344,7.946729358776584
8,230.0,9.94776526444795,0.9700000000000002,0.0119489746089492,0.0,0.003754835155976,0.0,0.0142961902350747,0.0,0.0,301.0,81.53,0.7641196013289037,0.1220135565368324,47.58423068209514,9.94766526444795,1121.4260639145948,25.30990484578373,0.9994213164758236,5.189560170038456e-05,0.0,0.0001141950231177,0.0,0.0004125928993582,0.0,0.0,0.969991367632116,0.0119524652740532,0.0,0.0037559033388014,0.0,0.0143002637550293,0.0,0.0,14.486619012155233,0.8871936616000533,1.0,1.2904298554218074,0.0,2.49631685919445,0.0,2.5039730424761566,0.0,0.0,14.525567486140844,1121.6270137216943,24.87830228106012,302.7106577576344,9.61137473881863
8,230.0,14.129583644186528,0.9700000000000002,0.0119489746089492,0.0,0.003754835155976,0.0,0.0142961902350747,0.0,0.0,301.0,81.53,0.7641196013289037,0.173305331095137,47.58423068209514,9.94766526444795,1119.1629805608577,30.075982456464065,0.9930245876670384,0.0008363568146053,0.0,0.0013130905052971,0.0,0.004825965013059,0.0,0.0,0.7125102892293503,0.1362241530898516,0.0,0.0310614750390062,0.0,0.1202040826417918,0.0,0.0,14.05593981031342,0.9069608417790606,1.0,1.2710432627929158,0.0,2.4477261448936827,0.0,2.4575791944640755,0.0,0.0,14.525567486140844,1121.6270137216943,24.87830228106012,302.7106577576344,9.61137473881863
8,230.0,18.311402023925105,0.9700000000000002,0.0119489746089492,0.0,0.003754835155976,0.0,0.0142961902350747,0.0,0.0,301.0,81.53,0.7641196013289037,0.2245971056534417,47.58423068209514,9.94766526444795,1117.331328707586,33.74825332624459,0.9880523269775324,0.0018691584234575,0.0,0.0021358135669512,0.0,0.0079427010320587,0.0,0.0,0.5697131719613648,0.2354557642391511,0.0,0.0396545292620799,0.0,0.1551765345374041,0.0,0.0,13.717911320378402,0.9232051958930904,1.0,1.256364187221278,0.0,2.410330374734767,0.0,2.4214385948109096,0.0,0.0,14.525567486140844,1121.6270137216943,24.87830228106012,302.7106577576344,9.61137473881863
8,230.0,22.49322040366368,0.9700000000000002,0.0119489746089492,0.0,0.003754835155976,0.0,0.0142961902350747,0.0,0.0,301.0,81.53,0.7641196013289037,0.2758888802117463,47.58423068209514,9.94766526444795,1115.8468241373623,36.546369151753325,0.9841986497887596,0.003095628261993,0.0,0.0026760987378217,0.0,0.0100296232114254,0.0,0.0,0.4787611964773108,0.3182532592666141,0.0,0.0410764956838626,0.0,0.1619090485722125,0.0,0.0,13.450816664811974,0.9366627902815132,1.0,1.2448387477035958,0.0,2.381318481942967,0.0,2.393013886755036,0.0,0.0,14.525567486140844,1121.6270137216943,24.87830228106012,302.7106577576344,9.61137473881863
8,230.0,26.675038783402258,0.9700000000000002,0.0119489746089492,0.0,0.003754835155976,0.0,0.0142961902350747,0.0,0.0,301.0,81.53,0.7641196013289037,0.327180654770051,47.58423068209514,9.94766526444795,1114.5967259564432,38.75762746325762,0.9810902471485734,0.004449687052792,0.0,0.0030331983380677,0.0,0.0114268674605669,0.0,0.0,0.4156488945088101,0.3868043129488966,0.0,0.0398261834687184,0.0,0.1577206090735746,0.0,0.0,13.230659927828103,0.9481685289943542,1.0,1.2352957631502723,0.0,2.357788523447812,0.0,2.3696597486637536,0.0,0.0,14.525567486140844,1121.6270137216943,24.87830228106012,302.7106577576344,9.61137473881863
8,230.0,30.85685716314083,0.9700000000000002,0.0119489746089492,0.0,0.003754835155976,0.0,0.0142961902350747,0.0,0.0,301.0,81.53,0.7641196013289037,0.3784724293283555,47.58423068209514,9.94766526444795,1113.4948698028477,40.5998241919819,0.9784497684466148,0.0058824424943416,0.0,0.0032773218844226,0.0,0.0123904671746208,0.0,0.0,0.3692526504527753,0.4432570171688254,0.0,0.037704266323432,0.0,0.1497860660549674,0.0,0.0,13.040205244671572,0.9584255515314304,1.0,1.2269850236725843,0.0,2.337710315403289,0.0,2.3495183031311337,0.0,0.0,14.525567486140844,1121.6270137216943,24.87830228106012,302.7106577576344,9.61137473881863
8,230.0,35.03867554287941,0.9700000000000002,0.0119489746089492,0.0,0.003754835155976,0.0,0.0142961902350747,0.0,0.0,301.0,81.53,0.7641196013289037,0.4297642038866602,47.58423068209514,9.94766526444795,1112.4869216691422,42.20965650425056,0.9761046631602758,0.0073635378118801,0.0,0.0034511026126163,0.0,0.0130806964152277,0.0,0.0,0.3337042993474945,0.4898940541302697,0.0,0.0354132094862115,0.0,0.1409884370360241,0.0,0.0,12.86889102294914,0.9678793753816514,1.0,1.219465127621451,0.0,2.319866364150673,0.0,2.331465084894113,0.0,0.0,14.525567486140844,1121.6270137216943,24.87830228106012,302.7106577576344,9.61137473881863
8,230.0,39.22049392261798,0.9700000000000002,0.0119489746089492,0.0,0.003754835155976,0.0,0.0142961902350747,0.0,0.0,301.0,81.53,0.7641196013289037,0.4810559784449648,47.58423068209514,9.94766526444795,1111.5402556764177,43.66896429917773,0.973952107275814,0.0088748986341185,0.0,0.003579588711407,0.0,0.0135934053786603,0.0,0.0,0.3056067649221761,0.5287353721573513,0.0,0.0332157136487259,0.0,0.1324421492717466,0.0,0.0,12.710497194144526,0.9767554364489528,1.0,1.2124844836658668,0.0,2.3035336326752573,0.0,2.3148401168081145,0.0,0.0,14.525567486140844,1121.6270137216943,24.87830228106012,302.7106577576344,9.61137473881863
8,230.0,43.40231230235656,0.9700000000000002,0.0119489746089492,0.0,0.003754835155976,0.0,0.0142961902350747,0.0,0.0,301.0,81.53,0.7641196013289037,0.5323477530032695,47.58423068209514,9.94766526444795,1110.635104380627,45.02725958167091,0.9719300927100902,0.0104056262060389,0.0,0.00367774810019,0.0,0.0139865329836806,0.0,0.0,0.2828529600983264,0.561408221334566,0.0,0.0311991863631023,0.0,0.1245396322040052,0.0,0.0,12.5612824166384,0.9852311803808362,1.0,1.2058976399450096,0.0,2.2882802050196296,0.0,2.299248200230532,0.0,0.0,14.525567486140844,1121.6270137216943,24.87830228106012,302.7106577576344,9.61137473881863
8,230.0,47.584130682095136,0.9700000000000002,0.0119489746089492,0.0,0.003754835155976,0.0,0.0142961902350747,0.0,0.0,301.0,81.53,0.7641196013289037,0.5836395275615741,47.58423068209514,9.94766526444795,1109.7591341300283,46.31542890519101,0.970000045265742,0.0119489375962817,0.0,0.0037548335127581,0.0,0.014296183625218,0.0,0.0,0.2640646375547298,0.5891747024511292,0.0,0.029381402195706,0.0,0.1173792577984348,0.0,0.0,12.418924347459008,0.9933969938746005,1.0,1.1996176372859844,0.0,2.2738413589873523,0.0,2.284443639813631,0.0,0.0,14.525567486140844,1121.6270137216943,24.87830228106012,302.7106577576344,9.61137473881863
8,235.0,11.936394228267025,0.9700000000000002,0.0119489746089492,0.0,0.003754835155976,0.0,0.0142961902350747,0.0,0.0,301.0,81.53,0.7807308970099668,0.1464049335001475,47.29218752995573,11.936294228267023,1102.613121437534,30.26052737856382,0.9992956896921124,6.85804571758703e-05,0.0,0.0001400029093497,0.0,0.0004957269413619,0.0,0.0,0.9699929422143674,0.011951836780007,0.0,0.0037557060250821,0.0,0.0142995149805434,0.0,0.0,13.21495995966844,0.9326835266926388,1.0,1.250425945923985,0.0,2.2772870620030026,0.0,2.3182376061855536,0.0,0.0,13.258875583502968,1102.8688895247462,29.73094022392497,302.7106577576344,11.525181126674264
8,235.0,15.864804595121324,0.9700000000000002,0.0119489746089492,0.0,0.003754835155976,0.0,0.0142961902350747,0.0,0.0,301.0,81.53,0.7807308970099668,0.1945885513936137,47.29218752995573,11.936294228267023,1100.3765905865068,34.79715814556512,0.9932490886652416,0.000855810037352,0.0,0.0012758116378732,0.0,0.0046192896595333,0.0,0.0,0.7588939757258933,0.1126769602537985,0.0,0.026264827118418,0.0,0.10216423690189,0.0,0.0,12.838289861030916,0.9514638366132152,1.0,1.2345246894052628,0.0,2.238829323442638,0.0,2.2806563015790458,0.0,0.0,13.258875583502968,1102.8688895247462,29.73094022392497,302.7106577576344,11.525181126674264
8,235.0,19.793214961975625,0.9700000000000002,0.0119489746089492,0.0,0.003754835155976,0.0,0.0142961902350747,0.0,0.0,301.0,81.53,0.7807308970099668,0.2427721692870799,47.29218752995573,11.936294228267023,1098.5170802871212,38.391684415456766,0.988407878294775,0.0018759984051328,0.0,0.0020766123005807,0.0,0.0076395109995113,0.0,0.0,0.6290823656090068,0.1985025341061668,0.0,0.034835862348808,0.0,0.1375792379360183,0.0,0.0,12.535151516607264,0.9672556188117738,1.0,1.222147562810623,0.0,2.208412934380382,0.0,2.250619333246445,0.0,0.0,13.258875583502968,1102.8688895247462,29.73094022392497,302.7106577576344,11.525181126674264
8,235.0,23.721625328829923,0.9700000000000002,0.0119489746089492,0.0,0.003754835155976,0.0,0.0142961902350747,0.0,0.0,301.0,81.53,0.7807308970099668,0.2909557871805461,47.29218752995573,11.936294228267023,1096.97453825207,41.20294414917158,0.9845525136349212,0.0030856212712389,0.0,0.0026194561966866,0.0,0.009742408897153,0.0,0.0,0.5410423847119118,0.2732098815959281,0.0,0.0372218679341696,0.0,0.1485258657579905,0.0,0.0,12.290662798611171,0.9804971298924856,1.0,1.2122704674142686,0.0,2.184280193579163,0.0,2.226502625873325,0.0,0.0,13.258875583502968,1102.8688895247462,29.73094022392497,302.7106577576344,11.525181126674264
8,235.0,27.650035695684224,0.9700000000000002,0.0119489746089492,0.0,0.003754835155976,0.0,0.0142961902350747,0.0,0.0,301.0,81.53,0.7807308970099668,0.3391394050740123,47.29218752995573,11.936294228267023,1095.6581237668156,43.46011036571962,0.9813896359990948,0.0044271102662077,0.0,0.0029877198991194,0.0,0.0111955338355781,0.0,0.0,0.4773005114868358,0.3373341506258757,0.0,0.036939152434765,0.0,0.1484261854525232,0.0,0.0,12.087022209894071,0.991936481625632,1.0,1.20405015761837,0.0,2.1644728887982763,0.0,2.2064791795494307,0.0,0.0,13.258875583502968,1102.8688895247462,29.73094022392497,302.7106577576344,11.525181126674264
8,235.0,31.578446062538525,0.9700000000000002,0.0119489746089492,0.0,0.003754835155976,0.0,0.0142961902350747,0.0,0.0,301.0,81.53,0.7807308970099668,0.3873230229674785,47.29218752995573,11.936294228267023,1094.4915813461578,45.35277579790545,0.9786818199511514,0.0058540774677842,0.0,0.0032440425957155,0.0,0.0122200599853488,0.0,0.0,0.428972209986586,0.3917666567536118,0.0,0.0355860608192513,0.0,0.1436750724405509,0.0,0.0,11.910341840682538,1.002130164424532,1.0,1.1968915404239096,0.0,2.1475052414525084,0.0,2.1891566878726,0.0,0.0,13.258875583502968,1102.8688895247462,29.73094022392497,302.7106577576344,11.525181126674264
8,235.0,35.506856429392826,0.9700000000000002,0.0119489746089492,0.0,0.003754835155976,0.0,0.0142961902350747,0.0,0.0,301.0,81.53,0.7807308970099668,0.4355066408609447,47.29218752995573,11.936294228267023,1093.4232079508529,47.00847297796494,0.9762708464193436,0.0073356835020502,0.0,0.003428640549827,0.0,0.012964829528779,0.0,0.0,0.3910594159282117,0.4378598117301764,0.0,0.0338699556957522,0.0,0.1372108166458595,0.0,0.0,11.751534828482594,1.0115149858734918,1.0,1.1904314820207027,0.0,2.132418814885223,0.0,2.1736345809099142,0.0,0.0,13.258875583502968,1102.8688895247462,29.73094022392497,302.7106577576344,11.525181126674264
8,235.0,39.43526679624713,0.9700000000000002,0.0119489746089492,0.0,0.003754835155976,0.0,0.0142961902350747,0.0,0.0,301.0,81.53,0.7807308970099668,0.4836902587544109,47.29218752995573,11.936294228267023,1092.4203182615695,48.50740163748831,0.9740576756224834,0.008852648366625,0.0,0.0035661410028469,0.0,0.0135235350080446,0.0,0.0,0.3605275181603476,0.4770245043132354,0.0,0.032097143540352,0.0,0.1303508339860648,0.0,0.0,11.604971519983756,1.0203250203220264,1.0,1.18445148513157,0.0,2.1186248975408537,0.0,2.1593584544357216,0.0,0.0,13.258875583502968,1102.8688895247462,29.73094022392497,302.7106577576344,11.525181126674264
8,235.0,43.36367716310143,0.9700000000000002,0.0119489746089492,0.0,0.003754835155976,0.0,0.0142961902350747,0.0,0.0,301.0,81.53,0.7807308970099668,0.5318738766478772,47.29218752995573,11.936294228267023,1091.4623959000176,49.89972154169323,0.971980523796276,0.0103929506510005,0.0,0.0036716890969807,0.0,0.0139548364557427,0.0,0.0,0.3354229095191957,0.5105126161113677,0.0,0.0303955573231925,0.0,0.1236689170462441,0.0,0.0,11.467162292168403,1.0287200314724216,1.0,1.1788202657471274,0.0,2.105760447771956,0.0,2.1459856829645987,0.0,0.0,13.258875583502968,1102.8688895247462,29.73094022392497,302.7106577576344,11.525181126674264
8,235.0,47.29208752995573,0.9700000000000002,0.0119489746089492,0.0,0.003754835155976,0.0,0.0142961902350747,0.0,0.0,301.0,81.53,0.7807308970099668,0.5800574945413434,47.29218752995573,11.936294228267023,1090.5363238886134,51.21743154753969,0.9700000494162572,0.0119489348532773,0.0,0.0037548332670785,0.0,0.0142961824633871,0.0,0.0,0.3144288039410916,0.5393598907019117,0.0,0.0288135277518881,0.0,0.1173977776051086,0.0,0.0,11.335888659545333,1.036808308542134,1.0,1.1734573563907498,0.0,2.093595446562292,0.0,2.1332985726128038,0.0,0.0,13.258875583502968,1102.8688895247462,29.73094022392497,302.7106577576344,11.525181126674264
8,240.0,14.210618891161054,0.9700000000000002,0.0119489746089492,0.0,0.003754835155976,0.0,0.0142961902350747,0.0,0.0,301.0,81.53,0.7973421926910299,0.174299262739618,47.4294142311161,14.210518891161056,1082.9381404746216,35.98617937668604,0.9991460978253652,9.014706928766232e-05,0.0,0.000169392472508,0.0,0.0005943626328391,0.0,0.0,0.969994197330247,0.0119513355719941,0.0,0.0037555489784552,0.0,0.0142989181193034,0.0,0.0,11.965230553363329,0.9831956241073336,1.0,1.2139335789115495,0.0,2.095079465049772,0.0,2.1502783730254222,0.0,0.0,12.014498351820745,1083.263844328595,35.3375257790447,302.7106577576344,13.710780754884407
8,240.0,17.90158504004495,0.9700000000000002,0.0119489746089492,0.0,0.003754835155976,0.0,0.0142961902350747,0.0,0.0,301.0,81.53,0.7973421926910299,0.219570526677848,47.4294142311161,14.210518891161056,1080.717812963404,40.31722247616951,0.993426840916854,0.0008817771597353,0.0,0.0012391561543169,0.0,0.0044522257690937,0.0,0.0,0.7981622998251188,0.0931277286630667,0.0,0.0222075362930009,0.0,0.0865024352188134,0.0,0.0,11.635979731397466,1.0012535209575952,1.0,1.200889723617618,0.0,2.064347576282292,0.0,2.119764085888723,0.0,0.0,12.014498351820745,1083.263844328595,35.3375257790447,302.7106577576344,13.710780754884407
8,240.0,21.59255118892884,0.9700000000000002,0.0119489746089492,0.0,0.003754835155976,0.0,0.0142961902350747,0.0,0.0,301.0,81.53,0.7973421926910299,0.264841790616078,47.4294142311161,14.210518891161056,1078.8287057684522,43.83693457471928,0.9887252797880705,0.001891573539083,0.0,0.0020151484285208,0.0,0.0073679982443257,0.0,0.0,0.683025881560836,0.1660835904053306,0.0,0.0304163895157575,0.0,0.1204741385180757,0.0,0.0,11.365001051641798,1.016719719552622,1.0,1.190465402908684,0.0,2.0394366263080155,0.0,2.094798518485488,0.0,0.0,12.014498351820745,1083.263844328595,35.3375257790447,302.7106577576344,13.710780754884407
8,240.0,25.28351733781273,0.9700000000000002,0.0119489746089492,0.0,0.003754835155976,0.0,0.0142961902350747,0.0,0.0,301.0,81.53,0.7973421926910299,0.310113054554308,47.4294142311161,14.210518891161056,1077.2283691345626,46.65882084000455,0.9848854486533494,0.0030851636498957,0.0,0.0025583929449703,0.0,0.0094709947517845,0.0,0.0,0.6003817648921056,0.2320448708974488,0.0,0.033463503583716,0.0,0.1341098606267295,0.0,0.0,11.142153975972336,1.0299119394169367,1.0,1.1820136564284012,0.0,2.0192453141660467,0.0,2.07435098897292,0.0,0.0,12.014498351820745,1083.263844328595,35.3375257790447,302.7106577576344,13.710780754884407
8,240.0,28.974483486696627,0.9700000000000002,0.0119489746089492,0.0,0.003754835155976,0.0,0.0142961902350747,0.0,0.0,301.0,81.53,0.7973421926910299,0.355384318492538,47.4294142311161,14.210518891161056,1075.844481740845,48.96289953814278,0.9816806870334144,0.0044131961951312,0.0,0.002937222340816,0.0,0.0109688944306384,0.0,0.0,0.5380779202808745,0.2906028821648793,0.0,0.0339880762760137,0.0,0.1373311212782323,0.0,0.0,10.954429948596848,1.0413989213554589,1.0,1.1749169613353796,0.0,2.0024604065546634,0.0,2.057177483026532,0.0,0.0,12.014498351820745,1083.263844328595,35.3375257790447,302.7106577576344,13.710780754884407
8,240.0,32.66544963558052,0.9700000000000002,0.0119489746089492,0.0,0.003754835155976,0.0,0.0142961902350747,0.0,0.0,301.0,81.53,0.7973421926910299,0.4006555824307681,47.4294142311161,14.210518891161056,1074.6107038053976,50.911018692565385,0.9789121563514798,0.0058325955688257,0.0,0.003206269710062,0.0,0.0120489783696323,0.0,0.0,0.4893777572807153,0.3417981935465525,0.0,0.0333383326279059,0.0,0.1354857165448262,0.0,0.0,10.790871319884523,1.0516697704058395,1.0,1.1687358621114547,0.0,1.988005947992524,0.0,2.0422539108600124,0.0,0.0,12.014498351820745,1083.263844328595,35.3375257790447,302.7106577576344,13.710780754884407
8,240.0,36.35641578446442,0.9700000000000002,0.0119489746089492,0.0,0.003754835155976,0.0,0.0142961902350747,0.0,0.0,301.0,81.53,0.7973421926910299,0.4459268463689981,47.4294142311161,14.210518891161056,1073.4787071998835,52.619856747825445,0.9764380099805904,0.0073127215302765,0.0,0.0034027289050567,0.0,0.0128465395840764,0.0,0.0,0.4502477114142093,0.3862421421200298,0.0,0.0321810150302538,0.0,0.1313291314355071,0.0,0.0,10.643821055632015,1.061120948815961,1.0,1.1631756314654598,0.0,1.9751406543324592,0.0,2.028872365792714,0.0,0.0,12.014498351820745,1083.263844328595,35.3375257790447,302.7106577576344,13.710780754884407
8,240.0,40.04738193334831,0.9700000000000002,0.0119489746089492,0.0,0.003754835155976,0.0,0.0142961902350747,0.0,0.0,301.0,81.53,0.7973421926910299,0.491198110307228,47.4294142311161,14.210518891161056,1072.4162614532645,54.16668620671672,0.9741647805312584,0.0088334202462955,0.0,0.0035504376950762,0.0,0.0134513615273696,0.0,0.0,0.4181194761837615,0.4247951643983801,0.0,0.0308398104485381,0.0,0.1262455489693202,0.0,0.0,10.508287766513668,1.0699686986861645,1.0,1.1580484485155125,0.0,1.9633856000917616,0.0,2.016574998934587,0.0,0.0,12.014498351820745,1083.263844328595,35.3375257790447,302.7106577576344,13.710780754884407
8,240.0,43.7383480822322,0.9700000000000002,0.0119489746089492,0.0,0.003754835155976,0.0,0.0142961902350747,0.0,0.0,301.0,81.53,0.7973421926910299,0.5364693742454582,47.4294142311161,14.210518891161056,1071.4023465073285,55.60164210560022,0.9720319749925258,0.0103816614294517,0.0,0.0036645464973549,0.0,0.0139218170806674,0.0,0.0,0.3912756386606907,0.4583335620963559,0.0,0.0294698397642163,0.0,0.120920959478737,0.0,0.0,10.38106397233254,1.0784238295574426,1.0,1.1532362588056333,0.0,1.9524349328928128,0.0,2.0050684715731264,0.0,0.0,12.014498351820745,1083.263844328595,35.3375257790447,302.7106577576344,13.710780754884407
8,240.0,47.429314231116095,0.9700000000000002,0.0119489746089492,0.0,0.003754835155976,0.0,0.0142961902350747,0.0,0.0,301.0,81.53,0.7973421926910299,0.5817406381836882,47.4294142311161,14.210518891161056,1070.4231524995323,56.95753221937227,0.9700000539360798,0.0119489319520043,0.0,0.0037548329689823,0.0,0.0142961811429336,0.0,0.0,0.36852180016801,0.4876458104222448,0.0,0.0281435007614306,0.0,0.1156888886483145,0.0,0.0,10.260071211600804,1.086545485034413,1.0,1.1486642474543474,0.0,1.9420900503117384,0.0,1.994162063046271,0.0,0.0,12.014498351820745,1083.263844328595,35.3375257790447,302.7106577576344,13.710780754884407
8,245.0,16.796306218889512,0.9700000000000002,0.0119489746089492,0.0,0.003754835155976,0.0,0.0142961902350747,0.0,0.0,301.0,81.53,0.813953488372093,0.2060138135519381,47.99218465616777,16.796206218889512,1062.25564271807,42.60222812669338,0.998967676978787,0.0001180301095621,0.0,0.0002026721188922,0.0,0.0007116207927586,0.0,0.0,0.9699952069295869,0.0119509321891198,0.0,0.003755422906508,0.0,0.0142984379747854,0.0,0.0,10.738944147754465,1.0397809584337856,1.0,1.1805755210172684,0.0,1.942069155598084,0.0,1.99810206016413,0.0,0.0,10.793959502417948,1062.6711211462375,41.80803719266337,302.7106577576344,16.191644196077288
8,245.0,20.26250382303154,0.9700000000000002,0.0119489746089492,0.0,0.003754835155976,0.0,0.0142961902350747,0.0,0.0,301.0,81.53,0.813953488372093,0.2485281960386549,47.99218465616777,16.796206218889512,1060.0412980259728,46.749386018545046,0.9935562115228076,0.0009155375031271,0.0,0.0012044002408248,0.0,0.0043238507332404,0.0,0.0,0.8309929912606552,0.0770581321960701,0.0,0.0188051469684797,0.0,0.073143729574795,0.0,0.0,10.451585985040918,1.0573810256136404,1.0,1.1698983570884027,0.0,1.917295587702992,0.0,1.9732440846179344,0.0,0.0,10.793959502417948,1062.6711211462375,41.80803719266337,302.7106577576344,16.191644196077288
8,245.0,23.72870142717357,0.9700000000000002,0.0119489746089492,0.0,0.003754835155976,0.0,0.0142961902350747,0.0,0.0,301.0,81.53,0.813953488372093,0.2910425785253718,47.99218465616777,16.796206218889512,1058.11932654813,50.198435502600695,0.9890010232521292,0.0019169766217754,0.0,0.0019526701993695,0.0,0.0071293299267259,0.0,0.0,0.7310043634309016,0.1381318497725735,0.0,0.0264225386418086,0.0,0.1044412481547162,0.0,0.0,10.210278698228656,1.072714764342151,1.0,1.1611603157689303,0.0,1.896762678179822,0.0,1.9524774425208464,0.0,0.0,10.793959502417948,1062.6711211462375,41.80803719266337,302.7106577576344,16.191644196077288
8,245.0,27.1948990313156,0.9700000000000002,0.0119489746089492,0.0,0.003754835155976,0.0,0.0142961902350747,0.0,0.0,301.0,81.53,0.813953488372093,0.3335569610120888,47.99218465616777,16.796206218889512,1056.4600363511204,53.0292681736411,0.9851927496111534,0.0030954248270484,0.0,0.0024937729024583,0.0,0.0092180526593398,0.0,0.0,0.6555340861722924,0.1952034673138536,0.0,0.0298568314433982,0.0,0.1194056150704557,0.0,0.0,10.008160054138404,1.0860086980755597,1.0,1.15394732973808,0.0,1.8797808207259104,0.0,1.9351495167050865,0.0,0.0,10.793959502417948,1062.6711211462375,41.80803719266337,302.7106577576344,16.191644196077288
8,245.0,30.661096635457625,0.9700000000000002,0.0119489746089492,0.0,0.003754835155976,0.0,0.0142961902350747,0.0,0.0,301.0,81.53,0.813953488372093,0.3760713434988056,47.99218465616777,16.796206218889512,1055.0065303871468,55.38103350934726,0.9819593406141752,0.0044092319596665,0.0,0.0028820976967576,0.0,0.0107493297294005,0.0,0.0,0.5964607260078002,0.2474460714942797,0.0,0.031014006662122,0.0,0.125079195835798,0.0,0.0,9.83586710607814,1.097687798883888,1.0,1.147832256433751,0.0,1.8654748587109533,0.0,1.9204219813946577,0.0,0.0,10.793959502417948,1062.6711211462375,41.80803719266337,302.7106577576344,16.191644196077288
8,245.0,34.12729423959966,0.9700000000000002,0.0119489746089492,0.0,0.003754835155976,0.0,0.0142961902350747,0.0,0.0,301.0,81.53,0.813953488372093,0.4185857259855225,47.99218465616777,16.796206218889512,1053.702056055326,57.38914439601166,0.9791379834000756,0.0058192361907517,0.0,0.0031640595852931,0.0,0.0118787208238794,0.0,0.0,0.5489118354289358,0.2944139547705655,0.0,0.0309784128142796,0.0,0.1256957969862189,0.0,0.0,9.68494109138022,1.108175823655907,1.0,1.1424996610297984,0.0,1.8530751036468875,0.0,1.9075539398274344,0.0,0.0,10.793959502417948,1062.6711211462375,41.80803719266337,302.7106577576344,16.191644196077288
8,245.0,37.59349184374169,0.9700000000000002,0.0119489746089492,0.0,0.003754835155976,0.0,0.0142961902350747,0.0,0.0,301.0,81.53,0.813953488372093,0.4611001084722395,47.99218465616777,16.796206218889512,1052.502248661627,59.15815765875497,0.9766044848998554,0.0072956754441064,0.0,0.0033732641497108,0.0,0.0127265755063273,0.0,0.0,0.5097925206791523,0.3361957723001709,0.0,0.0303431056475988,0.0,0.1236686013730779,0.0,0.0,9.549074923848574,1.1178355784125444,1.0,1.137713423999846,0.0,1.8420155998515904,0.0,1.8959988402433956,0.0,0.0,10.793959502417948,1062.6711211462375,41.80803719266337,302.7106577576344,16.191644196077288
8,245.0,41.05968944788371,0.9700000000000002,0.0119489746089492,0.0,0.003754835155976,0.0,0.0142961902350747,0.0,0.0,301.0,81.53,0.813953488372093,0.5036144909589564,47.99218465616777,16.796206218889512,1051.375847349254,60.76115196756113,0.974272560817615,0.0088179228838931,0.0,0.0035323449809369,0.0,0.0133771713175548,0.0,0.0,0.4770391376365699,0.3732044427873393,0.0,0.0294253763692095,0.0,0.1203310432068812,0.0,0.0,9.42393644290308,1.1268879646422576,1.0,1.1333114500579682,0.0,1.831913332880875,0.0,1.8853845268474692,0.0,0.0,10.793959502417948,1062.6711211462375,41.80803719266337,302.7106577576344,16.191644196077288
8,245.0,44.52588705202574,0.9700000000000002,0.0119489746089492,0.0,0.003754835155976,0.0,0.0142961902350747,0.0,0.0,301.0,81.53,0.813953488372093,0.5461288734456732,47.99218465616777,16.796206218889512,1050.301611804422,62.24747020376071,0.9720841151922588,0.0103721136069658,0.0,0.0036562333753115,0.0,0.0138875378254635,0.0,0.0,0.4492188568919173,0.4059768470536458,0.0,0.028393563493853,0.0,0.1164107325605838,0.0,0.0,9.306644092930028,1.1355012268649334,1.0,1.1291923036798006,0.0,1.8225209095867343,0.0,1.8754631156812145,0.0,0.0,10.793959502417948,1062.6711211462375,41.80803719266337,302.7106577576344,16.191644196077288
8,245.0,47.99208465616777,0.9700000000000002,0.0119489746089492,0.0,0.003754835155976,0.0,0.0142961902350747,0.0,0.0,301.0,81.53,0.813953488372093,0.5886432559323902,47.99218465616777,16.796206218889512,1049.2651615252396,63.65035368549648,0.970000058886898,0.0119489288668404,0.0,0.0037548326065812,0.0,0.0142961796396801,0.0,0.0,0.425303261906876,0.435057989812696,0.0,0.0273364306022876,0.0,0.1123023176781404,0.0,0.0,9.195265559454688,1.143789836233104,1.0,1.125289192252015,0.0,1.8136570319998615,0.0,1.8660690409229237,0.0,0.0,10.793959502417948,1062.6711211462375,41.80803719266337,302.7106577576344,16.191644196077288
8,250.0,19.720783957789447,0.9700000000000002,0.0119489746089492,0.0,0.003754835155976,0.0,0.0142961902350747,0.0,0.0,301.0,81.53,0.8305647840531561,0.2418837723266214,48.98078155570514,19.720683957789447,1040.3869160783702,50.250071397688416,0.9987540895356076,0.000154162210083,0.0,0.0002402893861308,0.0,0.0008514588681785,0.0,0.0,0.9699960260712684,0.0119506046986037,0.0,0.0037553208800813,0.0,0.0142980483500466,0.0,0.0,9.537946228421031,1.1039394530456748,1.0,1.150075895375616,0.0,1.812307571141,0.0,1.8598952308075127,0.0,0.0,9.599114364038009,1040.9186176418627,49.27650279185157,302.7106577576344,18.99215487266697
8,250.0,22.97188369089119,0.9700000000000002,0.0119489746089492,0.0,0.003754835155976,0.0,0.0142961902350747,0.0,0.0,301.0,81.53,0.8305647840531561,0.2817598882729202,48.98078155570514,19.720683957789447,1038.168196663521,54.2332941116266,0.9936339073288388,0.0009588860508287,0.0,0.0011729193770347,0.0,0.0042342872432978,0.0,0.0,0.858202420529641,0.0639363705933412,0.0,0.0159683016160791,0.0,0.0618929072609387,0.0,0.0,9.287839441347522,1.121333301186158,1.0,1.1413696130860185,0.0,1.792178636001913,0.0,1.8396150691020925,0.0,0.0,9.599114364038009,1040.9186176418627,49.27650279185157,302.7106577576344,18.99215487266697
8,250.0,26.222983423992936,0.9700000000000002,0.0119489746089492,0.0,0.003754835155976,0.0,0.0142961902350747,0.0,0.0,301.0,81.53,0.8305647840531561,0.3216360042192191,48.98078155570514,19.720683957789447,1036.2085942978526,57.61695057082822,0.9892307361052658,0.0019537940721244,0.0,0.0018906008415129,0.0,0.0069248689810967,0.0,0.0,0.7729456708875804,0.1143680179705914,0.0,0.0228573510520924,0.0,0.0898289600897355,0.0,0.0,9.073965316472124,1.1367394088000586,1.0,1.1340844325361676,0.0,1.7751547104297245,0.0,1.822347600901448,0.0,0.0,9.599114364038009,1040.9186176418627,49.27650279185157,302.7106577576344,18.99215487266697
8,250.0,29.47408315709468,0.9700000000000002,0.0119489746089492,0.0,0.003754835155976,0.0,0.0142961902350747,0.0,0.0,301.0,81.53,0.8305647840531561,0.3615121201655179,48.98078155570514,19.720683957789447,1034.4876433433192,60.45617683977547,0.985469105680004,0.00311798165911,0.0,0.0024266703209879,0.0,0.0089862423398981,0.0,0.0,0.7057104542255405,0.1628264179292462,0.0,0.0264465206492327,0.0,0.1050166071959805,0.0,0.0,8.891715146192473,1.150293664728182,1.0,1.1279663671140516,0.0,1.76080499878482,0.0,1.8076837113555475,0.0,0.0,9.599114364038009,1040.9186176418627,49.27650279185157,302.7106577576344,18.99215487266697
8,250.0,32.72518289019642,0.9700000000000002,0.0119489746089492,0.0,0.003754835155976,0.0,0.0142961902350747,0.0,0.0,301.0,81.53,0.8305647840531561,0.4013882361118168,48.98078155570514,19.720683957789447,1032.9611389900815,62.8566522759174,0.9822208952571634,0.004416848182383,0.0,0.0028229208219227,0.0,0.0105393357385307,0.0,0.0,0.6512535406263602,0.2084025550956426,0.0,0.028061106355289,0.0,0.112282797922708,0.0,0.0,8.734461875855539,1.162320899705844,1.0,1.122726525217282,0.0,1.7485506989299704,0.0,1.795066491481446,0.0,0.0,9.599114364038009,1040.9186176418627,49.27650279185157,302.7106577576344,18.99215487266697
8,250.0,35.97628262329816,0.9700000000000002,0.0119489746089492,0.0,0.003754835155976,0.0,0.0142961902350747,0.0,0.0,301.0,81.53,0.8305647840531561,0.4412643520581155,48.98078155570514,19.720683957789447,1031.581351288242,64.92928525852074,0.9793559213951326,0.005815543095014,0.0,0.0031175844907434,0.0,0.0117109510191098,0.0,0.0,0.6061967376769907,0.2504463176034338,0.0,0.0285342086818947,0.0,0.1148227360376809,0.0,0.0,8.595820306429419,1.173211053652566,1.0,1.1181392420292833,0.0,1.7378491347528713,0.0,1.783970212242887,0.0,0.0,9.599114364038009,1040.9186176418627,49.27650279185157,302.7106577576344,18.99215487266697
8,250.0,39.22738235639992,0.9700000000000002,0.0119489746089492,0.0,0.003754835155976,0.0,0.0142961902350747,0.0,0.0,301.0,81.53,0.8305647840531561,0.4811404680044145,48.98078155570514,19.720683957789447,1030.308309241293,66.76569612938054,0.976768170995966,0.0072858251724604,0.0,0.0033401949690467,0.0,0.0126058088625266,0.0,0.0,0.5682732521238222,0.2887315587218198,0.0,0.0283659234297705,0.0,0.1146292657245873,0.0,0.0,8.470719321863168,1.1832368228117076,1.0,1.114016593809737,0.0,1.7282829904782708,0.0,1.7739817477501334,0.0,0.0,9.599114364038009,1040.9186176418627,49.27650279185157,302.7106577576344,18.99215487266697
8,250.0,42.47848208950165,0.9700000000000002,0.0119489746089492,0.0,0.003754835155976,0.0,0.0142961902350747,0.0,0.0,301.0,81.53,0.8305647840531561,0.5210165839507133,48.98078155570514,19.720683957789447,1029.1122222384545,68.43356915039921,0.9743798967531496,0.0088070513823847,0.0,0.0035117410211472,0.0,0.0133013108433183,0.0,0.0,0.5359041630133865,0.3233480485260306,0.0,0.0278481318413661,0.0,0.1128996566192167,0.0,0.0,8.35550224526237,1.1926410239827887,1.0,1.1102349371875164,0.0,1.7195429475884134,0.0,1.7648043346208688,0.0,0.0,9.599114364038009,1040.9186176418627,49.27650279185157,302.7106577576344,18.99215487266697
8,250.0,45.72958182260339,0.9700000000000002,0.0119489746089492,0.0,0.003754835155976,0.0,0.0142961902350747,0.0,0.0,301.0,81.53,0.8305647840531561,0.5608926998970121,48.98078155570514,19.720683957789447,1027.9719501947964,69.9806169118894,0.9721365024820624,0.0103647604949617,0.0,0.0036466592250163,0.0,0.0138520777979596,0.0,0.0,0.5079529454191065,0.3545563300129269,0.0,0.0271493178191678,0.0,0.1103414067487987,0.0,0.0,8.247620505259881,1.201601891396377,1.0,1.1067138746556568,0.0,1.711412244387308,0.0,1.7562338072272128,0.0,0.0,9.599114364038009,1040.9186176418627,49.27650279185157,302.7106577576344,18.99215487266697
8,250.0,48.98068155570514,0.9700000000000002,0.0119489746089492,0.0,0.003754835155976,0.0,0.0142961902350747,0.0,0.0,301.0,81.53,0.8305647840531561,0.6007688158433109,48.98078155570514,19.720683957789447,1026.8727009776412,71.44003801661854,0.9700000643486746,0.0119489255643802,0.0,0.0037548321646782,0.0,0.0142961779222669,0.0,0.0,0.4835782850035419,0.3826845571541131,0.0,0.0263665239332745,0.0,0.1073706339090705,0.0,0.0,8.145319734597866,1.2102078454867324,1.0,1.1033878498776188,0.0,1.7037451869178983,0.0,1.748135243882649,0.0,0.0,9.599114364038009,1040.9186176418627,49.27650279185157,302.7106577576344,18.99215487266697
8,255.0,23.013152689080904,0.9700000000000002,0.0119489746089492,0.0,0.003754835155976,0.0,0.0142961902350747,0.0,0.0,301.0,81.53,0.8471760797342193,0.2822660700242966,50.398524638374,23.013052689080904,1017.1074994299267,59.10703084238589,0.9984968771168532,0.0002012042226212,0.0,0.0002829198286486,0.0,0.0010189988318769,0.0,0.0,0.9699966962136568,0.0119503365870778,0.0,0.0037552376725885,0.0,0.0142977295266769,0.0,0.0,8.36449435795507,1.1776684350278783,1.0,1.122211124268573,0.0,1.701071441122678,0.0,1.7341559365372503,0.0,0.0,8.432227805456346,1017.7913832278248,57.90987351738985,302.7106577576344,22.13772066860631
8,255.0,26.0559606834468,0.9700000000000002,0.0119489746089492,0.0,0.003754835155976,0.0,0.0142961902350747,0.0,0.0,301.0,81.53,0.8471760797342193,0.3195873995271286,50.398524638374,23.013052689080904,1014.8735698346684,62.94493044864462,0.9936544654551288,0.0010143465020224,0.0,0.0011462366500764,0.0,0.0041849513927723,0.0,0.0,0.8806253899290608,0.053263716012899,0.0,0.0136110069108892,0.0,0.0524998871471507,0.0,0.0,8.147740041838075,1.1951303883653763,1.0,1.11515376475576,0.0,1.6845998767348311,0.0,1.71759551079483,0.0,0.0,8.432227805456346,1017.7913832278248,57.90987351738985,302.7106577576344,22.13772066860631
8,255.0,29.098768677812703,0.9700000000000002,0.0119489746089492,0.0,0.003754835155976,0.0,0.0142961902350747,0.0,0.0,301.0,81.53,0.8471760797342193,0.3569087290299608,50.398524638374,23.013052689080904,1012.869965046982,66.2695490828749,0.9894085818954432,0.0020043129176267,0.0,0.0018305862792271,0.0,0.0067565189077029,0.0,0.0,0.8091149974186145,0.0943839989965406,0.0,0.0197056546012472,0.0,0.0767953489835976,0.0,0.0,7.959309917511419,1.2108308167553168,1.0,1.109134722715577,0.0,1.6704096408780549,0.0,1.703248325350475,0.0,0.0,8.432227805456346,1017.7913832278248,57.90987351738985,302.7106577576344,22.13772066860631
8,255.0,32.1415766721786,0.9700000000000002,0.0119489746089492,0.0,0.003754835155976,0.0,0.0142961902350747,0.0,0.0,301.0,81.53,0.8471760797342193,0.3942300585327928,50.398524638374,23.013052689080904,1011.0828717576752,69.11796362212439,0.9857081062823916,0.00315502193507,0.0,0.0023584306965216,0.0,0.0087784410860166,0.0,0.0,0.7505481732449393,0.134805857799487,0.0,0.0232634572652928,0.0,0.0913825116902806,0.0,0.0,7.79613328526624,1.2248529234541998,1.0,1.1039882433067123,0.0,1.6582331877177072,0.0,1.6908603458472584,0.0,0.0,8.432227805456346,1017.7913832278248,57.90987351738985,302.7106577576344,22.13772066860631
8,255.0,35.1843846665445,0.9700000000000002,0.0119489746089492,0.0,0.003754835155976,0.0,0.0142961902350747,0.0,0.0,301.0,81.53,0.8471760797342193,0.4315513880356249,50.398524638374,23.013052689080904,1009.4784265199836,71.56883693644284,0.9824596279688024,0.0044382007482461,0.0,0.0027605190865514,0.0,0.0103416521963998,0.0,0.0,0.701640997213341,0.1737181533084403,0.0,0.0251706968104039,0.0,0.0994701526678148,0.0,0.0,7.653605246890035,1.2374543347740383,1.0,1.099531273910563,0.0,1.6476919220695794,0.0,1.6800675899629538,0.0,0.0,8.432227805456346,1017.7913832278248,57.90987351738985,302.7106577576344,22.13772066860631
8,255.0,38.2271926609104,0.9700000000000002,0.0119489746089492,0.0,0.003754835155976,0.0,0.0142961902350747,0.0,0.0,301.0,81.53,0.8471760797342193,0.468872717538457,50.398524638374,23.013052689080904,1008.0172070620716,73.71091829649112,0.9795616983996426,0.0058235181658645,0.0,0.0030671966143125,0.0,0.0115475868201804,0.0,0.0,0.6601381686596457,0.2104539966164169,0.0,0.026038840456543,0.0,0.1033689942673942,0.0,0.0,7.527019831581045,1.2489221482658857,1.0,1.0956109469722777,0.0,1.6384071192494265,0.0,1.6705104044039651,0.0,0.0,8.432227805456346,1017.7913832278248,57.90987351738985,302.7106577576344,22.13772066860631
8,255.0,41.2700006552763,0.9700000000000002,0.0119489746089492,0.0,0.003754835155976,0.0,0.0142961902350747,0.0,0.0,301.0,81.53,0.8471760797342193,0.5061940470412891,50.398524638374,23.013052689080904,1006.663914006431,75.6225302327401,0.9769263013807624,0.0072848313629186,0.0,0.0033035688035048,0.0,0.0124852984528141,0.0,0.0,0.6244482294508619,0.2446421348051187,0.0,0.0262684219194333,0.0,0.1046412138245861,0.0,0.0,7.412417078342871,1.2595277959392073,1.0,1.0920793353362732,0.0,1.6300700276810205,0.0,1.6618845434428997,0.0,0.0,8.432227805456346,1017.7913832278248,57.90987351738985,302.7106577576344,22.13772066860631
8,255.0,44.3128086496422,0.9700000000000002,0.0119489746089492,0.0,0.003754835155976,0.0,0.0142961902350747,0.0,0.0,301.0,81.53,0.8471760797342193,0.5435153765441212,50.398524638374,23.013052689080904,1005.3907008382696,77.36490219452489,0.9744852552139668,0.0088019769875028,0.0,0.0034885423884294,0.0,0.0132242254101007,0.0,0.0,0.5934168721479168,0.2761716667618922,0.0,0.0261128412321476,0.0,0.1042986198580431,0.0,0.0,7.306782797372475,1.2694786952362578,1.0,1.0888522825186917,0.0,1.6224457472822746,0.0,1.6539508874334634,0.0,0.0,8.432227805456346,1017.7913832278248,57.90987351738985,302.7106577576344,22.13772066860631
8,255.0,47.355616644008094,0.9700000000000002,0.0119489746089492,0.0,0.003754835155976,0.0,0.0142961902350747,0.0,0.0,301.0,81.53,0.8471760797342193,0.5808367060469531,50.398524638374,23.013052689080904,1004.1768821451784,78.98321415358794,0.9721885100771468,0.0103602016400679,0.0,0.003635740199787,0.0,0.0138155480829983,0.0,0.0,0.5661846803926768,0.3051031487257758,0.0,0.0257297706608516,0.0,0.1029824002206959,0.0,0.0,7.207927876097028,1.2789752954581104,1.0,1.0858490053568333,0.0,1.6153525388360817,0.0,1.6465423616854642,0.0,0.0,8.432227805456346,1017.7913832278248,57.90987351738985,302.7106577576344,22.13772066860631
8,255.0,50.398424638374,0.9700000000000002,0.0119489746089492,0.0,0.003754835155976,0.0,0.0142961902350747,0.0,0.0,301.0,81.53,0.8471760797342193,0.6181580355497853,50.398524638374,23.013052689080904,1003.0074557937022,80.51004981065746,0.9700000704459502,0.011948921986168,0.0,0.0037548316226696,0.0,0.0142961759452122,0.0,0.0,0.5420966546930394,0.3315906873016076,0.0,0.0252168727043766,0.0,0.1010957853009763,0.0,0.0,7.114291150158451,1.2880986471444054,1.0,1.0830197854761647,0.0,1.6086677995428096,0.0,1.6395398928202474,0.0,0.0,8.432227805456346,1017.7913832278248,57.90987351738985,302.7106577576344,22.13772066860631
8,260.0,26.70474927938616,0.9700000000000002,0.0119489746089492,0.0,0.003754835155976,0.0,0.0142961902350747,0.0,0.0,301.0,81.53,0.8637873754152824,0.327545066593722,52.25081835551932,26.70464927938616,992.1282098090225,69.4014601856876,0.9981844422505818,0.0002629187812899,0.0,0.0003316013745961,0.0,0.001221037593532,0.0,0.0,0.9699972489218524,0.0119501152826774,0.0,0.0037551692971864,0.0,0.0142974664982836,0.0,0.0,7.221373535440944,1.2638152350497514,1.0,1.0968039124570026,0.0,1.604579554527674,0.0,1.6195494032549989,0.0,0.0,7.29608565520892,993.0143761526203,67.92140682303575,302.7106577576344,25.654931900849267
8,260.0,29.5431902878454,0.9700000000000002,0.0119489746089492,0.0,0.003754835155976,0.0,0.0142961902350747,0.0,0.0,301.0,81.53,0.8637873754152824,0.3623597484097313,52.25081835551932,26.70464927938616,989.8673115635944,73.1117515691425,0.9936094311609934,0.0010855183212249,0.0,0.0011261131571178,0.0,0.0041789373606637,0.0,0.0,0.8990448175249519,0.0445977291659291,0.0,0.0116551292305455,0.0,0.0447023240785734,0.0,0.0,7.034700132252989,1.2816436714640715,1.0,1.0911388029478624,0.0,1.590988671217208,0.0,1.6060240811139177,0.0,0.0,7.29608565520892,993.0143761526203,67.92140682303575,302.7106577576344,25.654931900849267
8,260.0,32.38163129630464,0.9700000000000002,0.0119489746089492,0.0,0.003754835155976,0.0,0.0142961902350747,0.0,0.0,301.0,81.53,0.8637873754152824,0.3971744302257407,52.25081835551932,26.70464927938616,987.8114549964888,76.38484602228644,0.9895264373110636,0.0020718445815304,0.0,0.0017745673924437,0.0,0.0066271507149623,0.0,0.0,0.839988449599421,0.0777131981544938,0.0,0.0169399174136206,0.0,0.0653584348324645,0.0,0.0,6.8699705349107445,1.2979226255012664,1.0,1.08622457487749,0.0,1.5790849852826911,0.0,1.5941259705902031,0.0,0.0,7.29608565520892,993.0143761526203,67.92140682303575,302.7106577576344,25.654931900849267
8,260.0,35.22007230476388,0.9700000000000002,0.0119489746089492,0.0,0.003754835155976,0.0,0.0142961902350747,0.0,0.0,301.0,81.53,0.8637873754152824,0.43198911204175,52.25081835551932,26.70464927938616,985.95160121696,79.24482421557246,0.9859015394291978,0.0032096482980625,0.0,0.0022907486677355,0.0,0.008598063605004,0.0,0.0,0.7900344659617577,0.110856224040744,0.0,0.0203246212391122,0.0,0.078784688758386,0.0,0.0,6.725152531288677,1.3126793382117272,1.0,1.081957485384585,0.0,1.5687145051599871,0.0,1.5837013861148468,0.0,0.0,7.29608565520892,993.0143761526203,67.92140682303575,302.7106577576344,25.654931900849267
8,260.0,38.05851331322312,0.9700000000000002,0.0119489746089492,0.0,0.003754835155976,0.0,0.0142961902350747,0.0,0.0,301.0,81.53,0.8637873754152824,0.4668037938577593,52.25081835551932,26.70464927938616,984.2622423478456,81.74886569700897,0.9826682352006816,0.0044762404014196,0.0,0.0026960592347693,0.0,0.0101594651631295,0.0,0.0,0.7471817941305067,0.1433849009779013,0.0,0.0223773620860411,0.0,0.0870559428055508,0.0,0.0,6.5971076897125,1.3260854889771565,1.0,1.0782202545299642,0.0,1.5596134070083665,0.0,1.5745041296788356,0.0,0.0,7.29608565520892,993.0143761526203,67.92140682303575,302.7106577576344,25.654931900849267
8,260.0,40.89695432168236,0.9700000000000002,0.0119489746089492,0.0,0.003754835155976,0.0,0.0142961902350747,0.0,0.0,301.0,81.53,0.8637873754152824,0.5016184756737686,52.25081835551932,26.70464927938616,982.7114675213626,83.96614258562218,0.9797496988951866,0.0058458490131234,0.0,0.0030135110786698,0.0,0.01139094101302,0.0,0.0,0.7099754768164536,0.1747193678328243,0.0,0.0235259523769576,0.0,0.0917792029737644,0.0,0.0,6.482463710816915,1.3384038200362,1.0,1.0749070200089546,0.0,1.5515230210633608,0.0,1.5662865562191446,0.0,0.0,7.29608565520892,993.0143761526203,67.92140682303575,302.7106577576344,25.654931900849267
8,260.0,43.7353953301416,0.9700000000000002,0.0119489746089492,0.0,0.003754835155976,0.0,0.0142961902350747,0.0,0.0,301.0,81.53,0.8637873754152824,0.5364331574897779,52.25081835551932,26.70464927938616,981.2687871170388,85.9617655738249,0.9770750962474216,0.007294918274812,0.0,0.00326359582777,0.0,0.0123663896499964,0.0,0.0,0.67734055739659,0.2044627560419394,0.0,0.0240748170968627,0.0,0.0941218694646078,0.0,0.0,6.378220931904519,1.3498402210155702,1.0,1.0719183524543363,0.0,1.5442151156977866,0.0,1.5588294601146389,0.0,0.0,7.29608565520892,993.0143761526203,67.92140682303575,302.7106577576344,25.654931900849267
8,260.0,46.57383633860084,0.9700000000000002,0.0119489746089492,0.0,0.003754835155976,0.0,0.0142961902350747,0.0,0.0,301.0,81.53,0.8637873754152824,0.5712478393057874,52.25081835551932,26.70464927938616,979.9087338502336,87.78963566081133,0.9745864584217931,0.0088042790198829,0.0,0.0034627429141813,0.0,0.0131465196441424,0.0,0.0,0.648467824167536,0.2324068360121562,0.0,0.02423186675878,0.0,0.0948934730615278,0.0,0.0,6.281973522865145,1.3606265131240045,1.0,1.0691798799364556,0.0,1.5375085656214402,0.0,1.5519582829074796,0.0,0.0,7.29608565520892,993.0143761526203,67.92140682303575,302.7106577576344,25.654931900849267
8,260.0,49.41227734706008,0.9700000000000002,0.0119489746089492,0.0,0.003754835155976,0.0,0.0142961902350747,0.0,0.0,301.0,81.53,0.8637873754152824,0.6060625211217967,52.25081835551932,26.70464927938616,978.6114621068972,89.49148482777397,0.9722392138346184,0.0103592537293955,0.0,0.0036234151876625,0.0,0.0137781172483236,0.0,0.0,0.6227358359175799,0.2584877748913693,0.0,0.0241358477839619,0.0,0.0946405414070888,0.0,0.0,6.191896822039492,1.3708969037820546,1.0,1.0666426762021075,0.0,1.5312756502083091,0.0,1.5455500414633463,0.0,0.0,7.29608565520892,993.0143761526203,67.92140682303575,302.7106577576344,25.654931900849267
8,260.0,52.25071835551932,0.9700000000000002,0.0119489746089492,0.0,0.003754835155976,0.0,0.0142961902350747,0.0,0.0,301.0,81.53,0.8637873754152824,0.6408772029378059,52.25081835551932,26.70464927938616,977.362009799916,91.09861177670896,0.9700000772898244,0.0119489180961332,0.0,0.0037548309562024,0.0,0.0142961736578398,0.0,0.0,0.5996581126388917,0.2827357581841032,0.0,0.0238784680052985,0.0,0.0937276611717066,0.0,0.0,6.106640647932617,1.380777672597816,1.0,1.0642572774067849,0.0,1.5254029211179885,0.0,1.539495403653431,0.0,0.0,7.29608565520892,993.0143761526203,67.92140682303575,302.7106577576344,25.654931900849267
8,265.0,30.82985065122304,0.9700000000000002,0.0119489746089492,0.0,0.003754835155976,0.0,0.0142961902350747,0.0,0.0,301.0,81.53,0.8803986710963455,0.3781411830151237,54.54409428523972,30.82975065122304,965.0651442345028,81.43682506424923,0.9978003663518964,0.0003448051677839,0.0,0.0003879499242337,0.0,0.0014668785560857,0.0,0.0,0.969997708510724,0.0119499311010146,0.0,0.0037551126768296,0.0,0.0142972477114316,0.0,0.0,6.112063694648246,1.366509857297971,1.0,1.0737630627013102,0.0,1.519612927417213,0.0,1.514904249786262,0.0,0.0,6.19415722930877,966.2255774553212,79.59167899763797,302.7106577576344,29.571779036695137
8,265.0,33.464755499447115,0.9700000000000002,0.0119489746089492,0.0,0.003754835155976,0.0,0.0142961902350747,0.0,0.0,301.0,81.53,0.8803986710963455,0.4104594075732505,54.54409428523972,30.82975065122304,962.7639917566138,85.03681860223615,0.9934859550127269,0.0011776668917502,0.0,0.0011147142515583,0.0,0.0042216638439648,0.0,0.0,0.9141577723913376,0.0375597627102135,0.0,0.0100322138011701,0.0,0.0382502510972785,0.0,0.0,5.952744823566002,1.3851014400718236,1.0,1.0692879600613028,0.0,1.50834481820369,0.0,1.5038879375842449,0.0,0.0,6.19415722930877,966.2255774553212,79.59167899763797,302.7106577576344,29.571779036695137
8,265.0,36.09966034767119,0.9700000000000002,0.0119489746089492,0.0,0.003754835155976,0.0,0.0142961902350747,0.0,0.0,301.0,81.53,0.8803986710963455,0.4427776321313773,54.54409428523972,30.82975065122304,960.6452577116664,88.26727948269645,0.9895726116087342,0.0021612663026011,0.0,0.0017249070841138,0.0,0.0065412150045508,0.0,0.0,0.8661494966306595,0.0638816678420248,0.0,0.0145254495369599,0.0,0.0554433859903558,0.0,0.0,5.810209130286195,1.4023198370702323,1.0,1.0653498348615185,0.0,1.4983295207302945,0.0,1.4940474386187004,0.0,0.0,6.19415722930877,966.2255774553212,79.59167899763797,302.7106577576344,29.571779036695137
8,265.0,38.734565195895264,0.9700000000000002,0.0119489746089492,0.0,0.003754835155976,0.0,0.0142961902350747,0.0,0.0,301.0,81.53,0.8803986710963455,0.475095856689504,54.54409428523972,30.82975065122304,958.7033066009348,91.14310937114696,0.9860383008422996,0.0032863713115252,0.0,0.0022257850666283,0.0,0.0084495427795467,0.0,0.0,0.8244126892508064,0.0905835588183211,0.0,0.0176347525298805,0.0,0.0673689994009919,0.0,0.0,5.683123325379567,1.4181468209813262,1.0,1.0618785339693708,0.0,1.4894515162139956,0.0,1.4853039764179696,0.0,0.0,6.19415722930877,966.2255774553212,79.59167899763797,302.7106577576344,29.571779036695137
8,265.0,41.36947004411934,0.9700000000000002,0.0119489746089492,0.0,0.003754835155976,0.0,0.0142961902350747,0.0,0.0,301.0,81.53,0.8803986710963455,0.5074140812476308,54.54409428523972,30.82975065122304,956.9193326355876,93.70467728472325,0.9828369507439928,0.0045351443888726,0.0,0.0026311669887963,0.0,0.0099967378783381,0.0,0.0,0.7877597666839895,0.1171996821965201,0.0,0.0197070307389051,0.0,0.075333520380585,0.0,0.0,5.569397096112351,1.432720472982134,1.0,1.0588042563638502,0.0,1.4815545606803862,0.0,1.477491936406891,0.0,0.0,6.19415722930877,966.2255774553212,79.59167899763797,302.7106577576344,29.571779036695137
8,265.0,44.00437489234342,0.9700000000000002,0.0119489746089492,0.0,0.003754835155976,0.0,0.0142961902350747,0.0,0.0,301.0,81.53,0.8803986710963455,0.5397323058057576,54.54409428523972,30.82975065122304,955.268112211791,96.00425597033664,0.9799122572920762,0.0058862699964999,0.0,0.0029575199821687,0.0,0.0112439527292551,0.0,0.0,0.7552819463688336,0.1432785089186002,0.0,0.021026174791938,0.0,0.080413369920628,0.0,0.0,5.466685994848206,1.4462258659730385,1.0,1.0560573102969557,0.0,1.47447450567815,0.0,1.4704491853796815,0.0,0.0,6.19415722930877,966.2255774553212,79.59167899763797,302.7106577576344,29.571779036695137
8,265.0,46.63927974056749,0.9700000000000002,0.0119489746089492,0.0,0.003754835155976,0.0,0.0142961902350747,0.0,0.0,301.0,81.53,0.8803986710963455,0.5720505303638843,54.54409428523972,30.82975065122304,953.7239806406304,98.0942426472949,0.977209224169581,0.0073191601744312,0.0,0.0032207405309762,0.0,0.0122508751250114,0.0,0.0,0.7262789669181434,0.1684683351414151,0.0,0.0218108826177336,0.0,0.0834418153227077,0.0,0.0,5.372800166188944,1.4588647051035215,1.0,1.0535701719462212,0.0,1.4680437412873382,0.0,1.4640232388013996,0.0,0.0,6.19415722930877,966.2255774553212,79.59167899763797,302.7106577576344,29.571779036695137
8,265.0,49.27418458879157,0.9700000000000002,0.0119489746089492,0.0,0.003754835155976,0.0,0.0142961902350747,0.0,0.0,301.0,81.53,0.8803986710963455,0.6043687549220111,54.54409428523972,30.82975065122304,952.2642361100964,100.0205797159517,0.9746803235267834,0.0088161489973291,0.0,0.0034344723691396,0.0,0.0130690551067478,0.0,0.0,0.7002052937263382,0.1925390045196708,0.0,0.0222219739084387,0.0,0.0850337278455521,0.0,0.0,5.2858864305749895,1.470815472462313,1.0,1.0512921591081834,0.0,1.4621194358526746,0.0,1.4580935727849014,0.0,0.0,6.19415722930877,966.2255774553212,79.59167899763797,302.7106577576344,29.571779036695137
8,265.0,51.909089437015645,0.9700000000000002,0.0119489746089492,0.0,0.003754835155976,0.0,0.0142961902350747,0.0,0.0,301.0,81.53,0.8803986710963455,0.6366869794801379,54.54409428523972,30.82975065122304,950.8702838750248,101.82067183210344,0.9722872150835168,0.0103630597916475,0.0,0.0036096716532226,0.0,0.0137400534716128,0.0,0.0,0.6766299782970978,0.215366601452926,0.0,0.0223742558917493,0.0,0.0856291643582267,0.0,0.0,5.2044802354372015,1.4822242911822814,1.0,1.0491812828137643,0.0,1.4565946833069183,0.0,1.4525474632255193,0.0,0.0,6.19415722930877,966.2255774553212,79.59167899763797,302.7106577576344,29.571779036695137
8,265.0,54.54399428523972,0.9700000000000002,0.0119489746089492,0.0,0.003754835155976,0.0,0.0142961902350747,0.0,0.0,301.0,81.53,0.8803986710963455,0.6690052040382647,54.54409428523972,30.82975065122304,949.5275071738856,103.5237903659744,0.9700000850941924,0.0119489137989055,0.0,0.0037548301297901,0.0,0.0142961709771119,0.0,0.0,0.6552074394085364,0.2369061525422838,0.0,0.0223484181767474,0.0,0.0855379898724323,0.0,0.0,5.127452453385754,1.4932312601217312,1.0,1.0472044613202365,0.0,1.45138822152463,0.0,1.447306564777123,0.0,0.0,6.19415722930877,966.2255774553212,79.59167899763797,302.7106577576344,29.571779036695137
8,270.0,35.426786512778534,0.9700000000000002,0.0119489746089492,0.0,0.003754835155976,0.0,0.0142961902350747,0.0,0.0,301.0,81.53,0.8970099667774086,0.4345245494024106,57.28444071089066,35.42668651277853,935.3897493816206,95.63216077954098,0.9973204635820428,0.0004552416346769,0.0,0.0004545308044715,0.0,0.0017697639788086,0.0,0.0,0.9699980939654236,0.0119497764786683,0.0,0.0037550654044191,0.0,0.0142970641514887,0.0,0.0,5.041001268488831,1.492141301299701,1.0,1.0530782966222831,0.0,1.4434794202992622,0.0,1.4191878376711644,0.0,0.0,5.130843724598608,936.9320241360858,93.30322734807504,302.7106577576344,33.91794976874195
8,270.0,37.8554036459021,0.9700000000000002,0.0119489746089492,0.0,0.003754835155976,0.0,0.0142961902350747,0.0,0.0,301.0,81.53,0.8970099667774086,0.4643125677162038,57.28444071089066,35.42668651277853,933.0326694008028,99.1393643904883,0.9932642746328972,0.0012987839558756,0.0,0.0011149183508534,0.0,0.0043220230603735,0.0,0.0,0.92656508164116,0.0318331175199943,0.0,0.008683618568053,0.0,0.0329181822707925,0.0,0.0,4.906785990023019,1.5120256102508165,1.0,1.049632512801733,0.0,1.434091219242011,0.0,1.410251504093838,0.0,0.0,5.130843724598608,936.9320241360858,93.30322734807504,302.7106577576344,33.91794976874195
8,270.0,40.28402077902568,0.9700000000000002,0.0119489746089492,0.0,0.003754835155976,0.0,0.0142961902350747,0.0,0.0,301.0,81.53,0.8970099667774086,0.4941005860299972,57.28444071089066,35.42668651277853,930.8372215865808,102.33787517757588,0.9895296371564678,0.0022799873789085,0.0,0.0016846322745156,0.0,0.006505743190108,0.0,0.0,0.8882144628264192,0.0524404239993175,0.0,0.0124243589859389,0.0,0.0469207541883242,0.0,0.0,4.78517634615488,1.530672280440679,1.0,1.0465580918459707,0.0,1.4256248105842582,0.0,1.4021614619815626,0.0,0.0,5.130843724598608,936.9320241360858,93.30322734807504,302.7106577576344,33.91794976874195
8,270.0,42.71263791214924,0.9700000000000002,0.0119489746089492,0.0,0.003754835155976,0.0,0.0142961902350747,0.0,0.0,301.0,81.53,0.8970099667774086,0.5238886043437905,57.28444071089066,35.42668651277853,928.8001748612776,105.2362805229256,0.9861025246051282,0.0033919755171855,0.0,0.0021663715722997,0.0,0.0083391283053865,0.0,0.0,0.8540924163015462,0.0735431104825457,0.0,0.015188755009653,0.0,0.0571757182062549,0.0,0.0,4.675307357210136,1.5480666086861623,1.0,1.043817564766686,0.0,1.4180077131558946,0.0,1.3948618979081933,0.0,0.0,5.130843724598608,936.9320241360858,93.30322734807504,302.7106577576344,33.91794976874195
8,270.0,45.141255045272814,0.9700000000000002,0.0119489746089492,0.0,0.003754835155976,0.0,0.0142961902350747,0.0,0.0,301.0,81.53,0.8970099667774086,0.5536766226575839,57.28444071089066,35.42668651277853,926.9080659290448,107.86203212162413,0.9829520268545042,0.0046210672892114,0.0,0.0025681156679963,0.0,0.0098587901882879,0.0,0.0,0.8235135308900793,0.0948270663000448,0.0,0.0171765450992053,0.0,0.0644828577106705,0.0,0.0,4.575821230032266,1.5642973300558085,1.0,1.041367747823562,0.0,1.4111461291179688,0.0,1.3882674230053254,0.0,0.0,5.130843724598608,936.9320241360858,93.30322734807504,302.7106577576344,33.91794976874195
8,270.0,47.56987217839638,0.9700000000000002,0.0119489746089492,0.0,0.003754835155976,0.0,0.0142961902350747,0.0,0.0,301.0,81.53,0.8970099667774086,0.5834646409713772,57.28444071089066,35.42668651277853,925.1415465590718,110.2531623846868,0.9800384528881132,0.0059501848192307,0.0,0.0029007646358745,0.0,0.0111105976567813,0.0,0.0,0.7959285414339321,0.1159707895206887,0.0,0.0185648166152081,0.0,0.069535852430171,0.0,0.0,4.485147991680656,1.5794963088066292,1.0,1.0391603854112357,0.0,1.404924137763139,0.0,1.3822645501778388,0.0,0.0,5.130843724598608,936.9320241360858,93.30322734807504,302.7106577576344,33.91794976874195
8,270.0,49.99848931151995,0.9700000000000002,0.0119489746089492,0.0,0.003754835155976,0.0,0.0142961902350747,0.0,0.0,301.0,81.53,0.8970099667774086,0.6132526592851705,57.28444071089066,35.42668651277853,923.479687446126,112.4502052450554,0.9773208930649866,0.0073619690992328,0.0,0.003175861589939,0.0,0.0121412762458415,0.0,0.0,0.7708973905691899,0.1366994331050567,0.0,0.0195008850936176,0.0,0.0729022912321357,0.0,0.0,4.401751566890869,1.593834796811893,1.0,1.0371546139838517,0.0,1.3992337620940167,0.0,1.3767509162179905,0.0,0.0,5.130843724598608,936.9320241360858,93.30322734807504,302.7106577576344,33.91794976874195
8,270.0,52.42710644464352,0.9700000000000002,0.0119489746089492,0.0,0.003754835155976,0.0,0.0142961902350747,0.0,0.0,301.0,81.53,0.8970099667774086,0.6430406775989638,57.28444071089066,35.42668651277853,921.9028822968312,114.49080953850796,0.9747620557338884,0.0088407336602011,0.0,0.003404089657902,0.0,0.0129931209480084,0.0,0.0,0.7480660722711232,0.1568074476365507,0.0,0.0201012053731105,0.0,0.0750252747192154,0.0,0.0,4.324272221978738,1.607473068452771,1.0,1.0353139022668687,0.0,1.3939651561331647,0.0,1.371640799608846,0.0,0.0,5.130843724598608,936.9320241360858,93.30322734807504,302.7106577576344,33.91794976874195
8,270.0,54.85572357776709,0.9700000000000002,0.0119489746089492,0.0,0.003754835155976,0.0,0.0142961902350747,0.0,0.0,301.0,81.53,0.8970099667774086,0.6728286959127572,57.28444071089066,35.42668651277853,920.3942186349136,116.407271957702,0.9723303413241156,0.0103732706328224,0.0,0.0035945888119533,0.0,0.0137017992311085,0.0,0.0,0.7271475235292806,0.176158229634012,0.0,0.020454629769136,0.0,0.0762396170675712,0.0,0.0,4.251581455602887,1.620543889264654,1.0,1.0336103750637662,0.0,1.3890436596147089,0.0,1.3668511644641117,0.0,0.0,5.130843724598608,936.9320241360858,93.30322734807504,302.7106577576344,33.91794976874195
8,270.0,57.28434071089066,0.9700000000000002,0.0119489746089492,0.0,0.003754835155976,0.0,0.0142961902350747,0.0,0.0,301.0,81.53,0.8970099667774086,0.7026167142265505,57.28444071089066,35.42668651277853,918.9397914194336,118.22604861331855,0.9700000941501642,0.0119489089702956,0.0,0.00375482909492,0.0,0.0142961677846202,0.0,0.0,0.7079064761903966,0.1946726713689185,0.0,0.0206274931604626,0.0,0.076793359280222,0.0,0.0,4.182779282896845,1.6331749740736463,1.0,1.0320181752820872,0.0,1.38440558264842,0.0,1.3623208540442184,0.0,0.0,5.130843724598608,936.9320241360858,93.30322734807504,302.7106577576344,33.91794976874195
8,275.0,40.53980885654219,0.9700000000000002,0.0119489746089492,0.0,0.003754835155976,0.0,0.0142961902350747,0.0,0.0,301.0,81.53,0.9136212624584718,0.4972379351961509,60.47550311097712,40.53970885654218,902.340168452004,112.5947357316054,0.9967072309784136,0.0006076943420251,0.0,0.0005355535928705,0.0,0.0021495210866905,0.0,0.0,0.9699984203827194,0.0119496453966586,0.0,0.0037550255625663,0.0,0.0142969086580555,0.0,0.0,4.013998480854233,1.6511557131352703,1.0,1.0348612374640993,0.0,1.373751314826566,0.0,1.3314973311385387,0.0,0.0,4.11187312491467,904.4335281070778,109.60126774294156,302.7106577576344,38.72523437118672
8,275.0,42.754874884812736,0.9700000000000002,0.0119489746089492,0.0,0.003754835155976,0.0,0.0142961902350747,0.0,0.0,301.0,81.53,0.9136212624584718,0.5244066587122868,60.47550311097712,40.53970885654218,899.9078068494936,116.0276487501943,0.9929128936430732,0.0014616322529759,0.0,0.0011309160718604,0.0,0.0044945580320902,0.0,0.0,0.936774595046926,0.0271564033207774,0.0,0.0075597135572771,0.0,0.0285092880750195,0.0,0.0,3.903069060927504,1.673067767694583,1.0,1.0323158401937262,0.0,1.3659067066381043,0.0,1.324294743294841,0.0,0.0,4.11187312491467,904.4335281070778,109.60126774294156,302.7106577576344,38.72523437118672
8,275.0,44.96994091308328,0.9700000000000002,0.0119489746089492,0.0,0.003754835155976,0.0,0.0142961902350747,0.0,0.0,301.0,81.53,0.9136212624584718,0.5515753822284224,60.47550311097712,40.53970885654218,897.6172214467056,119.20741322287896,0.9893700929737076,0.0024398058884844,0.0,0.0016579211221177,0.0,0.0065321800156901,0.0,0.0,0.906785387760032,0.0429823007888779,0.0,0.0105981480781609,0.0,0.0396341633729291,0.0,0.0,3.801365122961512,1.6938984873427507,1.0,1.030023546857043,0.0,1.358732216830603,0.0,1.3176932448667384,0.0,0.0,4.11187312491467,904.4335281070778,109.60126774294156,302.7106577576344,38.72523437118672
8,275.0,47.18500694135383,0.9700000000000002,0.0119489746089492,0.0,0.003754835155976,0.0,0.0142961902350747,0.0,0.0,301.0,81.53,0.9136212624584718,0.5787441057445581,60.47550311097712,40.53970885654218,895.466860937357,122.13842031080696,0.9860700605454154,0.0035371709971144,0.0,0.0021164117496592,0.0,0.0082763567078109,0.0,0.0,0.8795759453863399,0.0592810544755015,0.0,0.0129740218015016,0.0,0.0481689783366566,0.0,0.0,3.708330536291803,1.7136115137621395,1.0,1.0279628996201988,0.0,1.3521918424285606,0.0,1.3116586996112904,0.0,0.0,4.11187312491467,904.4335281070778,109.60126774294156,302.7106577576344,38.72523437118672
8,275.0,49.400072969624375,0.9700000000000002,0.0119489746089492,0.0,0.003754835155976,0.0,0.0142961902350747,0.0,0.0,301.0,81.53,0.9136212624584718,0.6059128292606939,60.47550311097712,40.53970885654218,893.4475003605661,124.83841552457724,0.9829928641379948,0.0047435646679185,0.0,0.0025101693399009,0.0,0.0097534018541855,0.0,0.0,0.8547636550878387,0.075855215479276,0.0,0.014794028497663,0.0,0.0545871009352222,0.0,0.0,3.6231121968793625,1.73225128787467,1.0,1.0261043621990842,0.0,1.346217320769564,0.0,1.306134224712034,0.0,0.0,4.11187312491467,904.4335281070778,109.60126774294156,302.7106577576344,38.72523437118672
8,275.0,51.61513899789493,0.9700000000000002,0.0119489746089492,0.0,0.003754835155976,0.0,0.0142961902350747,0.0,0.0,301.0,81.53,0.9136212624584718,0.6330815527768296,60.47550311097712,40.53970885654218,891.5448961368088,127.33373565927164,0.9801118467258726,0.0060458410120439,0.0,0.0028456306941738,0.0,0.0109966815679096,0.0,0.0,0.832028722794524,0.0924943887117624,0.0,0.0161604920291954,0.0,0.059316396464518,0.0,0.0,3.5447043078399547,1.7499154652675324,1.0,1.024422261642605,0.0,1.3407417526199263,0.0,1.301057240224434,0.0,0.0,4.11187312491467,904.4335281070778,109.60126774294156,302.7106577576344,38.72523437118672
8,275.0,53.83020502616547,0.9700000000000002,0.0119489746089492,0.0,0.003754835155976,0.0,0.0142961902350747,0.0,0.0,301.0,81.53,0.9136212624584718,0.6602502762929654,60.47550311097712,40.53970885654218,889.742679509418,129.65419004016448,0.9773981617396152,0.0074300058281685,0.0,0.003130447458367,0.0,0.012041384973849,0.0,0.0,0.8111053437270729,0.1090055160042665,0.0,0.0171651757357677,0.0,0.0627239645328928,0.0,0.0,3.472084574374601,1.766737383370638,1.0,1.022888524804376,0.0,1.3356891546339404,0.0,1.2963596305379297,0.0,0.0,4.11187312491467,904.4335281070778,109.60126774294156,302.7106577576344,38.72523437118672
8,275.0,56.045271054436014,0.9700000000000002,0.0119489746089492,0.0,0.003754835155976,0.0,0.0142961902350747,0.0,0.0,301.0,81.53,0.9136212624584718,0.6874189998091011,60.47550311097712,40.53970885654218,888.0246064215086,131.82912175853406,0.974824128120348,0.0088827673808406,0.0,0.0033723424654198,0.0,0.0129207620333914,0.0,0.0,0.7917730061783875,0.1252297339641687,0.0,0.0178859943407885,0.0,0.0651112655166551,0.0,0.0,3.404310768163182,1.7828637287616405,1.0,1.021482133158424,0.0,1.3309865715086011,0.0,1.2919784073919405,0.0,0.0,4.11187312491467,904.4335281070778,109.60126774294156,302.7106577576344,38.72523437118672
8,275.0,58.26033708270656,0.9700000000000002,0.0119489746089492,0.0,0.003754835155976,0.0,0.0142961902350747,0.0,0.0,301.0,81.53,0.9136212624584718,0.7145877233252369,60.47550311097712,40.53970885654218,886.3758918779912,133.88510251801196,0.972365093258841,0.0103923755993698,0.0,0.0035784143580999,0.0,0.0136641167836893,0.0,0.0,0.7738483197113647,0.1410472713138587,0.0,0.0183864932573643,0.0,0.0667179157174121,0.0,0.0,3.3405626928894945,1.7983988707613014,1.0,1.0201817252176002,0.0,1.3265743071952774,0.0,1.2878639273400174,0.0,0.0,4.11187312491467,904.4335281070778,109.60126774294156,302.7106577576344,38.72523437118672
8,275.0,60.47540311097711,0.9700000000000002,0.0119489746089492,0.0,0.003754835155976,0.0,0.0142961902350747,0.0,0.0,301.0,81.53,0.9136212624584718,0.7417564468413727,60.47550311097712,40.53970885654218,884.783774594965,135.84498449118146,0.97000010490706,0.0119489034166933,0.0,0.0037548277805811,0.0,0.0142961638956654,0.0,0.0,0.7571778382990502,0.1563748101995824,0.0,0.0187171023978478,0.0,0.0677302491035197,0.0,0.0,3.2801562710279466,1.813478463891837,1.0,1.0189711716170324,0.0,1.3224081348217311,0.0,1.2839646601361394,0.0,0.0,4.11187312491467,904.4335281070778,109.60126774294156,302.7106577576344,38.72523437118672
8,280.0,46.22251874751516,0.9700000000000002,0.0119489746089492,0.0,0.003754835155976,0.0,0.0142961902350747,0.0,0.0,301.0,81.53,0.9302325581395348,0.5669387801731284,64.11469657890909,46.22241874751516,864.7499687043642,133.26247706625242,0.9958983647321988,0.0008254107654903,0.0,0.0006383072284207,0.0,0.0026379172738901,0.0,0.0,0.9699987001434398,0.0119495329081926,0.0,0.0037549915766347,0.0,0.0142967753717328,0.0,0.0,3.038965284109197,1.86202000566107,1.0,1.0194153458095578,0.0,1.3081326398363535,0.0,1.2510200430020648,0.0,0.0,3.144965486757293,867.6798743518019,129.30886906724652,302.7106577576344,44.02808165538378
8,280.0,48.21052739544782,0.9700000000000002,0.0119489746089492,0.0,0.003754835155976,0.0,0.0142961902350747,0.0,0.0,301.0,81.53,0.9302325581395348,0.5913225486992251,64.11469657890909,46.22241874751516,862.2172450855767,136.64172618536352,0.9923785116983448,0.0016880737063182,0.0,0.0011694647920336,0.0,0.0047639498033033,0.0,0.0,0.9452119782438017,0.0233146739119741,0.0,0.006618574161192,0.0,0.024854773683032,0.0,0.0,2.9499184366300524,1.8871589557233888,1.0,1.0176797494140668,0.0,1.3015806968989765,0.0,1.2452908024085505,0.0,0.0,3.144965486757293,867.6798743518019,129.30886906724652,302.7106577576344,44.02808165538378
8,280.0,50.19853604338048,0.9700000000000002,0.0119489746089492,0.0,0.003754835155976,0.0,0.0142961902350747,0.0,0.0,301.0,81.53,0.9302325581395348,0.6157063172253217,64.11469657890909,46.22241874751516,859.8061907680838,139.81969609898718,0.9890478892604624,0.0026608271457538,0.0,0.001651154340942,0.0,0.0066401292528415,0.0,0.0,0.9224255814885116,0.0351472517811963,0.0,0.0090090336732235,0.0,0.0334181330570688,0.0,0.0,2.8673668718548595,1.9113825446375503,1.0,1.0161108841600852,0.0,1.2955093564995233,0.0,1.2399728705103106,0.0,0.0,3.144965486757293,867.6798743518019,129.30886906724652,302.7106577576344,44.02808165538378
8,280.0,52.18654469131314,0.9700000000000002,0.0119489746089492,0.0,0.003754835155976,0.0,0.0142961902350747,0.0,0.0,301.0,81.53,0.9302325581395348,0.6400900857514183,64.11469657890909,46.22241874751516,857.51641098348,142.7981388162543,0.9859011131588468,0.0037400641668827,0.0,0.0020817482631821,0.0,0.0082770744110886,0.0,0.0,0.9014066934836924,0.0473600998863213,0.0,0.0109721010743674,0.0,0.0402611055556187,0.0,0.0,2.7909567348482085,1.9346396814656148,1.0,1.0146944240207871,0.0,1.2898944087141482,0.0,1.2350477516001537,0.0,0.0,3.144965486757293,867.6798743518019,129.30886906724652,302.7106577576344,44.02808165538378
8,280.0,54.17455333924579,0.9700000000000002,0.0119489746089492,0.0,0.003754835155976,0.0,0.0142961902350747,0.0,0.0,301.0,81.53,0.9302325581395348,0.6644738542775149,64.11469657890909,46.22241874751516,855.3420278688748,145.58768639058547,0.9829259909953878,0.0049185751138495,0.0,0.0024622986877628,0.0,0.0096931352029998,0.0,0.0,0.8819511718744504,0.0598384120237565,0.0,0.0125592913385862,0.0,0.0456511247632069,0.0,0.0,2.720176011015173,1.9569599075376327,1.0,1.0134146612433466,0.0,1.2846973048804915,0.0,1.2304849590124078,0.0,0.0,3.144965486757293,867.6798743518019,129.30886906724652,302.7106577576344,44.02808165538378
8,280.0,56.16256198717845,0.9700000000000002,0.0119489746089492,0.0,0.003754835155976,0.0,0.0142961902350747,0.0,0.0,301.0,81.53,0.9302325581395348,0.6888576228036115,64.11469657890909,46.22241874751516,853.2731894221749,148.20535328097117,0.9801057416739044,0.0061867840352042,0.0,0.0027959341980859,0.0,0.0109115400928056,0.0,0.0,0.8638817001587564,0.0724565441449937,0.0,0.0138240554716106,0.0,0.0498377002246391,0.0,0.0,2.6544165897809107,1.978389263222887,1.0,1.0122556253616792,0.0,1.279879280573782,0.0,1.2262433794521672,0.0,0.0,3.144965486757293,867.6798743518019,129.30886906724652,302.7106577576344,44.02808165538378
8,280.0,58.15057063511111,0.9700000000000002,0.0119489746089492,0.0,0.003754835155976,0.0,0.0142961902350747,0.0,0.0,301.0,81.53,0.9302325581395348,0.7132413913297082,64.11469657890909,46.22241874751516,851.2978462108076,150.6715933655779,0.9774214234949508,0.0075340745306313,0.0,0.0030870703690579,0.0,0.0119574316053598,0.0,0.0,0.847045614770606,0.0850928027907116,0.0,0.0148180238972209,0.0,0.0530435585414613,0.0,0.0,2.59304484524101,1.9990261381659524,1.0,1.0112022852606912,0.0,1.2753872993310782,0.0,1.2222842095965905,0.0,0.0,3.144965486757293,867.6798743518019,129.30886906724652,302.7106577576344,44.02808165538378
8,280.0,60.13857928304377,0.9700000000000002,0.0119489746089492,0.0,0.003754835155976,0.0,0.0142961902350747,0.0,0.0,301.0,81.53,0.9302325581395348,0.7376251598558048,64.11469657890909,46.22241874751516,849.4033142232752,153.00775614487986,0.9748539604113928,0.0089498763184995,0.0,0.0033406742016359,0.0,0.0128554890684715,0.0,0.0,0.8313123199613821,0.0976394106359907,0.0,0.0155882695171593,0.0,0.0554599998854677,0.0,0.0,2.535452872309325,2.0189829354732898,1.0,1.0102402710583864,0.0,1.2711763397550588,0.0,1.2185700744647012,0.0,0.0,3.144965486757293,867.6798743518019,129.30886906724652,302.7106577576344,44.02808165538378
8,280.0,62.12658793097643,0.9700000000000002,0.0119489746089492,0.0,0.003754835155976,0.0,0.0142961902350747,0.0,0.0,301.0,81.53,0.9302325581395348,0.7620089283819015,64.11469657890909,46.22241874751516,847.5773795234079,155.23429707038764,0.9723854983018178,0.0104243791363974,0.0,0.0035617150650978,0.0,0.0136284074966867,0.0,0.0,0.8165703710873318,0.1100073624171908,0.0,0.0161758642786667,0.0,0.0572464022168106,0.0,0.0,2.481089126063593,2.0383705976961752,1.0,1.0093573598251566,0.0,1.2672086597153809,0.0,1.2150615091954176,0.0,0.0,3.144965486757293,867.6798743518019,129.30886906724652,302.7106577576344,44.02808165538378
8,280.0,64.11459657890909,0.9700000000000002,0.0119489746089492,0.0,0.003754835155976,0.0,0.0142961902350747,0.0,0.0,301.0,81.53,0.9302325581395348,0.7863926969079981,64.11469657890909,46.22241874751516,845.8089306191649,157.36975992211148,0.9700001181125186,0.0119488968124712,0.0,0.0037548260750995,0.0,0.0142961589999105,0.0,0.0,0.8027245372025147,0.1221273198560924,0.0,0.0166155194395615,0.0,0.0585326235018313,0.0,0.0,2.429479040508004,2.0578754944956787,1.0000000000009903,1.008546741268865,0.0,1.2635827373902369,0.0,1.2118544141191228,0.0,0.0,3.144965486757293,867.6798743518019,129.30886906724652,302.7106577576344,44.02808165538378
8,285.0,52.54499027578736,0.9700000000000002,0.0119489746089492,0.0,0.003754835155976,0.0,0.0142961902350747,0.0,0.0,301.0,81.53,0.946843853820598,0.6444865727436203,68.18517746299811,52.54489027578736,820.6764644899048,159.21890547080497,0.9947797519450736,0.0011527709850561,0.0,0.0007765338878741,0.0,0.003290943181996,0.0,0.0,0.9699989440904604,0.0119494346544905,0.0,0.0037549620667186,0.0,0.0142966591883304,0.0,0.0,2.1272759485250665,2.161382132708147,1.0,1.0074326981008943,0.0,1.24423853776445,0.0,1.177066400333227,0.0,0.0,2.2410522625838034,824.9746819221486,153.77005765610247,302.7106577576344,49.86436423924916
8,285.0,54.282777741033,0.9700000000000002,0.0119489746089492,0.0,0.003754835155976,0.0,0.0142961902350747,0.0,0.0,301.0,81.53,0.946843853820598,0.6658012724277321,68.18517746299811,52.54489027578736,818.009210984522,162.5689406370826,0.9915622035513588,0.0020194925848844,0.0,0.0012428499920952,0.0,0.0051754538716614,0.0,0.0,0.9522361884667396,0.0201292817319319,0.0,0.0058243096843671,0.0,0.0218102201169611,0.0,0.0,2.059135451947151,2.1918923810238,1.0,1.0064520291351091,0.0,1.2388012011385456,0.0,1.1726125899833872,0.0,0.0,2.2410522625838034,824.9746819221486,153.77005765610247,302.7106577576344,49.86436423924916
8,285.0,56.02056520627864,0.9700000000000002,0.0119489746089492,0.0,0.003754835155976,0.0,0.0142961902350747,0.0,0.0,301.0,81.53,0.946843853820598,0.6871159721118439,68.18517746299811,52.54489027578736,815.441410373303,165.767936418051,0.98847759747549,0.0029808682183864,0.0,0.0016754420242423,0.0,0.0068660922818812,0.0,0.0,0.9356544980039232,0.0286185722850906,0.0,0.0076199372641544,0.0,0.0281069924468318,0.0,0.0,1.995297867404268,2.223022880943856,1.0000000000304283,1.005581361281469,0.0,1.2339360901617382,0.0,1.1686289942005994,0.0,0.0,2.2410522625838034,824.9746819221486,153.77005765610247,302.7106577576344,49.86436423924916
8,285.0,57.75835267152428,0.9700000000000002,0.0119489746089492,0.0,0.003754835155976,0.0,0.0142961902350747,0.0,0.0,301.0,81.53,0.946843853820598,0.7084306717959559,68.18517746299811,52.54489027578736,812.9734295695525,168.81612845466614,0.985522714771481,0.00403445992753,0.0,0.0020722703447974,0.0,0.0083705549561914,0.0,0.0,0.920142357403751,0.0373697241439425,0.0,0.0091590905478801,0.0,0.0333288279044261,0.0,0.0,1.9355280019492545,2.2507890253953144,1.0,1.004796525789613,0.0,1.2289008297594637,0.0,1.1645003963533491,0.0,0.0,2.2410522625838034,824.9746819221486,153.77005765610247,302.7106577576344,49.86436423924916
8,285.0,59.49614013676992,0.9700000000000002,0.0119489746089492,0.0,0.003754835155976,0.0,0.0142961902350747,0.0,0.0,301.0,81.53,0.946843853820598,0.7297453714800677,68.18517746299811,52.54489027578736,810.6020099903268,171.7191304009074,0.9826906600358372,0.0051755341959473,0.0,0.0024329037379312,0.0,0.0097009020302843,0.0,0.0,0.9055983208184438,0.0463223590666291,0.0,0.0104632808037614,0.0,0.0376160393111656,0.0,0.0,1.8795609051705704,2.2791030968458683,1.0,1.0041044289661876,0.0,1.2244021836032428,0.0,1.1608122732629678,0.0,0.0,2.2410522625838034,824.9746819221486,153.77005765610247,302.7106577576344,49.86436423924916
8,285.0,61.23392760201556,0.9700000000000002,0.0119489746089492,0.0,0.003754835155976,0.0,0.0142961902350747,0.0,0.0,301.0,81.53,0.946843853820598,0.7510600711641795,68.18517746299811,52.54489027578736,808.3210248069221,174.48678950713142,0.9799718255749458,0.0063976983398658,0.0,0.002758293499706,0.0,0.0108721825854824,0.0,0.0,0.8919310888138176,0.0554096319142586,0.0,0.0115567086917649,0.0,0.0411025705801588,0.0,0.0,1.8270506322942195,2.306719516271117,1.0,1.0034908425047837,0.0,1.2201788749227265,0.0,1.157347511088358,0.0,0.0,2.2410522625838034,824.9746819221486,153.77005765610247,302.7106577576344,49.86436423924916
8,285.0,62.9717150672612,0.9700000000000002,0.0119489746089492,0.0,0.003754835155976,0.0,0.0142961902350747,0.0,0.0,301.0,81.53,0.946843853820598,0.7723747708482913,68.18517746299811,52.54489027578736,806.1224370172487,177.13173930123827,0.977354999536418,0.0076936158076928,0.0,0.0030504206689939,0.0,0.0119009639868953,0.0,0.0,0.8790593592786582,0.0645642132597913,0.0,0.0124645440366299,0.0,0.0439118834249207,0.0,0.0,1.7776388421893117,2.3336498532819783,1.0,1.0029477616216926,0.0,1.2161946906433514,0.0,1.1540779995752808,0.0,0.0,2.2410522625838034,824.9746819221486,153.77005765610247,302.7106577576344,49.86436423924916
8,285.0,64.70950253250683,0.9700000000000002,0.0119489746089492,0.0,0.003754835155976,0.0,0.0142961902350747,0.0,0.0,301.0,81.53,0.946843853820598,0.7936894705324031,68.18517746299811,52.54489027578736,803.9972328784454,179.66799349978396,0.9748283838115576,0.0090556542191,0.0,0.0033119148297622,0.0,0.0128040471395802,0.0,0.0,0.8669113653631747,0.0737229470596254,0.0,0.0132114263186298,0.0,0.04615426125857,0.0,0.0,1.7309776022450192,2.360032969042226,1.0,1.0024672895258837,0.0,1.212433258778881,0.0,1.1509894712849429,0.0,0.0,2.2410522625838034,824.9746819221486,153.77005765610247,302.7106577576344,49.86436423924916
8,285.0,66.44728999775248,0.9700000000000002,0.0119489746089492,0.0,0.003754835155976,0.0,0.0142961902350747,0.0,0.0,301.0,81.53,0.946843853820598,0.8150041702165151,68.18517746299811,52.54489027578736,801.9361864123107,182.1098054167668,0.9723803843415928,0.0104763813743672,0.0,0.003545717221717,0.0,0.0135975170623229,0.0,0.0,0.8554241417341186,0.0828298112791622,0.0,0.0138203806134266,0.0,0.0479256663732924,0.0,0.0,1.6867453758104278,2.388331952951986,1.0000000000001112,1.002050472667028,0.0,1.2092178623209406,0.0,1.1483480311208245,0.0,0.0,2.2410522625838034,824.9746819221486,153.77005765610247,302.7106577576344,49.86436423924916
8,285.0,68.18507746299811,0.9700000000000002,0.0119489746089492,0.0,0.003754835155976,0.0,0.0142961902350747,0.0,0.0,301.0,81.53,0.946843853820598,0.8363188699006269,68.18517746299811,52.54489027578736,799.9303992067394,184.47086300990915,0.9700001351445916,0.0119488885520234,0.0,0.0037548237834439,0.0,0.0142961525199409,0.0,0.0,0.8445426023992936,0.091837321056986,0.0,0.0143121815767117,0.0,0.0493078949670086,0.0,0.0,1.6445958450916784,2.4112750276345616,1.0,1.0016702027622155,0.0,1.2054295092494138,0.0,1.1452367399672416,0.0,0.0,2.2410522625838034,824.9746819221486,153.77005765610247,302.7106577576344,49.86436423924916
8,290.0,59.61170966997069,0.9700000000000002,0.0119489746089492,0.0,0.003754835155976,0.0,0.0142961902350747,0.0,0.0,301.0,81.53,0.9634551495016612,0.7311628807797215,72.63527089252673,59.61160966997069,766.4412930545955,193.52694520731484,0.9931086764000888,0.0016885736528588,0.0,0.0009800033830294,0.0,0.004222746564023,0.0,0.0,0.9699991634679384,0.0119493460345651,0.0,0.0037549356046431,0.0,0.0142965548928533,0.0,0.0,1.2967219043765446,2.641249281716492,1.0000000001391405,1.0005484133959337,0.0,1.1798232105616075,0.0,1.1096057079338264,0.0,0.0,1.416798301305132,773.2637021553837,185.44864903964933,302.7106577576344,56.27641671412855
8,290.0,61.058760916921365,0.9700000000000002,0.0119489746089492,0.0,0.003754835155976,0.0,0.0142961902350747,0.0,0.0,301.0,81.53,0.9634551495016612,0.7489115775410445,72.63527089252673,59.61160966997069,763.59090404708,196.87829460898487,0.9902514049636932,0.0025472160444104,0.0,0.0013773023792896,0.0,0.0058240766126065,0.0,0.0,0.9581616951022957,0.017444933267677,0.0,0.005144662576106,0.0,0.0192487090539212,0.0,0.0,1.249006691542716,2.682323598502211,1.0000000003171643,1.000322000935285,0.0,1.1754407457209362,0.0,1.1063397545845022,0.0,0.0,1.416798301305132,773.2637021553837,185.44864903964933,302.7106577576344,56.27641671412855
8,290.0,62.50581216387204,0.9700000000000002,0.0119489746089492,0.0,0.003754835155976,0.0,0.0142961902350747,0.0,0.0,301.0,81.53,0.9634551495016612,0.7666602743023677,72.63527089252673,59.61160966997069,760.8120392492838,200.1305343910664,0.9874752188210116,0.0034827964373241,0.0,0.0017538770140389,0.0,0.0072881077276253,0.0,0.0,0.9469651817216124,0.0231085988570505,0.0,0.0063923819388958,0.0,0.0235338374824412,0.0,0.0,1.203837737134145,2.723187350830861,1.0000000001770442,1.0001593095076209,0.0,1.171267617971943,0.0,1.103233857036782,0.0,0.0,1.416798301305132,773.2637021553837,185.44864903964933,302.7106577576344,56.27641671412855
8,290.0,63.95286341082271,0.9700000000000002,0.0119489746089492,0.0,0.003754835155976,0.0,0.0142961902350747,0.0,0.0,301.0,81.53,0.9634551495016612,0.7844089710636908,72.63527089252673,59.61160966997069,758.1054403962021,203.2832248435097,0.9847782874254464,0.0044939086131823,0.0,0.0021080222076145,0.0,0.0086197817537568,0.0,0.0,0.936362630285979,0.0289177074480634,0.0,0.007503202906524,0.0,0.0272164593594335,0.0,0.0,1.1611002486433333,2.763787531991972,1.0000000000823026,1.0000554862949558,0.0,1.16729484938948,0.0,1.1002810098552969,0.0,0.0,1.416798301305132,773.2637021553837,185.44864903964933,302.7106577576344,56.27641671412855
8,290.0,65.39991465777338,0.9700000000000002,0.0119489746089492,0.0,0.003754835155976,0.0,0.0142961902350747,0.0,0.0,301.0,81.53,0.9634551495016612,0.8021576678250139,72.63527089252673,59.61160966997069,755.4697756533599,206.33870437327903,0.9821571742801596,0.0055779220862725,0.0,0.0024388198508767,0.0,0.009826083782691,0.0,0.0,0.926309915713628,0.0348450699756919,0.0,0.0084842910539452,0.0,0.0303607232567348,0.0,0.0,1.120651367142407,2.804097580118713,1.0000000000005165,1.0000058641872422,0.0,1.1635128546924791,0.0,1.0974735310655073,0.0,0.0,1.416798301305132,773.2637021553837,185.44864903964933,302.7106577576344,56.27641671412855
8,290.0,66.84696590472404,0.9700000000000002,0.0119489746089492,0.0,0.003754835155976,0.0,0.0142961902350747,0.0,0.0,301.0,81.53,0.9634551495016612,0.8199063645863368,72.63527089252673,59.61160966997069,752.9019373053736,209.30167796203477,0.9796071628828202,0.0067312466955448,0.0,0.0027460835511124,0.0,0.0109155068705224,0.0,0.0,0.9167660258362108,0.0408607768052612,0.0,0.0093443996846482,0.0,0.0330287976738795,0.0,0.0,1.082323655830339,2.8441209465804294,1.0000000000003608,1.0000000000002942,0.0,1.1599100847492725,0.0,1.094802306411917,0.0,0.0,1.416798301305132,773.2637021553837,185.44864903964933,302.7106577576344,56.27641671412855
8,290.0,68.29401715167472,0.9700000000000002,0.0119489746089492,0.0,0.003754835155976,0.0,0.0142961902350747,0.0,0.0,301.0,81.53,0.9634551495016612,0.83765506134766,72.63527089252673,59.61160966997069,750.3974574691089,212.1786433442258,0.9771226448355724,0.0079496350633945,0.0,0.0030302469358372,0.0,0.0118974731651959,0.0,0.0,0.9076932029822078,0.0469340178088585,0.0,0.0100933192719036,0.0,0.03527945993703,0.0,0.0,1.0459561268109927,2.88389196391276,1.00000000000029,1.0000000000001128,0.0,1.1564714327208785,0.0,1.0922566569611143,0.0,0.0,1.416798301305132,773.2637021553837,185.44864903964933,302.7106577576344,56.27641671412855
8,290.0,69.74106839862539,0.9700000000000002,0.0119489746089492,0.0,0.003754835155976,0.0,0.0142961902350747,0.0,0.0,301.0,81.53,0.9634551495016612,0.8554037581089831,72.63527089252673,59.61160966997069,747.9509219735642,214.9773310256675,0.9746974946246232,0.009228484799027,0.0,0.0032922240220831,0.0,0.0127817965542665,0.0,0.0,0.899057040456399,0.053034620032029,0.0,0.0107413259513349,0.0,0.037167013560237,0.0,0.0,1.011366513885341,2.923461006450998,1.0000000000010731,1.0000000000006335,0.0,1.1531824597812173,0.0,1.0898256864067548,0.0,0.0,1.416798301305132,773.2637021553837,185.44864903964933,302.7106577576344,56.27641671412855
8,290.0,71.18811964557605,0.9700000000000002,0.0119489746089492,0.0,0.003754835155976,0.0,0.0142961902350747,0.0,0.0,301.0,81.53,0.9634551495016612,0.873152454870306,72.63527089252673,59.61160966997069,745.5563833473084,217.7061435136755,0.9723254069540206,0.0105630965129508,0.0,0.0035332640980657,0.0,0.0135782324349628,0.0,0.0,0.890826409911134,0.0591342400077658,0.0,0.0112987087494617,0.0,0.0387406413316383,0.0,0.0,0.978395014180966,2.962899460334816,1.0000000000004856,1.000000000000291,0.0,1.1500301099333847,0.0,1.0874979119238746,0.0,0.0,1.416798301305132,773.2637021553837,185.44864903964933,302.7106577576344,56.27641671412855
8,290.0,72.63517089252673,0.9700000000000002,0.0119489746089492,0.0,0.003754835155976,0.0,0.0142961902350747,0.0,0.0,301.0,81.53,0.9634551495016612,0.8909011516316292,72.63527089252673,59.61160966997069,743.2076944671884,220.3736962890177,0.9700001589424392,0.01194887734013,0.0,0.0037548205074992,0.0,0.0142961432099316,0.0,0.0,0.8829733048720414,0.0652071473408608,0.0,0.011775402393215,0.0,0.0400441453938826,0.0,0.0,0.9468809902552504,3.002273711198413,1.0000000000003704,1.0000000000001867,0.0,1.1469993130052258,0.0,1.0852636364636925,0.0,0.0,1.416798301305132,773.2637021553837,185.44864903964933,302.7106577576344,56.27641671412855
8,295.0,67.62446139528049,0.9700000000000002,0.0119489746089492,0.0,0.003754835155976,0.0,0.0142961902350747,0.0,0.0,301.0,81.53,0.9800664451827242,0.82944267625758,77.3073832618037,67.62436139528049,693.2852010553611,243.74296053070103,0.9902112439557992,0.0027220053102095,0.0,0.0013319947776876,0.0,0.0057347559563038,0.0,0.0,0.969999366047421,0.0119492640251275,0.0,0.0037549111515906,0.0,0.0142964587758608,0.0,0.0,0.5793597353199278,3.6041740725263938,1.0000000000035087,1.0000000000009144,0.0,1.107725070404393,0.0,1.0486625147017172,0.0,0.0,0.7007193320287873,705.9625820508377,229.82343987692175,302.7106577576344,63.31231171729296
8,295.0,68.70033049156085,0.9700000000000002,0.0119489746089492,0.0,0.003754835155976,0.0,0.0142961902350747,0.0,0.0,301.0,81.53,0.9800664451827242,0.8426386666449264,77.3073832618037,67.62436139528049,690.185155258152,247.13062781821495,0.9878509862050188,0.0035361132803776,0.0,0.0016460297579975,0.0,0.0069668707566058,0.0,0.0,0.9633075274559656,0.0151030212712228,0.0,0.0045454425803834,0.0,0.0170440086924279,0.0,0.0,0.5522528790451763,3.671538064004756,1.000000000003857,1.0000000000009288,0.0,1.103995363652097,0.0,1.0465931271562858,0.0,0.0,0.7007193320287873,705.9625820508377,229.82343987692175,302.7106577576344,63.31231171729296
8,295.0,69.7761995878412,0.9700000000000002,0.0119489746089492,0.0,0.003754835155976,0.0,0.0142961902350747,0.0,0.0,301.0,81.53,0.9800664451827242,0.8558346570322728,77.3073832618037,67.62436139528049,687.1137455145955,250.4806367691884,0.9855231263190862,0.0044050720981994,0.0,0.0019501654853262,0.0,0.008121636097388,0.0,0.0,0.956902713086714,0.0183139718136465,0.0,0.0052774843939161,0.0,0.0195058307057231,0.0,0.0,0.5263385541204039,3.740169490773383,1.000000000002382,1.000000000000398,0.0,1.100373135671462,0.0,1.0446007098887635,0.0,0.0,0.7007193320287873,705.9625820508377,229.82343987692175,302.7106577576344,63.31231171729296
8,295.0,70.85206868412156,0.9700000000000002,0.0119489746089492,0.0,0.003754835155976,0.0,0.0142961902350747,0.0,0.0,301.0,81.53,0.9800664451827242,0.8690306474196193,77.3073832618037,67.62436139528049,684.0712622951917,253.79291717083112,0.983226625978184,0.0053285127208008,0.0,0.0022434883326336,0.0,0.0092013729683815,0.0,0.0,0.950770719003744,0.0215740083992891,0.0,0.0059520782621759,0.0,0.0217031943347909,0.0,0.0,0.5015794772339691,3.810078975658888,1.0000000000028657,1.0000000000006677,0.0,1.0968559327740852,0.0,1.0426824633212417,0.0,0.0,0.7007193320287873,705.9625820508377,229.82343987692175,302.7106577576344,63.31231171729296
8,295.0,71.92793778040192,0.9700000000000002,0.0119489746089492,0.0,0.003754835155976,0.0,0.0142961902350747,0.0,0.0,301.0,81.53,0.9800664451827242,0.8822266378069658,77.3073832618037,67.62436139528049,681.0571124044251,257.0684410783024,0.9809599960467806,0.0063056507324714,0.0,0.002525331329554,0.0,0.0102090218911937,0.0,0.0,0.9448978857099348,0.0248741034428058,0.0,0.0065708166069895,0.0,0.0236571942402698,0.0,0.0,0.4779173566150024,3.8813220234182095,1.00000000000246,1.0000000000006364,0.0,1.093440774540187,0.0,1.040835460884373,0.0,0.0,0.7007193320287873,705.9625820508377,229.82343987692175,302.7106577576344,63.31231171729296
8,295.0,73.00380687668226,0.9700000000000002,0.0119489746089492,0.0,0.003754835155976,0.0,0.0142961902350747,0.0,0.0,301.0,81.53,0.9800664451827242,0.8954226281943121,77.3073832618037,67.62436139528049,678.0699475634365,260.30908607422947,0.9787213721678896,0.0073353454259811,0.0,0.0027952684435022,0.0,0.011148013962627,0.0,0.0,0.9392711438350728,0.0282046216370295,0.0,0.0071357695915941,0.0,0.0253884649363035,0.0,0.0,0.455291418015843,3.953943482437529,1.0000000000023068,1.0000000000004734,0.0,1.0901234689231132,0.0,1.0390569091717228,0.0,0.0,0.7007193320287873,705.9625820508377,229.82343987692175,302.7106577576344,63.31231171729296
8,295.0,74.07967597296262,0.9700000000000002,0.0119489746089492,0.0,0.003754835155976,0.0,0.0142961902350747,0.0,0.0,301.0,81.53,0.9800664451827242,0.9086186185816584,77.3073832618037,67.62436139528049,675.1077172096831,263.51752255332445,0.9765085771180216,0.0084161793856365,0.0,0.0030530999400439,0.0,0.0120221435562977,0.0,0.0,0.9338780862535035,0.0315556139752078,0.0,0.0076493912906171,0.0,0.0269169084806712,0.0,0.0,0.4336531571504361,4.028034766994376,1.0000000000053275,1.0000000000055025,0.0,1.0868995485111113,0.0,1.0373430202249088,0.0,0.0,0.7007193320287873,705.9625820508377,229.82343987692175,302.7106577576344,63.31231171729296
8,295.0,75.15554506924298,0.9700000000000002,0.0119489746089492,0.0,0.003754835155976,0.0,0.0142961902350747,0.0,0.0,301.0,81.53,0.9800664451827242,0.9218146089690048,77.3073832618037,67.62436139528049,672.1677589847234,266.69715696611127,0.9743191914580864,0.0095465399728674,0.0,0.0032988283269662,0.0,0.0128354402420797,0.0,0.0,0.9287070665243128,0.0349170635603382,0.0,0.0081144149147075,0.0,0.0282614550006413,0.0,0.0,0.4129354779030012,4.103698688343132,1.0000000000024718,1.0000000000014675,0.0,1.083764277032955,0.0,1.0356902136692094,0.0,0.0,0.7007193320287873,705.9625820508377,229.82343987692175,302.7106577576344,63.31231171729296
8,295.0,76.23141416552333,0.9700000000000002,0.0119489746089492,0.0,0.003754835155976,0.0,0.0142961902350747,0.0,0.0,301.0,81.53,0.9800664451827242,0.9350105993563514,77.3073832618037,67.62436139528049,669.2469352793281,269.8519034756017,0.9721506298957732,0.0107246934028868,0.0,0.0035326281833707,0.0,0.0135920485179692,0.0,0.0,0.9237471795075876,0.0382791483722412,0.0,0.0085337602682298,0.0,0.0294399118519413,0.0,0.0,0.393086893239342,4.181071828903646,1.000000000003253,1.0000000000013065,0.0,1.0807127425459824,0.0,1.0340947640903413,0.0,0.0,0.7007193320287873,705.9625820508377,229.82343987692175,302.7106577576344,63.31231171729296
8,295.0,77.30728326180369,0.9700000000000002,0.0119489746089492,0.0,0.003754835155976,0.0,0.0142961902350747,0.0,0.0,301.0,81.53,0.9800664451827242,0.948206589743698,77.3073832618037,67.62436139528049,666.3417079179166,272.98613385521435,0.9700001985049924,0.0119488590999309,0.0,0.0037548150936475,0.0,0.0142961273014289,0.0,0.0,0.9189883251658428,0.0416324017515338,0.0,0.0089104383583558,0.0,0.0304688347242673,0.0,0.0,0.3740553990411919,4.26029267076209,1.000000000003147,1.000000000007432,0.0,1.077740055466474,0.0,1.0325529222986976,0.0,0.0,0.7007193320287873,705.9625820508377,229.82343987692175,302.7106577576344,63.31231171729296
9,200.0,2.708525694184512,0.97,0.0004195930170044,0.0,0.0114655654252637,0.0152483615544004,0.0028664800033314,0.0,0.0,300.5,78.43,0.6655574043261231,0.0345343069512241,13.521181056331471,2.708425694184512,1221.6685902595034,7.393616248217848,0.9996923344976232,2.836595100840171e-07,0.0,6.925484636747387e-05,0.000212729696406,2.5397300093203773e-05,0.0,0.0,0.9699655681072876,0.0004200792574787,0.0,0.011478780840953,0.0152657972081393,0.0028697745861414,0.0,0.0,22.50328139262843,0.683561784079059,1.000000010153629,1.6311848942314386,0.0,5.372189068238108,5.232292152765528,4.155091990201092,0.0,0.0,22.53960113748808,1221.920496490378,7.249541730897533,302.7106577576344,2.6239816647333654
9,200.0,3.909920734423063,0.97,0.0004195930170044,0.0,0.0114655654252637,0.0152483615544004,0.0028664800033314,0.0,0.0,300.5,78.43,0.6655574043261231,0.0498523617802252,13.521181056331471,2.708425694184512,1218.2584148304195,9.49531600405549,0.9954088378603172,5.033892433233719e-06,0.0,0.0011209664970391,0.0030711491677153,0.0003940125824948,0.0,0.0,0.6823285052793695,0.0051131112200433,0.0,0.1285841149759047,0.1531152292980526,0.0308590392266297,0.0,0.0,22.00288190540913,0.6994682208439578,1.000000002875464,1.597760179902177,0.0,5.232647219473278,5.096104099288813,4.059075324784417,0.0,0.0,22.53960113748808,1221.920496490378,7.249541730897533,302.7106577576344,2.6239816647333654
9,200.0,5.111315774661614,0.97,0.0004195930170044,0.0,0.0114655654252637,0.0152483615544004,0.0028664800033314,0.0,0.0,300.5,78.43,0.6655574043261231,0.0651704166092262,13.521181056331471,2.708425694184512,1215.169972462036,11.695452069400543,0.9912989456768216,1.1542507723936825e-05,0.0,0.0022987850128383,0.0056185464473649,0.000772180355251,0.0,0.0,0.5291175047887713,0.0088661297345265,0.0,0.2012154752380118,0.2145829660570459,0.0462179241816443,0.0,0.0,21.53159043211682,0.7147819020704617,1.0000000004467018,1.5671837339004306,0.0,5.102816308740018,4.970325847885494,3.970340511334752,0.0,0.0,22.53960113748808,1221.920496490378,7.249541730897533,302.7106577576344,2.6239816647333654
9,200.0,6.312710814900164,0.97,0.0004195930170044,0.0,0.0114655654252637,0.0152483615544004,0.0028664800033314,0.0,0.0,300.5,78.43,0.6655574043261231,0.0804884714382272,13.521181056331471,2.708425694184512,1212.4028831361115,13.984587055943884,0.9873728678276884,2.070177708302375e-05,0.0,0.003596828122648,0.0078575810800621,0.0011520211925183,0.0,0.0,0.4340287646242602,0.0127258070952858,0.0,0.2542243830689744,0.2432617086028757,0.0557593366086037,0.0,0.0,21.08886516066925,0.7294779545750644,1.0000000000151368,1.53913215488901,0.0,4.981986754817855,4.854253004861867,3.888881746171135,0.0,0.0,22.53960113748808,1221.920496490378,7.249541730897533,302.7106577576344,2.6239816647333654
9,200.0,7.514105855138716,0.97,0.0004195930170044,0.0,0.0114655654252637,0.0152483615544004,0.0028664800033314,0.0,0.0,300.5,78.43,0.6655574043261231,0.0958065262672283,13.521181056331471,2.708425694184512,1209.9489271369775,16.344627759078893,0.9836415611465144,3.406968426940006e-05,0.0,0.0050002293582249,0.0097991742793701,0.0015249655316211,0.0,0.0,0.369311977775747,0.0173956008048713,0.0,0.296158049915354,0.2551960839456822,0.0619382875583453,0.0,0.0,20.674301962916747,0.743523339160889,1.0,1.5135445276814408,0.0,4.870159142921141,4.747525968105688,3.814043371192783,0.0,0.0,22.53960113748808,1221.920496490378,7.249541730897533,302.7106577576344,2.6239816647333654
9,200.0,8.715500895377266,0.97,0.0004195930170044,0.0,0.0114655654252637,0.0152483615544004,0.0028664800033314,0.0,0.0,300.5,78.43,0.6655574043261231,0.1111245810962293,13.521181056331471,2.708425694184512,1207.797581356753,18.743110293281536,0.9801247752336192,5.4572054077426e-05,0.0,0.0064811086519144,0.0114577475985064,0.0018817964618825,0.0,0.0,0.322452300565884,0.0237651468031006,0.0,0.3302552118160034,0.2576837035688602,0.0658436372461516,0.0,0.0,20.288497030473263,0.7568935060635582,1.0,1.490181453479933,0.0,4.7666306665229845,4.650672881672102,3.746179217624392,0.0,0.0,22.53960113748808,1221.920496490378,7.249541730897533,302.7106577576344,2.6239816647333654
9,200.0,9.916895935615818,0.97,0.0004195930170044,0.0,0.0114655654252637,0.0152483615544004,0.0028664800033314,0.0,0.0,300.5,78.43,0.6655574043261231,0.1264426359252303,13.521181056331471,2.708425694184512,1205.945781983174,21.11945830267616,0.9768683334069322,8.80951614668649e-05,0.0,0.0079885962327563,0.0128433880560462,0.0022115871427982,0.0,0.0,0.2869743157906765,0.0333856032814338,0.0,0.357234927653681,0.2544124457499488,0.0679927075242598,0.0,0.0,19.93477944161621,0.7693865344308648,1.0000000000486426,1.4692536794259512,0.0,4.672435357050282,4.563534851158398,3.685157679243439,0.0,0.0,22.53960113748808,1221.920496490378,7.249541730897533,302.7106577576344,2.6239816647333654
9,200.0,11.118290975854368,0.97,0.0004195930170044,0.0,0.0114655654252637,0.0152483615544004,0.0028664800033314,0.0,0.0,300.5,78.43,0.6655574043261231,0.1417606907542313,13.521181056331471,2.708425694184512,1204.413279086166,23.355583668137395,0.9739771560880272,0.0001467302946168,0.0,0.0094268368692192,0.0139504101600439,0.0024988665880925,0.0,0.0,0.259184672271079,0.0491868531260004,0.0,0.3758363556684612,0.2472241063668951,0.0685680125675642,0.0,0.0,19.622416380715084,0.7806825112318556,1.0,1.4510488736876612,0.0,4.589100006452797,4.488076339195761,3.632211401730805,0.0,0.0,22.53960113748808,1221.920496490378,7.249541730897533,302.7106577576344,2.6239816647333654
9,200.0,12.31968601609292,0.97,0.0004195930170044,0.0,0.0114655654252637,0.0152483615544004,0.0028664800033314,0.0,0.0,300.5,78.43,0.6655574043261231,0.1570787455832324,13.521181056331471,2.708425694184512,1203.2503791346026,25.2493565795863,0.9716396276148233,0.0002514216100052,0.0,0.010634512547722,0.0147525862652044,0.0027218519622451,0.0,0.0,0.2368096417169625,0.0756206039270254,0.0,0.3830865063806276,0.2369436163959759,0.0675396315794084,0.0,0.0,19.36882941632785,0.7900955908857313,1.0,1.4363829668113377,0.0,4.520239892604933,4.428128857888985,3.589912896000552,0.0,0.0,22.53960113748808,1221.920496490378,7.249541730897533,302.7106577576344,2.6239816647333654
9,200.0,13.521081056331472,0.97,0.0004195930170044,0.0,0.0114655654252637,0.0152483615544004,0.0028664800033314,0.0,0.0,300.5,78.43,0.6655574043261231,0.1723968004122334,13.521181056331471,2.708425694184512,1202.4773155046166,26.62168473215533,0.970000108890021,0.000419576464009,0.0,0.0114655123973469,0.0152483312533913,0.0028664709952317,0.0,0.0,0.2183637798563932,0.114680116898814,0.0,0.3775018889615656,0.2244074357516085,0.0650467785316185,0.0,0.0,19.18679929101373,0.7971351014463842,1.0,1.425773560728109,0.0,4.468804789692623,4.386340379112914,3.5599375695184303,0.0,0.0,22.53960113748808,1221.920496490378,7.249541730897533,302.7106577576344,2.6239816647333654
9,205.0,3.463585727554608,0.97,0.0004195930170044,0.0,0.0114655654252637,0.0152483615544004,0.0028664800033314,0.0,0.0,300.5,78.43,0.6821963394342762,0.0441614908524111,13.784528919248284,3.463485727554608,1205.953078534951,9.307574134681431,0.9995981097523065,3.984566054080873e-07,0.0,9.612070896296462e-05,0.0002740457434728,3.132533865222583e-05,0.0,0.0,0.9699732797127718,0.0004199714533015,0.0,0.0114758294195183,0.0152618799183386,0.0028690394960696,0.0,0.0,21.115453839876206,0.7116171144783031,1.0,1.558595831539615,0.0,4.630833979204233,4.498290908195527,3.794757784234052,0.0,0.0,21.15779579629945,1206.2779501886548,9.12387059747945,302.7106577576344,3.35468958110042
9,205.0,4.610346082187238,0.97,0.0004195930170044,0.0,0.0114655654252637,0.0152483615544004,0.0028664800033314,0.0,0.0,300.5,78.43,0.6821963394342762,0.0587829412493591,13.784528919248284,3.463485727554608,1202.6815118080008,11.288911908771256,0.9954408076113824,5.32985777430123e-06,0.0,0.00117082881304,0.0030121340501194,0.0003708996676838,0.0,0.0,0.7389713934076578,0.0041815270680544,0.0,0.1049523246149798,0.1263658478167534,0.0255289070925542,0.0,0.0,20.6818051701132,0.7258451688970624,1.0,1.532037914021123,0.0,4.531100370521581,4.396073944242121,3.718831523055304,0.0,0.0,21.15779579629945,1206.2779501886548,9.12387059747945,302.7106577576344,3.35468958110042
9,205.0,5.757106436819869,0.97,0.0004195930170044,0.0,0.0114655654252637,0.0152483615544004,0.0028664800033314,0.0,0.0,300.5,78.43,0.6821963394342762,0.0734043916463071,13.784528919248284,3.463485727554608,1199.6870736565554,13.352777389126452,0.9914269708284892,1.2016314585383098e-05,0.0,0.0023588331191255,0.0054773233266098,0.00072485641119,0.0,0.0,0.5992925348374699,0.0074710669478022,0.0,0.1690209042617549,0.1842968398682073,0.0399186540847655,0.0,0.0,20.27038902765003,0.739626002060772,1.0,1.5075481963662538,0.0,4.438325417709534,4.300389256457359,3.648187250070968,0.0,0.0,21.15779579629945,1206.2779501886548,9.12387059747945,302.7106577576344,3.35468958110042
9,205.0,6.9038667914525,0.97,0.0004195930170044,0.0,0.0114655654252637,0.0152483615544004,0.0028664800033314,0.0,0.0,300.5,78.43,0.6821963394342762,0.0880258420432551,13.784528919248284,3.463485727554608,1196.9701389741351,15.491019101147629,0.9875657336682172,2.1336398234741414e-05,0.0,0.0036543946247835,0.0076710514025073,0.0010874839062571,0.0,0.0,0.5057920462385951,0.0109442823674699,0.0,0.2178906247060212,0.215493207973207,0.0498798387147068,0.0,0.0,19.880972845408667,0.7529241169102371,1.0,1.484914698617077,0.0,4.352248555724195,4.211574764756503,3.5823607568368696,0.0,0.0,21.15779579629945,1206.2779501886548,9.12387059747945,302.7106577576344,3.35468958110042
9,205.0,8.05062714608513,0.97,0.0004195930170044,0.0,0.0114655654252637,0.0152483615544004,0.0028664800033314,0.0,0.0,300.5,78.43,0.6821963394342762,0.1026472924402031,13.784528919248284,3.463485727554608,1194.5262503551212,17.68841672890102,0.9838685924581962,3.4820152758670705e-05,0.0,0.0050443583256753,0.0096003071989998,0.0014519218643698,0.0,0.0,0.438865384753805,0.0151554927000002,0.0,0.2573827608822834,0.2315556173907607,0.0570407442731506,0.0,0.0,19.513558775507978,0.7657454909720698,1.0,1.463990894382256,0.0,4.272814027464006,4.129306374052062,3.521501969106638,0.0,0.0,21.15779579629945,1206.2779501886548,9.12387059747945,302.7106577576344,3.35468958110042
9,205.0,9.19738750071776,0.97,0.0004195930170044,0.0,0.0114655654252637,0.0152483615544004,0.0028664800033314,0.0,0.0,300.5,78.43,0.6821963394342762,0.117268742837151,13.784528919248284,3.463485727554608,1192.3507553528652,19.91764589693781,0.9803567155881112,5.533013334433308e-05,0.0,0.0065042960837947,0.0112737772610303,0.0018098809337195,0.0,0.0,0.3886257576753416,0.0208674904409687,0.0,0.2899664260336381,0.2383616557696162,0.0621786700804351,0.0,0.0,19.16906149677996,0.7779777231965511,1.0,1.4448041216117555,0.0,4.199636497017602,4.053459445790676,3.4655146462966115,0.0,0.0,21.15779579629945,1206.2779501886548,9.12387059747945,302.7106577576344,3.35468958110042
9,205.0,10.344147855350393,0.97,0.0004195930170044,0.0,0.0114655654252637,0.0152483615544004,0.0028664800033314,0.0,0.0,300.5,78.43,0.6821963394342762,0.1318901932340991,13.784528919248284,3.463485727554608,1190.4474892576757,22.127279505562456,0.9770769147657434,8.861067350408427e-05,0.0,0.0079890800875912,0.0126950542356274,0.0021503402375338,0.0,0.0,0.3495455367253243,0.0294378133980031,0.0,0.3162595209366541,0.2391045156108492,0.0656526133291691,0.0,0.0,18.85072355697236,0.7895105746733251,1.0,1.4273574912608042,0.0,4.13370057442492,3.984589104364605,3.414613984408639,0.0,0.0,21.15779579629945,1206.2779501886548,9.12387059747945,302.7106577576344,3.35468958110042
9,205.0,11.490908209983022,0.97,0.0004195930170044,0.0,0.0114655654252637,0.0152483615544004,0.0028664800033314,0.0,0.0,300.5,78.43,0.6821963394342762,0.146511643631047,13.784528919248284,3.463485727554608,1188.8437665433637,24.215706964511742,0.974133591385721,0.0001465284548271,0.0,0.0094119006196739,0.0138516384047147,0.002456341135063,0.0,0.0,0.3182876529966406,0.0434716342310219,0.0,0.3352514904280157,0.2354592235036353,0.0675299988406862,0.0,0.0,18.56687608532732,0.8000083499293119,1.0,1.4120153300458906,0.0,4.07591731507979,3.924386708451568,3.369917161167673,0.0,0.0,21.15779579629945,1206.2779501886548,9.12387059747945,302.7106577576344,3.35468958110042
9,205.0,12.637668564615652,0.97,0.0004195930170044,0.0,0.0114655654252637,0.0152483615544004,0.0028664800033314,0.0,0.0,300.5,78.43,0.6821963394342762,0.161133094027995,13.784528919248284,3.463485727554608,1187.6011245041036,26.00306439534429,0.9717185297666248,0.0002503075451682,0.0,0.01062097108248,0.0147080942145393,0.0027020973911877,0.0,0.0,0.2927065510111109,0.0671370530868369,0.0,0.3443304517542531,0.2281742806144406,0.0676516635333582,0.0,0.0,18.333393438679792,0.8088710140000409,1.0,1.3994953028442862,0.0,4.029178300173355,3.875963502063191,3.3337266566796098,0.0,0.0,21.15779579629945,1206.2779501886548,9.12387059747945,302.7106577576344,3.35468958110042
9,205.0,13.784428919248285,0.97,0.0004195930170044,0.0,0.0114655654252637,0.0152483615544004,0.0028664800033314,0.0,0.0,300.5,78.43,0.6821963394342762,0.175754544424943,13.784528919248284,3.463485727554608,1186.7591969995858,27.31429563170823,0.9700001200446332,0.0004195754084147,0.0,0.0114655086733479,0.0152483267195624,0.0028664691540417,0.0,0.0,0.271346530626393,0.1029006613107788,0.0,0.3417587392413053,0.2179852918743751,0.0660087769471475,0.0,0.0,18.16374435372975,0.8155429320007201,1.0,1.3903392113923616,0.0,3.99587111094146,3.8416101386609913,3.3077024939197446,0.0,0.0,21.15779579629945,1206.2779501886548,9.12387059747945,302.7106577576344,3.35468958110042
9,210.0,4.3718449630383285,0.97,0.0004195930170044,0.0,0.0114655654252637,0.0152483615544004,0.0028664800033314,0.0,0.0,300.5,78.43,0.6988352745424293,0.055741998763717,14.301352009095028,4.371744963038329,1189.8799600194525,11.586759206510054,0.9994823978452104,5.520673320101416e-07,0.0,0.000129921842774,0.0003487215597543,3.840668492911914e-05,0.0,0.0,0.9699790114085648,0.0004198913332856,0.0,0.0114736352977705,0.0152589686447063,0.0028684933156725,0.0,0.0,19.745000083227257,0.7417460463778703,1.0,1.4933048534700255,0.0,3.990613494605302,3.898042900088041,3.4746216516258928,0.0,0.0,19.793904820789816,1190.2941504876192,11.354703713715036,302.7106577576344,4.233266563955471
9,210.0,5.475112412600184,0.97,0.0004195930170044,0.0,0.0114655654252637,0.0152483615544004,0.0028664800033314,0.0,0.0,300.5,78.43,0.6988352745424293,0.0698089049164883,14.301352009095028,4.371744963038329,1186.7181028666207,13.475612316571398,0.9954276163577368,5.712324724722338e-06,0.0,0.0012227476604534,0.0029886867966558,0.000355236860429,0.0,0.0,0.7844953910721257,0.0034390178377968,0.0,0.0861910087011322,0.1046875814766545,0.0211870009122904,0.0,0.0,19.36550546816614,0.7546851874123128,1.0,1.4719418095237131,0.0,3.9148319510453686,3.820084024649646,3.4139195886849576,0.0,0.0,19.793904820789816,1190.2941504876192,11.354703713715036,302.7106577576344,4.233266563955471
9,210.0,6.57837986216204,0.97,0.0004195930170044,0.0,0.0114655654252637,0.0152483615544004,0.0028664800033314,0.0,0.0,300.5,78.43,0.6988352745424293,0.0838758110692597,14.301352009095028,4.371744963038329,1183.800455439367,15.435200031944175,0.991495808597992,1.2647377769867249e-05,0.0,0.0024180643107927,0.0053839827040727,0.0006894970093726,0.0,0.0,0.6606349496549039,0.0062763049241465,0.0,0.1416760957719604,0.1572152964451309,0.0341973532038582,0.0,0.0,19.00345706481647,0.7672693286751255,1.0,1.4521453257024477,0.0,3.8439419430451376,3.746795484170405,3.356779496731629,0.0,0.0,19.793904820789816,1190.2941504876192,11.354703713715036,302.7106577576344,4.233266563955471
9,210.0,7.681647311723895,0.97,0.0004195930170044,0.0,0.0114655654252637,0.0152483615544004,0.0028664800033314,0.0,0.0,300.5,78.43,0.6988352745424293,0.097942717222031,14.301352009095028,4.371744963038329,1181.1277853380382,17.458299351700358,0.9876952859152291,2.223051718835009e-05,0.0,0.0037100519689164,0.0075353091608065,0.0010371224378595,0.0,0.0,0.5721242371717896,0.0093542272744576,0.0,0.1858470841727481,0.1886751498830364,0.0439993014979682,0.0,0.0,18.658792402649823,0.7795107865821194,1.0,1.4336695817243186,0.0,3.7777136616892433,3.678041604103568,3.303359059544308,0.0,0.0,19.793904820789816,1190.2941504876192,11.354703713715036,302.7106577576344,4.233266563955471
9,210.0,8.784914761285751,0.97,0.0004195930170044,0.0,0.0114655654252637,0.0152483615544004,0.0028664800033314,0.0,0.0,300.5,78.43,0.6988352745424293,0.1120096233748023,14.301352009095028,4.371744963038329,1178.697806877697,19.531740330772664,0.9840374252822875,3.59736369786788e-05,0.0,0.0050865815392879,0.0094472609943404,0.0013927585471052,0.0,0.0,0.5057627279774626,0.0131064220399045,0.0,0.2224274774532302,0.207098864376224,0.0516045081531786,0.0,0.0,18.33170316711492,0.7913344693484426,1.0,1.4164940551737928,0.0,3.715890095764376,3.613796652245053,3.2534739211708423,0.0,0.0,19.793904820789816,1190.2941504876192,11.354703713715036,302.7106577576344,4.233266563955471
9,210.0,9.888182210847608,0.97,0.0004195930170044,0.0,0.0114655654252637,0.0152483615544004,0.0028664800033314,0.0,0.0,300.5,78.43,0.6988352745424293,0.1260765295275737,14.301352009095028,4.371744963038329,1176.509220330363,21.63201451455008,0.9805432983254024,5.668388558752421e-05,0.0,0.0065256834655302,0.0111250637436836,0.0017492705797961,0.0,0.0,0.4541924238026636,0.0181741204598078,0.0,0.2531383761254983,0.2169715969257598,0.0575234826862704,0.0,0.0,18.02318361945936,0.8026886255874125,1.0,1.400608554705182,0.0,3.658805926433073,3.554183415918652,3.207101038340378,0.0,0.0,19.793904820789816,1190.2941504876192,11.354703713715036,302.7106577576344,4.233266563955471
9,210.0,10.991449660409462,0.97,0.0004195930170044,0.0,0.0114655654252637,0.0152483615544004,0.0028664800033314,0.0,0.0,300.5,78.43,0.6988352745424293,0.140143435680345,14.301352009095028,4.371744963038329,1174.5695511393176,23.714921209294108,0.9772582269206256,8.995171336019257e-05,0.0,0.0079869989375929,0.0125685611029161,0.002096261325505,0.0,0.0,0.4129872651102416,0.0257170115302931,0.0,0.2784186180071953,0.2209023035933761,0.0619748017588937,0.0,0.0,17.736178271395246,0.8134475120563771,1.0,1.3860518979446592,0.0,3.606659830852864,3.499800683358256,3.164578086262409,0.0,0.0,19.793904820789816,1190.2941504876192,11.354703713715036,302.7106577576344,4.233266563955471
9,210.0,12.094717109971317,0.97,0.0004195930170044,0.0,0.0114655654252637,0.0152483615544004,0.0028664800033314,0.0,0.0,300.5,78.43,0.6988352745424293,0.1542103418331163,14.301352009095028,4.371744963038329,1172.909480453338,25.69284436102713,0.9742816665623056,0.0001473130033341,0.0,0.0093926126955772,0.0137618169307453,0.0024165908080373,0.0,0.0,0.3793225337560744,0.0379819922004122,0.0,0.2974398346021829,0.2203246791474821,0.0649309602938483,0.0,0.0,17.477905941423685,0.8233288368095387,1.0,1.3731149689625413,0.0,3.5604895784244017,3.4516644942599988,3.1268856949955297,0.0,0.0,19.793904820789816,1190.2941504876192,11.354703713715036,302.7106577576344,4.233266563955471
9,210.0,13.197984559533172,0.97,0.0004195930170044,0.0,0.0114655654252637,0.0152483615544004,0.0028664800033314,0.0,0.0,300.5,78.43,0.6988352745424293,0.1682772479858876,14.301352009095028,4.371744963038329,1171.5960158127243,27.406702071498707,0.9718003757144792,0.0002499321887183,0.0,0.0106027495417225,0.0146645542643598,0.0026823882907199,0.0,0.0,0.3513016751285884,0.0587234622664438,0.0,0.3079718654859569,0.2158734807953129,0.0661295163236979,0.0,0.0,17.262343729251256,0.8317694960325895,1.0,1.362383497343087,0.0,3.52257437879942,3.412217878089705,3.0958640515417297,0.0,0.0,19.793904820789816,1190.2941504876192,11.354703713715036,302.7106577576344,4.233266563955471
9,210.0,14.301252009095029,0.97,0.0004195930170044,0.0,0.0114655654252637,0.0152483615544004,0.0028664800033314,0.0,0.0,300.5,78.43,0.6988352745424293,0.182344154138659,14.301352009095028,4.371744963038329,1170.6850822165716,28.68629553819749,0.9700001317196012,0.0004195744997365,0.0,0.0114655045927915,0.0152483220068135,0.002866467181057,0.0,0.0,0.3275872700223441,0.0907305905300261,0.0,0.3081530300566278,0.2081268170729981,0.0654022923180038,0.0,0.0,17.103045295968254,0.8382387267699756,1.0,1.354382121270383,0.0,3.495109534569929,3.383741355191336,3.0731324861084084,0.0,0.0,19.793904820789816,1190.2941504876192,11.354703713715036,302.7106577576344,4.233266563955471
9,215.0,5.452773554693944,0.97,0.0004195930170044,0.0,0.0114655654252637,0.0152483615544004,0.0028664800033314,0.0,0.0,300.5,78.43,0.7154742096505824,0.0695240794937389,15.06739266793035,5.452673554693944,1173.3859483143472,14.28013147921063,0.9993421806250452,7.556257165609574e-07,0.0,0.000171451828695,0.0004387714561767,4.684046436636259e-05,0.0,0.0,0.9699833315449996,0.0004198309465672,0.0,0.0114719812887149,0.0152567744596741,0.0028680817600437,0.0,0.0,18.39221916674792,0.7741639902890868,1.0,1.4344163776146677,0.0,3.485502878908764,3.403720563590832,3.18920464495188,0.0,0.0,18.448205290897207,1173.908539729092,13.989350648063478,302.7106577576344,5.278346606766283
9,215.0,6.521053456164656,0.97,0.0004195930170044,0.0,0.0114655654252637,0.0152483615544004,0.0028664800033314,0.0,0.0,300.5,78.43,0.7154742096505824,0.0831448866016148,15.06739266793035,5.452673554693944,1170.311534121127,16.098573795735053,0.995373836971034,6.191685163727524e-06,0.0,0.0012769834977014,0.00299719754376,0.0003457903023407,0.0,0.0,0.8206685284829643,0.0028525647934583,0.0,0.0714279563577673,0.087349571615534,0.017701378750276,0.0,0.0,18.0574922523317,0.7861164087852409,1.0,1.4170872554611238,0.0,3.427142948608953,3.3434084475668677,3.1400076807809154,0.0,0.0,18.448205290897207,1173.908539729092,13.989350648063478,302.7106577576344,5.278346606766283
9,215.0,7.5893333576353665,0.97,0.0004195930170044,0.0,0.0114655654252637,0.0152483615544004,0.0028664800033314,0.0,0.0,300.5,78.43,0.7154742096505824,0.0967656937094908,15.06739266793035,5.452673554693944,1167.456812692135,17.97890270103119,0.9915145436003456,1.3441147877163887e-05,0.0,0.0024759957568074,0.0053319592399971,0.0006640602549727,0.0,0.0,0.7129131035941686,0.0052728832119064,0.0,0.1188859508639915,0.1337438844843224,0.029184177845611,0.0,0.0,17.736785775022987,0.7978197234482303,1.0,1.400867539678412,0.0,3.372055884503089,3.286421069389542,3.093613617592468,0.0,0.0,18.448205290897207,1173.908539729092,13.989350648063478,302.7106577576344,5.278346606766283
9,215.0,8.657613259106078,0.97,0.0004195930170044,0.0,0.0114655654252637,0.0152483615544004,0.0028664800033314,0.0,0.0,300.5,78.43,0.7154742096505824,0.1103865008173668,15.06739266793035,5.452673554693944,1164.8227421640772,19.914590909987343,0.9877719724643214,2.337854740179322e-05,0.0,0.0037625200168586,0.0074433241142798,0.0009988048571384,0.0,0.0,0.6315370665426634,0.007965402123403,0.0,0.1581682091930284,0.163893418991386,0.038435903149519,0.0,0.0,17.43013008076234,0.8092120915331315,1.0,1.3857195406569809,0.0,3.320259320455933,3.2328224607449982,3.0498173435976894,0.0,0.0,18.448205290897207,1173.908539729092,13.989350648063478,302.7106577576344,5.278346606766283
9,215.0,9.72589316057679,0.97,0.0004195930170044,0.0,0.0114655654252637,0.0152483615544004,0.0028664800033314,0.0,0.0,300.5,78.43,0.7154742096505824,0.1240073079252427,15.06739266793035,5.452673554693944,1162.408293844928,21.893992197204284,0.9841570853090827,3.750551734142343e-05,0.0,0.0051250846763449,0.0093344268997068,0.0013458975975239,0.0,0.0,0.5679481460735664,0.0112706251502259,0.0,0.1915310227021332,0.1832001920342141,0.0460500140398601,0.0,0.0,17.13779856037486,0.8202627021659744,1.0,1.371525751624606,0.0,3.27184470385588,3.182514036433373,3.008610019483476,0.0,0.0,18.448205290897207,1173.908539729092,13.989350648063478,302.7106577576344,5.278346606766283
9,215.0,10.794173062047502,0.97,0.0004195930170044,0.0,0.0114655654252637,0.0152483615544004,0.0028664800033314,0.0,0.0,300.5,78.43,0.7154742096505824,0.1376281150331187,15.06739266793035,5.452673554693944,1160.2140275312431,23.89651950185072,0.9806900977091576,5.858117941943008e-05,0.0,0.0065435514504064,0.0110084415530263,0.0016993281079901,0.0,0.0,0.5169189488648847,0.0157204468815205,0.0,0.2200764992167957,0.1949499380241582,0.0523341670126405,0.0,0.0,16.860750203704946,0.8309232760610535,1.0,1.35828637920387,0.0,3.2266702704608368,3.1355336964599223,2.970067935918138,0.0,0.0,18.448205290897207,1173.908539729092,13.989350648063478,302.7106577576344,5.278346606766283
9,215.0,11.862452963518212,0.97,0.0004195930170044,0.0,0.0114655654252637,0.0152483615544004,0.0028664800033314,0.0,0.0,300.5,78.43,0.7154742096505824,0.1512489221409946,15.06739266793035,5.452673554693944,1158.249147409422,25.8837584869879,0.9774135188948524,9.203774838361892e-05,0.0,0.0079815512480224,0.0124632512184523,0.0020496408902891,0.0,0.0,0.4750873169067443,0.0222865713242972,0.0,0.2440518485182602,0.2011771288003995,0.0573971344502986,0.0,0.0,16.601557795216166,0.8410935391758138,1.0,1.3460775780766094,0.0,3.185058736341819,3.0922368660376955,2.934547177599005,0.0,0.0,18.448205290897207,1173.908539729092,13.989350648063478,302.7106577576344,5.278346606766283
9,215.0,12.930732864988926,0.97,0.0004195930170044,0.0,0.0114655654252637,0.0152483615544004,0.0028664800033314,0.0,0.0,300.5,78.43,0.7154742096505824,0.1648697292488706,15.06739266793035,5.452673554693944,1156.544842897711,27.779904842331067,0.9744192827769824,0.0001490101562129,0.0,0.0093694873964395,0.0136818581705529,0.0023803614998123,0.0,0.0,0.4401920759067939,0.0328585544968604,0.0,0.2627549273490641,0.203049402529646,0.0611450397176355,0.0,0.0,16.36632046317043,0.8505035448903954,1.0,1.335130645507676,0.0,3.147869918654821,3.05354956467686,2.9027338003065526,0.0,0.0,18.448205290897207,1173.908539729092,13.989350648063478,302.7106577576344,5.278346606766283
9,215.0,13.999012766459636,0.97,0.0004195930170044,0.0,0.0114655654252637,0.0152483615544004,0.0028664800033314,0.0,0.0,300.5,78.43,0.7154742096505824,0.1784905363567465,15.06739266793035,5.452673554693944,1155.168929683157,29.444897661017187,0.9718830516589922,0.0002503090449357,0.0,0.0105806814760812,0.0146227657043987,0.0026631921155919,0.0,0.0,0.4106507665306407,0.0507043844952879,0.0,0.2743150503668754,0.2010778673404005,0.0632519312667953,0.0,0.0,16.167011364586973,0.8586314865632588,1.0,1.3259048787020642,0.0,3.116924674905523,3.02133585543082,2.8760633257485284,0.0,0.0,18.448205290897207,1173.908539729092,13.989350648063478,302.7106577576344,5.278346606766283
9,215.0,15.06729266793035,0.97,0.0004195930170044,0.0,0.0114655654252637,0.0152483615544004,0.0028664800033314,0.0,0.0,300.5,78.43,0.7154742096505824,0.1921113434646225,15.06739266793035,5.452673554693944,1154.1893283265915,30.714836845379388,0.9700001438177696,0.000419573750947,0.0,0.0114655001450598,0.0152483171757292,0.0028664651104942,0.0,0.0,0.3853047260706725,0.0787463027333242,0.0,0.2768641097724115,0.1956711242692857,0.063413737154306,0.0,0.0,16.016703672272243,0.8649710070693757,1.0,1.3188958958879904,0.0,3.0940096956832037,2.9975832737938606,2.856118593882724,0.0,0.0,18.448205290897207,1173.908539729092,13.989350648063478,302.7106577576344,5.278346606766283
9,220.0,6.726782925538776,0.97,0.0004195930170044,0.0,0.0114655654252637,0.0152483615544004,0.0028664800033314,0.0,0.0,300.5,78.43,0.7321131447587355,0.0857679832403261,16.085423789004384,6.726682925538777,1156.4009104361096,17.44241029099193,0.9991742889138946,1.0232039431490088e-06,0.0,0.0002214226626142,0.0005464026794062,5.686254014183463e-05,0.0,0.0,0.9699866302191332,0.000419784836133,0.0,0.0114707183092026,0.01525509906115,0.0028677675743811,0.0,0.0,17.057583771459086,0.8092100187758717,1.0,1.3811511090877255,0.0,3.0821705870599145,2.993475659481135,2.933962408360616,0.0,0.0,17.121140165384258,1157.0541060432145,17.08052563899556,302.7106577576344,6.509407158415541
9,220.0,7.766620799257177,0.97,0.0004195930170044,0.0,0.0114655654252637,0.0152483615544004,0.0028664800033314,0.0,0.0,300.5,78.43,0.7321131447587355,0.0990261481481215,16.085423789004384,6.726682925538777,1153.3965722094752,19.20844962832112,0.9952818514033211,6.7831404371337045e-06,0.0,0.0013340431106396,0.0030355655334716,0.0003417568121304,0.0,0.0,0.8492780751338197,0.0023907778842813,0.0,0.0598440190493288,0.0735649863982153,0.0149221415343548,0.0,0.0,16.76049804659523,0.8204525052976323,1.0,1.3669602491619817,0.0,3.0364700069759,2.9465262638402114,2.893800139883309,0.0,0.0,17.121140165384258,1157.0541060432145,17.08052563899556,302.7106577576344,6.509407158415541
9,220.0,8.806458672975578,0.97,0.0004195930170044,0.0,0.0114655654252637,0.0152483615544004,0.0028664800033314,0.0,0.0,300.5,78.43,0.7321131447587355,0.1122843130559171,16.085423789004384,6.726682925538777,1150.5935813873236,21.02968561672821,0.9914890792311956,1.4411191756825437e-05,0.0,0.002532753815289,0.0053166719055159,0.0006470838562426,0.0,0.0,0.756707535588474,0.0044412744074456,0.0,0.1001292713903611,0.1138265527458509,0.0248953658678683,0.0,0.0,16.474916435542177,0.8314553833636296,1.0,1.3536021221292516,0.0,2.993197662418057,2.901991590448449,2.855639464629849,0.0,0.0,17.121140165384258,1157.0541060432145,17.08052563899556,302.7106577576344,6.509407158415541
9,220.0,9.846296546693978,0.97,0.0004195930170044,0.0,0.0114655654252637,0.0152483615544004,0.0028664800033314,0.0,0.0,300.5,78.43,0.7321131447587355,0.1255424779637125,16.085423789004384,6.726682925538777,1147.9929393207344,22.90012453236333,0.9878030990022758,2.4788122384601677e-05,0.0,0.0038114491987871,0.0073897857496249,0.0009708779269274,0.0,0.0,0.6835058203770168,0.006772942194065,0.0,0.1346384887889463,0.141711525518515,0.0333712231214567,0.0,0.0,16.200916888059293,0.8422027517371149,1.0,1.3410663463529728,0.0,2.9522858093001108,2.859842791638854,2.8194614646115665,0.0,0.0,17.121140165384258,1157.0541060432145,17.08052563899556,302.7106577576344,6.509407158415541
9,220.0,10.88613442041238,0.97,0.0004195930170044,0.0,0.0114655654252637,0.0152483615544004,0.0028664800033314,0.0,0.0,300.5,78.43,0.7321131447587355,0.138800642871508,16.085423789004384,6.726682925538777,1145.5942997187856,24.80928835344032,0.9842342933324716,3.941127713219944e-05,0.0,0.0051591314461205,0.0092571990126869,0.0013099649315887,0.0,0.0,0.624203265149954,0.0096554294035931,0.0,0.164669116005491,0.1607929556196625,0.0406792338212995,0.0,0.0,15.93879706046436,0.852680898323775,1.0,1.3292674366385837,0.0,2.9137245739101045,2.820076971153404,2.78531898972684,0.0,0.0,17.121140165384258,1157.0541060432145,17.08052563899556,302.7106577576344,6.509407158415541
9,220.0,11.92597229413078,0.97,0.0004195930170044,0.0,0.0114655654252637,0.0152483615544004,0.0028664800033314,0.0,0.0,300.5,78.43,0.7321131447587355,0.1520588077793035,16.085423789004384,6.726682925538777,1143.3991509830405,26.73888736611802,0.9808016184957298,6.099753068214178e-05,0.0,0.0065571108405981,0.0109209559439447,0.0016593171890452,0.0,0.0,0.5752124182831658,0.0135258737948067,0.0,0.1908643209185375,0.1734103996540658,0.046986987349424,0.0,0.0,15.689426422684724,0.8628147662591389,1.0,1.3182075516136311,0.0,2.8775792464189665,2.782771988109632,2.7532638773919325,0.0,0.0,17.121140165384258,1157.0541060432145,17.08052563899556,302.7106577576344,6.509407158415541
9,220.0,12.96581016784918,0.97,0.0004195930170044,0.0,0.0114655654252637,0.0152483615544004,0.0028664800033314,0.0,0.0,300.5,78.43,0.7321131447587355,0.165316972687099,16.085423789004384,6.726682925538777,1141.417109748828,28.65521079358299,0.9775440991553502,9.48196086602308e-05,0.0,0.0079724180990866,0.0123781587067893,0.0020105044301134,0.0,0.0,0.5340839126816253,0.0191857770921488,0.0,0.2133079701309118,0.1810955448132989,0.052326795282015,0.0,0.0,15.455001786659077,0.8725286728722722,1.0,1.307946240237745,0.0,2.8441768087701798,2.748196405442682,2.7234723294361385,0.0,0.0,17.121140165384258,1157.0541060432145,17.08052563899556,302.7106577576344,6.509407158415541
9,220.0,14.005648041567582,0.97,0.0004195930170044,0.0,0.0114655654252637,0.0152483615544004,0.0028664800033314,0.0,0.0,300.5,78.43,0.7321131447587355,0.1785751375948945,16.085423789004384,6.726682925538777,1139.678035609211,30.492422178451807,0.974544850967737,0.000151566045815,0.0,0.0093430398859916,0.0136123388044634,0.0023482042959927,0.0,0.0,0.4990896983947991,0.0281909462994549,0.0,0.2313889796271188,0.184763263599558,0.0565671120790689,0.0,0.0,15.240581013237774,0.8815761273130953,1.0,1.2986571997297056,0.0,2.81407674412332,2.7170320202503078,2.696518578835243,0.0,0.0,17.121140165384258,1157.0541060432145,17.08052563899556,302.7106577576344,6.509407158415541
9,220.0,15.045485915285983,0.97,0.0004195930170044,0.0,0.0114655654252637,0.0152483615544004,0.0028664800033314,0.0,0.0,300.5,78.43,0.7321131447587355,0.19183330250269,16.085423789004384,6.726682925538777,1138.247137450409,32.127644676245566,0.9719645637483488,0.000251448881297,0.0,0.0105555211875912,0.0145834978105964,0.0026449683721664,0.0,0.0,0.4689734367520008,0.0433017232174575,0.0,0.2435559402924157,0.1848098720252601,0.0593590277128657,0.0,0.0,15.056192712749674,0.889527436632114,1.0,1.2907032239983574,0.0,2.788564610844389,2.690668206752159,2.673568876400893,0.0,0.0,17.121140165384258,1157.0541060432145,17.08052563899556,302.7106577576344,6.509407158415541
9,220.0,16.085323789004384,0.97,0.0004195930170044,0.0,0.0114655654252637,0.0152483615544004,0.0028664800033314,0.0,0.0,300.5,78.43,0.7321131447587355,0.2050914674104855,16.085423789004384,6.726682925538777,1137.1996236550924,33.40492923797215,0.9700001562120356,0.0004195731743869,0.0,0.0114654953331509,0.0152483122966098,0.0028664629838166,0.0,0.0,0.4427827694647443,0.0673886316489365,0.0,0.2480271686119521,0.1814939126425289,0.0603075176318382,0.0,0.0,14.91397683427347,0.8958270878268891,1.0,1.2845095048388735,0.0,2.769203195454649,2.670764229537399,2.656016910221465,0.0,0.0,17.121140165384258,1157.0541060432145,17.08052563899556,302.7106577576344,6.509407158415541
9,225.0,8.215202995425008,0.97,0.0004195930170044,0.0,0.0114655654252637,0.0152483615544004,0.0028664800033314,0.0,0.0,300.5,78.43,0.7487520798668885,0.1047456712409155,17.363249712371157,8.215102995425008,1138.845942463344,21.13544236845049,0.9989753598447396,1.372670258394054e-06,0.0,0.0002804721027848,0.0006740410148894,6.875436732780889e-05,0.0,0.0,0.9699891794683438,0.0004197491968249,0.0,0.0114697423761979,0.0152538041752206,0.0028675247834125,0.0,0.0,15.741747513111305,0.8472843939646133,1.0,1.3328220461777285,0.0,2.7565539501578744,2.6511284684905503,2.704895027947971,0.0,0.0,15.813326197117547,1139.6555629264626,20.687604017864448,302.7106577576344,7.946729358776584
9,225.0,9.231641519530136,0.97,0.0004195930170044,0.0,0.0114655654252637,0.0152483615544004,0.0028664800033314,0.0,0.0,300.5,78.43,0.7487520798668885,0.1177054892200705,17.363249712371157,8.215102995425008,1135.897980698726,22.86422388383567,0.995152395009756,7.50730216223224e-06,0.0,0.0013946349212186,0.0031028125267616,0.0003426502401015,0.0,0.0,0.8719067993285041,0.0020267086298194,0.0,0.0507417379924809,0.06261545234522,0.0127093017039757,0.0,0.0,15.476804975080698,0.8579832567592894,1.0,1.321142890262987,0.0,2.720201145703748,2.614210695639576,2.6718065258902617,0.0,0.0,15.813326197117547,1139.6555629264626,20.687604017864448,302.7106577576344,7.946729358776584
9,225.0,10.248080043635262,0.97,0.0004195930170044,0.0,0.0114655654252637,0.0152483615544004,0.0028664800033314,0.0,0.0,300.5,78.43,0.7487520798668885,0.1306653071992255,17.363249712371157,8.215102995425008,1133.1376164337937,24.64312164067945,0.9914228790933716,1.557905527200105e-05,0.0,0.0025889477420683,0.005335044891689,0.0006375492175989,0.0,0.0,0.7930072440373754,0.0037574984508506,0.0,0.0848029082038739,0.0971507626843387,0.0212815866235613,0.0,0.0,15.22146768740308,0.8684970497205349,1.0,1.3100978894294886,0.0,2.6857169358852704,2.5790888861635284,2.6403189656406463,0.0,0.0,15.813326197117547,1139.6555629264626,20.687604017864448,302.7106577576344,7.946729358776584
9,225.0,11.26451856774039,0.97,0.0004195930170044,0.0,0.0114655654252637,0.0152483615544004,0.0028664800033314,0.0,0.0,300.5,78.43,0.7487520798668885,0.1436251251783805,17.363249712371157,8.215102995425008,1130.5657636082124,26.466556733154164,0.9877934134144374,2.6478639706421315e-05,0.0,0.0038572175874791,0.0073707919005013,0.0009520984578756,0.0,0.0,0.7281993178000895,0.0057617565692836,0.0,0.1148579643282085,0.1222993063070564,0.0288816549953617,0.0,0.0,14.975839655743224,0.8787765675023721,1.0,1.299649985160304,0.0,2.653026106923939,2.545741099910366,2.610354345474025,0.0,0.0,15.813326197117547,1139.6555629264626,20.687604017864448,302.7106577576344,7.946729358776584
9,225.0,12.28095709184552,0.97,0.0004195930170044,0.0,0.0114655654252637,0.0152483615544004,0.0028664800033314,0.0,0.0,300.5,78.43,0.7487520798668885,0.1565849431575356,17.363249712371157,8.215102995425008,1128.1823639592328,28.324969203608568,0.984273680232802,4.170325281240155e-05,0.0,0.0051888418816717,0.0092119444882783,0.0012838301444356,0.0,0.0,0.6740465338383167,0.0082548382877113,0.0,0.1416084619009583,0.1404086933524242,0.0356814726205893,0.0,0.0,14.740207290296098,0.8888394615316529,1.0,1.2897792418107688,0.0,2.622094658421823,2.514168128275686,2.581920683359498,0.0,0.0,15.813326197117547,1139.6555629264626,20.687604017864448,302.7106577576344,7.946729358776584
9,225.0,13.297395615950649,0.97,0.0004195930170044,0.0,0.0114655654252637,0.0152483615544004,0.0028664800033314,0.0,0.0,300.5,78.43,0.7487520798668885,0.1695447611366906,17.363249712371157,8.215102995425008,1125.9892169860657,30.201918688890885,0.98088113455785,6.39311754744203e-05,0.0,0.0065663553128841,0.0108600574863338,0.0016285214674576,0.0,0.0,0.6281465868981286,0.0115934475255314,0.0,0.1653844136405834,0.1531160366044367,0.0417595153313196,0.0,0.0,14.51533560779697,0.8986110475074505,1.0,1.2804891739198037,0.0,2.592976822651425,2.4844314326340453,2.555076682813144,0.0,0.0,15.813326197117547,1139.6555629264626,20.687604017864448,302.7106577576344,7.946729358776584
9,225.0,14.313834140055777,0.97,0.0004195930170044,0.0,0.0114655654252637,0.0152483615544004,0.0028664800033314,0.0,0.0,300.5,78.43,0.7487520798668885,0.1825045791158456,17.363249712371157,8.215102995425008,1123.9955494836606,32.06757841075077,0.9776510076822332,9.827448717896198e-05,0.0,0.0079597507392853,0.0123122426510626,0.0019787244402398,0.0,0.0,0.5887714768022331,0.0164300054605686,0.0,0.1861506018086638,0.1615470348718757,0.0471008810566586,0.0,0.0,14.303058936763849,0.9079798819672554,1.0,1.271826286656885,0.0,2.565859066247281,2.4567310591917058,2.530001672865014,0.0,0.0,15.813326197117547,1139.6555629264626,20.687604017864448,302.7106577576344,7.946729358776584
9,225.0,15.3302726641609,0.97,0.0004195930170044,0.0,0.0114655654252637,0.0152483615544004,0.0028664800033314,0.0,0.0,300.5,78.43,0.7487520798668885,0.1954643970950006,17.363249712371157,8.215102995425008,1122.2287686814032,33.86455834227303,0.9746571126462956,0.0001549450336485,0.0,0.0093138527515406,0.013553586897988,0.0023205026705271,0.0,0.0,0.5546491442988964,0.024022579393955,0.0,0.2033689545272353,0.1663991189494044,0.0515602028305086,0.0,0.0,14.107516599266072,0.9168004550225114,1.0,1.2639225372084846,0.0,2.5412109730129826,2.431562302483885,2.5071347167565827,0.0,0.0,15.813326197117547,1139.6555629264626,20.687604017864448,302.7106577576344,7.946729358776584
9,225.0,16.346711188266028,0.97,0.0004195930170044,0.0,0.0114655654252637,0.0152483615544004,0.0028664800033314,0.0,0.0,300.5,78.43,0.7487520798668885,0.2084242150741556,17.363249712371157,8.215102995425008,1120.7491952040496,35.48538546336581,0.972043066238862,0.0002533574708463,0.0,0.0105279732835044,0.0145474576399481,0.0026281453668388,0.0,0.0,0.5248232003433668,0.0366417218056584,0.0,0.2157635275334581,0.1679728085485715,0.0547987417689451,0.0,0.0,13.936947492388146,0.9246354153090204,1.0,1.2570563961929069,0.0,2.5200024606680262,2.4099419431629365,2.487373199449629,0.0,0.0,15.813326197117547,1139.6555629264626,20.687604017864448,302.7106577576344,7.946729358776584
9,225.0,17.363149712371158,0.97,0.0004195930170044,0.0,0.0114655654252637,0.0152483615544004,0.0028664800033314,0.0,0.0,300.5,78.43,0.7487520798668885,0.2213840330533106,17.363249712371157,8.215102995425008,1119.634805962727,36.78365275149037,0.9700001687495848,0.0004195727806337,0.0,0.0114654901737304,0.0152483074476718,0.0028664608483791,0.0,0.0,0.4985465810665506,0.0569560646791243,0.0,0.2217036689254557,0.1664120056382691,0.0563816796906,0.0,0.0,13.802246202110126,0.9309771091628442,1.0,1.251589761695113,0.0,2.503508937150363,2.393206051261356,2.471896918029478,0.0,0.0,15.813326197117547,1139.6555629264626,20.687604017864448,302.7106577576344,7.946729358776584
9,230.0,9.94028210767856,0.97,0.0004195930170044,0.0,0.0114655654252637,0.0152483615544004,0.0028664800033314,0.0,0.0,300.5,78.43,0.7653910149750416,0.1267408148371613,18.91236225529991,9.94018210767856,1120.6308806414395,25.430039213280548,0.998741754399138,1.8268704495883928e-06,0.0,0.0003491953375567,0.0008243686683635,8.285472449216033e-05,0.0,0.0,0.9699911718087774,0.0004197213362216,0.0,0.0114689798807445,0.015252791964793,0.0028673350094633,0.0,0.0,14.44555859653257,0.8889099247931619,1.0,1.2889229959655075,0.0,2.4908215993731813,2.363718996778611,2.4988970635293626,0.0,0.0,14.52556748614066,1121.6270137216943,24.87830228106012,302.7106577576344,9.61137473881863
9,230.0,10.9371687907476,0.97,0.0004195930170044,0.0,0.0114655654252637,0.0152483615544004,0.0028664800033314,0.0,0.0,300.5,78.43,0.7653910149750416,0.1394513424805253,18.91236225529991,9.94018210767856,1117.7283723231365,27.134708410326283,0.9949849021986944,8.391268290307247e-06,0.0,0.0014596468551454,0.0031988298224412,0.0003482298554284,0.0,0.0,0.8898637745781134,0.0017384757473337,0.0,0.0435584085235223,0.0538958608890551,0.0109434802619754,0.0,0.0,14.208452243992925,0.8992311036095686,1.0,1.2792264487627265,0.0,2.461641705145054,2.334534432537744,2.471491828627225,0.0,0.0,14.52556748614066,1121.6270137216943,24.87830228106012,302.7106577576344,9.61137473881863
9,230.0,11.934055473816638,0.97,0.0004195930170044,0.0,0.0114655654252637,0.0152483615544004,0.0028664800033314,0.0,0.0,300.5,78.43,0.7653910149750416,0.1521618701238893,18.91236225529991,9.94018210767856,1115.003142204259,28.88562616091513,0.9913175015549852,1.6974921683923495e-05,0.0,0.002645580274525,0.0053851599081504,0.0006347833406552,0.0,0.0,0.822928327981267,0.0031972973512129,0.0,0.0723155651287318,0.0832956209309417,0.0182631886078465,0.0,0.0,13.97949020058447,0.9094169690672752,1.0,1.270028393535375,0.0,2.4338292318699577,2.3066959748141813,2.445293795408887,0.0,0.0,14.52556748614066,1121.6270137216943,24.87830228106012,302.7106577576344,9.61137473881863
9,230.0,12.930942156885678,0.97,0.0004195930170044,0.0,0.0114655654252637,0.0152483615544004,0.0028664800033314,0.0,0.0,300.5,78.43,0.7653910149750416,0.1648723977672533,18.91236225529991,9.94018210767856,1112.455896921987,30.677539673867823,0.9877456027988992,2.8481078723646604e-05,0.0,0.0039007783639511,0.0073835727135846,0.0009415650448413,0.0,0.0,0.7662039312413382,0.0049112451952636,0.0,0.0983419528640451,0.105570063529759,0.0249728071695939,0.0,0.0,13.758778184097707,0.9193950252422894,1.0,1.2612963044217127,0.0,2.407365883171469,2.2801879108429737,2.420294187263333,0.0,0.0,14.52556748614066,1121.6270137216943,24.87830228106012,302.7106577576344,9.61137473881863
9,230.0,13.927828839954715,0.97,0.0004195930170044,0.0,0.0114655654252637,0.0152483615544004,0.0028664800033314,0.0,0.0,300.5,78.43,0.7653910149750416,0.1775829254106173,18.91236225529991,9.94018210767856,1110.0865729079796,32.5016259009089,0.984278075635292,4.440918555474105e-05,0.0,0.005215014707039,0.0091958962055546,0.0012666042665594,0.0,0.0,0.7175449957305086,0.0070533326181835,0.0,0.1219834565306791,0.1222638449089644,0.0311543702116642,0.0,0.0,13.546576283226097,0.9291792878891848,1.0,1.253017181678565,0.0,2.3822502841101305,2.255012749196377,2.396500222234275,0.0,0.0,14.52556748614066,1121.6270137216943,24.87830228106012,302.7106577576344,9.61137473881863
9,230.0,14.924715523023757,0.97,0.0004195930170044,0.0,0.0114655654252637,0.0152483615544004,0.0028664800033314,0.0,0.0,300.5,78.43,0.7653910149750416,0.1902934530539813,18.91236225529991,9.94018210767856,1107.896854967748,34.34296628872926,0.9809307164167208,6.740009448796784e-05,0.0,0.0065719206048558,0.0108236580831618,0.0016063048007733,0.0,0.0,0.6753691037187536,0.0099127417246402,0.0,0.1433708225512526,0.1345135862486877,0.0368337457566657,0.0,0.0,13.343537558218104,0.9387025266847786,1.0,1.2451949691426416,0.0,2.3585482696103903,2.2312180907287376,2.3739597197229183,0.0,0.0,14.52556748614066,1121.6270137216943,24.87830228106012,302.7106577576344,9.61137473881863
9,230.0,15.921602206092794,0.97,0.0004195930170044,0.0,0.0114655654252637,0.0152483615544004,0.0028664800033314,0.0,0.0,300.5,78.43,0.7653910149750416,0.2030039806973453,18.91236225529991,9.94018210767856,1105.8950588090893,36.17499340347848,0.977734839114118,0.0001024023533386,0.0,0.0079441346587597,0.0122645243756497,0.0019540994981338,0.0,0.0,0.638485882250872,0.0140143402990096,0.0,0.1623935933452518,0.1431352038308073,0.041970980274059,0.0,0.0,13.151176612822962,0.9478912494160264,1.0,1.2378652921135682,0.0,2.3363705839799405,2.2089510841994087,2.352810893084276,0.0,0.0,14.52556748614066,1121.6270137216943,24.87830228106012,302.7106577576344,9.61137473881863
9,230.0,16.918488889161836,0.97,0.0004195930170044,0.0,0.0114655654252637,0.0152483615544004,0.0028664800033314,0.0,0.0,300.5,78.43,0.7653910149750416,0.2157145083407093,18.91236225529991,9.94018210767856,1104.105508488792,37.94752802147553,0.9747549699757456,0.000159128529181,0.0,0.0092826308104307,0.0135057639252512,0.0022975067593912,0.0,0.0,0.6059863108497527,0.020359285504832,0.0,0.1785787304657047,0.1486518099308739,0.0464238632488366,0.0,0.0,12.9728286426983,0.956558181001752,1.0,1.2311264768213206,0.0,2.3160600329544354,2.1885678064544063,2.3333843999036272,0.0,0.0,14.52556748614066,1121.6270137216943,24.87830228106012,302.7106577576344,9.61137473881863
9,230.0,17.91537557223087,0.97,0.0004195930170044,0.0,0.0114655654252637,0.0152483615544004,0.0028664800033314,0.0,0.0,300.5,78.43,0.7653910149750416,0.2284250359840733,18.91236225529991,9.94018210767856,1102.5822679658556,39.5668548839728,0.9721168589042064,0.0002560359088883,0.0,0.0104987282863114,0.0145152725102773,0.0026131043903164,0.0,0.0,0.577167402080537,0.0307714334546228,0.0,0.1908847720171349,0.1512901511781291,0.0498862412695762,0.0,0.0,12.81514537660933,0.9643789799468808,1.0,1.2251870332858903,0.0,2.2983281797515493,2.1708011457113443,2.316358999266527,0.0,0.0,14.52556748614066,1121.6270137216943,24.87830228106012,302.7106577576344,9.61137473881863
9,230.0,18.91226225529991,0.97,0.0004195930170044,0.0,0.0114655654252637,0.0152483615544004,0.0028664800033314,0.0,0.0,300.5,78.43,0.7653910149750416,0.2411355636274373,18.91236225529991,9.94018210767856,1101.4021385649048,40.89747701771814,0.9700001812568476,0.0004195725774778,0.0,0.0114654846977056,0.0152483027124366,0.0028664587555321,0.0,0.0,0.5514669329199756,0.047615700910366,0.0,0.1978703988118582,0.1511180288029238,0.0519289385548763,0.0,0.0,12.687607905421263,0.9708554562050652,1.0,1.2203420262202218,0.0,2.284188290902746,2.1566935052906144,2.302699987893392,0.0,0.0,14.52556748614066,1121.6270137216943,24.87830228106012,302.7106577576344,9.61137473881863
9,235.0,11.925214841021097,0.97,0.0004195930170044,0.0,0.0114655654252637,0.0152483615544004,0.0028664800033314,0.0,0.0,300.5,78.43,0.7820299500831946,0.1520491500831454,20.747006052008945,11.925114841021095,1101.6510109078265,30.40846514008524,0.9984694242408824,2.4152875793175043e-06,0.0,0.0004282049116853,0.0010003800070322,9.9575552820981e-05,0.0,0.0,0.9699927453824112,0.0004196993228034,0.0,0.0114683779805524,0.0152519922445283,0.0028671850697044,0.0,0.0,13.170078872125517,0.9347336301419206,1.0,1.2489430929437593,0.0,2.271839815787549,2.121366171843196,2.313024574598593,0.0,0.0,13.258875583506692,1102.8688895247462,29.73094022392497,302.7106577576344,11.525181126674264
9,235.0,12.90540275335308,0.97,0.0004195930170044,0.0,0.0114655654252637,0.0152483615544004,0.0028664800033314,0.0,0.0,300.5,78.43,0.7820299500831946,0.1645467646736335,20.747006052008945,11.925114841021095,1098.7851470325163,32.10080957368423,0.9947776931735888,9.470294384487072e-06,0.0,0.00153015288182,0.0033242252193546,0.0003584584308519,0.0,0.0,0.9041916001447472,0.0015088598801789,0.0,0.037853558722508,0.046918312682122,0.0095276685704437,0.0,0.0,12.957401711617042,0.9448606765249864,1.0,1.2408579066774346,0.0,2.2481500109328048,2.0981798467624166,2.290193244303155,0.0,0.0,13.258875583506692,1102.8688895247462,29.73094022392497,302.7106577576344,11.525181126674264
9,235.0,13.88559066568506,0.97,0.0004195930170044,0.0,0.0114655654252637,0.0152483615544004,0.0028664800033314,0.0,0.0,300.5,78.43,0.7820299500831946,0.1770443792641216,20.747006052008945,11.925114841021095,1096.0887775107728,33.836450948441154,0.9911729651943012,1.8639046167382687e-05,0.0,0.0027039940952144,0.00546601041939,0.0006383912449269,0.0,0.0,0.8475500325912869,0.0027384368922402,0.0,0.0621365089595409,0.0718227981847983,0.0157522233721333,0.0,0.0,12.751715056713468,0.954849530740144,1.0,1.2331566315002835,0.0,2.2255130663432774,2.076009784788451,2.268317871823084,0.0,0.0,13.258875583506692,1102.8688895247462,29.73094022392497,302.7106577576344,11.525181126674264
9,235.0,14.865778578017045,0.97,0.0004195930170044,0.0,0.0114655654252637,0.0152483615544004,0.0028664800033314,0.0,0.0,300.5,78.43,0.7820299500831946,0.1895419938546097,20.747006052008945,11.925114841021095,1093.5622876054356,35.610395299163095,0.9876606830315932,3.083886726975214e-05,0.0,0.003943553224158,0.0074262643386536,0.0009386605383253,0.0,0.0,0.7983042887459371,0.0041990289608042,0.0,0.0845939508121831,0.0912941488296459,0.0216085826514295,0.0,0.0,12.55311571429957,0.9646714540445084,1.0,1.2258234402139876,0.0,2.20391598074906,2.054845120541052,2.247402913491716,0.0,0.0,13.258875583506692,1102.8688895247462,29.73094022392497,302.7106577576344,11.525181126674264
9,235.0,15.845966490349028,0.97,0.0004195930170044,0.0,0.0114655654252637,0.0152483615544004,0.0028664800033314,0.0,0.0,300.5,78.43,0.7820299500831946,0.2020396084450978,20.747006052008945,11.925114841021095,1091.2053825967862,37.414424205412296,0.9842487975218842,4.757209375472313e-05,0.0,0.0052389923458623,0.0092070184601436,0.0012576195783551,0.0,0.0,0.7551166080960922,0.0060299694522324,0.0,0.1053673238848372,0.1063567020129777,0.0271293965538603,0.0,0.0,12.361828129487131,0.9743134726114484,1.0,1.2188536884359082,0.0,2.183358752259445,2.0346886793100767,2.227445428319257,0.0,0.0,13.258875583506692,1102.8688895247462,29.73094022392497,302.7106577576344,11.525181126674264
9,235.0,16.826154402681013,0.97,0.0004195930170044,0.0,0.0114655654252637,0.0152483615544004,0.0028664800033314,0.0,0.0,300.5,78.43,0.7820299500831946,0.214537223035586,20.747006052008945,11.925114841021095,1089.0193283946194,39.23489960821179,0.9809513326352922,7.14406087908593e-05,0.0,0.0065749724314419,0.0108101170122514,0.0015921373122234,0.0,0.0,0.7169552681923326,0.0084641055615946,0.0,0.1244690540156792,0.1177997529937992,0.0323118192365942,0.0,0.0,12.178395952089309,0.9837235443027326,1.0,1.21225483078327,0.0,2.1638741922136897,2.015576497736634,2.208479916462501,0.0,0.0,13.258875583506692,1102.8688895247462,29.73094022392497,302.7106577576344,11.525181126674264
9,235.0,17.806342315012994,0.97,0.0004195930170044,0.0,0.0114655654252637,0.0152483615544004,0.0028664800033314,0.0,0.0,300.5,78.43,0.7820299500831946,0.2270348376260741,20.747006052008945,11.925114841021095,1087.0111993780483,41.04803777225884,0.9777956740322574,0.0001072234049237,0.0,0.0079265464376778,0.0122341513368936,0.0019364047882472,0.0,0.0,0.6830142287858758,0.0119190007213127,0.0,0.1417491161857446,0.12621188315539,0.0371057711516767,0.0,0.0,12.004048785128674,0.9928287483489456,1.0,1.2060431005010694,0.0,2.145565693910915,1.9976155158525783,2.1906123166720057,0.0,0.0,13.258875583506692,1102.8688895247462,29.73094022392497,302.7106577576344,11.525181126674264
9,235.0,18.786530227344976,0.97,0.0004195930170044,0.0,0.0114655654252637,0.0152483615544004,0.0028664800033314,0.0,0.0,300.5,78.43,0.7820299500831946,0.2395324522165622,20.747006052008945,11.925114841021095,1085.2019237954596,42.80987642417863,0.9748373533936996,0.0001641136866457,0.0,0.0092502400085184,0.0134689270898322,0.0022793658213039,0.0,0.0,0.6526587185515575,0.0171796126974362,0.0,0.156795904013073,0.1319832715932375,0.0413824931446956,0.0,0.0,11.841441277143588,1.0014858167985763,1.0,1.2002905144717988,0.0,2.1286829256893696,1.981087941191182,2.1740886192040145,0.0,0.0,13.258875583506692,1102.8688895247462,29.73094022392497,302.7106577576344,11.525181126674264
9,235.0,19.76671813967696,0.97,0.0004195930170044,0.0,0.0114655654252637,0.0152483615544004,0.0028664800033314,0.0,0.0,300.5,78.43,0.7820299500831946,0.2520300668070503,20.747006052008945,11.925114841021095,1083.6386289872955,44.43898294809146,0.9721843651833262,0.0002594818033879,0.0,0.0104684990507024,0.0144874831348459,0.0026001708277374,0.0,0.0,0.6253868061910095,0.0256793055917035,0.0,0.1687662907801214,0.1352872379586347,0.0448803594785307,0.0,0.0,11.695856197527446,1.0093644506994182,1.0,1.1951498544528538,0.0,2.113742655392471,1.966501868682245,2.1594144423049366,0.0,0.0,13.258875583506692,1102.8688895247462,29.73094022392497,302.7106577576344,11.525181126674264
9,235.0,20.746906052008946,0.97,0.0004195930170044,0.0,0.0114655654252637,0.0152483615544004,0.0028664800033314,0.0,0.0,300.5,78.43,0.7820299500831946,0.2645276813975384,20.747006052008945,11.925114841021095,1082.3937742948922,45.81183618716553,0.9700001935468688,0.0004195725689002,0.0,0.0114654789502807,0.0152482981758608,0.0028664567580893,0.0,0.0,0.600790845741181,0.0394263064861136,0.0,0.1764248620108034,0.1361489844075531,0.0472090013543488,0.0,0.0,11.575294464355537,1.0160467374882318,1.0,1.1908546523104504,0.0,2.101530954380097,1.9546234346095075,2.1473558099814483,0.0,0.0,13.258875583506692,1102.8688895247462,29.73094022392497,302.7106577576344,11.525181126674264
9,240.0,14.194204339821674,0.97,0.0004195930170044,0.0,0.0114655654252637,0.0152483615544004,0.0028664800033314,0.0,0.0,300.5,78.43,0.7986688851913477,0.1809792724699945,22.883503406891677,14.194104339821674,1081.7826191087738,36.16785389294988,0.998153712258054,3.1764253694035263e-06,0.0,0.0005182239281411,0.0012054635839431,0.0001194238044922,0.0,0.0,0.9699940005933376,0.00041968175317,0.0,0.0114678982456361,0.0152513540214282,0.0028670653864279,0.0,0.0,11.916613472109283,0.985635665409241,1.0,1.2124451044460904,0.0,2.0896758496900576,1.9161647372598696,2.1450341902968844,0.0,0.0,12.014498351825988,1083.263844328595,35.3375257790447,302.7106577576344,13.710780754884407
9,240.0,15.159670902829452,0.97,0.0004195930170044,0.0,0.0114655654252637,0.0152483615544004,0.0028664800033314,0.0,0.0,300.5,78.43,0.7986688851913477,0.1932891865718405,22.883503406891677,14.194104339821674,1078.946202470591,37.858802581434205,0.9945280364647352,1.0790259560855356e-05,0.0,0.001607450871994,0.0034802405700574,0.0003734818336523,0.0,0.0,0.9157037688979268,0.0013245349606953,0.0,0.033287877487813,0.0412987393545843,0.0083850792989804,0.0,0.0,11.72564514528985,0.9957183751482872,1.0,1.2056840372332078,0.0,2.07024586334562,1.8976576212505705,2.125949604257828,0.0,0.0,12.014498351825988,1083.263844328595,35.3375257790447,302.7106577576344,13.710780754884407
9,240.0,16.12513746583723,0.97,0.0004195930170044,0.0,0.0114655654252637,0.0152483615544004,0.0028664800033314,0.0,0.0,300.5,78.43,0.7986688851913477,0.2055991006736864,22.883503406891677,14.194104339821674,1076.2733057421517,39.59078174860979,0.9909879677261164,2.06241083480236e-05,0.0,0.0027658572220191,0.005577338032412,0.0006482129111043,0.0,0.0,0.8678360966752025,0.0023616686646074,0.0,0.0538134553891049,0.062324358861315,0.01366442040977,0.0,0.0,11.540738550682532,1.005644260227814,1.0,1.1992249439799028,0.0,2.0516375660201893,1.8799226994182456,2.107627804878017,0.0,0.0,12.014498351825988,1083.263844328595,35.3375257790447,302.7106577576344,13.710780754884407
9,240.0,17.090604028845007,0.97,0.0004195930170044,0.0,0.0114655654252637,0.0152483615544004,0.0028664800033314,0.0,0.0,300.5,78.43,0.7986688851913477,0.2179090147755324,22.883503406891677,14.194104339821674,1073.7638914203987,41.35900683794456,0.987538273511448,3.360980998435471e-05,0.0,0.0039873717593161,0.0074977362997253,0.000943008619526,0.0,0.0,0.8253353899471828,0.0036033790432653,0.0,0.0731495145253614,0.0791794651149188,0.0187322513692715,0.0,0.0,11.361969344623724,1.01546236973631,1.0,1.1930673351562628,0.0,2.0338416472681176,1.8629689937278973,2.090064273199132,0.0,0.0,12.014498351825988,1083.263844328595,35.3375257790447,302.7106577576344,13.710780754884407
9,240.0,18.056070591852784,0.97,0.0004195930170044,0.0,0.0114655654252637,0.0152483615544004,0.0028664800033314,0.0,0.0,300.5,78.43,0.7986688851913477,0.2302189288773783,22.883503406891677,14.194104339821674,1071.4172580402048,43.15576851233867,0.984185887139308,5.125136966588351e-05,0.0,0.0052625736470176,0.0092438818164914,0.0012564060275171,0.0,0.0,0.7873659736587613,0.005161751012622,0.0,0.0913250308712829,0.0925521142100985,0.0235951302472351,0.0,0.0,11.189523564739217,1.0250852445896492,1.0,1.1871977482766187,0.0,2.016858374280223,1.846826707767568,2.0732648035600354,0.0,0.0,12.014498351825988,1083.263844328595,35.3375257790447,302.7106577576344,13.710780754884407
9,240.0,19.021537154860564,0.97,0.0004195930170044,0.0,0.0114655654252637,0.0152483615544004,0.0028664800033314,0.0,0.0,300.5,78.43,0.7986688851913477,0.2425288429792243,22.883503406891677,14.194104339821674,1069.2340366689075,44.96853311752261,0.980942978562732,7.610716253241988e-05,0.0,0.0065771237373426,0.0108181889575517,0.0015856015798413,0.0,0.0,0.7532589997500966,0.0072228109199887,0.0,0.1082879922471286,0.1029941278844945,0.0282360691982916,0.0,0.0,11.023842384513497,1.034511052851751,1.0,1.1816154624908934,0.0,2.000712470919056,1.8314748907679943,2.057258052906664,0.0,0.0,12.014498351825988,1083.263844328595,35.3375257790447,302.7106577576344,13.710780754884407
9,240.0,19.98700371786834,0.97,0.0004195930170044,0.0,0.0114655654252637,0.0152483615544004,0.0028664800033314,0.0,0.0,300.5,78.43,0.7986688851913477,0.2548387570810702,22.883503406891677,14.194104339821674,1067.2198599858566,46.775940328628494,0.977833059069317,0.0001127765826239,0.0,0.0079083219346326,0.012220419273376,0.0019254231400503,0.0,0.0,0.7224752112661066,0.0101149971277152,0.0,0.1238745151984779,0.1109313848504762,0.032603891557224,0.0,0.0,10.86590670078996,1.0436671608327324,1.0,1.1763407248035909,0.0,1.9854799922507984,1.816989892440236,2.042122837763405,0.0,0.0,12.014498351825988,1083.263844328595,35.3375257790447,302.7106577576344,13.710780754884407
9,240.0,20.95247028087612,0.97,0.0004195930170044,0.0,0.0114655654252637,0.0152483615544004,0.0028664800033314,0.0,0.0,300.5,78.43,0.7986688851913477,0.2671486711829162,22.883503406891677,14.194104339821674,1065.39216557467,48.53945317872533,0.9749031190581062,0.000169912154856,0.0,0.0092177389458509,0.0134430736776173,0.0022661561635693,0.0,0.0,0.6945791848351822,0.014444809571815,0.0,0.1377317633233944,0.1166560273153845,0.0365882149542238,0.0,0.0,10.717799127683705,1.0524001814889603,1.0,1.1714264980337523,0.0,1.9713413615416184,1.803549443835562,2.028039703041326,0.0,0.0,12.014498351825988,1083.263844328595,35.3375257790447,302.7106577576344,13.710780754884407
9,240.0,21.917936843883897,0.97,0.0004195930170044,0.0,0.0114655654252637,0.0152483615544004,0.0028664800033314,0.0,0.0,300.5,78.43,0.7986688851913477,0.2794585852847621,22.883503406891677,14.194104339821674,1063.7909553707946,50.18862807737461,0.972244101271218,0.0002636903701067,0.0,0.0104380549430565,0.0144645427959542,0.0025896106196645,0.0,0.0,0.6692210868564157,0.0213153650980194,0.0,0.1491837201474874,0.120304295210658,0.0399755326874194,0.0,0.0,10.58364175846791,1.0604618537241912,1.0,1.1669847584088715,0.0,1.9586688064785724,1.7915478245630727,2.0153791033389608,0.0,0.0,12.014498351825988,1083.263844328595,35.3375257790447,302.7106577576344,13.710780754884407
9,240.0,22.883403406891677,0.97,0.0004195930170044,0.0,0.0114655654252637,0.0152483615544004,0.0028664800033314,0.0,0.0,300.5,78.43,0.7986688851913477,0.2917684993866081,22.883503406891677,14.194104339821674,1062.4820171297947,51.61265208838459,0.97000020542902,0.0004195727541866,0.0,0.0114654729901952,0.0152482939193181,0.0028664549072801,0.0,0.0,0.646115192449862,0.032366485678354,0.0,0.1572011309036989,0.1218836150073794,0.0424335759607054,0.0,0.0,10.469988490344562,1.0674274885352746,1.0,1.163195065280788,0.0,1.9480589831686812,1.781547329449681,2.0047323659080907,0.0,0.0,12.014498351825988,1083.263844328595,35.3375257790447,302.7106577576344,13.710780754884407
9,245.0,16.772568406819612,0.97,0.0004195930170044,0.0,0.0114655654252637,0.0152483615544004,0.0028664800033314,0.0,0.0,300.5,78.43,0.8153078202995009,0.2138539896317686,25.33974186649427,16.772468406819613,1060.876825776469,42.82499119512016,0.9977890618784632,4.161316552146221e-06,0.0,0.0006202208607778,0.0014435236163968,0.00014303232781,0.0,0.0,0.9699950113221372,0.0004196675950861,0.0,0.0114675123758509,0.0152508397916911,0.0028669689152345,0.0,0.0,10.686750849506227,1.0427465363841704,1.0,1.1791007566509235,0.0,1.9367035189144328,1.7418063622624005,1.9928023560325288,0.0,0.0,10.793959502416731,1062.6711211462375,41.80803719266337,302.7106577576344,16.191644196077288
9,245.0,17.724465457894574,0.97,0.0004195930170044,0.0,0.0114655654252637,0.0152483615544004,0.0028664800033314,0.0,0.0,300.5,78.43,0.8153078202995009,0.2259908894287208,25.33974186649427,16.772468406819613,1058.0638692906398,44.52502393999423,0.9942320744578907,1.2411334561662982e-05,0.0,0.0016931446819254,0.0036687416917341,0.0003936278338879,0.0,0.0,0.9250285643224472,0.0011752668604828,0.0,0.0296018496974471,0.0367385616909734,0.0074557574286493,0.0,0.0,10.515316588728744,1.0529084059141869,1.0,1.173440262523588,0.0,1.9206193332863477,1.727032998128284,1.9767987395892288,0.0,0.0,10.793959502416731,1062.6711211462375,41.80803719266337,302.7106577576344,16.191644196077288
9,245.0,18.676362508969536,0.97,0.0004195930170044,0.0,0.0114655654252637,0.0152483615544004,0.0028664800033314,0.0,0.0,300.5,78.43,0.8153078202995009,0.238127789225673,25.33974186649427,16.772468406819613,1055.4096525118805,46.26432042229299,0.990759964687087,2.2998811960300457e-05,0.0,0.0028331943692883,0.005719541076774,0.0006643010548901,0.0,0.0,0.8846086361557766,0.0020508925192861,0.0,0.0469728482549709,0.0544429839285606,0.0119246391414056,0.0,0.0,10.349171618086594,1.0629605439901888,1.0,1.1680199616100908,0.0,1.9051842120074225,1.7128467962164693,1.9614098510352445,0.0,0.0,10.793959502416731,1062.6711211462375,41.80803719266337,302.7106577576344,16.191644196077288
9,245.0,19.628259560044494,0.97,0.0004195930170044,0.0,0.0114655654252637,0.0152483615544004,0.0028664800033314,0.0,0.0,300.5,78.43,0.8153078202995009,0.2502646890226252,25.33974186649427,16.772468406819613,1052.9136248154923,48.03827011701732,0.9873767511003118,3.686930585370909e-05,0.0,0.0040344604830235,0.0075974737657702,0.0009544453450406,0.0,0.0,0.8480961052924396,0.0031045316868897,0.0,0.0635973263747214,0.0689219748794937,0.0162800617664553,0.0,0.0,10.1883726566509,1.072878248001711,1.0,1.1628430277727233,0.0,1.8903910248707665,1.6992665565526592,1.9466318906899076,0.0,0.0,10.793959502416731,1062.6711211462375,41.80803719266337,302.7106577576344,16.191644196077288
9,245.0,20.58015661111946,0.97,0.0004195930170044,0.0,0.0114655654252637,0.0152483615544004,0.0028664800033314,0.0,0.0,300.5,78.43,0.8153078202995009,0.2624015888195774,25.33974186649427,16.772468406819613,1050.5745483979942,49.83960755224558,0.984088266774858,5.552517073500596e-05,0.0,0.0052879749827326,0.0093055619696797,0.0012626711019946,0.0,0.0,0.8149669096161493,0.0044259455526665,0.0,0.0794463151325667,0.0806453759547335,0.0205154537438838,0.0,0.0,10.033064998678208,1.0826347814518795,1.0,1.1578925954370474,0.0,1.876239651887742,1.6863070657940529,1.932467845046102,0.0,0.0,10.793959502416731,1062.6711211462375,41.80803719266337,302.7106577576344,16.191644196077288
9,245.0,21.53205366219442,0.97,0.0004195930170044,0.0,0.0114655654252637,0.0152483615544004,0.0028664800033314,0.0,0.0,300.5,78.43,0.8153078202995009,0.2745384886165296,25.33974186649427,16.772468406819613,1048.3922747819677,51.65677928641793,0.9809047761100372,8.147336552496371e-05,0.0,0.0065803917757306,0.0108469676535598,0.0015863910951473,0.0,0.0,0.7847885531661675,0.0061623638195903,0.0,0.0944374733795889,0.0900035444425632,0.0246080651920898,0.0,0.0,9.883595984208776,1.092215550813859,1.0,1.1531714666555328,0.0,1.8627480695485603,1.6739463495018467,1.9189385262967968,0.0,0.0,10.793959502416731,1062.6711211462375,41.80803719266337,302.7106577576344,16.191644196077288
9,245.0,22.483950713269383,0.97,0.0004195930170044,0.0,0.0114655654252637,0.0152483615544004,0.0028664800033314,0.0,0.0,300.5,78.43,0.8153078202995009,0.2866753884134818,25.33974186649427,16.772468406819613,1046.3708930520445,53.47058011020556,0.9778460174895744,0.0001191188674157,0.0,0.0078911365224805,0.012222765288178,0.0019209618323512,0.0,0.0,0.7572032312461793,0.0085689411686602,0.0,0.1084098969492804,0.0973074583970039,0.0285104722388761,0.0,0.0,9.740732420158482,1.101540560904308,1.0,1.1486946204651751,0.0,1.849971466120923,1.662239801435006,1.9061016188693531,0.0,0.0,10.793959502416731,1062.6711211462375,41.80803719266337,302.7106577576344,16.191644196077288
9,245.0,23.435847764344345,0.97,0.0004195930170044,0.0,0.0114655654252637,0.0152483615544004,0.0028664800033314,0.0,0.0,300.5,78.43,0.8153078202995009,0.298812288210434,25.33974186649427,16.772468406819613,1044.524404038337,55.24727348391922,0.974950983619937,0.000176548619209,0.0,0.0091864018514581,0.0134281639980215,0.0022579019113741,0.0,0.0,0.7319163595117948,0.0121071483533532,0.0,0.121066324097667,0.1027782937653117,0.0321318742718732,0.0,0.0,9.606076595835711,1.1104921183902448,1.0,1.1445004344543923,0.0,1.8380390376332525,1.6513613427385632,1.8940878954584877,0.0,0.0,10.793959502416731,1062.6711211462375,41.80803719266337,302.7106577576344,16.191644196077288
9,245.0,24.387744815419307,0.97,0.0004195930170044,0.0,0.0114655654252637,0.0152483615544004,0.0028664800033314,0.0,0.0,300.5,78.43,0.8153078202995009,0.3109491880073862,25.33974186649427,16.772468406819613,1042.8858352113757,56.92628359901256,0.972294643201982,0.0002686550163159,0.0,0.0104082525683868,0.0144468188889143,0.0025816303244006,0.0,0.0,0.7086889301050543,0.017608221913048,0.0,0.1318710182666976,0.1065270280170907,0.0353048016981093,0.0,0.0,9.482790776134305,1.1188401277739315,1.0,1.1406693751082435,0.0,1.827216210056015,1.6415028344401226,1.8831645001464052,0.0,0.0,10.793959502416731,1062.6711211462375,41.80803719266337,302.7106577576344,16.191644196077288
9,245.0,25.33964186649427,0.97,0.0004195930170044,0.0,0.0114655654252637,0.0152483615544004,0.0028664800033314,0.0,0.0,300.5,78.43,0.8153078202995009,0.3230860878043384,25.33974186649427,16.772468406819613,1041.5127851224408,58.40990616688036,0.9700002167222924,0.0004195731271612,0.0,0.0114654668871849,0.0152482900141555,0.0028664532492058,0.0,0.0,0.6873268402505048,0.0263621241667366,0.0,0.1399898154265578,0.1085590535438438,0.0377621666123568,0.0,0.0,9.376072021049657,1.1262009879425534,1.0,1.1373362796170017,0.0,1.8179527528786437,1.633079676235363,1.873774204774818,0.0,0.0,10.793959502416731,1062.6711211462375,41.80803719266337,302.7106577576344,16.191644196077288
9,250.0,19.68690311175103,0.97,0.0004195930170044,0.0,0.0114655654252637,0.0152483615544004,0.0028664800033314,0.0,0.0,300.5,78.43,0.831946755407654,0.2510124073919549,28.13475638852924,19.68680311175103,1038.7508118952212,50.523173029650586,0.9973685925865352,5.438835850789077e-06,0.0,0.0007356014794241,0.0017191623219995,0.0001712047761902,0.0,0.0,0.969995832559392,0.0004196560806401,0.0,0.0114671992866809,0.0152504216579331,0.0028668904153537,0.0,0.0,9.48242130153105,1.1075593574542824,1.0,1.1486225460524078,0.0,1.8069723682476968,1.5933806418843235,1.854583275230764,0.0,0.0,9.599114364051816,1040.9186176418627,49.27650279185157,302.7106577576344,18.99215487266697
9,250.0,20.625542364726385,0.97,0.0004195930170044,0.0,0.0114655654252637,0.0152483615544004,0.0028664800033314,0.0,0.0,300.5,78.43,0.831946755407654,0.2629802673049392,28.13475638852924,19.68680311175103,1035.95620200463,52.24268150840042,0.9938846043896692,1.4413489662686154e-05,0.0,0.0017892820478467,0.0038922765376467,0.0004194235351746,0.0,0.0,0.932649602114708,0.0010532068845103,0.0,0.0265971970110765,0.0330068425773648,0.0066931514123402,0.0,0.0,9.32878047919206,1.1179643135972066,1.0,1.1438845663761663,0.0,1.7935457703661757,1.581565007866954,1.8411412392468436,0.0,0.0,9.599114364051816,1040.9186176418627,49.27650279185157,302.7106577576344,18.99215487266697
9,250.0,21.564181617701745,0.97,0.0004195930170044,0.0,0.0114655654252637,0.0152483615544004,0.0028664800033314,0.0,0.0,300.5,78.43,0.831946755407654,0.2749481272179235,28.13475638852924,19.68680311175103,1033.3161862257216,54.00003019527014,0.99048509402478,2.5853343062450875e-05,0.0,0.0029084775298686,0.0058936562291753,0.0006869188731136,0.0,0.0,0.8985502689094884,0.0017929132365155,0.0,0.0413117369050853,0.0478765339762496,0.0104685469726609,0.0,0.0,9.179773218018576,1.1282840215476568,1.0,1.1393471830185606,0.0,1.780637186957282,1.570245114889257,1.8281963738968277,0.0,0.0,9.599114364051816,1040.9186176418627,49.27650279185157,302.7106577576344,18.99215487266697
9,250.0,22.5028208706771,0.97,0.0004195930170044,0.0,0.0114655654252637,0.0152483615544004,0.0028664800033314,0.0,0.0,300.5,78.43,0.831946755407654,0.2869159871309077,28.13475638852924,19.68680311175103,1030.8296324625385,55.790761880021705,0.9871732673722828,4.071536631523572e-05,0.0,0.004087491130956,0.0077255194528314,0.0009730066776144,0.0,0.0,0.8673065862754497,0.0026852212454453,0.0,0.055585278906152,0.0602337635500487,0.014189150022904,0.0,0.0,9.035435869781582,1.1384802369200828,1.0,1.1349962430611291,0.0,1.7682405292404877,1.559365105225163,1.815745602710059,0.0,0.0,9.599114364051816,1040.9186176418627,49.27650279185157,302.7106577576344,18.99215487266697
9,250.0,23.44146012365245,0.97,0.0004195930170044,0.0,0.0114655654252637,0.0152483615544004,0.0028664800033314,0.0,0.0,300.5,78.43,0.831946755407654,0.298883847043892,28.13475638852924,19.68680311175103,1028.4946800014875,57.60801573800812,0.9839537950009218,6.0494477556095485e-05,0.0,0.0053178467652021,0.0093915758895681,0.0012762878667518,0.0,0.0,0.8385882987706005,0.0038014507822057,0.0,0.0693625151615214,0.0704054115111133,0.0178423237745589,0.0,0.0,8.895874879924099,1.1485246575893089,1.0,1.1308263143518311,0.0,1.756355104338845,1.54896657797859,1.8037889605626385,0.0,0.0,9.599114364051816,1040.9186176418627,49.27650279185157,302.7106577576344,18.99215487266697
9,250.0,24.38009937662781,0.97,0.0004195930170044,0.0,0.0114655654252637,0.0152483615544004,0.0028664800033314,0.0,0.0,300.5,78.43,0.831946755407654,0.3108517069568763,28.13475638852924,19.68680311175103,1026.3103196099307,59.44113773050206,0.9808350172240264,8.763446463536811e-05,0.0,0.0065871991130378,0.0108958414123551,0.0015943077859452,0.0,0.0,0.8121158889949134,0.0052567778453866,0.0,0.0825514264292506,0.0786717746464185,0.0214041320840308,0.0,0.0,8.761353411037542,1.1583984028236658,1.0,1.126839472828178,0.0,1.7449934743890834,1.5390373957929089,1.792341442192355,0.0,0.0,9.599114364051816,1040.9186176418627,49.27650279185157,302.7106577576344,18.99215487266697
9,250.0,25.31873862960317,0.97,0.0004195930170044,0.0,0.0114655654252637,0.0152483615544004,0.0028664800033314,0.0,0.0,300.5,78.43,0.831946755407654,0.3228195668698606,28.13475638852924,19.68680311175103,1024.2790756210532,61.27288437207441,0.9778330429837762,0.0001263256815671,0.0,0.0078770119183858,0.0122407562198179,0.0019228631964529,0.0,0.0,0.7876532648479486,0.0072466130211694,0.0,0.0950041106946998,0.0852629158627224,0.0248330955734595,0.0,0.0,8.63245579830382,1.1680524934528862,1.0,1.1230496174946252,0.0,1.734194927590331,1.529603810631638,1.78144371691336,0.0,0.0,9.599114364051816,1040.9186176418627,49.27650279185157,302.7106577576344,18.99215487266697
9,250.0,26.257377882578528,0.97,0.0004195930170044,0.0,0.0114655654252637,0.0152483615544004,0.0028664800033314,0.0,0.0,300.5,78.43,0.831946755407654,0.3347874267828449,28.13475638852924,19.68680311175103,1022.4116713555876,63.07382960128849,0.9749794649084864,0.0001840597419942,0.0,0.0091577474038389,0.0134241362364365,0.0022545917092437,0.0,0.0,0.7650032264120452,0.0101161291583482,0.0,0.1064748198561803,0.0903488615785545,0.0280569629948715,0.0,0.0,8.510389111822056,1.1773664546939322,1.0,1.1194856639048691,0.0,1.7240540865408809,1.5207842483694347,1.771189024659734,0.0,0.0,9.599114364051816,1040.9186176418627,49.27650279185157,302.7106577576344,18.99215487266697
9,250.0,27.196017135553884,0.97,0.0004195930170044,0.0,0.0114655654252637,0.0152483615544004,0.0028664800033314,0.0,0.0,300.5,78.43,0.831946755407654,0.3467552866958291,28.13475638852924,19.68680311175103,1020.7345471060512,64.79230239858782,0.972334594544589,0.0002743673972118,0.0,0.0103800636115413,0.0144345949583462,0.0025763794883114,0.0,0.0,0.7440051844313632,0.0144778102080489,0.0,0.1165449603721012,0.0940230816519127,0.0309489633365739,0.0,0.0,8.397517259737636,1.1861335884465916,1.0,1.1161967297650328,0.0,1.7147681184585015,1.5126991875362985,1.7617659768459468,0.0,0.0,9.599114364051816,1040.9186176418627,49.27650279185157,302.7106577576344,18.99215487266697
9,250.0,28.13465638852924,0.97,0.0004195930170044,0.0,0.0114655654252637,0.0152483615544004,0.0028664800033314,0.0,0.0,300.5,78.43,0.831946755407654,0.3587231466088134,28.13475638852924,19.68680311175103,1019.296322551534,66.34378381487322,0.9700002272727324,0.0004195736756286,0.0,0.011465460716916,0.0152482865137903,0.0028664518209324,0.0,0.0,0.724530898396552,0.0213095171561956,0.0,0.1245572845694794,0.0962970246783484,0.0333052751994243,0.0,0.0,8.297838692046838,1.19402379077481,1.0,1.113279469723929,0.0,1.70664216423392,1.5056532350265035,1.7534975263564336,0.0,0.0,9.599114364051816,1040.9186176418627,49.27650279185157,302.7106577576344,18.99215487266697
9,255.0,22.96532547354481,0.97,0.0004195930170044,0.0,0.0114655654252637,0.0152483615544004,0.0028664800033314,0.0,0.0,300.5,78.43,0.848585690515807,0.2928130240156165,31.288350932068155,22.96522547354481,1015.174944800048,59.44233461068401,0.9968834660139196,7.104016154089988e-06,0.0,0.0008664875197003,0.0020379593656784,0.0002049830845476,0.0,0.0,0.9699965057026666,0.0004196466320856,0.0,0.0114669430872676,0.0152500786348214,0.0028668259431585,0.0,0.0,8.305978642234985,1.182131307471756,1.0,1.1207840995926797,0.0,1.695779697699474,1.466908127981907,1.728870466487464,0.0,0.0,8.432227805466914,1017.7913832278248,57.90987351738985,302.7106577576344,22.13772066860631
9,255.0,23.89009496893629,0.97,0.0004195930170044,0.0,0.0114655654252637,0.0152483615544004,0.0028664800033314,0.0,0.0,300.5,78.43,0.848585690515807,0.3046040414246626,31.288350932068155,22.96522547354481,1012.3941243009511,61.19196800982923,0.9934786428752128,1.6905048627047194e-05,0.0,0.001898580614457,0.0041542342385145,0.0004516372231885,0.0,0.0,0.9389395607173838,0.000952318237031,0.0,0.024121950737359,0.029925038980781,0.006061131327445,0.0,0.0,8.168752156331044,1.1929799830729544,1.0,1.1168393144673712,0.0,1.6844638995795005,1.4575136149472896,1.7175692290589384,0.0,0.0,8.432227805466914,1017.7913832278248,57.90987351738985,302.7106577576344,22.13772066860631
9,255.0,24.814864464327776,0.97,0.0004195930170044,0.0,0.0114655654252637,0.0152483615544004,0.0028664800033314,0.0,0.0,300.5,78.43,0.848585690515807,0.3163950588337087,31.288350932068155,22.96522547354481,1009.76384938784,62.97822535258831,0.9901579027675996,2.930779227125226e-05,0.0,0.0029948004670989,0.0061014283306837,0.0007165606423462,0.0,0.0,0.9102191700835875,0.0015770335954043,0.0,0.0365866985641677,0.0423747578669518,0.0092423398898884,0.0,0.0,8.035587975310243,1.2037422423761706,1.0,1.1130443179454796,0.0,1.6735863349625395,1.4484699479729537,1.7066708661563723,0.0,0.0,8.432227805466914,1017.7913832278248,57.90987351738985,302.7106577576344,22.13772066860631
9,255.0,25.739633959719256,0.97,0.0004195930170044,0.0,0.0114655654252637,0.0152483615544004,0.0028664800033314,0.0,0.0,300.5,78.43,0.848585690515807,0.3281860762427547,31.288350932068155,22.96522547354481,1007.2823644176814,64.79679662395405,0.986923591167048,4.5276412343110135e-05,0.0,0.0041497084337981,0.0078824889136742,0.0009989350731364,0.0,0.0,0.8835934356532104,0.0023307365483911,0.0,0.0488180434924377,0.0528562038863765,0.0124015804195841,0.0,0.0,7.906503076184517,1.214386457761534,1.0,1.1094015375001678,0.0,1.663121045973987,1.4397987005277983,1.696171301867233,0.0,0.0,8.432227805466914,1017.7913832278248,57.90987351738985,302.7106577576344,22.13772066860631
9,255.0,26.66440345511074,0.97,0.0004195930170044,0.0,0.0114655654252637,0.0152483615544004,0.0028664800033314,0.0,0.0,300.5,78.43,0.848585690515807,0.3399770936518008,31.288350932068155,22.96522547354481,1004.9471451632588,66.64121086424883,0.9837791821862584,6.628961647459022e-05,0.0,0.0053553612899716,0.009501871066245,0.0012972958410505,0.0,0.0,0.8588531683206492,0.0032694394781094,0.0,0.0607522227443809,0.0616012003804208,0.0155239690764396,0.0,0.0,7.781567422230049,1.2249017934840127,1.0,1.1059099678109954,0.0,1.6530657006896403,1.4314750354493058,1.686070597104717,0.0,0.0,8.432227805466914,1017.7913832278248,57.90987351738985,302.7106577576344,22.13772066860631
9,255.0,27.589172950502224,0.97,0.0004195930170044,0.0,0.0114655654252637,0.0152483615544004,0.0028664800033314,0.0,0.0,300.5,78.43,0.848585690515807,0.3517681110608469,31.288350932068155,22.96522547354481,1002.7563015821656,68.50167062209844,0.9807311119445324,9.471184099066924e-05,0.0,0.0066004321294468,0.010964479079263,0.001609265005767,0.0,0.0,0.8358176017255589,0.0044819246353,0.0,0.0722994526246389,0.068814257373115,0.0185867636413871,0.0,0.0,7.660970592790153,1.235273942313102,1.0,1.1025633322731596,0.0,1.6434284380591515,1.4235229411512031,1.6763784326926754,0.0,0.0,8.432227805466914,1017.7913832278248,57.90987351738985,302.7106577576344,22.13772066860631
9,255.0,28.513942445893708,0.97,0.0004195930170044,0.0,0.0114655654252637,0.0152483615544004,0.0028664800033314,0.0,0.0,300.5,78.43,0.848585690515807,0.3635591284698929,31.288350932068155,22.96522547354481,1000.7108436138822,70.36276286640123,0.9777920469544836,0.0001344927441386,0.0,0.0078683593998111,0.0122740864574454,0.001931014444121,0.0,0.0,0.814331523426916,0.006115288308219,0.0,0.0833300684464509,0.07466803342712,0.0215550863912941,0.0,0.0,7.545142894093492,1.245429471663949,1.0,1.099371659821818,0.0,1.6342365878690153,1.4159498565100677,1.667125243983924,0.0,0.0,8.432227805466914,1017.7913832278248,57.90987351738985,302.7106577576344,22.13772066860631
9,255.0,29.43871194128519,0.97,0.0004195930170044,0.0,0.0114655654252637,0.0152483615544004,0.0028664800033314,0.0,0.0,300.5,78.43,0.848585690515807,0.375350145878939,31.288350932068155,22.96522547354481,998.8184582224892,72.19899185255252,0.9749868203213315,0.0001924936056627,0.0,0.0091335772434331,0.0134309164143767,0.0022561924151956,0.0,0.0,0.7942639793265889,0.0084225977925586,0.0,0.0936450499315149,0.0792953005094229,0.0243730724399145,0.0,0.0,7.434968773363462,1.2552742134773056,1.0,1.0963581549221573,0.0,1.6255575368445188,1.408819870094316,1.6583854044518649,0.0,0.0,8.432227805466914,1017.7913832278248,57.90987351738985,302.7106577576344,22.13772066860631
9,255.0,30.363481436676672,0.97,0.0004195930170044,0.0,0.0114655654252637,0.0152483615544004,0.0028664800033314,0.0,0.0,300.5,78.43,0.848585690515807,0.3871411632879851,31.288350932068155,22.96522547354481,997.0995415969072,73.9667574789697,0.9723625478597396,0.0002808173891429,0.0,0.0103546043689568,0.0144280750489605,0.0025739553332,0.0,0.0,0.7755084522094047,0.0118439908539079,0.0,0.1029229869058223,0.082776640999425,0.0269479290314399,0.0,0.0,7.332168023196238,1.2646336390188335,1.0,1.0935523376947516,0.0,1.6175295184404002,1.40222736571229,1.6502738415541196,0.0,0.0,8.432227805466914,1017.7913832278248,57.90987351738985,302.7106577576344,22.13772066860631
9,255.0,31.28825093206816,0.97,0.0004195930170044,0.0,0.0114655654252637,0.0152483615544004,0.0028664800033314,0.0,0.0,300.5,78.43,0.848585690515807,0.3989321806970311,31.288350932068155,22.96522547354481,995.5935765034562,75.59450559320057,0.9700002369758371,0.0004195743810955,0.0,0.0114654545524687,0.015248283444237,0.0028664506463616,0.0,0.0,0.757982205935351,0.0170927877580434,0.0,0.1106613556420198,0.0851320456910853,0.0291316049735002,0.0,0.0,7.239697789011475,1.2732152239768944,1.0,1.0910218005423384,0.0,1.610364213253168,1.3963732819994927,1.6430176591753172,0.0,0.0,8.432227805466914,1017.7913832278248,57.90987351738985,302.7106577576344,22.13772066860631
9,260.0,26.637830686734397,0.97,0.0004195930170044,0.0,0.0114655654252637,0.0152483615544004,0.0028664800033314,0.0,0.0,300.5,78.43,0.8652246256239601,0.3396382849258497,34.820703887763244,26.637730686734397,989.8532049970568,69.81455194304849,0.996321903228652,9.291584455046529e-06,0.0,0.0010161395400324,0.0024069128039589,0.0002457528429016,0.0,0.0,0.9699970622664528,0.0004196388099044,0.0,0.0114667316642208,0.0152497947621157,0.0028667724973061,0.0,0.0,7.160319099536635,1.2693823472321597,1.0,1.0954264985806328,0.0,1.5992874550851537,1.359257415318588,1.614323470365202,0.0,0.0,7.296085655146154,993.0143761526203,67.92140682303575,302.7106577576344,25.654931900849267
9,260.0,27.54702770907093,0.97,0.0004195930170044,0.0,0.0114655654252637,0.0152483615544004,0.0028664800033314,0.0,0.0,300.5,78.43,0.8652246256239601,0.3512307498287763,34.820703887763244,26.637730686734397,987.081835005681,71.60558372353358,0.9930046695585102,2.0036437485335308e-05,0.0,0.0020247920474301,0.0044591466834907,0.0004913552730838,0.0,0.0,0.9441869912509132,0.0008679262328608,0.0,0.0220588393334306,0.027354690539054,0.0055315526437412,0.0,0.0,7.0384372640041954,1.2809015612896966,1.0,1.0921541607745082,0.0,1.589701691380398,1.3518169408502685,1.6048208835701203,0.0,0.0,7.296085655146154,993.0143761526203,67.92140682303575,302.7106577576344,25.654931900849267
9,260.0,28.45622473140747,0.97,0.0004195930170044,0.0,0.0114655654252637,0.0152483615544004,0.0028664800033314,0.0,0.0,300.5,78.43,0.8652246256239601,0.362823214731703,34.820703887763244,26.637730686734397,984.4565066319714,73.43210930837125,0.9897707798525244,3.3525591737105884e-05,0.0,0.0030961841767191,0.0063455064557748,0.0007540039232446,0.0,0.0,0.9200684688240908,0.0013946146309482,0.0,0.0326026183817976,0.0377327142318125,0.008201583931351,0.0,0.0,6.9201070015251736,1.2923270547870815,1.0,1.0890138622241818,0.0,1.5804541424403984,1.3446503770286196,1.5956442581388366,0.0,0.0,7.296085655146154,993.0143761526203,67.92140682303575,302.7106577576344,25.654931900849267
9,260.0,29.36542175374401,0.97,0.0004195930170044,0.0,0.0114655654252637,0.0152483615544004,0.0028664800033314,0.0,0.0,300.5,78.43,0.8652246256239601,0.3744156796346297,34.820703887763244,26.637730686734397,981.9748327265736,75.28997596918887,0.9866216956159628,5.072370430474264e-05,0.0,0.0042251776534456,0.008069690381916,0.0010327126443707,0.0,0.0,0.8974906741058168,0.0020287227848011,0.0,0.0430505281557107,0.0465640960955239,0.0108659788581473,0.0,0.0,6.805326682420974,1.3036686276947846,1.0,1.085988821796521,0.0,1.5715399770156857,1.337758883583326,1.5867944636094948,0.0,0.0,7.296085655146154,993.0143761526203,67.92140682303575,302.7106577576344,25.654931900849267
9,260.0,30.274618776080548,0.97,0.0004195930170044,0.0,0.0114655654252637,0.0152483615544004,0.0028664800033314,0.0,0.0,300.5,78.43,0.8652246256239601,0.3860081445375563,34.820703887763244,26.637730686734397,979.6336359002196,77.1731121739434,0.98355969674415,7.308083155225881e-05,0.0,0.0054044053314166,0.0096368949768515,0.0013259221160294,0.0,0.0,0.8763204770759752,0.002813532707029,0.0,0.0533401439406497,0.0540161542128667,0.0135096920634794,0.0,0.0,6.694134849016415,1.314889373800667,1.0,1.083087856675086,0.0,1.5629761410958107,1.331152795105618,1.578278474150778,0.0,0.0,7.296085655146154,993.0143761526203,67.92140682303575,302.7106577576344,25.654931900849267
9,260.0,31.183815798417086,0.97,0.0004195930170044,0.0,0.0114655654252637,0.0152483615544004,0.0028664800033314,0.0,0.0,300.5,78.43,0.8652246256239601,0.397600609440483,34.820703887763244,26.637730686734397,977.430187620143,79.07256894607978,0.9805893805706836,0.0001028608049599,0.0,0.0066235843709061,0.011052870643029,0.0016313036104214,0.0,0.0,0.856440839952151,0.0038161886648596,0.0,0.0633903496777723,0.0602402683711909,0.0161123533340261,0.0,0.0,6.586658133267106,1.325961544979205,1.0,1.0803025371700068,0.0,1.5547472725447395,1.324815548404194,1.5700878332738548,0.0,0.0,7.296085655146154,993.0143761526203,67.92140682303575,302.7106577576344,25.654931900849267
9,260.0,32.09301282075363,0.97,0.0004195930170044,0.0,0.0114655654252637,0.0152483615544004,0.0028664800033314,0.0,0.0,300.5,78.43,0.8652246256239601,0.4091930743434097,34.820703887763244,26.637730686734397,975.3641023692016,80.97468543994101,0.9777202084406368,0.0001437403637558,0.0,0.0078680818887769,0.0123226055799659,0.0019453637268644,0.0,0.0,0.8377499707510938,0.0051450511106584,0.0,0.0730917904917462,0.0653676447537294,0.018645542892772,0.0,0.0,6.483197795586975,1.3368487847646413,1.0,1.077643390964171,0.0,1.5468714828562515,1.3187663106075576,1.562240183858536,0.0,0.0,7.296085655146154,993.0143761526203,67.92140682303575,302.7106577576344,25.654931900849267
9,260.0,33.002209843090164,0.97,0.0004195930170044,0.0,0.0114655654252637,0.0152483615544004,0.0028664800033314,0.0,0.0,300.5,78.43,0.8652246256239601,0.4207855392463364,34.820703887763244,26.637730686734397,973.4403359420576,82.85760019914785,0.9749709320665731,0.0002019108425238,0.0,0.0091160479878153,0.0134484431598389,0.0022626659432488,0.0,0.0,0.8201613605979811,0.0069811795382884,0.0,0.0822869911385486,0.06950324165814,0.0210672270670419,0.0,0.0,6.3843837485750585,1.3474668906827276,1.0,1.0751179554432415,0.0,1.5393919282060482,1.313048768012145,1.554780157218076,0.0,0.0,7.296085655146154,993.0143761526203,67.92140682303575,302.7106577576344,25.654931900849267
9,260.0,33.9114068654267,0.97,0.0004195930170044,0.0,0.0114655654252637,0.0152483615544004,0.0028664800033314,0.0,0.0,300.5,78.43,0.8652246256239601,0.432378004149263,34.820703887763244,26.637730686734397,971.6738942460984,84.68505693900022,0.9723770317527782,0.0002879934650601,0.0,0.0103331723174843,0.0144273923600906,0.0025744101045866,0.0,0.0,0.8036049953994375,0.0096317156677012,0.0,0.0907344082408342,0.0727171659590728,0.0233117147329542,0.0,0.0,6.291416201379448,1.3576547606492206,1.0,1.0727502556720216,0.0,1.5324023827545497,1.3077105930917277,1.5477994680163911,0.0,0.0,7.296085655146154,993.0143761526203,67.92140682303575,302.7106577576344,25.654931900849267
9,260.0,34.82060388776324,0.97,0.0004195930170044,0.0,0.0114655654252637,0.0152483615544004,0.0028664800033314,0.0,0.0,300.5,78.43,0.8652246256239601,0.4439704690521897,34.820703887763244,26.637730686734397,970.0954776703976,86.39796325547164,0.9700002458039604,0.000419575218917,0.0,0.0114654484518412,0.0152482807931378,0.0028664497321434,0.0,0.0,0.788028303699442,0.0135957360544047,0.0,0.0980624293626233,0.0750369179977876,0.0252766128857421,0.0,0.0,6.206389075211342,1.3671532823591117,1.0,1.0705867931674962,0.0,1.5260604587512996,1.3028805795546965,1.5414539360484958,0.0,0.0,7.296085655146154,993.0143761526203,67.92140682303575,302.7106577576344,25.654931900849267
9,265.0,30.73682544064326,0.97,0.0004195930170044,0.0,0.0114655654252637,0.0152483615544004,0.0028664800033314,0.0,0.0,300.5,78.43,0.8818635607321131,0.3919013826423977,38.75188425854705,30.73672544064326,962.3921386490188,81.94881434256448,0.9956675844761989,1.2199056195018768e-05,0.0,0.0011896384642531,0.0028351623691693,0.0002954156341836,0.0,0.0,0.9699975265286884,0.0004196322757541,0.0,0.0114665556707837,0.0152495577593684,0.0028667277654051,0.0,0.0,6.049057057732632,1.373593934026094,1.0,1.072450015223138,0.0,1.5143121248501392,1.26792955127454,1.5097529921148811,0.0,0.0,6.194157229336726,966.2255774553212,79.59167899763797,302.7106577576344,29.571779036695137
9,265.0,31.627376420410343,0.97,0.0004195930170044,0.0,0.0114655654252637,0.0152483615544004,0.0028664800033314,0.0,0.0,300.5,78.43,0.8818635607321131,0.4032561063420928,38.75188425854705,30.73672544064326,959.6256804629616,83.79357604198671,0.9924493139463452,2.4023362392423446e-05,0.0,0.0021733097728492,0.0048132346742055,0.0005401182442076,0.0,0.0,0.9486170923490904,0.0007963719873678,0.0,0.0203164124916423,0.0251877902130237,0.0050823329588756,0.0,0.0,5.941725175549971,1.386065393841439,1.0,1.0697784397841053,0.0,1.506126750249597,1.2620898936113307,1.501788558591939,0.0,0.0,6.194157229336726,966.2255774553212,79.59167899763797,302.7106577576344,29.571779036695137
9,265.0,32.517927400177435,0.97,0.0004195930170044,0.0,0.0114655654252637,0.0152483615544004,0.0028664800033314,0.0,0.0,300.5,78.43,0.8818635607321131,0.414610830041788,38.75188425854705,30.73672544064326,956.9996984033006,85.67268073831929,0.9893128976074328,3.8735962576488e-05,0.0,0.0032181064065531,0.0066298470222369,0.0008004130012005,0.0,0.0,0.9284657060283952,0.0012386637324044,0.0,0.0292025407028653,0.0337833283653702,0.0073097611709647,0.0,0.0,5.837475194913519,1.3984808402683904,1.0,1.0672064313468557,0.0,1.4982280946657236,1.256466272469326,1.4940858793729332,0.0,0.0,6.194157229336726,966.2255774553212,79.59167899763797,302.7106577576344,29.571779036695137
9,265.0,33.40847837994452,0.97,0.0004195930170044,0.0,0.0114655654252637,0.0152483615544004,0.0028664800033314,0.0,0.0,300.5,78.43,0.8818635607321131,0.425965553741483,38.75188425854705,30.73672544064326,954.5112102156336,87.58216227554544,0.986258923025288,5.729204803972101e-05,0.0,0.0043192328646832,0.0082894146447148,0.001075137417274,0.0,0.0,0.9094487396768856,0.0017688693653195,0.0,0.0380798400951316,0.041164777128035,0.0095377737346281,0.0,0.0,5.736290238048444,1.410809142583799,1.0,1.0647356085192692,0.0,1.490606457528019,1.2510536933144183,1.4866441930717895,0.0,0.0,6.194157229336726,966.2255774553212,79.59167899763797,302.7106577576344,29.571779036695137
9,265.0,34.29902935971161,0.97,0.0004195930170044,0.0,0.0114655654252637,0.0152483615544004,0.0028664800033314,0.0,0.0,300.5,78.43,0.8818635607321131,0.4373202774411782,38.75188425854705,30.73672544064326,952.156454038997,89.51638370982768,0.9832885233885604,8.109608773649473e-05,0.0,0.0054699459893937,0.0097977975259323,0.001362637008377,0.0,0.0,0.8914811599732301,0.0024196938153835,0.0,0.0468923069510931,0.0474544955613871,0.011752343698906,0.0,0.0,5.638182143093964,1.4230334768630757,1.0,1.0623587527683185,0.0,1.4832522116921183,1.2458490881402204,1.4794720474628127,0.0,0.0,6.194157229336726,966.2255774553212,79.59167899763797,302.7106577576344,29.571779036695137
9,265.0,35.189580339478695,0.97,0.0004195930170044,0.0,0.0114655654252637,0.0152483615544004,0.0028664800033314,0.0,0.0,300.5,78.43,0.8818635607321131,0.4486750011408733,38.75188425854705,30.73672544064326,949.9319712584584,91.46726922649644,0.9804045766872712,0.0001122843380187,0.0,0.0066610409225125,0.0111614644216421,0.0016606336305551,0.0,0.0,0.8744871164372764,0.0032406533019152,0.0,0.0555705783631689,0.0527656332038576,0.0139360186937818,0.0,0.0,5.543225020670604,1.4351423040160731,1.0,1.0600758199002724,0.0,1.4761675623898023,1.2408525741878875,1.4725570922442788,0.0,0.0,6.194157229336726,966.2255774553212,79.59167899763797,302.7106577576344,29.571779036695137
9,265.0,36.08013131924579,0.97,0.0004195930170044,0.0,0.0114655654252637,0.0152483615544004,0.0028664800033314,0.0,0.0,300.5,78.43,0.8818635607321131,0.4600297248405685,38.75188425854705,30.73672544064326,947.8361650937632,93.42287465636149,0.9776136314690208,0.0001542223759565,0.0,0.0078797819106222,0.0123864106919458,0.0019659535524544,0.0,0.0,0.8583999482087834,0.0043093764147568,0.0,0.0640257172495739,0.0571986274391404,0.0160663306877451,0.0,0.0,5.451620537731865,1.447077124404953,1.0,1.0578940087476816,0.0,1.46937764329705,1.2360713709612103,1.4659107343949294,0.0,0.0,6.194157229336726,966.2255774553212,79.59167899763797,302.7106577576344,29.571779036695137
9,265.0,36.97068229901287,0.97,0.0004195930170044,0.0,0.0114655654252637,0.0152483615544004,0.0028664800033314,0.0,0.0,300.5,78.43,0.8818635607321131,0.4713844485402635,38.75188425854705,30.73672544064326,945.8716297640842,95.36474673917688,0.974929087347732,0.0002123889062362,0.0,0.0091078042486203,0.0134767242257759,0.0022739952716356,0.0,0.0,0.8431626961785742,0.0057514544543229,0.0,0.0721364461792627,0.0608368622766542,0.0181125409111858,0.0,0.0,5.363788406307672,1.4587658078848171,1.0,1.0558153687526006,0.0,1.4628973575194832,1.2315267332598352,1.4595702490444231,0.0,0.0,6.194157229336726,966.2255774553212,79.59167899763797,302.7106577576344,29.571779036695137
9,265.0,37.86123327877996,0.97,0.0004195930170044,0.0,0.0114655654252637,0.0152483615544004,0.0028664800033314,0.0,0.0,300.5,78.43,0.8818635607321131,0.4827391722399586,38.75188425854705,30.73672544064326,944.048703290188,97.26331814365746,0.9723764060204914,0.0002958850257588,0.0,0.0103173096358779,0.0144326343562775,0.0025777649615944,0.0,0.0,0.8287294690321669,0.0077736787487914,0.0,0.0797260830534281,0.0637410069231,0.0200297622425135,0.0,0.0,5.280531731142054,1.4700927416282263,1.0,1.053853791679039,0.0,1.4567824454623344,1.2272570460191303,1.4535857991797825,0.0,0.0,6.194157229336726,966.2255774553212,79.59167899763797,302.7106577576344,29.571779036695137
9,265.0,38.75178425854705,0.97,0.0004195930170044,0.0,0.0114655654252637,0.0152483615544004,0.0028664800033314,0.0,0.0,300.5,78.43,0.8818635607321131,0.4940938959396537,38.75188425854705,30.73672544064326,942.3900587434158,99.071199761866,0.9700002538426532,0.0004195761587327,0.0,0.0114654424393312,0.0152482784958749,0.0028664490634078,0.0,0.0,0.8150669114203566,0.0107090540672099,0.0,0.0865301384473291,0.0659432062790177,0.0217506897860865,0.0,0.0,5.203251319938483,1.4808259429686368,1.0,1.0520387022925082,0.0,1.4511400147859197,1.2233280386220375,1.4480520119412952,0.0,0.0,6.194157229336726,966.2255774553212,79.59167899763797,302.7106577576344,29.571779036695137
9,270.0,35.29795125481481,0.97,0.0004195930170044,0.0,0.0114655654252637,0.0152483615544004,0.0028664800033314,0.0,0.0,300.5,78.43,0.8985024958402662,0.4500567544920924,43.10115632975496,35.29785125481481,932.2489845900568,96.27278430395064,0.9948968809354136,1.6128488647858768e-05,0.0,0.0013950657232962,0.0033352375646762,0.0003566872879657,0.0,0.0,0.9699979174523105,0.000419626765574,0.0,0.0114664077916606,0.0152493580506646,0.0028666899397903,0.0,0.0,4.976795796749199,1.501374577845413,1.0,1.0518524293324003,0.0,1.438134211711719,1.1909748910122775,1.4141412750359,0.0,0.0,5.130843724671824,936.9320241360858,93.30322734807504,302.7106577576344,33.91794976874195
9,270.0,36.16496292980816,0.97,0.0004195930170044,0.0,0.0114655654252637,0.0152483615544004,0.0028664800033314,0.0,0.0,300.5,78.43,0.8985024958402662,0.4611113468036231,43.10115632975496,35.29785125481481,929.4821099223304,98.18523715547288,0.9917930041438996,2.918822950378407e-05,0.0,0.0023522379587488,0.0052254033294525,0.0006001663383952,0.0,0.0,0.9524077178319308,0.0007347451243561,0.0,0.0188222486627983,0.0233393391951042,0.0046959491858107,0.0,0.0,4.883474363343596,1.5152404995924025,1.0,1.0497193601518122,0.0,1.4311136318514346,1.1864670675660642,1.407489461698704,0.0,0.0,5.130843724671824,936.9320241360858,93.30322734807504,302.7106577576344,33.91794976874195
9,270.0,37.03197460480151,0.97,0.0004195930170044,0.0,0.0114655654252637,0.0152483615544004,0.0028664800033314,0.0,0.0,300.5,78.43,0.8985024958402662,0.4721659391151537,43.10115632975496,35.29785125481481,926.8483761851292,100.13077701054814,0.9887682460758336,4.527368923710456e-05,0.0,0.0033684496254968,0.0069604944880606,0.0008575361213719,0.0,0.0,0.935710613035877,0.0011034704675718,0.0,0.0262589103030797,0.0303902069776051,0.0065367992158663,0.0,0.0,4.792791263863352,1.5290506171449123,1.0,1.0476669670179102,0.0,1.424330555871851,1.1821223550864588,1.401054974000624,0.0,0.0,5.130843724671824,936.9320241360858,93.30322734807504,302.7106577576344,33.91794976874195
9,270.0,37.89898627979486,0.97,0.0004195930170044,0.0,0.0114655654252637,0.0152483615544004,0.0028664800033314,0.0,0.0,300.5,78.43,0.8985024958402662,0.4832205314266844,43.10115632975496,35.29785125481481,924.3442998407452,102.10567738476334,0.9858223755540304,6.531638349430417e-05,0.0,0.0044392958354279,0.0085455336636633,0.0011274785633843,0.0,0.0,0.9198470477425044,0.0015425608688104,0.0,0.033737073397249,0.0364946406637798,0.0083786773276559,0.0,0.0,4.704718688451871,1.542804387072603,1.0,1.045693034990408,0.0,1.4177681262006427,1.1779361690623265,1.3948240690529927,0.0,0.0,5.130843724671824,936.9320241360858,93.30322734807504,302.7106577576344,33.91794976874195
9,270.0,38.76599795478821,0.97,0.0004195930170044,0.0,0.0114655654252637,0.0152483615544004,0.0028664800033314,0.0,0.0,300.5,78.43,0.8985024958402662,0.4942751237382151,43.10115632975496,35.29785125481481,921.9656708351667,104.1047990779187,0.9829554824546723,9.065281209049703e-05,0.0,0.0055587142175936,0.0099868762756717,0.0014082742399716,0.0,0.0,0.9047626343835732,0.002075972274897,0.0,0.0412095300537388,0.0417425843681622,0.0102092789196288,0.0,0.0,4.619246622446312,1.55647552345757,1.0,1.0437959617342396,0.0,1.4114215167276778,1.17390541683409,1.3888052048605335,0.0,0.0,5.130843724671824,936.9320241360858,93.30322734807504,302.7106577576344,33.91794976874195
9,270.0,39.63300962978156,0.97,0.0004195930170044,0.0,0.0114655654252637,0.0152483615544004,0.0028664800033314,0.0,0.0,300.5,78.43,0.8985024958402662,0.5053297160497457,43.10115632975496,35.29785125481481,919.7084819501348,106.12099735020668,0.9801689102830754,0.0001232584325053,0.0,0.0067186214987212,0.0112914838711269,0.0016977259145711,0.0,0.0,0.8904082446591883,0.0027389949088399,0.0,0.0486197529537691,0.0462187243281563,0.0120142831500462,0.0,0.0,4.536412123432756,1.5700500476918642,1.0,1.04197491918461,0.0,1.4053013996026604,1.1700292632403448,1.3829913065696766,0.0,0.0,5.130843724671824,936.9320241360858,93.30322734807504,302.7106577576344,33.91794976874195
9,270.0,40.50002130477491,0.97,0.0004195930170044,0.0,0.0114655654252637,0.0152483615544004,0.0028664800033314,0.0,0.0,300.5,78.43,0.8985024958402662,0.5163843083612764,43.10115632975496,35.29785125481481,917.5701728176876,108.14404213678932,0.9774666491047456,0.000166144074631,0.0,0.0079081607786706,0.0124660570370505,0.0019929890049022,0.0,0.0,0.87674025671773,0.0035852142976239,0.0,0.0558981669093181,0.0499998278923905,0.0137765341829371,0.0,0.0,4.45633240527756,1.583489193405854,1.0,1.0402316254764887,0.0,1.399406982997028,1.1663105823833166,1.3773846505602043,0.0,0.0,5.130843724671824,936.9320241360858,93.30322734807504,302.7106577576344,33.91794976874195
9,270.0,41.36703297976826,0.97,0.0004195930170044,0.0,0.0114655654252637,0.0152483615544004,0.0028664800033314,0.0,0.0,300.5,78.43,0.8985024958402662,0.5274389006728071,43.10115632975496,35.29785125481481,915.5514036225268,110.15871239438248,0.9748575290996374,0.0002240330408717,0.0,0.0091122388817768,0.0135159657585768,0.0022902332191371,0.0,0.0,0.8637212389262873,0.0046982852394633,0.0,0.0629544241255311,0.0531517636942217,0.0154742880144964,0.0,0.0,4.3792700327803615,1.5967326242285758,1.0,1.0385684840993064,0.0,1.393752128373826,1.1627622152979689,1.372014732756881,0.0,0.0,5.130843724671824,936.9320241360858,93.30322734807504,302.7106577576344,33.91794976874195
9,270.0,42.23404465476161,0.97,0.0004195930170044,0.0,0.0114655654252637,0.0152483615544004,0.0028664800033314,0.0,0.0,300.5,78.43,0.8985024958402662,0.5384934929843377,43.10115632975496,35.29785125481481,913.6586181407508,112.14152483959889,0.9723586496782698,0.0003044886678907,0.0,0.0103089250311744,0.0144439006120963,0.0025840360105686,0.0,0.0,0.8513209991058083,0.0062112412118325,0.0,0.069663663951316,0.0557260220440578,0.0170780736869852,0.0,0.0,4.305727615070787,1.609654532526512,1.0,1.0369933095328738,0.0,1.3883777174550254,1.159401654680067,1.366901715892129,0.0,0.0,5.130843724671824,936.9320241360858,93.30322734807504,302.7106577576344,33.91794976874195
9,270.0,43.10105632975496,0.97,0.0004195930170044,0.0,0.0114655654252637,0.0152483615544004,0.0028664800033314,0.0,0.0,300.5,78.43,0.8985024958402662,0.5495480852958684,43.10115632975496,35.29785125481481,911.9075027687406,114.05580821778985,0.9700002613385282,0.0004195771653244,0.0,0.0114654364796587,0.0152482764172454,0.0028664485992432,0.0,0.0,0.8395179791581084,0.008334075627066,0.0,0.0758459812736106,0.0577559401938972,0.0185460237473176,0.0,0.0,4.236585187892755,1.6220787422022958,1.0,1.0355204840978274,0.0,1.3833482434050863,1.1562677380686066,1.3621061930165026,0.0,0.0,5.130843724671824,936.9320241360858,93.30322734807504,302.7106577576344,33.91794976874195
9,275.0,40.36142690633871,0.97,0.0004195930170044,0.0,0.0114655654252637,0.0152483615544004,0.0028664800033314,0.0,0.0,300.5,78.43,0.9151414309484192,0.5146171988567985,47.88582775822215,40.361326906338704,898.6391418558508,113.40812020638236,0.9939736969538052,2.156770762638963e-05,0.0,0.0016457238907908,0.0039253593328292,0.0004336521149482,0.0,0.0,0.9699982501296796,0.0004196220693727,0.0,0.0114662821878592,0.0152491880345867,0.0028666575785015,0.0,0.0,3.949566835672633,1.6635840073312516,1.0,1.0337543157639169,0.0,1.3683210455272494,1.1269537401982217,1.326570998609799,0.0,0.0,4.11187312512685,904.4335281070778,109.60126774294156,302.7106577576344,38.72523437118672
9,275.0,41.19746033432576,0.97,0.0004195930170044,0.0,0.0114655654252637,0.0152483615544004,0.0028664800033314,0.0,0.0,300.5,78.43,0.9151414309484192,0.5252768116068565,47.88582775822215,40.361326906338704,895.8648145263584,115.40468797744867,0.9910055001808222,3.6039840823186696e-05,0.0,0.0025744127964691,0.0057091402732642,0.0006749069086211,0.0,0.0,0.9557019016775374,0.0006806713525699,0.0,0.0175176267136013,0.0217415525102594,0.0043582477460314,0.0,0.0,3.8699661413276503,1.679464332715078,1.0,1.0321198184337856,0.0,1.36228696446361,1.1235657176974363,1.3210601815956122,0.0,0.0,4.11187312512685,904.4335281070778,109.60126774294156,302.7106577576344,38.72523437118672
9,275.0,42.0334937623128,0.97,0.0004195930170044,0.0,0.0114655654252637,0.0152483615544004,0.0028664800033314,0.0,0.0,300.5,78.43,0.9151414309484192,0.5359364243569145,47.88582775822215,40.361326906338704,893.2136421681348,117.43294515797808,0.9881118262643028,5.365505257777355e-05,0.0,0.0035593052257266,0.0073471202824321,0.0009280931749606,0.0,0.0,0.9420509655086292,0.0009842855355948,0.0,0.0236660103605232,0.0274410615953746,0.0058576769998778,0.0,0.0,3.7925753318014848,1.6953311593404146,1.0,1.0305486519177207,0.0,1.3564335333998558,1.120295249605232,1.315721570303955,0.0,0.0,4.11187312512685,904.4335281070778,109.60126774294156,302.7106577576344,38.72523437118672
9,275.0,42.869527190299856,0.97,0.0004195930170044,0.0,0.0114655654252637,0.0152483615544004,0.0028664800033314,0.0,0.0,300.5,78.43,0.9151414309484192,0.5465960371069725,47.88582775822215,40.361326906338704,890.6818043793629,119.48948728741377,0.9852917380897184,7.530147609474863e-05,0.0,0.0045964482617365,0.0088447197253665,0.0011917924470834,0.0,0.0,0.92900804804341,0.0013425216089816,0.0,0.0298793336378393,0.0324143486163588,0.00735574809341,0.0,0.0,3.71735907425686,1.711165139101452,1.0,1.0290418345599,0.0,1.3507672874149992,1.117145636747603,1.3105427560654528,0.0,0.0,4.11187312512685,904.4335281070778,109.60126774294156,302.7106577576344,38.72523437118672
9,275.0,43.7055606182869,0.97,0.0004195930170044,0.0,0.0114655654252637,0.0152483615544004,0.0028664800033314,0.0,0.0,300.5,78.43,0.9151414309484192,0.5572556498570305,47.88582775822215,40.361326906338704,888.2648583550098,121.56976876436023,0.9825444549744624,0.0001022187987857,0.0,0.0056805315047618,0.010208511315625,0.0014642834063651,0.0,0.0,0.9165384934979944,0.0017721670320101,0.0,0.0361200146767341,0.0367270138241037,0.0088423109691576,0.0,0.0,3.644294117465301,1.7269600850001516,1.0,1.027595528958157,0.0,1.3452746657804164,1.1141079307127106,1.305528962167959,0.0,0.0,4.11187312512685,904.4335281070778,109.60126774294156,302.7106577576344,38.72523437118672
9,275.0,44.54159404627395,0.97,0.0004195930170044,0.0,0.0114655654252637,0.0152483615544004,0.0028664800033314,0.0,0.0,300.5,78.43,0.9151414309484192,0.5679152626070885,47.88582775822215,40.361326906338704,885.9585026607975,123.66766297647597,0.9798700416359368,0.0001361820453576,0.0,0.0068046520711403,0.0114456154155533,0.0017435088320118,0.0,0.0,0.9046106174303044,0.0022972009474498,0.0,0.0423442848551081,0.0404416921664147,0.0103062046007228,0.0,0.0,3.573389151776936,1.742704330549732,1.0,1.0262090179484396,0.0,1.3399563476217886,1.111182857747699,1.300670364371327,0.0,0.0,4.11187312512685,904.4335281070778,109.60126774294156,302.7106577576344,38.72523437118672
9,275.0,45.377627474261,0.97,0.0004195930170044,0.0,0.0114655654252637,0.0152483615544004,0.0028664800033314,0.0,0.0,300.5,78.43,0.9151414309484192,0.5785748753571465,47.88582775822215,40.361326906338704,883.7595365796159,125.77468625401566,0.9772703654141872,0.0001797997808197,0.0,0.007959822274923,0.0125630287871015,0.0020269837429682,0.0,0.0,0.8931959917509462,0.0029527644108456,0.0,0.0485001724221012,0.043616168158538,0.0117349032575689,0.0,0.0,3.5046991487444057,1.7583425846317489,1.0,1.0248823907094375,0.0,1.3348207505901633,1.1083713436036096,1.2959780868861717,0.0,0.0,4.11187312512685,904.4335281070778,109.60126774294156,302.7106577576344,38.72523437118672
9,275.0,46.21366090224805,0.97,0.0004195930170044,0.0,0.0114655654252637,0.0152483615544004,0.0028664800033314,0.0,0.0,300.5,78.43,0.9151414309484192,0.5892344881072045,47.88582775822215,40.361326906338704,881.6671580182378,127.87869912721912,0.9747505175798492,0.0002370014972314,0.0,0.0091340214857738,0.0135668581315136,0.0023116013056317,0.0,0.0,0.8822700379069507,0.0037915934020028,0.0,0.0545232445079322,0.0463014476802019,0.0131136765029124,0.0,0.0,3.4383722562269883,1.7738530436184463,1.0,1.0236178069028314,0.0,1.3298694032237044,1.1056744974992458,1.291451300244495,0.0,0.0,4.11187312512685,904.4335281070778,109.60126774294156,302.7106577576344,38.72523437118672
9,275.0,47.0496943302351,0.97,0.0004195930170044,0.0,0.0114655654252637,0.0152483615544004,0.0028664800033314,0.0,0.0,300.5,78.43,0.9151414309484192,0.5998941008572625,47.88582775822215,40.361326906338704,879.6847254679905,129.9617264728221,0.9723209081304608,0.0003138227767213,0.0,0.0103105487995865,0.0144614340247453,0.0025932862684859,0.0,0.0,0.8718127362711567,0.0048942597825841,0.0,0.0603291634919594,0.0485397529178265,0.0144240875364732,0.0,0.0,3.3746936433463848,1.7891117518040434,1.0,1.022417923473372,0.0,1.3251267518017804,1.1031078030658057,1.2871183605669396,0.0,0.0,4.11187312512685,904.4335281070778,109.60126774294156,302.7106577576344,38.72523437118672
9,275.0,47.88572775822215,0.97,0.0004195930170044,0.0,0.0114655654252637,0.0152483615544004,0.0028664800033314,0.0,0.0,300.5,78.43,0.9151414309484192,0.6105537136073205,47.88582775822215,40.361326906338704,877.8221596184335,131.99664463860552,0.9700002687728928,0.0004195781995414,0.0,0.0114654304390296,0.0152482743221101,0.002866448266426,0.0,0.0,0.8618096303382827,0.006384133497265,0.0,0.0658021855334915,0.0503623703842578,0.015641680246703,0.0,0.0,3.314164844451593,1.803982171055634,1.0,1.0212893903684157,0.0,1.3206318270026518,1.100684106639193,1.2830027506131996,0.0,0.0,4.11187312512685,904.4335281070778,109.60126774294156,302.7106577576344,38.72523437118672
9,280.0,45.97442416363316,0.97,0.0004195930170044,0.0,0.0114655654252637,0.0152483615544004,0.0028664800033314,0.0,0.0,300.5,78.43,0.9317803660565724,0.5861841663092331,53.11907276977651,45.97432416363316,860.3563201715549,134.31896113337,0.9928389054979392,2.9364253464031592e-05,0.0,0.0019647575133856,0.0046340795877777,0.0005328931474333,0.0,0.0,0.969998536956335,0.000419618014775,0.0,0.0114661740401042,0.0152490414975786,0.0028666294912071,0.0,0.0,2.97559287737328,1.8795658127496688,1.0,1.0184803899945336,0.0,1.3025673061527585,1.0749603114816069,1.2462342281196062,0.0,0.0,3.1449654870637134,867.6798743518019,129.30886906724652,302.7106577576344,44.02808165538378
9,280.0,46.76826289764909,0.97,0.0004195930170044,0.0,0.0114655654252637,0.0152483615544004,0.0028664800033314,0.0,0.0,300.5,78.43,0.9317803660565724,0.5963057872963035,53.11907276977651,45.97432416363316,857.5642665604956,136.41985896799258,0.9900366412013304,4.544226575214085e-05,0.0,0.0028616062002689,0.0062864266575656,0.0007698836750827,0.0,0.0,0.9586182449421128,0.0006321282499652,0.0,0.016353019137837,0.0203391622936847,0.0040574453764004,0.0,0.0,2.909685052312214,1.8985081876122032,1.0,1.0173245295211917,0.0,1.2973789680893022,1.072534370097517,1.2417336561848695,0.0,0.0,3.1449654870637134,867.6798743518019,129.30886906724652,302.7106577576344,44.02808165538378
9,280.0,47.562101631665016,0.97,0.0004195930170044,0.0,0.0114655654252637,0.0152483615544004,0.0028664800033314,0.0,0.0,300.5,78.43,0.9317803660565724,0.6064274082833738,53.11907276977651,45.97432416363316,854.8815506801772,138.55098471319704,0.9873016754390328,6.473755511597025e-05,0.0,0.0038107305281864,0.0078062608789184,0.001016595598746,0.0,0.0,0.947697366030626,0.0008770175887702,0.0,0.0213329901961821,0.0248415623928611,0.0052510637915606,0.0,0.0,2.845564409068796,1.9174979376605457,1.0,1.01621962350414,0.0,1.2923366283915725,1.0701948087601645,1.2373593989714249,0.0,0.0,3.1449654870637134,867.6798743518019,129.30886906724652,302.7106577576344,44.02808165538378
9,280.0,48.355940365680944,0.97,0.0004195930170044,0.0,0.0114655654252637,0.0152483615544004,0.0028664800033314,0.0,0.0,300.5,78.43,0.9317803660565724,0.6165490292704442,53.11907276977651,45.97432416363316,852.3042679899604,140.7093793504303,0.984632554637022,8.806811693040866e-05,0.0,0.0048087136675219,0.0091990591168379,0.0012716044616877,0.0,0.0,0.9372127543106972,0.0011624426847818,0.0,0.0263816097874783,0.0288030668119114,0.006440126405131,0.0,0.0,2.7831932255010683,1.9365244072331835,1.0,1.0151646576626916,0.0,1.2874387370603575,1.0679380041924609,1.233111119933986,0.0,0.0,3.1449654870637134,867.6798743518019,129.30886906724652,302.7106577576344,44.02808165538378
9,280.0,49.14977909969687,0.97,0.0004195930170044,0.0,0.0114655654252637,0.0152483615544004,0.0028664800033314,0.0,0.0,300.5,78.43,0.9317803660565724,0.6266706502575146,53.11907276977651,45.97432416363316,849.8280445423953,142.8912270504406,0.9820278811454738,0.0001165405490935,0.0,0.0058510901221405,0.0104712043812816,0.0015332838020106,0.0,0.0,0.9271426763082974,0.0014994189277975,0.0,0.0314708666512052,0.0322701602251944,0.0076168778875053,0.0,0.0,2.7225459461066803,1.9555762416146172,1.0,1.0141578893514784,0.0,1.2826764383164084,1.0657620601059763,1.2289831360542025,0.0,0.0,3.1449654870637134,867.6798743518019,129.30886906724652,302.7106577576344,44.02808165538378
9,280.0,49.94361783371279,0.97,0.0004195930170044,0.0,0.0114655654252637,0.0152483615544004,0.0028664800033314,0.0,0.0,300.5,78.43,0.9317803660565724,0.6367922712445848,53.11907276977651,45.97432416363316,847.4486010003243,145.09152690486445,0.979486769063826,0.0001516838448585,0.0,0.0069322186924056,0.0116295259257173,0.0017998024731925,0.0,0.0,0.9174669514709708,0.0019031418888092,0.0,0.0365690039419915,0.035287688581459,0.0087732141167694,0.0,0.0,2.663605951766732,1.974640250039935,1.0,1.0131986677239913,0.0,1.278055771115293,1.0636653040755322,1.224973626378613,0.0,0.0,3.1449654870637134,867.6798743518019,129.30886906724652,302.7106577576344,44.02808165538378
9,280.0,50.73745656772872,0.97,0.0004195930170044,0.0,0.0114655654252637,0.0152483615544004,0.0028664800033314,0.0,0.0,300.5,78.43,0.9317803660565724,0.6469138922316552,53.11907276977651,45.97432416363316,845.1624925467389,147.3036052473016,0.97700948359045,0.0001956555983274,0.0,0.0080449819028564,0.0126807964199785,0.0020690824883875,0.0,0.0,0.9081673351100822,0.0023950092066119,0.0,0.0416395136112827,0.0378975899163932,0.0099005521556299,0.0,0.0,2.606391570135692,1.9936917643010297,1.0,1.0122859670303477,0.0,1.2735695568406786,1.0616464044731218,1.2210847380306795,0.0,0.0,3.1449654870637134,867.6798743518019,129.30886906724652,302.7106577576344,44.02808165538378
9,280.0,51.53129530174465,0.97,0.0004195930170044,0.0,0.0114655654252637,0.0152483615544004,0.0028664800033314,0.0,0.0,300.5,78.43,0.9317803660565724,0.6570355132187256,53.11907276977651,45.97432416363316,842.9679701946361,149.51827031453573,0.9745982615475745,0.0002515632805434,0.0,0.0091802418019655,0.0136312282088531,0.0023387051610633,0.0,0.0,0.8992278094432787,0.0030057513738039,0.0,0.0466391538082804,0.0401377829373727,0.010989502437264,0.0,0.0,2.550971682973564,2.0126828773980505,1.0,1.011419950008126,0.0,1.269226811229928,1.05970682710028,1.2173196887575075,0.0,0.0,3.1449654870637134,867.6798743518019,129.30886906724652,302.7106577576344,44.02808165538378
9,280.0,52.32513403576058,0.97,0.0004195930170044,0.0,0.0114655654252637,0.0152483615544004,0.0028664800033314,0.0,0.0,300.5,78.43,0.9317803660565724,0.6671571342057959,53.11907276977651,45.97432416363316,840.8661292549622,151.72249061486926,0.9722584793809584,0.0003239601458511,0.0,0.0103259000504655,0.0144859241013274,0.0026057363213976,0.0,0.0,0.890635048722933,0.003780216197167,0.0,0.0515144087778378,0.0420410840495145,0.0120292422525475,0.0,0.0,2.4974837733845026,2.0315401793343613,1.0,1.0106019330803118,0.0,1.26503601335647,1.0578495427563637,1.2136857635873672,0.0,0.0,3.1449654870637134,867.6798743518019,129.30886906724652,302.7106577576344,44.02808165538378
9,280.0,53.118972769776505,0.97,0.0004195930170044,0.0,0.0114655654252637,0.0152483615544004,0.0028664800033314,0.0,0.0,300.5,78.43,0.9317803660565724,0.6772787551928663,53.11907276977651,45.97432416363316,838.86242735118,153.89739291971858,0.9700002769956598,0.0004195792187586,0.0,0.011465424019295,0.0152482718186538,0.0028664479476326,0.0,0.0,0.8823789933045555,0.0047843407696941,0.0,0.0561959894954251,0.0436341364683706,0.0130065399619545,0.0,0.0,2.446178888944685,2.050135623201609,1.0,1.0098333210641148,0.0,1.2610144525746818,1.0560827614921882,1.2102003748691934,0.0,0.0,3.1449654870637134,867.6798743518019,129.30886906724652,302.7106577576344,44.02808165538378
9,285.0,52.19582101517855,0.97,0.0004195930170044,0.0,0.0114655654252637,0.0152483615544004,0.0028664800033314,0.0,0.0,300.5,78.43,0.9484193011647256,0.6655083643399025,58.80519744302854,52.19572101517855,815.3789711294295,160.64295134361558,0.9913857392116552,4.1150666802895306e-05,0.0,0.0023961271338237,0.0055108711767796,0.0006661118109384,0.0,0.0,0.9699987887929316,0.0004196144505421,0.0,0.0114660790838123,0.0152489130488826,0.0028666046238311,0.0,0.0,2.066737179154165,2.189199993364187,1.0000000001564626,1.006765427802311,0.0,1.238684033802402,1.034926129795929,1.172628312790221,0.0,0.0,2.2410524707626744,824.9746819221486,153.77005765610247,302.7106577576344,49.86436423924916
9,285.0,52.93018506271744,0.97,0.0004195930170044,0.0,0.0114655654252637,0.0152483615544004,0.0028664800033314,0.0,0.0,300.5,78.43,0.9484193011647256,0.6748716698038689,58.80519744302854,52.19572101517855,812.5530408194372,162.87448286973165,0.9887946432249874,5.902335738748922e-05,0.0,0.0032544811926566,0.0069968020526488,0.0008950501723194,0.0,0.0,0.9612610465284755,0.0005872472491659,0.0,0.0152834768482441,0.0190850927809582,0.003783136593156,0.0,0.0,2.014787268239912,2.213248289721949,1.0000000001849054,1.0060951510300593,0.0,1.2342708188041585,1.0333673215816472,1.1690518207093907,0.0,0.0,2.2410524707626744,824.9746819221486,153.77005765610247,302.7106577576344,49.86436423924916
9,285.0,53.66454911025632,0.97,0.0004195930170044,0.0,0.0114655654252637,0.0152483615544004,0.0028664800033314,0.0,0.0,300.5,78.43,0.9484193011647256,0.6842349752678353,58.80519744302854,52.19572101517855,809.8170589710204,165.13509113168024,0.986260046127639,8.010328772679613e-05,0.0,0.0041596298822273,0.0083689268533413,0.0011312938490658,0.0,0.0,0.9528395862648278,0.0007778813125918,0.0,0.0191760525700632,0.0225087312241769,0.0046977486283401,0.0,0.0,1.9642140260682344,2.237471906103412,1.0000000001899385,1.0054652242821562,0.0,1.2299693286488242,1.031867356177905,1.165567352988198,0.0,0.0,2.2410524707626744,824.9746819221486,153.77005765610247,302.7106577576344,49.86436423924916
9,285.0,54.398913157795214,0.97,0.0004195930170044,0.0,0.0114655654252637,0.0152483615544004,0.0028664800033314,0.0,0.0,300.5,78.43,0.9484193011647256,0.6935982807318017,58.80519744302854,52.19572101517855,807.1673844754765,167.42244939863156,0.9837802589967816,0.0001051026229631,0.0,0.0051088115240609,0.0096322787118574,0.0013735481443368,0.0,0.0,0.9447206875752076,0.0009965125747153,0.0,0.0231267662716016,0.0255508321257675,0.0056052014527078,0.0,0.0,1.9149648259824157,2.260322404002762,1.0,1.004870135442315,0.0,1.2255026460230125,1.0303499205901048,1.1619486735780518,0.0,0.0,2.2410524707626744,824.9746819221486,153.77005765610247,302.7106577576344,49.86436423924916
9,285.0,55.1332772053341,0.97,0.0004195930170044,0.0,0.0114655654252637,0.0152483615544004,0.0028664800033314,0.0,0.0,300.5,78.43,0.9484193011647256,0.7029615861957682,58.80519744302854,52.19572101517855,804.600058552609,169.73363584255483,0.98135358659287,0.0001349506282614,0.0,0.0060985363934796,0.0107925151335453,0.0016204112518434,0.0,0.0,0.9368912498446372,0.0012496526334461,0.0,0.0271166217532708,0.0282422736254461,0.0065002021431993,0.0,0.0,1.8670303395126209,2.2864616416849057,1.000000000021556,1.0043252982965636,0.0,1.2216868502517575,1.0290368196857471,1.1588659826345242,0.0,0.0,2.2410524707626744,824.9746819221486,153.77005765610247,302.7106577576344,49.86436423924916
9,285.0,55.867641252872986,0.97,0.0004195930170044,0.0,0.0114655654252637,0.0152483615544004,0.0028664800033314,0.0,0.0,300.5,78.43,0.9484193011647256,0.7123248916597346,58.80519744302854,52.19572101517855,802.1112297175669,172.06494556073844,0.9789786262034796,0.0001708797063329,0.0,0.0071245205254569,0.0118555913465666,0.0018703822181636,0.0,0.0,0.9293389925686836,0.0015459272182835,0.0,0.031124615142949,0.0306130121709959,0.0073774528990877,0.0,0.0,1.820373749703924,2.311206150808553,1.00000000001925,1.0038122294642398,0.0,1.2176998291555166,1.027702673422024,1.155643617083641,0.0,0.0,2.2410524707626744,824.9746819221486,153.77005765610247,302.7106577576344,49.86436423924916
9,285.0,56.60200530041188,0.97,0.0004195930170044,0.0,0.0114655654252637,0.0152483615544004,0.0028664800033314,0.0,0.0,300.5,78.43,0.9484193011647256,0.721688197123701,58.80519744302854,52.19572101517855,799.697621522872,174.4115831830278,0.9766546159284666,0.0002145511239054,0.0,0.0081815395410875,0.0128274430635425,0.0021218503429979,0.0,0.0,0.922052636379257,0.0018969462274045,0.0,0.0351273942822767,0.0326913906375368,0.0082316324735248,0.0,0.0,1.7749972570854675,2.336104214304328,1.0000000000154037,1.003336093215339,0.0,1.2138167364346557,1.0264208343752228,1.1525059150348915,0.0,0.0,2.2410524707626744,824.9746819221486,153.77005765610247,302.7106577576344,49.86436423924916
9,285.0,57.336369347950765,0.97,0.0004195930170044,0.0,0.0114655654252637,0.0152483615544004,0.0028664800033314,0.0,0.0,300.5,78.43,0.9484193011647256,0.7310515025876675,58.80519744302854,52.19572101517855,797.3570782510965,176.7671884849793,0.9743818660062108,0.0002682398011893,0.0,0.0092631572412352,0.0137136788944655,0.0023730580568988,0.0,0.0,0.915022094367582,0.0023185745934494,0.0,0.0390984937562432,0.0345035460657506,0.0090572912169748,0.0,0.0,1.7309184366902526,2.3611169539222177,1.0000000000061828,1.0028958204849374,0.0,1.210035671968508,1.0251907234652098,1.1494540965393776,0.0,0.0,2.2410524707626744,824.9746819221486,153.77005765610247,302.7106577576344,49.86436423924916
9,285.0,58.07073339548965,0.97,0.0004195930170044,0.0,0.0114655654252637,0.0152483615544004,0.0028664800033314,0.0,0.0,300.5,78.43,0.9484193011647256,0.7404148080516338,58.80519744302854,52.19572101517855,795.0892366213992,179.12312321539665,0.9721623186027524,0.0003351051701892,0.0,0.0103612720180213,0.0145192758969462,0.0026220283120905,0.0,0.0,0.908238696930184,0.002832780188508,0.0,0.0430069856932459,0.036072896938115,0.0098486402499468,0.0,0.0,1.6881852060049178,2.3861941995384943,1.0000000000000766,1.0024914384402723,0.0,1.2063628136784303,1.0240133695122366,1.146490153951273,0.0,0.0,2.2410524707626744,824.9746819221486,153.77005765610247,302.7106577576344,49.86436423924916
9,285.0,58.80509744302854,0.97,0.0004195930170044,0.0,0.0114655654252637,0.0152483615544004,0.0028664800033314,0.0,0.0,300.5,78.43,0.9484193011647256,0.7497781135156003,58.80519744302854,52.19572101517855,792.8963773571213,181.46742211228377,0.9700002875080274,0.0004195801761222,0.0,0.0114654166305298,0.0152482682306935,0.002866447454627,0.0,0.0,0.9016954482040902,0.0034702580988712,0.0,0.0468153875012975,0.0374196867425445,0.0105992194531964,0.0,0.0,1.6469020879084593,2.411240148340363,1.0000000000001972,1.0021230584246088,0.0,1.202806443302045,1.0228899516745544,1.1436225313076642,0.0,0.0,2.2410524707626744,824.9746819221486,153.77005765610247,302.7106577576344,49.86436423924916
9,290.0,59.107734031352535,0.97,0.0004195930170044,0.0,0.0114655654252637,0.0152483615544004,0.0028664800033314,0.0,0.0,300.5,78.43,0.9650582362728786,0.7536367975437018,64.9272829407125,59.10763403135253,759.8411772799308,195.5790498987279,0.9893903890085618,6.0612265394226406e-05,0.0,0.0030362352876986,0.0066552828295057,0.0008574806088393,0.0,0.0,0.9699990168119684,0.0004196112190929,0.0,0.0114659928337341,0.0152487972657291,0.0028665818694754,0.0,0.0,1.24166018941343,2.6880707686463525,1.000000000140676,1.0003441719612645,0.0,1.173766242550561,1.0081982270344176,1.1052295795012037,0.0,0.0,1.4167983026644004,773.2637021553837,185.44864903964933,302.7106577576344,56.27641671412855
9,290.0,59.75433946572586,0.97,0.0004195930170044,0.0,0.0114655654252637,0.0152483615544004,0.0028664800033314,0.0,0.0,300.5,78.43,0.9650582362728786,0.761881161108324,64.9272829407125,59.10763403135253,756.9549960537768,197.9777639720849,0.9870846062178434,8.03787929581458e-05,0.0,0.0038411839905379,0.0079226208974131,0.0010712101012471,0.0,0.0,0.9637346114048652,0.0005439920756392,0.0,0.0142616329422425,0.0179349093962386,0.0035248541810141,0.0,0.0,1.2043348948482389,2.7217729321771658,1.0000000000619065,1.0002055012955016,0.0,1.1701079603531468,1.0074792135306256,1.1025394713002628,0.0,0.0,1.4167983026644004,773.2637021553837,185.44864903964933,302.7106577576344,56.27641671412855
9,290.0,60.40094490009919,0.97,0.0004195930170044,0.0,0.0114655654252637,0.0152483615544004,0.0028664800033314,0.0,0.0,300.5,78.43,0.9650582362728786,0.7701255246729464,64.9272829407125,59.10763403135253,754.1308367999128,200.4059808656948,0.9848198392991846,0.0001031785941533,0.0,0.0046851902904657,0.0091020490569605,0.0012897427592357,0.0,0.0,0.957672602095228,0.0006827919906605,0.0,0.0171055983934265,0.0203609702860741,0.0041780372346105,0.0,0.0,1.1679509737391984,2.7559915034228366,1.000000000168502,1.0001085975492348,0.0,1.166526519865847,1.0067994596760783,1.0999086251917385,0.0,0.0,1.4167983026644004,773.2637021553837,185.44864903964933,302.7106577576344,56.27641671412855
9,290.0,61.047550334472525,0.97,0.0004195930170044,0.0,0.0114655654252637,0.0152483615544004,0.0028664800033314,0.0,0.0,300.5,78.43,0.9650582362728786,0.7783698882375688,64.9272829407125,59.10763403135253,751.3656409608344,202.86224958613508,0.9825944950077912,0.0001295713674415,0.0,0.0055663283113498,0.0101975175600167,0.0015120877534005,0.0,0.0,0.951805674138968,0.0008385656233403,0.0,0.019987752485217,0.0225449384675838,0.0048230692848909,0.0,0.0,1.1325026806032894,2.790740824778948,1.0000000000072844,1.0000386357728044,0.0,1.1630179078052445,1.006157991869499,1.0973394820294349,0.0,0.0,1.4167983026644004,773.2637021553837,185.44864903964933,302.7106577576344,56.27641671412855
9,290.0,61.69415576884585,0.97,0.0004195930170044,0.0,0.0114655654252637,0.0152483615544004,0.0028664800033314,0.0,0.0,300.5,78.43,0.9650582362728786,0.7866142518021911,64.9272829407125,59.10763403135253,748.6562531328333,205.34483362074724,0.9804069930503712,0.0001602561987037,0.0,0.0064822421845895,0.0112132923570114,0.0017372162093237,0.0,0.0,0.946126845549838,0.0010144995272651,0.0,0.0228970754516349,0.0245046212348006,0.0054569582364611,0.0,0.0,1.0979483151540572,2.826033879686625,1.0000000000000029,1.0000043359978026,0.0,1.159581285196102,1.0055538443813847,1.0948253652873188,0.0,0.0,1.4167983026644004,773.2637021553837,185.44864903964933,302.7106577576344,56.27641671412855
9,290.0,62.34076120321918,0.97,0.0004195930170044,0.0,0.0114655654252637,0.0152483615544004,0.0028664800033314,0.0,0.0,300.5,78.43,0.9650582362728786,0.7948586153668135,64.9272829407125,59.10763403135253,745.9995931644545,207.85154669496413,0.9782558792019368,0.0001961165875856,0.0,0.007430133413263,0.0121537981753513,0.0019640726218629,0.0,0.0,0.94062946136662,0.0012146171377972,0.0,0.025821736211173,0.0262573638731941,0.0060768214112154,0.0,0.0,1.0642652003806723,2.861878041471676,1.0000000000002216,1.0000000000003155,0.0,1.1562138607831949,1.0049857670040658,1.09236826568319,0.0,0.0,1.4167983026644004,773.2637021553837,185.44864903964933,302.7106577576344,56.27641671412855
9,290.0,62.98736663759251,0.97,0.0004195930170044,0.0,0.0114655654252637,0.0152483615544004,0.0028664800033314,0.0,0.0,300.5,78.43,0.9650582362728786,0.8031029789314357,64.9272829407125,59.10763403135253,743.3929075159235,210.37959176595783,0.9761399805800044,0.0002382818308189,0.0,0.0084067069793658,0.0130234549267429,0.0021915756830676,0.0,0.0,0.9353072797360288,0.0014440552577391,0.0,0.0287490273202754,0.0278197471216686,0.0066798905642879,0.0,0.0,1.0314576020590225,2.8982886176400937,1.0000000000000735,1.0000000000001337,0.0,1.1529154312954148,1.0044531098740723,1.08996427724546,0.0,0.0,1.4167983026644004,773.2637021553837,185.44864903964933,302.7106577576344,56.27641671412855
9,290.0,63.63397207196584,0.97,0.0004195930170044,0.0,0.0114655654252637,0.0152483615544004,0.0028664800033314,0.0,0.0,300.5,78.43,0.9650582362728786,0.8113473424960581,64.9272829407125,59.10763403135253,740.8341032030925,212.9253785672045,0.9740586049969976,0.000288210850817,0.0,0.0094080599846129,0.0138265177868115,0.0024186063807608,0.0,0.0,0.9301546206369048,0.0017094382365198,0.0,0.0316651376637572,0.02920732143262,0.0072634820301979,0.0,0.0,0.9995182578858516,2.9352479622255685,1.000000000000195,1.0000000000001366,0.0,1.149684767082945,1.0039551112465663,1.0876147186799137,0.0,0.0,1.4167983026644004,773.2637021553837,185.44864903964933,302.7106577576344,56.27641671412855
9,290.0,64.28057750633917,0.97,0.0004195930170044,0.0,0.0114655654252637,0.0152483615544004,0.0028664800033314,0.0,0.0,300.5,78.43,0.9650582362728786,0.8195917060606804,64.9272829407125,59.10763403135253,738.3220465415105,215.4841783011952,0.972011738202214,0.0003478080256396,0.0,0.010429522043849,0.0145669443678655,0.0026439873604315,0.0,0.0,0.9251664025265418,0.0020193933309513,0.0,0.0345548281714138,0.0304344249392762,0.0078249510318168,0.0,0.0,0.9684497285190076,2.9727379790834734,1.0000000000000748,1.000000000000088,0.0,1.146523699273346,1.0034913716248917,1.0853200486658128,0.0,0.0,1.4167983026644004,773.2637021553837,185.44864903964933,302.7106577576344,56.27641671412855
9,290.0,64.9271829407125,0.97,0.0004195930170044,0.0,0.0114655654252637,0.0152483615544004,0.0028664800033314,0.0,0.0,300.5,78.43,0.9650582362728786,0.8278360696253028,64.9272829407125,59.10763403135253,735.8569723566416,218.04968986503357,0.9700003075824872,0.000419580842645,0.0,0.0114654047936243,0.0152482608122549,0.0028664459689883,0.0,0.0,0.9203382377475556,0.0023852450486034,0.0,0.0374008855905324,0.0315140225796141,0.0083616090336943,0.0,0.0,0.9382780513110948,3.010711751307511,1.0000000000001887,1.0000000000003193,0.0,1.1434342588739537,1.0030613613405783,1.083082137044879,0.0,0.0,1.4167983026644004,773.2637021553837,185.44864903964933,302.7106577576344,56.27641671412855
10,200.0,2.678045334998163,0.9700000000000002,0.0042042035593084,0.0,0.0114000350327836,0.0046985118218604,0.0,0.0,0.0096972495860474,301.67,78.75,0.6629760997116053,0.0340069248888655,27.85600714198902,2.677945334998163,1217.4736682231369,7.321337148961748,0.9888180097384192,2.5605055840574032e-06,0.0,6.903816258648724e-05,6.515893140840041e-05,0.0,0.0,0.0110452326620017,0.9699675007892852,0.0042114599102642,0.0,0.0114196039702012,0.004706513747356,0.0,0.0,0.0096949215828932,22.48918141213799,0.6831702016504694,1.0000000099042992,1.5896584100699016,0.0,5.3955290409520025,5.21094954672202,0.0,0.0,1.002054609765464,22.53960113748808,1221.920496490378,7.249541730897533,302.7106577576344,2.6239816647333654
10,200.0,5.4755855357749255,0.9700000000000002,0.0042042035593084,0.0,0.0114000350327836,0.0046985118218604,0.0,0.0,0.0096972495860474,301.67,78.75,0.6629760997116053,0.0695312448987292,27.85600714198902,2.677945334998163,1214.9533816252574,11.856093602184115,0.9842023068243662,0.0001768238089075,0.0,0.0034248782642054,0.0023410985211207,0.0,0.0,0.0098548925813999,0.4917325106168055,0.1398275798063511,0.0,0.2799661385760023,0.0840852026409142,0.0,0.0,0.0043885683599268,21.786936347371075,0.7066722019843951,1.0000000012482606,1.5489863814760014,0.0,5.184124568215978,5.029635922662919,0.0,0.0,1.0015622075725994,22.53960113748808,1221.920496490378,7.249541730897533,302.7106577576344,2.6239816647333654
10,200.0,8.273125736551687,0.9700000000000002,0.0042042035593084,0.0,0.0114000350327836,0.0046985118218604,0.0,0.0,0.0096972495860474,301.67,78.75,0.6629760997116053,0.1050555649085928,27.85600714198902,2.677945334998163,1213.29781401577,15.613494216086686,0.9800647761955004,0.0004624941295502,0.0,0.0062141883938904,0.0034542565546486,0.0,0.0,0.0098042847264102,0.3348935158100565,0.2403131715715813,0.0,0.3386368023886409,0.083213381188449,0.0,0.0,0.002943129041272,21.27617456314724,0.7246328990954013,1.0000000001232825,1.5175089685147505,0.0,5.029199638907407,4.901373111998416,0.0,0.0,1.0010316012474436,22.53960113748808,1221.920496490378,7.249541730897533,302.7106577576344,2.6239816647333654
10,200.0,11.07066593732845,0.9700000000000002,0.0042042035593084,0.0,0.0114000350327836,0.0046985118218604,0.0,0.0,0.0096972495860474,301.67,78.75,0.6629760997116053,0.1405798849184565,27.85600714198902,2.677945334998163,1212.3261544303136,18.347572817303902,0.9772278313472744,0.0008628344358801,0.0,0.0081308591344712,0.0040053101212087,0.0,0.0,0.0097731649611653,0.2568157292264245,0.3339036372042511,0.0,0.3339760218047611,0.0730980808799738,0.0,0.0,0.0022065308845893,20.917876820577103,0.737998042074868,1.0,1.495561095773338,0.0,4.915081175844016,4.8145228190166485,0.0,0.0,1.0004749606588,22.53960113748808,1221.920496490378,7.249541730897533,302.7106577576344,2.6239816647333654
10,200.0,13.868206138105212,0.9700000000000002,0.0042042035593084,0.0,0.0114000350327836,0.0046985118218604,0.0,0.0,0.0096972495860474,301.67,78.75,0.6629760997116053,0.1761042049283201,27.85600714198902,2.677945334998163,1211.7058497820376,20.266757181735525,0.9752737064273216,0.0013474221210348,0.0,0.0093351706129581,0.0042913305716266,0.0,0.0,0.0097523702670588,0.2099304117386717,0.415936013333954,0.0,0.3089973076571093,0.0633832508148293,0.0,0.0,0.0017530164554355,20.660580618809217,0.7482291666286102,1.0,1.4796242463330374,0.0,4.827387571901482,4.7541163235251735,0.0,0.0,1.0001522282779791,22.53960113748808,1221.920496490378,7.249541730897533,302.7106577576344,2.6239816647333654
10,200.0,16.665746338881974,0.9700000000000002,0.0042042035593084,0.0,0.0114000350327836,0.0046985118218604,0.0,0.0,0.0096972495860474,301.67,78.75,0.6629760997116053,0.2116285249381838,27.85600714198902,2.677945334998163,1211.261488187174,21.68053487985221,0.973832411346528,0.0018820825970251,0.0,0.0100956195613914,0.0044526701281723,0.0,0.0,0.009737216366883,0.1785975809047719,0.4837279239573547,0.0,0.2807650551787293,0.0554654294377023,0.0,0.0,0.0014440105214416,20.46152164344433,0.7566212400441863,1.0,1.4670855145033193,0.0,4.755461678532597,4.708718582653028,0.0,0.0,1.0000001133510112,22.53960113748808,1221.920496490378,7.249541730897533,302.7106577576344,2.6239816647333654
10,200.0,19.463286539658736,0.9700000000000002,0.0042042035593084,0.0,0.0114000350327836,0.0046985118218604,0.0,0.0,0.0096972495860474,301.67,78.75,0.6629760997116053,0.2471528449480474,27.85600714198902,2.677945334998163,1210.908417370403,22.801083130352414,0.9726794038548744,0.0024447171477628,0.0,0.010598679779844,0.0045520391176408,0.0,0.0,0.009725160099878,0.1561634942270179,0.538626914985392,0.0,0.2548019984019181,0.0491878237172471,0.0,0.0,0.0012197686684249,20.29533022622272,0.7639301430097568,1.0000000000918232,1.4564638228631166,0.0,4.692447714728589,4.671782170747444,0.0,0.0,1.00000000888108,22.53960113748808,1221.920496490378,7.249541730897533,302.7106577576344,2.6239816647333654
10,200.0,22.260826740435498,0.9700000000000002,0.0042042035593084,0.0,0.0114000350327836,0.0046985118218604,0.0,0.0,0.0096972495860474,301.67,78.75,0.6629760997116053,0.282677164957911,27.85600714198902,2.677945334998163,1210.6062084401497,23.747630712822247,0.971694539638071,0.0030231932563389,0.0,0.0109494080912301,0.0046179692605971,0.0,0.0,0.0097148897537627,0.1393072115116484,0.5831559847782316,0.0,0.2323051954887597,0.044181875506348,0.0,0.0,0.0010497327150122,20.148578477163184,0.7706000699945612,1.0000000000778484,1.4469317130673252,0.0,4.634937358766293,4.639910355348873,0.0,0.0,1.000000001571255,22.53960113748808,1221.920496490378,7.249541730897533,302.7106577576344,2.6239816647333654
10,200.0,25.05836694121226,0.9700000000000002,0.0042042035593084,0.0,0.0114000350327836,0.0046985118218604,0.0,0.0,0.0096972495860474,301.67,78.75,0.6629760997116053,0.3182014849677747,27.85600714198902,2.677945334998163,1210.3345480403427,24.58573166797444,0.9708134387181756,0.0036109221787147,0.0,0.0112055706448677,0.0046643542537003,0.0,0.0,0.0097057142045417,0.1261815410209961,0.6196430425618914,0.0,0.213127143014001,0.0401317729677921,0.0,0.0,0.0009165004353192,20.01411302148604,0.776834649533636,1.0,1.438117307170819,0.0,4.5811375513887045,4.611106642257865,0.0,0.0,1.0000000011416068,22.53960113748808,1221.920496490378,7.249541730897533,302.7106577576344,2.6239816647333654
10,200.0,27.85590714198902,0.9700000000000002,0.0042042035593084,0.0,0.0114000350327836,0.0046985118218604,0.0,0.0,0.0096972495860474,301.67,78.75,0.6629760997116053,0.3537258049776384,27.85600714198902,2.677945334998163,1210.0825076169683,25.35271366665781,0.9700000281353808,0.0042041822940004,0.0,0.0114000289272929,0.0046985107645759,0.0,0.0,0.0096972498787499,0.1156755176412672,0.6499204828586835,0.0,0.1967918813768366,0.0368027151835363,0.0,0.0,0.0008094029396762,19.88793856339324,0.7827669842991085,1.0,1.4298290683075203,0.0,4.530038836085496,4.5843702860817945,0.0,0.0,1.0000000010898669,22.53960113748808,1221.920496490378,7.249541730897533,302.7106577576344,2.6239816647333654
10,205.0,3.423303522597009,0.9700000000000002,0.0042042035593084,0.0,0.0114000350327836,0.0046985118218604,0.0,0.0,0.0096972495860474,301.67,78.75,0.6795505022043955,0.0434705209218667,26.359378290700462,3.423203522597009,1201.789382629474,9.212414115529324,0.9884856626442492,3.658356691445156e-06,0.0,9.56269860812459e-05,8.386581775171608e-05,0.0,0.0,0.0113311861952262,0.9699752709396668,0.0042098228080066,0.0,0.0114151574221727,0.0047046850308845,0.0,0.0,0.0096950637992694,21.11054998188659,0.7110336274665521,1.0,1.5271074820196535,0.0,4.598780907137392,4.483879302713736,0.0,0.0,1.0002395726917457,21.15779579629945,1206.2779501886548,9.12387059747945,302.7106577576344,3.35468958110042
10,205.0,5.971745163497394,0.9700000000000002,0.0042042035593084,0.0,0.0114000350327836,0.0046985118218604,0.0,0.0,0.0096972495860474,301.67,78.75,0.6795505022043955,0.0758316846158399,26.359378290700462,3.423203522597009,1199.4941296629102,13.28681374837491,0.9843603134035864,0.0001773171720294,0.0,0.003366642090311,0.002228421286565,0.0,0.0,0.0098673060475078,0.5743598149559357,0.1151487234063868,0.0,0.2327275911220371,0.0727518369126476,0.0,0.0,0.0050120336029927,20.51292564810513,0.7315347502630332,1.0,1.495503433913026,0.0,4.472577478877856,4.349244722252124,0.0,0.0,1.00011373026775,21.15779579629945,1206.2779501886548,9.12387059747945,302.7106577576344,3.35468958110042
10,205.0,8.520186804397778,0.9700000000000002,0.0042042035593084,0.0,0.0114000350327836,0.0046985118218604,0.0,0.0,0.0096972495860474,301.67,78.75,0.6795505022043955,0.108192848309813,26.359378290700462,3.423203522597009,1197.8053523736717,16.692033952511586,0.980266034014352,0.0004583893411576,0.0,0.0061120448692949,0.0033531660453277,0.0,0.0,0.0098103657298675,0.4131369138226445,0.2073893540127696,0.0,0.2982378263355513,0.0776744439148498,0.0,0.0,0.0035614619141848,20.065961378646776,0.747541158038213,1.0,1.469933561695937,0.0,4.378886442604737,4.250528384256745,0.0,0.0,1.0000013492996929,21.15779579629945,1206.2779501886548,9.12387059747945,302.7106577576344,3.35468958110042
10,205.0,11.06862844529816,0.9700000000000002,0.0042042035593084,0.0,0.0114000350327836,0.0046985118218604,0.0,0.0,0.0096972495860474,301.67,78.75,0.6795505022043955,0.1405540120037861,26.359378290700462,3.423203522597009,1196.7708155760608,19.208924553372324,0.9773952305834336,0.0008529817645555,0.0,0.0080381356674302,0.0039367904599028,0.0,0.0,0.009776861524678,0.3255522664651596,0.2962420603692365,0.0,0.3043683748202901,0.0710777274203991,0.0,0.0,0.0027595709249145,19.746462683237844,0.7596441698714558,1.0,1.45169003905958,0.0,4.313357119357943,4.1822334296782495,0.0,0.0,1.0000000076622222,21.15779579629945,1206.2779501886548,9.12387059747945,302.7106577576344,3.35468958110042
10,205.0,13.617070086198543,0.9700000000000002,0.0042042035593084,0.0,0.0114000350327836,0.0046985118218604,0.0,0.0,0.0096972495860474,301.67,78.75,0.6795505022043955,0.1729151756977593,26.359378290700462,3.423203522597009,1196.0948938628203,20.99388358022947,0.9753944046288736,0.0013340248315124,0.0,0.0092688523921727,0.0042479997491056,0.0,0.0,0.0097547183983354,0.2703780578734444,0.376449178480706,0.0,0.2878016475610489,0.0631272269399523,0.0,0.0,0.0022438891448483,19.51498568214924,0.7689321498735481,1.0,1.438344803838223,0.0,4.266973065546745,4.134672818544481,0.0,0.0,1.0000000000465687,21.15779579629945,1206.2779501886548,9.12387059747945,302.7106577576344,3.35468958110042
10,205.0,16.165511727098927,0.9700000000000002,0.0042042035593084,0.0,0.0114000350327836,0.0046985118218604,0.0,0.0,0.0096972495860474,301.67,78.75,0.6795505022043955,0.2052763393917324,26.359378290700462,3.423203522597009,1195.6056093207003,22.31195163428707,0.9739147945402676,0.0018680476528204,0.0,0.0100526237846869,0.0044258103670737,0.0,0.0,0.0097387236551511,0.2323611941378655,0.4443905876579633,0.0,0.2652838120300055,0.0560818407288106,0.0,0.0,0.0018825654453551,19.33573073972624,0.7765345144983513,1.0,1.427786922571049,0.0,4.231590772265338,4.098966100171542,0.0,0.0,1.0000000000057772,21.15779579629945,1206.2779501886548,9.12387059747945,302.7106577576344,3.35468958110042
10,205.0,18.713953367999316,0.9700000000000002,0.0042042035593084,0.0,0.0114000350327836,0.0046985118218604,0.0,0.0,0.0096972495860474,301.67,78.75,0.6795505022043955,0.2376375030857055,26.359378290700462,3.423203522597009,1195.215062359369,23.354872932354404,0.9727330704593996,0.0024322926450143,0.0,0.0105726221404521,0.0045359071895676,0.0,0.0,0.0097261075655661,0.204552407746705,0.5004610557634479,0.0,0.2431325189342903,0.0502389858515852,0.0,0.0,0.0016150317039715,19.186365039833376,0.7831393036866126,1.0,1.4187990435603333,0.0,4.202407897321969,4.069977540492148,0.0,0.0,1.00000000030513,21.15779579629945,1206.2779501886548,9.12387059747945,302.7106577576344,3.35468958110042
10,205.0,21.26239500889969,0.9700000000000002,0.0042042035593084,0.0,0.0114000350327836,0.0046985118218604,0.0,0.0,0.0096972495860474,301.67,78.75,0.6795505022043955,0.2699986667796786,26.359378290700462,3.423203522597009,1194.8799683375498,24.233387529251853,0.9717263525316684,0.0030139285891821,0.0,0.0109351881384202,0.0046090927219291,0.0,0.0,0.0097154380188002,0.1833219944195208,0.546598136672471,0.0,0.22322515246966,0.04544571605991,0.0,0.0,0.0014090003784382,19.054769463466044,0.7891663268373968,1.0,1.4107527811631118,0.0,4.176904091679617,4.044951938634532,0.0,0.0,1.0,21.15779579629945,1206.2779501886548,9.12387059747945,302.7106577576344,3.35468958110042
10,205.0,23.81083664980008,0.9700000000000002,0.0042042035593084,0.0,0.0114000350327836,0.0046985118218604,0.0,0.0,0.0096972495860474,301.67,78.75,0.6795505022043955,0.3023598304736518,26.359378290700462,3.423203522597009,1194.5782410874635,25.00918520152741,0.9708278882172744,0.0036058954125582,0.0,0.0111996585771162,0.0046605990469765,0.0,0.0,0.0097059587460745,0.1665837939201621,0.5848266249187215,0.0,0.2058534508937337,0.0414906017726188,0.0,0.0,0.0012455284947635,18.934396726366053,0.7947999188422465,1.0,1.4033105371042185,0.0,4.153731968972108,4.022416301124321,0.0,0.0,1.0,21.15779579629945,1206.2779501886548,9.12387059747945,302.7106577576344,3.35468958110042
10,205.0,26.359278290700463,0.9700000000000002,0.0042042035593084,0.0,0.0114000350327836,0.0046985118218604,0.0,0.0,0.0096972495860474,301.67,78.75,0.6795505022043955,0.3347209941676249,26.359378290700462,3.423203522597009,1194.2979065555578,25.717603859279173,0.970000031409718,0.0042041800052165,0.0,0.0114000281348438,0.0046985105341199,0.0,0.0,0.0096972499161014,0.1530515090619447,0.6168324291573071,0.0,0.1908114355581064,0.0381918907712843,0.0,0.0,0.0011127354513576,18.82156477933926,0.8001441111886337,1.0000000008500207,1.396266333049311,0.0,4.132147596427366,4.001404008852136,0.0,0.0,1.000000000714853,21.15779579629945,1206.2779501886548,9.12387059747945,302.7106577576344,3.35468958110042
10,210.0,4.319453513140276,0.9700000000000002,0.0042042035593084,0.0,0.0114000350327836,0.0046985118218604,0.0,0.0,0.0096972495860474,301.67,78.75,0.6961249046971856,0.0548502033414638,25.365063023340557,4.3193535131402765,1185.7780428354347,11.463189379664968,0.9881791147899398,5.147909966753136e-06,0.0,0.0001290160086711,0.0001066293191943,0.0,0.0,0.0115800919722278,0.9699809299424418,0.0042086084070608,0.0,0.0114118584347488,0.0047033287485721,0.0,0.0,0.0096952744671764,19.749314760195443,0.7409437354218512,1.0,1.4702835296895862,0.0,3.967666940775395,3.889119978442835,0.0,0.0,1.0000000015850552,19.793904820789816,1190.2941504876192,11.354703713715036,302.7106577576344,4.233266563955471
10,210.0,6.657843458718085,0.9700000000000002,0.0042042035593084,0.0,0.0114000350327836,0.0046985118218604,0.0,0.0,0.0096972495860474,301.67,78.75,0.6961249046971856,0.0845440439202296,25.365063023340557,4.3193535131402765,1183.6794046077353,15.16320306854012,0.9845105869034372,0.000178774737169,0.0,0.0032987247176169,0.0021278001987597,0.0,0.0,0.0098841134430168,0.6480503761384173,0.0935172895008809,0.0,0.1911456115632574,0.0617354632299254,0.0,0.0,0.0055512595675187,19.23797855091188,0.7590867985561622,1.0,1.4452967692441223,0.0,3.8739958755068384,3.7879007941470526,0.0,0.0,1.000000001068348,19.793904820789816,1190.2941504876192,11.354703713715036,302.7106577576344,4.233266563955471
10,210.0,8.996233404295893,0.9700000000000002,0.0042042035593084,0.0,0.0114000350327836,0.0046985118218604,0.0,0.0,0.0096972495860474,301.67,78.75,0.6961249046971856,0.1142378844989954,25.365063023340557,4.3193535131402765,1181.971541632025,18.28659261929197,0.980483982979148,0.0004554353389142,0.0,0.0059881739991392,0.0032540527246026,0.0,0.0,0.0098183549581958,0.4911069927160936,0.175442452442922,0.0,0.2586059309751274,0.070679290535467,0.0,0.0,0.0041653333303898,18.845550325300877,0.7735401740488008,1.0,1.4243559229228384,0.0,3.801630344024643,3.711874647693546,0.0,0.0,1.000000001305867,19.793904820789816,1190.2941504876192,11.354703713715036,302.7106577576344,4.233266563955471
10,210.0,11.334623349873702,0.9700000000000002,0.0042042035593084,0.0,0.0114000350327836,0.0046985118218604,0.0,0.0,0.0096972495860474,301.67,78.75,0.6961249046971856,0.1439317250777613,25.365063023340557,4.3193535131402765,1180.8808660259458,20.63886265338067,0.977588840837379,0.0008436472210959,0.0,0.007919908834892,0.0038659290707971,0.0,0.0,0.0097816740358358,0.3982612314411251,0.2573865252939603,0.0,0.2735906790915738,0.0674248025712477,0.0,0.0,0.0033367616020929,18.55905116962,0.7846306903742708,1.0,1.4090965759191192,0.0,3.750334628874602,3.658078298285249,0.0,0.0,1.0000000005391965,19.793904820789816,1190.2941504876192,11.354703713715036,302.7106577576344,4.233266563955471
10,210.0,13.67301329545151,0.9700000000000002,0.0042042035593084,0.0,0.0114000350327836,0.0046985118218604,0.0,0.0,0.0096972495860474,301.67,78.75,0.6961249046971856,0.1736255656565271,25.365063023340557,4.3193535131402765,1180.150923890843,22.330927004456267,0.9755393415819013,0.0013202449681507,0.0,0.009180687112506,0.0042019586396034,0.0,0.0,0.0097577676978385,0.336748939495805,0.333894981659691,0.0,0.2651132974059734,0.0614638917161646,0.0,0.0,0.002778889722366,18.349021117860552,0.793197325578452,1.0,1.3977874921335256,0.0,3.713438689999664,3.619942010990837,0.0,0.0,1.0000000000096283,19.793904820789816,1190.2941504876192,11.354703713715036,302.7106577576344,4.233266563955471
10,210.0,16.01140324102932,0.9700000000000002,0.0042042035593084,0.0,0.0114000350327836,0.0046985118218604,0.0,0.0,0.0096972495860474,301.67,78.75,0.6961249046971856,0.2033194062352929,25.365063023340557,4.3193535131402765,1179.616999980754,23.586772152310083,0.9740157663337126,0.0018530446754281,0.0,0.0099936069373311,0.0043969088595882,0.0,0.0,0.0097406731939396,0.292916436618742,0.400624438922313,0.0,0.2485326935030031,0.0555506758801093,0.0,0.0,0.0023757550758323,18.18597586564176,0.8002261535641083,1.0,1.3888032349770798,0.0,3.6852512245036393,3.5912819592652228,0.0,0.0,1.000000000235939,19.793904820789816,1190.2941504876192,11.354703713715036,302.7106577576344,4.233266563955471
10,210.0,18.34979318660713,0.9700000000000002,0.0042042035593084,0.0,0.0114000350327836,0.0046985118218604,0.0,0.0,0.0096972495860474,301.67,78.75,0.6961249046971856,0.2330132468140587,25.365063023340557,4.3193535131402765,1179.189328724832,24.579908265688392,0.9727995709288804,0.0024187406320738,0.0,0.0105359160762079,0.0045184468172361,0.0,0.0,0.0097273255456018,0.2600686717408422,0.456972181113709,0.0,0.2305282993990292,0.0503604332924524,0.0,0.0,0.0020704144539669,18.050387730877084,0.8063114639942583,1.0,1.3811991346943142,0.0,3.66211029989208,3.5681022660166195,0.0,0.0,1.000000000086438,19.793904820789816,1190.2941504876192,11.354703713715036,302.7106577576344,4.233266563955471
10,210.0,20.68818313218493,0.9700000000000002,0.0042042035593084,0.0,0.0114000350327836,0.0046985118218604,0.0,0.0,0.0096972495860474,301.67,78.75,0.6961249046971856,0.2627070873928245,25.365063023340557,4.3193535131402765,1178.822027233626,25.41435787140929,0.9717659979082124,0.0030037116494086,0.0,0.0109146956379821,0.0045994571954524,0.0,0.0,0.0097161376089445,0.2345274030346293,0.5041645367534915,0.0,0.2135258832256564,0.0459510880491241,0.0,0.0,0.0018310889370985,17.931251524375597,0.8118288016645622,1.0,1.3743516686117463,0.0,3.64198485982369,3.548183317074172,0.0,0.0,1.0,19.793904820789816,1190.2941504876192,11.354703713715036,302.7106577576344,4.233266563955471
10,210.0,23.02657307776274,0.9700000000000002,0.0042042035593084,0.0,0.0114000350327836,0.0046985118218604,0.0,0.0,0.0096972495860474,301.67,78.75,0.6961249046971856,0.2924009279715903,25.365063023340557,4.3193535131402765,1178.4912098532918,26.1491972685812,0.9708459417605246,0.0036003190109431,0.0,0.0111909548313194,0.0046565161201425,0.0,0.0,0.0097062682770702,0.2140978857869507,0.5438129900636323,0.0,0.1982263317140741,0.0422243099296241,0.0,0.0,0.0016384825057188,17.82251919929283,0.816981616715318,1.0,1.3680610238022737,0.0,3.6237685274362033,3.5303154975961446,0.0,0.0,1.0,19.793904820789816,1190.2941504876192,11.354703713715036,302.7106577576344,4.233266563955471
10,210.0,25.364963023340557,0.9700000000000002,0.0042042035593084,0.0,0.0114000350327836,0.0046985118218604,0.0,0.0,0.0096972495860474,301.67,78.75,0.6961249046971856,0.3220947685503562,25.365063023340557,4.3193535131402765,1178.183789463498,26.81859401279924,0.9700000349450824,0.0042041776347787,0.0,0.0114000271947585,0.0046985102676762,0.0,0.0,0.009697249957704,0.1973869790815616,0.5773786791618639,0.0,0.1846936677506274,0.0390605109668788,0.0,0.0,0.0014801630390683,17.720760991840045,0.8218839390194269,1.0,1.3620797133215372,0.0,3.606838227267231,3.513817524007827,0.0,0.0,1.0,19.793904820789816,1190.2941504876192,11.354703713715036,302.7106577576344,4.233266563955471
10,215.0,5.385613993216028,0.9700000000000002,0.0042042035593084,0.0,0.0114000350327836,0.0046985118218604,0.0,0.0,0.0096972495860474,301.67,78.75,0.7126993071899758,0.0683887491202035,24.82166244944997,5.385513993216028,1169.3771477615276,14.121577512829212,0.987895193638314,7.144182205142558e-06,0.0,0.0001699700096736,0.0001340565999025,0.0,0.0,0.0117936355699047,0.969985110278474,0.0042076957285812,0.0,0.0114093790244886,0.0047023096833727,0.0,0.0,0.0096955052850835,18.405732428100546,0.7731469115481248,1.0,1.418327756692318,0.0,3.469587727866078,3.398586199616914,0.0,0.0,1.0000000009256205,18.448205290897207,1173.908539729092,13.989350648063478,302.7106577576344,5.278346606766283
10,215.0,7.545163821686466,0.9700000000000002,0.0042042035593084,0.0,0.0114000350327836,0.0046985118218604,0.0,0.0,0.0096972495860474,301.67,78.75,0.7126993071899758,0.0958116040849075,24.82166244944997,5.385513993216028,1167.4475455740285,17.514918527731975,0.9846481869263388,0.0001813028703721,0.0,0.0032247678398223,0.0020394036350412,0.0,0.0,0.0099063387284255,0.7110533829594706,0.0753199347640333,0.0,0.1559201584900622,0.051705494514272,0.0,0.0,0.0060010292721617,17.966150113042023,0.7894066051532015,1.0,1.3982944673452655,0.0,3.398909754478913,3.322354549744348,0.0,0.0,1.0,18.448205290897207,1173.908539729092,13.989350648063478,302.7106577576344,5.278346606766283
10,215.0,9.704713650156904,0.9700000000000002,0.0042042035593084,0.0,0.0114000350327836,0.0046985118218604,0.0,0.0,0.0096972495860474,301.67,78.75,0.7126993071899758,0.1232344590496114,24.82166244944997,5.385513993216028,1165.7324592157502,20.410415923850053,0.9807117977234054,0.0004538897490225,0.0,0.0058473378043419,0.003158278032049,0.0,0.0,0.009828696691181,0.5649981661491789,0.1459996341585142,0.0,0.2213416917374749,0.0629331355087505,0.0,0.0,0.0047273724460814,17.62075800384324,0.8026050436527776,1.0,1.3810111149660549,0.0,3.342865297377348,3.2632541964902715,0.0,0.0,1.0,18.448205290897207,1173.908539729092,13.989350648063478,302.7106577576344,5.278346606766283
10,215.0,11.864263478627343,0.9700000000000002,0.0042042035593084,0.0,0.0114000350327836,0.0046985118218604,0.0,0.0,0.0096972495860474,301.67,78.75,0.7126993071899758,0.1506573140143154,24.82166244944997,5.385513993216028,1164.592269830301,22.63683811580425,0.97780408063465,0.0008352993510759,0.0,0.0077792847205096,0.0037934962096182,0.0,0.0,0.0097878390841462,0.4714521874103322,0.2194197942826073,0.0,0.2427043016882203,0.0625135927987974,0.0,0.0,0.0039101238200427,17.36286258834091,0.8129124899076814,1.0,1.3681532854840883,0.0,3.3019376748573768,3.220437875018378,0.0,0.0,1.0000000000908285,18.448205290897207,1173.908539729092,13.989350648063478,302.7106577576344,5.278346606766283
10,215.0,14.02381330709778,0.9700000000000002,0.0042042035593084,0.0,0.0114000350327836,0.0046985118218604,0.0,0.0,0.0096972495860474,301.67,78.75,0.7126993071899758,0.1780801689790194,24.82166244944997,5.385513993216028,1163.8097895415883,24.26662346912023,0.9757063949945922,0.0013065822699265,0.0,0.0090719333251356,0.0041534300899703,0.0,0.0,0.0097616593203754,0.406267182008352,0.2904592238451304,0.0,0.2413924098100963,0.0585469504675171,0.0,0.0,0.0033342338689039,17.17104892246286,0.8209648637446954,1.0,1.358509183109132,0.0,3.2721058732634107,3.189625474034967,0.0,0.0,1.0,18.448205290897207,1173.908539729092,13.989350648063478,302.7106577576344,5.278346606766283
10,215.0,16.18336313556822,0.9700000000000002,0.0042042035593084,0.0,0.0114000350327836,0.0046985118218604,0.0,0.0,0.0096972495860474,301.67,78.75,0.7126993071899758,0.2055030239437234,24.82166244944997,5.385513993216028,1163.230981468143,25.485684960497863,0.9741344751488462,0.0018374647254126,0.0,0.0099189281741924,0.0043659810787099,0.0,0.0,0.0097431508728385,0.3581534780868666,0.3544496087590482,0.0,0.2305838606420838,0.0539085738735238,0.0,0.0,0.0029044786384774,17.021524424089773,0.8275473261588303,1.0,1.3508368194175366,0.0,3.249258376718196,3.166377478308051,0.0,0.0,1.0,18.448205290897207,1173.908539729092,13.989350648063478,302.7106577576344,5.278346606766283
10,215.0,18.342912964038657,0.9700000000000002,0.0042042035593084,0.0,0.0114000350327836,0.0046985118218604,0.0,0.0,0.0096972495860474,301.67,78.75,0.7126993071899758,0.2329258789084274,24.82166244944997,5.385513993216028,1162.7658283122466,26.450472356693595,0.9728785787251704,0.0024043149294036,0.0,0.0104886161185441,0.0044996256987352,0.0,0.0,0.0097288645281465,0.3211431326523751,0.4099148717313329,0.0,0.2168418443408797,0.0495291866550776,0.0,0.0,0.0025709646203345,16.897355957025997,0.8332364643793895,1.0,1.3443168745645409,0.0,3.230617021428818,3.1476351408125254,0.0,0.0,1.0,18.448205290897207,1173.908539729092,13.989350648063478,302.7106577576344,5.278346606766283
10,215.0,20.502462792509093,0.9700000000000002,0.0042042035593084,0.0,0.0114000350327836,0.0046985118218604,0.0,0.0,0.0096972495860474,301.67,78.75,0.7126993071899758,0.2603487338731313,24.82166244944997,5.385513993216028,1162.3662498121453,27.259342924001995,0.9718133559109632,0.002992680125938,0.0,0.0108879150631052,0.0045890334086636,0.0,0.0,0.0097170154913296,0.2917770500649021,0.4573325673450328,0.0,0.2029407659262759,0.045645119105956,0.0,0.0,0.002304497557833,16.788579655034898,0.8383828653092102,1.0,1.3385138759013735,0.0,3.214493093576719,3.13162737961038,0.0,0.0,1.0,18.448205290897207,1173.908539729092,13.989350648063478,302.7106577576344,5.278346606766283
10,215.0,22.66201262097953,0.9700000000000002,0.0042042035593084,0.0,0.0114000350327836,0.0046985118218604,0.0,0.0,0.0096972495860474,301.67,78.75,0.7126993071899758,0.2877715888378353,24.82166244944997,5.385513993216028,1162.006580860224,27.96963172323776,0.9708675630130452,0.003594246602055,0.0,0.0111794456733434,0.0046520909146547,0.0,0.0,0.0097066537969015,0.2679053330618733,0.4978254394927509,0.0,0.1899168810917472,0.042265663594632,0.0,0.0,0.0020866827589963,16.689579289766723,0.8431750038111204,1.0,1.3331495808983804,0.0,3.1999523664143834,3.1173232537145563,0.0,0.0,1.0,18.448205290897207,1173.908539729092,13.989350648063478,302.7106577576344,5.278346606766283
10,215.0,24.82156244944997,0.9700000000000002,0.0042042035593084,0.0,0.0114000350327836,0.0046985118218604,0.0,0.0,0.0096972495860474,301.67,78.75,0.7126993071899758,0.3151944438025393,24.82166244944997,5.385513993216028,1161.6725630027984,28.614961266073657,0.9700000387837286,0.0042041751728386,0.0,0.0114000260777862,0.00469850996097,0.0,0.0,0.0096972500046763,0.24811839041758,0.5325616163863072,0.0,0.1780794166029937,0.0393352678371104,0.0,0.0,0.0019053087560086,16.597127212202995,0.8477237083820051,1.0,1.328054291889036,0.0,3.1864748265357044,3.104155392221755,0.0,0.0,1.0,18.448205290897207,1173.908539729092,13.989350648063478,302.7106577576344,5.278346606766283
10,220.0,6.641819023925941,0.9700000000000002,0.0042042035593084,0.0,0.0114000350327836,0.0046985118218604,0.0,0.0,0.0096972495860474,301.67,78.75,0.729273709682766,0.0843405590339802,24.69525845551513,6.641719023925941,1152.5176769267807,17.241048772082717,0.9876306627982804,9.791099108151188e-06,0.0,0.000219173372414,0.0001668122191799,0.0,0.0,0.0119735605110173,0.9699882402462318,0.0042070012566099,0.0,0.0114074927319949,0.0047015344916312,0.0,0.0,0.0096957312735321,17.08023639689482,0.80792526555462,1.0,1.3707151674416365,0.0,3.0714549187266065,2.9913485089523704,0.0,0.0,1.0000000001258842,17.121140165384258,1157.0541060432145,17.08052563899556,302.7106577576344,6.509407158415541
10,220.0,8.647745627435851,0.9700000000000002,0.0042042035593084,0.0,0.0114000350327836,0.0046985118218604,0.0,0.0,0.0096972495860474,301.67,78.75,0.729273709682766,0.1098126428880743,24.69525845551513,6.641719023925941,1150.7305495409064,20.381922428575308,0.9847682352505076,0.0001850510577791,0.0,0.0031483258767811,0.0019633490277727,0.0,0.0,0.0099350387871593,0.7632631135290154,0.060467329134158,0.0,0.1269136783380968,0.0429873818492752,0.0,0.0,0.0063684971494545,16.700779121192497,0.8226876672118686,1.0,1.3543504195035494,0.0,3.017517262245776,2.933365770538069,0.0,0.0,1.0,17.121140165384258,1157.0541060432145,17.08052563899556,302.7106577576344,6.509407158415541
10,220.0,10.653672230945762,0.9700000000000002,0.0042042035593084,0.0,0.0114000350327836,0.0046985118218604,0.0,0.0,0.0096972495860474,301.67,78.75,0.729273709682766,0.1352847267421684,24.69525845551513,6.641719023925941,1149.0179276676809,23.0917112119326,0.980942582723578,0.0004540433139051,0.0,0.0056942771831204,0.0030671931490356,0.0,0.0,0.0098419036303609,0.6321036067981982,0.1200055324467035,0.0,0.1875883304824439,0.0550720579612516,0.0,0.0,0.0052304723114024,16.39625303778558,0.8348789965912274,1.0,1.3400787587634009,0.0,2.973548654731536,2.8874223244634907,0.0,0.0,1.0,17.121140165384258,1157.0541060432145,17.08052563899556,302.7106577576344,6.509407158415541
10,220.0,12.659598834455672,0.9700000000000002,0.0042042035593084,0.0,0.0114000350327836,0.0046985118218604,0.0,0.0,0.0096972495860474,301.67,78.75,0.729273709682766,0.1607568105962624,24.69525845551513,6.641719023925941,1147.834666379079,25.221417964054123,0.9780359443444062,0.0008284582442934,0.0,0.0076195341069988,0.0037204184484721,0.0,0.0,0.0097956448558292,0.5418994332507006,0.1840409994133252,0.0,0.2127994623510338,0.0568046874666323,0.0,0.0,0.0044554175183081,16.16356574296432,0.8446045327506895,1.0,1.3291904029721124,0.0,2.9407432336702795,2.8533050148077823,0.0,0.0,1.0,17.121140165384258,1157.0541060432145,17.08052563899556,302.7106577576344,6.509407158415541
10,220.0,14.66552543796558,0.9700000000000002,0.0042042035593084,0.0,0.0114000350327836,0.0046985118218604,0.0,0.0,0.0096972495860474,301.67,78.75,0.729273709682766,0.1862288944503566,24.69525845551513,6.641719023925941,1147.001187002032,26.812070823654032,0.9758932118800316,0.0012936244872245,0.0,0.0089438481675592,0.0041027437690473,0.0,0.0,0.0097665716961373,0.4759296589552504,0.2482189826061675,0.0,0.2173198469918545,0.0546460329748527,0.0,0.0,0.0038854784718747,15.98758906817748,0.8522732566080975,1.0,1.320876183137777,0.0,2.9164206496135554,2.8282989466130037,0.0,0.0,1.0,17.121140165384258,1157.0541060432145,17.08052563899556,302.7106577576344,6.509407158415541
10,220.0,16.67145204147549,0.9700000000000002,0.0042042035593084,0.0,0.0114000350327836,0.0046985118218604,0.0,0.0,0.0096972495860474,301.67,78.75,0.729273709682766,0.2117009783044506,24.69525845551513,6.641719023925941,1146.3768944487583,28.01437733825689,0.974270091372034,0.0018217913365576,0.0,0.0098287674893777,0.0043330808455379,0.0,0.0,0.0097462689564924,0.4254904860210772,0.3080024149988753,0.0,0.2117634586340095,0.0512971969491533,0.0,0.0,0.0034464433968846,15.849548163886634,0.8585630624835048,1.0,1.3142229800982352,0.0,2.8976812509358507,2.8092977647886093,0.0,0.0,1.0,17.121140165384258,1157.0541060432145,17.08052563899556,302.7106577576344,6.509407158415541
10,220.0,18.677378644985403,0.9700000000000002,0.0042042035593084,0.0,0.0114000350327836,0.0046985118218604,0.0,0.0,0.0096972495860474,301.67,78.75,0.729273709682766,0.2371730621585448,24.69525845551513,6.641719023925941,1145.8733064858434,28.96813680139297,0.9729698920687214,0.0023893414659637,0.0,0.0104305564925735,0.0044794173835043,0.0,0.0,0.0097307925892369,0.3856293124153103,0.3613054667765472,0.0,0.2021594390892092,0.0478086197401023,0.0,0.0,0.0030971619788307,15.734978802412598,0.8639769435823474,1.0,1.3086409331226752,0.0,2.8823653562363045,2.7939764558711957,0.0,0.0,1.0,17.121140165384258,1157.0541060432145,17.08052563899556,302.7106577576344,6.509407158415541
10,220.0,20.683305248495312,0.9700000000000002,0.0042042035593084,0.0,0.0114000350327836,0.0046985118218604,0.0,0.0,0.0096972495860474,301.67,78.75,0.729273709682766,0.2626451460126389,24.69525845551513,6.641719023925941,1145.4407171287253,29.76647997548601,0.971868428217226,0.0029810170082676,0.0,0.0108546573920475,0.0045777882506081,0.0,0.0,0.0097181091318507,0.3533161928401066,0.4079228651638909,0.0,0.1914045739967526,0.0445439128104542,0.0,0.0,0.0028124551887955,15.634909019092904,0.8688440649639078,1.0,1.3036454728864546,0.0,2.869154720185878,2.78091297193744,0.0,0.0,1.0,17.121140165384258,1157.0541060432145,17.08052563899556,302.7106577576344,6.509407158415541
10,220.0,22.68923185200522,0.9700000000000002,0.0042042035593084,0.0,0.0114000350327836,0.0046985118218604,0.0,0.0,0.0096972495860474,301.67,78.75,0.729273709682766,0.288117229866733,24.69525845551513,6.641719023925941,1145.051770711386,30.46554888290565,0.9708927851628116,0.0035877524201207,0.0,0.011165026193405,0.0046473051687859,0.0,0.0,0.0097071310548764,0.3265866290345954,0.4484688732936175,0.0,0.1807664580532983,0.0416021776116802,0.0,0.0,0.0025758620068085,15.544119157764358,0.8733559801074066,1.0,1.299072522526569,0.0,2.8572896038795284,2.769287034675124,0.0,0.0,1.0,17.121140165384258,1157.0541060432145,17.08052563899556,302.7106577576344,6.509407158415541
10,220.0,24.69515845551513,0.9700000000000002,0.0042042035593084,0.0,0.0114000350327836,0.0046985118218604,0.0,0.0,0.0096972495860474,301.67,78.75,0.729273709682766,0.313589313720827,24.69525845551513,6.641719023925941,1144.6909983600326,31.09889171187921,0.9700000429196128,0.004204172648828,0.0,0.0114000247617743,0.0046985096118587,0.0,0.0,0.0096972500579261,0.3041074620319738,0.4837765249936301,0.0,0.1707534872379275,0.0389864167298056,0.0,0.0,0.0023761090066626,15.459554822448508,0.8776451660794472,1.0,1.2947551444654055,0.0,2.8463281820826025,2.7586213919171607,0.0,0.0,1.0,17.121140165384258,1157.0541060432145,17.08052563899556,302.7106577576344,6.509407158415541
10,225.0,8.108994168450714,0.9700000000000002,0.0042042035593084,0.0,0.0114000350327836,0.0046985118218604,0.0,0.0,0.0096972495860474,301.67,78.75,0.745848112175556,0.102971354520009,24.964665476727784,8.108894168450714,1135.122261914898,20.88193438430674,0.9873822704146322,1.3269151584653732e-05,0.0,0.0002772375956757,0.00020562568041,0.0,0.0,0.0121215971576974,0.9699906140361042,0.0042064665524677,0.0,0.0114060410476871,0.0047009378609281,0.0,0.0,0.0096959405028128,15.773442753123057,0.8456746687248683,1.0,1.3268468166275986,0.0,2.7496013972221425,2.6512625594896657,0.0,0.0,1.0000000001764784,15.813326197117547,1139.6555629264626,20.687604017864448,302.7106577576344,7.946729358776584
10,225.0,9.981835424925944,0.9700000000000002,0.0042042035593084,0.0,0.0114000350327836,0.0046985118218604,0.0,0.0,0.0096972495860474,301.67,78.75,0.745848112175556,0.1267534657133453,24.964665476727784,8.108894168450714,1133.45218836586,23.814414953732616,0.984866029540908,0.0001902159353594,0.0,0.0030727913402772,0.0018997316559815,0.0,0.0,0.0099712315274738,0.8056027557558072,0.0485932249850796,0.0,0.1034875632749951,0.0356490588559335,0.0,0.0,0.0066673971281845,15.444735074494368,0.859271345625573,1.0,1.3133296863957185,0.0,2.708048436797976,2.6069932683853354,0.0,0.0,1.0,15.813326197117547,1139.6555629264626,20.687604017864448,302.7106577576344,7.946729358776584
10,225.0,11.854676681401171,0.9700000000000002,0.0042042035593084,0.0,0.0114000350327836,0.0046985118218604,0.0,0.0,0.0096972495860474,301.67,78.75,0.745848112175556,0.1505355769066815,24.964665476727784,8.108894168450714,1131.7496342406696,26.37214885626189,0.98116947765273,0.0004562179351711,0.0,0.0055336691917899,0.0029820925430096,0.0,0.0,0.0098585426772993,0.6909875707018571,0.0978285077996666,0.0,0.157941264205418,0.0475744929174736,0.0,0.0,0.0056681643755846,15.175931699426734,0.8706959525580047,1.0,1.3014851108265937,0.0,2.67332656142732,2.5711132899923164,0.0,0.0,1.0,15.813326197117547,1139.6555629264626,20.687604017864448,302.7106577576344,7.946729358776584
10,225.0,13.727517937876405,0.9700000000000002,0.0042042035593084,0.0,0.0114000350327836,0.0046985118218604,0.0,0.0,0.0096972495860474,301.67,78.75,0.745848112175556,0.1743176881000178,24.964665476727784,8.108894168450714,1130.5293979355472,28.4274548520945,0.9782789230107783,0.0008236815696227,0.0,0.0074442056932936,0.0036477609449534,0.0,0.0,0.0098054287813517,0.6071273003421895,0.1523755465048588,0.0,0.1847876205843663,0.050753875167388,0.0,0.0,0.0049556574011971,14.965771018639254,0.8799398824734369,1.0,1.2922340264858103,0.0,2.646706600051713,2.5437868155666927,0.0,0.0,1.0,15.813326197117547,1139.6555629264626,20.687604017864448,302.7106577576344,7.946729358776584
10,225.0,15.600359194351634,0.9700000000000002,0.0042042035593084,0.0,0.0114000350327836,0.0046985118218604,0.0,0.0,0.0096972495860474,301.67,78.75,0.745848112175556,0.198099799293354,24.964665476727784,8.108894168450714,1129.6465927013433,29.996757142250207,0.9760969798298396,0.001282039899753,0.0,0.008797901607615,0.0040503575838113,0.0,0.0,0.0097727210789807,0.5430023093591201,0.2088558785079632,0.0,0.1936386177895273,0.0500915376395825,0.0,0.0,0.0044116567038068,14.803873170301069,0.8873661046644138,1.0,1.2850475596826054,0.0,2.6265899412115234,2.523345753824753,0.0,0.0,1.0,15.813326197117547,1139.6555629264626,20.687604017864448,302.7106577576344,7.946729358776584
10,225.0,17.473200450826866,0.9700000000000002,0.0042042035593084,0.0,0.0114000350327836,0.0046985118218604,0.0,0.0,0.0096972495860474,301.67,78.75,0.745848112175556,0.2218819104866903,24.964665476727784,8.108894168450714,1128.975992244742,31.198568124692382,0.9744216069256418,0.0018066064946642,0.0,0.0097232985791759,0.0042983205621931,0.0,0.0,0.0097501674383246,0.4922855214511663,0.263242795358249,0.0,0.192556183480497,0.0479355435496422,0.0,0.0,0.0039799561604451,14.675796683579406,0.8934651764177595,1.0,1.279263058699296,0.0,2.61095785597755,2.5076598033907005,0.0,0.0,1.0,15.813326197117547,1139.6555629264626,20.687604017864448,302.7106577576344,7.946729358776584
10,225.0,19.346041707302096,0.9700000000000002,0.0042042035593084,0.0,0.0114000350327836,0.0046985118218604,0.0,0.0,0.0096972495860474,301.67,78.75,0.745848112175556,0.2456640216800266,24.964665476727784,8.108894168450714,1128.4325023354145,32.1559629994193,0.9730733088001888,0.0023742292531605,0.0,0.0103614534410172,0.0044578117930025,0.0,0.0,0.0097331967126307,0.4511168009045678,0.3131685751766691,0.0,0.186749332449387,0.0453371879576513,0.0,0.0,0.0036281035117249,14.569418047168432,0.8987063334929559,1.0,1.2744082190588946,0.0,2.5981764617030167,2.4949959199556115,0.0,0.0,1.0,15.813326197117547,1139.6555629264626,20.687604017864448,302.7106577576344,7.946729358776584
10,225.0,21.218882963777325,0.9700000000000002,0.0042042035593084,0.0,0.0114000350327836,0.0046985118218604,0.0,0.0,0.0096972495860474,301.67,78.75,0.745848112175556,0.2694461328733629,24.964665476727784,8.108894168450714,1127.9655458876966,32.956743398953684,0.9719312730457516,0.0029689594415568,0.0,0.0108146111868815,0.0045656888950883,0.0,0.0,0.0097194674307215,0.4170080629051479,0.3578983841740767,0.0,0.179027635531361,0.0427304243615392,0.0,0.0,0.0033354930278751,14.476744911483705,0.9033983246271838,1.0,1.2700876779672527,0.0,2.5872030255005067,2.4842284034057545,0.0,0.0,1.0,15.813326197117547,1139.6555629264626,20.687604017864448,302.7106577576344,7.946729358776584
10,225.0,23.091724220252555,0.9700000000000002,0.0042042035593084,0.0,0.0114000350327836,0.0046985118218604,0.0,0.0,0.0096972495860474,301.67,78.75,0.745848112175556,0.2932282440666991,24.964665476727784,8.108894168450714,1127.546258160026,33.65609478627758,0.970921685583672,0.0035809355560079,0.0,0.0111475198207915,0.0046421380265332,0.0,0.0,0.0097077210129953,0.388277404139639,0.3975803040645222,0.0,0.1707752137450936,0.0402788779870517,0.0,0.0,0.0030882000636934,14.392944385116923,0.9077275380833598,1.0,1.266164047119968,0.0,2.577386954625417,2.4746825116540934,0.0,0.0,1.0,15.813326197117547,1139.6555629264626,20.687604017864448,302.7106577576344,7.946729358776584
10,225.0,24.964565476727785,0.9700000000000002,0.0042042035593084,0.0,0.0114000350327836,0.0046985118218604,0.0,0.0,0.0096972495860474,301.67,78.75,0.745848112175556,0.3170103552600353,24.964665476727784,8.108894168450714,1127.1579529386047,34.2878164650806,0.970000047403136,0.0042041700547391,0.0,0.011400023207314,0.0046985092154422,0.0,0.0,0.0096972501193684,0.3637429578416747,0.4327071003393893,0.0,0.1626405395612962,0.0380330019331692,0.0,0.0,0.0028764003244703,14.315121755886876,0.9118283143941178,1.0,1.2624608547667435,0.0,2.568348433525998,2.465956366165777,0.0,0.0,1.0,15.813326197117547,1139.6555629264626,20.687604017864448,302.7106577576344,7.946729358776584
10,230.0,9.808954460120532,0.9700000000000002,0.0042042035593084,0.0,0.0114000350327836,0.0046985118218604,0.0,0.0,0.0096972495860474,301.67,78.75,0.7624225146683462,0.1245581518745464,25.618175067969634,9.808854460120532,1117.102820105471,25.11317536664647,0.9871467541592216,1.78059433627636e-05,0.0,0.0003447318678976,0.000251302585981,0.0,0.0,0.0122394054435369,0.9699924364715616,0.0042060502025348,0.0,0.0114049115883759,0.0047004735105401,0.0,0.0,0.0096961282269875,14.486162069303465,0.8869035277336635,1.0,1.286338250894936,0.0,2.486718638081572,2.365606878308576,0.0,0.0,1.000000000044312,14.52556748614066,1121.6270137216943,24.87830228106012,302.7106577576344,9.61137473881863
10,230.0,11.56552341654821,0.9700000000000002,0.0042042035593084,0.0,0.0114000350327836,0.0046985118218604,0.0,0.0,0.0096972495860474,301.67,78.75,0.7624225146683462,0.1468637894164852,25.618175067969634,9.808854460120532,1115.5256052962404,27.87365710565397,0.9849371302326864,0.0001970501087516,0.0,0.0030013592365648,0.0018486558382455,0.0,0.0,0.0100158045837517,0.8394665811156049,0.0392221375096318,0.0,0.0847948470685695,0.0296029907327673,0.0,0.0,0.0069134435734264,14.20059762041741,0.8995861206164868,1.0,1.2750424440864163,0.0,2.454330501344403,2.331580899435544,0.0,0.0,1.0,14.52556748614066,1121.6270137216943,24.87830228106012,302.7106577576344,9.61137473881863
10,230.0,13.322092372975888,0.9700000000000002,0.0042042035593084,0.0,0.0114000350327836,0.0046985118218604,0.0,0.0,0.0096972495860474,301.67,78.75,0.7624225146683462,0.1691694269584239,25.618175067969634,9.808854460120532,1113.8387215108537,30.306744627283862,0.9813857448751656,0.0004607738001023,0.0,0.0053700868271552,0.0029041823965858,0.0,0.0,0.0098792121009909,0.7413123378161265,0.0793926264133673,0.0,0.1325141802515832,0.0407384025758511,0.0,0.0,0.0060424529430718,13.963184013968649,0.91041357163866,1.0,1.265211339331362,0.0,2.426706462662434,2.3035039306366225,0.0,0.0,1.0,14.52556748614066,1121.6270137216943,24.87830228106012,302.7106577576344,9.61137473881863
10,230.0,15.078661329403566,0.9700000000000002,0.0042042035593084,0.0,0.0114000350327836,0.0046985118218604,0.0,0.0,0.0096972495860474,301.67,78.75,0.7624225146683462,0.1914750645003627,25.618175067969634,9.808854460120532,1112.5870456002333,32.305120841436,0.9785269862786996,0.0008215606392765,0.0,0.0072571832498007,0.0035766984611807,0.0,0.0,0.0098175713710421,0.6656152502144831,0.1249531862801608,0.0,0.1592859189952969,0.0447434782303904,0.0,0.0,0.0054021662796687,13.773380670535673,0.9193396688387736,1.0,1.2573394424759197,0.0,2.405006435574065,2.2815895300698323,0.0,0.0,1.0,14.52556748614066,1121.6270137216943,24.87830228106012,302.7106577576344,9.61137473881863
10,230.0,16.835230285831244,0.9700000000000002,0.0042042035593084,0.0,0.0114000350327836,0.0046985118218604,0.0,0.0,0.0096972495860474,301.67,78.75,0.7624225146683462,0.2137807020423015,25.618175067969634,9.808854460120532,1111.6567058222713,33.86690121108514,0.9763142279437814,0.0012725754045594,0.0,0.0086359623472853,0.0039968737876714,0.0,0.0,0.0097803605167023,0.6053818392175446,0.1734924958730827,0.0,0.171012755357203,0.0452149410415178,0.0,0.0,0.0048979685106515,13.62426728946606,0.92661364498271,1.0,1.251094033662166,0.0,2.3882595084826184,2.2648332187497915,0.0,0.0,1.0,14.52556748614066,1121.6270137216943,24.87830228106012,302.7106577576344,9.61137473881863
10,230.0,18.59179924225892,0.9700000000000002,0.0042042035593084,0.0,0.0114000350327836,0.0046985118218604,0.0,0.0,0.0096972495860474,301.67,78.75,0.7624225146683462,0.2360863395842402,25.618175067969634,9.808854460120532,1110.938843882817,35.08172473873143,0.9745876240834508,0.001792603406635,0.0,0.0096028635935406,0.0042618940501765,0.0,0.0,0.0097550148661967,0.5562240778685558,0.2217159392275322,0.0,0.1734940200616742,0.0440787918559606,0.0,0.0,0.0044871709862773,13.50504155960561,0.9326232153239532,1.0,1.246054192940806,0.0,2.3750950132926163,2.251812060567596,0.0,0.0,1.0,14.52556748614066,1121.6270137216943,24.87830228106012,302.7106577576344,9.61137473881863
10,230.0,20.3483681986866,0.9700000000000002,0.0042042035593084,0.0,0.0114000350327836,0.0046985118218604,0.0,0.0,0.0096972495860474,301.67,78.75,0.7624225146683462,0.258391977126179,25.618175067969634,9.808854460120532,1110.353529452424,36.05567996423697,0.9731884841355468,0.0023594906239578,0.0,0.0102810121509076,0.0044348290380979,0.0,0.0,0.0097361840514898,0.5152863874656067,0.2672809658272212,0.0,0.1709852534297477,0.042302635308332,0.0,0.0,0.0041447579690922,13.405775977580486,0.9377789010942592,1.0,1.241789953093172,0.0,2.364301128874473,2.241262493036388,0.0,0.0,1.0,14.52556748614066,1121.6270137216943,24.87830228106012,302.7106577576344,9.61137473881863
10,230.0,22.10493715511428,0.9700000000000002,0.0042042035593084,0.0,0.0114000350327836,0.0046985118218604,0.0,0.0,0.0096972495860474,301.67,78.75,0.7624225146683462,0.2806976146681178,25.618175067969634,9.808854460120532,1109.850241100007,36.87067876922478,0.972001929590295,0.002956816286636,0.0,0.0107673936333583,0.0045527087556262,0.0,0.0,0.0097211517340843,0.4806364898868668,0.3091229265677089,0.0,0.1660466406709106,0.0403394757316318,0.0,0.0,0.0038544671428817,13.319463515217,0.9423731729401148,1.0,1.2380424659290403,0.0,2.355037594375033,2.23230661601278,0.0,0.0,1.0,14.52556748614066,1121.6270137216943,24.87830228106012,302.7106577576344,9.61137473881863
10,230.0,23.86150611154196,0.9700000000000002,0.0042042035593084,0.0,0.0114000350327836,0.0046985118218604,0.0,0.0,0.0096972495860474,301.67,78.75,0.7624225146683462,0.3030032522100566,25.618175067969634,9.808854460120532,1109.398901392145,37.58086742442478,0.9709543565405236,0.0035739294307165,0.0,0.0111266958992963,0.0046365677624753,0.0,0.0,0.0097084503669881,0.4509159129259747,0.3470166187883552,0.0,0.1600719291762562,0.0383905065326848,0.0,0.0,0.0036050325767289,13.24166800483228,0.9466273788464428,1.0,1.234618966927109,0.0,2.3467778129830137,2.224393687771458,0.0,0.0,1.0,14.52556748614066,1121.6270137216943,24.87830228106012,302.7106577576344,9.61137473881863
10,230.0,25.618075067969635,0.9700000000000002,0.0042042035593084,0.0,0.0114000350327836,0.0046985118218604,0.0,0.0,0.0096972495860474,301.67,78.75,0.7624225146683462,0.3253088897519953,25.618175067969634,9.808854460120532,1108.9816479353096,38.2204619959571,0.9700000522742024,0.0042041673953511,0.0,0.0114000213721084,0.0046985087670094,0.0,0.0,0.0096972501913286,0.4251375354072939,0.3811469799131147,0.0,0.1537874620679324,0.0365397173328625,0.0,0.0,0.0033883052787964,13.169654101508776,0.95062089932188,1.0,1.231441718024715,0.0,2.339199090437532,2.217186034198851,0.0,0.0,1.0,14.52556748614066,1121.6270137216943,24.87830228106012,302.7106577576344,9.61137473881863
10,235.0,11.764429097967655,0.9700000000000002,0.0042042035593084,0.0,0.0114000350327836,0.0046985118218604,0.0,0.0,0.0096972495860474,301.67,78.75,0.7789969171611363,0.1493895758472083,26.65124623211496,11.764329097967655,1098.3574327459678,30.01468348253025,0.9869208017925551,2.369107337379455e-05,0.0,0.0004222402481253,0.0003047410071744,0.0,0.0,0.0123285258787712,0.9699938520262248,0.0042057224992171,0.0,0.0114040236850517,0.0047001082466678,0.0,0.0,0.0096962935428384,13.219417260391092,0.9322559313425288,1.0,1.2488193138924728,0.0,2.2699069684565294,2.1244958249026222,0.0,0.0,1.0,13.258875583506692,1102.8688895247462,29.73094022392497,302.7106577576344,11.525181126674264
10,235.0,13.418508779539575,0.9700000000000002,0.0042042035593084,0.0,0.0114000350327836,0.0046985118218604,0.0,0.0,0.0096972495860474,301.67,78.75,0.7789969171611363,0.1703937622798676,26.65124623211496,11.764329097967655,1096.8501686044142,32.63369026918043,0.9849774220368244,0.0002058762731608,0.0,0.0029370271375471,0.0018102665284742,0.0,0.0,0.0100694080239933,0.8663409646655981,0.0318767061044232,0.0,0.0699726807318061,0.0246881148513694,0.0,0.0,0.007121533646803,12.970794595906485,0.9442623338018096,1.0,1.239359984686133,0.0,2.2443862648407715,2.098222263180947,0.0,0.0,1.0,13.258875583506692,1102.8688895247462,29.73094022392497,302.7106577576344,11.525181126674264
10,235.0,15.0725884611115,0.9700000000000002,0.0042042035593084,0.0,0.0114000350327836,0.0046985118218604,0.0,0.0,0.0096972495860474,301.67,78.75,0.7789969171611363,0.191397948712527,26.65124623211496,11.764329097967655,1095.182622300435,34.96494807030238,0.9815848375089936,0.0004681237572129,0.0,0.0052079644933132,0.0028345645045885,0.0,0.0,0.0099045097358915,0.7835050592398237,0.0643483342668974,0.0,0.1110811766581945,0.0347046939754596,0.0,0.0,0.0063607358596247,12.761092770789707,0.9546456919777172,1.0,1.2311759877436956,0.0,2.222230119765157,2.0762069200389432,0.0,0.0,1.0,13.258875583506692,1102.8688895247462,29.73094022392497,302.7106577576344,11.525181126674264
10,235.0,16.726668142683423,0.9700000000000002,0.0042042035593084,0.0,0.0114000350327836,0.0046985118218604,0.0,0.0,0.0096972495860474,301.67,78.75,0.7789969171611363,0.2124021351451863,26.65124623211496,11.764329097967655,1093.9042399808209,36.92044571162143,0.9787736269499252,0.0008227242410088,0.0,0.0070626864998613,0.0035084768969515,0.0,0.0,0.009832485412253,0.7167450175992818,0.1018122384269941,0.0,0.1365996967736328,0.0390494450999855,0.0,0.0,0.0057936021001057,12.589847943362082,0.9633771814165392,1.0,1.224481333434075,0.0,2.204413388318527,2.058614511405173,0.0,0.0,1.0,13.258875583506692,1102.8688895247462,29.73094022392497,302.7106577576344,11.525181126674264
10,235.0,18.380747824255344,0.9700000000000002,0.0042042035593084,0.0,0.0114000350327836,0.0046985118218604,0.0,0.0,0.0096972495860474,301.67,78.75,0.7789969171611363,0.2334063215778456,26.65124623211496,11.764329097967655,1092.928166613758,38.48558220540313,0.9765406808156976,0.0012660557045784,0.0,0.00846044229438,0.0039430446534831,0.0,0.0,0.0097897765318607,0.6617472977901063,0.1426748064266857,0.0,0.1499387331503849,0.0403025724151026,0.0,0.0,0.0053365902177203,12.45256521265546,0.9705777644771412,1.0,1.2190673189937085,0.0,2.190359757533228,2.044853458197768,0.0,0.0,1.0,13.258875583506692,1102.8688895247462,29.73094022392497,302.7106577576344,11.525181126674264
10,235.0,20.034827505827263,0.9700000000000002,0.0042042035593084,0.0,0.0114000350327836,0.0046985118218604,0.0,0.0,0.0096972495860474,301.67,78.75,0.7789969171611363,0.2544105080105049,26.65124623211496,11.764329097967655,1092.1620028893276,39.7248049593973,0.974766143086259,0.0017805994424778,0.0,0.0094681500595988,0.0042240992362994,0.0,0.0,0.0097610081753648,0.6155764498096966,0.1844300926685624,0.0,0.1550603319150772,0.039977140638994,0.0,0.0,0.0049559849676696,12.341400779238905,0.976603642957088,1.0,1.2146269288042222,0.0,2.179158260294294,2.034002954838074,0.0,0.0,1.0,13.258875583506692,1102.8688895247462,29.73094022392497,302.7106577576344,11.525181126674264
10,235.0,21.688907187399188,0.9700000000000002,0.0042042035593084,0.0,0.0114000350327836,0.0046985118218604,0.0,0.0,0.0096972495860474,301.67,78.75,0.7789969171611363,0.2754146944431643,26.65124623211496,11.764329097967655,1091.5325234489835,40.72705911358212,0.9733147685019978,0.0023457654107849,0.0,0.0101890470488698,0.0044105361093691,0.0,0.0,0.009739882928978,0.5762053391265088,0.2249867468986366,0.0,0.1552654670108409,0.0389100406124695,0.0,0.0,0.0046324063515439,12.248445421803329,0.9817818966053056,1.0,1.210884164915082,0.0,2.169927234894302,2.025177306526004,0.0,0.0,1.0,13.258875583506692,1102.8688895247462,29.73094022392497,302.7106577576344,11.525181126674264
10,235.0,23.342986868971117,0.9700000000000002,0.0042042035593084,0.0,0.0114000350327836,0.0046985118218604,0.0,0.0,0.0096972495860474,301.67,78.75,0.7789969171611363,0.2964188808758237,26.65124623211496,11.764329097967655,1090.990320756182,41.56746749930552,0.9720803264846362,0.0029449915086395,0.0,0.0107126096107193,0.0045388355107408,0.0,0.0,0.0097232368852641,0.542200093011823,0.2631495191782569,0.0,0.1527627171849847,0.0375344688457538,0.0,0.0,0.0043532017791813,12.167685010880854,0.986382775432076,1.0,1.2075798955627686,0.0,2.162008703001179,2.0176845656975426,0.0,0.0,1.0,13.258875583506692,1102.8688895247462,29.73094022392497,302.7106577576344,11.525181126674264
10,235.0,24.997066550543035,0.9700000000000002,0.0042042035593084,0.0,0.0114000350327836,0.0046985118218604,0.0,0.0,0.0096972495860474,301.67,78.75,0.7789969171611363,0.3174230673084829,26.65124623211496,11.764329097967655,1090.5045322784022,42.29873007185662,0.9709908686131794,0.0035669154984805,0.0,0.011102289423116,0.0046305743200076,0.0,0.0,0.0097093521452163,0.5125163128485233,0.298439875138094,0.0,0.1488690773782114,0.0360652323235223,0.0,0.0,0.0041095023116488,12.09510420942114,0.9905879231654589,1.0,1.2046066078262614,0.0,2.154967989943476,2.011081802539413,0.0,0.0,1.0,13.258875583506692,1102.8688895247462,29.73094022392497,302.7106577576344,11.525181126674264
10,235.0,26.65114623211496,0.9700000000000002,0.0042042035593084,0.0,0.0114000350327836,0.0046985118218604,0.0,0.0,0.0096972495860474,301.67,78.75,0.7789969171611363,0.3384272537411423,26.65124623211496,11.764329097967655,1090.0562270105745,42.95545838251639,0.970000057579316,0.0042041646763156,0.0,0.0114000192063233,0.0046985082611744,0.0,0.0,0.0096972502768704,0.4863715692832548,0.330795801102178,0.0,0.1443319052860753,0.0346059347515783,0.0,0.0,0.0038947895769135,12.028138228046137,0.9945473200511368,1.0,1.201832777590894,0.0,2.1485292078140645,2.005087737729267,0.0,0.0,1.0,13.258875583506692,1102.8688895247462,29.73094022392497,302.7106577576344,11.525181126674264
10,240.0,13.999119071564497,0.9700000000000002,0.0042042035593084,0.0,0.0114000350327836,0.0046985118218604,0.0,0.0,0.0096972495860474,301.67,78.75,0.7955713196539265,0.177766591384946,28.064813734973814,13.999019071564495,1078.7661383506809,35.68057155428318,0.9867009631984034,3.129762942183476e-05,0.0,0.0005104499792299,0.0003669554834828,0.0,0.0,0.0123903337094619,0.9699949638656522,0.0042054618888211,0.0,0.011403318760355,0.0046998179920133,0.0,0.0,0.0096964374931582,11.97447033199756,0.9825552300715594,1.0,1.2140510390725594,0.0,2.089407501950471,1.920143765038676,0.0,0.0,1.0,12.014498351825988,1083.263844328595,35.3375257790447,302.7106577576344,13.710780754884407
10,240.0,15.561962923054422,0.9700000000000002,0.0042042035593084,0.0,0.0114000350327836,0.0046985118218604,0.0,0.0,0.0096972495860474,301.67,78.75,0.7955713196539265,0.1976122275943418,28.064813734973814,13.999019071564495,1077.307246900467,38.18411315339576,0.984983139909252,0.0002171083218077,0.0,0.0028826330465485,0.0017847818449928,0.0,0.0,0.0101323368773987,0.8875984316028314,0.0261317102707731,0.0,0.0582425050748305,0.0207229180166846,0.0,0.0,0.0073044350348803,11.757716035991612,0.9940831448257832,1.0,1.2060970865689529,0.0,2.0690939522846903,1.8997763552925289,0.0,0.0,1.0,12.014498351825988,1083.263844328595,35.3375257790447,302.7106577576344,13.710780754884407
10,240.0,17.124806774544346,0.9700000000000002,0.0042042035593084,0.0,0.0114000350327836,0.0046985118218604,0.0,0.0,0.0096972495860474,301.67,78.75,0.7955713196539265,0.2174578638037377,28.064813734973814,13.999019071564495,1075.6608027563684,40.432987050442,0.9817604359684216,0.000478755262624,0.0,0.005051580330435,0.0027742359317029,0.0,0.0,0.0099349925068164,0.8184213066729134,0.0522210106220182,0.0,0.0932244224119672,0.0295002475580263,0.0,0.0,0.0066330127350747,11.57258875910498,1.004187390172004,1.0,1.1992890224081312,0.0,2.051187036895709,1.88252960459166,0.0,0.0,1.0,12.014498351825988,1083.263844328595,35.3375257790447,302.7106577576344,13.710780754884407
10,240.0,18.68765062603427,0.9700000000000002,0.0042042035593084,0.0,0.0114000350327836,0.0046985118218604,0.0,0.0,0.0096972495860474,301.67,78.75,0.7955713196539265,0.2373035000131335,28.064813734973814,13.999019071564495,1074.3594007684294,42.35729512141072,0.9790119504748324,0.000827850816626,0.0,0.0068652281834108,0.0034443704512444,0.0,0.0,0.0098506000738862,0.7605954538896602,0.0826582092226017,0.0,0.1167722485888766,0.0338401393979835,0.0,0.0,0.0061339489008778,11.418377123005094,1.0128200113151613,1.0,1.193604983712065,0.0,2.036465036077365,1.8684383649852856,0.0,0.0,1.0,12.014498351825988,1083.263844328595,35.3375257790447,302.7106577576344,13.710780754884407
10,240.0,20.2504944775242,0.9700000000000002,0.0042042035593084,0.0,0.0114000350327836,0.0046985118218604,0.0,0.0,0.0096972495860474,301.67,78.75,0.7955713196539265,0.2571491362225295,28.064813734973814,13.999019071564495,1073.3392095299168,43.93448624274739,0.9767711820338884,0.0012633831750489,0.0,0.0082743875903376,0.0038897643235407,0.0,0.0,0.0098012828771842,0.7115209728925677,0.11646531070674,0.0,0.1307166190443834,0.0355711520041816,0.0,0.0,0.0057259453521272,11.292216768197484,1.020064892385638,1.0,1.188914191477591,0.0,2.0245939084432183,1.8571603112530943,0.0,0.0,1.0,12.014498351825988,1083.263844328595,35.3375257790447,302.7106577576344,13.710780754884407
10,240.0,21.81333832901412,0.9700000000000002,0.0042042035593084,0.0,0.0114000350327836,0.0046985118218604,0.0,0.0,0.0096972495860474,301.67,78.75,0.7955713196539265,0.2769947724319253,28.064813734973814,13.999019071564495,1072.5235948623204,45.20778433238073,0.9749543649679422,0.0017715449778581,0.0,0.0093203622197122,0.0041853568803826,0.0,0.0,0.0097683709541046,0.6692864804625178,0.1518585101343078,0.0,0.1376292763486198,0.0358453145944316,0.0,0.0,0.0053804184601227,11.18858372716927,1.0261921907808174,1.0,1.1850187127688516,0.0,2.01498654921648,1.848112334072936,0.0,0.0,1.0,12.014498351825988,1083.263844328595,35.3375257790447,302.7106577576344,13.710780754884407
10,240.0,23.37618218050405,0.9700000000000002,0.0042042035593084,0.0,0.0114000350327836,0.0046985118218604,0.0,0.0,0.0096972495860474,301.67,78.75,0.7955713196539265,0.2968404086413212,28.064813734973814,13.999019071564495,1071.8472004695152,46.249195984447525,0.9734510280070064,0.0023338441344311,0.0,0.0100856194126099,0.0043850652272457,0.0,0.0,0.0097444432187068,0.6324969264343089,0.1871213092122017,0.0,0.1399470392444978,0.035352910704274,0.0,0.0,0.0050818144047174,11.1013703400406,1.0314732784631346,1.0,1.1817107855594469,0.0,2.0070111774399395,1.840675594479665,0.0,0.0,1.0,12.014498351825988,1083.263844328595,35.3375257790447,302.7106577576344,13.710780754884407
10,240.0,24.93902603199397,0.9700000000000002,0.0042042035593084,0.0,0.0114000350327836,0.0046985118218604,0.0,0.0,0.0096972495860474,301.67,78.75,0.7955713196539265,0.316686044850717,28.064813734973814,13.999019071564495,1071.2628501499628,47.12598279145436,0.9721661712404782,0.0029340102658924,0.0,0.0106499251957552,0.0045240811252212,0.0,0.0,0.0097258121726529,0.6001247491195175,0.2210905947595063,0.0,0.1394818131370707,0.0344826749919134,0.0,0.0,0.0048201679919918,11.02555020777715,1.0361566862803258,1.0,1.1787935910010354,0.0,2.000161674804981,1.8343499932195089,0.0,0.0,1.0,12.014498351825988,1083.263844328595,35.3375257790447,302.7106577576344,13.710780754884407
10,240.0,26.50186988348389,0.9700000000000002,0.0042042035593084,0.0,0.0114000350327836,0.0046985118218604,0.0,0.0,0.0096972495860474,301.67,78.75,0.7955713196539265,0.3365316810601129,28.064813734973814,13.999019071564495,1070.7394592821286,47.88868240604016,0.9710312243662624,0.0035601399811768,0.0,0.0110740265369754,0.0046241427527639,0.0,0.0,0.0097104663628213,0.5713978534091734,0.253155967291125,0.0,0.137413044895022,0.0334446038961245,0.0,0.0,0.0045885305085551,10.957560059062072,1.0404251206850612,1.0,1.176179009491551,0.0,1.994083466179661,1.8287845875130424,0.0,0.0,1.0,12.014498351825988,1083.263844328595,35.3375257790447,302.7106577576344,13.710780754884407
10,240.0,28.064713734973814,0.9700000000000002,0.0042042035593084,0.0,0.0114000350327836,0.0046985118218604,0.0,0.0,0.0096972495860474,301.67,78.75,0.7955713196539265,0.3563773172695088,28.064813734973814,13.999019071564495,1070.2572214180352,48.57206366476302,0.970000063372015,0.0042041619046769,0.0,0.0114000166516,0.004698507691718,0.0,0.0,0.0096972503799897,0.545722341483832,0.2830832878608131,0.0,0.1344626443179888,0.0323499461159458,0.0,0.0,0.0043817802214199,10.895026404705945,1.044435532407011,1.0,1.173748340576289,0.0,1.9885419386193903,1.823747032748152,0.0,0.0,1.0,12.014498351825988,1083.263844328595,35.3375257790447,302.7106577576344,13.710780754884407
10,245.0,16.53779630501443,0.9700000000000002,0.0042042035593084,0.0,0.0114000350327836,0.0046985118218604,0.0,0.0,0.0096972495860474,301.67,78.75,0.8121457221467165,0.2100037626033578,29.864010565414578,16.537696305014432,1058.1851314735602,42.22365571626793,0.9864835041647856,4.111398893391319e-05,0.0,0.0006102784823148,0.000439112402088,0.0,0.0,0.0124259909618776,0.969995846550699,0.0042052525584346,0.0,0.0114027537936948,0.0046995850887681,0.0,0.0,0.0096965620084032,10.752861852321445,1.0389053928328025,1.0,1.1818048326604311,0.0,1.937725506489214,1.7464387632694236,0.0,0.0,1.0,10.793959502416731,1062.6711211462375,41.80803719266337,302.7106577576344,16.191644196077288
10,245.0,18.01847566728112,0.9700000000000002,0.0042042035593084,0.0,0.0114000350327836,0.0046985118218604,0.0,0.0,0.0096972495860474,301.67,78.75,0.8121457221467165,0.2288060402194427,29.864010565414578,16.537696305014432,1056.754387829227,44.63425977929397,0.9849508385521653,0.0002312827002239,0.0,0.0028409382548433,0.0017725295048015,0.0,0.0,0.0102044109879659,0.9044129651760128,0.0216327978036081,0.0,0.0489474793769909,0.0175343473138782,0.0,0.0,0.0074724103295097,10.56381773458642,1.0501318711760177,1.0,1.1751300450501263,0.0,1.9214041851315409,1.730603712618233,0.0,0.0,1.0,10.793959502416731,1062.6711211462375,41.80803719266337,302.7106577576344,16.191644196077288
10,245.0,19.4991550295478,0.9700000000000002,0.0042042035593084,0.0,0.0114000350327836,0.0046985118218604,0.0,0.0,0.0096972495860474,301.67,78.75,0.8121457221467165,0.2476083178355275,29.864010565414578,16.537696305014432,1055.1288960763657,46.81774532868968,0.981906432481688,0.0004932623415102,0.0,0.0049050720335321,0.0027241051730517,0.0,0.0,0.0099711279702178,0.8470852713908514,0.0425136915920747,0.0,0.0784500616135654,0.0250810787893938,0.0,0.0,0.0068698966141144,10.400584568184636,1.0601024328997,1.0,1.1694687930766918,0.0,1.906830009015969,1.7170651626055489,0.0,0.0,1.0,10.793959502416731,1062.6711211462375,41.80803719266337,302.7106577576344,16.191644196077288
10,245.0,20.97983439181448,0.9700000000000002,0.0042042035593084,0.0,0.0114000350327836,0.0046985118218604,0.0,0.0,0.0096972495860474,301.67,78.75,0.8121457221467165,0.2664105954516124,29.864010565414578,16.537696305014432,1053.8068750575014,48.72099602828224,0.9792347736185516,0.0008376919289431,0.0,0.0066695522401216,0.0033856422977522,0.0,0.0,0.0098723399146312,0.7976958532304915,0.0670172120876856,0.0,0.0996622745921876,0.0291942788557936,0.0,0.0,0.0064303812338414,10.262090410998027,1.0687524336670648,1.0,1.16465866169133,0.0,1.8946064641352445,1.7057824382595828,0.0,0.0,1.0,10.793959502416731,1062.6711211462375,41.80803719266337,302.7106577576344,16.191644196077288
10,245.0,22.460513754081163,0.9700000000000002,0.0042042035593084,0.0,0.0114000350327836,0.0046985118218604,0.0,0.0,0.0096972495860474,301.67,78.75,0.8121457221467165,0.2852128730676973,29.864010565414578,16.537696305014432,1052.7437255413724,50.317403675214685,0.9769996873565644,0.0012655422358731,0.0,0.0080815125269012,0.0038380468512781,0.0,0.0,0.0098152110293832,0.7547132728694034,0.0945874944464895,0.0,0.1134665721232806,0.0311635063124305,0.0,0.0,0.0060691542483957,10.14651773772879,1.076148562991173,1.0,1.16061121042505,0.0,1.8845346890192032,1.696546860919263,0.0,0.0,1.0,10.793959502416731,1062.6711211462375,41.80803719266337,302.7106577576344,16.191644196077288
10,245.0,23.941193116347847,0.9700000000000002,0.0042042035593084,0.0,0.0114000350327836,0.0046985118218604,0.0,0.0,0.0096972495860474,301.67,78.75,0.8121457221467165,0.3040151506837822,29.864010565414578,16.537696305014432,1051.877296049016,51.63305599337509,0.9751485264804772,0.0017665278121019,0.0,0.0091613744769479,0.0041462215897948,0.0,0.0,0.0097773496406781,0.716918636000769,0.1240307802371687,0.0,0.1214438056437652,0.0318469329836464,0.0,0.0,0.0057598451346504,10.050091777131811,1.0824606372578367,1.0,1.1572067004011453,0.0,1.8762391792992532,1.6890006530398358,0.0,0.0,1.0,10.793959502416731,1062.6711211462375,41.80803719266337,302.7106577576344,16.191644196077288
10,245.0,25.42187247861453,0.9700000000000002,0.0042042035593084,0.0,0.0114000350327836,0.0046985118218604,0.0,0.0,0.0096972495860474,301.67,78.75,0.8121457221467165,0.3228174282998671,29.864010565414578,16.537696305014432,1051.150790518515,52.72376147723613,0.9735954533615384,0.0023246870612664,0.0,0.0099711918381595,0.0043586320722669,0.0,0.0,0.0097500356667685,0.683373614282311,0.1540376088520511,0.0,0.1253061602000388,0.0317934270964491,0.0,0.0,0.0054891895691499,9.96825587214431,1.0879460830700154,1.0,1.1542815296324818,0.0,1.8692858410059892,1.6827310094788268,0.0,0.0,1.0,10.793959502416731,1062.6711211462375,41.80803719266337,302.7106577576344,16.191644196077288
10,245.0,26.902551840881213,0.9700000000000002,0.0042042035593084,0.0,0.0114000350327836,0.0046985118218604,0.0,0.0,0.0096972495860474,301.67,78.75,0.8121457221467165,0.3416197059159519,29.864010565414578,16.537696305014432,1050.5203428366494,53.647880023223465,0.972258818332874,0.0029245451264505,0.0,0.0105791610105607,0.0045084935980432,0.0,0.0,0.0097289819320712,0.6533601489546947,0.1835859845870236,0.0,0.1264696819985483,0.031335156836509,0.0,0.0,0.0052490276232242,9.896941417012007,1.0928086116725886,1.0,1.1517035193172107,0.0,1.863295012717908,1.6773893534059667,0.0,0.0,1.0,10.793959502416731,1062.6711211462375,41.80803719266337,302.7106577576344,16.191644196077288
10,245.0,28.383231203147893,0.9700000000000002,0.0042042035593084,0.0,0.0114000350327836,0.0046985118218604,0.0,0.0,0.0096972495860474,301.67,78.75,0.8121457221467165,0.3604219835320367,29.864010565414578,16.537696305014432,1049.9553301759654,54.45281464244774,0.9710752994603966,0.0035539326178744,0.0,0.0110416596223801,0.0046172676443062,0.0,0.0,0.0097118406550424,0.6263236320626495,0.2120372431525901,0.0,0.1259403690901422,0.0306649564135516,0.0,0.0,0.0050337992810664,9.83306741927946,1.0972387206054273,1.0,1.1493918913183094,0.0,1.857982507917188,1.6727002535478537,0.0,0.0,1.0,10.793959502416731,1062.6711211462375,41.80803719266337,302.7106577576344,16.191644196077288
10,245.0,29.863910565414574,0.9700000000000002,0.0042042035593084,0.0,0.0114000350327836,0.0046985118218604,0.0,0.0,0.0096972495860474,301.67,78.75,0.8121457221467165,0.3792242611481216,29.864010565414578,16.537696305014432,1049.435366433263,55.17301308153663,0.970000069713442,0.0042041590893639,0.0,0.0114000136399657,0.0046985070513573,0.0,0.0,0.0096972505058711,0.6018279876109509,0.2390597575103985,0.0,0.1243802093445488,0.0298925872360296,0.0,0.0,0.0048394582980719,9.774479217922272,1.101367725000862,1.0,1.1472526326949193,0.0,1.8531509518522569,1.6684649206643214,0.0,0.0,1.0,10.793959502416731,1062.6711211462375,41.80803719266337,302.7106577576344,16.191644196077288
10,250.0,19.406457035102846,0.9700000000000002,0.0042042035593084,0.0,0.0114000350327836,0.0046985118218604,0.0,0.0,0.0096972495860474,301.67,78.75,0.8287201246395067,0.2464312004457504,32.05716872872643,19.406357035102847,1036.4385518370705,49.78187882617973,0.9862641819623152,5.379213769290892e-05,0.0,0.0007230530716542,0.0005225828113598,0.0,0.0,0.0124363900169777,0.9699965545899356,0.0042050827839332,0.0,0.011402296848422,0.0046993964521403,0.0,0.0,0.0096966693255688,9.556464434472986,1.1027244301774168,1.0,1.1519067998069743,0.0,1.8090123013394928,1.5984043674734814,0.0,0.0,1.0,9.599114364051816,1040.9186176418627,49.27650279185157,302.7106577576344,18.99215487266697
10,250.0,20.81208055661658,0.9700000000000002,0.0042042035593084,0.0,0.0114000350327836,0.0046985118218604,0.0,0.0,0.0096972495860474,301.67,78.75,0.8287201246395067,0.264280388020528,32.05716872872643,19.406357035102847,1035.017075479438,52.119390737123794,0.9848772733917454,0.0002491057462068,0.0,0.0028147685176646,0.0017739926810069,0.0,0.0,0.0102848596633761,0.917745047068036,0.0180960938689677,0.0,0.041554935453235,0.014970596365169,0.0,0.0,0.0076333272445921,9.391722775197472,1.113859050767997,1.0,1.1463588664654762,0.0,1.7957836529599225,1.586121504041791,0.0,0.0,1.0,9.599114364051816,1040.9186176418627,49.27650279185157,302.7106577576344,18.99215487266697
10,250.0,22.21770407813031,0.9700000000000002,0.0042042035593084,0.0,0.0114000350327836,0.0046985118218604,0.0,0.0,0.0096972495860474,301.67,78.75,0.8287201246395067,0.2821295755953055,32.05716872872643,19.406357035102847,1033.4104025287304,54.25274519855469,0.9820168354991008,0.0005123926068064,0.0,0.004772506928931,0.0026850266887047,0.0,0.0,0.010013238276457,0.8705230095067308,0.0347655142348581,0.0,0.066263609576195,0.0213664142379545,0.0,0.0,0.0070814524442615,9.2480975322045,1.1238237475226165,1.0,1.141660332808292,0.0,1.7838330334259491,1.5754861289631303,0.0,0.0,1.0,9.599114364051816,1040.9186176418627,49.27650279185157,302.7106577576344,18.99215487266697
10,250.0,23.62332759964404,0.9700000000000002,0.0042042035593084,0.0,0.0114000350327836,0.0046985118218604,0.0,0.0,0.0096972495860474,301.67,78.75,0.8287201246395067,0.299978763170083,32.05716872872643,19.406357035102847,1032.0686351951465,56.14414266879953,0.9794346831611614,0.0008531121075064,0.0,0.006480587658719,0.0033335180823035,0.0,0.0,0.0098980989903093,0.8288097676327447,0.0543533577684883,0.0,0.0850196686758019,0.0251256719051207,0.0,0.0,0.0066915340178443,9.124175541366368,1.1326267325838528,1.0,1.137606483118623,0.0,1.7736191574678062,1.5664686303197892,0.0,0.0,1.0,9.599114364051816,1040.9186176418627,49.27650279185157,302.7106577576344,18.99215487266697
10,250.0,25.02895112115777,0.9700000000000002,0.0042042035593084,0.0,0.0114000350327836,0.0046985118218604,0.0,0.0,0.0096972495860474,301.67,78.75,0.8287201246395067,0.3178279507448606,32.05716872872643,19.406357035102847,1030.9628938559135,57.76596187889541,0.9772193042406472,0.0012736156320191,0.0,0.0078861877015927,0.0037889949890929,0.0,0.0,0.009831897436648,0.7917309079334015,0.0765703529283482,0.0,0.0981688360849894,0.0271575652973803,0.0,0.0,0.0063723377558802,9.018777280582896,1.1402670029402238,1.0,1.1341388055897057,0.0,1.76502959793089,1.558946188503675,0.0,0.0,1.0,9.599114364051816,1040.9186176418627,49.27650279185157,302.7106577576344,18.99215487266697
10,250.0,26.434574642671503,0.9700000000000002,0.0042042035593084,0.0,0.0114000350327836,0.0046985118218604,0.0,0.0,0.0096972495860474,301.67,78.75,0.8287201246395067,0.3356771383196381,32.05716872872643,19.406357035102847,1030.043863314607,59.13114957887132,0.9753437771171216,0.0017667775382999,0.0,0.0089938552413785,0.0041073827088775,0.0,0.0,0.0097882073943223,0.7585233218491081,0.1006638325565379,0.0,0.1066231137966402,0.0280920812825645,0.0,0.0,0.0060976505151493,8.929393597911506,1.1468946986035733,1.0,1.1311704615068443,0.0,1.7578270181005131,1.5526807981689836,0.0,0.0,1.0,9.599114364051816,1040.9186176418627,49.27650279185157,302.7106577576344,18.99215487266697
10,250.0,27.84019816418523,0.9700000000000002,0.0042042035593084,0.0,0.0114000350327836,0.0046985118218604,0.0,0.0,0.0096972495860474,301.67,78.75,0.8287201246395067,0.3535263258944156,32.05716872872643,19.406357035102847,1029.2634971377806,60.2806540079765,0.9737453646398052,0.0023194388233341,0.0,0.0098467949664264,0.0043315518061126,0.0,0.0,0.0097568497643216,0.7285669987920839,0.1256995586286068,0.0,0.1115247082973132,0.0283534203409699,0.0,0.0,0.0058553139410262,8.852748603582382,1.1526765187873564,1.0,1.128596978934045,0.0,1.7517192559393,1.547407620640513,0.0,0.0,1.0,9.599114364051816,1040.9186176418627,49.27650279185157,302.7106577576344,18.99215487266697
10,250.0,29.245821685698964,0.9700000000000002,0.0042042035593084,0.0,0.0114000350327836,0.0046985118218604,0.0,0.0,0.0096972495860474,301.67,78.75,0.8287201246395067,0.3713755134691932,32.05716872872643,19.406357035102847,1028.582170978416,61.263142973700106,0.972357113819348,0.0029174409657322,0.0,0.010500409705071,0.004492169996261,0.0,0.0,0.0097328655135878,0.7013690653863432,0.150851444477832,0.0,0.1139267737086523,0.0282144731664789,0.0,0.0,0.0056382432606933,8.785669612555616,1.157835297701859,1.0,1.1263194362573343,0.0,1.7464292021412224,1.542877644302696,0.0,0.0,1.0,9.599114364051816,1040.9186176418627,49.27650279185157,302.7106577576344,18.99215487266697
10,250.0,30.651445207212696,0.9700000000000002,0.0042042035593084,0.0,0.0114000350327836,0.0046985118218604,0.0,0.0,0.0096972495860474,301.67,78.75,0.8287201246395067,0.3892247010439707,32.05716872872643,19.406357035102847,1027.9704901584284,62.12175716543575,0.97112276740603,0.0035487268508249,0.0,0.0110050163620815,0.004609958609308,0.0,0.0,0.0097135307717554,0.6765388381089524,0.1755281620488661,0.0,0.1146472770263759,0.0278439366936739,0.0,0.0,0.0054417861221314,8.725578310354512,1.1625363523961447,1.0,1.124275942488235,0.0,1.7417343253127937,1.5389060325782045,0.0,0.0,1.0,9.599114364051816,1040.9186176418627,49.27650279185157,302.7106577576344,18.99215487266697
10,250.0,32.05706872872643,0.9700000000000002,0.0042042035593084,0.0,0.0114000350327836,0.0046985118218604,0.0,0.0,0.0096972495860474,301.67,78.75,0.8287201246395067,0.4070738886187482,32.05716872872643,19.406357035102847,1027.4078972257664,62.88990036570595,0.9700000766735816,0.0042041562413405,0.0,0.011400010092474,0.0046985063313586,0.0,0.0,0.009697250661245,0.653763408603675,0.1993649430818325,0.0,0.1142651724987829,0.027343828688814,0.0,0.0,0.0052626471268955,8.670569158957267,1.166882086165824,1.0,1.122392594361687,0.0,1.7374713223028448,1.5353225712528409,0.0,0.0,1.0,9.599114364051816,1040.9186176418627,49.27650279185157,302.7106577576344,18.99215487266697
10,255.0,22.632549258100184,0.9700000000000002,0.0042042035593084,0.0,0.0114000350327836,0.0046985118218604,0.0,0.0,0.0096972495860474,301.67,78.75,0.8452945271322968,0.2873974508965102,34.654996781886744,22.632449258100184,1013.3065136741492,58.52773979230774,0.9860379038333004,7.022337180330224e-05,0.0,0.000850770118355,0.0006190228410883,0.0,0.0,0.012422079835453,0.969997128286793,0.0042049437810746,0.0,0.0114019239618914,0.0046992422865461,0.0,0.0,0.0096967616836945,8.387561128089166,1.1759846221535006,1.0,1.1242524577435806,0.0,1.6986223711630923,1.47217926340789,0.0,0.0,1.0,8.432227805466914,1017.7913832278248,57.90987351738985,302.7106577576344,22.13772066860631
10,255.0,23.968365649632023,0.9700000000000002,0.0042042035593084,0.0,0.0114000350327836,0.0046985118218604,0.0,0.0,0.0096972495860474,301.67,78.75,0.8452945271322968,0.304360198725486,34.654996781886744,22.632449258100184,1011.8767057121146,60.80995886721426,0.9847591457198104,0.0002715271658585,0.0,0.0028072372467806,0.0017898743860613,0.0,0.0,0.0103722154814891,0.9283601347104804,0.0152994334838106,0.0,0.0356428299114189,0.0129046284428355,0.0,0.0,0.0077929734514543,8.244336447518654,1.187219293791157,1.0,1.1196861743514075,0.0,1.6878137745944324,1.4626168736527825,0.0,0.0,1.0,8.432227805466914,1017.7913832278248,57.90987351738985,302.7106577576344,22.13772066860631
10,255.0,25.304182041163862,0.9700000000000002,0.0042042035593084,0.0,0.0114000350327836,0.0046985118218604,0.0,0.0,0.0096972495860474,301.67,78.75,0.8452945271322968,0.3213229465544617,34.654996781886744,22.632449258100184,1010.2845925616348,62.90727235511631,0.98208555465701,0.0005371185236092,0.0,0.0046580333395963,0.002657858078356,0.0,0.0,0.0100614354014282,0.8896727743737242,0.0285776622389637,0.0,0.0562110765241448,0.0182618159755925,0.0,0.0,0.0072766708875747,8.118380187753706,1.1973547750494256,1.0,1.1158144353254345,0.0,1.6779519296938417,1.4543204281803468,0.0,0.0,1.0,8.432227805466914,1017.7913832278248,57.90987351738985,302.7106577576344,22.13772066860631
10,255.0,26.639998432695705,0.9700000000000002,0.0042042035593084,0.0,0.0114000350327836,0.0046985118218604,0.0,0.0,0.0096972495860474,301.67,78.75,0.8452945271322968,0.3382856943834375,34.654996781886744,22.632449258100184,1008.9221564961792,64.79560125054596,0.9796039950357928,0.0008751532976213,0.0,0.0063034598321498,0.0032891820561213,0.0,0.0,0.0099282097783149,0.8547779210170696,0.0441438422993036,0.0,0.0725452134841811,0.0216066739956018,0.0,0.0,0.0069263492038435,8.008033498146952,1.2064415329929497,1.0,1.1124268884028798,0.0,1.6693628780813217,1.4471444293126938,0.0,0.0,1.0,8.432227805466914,1017.7913832278248,57.90987351738985,302.7106577576344,22.13772066860631
10,255.0,27.97581482422754,0.9700000000000002,0.0042042035593084,0.0,0.0114000350327836,0.0046985118218604,0.0,0.0,0.0096972495860474,301.67,78.75,0.8452945271322968,0.3552484422124132,34.654996781886744,22.632449258100184,1007.7729943573304,66.44858474135127,0.9774223273485048,0.0012888232021156,0.0,0.0076934128800902,0.003743768917109,0.0,0.0,0.0098516676521803,0.8232026900863507,0.0618640147905139,0.0,0.0847088686820239,0.0235812265683179,0.0,0.0,0.0066431998727933,7.912485650034433,1.2144715305251006,1.0,1.1094763023267358,0.0,1.6619982508555338,1.4410378006850433,0.0,0.0,1.0,8.432227805466914,1017.7913832278248,57.90987351738985,302.7106577576344,22.13772066860631
10,255.0,29.311631215759384,0.9700000000000002,0.0042042035593084,0.0,0.0114000350327836,0.0046985118218604,0.0,0.0,0.0096972495860474,301.67,78.75,0.8452945271322968,0.372211190041389,34.654996781886744,22.632449258100184,1006.798825784295,67.869730446467,0.9755340916345994,0.0017736793036994,0.0,0.0088213578291818,0.0040696555518538,0.0,0.0,0.0098012156806654,0.7944791813308353,0.0812913996716008,0.0,0.0931860920308215,0.0246434955020547,0.0,0.0,0.0063998314646876,7.830098766324978,1.2215208884335922,1.0,1.1069091002804048,0.0,1.6557169187149503,1.4358665750230584,0.0,0.0,1.0,8.432227805466914,1017.7913832278248,57.90987351738985,302.7106577576344,22.13772066860631
10,255.0,30.647447607291223,0.9700000000000002,0.0042042035593084,0.0,0.0114000350327836,0.0046985118218604,0.0,0.0,0.0096972495860474,301.67,78.75,0.8452945271322968,0.3891739378703647,34.654996781886744,22.632449258100184,1005.9600832975412,69.08700337689542,0.9738970174682248,0.002319442121543,0.0,0.0097141994635488,0.0043042509966778,0.0,0.0,0.0097650899500057,0.7682043677762556,0.1018010526948323,0.0,0.0986960908736653,0.0251141535600591,0.0,0.0,0.0061843350951874,7.758612906282037,1.2277552493112218,1.0,1.104658274938237,0.0,1.6503194920832365,1.4314500051966046,0.0,0.0,1.0,8.432227805466914,1017.7913832278248,57.90987351738985,302.7106577576344,22.13772066860631
10,255.0,31.983263998823062,0.9700000000000002,0.0042042035593084,0.0,0.0114000350327836,0.0046985118218604,0.0,0.0,0.0096972495860474,301.67,78.75,0.8452945271322968,0.4061366856993404,34.654996781886744,22.632449258100184,1005.2220718305036,70.13903272626209,0.9724592145494134,0.0029137386531203,0.0,0.0104141803063026,0.0044752701458108,0.0,0.0,0.0097375963453528,0.7440447277577309,0.1227735041786487,0.0,0.101981425406587,0.0252101966196096,0.0,0.0,0.0059901460374238,7.69565500000713,1.233338818702409,1.0,1.1026656333710771,0.0,1.6456101852827505,1.4276215972847253,0.0,0.0,1.0,8.432227805466914,1017.7913832278248,57.90987351738985,302.7106577576344,22.13772066860631
10,255.0,33.3190803903549,0.9700000000000002,0.0042042035593084,0.0,0.0114000350327836,0.0046985118218604,0.0,0.0,0.0096972495860474,301.67,78.75,0.8452945271322968,0.4230994335283162,34.654996781886744,22.632449258100184,1004.557410916539,71.06356578155304,0.9711730030731346,0.0035450813361653,0.0,0.0109640678038965,0.0046022469919104,0.0,0.0,0.0097156007948931,0.721728637071595,0.1437103791389446,0.0,0.1036744549272588,0.0250733949582576,0.0,0.0,0.0058131339039439,7.639151811567668,1.2384232062832388,1.0,1.100863451260559,0.0,1.6414198613845112,1.4242566660580436,0.0,0.0,1.0,8.432227805466914,1017.7913832278248,57.90987351738985,302.7106577576344,22.13772066860631
10,255.0,34.65489678188674,0.9700000000000002,0.0042042035593084,0.0,0.0114000350327836,0.0046985118218604,0.0,0.0,0.0096972495860474,301.67,78.75,0.8452945271322968,0.4400621813572919,34.654996781886744,22.632449258100184,1003.945888834243,71.89202570392989,0.9700000843335588,0.0042041533732886,0.0,0.0114000059173626,0.0046985055208836,0.0,0.0,0.0096972508549062,0.7010347549954178,0.1642626112618753,0.0,0.1042579252692372,0.0247942337872848,0.0,0.0,0.0056504746861847,7.587474620921648,1.2431262021416811,1.0,1.099204472710979,0.0,1.6376165854051998,1.421219399863842,0.0,0.0,1.0,8.432227805466914,1017.7913832278248,57.90987351738985,302.7106577576344,22.13772066860631
10,260.0,26.245306709685,0.9700000000000002,0.0042042035593084,0.0,0.0114000350327836,0.0046985118218604,0.0,0.0,0.0096972495860474,301.67,78.75,0.861868929625087,0.333273735996,37.66984448479727,26.245206709685,988.5070422523144,68.68261974588829,0.9857981932274836,9.166130240257668e-05,0.0,0.0009964851127089,0.0007304996290399,0.0,0.0,0.0123831607283649,0.969997597781778,0.004204828898156,0.0,0.0114016169603389,0.00469911518397,0.0,0.0,0.0096968411757566,7.248956728905423,1.2614465573750622,1.0,1.0987788275378298,0.0,1.6027905851550477,1.3646001130888803,0.0,0.0,1.0,7.296085655146154,993.0143761526203,67.92140682303575,302.7106577576344,25.654931900849267
10,260.0,27.514688684697475,0.9700000000000002,0.0042042035593084,0.0,0.0114000350327836,0.0046985118218604,0.0,0.0,0.0096972495860474,301.67,78.75,0.861868929625087,0.3493928721866346,37.66984448479727,26.245206709685,987.0524340260632,70.92582607483692,0.9845926370422164,0.0002998582899558,0.0,0.0028220950240929,0.0018211959308243,0.0,0.0,0.0104642137129104,0.93685929391878,0.013071193030566,0.0,0.0308810231357524,0.0112330593455044,0.0,0.0,0.0079554305693971,7.124983846667761,1.2730002347660168,1.0,1.0950819576481257,0.0,1.5938928834453077,1.3572147980846845,0.0,0.0,1.0,7.296085655146154,993.0143761526203,67.92140682303575,302.7106577576344,25.654931900849267
10,260.0,28.784070659709947,0.9700000000000002,0.0042042035593084,0.0,0.0114000350327836,0.0046985118218604,0.0,0.0,0.0096972495860474,301.67,78.75,0.861868929625087,0.3655120083772691,37.66984448479727,26.245206709685,985.4682592585888,73.00050620526481,0.9821060032415992,0.0005687499127381,0.0,0.0045661549667359,0.0026435493094159,0.0,0.0,0.0101155425695108,0.9053479204338696,0.0236193345258516,0.0,0.0478963541694991,0.0156730339005796,0.0,0.0,0.0074633569702001,7.0150715284072245,1.283521572921088,1.0,1.091920405258655,0.0,1.5857034953009146,1.350753165930732,0.0,0.0,1.0,7.296085655146154,993.0143761526203,67.92140682303575,302.7106577576344,25.654931900849267
10,260.0,30.053452634722422,0.9700000000000002,0.0042042035593084,0.0,0.0114000350327836,0.0046985118218604,0.0,0.0,0.0096972495860474,301.67,78.75,0.861868929625087,0.3816311445679037,37.66984448479727,26.245206709685,984.0821017999516,74.89456995976111,0.9797345380952506,0.0009051385474095,0.0,0.006143611487118,0.0032538070977399,0.0,0.0,0.0099629047724818,0.8764200675004645,0.0359187315732984,0.0,0.0619310161414156,0.0185867281133877,0.0,0.0,0.0071434566714336,6.917442890334656,1.2930655784911282,1.0,1.089116419622133,0.0,1.5784543233652646,1.3450836276889138,0.0,0.0,1.0,7.296085655146154,993.0143761526203,67.92140682303575,302.7106577576344,25.654931900849267
10,260.0,31.32283460973489,0.9700000000000002,0.0042042035593084,0.0,0.0114000350327836,0.0046985118218604,0.0,0.0,0.0096972495860474,301.67,78.75,0.861868929625087,0.3977502807585383,37.66984448479727,26.245206709685,982.887008118781,76.58453125385898,0.9776001891295508,0.0013125985380602,0.0,0.0075088269844234,0.0037035683920795,0.0,0.0,0.0098748169558859,0.849847423447428,0.0499180388011776,0.0,0.0729167505964435,0.0204277278419477,0.0,0.0,0.0068900593130031,6.831486144738232,1.3016331762631057,1.0,1.0866369550463515,0.0,1.5721174115173682,1.340176839839669,0.0,0.0,1.0,7.296085655146154,993.0143761526203,67.92140682303575,302.7106577576344,25.654931900849267
10,260.0,32.59221658474737,0.9700000000000002,0.0042042035593084,0.0,0.0114000350327836,0.0046985118218604,0.0,0.0,0.0096972495860474,301.67,78.75,0.861868929625087,0.4138694169491729,37.66984448479727,26.245206709685,981.8539372952874,78.06770751304926,0.975712181309546,0.0017888126522238,0.0,0.0086483941922979,0.0040339681482815,0.0,0.0,0.0098166436976506,0.8253515899997426,0.0653686581355308,0.0,0.0810792785474947,0.0215266166297862,0.0,0.0,0.0066738566874456,6.756147068309432,1.3092933744365034,1.0,1.0844490095664974,0.0,1.566607565299989,1.33593213818555,0.0,0.0,1.0,7.296085655146154,993.0143761526203,67.92140682303575,302.7106577576344,25.654931900849267
10,260.0,33.86159855975984,0.9700000000000002,0.0042042035593084,0.0,0.0114000350327836,0.0046985118218604,0.0,0.0,0.0096972495860474,301.67,78.75,0.861868929625087,0.4299885531398075,37.66984448479727,26.245206709685,980.951168053693,79.36134861474036,0.974045405573422,0.002326259809616,0.0,0.0095760895273454,0.004277274953629,0.0,0.0,0.0097749701359872,0.8026756504989366,0.0818789164190751,0.0,0.0868412954166396,0.0221215325013575,0.0,0.0,0.006482605163991,6.689922335266337,1.3161355498506129,1.0,1.0825103775554417,0.0,1.5618065807193025,1.3322621836661457,0.0,0.0,1.0,7.296085655146154,993.0143761526203,67.92140682303575,302.7106577576344,25.654931900849267
10,260.0,35.13098053477232,0.9700000000000002,0.0042042035593084,0.0,0.0114000350327836,0.0046985118218604,0.0,0.0,0.0096972495860474,301.67,78.75,0.861868929625087,0.4461076893304421,37.66984448479727,26.245206709685,980.1493140539162,80.49426639971519,0.9725623780438716,0.0029147004195634,0.0,0.0103215712442078,0.0044580303735529,0.0,0.0,0.0097433199188042,0.781597273272699,0.0990168750276895,0.0,0.0906957185601643,0.0223802745488028,0.0,0.0,0.0063098585906442,6.63112068644369,1.3223031728663082,1.0,1.0807757388514838,0.0,1.5575859959721534,1.329056226329926,0.0,0.0,1.0,7.296085655146154,993.0143761526203,67.92140682303575,302.7106577576344,25.654931900849267
10,260.0,36.40036250978479,0.9700000000000002,0.0042042035593084,0.0,0.0114000350327836,0.0046985118218604,0.0,0.0,0.0096972495860474,301.67,78.75,0.861868929625087,0.4622268255210767,37.66984448479727,26.245206709685,979.4237344492168,81.49786937940502,0.9712249586241768,0.0035437033927032,0.0,0.0109190211545017,0.0045941938831592,0.0,0.0,0.0097181229454592,0.7619297094068713,0.116396124894404,0.0,0.0931045885239129,0.0224178562888864,0.0,0.0,0.0061517208859251,6.578152231761504,1.3279447644489175,1.0,1.0792028395918214,0.0,1.5538132743000574,1.3262040389079055,0.0,0.0,1.0,7.296085655146154,993.0143761526203,67.92140682303575,302.7106577576344,25.654931900849267
10,260.0,37.66974448479726,0.9700000000000002,0.0042042035593084,0.0,0.0114000350327836,0.0046985118218604,0.0,0.0,0.0096972495860474,301.67,78.75,0.861868929625087,0.4783459617117113,37.66984448479727,26.245206709685,978.7551651593844,82.40053215191924,0.9700000927906556,0.0042041504980879,0.0,0.0114000010069328,0.0046985046058013,0.0,0.0,0.009697251098522,0.7435178064121893,0.1337153222191126,0.0,0.0944498772979015,0.022311372374955,0.0,0.0,0.0060056216958414,6.5296843436043135,1.333174100166452,1.0,1.077756245097589,0.0,1.5503852702633452,1.323629559396016,0.0,0.0,1.0,7.296085655146154,993.0143761526203,67.92140682303575,302.7106577576344,25.654931900849267
10,265.0,30.276245353427974,0.9700000000000002,0.0042042035593084,0.0,0.0114000350327836,0.0046985118218604,0.0,0.0,0.0096972495860474,301.67,78.75,0.8784433321178771,0.3844602584562283,41.11495657678694,30.276145353427975,961.6676779933996,80.53947401317325,0.985536315113255,0.0001199307609592,0.0,0.0011649351827882,0.0008596959752205,0.0,0.0,0.0123191229677767,0.9699979858812467,0.0042047330420317,0.0,0.0114013619051082,0.0046990094836889,0.0,0.0,0.0096969096879242,6.144143767744429,1.3631477674523196,1.0,1.075481621932412,0.0,1.5184330095786112,1.273212625532729,0.0,0.0,1.0,6.194157229336726,966.2255774553212,79.59167899763797,302.7106577576344,29.571779036695137
10,265.0,31.48053548935675,0.9700000000000002,0.0042042035593084,0.0,0.0114000350327836,0.0046985118218604,0.0,0.0,0.0096972495860474,301.67,78.75,0.8784433321178771,0.3997528316108794,41.11495657678694,30.276145353427975,960.1726391767592,82.7588910822539,0.9843725997756018,0.0003359711833667,0.0,0.0028642933207438,0.001869458423325,0.0,0.0,0.0105576772969625,0.943711137760214,0.0112795712471528,0.0,0.0270127245590816,0.009873121581004,0.0,0.0,0.0081234448525473,6.037602846943339,1.3752894420654158,1.0,1.0725582389951718,0.0,1.5110412421195711,1.2675518189060362,0.0,0.0,1.0,6.194157229336726,966.2255774553212,79.59167899763797,302.7106577576344,29.571779036695137
10,265.0,32.68482562528553,0.9700000000000002,0.0042042035593084,0.0,0.0114000350327836,0.0046985118218604,0.0,0.0,0.0096972495860474,301.67,78.75,0.8784433321178771,0.4150454047655305,41.11495657678694,30.276145353427975,958.5870444723876,84.82411327426236,0.9820704020366108,0.0006091207050178,0.0,0.0045022047996422,0.0026432843138827,0.0,0.0,0.0101749881448466,0.9182309309809518,0.0196232502363344,0.0,0.0409843229743189,0.0135132318608146,0.0,0.0,0.0076482639475802,5.942394524587196,1.38643791357877,1.0,1.070011988589782,0.0,1.504185688754431,1.2625644179170157,0.0,0.0,1.0,6.194157229336726,966.2255774553212,79.59167899763797,302.7106577576344,29.571779036695137
10,265.0,33.8891157612143,0.9700000000000002,0.0042042035593084,0.0,0.0114000350327836,0.0046985118218604,0.0,0.0,0.0096972495860474,301.67,78.75,0.8784433321178771,0.4303379779201816,41.11495657678694,30.276145353427975,957.1715103122606,86.73315485616489,0.9798171470992548,0.0009448435824406,0.0,0.0060071098762089,0.0032286356046999,0.0,0.0,0.0100022638373957,0.8944830216893568,0.0292763568224893,0.0,0.0528843285818631,0.0160053211513312,0.0,0.0,0.0073509717549594,5.856765628042807,1.3966815420786411,1.0,1.067729606015632,0.0,1.498030128956113,1.258133257953831,0.0,0.0,1.0,6.194157229336726,966.2255774553212,79.59167899763797,302.7106577576344,29.571779036695137
10,265.0,35.09340589714307,0.9700000000000002,0.0042042035593084,0.0,0.0114000350327836,0.0046985118218604,0.0,0.0,0.0096972495860474,301.67,78.75,0.8784433321178771,0.4456305510748327,41.11495657678694,30.276145353427975,955.9256684247606,88.46647411696269,0.9777431992036316,0.0013467295870503,0.0,0.0073388385181817,0.0036696479704418,0.0,0.0,0.0099015847206945,0.872386795697926,0.0402264190940802,0.0,0.0625967554923054,0.0176686930978941,0.0,0.0,0.0071213366177939,5.780208078897843,1.4060231439138309,1.0,1.065681911082746,0.0,1.4925635404313575,1.254226864487281,0.0,0.0,1.0,6.194157229336726,966.2255774553212,79.59167899763797,302.7106577576344,29.571779036695137
10,265.0,36.29769603307184,0.9700000000000002,0.0042042035593084,0.0,0.0114000350327836,0.0046985118218604,0.0,0.0,0.0096972495860474,301.67,78.75,0.8784433321178771,0.4609231242294837,41.11495657678694,30.276145353427975,954.8280291081228,90.01791228021136,0.9758693165332892,0.0018140414077417,0.0,0.0084805412047962,0.0040013557965378,0.0,0.0,0.0098347450576348,0.851784908846792,0.0523449427775529,0.0,0.0702021505839362,0.0187400723023834,0.0,0.0,0.0069279254893352,5.712038629777543,1.4144939278899231,1.0,1.0638526407668594,0.0,1.487727541955214,1.2507954506830028,0.0,0.0,1.0,6.194157229336726,966.2255774553212,79.59167899763797,302.7106577576344,29.571779036695137
10,265.0,37.50198616900062,0.9700000000000002,0.0042042035593084,0.0,0.0114000350327836,0.0046985118218604,0.0,0.0,0.0096972495860474,301.67,78.75,0.8784433321178771,0.4762156973841348,41.11495657678694,30.276145353427975,953.8538479875295,91.39645173870916,0.9741840246976476,0.0023417247072935,0.0,0.0094362502906413,0.0042512937624493,0.0,0.0,0.0097867065419681,0.8325181249485277,0.0654029543608253,0.0,0.0759275720473232,0.0193935439518762,0.0,0.0,0.0067578046914475,5.651293119517612,1.4221733336140945,1.0,1.0622121718063229,0.0,1.483447205882229,1.247775230520703,0.0,0.0,1.0,6.194157229336726,966.2255774553212,79.59167899763797,302.7106577576344,29.571779036695137
10,265.0,38.70627630492939,0.9700000000000002,0.0042042035593084,0.0,0.0114000350327836,0.0046985118218604,0.0,0.0,0.0096972495860474,301.67,78.75,0.8784433321178771,0.4915082705387859,41.11495657678694,30.276145353427975,952.9791029291696,92.62190427466965,0.9726627082931996,0.0029218459715942,0.0,0.0102244774662911,0.0044407776550463,0.0,0.0,0.0097501906138688,0.8144412867725992,0.0791211205763549,0.0,0.0800775626595868,0.0197556607580487,0.0,0.0,0.0066043692334102,5.596826752856044,1.4291670308531317,1.0,1.0607315979555707,0.0,1.4796359982962803,1.2451080140458566,0.0,0.0,1.0,6.194157229336726,966.2255774553212,79.59167899763797,302.7106577576344,29.571779036695137
10,265.0,39.91056644085816,0.9700000000000002,0.0042042035593084,0.0,0.0114000350327836,0.0046985118218604,0.0,0.0,0.0096972495860474,301.67,78.75,0.8784433321178771,0.5068008436934369,41.11495657678694,30.276145353427975,952.182473917123,93.71877292763216,0.9712770014831325,0.0035454770698608,0.0,0.0108704448002292,0.0045858997760373,0.0,0.0,0.00972117687074,0.7974278955531338,0.0932235336387246,0.0,0.0829680810637419,0.0199167382612505,0.0,0.0,0.006463751483149,5.547487566930743,1.4355799247451686,1.0,1.0593830929943222,0.0,1.4762068049886266,1.2427210854831905,0.0,0.0,1.0,6.194157229336726,966.2255774553212,79.59167899763797,302.7106577576344,29.571779036695137
10,265.0,41.11485657678693,0.9700000000000002,0.0042042035593084,0.0,0.0114000350327836,0.0046985118218604,0.0,0.0,0.0096972495860474,301.67,78.75,0.8784433321178771,0.5220934168480881,41.11495657678694,30.276145353427975,951.4462833679028,94.71132757744844,0.9700001021686964,0.0042041476252529,0.0,0.0113999952315698,0.0046985035664913,0.0,0.0,0.0096972514079891,0.7813702264684358,0.1074729010730254,0.0,0.0848833444996748,0.0199400529315575,0.0,0.0,0.0063334750273063,5.50224190427967,1.4415593966228857,1.0,1.0581417133892557,0.0,1.4730818967630468,1.2405564313377642,0.0,0.0,1.0,6.194157229336726,966.2255774553212,79.59167899763797,302.7106577576344,29.571779036695137
10,270.0,34.75992514059648,0.9700000000000002,0.0042042035593084,0.0,0.0114000350327836,0.0046985118218604,0.0,0.0,0.0096972495860474,301.67,78.75,0.8950177346106672,0.4413958748012251,45.00357820074424,34.75982514059648,932.2785581419118,94.50066405396989,0.9852397517185176,0.0001578025645317,0.0,0.0013636041394335,0.0010102594675383,0.0,0.0,0.0122285821099788,0.969998310077228,0.0042046522611843,0.0,0.0114011479638489,0.0046989208089461,0.0,0.0,0.0096969688887923,5.077553168644172,1.4872463802860216,1.0,1.054443481893708,0.0,1.4428599847340466,1.196085959272338,0.0,0.0,1.0,5.130843724671824,936.9320241360858,93.30322734807504,302.7106577576344,33.91794976874195
10,270.0,35.89809770283512,0.9700000000000002,0.0042042035593084,0.0,0.0114000350327836,0.0046985118218604,0.0,0.0,0.0096972495860474,301.67,78.75,0.8950177346106672,0.4558488597185411,45.00357820074424,34.75982514059648,930.72778532059,96.7109073832714,0.9840911392956136,0.0003826533200203,0.0,0.0029409445955626,0.0019369232491591,0.0,0.0,0.0106483395396443,0.9492805101819548,0.0098233781065877,0.0,0.0238382087323713,0.0087591278666912,0.0,0.0,0.0082987751123949,4.987007946461504,1.5003431083333574,1.0,1.0521941872944027,0.0,1.4366807259479282,1.1918019449072172,0.0,0.0,1.0,5.130843724671824,936.9320241360858,93.30322734807504,302.7106577576344,33.91794976874195
10,270.0,37.03627026507376,0.9700000000000002,0.0042042035593084,0.0,0.0114000350327836,0.0046985118218604,0.0,0.0,0.0096972495860474,301.67,78.75,0.8950177346106672,0.4703018446358573,45.00357820074424,34.75982514059648,929.1280818847912,98.7800847536863,0.9819685477419422,0.0006609182663157,0.0,0.0044731758213721,0.0026587187883452,0.0,0.0,0.0102386393820245,0.9288835081521376,0.0163767297508898,0.0,0.0351964183900744,0.0117059729977845,0.0,0.0,0.0078373707091136,4.905436492883574,1.512456815861417,1.0,1.0501970909288092,0.0,1.4309125782513177,1.1880055159940286,0.0,0.0,1.0,5.130843724671824,936.9320241360858,93.30322734807504,302.7106577576344,33.91794976874195
10,270.0,38.1744428273124,0.9700000000000002,0.0042042035593084,0.0,0.0114000350327836,0.0046985118218604,0.0,0.0,0.0096972495860474,301.67,78.75,0.8950177346106672,0.4847548295531733,45.00357820074424,34.75982514059648,927.674188382663,100.71425719087136,0.9798406499975688,0.0009967964527829,0.0,0.0059012799715158,0.0032151445440513,0.0,0.0,0.010046129034081,0.9096199716030784,0.0238841365129594,0.0,0.0451391667800863,0.0138001218150319,0.0,0.0,0.0075566032888439,4.831235194152109,1.523725765228937,1.0,1.0483850939782382,0.0,1.4256673371652462,1.18459575060769,0.0,0.0,1.0,5.130843724671824,936.9320241360858,93.30322734807504,302.7106577576344,33.91794976874195
10,270.0,39.31261538955104,0.9700000000000002,0.0042042035593084,0.0,0.0114000350327836,0.0046985118218604,0.0,0.0,0.0096972495860474,301.67,78.75,0.8950177346106672,0.4992078144704894,45.00357820074424,34.75982514059648,926.3696023675644,102.49845036311008,0.977839861776402,0.0013936152692468,0.0,0.0071910133639466,0.0036433957742151,0.0,0.0,0.0099321138161893,0.8914958715581959,0.0323479120088842,0.0,0.0535468977108099,0.0152638722947546,0.0,0.0,0.0073454464273552,4.763955176694123,1.5341568167060409,1.0,1.0467443067667086,0.0,1.4209270653787418,1.1815405588187164,0.0,0.0,1.0,5.130843724671824,936.9320241360858,93.30322734807504,302.7106577576344,33.91794976874195
10,270.0,40.45078795178968,0.9700000000000002,0.0042042035593084,0.0,0.0114000350327836,0.0046985118218604,0.0,0.0,0.0096972495860474,301.67,78.75,0.8950177346106672,0.5136607993878054,45.00357820074424,34.75982514059648,925.1988482099068,104.12518545443235,0.975994884019134,0.001851702081822,0.0,0.008324688212625,0.0039729874577822,0.0,0.0,0.0098557382286368,0.8744307458458347,0.041707316360552,0.0,0.0604266051765728,0.016264677593262,0.0,0.0,0.0071706550237782,4.703144495606979,1.5437660570466265,1.0,1.0452556514046505,0.0,1.4166630134197882,1.1788104312778225,0.0,0.0,1.0,5.130843724671824,936.9320241360858,93.30322734807504,302.7106577576344,33.91794976874195
10,270.0,41.58896051402832,0.9700000000000002,0.0042042035593084,0.0,0.0114000350327836,0.0046985118218604,0.0,0.0,0.0096972495860474,301.67,78.75,0.8950177346106672,0.5281137843051216,45.00357820074424,34.75982514059648,924.1431767846024,105.59759528674138,0.9743044946936802,0.0023680560160125,0.0,0.0092998228523823,0.0042271186257664,0.0,0.0,0.0098005078121583,0.8583302881762194,0.0518386140109797,0.0,0.0658849643088126,0.0169276690422851,0.0,0.0,0.0070184644617031,4.648200207200094,1.552601077922062,1.0,1.04390770038745,0.0,1.4128308900944644,1.1763700592109765,0.0,0.0,1.0,5.130843724671824,936.9320241360858,93.30322734807504,302.7106577576344,33.91794976874195
10,270.0,42.72713307626696,0.9700000000000002,0.0042042035593084,0.0,0.0114000350327836,0.0046985118218604,0.0,0.0,0.0096972495860474,301.67,78.75,0.8950177346106672,0.5425667692224376,45.00357820074424,34.75982514059648,923.183694357409,106.9278256490988,0.972754808018602,0.0029370223446562,0.0,0.0101258545255427,0.0044239480385322,0.0,0.0,0.0097583670726667,0.843102765846862,0.0625755275224888,0.0,0.0700937737938508,0.0173459937762086,0.0,0.0,0.0068819390605898,4.598389476926625,1.5607448753254929,1.0,1.0426793886862242,0.0,1.409376336056147,1.174189240094176,0.0,0.0,1.0,5.130843724671824,936.9320241360858,93.30322734807504,302.7106577576344,33.91794976874195
10,270.0,43.8653056385056,0.9700000000000002,0.0042042035593084,0.0,0.0114000350327836,0.0046985118218604,0.0,0.0,0.0096972495860474,301.67,78.75,0.8950177346106672,0.5570197541397537,45.00357820074424,34.75982514059648,922.3027707261848,108.13343605830735,0.9713266907274244,0.0035515044650564,0.0,0.010819439354159,0.0045775171811335,0.0,0.0,0.0097248482722265,0.8286646015711413,0.0737377313313437,0.0,0.0732522209780281,0.0175883477130691,0.0,0.0,0.0067570984064175,4.55293023851292,1.5682890103051386,1.0,1.041555111678907,0.0,1.406247162469076,1.1722181636292377,0.0,0.0,1.0,5.130843724671824,936.9320241360858,93.30322734807504,302.7106577576344,33.91794976874195
10,270.0,45.00347820074424,0.9700000000000002,0.0042042035593084,0.0,0.0114000350327836,0.0046985118218604,0.0,0.0,0.0096972495860474,301.67,78.75,0.8950177346106672,0.5714727390570697,45.00357820074424,34.75982514059648,921.4849210981744,109.23374079680524,0.9700001126402156,0.0042041447532697,0.0,0.0113999884270208,0.0046985023735874,0.0,0.0,0.0096972518059063,0.8149422847993129,0.0851551317450842,0.0,0.0755563673349948,0.0177047690965564,0.0,0.0,0.0066414470240515,4.51107272380042,1.5753242037582402,1.0,1.040518237228498,0.0,1.403381763165768,1.1704238270203855,0.0,0.0,1.0,5.130843724671824,936.9320241360858,93.30322734807504,302.7106577576344,33.91794976874195
10,275.0,39.7351813992544,0.9700000000000002,0.0042042035593084,0.0,0.0114000350327836,0.0046985118218604,0.0,0.0,0.0096972495860474,301.67,78.75,0.9115921371034572,0.504573732054024,49.347667400299535,39.73508139925439,899.6099026416189,111.14523281501371,0.984889339505138,0.000209714093511,0.0,0.0016046965579952,0.0011874369540912,0.0,0.0,0.0121088128892643,0.96999858401941,0.0042045834364379,0.0,0.0114009665723694,0.0046988457261186,0.0,0.0,0.009697020245664,4.054959738536644,1.6437608923952716,1.0,1.0358396140337718,0.0,1.3737089853890407,1.1317649517623651,0.0,0.0,1.0,4.11187312512685,904.4335281070778,109.60126774294156,302.7106577576344,38.72523437118672
10,275.0,40.80322428825941,0.9700000000000002,0.0042042035593084,0.0,0.0114000350327836,0.0046985118218604,0.0,0.0,0.0096972495860474,301.67,78.75,0.9115921371034572,0.5181361814382147,49.347667400299535,39.73508139925439,897.9875553254492,113.36079990411795,0.9837349980567802,0.0004442852524869,0.0,0.003063088114458,0.0020271338691932,0.0,0.0,0.0107304947070814,0.9538524691025888,0.0086245461600247,0.0,0.0212013547997919,0.007839113506042,0.0,0.0,0.0084825164315523,3.979316729939924,1.6583164689245196,1.0,1.0341854379569673,0.0,1.368519010990452,1.128605360874082,0.0,0.0,1.0,4.11187312512685,904.4335281070778,109.60126774294156,302.7106577576344,38.72523437118672
10,275.0,41.87126717726442,0.9700000000000002,0.0042042035593084,0.0,0.0114000350327836,0.0046985118218604,0.0,0.0,0.0096972495860474,301.67,78.75,0.9115921371034572,0.5316986308224053,49.347667400299535,39.73508139925439,896.3567546755448,115.44815464323877,0.9817855181162868,0.0007283084083527,0.0,0.0044892610811414,0.002692412441266,0.0,0.0,0.0103044999529528,0.9377635776584484,0.0137116705196546,0.0,0.0303027786893622,0.010185709436244,0.0,0.0,0.0080362636962906,3.910579263678569,1.671914849142327,1.0,1.032685845197432,0.0,1.3636443833165677,1.1257822704499936,0.0,0.0,1.0,4.11187312512685,904.4335281070778,109.60126774294156,302.7106577576344,38.72523437118672
10,275.0,42.93931006626944,0.9700000000000002,0.0042042035593084,0.0,0.0114000350327836,0.0046985118218604,0.0,0.0,0.0096972495860474,301.67,78.75,0.9115921371034572,0.5452610802065961,49.347667400299535,39.73508139925439,894.8510117016076,117.41914363345929,0.97978988341717,0.0010648412448446,0.0,0.0058359648627687,0.003215369988281,0.0,0.0,0.0100939404869358,0.922388874064888,0.0194718597857084,0.0,0.0384597694839391,0.0119114733668711,0.0,0.0,0.0077680232985933,3.84739534329756,1.6847141804763794,1.0,1.0313115063839278,0.0,1.3591470401867158,1.123217763181681,0.0,0.0,1.0,4.11187312512685,904.4335281070778,109.60126774294156,302.7106577576344,38.72523437118672
10,275.0,44.007352955274456,0.9700000000000002,0.0042042035593084,0.0,0.0114000350327836,0.0046985118218604,0.0,0.0,0.0096972495860474,301.67,78.75,0.9115921371034572,0.5588235295907867,49.347667400299535,39.73508139925439,893.475164645124,119.26360110950266,0.9778753498758704,0.0014567546713441,0.0,0.0070749889031766,0.0036265369569655,0.0,0.0,0.0099663695926431,0.9077807750237512,0.0259104316209665,0.0,0.0455700747658987,0.0131676524110464,0.0,0.0,0.0075710661783371,3.789364873335375,1.6967228153921854,1.0,1.0300518398684837,0.0,1.3550289629189316,1.1208880664832497,0.0,0.0,1.0,4.11187312512685,904.4335281070778,109.60126774294156,302.7106577576344,38.72523437118672
10,275.0,45.07539584427947,0.9700000000000002,0.0042042035593084,0.0,0.0114000350327836,0.0046985118218604,0.0,0.0,0.0096972495860474,301.67,78.75,0.9115921371034572,0.5723859789749773,49.347667400299535,39.73508139925439,892.21836903764,120.97434730152196,0.9760753165407762,0.0019049906624361,0.0,0.0081896525167103,0.0039502720922415,0.0,0.0,0.0098797681878356,0.8939068943477285,0.0330017565270451,0.0,0.0516099523827952,0.0140701856131721,0.0,0.0,0.0074112111292588,3.736174342444866,1.707961928392775,1.0,1.0288986571215049,0.0,1.3512653638881953,1.1187758051350745,0.0,0.0,1.0,4.11187312512685,904.4335281070778,109.60126774294156,302.7106577576344,38.72523437118672
10,275.0,46.14343873328448,0.9700000000000002,0.0042042035593084,0.0,0.0114000350327836,0.0046985118218604,0.0,0.0,0.0096972495860474,301.67,78.75,0.9115921371034572,0.585948428359168,49.347667400299535,39.73508139925439,891.0668765195752,122.55088352772854,0.9743957851382434,0.0024081243903881,0.0,0.0091737750965589,0.0042057582748028,0.0,0.0,0.0098165571000067,0.8807157395179998,0.0406849675914335,0.0,0.0566183443439532,0.014706993734719,0.0,0.0,0.0072739548118943,3.687454462655908,1.7184500710357156,1.0,1.027842861567407,0.0,1.3478308578167042,1.1168611648788769,0.0,0.0,1.0,4.11187312512685,904.4335281070778,109.60126774294156,302.7106577576344,38.72523437118672
10,275.0,47.2114816222895,0.9700000000000002,0.0042042035593084,0.0,0.0114000350327836,0.0046985118218604,0.0,0.0,0.0096972495860474,301.67,78.75,0.9115921371034572,0.5995108777433586,49.347667400299535,39.73508139925439,890.0064631809779,123.99937684331675,0.9728311944546868,0.0029625624058706,0.0,0.0100301158449166,0.0044081230807381,0.0,0.0,0.0097680042137876,0.8681523508813809,0.048870239238076,0.0,0.0606806658759847,0.0151447779074908,0.0,0.0,0.0071519660970675,3.64276155462146,1.7282406298288748,1.0,1.026874201628628,0.0,1.3446930592078137,1.115123341465862,0.0,0.0,1.0,4.11187312512685,904.4335281070778,109.60126774294156,302.7106577576344,38.72523437118672
10,275.0,48.27952451129452,0.9700000000000002,0.0042042035593084,0.0,0.0114000350327836,0.0046985118218604,0.0,0.0,0.0096972495860474,301.67,78.75,0.9115921371034572,0.6130733271275495,49.347667400299535,39.73508139925439,889.0233093059505,125.33099617944649,0.971370428372448,0.0035631846827126,0.0,0.010767889600657,0.0045692710499292,0.0,0.0,0.0097292262942527,0.856163812022649,0.0574511639990052,0.0,0.063909912737689,0.0154340432102019,0.0,0.0,0.0070410680304547,3.6016024185768147,1.7374042470402886,1.0,1.025981759207683,0.0,1.341817199551509,1.113539166265029,0.0,0.0,1.0,4.11187312512685,904.4335281070778,109.60126774294156,302.7106577576344,38.72523437118672
10,275.0,49.34756740029953,0.9700000000000002,0.0042042035593084,0.0,0.0114000350327836,0.0046985118218604,0.0,0.0,0.0096972495860474,301.67,78.75,0.9115921371034572,0.6266357765117401,49.347667400299535,39.73508139925439,888.1046158025607,126.5596624217254,0.970000124473368,0.004204141854365,0.0,0.0113999803663862,0.0046985009794179,0.0,0.0,0.0096972523264628,0.8447016222170723,0.0663181275527191,0.0,0.0664287614605515,0.0156128180690157,0.0,0.0,0.0069386707006413,3.563476248888051,1.7460202461477934,1.0,1.0251566860736414,0.0,1.339167662290168,1.1120856060644773,0.0,0.0,1.0,4.11187312512685,904.4335281070778,109.60126774294156,302.7106577576344,38.72523437118672
10,280.0,45.24727740977361,0.9700000000000002,0.0042042035593084,0.0,0.0114000350327836,0.0046985118218604,0.0,0.0,0.0096972495860474,301.67,78.75,0.9281665395962476,0.5745686020288713,54.155685974674526,45.247177409773606,862.5546479627764,131.35902736686907,0.9844533651662808,0.0002832860906101,0.0,0.0019091650772095,0.0013993286905349,0.0,0.0,0.0119548549753645,0.9699988186558184,0.0042045240350582,0.0,0.0114008107679756,0.0046987814802238,0.0,0.0,0.0096970650609239,3.084175870243842,1.8502149268989947,1.0,1.0200415092003297,0.0,1.308755339568876,1.0793176836039726,0.0,0.0,1.0,3.1449654870637134,867.6798743518019,129.30886906724652,302.7106577576344,44.02808165538378
10,280.0,46.237089472540376,0.9700000000000002,0.0042042035593084,0.0,0.0114000350327836,0.0046985118218604,0.0,0.0,0.0096972495860474,301.67,78.75,0.9281665395962476,0.5871376440957508,54.155685974674526,45.247177409773606,860.8428908177514,133.59491187906352,0.9832802719929282,0.0005282589949794,0.0,0.0032492670218363,0.0021459672424309,0.0,0.0,0.010796234747825,0.9576519444294735,0.0076221130553398,0.0,0.0189786551390016,0.0070718790488137,0.0,0.0,0.0086754083273713,3.0226596547382334,1.867060274966745,1.0,1.018916693489924,0.0,1.3043786750713828,1.077086200976047,0.0,0.0,1.0,3.1449654870637134,867.6798743518019,129.30886906724652,302.7106577576344,44.02808165538378
10,280.0,47.22690153530714,0.9700000000000002,0.0042042035593084,0.0,0.0114000350327836,0.0046985118218604,0.0,0.0,0.0096972495860474,301.67,78.75,0.9281665395962476,0.5997066861626303,54.155685974674526,45.247177409773606,859.1580519674812,135.716278005285,0.9814970083687776,0.000818236792696,0.0,0.0045669751156718,0.0027486946608673,0.0,0.0,0.0103690850619873,0.945244523135208,0.0114949020842797,0.0,0.0261130500422519,0.0088968782204293,0.0,0.0,0.0082506465178314,2.966222609221923,1.8829604108840488,1.0,1.0178767069904069,0.0,1.3002455142017957,1.0750755535051364,0.0,0.0,1.0,3.1449654870637134,867.6798743518019,129.30886906724652,302.7106577576344,44.02808165538378
10,280.0,48.21671359807392,0.9700000000000002,0.0042042035593084,0.0,0.0114000350327836,0.0046985118218604,0.0,0.0,0.0096972495860474,301.67,78.75,0.9281665395962476,0.61227572822951,54.155685974674526,45.247177409773606,857.5804384961763,137.73825679484096,0.9796415911887534,0.0011553045308835,0.0,0.0058261540224297,0.0032325794752818,0.0,0.0,0.0101443707826513,0.9332618269621366,0.0158216822397884,0.0,0.0326386668148184,0.0102842782328264,0.0,0.0,0.00799354575043,2.9138320297787303,1.898096800107998,1.0,1.016915841798486,0.0,1.2963913085241805,1.0732313323850229,0.0,0.0,1.0,3.1449654870637134,867.6798743518019,129.30886906724652,302.7106577576344,44.02808165538378
10,280.0,49.20652566084068,0.9700000000000002,0.0042042035593084,0.0,0.0114000350327836,0.0046985118218604,0.0,0.0,0.0096972495860474,301.67,78.75,0.9281665395962476,0.6248447702963896,54.155685974674526,45.247177409773606,856.11404262494,139.6553599006984,0.9778281467867588,0.0015417599286112,0.0,0.007004540523498,0.0036216075819004,0.0,0.0,0.0100039451792314,0.9217748325955206,0.020606143033993,0.0,0.0384784054708956,0.0113327623878447,0.0,0.0,0.0078078565117459,2.865144319015882,1.912508073903141,1.0,1.016029220192716,0.0,1.2928068775036472,1.071537479906108,0.0,0.0,1.0,3.1449654870637134,867.6798743518019,129.30886906724652,302.7106577576344,44.02808165538378
10,280.0,50.19633772360745,0.9700000000000002,0.0042042035593084,0.0,0.0114000350327836,0.0046985118218604,0.0,0.0,0.0096972495860474,301.67,78.75,0.9281665395962476,0.6374138123632692,54.155685974674526,45.247177409773606,854.7514104333164,141.4618448373717,0.9760915636758256,0.0019787902180774,0.0,0.0080876818642637,0.0039351556299153,0.0,0.0,0.009906808611918,0.910779957745238,0.0258388903352209,0.0,0.0436015689970278,0.0121195925735605,0.0,0.0,0.0076599903489527,2.819934862898148,1.9261872855242976,1.0,1.01521182962002,0.0,1.289481199213755,1.0699793724529822,0.0,0.0,1.0,3.1449654870637134,867.6798743518019,129.30886906724652,302.7106577576344,44.02808165538378
10,280.0,51.186149786374216,0.9700000000000002,0.0042042035593084,0.0,0.0114000350327836,0.0046985118218604,0.0,0.0,0.0096972495860474,301.67,78.75,0.9281665395962476,0.6499828544301488,54.155685974674526,45.247177409773606,853.4828492619445,143.15546771040886,0.9744424165163986,0.002466059376917,0.0,0.0090679680572876,0.004188590433225,0.0,0.0,0.0098349656161718,0.9002533946419217,0.0314933278224642,0.0,0.0480138361944087,0.0127043540758481,0.0,0.0,0.007535087265357,2.777976111562594,1.9391539872420904,1.0,1.0144585269399309,0.0,1.2864008824900577,1.0685470623518942,0.0,0.0,1.0,3.1449654870637134,867.6798743518019,129.30886906724652,302.7106577576344,44.02808165538378
10,280.0,52.17596184914099,0.9700000000000002,0.0042042035593084,0.0,0.0114000350327836,0.0046985118218604,0.0,0.0,0.0096972495860474,301.67,78.75,0.9281665395962476,0.6625518964970284,54.155685974674526,45.247177409773606,852.2982070903423,144.7382581095366,0.9728810855209482,0.0030016672366052,0.0,0.0099438889827295,0.0043941252752532,0.0,0.0,0.0097792329844636,0.8901651654872486,0.0375264661650308,0.0,0.0517498191982339,0.0131330582452851,0.0,0.0,0.0074254909042014,2.739013185302297,1.9514322821134744,1.0,1.0137641725874316,0.0,1.2835506642787076,1.0672296870661808,0.0,0.0,1.0,3.1449654870637134,867.6798743518019,129.30886906724652,302.7106577576344,44.02808165538378
10,280.0,53.16577391190776,0.9700000000000002,0.0042042035593084,0.0,0.0114000350327836,0.0046985118218604,0.0,0.0,0.0096972495860474,301.67,78.75,0.9281665395962476,0.675120938563908,54.155685974674526,45.247177409773606,851.1873500384631,146.216089593011,0.9714028044343124,0.0035823968713378,0.0,0.0107188988491553,0.0045615030933531,0.0,0.0,0.0097343967518412,0.8804841170238089,0.043882987966256,0.0,0.0548647585631284,0.013441325151919,0.0,0.0,0.0073268112948876,2.7027644486747247,1.9630763774843376,1.0,1.0131225068823029,0.0,1.2809051281004291,1.0660153119589064,0.0,0.0,1.0,3.1449654870637134,867.6798743518019,129.30886906724652,302.7106577576344,44.02808165538378
10,280.0,54.15558597467452,0.9700000000000002,0.0042042035593084,0.0,0.0114000350327836,0.0046985118218604,0.0,0.0,0.0096972495860474,301.67,78.75,0.9281665395962476,0.6876899806307876,54.155685974674526,45.247177409773606,850.140468756506,147.59762934783484,0.9700001381357696,0.0042041388431968,0.0,0.0113999706954092,0.0046984992995647,0.0,0.0,0.0096972530260595,0.8711801548188736,0.0505009459231882,0.0,0.057425835576622,0.0136567369020858,0.0,0.0,0.0072363267792303,2.6689244573547257,1.9741327733980976,1.0,1.0125275925501895,0.0,1.2784420698981205,1.0648908523366665,0.0,0.0,1.0,3.1449654870637134,867.6798743518019,129.30886906724652,302.7106577576344,44.02808165538378
10,285.0,51.35213063783599,0.9700000000000002,0.0042042035593084,0.0,0.0114000350327836,0.0046985118218604,0.0,0.0,0.0096972495860474,301.67,78.75,0.9447409420890376,0.6520905477820443,59.42811071130507,51.35203063783599,819.2932152880693,156.6170501181113,0.9838737883341436,0.0003929361802083,0.0,0.0023160121871647,0.0016596726213283,0.0,0.0,0.0117575906771551,0.9699990232588634,0.0042044718797946,0.0,0.0114006745653024,0.0046987257619309,0.0,0.0,0.0096971045341084,2.176337370066061,2.140884739877804,1.0,1.0077790143815648,0.0,1.2457074156223176,1.0385108968240575,0.0,0.0,1.0,2.2410524707626744,824.9746819221486,153.77005765610247,302.7106577576344,49.86436423924916
10,285.0,52.24945064599922,0.9700000000000002,0.0042042035593084,0.0,0.0114000350327836,0.0046985118218604,0.0,0.0,0.0096972495860474,301.67,78.75,0.9447409420890376,0.6634850875682441,59.42811071130507,51.35203063783599,817.4697054283931,158.88960726090562,0.9826802421849749,0.0006483376653114,0.0,0.0035337549644217,0.0023040039333314,0.0,0.0,0.0108336612519603,0.9608604403821688,0.0067671710371463,0.0,0.0170698270293862,0.0064244053247865,0.0,0.0,0.0088781562265122,2.1284870527852418,2.161460522010646,1.0,1.0071367604753658,0.0,1.2420234748475931,1.0370771473978286,0.0,0.0,1.0,2.2410524707626744,824.9746819221486,153.77005765610247,302.7106577576344,49.86436423924916
10,285.0,53.14677065416245,0.9700000000000002,0.0042042035593084,0.0,0.0114000350327836,0.0046985118218604,0.0,0.0,0.0096972495860474,301.67,78.75,0.9447409420890376,0.6748796273544438,59.42811071130507,51.35203063783599,815.6989783266574,161.0636886967367,0.9810585850870412,0.0009434968179545,0.0,0.0047363245927194,0.0028356258390506,0.0,0.0,0.010425967663234,0.9516354607253668,0.009619125680297,0.0,0.0224661860031051,0.0077921302663721,0.0,0.0,0.0084870973248587,2.084110071994961,2.1811359498176444,1.0,1.0065395135035304,0.0,1.2385273773315746,1.0357733937695746,0.0,0.0,1.0,2.2410524707626744,824.9746819221486,153.77005765610247,302.7106577576344,49.86436423924916
10,285.0,54.04409066232568,0.9700000000000002,0.0042042035593084,0.0,0.0114000350327836,0.0046985118218604,0.0,0.0,0.0096972495860474,301.67,78.75,0.9447409420890376,0.6862741671406436,59.42811071130507,51.35203063783599,814.0192781343994,163.15495416952845,0.9793549606428488,0.0012797322719119,0.0,0.0058980806982513,0.0032728261493225,0.0,0.0,0.0101944002376654,0.9426417753468416,0.0127567080034044,0.0,0.0274902900816515,0.008867875050972,0.0,0.0,0.0082433515171304,2.042514871243657,2.2000964004917503,1.0,1.0059883405649204,0.0,1.2352239404458858,1.0345676438470424,0.0,0.0,1.0,2.2410524707626744,824.9746819221486,153.77005765610247,302.7106577576344,49.86436423924916
10,285.0,54.941410670488914,0.9700000000000002,0.0042042035593084,0.0,0.0114000350327836,0.0046985118218604,0.0,0.0,0.0096972495860474,301.67,78.75,0.9447409420890376,0.6976687069268434,59.42811071130507,51.35203063783599,812.4321792642554,165.16204399884325,0.9776620918345712,0.0016587253980774,0.0,0.007002546842814,0.0036331121019312,0.0,0.0,0.010043523822606,0.9339485356993504,0.0161811175716998,0.0,0.0320909758249455,0.0097114013562361,0.0,0.0,0.0080679695477679,2.003438487598587,2.218406763731709,1.0,1.0054812625988183,0.0,1.2321147954797538,1.0334497759359362,0.0,0.0,1.0,2.2410524707626744,824.9746819221486,153.77005765610247,302.7106577576344,49.86436423924916
10,285.0,55.83873067865214,0.9700000000000002,0.0042042035593084,0.0,0.0114000350327836,0.0046985118218604,0.0,0.0,0.0096972495860474,301.67,78.75,0.9447409420890376,0.7090632467130431,59.42811071130507,51.35203063783599,810.9325222188993,167.08132105547023,0.9760128334269278,0.0020816266766633,0.0,0.0080382562897498,0.0039309172272343,0.0,0.0,0.0099363663794247,0.925567266630803,0.019889303409211,0.0,0.0362424026703953,0.0103707670694308,0.0,0.0,0.0079302602201597,1.9667158304877888,2.236040085655262,1.0,1.0050158609546658,0.0,1.229184751989233,1.0324099877810686,0.0,0.0,1.0,2.2410524707626744,824.9746819221486,153.77005765610247,302.7106577576344,49.86436423924916
10,285.0,56.736050686815375,0.9700000000000002,0.0042042035593084,0.0,0.0114000350327836,0.0046985118218604,0.0,0.0,0.0096972495860474,301.67,78.75,0.9447409420890376,0.7204577864992429,59.42811071130507,51.35203063783599,809.5138045606824,168.91029268439962,0.9744199023405568,0.0025487361296391,0.0,0.0089978790319194,0.0041778618973494,0.0,0.0,0.0098556206005354,0.917491261549781,0.0238712684805703,0.0,0.03993781063217,0.0108838681043776,0.0,0.0,0.007815791233101,1.9322091519358051,2.2530165374216824,1.0,1.004589404812637,0.0,1.2264304096538232,1.031443401828777,0.0,0.0,1.0,2.2410524707626744,824.9746819221486,153.77005765610247,302.7106577576344,49.86436423924916
10,285.0,57.6333706949786,0.9700000000000002,0.0042042035593084,0.0,0.0114000350327836,0.0046985118218604,0.0,0.0,0.0096972495860474,301.67,78.75,0.9447409420890376,0.7318523262854426,59.42811071130507,51.35203063783599,808.1692834075043,170.6486475225673,0.9728874111676236,0.0030593867323952,0.0,0.0098778130424184,0.0043832988961953,0.0,0.0,0.0097920901613672,0.9097070260078988,0.0281094969739645,0.0,0.0431860487132778,0.0112805756935395,0.0,0.0,0.0077168526113193,1.8997851171606732,2.270964451305284,1.0000000000132945,1.004204459524758,0.0,1.2241222094675313,1.0306220443365013,0.0,0.0,1.000000000017601,2.2410524707626744,824.9746819221486,153.77005765610247,302.7106577576344,49.86436423924916
10,285.0,58.53069070314183,0.9700000000000002,0.0042042035593084,0.0,0.0114000350327836,0.0046985118218604,0.0,0.0,0.0096972495860474,301.67,78.75,0.9447409420890376,0.7432468660716423,59.42811071130507,51.35203063783599,806.8921756636755,172.29844184665387,0.9714150825137224,0.003611979218838,0.0,0.0106777267344263,0.0045547940979141,0.0,0.0,0.0097404174350987,0.9021984848445196,0.0325797273937572,0.0,0.0460083328267913,0.0115845268377761,0.0,0.0,0.0076289280971556,1.8692699957347028,2.285064345649002,1.0,1.0038408360198554,0.0,1.2214127213540642,1.029708367157787,0.0,0.0,1.0,2.2410524707626744,824.9746819221486,153.77005765610247,302.7106577576344,49.86436423924916
10,285.0,59.42801071130506,0.9700000000000002,0.0042042035593084,0.0,0.0114000350327836,0.0046985118218604,0.0,0.0,0.0096972495860474,301.67,78.75,0.9447409420890376,0.7546414058578421,59.42811071130507,51.35203063783599,805.6757227201672,173.86386442625613,0.970000154539626,0.0042041355084652,0.0,0.0113999587735571,0.0046984971691645,0.0,0.0,0.0096972540091871,0.8949489220205266,0.0372526149986529,0.0,0.0484347898705344,0.0118144901124661,0.0,0.0,0.0075491829978198,1.8405334388412988,2.301992715478843,1.000000000014188,1.0035189365570654,0.0,1.2194216315124693,1.0290094656823383,0.0,0.0,1.00000000001972,2.2410524707626744,824.9746819221486,153.77005765610247,302.7106577576344,49.86436423924916
10,290.0,58.12623820461759,0.9700000000000002,0.0042042035593084,0.0,0.0114000350327836,0.0046985118218604,0.0,0.0,0.0096972495860474,301.67,78.75,0.9613153445818278,0.7381109613284773,65.14640609001353,58.12613820461758,766.4530075131353,189.70932336508517,0.9830277905376162,0.0005702042817581,0.0,0.0029079558162255,0.0019951841103616,0.0,0.0,0.0114988652540383,0.969999206786992,0.0042044248198122,0.0,0.011400552083444,0.0046986764172843,0.0,0.0,0.0096971398924673,1.3486427003580124,2.5995453401682,1.0000000000632894,1.000658023758101,0.0,1.1824519326745728,1.0105712128843374,0.0,0.0,1.0000000000752796,1.4167983026644004,773.2637021553837,185.44864903964933,302.7106577576344,56.27641671412855
10,290.0,58.90624574743936,0.9700000000000002,0.0042042035593084,0.0,0.0114000350327836,0.0046985118218604,0.0,0.0,0.0096972495860474,301.67,78.75,0.9613153445818278,0.748015819015103,65.14640609001353,58.12613820461758,764.4864991595385,192.0374129808316,0.9818315495006342,0.0008341949987275,0.0,0.0039892266382329,0.002522858118876,0.0,0.0,0.0108221707435292,0.9636327841514092,0.0060177928880491,0.0,0.0153882038401004,0.005869352271621,0.0,0.0,0.0090918668488201,1.3143408997730164,2.627287048673219,1.0000000002518854,1.000490822098336,0.0,1.179423013874333,1.009873348473756,0.0,0.0,1.000000000310883,1.4167983026644004,773.2637021553837,185.44864903964933,302.7106577576344,56.27641671412855
10,290.0,59.68625329026113,0.9700000000000002,0.0042042035593084,0.0,0.0114000350327836,0.0046985118218604,0.0,0.0,0.0096972495860474,301.67,78.75,0.9613153445818278,0.7579206767017286,65.14640609001353,58.12613820461758,762.583633511076,194.28784445282025,0.9803759066783316,0.001131394338157,0.0,0.0050605588210724,0.0029702932291391,0.0,0.0,0.0104618469332995,0.9572059081430352,0.0079931546990135,0.0,0.0192169751318168,0.0068295051036682,0.0,0.0,0.0087544569224661,1.2821372364854566,2.654257476670424,1.0000000002053144,1.0003498655956573,0.0,1.1765271099254266,1.0092367050009754,0.0,0.0,1.000000000261647,1.4167983026644004,773.2637021553837,185.44864903964933,302.7106577576344,56.27641671412855
10,290.0,60.4662608330829,0.9700000000000002,0.0042042035593084,0.0,0.0114000350327836,0.0046985118218604,0.0,0.0,0.0096972495860474,301.67,78.75,0.9613153445818278,0.7678255343883543,65.14640609001353,58.12613820461758,760.7544071084772,196.47388553101268,0.9788455351172431,0.001462584260169,0.0,0.006106069602995,0.0033492194657922,0.0,0.0,0.0102365915538005,0.9508897615134716,0.0101273046437969,0.0,0.0228373240788115,0.0076135755654036,0.0,0.0,0.0085320341985165,1.2516550314115364,2.6806541040292444,1.000000000189737,1.000235676568728,0.0,1.173760714458217,1.0086492528814068,0.0,0.0,1.0000000002670129,1.4167983026644004,773.2637021553837,185.44864903964933,302.7106577576344,56.27641671412855
10,290.0,61.24626837590467,0.9700000000000002,0.0042042035593084,0.0,0.0114000350327836,0.0046985118218604,0.0,0.0,0.0096972495860474,301.67,78.75,0.9613153445818278,0.77773039207498,65.14640609001353,58.12613820461758,758.9974705587474,198.59713566392892,0.9773042825227852,0.0018288601742905,0.0,0.0071149017459646,0.003670810373112,0.0,0.0,0.0100811451838476,0.9447366362432712,0.0124198173168066,0.0,0.026221050051477,0.0082530287031636,0.0,0.0,0.0083694676852813,1.222721997769863,2.7065229383883405,1.0000000000871796,1.000145605046168,0.0,1.17111915198639,1.0081045809319922,0.0,0.0,1.0000000001286795,1.4167983026644004,773.2637021553837,185.44864903964933,302.7106577576344,56.27641671412855
10,290.0,62.02627591872644,0.9700000000000002,0.0042042035593084,0.0,0.0114000350327836,0.0046985118218604,0.0,0.0,0.0096972495860474,301.67,78.75,0.9613153445818278,0.7876352497616056,65.14640609001353,58.12613820461758,757.3090875180732,200.6562744633732,0.9757788415375336,0.0022311448504403,0.0,0.0080790247098264,0.0039445487729497,0.0,0.0,0.0099664401292497,0.9387626593993896,0.0148695084501946,0.0,0.0293516486775895,0.008774034641811,0.0,0.0,0.0082421488310151,1.1952241598619404,2.731881750145618,1.0000000000411304,1.0000788310067548,0.0,1.1685991834090603,1.0075989740796196,0.0,0.0,1.0000000000582687,1.4167983026644004,773.2637021553837,185.44864903964933,302.7106577576344,56.27641671412855
10,290.0,62.80628346154821,0.9700000000000002,0.0042042035593084,0.0,0.0114000350327836,0.0046985118218604,0.0,0.0,0.0096972495860474,301.67,78.75,0.9613153445818278,0.7975401074482312,65.14640609001353,58.12613820461758,755.6851658101863,202.6495942414655,0.9742815249999168,0.0026699893037864,0.0,0.0089926111347593,0.0041782745418674,0.0,0.0,0.00987760001967,0.9329702940059336,0.0174731913183405,0.0,0.0322211674911173,0.0091978977943045,0.0,0.0,0.0081374493903039,1.1690914723138548,2.7567255627058302,1.0000000000118887,1.0000334137587277,0.0,1.1661951265835298,1.0071291434710472,0.0,0.0,1.0000000000299731,1.4167983026644004,773.2637021553837,185.44864903964933,302.7106577576344,56.27641671412855
10,290.0,63.58629100436998,0.9700000000000002,0.0042042035593084,0.0,0.0114000350327836,0.0046985118218604,0.0,0.0,0.0096972495860474,301.67,78.75,0.9613153445818278,0.807444965134857,65.14640609001353,58.12613820461758,754.1216912329493,204.57601479517356,0.9728180863167212,0.003145471595704,0.0,0.0098517769164764,0.0043784404921351,0.0,0.0,0.009806224678963,0.927356155397468,0.0202251469434027,0.0,0.034828585863416,0.0095418950658518,0.0,0.0,0.0080482167298613,1.1442411197171176,2.7810522730232887,1.0000000000010545,1.0000077049030909,0.0,1.1639021114991834,1.0066923359536355,0.0,0.0,1.0000000000006626,1.4167983026644004,773.2637021553837,185.44864903964933,302.7106577576344,56.27641671412855
10,290.0,64.36629854719175,0.9700000000000002,0.0042042035593084,0.0,0.0114000350327836,0.0046985118218604,0.0,0.0,0.0096972495860474,301.67,78.75,0.9613153445818278,0.8173498228214825,65.14640609001353,58.12613820461758,752.6147258153775,206.4354526598444,0.971390855275825,0.003657160706175,0.0,0.0106544035361999,0.0045503737822738,0.0,0.0,0.0097472066995261,0.921914112196172,0.0231170564756956,0.0,0.0371786714667279,0.0098200721127493,0.0,0.0,0.007970087748655,1.1206058235277785,2.804857861587283,1.0000000000009936,1.0000000005693297,0.0,1.1617148149146472,1.0062862317626604,0.0,0.0,1.000000000000759,1.4167983026644004,773.2637021553837,185.44864903964933,302.7106577576344,56.27641671412855
10,290.0,65.14630609001352,0.9700000000000002,0.0042042035593084,0.0,0.0114000350327836,0.0046985118218604,0.0,0.0,0.0096972495860474,301.67,78.75,0.9613153445818278,0.8272546805081082,65.14640609001353,58.12613820461758,751.1603479444597,208.2289589572483,0.9700001757044447,0.0042041313391001,0.0,0.0113999432319648,0.0046984942215989,0.0,0.0,0.0096972555028912,0.9166367652199456,0.0261382185756192,0.0,0.0392808815107863,0.0100438910234594,0.0,0.0,0.0079002436701893,1.0981128432615634,2.828152516061994,1.0000000000008176,1.0000000000001488,0.0,1.1596285226561776,1.005908128679861,0.0,0.0,1.000000000000731,1.4167983026644004,773.2637021553837,185.44864903964933,302.7106577576344,56.27641671412855
10,295.0,65.69834016682182,0.9700000000000002,0.0042042035593084,0.0,0.0114000350327836,0.0046985118218604,0.0,0.0,0.0096972495860474,301.67,78.75,0.977889747074618,0.8342646370390072,71.23723315663784,65.69824016682182,696.3346632970374,237.2235854499162,0.9815831180745342,0.0009037695648083,0.0,0.0039066168998942,0.0024713976113065,0.0,0.0,0.0111350978494566,0.9699993817663504,0.0042043797156198,0.0,0.0114004349840931,0.0046986306911439,0.0,0.0,0.0096971728427927,0.6313495099683614,3.486757063041426,1.0000000000004907,1.000000000000834,0.0,1.1150880088862674,1.0000000030144145,0.0,0.0,1.000000000000974,0.7007191954812403,705.9625820508377,229.82343987692175,302.7106577576344,63.31231171729296
10,295.0,66.31376161013472,0.9700000000000002,0.0042042035593084,0.0,0.0114000350327836,0.0046985118218604,0.0,0.0,0.0096972495860474,301.67,78.75,0.977889747074618,0.8420795125096472,71.23723315663784,65.69824016682182,694.1787388355639,239.6282177975022,0.9804466226286148,0.0011681129330406,0.0,0.0048109145474026,0.002857714865634,0.0,0.0,0.0107166350253079,0.9661252379015328,0.0053303214736236,0.0,0.013844009054498,0.0053812827546805,0.0,0.0,0.0093191488156647,0.6109245427607294,3.531538067678247,1.0000000000006315,1.0000000000002305,0.0,1.112735946936375,1.0000000036488097,0.0,0.0,1.000000000000734,0.7007191954812403,705.9625820508377,229.82343987692175,302.7106577576344,63.31231171729296
10,295.0,66.9291830534476,0.9700000000000002,0.0042042035593084,0.0,0.0114000350327836,0.0046985118218604,0.0,0.0,0.0096972495860474,301.67,78.75,0.977889747074618,0.849894387980287,71.23723315663784,65.69824016682182,692.0736243123355,241.98597540751285,0.9791928069950768,0.0014568560736358,0.0,0.0057095428302644,0.0031979337928305,0.0,0.0,0.0104428603081923,0.9622351258096852,0.0065248013478565,0.0,0.0162066143569436,0.0059660027649866,0.0,0.0,0.0090674557205277,0.5914735462994501,3.576086267298723,1.0000000000001843,1.0000000000002416,0.0,1.1104622774199409,1.0000000104700866,0.0,0.0,1.000000000000219,0.7007191954812403,705.9625820508377,229.82343987692175,302.7106577576344,63.31231171729296
10,295.0,67.5446044967605,0.9700000000000002,0.0042042035593084,0.0,0.0114000350327836,0.0046985118218604,0.0,0.0,0.0096972495860474,301.67,78.75,0.977889747074618,0.857709263450927,71.23723315663784,65.69824016682182,690.0165120820673,244.30492748791195,0.9778878976489064,0.0017704632089231,0.0,0.0065952504230486,0.0034976457777191,0.0,0.0,0.0102487429414026,0.9583905932697582,0.0077861822893876,0.0,0.0184717163943382,0.0064659463089072,0.0,0.0,0.0088855617376087,0.5728738613578788,3.620573594435774,1.000000000000998,1.000000000001048,0.0,1.1081490243422112,1.0000000032087244,0.0,0.0,1.0000000000001452,0.7007191954812403,705.9625820508377,229.82343987692175,302.7106577576344,63.31231171729296
10,295.0,68.16002594007338,0.9700000000000002,0.0042042035593084,0.0,0.0114000350327836,0.0046985118218604,0.0,0.0,0.0096972495860474,301.67,78.75,0.977889747074618,0.8655241389215668,71.23723315663784,65.69824016682182,688.0043446006382,246.5877597435181,0.976562731535079,0.0021095478313923,0.0,0.007462584349102,0.003762132996789,0.0,0.0,0.0101030032876375,0.9546182696033904,0.0091136577261139,0.0,0.0206286320800053,0.006893196544122,0.0,0.0,0.0087462440463684,0.5550409507128576,3.665069800361744,1.0000000000012823,1.0000000000008544,0.0,1.1056869309105046,1.0000000030891854,0.0,0.0,1.0000000000006848,0.7007191954812403,705.9625820508377,229.82343987692175,302.7106577576344,63.31231171729296
10,295.0,68.77544738338628,0.9700000000000002,0.0042042035593084,0.0,0.0114000350327836,0.0046985118218604,0.0,0.0,0.0096972495860474,301.67,78.75,0.977889747074618,0.8733390143922067,71.23723315663784,65.69824016682182,686.0343783578444,248.83499605987137,0.975233210428633,0.0024747115831803,0.0,0.0083072164415889,0.0039960594916416,0.0,0.0,0.009988802054956,0.9509301168921648,0.0105064935723852,0.0,0.0226703039837745,0.0072582567449397,0.0,0.0,0.0086348288067358,0.5379243597850524,3.709611823628365,1.0000000000010354,1.000000000001595,0.0,1.103298379904008,1.000000002011836,0.0,0.0,1.0000000000006206,0.7007191954812403,705.9625820508377,229.82343987692175,302.7106577576344,63.31231171729296
10,295.0,69.39086882669916,0.9700000000000002,0.0042042035593084,0.0,0.0114000350327836,0.0046985118218604,0.0,0.0,0.0096972495860474,301.67,78.75,0.977889747074618,0.8811538898628465,71.23723315663784,65.69824016682182,684.104215571406,251.04627698849788,0.9739081086270096,0.0028664673736603,0.0,0.0091256816541657,0.0042034520226638,0.0,0.0,0.0098962903225005,0.947331166701042,0.0119636906884177,0.0,0.0245923340509056,0.0075700870855168,0.0,0.0,0.0085427214741177,0.5214848309217547,3.754197598629276,1.000000000000234,1.0000000000002118,0.0,1.1009790357349638,1.000000001483706,0.0,0.0,1.0000000000003213,0.7007191954812403,705.9625820508377,229.82343987692175,302.7106577576344,63.31231171729296
10,295.0,70.00629027001206,0.9700000000000002,0.0042042035593084,0.0,0.0114000350327836,0.0046985118218604,0.0,0.0,0.0096972495860474,301.67,78.75,0.977889747074618,0.8889687653334865,71.23723315663784,65.69824016682182,682.211853316335,253.22099625207656,0.972592490287338,0.0032851840974153,0.0,0.0099152368090809,0.0043877575274801,0.0,0.0,0.0098193312786854,0.9438229045009284,0.0134837986794825,0.0,0.0263924556750334,0.0078362843645268,0.0,0.0,0.0084645567800287,0.5056898482675746,3.7988330850353065,1.000000000000103,1.0000000000003233,0.0,1.0987258949664296,1.0000000007122776,0.0,0.0,1.000000000000162,0.7007191954812403,705.9625820508377,229.82343987692175,302.7106577576344,63.31231171729296
10,295.0,70.62171171332494,0.9700000000000002,0.0042042035593084,0.0,0.0114000350327836,0.0046985118218604,0.0,0.0,0.0096972495860474,301.67,78.75,0.977889747074618,0.8967836408041262,71.23723315663784,65.69824016682182,680.3554686005705,255.35859561077203,0.9712893002185936,0.0037310645243093,0.0,0.0106738057761332,0.0045519268502806,0.0,0.0,0.009753902630683,0.9404048666688976,0.0150648337081353,0.0,0.0280702033687202,0.0080632842120887,0.0,0.0,0.0083968120421581,0.4905128847557757,3.843510890269573,1.0000000000004865,1.0000000000002522,0.0,1.0965364892073048,1.000000000088946,0.0,0.0,1.0000000000003548,0.7007191954812403,705.9625820508377,229.82343987692175,302.7106577576344,63.31231171729296
10,295.0,71.23713315663784,0.9700000000000002,0.0042042035593084,0.0,0.0114000350327836,0.0046985118218604,0.0,0.0,0.0096972495860474,301.67,78.75,0.977889747074618,0.9045985162747662,71.23723315663784,65.69824016682182,678.5333819823402,257.45875098604404,0.9700002069548748,0.0042041249873472,0.0,0.011399920465062,0.0046984894569835,0.0,0.0,0.0096972581357324,0.9370754797088576,0.016704243173445,0.0,0.0296266522243464,0.0082565475644805,0.0,0.0,0.0083370773288701,0.4759288169600273,3.888226617634832,1.0000000000007152,1.0000000000007951,0.0,1.0944086306933138,1.000000000054979,0.0,0.0,1.0000000000005185,0.7007191954812403,705.9625820508377,229.82343987692175,302.7106577576344,63.31231171729296
11,200.0,2.6490848964652565,0.9900000000000002,0.0,0.0011844939024024,0.0063412403989464,0.0,0.0005551384020748,0.0010424117455052,0.000876715551071,302.09,76.64,0.6620543546625178,0.0345653039726677,6.833772830550521,2.6489848964652563,1221.521867494987,7.305616456671085,0.9989789652555336,0.0,4.70129056869828e-06,3.760810806742868e-05,0.0,4.828823733270853e-06,1.2880635809555936e-05,0.0009610158862873,0.9899645124753936,0.0,0.0011891567915162,0.0063661542169274,0.0,0.0005573133881836,0.0010464807567496,0.0008763823712295,22.52915079475045,0.6827083034224807,1.000000011469991,0.0,5.253666658033194,5.381848581953484,0.0,4.157791812595856,4.328849204334445,1.0024167261927484,22.53960113748808,1221.920496490378,7.249541730897533,302.7106577576344,2.6239816647333654
11,200.0,3.114039111363619,0.9900000000000002,0.0,0.0011844939024024,0.0063412403989464,0.0,0.0005551384020748,0.0010424117455052,0.000876715551071,302.09,76.64,0.6620543546625178,0.0406320343340764,6.833772830550521,2.6489848964652563,1221.252638631726,8.377102036278858,0.9979668614533972,0.0,9.548542874137586e-05,0.0007358227964427,0.0,8.984102267182996e-05,0.0002250238932748,0.000886965405472,0.848063341521758,0.0,0.0205861396709541,0.1062066953875284,0.0,0.0088448213113942,0.0156048967472771,0.0006941053610882,22.39608813255528,0.6870661994660345,1.00000000976652,0.0,5.207247156898394,5.33927851138786,0.0,4.131993361948174,4.292909764724437,1.0024470791803637,22.53960113748808,1221.920496490378,7.249541730897533,302.7106577576344,2.6239816647333654
11,200.0,3.578993326261982,0.9900000000000002,0.0,0.0011844939024024,0.0063412403989464,0.0,0.0005551384020748,0.0010424117455052,0.000876715551071,302.09,76.64,0.6620543546625178,0.0466987646954851,6.833772830550521,2.6489848964652563,1220.974803504097,9.454683913438084,0.9969102855226096,0.0,0.0001949375870914,0.001444194474111,0.0,0.0001679615080946,0.0003983689873508,0.0008842519207424,0.7425925099701359,0.0,0.0366133692235823,0.1816691392043469,0.0,0.0144171507927032,0.0241009383064611,0.0006068925027703,22.26530208461137,0.6913778227821872,1.0000000070750237,0.0,5.162777731521528,5.298264680708035,0.0,4.107082262165406,4.257981759903017,1.0024736490016126,22.53960113748808,1221.920496490378,7.249541730897533,302.7106577576344,2.6239816647333654
11,200.0,4.043947541160344,0.9900000000000002,0.0,0.0011844939024024,0.0063412403989464,0.0,0.0005551384020748,0.0010424117455052,0.000876715551071,302.09,76.64,0.6620543546625178,0.0527654950568938,6.833772830550521,2.6489848964652563,1220.7110208052377,10.536834215029357,0.9958749446251688,0.0,0.0003035140434716,0.0021576372672648,0.0,0.000239485081252,0.0005416927242376,0.0008827262586048,0.6611592022853893,0.0,0.0504959577654309,0.2405118545779706,0.0,0.0182233372436298,0.0290693724897966,0.0005402756377829,22.136585562501093,0.6956527113312504,1.0000000043236197,0.0,5.119378491533421,5.258460202812487,0.0,4.08286179901479,4.224118416382519,1.0024997120320422,22.53960113748808,1221.920496490378,7.249541730897533,302.7106577576344,2.6239816647333654
11,200.0,4.508901756058707,0.9900000000000002,0.0,0.0011844939024024,0.0063412403989464,0.0,0.0005551384020748,0.0010424117455052,0.000876715551071,302.09,76.64,0.6620543546625178,0.0588322254183025,6.833772830550521,2.6489848964652563,1220.457647671228,11.622190412041592,0.9948584505288264,0.0,0.0004217831186076,0.0028719068357816,0.0,0.0003048347101297,0.0006615046626006,0.000881520144054,0.5963949098561662,0.0,0.062975150208981,0.2874076713045345,0.0,0.0208333745695131,0.0319014203560791,0.000487473704726,22.00961527176294,0.6998989030727266,1.0000000034080718,0.0,5.076837643470378,5.219404747326515,0.0,4.059214235219078,4.191146756435504,1.0025251387794398,22.53960113748808,1221.920496490378,7.249541730897533,302.7106577576344,2.6239816647333654
11,200.0,4.97385597095707,0.9900000000000002,0.0,0.0011844939024024,0.0063412403989464,0.0,0.0005551384020748,0.0010424117455052,0.000876715551071,302.09,76.64,0.6620543546625178,0.0648989557797112,6.833772830550521,2.6489848964652563,1220.2116502634497,12.709585674821154,0.9938586338139828,0.0,0.0005504096588768,0.0035833585769093,0.0,0.0003644811052485,0.000762665217002,0.0008804516279805,0.5436634043737444,0.0,0.0745304023868729,0.325351450470454,0.0,0.0226088840797193,0.033401303309116,0.0004445553800932,21.884159405630918,0.7041230120611779,1.0000000025590194,0.0,5.035007784400942,5.180961840413986,0.0,4.036050346146072,4.158935865867681,1.002550245061285,22.53960113748808,1221.920496490378,7.249541730897533,302.7106577576344,2.6239816647333654
11,200.0,5.4388101858554325,0.9900000000000002,0.0,0.0011844939024024,0.0063412403989464,0.0,0.0005551384020748,0.0010424117455052,0.000876715551071,302.09,76.64,0.6620543546625178,0.0709656861411199,6.833772830550521,2.6489848964652563,1219.970587399865,13.797991319553796,0.9928738778012453,0.0,0.0006901427040319,0.0042887826629239,0.0,0.0004188979571575,0.0008488405596266,0.0008794583150146,0.4999020690316914,0.0,0.0854888785175369,0.3563579632355061,0.0,0.0237889586219937,0.0340531534176311,0.0004089771756404,21.760037089864067,0.708348142905772,1.00000000171585,0.0,4.99378253657338,5.143034038138765,0.0,4.013303000638555,4.127386556656622,1.0025756682179898,22.53960113748808,1221.920496490378,7.249541730897533,302.7106577576344,2.6239816647333654
11,200.0,5.903764400753795,0.9900000000000002,0.0,0.0011844939024024,0.0063412403989464,0.0,0.0005551384020748,0.0010424117455052,0.000876715551071,302.09,76.64,0.6620543546625178,0.0770324165025286,6.833772830550521,2.6489848964652563,1219.7324714061372,14.8864757935713,0.9919030324959052,0.0,0.0008418027496877,0.0049852863770448,0.0,0.0004685378721575,0.0009228276687485,0.0008785128364559,0.4630065437434547,0.0,0.0960835538954485,0.3818360877357636,0.0,0.0245368164201525,0.0341579923038083,0.0003790059013722,21.63711386500844,0.7125585762323056,1.0000000008933456,0.0,4.9534102116512,5.105549762802241,0.0,3.990921380493569,4.096424926624759,1.0026011133733903,22.53960113748808,1221.920496490378,7.249541730897533,302.7106577576344,2.6239816647333654
11,200.0,6.368718615652158,0.9900000000000002,0.0,0.0011844939024024,0.0063412403989464,0.0,0.0005551384020748,0.0010424117455052,0.000876715551071,302.09,76.64,0.6620543546625178,0.0830991468639373,6.833772830550521,2.6489848964652563,1219.495654684963,15.974177292474163,0.9909453106866936,0.0,0.0010062673818937,0.0056702142524079,0.0,0.0005138208221311,0.000986785602552,0.0008776012543213,0.4314831580516314,0.0,0.1064858670774837,0.402802858261677,0.0,0.0249667573459135,0.0339079427601006,0.0003534165031936,21.515290481931423,0.7167567680361835,1.0000000001065783,0.0,4.913570462835257,5.068491090813632,0.0,3.9688665806524814,4.06613101903993,1.0026267499015882,22.53960113748808,1221.920496490378,7.249541730897533,302.7106577576344,2.6239816647333654
11,200.0,6.833672830550522,0.9900000000000002,0.0,0.0011844939024024,0.0063412403989464,0.0,0.0005551384020748,0.0010424117455052,0.000876715551071,302.09,76.64,0.6620543546625178,0.089165877225346,6.833772830550521,2.6489848964652563,1219.2587475624698,17.060287121919067,0.9900002018382078,0.0,0.0011844540554693,0.0063410978575646,0.0,0.0005551299236447,0.0010424005861111,0.0008767157390022,0.4042424199219551,0.0,0.1168248541905533,0.420012644890724,0.0,0.0251605129429753,0.033428250429745,0.0003313176240473,21.39448251966537,0.720944567210723,1.0,0.0,4.874135069842977,5.032084880837947,0.0,3.947108115266562,4.036307570000071,1.0026527228451536,22.53960113748808,1221.920496490378,7.249541730897533,302.7106577576344,2.6239816647333654
11,205.0,3.3869348849472662,0.9900000000000002,0.0,0.0011844939024024,0.0063412403989464,0.0,0.0005551384020748,0.0010424117455052,0.000876715551071,302.09,76.64,0.6786057135290808,0.0441927829455541,7.336220815321207,3.386834884947266,1205.8720684286964,9.194792974166246,0.9989332552652131,0.0,6.396217084651842e-06,5.214741813244448e-05,0.0,5.950788275318437e-06,1.5272516370591714e-05,0.0009869777949236,0.9899725748765044,0.0,0.0011881106662304,0.0063605479353991,0.0,0.0005568244098831,0.0010455650663686,0.0008763770456141,21.146480947267086,0.7105567496233881,1.0,0.0,4.774542245351796,4.635394128955787,0.0,3.7982011383070646,3.972803709447308,1.000419254133349,21.15779579629945,1206.2779501886548,9.12387059747945,302.7106577576344,3.35468958110042
11,205.0,3.825733321655482,0.9900000000000002,0.0,0.0011844939024024,0.0063412403989464,0.0,0.0005551384020748,0.0010424117455052,0.000876715551071,302.09,76.64,0.6786057135290808,0.049918232276298,7.336220815321207,3.386834884947266,1205.6188261193436,10.19023198565537,0.9979677538249933,0.0,9.673940791106006e-05,0.0007582689485905,0.0,8.368168839447635e-05,0.0002041560350331,0.0008894000950777,0.881953036120336,0.0,0.0159350212351609,0.0820492916122807,0.0,0.006948341258576,0.0124096033606878,0.0007047064129582,21.029928396383127,0.7144798039763949,1.0,0.0,4.737840125567369,4.60965750003781,0.0,3.777795106177357,3.9444986580358448,1.0004137272609028,21.15779579629945,1206.2779501886548,9.12387059747945,302.7106577576344,3.35468958110042
11,205.0,4.264531758363698,0.9900000000000002,0.0,0.0011844939024024,0.0063412403989464,0.0,0.0005551384020748,0.0010424117455052,0.000876715551071,302.09,76.64,0.6786057135290808,0.0556436816070419,7.336220815321207,3.386834884947266,1205.341554894267,11.189638147295035,0.9969260185015536,0.0,0.0001954595921847,0.0014700856035673,0.0,0.0001570242963855,0.0003660373193731,0.0008853746869357,0.7958004742734148,0.0,0.028916154441357,0.1429241777375099,0.0,0.0117179111397706,0.0200073614837966,0.0006339209241508,20.914750738960176,0.7183693675282172,1.0,0.0,4.702111515128331,4.58420132841859,0.0,3.75765487549407,3.91676895972326,1.0004060484239798,21.15779579629945,1206.2779501886548,9.12387059747945,302.7106577576344,3.35468958110042
11,205.0,4.7033301950719135,0.9900000000000002,0.0,0.0011844939024024,0.0063412403989464,0.0,0.0005551384020748,0.0010424117455052,0.000876715551071,302.09,76.64,0.6786057135290808,0.0613691309377859,7.336220815321207,3.386834884947266,1205.072961942887,12.192119795899522,0.995897857207542,0.0,0.0003031860250035,0.002183935290244,0.0,0.0002259889775426,0.0005056440724691,0.0008833884271985,0.7255403810476274,0.0,0.0407022945603411,0.1927545912529254,0.0,0.0153141819541718,0.0251110470619973,0.0005775041229367,20.800993125516623,0.7222456999438244,1.0,0.0,4.667090308224001,4.559251688907224,0.0,3.7379443501115546,3.889722876141717,1.0003981561903774,21.15779579629945,1206.2779501886548,9.12387059747945,302.7106577576344,3.35468958110042
11,205.0,5.142128631780129,0.9900000000000002,0.0,0.0011844939024024,0.0063412403989464,0.0,0.0005551384020748,0.0010424117455052,0.000876715551071,302.09,76.64,0.6786057135290808,0.0670945802685298,7.336220815321207,3.386834884947266,1204.8112411836366,13.196705832179068,0.9948834449901068,0.0,0.0004206403291326,0.0028965455474757,0.0,0.0002906659427594,0.000626757416266,0.0008819457742593,0.6671538598740591,0.0,0.0516831026204577,0.2340711398781135,0.0,0.018039498896064,0.0285214549400866,0.000530943791219,20.688499171141714,0.7261131193020163,1.0,0.0,4.632665333781929,4.534748285757391,0.0,3.718612311795343,3.8632525057947578,1.0003902226165315,21.15779579629945,1206.2779501886548,9.12387059747945,302.7106577576344,3.35468958110042
11,205.0,5.580927068488345,0.9900000000000002,0.0,0.0011844939024024,0.0063412403989464,0.0,0.0005551384020748,0.0010424117455052,0.000876715551071,302.09,76.64,0.6786057135290808,0.0728200295992738,7.336220815321207,3.386834884947266,1204.554507188064,14.202498789466365,0.993882152937346,0.0,0.0005486265861023,0.0036048979754518,0.0,0.0003511908425211,0.0007324002464517,0.0008807314121269,0.6178713163084957,0.0,0.0621363603631218,0.2686368069616741,0.0,0.0201047898721909,0.030758956388092,0.0004917701064253,20.57715172797322,0.7299580284821197,1.0,0.0,4.59875527889989,4.510720009761326,0.0,3.699616431074676,3.837294135421237,1.0003823648310948,21.15779579629945,1206.2779501886548,9.12387059747945,302.7106577576344,3.35468958110042
11,205.0,6.01972550519656,0.9900000000000002,0.0,0.0011844939024024,0.0063412403989464,0.0,0.0005551384020748,0.0010424117455052,0.000876715551071,302.09,76.64,0.6786057135290808,0.0785454789300177,7.336220815321207,3.386834884947266,1204.3010893634555,15.208655238484983,0.9928934489455764,0.0,0.0006880256382887,0.0043061625028063,0.0,0.0004077248818823,0.000825000342785,0.0008796376886609,0.5757224672872862,0.0,0.0722677068416163,0.2977191307812983,0.0,0.0216614757118068,0.0321708889354083,0.0004583304425841,20.46685241180556,0.7337830648417971,1.0,0.0,4.565408161074095,4.487198478833618,0.0,3.6809358469119737,3.811796403545808,1.000374439421702,21.15779579629945,1206.2779501886548,9.12387059747945,302.7106577576344,3.35468958110042
11,205.0,6.458523941904776,0.9900000000000002,0.0,0.0011844939024024,0.0063412403989464,0.0,0.0005551384020748,0.0010424117455052,0.000876715551071,302.09,76.64,0.6786057135290808,0.0842709282607616,7.336220815321207,3.386834884947266,1204.049524151165,16.214370452694542,0.9919169849897652,0.0,0.000839786527206,0.0049976505020143,0.0,0.0004604414585,0.000906518713084,0.0008786178094303,0.5392674699707766,0.0,0.0822340734095636,0.3222538202048728,0.0,0.0228208281134511,0.032994362670305,0.0004294456310308,20.357525447188053,0.737595621233809,1.0,0.0,4.532640726912146,4.463987971039487,0.0,3.6626487167798327,3.786717309069165,1.000366676282622,21.15779579629945,1206.2779501886548,9.12387059747945,302.7106577576344,3.35468958110042
11,205.0,6.897322378612992,0.9900000000000002,0.0,0.0011844939024024,0.0063412403989464,0.0,0.0005551384020748,0.0010424117455052,0.000876715551071,302.09,76.64,0.6786057135290808,0.0899963775915056,7.336220815321207,3.386834884947266,1203.798521015213,17.21886875577558,0.9909525850609244,0.0,0.0010049140326817,0.0056767855919755,0.0,0.0005095175336171,0.0009785495797402,0.000877648201061,0.5074297058975106,0.0,0.092157903103184,0.3429475601607477,0.0,0.0236662250776063,0.033394361591654,0.000404244169297,20.249114026045948,0.7414215272890893,1.0,0.0,4.500226535882292,4.441062303358541,0.0,3.6446082138125866,3.7620222612106295,1.000358914048128,21.15779579629945,1206.2779501886548,9.12387059747945,302.7106577576344,3.35468958110042
11,205.0,7.336120815321207,0.9900000000000002,0.0,0.0011844939024024,0.0063412403989464,0.0,0.0005551384020748,0.0010424117455052,0.000876715551071,302.09,76.64,0.6786057135290808,0.0957218269222495,7.336220815321207,3.386834884947266,1203.546932417131,18.221399431561,0.990000215572569,0.0,0.0011844512822601,0.006341090943879,0.0,0.0005551283937396,0.0010423980476475,0.0008767157599046,0.479388079830303,0.0,0.1021358941041478,0.3603451813902635,0.0,0.024261193684986,0.0334875852644346,0.0003820657258647,20.141565177659604,0.7452329850177762,1.0,0.0,4.468134595589013,4.418400402935298,0.0,3.626796734414772,3.737683200892032,1.0003512737967486,21.15779579629945,1206.2779501886548,9.12387059747945,302.7106577576344,3.35468958110042
11,210.0,4.274215124695293,0.9900000000000002,0.0,0.0011844939024024,0.0063412403989464,0.0,0.0005551384020748,0.0010424117455052,0.000876715551071,302.09,76.64,0.6951570723956437,0.055770030332663,8.045703131709546,4.274115124695293,1189.8812734203314,11.443580770443424,0.998885908438638,0.0,8.552717094089636e-06,7.042828175660313e-05,0.0,7.29060497531468e-06,1.801125651483428e-05,0.001009808701021,0.9899785451541576,0.0,0.0011873331885626,0.0063563811477186,0.0,0.0005564611694781,0.0010448851397252,0.0008763942003577,19.781558957386537,0.7404538193899143,1.0,0.0,4.352048871207177,3.995791632372285,0.0,3.478620858445505,3.658383172083416,1.0000000011386283,19.793904820789816,1190.2941504876192,11.354703713715036,302.7106577576344,4.233266563955471
11,210.0,4.693258236585765,0.9900000000000002,0.0,0.0011844939024024,0.0063412403989464,0.0,0.0005551384020748,0.0010424117455052,0.000876715551071,302.09,76.64,0.6951570723956437,0.0612377118552422,8.045703131709546,4.274115124695293,1189.6379783751684,12.381622033010048,0.9979573924541154,0.0,9.904892348681378e-05,0.0007831657773711,0.0,7.942654165723403e-05,0.0001883767906104,0.0008925895127587,0.9067481913001936,0.0,0.0125406332734235,0.0644909128956603,0.0,0.0055321296750426,0.0099774938214272,0.0007106390342525,19.678339968004604,0.7440581948240294,1.0,0.0,4.322374739089923,3.9760928768159354,0.0,3.462130883086606,3.635825389274659,1.0000000010360937,19.793904820789816,1190.2941504876192,11.354703713715036,302.7106577576344,4.233266563955471
11,210.0,5.112301348476239,0.9900000000000002,0.0,0.0011844939024024,0.0063412403989464,0.0,0.0005551384020748,0.0010424117455052,0.000876715551071,302.09,76.64,0.6951570723956437,0.0667053933778214,8.045703131709546,4.274115124695293,1189.3595902767154,13.322079774205648,0.9969287915840986,0.0,0.0001976463335579,0.0014978218948705,0.0,0.0001488744735588,0.0003400082611076,0.0008868574528063,0.8368572488139855,0.0,0.0229961691216287,0.1133922933649072,0.0,0.0095345361751805,0.016567197090493,0.0006525554338048,19.575967217318567,0.7476332529197756,1.0,0.0,4.2933441745071805,3.956458237697869,0.0,3.4457921879817976,3.613474901224028,1.000000001033121,19.793904820789816,1190.2941504876192,11.354703713715036,302.7106577576344,4.233266563955471
11,210.0,5.531344460366711,0.9900000000000002,0.0,0.0011844939024024,0.0063412403989464,0.0,0.0005551384020748,0.0010424117455052,0.000876715551071,302.09,76.64,0.6951570723956437,0.0721730749004007,8.045703131709546,4.274115124695293,1189.0857305860038,14.264504310939564,0.9959081049968967,0.0,0.0003050536939204,0.0022116945437593,0.0,0.0002155324717317,0.0004753547232689,0.0008842595704226,0.7774071261470418,0.0,0.032829618930009,0.1549357595422109,0.0,0.0127752666406673,0.0214469715932094,0.0006052571468614,19.474584791058767,0.7512051275645114,1.0,0.0,4.264787032318141,3.937127936192693,0.0,3.4297392339004267,3.5915354170747005,1.0000000010261485,19.793904820789816,1190.2941504876192,11.354703713715036,302.7106577576344,4.233266563955471
11,210.0,5.950387572257183,0.9900000000000002,0.0,0.0011844939024024,0.0063412403989464,0.0,0.0005551384020748,0.0010424117455052,0.000876715551071,302.09,76.64,0.6951570723956437,0.0776407564229799,8.045703131709546,4.274115124695293,1188.815853494113,15.20820030714054,0.9948973074791012,0.0,0.0004220702894992,0.0029222728917211,0.0,0.0002793429796326,0.0005965045861729,0.0008825017738729,0.726227327195203,0.0,0.0422492044690093,0.1904894078281095,0.0,0.0154096877713624,0.0250593075074722,0.0005650652288435,19.37412564028284,0.7547739703018075,1.0,0.0,4.2366455059987,3.9180805928563087,0.0,3.4139331694445816,3.569976537132378,1.0,19.793904820789816,1190.2941504876192,11.354703713715036,302.7106577576344,4.233266563955471
11,210.0,6.369430684147655,0.9900000000000002,0.0,0.0011844939024024,0.0063412403989464,0.0,0.0005551384020748,0.0010424117455052,0.000876715551071,302.09,76.64,0.6951570723956437,0.0831084379455591,8.045703131709546,4.274115124695293,1188.548870532081,16.152483822781978,0.9938967302403602,0.0,0.0005495734854155,0.0036271070644999,0.0,0.0003402739405979,0.0007052212321544,0.000881094036972,0.6817092461221301,0.0,0.0514163760013944,0.2210705545134064,0.0,0.0175541921533901,0.0277193206279056,0.0005303105817732,19.274528577245263,0.7583188988089432,1.0,0.0,4.209000047028115,3.899294822111957,0.0,3.398356015726077,3.54876798639241,1.0,19.793904820789816,1190.2941504876192,11.354703713715036,302.7106577576344,4.233266563955471
11,210.0,6.7884737960381285,0.9900000000000002,0.0,0.0011844939024024,0.0063412403989464,0.0,0.0005551384020748,0.0010424117455052,0.000876715551071,302.09,76.64,0.6951570723956437,0.0885761194681384,8.045703131709546,4.274115124695293,1188.2836878074606,17.096678618721047,0.9929065236249008,0.0,0.0006885156124587,0.004323784387199,0.0,0.0003983121106394,0.0008029958227025,0.0008798684420994,0.6426360122430429,0.0,0.0604597721625604,0.2474511214131677,0.0,0.0192977371242809,0.0296554493154644,0.0004999077414835,19.175752755338937,0.7618557722525949,1.0,0.0,4.181772885794678,3.880752113909596,0.0,3.382991885298312,3.5278842317956736,1.0,19.793904820789816,1190.2941504876192,11.354703713715036,302.7106577576344,4.233266563955471
11,210.0,7.207516907928601,0.9900000000000002,0.0,0.0011844939024024,0.0063412403989464,0.0,0.0005551384020748,0.0010424117455052,0.000876715551071,302.09,76.64,0.6951570723956437,0.0940438009907176,8.045703131709546,4.274115124695293,1188.019271534818,18.040112396077603,0.9919268649500272,0.0,0.0008399172594324,0.0050099152495715,0.0,0.0004534581470468,0.0008910924186523,0.0008787519752694,0.6080702516470764,0.0,0.0694840758403975,0.2702272378423586,0.0,0.020709490275423,0.0310358746630918,0.0004730697316527,19.07775763104694,0.7654015049353575,1.0,0.0,4.154844792704579,3.862436808116533,0.0,3.3678272606939776,3.507303476345814,1.0,19.793904820789816,1190.2941504876192,11.354703713715036,302.7106577576344,4.233266563955471
11,210.0,7.626560019819074,0.9900000000000002,0.0,0.0011844939024024,0.0063412403989464,0.0,0.0005551384020748,0.0010424117455052,0.000876715551071,302.09,76.64,0.6951570723956437,0.0995114825132968,8.045703131709546,4.274115124695293,1187.7546545197824,18.98211521039419,0.9909579969348816,0.0,0.0010048559859419,0.00568312977225,0.0,0.00050572323251,0.0009705861836395,0.000877707890777,0.5772782118695076,0.0,0.0785756414083085,0.2898667765964834,0.0,0.0218440553087588,0.0319861165188018,0.0004491982981398,18.980515282598883,0.7689274818682243,1.0,0.0,4.128191865325882,3.8443357018386313,0.0,3.3528509079231177,3.487006728116388,1.0,19.793904820789816,1190.2941504876192,11.354703713715036,302.7106577576344,4.233266563955471
11,210.0,8.045603131709546,0.9900000000000002,0.0,0.0011844939024024,0.0063412403989464,0.0,0.0005551384020748,0.0010424117455052,0.000876715551071,302.09,76.64,0.6951570723956437,0.1049791640358761,8.045703131709546,4.274115124695293,1187.4889333405056,19.922021545677037,0.9900002271223056,0.0,0.0011844492222874,0.0063410854492114,0.0,0.0005551269562793,0.001042395467304,0.0008767157826121,0.5496773686133278,0.0,0.0878059543979678,0.3067427130701661,0.0,0.022745133257943,0.0326010045829176,0.0004278260776774,18.883995944500636,0.772442545874891,1.0,0.0,4.101793720737144,3.826441069625365,0.0,3.3380532568948675,3.4670447278152583,1.0,19.793904820789816,1190.2941504876192,11.354703713715036,302.7106577576344,4.233266563955471
11,215.0,5.329812191861077,0.9900000000000002,0.0,0.0011844939024024,0.0063412403989464,0.0,0.0005551384020748,0.0010424117455052,0.000876715551071,302.09,76.64,0.7117084312622067,0.0695434784950558,8.968165871450976,5.329712191861077,1173.4885002961587,14.099836753820966,0.9988362042365548,0.0,1.1258042597606806e-05,9.287516943413898e-05,0.0,8.885618512339983e-06,2.1142676480570025e-05,0.0010296342564204,0.9899830287188784,0.0,0.0011867472812363,0.0063532413396244,0.0,0.0005561875640571,0.0010443732488846,0.000876421847319,18.43466445429384,0.7726164790916258,1.0,0.0,3.977385162540434,3.491437523381615,0.0,3.1938901337825945,3.3787815344469165,1.0000000014676254,18.448205290897207,1173.908539729092,13.989350648063478,302.7106577576344,5.278346606766283
11,215.0,5.734062600704399,0.9900000000000002,0.0,0.0011844939024024,0.0063412403989464,0.0,0.0005551384020748,0.0010424117455052,0.000876715551071,302.09,76.64,0.7117084312622067,0.074818144581216,8.968165871450976,5.329712191861077,1173.2498603322551,14.99499818497358,0.9979370854972608,0.0,0.0001023831223426,0.0008105382584788,0.0,7.67288876722096e-05,0.0001766930857951,0.0008965711484504,0.9250177962148678,0.0,0.0100439100258903,0.0516219941076943,0.0,0.0044719545392305,0.0081301905511246,0.0007141545611921,18.34240957456932,0.7759797098886431,1.0,0.0,3.9531266848557625,3.4759649795343286,0.0,3.1804944501466017,3.3605293508428127,1.0000000010635863,18.448205290897207,1173.908539729092,13.989350648063478,302.7106577576344,5.278346606766283
11,215.0,6.138313009547721,0.9900000000000002,0.0,0.0011844939024024,0.0063412403989464,0.0,0.0005551384020748,0.0010424117455052,0.000876715551071,302.09,76.64,0.7117084312622067,0.0800928106673763,8.968165871450976,5.329712191861077,1172.9685275716122,15.891433903458502,0.996920473587198,0.0,0.0002013379725883,0.0015270337739488,0.0,0.000143050198483,0.0003193694933347,0.0008887349744471,0.8683456836543562,0.0,0.0184672941321371,0.0909696994677289,0.0,0.00779919591496,0.0137526995268978,0.0006654273039196,18.25069665216217,0.7793426271408208,1.0,0.0,3.929301270881352,3.4604708223893184,0.0,3.1670590107178493,3.342362199274872,1.0000000004883656,18.448205290897207,1173.908539729092,13.989350648063478,302.7106577576344,5.278346606766283
11,215.0,6.542563418391044,0.9900000000000002,0.0,0.0011844939024024,0.0063412403989464,0.0,0.0005551384020748,0.0010424117455052,0.000876715551071,302.09,76.64,0.7117084312622067,0.0853674767535365,8.968165871450976,5.329712191861077,1172.6885112802331,16.789024086466423,0.9959074410032388,0.0,0.0003088463278553,0.0022402870771113,0.0,0.0002077126883382,0.0004503487953177,0.0008853641081384,0.8185582872155588,0.0,0.0265969389684784,0.1253563031239055,0.0,0.0106378898668292,0.0182248577827488,0.0006257230424789,18.15968950714923,0.7826779242737849,1.0,0.0,3.905898516671853,3.445196977887645,0.0,3.153793920107532,3.3244569859573936,1.0,18.448205290897207,1173.908539729092,13.989350648063478,302.7106577576344,5.278346606766283
11,215.0,6.946813827234365,0.9900000000000002,0.0,0.0011844939024024,0.0063412403989464,0.0,0.0005551384020748,0.0010424117455052,0.000876715551071,302.09,76.64,0.7117084312622067,0.0906421428396968,8.968165871450976,5.329712191861077,1172.410177120154,17.68726808695653,0.99490139285616,0.0,0.0004257268032865,0.0029483684925239,0.0,0.0002706053725926,0.0005707014521934,0.0008832050232434,0.7744790133055034,0.0,0.0345485270806963,0.1555304856726087,0.0,0.0130664471383466,0.0217841622707141,0.0005913645321307,18.069363720095115,0.7860256591888877,1.0,0.0,3.882839619267629,3.4301744890502257,0.0,3.1406954599150008,3.306803362871732,1.0,18.448205290897207,1173.908539729092,13.989350648063478,302.7106577576344,5.278346606766283
11,215.0,7.351064236077688,0.9900000000000002,0.0,0.0011844939024024,0.0063412403989464,0.0,0.0005551384020748,0.0010424117455052,0.000876715551071,302.09,76.64,0.7117084312622067,0.0959168089258571,8.968165871450976,5.329712191861077,1172.1329843978751,18.5856467348346,0.993903263984155,0.0,0.0005528737233479,0.0036493159010597,0.0,0.0003316252970448,0.0006813701575847,0.0008815509368078,0.735183670511254,0.0,0.0424184807172928,0.1820778348483376,0.0,0.0151467184867373,0.0246122478109521,0.0005610476254261,17.979692927145624,0.7893597035046789,1.0,0.0,3.860043913285085,3.4153271603141517,0.0,3.127756551844931,3.2893887888324134,1.0,18.448205290897207,1173.908539729092,13.989350648063478,302.7106577576344,5.278346606766283
11,215.0,7.75531464492101,0.9900000000000002,0.0,0.0011844939024024,0.0063412403989464,0.0,0.0005551384020748,0.0010424117455052,0.000876715551071,302.09,76.64,0.7117084312622067,0.1011914750120173,8.968165871450976,5.329712191861077,1171.8562535578262,19.483626520588263,0.9929136011380372,0.0,0.0006912551292145,0.0043411252797135,0.0,0.0003906758573405,0.0007831846386323,0.0008801579570619,0.6999372279287045,0.0,0.0502887463603425,0.2054621593100721,0.0,0.0169281624940568,0.0268496961517143,0.0005340077551096,17.89066254508047,0.7926750269969105,1.0,0.0,3.8374919105501593,3.400647627815531,0.0,3.1149706265911195,3.272201395204816,1.0,18.448205290897207,1173.908539729092,13.989350648063478,302.7106577576344,5.278346606766283
11,215.0,8.159565053764332,0.9900000000000002,0.0,0.0011844939024024,0.0063412403989464,0.0,0.0005551384020748,0.0010424117455052,0.000876715551071,302.09,76.64,0.7117084312622067,0.1064661410981776,8.968165871450976,5.329712191861077,1171.579281915368,20.38066023705954,0.9919328821801456,0.0,0.000841907454907,0.0050217491785085,0.0,0.0004476658714391,0.0008768756904858,0.0008789196245136,0.6681479819727897,0.0,0.0582299468574578,0.2260550524612629,0.0,0.0184508235208517,0.028606488806956,0.0005097063806816,17.802254738741514,0.7960111778868665,1.0,0.0,3.815166706210556,3.3861287359382803,0.0,3.10233148320617,3.2552303045035225,1.0,18.448205290897207,1173.908539729092,13.989350648063478,302.7106577576344,5.278346606766283
11,215.0,8.563815462607653,0.9900000000000002,0.0,0.0011844939024024,0.0063412403989464,0.0,0.0005551384020748,0.0010424117455052,0.000876715551071,302.09,76.64,0.7117084312622067,0.1117408071843378,8.968165871450976,5.329712191861077,1171.3013718763732,21.276188398816924,0.9909615913535152,0.0,0.0010059257037323,0.0056891032330506,0.0,0.00050250931413,0.000963088181942,0.0008777822136297,0.6393342686975149,0.0,0.0663033697586594,0.2441576011144103,0.0,0.0197475089911687,0.0299695181766319,0.0004877332616145,17.7144592934614,0.7993243166725023,1.0,0.0,3.793053937112072,3.3717647913816937,0.0,3.0898340372524875,3.238466002668825,1.0,18.448205290897207,1173.908539729092,13.989350648063478,302.7106577576344,5.278346606766283
11,215.0,8.968065871450976,0.9900000000000002,0.0,0.0011844939024024,0.0063412403989464,0.0,0.0005551384020748,0.0010424117455052,0.000876715551071,302.09,76.64,0.7117084312622067,0.1170154732704981,8.968165871450976,5.329712191861077,1171.0218411551675,22.169643331351885,0.9900002364576096,0.0,0.0011844478671472,0.0063410812493359,0.0,0.0005551256724662,0.0010423929458035,0.0008767158076374,0.6131000697549644,0.0,0.0745620625801501,0.2600166338571005,0.0,0.0208454076557057,0.0310080629147519,0.0004677632373273,17.6272617844948,0.8026398227939482,1.0,0.0,3.771140885572425,3.357550690987145,0.0,3.0775090551925675,3.221900276453375,1.0,18.448205290897207,1173.908539729092,13.989350648063478,302.7106577576344,5.278346606766283
11,220.0,6.573490363235723,0.9900000000000002,0.0,0.0011844939024024,0.0063412403989464,0.0,0.0005551384020748,0.0010424117455052,0.000876715551071,302.09,76.64,0.7282597901287696,0.0857710120463951,10.113769833917246,6.573390363235723,1156.626237276265,17.21693363677895,0.9987834317945126,0.0,1.4610357191390973e-05,0.0001198670853469,0.0,1.07799962839499e-05,2.472158547810923e-05,0.0010465891811871,0.9899864401119108,0.0,0.0011862999720938,0.0063508449735441,0.0,0.0005559787841982,0.0010439828585965,0.0008764532996563,17.1062453323315,0.8073573120202632,1.0,0.0,3.6437863239065527,3.0886190554391564,0.0,2.939084085401698,3.129072827549967,1.0,17.121140165384258,1157.0541060432145,17.08052563899556,302.7106577576344,6.509407158415541
11,220.0,6.966843637755892,0.9900000000000002,0.0,0.0011844939024024,0.0063412403989464,0.0,0.0005551384020748,0.0010424117455052,0.000876715551071,302.09,76.64,0.7282597901287696,0.0909034921419088,10.113769833917246,6.573390363235723,1156.3875309888474,18.080793029212952,0.9979077245039344,0.0,0.0001067447348186,0.0008404757200634,0.0,7.534835084483387e-05,0.0001683630219932,0.0009013436683457,0.938625340278368,0.0,0.0081863813255594,0.0420784380524307,0.0,0.0036722235518548,0.0067209044305014,0.0007167123612857,17.02316405497688,0.8105614625087434,1.0,0.0,3.62387843919766,3.0763602407765447,0.0,2.928032254433089,3.1140647813039566,1.0,17.121140165384258,1157.0541060432145,17.08052563899556,302.7106577576344,6.509407158415541
11,220.0,7.360196912276061,0.9900000000000002,0.0,0.0011844939024024,0.0063412403989464,0.0,0.0005551384020748,0.0010424117455052,0.000876715551071,302.09,76.64,0.7282597901287696,0.0960359722374225,10.113769833917246,6.573390363235723,1156.1013399720837,18.945079022788235,0.9969025138104244,0.0,0.0002064292002708,0.0015575049476482,0.0,0.0001391952188636,0.0003033283757694,0.0008910284470237,0.8925200357035205,0.0,0.01499710114405,0.0738989988915308,0.0,0.0064292485831448,0.0114800323678879,0.0006745833098659,16.94045492097605,0.8137378170684023,1.0,0.0,3.604259907514394,3.0640453900280558,0.0,2.9169208220331377,3.0990979519352457,1.0,17.121140165384258,1157.0541060432145,17.08052563899556,302.7106577576344,6.509407158415541
11,220.0,7.753550186796231,0.9900000000000002,0.0,0.0011844939024024,0.0063412403989464,0.0,0.0005551384020748,0.0010424117455052,0.000876715551071,302.09,76.64,0.7282597901287696,0.1011684523329362,10.113769833917246,6.573390363235723,1155.8139640498864,19.80993878440381,0.9958973731452776,0.0,0.0003143579919362,0.0022692735324487,0.0,0.0002021809343105,0.0004300946246704,0.0008867197713563,0.85099882127581,0.0,0.0216936111357076,0.1023175641325512,0.0,0.0088743515246196,0.0154747360112997,0.0006409159200118,16.85826183320486,0.8169282691742353,1.0,0.0,3.5848621165533707,3.051851977153962,0.0,2.9059383819390088,3.084304649962837,1.0,17.121140165384258,1157.0541060432145,17.08052563899556,302.7106577576344,6.509407158415541
11,220.0,8.1469034613164,0.9900000000000002,0.0,0.0011844939024024,0.0063412403989464,0.0,0.0005551384020748,0.0010424117455052,0.000876715551071,302.09,76.64,0.7282597901287696,0.1063009324284499,10.113769833917246,6.573390363235723,1155.5264727091517,20.675011688949738,0.9948969887230472,0.0,0.0004313260550401,0.0029742891571253,0.0,0.0002641860931603,0.000549141295543,0.0008840686760837,0.8134165734837764,0.0,0.0283434208983197,0.1277521361185227,0.0,0.011046760614542,0.0188295440383703,0.0006115648464687,16.776580002240635,0.8201044649157495,1.0,0.0,3.5656690014246157,3.0397821348802787,0.0,2.8950680837112737,3.069689600551019,1.0,17.121140165384258,1157.0541060432145,17.08052563899556,302.7106577576344,6.509407158415541
11,220.0,8.54025673583657,0.9900000000000002,0.0,0.0011844939024024,0.0063412403989464,0.0,0.0005551384020748,0.0010424117455052,0.000876715551071,302.09,76.64,0.7282597901287696,0.1114334125239635,10.113769833917246,6.573390363235723,1155.2387068209412,21.53990449407865,0.9939027030074348,0.0,0.0005582002120797,0.003670993913109,0.0,0.0003250886586197,0.0006609028099456,0.0008821113988111,0.7792418689878543,0.0,0.0350063059607775,0.1505428764508721,0.0,0.012978541842728,0.0216450838088938,0.000585322948874,16.69540252959106,0.8232770163389596,1.0,0.0,3.546667808370687,3.0278336358069544,0.0,2.88430830699736,3.0552680249906423,1.0,17.121140165384258,1157.0541060432145,17.08052563899556,302.7106577576344,6.509407158415541
11,220.0,8.933610010356738,0.9900000000000002,0.0,0.0011844939024024,0.0063412403989464,0.0,0.0005551384020748,0.0010424117455052,0.000876715551071,302.09,76.64,0.7282597901287696,0.1165658926194772,10.113769833917246,6.573390363235723,1154.9502780812277,22.40420152938609,0.9929152782743575,0.0,0.0006959176931186,0.0043577569929442,0.0,0.0003847633222965,0.000765771316031,0.000880512401252,0.7480345295740258,0.0,0.0417358791194265,0.170968576196325,0.0,0.0146961165344274,0.0240033181692066,0.0005615804065884,16.614720975004122,0.8264547909017559,1.0,0.0,3.5278475137090464,3.016003753795078,0.0,2.873656786740718,3.0410064343335184,1.0,17.121140165384258,1157.0541060432145,17.08052563899556,302.7106577576344,6.509407158415541
11,220.0,9.326963284876909,0.9900000000000002,0.0,0.0011844939024024,0.0063412403989464,0.0,0.0005551384020748,0.0010424117455052,0.000876715551071,302.09,76.64,0.7282597901287696,0.1216983727149909,10.113769833917246,6.573390363235723,1154.6607278962683,23.26746647737245,0.9919353343228604,0.0,0.0008454822384523,0.0050328767019306,0.0,0.000443081671944,0.0008641006505919,0.0008791244142207,0.7194270401338178,0.0,0.0485806405322857,0.1892594235270387,0.0,0.016221434806929,0.0259715209737011,0.0005399400262275,16.534539076906043,0.8296122228997916,1.0,0.0,3.5091987839981265,3.00428986721789,0.0,2.863111477196787,3.0268996439006366,1.0,17.121140165384258,1157.0541060432145,17.08052563899556,302.7106577576344,6.509407158415541
11,220.0,9.720316559397077,0.9900000000000002,0.0,0.0011844939024024,0.0063412403989464,0.0,0.0005551384020748,0.0010424117455052,0.000876715551071,302.09,76.64,0.7282597901287696,0.1268308528105046,10.113769833917246,6.573390363235723,1154.369570241492,24.12924530091679,0.9909634598942444,0.0,0.0010079560763595,0.0056945879895799,0.0,0.0004999128039328,0.0009562104336492,0.000877872802234,0.6931102941165445,0.0,0.0555845406135197,0.2056068712493409,0.0,0.0175728800720242,0.0276053047902212,0.0005201091583494,16.45484608865012,0.8327955363997035,1.0,0.0,3.4907128359010864,2.992716770783806,0.0,2.852670299455033,3.012943618898091,1.0,17.121140165384258,1157.0541060432145,17.08052563899556,302.7106577576344,6.509407158415541
11,220.0,10.113669833917246,0.9900000000000002,0.0,0.0011844939024024,0.0063412403989464,0.0,0.0005551384020748,0.0010424117455052,0.000876715551071,302.09,76.64,0.7282597901287696,0.1319633329060183,10.113769833917246,6.573390363235723,1154.076307916868,24.98906935437009,0.9900002436441534,0.0,0.0011844471708306,0.0063410781880201,0.0,0.0005551245873861,0.0010423905741731,0.0008767158354366,0.6688223816344591,0.0,0.0627871826117596,0.2201716085408652,0.0,0.0187659953019623,0.0289509740086474,0.0005018579023064,16.37564436485217,0.8359584725192427,1.0,0.0,3.4723821516465887,2.981276832354486,0.0,2.842331576298511,2.999134091354312,1.0,17.121140165384258,1157.0541060432145,17.08052563899556,302.7106577576344,6.509407158415541
11,225.0,8.025859221425783,0.9900000000000002,0.0,0.0011844939024024,0.0063412403989464,0.0,0.0005551384020748,0.0010424117455052,0.000876715551071,302.09,76.64,0.7448111489953326,0.1047215451647414,11.495804846947417,8.025759221425783,1139.2186003737904,20.855051243879704,0.9987268868394568,0.0,1.8720789659099588e-05,0.0001517410252925,0.0,1.302634838592788e-05,2.881434479688317e-05,0.0010608106524088,0.9899890757999962,0.0,0.0011859532015633,0.0063489883313221,0.0,0.0005558170106792,0.001043680553149,0.00087648510329,15.79692298800176,0.8450470573682829,1.0,0.0,3.3457396011685594,2.7632566829627683,0.0,2.710607553086199,2.9048834941748183,1.0,15.813326197117547,1139.6555629264626,20.687604017864448,302.7106577576344,7.946729358776584
11,225.0,8.41139762426152,0.9900000000000002,0.0,0.0011844939024024,0.0063412403989464,0.0,0.0005551384020748,0.0010424117455052,0.000876715551071,302.09,76.64,0.7448111489953326,0.1097520566839968,11.495804846947417,8.025759221425783,1138.975531368782,21.69707103414161,0.997869873665854,0.0,0.000112164965939,0.0008731274632725,0.0,7.51239270142187e-05,0.000162843730921,0.000906866246999,0.9488909755250082,0.0,0.0067859048482453,0.0349044420523553,0.0,0.0030625391103268,0.0056369179058573,0.0007192205582068,15.721648953734714,0.8481400758179164,1.0,0.0,3.329154675371272,2.7533944156387853,0.0,2.701447869926243,2.8924397757125635,1.0,15.813326197117547,1139.6555629264626,20.687604017864448,302.7106577576344,7.946729358776584
11,225.0,8.796936027097257,0.9900000000000002,0.0,0.0011844939024024,0.0063412403989464,0.0,0.0005551384020748,0.0010424117455052,0.000876715551071,302.09,76.64,0.7448111489953326,0.1147825682032523,11.495804846947417,8.025759221425783,1138.6824874375004,22.53888780875697,0.9968759557351242,0.0,0.0002128591439216,0.0015891670079138,0.0,0.0001370421766246,0.000291231318639,0.0008937446177765,0.9111833119012702,0.0,0.0123220050579597,0.0608126041935144,0.0,0.0053476299575724,0.0096529316049832,0.0006815172846998,15.646655096413957,0.8512090579741198,1.0,0.0,3.3127664422271663,2.7434696461450723,0.0,2.692185725111444,2.8800262376595462,1.0,15.813326197117547,1139.6555629264626,20.687604017864448,302.7106577576344,7.946729358776584
11,225.0,9.182474429932997,0.9900000000000002,0.0,0.0011844939024024,0.0063412403989464,0.0,0.0005551384020748,0.0010424117455052,0.000876715551071,302.09,76.64,0.7448111489953326,0.1198130797225077,11.495804846947417,8.025759221425783,1138.3863003434385,23.380881530400725,0.995879086109346,0.0,0.0003214376176309,0.0022984103377755,0.0,0.0001986494838669,0.0004140793437118,0.0008883371076686,0.8765672365136179,0.0,0.017836547913023,0.0843447561861058,0.0,0.0074333372228579,0.0131656362395555,0.0006524859248397,15.572049212002144,0.8542947931883319,1.0,0.0,3.2965349269686786,2.733623794740062,0.0,2.682995216815734,2.86772987436235,1.0,15.813326197117547,1139.6555629264626,20.687604017864448,302.7106577576344,7.946729358776584
11,225.0,9.568012832768732,0.9900000000000002,0.0,0.0011844939024024,0.0063412403989464,0.0,0.0005551384020748,0.0010424117455052,0.000876715551071,302.09,76.64,0.7448111489953326,0.1248435912417632,11.495804846947417,8.025759221425783,1138.0886150847714,24.222795997197174,0.9948851864413948,0.0,0.0004386413021123,0.0029996926205393,0.0,0.0002598370528934,0.0005315407393328,0.0008851018437272,0.8446840446277863,0.0,0.0233708084838897,0.105739741083907,0.0,0.0093392448417751,0.0162389061320554,0.0006272548305863,15.497834191078043,0.8573650710120511,1.0,0.0,3.2804512632303577,2.723861490333757,0.0,2.673882521920181,2.855551789140286,1.0,15.813326197117547,1139.6555629264626,20.687604017864448,302.7106577576344,7.946729358776584
11,225.0,9.953551235604468,0.9900000000000002,0.0,0.0011844939024024,0.0063412403989464,0.0,0.0005551384020748,0.0010424117455052,0.000876715551071,302.09,76.64,0.7448111489953326,0.1298741027610186,11.495804846947417,8.025759221425783,1137.7895474748027,25.06433458438053,0.9938959139831838,0.0,0.0005652768667911,0.0036917840286162,0.0,0.0003204887225528,0.0006437540531258,0.0008827823457302,0.8152257384596271,0.0,0.028963135987241,0.1251982743598203,0.0,0.0110817374584597,0.0189265601362926,0.000604553598559,15.42401030006423,0.8604448543380777,1.0,0.0,3.264508459337346,2.7141828920520856,0.0,2.6648483066969946,2.8434903707150494,1.0,15.813326197117547,1139.6555629264626,20.687604017864448,302.7106577576344,7.946729358776584
11,225.0,10.339089638440203,0.9900000000000002,0.0,0.0011844939024024,0.0063412403989464,0.0,0.0005551384020748,0.0010424117455052,0.000876715551071,302.09,76.64,0.7448111489953326,0.1349046142802741,11.495804846947417,8.025759221425783,1137.48891307956,25.90517671225971,0.992912145831773,0.0,0.0007022154158215,0.0043733796123007,0.0,0.0003804799673465,0.0007508425899527,0.0008809365828053,0.7879285149794806,0.0,0.0346494148255099,0.1428895365497135,0.0,0.0126745483889747,0.0212741637428935,0.0005838215134276,15.350577998764978,0.8635171715535414,1.0,0.0,3.2487214256552064,2.704587410049576,0.0,2.655892296220017,2.8315436280163064,1.0,15.813326197117547,1139.6555629264626,20.687604017864448,302.7106577576344,7.946729358776584
11,225.0,10.724628041275942,0.9900000000000002,0.0,0.0011844939024024,0.0063412403989464,0.0,0.0005551384020748,0.0010424117455052,0.000876715551071,302.09,76.64,0.7448111489953326,0.1399351257995295,11.495804846947417,8.025759221425783,1137.1864285709255,26.74498102250163,0.9919345472445,0.0,0.0008503897559816,0.00504310043439,0.0,0.0004396778894276,0.0008529153909632,0.0008793692847372,0.7625654455625955,0.0,0.040463362843401,0.158956734941998,0.0,0.0141292241855435,0.0233205024384551,0.0005647300280067,15.27753837274111,0.8665922548731303,1.0,0.0,3.233111263987289,2.695074310819669,0.0,2.647014018830641,2.819709559547556,1.0,15.813326197117547,1139.6555629264626,20.687604017864448,302.7106577576344,7.946729358776584
11,225.0,11.11016644411168,0.9900000000000002,0.0,0.0011844939024024,0.0063412403989464,0.0,0.0005551384020748,0.0010424117455052,0.000876715551071,302.09,76.64,0.7448111489953326,0.1449656373187849,11.495804846947417,8.025759221425783,1136.8817663497066,27.583387551690613,0.9909637198949328,0.0,0.0010107886360309,0.0056994999839905,0.0,0.0004979417004096,0.0009500687868681,0.0008779809977679,0.7389403388451885,0.0,0.0464366315259243,0.1735216960223641,0.0,0.015455509987972,0.0250987708881982,0.0005470527303526,15.20489319739368,0.8696672353424824,1.0,0.0,3.2176233977701894,2.685642874666313,0.0,2.638212998202964,2.807986242449257,1.0,15.813326197117547,1139.6555629264626,20.687604017864448,302.7106577576344,7.946729358776584
11,225.0,11.495704846947415,0.9900000000000002,0.0,0.0011844939024024,0.0063412403989464,0.0,0.0005551384020748,0.0010424117455052,0.000876715551071,302.09,76.64,0.7448111489953326,0.1499961488380404,11.495804846947417,8.025759221425783,1136.574575260928,28.420020679249177,0.9900002488229582,0.0,0.0011844470615759,0.0063410760937253,0.0,0.0005551237282458,0.0010423884271124,0.0008767158663822,0.7168827348671861,0.0,0.0525987143517776,0.186688717132005,0.0,0.016661674851514,0.026637540542812,0.000530618254705,15.132645855814552,0.8727386884711997,1.0,0.0,3.202253390153533,2.6762924406150894,0.0,2.62948881320792,2.7963718182615818,1.0,15.813326197117547,1139.6555629264626,20.687604017864448,302.7106577576344,7.946729358776584
11,230.0,9.708360394552086,0.9900000000000002,0.0,0.0011844939024024,0.0063412403989464,0.0,0.0005551384020748,0.0010424117455052,0.000876715551071,302.09,76.64,0.7613625078618955,0.1266748485719218,13.12995428175442,9.708260394552086,1121.17896497725,25.082905300939508,0.998665855297509,0.0,2.371661386633312e-05,0.0001888084843971,0.0,1.568788176961287e-05,3.350238941877912e-05,0.001072429333039,0.989991122505928,0.0,0.0011856830283622,0.0063475430864453,0.0,0.0005556910271339,0.0010434452945918,0.0008765150575386,14.507513508300509,0.8862212956858422,1.0,0.0,3.078160966768836,2.497741556812094,0.0,2.5049668328608545,2.7025632387255416,1.0,14.52556748614066,1121.6270137216943,24.87830228106012,302.7106577576344,9.61137473881863
11,230.0,10.088526382019012,0.9900000000000002,0.0,0.0011844939024024,0.0063412403989464,0.0,0.0005551384020748,0.0010424117455052,0.000876715551071,302.09,76.64,0.7613625078618955,0.1316352607257178,13.12995428175442,9.708260394552086,1120.9275366800423,25.91101757410407,0.997823824231902,0.0,0.0001187013585104,0.0009087091618175,0.0,7.595537866942855e-05,0.0001597491108488,0.0009130607582519,0.956742590927162,0.0,0.0057149508207039,0.029433772682261,0.0,0.0025920432912684,0.0047944224558659,0.0007222198227384,14.438989634089554,0.8892233535765486,1.0,0.0,3.0642746821476265,2.4896981461254137,0.0,2.4972929060348337,2.692143173688085,1.0,14.52556748614066,1121.6270137216943,24.87830228106012,302.7106577576344,9.61137473881863
11,230.0,10.468692369485938,0.9900000000000002,0.0,0.0011844939024024,0.0063412403989464,0.0,0.0005551384020748,0.0010424117455052,0.000876715551071,302.09,76.64,0.7613625078618955,0.1365956728795138,13.12995428175442,9.708260394552086,1120.6255359668462,26.73846399472986,0.9968414634185856,0.0,0.000220604979473,0.0016220987717081,0.0,0.0001363966082524,0.0002825604398195,0.0008968757821611,0.925714429691352,0.0,0.01024164225408,0.0506844886651223,0.0,0.0044898309350798,0.0081823278054338,0.000687280648932,14.370702065725515,0.8922547181516791,1.0,0.0,3.0505468166839065,2.4815971128483265,0.0,2.489519116477617,2.681756659242612,1.0,14.52556748614066,1121.6270137216943,24.87830228106012,302.7106577576344,9.61137473881863
11,230.0,10.848858356952864,0.9900000000000002,0.0,0.0011844939024024,0.0063412403989464,0.0,0.0005551384020748,0.0010424117455052,0.000876715551071,302.09,76.64,0.7613625078618955,0.1415560850333098,13.12995428175442,9.708260394552086,1120.3188599428952,27.565839153906268,0.9958534102140392,0.0,0.0003299815703343,0.0023276517057446,0.0,0.0001968892740081,0.0004018477695885,0.000890219466285,0.8968004046155701,0.0,0.0147902725318813,0.0702466952650265,0.0,0.0062592788196654,0.0112416462413362,0.0006617025265203,14.30271459294245,0.895259501871081,1.0,0.0,3.0369299092355417,2.4735486640920445,0.0,2.481792152843665,2.6714526180265907,1.0,14.52556748614066,1121.6270137216943,24.87830228106012,302.7106577576344,9.61137473881863
11,230.0,11.22902434441979,0.9900000000000002,0.0,0.0011844939024024,0.0063412403989464,0.0,0.0005551384020748,0.0010424117455052,0.000876715551071,302.09,76.64,0.7613625078618955,0.1465164971871058,13.12995428175442,9.708260394552086,1120.0096393148076,28.392969028435715,0.9948668054921408,0.0,0.0004474977810567,0.0030244485243821,0.0,0.0002573410550686,0.0005175975540434,0.000886309593308,0.8697987077544989,0.0,0.019386964970689,0.0882600000608687,0.0,0.0079101941969341,0.0140043729548348,0.0006397600621742,14.23503178824203,0.8982930398163966,1.0,0.0,3.0234196581511243,2.465557883185347,0.0,2.474130148815293,2.6612319836919585,1.0,14.52556748614066,1121.6270137216943,24.87830228106012,302.7106577576344,9.61137473881863
11,230.0,11.609190331886715,0.9900000000000002,0.0,0.0011844939024024,0.0063412403989464,0.0,0.0005551384020748,0.0010424117455052,0.000876715551071,302.09,76.64,0.7613625078618955,0.1514769093409018,13.12995428175442,9.708260394552086,1119.6981974286523,29.219632142512893,0.9938835880451712,0.0,0.0005738781384443,0.0037115225990008,0.0,0.0003176515148646,0.0006297913748667,0.0008835683276521,0.8445288287542213,0.0,0.024056896775967,0.1048450270916724,0.0,0.0094509057275839,0.0164983169286728,0.0006200247218825,14.167656204487516,0.9013001450602608,1.0,0.0,3.010012207241576,2.457625776405382,0.0,2.4665290167921645,2.6510943855296163,1.0,14.52556748614066,1121.6270137216943,24.87830228106012,302.7106577576344,9.61137473881863
11,230.0,11.98935631935364,0.9900000000000002,0.0,0.0011844939024024,0.0063412403989464,0.0,0.0005551384020748,0.0010424117455052,0.000876715551071,302.09,76.64,0.7613625078618955,0.1564373214946978,13.12995428175442,9.708260394552086,1119.3844947329849,30.04558418321213,0.9929047044095332,0.0,0.0007099033993268,0.0043878443904196,0.0,0.0003777104161713,0.0007384034460298,0.0008814339385192,0.820831678719467,0.0,0.0288243730024899,0.1201059052213126,0.0,0.0108884426876907,0.0187476810007223,0.0006019193683169,14.100590376674772,0.904336403078534,1.0,0.0,2.996704140403064,2.4497525615528817,0.0,2.458983949076124,2.6410391433365,1.0,14.52556748614066,1121.6270137216943,24.87830228106012,302.7106577576344,9.61137473881863
11,230.0,12.369522306820569,0.9900000000000002,0.0,0.0011844939024024,0.0063412403989464,0.0,0.0005551384020748,0.0010424117455052,0.000876715551071,302.09,76.64,0.7613625078618955,0.1613977336484938,13.12995428175442,9.708260394552086,1119.068372060158,30.870562443222678,0.9919308160129082,0.0,0.0008564087814513,0.0050523207642406,0.0,0.0004373973203608,0.0008434006735574,0.0008796564474814,0.798566950720071,0.0,0.0337128833020973,0.1341327100671916,0.0,0.0122287179390857,0.0207736010917343,0.0005851368798201,14.033837141330007,0.9073462053819334,1.0,0.0,2.983492351573233,2.441938246804585,0.0,2.4514951780488943,2.6310655216606817,1.0,14.52556748614066,1121.6270137216943,24.87830228106012,302.7106577576344,9.61137473881863
11,230.0,12.749688294287491,0.9900000000000002,0.0,0.0011844939024024,0.0063412403989464,0.0,0.0005551384020748,0.0010424117455052,0.000876715551071,302.09,76.64,0.7613625078618955,0.1663581458022898,13.12995428175442,9.708260394552086,1118.7496170005832,31.694287874371547,0.9909624879778766,0.0,0.0010142801566964,0.0057037989968288,0.0,0.0004965816375466,0.0009447433865102,0.0008781078445413,0.7776105443763756,0.0,0.0387450719263633,0.147003602422854,0.0,0.0134766913223153,0.0225946077992873,0.0005694821528041,13.967399699623869,0.9103855086413029,1.0,0.0,2.970373983450288,2.434182784741432,0.0,2.4440628506145807,2.621172796034674,1.0,14.52556748614066,1121.6270137216943,24.87830228106012,302.7106577576344,9.61137473881863
11,230.0,13.12985428175442,0.9900000000000002,0.0,0.0011844939024024,0.0063412403989464,0.0,0.0005551384020748,0.0010424117455052,0.000876715551071,302.09,76.64,0.7613625078618955,0.1713185579560858,13.12995428175442,9.708260394552086,1118.4279883323047,32.51646721268072,0.9900002521884688,0.0,0.0011844474530716,0.006341074793199,0.0,0.000555123105082,0.0010423865594191,0.0008767159007593,0.7578523289121328,0.0,0.0439426105701801,0.1587867062444854,0.0,0.0146365167566483,0.0242270214815695,0.0005548160349836,13.901282444235749,0.913404581137219,1.0,0.0,2.957346408733682,2.426486119282276,0.0,2.436687105813387,2.6113602363408948,1.0,14.52556748614066,1121.6270137216943,24.87830228106012,302.7106577576344,9.61137473881863
11,235.0,11.643277178065436,0.9900000000000002,0.0,0.0011844939024024,0.0063412403989464,0.0,0.0005551384020748,0.0010424117455052,0.000876715551071,302.09,76.64,0.7779138667284585,0.1519216750791419,15.03378640162468,11.643177178065438,1102.406850592945,29.980079712882095,0.9985995700038997,0.0,2.974592869153248e-05,0.0002313864110233,0.0,1.88412677449524e-05,3.8886905104951776e-05,0.0010815694835356,0.9899927343145728,0.0,0.0011854695367098,0.0063464025497356,0.0,0.0005555915138317,0.0010432596129922,0.0008765424721576,13.239034847652947,0.9314943718711084,1.0,0.0,2.83737505890553,2.2789541338649424,0.0,2.3195471965310763,2.51915196796718,1.0,13.258875583506692,1102.8688895247462,29.73094022392497,302.7106577576344,11.525181126674264
11,235.0,12.019989314016463,0.9900000000000002,0.0,0.0011844939024024,0.0063412403989464,0.0,0.0005551384020748,0.0010424117455052,0.000876715551071,302.09,76.64,0.7779138667284585,0.1568370213206741,15.03378640162468,11.643177178065438,1102.1432547952832,30.80111044274747,0.9977696150584068,0.0,0.0001264383217408,0.0009475210938778,0.0,7.779097149712131e-05,0.0001588184677952,0.0009198160866821,0.9628330958096596,0.0,0.0048840458585559,0.0252006889673594,0.0,0.0022242110413914,0.004131946264053,0.0007260120589805,13.176442951708047,0.9344821710341336,1.0,0.0,2.825669721840724,2.2723127582665543,0.0,2.313091503706276,2.5103514415360437,1.0,13.258875583506692,1102.8688895247462,29.73094022392497,302.7106577576344,11.525181126674264
11,235.0,12.396701449967493,0.9900000000000002,0.0,0.0011844939024024,0.0063412403989464,0.0,0.0005551384020748,0.0010424117455052,0.000876715551071,302.09,76.64,0.7779138667284585,0.1617523675622063,15.03378640162468,11.643177178065438,1101.8300355083188,31.62114537169839,0.9967993424068722,0.0,0.0002296787505107,0.0016565330762133,0.0,0.0001371237298367,0.0002769215905702,0.0009004004459966,0.9371446501872962,0.0,0.0086068423943238,0.0427582686196362,0.0,0.0038046161318111,0.0069930239512348,0.0006925987156976,13.114068437395762,0.9374901427553156,1.0,0.0,2.814050296432179,2.265623232746428,0.0,2.3065437373369435,2.5015942312466146,1.0,13.258875583506692,1102.8688895247462,29.73094022392497,302.7106577576344,11.525181126674264
11,235.0,12.77341358591852,0.9900000000000002,0.0,0.0011844939024024,0.0063412403989464,0.0,0.0005551384020748,0.0010424117455052,0.000876715551071,302.09,76.64,0.7779138667284585,0.1666677138037385,15.03378640162468,11.643177178065438,1101.5109564396653,32.4409833529056,0.9958208125031168,0.0,0.0003399286895714,0.0023571518947239,0.0,0.0001967240374598,0.0003930195427401,0.0008923633323877,0.9129215707750312,0.0,0.0123681147368139,0.0590980133811201,0.0,0.0053012140094568,0.0096415773969105,0.0006695097006672,13.051932859092291,0.9404851139884484,1.0,0.0,2.802512371513262,2.258969147295583,0.0,2.30002661325077,2.4928965270100485,1.0,13.258875583506692,1102.8688895247462,29.73094022392497,302.7106577576344,11.525181126674264
11,235.0,13.150125721869545,0.9900000000000002,0.0,0.0011844939024024,0.0063412403989464,0.0,0.0005551384020748,0.0010424117455052,0.000876715551071,302.09,76.64,0.7779138667284585,0.1715830600452706,15.03378640162468,11.643177178065438,1101.1885573848883,33.26051952820495,0.9948423536304424,0.0,0.0004577683272588,0.0030486426430024,0.0,0.0002565156960849,0.0005070265287141,0.0008876931744972,0.890049867914762,0.0,0.0161847030504247,0.0743031460601205,0.0,0.0067189548403655,0.0120931996925777,0.0006501284417493,12.990039317106495,0.9434958473266264,1.0,0.0,2.791053482998973,2.2523555825988293,0.0,2.293547684445318,2.4842589813888263,1.0,13.258875583506692,1102.8688895247462,29.73094022392497,302.7106577576344,11.525181126674264
11,235.0,13.526837857820572,0.9900000000000002,0.0,0.0011844939024024,0.0063412403989464,0.0,0.0005551384020748,0.0010424117455052,0.000876715551071,302.09,76.64,0.7779138667284585,0.1764984062868028,15.03378640162468,11.643177178065438,1100.86332566511,34.07959231208327,0.99386618243567,0.0,0.0005838271205981,0.0037302484844886,0.0,0.0003164159323544,0.0006188543535773,0.0008844716733114,0.8684225675330939,0.0,0.0200732882919691,0.0884474778653722,0.0,0.0080620953094855,0.0143617573971398,0.0006328136029394,12.928390316979064,0.9465016076232032,1.0,0.0,2.7796714523201493,2.2457837488009265,0.0,2.2871088217234714,2.475681498558673,1.0,13.258875583506692,1102.8688895247462,29.73094022392497,302.7106577576344,11.525181126674264
11,235.0,13.903549993771598,0.9900000000000002,0.0,0.0011844939024024,0.0063412403989464,0.0,0.0005551384020748,0.0010424117455052,0.000876715551071,302.09,76.64,0.7779138667284585,0.181413752528335,15.03378640162468,11.643177178065438,1100.535327861701,34.89801851440272,0.9928933031291204,0.0,0.0007187813338509,0.0044011673484264,0.0,0.0003763330285172,0.0007284085354987,0.0008820066245859,0.8479428808085983,0.0,0.0240503267955368,0.101596101807651,0.0,0.0093342310619046,0.0164595282520411,0.0006169312742681,12.866988457436069,0.9495261725652128,1.0,0.0,2.7683642880416675,2.23925409684039,0.0,2.280710775887401,2.467163856188734,1.0,13.258875583506692,1102.8688895247462,29.73094022392497,302.7106577576344,11.525181126674264
11,235.0,14.280262129722626,0.9900000000000002,0.0,0.0011844939024024,0.0063412403989464,0.0,0.0005551384020748,0.0010424117455052,0.000876715551071,302.09,76.64,0.7779138667284585,0.1863290987698672,15.03378640162468,11.643177178065438,1100.2044931905352,35.71559959009639,0.9919243571277292,0.0,0.0008633528716298,0.0050605490958157,0.0,0.0004361656422119,0.0008355878277133,0.0008799874349001,0.8285235989029702,0.0,0.0281320376542998,0.1138064398496743,0.0,0.0105383649115463,0.0183973930140976,0.0006021656674116,12.80583654881534,0.9525496025271878,1.0,0.0,2.757130149683928,2.23276685770804,0.0,2.2743539689280774,2.458705813109028,1.0,13.258875583506692,1102.8688895247462,29.73094022392497,302.7106577576344,11.525181126674264
11,235.0,14.656974265673654,0.9900000000000002,0.0,0.0011844939024024,0.0063412403989464,0.0,0.0005551384020748,0.0010424117455052,0.000876715551071,302.09,76.64,0.7779138667284585,0.1912444450113994,15.03378640162468,11.643177178065438,1099.8706915529438,36.532123838885056,0.9909598545271776,0.0,0.0010183069928122,0.0057074973291645,0.0,0.0004958025510531,0.0009402844894129,0.0008782541103793,0.8100860876794302,0.0,0.0323343569642013,0.1251292357275455,0.0,0.011676974884497,0.0201850147940647,0.0005883299502609,12.74493763882567,0.9555773275787076,1.0,0.0,2.745967325257716,2.226322189102958,0.0,2.268038709562384,2.45030713737247,1.0,13.258875583506692,1102.8688895247462,29.73094022392497,302.7106577576344,11.525181126674264
11,235.0,15.03368640162468,0.9900000000000002,0.0,0.0011844939024024,0.0063412403989464,0.0,0.0005551384020748,0.0010424117455052,0.000876715551071,302.09,76.64,0.7779138667284585,0.1961597912529316,15.03378640162468,11.643177178065438,1099.533761802458,37.34736798286848,0.9900002539670087,0.0,0.001184448253908,0.0063410741218513,0.0,0.0005551227132081,0.0010423850052422,0.0008767159387813,0.7925593083025921,0.0,0.0366728446906765,0.1356094663574647,0.0,0.0127520796774301,0.0218310017592565,0.0005752992125798,12.684295733406438,0.9586096855765964,1.0,0.0,2.734886505626954,2.2199202210953857,0.0,2.2617652662004897,2.441967580366305,1.0,13.258875583506692,1102.8688895247462,29.73094022392497,302.7106577576344,11.525181126674264
11,240.0,13.853771515126237,0.9900000000000002,0.0,0.0011844939024024,0.0063412403989464,0.0,0.0005551384020748,0.0010424117455052,0.000876715551071,302.09,76.64,0.7944652255950214,0.180764242107597,17.22639634727441,13.853671515126235,1082.7837383262736,35.640213121907465,0.9985271520753372,0.0,3.698471213653636e-05,0.0002798457527286,0.0,2.2580608253462345e-05,4.509552731005974e-05,0.001088341324234,0.9899940165950712,0.0,0.0011852990964559,0.0063454936101336,0.0,0.000555512091778,0.0010431115508708,0.0008765670556902,11.99274308272861,0.9816766553965864,1.0,0.0,2.6197387666975063,2.096978782380325,0.0,2.1518798267056995,2.3521289186394663,1.0,12.014498351825988,1083.263844328595,35.3375257790447,302.7106577576344,13.710780754884407
11,240.0,14.228496496476032,0.9900000000000002,0.0,0.0011844939024024,0.0063412403989464,0.0,0.0005551384020748,0.0010424117455052,0.000876715551071,302.09,76.64,0.7944652255950214,0.185653659922704,17.22639634727441,13.853671515126235,1082.5042455438395,36.460197625426034,0.9977070201587483,0.0,0.0001354904803808,0.0009899803573747,0.0,8.062013042219369e-05,0.000159895271872,0.0009269936012019,0.9676248411312236,0.0,0.0042299794127758,0.0218771143310256,0.0,0.0019327683414895,0.0036045493674551,0.0007307474160304,11.93544756772951,0.9847146374224374,1.0,0.0,2.60982628679164,2.091432617663428,0.0,2.14641019543818,2.3446437670278444,1.0,12.014498351825988,1083.263844328595,35.3375257790447,302.7106577576344,13.710780754884407
11,240.0,14.60322147782583,0.9900000000000002,0.0,0.0011844939024024,0.0063412403989464,0.0,0.0005551384020748,0.0010424117455052,0.000876715551071,302.09,76.64,0.7944652255950214,0.1905430777378109,17.22639634727441,13.853671515126235,1082.1773232745202,37.27896730864124,0.9967495443091728,0.0,0.0002401272761447,0.0016928741254149,0.0,0.0001391385860989,0.0002740313103131,0.0009042843928554,0.9462380174742628,0.0,0.0073074784926379,0.0364798266971446,0.0,0.0032523540722801,0.006024355657229,0.0006979676064452,11.87836312666443,0.9877407443887088,1.0,0.0,2.5999677737157225,2.085848413802521,0.0,2.140862231176363,2.3372094101521648,1.0,12.014498351825988,1083.263844328595,35.3375257790447,302.7106577576344,13.710780754884407
11,240.0,14.977946459175628,0.9900000000000002,0.0,0.0011844939024024,0.0063412403989464,0.0,0.0005551384020748,0.0010424117455052,0.000876715551071,302.09,76.64,0.7944652255950214,0.1954324955529179,17.22639634727441,13.853671515126235,1081.8436535802016,38.09751750350579,0.9957813918169136,0.0,0.0003512578925446,0.0023872728532187,0.0,0.0001980238786644,0.0003872946789036,0.000894758879755,0.9258792278001176,0.0,0.0104258216083927,0.0501942537068544,0.0,0.0045158557742962,0.0083082421064443,0.0006765990038945,11.82147423042111,0.9907802896391822,1.0,0.0,2.59016864216876,2.080288667022453,0.0,2.135334136387731,2.3298199916370934,1.0,12.014498351825988,1083.263844328595,35.3375257790447,302.7106577576344,13.710780754884407
11,240.0,15.352671440525423,0.9900000000000002,0.0,0.0011844939024024,0.0063412403989464,0.0,0.0005551384020748,0.0010424117455052,0.000876715551071,302.09,76.64,0.7944652255950214,0.2003219133680248,17.22639634727441,13.853671515126235,1081.506107323422,38.91580584250653,0.9948120051486978,0.0,0.0004693702425602,0.0030725808538585,0.0,0.0002572131048803,0.0004995802537978,0.0008892503962051,0.9064848459636146,0.0,0.0135958818293135,0.0630707319445652,0.0,0.0057258055808629,0.0104635686738197,0.0006591660078239,11.764781210048552,0.9938195304357912,1.0,0.0,2.580426616525396,2.074759349272081,0.0,2.1298333717348417,2.3224740029589444,1.0,12.014498351825988,1083.263844328595,35.3375257790447,302.7106577576344,13.710780754884407
11,240.0,15.727396421875222,0.9900000000000002,0.0,0.0011844939024024,0.0063412403989464,0.0,0.0005551384020748,0.0010424117455052,0.000876715551071,302.09,76.64,0.7944652255950214,0.2052113311831318,17.22639634727441,13.853671515126235,1081.165305273512,39.73372011412411,0.9938438848468528,0.0,0.0005949932091843,0.0037482078728558,0.0,0.0003166394599196,0.0006107818611554,0.0008854927500319,0.8879909832618093,0.0,0.0168286634021463,0.0751551380299424,0.0,0.0068844233707089,0.012497005691884,0.000643786243509,11.708285483407083,0.99686288914317,1.0,0.0,2.570743315116921,2.069258775425417,0.0,2.124361280388644,2.3151730035900218,1.0,12.014498351825988,1083.263844328595,35.3375257790447,302.7106577576344,13.710780754884407
11,240.0,16.10212140322502,0.9900000000000002,0.0,0.0011844939024024,0.0063412403989464,0.0,0.0005551384020748,0.0010424117455052,0.000876715551071,302.09,76.64,0.7944652255950214,0.2101007489982387,17.22639634727441,13.853671515126235,1080.8213948478317,40.55112651540003,0.9928780989048432,0.0,0.0007286929079071,0.0044135364438721,0.0,0.0003762291894262,0.0007207868676893,0.0008826556862618,0.8703382365920632,0.0,0.0201351806465646,0.0864887482571651,0.0,0.0079935873863786,0.0144145025970538,0.0006297445207745,11.651988923369034,0.9999246141016096,1.0,0.0,2.561116145651234,2.0637888243097526,0.0,2.118918955701492,2.3079160205077365,1.0,12.014498351825988,1083.263844328595,35.3375257790447,302.7106577576344,13.710780754884407
11,240.0,16.476846384574817,0.9900000000000002,0.0,0.0011844939024024,0.0063412403989464,0.0,0.0005551384020748,0.0010424117455052,0.000876715551071,302.09,76.64,0.7944652255950214,0.2149901668133457,17.22639634727441,13.853671515126235,1080.474369488093,41.36787839277386,0.9919152723555756,0.0,0.0008710717502787,0.0050679167359807,0.0,0.0004359007697753,0.0008294751907496,0.0008803631976397,0.8534720285684555,0.0,0.0235264289836343,0.0971086428388193,0.0,0.0090548549091046,0.0162213474095466,0.0006166972904394,11.5958936004596,1.002984621756393,1.0,0.0,2.551543986712323,2.058349753873524,0.0,2.113506816741386,2.300702932713501,1.0,12.014498351825988,1083.263844328595,35.3375257790447,302.7106577576344,13.710780754884407
11,240.0,16.851571365924613,0.9900000000000002,0.0,0.0011844939024024,0.0063412403989464,0.0,0.0005551384020748,0.0010424117455052,0.000876715551071,302.09,76.64,0.7944652255950214,0.2198795846284526,17.22639634727441,13.853671515126235,1080.124157875854,42.18381893225628,0.990955862206376,0.0,0.0010227671682989,0.0057106666012461,0.0,0.0004955645347449,0.000936719160506,0.0008784203288279,0.8373423179873699,0.0,0.0270133510148901,0.1070481557396175,0.0,0.0100694893560487,0.0179222349295044,0.0006044509725692,11.540001774627884,1.0060627526420944,1.0,0.0,2.542025784111901,2.052941744737033,0.0,2.1081251613974463,2.293533644640541,1.0,12.014498351825988,1083.263844328595,35.3375257790447,302.7106577576344,13.710780754884407
11,240.0,17.22629634727441,0.9900000000000002,0.0,0.0011844939024024,0.0063412403989464,0.0,0.0005551384020748,0.0010424117455052,0.000876715551071,302.09,76.64,0.7944652255950214,0.2247690024435596,17.22639634727441,13.853671515126235,1079.7706561308098,42.99878252055008,0.9900002544011332,0.0,0.0011844493741093,0.0063410739286437,0.0,0.000555122536358,0.0010423837791265,0.0008767159806291,0.8219032011329146,0.0,0.0306067823981748,0.1163373110034751,0.0,0.0110384887047372,0.0195213338793259,0.0005928828813719,11.484316511048643,1.0091274538873345,1.0,0.0,2.5325605480685884,2.047564939860368,0.0,2.1027742356512293,2.2864080607445265,1.0,12.014498351825988,1083.263844328595,35.3375257790447,302.7106577576344,13.710780754884407
11,245.0,16.36395422982018,0.9900000000000002,0.0,0.0011844939024024,0.0063412403989464,0.0,0.0005551384020748,0.0010424117455052,0.000876715551071,302.09,76.64,0.8110165844615843,0.2135171480926432,19.72814987096019,16.36385422982018,1062.167314213383,42.175433582878654,0.9984475190685708,0.0,4.564728702485972e-05,0.0003346811360779,0.0,2.70229965559778e-05,5.22918617590617e-05,0.0010928376500114,0.9899950465902893,0.0,0.001185161693009,0.0063447624920888,0.0,0.0005554480754779,0.00104299232655,0.0008765888225848,10.77017049857552,1.0378853499363694,1.0,0.0,2.4225972722693743,1.9441924223767133,0.0,1.9999367096891016,2.1993333149001093,1.0,10.793959502416731,1062.6711211462375,41.80803719266337,302.7106577576344,16.191644196077288
11,245.0,16.737742634391292,0.9900000000000002,0.0,0.0011844939024024,0.0063412403989464,0.0,0.0005551384020748,0.0010424117455052,0.000876715551071,302.09,76.64,0.8110165844615843,0.2183943454382997,19.72814987096019,16.36385422982018,1061.868157998765,42.999857447929685,0.9976355013608144,0.0,0.0001460095094146,0.0010366710835955,0.0,8.447021260648246e-05,0.0001629151117524,0.0009344327218163,0.9714483417191108,0.0,0.0037076559946282,0.0192295305865061,0.0,0.0016987012150568,0.0031792879292104,0.0007364825554876,10.717680322764108,1.0409962649767068,1.0,0.0,2.414143439983812,1.9395165147818283,0.0,1.9952839750480944,2.192929780655165,1.0,10.793959502416731,1062.6711211462375,41.80803719266337,302.7106577576344,16.191644196077288
11,245.0,17.111531038962404,0.9900000000000002,0.0,0.0011844939024024,0.0063412403989464,0.0,0.0005551384020748,0.0010424117455052,0.000876715551071,302.09,76.64,0.8110165844615843,0.2232715427839562,19.72814987096019,16.36385422982018,1061.524744001928,43.82294489734336,0.9966916464877436,0.0,0.0002520354973314,0.0017317298150766,0.0,0.0001423996468847,0.0002737067021437,0.0009084818508198,0.9535597404256348,0.0,0.0062623213676341,0.031442949297445,0.0,0.0028027627204058,0.0052284982890072,0.0007037278998726,10.665400236060366,1.044091146230015,1.0,0.0,2.405721891831091,1.9348105008991507,0.0,1.9905675007156247,2.186581073907864,1.0,10.793959502416731,1062.6711211462375,41.80803719266337,302.7106577576344,16.191644196077288
11,245.0,17.485319443533516,0.9900000000000002,0.0,0.0011844939024024,0.0063412403989464,0.0,0.0005551384020748,0.0010424117455052,0.000876715551071,302.09,76.64,0.8110165844615843,0.2281487401296126,19.72814987096019,16.36385422982018,1061.1739593989346,44.64587904446682,0.9957348636182086,0.0,0.0003639887005866,0.0024186028154429,0.0,0.0002006998950532,0.0003844543653389,0.0008973906053696,0.9363995078410416,0.0,0.0088532870183664,0.0430038916901545,0.0,0.003867872528153,0.0071919632857646,0.0006834776365197,10.613284274418756,1.047215668561439,1.0,0.0,2.3973441796588526,1.930123796407567,0.0,1.9858635848242052,2.180267565297368,1.0,10.793959502416731,1062.6711211462375,41.80803719266337,302.7106577576344,16.191644196077288
11,245.0,17.859107848104628,0.9900000000000002,0.0,0.0011844939024024,0.0063412403989464,0.0,0.0005551384020748,0.0010424117455052,0.000876715551071,302.09,76.64,0.8110165844615843,0.2330259374752691,19.72814987096019,16.36385422982018,1060.8189193355988,45.46867761423514,0.9947755815509444,0.0,0.0004822640268337,0.0030967993985685,0.0,0.000259318067964,0.0004950608724177,0.0008909760832715,0.9199336235282092,0.0,0.0114874700544069,0.0539430292382655,0.0,0.0048953551226363,0.0090730341789821,0.0006674878774996,10.561329697595545,1.0503404212362446,1.0,0.0,2.389010478909936,1.9254581225190577,0.0,1.9811788772345351,2.173987473762629,1.0,10.793959502416731,1062.6711211462375,41.80803719266337,302.7106577576344,16.191644196077288
11,245.0,18.232896252675744,0.9900000000000002,0.0,0.0011844939024024,0.0063412403989464,0.0,0.0005551384020748,0.0010424117455052,0.000876715551071,302.09,76.64,0.8110165844615843,0.2379031348209256,19.72814987096019,16.36385422982018,1060.4603532754595,46.2912708309766,0.9938165878043204,0.0,0.0006072901814215,0.0037658610852337,0.0,0.0003182004793391,0.0006054301541983,0.0008866302954867,0.9041239126019692,0.0,0.0141720104304668,0.0642892060600855,0.0,0.0058864193273356,0.0108748252128218,0.000653626367321,10.50953667152038,1.0534795599177422,1.0,0.0,2.3807214278131057,1.9208154903038397,0.0,1.976516397586224,2.16774005121552,1.0,10.793959502416731,1062.6711211462375,41.80803719266337,302.7106577576344,16.191644196077288
11,245.0,18.606684657246856,0.9900000000000002,0.0,0.0011844939024024,0.0063412403989464,0.0,0.0005551384020748,0.0010424117455052,0.000876715551071,302.09,76.64,0.8110165844615843,0.2427803321665821,19.72814987096019,16.36385422982018,1060.0984723715385,47.11356546173803,0.9928590272000944,0.0,0.0007395242613778,0.0044253181460624,0.0,0.0003772888530285,0.0007154602556304,0.0008833812838063,0.8889336922950348,0.0,0.0169141234273233,0.0740688884403436,0.0,0.0068421010614369,0.0126001121686402,0.0006410826072209,10.457905983305832,1.0566215744760052,1.0,0.0,2.372473859249216,1.9161938245449543,0.0,1.971874153013404,2.1615254622259354,1.0,10.793959502416731,1062.6711211462375,41.80803719266337,302.7106577576344,16.191644196077288
11,245.0,18.980473061817968,0.9900000000000002,0.0,0.0011844939024024,0.0063412403989464,0.0,0.0005551384020748,0.0010424117455052,0.000876715551071,302.09,76.64,0.8110165844615843,0.2476575295122386,19.72814987096019,16.36385422982018,1059.7333182867676,47.935456815022185,0.991903521846098,0.0,0.0008794507278419,0.0050746819107405,0.0,0.0004365194215395,0.0008250418529814,0.0008807842407983,0.8743285939653321,0.0,0.0197210675566622,0.0833062626056701,0.0,0.0077632638507226,0.014251338740153,0.0006294732814598,10.406438860416362,1.059766873612369,1.0,0.0,2.364268335199224,1.9115946169011853,0.0,1.9672539415044072,2.1553434445229014,1.0,10.793959502416731,1062.6711211462375,41.80803719266337,302.7106577576344,16.191644196077288
11,245.0,19.35426146638908,0.9900000000000002,0.0,0.0011844939024024,0.0063412403989464,0.0,0.0005551384020748,0.0010424117455052,0.000876715551071,302.09,76.64,0.8110165844615843,0.2525347268578951,19.72814987096019,16.36385422982018,1059.3648623916415,48.756832274118985,0.9909504887429824,0.0,0.0010275806779335,0.0057134433968403,0.0,0.0004958225486182,0.0009340577730788,0.0008786068605465,0.860276617744517,0.0,0.0226001228080618,0.0920234234698583,0.0,0.0086506084311179,0.0158306392629232,0.0006185882835216,10.355136663976332,1.062930750549966,1.0,0.0,2.3561041793294355,1.907018011299833,0.0,1.962656004924828,2.149193923803894,1.0,10.793959502416731,1062.6711211462375,41.80803719266337,302.7106577576344,16.191644196077288
11,245.0,19.72804987096019,0.9900000000000002,0.0,0.0011844939024024,0.0063412403989464,0.0,0.0005551384020748,0.0010424117455052,0.000876715551071,302.09,76.64,0.8110165844615843,0.2574119242035516,19.72814987096019,16.36385422982018,1058.9930417407963,49.57757273781222,0.9900002537386696,0.0,0.0011844507292225,0.0063410740773973,0.0,0.0005551225499669,0.0010423828782332,0.0008767160265102,0.8467480103307683,0.0,0.0255585631966214,0.1002405773852105,0.0,0.0095046847786122,0.0173398651558118,0.0006082991529757,10.304001451386153,1.066096620422846,1.0,0.0,2.347980747186948,1.9024641158239388,0.0,1.9580805283072824,2.143076836618085,1.0,10.793959502416731,1062.6711211462375,41.80803719266337,302.7106577576344,16.191644196077288
11,250.0,19.198996868114172,0.9900000000000002,0.0,0.0011844939024024,0.0063412403989464,0.0,0.0005551384020748,0.0010424117455052,0.000876715551071,302.09,76.64,0.8275679433281473,0.2505088317864584,22.56049573775679,19.198896868114176,1040.383339351287,49.72267348004007,0.9983592534004274,0.0,5.60020922936576e-05,0.0003966093873134,0.0,3.2316552255944575e-05,6.068951601012009e-05,0.0010951290516995,0.9899958815723388,0.0,0.0011850498864913,0.0063441691931366,0.0,0.0005553959853618,0.0010428954193205,0.0008766079433506,9.573180379324516,1.101522198823043,1.0,0.0,2.2433447513707367,1.814666384594088,0.0,1.862022305718114,2.0589021191827808,1.0,9.599114364051816,1040.9186176418627,49.27650279185157,302.7106577576344,18.99215487266697
11,250.0,19.5724856314078,0.9900000000000002,0.0,0.0011844939024024,0.0063412403989464,0.0,0.0005551384020748,0.0010424117455052,0.000876715551071,302.09,76.64,0.8275679433281473,0.2553821194077217,22.56049573775679,19.198896868114176,1040.0605837893722,50.55666298025759,0.9975541188128444,0.0,0.0001581958471006,0.0010884200409625,0.0,8.940723744301243e-05,0.0001679026367707,0.0009419554248786,0.9745425409478644,0.0,0.003284535026741,0.0170897151851391,0.0,0.0015081311448363,0.0028318578839481,0.0007432198114707,9.525123207093548,1.104764634876264,1.0,0.0,2.2361184315694254,1.8106868811941643,0.0,1.8580482578723057,2.053398496832896,1.0,9.599114364051816,1040.9186176418627,49.27650279185157,302.7106577576344,18.99215487266697
11,250.0,19.945974394701423,0.9900000000000002,0.0,0.0011844939024024,0.0063412403989464,0.0,0.0005551384020748,0.0010424117455052,0.000876715551071,302.09,76.64,0.8275679433281473,0.2602554070289851,22.56049573775679,19.198896868114176,1039.6974802415616,51.38928480971905,0.9966247964724732,0.0,0.0002655342688701,0.0017739662276369,0.0,0.0001469059822849,0.0002758606696734,0.0009129363790613,0.9595293836912752,0.0,0.005411230001076,0.0273483248322542,0.0,0.0024327950938517,0.0045681477903426,0.0007101185912001,9.477274826549625,1.1079950227908797,1.0,0.0,2.2289096350031024,1.8066843991409345,0.0,1.8540240396223255,2.047949942291587,1.0,9.599114364051816,1040.9186176418627,49.27650279185157,302.7106577576344,18.99215487266697
11,250.0,20.319463157995045,0.9900000000000002,0.0,0.0011844939024024,0.0063412403989464,0.0,0.0005551384020748,0.0010424117455052,0.000876715551071,302.09,76.64,0.8275679433281473,0.2651286946502485,22.56049573775679,19.198896868114176,1039.3266263210592,52.221897450255206,0.995680520853624,0.0,0.0003781855400104,0.0024519932402444,0.0,0.0002047008286022,0.0003843616559526,0.0009002378815661,0.9450358710021384,0.0,0.0075668229445566,0.0371265531290077,0.0,0.0033290249285658,0.006251203311655,0.0006905246840766,9.429568085695562,1.1112568345014482,1.0,0.0,2.22173293743258,1.8026931910243165,0.0,1.850007422258558,2.0425297524920785,1.0,9.599114364051816,1040.9186176418627,49.27650279185157,302.7106577576344,18.99215487266697
11,250.0,20.69295192128867,0.9900000000000002,0.0,0.0011844939024024,0.0063412403989464,0.0,0.0005551384020748,0.0010424117455052,0.000876715551071,302.09,76.64,0.8275679433281473,0.2700019822715119,22.56049573775679,19.198896868114176,1038.9512833341273,53.05457918012313,0.9947325196210702,0.0,0.0004964548844379,0.0031220890055313,0.0,0.0002627462503761,0.0004933277000851,0.0008928625384992,0.9310457769428104,0.0,0.0097555742116173,0.0464430433491779,0.0,0.004197543190989,0.0078824939602132,0.000675568345192,9.381996772235718,1.1145193196600915,1.0,0.0,2.2145892182129523,1.7987169681100297,0.0,1.8460042003592236,2.0371351449114394,1.0,9.599114364051816,1040.9186176418627,49.27650279185157,302.7106577576344,18.99215487266697
11,250.0,21.066440684582293,0.9900000000000002,0.0,0.0011844939024024,0.0063412403989464,0.0,0.0005551384020748,0.0010424117455052,0.000876715551071,302.09,76.64,0.8275679433281473,0.2748752698927752,22.56049573775679,19.198896868114176,1038.5722657551448,53.88729840990213,0.9937838593779268,0.0,0.0006206757860903,0.0037838986083417,0.0,0.0003209990640179,0.0006026853757438,0.0008878817878791,0.9175365771440556,0.0,0.0119819856946439,0.0553160359848499,0.0,0.0050390623977176,0.0094634640866166,0.0006628746921163,9.33455986103182,1.1177900615226484,1.0,0.0,2.2074783350487044,1.7947566175032168,0.0,1.8420161239337556,2.0317654351867085,1.0,9.599114364051816,1040.9186176418627,49.27650279185157,302.7106577576344,18.99215487266697
11,250.0,21.43992944787592,0.9900000000000002,0.0,0.0011844939024024,0.0063412403989464,0.0,0.0005551384020748,0.0010424117455052,0.000876715551071,302.09,76.64,0.8275679433281473,0.2797485575140386,22.56049573775679,19.198896868114176,1038.1898357215186,54.71999607450235,0.992835774551956,0.0,0.0007512026215178,0.004437069079128,0.0,0.0003794137775611,0.0007123570074091,0.0008841829624278,0.9044856052078888,0.0,0.0142506389624838,0.0637626097678412,0.0,0.0058542144181826,0.0109954001299611,0.0006515315136422,9.287257230842222,1.1210726304289147,1.0,0.0,2.2003999096263405,1.7908145824225823,0.0,1.838043749910344,2.0264202576024624,1.0,9.599114364051816,1040.9186176418627,49.27650279185157,302.7106577576344,18.99215487266697
11,250.0,21.81341821116954,0.9900000000000002,0.0,0.0011844939024024,0.0063412403989464,0.0,0.0005551384020748,0.0010424117455052,0.000876715551071,302.09,76.64,0.8275679433281473,0.2846218451353019,22.56049573775679,19.198896868114176,1037.804072337355,55.5526017184945,0.9918889006817324,0.0,0.0008884092971802,0.0050812388991814,0.0,0.0004379415836277,0.0008222587430945,0.0008812507951835,0.8918711453114467,0.0,0.0165661619182776,0.0717986280072779,0.0,0.0066435419261847,0.012479414332106,0.0006411085047069,9.240089278271638,1.124365010000325,1.0,0.0,2.193353781126744,1.7868921156751891,0.0,1.834086583673528,2.021099887525597,1.0,9.599114364051816,1040.9186176418627,49.27650279185157,302.7106577576344,18.99215487266697
11,250.0,22.186906974463163,0.9900000000000002,0.0,0.0011844939024024,0.0063412403989464,0.0,0.0005551384020748,0.0010424117455052,0.000876715551071,302.09,76.64,0.8275679433281473,0.2894951327565653,22.56049573775679,19.198896868114176,1037.4149789436526,56.38503822644592,0.9909436320818772,0.0,0.0010326887153819,0.0057160353931608,0.0,0.0004965300020041,0.0009322998338604,0.0008788139737154,0.879672664947804,0.0,0.0189332140367904,0.0794387997913934,0.0,0.0074075003720126,0.0139164481444208,0.0006313727075784,9.193056579716856,1.1276830301691554,1.0,0.0,2.1863390151272424,1.7829857630054546,0.0,1.830147075389828,2.015803261516772,1.0,9.599114364051816,1040.9186176418627,49.27650279185157,302.7106577576344,18.99215487266697
11,250.0,22.56039573775679,0.9900000000000002,0.0,0.0011844939024024,0.0063412403989464,0.0,0.0005551384020748,0.0010424117455052,0.000876715551071,302.09,76.64,0.8275679433281473,0.2943684203778287,22.56049573775679,19.198896868114176,1037.0225224179376,57.217223588325126,0.990000252227736,0.0,0.0011844522421446,0.0063410744443849,0.0,0.0005551227240629,0.0010423822849294,0.0008767160767421,0.8678708305912023,0.0,0.0213564732479051,0.0866967679116767,0.0,0.0081464628062486,0.015307280891011,0.0006221845519561,9.146160350674906,1.130991956766198,1.0,0.0,2.1793554005887037,1.7790959802961452,0.0,1.8262262950779724,2.010530799643845,1.0,9.599114364051816,1040.9186176418627,49.27650279185157,302.7106577576344,18.99215487266697
11,255.0,22.38529765178685,0.9900000000000002,0.0,0.0011844939024024,0.0063412403989464,0.0,0.0005551384020748,0.0010424117455052,0.000876715551071,302.09,76.64,0.8441193021947102,0.2920837376276989,25.74582221878648,22.38519765178685,1017.2138244247504,58.452918077306286,0.9982604092054111,0.0,6.839591221446802e-05,0.0004667112205372,0.0,3.86523979846917e-05,7.057340758755956e-05,0.0010952578562649,0.9899965644785144,0.0,0.0011849580898935,0.0063436836279328,0.0,0.0005553532096854,0.0010428159351049,0.0008766246588686,8.404046042115912,1.174545222147259,1.0,0.0,2.0735442152158177,1.7036826740090258,0.0,1.7365557235708886,1.929215926192985,1.0,8.432227805466914,1017.7913832278248,57.90987351738985,302.7106577576344,22.13772066860631
11,255.0,22.75867815923125,0.9900000000000002,0.0,0.0011844939024024,0.0063412403989464,0.0,0.0005551384020748,0.0010424117455052,0.000876715551071,302.09,76.64,0.8441193021947102,0.2969556127248337,25.74582221878648,22.38519765178685,1016.863201202784,59.30139849721804,0.9974613828032712,0.0,0.0001723178494098,0.0011464111068745,0.0,9.554117967915956e-05,0.0001749785521828,0.0009493685085825,0.9770823464020798,0.0,0.002936841956028,0.0153348823369925,0.0,0.001350824385492,0.0025441711118473,0.00075093380756,8.360149171994546,1.1779796750744829,1.0,0.0,2.0682753202974804,1.7002677523167171,0.0,1.7331523220237628,1.9244692627544395,1.0,8.432227805466914,1017.7913832278248,57.90987351738985,302.7106577576344,22.13772066860631
11,255.0,23.132058666675658,0.9900000000000002,0.0,0.0011844939024024,0.0063412403989464,0.0,0.0005551384020748,0.0010424117455052,0.000876715551071,302.09,76.64,0.8441193021947102,0.3018274878219684,25.74582221878648,22.38519765178685,1016.4766616957586,60.14856811576872,0.996547604177852,0.0,0.0002808146671338,0.0018207967952962,0.0,0.000152698573472,0.0002805048369593,0.0009175809492863,0.9644605043722302,0.0,0.0047093728124804,0.0239736211163889,0.0,0.0021248897132195,0.0040142954499899,0.0007173165356908,8.316457645363672,1.181413167768723,1.0,0.0,2.0630729941232624,1.6968351485116986,0.0,1.729711410993142,1.919774435311396,1.0,8.432227805466914,1017.7913832278248,57.90987351738985,302.7106577576344,22.13772066860631
11,255.0,23.50543917412006,0.9900000000000002,0.0,0.0011844939024024,0.0063412403989464,0.0,0.0005551384020748,0.0010424117455052,0.000876715551071,302.09,76.64,0.8441193021947102,0.306699362919103,25.74582221878648,22.38519765178685,1016.0822202037514,60.99594275605913,0.9956171531419434,0.0,0.0003939675384538,0.0024886256574555,0.0,0.0002100126861531,0.0003869657923941,0.0009032751835997,0.9522106314126688,0.0,0.0065027559099287,0.03225968606212,0.0,0.0028769698633791,0.0054519209907204,0.0006980357611826,8.272891413102467,1.1848699653428334,1.0,0.0,2.0578977502589435,1.693410254305721,0.0,1.7262753551754215,1.91510302481211,1.0,8.432227805466914,1017.7913832278248,57.90987351738985,302.7106577576344,22.13772066860631
11,255.0,23.87881968156446,0.9900000000000002,0.0,0.0011844939024024,0.0063412403989464,0.0,0.0005551384020748,0.0010424117455052,0.000876715551071,302.09,76.64,0.8441193021947102,0.3115712380162377,25.74582221878648,22.38519765178685,1015.683175217132,61.84366334509211,0.99468180931073,0.0,0.000511998553406,0.0031495434772411,0.0,0.000267443883449,0.0004943048743415,0.000894899900832,0.9403273548240544,0.0,0.0083194754097891,0.0402042233140504,0.0,0.0036074941889729,0.0068576674133112,0.0006837848498216,8.229441355241814,1.1883340054382616,1.0,0.0,2.052746190344675,1.6899961053372463,0.0,1.722852514218891,1.910451593277981,1.0,8.432227805466914,1017.7913832278248,57.90987351738985,302.7106577576344,22.13772066860631
11,255.0,24.252200189008867,0.9900000000000002,0.0,0.0011844939024024,0.0063412403989464,0.0,0.0005551384020748,0.0010424117455052,0.000876715551071,302.09,76.64,0.8441193021947102,0.3164431131133725,25.74582221878648,22.38519765178685,1015.280400648806,62.69173424913242,0.9937448943579972,0.0,0.000635154344442,0.0038032756939542,0.0,0.000324957819538,0.0006024739745889,0.0008892438094795,0.9287978597856752,0.0,0.0101622522682083,0.0478187446714617,0.0,0.0043169385866229,0.0082322362284575,0.0006719684595742,8.186105052503478,1.1918039538400116,1.0,0.0,2.047617186714797,1.6865935230645972,0.0,1.7194404841501143,1.905819141035792,1.0,8.432227805466914,1017.7913832278248,57.90987351738985,302.7106577576344,22.13772066860631
11,255.0,24.62558069645327,0.9900000000000002,0.0,0.0011844939024024,0.0063412403989464,0.0,0.0005551384020748,0.0010424117455052,0.000876715551071,302.09,76.64,0.8441193021947102,0.3213149882105072,25.74582221878648,22.38519765178685,1014.87419846638,63.54012612624405,0.9928077402105916,0.0,0.0007636966011896,0.0044495603342664,0.0,0.000382519825172,0.0007114230775072,0.0008850599512729,0.9176082661470528,0.0,0.0120338759501153,0.0551142712016774,0.0,0.0050057489073051,0.0095762652237083,0.000661572570141,8.14288173831263,1.1953031992756389,1.0,0.0,2.042508523097293,1.6832028176740812,0.0,1.7160397996046008,1.901205249174453,1.0,8.432227805466914,1017.7913832278248,57.90987351738985,302.7106577576344,22.13772066860631
11,255.0,24.99896120389767,0.9900000000000002,0.0,0.0011844939024024,0.0063412403989464,0.0,0.0005551384020748,0.0010424117455052,0.000876715551071,302.09,76.64,0.8441193021947102,0.3261868633076418,25.74582221878648,22.38519765178685,1014.4646773262724,64.38879696994417,0.9918710106274397,0.0,0.0008979002097527,0.0050881344794069,0.0,0.0004400937274415,0.0008210979342544,0.0008817630217045,0.9067448814571472,0.0,0.0139371696516773,0.0621012026075935,0.0,0.0056743279373156,0.0108903021426169,0.0006521162036494,8.099771211008525,1.198803752509494,1.0,0.0,2.036906450423553,1.6798241311720206,0.0,1.7126507144456085,1.896609697717336,1.0,8.432227805466914,1017.7913832278248,57.90987351738985,302.7106577576344,22.13772066860631
11,255.0,25.37234171134208,0.9900000000000002,0.0,0.0011844939024024,0.0063412403989464,0.0,0.0005551384020748,0.0010424117455052,0.000876715551071,302.09,76.64,0.8441193021947102,0.3310587384047765,25.74582221878648,22.38519765178685,1014.0518652795148,65.23769840228434,0.9909350942177808,0.0,0.0010380526812362,0.0057187304790984,0.0,0.0004976414798277,0.0009314391968663,0.0008790419451902,0.8961945335218483,0.0,0.0158749783497616,0.0687893149439868,0.0,0.006323033775492,0.0121747997908939,0.0006433396180174,8.056773512761994,1.2023306914640408,1.0,0.0,2.03086270634534,1.6764575397261243,0.0,1.7092733693669309,1.8920323512680264,1.0,8.432227805466914,1017.7913832278248,57.90987351738985,302.7106577576344,22.13772066860631
11,255.0,25.74572221878648,0.9900000000000002,0.0,0.0011844939024024,0.0063412403989464,0.0,0.0005551384020748,0.0010424117455052,0.000876715551071,302.09,76.64,0.8441193021947102,0.3359306135019113,25.74582221878648,22.38519765178685,1013.635751636901,66.08677797373491,0.9900002501189056,0.0,0.0011844538429626,0.0063410749117743,0.0,0.0005551230254361,0.001042381969049,0.0008767161318722,0.8859446591846928,0.0,0.0178501619842258,0.0751877918526744,0.0,0.0069521813370542,0.0134301170490406,0.000635088592312,8.013889213329277,1.205852926831794,1.0,0.0,2.024842916468398,1.6731030967590383,0.0,1.7059078535111918,1.8874731243888565,1.0,8.432227805466914,1017.7913832278248,57.90987351738985,302.7106577576344,22.13772066860631
11,260.0,25.950721135726614,0.9900000000000002,0.0,0.0011844939024024,0.0063412403989464,0.0,0.0005551384020748,0.0010424117455052,0.000876715551071,302.09,76.64,0.8606706610612732,0.3386054427939276,29.30733592110224,25.95062113572661,992.3792324108684,68.58521697348765,0.998148217916952,0.0,8.329219972880663e-05,0.000546643752558,0.0,4.628318215661368e-05,8.23333236661001e-05,0.0010932296249383,0.9899971278474928,0.0,0.0011848820632571,0.0063432829271969,0.0,0.0005553177676502,0.0010427501620368,0.0008766392323659,7.26556268695029,1.2596816505321322,1.0,0.0,1.900516089023127,1.6074252729858336,0.0,1.6222347170982994,1.808895988012327,1.0,7.296085655146154,993.0143761526203,67.92140682303575,302.7106577576344,25.654931900849267
11,260.0,26.32366722299057,0.9900000000000002,0.0,0.0011844939024024,0.0063412403989464,0.0,0.0005551384020748,0.0010424117455052,0.000876715551071,302.09,76.64,0.8606706610612732,0.3434716495692924,29.30733592110224,25.95062113572661,991.9959272500004,69.45305445706131,0.9973550130624066,0.0,0.0001887431854991,0.001212364071541,0.0,0.0001030375929835,0.0001843800263221,0.0009564620612474,0.9791975053065836,0.0,0.0026469782982891,0.0138741514678847,0.0,0.0012191503555083,0.0023026247477952,0.000759589823939,7.225641622812914,1.2633909569328368,1.0,0.0,1.8960755887281104,1.6044727455387202,0.0,1.619318808636307,1.8047889265789376,1.0,7.296085655146154,993.0143761526203,67.92140682303575,302.7106577576344,25.654931900849267
11,260.0,26.69661331025453,0.9900000000000002,0.0,0.0011844939024024,0.0063412403989464,0.0,0.0005551384020748,0.0010424117455052,0.000876715551071,302.09,76.64,0.8606706610612732,0.3483378563446572,29.30733592110224,25.95062113572661,991.581462531094,70.31972846772813,0.9964579509550606,0.0,0.0002981528048904,0.0018739289402531,0.0,0.000159867196471,0.0002877637048514,0.0009223363984731,0.9685895865332248,0.0,0.0041230311415952,0.0211519731036498,0.0,0.0018656035948855,0.0035443394753261,0.0007254661513182,7.18591915669443,1.2671042932428656,1.0,0.0,1.89169850672064,1.601506503866068,0.0,1.6163761759207889,1.8007281010089533,1.0,7.296085655146154,993.0143761526203,67.92140682303575,302.7106577576344,25.654931900849267
11,260.0,27.06955939751849,0.9900000000000002,0.0,0.0011844939024024,0.0063412403989464,0.0,0.0005551384020748,0.0010424117455052,0.000876715551071,302.09,76.64,0.8606706610612732,0.353204063120022,29.30733592110224,25.95062113572661,991.1591583844516,71.1868865709209,0.9955428956185284,0.0,0.0004115271499564,0.0025301285995376,0.0,0.0002166627658281,0.0003923142940189,0.0009064715721304,0.9582476524324394,0.0,0.0056124158174013,0.0281731049697231,0.0,0.0024940881469212,0.0047664797512921,0.0007062588822227,7.146310130649585,1.2708415178976011,1.0,0.0,1.8873448399922288,1.5985453128526166,0.0,1.6134360185439107,1.796686833988194,1.0,7.296085655146154,993.0143761526203,67.92140682303575,302.7106577576344,25.654931900849267
11,260.0,27.442505484782448,0.9900000000000002,0.0,0.0011844939024024,0.0063412403989464,0.0,0.0005551384020748,0.0010424117455052,0.000876715551071,302.09,76.64,0.8606706610612732,0.3580702698953868,29.30733592110224,25.95062113572661,990.7322331198264,72.0547350735392,0.994621875492086,0.0,0.0005290142768041,0.003180650217916,0.0,0.0002733904689063,0.000497993348944,0.0008970761953435,0.9481729417125828,0.0,0.0071164547596478,0.0349439558877054,0.0,0.0031049014242889,0.0059692904649122,0.0006924557508629,7.106802972827825,1.2745781017562998,1.0,0.0,1.8830089367475944,1.5955917712663683,0.0,1.6105023815546884,1.7926613362144868,1.0,7.296085655146154,993.0143761526203,67.92140682303575,302.7106577576344,25.654931900849267
11,260.0,27.81545157204641,0.9900000000000002,0.0,0.0011844939024024,0.0063412403989464,0.0,0.0005551384020748,0.0010424117455052,0.000876715551071,302.09,76.64,0.8606706610612732,0.3629364766707516,29.30733592110224,25.95062113572661,990.3015908134748,72.92331358176294,0.9936984235626914,0.0,0.000650784784771,0.0038252801131596,0.0,0.0003300243522958,0.0006047748750065,0.0008907123120756,0.9383587616526384,0.0,0.0086366959783883,0.041471696007516,0.0,0.0036984150178869,0.0071531531346206,0.0006812782089495,7.067394407163546,1.278356807660709,1.0,0.0,1.8786889115218035,1.5926464024794649,0.0,1.6075762616079174,1.7886502479198598,1.0,7.296085655146154,993.0143761526203,67.92140682303575,302.7106577576344,25.654931900849267
11,260.0,28.188397659310365,0.9900000000000002,0.0,0.0011844939024024,0.0063412403989464,0.0,0.0005551384020748,0.0010424117455052,0.000876715551071,302.09,76.64,0.8606706610612732,0.3678026834461164,29.30733592110224,25.95062113572661,989.8675617330116,73.79261961055893,0.992773969240403,0.0,0.0007770202311732,0.0044638258357208,0.0,0.0003865397335205,0.000712633502177,0.0008860114570053,0.9287968265998752,0.0,0.0101747456301408,0.0477633756495627,0.0,0.004274997078322,0.0083184387165438,0.0006716163255551,7.0280829512415535,1.2821339835617322,1.0,0.0,1.874384296732488,1.5897098426252334,0.0,1.6046583185659418,1.7846532254940362,1.0,7.296085655146154,993.0143761526203,67.92140682303575,302.7106577576344,25.654931900849267
11,260.0,28.561343746574323,0.9900000000000002,0.0,0.0011844939024024,0.0063412403989464,0.0,0.0005551384020748,0.0010424117455052,0.000876715551071,302.09,76.64,0.8606706610612732,0.3726688902214812,29.30733592110224,25.95062113572661,989.4302772669286,74.66263545503979,0.991849215017988,0.0,0.0009079106844834,0.0050960994956554,0.0,0.0004429117764088,0.0008215417847281,0.0008823212407361,0.9194785999280964,0.0,0.0117322320368577,0.0538257562247087,0.0,0.0048349969854847,0.0094654770550076,0.0006629377698446,6.9888678299755815,1.2859337106223372,1.0,0.0,1.870094921197372,1.586782141482264,0.0,1.6017488754647051,1.7806703861018722,1.0,7.296085655146154,993.0143761526203,67.92140682303575,302.7106577576344,25.654931900849267
11,260.0,28.93428983383828,0.9900000000000002,0.0,0.0011844939024024,0.0063412403989464,0.0,0.0005551384020748,0.0010424117455052,0.000876715551071,302.09,76.64,0.8606706610612732,0.377535096996846,29.30733592110224,25.95062113572661,988.98978472095,75.53333643363464,0.9909245577377176,0.0,0.0010436539868937,0.0057219127923724,0.0,0.0004991150581699,0.0009314692415409,0.0008792911833051,0.910395685531852,0.0,0.0133107943663327,0.059665275817469,0.0,0.005378741843835,0.0105945485274172,0.0006549539130938,6.949748660549304,1.2897559629586226,1.0,0.0,1.8658205795485223,1.5838633242747582,0.0,1.5988480323008922,1.776701587629077,1.0,7.296085655146154,993.0143761526203,67.92140682303575,302.7106577576344,25.654931900849267
11,260.0,29.30723592110224,0.9900000000000002,0.0,0.0011844939024024,0.0063412403989464,0.0,0.0005551384020748,0.0010424117455052,0.000876715551071,302.09,76.64,0.8606706610612732,0.3824013037722109,29.30733592110224,25.95062113572661,988.5460906896728,76.40469391873573,0.9900002476725244,0.0,0.0011844554675868,0.0063410753582644,0.0,0.0005551234191039,0.0010423818896682,0.0008767161928519,0.9015399579499188,0.0,0.0149120779884261,0.0652880521563524,0.0,0.0059065363082227,0.0117058819711495,0.00064749362593,6.910725898449,1.2935931203852078,1.0,0.0,1.8615609743995465,1.5809534734340849,0.0,1.595955744994664,1.77274636956234,1.0,7.296085655146154,993.0143761526203,67.92140682303575,302.7106577576344,25.654931900849267
11,265.0,29.924943724626125,0.9900000000000002,0.0,0.0011844939024024,0.0063412403989464,0.0,0.0005551384020748,0.0010424117455052,0.000876715551071,302.09,76.64,0.8772220199278361,0.3904611655092135,33.26893752551876,29.924843724626125,965.5105912328556,80.4087988617872,0.998018615166094,0.0,0.000101334107761,0.000638978371117,0.0,5.555301262260112e-05,9.651912746096388e-05,0.0010890002149443,0.9899975966221606,0.0,0.0011848185522569,0.0063429495083012,0.0,0.0005552881402065,0.0010426952529824,0.0008766519240922,6.161213116645063,1.360911770451681,1.0,0.0,1.748487668578332,1.522766038316104,0.0,1.517876765483587,1.6966323933960392,1.0,6.194157229336726,966.2255774553212,79.59167899763797,302.7106577576344,29.571779036695137
11,265.0,30.296487480280863,0.9900000000000002,0.0,0.0011844939024024,0.0063412403989464,0.0,0.0005551384020748,0.0010424117455052,0.000876715551071,302.09,76.64,0.8772220199278361,0.3953090746383202,33.26893752551876,29.924843724626125,965.0889468267624,81.30094298695346,0.9972315380373,0.0,0.0002079916128504,0.0012888270020593,0.0,0.0001121393925073,0.0001965019528903,0.0009630020023926,0.9809856595311982,0.0,0.0024017348352694,0.012639233206806,0.0,0.0011073506533256,0.0020968650080329,0.0007691567653678,6.125165287862791,1.3650052089748812,1.0,0.0,1.744733700492295,1.520189110748159,0.0,1.5153766807026368,1.693076337841146,1.0,6.194157229336726,966.2255774553212,79.59167899763797,302.7106577576344,29.571779036695137
11,265.0,30.6680312359356,0.9900000000000002,0.0,0.0011844939024024,0.0063412403989464,0.0,0.0005551384020748,0.0010424117455052,0.000876715551071,302.09,76.64,0.8772220199278361,0.4001569837674268,33.26893752551876,29.924843724626125,964.6410416971796,82.19216870270104,0.9963526554860126,0.0,0.000317952935451,0.0019358119283229,0.0,0.0001685660369674,0.0002979068099793,0.0009271068032666,0.9720970058314526,0.0,0.0036265715362825,0.0187565776375524,0.0,0.0016445730193741,0.0031405685790565,0.0007347033962814,6.08930541697629,1.3691059793513902,1.0,0.0,1.7410373550261231,1.5176026646043248,0.0,1.5128591408168337,1.6895596973661788,1.0,6.194157229336726,966.2255774553212,79.59167899763797,302.7106577576344,29.571779036695137
11,265.0,31.03957499159033,0.9900000000000002,0.0,0.0011844939024024,0.0063412403989464,0.0,0.0005551384020748,0.0010424117455052,0.000876715551071,302.09,76.64,0.8772220199278361,0.4050048928965336,33.26893752551876,29.924843724626125,964.1855569168468,83.08422020201854,0.9954549545131036,0.0,0.0004311641398499,0.0025787826484218,0.0,0.0002247308255038,0.0004005792571557,0.0009097886159648,0.96339734787973,0.0,0.004858322814612,0.0246899460414935,0.0,0.0021664658286013,0.0041724921826623,0.0007154252529008,6.05355025392352,1.373235541080176,1.0,0.0,1.737361489887069,1.5150194479016406,0.0,1.5103429573690137,1.6860593582146324,1.0,6.194157229336726,966.2255774553212,79.59167899763797,302.7106577576344,29.571779036695137
11,265.0,31.411118747245077,0.9900000000000002,0.0,0.0011844939024024,0.0063412403989464,0.0,0.0005551384020748,0.0010424117455052,0.000876715551071,302.09,76.64,0.8772220199278361,0.4098528020256403,33.26893752551876,29.924843724626125,963.7255086650227,83.9773714970446,0.994550357956154,0.0,0.0005477103257456,0.003217454910051,0.0,0.0002806069435691,0.0005044932202316,0.0008993766442482,0.9548918150955862,0.0,0.0060975833271858,0.0304427373806387,0.0,0.0026732797219808,0.0051927100804464,0.0007018743941618,6.017886546137632,1.3773715939973905,1.0,0.0,1.7337000450319913,1.5124416632472262,0.0,1.5078312255110569,1.6825715439717082,1.0,6.194157229336726,966.2255774553212,79.59167899763797,302.7106577576344,29.571779036695137
11,265.0,31.782662502899807,0.9900000000000002,0.0,0.0011844939024024,0.0063412403989464,0.0,0.0005551384020748,0.0010424117455052,0.000876715551071,302.09,76.64,0.8772220199278361,0.4147007111547469,33.26893752551876,29.924843724626125,963.2617971314024,84.87169784875968,0.9936425435088628,0.0,0.000667698510121,0.0038516593034918,0.0,0.0003361775288535,0.0006096385781474,0.0008922825705234,0.94657760964249,0.0,0.0073451591639166,0.0360192831980196,0.0,0.0031653486814862,0.0062014566171839,0.0006911426969036,5.9823100896817625,1.3815466489858728,1.0,0.0,1.7300511296727472,1.5098699501088362,0.0,1.505324881362396,1.6790950613496942,1.0,6.194157229336726,966.2255774553212,79.59167899763797,302.7106577576344,29.571779036695137
11,265.0,32.154206258554545,0.9900000000000002,0.0,0.0011844939024024,0.0063412403989464,0.0,0.0005551384020748,0.0010424117455052,0.000876715551071,302.09,76.64,0.8772220199278361,0.4195486202838536,33.26893752551876,29.924843724626125,962.7947675155084,85.7672220682671,0.9927330278654732,0.0,0.0007912441796747,0.004481254818444,0.0,0.0003914281518396,0.000716008127943,0.0008870368566251,0.9384500559677268,0.0,0.0086019086508634,0.0414239974344779,0.0,0.0036430155304963,0.0071989857160194,0.0006820367004161,5.946819219166496,1.385724699302462,1.0,0.0,1.726413935415318,1.5073047168603635,0.0,1.5028243070036176,1.675629265156326,1.0,6.194157229336726,966.2255774553212,79.59167899763797,302.7106577576344,29.571779036695137
11,265.0,32.52575001420928,0.9900000000000002,0.0,0.0011844939024024,0.0063412403989464,0.0,0.0005551384020748,0.0010424117455052,0.000876715551071,302.09,76.64,0.8772220199278361,0.4243965294129603,33.26893752551876,29.924843724626125,962.3245667522738,86.6639479897419,0.9918225568346584,0.0,0.0009184682367351,0.0051061091547029,0.0,0.0004463451024149,0.0008235945192918,0.0008829261521965,0.9305039724929188,0.0,0.0098687061152383,0.0466611915164888,0.0,0.0041066156597702,0.0081855391708033,0.0006739750447803,5.911412875610835,1.3899421892539374,1.0,0.0,1.7227880718731092,1.5047491702990583,0.0,1.500329648275998,1.6721741236218084,1.0,6.194157229336726,966.2255774553212,79.59167899763797,302.7106577576344,29.571779036695137
11,265.0,32.89729376986402,0.9900000000000002,0.0,0.0011844939024024,0.0063412403989464,0.0,0.0005551384020748,0.0010424117455052,0.000876715551071,302.09,76.64,0.8772220199278361,0.429244438542067,33.26893752551876,29.924843724626125,961.8512563650212,87.5618710690304,0.9909115449651836,0.0,0.0010494960411133,0.0057260925667541,0.0,0.0005009148537583,0.000932389207842,0.0008795623653486,0.9227340963087546,0.0,0.0111464304857166,0.0517350239385278,0.0,0.0045564725305736,0.0091613369823175,0.0006666397541097,5.8760904579316815,1.3941711370633307,1.0,0.0,1.7191733344829452,1.5022015366927146,0.0,1.4978410182898656,1.6687295378628917,1.0,6.194157229336726,966.2255774553212,79.59167899763797,302.7106577576344,29.571779036695137
11,265.0,33.268837525518755,0.9900000000000002,0.0,0.0011844939024024,0.0063412403989464,0.0,0.0005551384020748,0.0010424117455052,0.000876715551071,302.09,76.64,0.8772220199278361,0.4340923476711737,33.26893752551876,29.924843724626125,961.3748559777366,88.46098234396138,0.9900002451743148,0.0,0.0011844570550168,0.006341075644662,0.0,0.0005551238688779,0.0010423819958176,0.0008767162613107,0.9151352375251692,0.0,0.0124359611333191,0.0566494890049491,0.0,0.0049928966138858,0.0101265741527539,0.0006598415699223,5.840852134340101,1.3984250772226323,1.0,0.0,1.7155695197668492,1.499660504614982,0.0,1.4953584618475573,1.665295077405302,1.0,6.194157229336726,966.2255774553212,79.59167899763797,302.7106577576344,29.571779036695137
11,270.0,34.33996086440148,0.9900000000000002,0.0,0.0011844939024024,0.0063412403989464,0.0,0.0005551384020748,0.0010424117455052,0.000876715551071,302.09,76.64,0.8937733787943991,0.4480683828862405,37.65505405378983,34.33986086440147,936.103604395306,94.3197753040493,0.9978654304147028,0.0,0.0001234535401566,0.0007477763831862,0.0,6.694848625810558e-05,0.0001139365250196,0.0010824546506767,0.9899979901638872,0.0,0.0011847650277096,0.0063426696844887,0.0,0.0005552631481689,0.0010426489967336,0.0008766629790119,5.095420831534147,1.4843149042027128,1.0,0.0,1.6138845859132678,1.4469957506617523,0.0,1.4224784627906082,1.5913010443399251,1.0,5.130843724671824,936.9320241360858,93.30322734807504,302.7106577576344,33.91794976874195
11,270.0,34.70829344100018,0.9900000000000002,0.0,0.0011844939024024,0.0063412403989464,0.0,0.0005551384020748,0.0010424117455052,0.000876715551071,302.09,76.64,0.8937733787943991,0.4528743924973927,37.65505405378983,34.33986086440147,935.6366823143046,95.2414259861831,0.9970855943613984,0.0,0.0002308276766815,0.0013796830650426,0.0,0.0001232068786763,0.0002119751326424,0.0009687128855584,0.9825214888648408,0.0,0.0021910436884207,0.011577930488274,0.0,0.0010110217821564,0.0019188984789501,0.0007796166973576,5.063221482431706,1.4889462918748215,1.0,0.0,1.610709729217051,1.44473329954703,0.0,1.4203355446130217,1.588219926500407,1.0,5.130843724671824,936.9320241360858,93.30322734807504,302.7106577576344,33.91794976874195
11,270.0,35.07662601759888,0.9900000000000002,0.0,0.0011844939024024,0.0063412403989464,0.0,0.0005551384020748,0.0010424117455052,0.000876715551071,302.09,76.64,0.8937733787943991,0.4576804021085449,37.65505405378983,34.33986086440147,935.148363490566,96.16251506950287,0.9962268736226876,0.0,0.0003408247410938,0.002010074964876,0.0,0.0001790447994872,0.0003114129104006,0.0009317689614546,0.9751222612626192,0.0,0.0032002549605683,0.0166896032630483,0.0,0.0014537309702154,0.0027889719529246,0.0007451775906239,5.03119772436587,1.4935925245535289,1.0,0.0,1.6075835993306553,1.44246414398559,0.0,1.418182038446398,1.5851704914574207,1.0,5.130843724671824,936.9320241360858,93.30322734807504,302.7106577576344,33.91794976874195
11,270.0,35.444958594197594,0.9900000000000002,0.0,0.0011844939024024,0.0063412403989464,0.0,0.0005551384020748,0.0010424117455052,0.000876715551071,302.09,76.64,0.8937733787943991,0.4624864117196972,37.65505405378983,34.33986086440147,934.6528968791828,97.0848366009217,0.9953491028504124,0.0,0.0004533483156524,0.0026378905348057,0.0,0.0002343730550694,0.0004121101989161,0.0009131750451437,0.967855603510532,0.0,0.0042113150754649,0.0216724931387267,0.0,0.0018830536100653,0.0036517553580545,0.0007257793071566,4.999272107158235,1.4982614880669367,1.0,0.0,1.604475215067933,1.440196889959285,0.0,1.4160293066683218,1.5821345251802454,1.0,5.130843724671824,936.9320241360858,93.30322734807504,302.7106577576344,33.91794976874195
11,270.0,35.8132911707963,0.9900000000000002,0.0,0.0011844939024024,0.0063412403989464,0.0,0.0005551384020748,0.0010424117455052,0.000876715551071,302.09,76.64,0.8937733787943991,0.4672924213308494,37.65505405378983,34.33986086440147,934.1529749910244,98.00873295470343,0.9944636995694064,0.0,0.0005684330890813,0.0032628650078994,0.0,0.0002891740099653,0.0005140470554898,0.0009017812681575,0.9607286857260338,0.0,0.005224396095236,0.0265281038120155,0.0,0.0022992359126867,0.0045072347364401,0.0007123437175875,4.967430504976405,1.5029619020875644,1.0,0.0,1.6013786374518693,1.437933400213104,0.0,1.413884127454306,1.5791085186877247,1.0,5.130843724671824,936.9320241360858,93.30322734807504,302.7106577576344,33.91794976874195
11,270.0,36.181623747395,0.9900000000000002,0.0,0.0011844939024024,0.0063412403989464,0.0,0.0005551384020748,0.0010424117455052,0.000876715551071,302.09,76.64,0.8937733787943991,0.4720984309420016,37.65505405378983,34.33986086440147,933.6494547493814,98.9343162816133,0.993574393306438,0.0,0.0006861358667027,0.0038848591361566,0.0,0.000343441346793,0.0006172220418133,0.0008939483020963,0.9537411713978502,0.0,0.0062398633175116,0.0312588976216744,0.0,0.002702604163388,0.0053555578567051,0.0007019056428705,4.9356682972632,1.5076829408921348,1.0,0.0,1.598292036222844,1.435677029870828,0.0,1.4117430145275922,1.5760910874744158,1.0,5.130843724671824,936.9320241360858,93.30322734807504,302.7106577576344,33.91794976874195
11,270.0,36.549956323993705,0.9900000000000002,0.0,0.0011844939024024,0.0063412403989464,0.0,0.0005551384020748,0.0010424117455052,0.000876715551071,302.09,76.64,0.8937733787943991,0.4769044405531538,37.65505405378983,34.33986086440147,933.1426799240304,99.8616343014349,0.9926827653879094,0.0,0.0008065207692777,0.0045037679965566,0.0,0.0003971718815932,0.0007216384349379,0.000888135529725,0.9468907324984868,0.0,0.0072581315666171,0.0358675231213431,0.0,0.0030934971487668,0.006196907369652,0.0006932082951341,4.903982114261307,1.5124415716788435,1.0,0.0,1.595213738328215,1.4334259964928615,0.0,1.4096053293186557,1.5730824825383591,1.0,5.130843724671824,936.9320241360858,93.30322734807504,302.7106577576344,33.91794976874195
11,270.0,36.918288900592415,0.9900000000000002,0.0,0.0011844939024024,0.0063412403989464,0.0,0.0005551384020748,0.0010424117455052,0.000876715551071,302.09,76.64,0.8937733787943991,0.481710450164306,37.65505405378983,34.33986086440147,932.6328042660572,100.79071088399664,0.991789602328886,0.0,0.0009296556173764,0.0051194987333524,0.0,0.0004503635653743,0.0008273008203714,0.000883578934639,0.9401743925298268,0.0,0.0082796301531344,0.0403566301183651,0.0,0.0034722500988609,0.0070314699542812,0.0006856271455313,4.872371946636145,1.517221037674487,1.0,0.0,1.592145867013803,1.4311821558378823,0.0,1.4074724321686891,1.570078799698407,1.0,5.130843724671824,936.9320241360858,93.30322734807504,302.7106577576344,33.91794976874195
11,270.0,37.28662147719112,0.9900000000000002,0.0,0.0011844939024024,0.0063412403989464,0.0,0.0005551384020748,0.0010424117455052,0.000876715551071,302.09,76.64,0.8937733787943991,0.4865164597754582,37.65505405378983,34.33986086440147,932.1198977322564,101.72155939565717,0.990895340653557,0.0,0.0010556107438973,0.0057319632769307,0.0,0.0005030148294923,0.0009342139403535,0.000879856555769,0.9335889636910216,0.0,0.0093047914731257,0.0447288124540294,0.0,0.0038391898229722,0.007859426354097,0.0006788162047539,4.8408404037988495,1.5220347497351192,1.0,0.0,1.5890840375885382,1.4289398127153743,0.0,1.4053434745895697,1.5670883600515486,1.0,5.130843724671824,936.9320241360858,93.30322734807504,302.7106577576344,33.91794976874195
11,270.0,37.65495405378982,0.9900000000000002,0.0,0.0011844939024024,0.0063412403989464,0.0,0.0005551384020748,0.0010424117455052,0.000876715551071,302.09,76.64,0.8937733787943991,0.4913224693866104,37.65505405378983,34.33986086440147,931.6039884448292,102.6541877894862,0.990000242961834,0.0,0.0011844585431674,0.0063410755923228,0.0,0.0005551243369336,0.001042382225725,0.0008767163400172,0.927131214391814,0.0,0.0103340468603857,0.0489865898027461,0.0,0.0041946332541421,0.0086809478045735,0.0006725678863384,4.8093819862057225,1.5268700413396232,1.0,0.0,1.5860311468570745,1.4267035234430658,0.0,1.4032185682610074,1.5641028223497118,1.0,5.130843724671824,936.9320241360858,93.30322734807504,302.7106577576344,33.91794976874195
11,275.0,39.23086010427696,0.9900000000000002,0.0,0.0011844939024024,0.0063412403989464,0.0,0.0005551384020748,0.0010424117455052,0.000876715551071,302.09,76.64,0.910324737660962,0.5118849178533006,42.49034657936394,39.23076010427695,903.438383442915,110.88602742158815,0.9976788902886956,0.0,0.0001510725352291,0.000879650804535,0.0,8.11916798335272e-05,0.0001358246082539,0.0010733700834526,0.9899983237553772,0.0,0.0011847194905987,0.0063424326233233,0.0,0.0005552418611183,0.0010426096467327,0.0008766726228495,4.073944507941725,1.6396994896151966,1.0,0.0,1.4937008721479004,1.3777290253067576,0.0,1.3351297665425637,1.4917898716918323,1.0,4.11187312512685,904.4335281070778,109.60126774294156,302.7106577576344,38.72523437118672
11,275.0,39.5930141570644,0.9900000000000002,0.0,0.0011844939024024,0.0063412403989464,0.0,0.0005551384020748,0.0010424117455052,0.000876715551071,302.09,76.64,0.910324737660962,0.5166103099825731,42.49034657936394,39.23076010427695,902.9172775546194,111.8428659593677,0.9969086177518168,0.0,0.0002584338271006,0.0014910939660083,0.0,0.0001367938373362,0.0002318172648858,0.0009732433528522,0.9838632622486622,0.0,0.0020070879477332,0.0106494939141595,0.0,0.0009267425312543,0.0017624408351063,0.0007909725230841,4.045658778789687,1.645099915615822,1.0,0.0,1.491017128574731,1.3757339771441213,0.0,1.333304645337909,1.4891254731941612,1.0,4.11187312512685,904.4335281070778,109.60126774294156,302.7106577576344,38.72523437118672
11,275.0,39.95516820985184,0.9900000000000002,0.0,0.0011844939024024,0.0063412403989464,0.0,0.0005551384020748,0.0010424117455052,0.000876715551071,302.09,76.64,0.910324737660962,0.5213357021118455,42.49034657936394,39.23076010427695,902.3794201540776,112.79963651868822,0.9960729614067322,0.0,0.0003677296873919,0.0021023511443918,0.0,0.0001917103947881,0.0003290973737213,0.0009361499929745,0.9777752232648604,0.0,0.0028286275474287,0.0148740584544787,0.0,0.0012867133209357,0.0024783024671813,0.0007570749451149,4.017528607171967,1.650526411420519,1.0,0.0,1.4883725640417558,1.373733452063516,0.0,1.3314733761082158,1.4864854262374592,1.0,4.11187312512685,904.4335281070778,109.60126774294156,302.7106577576344,38.72523437118672
11,275.0,40.31732226263929,0.9900000000000002,0.0,0.0011844939024024,0.0063412403989464,0.0,0.0005551384020748,0.0010424117455052,0.000876715551071,302.09,76.64,0.910324737660962,0.526061094241118,42.49034657936394,39.23076010427695,901.8349771280856,113.75812224142008,0.995218712689437,0.0,0.0004788404602309,0.0027124809663579,0.0,0.0002458714112751,0.0004275402182216,0.0009165542544773,0.9717782228277791,0.0,0.0036483696796769,0.0190115002364081,0.0,0.0016349821352777,0.0031893113022451,0.0007376138186129,3.989490581053197,1.6559819616255744,1.0,0.0,1.4857431879140843,1.371734041734355,0.0,1.3296427227536616,1.4838561701620905,1.0,4.11187312512685,904.4335281070778,109.60126774294156,302.7106577576344,38.72523437118672
11,275.0,40.679476315426726,0.9900000000000002,0.0,0.0011844939024024,0.0063412403989464,0.0,0.0005551384020748,0.0010424117455052,0.000876715551071,302.09,76.64,0.910324737660962,0.5307864863703905,42.49034657936394,39.23076010427695,901.286202825776,114.71873106170816,0.9943563465902824,0.0,0.0005917639440377,0.0033212334703877,0.0,0.0002992708529085,0.0005271267025151,0.0009042584398682,0.9658801285183132,0.0,0.0044662737431044,0.0230621732910004,0.0,0.0019718053899566,0.0038954007710066,0.0007242182866184,3.961531264529257,1.661474903899918,1.0,0.0,1.4831233831257036,1.369737468133223,0.0,1.3278145488947912,1.4812346683373074,1.0,4.11187312512685,904.4335281070778,109.60126774294156,302.7106577576344,38.72523437118672
11,275.0,41.04163036821417,0.9900000000000002,0.0,0.0011844939024024,0.0063412403989464,0.0,0.0005551384020748,0.0010424117455052,0.000876715551071,302.09,76.64,0.910324737660962,0.535511878499663,42.49034657936394,39.23076010427695,900.733866136938,115.68161376417646,0.9934895209075706,0.0,0.0007065203583595,0.0039284881770593,0.0,0.0003519144445763,0.0006278574987506,0.0008956986136835,0.9600820955356948,0.0,0.0052824681532852,0.0270273151875674,0.0,0.0022975079440098,0.0045966516191704,0.0007139615602721,3.9336443781501536,1.6670028598317983,1.0,0.0,1.480511885205752,1.3677426393674028,0.0,1.3259938015766004,1.4786181884667975,1.0,4.11187312512685,904.4335281070778,109.60126774294156,302.7106577576344,38.72523437118672
11,275.0,41.40378442100161,0.9900000000000002,0.0,0.0011844939024024,0.0063412403989464,0.0,0.0005551384020748,0.0010424117455052,0.000876715551071,302.09,76.64,0.910324737660962,0.5402372706289355,42.49034657936394,39.23076010427695,900.1782896013921,116.64684529900552,0.9926198439729722,0.0,0.0008231369476264,0.004534163093925,0.0,0.0004038112333255,0.0007297391321581,0.0008893056199924,0.9543833256423596,0.0,0.0060971272950397,0.0309083843113417,0.0,0.0026124252277069,0.0052931834574941,0.0007055540660578,3.9058288858335657,1.6725674090595952,1.0,0.0,1.4779068183023008,1.3657535998786323,0.0,1.3241740888978153,1.476011666611139,1.0,4.11187312512685,904.4335281070778,109.60126774294156,302.7106577576344,38.72523437118672
11,275.0,41.765938473789056,0.9900000000000002,0.0,0.0011844939024024,0.0063412403989464,0.0,0.0005551384020748,0.0010424117455052,0.000876715551071,302.09,76.64,0.910324737660962,0.5449626627582079,42.49034657936394,39.23076010427695,899.6196213411368,117.61446650373972,0.9917481306847822,0.0,0.000941644223792,0.0051381921385483,0.0,0.0004549714893806,0.0008327805746156,0.0008842808888811,0.9487822753004364,0.0,0.0069104452191289,0.034706918336554,0.0,0.0029168910258201,0.0059851313976407,0.0006983387204195,3.8780842626089913,1.678175608159976,1.0,0.0,1.475310096079144,1.3637665036482702,0.0,1.3223576233988426,1.4734093786301028,1.0,4.11187312512685,904.4335281070778,109.60126774294156,302.7106577576344,38.72523437118672
11,275.0,42.128092526576495,0.9900000000000002,0.0,0.0011844939024024,0.0063412403989464,0.0,0.0005551384020748,0.0010424117455052,0.000876715551071,302.09,76.64,0.910324737660962,0.5496880548874804,42.49034657936394,39.23076010427695,899.0579321524089,118.58450776687306,0.9908748379427113,0.0,0.0010620742042099,0.0057405152205937,0.0,0.0005054058019432,0.0009369916437193,0.0008801751868225,0.9432771391032306,0.0,0.007722617422683,0.0384244384120333,0.0,0.0032112295985543,0.0066726302248255,0.0006919452386729,3.8504091245721135,1.6838159441188587,1.0,0.0,1.472720568240961,1.361786715278856,0.0,1.3205437087127343,1.4708118893054656,1.0,4.11187312512685,904.4335281070778,109.60126774294156,302.7106577576344,38.72523437118672
11,275.0,42.49024657936394,0.9900000000000002,0.0,0.0011844939024024,0.0063412403989464,0.0,0.0005551384020748,0.0010424117455052,0.000876715551071,302.09,76.64,0.910324737660962,0.5544134470167529,42.49034657936394,39.23076010427695,898.4932539447143,119.556995710375,0.9900002414710868,0.0,0.00118445986215,0.0063410749476565,0.0,0.0005551247819039,0.0010423825034758,0.0008767164337267,0.9378660218973944,0.0,0.0085338366137956,0.042062427729353,0.0,0.0034957541934232,0.0073558107561478,0.0006861488098854,3.82280413246782,1.689502322445673,1.0,0.0,1.470135306155673,1.3598091188489092,0.0,1.3187334569356497,1.4682222068765458,1.0,4.11187312512685,904.4335281070778,109.60126774294156,302.7106577576344,38.72523437118672
11,280.0,44.637074800275634,0.9900000000000002,0.0,0.0011844939024024,0.0063412403989464,0.0,0.0005551384020748,0.0010424117455052,0.000876715551071,302.09,76.64,0.926876096527525,0.5824252974983772,47.79910224665292,44.63697480027563,866.4275110892673,130.9717133263513,0.9974425882155304,0.0,0.0001865083530988,0.0010459187609992,0.0,9.94248414448757e-05,0.0001642145927621,0.0010613452361643,0.9899986097812336,0.0,0.0011846803184984,0.0063422295246782,0.0,0.0005552235258954,0.0010425757860415,0.0008766810636526,3.104579539755134,1.8443910306824391,1.0000000001364264,0.0,1.3854175843686645,1.3127947437964105,0.0,1.255108179971944,1.3971075975699003,1.0000000002454783,3.1449654870637134,867.6798743518019,129.30886906724652,302.7106577576344,44.02808165538378
11,280.0,44.98840007209533,0.9900000000000002,0.0,0.0011844939024024,0.0063412403989464,0.0,0.0005551384020748,0.0010424117455052,0.000876715551071,302.09,76.64,0.926876096527525,0.5870093955127261,47.79910224665292,44.63697480027563,865.8401978245166,131.97027432684638,0.996686174312466,0.0,0.0002927616887354,0.001633420031359,0.0,0.0001538027296855,0.0002577442174663,0.0009760970202877,0.9850577662639206,0.0,0.0018436375059003,0.0098211300274166,0.0,0.0008517945475594,0.0016224161168315,0.0008032555383715,3.0803631049690328,1.850746308549794,1.0,0.0,1.3830764989930788,1.3109602504909277,0.0,1.2535071968809988,1.394727625584139,1.0,3.1449654870637134,867.6798743518019,129.30886906724652,302.7106577576344,44.02808165538378
11,280.0,45.33972534391503,0.9900000000000002,0.0,0.0011844939024024,0.0063412403989464,0.0,0.0005551384020748,0.0010424117455052,0.000876715551071,302.09,76.64,0.926876096527525,0.591593493527075,47.79910224665292,44.63697480027563,865.2403465434026,132.96944436639546,0.9958781433997672,0.0,0.0004002808758754,0.002221962110981,0.0,0.0002072558290705,0.0003523787845272,0.0009399789997787,0.980144837921028,0.0,0.0024992876995682,0.0132475290713016,0.0,0.0011383904441299,0.0021993053780321,0.0007706494859399,3.056276543799933,1.857332313428492,1.0,0.0,1.380848737211694,1.3091897518733528,0.0,1.2519633014800329,1.3924521023829668,1.0,3.1449654870637134,867.6798743518019,129.30886906724652,302.7106577576344,44.02808165538378
11,280.0,45.69105061573472,0.9900000000000002,0.0,0.0011844939024024,0.0063412403989464,0.0,0.0005551384020748,0.0010424117455052,0.000876715551071,302.09,76.64,0.926876096527525,0.5961775915414238,47.79910224665292,44.63697480027563,864.6345263857944,133.9709166998788,0.9950527572909218,0.0,0.0005089429791453,0.002810755426062,0.0,0.0002597388881818,0.0004480104208321,0.0009197949948566,0.9752924498355372,0.0,0.0031508854229892,0.0166177650475518,0.0,0.0014149863858568,0.0027725932676137,0.0007513200404508,3.0322761106573823,1.863966338152354,1.0,0.0,1.378633160687803,1.3074199608470107,0.0,1.2504197902848375,1.3901847355874664,1.0,3.1449654870637134,867.6798743518019,129.30886906724652,302.7106577576344,44.02808165538378
11,280.0,46.04237588755442,0.9900000000000002,0.0,0.0011844939024024,0.0063412403989464,0.0,0.0005551384020748,0.0010424117455052,0.000876715551071,302.09,76.64,0.926876096527525,0.6007616895557727,47.79910224665292,44.63697480027563,864.0244573056983,134.97515991164917,0.9942190873908788,0.0,0.0006187226849913,0.0033995651132672,0.0,0.0003112590158,0.0005446175322828,0.0009067482627797,0.9705081498650556,0.0,0.003798312190282,0.0199315476151685,0.0,0.0016818418826776,0.0033421816490985,0.0007379667977176,3.008349586977689,1.870657131465316,1.0,0.0,1.3764269487422391,1.3056519657282513,0.0,1.2488802763340388,1.387923622946105,1.0,3.1449654870637134,867.6798743518019,129.30886906724652,302.7106577576344,44.02808165538378
11,280.0,46.393701159374125,0.9900000000000002,0.0,0.0011844939024024,0.0063412403989464,0.0,0.0005551384020748,0.0010424117455052,0.000876715551071,302.09,76.64,0.926876096527525,0.6053457875701217,47.79910224665292,44.63697480027563,863.4107691495431,135.98236126401224,0.9933805584879624,0.0,0.0007296170112421,0.003988282565561,0.0,0.0003618345392666,0.0006421983095972,0.0008975090863705,0.9657938621632556,0.0,0.0044415926230375,0.0231893505090924,0.0,0.0019392706287977,0.0039080984739557,0.0007278256018612,2.98449224022805,1.87738988611209,1.0,0.0,1.3742271636829344,1.303885877983603,0.0,1.2473435054103543,1.3856673798978556,1.0,3.1449654870637134,867.6798743518019,129.30886906724652,302.7106577576344,44.02808165538378
11,280.0,46.74502643119382,0.9900000000000002,0.0,0.0011844939024024,0.0063412403989464,0.0,0.0005551384020748,0.0010424117455052,0.000876715551071,302.09,76.64,0.926876096527525,0.6099298855844705,47.79910224665292,44.63697480027563,862.7937372488,136.99262337881504,0.9925387468842188,0.0,0.0008416300677202,0.0045768393945163,0.0,0.0004114867903445,0.0007407572557393,0.0008905396074607,0.9611497320344302,0.0,0.0050807915474223,0.0263918575333113,0.0,0.0021875923965501,0.004470407232909,0.0007196192553769,2.9607017474266315,1.884174900585557,1.0,0.0,1.3720324687368195,1.302123279765234,0.0,1.2458082317443462,1.38341574434049,1.0,3.1449654870637134,867.6798743518019,129.30886906724652,302.7106577576344,44.02808165538378
11,280.0,47.09635170301352,0.9900000000000002,0.0,0.0011844939024024,0.0063412403989464,0.0,0.0005551384020748,0.0010424117455052,0.000876715551071,302.09,76.64,0.926876096527525,0.6145139835988194,47.79910224665292,44.63697480027563,862.1734910891007,138.00601139317945,0.9916944751911994,0.0,0.0009547690883261,0.0051651845452862,0.0,0.0004602379301347,0.0008403016894511,0.0008850315556022,0.9565751865340096,0.0,0.0057159907923469,0.0295398376627743,0.0,0.0024271224764974,0.0050291865052025,0.0007126760291688,2.9369770892903238,1.8910213201343689,1.0,0.0,1.369842454429239,1.3003641485058886,0.0,1.2442745532516968,1.381168850845553,1.0,3.1449654870637134,867.6798743518019,129.30886906724652,302.7106577576344,44.02808165538378
11,280.0,47.447676974833215,0.9900000000000002,0.0,0.0011844939024024,0.0063412403989464,0.0,0.0005551384020748,0.0010424117455052,0.000876715551071,302.09,76.64,0.926876096527525,0.6190980816131683,47.79910224665292,44.63697480027563,861.5500917341686,139.02257367386258,0.9908482120069806,0.0,0.001069042824695,0.0057532752229136,0.0,0.0005081101099412,0.0009408403265975,0.000880519508872,0.9520693379891298,0.0,0.0063472784082468,0.0326340872140452,0.0,0.0026581671722253,0.0055845204740387,0.0007066087423141,2.913317661998833,1.8979158612223568,1.0,0.0,1.3676568621137517,1.298607218196212,0.0,1.2427425066039832,1.3789276079930517,1.0,3.1449654870637134,867.6798743518019,129.30886906724652,302.7106577576344,44.02808165538378
11,280.0,47.79900224665291,0.9900000000000002,0.0,0.0011844939024024,0.0063412403989464,0.0,0.0005551384020748,0.0010424117455052,0.000876715551071,302.09,76.64,0.926876096527525,0.6236821796275172,47.79910224665292,44.63697480027563,860.9235641587509,140.04234957896472,0.990000241327375,0.0,0.0011844609218982,0.006341073315396,0.0,0.0005551251541461,0.001042382730277,0.0008767165509075,0.9476311495859062,0.0,0.0069747447928027,0.0356754092238105,0.0,0.0028810225089411,0.0061364955102433,0.0007011783782959,2.889723404879625,1.904864919961241,1.0,0.0,1.3654755246953814,1.2968525138390234,0.0,1.2412158599795435,1.3766904181833433,1.0,3.1449654870637134,867.6798743518019,129.30886906724652,302.7106577576344,44.02808165538378
11,285.0,50.604627608042776,0.9900000000000002,0.0,0.0011844939024024,0.0063412403989464,0.0,0.0005551384020748,0.0010424117455052,0.000876715551071,302.09,76.64,0.943427455394088,0.6602900262009757,53.603793177999705,50.60452760804277,823.2959131660701,156.0043693322219,0.9971265649907024,0.0,0.0002338892620957,0.001267528155282,0.0,0.0001236226678014,0.0002027447281658,0.0010456501959523,0.9899988467914012,0.0,0.0011846477276249,0.0063420614184131,0.0,0.0005552082292153,0.0010425476189906,0.0008766882143547,2.198431717094918,2.130971370367305,1.0,0.0,1.2864635383257963,1.2497064786251926,0.0,1.1815790185794404,1.305817849068277,1.0,2.2410524707626744,824.9746819221486,153.77005765610247,302.7106577576344,49.86436423924916
11,285.0,50.93785711581577,0.9900000000000002,0.0,0.0011844939024024,0.0063412403989464,0.0,0.0005551384020748,0.0010424117455052,0.000876715551071,302.09,76.64,0.943427455394088,0.6646380103838174,53.603793177999705,50.60452760804277,822.6251769958742,157.05271641962298,0.9963918426876208,0.0,0.0003373316281655,0.0018256196968797,0.0,0.0001758372748438,0.0002928845316234,0.0009764841808667,0.9861444930209048,0.0,0.0016954952239888,0.0090650256957099,0.0,0.0007839297248102,0.0014945204010796,0.0008165359335066,2.1785427460107947,2.1403153027007646,1.0000000007045138,0.0,1.2848098410747504,1.248336656823072,0.0,1.1804588423738518,1.3041056550215189,1.0000000010435162,2.2410524707626744,824.9746819221486,153.77005765610247,302.7106577576344,49.86436423924916
11,285.0,51.27108662358876,0.9900000000000002,0.0,0.0011844939024024,0.0063412403989464,0.0,0.0005551384020748,0.0010424117455052,0.000876715551071,302.09,76.64,0.943427455394088,0.6689859945666592,53.603793177999705,50.60452760804277,821.945397733342,158.10262562553046,0.9956191554558064,0.0,0.0004414305803868,0.0023857847053985,0.0,0.0002269576554012,0.0003838964516761,0.0009427751513309,0.9823067593490474,0.0,0.0022018291585849,0.0117566934459346,0.0,0.0010044538696795,0.0019439914700036,0.0007862727067498,2.1587594049058856,2.1478340031059915,1.0,0.0,1.2827263584515127,1.2465751368544944,0.0,1.1790185181619135,1.3019196788933636,1.0,2.2410524707626744,824.9746819221486,153.77005765610247,302.7106577576344,49.86436423924916
11,285.0,51.60431613136175,0.9900000000000002,0.0,0.0011844939024024,0.0063412403989464,0.0,0.0005551384020748,0.0010424117455052,0.000876715551071,302.09,76.64,0.943427455394088,0.6733339787495008,53.603793177999705,50.60452760804277,821.2601747870618,159.15560349073078,0.9948312098538692,0.0,0.0005460788041733,0.002947414556083,0.0,0.0002769655853228,0.00047569313331,0.0009226380672413,0.9785074561124252,0.0,0.0027031639160868,0.0144145167884325,0.0,0.0012168594619231,0.0023905292397891,0.0007674744813432,2.139057988527897,2.1563583413736995,1.0,0.0,1.2808764270067583,1.2450092985035637,0.0,1.1777390914246764,1.2999815155972982,1.0,2.2410524707626744,824.9746819221486,153.77005765610247,302.7106577576344,49.86436423924916
11,285.0,51.93754563913474,0.9900000000000002,0.0,0.0011844939024024,0.0063412403989464,0.0,0.0005551384020748,0.0010424117455052,0.000876715551071,302.09,76.64,0.943427455394088,0.6776819629323426,53.603793177999705,50.60452760804277,820.5706258220819,160.21215519579542,0.994035209862745,0.0,0.0006512418514043,0.0035102995340484,0.0,0.0003258807373414,0.000568250533133,0.0009091174813275,0.9747529474768484,0.0,0.003199388370398,0.0170379589155079,0.0,0.0014213891732667,0.0028340313031957,0.000754284760783,2.1194319691842334,2.166018303252946,1.0000000005644931,0.0,1.2792769015743146,1.2436565134055608,0.0,1.1766375134181792,1.2983119615151637,1.0000000008825034,2.2410524707626744,824.9746819221486,153.77005765610247,302.7106577576344,49.86436423924916
11,285.0,52.27077514690774,0.9900000000000002,0.0,0.0011844939024024,0.0063412403989464,0.0,0.0005551384020748,0.0010424117455052,0.000876715551071,302.09,76.64,0.943427455394088,0.6820299471151845,53.603793177999705,50.60452760804277,819.8771930661171,161.272512653754,0.993234146009772,0.0,0.0007569052601536,0.0040743392897373,0.0,0.0003737320066268,0.0006615620294358,0.0008993154042741,0.9710454087601942,0.0,0.0036904932939328,0.0196270301487881,0.0,0.0016183198612953,0.0032744849636219,0.0007442629721675,2.0998602836464646,2.173643565370848,1.0,0.0,1.2771956500709802,1.2418829206428337,0.0,1.1751888133875523,1.2961200815877656,1.0,2.2410524707626744,824.9746819221486,153.77005765610247,302.7106577576344,49.86436423924916
11,285.0,52.60400465468073,0.9900000000000002,0.0,0.0011844939024024,0.0063412403989464,0.0,0.0005551384020748,0.0010424117455052,0.000876715551071,302.09,76.64,0.943427455394088,0.6863779312980262,53.603793177999705,50.60452760804277,819.1800730010691,162.33680963770186,0.9924294761359156,0.0,0.0008630619336164,0.0046394738019723,0.0,0.0004205507323773,0.0007556274699839,0.0008918099261345,0.967385506257054,0.0,0.0041765056943419,0.02218193522624,0.0,0.0018079319443765,0.0037119095473047,0.0007362113306827,2.0803621517683726,2.1835375745113312,1.0000000002709657,0.0,1.275618134710038,1.2405434362730712,0.0,1.1740985960100885,1.2944700368863051,1.0000000004341474,2.2410524707626744,824.9746819221486,153.77005765610247,302.7106577576344,49.86436423924916
11,285.0,52.93723416245372,0.9900000000000002,0.0,0.0011844939024024,0.0063412403989464,0.0,0.0005551384020748,0.0010424117455052,0.000876715551071,302.09,76.64,0.943427455394088,0.6907259154808679,53.603793177999705,50.60452760804277,818.4793548529353,163.40513751171213,0.9916219907882802,0.0,0.0009697080846028,0.0052056611604549,0.0,0.0004663685633151,0.0008504496558018,0.000885821747545,0.9637732594845216,0.0,0.0046574679479624,0.0247029612162773,0.0,0.0019905001461568,0.0041463380759365,0.0007294731291451,2.060913837461755,2.191247336210701,1.0,0.0,1.2735319802848442,1.238763372797168,0.0,1.1726444414606805,1.2922730546402517,1.0,2.2410524707626744,824.9746819221486,153.77005765610247,302.7106577576344,49.86436423924916
11,285.0,53.27046367022671,0.9900000000000002,0.0,0.0011844939024024,0.0063412403989464,0.0,0.0005551384020748,0.0010424117455052,0.000876715551071,302.09,76.64,0.943427455394088,0.6950738996637097,53.603793177999705,50.60452760804277,817.7750748139771,164.4775671746304,0.9908121518441338,0.0,0.0010768416416942,0.00577286883303,0.0,0.0005112166587394,0.0009460329612127,0.0008808880611896,0.9602083786738842,0.0,0.0051334295713692,0.0271904333012606,0.0,0.0021662902511807,0.0045778100410957,0.0007236581612094,2.0415398978177803,2.2013805749755395,1.0000000002425655,0.0,1.271970763137066,1.2374379819746937,0.0,1.1715656728006472,1.290640061085338,1.000000000487128,2.2410524707626744,824.9746819221486,153.77005765610247,302.7106577576344,49.86436423924916
11,285.0,53.6036931779997,0.9900000000000002,0.0,0.0011844939024024,0.0063412403989464,0.0,0.0005551384020748,0.0010424117455052,0.000876715551071,302.09,76.64,0.943427455394088,0.6994218838465515,53.603793177999705,50.60452760804277,817.0672396056788,165.55415790557325,0.9900002435438592,0.0,0.0011844615858305,0.0063410700151566,0.0,0.0005551253844925,0.001042382762939,0.0008767167077222,0.9566904124957502,0.0,0.0056044438998271,0.0296446970474961,0.0,0.0023355581459488,0.0050063684907919,0.0007185199201856,2.0222126291454963,2.209151367209944,1.0,0.0,1.269873985188266,1.2356447636166308,0.0,1.1701044430193517,1.2884314565950232,1.0,2.2410524707626744,824.9746819221486,153.77005765610247,302.7106577576344,49.86436423924916
11,290.0,57.19084894106488,0.9900000000000002,0.0,0.0011844939024024,0.0063412403989464,0.0,0.0005551384020748,0.0010424117455052,0.000876715551071,302.09,76.64,0.9599788142606508,0.7462271521537693,59.92114216436453,57.19074894106488,770.7922503894555,188.6494560851227,0.996668566266767,0.0,0.0003016058306231,0.0015884387362837,0.0,0.0001576815995638,0.0002588527470192,0.001024854819743,0.9899990658006635,0.0,0.0011846175861775,0.0063419062188516,0.0,0.0005551940817916,0.0010425215142721,0.0008766947982433,1.3725404414736313,2.580106238079256,1.000000000138913,0.0,1.1954676879994068,1.186576960365679,0.0,1.1146965953791537,1.2173964536730084,1.0000000001671223,1.4167983026644004,773.2637021553837,185.44864903964933,302.7106577576344,56.27641671412855
11,290.0,57.49420374365373,0.9900000000000002,0.0,0.0011844939024024,0.0063412403989464,0.0,0.0005551384020748,0.0010424117455052,0.000876715551071,302.09,76.64,0.9599788142606508,0.7501853306844171,59.92114216436453,57.19074894106488,770.0115867819535,189.7585243365976,0.9959705948303844,0.0,0.0003993861199716,0.0021072016749447,0.0,0.000206146379129,0.0003437143423242,0.0009729566532457,0.987160564204724,0.0,0.0015578676120433,0.0083548222032808,0.0,0.0007211085391162,0.0013746912709156,0.0008309461699196,1.3573954772786083,2.5919910445989616,1.000000000785774,0.0,1.1939568667195315,1.1852185816734429,0.0,1.113684348247707,1.2157752889491318,1.0000000009768872,1.4167983026644004,773.2637021553837,185.44864903964933,302.7106577576344,56.27641671412855
11,290.0,57.79755854624258,0.9900000000000002,0.0,0.0011844939024024,0.0063412403989464,0.0,0.0005551384020748,0.0010424117455052,0.000876715551071,302.09,76.64,0.9599788142606508,0.7541435092150649,59.92114216436453,57.19074894106488,769.2241976226113,190.8705904520414,0.9952476829249478,0.0,0.0004973326569628,0.0026287583587069,0.0,0.0002534813592194,0.0004291921430653,0.0009435525570976,0.9843326138311584,0.0,0.0019266134614279,0.0103506421992917,0.0,0.0008809216052261,0.0017046758996157,0.0008045330032799,1.342335986542544,2.603985651058747,1.000000000479163,0.0,1.1924565531205462,1.1838601943900309,0.0,1.112672252119501,1.2141690402448713,1.0000000005955023,1.4167983026644004,773.2637021553837,185.44864903964933,302.7106577576344,56.27641671412855
11,290.0,58.10091334883143,0.9900000000000002,0.0,0.0011844939024024,0.0063412403989464,0.0,0.0005551384020748,0.0010424117455052,0.000876715551071,302.09,76.64,0.9599788142606508,0.7581016877457127,59.92114216436453,57.19074894106488,768.4314782235014,191.98685969769383,0.9945125199391148,0.0,0.0005953696122857,0.0031527064665235,0.0,0.0002996919592196,0.0005152246919065,0.0009244873309498,0.9815274843040528,0.0,0.0022906086370126,0.0123278962262921,0.0,0.0010347537889908,0.0020322357566077,0.0007870212870438,1.3273502317351689,2.6161005813015605,1.0000000003845275,0.0,1.19095499060975,1.1825021692389457,0.0,1.1116561700606316,1.21256030949434,1.0000000004770813,1.4167983026644004,773.2637021553837,185.44864903964933,302.7106577576344,56.27641671412855
11,290.0,58.40426815142028,0.9900000000000002,0.0,0.0011844939024024,0.0063412403989464,0.0,0.0005551384020748,0.0010424117455052,0.000876715551071,302.09,76.64,0.9599788142606508,0.7620598662763606,59.92114216436453,57.19074894106488,767.6339380484901,193.10784492530743,0.9937700386618896,0.0,0.0006934658201394,0.0036788796647292,0.0,0.0003448055831262,0.0006017887654033,0.0009110215047119,0.9787497245793966,0.0,0.0026497842243696,0.0142860638384842,0.0,0.0011827983163041,0.0023572868243481,0.0007743422170974,1.3124255240023748,2.62835049987244,1.0000000003705038,0.0,1.189463086132521,1.1811447494313527,0.0,1.110646248392322,1.210956652982193,1.0000000004651293,1.4167983026644004,773.2637021553837,185.44864903964933,302.7106577576344,56.27641671412855
11,290.0,58.70762295400913,0.9900000000000002,0.0,0.0011844939024024,0.0063412403989464,0.0,0.0005551384020748,0.0010424117455052,0.000876715551071,302.09,76.64,0.9599788142606508,0.7660180448070085,59.92114216436453,57.19074894106488,766.8317822685419,194.23381590429588,0.9930225436898048,0.0,0.0007916056764255,0.0042071934427473,0.0,0.0003888559494892,0.0006888744586416,0.0009009267828912,0.976001257586208,0.0,0.0030041337942635,0.0162249597772747,0.0,0.0013252663011454,0.0026797999590048,0.0007645825821032,1.2975583132423114,2.640741168222991,1.0000000002337623,0.0,1.1879720240237333,1.1797879214080609,0.0,1.109637398383885,1.2093534798665118,1.0000000002929297,1.4167983026644004,773.2637021553837,185.44864903964933,302.7106577576344,56.27641671412855
11,290.0,59.01097775659798,0.9900000000000002,0.0,0.0011844939024024,0.0063412403989464,0.0,0.0005551384020748,0.0010424117455052,0.000876715551071,302.09,76.64,0.9599788142606508,0.7699762233376564,59.92114216436453,57.19074894106488,766.0250908464724,195.3649467107521,0.99227124857722,0.0,0.000889780108726,0.0047375975311739,0.0,0.0004318783402992,0.0007764774466437,0.0008930179959367,0.973282928514984,0.0,0.0033536759135313,0.0181445334096136,0.0,0.0014623694663516,0.0029997680335724,0.0007567246619473,1.282750421796508,2.653266462258904,1.0000000002243403,0.0,1.1864840622645494,1.178431775295885,0.0,1.1086294891415789,1.2077522649511887,1.0000000002856415,1.4167983026644004,773.2637021553837,185.44864903964933,302.7106577576344,56.27641671412855
11,290.0,59.31433255918683,0.9900000000000002,0.0,0.0011844939024024,0.0063412403989464,0.0,0.0005551384020748,0.0010424117455052,0.000876715551071,302.09,76.64,0.9599788142606508,0.7739344018683042,59.92114216436453,57.19074894106488,765.2138833112188,196.5013657925232,0.9915168470238998,0.0,0.000987983324758,0.0052700586954491,0.0,0.0004739079380386,0.0008645962055651,0.0008866068122892,0.9705950721161328,0.0,0.0036984412731809,0.0200448000719873,0.0,0.0015943145825064,0.0033171946832713,0.0007501772729208,1.267996722180469,2.6659390355416805,1.0000000002521916,0.0,1.1850036293689212,1.177076303738518,0.0,1.1076260987942528,1.2061539082022834,1.0000000003522864,1.4167983026644004,773.2637021553837,185.44864903964933,302.7106577576344,56.27641671412855
11,290.0,59.61768736177568,0.9900000000000002,0.0,0.0011844939024024,0.0063412403989464,0.0,0.0005551384020748,0.0010424117455052,0.000876715551071,302.09,76.64,0.9599788142606508,0.7778925803989519,59.92114216436453,57.19074894106488,764.3981469694443,197.6431783489488,0.9907597593255736,0.0,0.001086211384981,0.0058045532077426,0.0,0.0005149791486327,0.0009532307951539,0.0008812661379161,0.9679377586618152,0.0,0.0040384669247655,0.0219258103237932,0.0,0.0017213013060055,0.0036320892699409,0.0007445735136794,1.2533020926000562,2.67875507185986,1.000000000096133,0.0,1.1835221564202485,1.1757214636664115,0.0,1.1066233702636263,1.2045521903457983,1.0000000002903464,1.4167983026644004,773.2637021553837,185.44864903964933,302.7106577576344,56.27641671412855
11,290.0,59.92104216436453,0.9900000000000002,0.0,0.0011844939024024,0.0063412403989464,0.0,0.0005551384020748,0.0010424117455052,0.000876715551071,302.09,76.64,0.9599788142606508,0.7818507589295998,59.92114216436453,57.19074894106488,763.5778487376714,198.79047479309736,0.9900002500361668,0.0,0.0011844616031034,0.0063410637124016,0.0,0.0005551253541102,0.0010423823552691,0.0008767169389488,0.965310908103195,0.0,0.0043737939556214,0.0237876378673664,0.0,0.0018435216031306,0.0039444648712094,0.0007396735994772,1.238665239916313,2.691723109900787,1.0000000001262952,0.0,1.1820367288878673,1.1743675426242666,0.0,1.105616132810901,1.2029611662105324,1.0000000001732483,1.4167983026644004,773.2637021553837,185.44864903964933,302.7106577576344,56.27641671412855
12,200.0,2.651653714875754,0.99,0.0,0.0,0.0,0.0006640811856668,0.0071737092414652,0.0021622095728679,0.0,302.01,76.53,0.6622297274924671,0.034648552396129,5.524358477548137,2.651553714875754,1221.874180307875,7.302479822765234,0.9999018289211198,0.0,0.0,0.0,9.093669968386874e-06,6.238099406044078e-05,2.669641485142476e-05,0.0,0.9899641052164918,0.0,0.0,0.0,0.0006664555586502,0.0071994882758163,0.0021699509490415,0.0,22.52968442343663,0.682750194020234,1.0000000107627445,0.0,0.0,0.0,5.238950871824569,4.159998649618866,4.331911830960522,0.0,22.53960113748808,1221.920496490378,7.249541730897533,302.7106577576344,2.6239816647333654
12,200.0,2.970832021839352,0.99,0.0,0.0,0.0,0.0006640811856668,0.0071737092414652,0.0021622095728679,0.0,302.01,76.53,0.6622297274924671,0.0388191823054926,5.524358477548137,2.651553714875754,1221.3481572657429,7.915330436880975,0.9987741727843432,0.0,0.0,0.0,0.0001090216938261,0.0007919538942977,0.0003248516275327,0.0,0.8875739951488797,0.0,0.0,0.0,0.0071436123735393,0.0816716385863294,0.0236107538912514,0.0,22.41623417774847,0.6861900820354251,1.0000000094163652,0.0,0.0,0.0,5.204170914624581,4.136099946917634,4.29837065115463,0.0,22.53960113748808,1221.920496490378,7.249541730897533,302.7106577576344,2.6239816647333654
12,200.0,3.2900103288029507,0.99,0.0,0.0,0.0,0.0006640811856668,0.0071737092414652,0.0021622095728679,0.0,302.01,76.53,0.6622297274924671,0.0429898122148562,5.524358477548137,2.651553714875754,1220.8363944480172,8.532164778140192,0.997654691361856,0.0,0.0,0.0,0.0002004590937921,0.0015392000319057,0.0006056495124461,0.0,0.804857280408817,0.0,0.0,0.0,0.011877629961774,0.1434546263033501,0.0398104633260589,0.0,22.30441716281101,0.6895791686710233,1.000000006595033,0.0,0.0,0.0,5.17025420500093,4.112956176997181,4.265764354265453,0.0,22.53960113748808,1221.920496490378,7.249541730897533,302.7106577576344,2.6239816647333654
12,200.0,3.609188635766549,0.99,0.0,0.0,0.0,0.0006640811856668,0.0071737092414652,0.0021622095728679,0.0,302.01,76.53,0.6622297274924671,0.0471604421242198,5.524358477548137,2.651553714875754,1220.3377467568089,9.15278117399816,0.996542776677527,0.0,0.0,0.0,0.0002842545521073,0.0023029588668102,0.0008700099035554,0.0,0.736644042785045,0.0,0.0,0.0,0.0153721088418322,0.1957837878590753,0.0522000605140473,0.0,22.194122482487337,0.6929622192165219,1.00000000422112,0.0,0.0,0.0,5.1371451363485,4.090352587315611,4.234028720297189,0.0,22.53960113748808,1221.920496490378,7.249541730897533,302.7106577576344,2.6239816647333654
12,200.0,3.928366942730147,0.99,0.0,0.0,0.0,0.0006640811856668,0.0071737092414652,0.0021622095728679,0.0,302.01,76.53,0.6622297274924671,0.0513310720335835,5.524358477548137,2.651553714875754,1219.8511440388727,9.776994621215248,0.9954378531951468,0.0,0.0,0.0,0.000361169926562,0.0030821115499042,0.001118865328387,0.0,0.6794295644010703,0.0,0.0,0.0,0.0179641586816832,0.2408558686822174,0.061750408235029,0.0,22.085247506097843,0.6962956136248586,1.0000000032734502,0.0,0.0,0.0,5.104792301622474,4.068244708694982,4.203106160853494,0.0,22.53960113748808,1221.920496490378,7.249541730897533,302.7106577576344,2.6239816647333654
12,200.0,4.247545249693745,0.99,0.0,0.0,0.0,0.0006640811856668,0.0071737092414652,0.0021622095728679,0.0,302.01,76.53,0.6622297274924671,0.0555017019429471,5.524358477548137,2.651553714875754,1219.3755909487825,10.404636197170882,0.994339379062838,0.0,0.0,0.0,0.0004318878468711,0.0038755900900708,0.0013531430002199,0.0,0.6307539878309409,0.0,0.0,0.0,0.0198867694566448,0.2802164961562245,0.0691427465561896,0.0,21.97769705516996,0.6995809688448305,1.0000000024011575,0.0,0.0,0.0,5.073147254318811,4.046602639340711,4.172942060718742,0.0,22.53960113748808,1221.920496490378,7.249541730897533,302.7106577576344,2.6239816647333654
12,200.0,4.566723556657343,0.99,0.0,0.0,0.0,0.0006640811856668,0.0071737092414652,0.0021622095728679,0.0,302.01,76.53,0.6622297274924671,0.0596723318523107,5.524358477548137,2.651553714875754,1218.9101655850154,11.03555221574461,0.9932468467657456,0.0,0.0,0.0,0.0004970190611079,0.0046823832313103,0.0015737509418362,0.0,0.5888400154917997,0.0,0.0,0.0,0.0213052275455759,0.314986296574693,0.0748684603879313,0.0,21.871383551371515,0.7028724667420968,1.0000000015569033,0.0,0.0,0.0,5.042165305484668,4.025396110068511,4.143487360190489,0.0,22.53960113748808,1221.920496490378,7.249541730897533,302.7106577576344,2.6239816647333654
12,200.0,4.8859018636209415,0.99,0.0,0.0,0.0,0.0006640811856668,0.0071737092414652,0.0021622095728679,0.0,302.01,76.53,0.6622297274924671,0.0638429617616744,5.524358477548137,2.651553714875754,1218.4540171106296,11.669603266164168,0.9921597831286688,0.0,0.0,0.0,0.0005571094348071,0.0055015397394361,0.0017815676970879,0.0,0.552371560128767,0.0,0.0,0.0,0.0223393502520809,0.3459988999097168,0.0792901897094352,0.0,21.766226501090863,0.7061200922167373,1.0000000007575198,0.0,0.0,0.0,5.011805070024514,4.004597906714663,4.114696837633336,0.0,22.53960113748808,1221.920496490378,7.249541730897533,302.7106577576344,2.6239816647333654
12,200.0,5.205080170584539,0.99,0.0,0.0,0.0,0.0006640811856668,0.0071737092414652,0.0021622095728679,0.0,302.01,76.53,0.6622297274924671,0.068013591671038,5.524358477548137,2.651553714875754,1218.006362604627,12.306663203914567,0.9910777487348772,0.0,0.0,0.0,0.0006126465251252,0.0063321696679656,0.0019774350720318,0.0,0.5203532747466348,0.0,0.0,0.0,0.0230775799040232,0.3738884100573483,0.0826807352919935,0.0,21.662152119273085,0.7093296517660804,1.0,0.0,0.0,0.0,4.98202842351376,3.984182989705968,4.086529160264952,0.0,22.53960113748808,1221.920496490378,7.249541730897533,302.7106577576344,2.6239816647333654
12,200.0,5.524258477548138,0.99,0.0,0.0,0.0,0.0006640811856668,0.0071737092414652,0.0021622095728679,0.0,302.01,76.53,0.6622297274924671,0.0721842215804016,5.524358477548137,2.651553714875754,1217.5664833344415,12.946618122442471,0.9900003367714968,0.0,0.0,0.0,0.0006640656840511,0.0071734441607127,0.0021621533837394,0.0,0.4920184648904604,0.0,0.0,0.0,0.0235862062869428,0.3991466682099342,0.0852486606126625,0.0,21.55909387937469,0.7125471157031087,1.0,0.0,0.0,0.0,4.952800324987166,3.96412837249568,4.059028361501417,0.0,22.53960113748808,1221.920496490378,7.249541730897533,302.7106577576344,2.6239816647333654
12,205.0,3.390339707627648,0.99,0.0,0.0,0.0,0.0006640811856668,0.0071737092414652,0.0021622095728679,0.0,302.01,76.53,0.6787854706797788,0.0443007932526806,6.400302232268452,3.390239707627648,1206.2204076414705,9.19120003661324,0.9998797429754916,0.0,0.0,0.0,1.170662124018398e-05,7.688467839889562e-05,3.166572486936383e-05,0.0,0.9899721621694884,0.0,0.0,0.0,0.000665919360263,0.0071937057332613,0.0021682127369871,0.0,21.146437924825754,0.7106103910860391,1.0,0.0,0.0,0.0,4.505339016041788,3.8001318519157374,3.975019682677808,0.0,21.15779579629945,1206.2779501886548,9.12387059747945,302.7106577576344,3.35468958110042
12,205.0,3.724768877032182,0.99,0.0,0.0,0.0,0.0006640811856668,0.0071737092414652,0.0021622095728679,0.0,302.01,76.53,0.6787854706797788,0.0486707026921753,6.400302232268452,3.390239707627648,1205.6891696641007,9.82522690452716,0.99875621127574,0.0,0.0,0.0,0.000115350450903,0.0008078791379773,0.0003205591353796,0.0,0.905125099553442,0.0,0.0,0.0,0.0059829873904631,0.0688783871299715,0.0200135259261231,0.0,21.040726557965183,0.7139635617275268,1.0,0.0,0.0,0.0,4.4779263491842345,3.780414983477189,3.9474150704836704,0.0,21.15779579629945,1206.2779501886548,9.12387059747945,302.7106577576344,3.35468958110042
12,205.0,4.059198046436716,0.99,0.0,0.0,0.0,0.0006640811856668,0.0071737092414652,0.0021622095728679,0.0,302.01,76.53,0.6787854706797788,0.0530406121316701,6.400302232268452,3.390239707627648,1205.1723785118484,10.463429328150465,0.9976404740979844,0.0,0.0,0.0,0.0002088195713601,0.0015556665827509,0.0005950397479046,0.0,0.8340913808919905,0.0,0.0,0.0,0.009953977167142,0.1218133587942505,0.0341412831466169,0.0,20.93644686988288,0.7172839187505069,1.0,0.0,0.0,0.0,4.451255363231214,3.7611302874059143,3.920619973502996,0.0,21.15779579629945,1206.2779501886548,9.12387059747945,302.7106577576344,3.35468958110042
12,205.0,4.393627215841249,0.99,0.0,0.0,0.0,0.0006640811856668,0.0071737092414652,0.0021622095728679,0.0,302.01,76.53,0.6787854706797788,0.0574105215711648,6.400302232268452,3.390239707627648,1204.6686899075776,11.105555369379832,0.9965318804538862,0.0,0.0,0.0,0.0002933619371923,0.0023191165035014,0.00085564110542,0.0,0.7737543764795247,0.0,0.0,0.0,0.0129371801199411,0.1678907402664876,0.0454177031340465,0.0,20.83349604206844,0.7205896398798713,1.0,0.0,0.0,0.0,4.425235449006001,3.7422504857950334,3.8944809992091582,0.0,21.15779579629945,1206.2779501886548,9.12387059747945,302.7106577576344,3.35468958110042
12,205.0,4.728056385245783,0.99,0.0,0.0,0.0,0.0006640811856668,0.0071737092414652,0.0021622095728679,0.0,302.01,76.53,0.6787854706797788,0.0617804310106596,6.400302232268452,3.390239707627648,1204.1768963255386,11.751382986551366,0.9954298349191704,0.0,0.0,0.0,0.0003700513682032,0.0030971619810407,0.0011029517315854,0.0,0.7218692156824775,0.0,0.0,0.0,0.0151835733512374,0.2084777692205221,0.0544694417457629,0.0,20.731780831380004,0.7238472084451573,1.0,0.0,0.0,0.0,4.399759627250756,3.723750196441628,3.868947196164231,0.0,21.15779579629945,1206.2779501886548,9.12387059747945,302.7106577576344,3.35468958110042
12,205.0,5.062485554650317,0.99,0.0,0.0,0.0,0.0006640811856668,0.0071737092414652,0.0021622095728679,0.0,302.01,76.53,0.6787854706797788,0.0661503404501544,6.400302232268452,3.390239707627648,1203.695911964041,12.400716383083092,0.9943337929282144,0.0,0.0,0.0,0.0004398135683191,0.0038888006967537,0.0013375928067127,0.0,0.6767779938465711,0.0,0.0,0.0,0.016872874310869,0.2445882930593886,0.0617608387831711,0.0,20.63121666962336,0.7270876444487826,1.0,0.0,0.0,0.0,4.3747948234827385,3.705605939432001,3.843979867286628,0.0,21.15779579629945,1206.2779501886548,9.12387059747945,302.7106577576344,3.35468958110042
12,205.0,5.3969147240548505,0.99,0.0,0.0,0.0,0.0006640811856668,0.0071737092414652,0.0021622095728679,0.0,302.01,76.53,0.6787854706797788,0.0705202498896491,6.400302232268452,3.390239707627648,1203.2247594789103,13.053382752443966,0.9932432565352848,0.0,0.0,0.0,0.000503448230458,0.0046930945891495,0.0015602006451076,0.0,0.6372297507231053,0.0,0.0,0.0,0.0181361889374242,0.2769911102817154,0.0676429500577548,0.0,20.53172684605168,0.7303088574109765,1.0,0.0,0.0,0.0,4.350310429468844,3.687796082352498,3.819543669872741,0.0,21.15779579629945,1206.2779501886548,9.12387059747945,302.7106577576344,3.35468958110042
12,205.0,5.7313438934593846,0.99,0.0,0.0,0.0,0.0006640811856668,0.0071737092414652,0.0021622095728679,0.0,302.01,76.53,0.6787854706797788,0.0748901593291439,6.400302232268452,3.390239707627648,1202.7625582544697,13.709229423448246,0.9921577705331732,0.0,0.0,0.0,0.0005616477592139,0.0055091685089036,0.0017714131987093,0.0,0.6022628593874749,0.0,0.0,0.0,0.0190706926697778,0.3062807060950429,0.0723857418477043,0.0,20.43324175958762,0.7334871271975225,1.0,0.0,0.0,0.0,4.326278188190381,3.670329838120184,3.795606338844477,0.0,21.15779579629945,1206.2779501886548,9.12387059747945,302.7106577576344,3.35468958110042
12,205.0,6.065773062863919,0.99,0.0,0.0,0.0,0.0006640811856668,0.0071737092414652,0.0021622095728679,0.0,302.01,76.53,0.6787854706797788,0.0792600687686386,6.400302232268452,3.390239707627648,1202.3085140185897,14.368121375523051,0.9910769188682708,0.0,0.0,0.0,0.0006150131006706,0.0063362081447139,0.0019718598863446,0.0,0.5711259664895262,0.0,0.0,0.0,0.0197494062594021,0.3329247688630466,0.076199858388025,0.0,20.33569823994261,0.7366710491377993,1.0,0.0,0.0,0.0,4.302672063942222,3.65323736822236,3.772138425694143,0.0,21.15779579629945,1206.2779501886548,9.12387059747945,302.7106577576344,3.35468958110042
12,205.0,6.400202232268453,0.99,0.0,0.0,0.0,0.0006640811856668,0.0071737092414652,0.0021622095728679,0.0,302.01,76.53,0.6787854706797788,0.0836299782081334,6.400302232268452,3.390239707627648,1201.8619095904053,15.02993906567674,0.9900003212210065,0.0,0.0,0.0,0.0006640671198056,0.00717345751173,0.0021621541474579,0.0,0.5432235048527781,0.0,0.0,0.0,0.020227858178577,0.3572969161093318,0.0792517208593129,0.0,20.239039961852303,0.7398233205093746,1.0,0.0,0.0,0.0,4.279468087119866,3.636419240144497,3.749113030176392,0.0,21.15779579629945,1206.2779501886548,9.12387059747945,302.7106577576344,3.35468958110042
12,210.0,4.278662469635714,0.99,0.0,0.0,0.0,0.0006640811856668,0.0071737092414652,0.0021622095728679,0.0,302.01,76.53,0.6953412138670905,0.0559083035363349,7.414458926409706,4.278562469635714,1190.2230008987726,11.43954012151859,0.9998535497819336,0.0,0.0,0.0,1.4888039569243947e-05,9.420556007571444e-05,3.7356618421284105e-05,0.0,0.9899781531962354,0.0,0.0,0.0,0.0006655205446371,0.0071894055672667,0.0021669206918607,0.0,19.78097282086849,0.7405181877147904,1.0,0.0,0.0,0.0,3.905501564767678,3.480271704503221,3.6599333386767032,0.0,19.793904820789816,1190.2941504876192,11.354703713715036,302.7106577576344,4.233266563955471
12,210.0,4.627073187055046,0.99,0.0,0.0,0.0,0.0006640811856668,0.0071737092414652,0.0021622095728679,0.0,302.01,76.53,0.6953412138670905,0.0604609066647725,7.414458926409706,4.278562469635714,1189.6859407912832,12.093236022597502,0.9987341975376,0.0,0.0,0.0,0.0001217419416477,0.000826680811065,0.0003173797096872,0.0,0.9195048038981202,0.0,0.0,0.0,0.005041393605758,0.0584016568507452,0.0170521456453766,0.0,19.68247658501353,0.7438138570427747,1.0,0.0,0.0,0.0,3.8838858654746704,3.4637901287933386,3.63714080182114,0.0,19.793904820789816,1190.2941504876192,11.354703713715036,302.7106577576344,4.233266563955471
12,210.0,4.975483904474379,0.99,0.0,0.0,0.0,0.0006640811856668,0.0071737092414652,0.0021622095728679,0.0,302.01,76.53,0.6953412138670905,0.0650135097932102,7.414458926409706,4.278562469635714,1189.1635485212753,12.75125555404504,0.9976224642075836,0.0,0.0,0.0,0.0002168454677544,0.0015750203559493,0.0005856699687126,0.0,0.8587591940800373,0.0,0.0,0.0,0.0083644225000424,0.1035698905051606,0.0293064929147596,0.0,19.58524068210376,0.7470582220075102,1.0,0.0,0.0,0.0,3.862726975331766,3.4477357001558366,3.6148760540209386,0.0,19.793904820789816,1190.2941504876192,11.354703713715036,302.7106577576344,4.233266563955471
12,210.0,5.323894621893712,0.99,0.0,0.0,0.0,0.0006640811856668,0.0071737092414652,0.0021622095728679,0.0,302.01,76.53,0.6953412138670905,0.0695661129216478,7.414458926409706,4.278562469635714,1188.6542304459922,13.413295476301656,0.9965175925820452,0.0,0.0,0.0,0.0003018616823424,0.0023380915627793,0.0008424541728331,0.0,0.805859454061684,0.0,0.0,0.0,0.0108978133884737,0.1437936756007008,0.0394490569491414,0.0,19.489166275006948,0.7503092121291495,1.0,0.0,0.0,0.0,3.841995860361167,3.4319870786558124,3.5931030189435798,0.0,19.793904820789816,1190.2941504876192,11.354703713715036,302.7106577576344,4.233266563955471
12,210.0,5.672305339313044,0.99,0.0,0.0,0.0,0.0006640811856668,0.0071737092414652,0.0021622095728679,0.0,302.01,76.53,0.6953412138670905,0.0741187160500855,7.414458926409706,4.278562469635714,1188.1566103503112,14.079097952994976,0.9954189199923784,0.0,0.0,0.0,0.0003781770247454,0.0031148584367624,0.0010880445461135,0.0,0.7593795673960281,0.0,0.0,0.0,0.0128316978634727,0.1799118064586347,0.0478769282818642,0.0,19.394166451186603,0.7535181064627168,1.0,0.0,0.0,0.0,3.821666112864418,3.4165248070546457,3.571789313305579,0.0,19.793904820789816,1190.2941504876192,11.354703713715036,302.7106577576344,4.233266563955471
12,210.0,6.020716056732376,0.99,0.0,0.0,0.0,0.0006640811856668,0.0071737092414652,0.0021622095728679,0.0,302.01,76.53,0.6953412138670905,0.0786713191785231,7.414458926409706,4.278562469635714,1187.6694932422938,14.748442802468158,0.9943258634633046,0.0,0.0,0.0,0.0004469523943779,0.0039043715225999,0.0013228126197174,0.0,0.7182192763001625,0.0,0.0,0.0,0.0143056166925394,0.2125761632924794,0.0548989437148185,0.0,19.30016442885306,0.7567038478539466,1.0,0.0,0.0,0.0,3.801713669746973,3.4013313150325324,3.5509058049414888,0.0,19.793904820789816,1190.2941504876192,11.354703713715036,302.7106577576344,4.233266563955471
12,210.0,6.3691267741517095,0.99,0.0,0.0,0.0,0.0006640811856668,0.0071737092414652,0.0021622095728679,0.0,302.01,76.53,0.6953412138670905,0.0832239223069608,7.414458926409706,4.278562469635714,1187.1918359515228,15.421141172568143,0.9932379076089156,0.0,0.0,0.0,0.0005091642675427,0.004705759189971,0.0015471689335705,0.0,0.6815161190735105,0.0,0.0,0.0,0.0154234189729713,0.2423017307209379,0.06075873123258,0.0,19.207092076744352,0.7598810064202368,1.0,0.0,0.0,0.0,3.78211656790493,3.386390654095692,3.5304262328064664,0.0,19.793904820789816,1190.2941504876192,11.354703713715036,302.7106577576344,4.233266563955471
12,210.0,6.717537491571042,0.99,0.0,0.0,0.0,0.0006640811856668,0.0071737092414652,0.0021622095728679,0.0,302.01,76.53,0.6953412138670905,0.0877765254353984,7.414458926409706,4.278562469635714,1186.722723217672,16.09703039245276,0.9921545947292152,0.0,0.0,0.0,0.0005656377775962,0.0055182200912643,0.0017615474019243,0.0,0.6485845003717255,0.0,0.0,0.0,0.0162633513851937,0.2695013050909892,0.0656508431520914,0.0,19.114888696998214,0.7630166224393016,1.0,0.0,0.0,0.0,3.7629030946590905,3.371688310190793,3.5103268663344784,0.0,19.793904820789816,1190.2941504876192,11.354703713715036,302.7106577576344,4.233266563955471
12,210.0,7.065948208990374,0.99,0.0,0.0,0.0,0.0006640811856668,0.0071737092414652,0.0021622095728679,0.0,302.01,76.53,0.6953412138670905,0.092329128563836,7.414458926409706,4.278562469635714,1186.2613481809349,16.775969779627722,0.9910755166684752,0.0,0.0,0.0,0.0006170733627711,0.0063410165897068,0.0019663933790468,0.0,0.6188725768756531,0.0,0.0,0.0,0.016885021957037,0.2945101003545951,0.0697323008127147,0.0,19.02350001395961,0.766162787770957,1.0,0.0,0.0,0.0,3.744043705760325,3.357211052360847,3.4905862081958663,0.0,19.793904820789816,1190.2941504876192,11.354703713715036,302.7106577576344,4.233266563955471
12,210.0,7.414358926409706,0.99,0.0,0.0,0.0,0.0006640811856668,0.0071737092414652,0.0021622095728679,0.0,302.01,76.53,0.6953412138670905,0.0968817316922737,7.414458926409706,4.278562469635714,1185.806996344191,17.457837195735745,0.9900003079836242,0.0,0.0,0.0,0.0006640682880207,0.0071734690636553,0.0021621546646998,0.0,0.5919311620792778,0.0,0.0,0.0,0.0173342888438201,0.3176035315358933,0.0731310175410088,0.0,18.932878381092365,0.7692760517031346,1.0,0.0,0.0,0.0,3.725479820278668,3.3429467923161216,3.4712327364418765,0.0,19.793904820789816,1190.2941504876192,11.354703713715036,302.7106577576344,4.233266563955471
12,215.0,5.335545491424257,0.99,0.0,0.0,0.0,0.0006640811856668,0.0071737092414652,0.0021622095728679,0.0,302.01,76.53,0.7118969570544021,0.0697183521680943,8.584852732459977,5.335445491424257,1173.820919783196,14.095384225679013,0.9998225854125664,0.0,0.0,0.0,1.872329694624772e-05,0.0001148269710301,4.386431945731092e-05,0.0,0.9899826801492164,0.0,0.0,0.0,0.0006652191245968,0.0071861559428669,0.0021659447833197,0.0,18.43356000554721,0.7726949427846904,1.0,0.0,0.0,0.0,3.411091620742769,3.1953257245820708,3.379781635378707,0.0,18.448205290897207,1173.908539729092,13.989350648063478,302.7106577576344,5.278346606766283
12,215.0,5.696568518206004,0.99,0.0,0.0,0.0,0.0006640811856668,0.0071737092414652,0.0021622095728679,0.0,302.01,76.53,0.7118969570544021,0.0744357574572847,8.584852732459977,5.335445491424257,1173.2774054481454,14.767373781083045,0.9987076275911086,0.0,0.0,0.0,0.0001282442997299,0.0008487412050122,0.0003153869041492,0.0,0.9313134748988162,0.0,0.0,0.0,0.0042754442725288,0.0498018983264593,0.0146091825021955,0.0,18.341829093416887,0.7759389663970077,1.0,0.0,0.0,0.0,3.393911047570578,3.1815494348112985,3.360826753759073,0.0,18.448205290897207,1173.908539729092,13.989350648063478,302.7106577576344,5.278346606766283
12,215.0,6.0575915449877495,0.99,0.0,0.0,0.0,0.0006640811856668,0.0071737092414652,0.0021622095728679,0.0,302.01,76.53,0.7118969570544021,0.0791531627464752,8.584852732459977,5.335445491424257,1172.748766761875,15.44379159068592,0.99760026248052,0.0,0.0,0.0,0.0002245833349721,0.001597543729631,0.0005776104548768,0.0,0.879519043840429,0.0,0.0,0.0,0.0070528266927165,0.0882314488959157,0.0251966805709389,0.0,18.251208557397877,0.7791649484179822,1.0,0.0,0.0,0.0,3.377066235275957,3.168028365492084,3.342273553838406,0.0,18.448205290897207,1173.908539729092,13.989350648063478,302.7106577576344,5.278346606766283
12,215.0,6.4186145717694965,0.99,0.0,0.0,0.0,0.0006640811856668,0.0071737092414652,0.0021622095728679,0.0,302.01,76.53,0.7118969570544021,0.0838705680356657,8.584852732459977,5.335445491424257,1172.2331348633709,16.12428533842455,0.9964995832734294,0.0,0.0,0.0,0.0003098149469452,0.0023600772352451,0.0008305245443803,0.0,0.8334596478026672,0.0,0.0,0.0,0.009196468486221,0.1231084727335375,0.0342354109775742,0.0,18.16160381483674,0.7823435994559069,1.0,0.0,0.0,0.0,3.3605344305984115,3.154744396803184,3.3240927783227643,0.0,18.448205290897207,1173.908539729092,13.989350648063478,302.7106577576344,5.278346606766283
12,215.0,6.779637598551243,0.99,0.0,0.0,0.0,0.0006640811856668,0.0071737092414652,0.0021622095728679,0.0,302.01,76.53,0.7118969570544021,0.0885879733248561,8.584852732459977,5.335445491424257,1171.7289510616242,16.808564652589734,0.9954048284940584,0.0,0.0,0.0,0.0003856253353023,0.0031353211139333,0.0010742250567058,0.0,0.7922342316945168,0.0,0.0,0.0,0.0108529401378107,0.1549406423893073,0.0419721857783651,0.0,18.072932604696312,0.7855333475938118,1.0,0.0,0.0,0.0,3.344295558719975,3.141681719599433,3.3062591141595963,0.0,18.448205290897207,1173.908539729092,13.989350648063478,302.7106577576344,5.278346606766283
12,215.0,7.14066062533299,0.99,0.0,0.0,0.0,0.0006640811856668,0.0071737092414652,0.0021622095728679,0.0,302.01,76.53,0.7118969570544021,0.0933053786140466,8.584852732459977,5.335445491424257,1171.2349043390298,17.49638850466361,0.9943153531469274,0.0,0.0,0.0,0.0004533938969596,0.0039223681268982,0.0013088848292147,0.0,0.755121072841434,0.0,0.0,0.0,0.012131509841586,0.1841398778990174,0.0486075394179623,0.0,17.985124254919164,0.788680415508167,1.0,0.0,0.0,0.0,3.328331895583573,3.1288261990269945,3.288750089850772,0.0,18.448205290897207,1173.908539729092,13.989350648063478,302.7106577576344,5.278346606766283
12,215.0,7.501683652114737,0.99,0.0,0.0,0.0,0.0006640811856668,0.0071737092414652,0.0021622095728679,0.0,302.01,76.53,0.7118969570544021,0.0980227839032371,8.584852732459977,5.335445491424257,1170.7498827910458,18.1875554359995,0.993230606311839,0.0,0.0,0.0,0.0005142564305229,0.0047204059640109,0.0015347312936271,0.0,0.7215352979734263,0.0,0.0,0.0,0.0131145794399705,0.2110442121092967,0.0543059104773064,0.0,17.89811766512453,0.7918212377592255,1.0,0.0,0.0,0.0,3.312627489714371,3.116165569979386,3.271546069987587,0.0,18.448205290897207,1173.908539729092,13.989350648063478,302.7106577576344,5.278346606766283
12,215.0,7.862706678896483,0.99,0.0,0.0,0.0,0.0006640811856668,0.0071737092414652,0.0021622095728679,0.0,302.01,76.53,0.7118969570544021,0.1027401891924275,8.584852732459977,5.335445491424257,1170.2729357784276,18.881895935390705,0.9921501136430424,0.0,0.0,0.0,0.0005691542162361,0.0055287026558266,0.0017520294848946,0.0,0.6909979261256417,0.0,0.0,0.0,0.0138649465530426,0.2359338876787886,0.0592032396425269,0.0,17.811859529460115,0.7949438248002054,1.0,0.0,0.0,0.0,3.2971680445034384,3.1036887900810517,3.2546295209305383,0.0,18.448205290897207,1173.908539729092,13.989350648063478,302.7106577576344,5.278346606766283
12,215.0,8.223729705678231,0.99,0.0,0.0,0.0,0.0006640811856668,0.0071737092414652,0.0021622095728679,0.0,302.01,76.53,0.7118969570544021,0.107457594481618,8.584852732459977,5.335445491424257,1169.8032443048749,19.57926647338029,0.991073463638486,0.0,0.0,0.0,0.0006188722610341,0.0063465949562852,0.0019610691441945,0.0,0.6631129483452758,0.0,0.0,0.0,0.0144309304312612,0.2590433957129269,0.0634127255105361,0.0,17.726303030578748,0.7980444152111005,1.0,0.0,0.0,0.0,3.281940648657781,3.0913859428189814,3.237984752129577,0.0,18.448205290897207,1173.908539729092,13.989350648063478,302.7106577576344,5.278346606766283
12,215.0,8.584752732459977,0.99,0.0,0.0,0.0,0.0006640811856668,0.0071737092414652,0.0021622095728679,0.0,302.01,76.53,0.7118969570544021,0.1121749997708085,8.584852732459977,5.335445491424257,1169.3400976561904,20.27954478226944,0.9900002967092468,0.0,0.0,0.0,0.000664069243247,0.0071734790828232,0.0021621549646829,0.0,0.6375501086489291,0.0,0.0,0.0,0.0148500379742706,0.2805706096403757,0.0670292437364245,0.0,17.641407824609875,0.8011478913279454,1.0,0.0,0.0,0.0,3.2669335787372025,3.0792733488379977,3.221597628972766,0.0,18.448205290897207,1173.908539729092,13.989350648063478,302.7106577576344,5.278346606766283
12,220.0,6.580794172931586,0.99,0.0,0.0,0.0,0.0006640811856668,0.0071737092414652,0.0021622095728679,0.0,302.01,76.53,0.7284527002417138,0.0859897317774936,9.930452638613804,6.580694172931587,1156.9465543960328,17.2121420788045,0.9997860705150138,0.0,0.0,0.0,2.3305886542270196e-05,0.0001393208182625,5.13027801814862e-05,0.0,0.9899861302561012,0.0,0.0,0.0,0.0006649893529727,0.0071836790414747,0.0021652013494511,0.0,17.104643120189188,0.8074482584188353,1.0,0.0,0.0,0.0,3.000938033034216,2.9402981701582704,3.129603555397152,0.0,17.121140165384258,1157.0541060432145,17.08052563899556,302.7106577576344,6.509407158415541
12,220.0,6.952967335785166,0.99,0.0,0.0,0.0,0.0006640811856668,0.0071737092414652,0.0021622095728679,0.0,302.01,76.53,0.7284527002417138,0.0908528333435929,9.930452638613804,6.580694172931587,1156.395903923034,17.901200388217944,0.9986758827577306,0.0,0.0,0.0,0.0001349169322552,0.0008745252996601,0.0003146750103539,0.0,0.941040679510096,0.0,0.0,0.0,0.0036502352172541,0.0427209583276624,0.0125881269449874,0.0,17.019283749566657,0.8106761832992468,1.0,0.0,0.0,0.0,2.987149612189973,2.928676508160072,3.113694400492703,0.0,17.121140165384258,1157.0541060432145,17.08052563899556,302.7106577576344,6.509407158415541
12,220.0,7.325140498638746,0.99,0.0,0.0,0.0,0.0006640811856668,0.0071737092414652,0.0021622095728679,0.0,302.01,76.53,0.7284527002417138,0.0957159349096922,9.930452638613804,6.580694172931587,1155.860282224752,18.59474935857918,0.997573360432841,0.0,0.0,0.0,0.0002320903328699,0.0016235968124075,0.0005709524218814,0.0,0.896971941930285,0.0,0.0,0.0,0.0059704799099775,0.0753490174051809,0.0217085607545564,0.0,16.93490555785344,0.813855707294784,1.0,0.0,0.0,0.0,2.9736132001521165,2.917296034324159,3.0980966100427003,0.0,17.121140165384258,1157.0541060432145,17.08052563899556,302.7106577576344,6.509407158415541
12,220.0,7.697313661492326,0.99,0.0,0.0,0.0,0.0006640811856668,0.0071737092414652,0.0021622095728679,0.0,302.01,76.53,0.7284527002417138,0.1005790364757915,9.930452638613804,6.580694172931587,1155.3375423622456,19.29239289656106,0.9964774235001496,0.0,0.0,0.0,0.0003172895943353,0.0023853390853949,0.0008199478201201,0.0,0.8570869418306033,0.0,0.0,0.0,0.0077800480435134,0.1054283503152938,0.0297046598105894,0.0,16.851415635566127,0.817031222528592,1.0,0.0,0.0,0.0,2.9603100395498685,2.906097962852819,3.082785530009703,0.0,17.121140165384258,1157.0541060432145,17.08052563899556,302.7106577576344,6.509407158415541
12,220.0,8.069486824345905,0.99,0.0,0.0,0.0,0.0006640811856668,0.0071737092414652,0.0021622095728679,0.0,302.01,76.53,0.7284527002417138,0.1054421380418908,9.930452638613804,6.580694172931587,1154.825944806988,19.99381299630205,0.9953871948513848,0.0,0.0,0.0,0.000392475879007,0.0031587358293301,0.0010615934402782,0.0,0.8208180780893164,0.0,0.0,0.0,0.0091936979991418,0.1332617637900659,0.0367264601214758,0.0,16.768735642621415,0.8201784278257463,1.0,0.0,0.0,0.0,2.947224180418671,2.895069145535161,3.067774011212743,0.0,17.121140165384258,1157.0541060432145,17.08052563899556,302.7106577576344,6.509407158415541
12,220.0,8.441659987199486,0.99,0.0,0.0,0.0,0.0006640811856668,0.0071737092414652,0.0021622095728679,0.0,302.01,76.53,0.7284527002417138,0.1103052396079901,9.930452638613804,6.580694172931587,1154.3240655706882,20.69875205143408,0.9943019547399328,0.0,0.0,0.0,0.0004592233170262,0.0039429129008254,0.0012959090422152,0.0,0.7876959966626333,0.0,0.0,0.0,0.0102977406373662,0.1591053480409296,0.0429009146590709,0.0,16.68680023716178,0.8233115213713931,1.0,0.0,0.0,0.0,2.934342066928008,2.88419878645238,3.0530106781008484,0.0,17.121140165384258,1157.0541060432145,17.08052563899556,302.7106577576344,6.509407158415541
12,220.0,8.813833150053066,0.99,0.0,0.0,0.0,0.0006640811856668,0.0071737092414652,0.0021622095728679,0.0,302.01,76.53,0.7284527002417138,0.1151683411740894,9.930452638613804,6.580694172931587,1153.8307269878794,21.406999568695657,0.9932211064663192,0.0,0.0,0.0,0.0005188058080899,0.0047371095870107,0.00152297813858,0.0,0.7573292180319428,0.0,0.0,0.0,0.0111577845310685,0.1831770648811981,0.0483359325557906,0.0,16.605554130706455,0.8264345575946394,1.0,0.0,0.0,0.0,2.921651369891591,2.873476272739748,3.0384788069717645,0.0,17.121140165384258,1157.0541060432145,17.08052563899556,302.7106577576344,6.509407158415541
12,220.0,9.186006312906644,0.99,0.0,0.0,0.0,0.0006640811856668,0.0071737092414652,0.0021622095728679,0.0,302.01,76.53,0.7284527002417138,0.1200314427401887,9.930452638613804,6.580694172931587,1153.344945339086,22.11838211435672,0.992144150381566,0.0,0.0,0.0,0.0005722626017111,0.0055406567707648,0.0017429302459581,0.0,0.7293886312183442,0.0,0.0,0.0,0.0118241971224962,0.2056635368862477,0.0531236347729117,0.0,16.524950280809044,0.8295346111691239,1.0,0.0,0.0,0.0,2.9091417611499546,2.8628936353127314,3.0241648772002074,0.0,17.121140165384258,1157.0541060432145,17.08052563899556,302.7106577576344,6.509407158415541
12,220.0,9.558179475760223,0.99,0.0,0.0,0.0,0.0006640811856668,0.0071737092414652,0.0021622095728679,0.0,302.01,76.53,0.7284527002417138,0.124894544306288,9.930452638613804,6.580694172931587,1152.8658909935734,22.832755663835613,0.9910706640812944,0.0,0.0,0.0,0.0006204481145602,0.0063529602225583,0.0019559275815868,0.0,0.7035955503106606,0.0,0.0,0.0,0.0123360013862816,0.2267254577309482,0.0573429905721096,0.0,16.44494812398911,0.8326470670945731,1.0,0.0,0.0,0.0,2.896816371183888,2.8524434272027688,3.01005726289186,0.0,17.121140165384258,1157.0541060432145,17.08052563899556,302.7106577576344,6.509407158415541
12,220.0,9.930352638613805,0.99,0.0,0.0,0.0,0.0006640811856668,0.0071737092414652,0.0021622095728679,0.0,302.01,76.53,0.7284527002417138,0.1297576458723873,9.930452638613804,6.580694172931587,1152.392857821571,23.549999706023723,0.9900002871180648,0.0,0.0,0.0,0.000664070026564,0.0071734877841454,0.0021621550712255,0.0,0.6797124107455678,0.0,0.0,0.0,0.0127236883776149,0.2465019379085342,0.061061962968283,0.0,16.365513406026896,0.835727433022413,1.0,0.0,0.0,0.0,2.8846624466293087,2.8421190174273216,2.9961456205176407,0.0,17.121140165384258,1157.0541060432145,17.08052563899556,302.7106577576344,6.509407158415541
12,225.0,8.035063186105644,0.99,0.0,0.0,0.0,0.0006640811856668,0.0071737092414652,0.0021622095728679,0.0,302.01,76.53,0.7450084434290255,0.1049923322371049,11.47110218175888,8.034963186105644,1139.5238677113434,20.850043457322872,0.9997430834102852,0.0,0.0,0.0,2.873839236063939e-05,0.0001683683076145,5.98098897395392e-05,0.0,0.9899887970160932,0.0,0.0,0.0,0.0006648117280206,0.00718176426044,0.0021646269954459,0.0,15.794833311687688,0.8451599161601578,1.0,0.0,0.0,0.0,2.6585548559686702,2.711645571887854,2.905057488706722,0.0,15.813326197117547,1139.6555629264626,20.687604017864448,302.7106577576344,7.946729358776584
12,225.0,8.41683418562267,0.99,0.0,0.0,0.0,0.0006640811856668,0.0071737092414652,0.0021622095728679,0.0,302.01,76.53,0.7450084434290255,0.1099808465389085,11.47110218175888,8.034963186105644,1138.965321887478,21.55511183274559,0.9986382084450932,0.0,0.0,0.0,0.0001418310639501,0.000904597261226,0.0003153632297304,0.0,0.949082072304524,0.0,0.0,0.0,0.0031379034898152,0.0368695741135356,0.0109104500921249,0.0,15.715505534886807,0.8483760994716057,1.0,0.0,0.0,0.0,2.647458057287989,2.701831493844605,2.891668133599994,0.0,15.813326197117547,1139.6555629264626,20.687604017864448,302.7106577576344,7.946729358776584
12,225.0,8.798605185139696,0.99,0.0,0.0,0.0,0.0006640811856668,0.0071737092414652,0.0021622095728679,0.0,302.01,76.53,0.7450084434290255,0.114969360840712,11.47110218175888,8.034963186105644,1138.4218682403089,22.26469337427623,0.9975411254871492,0.0,0.0,0.0,0.0002394339259181,0.0016536293614839,0.0005658112254487,0.0,0.9116474152534004,0.0,0.0,0.0,0.0050761825972623,0.0645275521580539,0.0187488499912833,0.0,15.637044621861431,0.8515542704782625,1.0,0.0,0.0,0.0,2.636549802875039,2.692174216634096,2.878520011406309,0.0,15.813326197117547,1139.6555629264626,20.687604017864448,302.7106577576344,7.946729358776584
12,225.0,9.180376184656724,0.99,0.0,0.0,0.0,0.0006640811856668,0.0071737092414652,0.0021622095728679,0.0,302.01,76.53,0.7450084434290255,0.1199578751425156,11.47110218175888,8.034963186105644,1137.891099475583,22.97835600285717,0.9964505759013312,0.0,0.0,0.0,0.0003243594984313,0.0024142224960489,0.0008108421041885,0.0,0.8772616120531063,0.0,0.0,0.0,0.0066014852183238,0.0903564934363023,0.0257804092922673,0.0,15.559359878187806,0.8547254714581641,1.0,0.0,0.0,0.0,2.625814493891531,2.682659948164033,2.8655921669993347,0.0,15.813326197117547,1139.6555629264626,20.687604017864448,302.7106577576344,7.946729358776584
12,225.0,9.56214718417375,0.99,0.0,0.0,0.0,0.0006640811856668,0.0071737092414652,0.0021622095728679,0.0,302.01,76.53,0.7450084434290255,0.1249463894443192,11.47110218175888,8.034963186105644,1137.3711100168086,23.69576026488672,0.9953655633583404,0.0,0.0,0.0,0.0003988089228927,0.0031853573815161,0.0010502703372506,0.0,0.845567633692333,0.0,0.0,0.0,0.0078047853521157,0.1145337492463238,0.0320938317092272,0.0,15.4823768049617,0.8578745030997574,1.0,0.0,0.0,0.0,2.615239253306507,2.673277791572537,2.8528678926016022,0.0,15.813326197117547,1139.6555629264626,20.687604017864448,302.7106577576344,7.946729358776584
12,225.0,9.943918183690776,0.99,0.0,0.0,0.0,0.0006640811856668,0.0071737092414652,0.0021622095728679,0.0,302.01,76.53,0.7450084434290255,0.1299349037461227,11.47110218175888,8.034963186105644,1136.860374011757,24.41663673835806,0.9942852901241984,0.0,0.0,0.0,0.0004645217927174,0.0039661850726239,0.00128400301046,0.0,0.8162621642022629,0.0,0.0,0.0,0.0087547859079318,0.1372158513630913,0.0377671985267137,0.0,15.40603488149798,0.8610127762745485,1.0,0.0,0.0,0.0,2.604813493644886,2.6640175028646973,2.840332225260784,0.0,15.813326197117547,1139.6555629264626,20.687604017864448,302.7106577576344,7.946729358776584
12,225.0,10.3256891832078,0.99,0.0,0.0,0.0,0.0006640811856668,0.0071737092414652,0.0021622095728679,0.0,302.01,76.53,0.7450084434290255,0.1349234180479263,11.47110218175888,8.034963186105644,1136.357655619115,25.140769477030325,0.9932091102382892,0.0,0.0,0.0,0.000522886307249,0.0047559881892959,0.0015120152651658,0.0,0.7890858556085891,0.0,0.0,0.0,0.0095039296431249,0.1585410106130353,0.0428692041352506,0.0,15.330284068629473,0.8641408809174614,1.0,0.0,0.0,0.0,2.594528032159068,2.654871719576978,2.827973576095527,0.0,15.813326197117547,1139.6555629264626,20.687604017864448,302.7106577576344,7.946729358776584
12,225.0,10.707460182724828,0.99,0.0,0.0,0.0,0.0006640811856668,0.0071737092414652,0.0021622095728679,0.0,302.01,76.53,0.7450084434290255,0.1399119323497298,11.47110218175888,8.034963186105644,1135.861942644208,25.86798376845349,0.9921364948512562,0.0,0.0,0.0,0.0005750206912121,0.0055541521787753,0.0017343322787563,0.0,0.7638156326999856,0.0,0.0,0.0,0.0100926513401037,0.1786314074968104,0.0474603084631001,0.0,15.255082601448946,0.8672544122924827,1.0,0.0,0.0,0.0,2.584375065990192,2.6458337494963198,2.81578173944716,0.0,15.813326197117547,1139.6555629264626,20.687604017864448,302.7106577576344,7.946729358776584
12,225.0,11.089231182241852,0.99,0.0,0.0,0.0,0.0006640811856668,0.0071737092414652,0.0021622095728679,0.0,302.01,76.53,0.7450084434290255,0.1449004466515334,11.47110218175888,8.034963186105644,1135.3723970922897,26.598137015494096,0.9910670063807604,0.0,0.0,0.0,0.0006218338093195,0.0063601438602334,0.0019510159496863,0.0,0.7402585610196752,0.0,0.0,0.0,0.01055241995509,0.197595240618415,0.0515937784068197,0.0,15.180395173874182,0.8703671993099867,1.0,0.0,0.0,0.0,2.574347815490224,2.6368978231300453,2.8037478961550257,0.0,15.813326197117547,1139.6555629264626,20.687604017864448,302.7106577576344,7.946729358776584
12,225.0,11.47100218175888,0.99,0.0,0.0,0.0,0.0006640811856668,0.0071737092414652,0.0021622095728679,0.0,302.01,76.53,0.7450084434290255,0.1498889609533369,11.47110218175888,8.034963186105644,1134.8883179685922,27.33111184412952,0.9900002789873618,0.0,0.0,0.0,0.0006640706691088,0.0071734953400747,0.0021621550034546,0.0,0.7182469160378755,0.0,0.0,0.0,0.0109079397141735,0.2155285327839362,0.0553166114640146,0.0,15.106192564764708,0.873463599704926,1.0,0.0,0.0,0.0,2.564440306053452,2.6280588962021803,2.7918643252129893,0.0,15.813326197117547,1139.6555629264626,20.687604017864448,302.7106577576344,7.946729358776584
12,230.0,9.71984253829545,0.99,0.0,0.0,0.0,0.0006640811856668,0.0071737092414652,0.0021622095728679,0.0,302.01,76.53,0.7615641866163372,0.1270069585560623,13.227464232870268,9.719742538295453,1121.466006688682,25.07787099718328,0.9996925231658996,0.0,0.0,0.0,3.51340907295171e-05,0.0002027879512964,6.955479207424137e-05,0.0,0.9899908811942972,0.0,0.0,0.0,0.0006646729042789,0.0071802675416855,0.0021641783597382,0.0,14.504931871895648,0.8863556257537795,1.0,0.0,0.0,0.0,2.371164325473573,2.505822373277549,2.702454763303847,0.0,14.52556748614066,1121.6270137216943,24.87830228106012,302.7106577576344,9.61137473881863
12,230.0,10.109567171025986,0.99,0.0,0.0,0.0,0.0006640811856668,0.0071737092414652,0.0021622095728679,0.0,302.01,76.53,0.7615641866163372,0.1320994011632822,13.227464232870268,9.719742538295453,1120.8986978259654,25.79807206326049,0.9985936842264566,0.0,0.0,0.0,0.0001490707509195,0.0009396432222992,0.0003176018003247,0.0,0.9557558583259488,0.0,0.0,0.0,0.0027162964901116,0.0320152363839787,0.0095126087999605,0.0,14.43134058498305,0.889561794576818,1.0,0.0,0.0,0.0,2.3621825948328583,2.497484673004227,2.6911283962085704,0.0,14.52556748614066,1121.6270137216943,24.87830228106012,302.7106577576344,9.61137473881863
12,230.0,10.49929180375652,0.99,0.0,0.0,0.0,0.0006640811856668,0.0071737092414652,0.0021622095728679,0.0,302.01,76.53,0.7615641866163372,0.137191843770502,13.227464232870268,9.719742538295453,1120.3464258898543,26.522771998712805,0.9975027777284858,0.0,0.0,0.0,0.0002466921615002,0.0016881985900682,0.0005623315199455,0.0,0.9240011777134228,0.0,0.0,0.0,0.0043356792293813,0.0554274701463263,0.0162356729108691,0.0,14.358513968454044,0.8927714180552492,1.0,0.0,0.0,0.0,2.35334347560028,2.4892714880867803,2.6799902759523904,0.0,14.52556748614066,1121.6270137216943,24.87830228106012,302.7106577576344,9.61137473881863
12,230.0,10.889016436487056,0.99,0.0,0.0,0.0,0.0006640811856668,0.0071737092414652,0.0021622095728679,0.0,302.01,76.53,0.7615641866163372,0.1422842863777219,13.227464232870268,9.719742538295453,1119.8065587639376,27.251512564201047,0.9964183775762728,0.0,0.0,0.0,0.0003311045280233,0.0024471656697956,0.0008033522259079,0.0,0.8944671499420708,0.0,0.0,0.0,0.0056201948965572,0.0775248490674863,0.0223878060938855,0.0,14.286364610057266,0.8959480844228622,1.0,0.0,0.0,0.0,2.34463382844392,2.481187168917422,2.6690223966018958,0.0,14.52556748614066,1121.6270137216943,24.87830228106012,302.7106577576344,9.61137473881863
12,230.0,11.278741069217592,0.99,0.0,0.0,0.0,0.0006640811856668,0.0071737092414652,0.0021622095728679,0.0,302.01,76.53,0.7615641866163372,0.1473767289849417,13.227464232870268,9.719742538295453,1119.2770504484974,27.983940001571344,0.995339376088121,0.0,0.0,0.0,0.0004047056174691,0.003215518140921,0.0010404001534888,0.0,0.8669292706420121,0.0,0.0,0.0,0.006642596246021,0.0984086134030323,0.0280195197089345,0.0,14.214822290909634,0.899127382499247,1.0,0.0,0.0,0.0,2.3360431538736943,2.473205232487947,2.658210452340867,0.0,14.52556748614066,1121.6270137216943,24.87830228106012,302.7106577576344,9.61137473881863
12,230.0,11.668465701948126,0.99,0.0,0.0,0.0,0.0006640811856668,0.0071737092414652,0.0021622095728679,0.0,302.01,76.53,0.7615641866163372,0.1524691715921615,13.227464232870268,9.719742538295453,1118.7562907485078,28.71977815752332,0.9942649023531018,0.0,0.0,0.0,0.0004693670596672,0.0039924255242856,0.0012733050629452,0.0,0.8411924176169614,0.0,0.0,0.0,0.0074578916757822,0.1181725316374163,0.03317715906984,0.0,14.143831019209598,0.9022825796475444,1.0,0.0,0.0,0.0,2.327562910059909,2.4653172145003195,2.6475428577323123,0.0,14.52556748614066,1121.6270137216943,24.87830228106012,302.7106577576344,9.61137473881863
12,230.0,12.05819033467866,0.99,0.0,0.0,0.0,0.0006640811856668,0.0071737092414652,0.0021622095728679,0.0,302.01,76.53,0.7615641866163372,0.1575616141993814,13.227464232870268,9.719742538295453,1118.2429968525244,29.458809174810963,0.9931942633859494,0.0,0.0,0.0,0.0005265658494306,0.0047772052540517,0.0015019655105682,0.0,0.8170861738985009,0.0,0.0,0.0,0.0081081457674485,0.1369027339530619,0.0379029463809887,0.0,14.073345508156104,0.905441110697654,1.0,0.0,0.0,0.0,2.319186036576156,2.457516703262178,2.6370100806728325,0.0,14.52556748614066,1121.6270137216943,24.87830228106012,302.7106577576344,9.61137473881863
12,230.0,12.447914967409195,0.99,0.0,0.0,0.0,0.0006640811856668,0.0071737092414652,0.0021622095728679,0.0,302.01,76.53,0.7615641866163372,0.1626540568066013,13.227464232870268,9.719742538295453,1117.7361345437484,30.200859469327323,0.9921269013427324,0.0,0.0,0.0,0.0005774798633966,0.0055692878163116,0.0017263309775592,0.0,0.7944610223587004,0.0,0.0,0.0,0.008625867507799,0.1546779299954377,0.0422351801380627,0.0,14.003328620309336,0.9085815871758728,1.0,0.0,0.0,0.0,2.31090660866798,2.449798363171636,2.6266041586746085,0.0,14.52556748614066,1121.6270137216943,24.87830228106012,302.7106577576344,9.61137473881863
12,230.0,12.837639600139733,0.99,0.0,0.0,0.0,0.0006640811856668,0.0071737092414652,0.0021622095728679,0.0,302.01,76.53,0.7615641866163372,0.1677464994138211,13.227464232870268,9.719742538295453,1117.2348604445715,30.945789455313307,0.9910623621433392,0.0,0.0,0.0,0.000623057846553,0.0063681911730145,0.0019463888370932,0.0,0.7731852265869461,0.0,0.0,0.0,0.0090364295702162,0.1715698321514245,0.0462085116914133,0.0,13.93374949862926,0.9117295974029476,1.0,0.0,0.0,0.0,2.302719583685417,2.4421576917060768,2.6163183449836334,0.0,14.52556748614066,1121.6270137216943,24.87830228106012,302.7106577576344,9.61137473881863
12,230.0,13.227364232870269,0.99,0.0,0.0,0.0,0.0006640811856668,0.0071737092414652,0.0021622095728679,0.0,302.01,76.53,0.7615641866163372,0.172838942021041,13.227464232870268,9.719742538295453,1116.7384792143148,31.69348589191311,0.990000272141333,0.0,0.0,0.0,0.000664071194569,0.0071735018877325,0.0021621547763654,0.0,0.7531422536192534,0.0,0.0,0.0,0.0093598161283312,0.1876436779289756,0.0498542523234397,0.0,13.864583073445887,0.9148705410606354,1.0,0.0,0.0,0.0,2.29462060382994,2.434590828760512,2.606146834949378,0.0,14.52556748614066,1121.6270137216943,24.87830228106012,302.7106577576344,9.61137473881863
12,235.0,11.65746591953079,0.99,0.0,0.0,0.0,0.0006640811856668,0.0071737092414652,0.0021622095728679,0.0,302.01,76.53,0.7781199298036489,0.1523254399520552,15.220982994426713,11.65736591953079,1102.6721632427773,29.97529804487341,0.9996330601126788,0.0,0.0,0.0,4.2619215448259466e-05,0.0002435729129418,8.074775893111914e-05,0.0,0.9899925268923764,0.0,0.0,0.0,0.0006645633016437,0.0071790854826622,0.0021638243233177,0.0,13.235948248740169,0.9316569419544224,1.0,0.0,0.0,0.0,2.1287025864820217,2.320252121825059,2.518821750918256,0.0,13.258875583506692,1102.8688895247462,29.73094022392497,302.7106577576344,11.525181126674264
12,235.0,12.05340115007478,0.99,0.0,0.0,0.0,0.0006640811856668,0.0071737092414652,0.0021622095728679,0.0,302.01,76.53,0.7781199298036489,0.1574990350199239,15.220982994426713,11.65736591953079,1102.09507796423,30.709951968856743,0.9985411819286054,0.0,0.0,0.0,0.0001567345576359,0.0009805027368373,0.000321580776921,0.0,0.9613174428005292,0.0,0.0,0.0,0.0023678264986798,0.0279714163154937,0.0083433143852972,0.0,13.167838050020308,0.9348963176881008,1.0,0.0,0.0,0.0,2.121411054032166,2.313163974653731,2.5091979848270176,0.0,13.258875583506692,1102.8688895247462,29.73094022392497,302.7106577576344,11.525181126674264
12,235.0,12.449336380618773,0.99,0.0,0.0,0.0,0.0006640811856668,0.0071737092414652,0.0021622095728679,0.0,302.01,76.53,0.7781199298036489,0.1626726300877926,15.220982994426713,11.65736591953079,1101.532832707477,31.449057525190707,0.9974573555668282,0.0,0.0,0.0,0.0002539546608401,0.0017279948068957,0.0005606949654357,0.0,0.9344193365952796,0.0,0.0,0.0,0.0037208087515525,0.0477613435943716,0.0140985110587961,0.0,13.100400421542236,0.9381460057073668,1.0,0.0,0.0,0.0,2.114227390252965,2.306174349378994,2.49972184316245,0.0,13.258875583506692,1102.8688895247462,29.73094022392497,302.7106577576344,11.525181126674264
12,235.0,12.845271611162763,0.99,0.0,0.0,0.0,0.0006640811856668,0.0071737092414652,0.0021622095728679,0.0,302.01,76.53,0.7781199298036489,0.1678462251556613,15.220982994426713,11.65736591953079,1100.9826206553491,32.192141639702875,0.9963800127245686,0.0,0.0,0.0,0.0003376112535301,0.0024847196802721,0.000797656341629,0.0,0.909138080391434,0.0,0.0,0.0,0.0048018449404922,0.0666031670358835,0.0194569076321901,0.0,13.033552516026615,0.9413561443276556,1.0,0.0,0.0,0.0,2.107140583613457,2.2992725206641342,2.490377887204027,0.0,13.258875583506692,1102.8688895247462,29.73094022392497,302.7106577576344,11.525181126674264
12,235.0,13.241206841706756,0.99,0.0,0.0,0.0,0.0006640811856668,0.0071737092414652,0.0021622095728679,0.0,302.01,76.53,0.7781199298036489,0.17301982022353,15.220982994426713,11.65736591953079,1100.4422895702862,32.938844051767774,0.9953079517604512,0.0,0.0,0.0,0.0004102488129237,0.0032496429185743,0.0010321565080506,0.0,0.8853324388890365,0.0,0.0,0.0,0.0056694046296317,0.0845524176756482,0.0244457388056834,0.0,12.967228864858628,0.944582301251892,1.0,0.0,0.0,0.0,2.100142037786872,2.292450127102844,2.481154093209221,0.0,13.258875583506692,1102.8688895247462,29.73094022392497,302.7106577576344,11.525181126674264
12,235.0,13.637142072250748,0.99,0.0,0.0,0.0,0.0006640811856668,0.0071737092414652,0.0021622095728679,0.0,302.01,76.53,0.7781199298036489,0.1781934152913987,15.220982994426713,11.65736591953079,1099.9101674153997,33.68888716090863,0.9942402400069008,0.0,0.0,0.0,0.0004738345666338,0.0040219470529392,0.0012639783735259,0.0,0.8628773069776204,0.0,0.0,0.0,0.0063676881773723,0.1016637608704936,0.0290912439745136,0.0,12.901378169053654,0.9477818166467272,1.0,0.0,0.0,0.0,2.093224950988631,2.285700628862142,2.472040685065288,0.0,13.258875583506692,1102.8688895247462,29.73094022392497,302.7106577576344,11.525181126674264
12,235.0,14.033077302794736,0.99,0.0,0.0,0.0,0.0006640811856668,0.0071737092414652,0.0021622095728679,0.0,302.01,76.53,0.7781199298036489,0.1833670103592674,15.220982994426713,11.65736591953079,1099.3849384651626,34.442054699541,0.9931761444265502,0.0,0.0,0.0,0.0005299077339753,0.004800975983085,0.0014929718563895,0.0,0.8416614372537704,0.0,0.0,0.0,0.0069305144171791,0.1179897786828053,0.0334182696462451,0.0,12.835959418049008,0.95100579399096,1.0,0.0,0.0,0.0,2.086383705244233,2.279018545912977,2.4630304234487017,0.0,13.258875583506692,1102.8688895247462,29.73094022392497,302.7106577576344,11.525181126674264
12,235.0,14.42901253333873,0.99,0.0,0.0,0.0,0.0006640811856668,0.0071737092414652,0.0021622095728679,0.0,302.01,76.53,0.7781199298036489,0.1885406054271361,15.220982994426713,11.65736591953079,1098.8655545028955,35.19817645637729,0.992115081889448,0.0,0.0,0.0,0.0005796864698803,0.0055861951050698,0.0017190365356016,0.0,0.8215855500623664,0.0,0.0,0.0,0.0073840525057944,0.1335803138193213,0.0374500836125177,0.0,12.77093964212914,0.9541989074706698,1.0,0.0,0.0,0.0,2.0796137911467505,2.2723996205383266,2.454116772430683,0.0,13.258875583506692,1102.8688895247462,29.73094022392497,302.7106577576344,11.525181126674264
12,235.0,14.824947763882722,0.99,0.0,0.0,0.0,0.0006640811856668,0.0071737092414652,0.0021622095728679,0.0,302.01,76.53,0.7781199298036489,0.1937142004950048,15.220982994426713,11.65736591953079,1098.3511705282815,35.95711722251156,0.991056583162098,0.0,0.0,0.0,0.0006241452713793,0.0063771624335282,0.0019421091329943,0.0,0.8025607505987579,0.0,0.0,0.0,0.0077487651620093,0.1484821657345691,0.0412083185046637,0.0,12.70629179109765,0.9574139227370508,1.0,0.0,0.0,0.0,2.072911409954501,2.26584025735722,2.4452944811563606,0.0,13.258875583506692,1102.8688895247462,29.73094022392497,302.7106577576344,11.525181126674264
12,235.0,15.220882994426711,0.99,0.0,0.0,0.0,0.0006640811856668,0.0071737092414652,0.0021622095728679,0.0,302.01,76.53,0.7781199298036489,0.1988877955628735,15.220982994426713,11.65736591953079,1097.841097644006,36.71876864369417,0.990000266445353,0.0,0.0,0.0,0.0006640716208812,0.0071735075329431,0.0021621544008225,0.0,0.7845071916848505,0.0,0.0,0.0,0.008040808235367,0.1627390069757673,0.0447129931040151,0.0,12.641994168034216,0.9606015212505994,1.0,0.0,0.0,0.0,2.066273309150465,2.259337389269617,2.4365593517116038,0.0,13.258875583506692,1102.8688895247462,29.73094022392497,302.7106577576344,11.525181126674264
12,240.0,13.871145590523136,0.99,0.0,0.0,0.0,0.0006640811856668,0.0071737092414652,0.0021622095728679,0.0,302.01,76.53,0.7946756729909605,0.1812510857248547,17.473864889627023,13.871045590523137,1083.0233553818357,35.636084186595326,0.9995630672916028,0.0,0.0,0.0,5.133629767090356e-05,0.0002919423639209,9.3654046805171e-05,0.0,0.989993838901693,0.0,0.0,0.0,0.0006644759524688,0.0071781428861281,0.00216354225971,0.0,11.98912894957351,0.9818737308775064,1.0,0.0,0.0,0.0,1.9232947898100896,2.152427221735797,2.3516255581572287,0.0,12.014498351825988,1083.263844328595,35.3375257790447,302.7106577576344,13.710780754884407
12,240.0,14.271436623756902,0.99,0.0,0.0,0.0,0.0006640811856668,0.0071737092414652,0.0021622095728679,0.0,302.01,76.53,0.7946756729909605,0.1864815970698667,17.473864889627023,13.871045590523137,1082.43528855093,36.384728455570006,0.9984793065488572,0.0,0.0,0.0,0.0001649381817671,0.0010282126710866,0.0003275425982891,0.0,0.9659718349772292,0.0,0.0,0.0,0.0020785235576412,0.0245884594794823,0.0073611819856472,0.0,11.926280203835958,0.985208439675926,1.0,0.0,0.0,0.0,1.91735807414216,2.146380196368775,2.343417843080473,0.0,12.014498351825988,1083.263844328595,35.3375257790447,302.7106577576344,13.710780754884407
12,240.0,14.671727656990669,0.99,0.0,0.0,0.0,0.0006640811856668,0.0071737092414652,0.0021622095728679,0.0,302.01,76.53,0.7946756729909605,0.1917121084148787,17.473864889627023,13.871045590523137,1081.861705766878,37.13774879531604,0.9974036659397834,0.0,0.0,0.0,0.000261324530092,0.0017738780497872,0.0005611314803374,0.0,0.943225693271924,0.0,0.0,0.0,0.0032085859617941,0.0412883441390488,0.0122773766272331,0.0,11.864020523136364,0.988505530449666,1.0,0.0,0.0,0.0,1.9115177094660487,2.140411679739642,2.335326269805761,0.0,12.014498351825988,1083.263844328595,35.3375257790447,302.7106577576344,13.710780754884407
12,240.0,15.072018690224432,0.99,0.0,0.0,0.0,0.0006640811856668,0.0071737092414652,0.0021622095728679,0.0,302.01,76.53,0.7946756729909605,0.1969426197598906,17.473864889627023,13.871045590523137,1081.299686751071,37.894669577344125,0.9963344715837698,0.0,0.0,0.0,0.000343974496001,0.0025275781403363,0.0007939757798928,0.0,0.9216561822685906,0.0,0.0,0.0,0.0041177730941085,0.0573017006504689,0.0169243439868318,0.0,11.80227292367524,0.9918137955425712,1.0,0.0,0.0,0.0,1.9057518346833344,2.134512317847564,2.3273376579040783,0.0,12.014498351825988,1083.263844328595,35.3375257790447,302.7106577576344,13.710780754884407
12,240.0,15.472309723458196,0.99,0.0,0.0,0.0,0.0006640811856668,0.0071737092414652,0.0021622095728679,0.0,302.01,76.53,0.7946756729909605,0.2021731311049026,17.473864889627023,13.871045590523137,1080.7470135928825,38.6551322316574,0.9952704528030982,0.0,0.0,0.0,0.0004155245479242,0.0032882720946536,0.0010257505543239,0.0,0.901174364147002,0.0,0.0,0.0,0.0048531332876019,0.0726569680858517,0.0213155344795442,0.0,11.7409772464893,0.9950934842971592,1.0,0.0,0.0,0.0,1.9000511429290623,2.1286749345694003,2.3194419203939907,0.0,12.014498351825988,1083.263844328595,35.3375257790447,302.7106577576344,13.710780754884407
12,240.0,15.872600756691964,0.99,0.0,0.0,0.0,0.0006640811856668,0.0071737092414652,0.0021622095728679,0.0,302.01,76.53,0.7946756729909605,0.2074036424499145,17.473864889627023,13.871045590523137,1080.2019786418916,39.41886310608468,0.9942106318144834,0.0,0.0,0.0,0.0004779990274941,0.0040551515024546,0.0012562176555677,0.0,0.8817002237543281,0.0,0.0,0.0,0.0054502170867182,0.087384736997995,0.0254648221609586,0.0,11.680086962508833,0.9983896221096438,1.0,0.0,0.0,0.0,1.8944103605363296,2.122893891910091,2.311631159547054,0.0,12.014498351825988,1083.263844328595,35.3375257790447,302.7106577576344,13.710780754884407
12,240.0,16.27289178992573,0.99,0.0,0.0,0.0,0.0006640811856668,0.0071737092414652,0.0021622095728679,0.0,302.01,76.53,0.7946756729909605,0.2126341537949265,17.473864889627023,13.871045590523137,1079.6632495581784,40.18565100495301,0.9931542463162796,0.0,0.0,0.0,0.0005329721923798,0.0048275790574076,0.001485202433933,0.0,0.8631615339786233,0.0,0.0,0.0,0.0059362324137751,0.1015162316045631,0.0293860020030385,0.0,11.619565163392815,1.0016746338569595,1.0,0.0,0.0,0.0,1.8888247495192627,2.11716485037381,2.3038991337248835,0.0,12.014498351825988,1083.263844328595,35.3375257790447,302.7106577576344,13.710780754884407
12,240.0,16.673182823159493,0.99,0.0,0.0,0.0,0.0006640811856668,0.0071737092414652,0.0021622095728679,0.0,302.01,76.53,0.7946756729909605,0.2178646651399385,17.473864889627023,13.871045590523137,1079.1297735482226,40.95533126182465,0.992100694538854,0.0,0.0,0.0,0.0005816831868138,0.005605045026777,0.001712577247555,0.0,0.8454929013969578,0.0,0.0,0.0,0.0063322521285195,0.1150823604776779,0.0330924859968447,0.0,11.559382643892992,1.0049729273191617,1.0,0.0,0.0,0.0,1.8832909956367827,2.111484201633847,2.296240788919898,0.0,12.014498351825988,1083.263844328595,35.3375257790447,302.7106577576344,13.710780754884407
12,240.0,17.073473856393257,0.99,0.0,0.0,0.0,0.0006640811856668,0.0071737092414652,0.0021622095728679,0.0,302.01,76.53,0.7946756729909605,0.2230951764849504,17.473864889627023,13.871045590523137,1078.6007086518432,41.727774318339776,0.9910494958070428,0.0,0.0,0.0,0.0006251185230297,0.0063871360143592,0.0019382496555679,0.0,0.8286349565936374,0.0,0.0,0.0,0.0066547785333425,0.1281131375674019,0.0365971273056182,0.0,11.499515666772808,1.00825559094558,1.0,0.0,0.0,0.0,1.8778062088304848,2.1058490407710377,2.288651983533142,0.0,12.014498351825988,1083.263844328595,35.3375257790447,302.7106577576344,13.710780754884407
12,240.0,17.473764889627024,0.99,0.0,0.0,0.0,0.0006640811856668,0.0071737092414652,0.0021622095728679,0.0,302.01,76.53,0.7946756729909605,0.2283256878299624,17.473864889627023,13.871045590523137,1078.075373790985,42.502877363977966,0.9900002618002974,0.0,0.0,0.0,0.0006640719614887,0.0071735123544395,0.0021621538837743,0.0,0.8125336591716197,0.0,0.0,0.0,0.006916866747286,0.1406373468527047,0.0399121272283896,0.0,11.439945488816049,1.0115501158975369,1.0,0.0,0.0,0.0,1.8723679727400908,2.100256961082716,2.2811292570734008,0.0,12.014498351825988,1083.263844328595,35.3375257790447,302.7106577576344,13.710780754884407
12,245.0,16.385039381954563,0.99,0.0,0.0,0.0,0.0006640811856668,0.0071737092414652,0.0021622095728679,0.0,302.01,76.53,0.8112314161782722,0.214099560720692,20.00907964928657,16.384939381954563,1062.376620106873,42.17252368064994,0.9994805234380402,0.0,0.0,0.0,6.144909080552476e-05,0.0003494137077639,0.0001086137633902,0.0,0.9899948943595688,0.0,0.0,0.0,0.0006644057271131,0.0071773843971061,0.0021633155162119,0.0,10.765998170189857,1.038137294878544,1.0,0.0,0.0,0.0,1.7487869299099783,2.000348099989681,2.1986973750273244,0.0,10.793959502416731,1062.6711211462375,41.80803719266337,302.7106577576344,16.191644196077288
12,245.0,16.78769941165812,0.99,0.0,0.0,0.0,0.0006640811856668,0.0071737092414652,0.0021622095728679,0.0,302.01,76.53,0.8112314161782722,0.2193610272005503,20.00907964928657,16.384939381954563,1061.776115816598,42.93493952373494,0.9984063117185769,0.0,0.0,0.0,0.0001738184641105,0.0010840695345064,0.0003358002828062,0.0,0.969883849406766,0.0,0.0,0.0,0.0018372709348977,0.0217461059720092,0.0065327736863271,0.0,10.70822379830796,1.041562532777612,1.0,0.0,0.0,0.0,1.7439567217066627,1.9951846275278065,2.19167624561145,0.0,10.793959502416731,1062.6711211462375,41.80803719266337,302.7106577576344,16.191644196077288
12,245.0,17.190359441361675,0.99,0.0,0.0,0.0,0.0006640811856668,0.0071737092414652,0.0021622095728679,0.0,302.01,76.53,0.8112314161782722,0.2246224936804086,20.00907964928657,16.384939381954563,1061.1895682175405,43.70163289198588,0.9973402119358182,0.0,0.0,0.0,0.0002689215315356,0.0018269308478763,0.0005639356847697,0.0,0.9506900726759724,0.0,0.0,0.0,0.0027803276130328,0.035807960119704,0.0107216395912908,0.0,10.65096328290232,1.044962124760095,1.0,0.0,0.0,0.0,1.7391875679732385,1.9900834304621728,2.184746549960656,0.0,10.793959502416731,1062.6711211462375,41.80803719266337,302.7106577576344,16.191644196077288
12,245.0,17.593019471065233,0.99,0.0,0.0,0.0,0.0006640811856668,0.0071737092414652,0.0021622095728679,0.0,302.01,76.53,0.8112314161782722,0.229883960160267,20.00907964928657,16.384939381954563,1060.614012389956,44.47213844418474,0.9962804897237928,0.0,0.0,0.0,0.000350299956776,0.0025766207528971,0.0007925895665341,0.0,0.9323517581782642,0.0,0.0,0.0,0.0035442604324684,0.0493701111973392,0.0147338701919281,0.0,10.594145448097876,1.0483768716845323,1.0,0.0,0.0,0.0,1.7344720813127092,1.985036501554897,2.17789721127179,0.0,10.793959502416731,1062.6711211462375,41.80803719266337,302.7106577576344,16.191644196077288
12,245.0,17.995679500768787,0.99,0.0,0.0,0.0,0.0006640811856668,0.0071737092414652,0.0021622095728679,0.0,302.01,76.53,0.8112314161782722,0.2351454266401252,20.00907964928657,16.384939381954563,1060.0472096129597,45.24610759396006,0.995225835805496,0.0,0.0,0.0,0.0004206243712357,0.0033320964258212,0.001021443397447,0.0,0.9148128236477588,0.0,0.0,0.0,0.0041668377057877,0.0624452545018591,0.0185750841445944,0.0,10.537716366362396,1.051774732491694,1.0,0.0,0.0,0.0,1.7298232142743806,1.9800377573903445,2.171119803284535,0.0,10.793959502416731,1062.6711211462375,41.80803719266337,302.7106577576344,16.191644196077288
12,245.0,18.398339530472345,0.99,0.0,0.0,0.0,0.0006640811856668,0.0071737092414652,0.0021622095728679,0.0,302.01,76.53,0.8112314161782722,0.2404068931199836,20.00907964928657,16.384939381954563,1059.487445479104,46.02327607516236,0.9941752478195875,0.0,0.0,0.0,0.0004819365232133,0.0040925563709202,0.0012502592862785,0.0,0.8980221906299293,0.0,0.0,0.0,0.0046766015832151,0.0750493668341727,0.0222518409526828,0.0,10.481634246505433,1.055187835619365,1.0,0.0,0.0,0.0,1.7252184686629746,1.975082505418699,2.1644078155865296,0.0,10.793959502416731,1062.6711211462375,41.80803719266337,302.7106577576344,16.191644196077288
12,245.0,18.8009995601759,0.99,0.0,0.0,0.0,0.0006640811856668,0.0071737092414652,0.0021622095728679,0.0,302.01,76.53,0.8112314161782722,0.2456683595998418,20.00907964928657,16.384939381954563,1058.9333890841974,46.80344126050719,0.993127947935924,0.0,0.0,0.0,0.0005358182250594,0.0048573756346645,0.001478858204352,0.0,0.8819331872096337,0.0,0.0,0.0,0.0050954111297164,0.0872002299425618,0.0257711717180881,0.0,10.425866449791483,1.0585780293241414,1.0,0.0,0.0,0.0,1.7206537463278189,1.970167068087853,2.1577561335714446,0.0,10.793959502416731,1062.6711211462375,41.80803719266337,302.7106577576344,16.191644196077288
12,245.0,19.203659589879457,0.99,0.0,0.0,0.0,0.0006640811856668,0.0071737092414652,0.0021622095728679,0.0,302.01,76.53,0.8112314161782722,0.2509298260797002,20.00907964928657,16.384939381954563,1058.3839937693162,47.58644621720109,0.9920833247773032,0.0,0.0,0.0,0.0005835104451521,0.0056260601286666,0.0017071046488778,0.0,0.8665030487527603,0.0,0.0,0.0,0.0054402163911308,0.0989164605941972,0.0291402742619117,0.0,10.370387108028323,1.061992064736779,1.0,0.0,0.0,0.0,1.7161263258017732,1.9652885203116937,2.151160676748093,0.0,10.793959502416731,1062.6711211462375,41.80803719266337,302.7106577576344,16.191644196077288
12,245.0,19.60631961958301,0.99,0.0,0.0,0.0,0.0006640811856668,0.0071737092414652,0.0021622095728679,0.0,302.01,76.53,0.8112314161782722,0.2561912925595584,20.00907964928657,16.384939381954563,1057.8384263102298,48.37216834005307,0.9910408919783378,0.0,0.0,0.0,0.0006259982611379,0.0063982140463236,0.0019348957142006,0.0,0.8516924938868488,0.0,0.0,0.0,0.0057243126282107,0.1102168767121721,0.0323663167727684,0.0,10.315175425706371,1.0653997393824006,1.0,0.0,0.0,0.0,1.7116339997283156,1.9604445023809032,2.144618141073574,0.0,10.793959502416731,1062.6711211462375,41.80803719266337,302.7106577576344,16.191644196077288
12,245.0,20.00897964928657,0.99,0.0,0.0,0.0,0.0006640811856668,0.0071737092414652,0.0021622095728679,0.0,302.01,76.53,0.8112314161782722,0.2614527590394168,20.00907964928657,16.384939381954563,1057.2960156970662,49.16051105964248,0.9900002581402826,0.0,0.0,0.0,0.0006640722261582,0.0071735164055932,0.0021621532279658,0.0,0.8374653577476134,0.0,0.0,0.0,0.0059582391493094,0.1211200892886537,0.0354563138144234,0.0,10.260215125815668,1.068827795377915,1.0,0.0,0.0,0.0,1.7071749442029265,1.95563308026264,2.1381257994999663,0.0,10.793959502416731,1062.6711211462375,41.80803719266337,302.7106577576344,16.191644196077288
12,250.0,19.2243576408071,0.99,0.0,0.0,0.0,0.0006640811856668,0.0071737092414652,0.0021622095728679,0.0,302.01,76.53,0.8277871593655839,0.2512002827754749,22.85038248802215,19.2242576408071,1040.5568078689396,49.72178271265625,0.999382871994702,0.0,0.0,0.0,7.31499215996293e-05,0.0004179069550876,0.0001260711286105,0.0,0.9899957507130904,0.0,0.0,0.0,0.0006643488048441,0.0071767687889294,0.0021631316931357,0.0,9.568413804279002,1.1018418938297116,1.0,0.0,0.0,0.0,1.600137706858683,1.8622961464987184,2.0581651531446927,0.0,9.599114364051816,1040.9186176418627,49.27650279185157,302.7106577576344,18.99215487266697
12,250.0,19.62723817938655,0.99,0.0,0.0,0.0,0.0006640811856668,0.0071737092414652,0.0021622095728679,0.0,302.01,76.53,0.8277871593655839,0.2564646305943623,22.85038248802215,19.2242576408071,1039.9420812982603,50.49803217223478,0.9983199759204854,0.0,0.0,0.0,0.0001835395166145,0.0011497201959762,0.0003467643669236,0.0,0.9731863401093988,0.0,0.0,0.0,0.0016351974802238,0.0193474587767461,0.005831003633631,0.0,9.515558733459793,1.105411713642164,1.0,0.0,0.0,0.0,1.5962210350728556,1.8578826457381088,2.0521453773695697,0.0,9.599114364051816,1040.9186176418627,49.27650279185157,302.7106577576344,18.99215487266697
12,250.0,20.030118717966,0.99,0.0,0.0,0.0,0.0006640811856668,0.0071737092414652,0.0021622095728679,0.0,302.01,76.53,0.8277871593655839,0.2617289784132496,22.85038248802215,19.2242576408071,1039.3406050055614,51.27844421493015,0.997265086008796,0.0,0.0,0.0,0.0002768870859556,0.0018885356176015,0.0005694912876467,0.0,0.9570365393822936,0.0,0.0,0.0,0.0024208749031511,0.0311538262555026,0.0093887594590527,0.0,9.463148191112236,1.108959057710166,1.0,0.0,0.0,0.0,1.5923493858028532,1.8535184618100704,2.0461975124223946,0.0,9.599114364051816,1040.9186176418627,49.27650279185157,302.7106577576344,18.99215487266697
12,250.0,20.43299925654545,0.99,0.0,0.0,0.0,0.0006640811856668,0.0071737092414652,0.0021622095728679,0.0,302.01,76.53,0.8277871593655839,0.266993326232137,22.85038248802215,19.2242576408071,1038.7494421097715,52.06257628771089,0.9962164576951568,0.0,0.0,0.0,0.0003567083643423,0.0026329778956354,0.0007938560448655,0.0,0.9415076452154324,0.0,0.0,0.0,0.0030617862186167,0.0425943243571996,0.0128362442087513,0.0,9.411118902830792,1.112530035572144,1.0,0.0,0.0,0.0,1.5885169368732206,1.84919686808026,2.040312385082247,0.0,9.599114364051816,1040.9186176418627,49.27650279185157,302.7106577576344,18.99215487266697
12,250.0,20.8358797951249,0.99,0.0,0.0,0.0,0.0006640811856668,0.0071737092414652,0.0021622095728679,0.0,302.01,76.53,0.8277871593655839,0.2722576740510244,22.85038248802215,19.2242576408071,1038.1663803410715,52.85009808247968,0.995172777153349,0.0,0.0,0.0,0.0004256488224748,0.0033820093553248,0.0010195646688514,0.0,0.9265642380126028,0.0,0.0,0.0,0.0035880692472338,0.0536727878551893,0.0161749048849737,0.0,9.359423192199053,1.116077447602808,1.0,0.0,0.0,0.0,1.584719350285685,1.8449127563768155,2.0344831492590085,0.0,9.599114364051816,1040.9186176418627,49.27650279185157,302.7106577576344,18.99215487266697
12,250.0,21.23876033370435,0.99,0.0,0.0,0.0,0.0006640811856668,0.0071737092414652,0.0021622095728679,0.0,302.01,76.53,0.8277871593655839,0.2775220218699117,22.85038248802215,19.2242576408071,1037.5897290375017,53.64076013923969,0.994133040618708,0.0,0.0,0.0,0.0004857273983328,0.0041348354310516,0.0012463965519073,0.0,0.9121737640936576,0.0,0.0,0.0,0.0040225296521574,0.0643964979525947,0.01940720830159,0.0,9.308024239772903,1.119643562465584,1.0,0.0,0.0,0.0,1.580952970349459,1.840662305774052,2.028704178653945,0.0,9.599114364051816,1040.9186176418627,49.27650279185157,302.7106577576344,18.99215487266697
12,250.0,21.6416408722838,0.99,0.0,0.0,0.0,0.0006640811856668,0.0071737092414652,0.0021622095728679,0.0,302.01,76.53,0.8277871593655839,0.2827863696887991,22.85038248802215,19.2242576408071,1037.018178106969,54.43437193925745,0.993096470589318,0.0,0.0,0.0,0.0005385059046657,0.0048908388874403,0.0014741846185758,0.0,0.8983061964236725,0.0,0.0,0.0,0.0043826616849858,0.0747748892928107,0.0225362525985308,0.0,9.256893330830556,1.123198879656514,1.0,0.0,0.0,0.0,1.5772152775367132,1.836442441805756,2.0229714180913207,0.0,9.599114364051816,1040.9186176418627,49.27650279185157,302.7106577576344,18.99215487266697
12,250.0,22.044521410863247,0.99,0.0,0.0,0.0,0.0006640811856668,0.0071737092414652,0.0021622095728679,0.0,302.01,76.53,0.8277871593655839,0.2880507175076864,22.85038248802215,19.2242576408071,1036.450698929286,55.23078656804091,0.9920624569458276,0.0,0.0,0.0,0.0005852080715771,0.0056495335929855,0.0017028013896097,0.0,0.8849337573213086,0.0,0.0,0.0,0.0046820568154298,0.0848186796696177,0.0255655061936438,0.0,9.206007844572053,1.1267810633045614,1.0,0.0,0.0,0.0,1.573510388461255,1.83225074933735,2.01728161929845,0.0,9.599114364051816,1040.9186176418627,49.27650279185157,302.7106577576344,18.99215487266697
12,250.0,22.4474019494427,0.99,0.0,0.0,0.0,0.0006640811856668,0.0071737092414652,0.0021622095728679,0.0,302.01,76.53,0.8277871593655839,0.2933150653265738,22.85038248802215,19.2242576408071,1035.8864738468706,56.02988981064215,0.9910305150502948,0.0,0.0,0.0,0.0006268042428011,0.0064105316369681,0.0019321490699359,0.0,0.8720306861445368,0.0,0.0,0.0,0.0049313991362696,0.0945392827249695,0.0284986319942241,0.0,9.155349663051991,1.130353160467369,1.0,0.0,0.0,0.0,1.5698434581713263,1.828085307133969,2.011632112659896,0.0,9.599114364051816,1040.9186176418627,49.27650279185157,302.7106577576344,18.99215487266697
12,250.0,22.85028248802215,0.99,0.0,0.0,0.0,0.0006640811856668,0.0071737092414652,0.0021622095728679,0.0,302.01,76.53,0.8277871593655839,0.2985794131454612,22.85038248802215,19.2242576408071,1035.324845267971,56.83159219601576,0.9900002554324796,0.0,0.0,0.0,0.0006640724214879,0.0071735197146807,0.0021621524313518,0.0,0.8595730389318371,0.0,0.0,0.0,0.0051391785511444,0.103948413077176,0.0313393694398423,0.0,9.104904675568358,1.1339395793100675,1.0,0.0,0.0,0.0,1.5661997897412998,1.823944548396915,2.0060207205521325,0.0,9.599114364051816,1040.9186176418627,49.27650279185157,302.7106577576344,18.99215487266697
12,255.0,22.41552174371316,0.99,0.0,0.0,0.0,0.0006640811856668,0.0071737092414652,0.0021622095728679,0.0,302.01,76.53,0.8443429025528957,0.2928984939724704,26.02235748839639,22.41542174371316,1017.344640053426,58.45518522287083,0.9992668097895024,0.0,0.0,0.0,8.667087829860103e-05,0.0004999003949324,0.0001466189372666,0.0,0.9899964512213588,0.0,0.0,0.0,0.0006643023082982,0.0071762650153323,0.0021629814550107,0.0,8.398646818211775,1.1749543782047676,1.0,0.0,0.0,0.0,1.4734212699638811,1.7366985881572905,1.928401251405711,0.0,8.432227805466914,1017.7913832278248,57.90987351738985,302.7106577576344,22.13772066860631
12,255.0,22.816270159789077,0.99,0.0,0.0,0.0,0.0006640811856668,0.0071737092414652,0.0021622095728679,0.0,302.01,76.53,0.8443429025528957,0.2981349818344319,26.02235748839639,22.41542174371316,1016.7134708567849,59.24566557232955,0.9982174164375526,0.0,0.0,0.0,0.000194302121597,0.0012272976596733,0.0003609837811771,0.0,0.9759868064852126,0.0,0.0,0.0,0.001465197325275,0.0173141489827717,0.0052338472067404,0.0,8.350586059879513,1.178723388644621,1.0,0.0,0.0,0.0,1.4702410398476733,1.7329268578950732,1.9232324232107665,0.0,8.432227805466914,1017.7913832278248,57.90987351738985,302.7106577576344,22.13772066860631
12,255.0,23.21701857586499,0.99,0.0,0.0,0.0,0.0006640811856668,0.0071737092414652,0.0021622095728679,0.0,302.01,76.53,0.8443429025528957,0.3033714696963934,26.02235748839639,22.41542174371316,1016.0946624653332,60.04018484257665,0.9971758085200094,0.0,0.0,0.0,0.0002853920917888,0.0019604912296981,0.0005783081585035,0.0,0.9624509398394738,0.0,0.0,0.0,0.0021179283166609,0.0271880750422852,0.0082430568015798,0.0,8.302906591120605,1.1824763306173185,1.0,0.0,0.0,0.0,1.467093580103438,1.7291938930907516,1.9181199478735,0.0,8.432227805466914,1017.7913832278248,57.90987351738985,302.7106577576344,22.13772066860631
12,255.0,23.617766991940904,0.99,0.0,0.0,0.0,0.0006640811856668,0.0071737092414652,0.0021622095728679,0.0,302.01,76.53,0.8443429025528957,0.3086079575583549,26.02235748839639,22.41542174371316,1015.4853791829509,60.83833528612257,0.9961402837956876,0.0,0.0,0.0,0.000363341921088,0.0026981285299556,0.0007982457532688,0.0,0.9493644832138178,0.0,0.0,0.0,0.0026543304706649,0.0367924599673189,0.0111887263481984,0.0,8.255553562073091,1.186250995158165,1.0,0.0,0.0,0.0,1.4639840624694027,1.7254941908908823,1.9130563035595916,0.0,8.432227805466914,1017.7913832278248,57.90987351738985,302.7106577576344,22.13772066860631
12,255.0,24.018515408016818,0.99,0.0,0.0,0.0,0.0006640811856668,0.0071737092414652,0.0021622095728679,0.0,302.01,76.53,0.8443429025528957,0.3138444454203164,26.02235748839639,22.41542174371316,1014.8834829808148,61.63981283709085,0.9951095595945624,0.0,0.0,0.0,0.0004307126787607,0.0034391869150348,0.0010205408116419,0.0,0.9367050298473996,0.0,0.0,0.0,0.0030982180970657,0.0461264315334483,0.0140703205220863,0.0,8.208485991244087,1.1900065367688548,1.0,0.0,0.0,0.0,1.4609081652680245,1.7218235683283163,1.9080359324707985,0.0,8.432227805466914,1017.7913832278248,57.90987351738985,302.7106577576344,22.13772066860631
12,255.0,24.41926382409273,0.99,0.0,0.0,0.0,0.0006640811856668,0.0071737092414652,0.0021622095728679,0.0,302.01,76.53,0.8443429025528957,0.319080933282278,26.02235748839639,22.41542174371316,1014.2873381878942,62.44438818275343,0.9940826553561596,0.0,0.0,0.0,0.0004894604111638,0.0041828813038205,0.001245002928856,0.0,0.9244518655203876,0.0,0.0,0.0,0.0034676648858642,0.0551922596112249,0.0168882099825229,0.0,8.161671827562307,1.1937824492486833,1.0,0.0,0.0,0.0,1.4578544388320696,1.7181818973639935,1.9030543841414067,0.0,8.432227805466914,1017.7913832278248,57.90987351738985,302.7106577576344,22.13772066860631
12,255.0,24.820012240168648,0.99,0.0,0.0,0.0,0.0006640811856668,0.0071737092414652,0.0021622095728679,0.0,302.01,76.53,0.8443429025528957,0.3243174211442395,26.02235748839639,22.41542174371316,1013.6956758341178,63.25188651758037,0.9930588110852951,0.0,0.0,0.0,0.0005410994797249,0.0049285999332743,0.0014714895017056,0.0,0.9125857563061004,0.0,0.0,0.0,0.0037765766906826,0.0639942954944972,0.0196433715087199,0.0,8.115086358420367,1.1975614064188975,1.0,0.0,0.0,0.0,1.4548206056864037,1.714565061465949,1.898108310630628,0.0,8.432227805466914,1017.7913832278248,57.90987351738985,302.7106577576344,22.13772066860631
12,255.0,25.22076065624456,0.99,0.0,0.0,0.0,0.0006640811856668,0.0071737092414652,0.0021622095728679,0.0,302.01,76.53,0.8443429025528957,0.3295539090062009,26.02235748839639,22.41542174371316,1013.1074983243346,64.06217338893272,0.9920374300558712,0.0,0.0,0.0,0.0005868173614872,0.0056758592003653,0.001699893382276,0.0,0.901088781391166,0.0,0.0,0.0,0.0040357899431716,0.0725382463276359,0.0223371823380263,0.0,8.06871007455557,1.2013553131486554,1.0,0.0,0.0,0.0,1.451805034325008,1.7109696505160503,1.8931950219059068,0.0,8.432227805466914,1017.7913832278248,57.90987351738985,302.7106577576344,22.13772066860631
12,255.0,25.62150907232048,0.99,0.0,0.0,0.0,0.0006640811856668,0.0071737092414652,0.0021622095728679,0.0,302.01,76.53,0.8443429025528957,0.3347903968681625,26.02235748839639,22.41542174371316,1012.5220115850544,64.87514462977897,0.9910180380216156,0.0,0.0,0.0,0.0006275563631123,0.0064242715277545,0.0019301340875175,0.0,0.8899441967934356,0.0,0.0,0.0,0.0042538493279872,0.0808306756871993,0.0249712781913776,0.0,8.02252726310014,1.2051453465978312,1.0,0.0,0.0,0.0,1.448806519612661,1.7073940980999018,1.8883124034827456,0.0,8.432227805466914,1017.7913832278248,57.90987351738985,302.7106577576344,22.13772066860631
12,255.0,26.02225748839639,0.99,0.0,0.0,0.0,0.0006640811856668,0.0071737092414652,0.0021622095728679,0.0,302.01,76.53,0.8443429025528957,0.340026884730124,26.02235748839639,22.41542174371316,1011.9385760424368,65.69071898324214,0.9900002536796976,0.0,0.0,0.0,0.0006640725511303,0.0071735222831488,0.0021621514860231,0.0,0.8791363193881151,0.0,0.0,0.0,0.0044375660394018,0.0888786594996878,0.0275474550727951,0.0,7.976525814749825,1.2089654222868482,1.0,0.0,0.0,0.0,1.4458306917155284,1.703837138954562,1.8834586874809536,0.0,8.432227805466914,1017.7913832278248,57.90987351738985,302.7106577576344,22.13772066860631
12,260.0,25.98639218537486,0.99,0.0,0.0,0.0,0.0006640811856668,0.0071737092414652,0.0021622095728679,0.0,302.01,76.53,0.8608986457402074,0.339558241021493,29.55048047162332,25.98629218537486,992.4587232758392,68.59228875587624,0.999127958532218,0.0,0.0,0.0,0.0001023013116153,0.0005986715209032,0.0001710686352633,0.0,0.9899970288214948,0.0,0.0,0.0,0.0006642640467392,0.0071758494364142,0.0021628576953515,0.0,7.259496463511351,1.2602247329664371,1.0,0.0,0.0,0.0,1.3654745791385527,1.6222480152294028,1.8080237341797,0.0,7.296085655146154,993.0143761526203,67.92140682303575,302.7106577576344,25.654931900849267
12,260.0,26.382390883846917,0.99,0.0,0.0,0.0,0.0006640811856668,0.0071737092414652,0.0021622095728679,0.0,302.01,76.53,0.8608986457402074,0.3447326654102562,29.55048047162332,25.98629218537486,991.8083051245778,69.39781377163484,0.998094799164688,0.0,0.0,0.0,0.0002063585846297,0.0013196319836745,0.0003792102670076,0.0,0.9783726432102066,0.0,0.0,0.0,0.0013215532099545,0.0155824966080844,0.0047233069717545,0.0,7.216134075342947,1.2642590708111598,1.0,0.0,0.0,0.0,1.362917212837979,1.6190319013185597,1.80357965374838,0.0,7.296085655146154,993.0143761526203,67.92140682303575,302.7106577576344,25.654931900849267
12,260.0,26.77838958231896,0.99,0.0,0.0,0.0,0.0006640811856668,0.0071737092414652,0.0021622095728679,0.0,302.01,76.53,0.8608986457402074,0.3499070897990194,29.55048047162332,25.98629218537486,991.1691738979983,70.20725499093658,0.9970690754477468,0.0,0.0,0.0,0.0002946493242779,0.0020451946457123,0.0005910805822631,0.0,0.9670875586541544,0.0,0.0,0.0,0.0018614917831244,0.023796362477393,0.0072545870853281,0.0,7.173097174199297,1.2682973181620747,1.0,0.0,0.0,0.0,1.3603823696916073,1.6158460596877733,1.799178755103667,0.0,7.296085655146154,993.0143761526203,67.92140682303575,302.7106577576344,25.654931900849267
12,260.0,27.17438828079101,0.99,0.0,0.0,0.0,0.0006640811856668,0.0071737092414652,0.0021622095728679,0.0,302.01,76.53,0.8608986457402074,0.3550815141877827,29.55048047162332,25.98629218537486,990.5386652936712,71.02025042927411,0.9960491791022134,0.0,0.0,0.0,0.0003703744766465,0.0027740534023987,0.0008063930187413,0.0,0.9561263545784549,0.0,0.0,0.0,0.0023087534215479,0.0318105036479723,0.0097543883520249,0.0,7.130337743860131,1.2723340262157905,1.0,0.0,0.0,0.0,1.3578675370745898,1.6126859636474662,1.7948159724499393,0.0,7.296085655146154,993.0143761526203,67.92140682303575,302.7106577576344,25.654931900849267
12,260.0,27.570386979263063,0.99,0.0,0.0,0.0,0.0006640811856668,0.0071737092414652,0.0021622095728679,0.0,302.01,76.53,0.8608986457402074,0.360255938576546,29.55048047162332,25.98629218537486,989.914762114813,71.8365297194089,0.9950338941456222,0.0,0.0,0.0,0.0004359530890059,0.0035052133255124,0.0010249394398594,0.0,0.9454748373903116,0.0,0.0,0.0,0.0026818909182171,0.0396218244512041,0.012221447240267,0.0,7.087821365997481,1.2763805355144122,1.0,0.0,0.0,0.0,1.355385955610871,1.6095482233225578,1.7904866150099987,0.0,7.296085655146154,993.0143761526203,67.92140682303575,302.7106577576344,25.654931900849267
12,260.0,27.966385677735115,0.99,0.0,0.0,0.0,0.0006640811856668,0.0071737092414652,0.0021622095728679,0.0,302.01,76.53,0.8608986457402074,0.3654303629653092,29.55048047162332,25.98629218537486,989.295914805424,72.65588888994343,0.9940222880975416,0.0,0.0,0.0,0.0004932389877543,0.0042379043020724,0.0012465686126317,0.0,0.9351198527899016,0.0,0.0,0.0,0.0029950541900279,0.0472298671662275,0.0146552258538429,0.0,7.04552131958336,1.2804420741428528,1.0,0.0,0.0,0.0,1.352920021661767,1.6064302466081188,1.786186965503788,0.0,7.296085655146154,993.0143761526203,67.92140682303575,302.7106577576344,25.654931900849267
12,260.0,28.362384376207164,0.99,0.0,0.0,0.0,0.0006640811856668,0.0071737092414652,0.0021622095728679,0.0,302.01,76.53,0.8608986457402074,0.3706047873540724,29.55048047162332,25.98629218537486,988.6809163621948,73.47817252368176,0.9930136361823472,0.0,0.0,0.0,0.0005436718865829,0.004971520764323,0.0014711711667465,0.0,0.9250491402215548,0.0,0.0,0.0,0.0032591812666347,0.054635986148811,0.0170556923629993,0.0,7.00341659583583,1.2845038496064036,1.0,0.0,0.0,0.0,1.3504676086044922,1.6033301440952654,1.781914811364986,0.0,7.296085655146154,993.0143761526203,67.92140682303575,302.7106577576344,25.654931900849267
12,260.0,28.758383074679216,0.99,0.0,0.0,0.0,0.0006640811856668,0.0071737092414652,0.0021622095728679,0.0,302.01,76.53,0.8608986457402074,0.3757792117428357,29.55048047162332,25.98629218537486,988.0688141340268,74.30326127862239,0.9920073678956552,0.0,0.0,0.0,0.0005883839734405,0.0057055791691047,0.0016986689617994,0.0,0.9152512228659744,0.0,0.0,0.0,0.0034828340702848,0.0618427750465736,0.019423168017167,0.0,6.961490276630425,1.2885918751808192,1.0,0.0,0.0,0.0,1.3480271316551442,1.6002462493431029,1.7776675021611823,0.0,7.296085655146154,993.0143761526203,67.92140682303575,302.7106577576344,25.654931900849267
12,260.0,29.154381773151265,0.99,0.0,0.0,0.0,0.0006640811856668,0.0071737092414652,0.0021622095728679,0.0,302.01,76.53,0.8608986457402074,0.3809536361315989,29.55048047162332,25.98629218537486,987.4588468190472,75.13106298190709,0.9910030288311668,0.0,0.0,0.0,0.0006282760476479,0.0064396876361358,0.0019290074850493,0.0,0.905715320896318,0.0,0.0,0.0,0.0036727928741108,0.0688536665248409,0.0217582197047303,0.0,6.919729255882201,1.292686251164267,1.0,0.0,0.0,0.0,1.345604025189721,1.5971773218603698,1.7734436495668555,0.0,7.296085655146154,993.0143761526203,67.92140682303575,302.7106577576344,25.654931900849267
12,260.0,29.55038047162332,0.99,0.0,0.0,0.0,0.0006640811856668,0.0071737092414652,0.0021622095728679,0.0,302.01,76.53,0.8608986457402074,0.3861280605203621,29.55048047162332,25.98629218537486,986.8503987691472,75.96150604384019,0.9900002529269432,0.0,0.0,0.0,0.0006640726157033,0.0071735240809973,0.002162150376356,0.0,0.8964312790577018,0.0,0.0,0.0,0.0038344848970818,0.0756726517974103,0.0240615842478059,0.0,6.878123059373656,1.296797725729376,1.0,0.0,0.0,0.0,1.3432015576424337,1.5941224400348466,1.7692423559778794,0.0,7.296085655146154,993.0143761526203,67.92140682303575,302.7106577576344,25.654931900849267
12,265.0,29.966595438366923,0.99,0.0,0.0,0.0,0.0006640811856668,0.0071737092414652,0.0021622095728679,0.0,302.01,76.53,0.877454388927519,0.3915666462611645,33.46119503699571,29.966495438366923,965.5273442884657,80.42311533187039,0.9989603313714526,0.0,0.0,0.0,0.0001204162295222,0.0007186867070348,0.0002005656919902,0.0,0.9899975088748352,0.0,0.0,0.0,0.0006642323338104,0.0071755038479824,0.0021627549433719,0.0,6.1544514650566216,1.3616472525077754,1.0,0.0,0.0,0.0,1.27380856868214,1.5177697390193985,1.6957109384457552,0.0,6.194157229336726,966.2255774553212,79.59167899763797,302.7106577576344,29.571779036695137
12,265.0,30.3548731715479,0.99,0.0,0.0,0.0,0.0006640811856668,0.0071737092414652,0.0021622095728679,0.0,302.01,76.53,0.877454388927519,0.3966401825630197,33.46119503699571,29.966495438366923,964.854065094682,81.24504014988631,0.9979468667288288,0.0,0.0,0.0,0.0002200369370873,0.0014305921837172,0.0004025041503663,0.0,0.9804153426426256,0.0,0.0,0.0,0.0011996396792687,0.0141004403721279,0.0042845773059778,0.0,6.115726896506992,1.3660497959600846,1.0,0.0,0.0,0.0,1.2717702995334823,1.515031778955841,1.69189083048844,0.0,6.194157229336726,966.2255774553212,79.59167899763797,302.7106577576344,29.571779036695137
12,265.0,30.743150904728875,0.99,0.0,0.0,0.0,0.0006640811856668,0.0071737092414652,0.0021622095728679,0.0,302.01,76.53,0.877454388927519,0.4017137188648749,33.46119503699571,29.966495438366923,964.1908141081856,82.07077203638451,0.9969403473587868,0.0,0.0,0.0,0.0003049337210128,0.0021459361968413,0.0006087827233589,0.0,0.9710748789085716,0.0,0.0,0.0,0.0016434139059016,0.0208835725625367,0.00639813462299,0.0,6.077275795999588,1.3704601982048394,1.0,0.0,0.0,0.0,1.2697487891068648,1.5123184758274726,1.6881065234689667,0.0,6.194157229336726,966.2255774553212,79.59167899763797,302.7106577576344,29.571779036695137
12,265.0,31.131428637909853,0.99,0.0,0.0,0.0,0.0006640811856668,0.0071737092414652,0.0021622095728679,0.0,302.01,76.53,0.877454388927519,0.4067872551667301,33.46119503699571,29.966495438366923,963.535162507411,82.90000423319748,0.9959393067388328,0.0,0.0,0.0,0.000378028129189,0.0028634848182407,0.0008191803137372,0.0,0.9619663242797212,0.0,0.0,0.0,0.0020142587361307,0.0275180758612714,0.0085013411228766,0.0,6.039058687919996,1.374875141657416,1.0,0.0,0.0,0.0,1.2677400959655585,1.5096247192659984,1.6843514316198425,0.0,6.194157229336726,966.2255774553212,79.59167899763797,302.7106577576344,29.571779036695137
12,265.0,31.519706371090827,0.99,0.0,0.0,0.0,0.0006640811856668,0.0071737092414652,0.0021622095728679,0.0,302.01,76.53,0.877454388927519,0.4118607914685852,33.46119503699571,29.966495438366923,962.8852576327724,83.73250680131464,0.9949426291317858,0.0,0.0,0.0,0.0004415427347995,0.0035822863943503,0.0010335417390644,0.0,0.9530806867990032,0.0,0.0,0.0,0.0023263476733541,0.034000092810719,0.0105928727169237,0.0,6.001047397812762,1.3793047607543172,1.0,0.0,0.0,0.0,1.2657564443213631,1.506947949937224,1.6806219934494468,0.0,6.194157229336726,966.2255774553212,79.59167899763797,302.7106577576344,29.571779036695137
12,265.0,31.907984104271804,0.99,0.0,0.0,0.0,0.0006640811856668,0.0071737092414652,0.0021622095728679,0.0,302.01,76.53,0.877454388927519,0.4169343277704404,33.46119503699571,29.966495438366923,962.2396661730668,84.56810607676601,0.9939494541343696,0.0,0.0,0.0,0.0004971912031771,0.004301594580898,0.0012517600815552,0.0,0.9444096399352768,0.0,0.0,0.0,0.0025905687796578,0.0403278457543912,0.012671945530674,0.0,5.963218889758302,1.3837505170169353,1.0,0.0,0.0,0.0,1.2637831448057562,1.50428637519233,1.6769164792581894,0.0,6.194157229336726,966.2255774553212,79.59167899763797,302.7106577576344,29.571779036695137
12,265.0,32.29626183745278,0.99,0.0,0.0,0.0,0.0006640811856668,0.0071737092414652,0.0021622095728679,0.0,302.01,76.53,0.877454388927519,0.4220078640722955,33.46119503699571,29.966495438366923,961.5972640291252,85.4066697689522,0.9929591096481746,0.0,0.0,0.0,0.0005463118243069,0.0050208142658402,0.0014737642616782,0.0,0.9359454162713894,0.0,0.0,0.0,0.0028153951149151,0.0465010257505434,0.0147381628631519,0.0,5.92555765338572,1.3882105207247455,1.0,0.0,0.0,0.0,1.2618199438310036,1.5016316605015847,1.6732306391502842,0.0,6.194157229336726,966.2255774553212,79.59167899763797,302.7106577576344,29.571779036695137
12,265.0,32.68453957063376,0.99,0.0,0.0,0.0,0.0006640811856668,0.0071737092414652,0.0021622095728679,0.0,302.01,76.53,0.877454388927519,0.4270814003741507,33.46119503699571,29.966495438366923,960.9571581284648,86.24809653331702,0.9919710643156878,0.0,0.0,0.0,0.0005899623750983,0.0057394631350094,0.0016995101742042,0.0,0.9276807299996168,0.0,0.0,0.0,0.0030075004902309,0.052520362642789,0.016791406867363,0.0,5.888051103628759,1.3926903725644764,1.0,0.0,0.0,0.0,1.2598680287729314,1.4990017381678606,1.6695634480548454,0.0,6.194157229336726,966.2255774553212,79.59167899763797,302.7106577576344,29.571779036695137
12,265.0,33.07281730381473,0.99,0.0,0.0,0.0,0.0006640811856668,0.0071737092414652,0.0021622095728679,0.0,302.01,76.53,0.877454388927519,0.4321549366760058,33.46119503699571,29.966495438366923,960.318630197948,87.0923084813718,0.9909848933100364,0.0,0.0,0.0,0.0006289883431455,0.006457144047259,0.0019289742995589,0.0,0.9196087175192516,0.0,0.0,0.0,0.0031722007614553,0.0583873203882165,0.0188317613310764,0.0,5.850685866560475,1.397180933991521,1.0,0.0,0.0,0.0,1.2579320873854585,1.496376707992528,1.6659148669970256,0.0,6.194157229336726,966.2255774553212,79.59167899763797,302.7106577576344,29.571779036695137
12,265.0,33.46109503699571,0.99,0.0,0.0,0.0,0.0006640811856668,0.0071737092414652,0.0021622095728679,0.0,302.01,76.53,0.877454388927519,0.437228472977861,33.46119503699571,29.966495438366923,959.6810956862536,87.93924554780729,0.990000253274352,0.0,0.0,0.0,0.0006640726122884,0.0071735250375259,0.0021621490758334,0.0,0.911722888595801,0.0,0.0,0.0,0.0033137742544349,0.0641038806406977,0.0208594565090664,0.0,5.813453156349921,1.4017073082046558,1.0,0.0,0.0,0.0,1.2560016423078884,1.4937619317236466,1.6622824430775085,0.0,6.194157229336726,966.2255774553212,79.59167899763797,302.7106577576344,29.571779036695137
12,270.0,34.38799955936114,0.99,0.0,0.0,0.0,0.0006640811856668,0.0071737092414652,0.0021622095728679,0.0,302.01,76.53,0.8940101321148307,0.4493401222966306,37.78198383764669,34.38789955936114,936.0420137579328,94.34507648688056,0.9987554192667584,0.0,0.0,0.0,0.0001415246167578,0.0008662661799438,0.0002367899365398,0.0,0.9899979111545008,0.0,0.0,0.0,0.0006642058558743,0.0071752140550725,0.0021626689345522,0.0,5.087951525696999,1.485340769839777,1.0,0.0,0.0,0.0,1.1964771285530684,1.4222557647415304,1.5903337100161112,0.0,5.130843724671824,936.9320241360858,93.30322734807504,302.7106577576344,33.91794976874195
12,270.0,34.76509781250398,0.99,0.0,0.0,0.0,0.0006640811856668,0.0071737092414652,0.0021622095728679,0.0,302.01,76.53,0.8940101321148307,0.4542675788906831,37.78198383764669,34.38789955936114,935.3411218713558,95.18549523345658,0.9977661293012222,0.0,0.0,0.0,0.0002357823062901,0.0015656708653358,0.0004324175271516,0.0,0.982173889874046,0.0,0.0,0.0,0.0010956879831864,0.0128250606701953,0.0039053614725722,0.0,5.053839694791891,1.4902485809533872,1.0,0.0,0.0,0.0,1.194877319717959,1.419933664405557,1.587055945127042,0.0,5.130843724671824,936.9320241360858,93.30322734807504,302.7106577576344,33.91794976874195
12,270.0,35.14219606564682,0.99,0.0,0.0,0.0,0.0006640811856668,0.0071737092414652,0.0021622095728679,0.0,302.01,76.53,0.8940101321148307,0.4591950354847356,37.78198383764669,34.38789955936114,934.6488122968432,96.02964304287688,0.996783143825599,0.0,0.0,0.0,0.0003166171378963,0.0022674055489135,0.0006328334875912,0.0,0.9745205585453222,0.0,0.0,0.0,0.0014570098811738,0.0183701165004575,0.0056523150730463,0.0,5.019953711711031,1.4951766325310232,1.0,0.0,0.0,0.0,1.193286725859434,1.4176283138434076,1.5838040770565582,0.0,5.130843724671824,936.9320241360858,93.30322734807504,302.7106577576344,33.91794976874195
12,270.0,35.519294318789655,0.99,0.0,0.0,0.0,0.0006640811856668,0.0071737092414652,0.0021622095728679,0.0,302.01,76.53,0.8940101321148307,0.4641224920787881,37.78198383764669,34.38789955936114,933.9629466671588,96.87727597001474,0.9958051792054144,0.0,0.0,0.0,0.000386601668465,0.0029703355822926,0.0008378835438278,0.0,0.967031699885229,0.0,0.0,0.0,0.0017619340858577,0.0238044357500203,0.0074019302788927,0.0,4.98626263577556,1.5001074336842324,1.0,0.0,0.0,0.0,1.191710311542187,1.4153377877421491,1.5805744621148334,0.0,5.130843724671824,936.9320241360858,93.30322734807504,302.7106577576344,33.91794976874195
12,270.0,35.896392571932495,0.99,0.0,0.0,0.0,0.0006640811856668,0.0071737092414652,0.0021622095728679,0.0,302.01,76.53,0.8940101321148307,0.4690499486728406,37.78198383764669,34.38789955936114,933.2818759838152,97.728210269167,0.9948312497556118,0.0,0.0,0.0,0.0004477123266808,0.0036735710525607,0.0010474668651467,0.0,0.9597016343270832,0.0,0.0,0.0,0.0020210018876391,0.0291242338712447,0.0091531299140327,0.0,4.952744723314527,1.5050712646228106,1.0,0.0,0.0,0.0,1.1901465963491815,1.4130620267189762,1.577364432651084,0.0,5.130843724671824,936.9320241360858,93.30322734807504,302.7106577576344,33.91794976874195
12,270.0,36.273490825075335,0.99,0.0,0.0,0.0,0.0006640811856668,0.0071737092414652,0.0021622095728679,0.0,302.01,76.53,0.8940101321148307,0.4739774052668932,37.78198383764669,34.38789955936114,932.6043113707426,98.58230723059786,0.9938605891084412,0.0,0.0,0.0,0.0005014867702824,0.0043764018701149,0.0012615222511613,0.0,0.9525251235127644,0.0,0.0,0.0,0.0022423909883654,0.0343272718956665,0.0109052136032035,0.0,4.919381016374297,1.510044350204865,1.0,0.0,0.0,0.0,1.188591246572225,1.4108005993736723,1.574170273448715,0.0,5.130843724671824,936.9320241360858,93.30322734807504,302.7106577576344,33.91794976874195
12,270.0,36.650589078218175,0.99,0.0,0.0,0.0,0.0006640811856668,0.0071737092414652,0.0021622095728679,0.0,302.01,76.53,0.8940101321148307,0.4789048618609457,37.78198383764669,34.38789955936114,931.9292321222716,99.4394614749996,0.992892594230315,0.0,0.0,0.0,0.0005491357265289,0.0050782517286734,0.0014800183144824,0.0,0.9454972906098008,0.0,0.0,0.0,0.0024325229221961,0.0394124296793215,0.0126577567886815,0.0,4.886160183111731,1.515048157155426,1.0,0.0,0.0,0.0,1.1870461197168882,1.4085497693361173,1.5709948383443595,0.0,5.130843724671824,936.9320241360858,93.30322734807504,302.7106577576344,33.91794976874195
12,270.0,37.02768733136101,0.99,0.0,0.0,0.0,0.0006640811856668,0.0071737092414652,0.0021622095728679,0.0,302.01,76.53,0.8940101321148307,0.4838323184549981,37.78198383764669,34.38789955936114,931.2558197728248,100.29959281147887,0.991926785313068,0.0,0.0,0.0,0.0005916233130057,0.0057786450006691,0.0017029463732571,0.0,0.9386135639743176,0.0,0.0,0.0,0.002596497741265,0.0443794004387067,0.0144105378457104,0.0,4.853071679047263,1.5200674983821016,1.0,0.0,0.0,0.0,1.1855084758420678,1.4063070105783833,1.5678329010553085,0.0,5.130843724671824,936.9320241360858,93.30322734807504,302.7106577576344,33.91794976874195
12,270.0,37.40478558450385,0.99,0.0,0.0,0.0,0.0006640811856668,0.0071737092414652,0.0021622095728679,0.0,302.01,76.53,0.8940101321148307,0.4887597750490506,37.78198383764669,34.38789955936114,930.583410191946,101.16264032966144,0.9909627766238176,0.0,0.0,0.0,0.0006297254014229,0.0064771827117892,0.0019303152629703,0.0,0.9318696346505824,0.0,0.0,0.0,0.0027384089586501,0.0492284711083321,0.0161634852824354,0.0,4.820106254524396,1.525123709361368,1.0,0.0,0.0,0.0,1.1839792977102024,1.4040728878492033,1.5646842158107963,0.0,5.130843724671824,936.9320241360858,93.30322734807504,302.7106577576344,33.91794976874195
12,270.0,37.78188383764669,0.99,0.0,0.0,0.0,0.0006640811856668,0.0071737092414652,0.0021622095728679,0.0,302.01,76.53,0.8940101321148307,0.4936872316431032,37.78198383764669,34.38789955936114,929.9114581936616,102.02855782611938,0.9900002549012756,0.0,0.0,0.0,0.00066407253327,0.0071735250239807,0.0021621475414735,0.0,0.9252614215454522,0.0,0.0,0.0,0.0028615745624785,0.0539603643644022,0.017916639527667,0.0,4.787254406903942,1.530198559211896,1.0,0.0,0.0,0.0,1.182460368257806,1.401846286446077,1.5615481007092342,0.0,5.130843724671824,936.9320241360858,93.30322734807504,302.7106577576344,33.91794976874195
12,275.0,39.28543039296742,0.99,0.0,0.0,0.0,0.0006640811856668,0.0071737092414652,0.0021622095728679,0.0,302.01,76.53,0.9105658753021424,0.5133337304712847,42.54138692184426,39.28533039296742,903.2761139619108,110.92831339600713,0.9985005183437572,0.0,0.0,0.0,0.000166356933902,0.0010507973003924,0.000282327421948,0.0,0.9899982513342448,0.0,0.0,0.0,0.0006641835739353,0.007174968803059,0.0021625962887607,0.0,4.065793986316689,1.6411836612577917,1.0,0.0,0.0,0.0,1.1320221975852052,1.3347929564477856,1.490776162689042,0.0,4.11187312512685,904.4335281070778,109.60126774294156,302.7106577576344,38.72523437118672
12,275.0,39.647192229509294,0.99,0.0,0.0,0.0,0.0006640811856668,0.0071737092414652,0.0021622095728679,0.0,302.01,76.53,0.9105658753021424,0.5180607896185717,42.54138692184426,39.28533039296742,902.5411880567772,111.79038456308082,0.9975413817376938,0.0,0.0,0.0,0.0002542321449245,0.0017330528115989,0.0004713333057827,0.0,0.9836975902198336,0.0,0.0,0.0,0.0010065962170774,0.0117205214155167,0.0035752921475723,0.0,4.036310898877593,1.6468209522352453,1.0,0.0,0.0,0.0,1.130793568188663,1.332838645640497,1.4879723548783623,0.0,4.11187312512685,904.4335281070778,109.60126774294156,302.7106577576344,38.72523437118672
12,275.0,40.00895406605116,0.99,0.0,0.0,0.0,0.0006640811856668,0.0071737092414652,0.0021622095728679,0.0,302.01,76.53,0.9105658753021424,0.5227878487658586,42.54138692184426,39.28533039296742,901.813201988151,112.6561641480952,0.9965877493128164,0.0,0.0,0.0,0.0003302317361467,0.0024166182001555,0.0006654007508811,0.0,0.9775158339696592,0.0,0.0,0.0,0.001296745204748,0.0161886719489283,0.0049987488766642,0.0,4.0070113438602,1.6524745713573503,1.0,0.0,0.0,0.0,1.1295742684905892,1.3308970112288596,1.485187630494635,0.0,4.11187312512685,904.4335281070778,109.60126774294156,302.7106577576344,38.72523437118672
12,275.0,40.37071590259304,0.99,0.0,0.0,0.0,0.0006640811856668,0.0071737092414652,0.0021622095728679,0.0,302.01,76.53,0.9105658753021424,0.5275149079131456,42.54138692184426,39.28533039296742,901.0903508754748,113.52547646452818,0.995638552130668,0.0,0.0,0.0,0.0003965225642583,0.0031004859270624,0.0008644393780113,0.0,0.9714490711031928,0.0,0.0,0.0,0.0015443534340122,0.0205746806850607,0.0064318947777341,0.0,3.977871665611408,1.6581559098677368,1.0,0.0,0.0,0.0,1.1283643032382429,1.328965720161948,1.4824194910826352,0.0,4.11187312512685,904.4335281070778,109.60126774294156,302.7106577576344,38.72523437118672
12,275.0,40.7324777391349,0.99,0.0,0.0,0.0,0.0006640811856668,0.0071737092414652,0.0021622095728679,0.0,302.01,76.53,0.9105658753021424,0.5322419670604325,42.54138692184426,39.28533039296742,900.3712220979403,114.39818848784915,0.994692958805301,0.0,0.0,0.0,0.0004547917961729,0.0037838491782984,0.0010684002202276,0.0,0.9654937491574151,0.0,0.0,0.0,0.0017569734292198,0.0248752839783648,0.007873993435,0.0,3.948874496992826,1.6638631211927184,1.0,0.0,0.0,0.0,1.1271630236880108,1.3270439567723835,1.4796659752032535,0.0,4.11187312512685,904.4335281070778,109.60126774294156,302.7106577576344,38.72523437118672
12,275.0,41.09423957567677,0.99,0.0,0.0,0.0,0.0006640811856668,0.0071737092414652,0.0021622095728679,0.0,302.01,76.53,0.9105658753021424,0.5369690262077195,42.54138692184426,39.28533039296742,899.6546963413998,115.27420069970616,0.9937503157032986,0.0,0.0,0.0,0.0005063681928535,0.0044660506150486,0.0012772654887991,0.0,0.95964661329071,0.0,0.0,0.0,0.0019405399797173,0.0290882934702221,0.0093245532593504,0.0,3.9200097797457545,1.669601092074536,1.0,0.0,0.0,0.0,1.125968106376841,1.3251347184830122,1.4769256475194033,0.0,4.11187312512685,904.4335281070778,109.60126774294156,302.7106577576344,38.72523437118672
12,275.0,41.45600141221864,0.99,0.0,0.0,0.0,0.0006640811856668,0.0071737092414652,0.0021622095728679,0.0,302.01,76.53,0.9105658753021424,0.5416960853550064,42.54138692184426,39.28533039296742,898.9398762988357,116.1534399440451,0.9928101038887112,0.0,0.0,0.0,0.0005523097100128,0.0051465452892285,0.0014910411120474,0.0,0.9539046568337476,0.0,0.0,0.0,0.0020997682384252,0.0332123118725583,0.0107832630552685,0.0,3.891265545042858,1.6753687979984364,1.0,0.0,0.0,0.0,1.1247820882854331,1.323232703000167,1.4741972212115686,0.0,4.11187312512685,904.4335281070778,109.60126774294156,302.7106577576344,38.72523437118672
12,275.0,41.817763248760514,0.99,0.0,0.0,0.0,0.0006640811856668,0.0071737092414652,0.0021622095728679,0.0,302.01,76.53,0.9105658753021424,0.5464231445022933,42.54138692184426,39.28533039296742,898.2260316506683,117.0358477302268,0.9918719051535322,0.0,0.0,0.0,0.0005934675131426,0.0058248754422498,0.0017097518910754,0.0,0.9482650408215484,0.0,0.0,0.0,0.0022384444672021,0.0372465595899732,0.0122499551212761,0.0,3.862633528868344,1.6811705080831474,1.0,0.0,0.0,0.0,1.1235997648857776,1.3213370954435948,1.4714796795115286,0.0,4.11187312512685,904.4335281070778,109.60126774294156,302.7106577576344,38.72523437118672
12,275.0,42.17952508530238,0.99,0.0,0.0,0.0,0.0006640811856668,0.0071737092414652,0.0021622095728679,0.0,302.01,76.53,0.9105658753021424,0.5511502036495803,42.54138692184426,39.28533039296742,897.5125639917175,117.92138325349752,0.990935381609328,0.0,0.0,0.0,0.00063053288663,0.0065006487614454,0.0019334367425963,0.0,0.9427251133010924,0.0,0.0,0.0,0.0023596373309758,0.0411906897092587,0.013724559658673,0.0,3.834107153670655,1.6870070277995937,1.0,0.0,0.0,0.0,1.1224276046489432,1.3194474468118396,1.4687724799230732,0.0,4.11187312512685,904.4335281070778,109.60126774294156,302.7106577576344,38.72523437118672
12,275.0,42.541286921844254,0.99,0.0,0.0,0.0,0.0006640811856668,0.0071737092414652,0.0021622095728679,0.0,302.01,76.53,0.9105658753021424,0.5558772627968673,42.54138692184426,39.28533039296742,896.7989779171206,118.81002014515926,0.990000258112624,0.0,0.0,0.0,0.0006640723639297,0.0071735238200378,0.0021621457034084,0.0,0.93728238431538,0.0,0.0,0.0,0.0024658564660214,0.0450446796702538,0.0152070795483447,0.0,3.805681055618908,1.6928813949549308,1.0,0.0,0.0,0.0,1.121257801710372,1.3175631476555645,1.4660755807819357,0.0,4.11187312512685,904.4335281070778,109.60126774294156,302.7106577576344,38.72523437118672
12,280.0,44.69781456063738,0.99,0.0,0.0,0.0,0.0006640811856668,0.0071737092414652,0.0021622095728679,0.0,302.01,76.53,0.927121618489454,0.5840561160412568,47.76883531769179,44.69771456063738,866.1306882165636,131.04122894126712,0.9981753917082038,0.0,0.0,0.0,0.0001960371810822,0.0012871481169516,0.0003414229937623,0.0,0.9899985421602688,0.0,0.0,0.0,0.0006641646474959,0.00717475893584,0.0021625342563952,0.0,3.095827138938108,1.8464503589250725,1.0,0.0,0.0,0.0,1.079495052992859,1.2546021203436952,1.3959526349514788,0.0,3.1449654870637134,867.6798743518019,129.30886906724652,302.7106577576344,44.02808165538378
12,280.0,45.03902797808787,0.99,0.0,0.0,0.0,0.0006640811856668,0.0071737092414652,0.0021622095728679,0.0,302.01,76.53,0.927121618489454,0.5885146736977378,47.76883531769179,44.69771456063738,865.3527505307034,131.92973980160343,0.997254741667628,0.0,0.0,0.0,0.0002763648157982,0.0019457442435539,0.0005231492730197,0.0,0.9850286016785882,0.0,0.0,0.0,0.0009297684559591,0.0107562346580475,0.003285395207405,0.0,3.0710423461062253,1.853171083748503,1.0,0.0,0.0,0.0,1.078592654427223,1.25297592595753,1.3935696513764062,0.0,3.1449654870637134,867.6798743518019,129.30886906724652,302.7106577576344,44.02808165538378
12,280.0,45.38024139553836,0.99,0.0,0.0,0.0,0.0006640811856668,0.0071737092414652,0.0021622095728679,0.0,302.01,76.53,0.927121618489454,0.5929732313542188,47.76883531769179,44.69771456063738,864.5798870521049,132.82203934130644,0.99633862650453,0.0,0.0,0.0,0.0003465956320723,0.0026047646033175,0.0007100132600799,0.0,0.9801397194696504,0.0,0.0,0.0,0.0011579573622386,0.014281096910951,0.0044212262571599,0.0,3.046402959245504,1.859924295194587,1.0,0.0,0.0,0.0,1.0776970827701675,1.251357945838114,1.3912003096887189,0.0,3.1449654870637134,867.6798743518019,129.30886906724652,302.7106577576344,44.02808165538378
12,280.0,45.72145481298885,0.99,0.0,0.0,0.0,0.0006640811856668,0.0071737092414652,0.0021622095728679,0.0,302.01,76.53,0.927121618489454,0.5974317890106997,47.76883531769179,44.69771456063738,863.810653729652,133.71802159195863,0.9954262112254212,0.0,0.0,0.0,0.0004084504553891,0.0032633569427254,0.0009019813764642,0.0,0.9753294901243584,0.0,0.0,0.0,0.0013552140954006,0.0177458855966988,0.005569410183542,0.0,3.021891461885114,1.8667054991100729,1.0,0.0,0.0,0.0,1.0768079831789772,1.2497470213141677,1.388842617919558,0.0,3.1449654870637134,867.6798743518019,129.30886906724652,302.7106577576344,44.02808165538378
12,280.0,46.06266823043934,0.99,0.0,0.0,0.0,0.0006640811856668,0.0071737092414652,0.0021622095728679,0.0,302.01,76.53,0.927121618489454,0.6018903466671808,47.76883531769179,44.69771456063738,863.0438994351687,134.61760917520715,0.9945168362378408,0.0,0.0,0.0,0.0004632926581646,0.003920821163302,0.0010990499406926,0.0,0.9705957528258744,0.0,0.0,0.0,0.0015266650855965,0.0211480578728475,0.0067295242156817,0.0,2.9974985752158894,1.8735350134856552,1.0,0.0,0.0,0.0,1.0759254417319766,1.248146927736053,1.3864940963698222,0.0,3.1449654870637134,867.6798743518019,129.30886906724652,302.7106577576344,44.02808165538378
12,280.0,46.40388164788983,0.99,0.0,0.0,0.0,0.0006640811856668,0.0071737092414652,0.0021622095728679,0.0,302.01,76.53,0.927121618489454,0.6063489043236616,47.76883531769179,44.69771456063738,862.278695749039,135.52074708646484,0.9936099752875808,0.0,0.0,0.0,0.000512213309329,0.0045765730126099,0.00130123839048,0.0,0.9659365432588491,0.0,0.0,0.0,0.0016764055872206,0.0244857599662815,0.0079012911876486,0.0,2.973215577773197,1.880409276061561,1.0,0.0,0.0,0.0,1.0750499723883002,1.2465513989309205,1.384158879360169,0.0,3.1449654870637134,867.6798743518019,129.30886906724652,302.7106577576344,44.02808165538378
12,280.0,46.74509506534032,0.99,0.0,0.0,0.0,0.0006640811856668,0.0071737092414652,0.0021622095728679,0.0,302.01,76.53,0.927121618489454,0.6108074619801426,47.76883531769179,44.69771456063738,861.5142823278068,136.42739142838636,0.992705202384462,0.0,0.0,0.0,0.0005560940726487,0.0052301187923217,0.0015085847505676,0.0,0.9613500265833156,0.0,0.0,0.0,0.0018077397655501,0.027757682928876,0.0090845507222581,0.0,2.94903324917892,1.8873228954909385,1.0,0.0,0.0,0.0,1.0741786890703238,1.244961684394719,1.3818302879457267,0.0,3.1449654870637134,867.6798743518019,129.30886906724652,302.7106577576344,44.02808165538378
12,280.0,47.086308482790805,0.99,0.0,0.0,0.0,0.0006640811856668,0.0071737092414652,0.0021622095728679,0.0,302.01,76.53,0.927121618489454,0.6152660196366236,47.76883531769179,44.69771456063738,860.7500344436758,137.33751665650794,0.991802173082449,0.0,0.0,0.0,0.0005956536488522,0.0058810325043358,0.0017211407643628,0.0,0.9568345212232572,0.0,0.0,0.0,0.0019233564695285,0.0309629020265406,0.0102792202806737,0.0,2.924946230193932,1.8942855423654457,1.0,0.0,0.0,0.0,1.0733122282992948,1.243376333553179,1.3795106602657552,0.0,3.1449654870637134,867.6798743518019,129.30886906724652,302.7106577576344,44.02808165538378
12,280.0,47.427521900241295,0.99,0.0,0.0,0.0,0.0006640811856668,0.0071737092414652,0.0021622095728679,0.0,302.01,76.53,0.927121618489454,0.6197245772931046,47.76883531769179,44.69771456063738,859.985429692937,138.25110397180063,0.9909006039858356,0.0,0.0,0.0,0.0006314830592994,0.0065289431945858,0.0019389697602792,0.0,0.952388435836774,0.0,0.0,0.0,0.0020254637031224,0.0341008158542312,0.0114852846058721,0.0,2.9009489846932266,1.901301203577483,1.0,0.0,0.0,0.0,1.072450656078855,1.2417965684037648,1.3771998802469527,0.0,3.1449654870637134,867.6798743518019,129.30886906724652,302.7106577576344,44.02808165538378
12,280.0,47.768735317691785,0.99,0.0,0.0,0.0,0.0006640811856668,0.0071737092414652,0.0021622095728679,0.0,302.01,76.53,0.927121618489454,0.6241831349495855,47.76883531769179,44.69771456063738,859.2200314342052,139.16814981610622,0.9900002634331868,0.0,0.0,0.0,0.0006640720773826,0.0071735210454735,0.0021621434439571,0.0,0.9480103015234376,0.0,0.0,0.0,0.0021158880396895,0.0371710419527266,0.0127027684841462,0.0,2.877039649714198,1.9083698964871696,1.0,0.0,0.0,0.0,1.0715939849553708,1.2402223724825814,1.3748946329898863,0.0,3.1449654870637134,867.6798743518019,129.30886906724652,302.7106577576344,44.02808165538378
12,285.0,50.67018344620783,0.99,0.0,0.0,0.0,0.0006640811856668,0.0071737092414652,0.0021622095728679,0.0,302.01,76.53,0.9436773616767656,0.6620956937959993,53.49391183984466,50.67008344620783,822.8089140185932,156.12024389653362,0.9977447778916052,0.0,0.0,0.0,0.0002324621115143,0.0016010665156209,0.0004216934812594,0.0,0.989998782117196,0.0,0.0,0.0,0.0006641490586846,0.0071745855513922,0.002162483272727,0.0,2.1892429595894365,2.1356216120583524,1.0000000015990669,0.0,0.0,0.0,1.0387117049256764,1.1811852713206894,1.3049217414651548,0.0,2.2410524707626744,824.9746819221486,153.77005765610247,302.7106577576344,49.86436423924916
12,285.0,50.9839199343897,0.99,0.0,0.0,0.0,0.0006640811856668,0.0071737092414652,0.0021622095728679,0.0,302.01,76.53,0.9436773616767656,0.6661952167044256,53.49391183984466,50.67008344620783,821.9748586082447,157.04266464874607,0.9968749990129996,0.0,0.0,0.0,0.0003038284323256,0.0022263425472676,0.0005948300074071,0.0,0.9862046192339944,0.0,0.0,0.0,0.0008629606863541,0.0099049300544473,0.0030274900252042,0.0,2.169298546029836,2.1431445230498825,1.0,0.0,0.0,0.0,1.0380515208965535,1.179699004674841,1.302678304732525,0.0,2.2410524707626744,824.9746819221486,153.77005765610247,302.7106577576344,49.86436423924916
12,285.0,51.29765642257157,0.99,0.0,0.0,0.0,0.0006640811856668,0.0071737092414652,0.0021622095728679,0.0,302.01,76.53,0.9436773616767656,0.6702947396128521,53.49391183984466,50.67008344620783,821.1437159896271,157.96912941116102,0.9960086025261956,0.0,0.0,0.0,0.0003670924416302,0.0028513602162958,0.000772944815878,0.0,0.9824637556002044,0.0,0.0,0.0,0.0010365770778962,0.012594982905829,0.0039046844160703,0.0,2.1494636632312583,2.1516448566418447,1.0,0.0,0.0,0.0,1.0374522951859622,1.1783775751376755,1.300685898150569,0.0,2.2410524707626744,824.9746819221486,153.77005765610247,302.7106577576344,49.86436423924916
12,285.0,51.61139291075344,0.99,0.0,0.0,0.0,0.0006640811856668,0.0071737092414652,0.0021622095728679,0.0,302.01,76.53,0.9436773616767656,0.6743942625212784,53.49391183984466,50.67008344620783,820.3144172860877,158.89960814396983,0.9951449954610484,0.0,0.0,0.0,0.0004235085536711,0.0034754472048246,0.0009560487804558,0.0,0.9787748134877268,0.0,0.0,0.0,0.0011889548584124,0.0152424590483097,0.0047937726055509,0.0,2.129740099345033,2.161234211415399,1.0000000006466008,0.0,0.0,0.0,1.0369165189365734,1.177233993489632,1.298959651034315,0.0,2.2410524707626744,824.9746819221486,153.77005765610247,302.7106577576344,49.86436423924916
12,285.0,51.9251293989353,0.99,0.0,0.0,0.0,0.0006640811856668,0.0071737092414652,0.0021622095728679,0.0,302.01,76.53,0.9436773616767656,0.6784937854297047,53.49391183984466,50.67008344620783,819.4860878242417,159.83408457299134,0.9942836983984236,0.0,0.0,0.0,0.000474093242534,0.0040980356220223,0.00114417273702,0.0,0.9751365587919366,0.0,0.0,0.0,0.0013232953413678,0.0178455842816419,0.0056945615850536,0.0,2.1100946081991867,2.168821287861978,1.0,0.0,0.0,0.0,1.0362675803034538,1.1757512503775531,1.2967226565589938,0.0,2.2410524707626744,824.9746819221486,153.77005765610247,302.7106577576344,49.86436423924916
12,285.0,52.23886588711718,0.99,0.0,0.0,0.0,0.0006640811856668,0.0071737092414652,0.0021622095728679,0.0,302.01,76.53,0.9436773616767656,0.6825933083381311,53.49391183984466,50.67008344620783,818.6579972336675,160.77254086561445,0.99342431632282,0.0,0.0,0.0,0.000519677253073,0.0047186420181244,0.0013373644059826,0.0,0.9715478347043688,0.0,0.0,0.0,0.0014422117619231,0.0204030087413624,0.0066069447923455,0.0,2.090545652440775,2.1775170354097333,1.0,0.0,0.0,0.0,1.0356830161599142,1.174446531926941,1.2947532125761827,0.0,2.2410524707626744,824.9746819221486,153.77005765610247,302.7106577576344,49.86436423924916
12,285.0,52.552602375299045,0.99,0.0,0.0,0.0,0.0006640811856668,0.0071737092414652,0.0021622095728679,0.0,302.01,76.53,0.9436773616767656,0.6866928312465574,53.49391183984466,50.67008344620783,817.8295410476169,161.71497852197584,0.9925665279037612,0.0,0.0,0.0,0.0005609444607968,0.0053368443742708,0.001535683261171,0.0,0.9680076118812804,0.0,0.0,0.0,0.0015478521664186,0.022913668671393,0.007530867280908,0.0,2.071080202104073,2.186279700511849,1.0,0.0,0.0,0.0,1.0351018023056235,1.1731439074735914,1.292787885522633,0.0,2.2410524707626744,824.9746819221486,153.77005765610247,302.7106577576344,49.86436423924916
12,285.0,52.86633886348091,0.99,0.0,0.0,0.0,0.0006640811856668,0.0071737092414652,0.0021622095728679,0.0,302.01,76.53,0.9436773616767656,0.6907923541549839,53.49391183984466,50.67008344620783,817.0002083192227,162.6614039044405,0.9917100665290522,0.0,0.0,0.0,0.0005984623359085,0.005952272011073,0.0017391991239661,0.0,0.964514931810154,0.0,0.0,0.0,0.0016419968586635,0.0253767502210549,0.0084663211101274,0.0,2.0516960363246954,2.195110776358575,1.0,0.0,0.0,0.0,1.0345251699267333,1.1718446238143918,1.2908285101200327,0.0,2.2410524707626744,824.9746819221486,153.77005765610247,302.7106577576344,49.86436423924916
12,285.0,53.18007535166279,0.99,0.0,0.0,0.0,0.0006640811856668,0.0071737092414652,0.0021622095728679,0.0,302.01,76.53,0.9436773616767656,0.6948918770634103,53.49391183984466,50.67008344620783,816.1695641357962,163.6118294164933,0.9908547100660718,0.0,0.0,0.0,0.0006327050761707,0.0065645948683992,0.0019479899893581,0.0,0.9610689015738224,0.0,0.0,0.0,0.0017261317547356,0.027791634055389,0.0094133326160529,0.0,2.032392611822513,2.2052673364295656,1.0000000003353282,0.0,0.0,0.0,1.0340190215954463,1.1707456220498074,1.2891689093631151,0.0,2.2410524707626744,824.9746819221486,153.77005765610247,302.7106577576344,49.86436423924916
12,285.0,53.49381183984465,0.99,0.0,0.0,0.0,0.0006640811856668,0.0071737092414652,0.0021622095728679,0.0,302.01,76.53,0.9436773616767656,0.6989913999718366,53.49391183984466,50.67008344620783,815.3372341948191,164.56627164912476,0.9900002718209122,0.0,0.0,0.0,0.0006640716229353,0.0071735160055328,0.0021621405506195,0.0,0.9576686812206032,0.0,0.0,0.0,0.001801505516455,0.030157858906642,0.0103719543562998,0.0,2.0131533335392326,2.2130083698001526,1.0,0.0,0.0,0.0,1.0333841857563275,1.1692599263547994,1.2869255745541297,0.0,2.2410524707626744,824.9746819221486,153.77005765610247,302.7106577576344,49.86436423924916
12,290.0,57.25778847829413,0.99,0.0,0.0,0.0,0.0006640811856668,0.0071737092414652,0.0021622095728679,0.0,302.01,76.53,0.9602331048640774,0.7481744215117486,59.74372655311376,57.25768847829412,770.0120758738225,188.85279735006955,0.9971384725460818,0.0,0.0,0.0,0.0002792865543075,0.0020434896348701,0.0005387512647404,0.0,0.989999003570038,0.0,0.0,0.0,0.0006641348975634,0.0071744253476763,0.0021624361847221,0.0,1.363285597904672,2.587104143836524,1.0000000000678373,0.0,0.0,0.0,1.0107009070826043,1.1140532547460107,1.216174184861671,0.0,1.4167983026644004,773.2637021553837,185.44864903964933,302.7106577576344,56.27641671412855
12,290.0,57.53399270882964,0.99,0.0,0.0,0.0,0.0006640811856668,0.0071737092414652,0.0021622095728679,0.0,302.01,76.53,0.9602331048640774,0.7517835189968592,59.74372655311376,57.25768847829412,769.1016704398529,189.8214146912358,0.9963399044885292,0.0,0.0,0.0,0.0003398012695346,0.0026197093851109,0.0007005848568253,0.0,0.9872628354571918,0.0,0.0,0.0,0.0008040844759352,0.0091398345919844,0.0027932454748885,0.0,1.3484332959009957,2.5988166141516444,1.0000000001175775,0.0,0.0,0.0,1.0103912921050089,1.1130223643485488,1.2145458806195677,0.0,1.4167983026644004,773.2637021553837,185.44864903964933,302.7106577576344,56.27641671412855
12,290.0,57.81019693936516,0.99,0.0,0.0,0.0,0.0006640811856668,0.0071737092414652,0.0021622095728679,0.0,302.01,76.53,0.9602331048640774,0.7553926164819699,59.74372655311376,57.25768847829412,768.1915593581335,190.7946989080152,0.9955433785764232,0.0,0.0,0.0,0.0003944064659837,0.0031952876395399,0.0008669273180529,0.0,0.9845595468390108,0.0,0.0,0.0,0.0009287487815943,0.0110782624090945,0.0034334419703001,0.0,1.3336201311975049,2.60486312990561,1.0,0.0,0.0,0.0,1.009969686066518,1.111507869308912,1.2121484653940529,0.0,1.4167983026644004,773.2637021553837,185.44864903964933,302.7106577576344,56.27641671412855
12,290.0,58.08640116990067,0.99,0.0,0.0,0.0,0.0006640811856668,0.0071737092414652,0.0021622095728679,0.0,302.01,76.53,0.9602331048640774,0.7590017139670805,59.74372655311376,57.25768847829412,767.2810242033347,191.7726800409498,0.9947485254199396,0.0,0.0,0.0,0.0004438963869913,0.0037697593900665,0.0010378188030024,0.0,0.9818884178830458,0.0,0.0,0.0,0.0010402078602469,0.0129884446171401,0.004082929639567,0.0,1.3189679502327842,2.622575160042692,1.0000000003632108,0.0,0.0,0.0,1.009784783157884,1.110970474219933,1.211304542044414,0.0,1.4167983026644004,773.2637021553837,185.44864903964933,302.7106577576344,56.27641671412855
12,290.0,58.36260540043618,0.99,0.0,0.0,0.0,0.0006640811856668,0.0071737092414652,0.0021622095728679,0.0,302.01,76.53,0.9602331048640774,0.762610811452191,59.74372655311376,57.25768847829412,766.3694580754898,192.7553984154223,0.9939550379597644,0.0,0.0,0.0,0.0004889334735905,0.0043427181074777,0.0012133104591671,0.0,0.9792488139578964,0.0,0.0,0.0,0.0011401943498228,0.0148693401493559,0.0047416515429246,0.0,1.3043459632345216,2.6346268621560287,1.0000000002271914,0.0,0.0,0.0,1.0094873857028654,1.1099530539603393,1.2096902726236012,0.0,1.4167983026644004,773.2637021553837,185.44864903964933,302.7106577576344,56.27641671412855
12,290.0,58.6388096309717,0.99,0.0,0.0,0.0,0.0006640811856668,0.0071737092414652,0.0021622095728679,0.0,302.01,76.53,0.9602331048640774,0.7662199089373017,59.74372655311376,57.25768847829412,765.4563393193988,193.742894387023,0.9931626573560632,0.0,0.0,0.0,0.0005300738411037,0.0049138058376081,0.0013934629652246,0.0,0.9766401547174076,0.0,0.0,0.0,0.0012301612849419,0.0167200990112109,0.0054095849864393,0.0,1.2897929132042705,2.6468013304743154,1.0000000001251397,0.0,0.0,0.0,1.0091940794462717,1.1089362399890952,1.2080797136998265,0.0,1.4167983026644004,773.2637021553837,185.44864903964933,302.7106577576344,56.27641671412855
12,290.0,58.91501386150721,0.99,0.0,0.0,0.0,0.0006640811856668,0.0071737092414652,0.0021622095728679,0.0,302.01,76.53,0.9602331048640774,0.7698290064224123,59.74372655311376,57.25768847829412,764.5412178450129,194.7352129449356,0.9923711649760844,0.0,0.0,0.0,0.0005677870745751,0.0054827033328168,0.0015783446165236,0.0,0.9740619129682287,0.0,0.0,0.0,0.0013113343033134,0.0185400205758138,0.0060867321526438,0.0,1.2753068625469053,2.6591052089279685,1.00000000027879,0.0,0.0,0.0,1.0089051851158006,1.107921763320517,1.206474230156573,0.0,1.4167983026644004,773.2637021553837,185.44864903964933,302.7106577576344,56.27641671412855
12,290.0,59.191218092042725,0.99,0.0,0.0,0.0,0.0006640811856668,0.0071737092414652,0.0021622095728679,0.0,302.01,76.53,0.9602331048640774,0.7734381039075229,59.74372655311376,57.25768847829412,763.6237014574922,195.73240221712416,0.9915803747869912,0.0,0.0,0.0,0.0006024719867353,0.0060491231587093,0.001768030067564,0.0,0.9715136043189664,0.0,0.0,0.0,0.0013847532935823,0.0203285276265329,0.0067731147609182,0.0,1.2608869041978883,2.6715393316712124,1.000000000229873,0.0,0.0,0.0,1.008620109026379,1.106910890083501,1.2048721061579275,0.0,1.4167983026644004,773.2637021553837,185.44864903964933,302.7106577576344,56.27641671412855
12,290.0,59.46742232257824,0.99,0.0,0.0,0.0,0.0006640811856668,0.0071737092414652,0.0021622095728679,0.0,302.01,76.53,0.9602331048640774,0.7770472013926335,59.74372655311376,57.25768847829412,762.7034454574442,196.73451316108896,0.9907901275054488,0.0,0.0,0.0,0.0006344691400466,0.0066128041124324,0.001962599242072,0.0,0.9689947805210126,0.0,0.0,0.0,0.0014513054161659,0.022085144751525,0.0074687693112963,0.0,1.2465302973567447,2.684110766950661,1.000000000165116,0.0,0.0,0.0,1.0083389887743976,1.1059026554855944,1.2032731760895,0.0,1.4167983026644004,773.2637021553837,185.44864903964933,302.7106577576344,56.27641671412855
12,290.0,59.74362655311376,0.99,0.0,0.0,0.0,0.0006640811856668,0.0071737092414652,0.0021622095728679,0.0,302.01,76.53,0.9602331048640774,0.7806562988777441,59.74372655311376,57.25768847829412,761.7801427382032,197.74159752105007,0.9900002852284756,0.0,0.0,0.0,0.0006640708949688,0.0071735072835691,0.0021621365929864,0.0,0.966505021051692,0.0,0.0,0.0,0.001511751573631,0.0238094834497583,0.0081737439249185,0.0,1.2322370571684544,2.696818568479455,1.0000000000780909,0.0,0.0,0.0,1.0080617672371792,1.1048969306933645,1.2016773446371805,0.0,1.4167983026644004,773.2637021553837,185.44864903964933,302.7106577576344,56.27641671412855
13,200.0,2.7374908184826614,0.9600000000000002,0.0,0.0,0.0,0.0331703683105136,0.0,0.0068296316894863,0.0,299.62,78.19,0.6675121820973232,0.0350107535296414,10.572195098459945,2.737390818482661,1221.3489194650622,7.386723867148339,0.9994454498999052,0.0,0.0,0.0,0.000467735717965,0.0,8.681438212984793e-05,0.0,0.9599661768847032,0.0,0.0,0.0,0.0331984096921049,0.0,0.0068354134231917,0.0,22.475205021457302,0.6844346766854401,1.0000000096986656,0.0,0.0,0.0,5.223188504998706,0.0,4.314816707253309,0.0,22.53960113748808,1221.920496490378,7.249541730897533,302.7106577576344,2.6239816647333654
13,200.0,3.608002405146804,0.9600000000000002,0.0,0.0,0.0,0.0331703683105136,0.0,0.0068296316894863,0.0,299.62,78.19,0.6675121820973232,0.0461440389454764,10.572195098459945,2.737390818482661,1216.9525525521076,8.447094729760629,0.995177069323908,0.0,0.0,0.0,0.0040621850471085,0.0,0.0007607456289832,0.0,0.7360417882643038,0.0,0.0,0.0,0.2184904303805074,0.0,0.0454677813551886,0.0,21.986142652671266,0.6996922541700045,1.0000000033126475,0.0,0.0,0.0,5.07940365342563,0.0,4.1663794535034135,0.0,22.53960113748808,1221.920496490378,7.249541730897533,302.7106577576344,2.6239816647333654
13,200.0,4.478513991810947,0.9600000000000002,0.0,0.0,0.0,0.0331703683105136,0.0,0.0068296316894863,0.0,299.62,78.19,0.6675121820973232,0.0572773243613115,10.572195098459945,2.737390818482661,1212.5332957827422,9.522514699486052,0.99088083643975,0.0,0.0,0.0,0.0076691480821541,0.0,0.0014500154780957,0.0,0.5986810557703641,0.0,0.0,0.0,0.3315455106890363,0.0,0.0697734335405995,0.0,21.505430065764333,0.714984631549185,1.000000000814971,0.0,0.0,0.0,4.941052835870414,0.0,4.025808367273325,0.0,22.53960113748808,1221.920496490378,7.249541730897533,302.7106577576344,2.6239816647333654
13,200.0,5.349025578475089,0.9600000000000002,0.0,0.0,0.0,0.0331703683105136,0.0,0.0068296316894863,0.0,299.62,78.19,0.6675121820973232,0.0684106097771465,10.572195098459945,2.737390818482661,1208.0912420196682,10.613483567111164,0.986556283013035,0.0,0.0,0.0,0.0112877423888496,0.0,0.0021559745981153,0.0,0.5058621783816373,0.0,0.0,0.0,0.4073841866553532,0.0,0.0867536349630095,0.0,21.03288544167549,0.7303147509936166,1.0,0.0,0.0,0.0,4.807094993860392,0.0,3.8925143150721713,0.0,22.53960113748808,1221.920496490378,7.249541730897533,302.7106577576344,2.6239816647333654
13,200.0,6.219537165139232,0.9600000000000002,0.0,0.0,0.0,0.0331703683105136,0.0,0.0068296316894863,0.0,299.62,78.19,0.6675121820973232,0.0795438951929816,10.572195098459945,2.737390818482661,1203.6266529554453,11.720536178013033,0.9822030635169487,0.0,0.0,0.0,0.0149168855007507,0.0,0.0028800509823006,0.0,0.4389730009654637,0.0,0.0,0.0,0.4615147435378083,0.0,0.099512255496728,0.0,20.56833647350301,0.7456886671402003,1.0,0.0,0.0,0.0,4.678211827764637,0.0,3.766524135540263,0.0,22.53960113748808,1221.920496490378,7.249541730897533,302.7106577576344,2.6239816647333654
13,200.0,7.090048751803375,0.9600000000000002,0.0,0.0,0.0,0.0331703683105136,0.0,0.0068296316894863,0.0,299.62,78.19,0.6675121820973232,0.0906771806088166,10.572195098459945,2.737390818482661,1199.1399233868433,12.844245358879196,0.9778209169494712,0.0,0.0,0.0,0.018555314887678,0.0,0.0036237681628506,0.0,0.3885034353845929,0.0,0.0,0.0,0.5018585310186062,0.0,0.1096380335968007,0.0,20.111617373641845,0.7611201334225648,1.0,0.0,0.0,0.0,4.554098567783716,0.0,3.647178596303294,0.0,22.53960113748808,1221.920496490378,7.249541730897533,302.7106577576344,2.6239816647333654
13,200.0,7.960560338467517,0.9600000000000002,0.0,0.0,0.0,0.0331703683105136,0.0,0.0068296316894863,0.0,299.62,78.19,0.6675121820973232,0.1018104660246517,10.572195098459945,2.737390818482661,1194.631574083008,13.985220577991557,0.9734096560401896,0.0,0.0,0.0,0.022201585665279,0.0,0.0043887582945312,0.0,0.3490879083358339,0.0,0.0,0.0,0.5328820632806641,0.0,0.1180300283835019,0.0,19.66257051061458,0.776660216055398,1.0,0.0,0.0,0.0,4.434445748391807,0.0,3.5340610859831254,0.0,22.53960113748808,1221.920496490378,7.249541730897533,302.7106577576344,2.6239816647333654
13,200.0,8.83107192513166,0.9600000000000002,0.0,0.0,0.0,0.0331703683105136,0.0,0.0068296316894863,0.0,299.62,78.19,0.6675121820973232,0.1129437514404867,10.572195098459945,2.737390818482661,1190.10225995953,15.144107041338534,0.9689691711205398,0.0,0.0,0.0,0.0258540562523868,0.0,0.0051767726270733,0.0,0.3174696104193589,0.0,0.0,0.0,0.5572938100225762,0.0,0.1252365795580648,0.0,19.22104684833898,0.792296668586301,1.0,0.0,0.0,0.0,4.319498837366589,0.0,3.426851142572877,0.0,22.53960113748808,1221.920496490378,7.249541730897533,302.7106577576344,2.6239816647333654
13,200.0,9.701583511795803,0.9600000000000002,0.0,0.0,0.0,0.0331703683105136,0.0,0.0068296316894863,0.0,299.62,78.19,0.6675121820973232,0.1240770368563218,10.572195098459945,2.737390818482661,1185.552780229741,16.321585509424043,0.9644994360468866,0.0,0.0,0.0,0.0295108724676454,0.0,0.005989691485468,0.0,0.2915572970114255,0.0,0.0,0.0,0.5768303442034814,0.0,0.1316123587850931,0.0,18.78690732813215,0.8080303933031808,1.0000000000176734,0.0,0.0,0.0,4.2090846818986245,0.0,3.325332194253928,0.0,22.53960113748808,1221.920496490378,7.249541730897533,302.7106577576344,2.6239816647333654
13,200.0,10.572095098459943,0.9600000000000002,0.0,0.0,0.0,0.0331703683105136,0.0,0.0068296316894863,0.0,299.62,78.19,0.6675121820973232,0.1352103222721568,10.572195098459945,2.737390818482661,1180.9840925168596,17.518372547494057,0.9600005179584492,0.0,0.0,0.0,0.0331699483575682,0.0,0.0068295336839826,0.0,0.2699467484528562,0.0,0.0,0.0,0.5926551995480174,0.0,0.1373980519991264,0.0,18.36002535723365,0.8239101817062391,1.000000000872684,0.0,0.0,0.0,4.1028579159348935,0.0,3.229125062863767,0.0,22.53960113748808,1221.920496490378,7.249541730897533,302.7106577576344,2.6239816647333654
13,205.0,3.500824193693317,0.9600000000000002,0.0,0.0,0.0,0.0331703683105136,0.0,0.0068296316894863,0.0,299.62,78.19,0.6841999866497563,0.0447732982950929,11.443946699006185,3.500724193693317,1205.5491095918096,9.299986310515076,0.999294271744855,0.0,0.0,0.0,0.0006026629899241,0.0,0.0001030652652209,0.0,0.9599737390214228,0.0,0.0,0.0,0.0331921338191682,0.0,0.006834127159409,0.0,21.08401868611076,0.7126271992156986,1.0,0.0,0.0,0.0,4.489712431653379,0.0,3.957869713260779,0.0,21.15779579629945,1206.2779501886548,9.12387059747945,302.7106577576344,3.35468958110042
13,205.0,4.383382249839191,0.9600000000000002,0.0,0.0,0.0,0.0331703683105136,0.0,0.0068296316894863,0.0,299.62,78.19,0.6841999866497563,0.0560606503368613,11.443946699006185,3.500724193693317,1201.1387640184073,10.37285459176372,0.9950185713555438,0.0,0.0,0.0,0.0042431203163662,0.0,0.0007383083280899,0.0,0.7744472818345346,0.0,0.0,0.0,0.186447023713271,0.0,0.0391056944521942,0.0,20.64271979661589,0.7269249420039806,1.0,0.0,0.0,0.0,4.3784784600796165,0.0,3.838780658230088,0.0,21.15779579629945,1206.2779501886548,9.12387059747945,302.7106577576344,3.35468958110042
13,205.0,5.265940305985065,0.9600000000000002,0.0,0.0,0.0,0.0331703683105136,0.0,0.0068296316894863,0.0,299.62,78.19,0.6841999866497563,0.0673480023786298,11.443946699006185,3.500724193693317,1196.7141124409588,11.461989963469088,0.9907195500138664,0.0,0.0,0.0,0.0078836734208214,0.0,0.0013967765653122,0.0,0.6506716975802587,0.0,0.0,0.0,0.2877929262745393,0.0,0.0615353761452019,0.0,20.20866329745505,0.7412705946391945,1.0,0.0,0.0,0.0,4.270767771538539,0.0,3.725325212203032,0.0,21.15779579629945,1206.2779501886548,9.12387059747945,302.7106577576344,3.35468958110042
13,205.0,6.14849836213094,0.9600000000000002,0.0,0.0,0.0,0.0331703683105136,0.0,0.0068296316894863,0.0,299.62,78.19,0.6841999866497563,0.0786353544203982,11.443946699006185,3.500724193693317,1192.2760561679245,12.56796565204104,0.9863973039862772,0.0,0.0,0.0,0.0115223795457588,0.0,0.0020803164679639,0.0,0.5622562759868677,0.0,0.0,0.0,0.3593533631028671,0.0,0.0783903609102652,0.0,19.781751911857853,0.7556881747699947,1.0,0.0,0.0,0.0,4.166828813443648,0.0,3.617455167846829,0.0,21.15779579629945,1206.2779501886548,9.12387059747945,302.7106577576344,3.35468958110042
13,205.0,7.031056418276814,0.9600000000000002,0.0,0.0,0.0,0.0331703683105136,0.0,0.0068296316894863,0.0,299.62,78.19,0.6841999866497563,0.0899227064621667,11.443946699006185,3.500724193693317,1187.825726473547,13.691387982137266,0.9820520898428312,0.0,0.0,0.0,0.0151570055975513,0.0,0.0027909045596175,0.0,0.4959727899327822,0.0,0.0,0.0,0.4122133752635303,0.0,0.0918138348036875,0.0,19.361898195683768,0.7701380148860949,1.0,0.0,0.0,0.0,4.066224819668127,0.0,3.514646930575275,0.0,21.15779579629945,1206.2779501886548,9.12387059747945,302.7106577576344,3.35468958110042
13,205.0,7.913614474422689,0.9600000000000002,0.0,0.0,0.0,0.0331703683105136,0.0,0.0068296316894863,0.0,299.62,78.19,0.6841999866497563,0.1012100585039351,11.443946699006185,3.500724193693317,1183.3644697934303,14.832901616828774,0.9776843063746368,0.0,0.0,0.0,0.018785030752309,0.0,0.0035306628730541,0.0,0.4444599938616955,0.0,0.0,0.0,0.4525375097718761,0.0,0.1030024963664283,0.0,18.949022611669704,0.784655046148793,1.0,0.0,0.0,0.0,3.968984591327211,0.0,3.416705640358963,0.0,21.15779579629945,1206.2779501886548,9.12387059747945,302.7106577576344,3.35468958110042
13,205.0,8.796172530568562,0.9600000000000002,0.0,0.0,0.0,0.0331703683105136,0.0,0.0068296316894863,0.0,299.62,78.19,0.6841999866497563,0.1124974105457035,11.443946699006185,3.500724193693317,1178.8938476067392,15.993189752309746,0.973294490903619,0.0,0.0,0.0,0.0224036380052233,0.0,0.0043018710911576,0.0,0.4032959600390648,0.0,0.0,0.0,0.4840249592518868,0.0,0.1126790807090484,0.0,18.54305428729766,0.7992603819728082,1.0,0.0,0.0,0.0,3.875380278095221,0.0,3.323464578252894,0.0,21.15779579629945,1206.2779501886548,9.12387059747945,302.7106577576344,3.35468958110042
13,205.0,9.678730586714437,0.9600000000000002,0.0,0.0,0.0,0.0331703683105136,0.0,0.0068296316894863,0.0,299.62,78.19,0.6841999866497563,0.123784762587472,11.443946699006185,3.500724193693317,1174.415649218236,17.172973416899428,0.9688833283503964,0.0,0.0,0.0,0.0260096961555956,0.0,0.0051069754940079,0.0,0.369664331884169,0.0,0.0,0.0,0.5090280664607044,0.0,0.1213076016551266,0.0,18.143931938761927,0.8139222666958944,1.0,0.0,0.0,0.0,3.7851077396797006,0.0,3.2348076475178504,0.0,21.15779579629945,1206.2779501886548,9.12387059747945,302.7106577576344,3.35468958110042
13,205.0,10.561288642860312,0.9600000000000002,0.0,0.0,0.0,0.0331703683105136,0.0,0.0068296316894863,0.0,299.62,78.19,0.6841999866497563,0.1350721146292404,11.443946699006185,3.500724193693317,1169.9319050697582,18.37301058629798,0.9644516616697284,0.0,0.0,0.0,0.0295997424681952,0.0,0.0059485958620764,0.0,0.3416863536703138,0.0,0.0,0.0,0.5291125238557014,0.0,0.1292011224739847,0.0,17.751603529285553,0.8286973243072893,1.0,0.0,0.0,0.0,3.698038972375013,0.0,3.1503579212850354,0.0,21.15779579629945,1206.2779501886548,9.12387059747945,302.7106577576344,3.35468958110042
13,205.0,11.443846699006183,0.9600000000000002,0.0,0.0,0.0,0.0331703683105136,0.0,0.0068296316894863,0.0,299.62,78.19,0.6841999866497563,0.1463594666710088,11.443946699006185,3.500724193693317,1165.4449017811178,19.59409504389511,0.9600005049763098,0.0,0.0,0.0,0.0331699654011371,0.0,0.006829529622553,0.0,0.3180607432657676,0.0,0.0,0.0,0.5453594367528344,0.0,0.1365798199813979,0.0,17.366029342042083,0.8435533899262837,1.000000000397881,0.0,0.0,0.0,3.614118685680329,0.0,3.069921969864972,0.0,21.15779579629945,1206.2779501886548,9.12387059747945,302.7106577576344,3.35468958110042
13,210.0,4.419129048540443,0.9600000000000002,0.0,0.0,0.0,0.0331703683105136,0.0,0.0068296316894863,0.0,299.62,78.19,0.7008877912021895,0.0565178289875999,12.463067335470468,4.419029048540443,1189.3747787979764,11.578863632653324,0.9991112955597335,0.0,0.0,0.0,0.000767021582883,0.0,0.0001216828573833,0.0,0.9599793605945838,0.0,0.0,0.0,0.0331874678670582,0.0,0.0068331715383579,0.0,19.710020647996647,0.7429059521230265,1.0,0.0,0.0,0.0,3.889852394392022,0.0,3.6422541546466656,0.0,19.793904820789816,1190.2941504876192,11.354703713715036,302.7106577576344,4.233266563955471
13,210.0,5.312888858199335,0.9600000000000002,0.0,0.0,0.0,0.0331703683105136,0.0,0.0068296316894863,0.0,299.62,78.19,0.7008877912021895,0.0679484442793111,12.463067335470468,4.419029048540443,1184.9497195865747,12.66700625562414,0.9948268124159656,0.0,0.0,0.0,0.0044495963869126,0.0,0.0007235911971219,0.0,0.8062128449780606,0.0,0.0,0.0,0.1599946596470299,0.0,0.0337924953749095,0.0,19.31052351487847,0.7564435360493023,1.0,0.0,0.0,0.0,3.8030003114219295,0.0,3.5460141717486446,0.0,19.793904820789816,1190.2941504876192,11.354703713715036,302.7106577576344,4.233266563955471
13,210.0,6.206648667858226,0.9600000000000002,0.0,0.0,0.0,0.0331703683105136,0.0,0.0068296316894863,0.0,299.62,78.19,0.7008877912021895,0.0793790595710222,12.463067335470468,4.419029048540443,1180.5190848949587,13.77255579680503,0.9905245905580902,0.0,0.0,0.0,0.0081204457754329,0.0,0.0013549636664769,0.0,0.6963551153128799,0.0,0.0,0.0,0.2495298285828569,0.0,0.054115056104263,0.0,18.91741337077424,0.7700351646515138,1.0,0.0,0.0,0.0,3.718657241237756,0.0,3.453813124861965,0.0,19.793904820789816,1190.2941504876192,11.354703713715036,302.7106577576344,4.233266563955471
13,210.0,7.100408477517117,0.9600000000000002,0.0,0.0,0.0,0.0331703683105136,0.0,0.0068296316894863,0.0,299.62,78.19,0.7008877912021895,0.0908096748627333,12.463067335470468,4.419029048540443,1176.0847020380972,14.89618617186986,0.9862053648848108,0.0,0.0,0.0,0.0117763893093813,0.0,0.0020182458058077,0.0,0.6139860116092778,0.0,0.0,0.0,0.3156551203553076,0.0,0.0703588680354146,0.0,18.530654824517825,0.7836889546642141,1.0,0.0,0.0,0.0,3.636867454555248,0.0,3.365542765604497,0.0,19.793904820789816,1190.2941504876192,11.354703713715036,302.7106577576344,4.233266563955471
13,210.0,7.994168287176009,0.9600000000000002,0.0,0.0,0.0,0.0331703683105136,0.0,0.0068296316894863,0.0,299.62,78.19,0.7008877912021895,0.1022402901544444,12.463067335470468,4.419029048540443,1171.6487024253768,16.038606678399887,0.9818700797727722,0.0,0.0,0.0,0.0154138505356895,0.0,0.0027160696915382,0.0,0.5499651860330879,0.0,0.0,0.0,0.3660813836404441,0.0,0.083953430326468,0.0,18.15022355400348,0.7974079201515516,1.0,0.0,0.0,0.0,3.557816158915172,0.0,3.28113696858448,0.0,19.793904820789816,1190.2941504876192,11.354703713715036,302.7106577576344,4.233266563955471
13,210.0,8.887928096834901,0.9600000000000002,0.0,0.0,0.0,0.0331703683105136,0.0,0.0068296316894863,0.0,299.62,78.19,0.7008877912021895,0.1136709054461555,12.463067335470468,4.419029048540443,1167.213519603922,17.200567148039077,0.9775198844188776,0.0,0.0,0.0,0.0190288501499857,0.0,0.0034512654311367,0.0,0.4988008607528496,0.0,0.0,0.0,0.4054362946916262,0.0,0.0957628445555243,0.0,17.776104707487498,0.8111666653413238,1.0,0.0,0.0,0.0,3.481390602417492,0.0,3.200525276878452,0.0,19.793904820789816,1190.2941504876192,11.354703713715036,302.7106577576344,4.233266563955471
13,210.0,9.781687906493794,0.9600000000000002,0.0,0.0,0.0,0.0331703683105136,0.0,0.0068296316894863,0.0,299.62,78.19,0.7008877912021895,0.1251015207378666,12.463067335470468,4.419029048540443,1162.781895585019,18.38285822312696,0.973156137400686,0.0,0.0,0.0,0.0226169946784223,0.0,0.0042268679208915,0.0,0.4569947870739353,0.0,0.0,0.0,0.4366628060393553,0.0,0.1063424068867093,0.0,17.408293206708606,0.825025851427283,1.0,0.0,0.0,0.0,3.4074610122641382,0.0,3.123418238254724,0.0,19.793904820789816,1190.2941504876192,11.354703713715036,302.7106577576344,4.233266563955471
13,210.0,10.675447716152684,0.9600000000000002,0.0,0.0,0.0,0.0331703683105136,0.0,0.0068296316894863,0.0,299.62,78.19,0.7008877912021895,0.1365321360295777,12.463067335470468,4.419029048540443,1158.3568876881595,19.58630975164221,0.9687804136206742,0.0,0.0,0.0,0.0261734676756701,0.0,0.0050461187036555,0.0,0.4222130937411743,0.0,0.0,0.0,0.461719831738179,0.0,0.1160670745206467,0.0,17.046793722352064,0.8389237450344894,1.0,0.0,0.0,0.0,3.3360051214221733,0.0,3.049688757325105,0.0,19.793904820789816,1190.2941504876192,11.354703713715036,302.7106577576344,4.233266563955471
13,210.0,11.569207525811576,0.9600000000000002,0.0,0.0,0.0,0.0331703683105136,0.0,0.0068296316894863,0.0,299.62,78.19,0.7008877912021895,0.1479627513212888,12.463067335470468,4.419029048540443,1153.9418797711096,20.81178781507964,0.964394517855871,0.0,0.0,0.0,0.029693021426641,0.0,0.0059124607174878,0.0,0.392839153086349,0.0,0.0,0.0,0.4819602170159585,0.0,0.1252006298976925,0.0,16.69162125636076,0.8529087280559552,1.0,0.0,0.0,0.0,3.2669900645238115,0.0,2.9792085591573696,0.0,19.793904820789816,1190.2941504876192,11.354703713715036,302.7106577576344,4.233266563955471
13,210.0,12.462967335470468,0.9600000000000002,0.0,0.0,0.0,0.0331703683105136,0.0,0.0068296316894863,0.0,299.62,78.19,0.7008877912021895,0.159393366613,12.463067335470468,4.419029048540443,1149.5405830270524,22.06019047010811,0.9600004916494096,0.0,0.0,0.0,0.0331699821705021,0.0,0.0068295261800881,0.0,0.3677177779696591,0.0,0.0,0.0,0.4983470969981135,0.0,0.1339351250322273,0.0,16.3427996955013,0.8669572535279145,1.0,0.0,0.0,0.0,3.200374798109269,0.0,2.9118519596476204,0.0,19.793904820789816,1190.2941504876192,11.354703713715036,302.7106577576344,4.233266563955471
13,215.0,5.512134667475069,0.9600000000000002,0.0,0.0,0.0,0.0331703683105136,0.0,0.0068296316894863,0.0,299.62,78.19,0.7175755957546225,0.0704966705138133,13.647535304675326,5.512034667475069,1172.7602378834465,14.272580173174756,0.9988917528135068,0.0,0.0,0.0,0.0009652621970646,0.0,0.0001429849894286,0.0,0.9599835983045228,0.0,0.0,0.0,0.0331839500677006,0.0,0.0068324516277766,0.0,18.353513354870408,0.7755276890261862,1.0,0.0,0.0,0.0,3.3957493770216978,0.0,3.361992698506349,0.0,18.448205290897207,1173.908539729092,13.989350648063478,302.7106577576344,5.278346606766283
13,215.0,6.416056960497319,0.9600000000000002,0.0,0.0,0.0,0.0331703683105136,0.0,0.0068296316894863,0.0,299.62,78.19,0.7175755957546225,0.0820572574561621,13.647535304675326,5.512034667475069,1168.321195575056,15.37893204234773,0.994599020609634,0.0,0.0,0.0,0.0046848545267938,0.0,0.0007161248635722,0.0,0.8323565297960679,0.0,0.0,0.0,0.1382597542477423,0.0,0.0293837159561898,0.0,17.990986012538787,0.7884611879484447,1.0,0.0,0.0,0.0,3.3271411918218,0.0,3.283258084015111,0.0,18.448205290897207,1173.908539729092,13.989350648063478,302.7106577576344,5.278346606766283
13,215.0,7.319979253519571,0.9600000000000002,0.0,0.0,0.0,0.0331703683105136,0.0,0.0068296316894863,0.0,299.62,78.19,0.7175755957546225,0.0936178443985109,13.647535304675326,5.512034667475069,1163.8852709671455,16.503764366036155,0.990294836431388,0.0,0.0,0.0,0.008381470093566,0.0,0.0013236934750459,0.0,0.7359376516567873,0.0,0.0,0.0,0.2165104817291648,0.0,0.0475518666140478,0.0,17.63416633325423,0.8014581975203648,1.0,0.0,0.0,0.0,3.2606555703106666,0.0,3.207789028905061,0.0,18.448205290897207,1173.908539729092,13.989350648063478,302.7106577576344,5.278346606766283
13,215.0,8.223901546541821,0.9600000000000002,0.0,0.0,0.0,0.0331703683105136,0.0,0.0068296316894863,0.0,299.62,78.19,0.7175755957546225,0.1051784313408597,13.647535304675326,5.512034667475069,1159.4552964711677,17.647866269421588,0.9859806465057416,0.0,0.0,0.0,0.0120505873558629,0.0,0.0019687661383956,0.0,0.6605616892996914,0.0,0.0,0.0,0.2765850781801705,0.0,0.0628532325201379,0.0,17.2830664958841,0.8145192624298637,1.000000000102152,0.0,0.0,0.0,3.19611047548133,0.0,3.1352689715077857,0.0,18.448205290897207,1173.908539729092,13.989350648063478,302.7106577576344,5.278346606766283
13,215.0,9.127823839564073,0.9600000000000002,0.0,0.0,0.0,0.0331703683105136,0.0,0.0068296316894863,0.0,299.62,78.19,0.7175755957546225,0.1167390182832085,13.647535304675326,5.512034667475069,1155.034490851646,18.81206756909049,0.9816581638002496,0.0,0.0,0.0,0.0156871737696667,0.0,0.0026546624300835,0.0,0.6000461894989653,0.0,0.0,0.0,0.3237371288516908,0.0,0.0762166816493439,0.0,16.937710202453776,0.8276481735364073,1.0000000003823228,0.0,0.0,0.0,3.133510061340321,0.0,3.0656215432000056,0.0,18.448205290897207,1173.908539729092,13.989350648063478,302.7106577576344,5.278346606766283
13,215.0,10.031746132586324,0.9600000000000002,0.0,0.0,0.0,0.0331703683105136,0.0,0.0068296316894863,0.0,299.62,78.19,0.7175755957546225,0.1282996052255572,13.647535304675326,5.512034667475069,1150.6264632367825,19.997241980226978,0.9773293717877612,0.0,0.0,0.0,0.0192856777947343,0.0,0.0033849504175045,0.0,0.5504153141343109,0.0,0.0,0.0,0.3613390216753296,0.0,0.0882456641903596,0.0,16.59813213189443,0.8408413156175129,1.0,0.0,0.0,0.0,3.072848506253214,0.0,2.998766025089927,0.0,18.448205290897207,1173.908539729092,13.989350648063478,302.7106577576344,5.278346606766283
13,215.0,10.935668425608574,0.9600000000000002,0.0,0.0,0.0,0.0331703683105136,0.0,0.0068296316894863,0.0,299.62,78.19,0.7175755957546225,0.139860192167906,13.647535304675326,5.512034667475069,1146.2352147814736,21.20430567418719,0.9729965292435576,0.0,0.0,0.0,0.0228400282365274,0.0,0.004163442519915,0.0,0.5089962383898071,0.0,0.0,0.0,0.391652401841876,0.0,0.0993513597683168,0.0,16.264377293491822,0.8540770817417105,1.0,0.0,0.0,0.0,3.014112041790036,0.0,2.93462175379144,0.0,18.448205290897207,1173.908539729092,13.989350648063478,302.7106577576344,5.278346606766283
13,215.0,11.839590718630824,0.9600000000000002,0.0,0.0,0.0,0.0331703683105136,0.0,0.0068296316894863,0.0,299.62,78.19,0.7175755957546225,0.1514207791102548,13.647535304675326,5.512034667475069,1141.8651368227484,22.43421281217282,0.9686621759484568,0.0,0.0,0.0,0.0263436437014873,0.0,0.0049941803500557,0.0,0.4739259091181504,0.0,0.0,0.0,0.4162489363029298,0.0,0.1098251545789196,0.0,15.936500434440042,0.8673859811211067,1.0,0.0,0.0,0.0,2.9572807263676,0.0,2.873105118136764,0.0,18.448205290897207,1173.908539729092,13.989350648063478,302.7106577576344,5.278346606766283
13,215.0,12.743513011653077,0.9600000000000002,0.0,0.0,0.0,0.0331703683105136,0.0,0.0068296316894863,0.0,299.62,78.19,0.7175755957546225,0.1629813660526036,13.647535304675326,5.512034667475069,1137.5209933176316,23.68794841554397,0.9643291288923456,0.0,0.0,0.0,0.0297894639224167,0.0,0.0058814071852377,0.0,0.4438660573875155,0.0,0.0,0.0,0.4362536570778458,0.0,0.1198802855346384,0.0,15.61456531805163,0.880753121465586,1.0,0.0,0.0,0.0,2.9023297224846525,0.0,2.8141620034287675,0.0,18.448205290897207,1173.908539729092,13.989350648063478,302.7106577576344,5.278346606766283
13,215.0,13.647435304675328,0.9600000000000002,0.0,0.0,0.0,0.0331703683105136,0.0,0.0068296316894863,0.0,299.62,78.19,0.7175755957546225,0.1745419529949523,13.647535304675326,5.512034667475069,1133.2078961848542,24.966518239485,0.9600004782133372,0.0,0.0,0.0,0.0331699984528792,0.0,0.0068295233337836,0.0,0.4178306303615767,0.0,0.0,0.0,0.452492593252316,0.0,0.1296767763861073,0.0,15.298643060097236,0.8941759777290699,1.0,0.0,0.0,0.0,2.8492303173127778,0.0,2.75769666028447,0.0,18.448205290897207,1173.908539729092,13.989350648063478,302.7106577576344,5.278346606766283
13,220.0,6.800531877543408,0.9600000000000002,0.0,0.0,0.0,0.0331703683105136,0.0,0.0068296316894863,0.0,299.62,78.19,0.7342634003070556,0.0869744452940709,15.015989274276349,6.800431877543408,1155.6326885939145,17.43621713682555,0.998630381333193,0.0,0.0,0.0,0.001202265971877,0.0,0.0001673526949298,0.0,0.9599868342990114,0.0,0.0,0.0,0.0331812634262758,0.0,0.0068319022747126,0.0,17.014975813730246,0.810797114131254,1.0,0.0,0.0,0.0,2.985975024684376,0.0,3.1116142083798883,0.0,17.121140165384258,1157.0541060432145,17.08052563899556,302.7106577576344,6.509407158415541
13,220.0,7.71334936606929,0.9600000000000002,0.0,0.0,0.0,0.0331703683105136,0.0,0.0068296316894863,0.0,299.62,78.19,0.7342634003070556,0.0986487960873422,15.015989274276349,6.800431877543408,1151.1817423953523,18.56389504177117,0.9943318511427484,0.0,0.0,0.0,0.0049525010869638,0.0,0.0007156477702878,0.0,0.8538365339060145,0.0,0.0,0.0,0.1204277252696847,0.0,0.0257357408243007,0.0,16.6854778611816,0.8232875664791167,1.0,0.0,0.0,0.0,2.9315523577768423,0.0,3.046912811561299,0.0,17.121140165384258,1157.0541060432145,17.08052563899556,302.7106577576344,6.509407158415541
13,220.0,8.626166854595173,0.9600000000000002,0.0,0.0,0.0,0.0331703683105136,0.0,0.0068296316894863,0.0,299.62,78.19,0.7342634003070556,0.1103231468806135,15.015989274276349,6.800431877543408,1146.7424182159536,19.711070077638396,0.990028588171078,0.0,0.0,0.0,0.0086690757255777,0.0,0.0013023361033442,0.0,0.7699013861208177,0.0,0.0,0.0,0.1882779521938824,0.0,0.0418206616852999,0.0,16.361132905391933,0.8358378122692613,1.0,0.0,0.0,0.0,2.8786484921412847,0.0,2.9845440481055543,0.0,17.121140165384258,1157.0541060432145,17.08052563899556,302.7106577576344,6.509407158415541
13,220.0,9.538984343121054,0.9600000000000002,0.0,0.0,0.0,0.0331703683105136,0.0,0.0068296316894863,0.0,299.62,78.19,0.7342634003070556,0.1219974976738848,15.015989274276349,6.800431877543408,1142.3185916014943,20.87865128447288,0.9857228049388064,0.0,0.0,0.0,0.0123460870433001,0.0,0.0019311080178935,0.0,0.7018996851010949,0.0,0.0,0.0,0.2421193365664075,0.0,0.0559809783324975,0.0,16.041989697937055,0.8484561304383761,1.0,0.0,0.0,0.0,2.8272648517406718,0.0,2.9244674819359626,0.0,17.121140165384258,1157.0541060432145,17.08052563899556,302.7106577576344,6.509407158415541
13,220.0,10.451801831646936,0.9600000000000002,0.0,0.0,0.0,0.0331703683105136,0.0,0.0068296316894863,0.0,299.62,78.19,0.7342634003070556,0.1336718484671561,15.015989274276349,6.800431877543408,1137.9146095692183,22.067595095693825,0.9814170426332348,0.0,0.0,0.0,0.0159770043126664,0.0,0.0026059530540988,0.0,0.645714893108398,0.0,0.0,0.0,0.2854749621065017,0.0,0.0688101447851003,0.0,15.72810920829862,0.8611377782418139,1.0,0.0,0.0,0.0,2.777396628705803,0.0,2.866697338781011,0.0,17.121140165384258,1157.0541060432145,17.08052563899556,302.7106577576344,6.509407158415541
13,220.0,11.364619320172816,0.9600000000000002,0.0,0.0,0.0,0.0331703683105136,0.0,0.0068296316894863,0.0,299.62,78.19,0.7342634003070556,0.1453461992604273,15.015989274276349,6.800431877543408,1133.5352912697967,23.278905164150075,0.9771141762996124,0.0,0.0,0.0,0.0195546711055614,0.0,0.0033311525948261,0.0,0.598537059989584,0.0,0.0,0.0,0.3207430715381363,0.0,0.0807198684722797,0.0,15.41956390914756,0.8738816059724756,1.0,0.0,0.0,0.0,2.7290347567889714,0.0,2.8110834279356536,0.0,17.121140165384258,1157.0541060432145,17.08052563899556,302.7106577576344,6.509407158415541
13,220.0,12.2774368086987,0.9600000000000002,0.0,0.0,0.0,0.0331703683105136,0.0,0.0068296316894863,0.0,299.62,78.19,0.7342634003070556,0.1570205500536987,15.015989274276349,6.800431877543408,1129.1859146388065,24.513627229356985,0.9728174128513856,0.0,0.0,0.0,0.0230713295853139,0.0,0.0041112575633005,0.0,0.5583827121326668,0.0,0.0,0.0,0.3496108692064066,0.0,0.0920064186609266,0.0,15.116436726002616,0.886679511293336,1.0,0.0,0.0,0.0,2.6821670369457777,0.0,2.757575509562512,0.0,17.121140165384258,1157.0541060432145,17.08052563899556,302.7106577576344,6.509407158415541
13,220.0,13.190254297224582,0.9600000000000002,0.0,0.0,0.0,0.0331703683105136,0.0,0.0068296316894863,0.0,299.62,78.19,0.7342634003070556,0.1686949008469699,15.015989274276349,6.800431877543408,1124.872186116354,25.772839574080585,0.9685302806960286,0.0,0.0,0.0,0.0265186724177345,0.0,0.0049510468862367,0.0,0.5238119095414632,0.0,0.0,0.0,0.3732987454614526,0.0,0.1028893449970844,0.0,14.818819127669997,0.8995359752926689,1.0,0.0,0.0,0.0,2.6367786670795064,0.0,2.706123401673095,0.0,17.121140165384258,1157.0541060432145,17.08052563899556,302.7106577576344,6.509407158415541
13,220.0,14.103071785750464,0.9600000000000002,0.0,0.0,0.0,0.0331703683105136,0.0,0.0068296316894863,0.0,299.62,78.19,0.7342634003070556,0.1803692516402412,15.015989274276349,6.800431877543408,1120.6001854601154,27.057638951290134,0.9642566050710334,0.0,0.0,0.0,0.0298879319526066,0.0,0.0058554629763599,0.0,0.4937540598786118,0.0,0.0,0.0,0.3927110351192958,0.0,0.1135349050020923,0.0,14.526809309150853,0.9124249457644772,1.0000000000205662,0.0,0.0,0.0,2.592852730049955,0.0,2.656676306358777,0.0,17.121140165384258,1157.0541060432145,17.08052563899556,302.7106577576344,6.509407158415541
13,220.0,15.015889274276349,0.9600000000000002,0.0,0.0,0.0,0.0331703683105136,0.0,0.0068296316894863,0.0,299.62,78.19,0.7342634003070556,0.1920436024335125,15.015989274276349,6.800431877543408,1116.3762798809282,28.369121759216785,0.9600004648995184,0.0,0.0,0.0,0.0331700140583646,0.0,0.0068295210421169,0.0,0.4673966541621879,0.0,0.0,0.0,0.4085327573076842,0.0,0.1240705885301277,0.0,14.240508635369254,0.92536984523827,1.0,0.0,0.0,0.0,2.5503704954614728,0.0,2.609182978098556,0.0,17.121140165384258,1157.0541060432145,17.08052563899556,302.7106577576344,6.509407158415541
13,225.0,8.305949568932832,0.9600000000000002,0.0,0.0,0.0,0.0331703683105136,0.0,0.0068296316894863,0.0,299.62,78.19,0.7509512048594886,0.1062277729752248,16.587680191600697,8.305849568932832,1137.9102396768146,21.132112418906665,0.998321349097783,0.0,0.0,0.0,0.0014834021833947,0.0,0.0001952487188223,0.0,0.9599893350868746,0.0,0.0,0.0,0.033179186860719,0.0,0.0068314780524064,0.0,15.695072214170242,0.8491627918422879,1.0,0.0,0.0,0.0,2.643850355207734,0.0,2.8867871676652497,0.0,15.813326197117547,1139.6555629264626,20.687604017864448,302.7106577576344,7.946729358776584
13,225.0,9.22613074922926,0.9600000000000002,0.0,0.0,0.0,0.0331703683105136,0.0,0.0068296316894863,0.0,299.62,78.19,0.7509512048594886,0.1179963006679788,16.587680191600697,8.305849568932832,1133.4507110432833,22.28445189287831,0.9940213469055128,0.0,0.0,0.0,0.005256557041197,0.0,0.0007220960532901,0.0,0.8714970547063899,0.0,0.0,0.0,0.1057852038890595,0.0,0.0227177414045503,0.0,15.395373761669022,0.8613134799607587,1.0,0.0,0.0,0.0,2.6004118352736976,0.0,2.833251712617084,0.0,15.813326197117547,1139.6555629264626,20.687604017864448,302.7106577576344,7.946729358776584
13,225.0,10.146311929525693,0.9600000000000002,0.0,0.0,0.0,0.0331703683105136,0.0,0.0068296316894863,0.0,299.62,78.19,0.7509512048594886,0.1297648283607327,16.587680191600697,8.305849568932832,1129.010985943827,23.457255839350285,0.9897235400745462,0.0,0.0,0.0,0.0089859573005258,0.0,0.0012905026249279,0.0,0.7988625789721095,0.0,0.0,0.0,0.1642790319977563,0.0,0.036858389030134,0.0,15.100361887161611,0.8735589450214697,1.0,0.0,0.0,0.0,2.5581646449096827,0.0,2.781514564052587,0.0,15.813326197117547,1139.6555629264626,20.687604017864448,302.7106577576344,7.946729358776584
13,225.0,11.06649310982212,0.9600000000000002,0.0,0.0,0.0,0.0331703683105136,0.0,0.0068296316894863,0.0,299.62,78.19,0.7509512048594886,0.1415333560534866,16.587680191600697,8.305849568932832,1124.5959804325062,24.65155001710337,0.9854309361174384,0.0,0.0,0.0,0.0126643340626933,0.0,0.0019047298198683,0.0,0.7382025052953473,0.0,0.0,0.0,0.2120150243424874,0.0,0.0497824703621652,0.0,14.81011341612793,0.8858596262109387,1.0,0.0,0.0,0.0,2.517104446428584,0.0,2.73154484979163,0.0,15.813326197117547,1139.6555629264626,20.687604017864448,302.7106577576344,7.946729358776584
13,225.0,11.98667429011855,0.9600000000000002,0.0,0.0,0.0,0.0331703683105136,0.0,0.0068296316894863,0.0,299.62,78.19,0.7509512048594886,0.1533018837462405,16.587680191600697,8.305849568932832,1120.2111635242077,25.86841404285666,0.981146933072579,0.0,0.0,0.0,0.0162836804731179,0.0,0.0025693864543029,0.0,0.6868068506360229,0.0,0.0,0.0,0.2513262312335647,0.0,0.0618669181304124,0.0,14.5247179094372,0.8982400139485961,1.0,0.0,0.0,0.0,2.477225296003273,0.0,2.683311297854367,0.0,15.813326197117547,1139.6555629264626,20.687604017864448,302.7106577576344,7.946729358776584
13,225.0,12.906855470414978,0.9600000000000002,0.0,0.0,0.0,0.0331703683105136,0.0,0.0068296316894863,0.0,299.62,78.19,0.7509512048594886,0.1650704114389944,16.587680191600697,8.305849568932832,1115.862544092751,27.108976663370107,0.9768753180668546,0.0,0.0,0.0,0.0198352769611288,0.0,0.0032894049720166,0.0,0.6427271630135188,0.0,0.0,0.0,0.283883406555595,0.0,0.073389430430886,0.0,14.244276211842813,0.910675125319176,1.0,0.0,0.0,0.0,2.4385200332516823,0.0,2.6367824865633374,0.0,15.813326197117547,1139.6555629264626,20.687604017864448,302.7106577576344,7.946729358776584
13,225.0,13.827036650711408,0.9600000000000002,0.0,0.0,0.0,0.0331703683105136,0.0,0.0068296316894863,0.0,299.62,78.19,0.7509512048594886,0.1768389391317484,16.587680191600697,8.305849568932832,1111.5566293487277,28.37440506329113,0.9726202486813712,0.0,0.0,0.0,0.0233097576876637,0.0,0.0040699936309649,0.0,0.6045267007456162,0.0,0.0,0.0,0.310913214688912,0.0,0.0845600845654718,0.0,13.968898687017363,0.9231631992779626,1.0,0.0,0.0,0.0,2.4009805097671006,0.0,2.591927023413478,0.0,15.813326197117547,1139.6555629264626,20.687604017864448,302.7106577576344,7.946729358776584
13,225.0,14.747217831007838,0.9600000000000002,0.0,0.0,0.0,0.0331703683105136,0.0,0.0068296316894863,0.0,299.62,78.19,0.7509512048594886,0.1886074668245023,16.587680191600697,8.305849568932832,1107.3003500162831,29.665887961704215,0.9683862146430026,0.0,0.0,0.0,0.0266972267576841,0.0,0.0049165585993133,0.0,0.5711228613270039,0.0,0.0,0.0,0.3333363994041762,0.0,0.0955407392688198,0.0,13.698702407063104,0.9357058050026552,1.0,0.0,0.0,0.0,2.3645976593802103,0.0,2.5487137273395333,0.0,15.813326197117547,1139.6555629264626,20.687604017864448,302.7106577576344,7.946729358776584
13,225.0,15.667399011304267,0.9600000000000002,0.0,0.0,0.0,0.0331703683105136,0.0,0.0068296316894863,0.0,299.62,78.19,0.7509512048594886,0.2003759945172562,16.587680191600697,8.305849568932832,1103.1009429055075,30.98461212584057,0.9641779729134364,0.0,0.0,0.0,0.0299874357057852,0.0,0.0058345913807783,0.0,0.5416844180772993,0.0,0.0,0.0,0.3518584815066731,0.0,0.1064571004160275,0.0,13.433807279156133,0.948275117003157,1.0,0.0,0.0,0.0,2.3293614371679303,0.0,2.5071161796623143,0.0,15.813326197117547,1139.6555629264626,20.687604017864448,302.7106577576344,7.946729358776584
13,225.0,16.587580191600697,0.9600000000000002,0.0,0.0,0.0,0.0331703683105136,0.0,0.0068296316894863,0.0,299.62,78.19,0.7509512048594886,0.2121445222100102,16.587680191600697,8.305849568932832,1098.9657855117814,32.33173228741191,0.9600004519263884,0.0,0.0,0.0,0.0331700288239741,0.0,0.0068295192496374,0.0,0.5155625372320015,0.0,0.0,0.0,0.3670312362409255,0.0,0.1174062265270729,0.0,13.174331435229966,0.9608789489199324,1.0,0.0,0.0,0.0,2.2952606174670005,0.0,2.4671005717273187,0.0,15.813326197117547,1139.6555629264626,20.687604017864448,302.7106577576344,7.946729358776584
13,230.0,10.050953304372078,0.9600000000000002,0.0,0.0,0.0,0.0331703683105136,0.0,0.0068296316894863,0.0,299.62,78.19,0.7676390094119218,0.1285452526457613,18.38243170098536,10.050853304372078,1119.4993292116126,25.43174317080309,0.9979581439979176,0.0,0.0,0.0,0.0018146134486096,0.0,0.0002272425534728,0.0,0.9599912893168822,0.0,0.0,0.0,0.033177563868983,0.0,0.0068311468141348,0.0,14.394666584830563,0.8911097122072853,1.0,0.0,0.0,0.0,2.3568081741610256,0.0,2.6839617419920607,0.0,14.52556748614066,1121.6270137216943,24.87830228106012,302.7106577576344,9.61137473881863
13,230.0,10.976662015106886,0.9600000000000002,0.0,0.0,0.0,0.0331703683105136,0.0,0.0068296316894863,0.0,299.62,78.19,0.7676390094119218,0.1403844739110741,18.38243170098536,10.050853304372078,1115.035680568384,26.61235108608626,0.993662863729714,0.0,0.0,0.0,0.0056015307279921,0.0,0.0007356055422937,0.0,0.8860528802536255,0.0,0.0,0.0,0.093730757656818,0.0,0.0202163620895565,0.0,14.12210840793275,0.903074568932324,1.0,0.0,0.0,0.0,2.3219952666629147,0.0,2.639402849950832,0.0,14.52556748614066,1121.6270137216943,24.87830228106012,302.7106577576344,9.61137473881863
13,230.0,11.902370725841696,0.9600000000000002,0.0,0.0,0.0,0.0331703683105136,0.0,0.0068296316894863,0.0,299.62,78.19,0.7676390094119218,0.1522236951763869,18.38243170098536,10.050853304372078,1110.5995673430516,27.814347667493383,0.9893767226968248,0.0,0.0,0.0,0.0093352347687367,0.0,0.0012880425344384,0.0,0.823473602439349,0.0,0.0,0.0,0.1439425926807825,0.0,0.0325838048798685,0.0,13.853833114422942,0.9151402305273656,1.0,0.0,0.0,0.0,2.2881043443637066,0.0,2.5962498830357443,0.0,14.52556748614066,1121.6270137216943,24.87830228106012,302.7106577576344,9.61137473881863
13,230.0,12.828079436576504,0.9600000000000002,0.0,0.0,0.0,0.0331703683105136,0.0,0.0068296316894863,0.0,299.62,78.19,0.7676390094119218,0.1640629164416997,18.38243170098536,10.050853304372078,1106.1969036543676,29.038865528175705,0.9851035208313432,0.0,0.0,0.0,0.0130071564932075,0.0,0.0018893226754492,0.0,0.769848673637383,0.0,0.0,0.0,0.1859003975582082,0.0,0.0442509288044088,0.0,13.58993851266118,0.9272709322953296,1.0,0.0,0.0,0.0,2.255176631193944,0.0,2.55448439557402,0.0,14.52556748614066,1121.6270137216943,24.87830228106012,302.7106577576344,9.61137473881863
13,230.0,13.753788147311312,0.9600000000000002,0.0,0.0,0.0,0.0331703683105136,0.0,0.0068296316894863,0.0,299.62,78.19,0.7676390094119218,0.1759021377070125,18.38243170098536,10.050853304372078,1101.834230264497,30.28709591945256,0.9808475073571148,0.0,0.0,0.0,0.0166078924006917,0.0,0.0025446002421935,0.0,0.7234086696291627,0.0,0.0,0.0,0.2211323218724306,0.0,0.0554590084984065,0.0,13.330534851110484,0.9394663702024432,1.0,0.0,0.0,0.0,2.223176942798858,0.0,2.5140891420322515,0.0,14.52556748614066,1121.6270137216943,24.87830228106012,302.7106577576344,9.61137473881863
13,230.0,14.679496858046122,0.9600000000000002,0.0,0.0,0.0,0.0331703683105136,0.0,0.0068296316894863,0.0,299.62,78.19,0.7676390094119218,0.1877413589723253,18.38243170098536,10.050853304372078,1097.5186697155264,31.560278478694144,0.9766133574135392,0.0,0.0,0.0,0.0201272719518925,0.0,0.0032593706345682,0.0,0.6828228199088368,0.0,0.0,0.0,0.2507813290783618,0.0,0.0663958510128014,0.0,13.07574345525012,0.9517324982912484,1.0,0.0,0.0,0.0,2.192094308763942,0.0,2.475046286255366,0.0,14.52556748614066,1121.6270137216943,24.87830228106012,302.7106577576344,9.61137473881863
13,230.0,15.605205568780931,0.9600000000000002,0.0,0.0,0.0,0.0331703683105136,0.0,0.0068296316894863,0.0,299.62,78.19,0.7676390094119218,0.1995805802376382,18.38243170098536,10.050853304372078,1093.257851159519,32.85968343240904,0.9724061333326808,0.0,0.0,0.0,0.0235544770325323,0.0,0.0040393896347867,0.0,0.6470710793389445,0.0,0.0,0.0,0.2757189850407605,0.0,0.0772099356202948,0.0,12.825693147236052,0.9640413065162344,1.0,0.0,0.0,0.0,2.161925171244558,0.0,2.437339400239509,0.0,14.52556748614066,1121.6270137216943,24.87830228106012,302.7106577576344,9.61137473881863
13,230.0,16.53091427951574,0.9600000000000002,0.0,0.0,0.0,0.0331703683105136,0.0,0.0068296316894863,0.0,299.62,78.19,0.7676390094119218,0.211419801502951,18.38243170098536,10.050853304372078,1089.05977056258,34.18658548280676,0.9682312014763208,0.0,0.0,0.0,0.0268782468300055,0.0,0.0048905516936735,0.0,0.6153584540026388,0.0,0.0,0.0,0.2966223662823579,0.0,0.0880191797150032,0.0,12.580516636573106,0.9763863026801576,1.0,0.0,0.0,0.0,2.132665533608124,0.0,2.4009515197245177,0.0,14.52556748614066,1121.6270137216943,24.87830228106012,302.7106577576344,9.61137473881863
13,230.0,17.456622990250548,0.9600000000000002,0.0,0.0,0.0,0.0331703683105136,0.0,0.0068296316894863,0.0,299.62,78.19,0.7676390094119218,0.2232590227682638,18.38243170098536,10.050853304372078,1084.932593728988,35.54222911383065,0.9640941127720568,0.0,0.0,0.0,0.0300871660841679,0.0,0.0058187211437752,0.0,0.5870561414967697,0.0,0.0,0.0,0.3140276379702995,0.0,0.0989162205329307,0.0,12.340344938081,0.9887898287149172,1.0,0.0,0.0,0.0,2.1043107255901417,0.0,2.3658650202688096,0.0,14.52556748614066,1121.6270137216943,24.87830228106012,302.7106577576344,9.61137473881863
13,230.0,18.38233170098536,0.9600000000000002,0.0,0.0,0.0,0.0331703683105136,0.0,0.0068296316894863,0.0,299.62,78.19,0.7676390094119218,0.2350982440335766,18.38243170098536,10.050853304372078,1080.884394609422,36.92778597893605,0.9600004394940812,0.0,0.0,0.0,0.0331700426142775,0.0,0.0068295178916411,0.0,0.5616601719092965,0.0,0.0,0.0,0.3283683885697547,0.0,0.1099714395209488,0.0,12.105300581383291,1.0012035311311862,1.0,0.0,0.0,0.0,2.076870135222551,0.0,2.3320606219177837,0.0,14.52556748614066,1121.6270137216943,24.87830228106012,302.7106577576344,9.61137473881863
13,235.0,12.059071128919246,0.9600000000000002,0.0,0.0,0.0,0.0331703683105136,0.0,0.0068296316894863,0.0,299.62,78.19,0.7843268139643549,0.1542277929264515,20.420609242968485,12.058971128919246,1100.291301263359,30.418280166465333,0.9975334138552872,0.0,0.0,0.0,0.0022025411691142,0.0,0.0002640449755985,0.0,0.959992832389222,0.0,0.0,0.0,0.0331762821166077,0.0,0.0068308854941702,0.0,13.114844624110251,0.937362620879398,1.0,0.0,0.0,0.0,2.114749371831097,0.0,2.500134981727139,0.0,13.258875583506692,1102.8688895247462,29.73094022392497,302.7106577576344,11.525181126674264
13,235.0,12.98811980825805,0.9600000000000002,0.0,0.0,0.0,0.0331703683105136,0.0,0.0068296316894863,0.0,299.62,78.19,0.7843268139643549,0.1661097302501349,20.420609242968485,12.058971128919246,1095.8290342300925,31.63110739717332,0.9932509471243518,0.0,0.0,0.0,0.0059925253146168,0.0,0.0007565275610314,0.0,0.8980945885356065,0.0,0.0,0.0,0.0837690940275178,0.0,0.0181363174368756,0.0,12.86723008946814,0.9492707117224476,1.0,0.0,0.0,0.0,2.086770239132841,0.0,2.462868787212454,0.0,13.258875583506692,1102.8688895247462,29.73094022392497,302.7106577576344,11.525181126674264
13,235.0,13.917168487596856,0.9600000000000002,0.0,0.0,0.0,0.0331703683105136,0.0,0.0068296316894863,0.0,299.62,78.19,0.7843268139643549,0.1779916675738183,20.420609242968485,12.058971128919246,1091.4014587387333,32.86620985231397,0.9889844042760658,0.0,0.0,0.0,0.0097205421013774,0.0,0.0012950536225567,0.0,0.8443629647246157,0.0,0.0,0.0,0.1267264874813572,0.0,0.028910547794027,0.0,12.623539045787036,0.9612722741937147,1.0,0.0,0.0,0.0,2.059569033160794,0.0,2.4267121023481426,0.0,13.258875583506692,1102.8688895247462,29.73094022392497,302.7106577576344,11.525181126674264
13,235.0,14.84621716693566,0.9600000000000002,0.0,0.0,0.0,0.0331703683105136,0.0,0.0068296316894863,0.0,299.62,78.19,0.7843268139643549,0.1898736048975017,20.420609242968485,12.058971128919246,1087.0154075783985,34.12481121892691,0.9847383426211934,0.0,0.0,0.0,0.013376834429016,0.0,0.0018848229497904,0.0,0.7973057057473543,0.0,0.0,0.0,0.1633446113843905,0.0,0.0393496828682554,0.0,12.383883845561758,0.973353740277149,1.0,0.0,0.0,0.0,2.0330961115504285,0.0,2.3916564128742803,0.0,13.258875583506692,1102.8688895247462,29.73094022392497,302.7106577576344,11.525181126674264
13,235.0,15.775265846274465,0.9600000000000002,0.0,0.0,0.0,0.0331703683105136,0.0,0.0068296316894863,0.0,299.62,78.19,0.7843268139643549,0.2017555422211851,20.420609242968485,12.058971128919246,1082.6783938863866,35.408195758543066,0.9805178136058408,0.0,0.0,0.0,0.0169507408258523,0.0,0.0025314455683068,0.0,0.7557746470418163,0.0,0.0,0.0,0.1946134543790143,0.0,0.0496118985791692,0.0,12.148388967621973,0.9855068188965604,1.0,0.0,0.0,0.0,2.007341362523268,0.0,2.357693474783368,0.0,13.258875583506692,1102.8688895247462,29.73094022392497,302.7106577576344,11.525181126674264
13,235.0,16.704314525613267,0.9600000000000002,0.0,0.0,0.0,0.0331703683105136,0.0,0.0068296316894863,0.0,299.62,78.19,0.7843268139643549,0.2136374795448685,20.420609242968485,12.058971128919246,1078.3985326644809,36.71769179875122,0.9763283165072738,0.0,0.0,0.0,0.0204308107000569,0.0,0.0032408727926692,0.0,0.7188720204908069,0.0,0.0,0.0,0.2213014463112354,0.0,0.0598265331979576,0.0,11.917188521620988,0.997712635133133,1.0,0.0,0.0,0.0,1.9823047376957807,0.0,2.324815924000517,0.0,13.258875583506692,1102.8688895247462,29.73094022392497,302.7106577576344,11.525181126674264
13,235.0,17.633363204952072,0.9600000000000002,0.0,0.0,0.0,0.0331703683105136,0.0,0.0068296316894863,0.0,299.62,78.19,0.7843268139643549,0.2255194168685519,20.420609242968485,12.058971128919246,1074.1844119249806,38.05464579051758,0.972175721910864,0.0,0.0,0.0,0.0238049982364819,0.0,0.004019279852654,0.0,0.685885745575241,0.0,0.0,0.0,0.2440146577948643,0.0,0.0700995966298945,0.0,11.690421990351386,1.009984970910707,1.0,0.0,0.0,0.0,1.9579879016207151,0.0,2.2930165554827915,0.0,13.258875583506692,1102.8688895247462,29.73094022392497,302.7106577576344,11.525181126674264
13,235.0,18.562411884290874,0.9600000000000002,0.0,0.0,0.0,0.0331703683105136,0.0,0.0068296316894863,0.0,299.62,78.19,0.7843268139643549,0.2374013541922352,20.420609242968485,12.058971128919246,1070.0448792997197,39.42038596225731,0.9680661361841706,0.0,0.0,0.0,0.0270609685102892,0.0,0.0048728953055402,0.0,0.6562437392211151,0.0,0.0,0.0,0.2632394368890147,0.0,0.08051682388987,0.0,11.468229165564631,1.0222990571537711,1.0,0.0,0.0,0.0,1.934466638581814,0.0,2.26228769474134,0.0,13.258875583506692,1102.8688895247462,29.73094022392497,302.7106577576344,11.525181126674264
13,235.0,19.49146056362968,0.9600000000000002,0.0,0.0,0.0,0.0331703683105136,0.0,0.0068296316894863,0.0,299.62,78.19,0.7843268139643549,0.2492832915159186,20.420609242968485,12.058971128919246,1065.98875312771,40.81617584968496,0.9640057155858992,0.0,0.0,0.0,0.0301865110095967,0.0,0.0058077734045041,0.0,0.6294810186057938,0.0,0.0,0.0,0.2793739378291321,0.0,0.091145043565074,0.0,11.25074302043894,1.0346363465879571,1.0,0.0,0.0,0.0,1.911659856917948,0.0,2.232620531757613,0.0,13.258875583506692,1102.8688895247462,29.73094022392497,302.7106577576344,11.525181126674264
13,235.0,20.420509242968485,0.9600000000000002,0.0,0.0,0.0,0.0331703683105136,0.0,0.0068296316894863,0.0,299.62,78.19,0.7843268139643549,0.2611652288396021,20.420609242968485,12.058971128919246,1062.024458392938,42.243159612598085,0.9600004277838634,0.0,0.0,0.0,0.0331700553181862,0.0,0.0068295168979503,0.0,0.6052155969092038,0.0,0.0,0.0,0.2927519130154877,0.0,0.1020324900753083,0.0,11.03808129635297,1.046980758973394,1.0,0.0,0.0,0.0,1.889565074782488,0.0,2.20400411247586,0.0,13.258875583506692,1102.8688895247462,29.73094022392497,302.7106577576344,11.525181126674264
13,240.0,14.354853172341224,0.9600000000000002,0.0,0.0,0.0,0.0331703683105136,0.0,0.0068296316894863,0.0,299.62,78.19,0.8010146185167879,0.1835893742465945,22.723096900714488,14.354753172341224,1080.157755272776,36.19010482538236,0.9970387326773824,0.0,0.0,0.0,0.0026547105704124,0.0,0.0003065567522052,0.0,0.9599940627564392,0.0,0.0,0.0,0.0331752599166601,0.0,0.0068306773269006,0.0,11.85694383775862,0.9887906647073508,1.0,0.0,0.0,0.0,1.9098009553066884,0.0,2.3327551726275257,0.0,12.014498351825988,1083.263844328595,35.3375257790447,302.7106577576344,13.710780754884407
13,240.0,15.284646919938254,0.9600000000000002,0.0,0.0,0.0,0.0331703683105136,0.0,0.0068296316894863,0.0,299.62,78.19,0.8010146185167879,0.1954808405159004,22.723096900714488,14.354753172341224,1075.7033045835128,37.43954570160153,0.9927791421759136,0.0,0.0,0.0,0.0064353960184321,0.0,0.0007854618056544,0.0,0.9081029429053836,0.0,0.0,0.0,0.0754980892746294,0.0,0.0163989678199868,0.0,11.632454911070926,1.0007798588199912,1.0,0.0,0.0,0.0,1.887342598689491,0.0,2.3014689454968638,0.0,12.014498351825988,1083.263844328595,35.3375257790447,302.7106577576344,13.710780754884407
13,240.0,16.214440667535282,0.9600000000000002,0.0,0.0,0.0,0.0331703683105136,0.0,0.0068296316894863,0.0,299.62,78.19,0.8010146185167879,0.2073723067852063,22.723096900714488,14.354753172341224,1071.2899928853224,38.71211626703005,0.9885419332320904,0.0,0.0,0.0,0.0101461587516253,0.0,0.0013119080162842,0.0,0.86210364219924,0.0,0.0,0.0,0.112141412028127,0.0,0.0257549457726329,0.0,11.411561000036992,1.0128501828235197,1.0,0.0,0.0,0.0,1.8654408138540204,0.0,2.271065448282489,0.0,12.014498351825988,1083.263844328595,35.3375257790447,302.7106577576344,13.710780754884407
13,240.0,17.144234415132313,0.9600000000000002,0.0,0.0,0.0,0.0331703683105136,0.0,0.0068296316894863,0.0,299.62,78.19,0.8010146185167879,0.2192637730545122,22.723096900714488,14.354753172341224,1066.9254555684709,40.00911014752799,0.9843323506661736,0.0,0.0,0.0,0.0137762110574172,0.0,0.0018914382764091,0.0,0.8210686325332651,0.0,0.0,0.0,0.1439059410878438,0.0,0.035025426378891,0.0,11.194383385866631,1.0250014430070025,1.0,0.0,0.0,0.0,1.844096978124268,0.0,2.2415424216193878,0.0,12.014498351825988,1083.263844328595,35.3375257790447,302.7106577576344,13.710780754884407
13,240.0,18.07402816272934,0.9600000000000002,0.0,0.0,0.0,0.0331703683105136,0.0,0.0068296316894863,0.0,299.62,78.19,0.8010146185167879,0.2311552393238181,22.723096900714488,14.354753172341224,1062.6180393763743,41.33187973374236,0.980156161784642,0.0,0.0,0.0,0.0173138223265328,0.0,0.0025300158888252,0.0,0.7842567954311455,0.0,0.0,0.0,0.1714248750163252,0.0,0.0443183295525294,0.0,10.981054444763284,1.0372552487006197,1.0,0.0,0.0,0.0,1.823382788101327,0.0,2.212898520345812,0.0,12.014498351825988,1083.263844328595,35.3375257790447,302.7106577576344,13.710780754884407
13,240.0,19.003821910326373,0.9600000000000002,0.0,0.0,0.0,0.0331703683105136,0.0,0.0068296316894863,0.0,299.62,78.19,0.8010146185167879,0.2430467055931241,22.723096900714488,14.354753172341224,1058.3766824323511,42.68181306548247,0.9760195800097088,0.0,0.0,0.0,0.0207464917108283,0.0,0.0032339282794628,0.0,0.7510688651514182,0.0,0.0,0.0,0.1952054925533356,0.0,0.053725642295246,0.0,10.771714422439963,1.0495635287057907,1.0,0.0,0.0,0.0,1.8032407721296828,0.0,2.18513288714901,0.0,12.014498351825988,1083.263844328595,35.3375257790447,302.7106577576344,13.710780754884407
13,240.0,19.9336156579234,0.9600000000000002,0.0,0.0,0.0,0.0331703683105136,0.0,0.0068296316894863,0.0,299.62,78.19,0.8010146185167879,0.25493817186243,22.723096900714488,14.354753172341224,1054.2107238415367,44.06029943355341,0.971929143006775,0.0,0.0,0.0,0.0240612260097104,0.0,0.0040096309835144,0.0,0.7210150086797411,0.0,0.0,0.0,0.2156602833409631,0.0,0.0633247079792958,0.0,10.566506440087869,1.0619144495441148,1.0,0.0,0.0,0.0,1.7836615327557217,0.0,2.1582445921615765,0.0,12.014498351825988,1083.263844328595,35.3375257790447,302.7106577576344,13.710780754884407
13,240.0,20.86340940552043,0.9600000000000002,0.0,0.0,0.0,0.0331703683105136,0.0,0.0068296316894863,0.0,299.62,78.19,0.8010146185167879,0.2668296381317359,22.723096900714488,14.354753172341224,1050.1296099393,45.46868289401043,0.9678915174688338,0.0,0.0,0.0,0.0272449546059345,0.0,0.0048635279252316,0.0,0.693690831305303,0.0,0.0,0.0,0.2331308960633366,0.0,0.0731782726313605,0.0,10.3655700315158,1.074320209694264,1.0,0.0,0.0,0.0,1.764708946870822,0.0,2.1322318396828948,0.0,12.014498351825988,1083.263844328595,35.3375257790447,302.7106577576344,13.710780754884407
13,240.0,21.79320315311746,0.9600000000000002,0.0,0.0,0.0,0.0331703683105136,0.0,0.0068296316894863,0.0,299.62,78.19,0.8010146185167879,0.2787211044010418,22.723096900714488,14.354753172341224,1046.1425113544603,46.908204979782816,0.9639132423870492,0.0,0.0,0.0,0.0302850692636292,0.0,0.0058016883493216,0.0,0.668759351359821,0.0,0.0,0.0,0.2479069685059295,0.0,0.0833336801342493,0.0,10.1690327389799,1.0867448965359623,1.0,0.0,0.0,0.0,1.7463398396285523,0.0,2.1070914582309164,0.0,12.014498351825988,1083.263844328595,35.3375257790447,302.7106577576344,13.710780754884407
13,240.0,22.722996900714488,0.9600000000000002,0.0,0.0,0.0,0.0331703683105136,0.0,0.0068296316894863,0.0,299.62,78.19,0.8010146185167879,0.2906125706703477,22.723096900714488,14.354753172341224,1042.257863254427,48.37994025386274,0.9600004169608952,0.0,0.0,0.0,0.0331700668433438,0.0,0.006829516195761,0.0,0.6459372774021739,0.0,0.0,0.0,0.2602410630248976,0.0,0.0938216595729283,0.0,9.97700105122799,1.09916996292909,1.0,0.0,0.0,0.0,1.728533927785841,0.0,2.0828172527200577,0.0,12.014498351825988,1083.263844328595,35.3375257790447,302.7106577576344,13.710780754884407
13,245.0,16.96397427618286,0.9600000000000002,0.0,0.0,0.0,0.0331703683105136,0.0,0.0068296316894863,0.0,299.62,78.19,0.817702423069221,0.2169583613784737,25.31127936599627,16.96387427618286,1058.9440725212355,42.86574847561109,0.9964642551303948,0.0,0.0,0.0,0.0031798058064635,0.0,0.0003559390631419,0.0,0.9599950528918862,0.0,0.0,0.0,0.0331744371322836,0.0,0.0068305099758301,0.0,10.622597546193118,1.0465586285553123,1.0,0.0,0.0,0.0,1.7357278232726103,0.0,2.1796366052203417,0.0,10.793959502416731,1062.6711211462375,41.80803719266337,302.7106577576344,16.191644196077288
13,245.0,17.89144150838435,0.9600000000000002,0.0,0.0,0.0,0.0331703683105136,0.0,0.0068296316894863,0.0,299.62,78.19,0.817702423069221,0.2288200730065782,25.31127936599627,16.96387427618286,1054.504688542684,44.15677726311079,0.992239701728172,0.0,0.0,0.0,0.0069369853731362,0.0,0.0008233128986917,0.0,0.916466045776082,0.0,0.0,0.0,0.0685938626580543,0.0,0.0149400915658635,0.0,10.419728888214523,1.0587488549415327,1.0,0.0,0.0,0.0,1.7176885212160984,0.0,2.1532982566759897,0.0,10.793959502416731,1062.6711211462375,41.80803719266337,302.7106577576344,16.191644196077288
13,245.0,18.81890874058584,0.9600000000000002,0.0,0.0,0.0,0.0331703683105136,0.0,0.0068296316894863,0.0,299.62,78.19,0.817702423069221,0.2406817846346827,25.31127936599627,16.96387427618286,1050.1120380870148,45.471764704970056,0.9880434933103912,0.0,0.0,0.0,0.0106172061281345,0.0,0.0013393005614741,0.0,0.8772002084918968,0.0,0.0,0.0,0.0997596874755935,0.0,0.0230401040325095,0.0,10.220148238941398,1.0710580370749805,1.0,0.0,0.0,0.0,1.7000866352055906,0.0,2.127665750304267,0.0,10.793959502416731,1062.6711211462375,41.80803719266337,302.7106577576344,16.191644196077288
13,245.0,19.74637597278733,0.9600000000000002,0.0,0.0,0.0,0.0331703683105136,0.0,0.0068296316894863,0.0,299.62,78.19,0.817702423069221,0.2525434962627872,25.31127936599627,16.96387427618286,1045.7744086736864,46.81204829980424,0.9838814578126164,0.0,0.0,0.0,0.0142088505464656,0.0,0.0019096916409181,0.0,0.8416208213443926,0.0,0.0,0.0,0.1271616529541966,0.0,0.0312175257014107,0.0,10.023980440974276,1.0834475318842722,1.0,0.0,0.0,0.0,1.6829328458735748,0.0,2.102741113361437,0.0,10.793959502416731,1062.6711211462375,41.80803719266337,302.7106577576344,16.191644196077288
13,245.0,20.67384320498882,0.9600000000000002,0.0,0.0,0.0,0.0331703683105136,0.0,0.0068296316894863,0.0,299.62,78.19,0.817702423069221,0.2644052078908916,25.31127936599627,16.96387427618286,1041.5008031565417,48.17901818508576,0.9797599531016162,0.0,0.0,0.0,0.0176993566882838,0.0,0.0025406902100999,0.0,0.8092520951163552,0.0,0.0,0.0,0.1511981073688066,0.0,0.0395497975148382,0.0,9.83135990115453,1.0959192951513992,1.0,0.0,0.0,0.0,1.6662741533345242,0.0,2.078527403175319,0.0,10.793959502416731,1062.6711211462375,41.80803719266337,302.7106577576344,16.191644196077288
13,245.0,21.60131043719031,0.9600000000000002,0.0,0.0,0.0,0.0331703683105136,0.0,0.0068296316894863,0.0,299.62,78.19,0.817702423069221,0.2762669195189962,25.31127936599627,16.96387427618286,1037.3007735739543,49.57408757491047,0.9756857556805928,0.0,0.0,0.0,0.0210754536198031,0.0,0.0032387906996039,0.0,0.7796980040349066,0.0,0.0,0.0,0.1721969669754883,0.0,0.048105028989605,0.0,9.642427101050616,1.1084698610900312,1.0,0.0,0.0,0.0,1.6500498974605806,0.0,2.055028148292976,0.0,10.793959502416731,1062.6711211462375,41.80803719266337,302.7106577576344,16.191644196077288
13,245.0,22.5287776693918,0.9600000000000002,0.0,0.0,0.0,0.0331703683105136,0.0,0.0068296316894863,0.0,299.62,78.19,0.817702423069221,0.2881286311471007,25.31127936599627,16.96387427618286,1033.1841667296608,50.99865050578656,0.9716658898436404,0.0,0.0,0.0,0.0243235256508879,0.0,0.0040105845054715,0.0,0.752626157796678,0.0,0.0,0.0,0.1904325899056327,0.0,0.0569412522976893,0.0,9.457322430214088,1.1210651950130242,1.0,0.0,0.0,0.0,1.6343332172436975,0.0,2.032246710240408,0.0,10.793959502416731,1062.6711211462375,41.80803719266337,302.7106577576344,16.191644196077288
13,245.0,23.45624490159329,0.9600000000000002,0.0,0.0,0.0,0.0331703683105136,0.0,0.0068296316894863,0.0,299.62,78.19,0.817702423069221,0.2999903427752051,25.31127936599627,16.96387427618286,1029.160751415193,52.45402659122522,0.9677073715212005,0.0,0.0,0.0,0.0274301328052878,0.0,0.0048624956735117,0.0,0.7277553435919208,0.0,0.0,0.0,0.2061397157651694,0.0,0.0661049406429097,0.0,9.276178928355725,1.1337098491555828,1.0,0.0,0.0,0.0,1.6190674811357866,0.0,2.010184868721661,0.0,10.793959502416731,1062.6711211462375,41.80803719266337,302.7106577576344,16.191644196077288
13,245.0,24.38371213379478,0.9600000000000002,0.0,0.0,0.0,0.0331703683105136,0.0,0.0068296316894863,0.0,299.62,78.19,0.817702423069221,0.3118520544033096,25.31127936599627,16.96387427618286,1025.2397501725673,53.94139544938458,0.9638168846740676,0.0,0.0,0.0,0.0303826635070168,0.0,0.0058004518189155,0.0,0.7048457957521589,0.0,0.0,0.0,0.219525121349488,0.0,0.0756290828983529,0.0,9.099113630962966,1.146381421172179,1.0,0.0,0.0,0.0,1.604295408746711,0.0,1.9888428196379435,0.0,10.793959502416731,1062.6711211462375,41.80803719266337,302.7106577576344,16.191644196077288
13,245.0,25.31117936599627,0.9600000000000002,0.0,0.0,0.0,0.0331703683105136,0.0,0.0068296316894863,0.0,299.62,78.19,0.817702423069221,0.3237137660314141,25.31127936599627,16.96387427618286,1021.4293007943228,55.46172624776577,0.9600004053551648,0.0,0.0,0.0,0.0331700784136243,0.0,0.0068295162312109,0.0,0.6836915217667745,0.0,0.0,0.0,0.2307772457052848,0.0,0.0855312325279406,0.0,8.926217903200115,1.159052308488684,1.0,0.0,0.0,0.0,1.5899894178448468,0.0,1.9682311318660928,0.0,10.793959502416731,1062.6711211462375,41.80803719266337,302.7106577576344,16.191644196077288
13,250.0,19.91339340224549,0.9600000000000002,0.0,0.0,0.0,0.0331703683105136,0.0,0.0068296316894863,0.0,299.62,78.19,0.834390227621654,0.254679542169657,28.207023515233026,19.91329340224549,1036.4601579663856,50.59100327683646,0.995798196801474,0.0,0.0,0.0,0.00378808493004,0.0,0.000413718268486,0.0,0.9599958567705248,0.0,0.0,0.0,0.0331737689718157,0.0,0.0068303742576593,0.0,9.413794503862876,1.1122311509431226,1.0,0.0,0.0,0.0,1.5876046658106318,0.0,2.038896727854575,0.0,9.599114364051816,1040.9186176418627,49.27650279185157,302.7106577576344,18.99215487266697
13,250.0,20.83489674813299,0.9600000000000002,0.0,0.0,0.0,0.0331703683105136,0.0,0.0068296316894863,0.0,299.62,78.19,0.834390227621654,0.2664649795131473,28.207023515233026,19.91329340224549,1032.0437708810323,51.92936368966821,0.9916231402957404,0.0,0.0,0.0,0.0075054779581351,0.0,0.0008713817461246,0.0,0.9234960126800004,0.0,0.0,0.0,0.0627964846048087,0.0,0.0137075027151909,0.0,9.231302991333935,1.1247959689954157,1.0,0.0,0.0,0.0,1.5731203518455723,0.0,2.0166859877145056,0.0,9.599114364051816,1040.9186176418627,49.27650279185157,302.7106577576344,18.99215487266697
13,250.0,21.756400094020496,0.9600000000000002,0.0,0.0,0.0,0.0331703683105136,0.0,0.0068296316894863,0.0,299.62,78.19,0.834390227621654,0.2782504168566376,28.207023515233026,19.91329340224549,1027.6786970263558,53.292495339522524,0.9874817243343016,0.0,0.0,0.0,0.0111399455618487,0.0,0.0013783301038494,0.0,0.8900873106744281,0.0,0.0,0.0,0.0892151085386944,0.0,0.0206975807868772,0.0,9.051806780760815,1.1374785775035796,1.0,0.0,0.0,0.0,1.55902603436356,0.0,1.9950409254501988,0.0,9.599114364051816,1040.9186176418627,49.27650279185157,302.7106577576344,18.99215487266697
13,250.0,22.677903439908,0.9600000000000002,0.0,0.0,0.0,0.0331703683105136,0.0,0.0068296316894863,0.0,299.62,78.19,0.834390227621654,0.2900358542001279,28.207023515233026,19.91329340224549,1023.3736931013904,54.68174907982998,0.9833802216332416,0.0,0.0,0.0,0.0146792833580343,0.0,0.001940495008724,0.0,0.8594118474032154,0.0,0.0,0.0,0.1127241083929262,0.0,0.0278640442038583,0.0,8.875429312493035,1.1502673840759172,1.0,0.0,0.0,0.0,1.5452681409500026,0.0,1.973966479291083,0.0,9.599114364051816,1040.9186176418627,49.27650279185157,302.7106577576344,18.99215487266697
13,250.0,23.5994067857955,0.9600000000000002,0.0,0.0,0.0,0.0331703683105136,0.0,0.0068296316894863,0.0,299.62,78.19,0.834390227621654,0.3018212915436181,28.207023515233026,19.91329340224549,1019.1382056035864,56.0985177560814,0.9793254183705554,0.0,0.0,0.0,0.0181103813360455,0.0,0.0025642002933991,0.0,0.8311662285943293,0.0,0.0,0.0,0.1335684493268189,0.0,0.0352653220788518,0.0,8.702301784304224,1.1631347129436629,1.0,0.0,0.0,0.0,1.53191135451457,0.0,1.953468538869692,0.0,9.599114364051816,1040.9186176418627,49.27650279185157,302.7106577576344,18.99215487266697
13,250.0,24.52091013168301,0.9600000000000002,0.0,0.0,0.0,0.0331703683105136,0.0,0.0068296316894863,0.0,299.62,78.19,0.834390227621654,0.3136067288871084,28.207023515233026,19.91329340224549,1014.9821580381554,57.5442010013732,0.9753244663934316,0.0,0.0,0.0,0.0214195218119414,0.0,0.0032560117946269,0.0,0.8050915138290086,0.0,0.0,0.0,0.1519546571456368,0.0,0.0429538290253546,0.0,8.532559551283157,1.1760987417615794,1.0,0.0,0.0,0.0,1.5189011852322167,0.0,1.933553161317789,0.0,9.599114364051816,1040.9186176418627,49.27650279185157,302.7106577576344,18.99215487266697
13,250.0,25.44241347757051,0.9600000000000002,0.0,0.0,0.0,0.0331703683105136,0.0,0.0068296316894863,0.0,299.62,78.19,0.834390227621654,0.3253921662305987,28.207023515233026,19.91329340224549,1010.9156366771608,59.02015674294291,0.971384665030794,0.0,0.0,0.0,0.024592823538782,0.0,0.0040225114304241,0.0,0.7809652233191645,0.0,0.0,0.0,0.1680604865988476,0.0,0.0509742900819878,0.0,8.366334911950696,1.189113429046825,1.0,0.0,0.0,0.0,1.506293193681855,0.0,1.9142258928125708,0.0,9.599114364051816,1040.9186176418627,49.27650279185157,302.7106577576344,18.99215487266697
13,250.0,26.363916823458016,0.9600000000000002,0.0,0.0,0.0,0.0331703683105136,0.0,0.0068296316894863,0.0,299.62,78.19,0.834390227621654,0.337177603574089,28.207023515233026,19.91329340224549,1006.9484490880592,60.52763987232924,0.9675131499984134,0.0,0.0,0.0,0.0276168524383161,0.0,0.0048699975632705,0.0,0.758594908146186,0.0,0.0,0.0,0.1820435273167597,0.0,0.0593615645370543,0.0,8.20374992031661,1.2021753651283285,1.0,0.0,0.0,0.0,1.4940530031544226,0.0,1.8954909424714432,0.0,9.599114364051816,1040.9186176418627,49.27650279185157,302.7106577576344,18.99215487266697
13,250.0,27.28542016934552,0.9600000000000002,0.0,0.0,0.0,0.0331703683105136,0.0,0.0068296316894863,0.0,299.62,78.19,0.834390227621654,0.3489630409175792,28.207023515233026,19.91329340224549,1003.089589796764,62.067732294184296,0.9637165155939704,0.0,0.0,0.0,0.0304793599860232,0.0,0.0058041244200064,0.0,0.7378129419383295,0.0,0.0,0.0,0.1940488061160868,0.0,0.0681382519455836,0.0,8.044906915792918,1.2152733036071626,1.0,0.0,0.0,0.0,1.4821969688487024,0.0,1.877350323549028,0.0,9.599114364051816,1040.9186176418627,49.27650279185157,302.7106577576344,18.99215487266697
13,250.0,28.206923515233026,0.9600000000000002,0.0,0.0,0.0,0.0331703683105136,0.0,0.0068296316894863,0.0,299.62,78.19,0.834390227621654,0.3607484782610695,28.207023515233026,19.91329340224549,999.3466535114896,63.64127150687839,0.9600003968390576,0.0,0.0,0.0,0.0331700872774545,0.0,0.0068295158834879,0.0,0.7184722819083027,0.0,0.0,0.0,0.2042152092633632,0.0,0.0773125088283341,0.0,7.889879802271063,1.2283733709518054,1.0,0.0,0.0,0.0,1.4707322951091617,0.0,1.859815292218928,0.0,9.599114364051816,1040.9186176418627,49.27650279185157,302.7106577576344,18.99215487266697
13,255.0,23.23159138152605,0.9600000000000002,0.0,0.0,0.0,0.0331703683105136,0.0,0.0068296316894863,0.0,299.62,78.19,0.8510780321740872,0.2971171681995914,31.432648746288194,23.23149138152605,1012.4667837206968,59.549473541691526,0.9950260333865956,0.0,0.0,0.0,0.004492019600294,0.0,0.0004819470131102,0.0,0.9599965150515584,0.0,0.0,0.0,0.0331732216900427,0.0,0.0068302632583989,0.0,8.232965547450624,1.187928911632249,1.0,0.0,0.0,0.0,1.4614208583359658,0.0,1.9089269014993029,0.0,8.432227805466914,1017.7913832278248,57.90987351738985,302.7106577576344,22.13772066860631
13,255.0,24.142808866499625,0.9600000000000002,0.0,0.0,0.0,0.0331703683105136,0.0,0.0068296316894863,0.0,299.62,78.19,0.8510780321740872,0.308771055972626,31.432648746288194,23.23149138152605,1008.0818385872204,60.94194675569677,0.9909175395146554,0.0,0.0,0.0,0.008150948540605,0.0,0.0009315119447393,0.0,0.9294437821833396,0.0,0.0,0.0,0.0578973954975703,0.0,0.01265882231909,0.0,8.069831578605509,1.2010738174667226,1.0,0.0,0.0,0.0,1.4498954644366229,0.0,1.890168575158864,0.0,8.432227805466914,1017.7913832278248,57.90987351738985,302.7106577576344,22.13772066860631
13,255.0,25.0540263514732,0.9600000000000002,0.0,0.0,0.0,0.0331703683105136,0.0,0.0068296316894863,0.0,299.62,78.19,0.8510780321740872,0.3204249437456605,31.432648746288194,23.23149138152605,1003.7515840895408,62.36000145039028,0.986847127532719,0.0,0.0,0.0,0.0117222401834971,0.0,0.0014306322837838,0.0,0.9011343384785004,0.0,0.0,0.0,0.0801980530807376,0.0,0.018667608440762,0.0,7.909409036827032,1.2143316641745665,1.0,0.0,0.0,0.0,1.4386413536417757,0.0,1.871868643636956,0.0,8.432227805466914,1017.7913832278248,57.90987351738985,302.7106577576344,22.13772066860631
13,255.0,25.965243836446767,0.9600000000000002,0.0,0.0,0.0,0.0331703683105136,0.0,0.0068296316894863,0.0,299.62,78.19,0.8510780321740872,0.332078831518695,31.432648746288194,23.23149138152605,999.4850328485736,63.80496756128588,0.982821344016214,0.0,0.0,0.0,0.0151933869802839,0.0,0.0019852690035021,0.0,0.8748472801547209,0.0,0.0,0.0,0.1002474367684136,0.0,0.0249052830768655,0.0,7.75181570168452,1.2277138591056,1.0,0.0,0.0,0.0,1.4276774505981975,0.0,1.8540405462082032,0.0,8.432227805466914,1017.7913832278248,57.90987351738985,302.7106577576344,22.13772066860631
13,255.0,26.87646132142034,0.9600000000000002,0.0,0.0,0.0,0.0331703683105136,0.0,0.0068296316894863,0.0,299.62,78.19,0.8510780321740872,0.3437327192917296,31.432648746288194,23.23149138152605,995.2918299889152,65.27820202188894,0.978847205794224,0.0,0.0,0.0,0.0185510566960699,0.0,0.002601737509706,0.0,0.8503909656058893,0.0,0.0,0.0,0.1181913866546157,0.0,0.031417647739495,0.0,7.59717532250635,1.241194974644332,1.0,0.0,0.0,0.0,1.4170172178906837,0.0,1.8366795729106236,0.0,8.432227805466914,1017.7913832278248,57.90987351738985,302.7106577576344,22.13772066860631
13,255.0,27.78767880639391,0.9600000000000002,0.0,0.0,0.0,0.0331703683105136,0.0,0.0068296316894863,0.0,299.62,78.19,0.8510780321740872,0.3553866070647641,31.432648746288194,23.23149138152605,991.1820082753668,66.78104971059179,0.9749320267837728,0.0,0.0,0.0,0.0217814387986396,0.0,0.0032865344175875,0.0,0.8275982274967331,0.0,0.0,0.0,0.1341556180775177,0.0,0.0382461544257491,0.0,7.445612430677233,1.2547590026195417,1.0,0.0,0.0,0.0,1.4066458715877357,0.0,1.8197930546272043,0.0,8.432227805466914,1017.7913832278248,57.90987351738985,302.7106577576344,22.13772066860631
13,255.0,28.698896291367483,0.9600000000000002,0.0,0.0,0.0,0.0331703683105136,0.0,0.0068296316894863,0.0,299.62,78.19,0.8510780321740872,0.3670404948377987,31.432648746288194,23.23149138152605,987.1656055524994,68.31479083817433,0.9710831430324984,0.0,0.0,0.0,0.0248707666457154,0.0,0.0040460903217861,0.0,0.8063223915953849,0.0,0.0,0.0,0.1482517067735466,0.0,0.0454259016310684,0.0,7.297247879119939,1.268414152260727,1.0,0.0,0.0,0.0,1.3965694826915995,0.0,1.8033878055640813,0.0,8.432227805466914,1017.7913832278248,57.90987351738985,302.7106577576344,22.13772066860631
13,255.0,29.61011377634105,0.9600000000000002,0.0,0.0,0.0,0.0331703683105136,0.0,0.0068296316894863,0.0,299.62,78.19,0.8510780321740872,0.3786943826108332,31.432648746288194,23.23149138152605,983.2521936170524,69.88057783968131,0.9673075772371036,0.0,0.0,0.0,0.0278059772898781,0.0,0.0048864454730183,0.0,0.7864339569723615,0.0,0.0,0.0,0.1605827914016103,0.0,0.0529832516260281,0.0,7.152189050354418,1.2821111357416128,1.0,0.0,0.0,0.0,1.3868097227720837,0.0,1.787469004335618,0.0,8.432227805466914,1017.7913832278248,57.90987351738985,302.7106577576344,22.13772066860631
13,255.0,30.52133126131462,0.9600000000000002,0.0,0.0,0.0,0.0331703683105136,0.0,0.0068296316894863,0.0,299.62,78.19,0.8510780321740872,0.3903482703838677,31.432648746288194,23.23149138152605,979.4502955097432,71.4793656329173,0.9636116184816697,0.0,0.0,0.0,0.0305755043594997,0.0,0.0058128771588305,0.0,0.7678178003197025,0.0,0.0,0.0,0.1712488127829818,0.0,0.0609333868973157,0.0,7.01052161766383,1.2958528397711284,1.0,0.0,0.0,0.0,1.377353700591661,0.0,1.772039879416174,0.0,8.432227805466914,1017.7913832278248,57.90987351738985,302.7106577576344,22.13772066860631
13,255.0,31.432548746288195,0.9600000000000002,0.0,0.0,0.0,0.0331703683105136,0.0,0.0068296316894863,0.0,299.62,78.19,0.8510780321740872,0.4020021581569024,31.432648746288194,23.23149138152605,975.7667861598196,73.11184454706026,0.9600003896462532,0.0,0.0,0.0,0.0331700947399875,0.0,0.0068295156137591,0.0,0.7503708446111058,0.0,0.0,0.0,0.1803509400342146,0.0,0.0692782153546795,0.0,6.872301548953516,1.3096140948836614,1.0,0.0,0.0,0.0,1.368197594439131,0.0,1.7570992209810177,0.0,8.432227805466914,1017.7913832278248,57.90987351738985,302.7106577576344,22.13772066860631
13,260.0,26.94892246819649,0.9600000000000002,0.0,0.0,0.0,0.0331703683105136,0.0,0.0068296316894863,0.0,299.62,78.19,0.8677658367265203,0.3446594509297415,35.01086466617622,26.94882246819649,986.6547014442444,69.97881415651564,0.9941292268776932,0.0,0.0,0.0,0.0053073112949043,0.0,0.0005634618274024,0.0,0.959997058710845,0.0,0.0,0.0,0.0331727695752044,0.0,0.0068301717139505,0.0,7.0831068461668885,1.2767149929642294,1.0,0.0,0.0,0.0,1.3540793432933178,0.0,1.7882881264467243,0.0,7.296085655146154,993.0143761526203,67.92140682303575,302.7106577576344,25.654931900849267
13,260.0,27.844682712416457,0.9600000000000002,0.0,0.0,0.0,0.0331703683105136,0.0,0.0068296316894863,0.0,299.62,78.19,0.8677658367265203,0.3561156504977165,35.01086466617622,26.94882246819649,982.3099480938008,71.43360720352996,0.9901074365790078,0.0,0.0,0.0,0.0088862349851737,0.0,0.0010063284358185,0.0,0.9345116796098792,0.0,0.0,0.0,0.0537288030669368,0.0,0.0117595173231841,0.0,6.938506087974799,1.2906583773745148,1.0,0.0,0.0,0.0,1.3449639790432504,0.0,1.7724648266023544,0.0,7.296085655146154,993.0143761526203,67.92140682303575,302.7106577576344,25.654931900849267
13,260.0,28.74044295663643,0.9600000000000002,0.0,0.0,0.0,0.0331703683105136,0.0,0.0068296316894863,0.0,299.62,78.19,0.8677658367265203,0.3675718500656916,35.01086466617622,26.94882246819649,978.0218358239754,72.91481278970815,0.986127109199506,0.0,0.0,0.0,0.012374292818803,0.0,0.0014985979816909,0.0,0.910653042264606,0.0,0.0,0.0,0.0724484625885792,0.0,0.0168984951468148,0.0,6.796338120031515,1.3047542887691117,1.0,0.0,0.0,0.0,1.3360689043099356,0.0,1.7570036890417149,0.0,7.296085655146154,993.0143761526203,67.92140682303575,302.7106577576344,25.654931900849267
13,260.0,29.6362032008564,0.9600000000000002,0.0,0.0,0.0,0.0331703683105136,0.0,0.0068296316894863,0.0,299.62,78.19,0.8677658367265203,0.3790280496336666,35.01086466617622,26.94882246819649,973.7993921058246,74.42370307521462,0.9821948639644484,0.0,0.0,0.0,0.0157589964662669,0.0,0.0020461395692846,0.0,0.8882862452432863,0.0,0.0,0.0,0.0894281968070665,0.0,0.0222855579496472,0.0,6.656710775016698,1.318991309520373,1.0,0.0,0.0,0.0,1.327398837044499,0.0,1.7419123142737925,0.0,7.296085655146154,993.0143761526203,67.92140682303575,302.7106577576344,25.654931900849267
13,260.0,30.531963445076368,0.9600000000000002,0.0,0.0,0.0,0.0331703683105136,0.0,0.0068296316894863,0.0,299.62,78.19,0.8677658367265203,0.3904842492016417,35.01086466617622,26.94882246819649,969.6521939540698,75.96155868679816,0.9783177248864596,0.0,0.0,0.0,0.0190271502141778,0.0,0.0026551248993626,0.0,0.8672919154022866,0.0,0.0,0.0,0.104750800262969,0.0,0.0279572843347443,0.0,6.519736253044733,1.3333337331931632,1.0,0.0,0.0,0.0,1.318958223220009,0.0,1.7271985649959822,0.0,7.296085655146154,993.0143761526203,67.92140682303575,302.7106577576344,25.654931900849267
13,260.0,31.427723689296336,0.9600000000000002,0.0,0.0,0.0,0.0331703683105136,0.0,0.0068296316894863,0.0,299.62,78.19,0.8677658367265203,0.4019404487696167,35.01086466617622,26.94882246819649,965.5900924682288,77.52962798744623,0.974502921864218,0.0,0.0,0.0,0.0221652379382436,0.0,0.0033318401975382,0.0,0.8475639014292741,0.0,0.0,0.0,0.1184893085147711,0.0,0.0339467900559547,0.0,6.385525509406988,1.3477980110483645,1.0,0.0,0.0,0.0,1.310751263876374,0.0,1.7128741609896794,0.0,7.296085655146154,993.0143761526203,67.92140682303575,302.7106577576344,25.654931900849267
13,260.0,32.32348393351631,0.9600000000000002,0.0,0.0,0.0,0.0331703683105136,0.0,0.0068296316894863,0.0,299.62,78.19,0.8677658367265203,0.4133966483375919,35.01086466617622,26.94882246819649,961.6227976398952,79.12907406647481,0.9707575879971329,0.0,0.0,0.0,0.0251599850458344,0.0,0.0040824269570326,0.0,0.8290072591119684,0.0,0.0,0.0,0.1307110121503422,0.0,0.0402817287376894,0.0,6.2541838358811,1.362348119015811,1.0,0.0,0.0,0.0,1.3027814558283308,0.0,1.698954669101755,0.0,7.296085655146154,993.0143761526203,67.92140682303575,302.7106577576344,25.654931900849267
13,260.0,33.21924417773627,0.9600000000000002,0.0,0.0,0.0,0.0331703683105136,0.0,0.0068296316894863,0.0,299.62,78.19,0.8677658367265203,0.4248528479055669,35.01086466617622,26.94882246819649,957.759386702254,80.76091417982528,0.9670884044499222,0.0,0.0,0.0,0.0279990437255657,0.0,0.0049125518245121,0.0,0.8115365071066936,0.0,0.0,0.0,0.1414814721972041,0.0,0.0469820206961021,0.0,6.125801667311518,1.3769535181546757,1.0,0.0,0.0,0.0,1.295051253972642,0.0,1.68543250932291,0.0,7.296085655146154,993.0143761526203,67.92140682303575,302.7106577576344,25.654931900849267
13,260.0,34.11500442195624,0.9600000000000002,0.0,0.0,0.0,0.0331703683105136,0.0,0.0068296316894863,0.0,299.62,78.19,0.8677658367265203,0.4363090474735419,35.01086466617622,26.94882246819649,954.0077146319044,82.42595550839235,0.9635011709155727,0.0,0.0,0.0,0.0306717886106707,0.0,0.0058270404737566,0.0,0.7950741026093023,0.0,0.0,0.0,0.150868278277123,0.0,0.0540576191135747,0.0,6.000447906286381,1.3916409564479133,1.0,0.0,0.0,0.0,1.2875616278152051,0.0,1.6723106256546107,0.0,7.296085655146154,993.0143761526203,67.92140682303575,302.7106577576344,25.654931900849267
13,260.0,35.010764666176215,0.9600000000000002,0.0,0.0,0.0,0.0331703683105136,0.0,0.0068296316894863,0.0,299.62,78.19,0.8677658367265203,0.447765247041517,35.01086466617622,26.94882246819649,950.3738347722708,84.12473725261992,0.9600003839727144,0.0,0.0,0.0,0.0331701006824935,0.0,0.0068295153447921,0.0,0.7795491507619077,0.0,0.0,0.0,0.1589441582657162,0.0,0.0615066909723761,0.0,5.878162188744279,1.4063532859959922,1.0,0.0,0.0,0.0,1.280311711014015,0.0,1.659588877228826,0.0,7.296085655146154,993.0143761526203,67.92140682303575,302.7106577576344,25.654931900849267
13,265.0,31.09814129653955,0.9600000000000002,0.0,0.0,0.0,0.0331703683105136,0.0,0.0068296316894863,0.0,299.62,78.19,0.8844536412789533,0.3977253011451535,38.96463258309714,31.09804129653955,958.611276015572,82.19685730334345,0.9930831139010028,0.0,0.0,0.0,0.0062545712555778,0.0,0.0006623148434194,0.0,0.9599975116339088,0.0,0.0,0.0,0.0331723927981996,0.0,0.0068300955678914,0.0,5.967965635058513,1.3830668447114052,1.0,0.0,0.0,0.0,1.2630729526363988,0.0,1.6756816778846098,0.0,6.194157229336726,966.2255774553212,79.59167899763797,302.7106577576344,29.571779036695137
13,265.0,31.972184772823724,0.9600000000000002,0.0,0.0,0.0,0.0331703683105136,0.0,0.0068296316894863,0.0,299.62,78.19,0.8844536412789533,0.4089037571661814,38.96463258309714,31.09804129653955,954.3154887863172,83.7241835004145,0.9891719742134246,0.0,0.0,0.0,0.009728385313953,0.0,0.0010996404726222,0.0,0.938863857210658,0.0,0.0,0.0,0.0501549267176928,0.0,0.0109812160716492,0.0,5.841249893540855,1.3981551350256305,1.0,0.0,0.0,0.0,1.2559531837059184,0.0,1.6623457747094736,0.0,6.194157229336726,966.2255774553212,79.59167899763797,302.7106577576344,29.571779036695137
13,265.0,32.8462282491079,0.9600000000000002,0.0,0.0,0.0,0.0331703683105136,0.0,0.0068296316894863,0.0,299.62,78.19,0.8844536412789533,0.4200822131872094,38.96463258309714,31.09804129653955,950.0765863655748,85.27881413308954,0.9853043841853256,0.0,0.0,0.0,0.0131098725879654,0.0,0.0015857432267089,0.0,0.918906259453638,0.0,0.0,0.0,0.0657481540576912,0.0,0.0153455864886708,0.0,5.716690646527149,1.413422553599682,1.0,0.0,0.0,0.0,1.2490083313671414,0.0,1.6492977116326235,0.0,6.194157229336726,966.2255774553212,79.59167899763797,302.7106577576344,29.571779036695137
13,265.0,33.72027172539208,0.9600000000000002,0.0,0.0,0.0,0.0331703683105136,0.0,0.0068296316894863,0.0,299.62,78.19,0.8844536412789533,0.4312606692082374,38.96463258309714,31.09804129653955,945.9033428507904,86.8619261282492,0.9814868060392508,0.0,0.0,0.0,0.0163869232921451,0.0,0.002126270668604,0.0,0.9000438329722223,0.0,0.0,0.0,0.0800024117042423,0.0,0.0199537553235352,0.0,5.594382794557268,1.428852537971805,1.0,0.0,0.0,0.0,1.242239217287493,0.0,1.636553203669531,0.0,6.194157229336726,966.2255774553212,79.59167899763797,302.7106577576344,29.571779036695137
13,265.0,34.59431520167625,0.9600000000000002,0.0,0.0,0.0,0.0331703683105136,0.0,0.0068296316894863,0.0,299.62,78.19,0.8844536412789533,0.4424391252292653,38.96463258309714,31.09804129653955,941.8049809438586,88.47468432325876,0.9777260248580882,0.0,0.0,0.0,0.0195468651972341,0.0,0.0027271099446776,0.0,0.8822037646779466,0.0,0.0,0.0,0.0929613966203842,0.0,0.0248348387016691,0.0,5.474423394321566,1.4444228774628876,1.0,0.0,0.0,0.0,1.2356473338403633,0.0,1.6241180727995757,0.0,6.194157229336726,966.2255774553212,79.59167899763797,302.7106577576344,29.571779036695137
13,265.0,35.46835867796043,0.9600000000000002,0.0,0.0,0.0,0.0331703683105136,0.0,0.0068296316894863,0.0,299.62,78.19,0.8844536412789533,0.4536175812502933,38.96463258309714,31.09804129653955,937.7908751734564,90.11820172780465,0.9740289309042997,0.0,0.0,0.0,0.0225768740477609,0.0,0.0033941950479393,0.0,0.8653201676690259,0.0,0.0,0.0,0.1046647870540803,0.0,0.0300150452768937,0.0,5.356906829749848,1.460143200441366,1.0,0.0,0.0,0.0,1.2292353949989925,0.0,1.611992849071659,0.0,6.194157229336726,966.2255774553212,79.59167899763797,302.7106577576344,29.571779036695137
13,265.0,36.34240215424461,0.9600000000000002,0.0,0.0,0.0,0.0331703683105136,0.0,0.0068296316894863,0.0,299.62,78.19,0.8844536412789533,0.4647960372713213,38.96463258309714,31.09804129653955,933.8701298681652,91.79349014584436,0.9704022096774254,0.0,0.0,0.0,0.0254645407513482,0.0,0.0041332495712262,0.0,0.8493330227386586,0.0,0.0,0.0,0.1151510887261628,0.0,0.0355158885351784,0.0,5.241920948867176,1.4759629325020531,1.0,0.0,0.0,0.0,1.2230057148221598,0.0,1.60018438169774,0.0,6.194157229336726,966.2255774553212,79.59167899763797,302.7106577576344,29.571779036695137
13,265.0,37.21644563052878,0.9600000000000002,0.0,0.0,0.0,0.0331703683105136,0.0,0.0068296316894863,0.0,299.62,78.19,0.8844536412789533,0.4759744932923492,38.96463258309714,31.09804129653955,930.0510994074336,93.50140708433617,0.9668519925567556,0.0,0.0,0.0,0.028198538726229,0.0,0.0049494687170151,0.0,0.8341872295721341,0.0,0.0,0.0,0.1244605512628193,0.0,0.0413522191650465,0.0,5.129538568102909,1.491888283078115,1.0,0.0,0.0,0.0,1.2169605807587842,0.0,1.5886979499357667,0.0,6.194157229336726,966.2255774553212,79.59167899763797,302.7106577576344,29.571779036695137
13,265.0,38.09048910681296,0.9600000000000002,0.0,0.0,0.0,0.0331703683105136,0.0,0.0068296316894863,0.0,299.62,78.19,0.8844536412789533,0.4871529493133771,38.96463258309714,31.09804129653955,926.340825078056,95.24260171605958,0.9633834447752316,0.0,0.0,0.0,0.0307693760423765,0.0,0.0058471791823917,0.0,0.8198317463901442,0.0,0.0,0.0,0.1326378978588583,0.0,0.0475303557509975,0.0,5.019811829335064,1.5078985575845365,1.0,0.0,0.0,0.0,1.2111075867711674,0.0,1.577546540298352,0.0,6.194157229336726,966.2255774553212,79.59167899763797,302.7106577576344,29.571779036695137
13,265.0,38.96453258309714,0.9600000000000002,0.0,0.0,0.0,0.0331703683105136,0.0,0.0068296316894863,0.0,299.62,78.19,0.8844536412789533,0.4983314053344052,38.96463258309714,31.09804129653955,922.744506436204,97.0174699190695,0.9600003800718336,0.0,0.0,0.0,0.0331701049360259,0.0,0.0068295149921402,0.0,0.8062188626224157,0.0,0.0,0.0,0.13973450875336,0.0,0.0540466286242243,0.0,4.9127670314942495,1.5239752723414526,1.0,0.0,0.0,0.0,1.2054374855632182,0.0,1.5667225946019228,0.0,6.194157229336726,966.2255774553212,79.59167899763797,302.7106577576344,29.571779036695137
13,270.0,35.715219620628545,0.9600000000000002,0.0,0.0,0.0,0.0331703683105136,0.0,0.0068296316894863,0.0,299.62,78.19,0.9011414458313864,0.456774774531635,43.31685783735156,35.71511962062854,927.7642581185708,96.64602853924926,0.9918532129941798,0.0,0.0,0.0,0.0073622465482114,0.0,0.0007845404576085,0.0,0.9599978925030352,0.0,0.0,0.0,0.0331720758474673,0.0,0.0068300316494974,0.0,4.892326684930661,1.5139922102870609,1.0,0.0,0.0,0.0,1.186477966061971,0.0,1.5699122744393783,0.0,5.130843724671824,936.9320241360858,93.30322734807504,302.7106577576344,33.91794976874195
13,270.0,36.55983497804221,0.9600000000000002,0.0,0.0,0.0,0.0331703683105136,0.0,0.0068296316894863,0.0,299.62,78.19,0.9011414458313864,0.4675768637682851,43.31685783735156,35.71511962062854,923.5258463312204,98.25900869437308,0.9880816561445978,0.0,0.0,0.0,0.0107011858370445,0.0,0.0012171580183578,0.0,0.9426349872106088,0.0,0.0,0.0,0.0470647639618905,0.0,0.0103002488275007,0.0,4.783016118982076,1.5306889818255442,1.0,0.0,0.0,0.0,1.1810245301823992,0.0,1.5587152729383864,0.0,5.130843724671824,936.9320241360858,93.30322734807504,302.7106577576344,33.91794976874195
13,270.0,37.40445033545589,0.9600000000000002,0.0,0.0,0.0,0.0331703683105136,0.0,0.0068296316894863,0.0,299.62,78.19,0.9011414458313864,0.4783789530049352,43.31685783735156,35.71511962062854,919.342486691208,99.90031795307844,0.9843541657015392,0.0,0.0,0.0,0.0139484673895161,0.0,0.0016973669089447,0.0,0.926116904544045,0.0,0.0,0.0,0.0599131240153378,0.0,0.013969971440617,0.0,4.675585924945003,1.5476024007287583,1.0,0.0,0.0,0.0,1.1757045202240044,0.0,1.5477494525302578,0.0,5.130843724671824,936.9320241360858,93.30322734807504,302.7106577576344,33.91794976874195
13,270.0,38.24906569286955,0.9600000000000002,0.0,0.0,0.0,0.0331703683105136,0.0,0.0068296316894863,0.0,299.62,78.19,0.9011414458313864,0.4891810422415852,43.31685783735156,35.71511962062854,915.2224128458254,101.57100405535483,0.9806767985860184,0.0,0.0,0.0,0.0170927471890148,0.0,0.0022304542249666,0.0,0.9103965794848848,0.0,0.0,0.0,0.0717404108659251,0.0,0.01786300964919,0.0,4.570115566730953,1.5647374326673222,1.0,0.0,0.0,0.0,1.1705156410620916,0.0,1.537023733703262,0.0,5.130843724671824,936.9320241360858,93.30322734807504,302.7106577576344,33.91794976874195
13,270.0,39.093681050283216,0.9600000000000002,0.0,0.0,0.0,0.0331703683105136,0.0,0.0068296316894863,0.0,299.62,78.19,0.9011414458313864,0.4999831314782353,43.31685783735156,35.71511962062854,911.1741899307729,103.27208187475227,0.9770558378313908,0.0,0.0,0.0,0.0201222843359251,0.0,0.002821877832684,0.0,0.8954309908658877,0.0,0.0,0.0,0.0825670535784323,0.0,0.0220019555556799,0.0,4.46668445691498,1.5820598543168856,1.0,0.0,0.0,0.0,1.1654644446758196,0.0,1.5265373956994923,0.0,5.130843724671824,936.9320241360858,93.30322734807504,302.7106577576344,33.91794976874195
13,270.0,39.93829640769689,0.9600000000000002,0.0,0.0,0.0,0.0331703683105136,0.0,0.0068296316894863,0.0,299.62,78.19,0.9011414458313864,0.5107852207148854,43.31685783735156,35.71511962062854,907.2064215562948,105.00449821748133,0.973497576397494,0.0,0.0,0.0,0.0230253436940304,0.0,0.0034770799084756,0.0,0.8811805613127787,0.0,0.0,0.0,0.0924124960963374,0.0,0.0264069425908839,0.0,4.365369016283807,1.5995536829427686,1.0,0.0,0.0,0.0,1.160548388500045,0.0,1.5162971086215415,0.0,5.130843724671824,936.9320241360858,93.30322734807504,302.7106577576344,33.91794976874195
13,270.0,40.78291176511056,0.9600000000000002,0.0,0.0,0.0,0.0331703683105136,0.0,0.0068296316894863,0.0,299.62,78.19,0.9011414458313864,0.5215873099515355,43.31685783735156,35.71511962062854,903.3273434207975,106.76908974043778,0.9700080184850616,0.0,0.0,0.0,0.0257907336522461,0.0,0.0042012478626922,0.0,0.8676085640389075,0.0,0.0,0.0,0.1012972451706325,0.0,0.0310941907904599,0.0,4.266238604733228,1.6172030570245788,1.0,0.0,0.0,0.0,1.1557764667562231,0.0,1.5063135089820718,0.0,5.130843724671824,936.9320241360858,93.30322734807504,302.7106577576344,33.91794976874195
13,270.0,41.62752712252422,0.9600000000000002,0.0,0.0,0.0,0.0331703683105136,0.0,0.0068296316894863,0.0,299.62,78.19,0.9011414458313864,0.5323893991881855,43.31685783735156,35.71511962062854,899.5443920240297,108.56654202739014,0.966592564925672,0.0,0.0,0.0,0.02840840921793,0.0,0.0049990258563978,0.0,0.8546805826401852,0.0,0.0,0.0,0.1092449709540437,0.0,0.0360744464057709,0.0,4.169348522307767,1.6350016832010963,1.0,0.0,0.0,0.0,1.1511420939712975,0.0,1.4965933296098193,0.0,5.130843724671824,936.9320241360858,93.30322734807504,302.7106577576344,33.91794976874195
13,270.0,42.47214247993789,0.9600000000000002,0.0,0.0,0.0,0.0331703683105136,0.0,0.0068296316894863,0.0,299.62,78.19,0.9011414458313864,0.5431914884248356,43.31685783735156,35.71511962062854,895.8636969957525,110.39734922004092,0.9632556431099466,0.0,0.0,0.0,0.0308701388204037,0.0,0.0058742180696495,0.0,0.8423640011553758,0.0,0.0,0.0,0.1162844519194426,0.0,0.0413515469251815,0.0,4.074736255786891,1.6529304942306398,1.0,0.0,0.0,0.0,1.1466512849719674,0.0,1.4871317038443128,0.0,5.130843724671824,936.9320241360858,93.30322734807504,302.7106577576344,33.91794976874195
13,270.0,43.31675783735156,0.9600000000000002,0.0,0.0,0.0,0.0331703683105136,0.0,0.0068296316894863,0.0,299.62,78.19,0.9011414458313864,0.5539935776614856,43.31685783735156,35.71511962062854,892.289627209814,112.26178421856451,0.9600003783009792,0.0,0.0,0.0,0.0331701072426687,0.0,0.006829514456352,0.0,0.8306275835519826,0.0,0.0,0.0,0.1224510728579532,0.0,0.0469213435900641,0.0,3.982416446254677,1.6709703301095835,1.0,0.0,0.0,0.0,1.1423015409910504,0.0,1.4779288938860002,0.0,5.130843724671824,936.9320241360858,93.30322734807504,302.7106577576344,33.91794976874195
13,275.0,40.84068434250204,0.9600000000000002,0.0,0.0,0.0,0.0331703683105136,0.0,0.0068296316894863,0.0,299.62,78.19,0.9178292503838196,0.5223261841987727,48.08970077524148,40.840584342502034,893.2803839035618,113.97433583273246,0.9903882999818762,0.0,0.0,0.0,0.0086720793924948,0.0,0.000939620625629,0.0,0.9599982162249004,0.0,0.0,0.0,0.0331718063454739,0.0,0.0068299774296257,0.0,3.862482617414072,1.681051633472313,1.0,0.0,0.0,0.0,1.1228603547409304,0.0,1.469839767111469,0.0,4.11187312512685,904.4335281070778,109.60126774294156,302.7106577576344,38.72523437118672
13,275.0,41.64611950169531,0.9600000000000002,0.0,0.0,0.0,0.0331703683105136,0.0,0.0068296316894863,0.0,299.62,78.19,0.9178292503838196,0.5326271838047744,48.08970077524148,40.840584342502034,889.106835642672,115.69046579540289,0.986792248485535,0.0,0.0,0.0,0.0118398937748515,0.0,0.0013678577396134,0.0,0.9459377657525334,0.0,0.0,0.0,0.0443659247302014,0.0,0.0096963095172651,0.0,3.7702696462165073,1.7000875494858931,1.0,0.0,0.0,0.0,1.1188100916176829,0.0,1.460499300955344,0.0,4.11187312512685,904.4335281070778,109.60126774294156,302.7106577576344,38.72523437118672
13,275.0,42.45155466088858,0.9600000000000002,0.0,0.0,0.0,0.0331703683105136,0.0,0.0068296316894863,0.0,299.62,78.19,0.9178292503838196,0.5429281834107761,48.08970077524148,40.840584342502034,884.9839137926803,117.4362182378216,0.9832388782807614,0.0,0.0,0.0,0.0149193211367106,0.0,0.0018418005825278,0.0,0.9324771831598504,0.0,0.0,0.0,0.0547858792846969,0.0,0.0127369375554525,0.0,3.679658967783578,1.7194114902412174,1.0,0.0,0.0,0.0,1.1148576478160048,0.0,1.451338920186485,0.0,4.11187312512685,904.4335281070778,109.60126774294156,302.7106577576344,38.72523437118672
13,275.0,43.25698982008185,0.9600000000000002,0.0,0.0,0.0,0.0331703683105136,0.0,0.0068296316894863,0.0,299.62,78.19,0.9178292503838196,0.5532291830167777,48.08970077524148,40.840584342502034,880.9190026476373,119.21248862348878,0.9797335779659097,0.0,0.0,0.0,0.0179001934634051,0.0,0.0023662285706852,0.0,0.9195903797637754,0.0,0.0,0.0,0.064440012749976,0.0,0.0159696074862483,0.0,3.5907135326445743,1.7390161663998585,1.0,0.0,0.0,0.0,1.111004712810718,0.0,1.4423618116145749,0.0,4.11187312512685,904.4335281070778,109.60126774294156,302.7106577576344,38.72523437118672
13,275.0,44.06242497927512,0.9600000000000002,0.0,0.0,0.0,0.0331703683105136,0.0,0.0068296316894863,0.0,299.62,78.19,0.9178292503838196,0.5635301826227794,48.08970077524148,40.840584342502034,876.9197061332189,121.02012217067956,0.976281868326662,0.0,0.0,0.0,0.0207721093321717,0.0,0.0029460223411663,0.0,0.907253163528527,0.0,0.0,0.0,0.0733358410769703,0.0,0.0194109953945024,0.0,3.5034947733453534,1.7588833965262054,1.0,0.0,0.0,0.0,1.1072531637889789,0.0,1.4335696396485027,0.0,4.11187312512685,904.4335281070778,109.60126774294156,302.7106577576344,38.72523437118672
13,275.0,44.8678601384684,0.9600000000000002,0.0,0.0,0.0,0.0331703683105136,0.0,0.0068296316894863,0.0,299.62,78.19,0.9178292503838196,0.5738311822287812,48.08970077524148,40.840584342502034,872.9935482127358,122.85988395501504,0.9728891829246584,0.0,0.0,0.0,0.0235248165588443,0.0,0.0035860005164971,0.0,0.8954428883462242,0.0,0.0,0.0,0.0814813407774738,0.0,0.0230757708763019,0.0,3.418059958592372,1.7789979851346147,1.0,0.0,0.0,0.0,1.1036053488492388,0.0,1.4249708083133266,0.0,4.11187312512685,904.4335281070778,109.60126774294156,302.7106577576344,38.72523437118672
13,275.0,45.67329529766167,0.9600000000000002,0.0,0.0,0.0,0.0331703683105136,0.0,0.0068296316894863,0.0,299.62,78.19,0.9178292503838196,0.5841321818347828,48.08970077524148,40.840584342502034,869.147669836888,124.73243188409528,0.9695606460181094,0.0,0.0,0.0,0.026148647814105,0.0,0.0042907061677854,0.0,0.8841381248210762,0.0,0.0,0.0,0.0888863610196733,0.0,0.0269755141592505,0.0,3.334459565226552,1.7993435872732677,1.0,0.0,0.0,0.0,1.1000629943936513,0.0,1.4165743967761362,0.0,4.11187312512685,904.4335281070778,109.60126774294156,302.7106577576344,38.72523437118672
13,275.0,46.47873045685493,0.9600000000000002,0.0,0.0,0.0,0.0331703683105136,0.0,0.0068296316894863,0.0,299.62,78.19,0.9178292503838196,0.5944331814407844,48.08970077524148,40.840584342502034,865.3884190924243,126.63828687876452,0.9663007760532984,0.0,0.0,0.0,0.0286350528525601,0.0,0.0050641710941413,0.0,0.8733183156897076,0.0,0.0,0.0,0.0955640765535023,0.0,0.0311176077567899,0.0,3.252733295999996,1.8199041328338728,1.0,0.0,0.0,0.0,1.0966252763834257,0.0,1.4083768270899877,0.0,4.11187312512685,904.4335281070778,109.60126774294156,302.7106577576344,38.72523437118672
13,275.0,47.284165616048206,0.9600000000000002,0.0,0.0,0.0,0.0331703683105136,0.0,0.0068296316894863,0.0,299.62,78.19,0.9178292503838196,0.6047341810467861,48.08970077524148,40.840584342502034,861.7209507672205,128.57780997289018,0.9631131977749868,0.0,0.0,0.0,0.0309771302782648,0.0,0.0059096719467484,0.0,0.8629634728604573,0.0,0.0,0.0,0.1015322962129893,0.0,0.0355042309265533,0.0,3.1729058129724086,1.840669714091004,1.0,0.0,0.0,0.0,1.0932919406168455,0.0,1.4003807453641115,0.0,4.11187312512685,904.4335281070778,109.60126774294156,302.7106577576344,38.72523437118672
13,275.0,48.08960077524148,0.9600000000000002,0.0,0.0,0.0,0.0331703683105136,0.0,0.0068296316894863,0.0,299.62,78.19,0.9178292503838196,0.6150351806527878,48.08970077524148,40.840584342502034,858.1488566072429,130.55118752944315,0.960000379204447,0.0,0.0,0.0,0.033170107186754,0.0,0.0068295136087989,0.0,0.853053926308928,0.0,0.0,0.0,0.1068144435856413,0.0,0.0401316301054306,0.0,3.0949839336881446,1.8616279757316776,1.0,0.0,0.0,0.0,1.090063358054919,0.0,1.3925941314362635,0.0,4.11187312512685,904.4335281070778,109.60126774294156,302.7106577576344,38.72523437118672
13,280.0,46.522002608559845,0.9600000000000002,0.0,0.0,0.0,0.0331703683105136,0.0,0.0068296316894863,0.0,299.62,78.19,0.9345170549362526,0.5949866045345933,53.30297540324226,46.52190260855984,853.8653925532844,135.1973797553266,0.988606146800027,0.0,0.0,0.0,0.0102502827751304,0.0,0.0011435704248425,0.0,0.9599984951111724,0.0,0.0,0.0,0.03317157407167,0.0,0.0068299308171573,0.0,2.887058906425161,1.9051948000655845,1.0,0.0,0.0,0.0,1.0713589694565733,0.0,1.3742925031929476,0.0,3.1449654870637134,867.6798743518019,129.30886906724652,302.7106577576344,44.02808165538378
13,280.0,47.27543291908011,0.9600000000000002,0.0,0.0,0.0,0.0331703683105136,0.0,0.0068296316894863,0.0,299.62,78.19,0.9345170549362526,0.6046224954480127,53.30297540324226,46.52190260855984,849.7624933022929,137.04106840160432,0.9852321924174822,0.0,0.0,0.0,0.0132009604306234,0.0,0.0015668471518944,0.0,0.948870101432589,0.0,0.0,0.0,0.0419788571043945,0.0,0.0091510414630164,0.0,2.8118277787575363,1.9277790524347191,1.0,0.0,0.0,0.0,1.0685104728972592,0.0,1.3665855146003925,0.0,3.1449654870637134,867.6798743518019,129.30886906724652,302.7106577576344,44.02808165538378
13,280.0,48.02886322960038,0.9600000000000002,0.0,0.0,0.0,0.0331703683105136,0.0,0.0068296316894863,0.0,299.62,78.19,0.9345170549362526,0.6142583863614322,53.30297540324226,46.52190260855984,845.702410401209,138.91621549280404,0.9818972155773626,0.0,0.0,0.0,0.0160697649899651,0.0,0.0020330194326721,0.0,0.9381589483643608,0.0,0.0,0.0,0.0502271104704987,0.0,0.0116139411651404,0.0,2.7379201715827417,1.9507748202933668,1.0,0.0,0.0,0.0,1.0657341371915643,0.0,1.359009935648664,0.0,3.1449654870637134,867.6798743518019,129.30886906724652,302.7106577576344,44.02808165538378
13,280.0,48.78229354012065,0.9600000000000002,0.0,0.0,0.0,0.0331703683105136,0.0,0.0068296316894863,0.0,299.62,78.19,0.9345170549362526,0.6238942772748516,53.30297540324226,46.52190260855984,841.691355683596,140.82356887786534,0.97860567731534,0.0,0.0,0.0,0.0188481185456537,0.0,0.002546204139006,0.0,0.9278516999680416,0.0,0.0,0.0,0.0579174374319231,0.0,0.0142308626000353,0.0,2.665380507530875,1.9741623125685723,1.0,0.0,0.0,0.0,1.0630313743217703,0.0,1.3515721358018178,0.0,3.1449654870637134,867.6798743518019,129.30886906724652,302.7106577576344,44.02808165538378
13,280.0,49.53572385064091,0.9600000000000002,0.0,0.0,0.0,0.0331703683105136,0.0,0.0068296316894863,0.0,299.62,78.19,0.9345170549362526,0.633530168188271,53.30297540324226,46.52190260855984,837.7356309846448,142.76381327470358,0.9753620679456136,0.0,0.0,0.0,0.0215273705660812,0.0,0.0031105614883052,0.0,0.9179357902501296,0.0,0.0,0.0,0.0650510695919395,0.0,0.0170131401579306,0.0,2.59425188001456,1.9979416950677271,1.0,0.0,0.0,0.0,1.0604033554557133,0.0,1.344271951768775,0.0,3.1449654870637134,867.6798743518019,129.30886906724652,302.7106577576344,44.02808165538378
13,280.0,50.28915416116119,0.9600000000000002,0.0,0.0,0.0,0.0331703683105136,0.0,0.0068296316894863,0.0,299.62,78.19,0.9345170549362526,0.6431660591016906,53.30297540324226,46.52190260855984,833.841420946832,144.7375543202678,0.9721707556705066,0.0,0.0,0.0,0.0240990863169281,0.0,0.0037301580125652,0.0,0.9083992324550996,0.0,0.0,0.0,0.0716301916902203,0.0,0.0199705758546801,0.0,2.524573247389124,2.0220878440448984,1.0,0.0,0.0,0.0,1.0578522655496023,0.0,1.337117726480801,0.0,3.1449654870637134,867.6798743518019,129.30886906724652,302.7106577576344,44.02808165538378
13,280.0,51.04258447168145,0.9600000000000002,0.0,0.0,0.0,0.0331703683105136,0.0,0.0068296316894863,0.0,299.62,78.19,0.9345170549362526,0.65280195001511,53.30297540324226,46.52190260855984,830.0145243641272,146.7453016705013,0.969035794013172,0.0,0.0,0.0,0.0265554027903646,0.0,0.0044088031964634,0.0,0.8992304093581869,0.0,0.0,0.0,0.0776588489225293,0.0,0.0231107417192839,0.0,2.456379416642736,2.046594167898637,1.0,0.0,0.0,0.0,1.0553772821242884,0.0,1.330111390709522,0.0,3.1449654870637134,867.6798743518019,129.30886906724652,302.7106577576344,44.02808165538378
13,280.0,51.79601478220172,0.9600000000000002,0.0,0.0,0.0,0.0331703683105136,0.0,0.0068296316894863,0.0,299.62,78.19,0.9345170549362526,0.6624378409285294,53.30297540324226,46.52190260855984,826.2600535150752,148.78745561907004,0.965960708871045,0.0,0.0,0.0,0.0288894216852251,0.0,0.0051498694437298,0.0,0.890417867862416,0.0,0.0,0.0,0.0831438530417932,0.0,0.0264382790957908,0.0,2.38969354172327,2.0714623338309965,1.0,0.0,0.0,0.0,1.05297842532199,0.0,1.3232532477110437,0.0,3.1449654870637134,867.6798743518019,129.30886906724652,302.7106577576344,44.02808165538378
13,280.0,52.54944509272199,0.9600000000000002,0.0,0.0,0.0,0.0331703683105136,0.0,0.0068296316894863,0.0,299.62,78.19,0.9345170549362526,0.672073731841949,53.30297540324226,46.52190260855984,822.5821310523619,150.8642995666205,0.9629482864748276,0.0,0.0,0.0,0.0310956014018944,0.0,0.005956112123278,0.0,0.8819501349613754,0.0,0.0,0.0,0.0880955862589526,0.0,0.0299542787796719,0.0,2.324535116070145,2.097380790628674,1.0000000000203793,0.0,0.0,0.0,1.0507104682027428,0.0,1.3167511567105368,0.0,3.1449654870637134,867.6798743518019,129.30886906724652,302.7106577576344,44.02808165538378
13,280.0,53.302875403242254,0.9600000000000002,0.0,0.0,0.0,0.0331703683105136,0.0,0.0068296316894863,0.0,299.62,78.19,0.9345170549362526,0.6817096227553684,53.30297540324226,46.52190260855984,818.9836135563968,152.9759984954744,0.9600003836768736,0.0,0.0,0.0,0.0331701040588643,0.0,0.006829512264262,0.0,0.8738155677528825,0.0,0.0,0.0,0.0925285937675216,0.0,0.0336558384795959,0.0,2.2608970258677457,2.1222097425372857,1.0,0.0,0.0,0.0,1.0484128781836404,0.0,1.310001952345056,0.0,3.1449654870637134,867.6798743518019,129.30886906724652,302.7106577576344,44.02808165538378
13,285.0,52.81841639907943,0.9600000000000002,0.0,0.0,0.0,0.0331703683105136,0.0,0.0068296316894863,0.0,299.62,78.19,0.9512048594886856,0.6755137025077304,58.97012051100492,52.81831639907943,807.3171604624657,162.06722876287358,0.9863600096214292,0.0,0.0,0.0,0.0122136156274421,0.0,0.0014263747511284,0.0,0.9599987401100696,0.0,0.0,0.0,0.0331713699490584,0.0,0.0068298899408718,0.0,1.9785987585007097,2.2290934215722853,1.0,0.0,0.0,0.0,1.0319431913978798,0.0,1.2819305730118329,0.0,2.2410524707626744,824.9746819221486,153.77005765610247,302.7106577576344,49.86436423924916
13,285.0,53.501927967071154,0.9600000000000002,0.0,0.0,0.0,0.0331703683105136,0.0,0.0068296316894863,0.0,299.62,78.19,0.9512048594886856,0.6842553775044271,58.97012051100492,52.81831639907943,803.2880885081361,164.07453579917836,0.9832729545674398,0.0,0.0,0.0,0.014884814185004,0.0,0.0018422312475559,0.0,0.9515238175379108,0.0,0.0,0.0,0.0398301025844364,0.0,0.0086460798776527,0.0,1.920481456360952,2.257519450045161,1.0,0.0,0.0,0.0,1.0301642581055543,0.0,1.2756887259325014,0.0,2.2410524707626744,824.9746819221486,153.77005765610247,302.7106577576344,49.86436423924916
13,285.0,54.18543953506288,0.9600000000000002,0.0,0.0,0.0,0.0331703683105136,0.0,0.0068296316894863,0.0,299.62,78.19,0.9512048594886856,0.6929970525011239,58.97012051100492,52.81831639907943,799.2893028806391,166.11629216908906,0.980218324019866,0.0,0.0,0.0,0.0174848069646354,0.0,0.0022968690154986,0.0,0.9433282918954355,0.0,0.0,0.0,0.0461044324771465,0.0,0.0105672756274178,0.0,1.863403542530769,2.286542715152029,1.0,0.0,0.0,0.0,1.0284380171668233,0.0,1.2695318297018965,0.0,2.2410524707626744,824.9746819221486,153.77005765610247,302.7106577576344,49.86436423924916
13,285.0,54.86895110305459,0.9600000000000002,0.0,0.0,0.0,0.0331703683105136,0.0,0.0068296316894863,0.0,299.62,78.19,0.9512048594886856,0.7017387274978206,58.97012051100492,52.81831639907943,795.325441085269,168.19316318398953,0.9771993853498794,0.0,0.0,0.0,0.0200070254987213,0.0,0.0027935891513993,0.0,0.9354062639844926,0.0,0.0,0.0,0.0519928885116277,0.0,0.0126008475038797,0.0,1.8073956306510128,2.316208221109819,1.0,0.0,0.0,0.0,1.026768467025782,0.0,1.2634777944082742,0.0,2.2410524707626744,824.9746819221486,153.77005765610247,302.7106577576344,49.86436423924916
13,285.0,55.55246267104632,0.9600000000000002,0.0,0.0,0.0,0.0331703683105136,0.0,0.0068296316894863,0.0,299.62,78.19,0.9512048594886856,0.7104804024945174,58.97012051100492,52.81831639907943,791.4011769499836,170.30575855332734,0.9742193893730074,0.0,0.0,0.0,0.0224449197614089,0.0,0.0033356908655836,0.0,0.9277520791296708,0.0,0.0,0.0,0.0574944378635203,0.0,0.0147534830068088,0.0,1.752494151467746,2.348629760988695,1.0000000000025278,0.0,0.0,0.0,1.0252404829082953,0.0,1.257926549724372,0.0,2.2410524707626744,824.9746819221486,153.77005765610247,302.7106577576344,49.86436423924916
13,285.0,56.23597423903804,0.9600000000000002,0.0,0.0,0.0,0.0331703683105136,0.0,0.0068296316894863,0.0,299.62,78.19,0.9512048594886856,0.7192220774912141,58.97012051100492,52.81831639907943,787.5210345611252,172.45462110734672,0.971281444044151,0.0,0.0,0.0,0.024792176459521,0.0,0.003926379496328,0.0,0.9203602023384716,0.0,0.0,0.0,0.0626089604307311,0.0,0.0170308372307972,0.0,1.6987010067683723,2.3797891013912107,1.000000000001032,0.0,0.0,0.0,1.0236872790438514,0.0,1.252097563652848,0.0,2.2410524707626744,824.9746819221486,153.77005765610247,302.7106577576344,49.86436423924916
13,285.0,56.91948580702976,0.9600000000000002,0.0,0.0,0.0,0.0331703683105136,0.0,0.0068296316894863,0.0,299.62,78.19,0.9512048594886856,0.727963752487911,58.97012051100492,52.81831639907943,783.6892214282149,174.6402243537833,0.9683883970786428,0.0,0.0,0.0,0.0270429473866371,0.0,0.0045686555347201,0.0,0.9132251057069628,0.0,0.0,0.0,0.0673377382283007,0.0,0.0194371560647366,0.0,1.6460319837253832,2.408869400078224,1.0,0.0,0.0,0.0,1.0220935188624616,0.0,1.2458980003560516,0.0,2.2410524707626744,824.9746819221486,153.77005765610247,302.7106577576344,49.86436423924916
13,285.0,57.602997375021474,0.9600000000000002,0.0,0.0,0.0,0.0331703683105136,0.0,0.0068296316894863,0.0,299.62,78.19,0.9512048594886856,0.7367054274846077,58.97012051100492,52.81831639907943,779.9094266689858,176.8629719393864,0.9655426994744812,0.0,0.0,0.0,0.0291921028357412,0.0,0.0052651976897775,0.0,0.906341152158821,0.0,0.0,0.0,0.0716839378744866,0.0,0.0219749099666922,0.0,1.5945431301216433,2.4440388112052776,1.000000000000064,0.0,0.0,0.0,1.0207507190857923,0.0,1.240753168750493,0.0,2.2410524707626744,824.9746819221486,153.77005765610247,302.7106577576344,49.86436423924916
13,285.0,58.2865089430132,0.9600000000000002,0.0,0.0,0.0,0.0331703683105136,0.0,0.0068296316894863,0.0,299.62,78.19,0.9512048594886856,0.7454471024813045,58.97012051100492,52.81831639907943,776.1846227112193,179.1232026751255,0.96274627367335,0.0,0.0,0.0,0.0312354786679482,0.0,0.0060182476587016,0.0,0.8997024933871599,0.0,0.0,0.0,0.075653032055887,0.0,0.0246444745569531,0.0,1.5441776370268447,2.473661527472327,1.0,0.0,0.0,0.0,1.019257062337447,0.0,1.2346825152873544,0.0,2.2410524707626744,824.9746819221486,153.77005765610247,302.7106577576344,49.86436423924916
13,285.0,58.97002051100492,0.9600000000000002,0.0,0.0,0.0,0.0331703683105136,0.0,0.0068296316894863,0.0,299.62,78.19,0.9512048594886856,0.7541887774780013,58.97012051100492,52.81831639907943,772.5168776012188,181.42119767671085,0.9600003933190184,0.0,0.0,0.0,0.0331700965559289,0.0,0.0068295101250528,0.0,0.8933029834333234,0.0,0.0,0.0,0.0792531133571615,0.0,0.0274439032095151,0.0,1.4949910181430246,2.506991570907551,1.0,0.0,0.0,0.0,1.017923617481189,0.0,1.2292361891823655,0.0,2.2410524707626744,824.9746819221486,153.77005765610247,302.7106577576344,49.86436423924916
13,290.0,59.81298795682318,0.9600000000000002,0.0,0.0,0.0,0.0331703683105136,0.0,0.0068296316894863,0.0,299.62,78.19,0.9678926640411188,0.7649697909812403,65.08644118705526,59.812887956823175,749.3175696300558,198.0958085962488,0.983342280184571,0.0,0.0,0.0,0.0148037228792202,0.0,0.0018539969362087,0.0,0.9599989629648144,0.0,0.0,0.0,0.033171184291532,0.0,0.0068298527436536,0.0,1.1571508267941,2.766070450910786,1.0000000001621216,0.0,0.0,0.0,1.006442094864002,0.0,1.1918371227294853,0.0,1.4167983026644004,773.2637021553837,185.44864903964933,302.7106577576344,56.27641671412855
13,290.0,60.39891609351563,0.9600000000000002,0.0,0.0,0.0,0.0331703683105136,0.0,0.0068296316894863,0.0,299.62,78.19,0.9678926640411188,0.7724634364179004,65.08644118705526,59.812887956823175,745.3635442995695,200.32418302366784,0.980643629834848,0.0,0.0,0.0,0.0171010709533307,0.0,0.0022552992118213,0.0,0.9540005718387756,0.0,0.0,0.0,0.0378404091835112,0.0,0.0081590189777131,0.0,1.1166426606785531,2.8063060620418585,1.0000000001980016,0.0,0.0,0.0,1.0056972140291391,0.0,1.187020976698157,0.0,1.4167983026644004,773.2637021553837,185.44864903964933,302.7106577576344,56.27641671412855
13,290.0,60.98484423020808,0.9600000000000002,0.0,0.0,0.0,0.0331703683105136,0.0,0.0068296316894863,0.0,299.62,78.19,0.9678926640411188,0.7799570818545605,65.08644118705526,59.812887956823175,741.4197842210986,202.5927452812388,0.977967258048848,0.0,0.0,0.0,0.019343473493966,0.0,0.002689268457186,0.0,0.9481752802371248,0.0,0.0,0.0,0.0422702073595172,0.0,0.0095545124033581,0.0,1.076884132445651,2.8477310853450093,1.000000000104024,0.0,0.0,0.0,1.0049964267228433,0.0,1.1822634673331684,0.0,1.4167983026644004,773.2637021553837,185.44864903964933,302.7106577576344,56.27641671412855
13,290.0,61.570772366900535,0.9600000000000002,0.0,0.0,0.0,0.0331703683105136,0.0,0.0068296316894863,0.0,299.62,78.19,0.9678926640411188,0.7874507272912206,65.08644118705526,59.812887956823175,737.4888493927084,204.90232712360032,0.9753150375837494,0.0,0.0,0.0,0.0215267186568663,0.0,0.0031582437593843,0.0,0.9425212179560402,0.0,0.0,0.0,0.0464590601194244,0.0,0.0110197219245354,0.0,1.0378997394445917,2.890375441980507,1.0000000000037124,0.0,0.0,0.0,1.0043403407605005,0.0,1.1775650995258464,0.0,1.4167983026644004,773.2637021553837,185.44864903964933,302.7106577576344,56.27641671412855
13,290.0,62.15670050359299,0.9600000000000002,0.0,0.0,0.0,0.0331703683105136,0.0,0.0068296316894863,0.0,299.62,78.19,0.9678926640411188,0.7949443727278807,65.08644118705526,59.812887956823175,733.5733258788298,207.25374984615087,0.972688815215098,0.0,0.0,0.0,0.0236466407464563,0.0,0.0036645440384456,0.0,0.937036563937932,0.0,0.0,0.0,0.0504058237318805,0.0,0.0125576123301873,0.0,0.9996958646569032,2.934283359899388,1.000000000003394,0.0,0.0,0.0,1.003729385238381,0.0,1.1729282840712665,0.0,1.4167983026644004,773.2637021553837,185.44864903964933,302.7106577576344,56.27641671412855
13,290.0,62.742628640285446,0.9600000000000002,0.0,0.0,0.0,0.0331703683105136,0.0,0.0068296316894863,0.0,299.62,78.19,0.9678926640411188,0.8024380181645409,65.08644118705526,59.812887956823175,729.6756349598875,209.64780479971324,0.9700903094613016,0.0,0.0,0.0,0.0256992642790168,0.0,0.0042104262596817,0.0,0.9317194573697738,0.0,0.0,0.0,0.0541099516669936,0.0,0.0141705909632324,0.0,0.9622837488290452,2.979497422623956,1.0000000000034568,0.0,0.0,0.0,1.0031639932733336,0.0,1.1683517514632416,0.0,1.4167983026644004,773.2637021553837,185.44864903964933,302.7106577576344,56.27641671412855
13,290.0,63.3285567769779,0.9600000000000002,0.0,0.0,0.0,0.0331703683105136,0.0,0.0068296316894863,0.0,299.62,78.19,0.9678926640411188,0.809931663601201,65.08644118705526,59.812887956823175,725.7979724183663,212.0852668191696,0.9675210648486764,0.0,0.0,0.0,0.0276809078580139,0.0,0.0047980272933097,0.0,0.9265679597508912,0.0,0.0,0.0,0.0575716820189258,0.0,0.0158603582301829,0.0,0.9256729102873896,3.0260599983497403,1.0000000000032778,0.0,0.0,0.0,1.0026444974113096,0.0,1.163842349518677,0.0,1.4167983026644004,773.2637021553837,185.44864903964933,302.7106577576344,56.27641671412855
13,290.0,63.91448491367035,0.9600000000000002,0.0,0.0,0.0,0.0331703683105136,0.0,0.0068296316894863,0.0,299.62,78.19,0.9678926640411188,0.817425309037861,65.08644118705526,59.812887956823175,721.9422093388856,214.5669032500565,0.9649823895055332,0.0,0.0,0.0,0.0295883049149697,0.0,0.0054293055794972,0.0,0.9215800046562368,0.0,0.0,0.0,0.060792227024095,0.0,0.0176277683196683,0.0,0.8898722738613524,3.0740274632545947,1.0000000000035554,0.0,0.0,0.0,1.0021711854366937,0.0,1.1593969662983628,0.0,1.4167983026644004,773.2637021553837,185.44864903964933,302.7106577576344,56.27641671412855
13,290.0,64.5004130503628,0.9600000000000002,0.0,0.0,0.0,0.0331703683105136,0.0,0.0068296316894863,0.0,299.62,78.19,0.9678926640411188,0.824918954474521,65.08644118705526,59.812887956823175,718.1097836252169,217.09348612995032,0.9624752908481812,0.0,0.0,0.0,0.0314187241510018,0.0,0.0061059850008169,0.0,0.9167533525344612,0.0,0.0,0.0,0.0637739385968658,0.0,0.0194727088686729,0.0,0.8548847364983982,3.123447911212838,1.000000000002621,0.0,0.0,0.0,1.001744212705533,0.0,1.1550166475015768,0.0,1.4167983026644004,773.2637021553837,185.44864903964933,302.7106577576344,56.27641671412855
13,290.0,65.08634118705525,0.9600000000000002,0.0,0.0,0.0,0.0331703683105136,0.0,0.0068296316894863,0.0,299.62,78.19,0.9678926640411188,0.8324125999111812,65.08644118705526,59.812887956823175,714.3015812707761,219.66579923388392,0.960000411259978,0.0,0.0,0.0,0.0331700820597461,0.0,0.0068295066802758,0.0,0.912085543936608,0.0,0.0,0.0,0.0665204401794085,0.0,0.0213940158839834,0.0,0.8207129219013277,3.174389999885574,1.0000000000022955,0.0,0.0,0.0,1.0013637321730606,0.0,1.1507031397786511,0.0,1.4167983026644004,773.2637021553837,185.44864903964933,302.7106577576344,56.27641671412855
14,200.0,2.6692039570522565,0.98,0.0,0.0076679066242914,0.0,0.0052215831184178,0.0,0.0036660202758488,0.0034444899814419,301.55,77.24,0.663239927043608,0.0345572754667563,9.83222142008312,2.6691039570522563,1220.273578310284,7.313645576588295,0.996016931755236,0.0,3.073995840085417e-05,0.0,7.19925269582027e-05,0.0,4.575958170196697e-05,0.0038345761777025,0.979965524073155,0.0,0.0076843453781864,0.0,0.0052326674453804,0.0,0.0036738127697396,0.0034436503335385,22.508507261864278,0.6831258929246424,1.0000000107586415,0.0,5.254468144940764,0.0,5.226554701620979,0.0,4.313128938537125,1.002306434649722,22.53960113748808,1221.920496490378,7.249541730897533,302.7106577576344,2.6239816647333654
14,200.0,3.465083675166797,0.98,0.0,0.0076679066242914,0.0,0.0052215831184178,0.0,0.0036660202758488,0.0034444899814419,301.55,77.24,0.663239927043608,0.0448612593884878,9.83222142008312,2.6691039570522563,1218.349640181127,8.581642893934916,0.9938937766699872,0.0,0.0006103519352682,0.0,0.0012060373441155,0.0,0.0007823738775889,0.0035074601730397,0.7635815202777807,0.0,0.1176009574163189,0.0,0.0677703293931959,0.0,0.0485835674907789,0.0024636254219255,22.195485606748463,0.6933787246685178,1.000000004803382,0.0,5.14110950246304,0.0,5.128723583245841,0.0,4.218039329077549,1.002229775936853,22.53960113748808,1221.920496490378,7.249541730897533,302.7106577576344,2.6239816647333654
14,200.0,4.2609633932813376,0.98,0.0,0.0076679066242914,0.0,0.0052215831184178,0.0,0.0036660202758488,0.0034444899814419,301.55,77.24,0.663239927043608,0.0551652433102192,9.83222142008312,2.6691039570522563,1216.530831261577,9.88420021863555,0.991669002736204,0.0,0.0012809446167717,0.0,0.0021432626756466,0.0,0.0014152049244517,0.0034915850469259,0.6274352043752195,0.0,0.2006422340582876,0.0,0.0982293098546506,0.0,0.0716716821386537,0.0020215695731884,21.903287932206943,0.7031318286144774,1.0000000018617723,0.0,5.037201092974368,0.0,5.0384171298109965,0.0,4.131223347105954,1.0021636895984338,22.53960113748808,1221.920496490378,7.249541730897533,302.7106577576344,2.6239816647333654
14,200.0,5.056843111395878,0.98,0.0,0.0076679066242914,0.0,0.0052215831184178,0.0,0.0036660202758488,0.0034444899814419,301.55,77.24,0.663239927043608,0.0654692272319507,9.83222142008312,2.6691039570522563,1214.917671400076,11.218482769709132,0.9896318512791163,0.0,0.0020350547420737,0.0,0.0029047878529382,0.0,0.001946595516946,0.0034817106089256,0.5340116171823376,0.0,0.2684886386728232,0.0,0.1124973023782414,0.0,0.0832813969441288,0.0017210448224689,21.630624326004387,0.712422428746099,1.000000001651181,0.0,4.941657733221061,0.0,4.955742381797821,0.0,4.052959867345956,1.0021166304936946,22.53960113748808,1221.920496490378,7.249541730897533,302.7106577576344,2.6239816647333654
14,200.0,5.852722829510419,0.98,0.0,0.0076679066242914,0.0,0.0052215831184178,0.0,0.0036660202758488,0.0034444899814419,301.55,77.24,0.663239927043608,0.0757732111536822,9.83222142008312,2.6691039570522563,1213.4821821924074,12.58041814700267,0.9877606392870196,0.0,0.0028611820912739,0.0,0.0035180322194831,0.0,0.0023863441721803,0.0034738022300429,0.4659595692560606,0.0,0.3260502792662607,0.0,0.1180594570996621,0.0,0.0884277559027958,0.0015029384752208,21.374702109895857,0.7213077069188686,1.0,0.0,4.852684295356683,0.0,4.879925371638606,0.0,3.981763885786548,1.002085580002022,22.53960113748808,1221.920496490378,7.249541730897533,302.7106577576344,2.6239816647333654
14,200.0,6.648602547624959,0.98,0.0,0.0076679066242914,0.0,0.0052215831184178,0.0,0.0036660202758488,0.0034444899814419,301.55,77.24,0.663239927043608,0.0860771950754137,9.83222142008312,2.6691039570522563,1212.1928142722493,13.965963046758118,0.9860274885195436,0.0,0.0037465421302745,0.0,0.0040111396686312,0.0,0.0027478932250026,0.0034669364565477,0.4141988088089228,0.0,0.3757669406772199,0.0,0.1188460792145967,0.0,0.0898507350785618,0.0013374362206989,21.13267735267856,0.7298471019074093,1.0,0.0,4.769315938806254,0.0,4.809403546534169,0.0,3.916295792942504,1.0020675467792564,22.53960113748808,1221.920496490378,7.249541730897533,302.7106577576344,2.6239816647333654
14,200.0,7.4444822657395,0.98,0.0,0.0076679066242914,0.0,0.0052215831184178,0.0,0.0036660202758488,0.0034444899814419,301.55,77.24,0.663239927043608,0.0963811789971452,9.83222142008312,2.6691039570522563,1211.02025105731,15.371571094634216,0.9844056404438624,0.0,0.0046791309564045,0.0,0.004409345746194,0.0,0.0030451435416607,0.0034607393118781,0.3735184269270563,0.0,0.4191035177957369,0.0,0.1170343843426144,0.0,0.0891360678734321,0.0012076030611601,20.902013182888965,0.7381400626613662,1.0,0.0,4.690805319774416,0.0,4.743280740159414,0.0,3.855520778367616,1.0020601882065792,22.53960113748808,1221.920496490378,7.249541730897533,302.7106577576344,2.6239816647333654
14,200.0,8.24036198385404,0.98,0.0,0.0076679066242914,0.0,0.0052215831184178,0.0,0.0036660202758488,0.0034444899814419,301.55,77.24,0.663239927043608,0.1066851629188767,9.83222142008312,2.6691039570522563,1209.939755949477,16.794361628723188,0.9828721506281868,0.0,0.005648723779533,0.0,0.0047334993400782,0.0,0.0032906168731206,0.0034550093790811,0.3407151580548172,0.0,0.4570987174953282,0.0,0.1138595347737524,0.0,0.0872235129169241,0.0011030767591778,20.680613646516264,0.7461977194235964,1.0,0.0,4.615923926713759,0.0,4.680818383363181,0.0,3.7986064973584432,1.0020606428846466,22.53960113748808,1221.920496490378,7.249541730897533,302.7106577576344,2.6239816647333654
14,200.0,9.03624170196858,0.98,0.0,0.0076679066242914,0.0,0.0052215831184178,0.0,0.0036660202758488,0.0034444899814419,301.55,77.24,0.663239927043608,0.1169891468406082,9.83222142008312,2.6691039570522563,1208.9315561191615,18.232098727618904,0.9814084925241068,0.0,0.0066470850195973,0.0,0.0050000278160847,0.0,0.003494773423742,0.0034496212164691,0.3137118853624785,0.0,0.4905680929808116,0.0,0.1100284331036974,0.0,0.0846744319464876,0.0010171566065248,20.46682528425493,0.7540708493957006,1.0,0.0,4.544529245716368,0.0,4.621813016037251,0.0,3.744906707353074,1.0020679001062067,22.53960113748808,1221.920496490378,7.249541730897533,302.7106577576344,2.6239816647333654
14,200.0,9.83212142008312,0.98,0.0,0.0076679066242914,0.0,0.0052215831184178,0.0,0.0036660202758488,0.0034444899814419,301.55,77.24,0.663239927043608,0.1272931307623397,9.83222142008312,2.6691039570522563,1207.9802931879613,19.683089404553854,0.9800001737573252,0.0,0.0076677773552179,0.0,0.0052215577132975,0.0,0.0036660005623625,0.0034444906117967,0.2911029144672081,0.0,0.5201820578460202,0.0,0.1059454708257385,0.0,0.0818242400551906,0.0009453168058424,20.259372248565285,0.7618048642432996,1.0,0.0,4.475971705373688,0.0,4.565455239163108,0.0,3.6940634344378505,1.0020799879982372,22.53960113748808,1221.920496490378,7.249541730897533,302.7106577576344,2.6239816647333654
14,205.0,3.412583201812989,0.98,0.0,0.0076679066242914,0.0,0.0052215831184178,0.0,0.0036660202758488,0.0034444899814419,301.55,77.24,0.6798209252196982,0.0441815536226435,10.351520021803305,3.412483201812989,1204.5889973852893,9.204772365521096,0.9958744615256336,0.0,4.181445269156095e-05,0.0,9.269240616841956e-05,0.0,5.423378316994896e-05,0.0039367978323366,0.9799734667742918,0.0,0.0076806531873502,0.0,0.005230155756594,0.0,0.0036720571638443,0.0034436671179195,21.12593007793562,0.7110343765265462,1.0,0.0,4.774116005375806,0.0,4.49518568803824,0.0,3.959798971250764,1.000341010511945,21.15779579629945,1206.2779501886548,9.12387059747945,302.7106577576344,3.35468958110042
14,205.0,4.183565070700802,0.98,0.0,0.0076679066242914,0.0,0.0052215831184178,0.0,0.0036660202758488,0.0034444899814419,301.55,77.24,0.6798209252196982,0.0541631935616364,10.351520021803305,3.412483201812989,1202.774190948161,10.421964120368576,0.9939404269944582,0.0,0.0006303875331915,0.0,0.0011902528706751,0.0,0.0007216488012148,0.0035172838004602,0.8079664158638632,0.0,0.0945152917976212,0.0,0.0549707186098411,0.0,0.0400014049818444,0.0025461687468298,20.85282526337893,0.7203154542352174,1.0,0.0,4.684366729101425,0.0,4.422645460197968,0.0,3.886483749370021,1.0002689026108196,21.15779579629945,1206.2779501886548,9.12387059747945,302.7106577576344,3.35468958110042
14,205.0,4.954546939588615,0.98,0.0,0.0076679066242914,0.0,0.0052215831184178,0.0,0.0036660202758488,0.0034444899814419,301.55,77.24,0.6798209252196982,0.0641448335006294,10.351520021803305,3.412483201812989,1201.0035617524914,11.67004238734204,0.9917814613818152,0.0,0.0013030475226861,0.0,0.0021035150693887,0.0,0.0013156815127731,0.0034962945133369,0.6888914042100219,0.0,0.1649374621931229,0.0,0.0822660500070079,0.0,0.0617406338382879,0.0021644497515592,20.59531337633588,0.7292035231634244,1.0,0.0,4.601197752117013,0.0,4.354765808970873,0.0,3.8183164446927176,1.0002353024696753,21.15779579629945,1206.2779501886548,9.12387059747945,302.7106577576344,3.35468958110042
14,205.0,5.725528808476428,0.98,0.0,0.0076679066242914,0.0,0.0052215831184178,0.0,0.0036660202758488,0.0034444899814419,301.55,77.24,0.6798209252196982,0.0741264734396223,10.351520021803305,3.412483201812989,1199.4101154649982,12.946618360617522,0.9897747232123112,0.0,0.0020539028846048,0.0,0.0028538358831232,0.0,0.0018328738564059,0.0034846641635548,0.6017508138524188,0.0,0.2249111266564913,0.0,0.0968455038474832,0.0,0.0746026725147883,0.0018898831288182,20.35281409258728,0.7377237997924488,1.0,0.0,4.524018187260288,0.0,4.291737424939612,0.0,3.755754520692893,1.000206695136775,21.15779579629945,1206.2779501886548,9.12387059747945,302.7106577576344,3.35468958110042
14,205.0,6.49651067736424,0.98,0.0,0.0076679066242914,0.0,0.0052215831184178,0.0,0.0036660202758488,0.0034444899814419,301.55,77.24,0.6798209252196982,0.0841081133786152,10.351520021803305,3.412483201812989,1197.972492704121,14.248092493430615,0.9879078907564453,0.0,0.0028739068158509,0.0,0.0034661714800644,0.0,0.0022761955463457,0.0034758354012935,0.5352454456296397,0.0,0.2772914148545702,0.0,0.1039492141641652,0.0,0.0818323603608098,0.0016815649908147,20.123423736980843,0.7459423490702065,1.0,0.0,4.45139620756872,0.0,4.232995539452413,0.0,3.698046097342621,1.00018229310774,21.15779579629945,1206.2779501886548,9.12387059747945,302.7106577576344,3.35468958110042
14,205.0,7.267492546252053,0.98,0.0,0.0076679066242914,0.0,0.0052215831184178,0.0,0.0036660202758488,0.0034444899814419,301.55,77.24,0.6798209252196982,0.0940897533176081,10.351520021803305,3.412483201812989,1196.6657684520042,15.570987703802484,0.9861609723736754,0.0,0.0037526372588449,0.0,0.0039653053688826,0.0,0.0026527205786948,0.003468364419902,0.4828393999691333,0.0,0.32361116183591,0.0,0.1065971066369113,0.0,0.0854343930088054,0.0015179385492397,19.90517240705201,0.753858909314436,1.0,0.0,4.382871710955881,0.0,4.178060897558458,0.0,3.644452690179404,1.0001612924050785,21.15779579629945,1206.2779501886548,9.12387059747945,302.7106577576344,3.35468958110042
14,205.0,8.038474415139866,0.98,0.0,0.0076679066242914,0.0,0.0052215831184178,0.0,0.0036660202758488,0.0034444899814419,301.55,77.24,0.6798209252196982,0.104071393256601,10.351520021803305,3.412483201812989,1195.4661945111764,16.912247908702668,0.9845136120243528,0.0,0.0046798428151877,0.0,0.0043734890270622,0.0,0.0029713445828918,0.0034617115505052,0.4404914084808332,0.0,0.3648288873025255,0.0,0.1065936209086068,0.0,0.0867000742990331,0.0013860090090013,19.696249284065413,0.7615793966765786,1.0,0.0,4.318017193969741,0.0,4.1264864686204605,0.0,3.5943847830209417,1.0001429781518352,21.15779579629945,1206.2779501886548,9.12387059747945,302.7106577576344,3.35468958110042
14,205.0,8.809456284027679,0.98,0.0,0.0076679066242914,0.0,0.0052215831184178,0.0,0.0036660202758488,0.0034444899814419,301.55,77.24,0.6798209252196982,0.1140530331955939,10.351520021803305,3.412483201812989,1194.353082826118,18.2693491911612,0.9829475051267618,0.0,0.0056463537072681,0.0,0.0047094172620427,0.0,0.0032411142159023,0.0034556096880249,0.4055692232255242,0.0,0.4016425266759958,0.0,0.105036110341348,0.0,0.0864747373345931,0.0012774024225386,19.495102773250835,0.7690805944580362,1.0,0.0,4.255948918835448,0.0,4.077549925101231,0.0,3.5473165112662546,1.000126764219303,21.15779579629945,1206.2779501886548,9.12387059747945,302.7106577576344,3.35468958110042
14,205.0,9.580438152915493,0.98,0.0,0.0076679066242914,0.0,0.0052215831184178,0.0,0.0036660202758488,0.0034444899814419,301.55,77.24,0.6798209252196982,0.1240346731345869,10.351520021803305,3.412483201812989,1193.3093289420017,19.640288257909173,0.9814472145364852,0.0,0.0066444323726097,0.0,0.0049881554981751,0.0,0.0034702947117914,0.0034499028809386,0.3762852266138531,0.0,0.4346167178359751,0.0,0.1025974035680648,0.0,0.0853141875460426,0.0011864644360644,19.3004612185657,0.7764509647829485,1.0,0.0,4.196379968528591,0.0,4.030868386015058,0.0,3.502688969106087,1.0001121904025772,21.15779579629945,1206.2779501886548,9.12387059747945,302.7106577576344,3.35468958110042
14,205.0,10.351420021803303,0.98,0.0,0.0076679066242914,0.0,0.0052215831184178,0.0,0.0036660202758488,0.0034444899814419,301.55,77.24,0.6798209252196982,0.1340163130735798,10.351520021803305,3.412483201812989,1192.3212138839997,21.02351216194446,0.9800001844735344,0.0,0.00766777264111,0.0,0.005221555395396,0.0,0.0036659968232153,0.0034444906667442,0.3513830247038417,0.0,0.4642325977083407,0.0,0.0996912975337677,0.0,0.0835838446982746,0.0011092353557752,19.111310287166848,0.7836754109882144,1.0,0.0,4.139242559540068,0.0,3.986133822969792,0.0,3.460151272807238,1.0000989059613832,21.15779579629945,1206.2779501886548,9.12387059747945,302.7106577576344,3.35468958110042
14,210.0,4.306560092836357,0.98,0.0,0.0076679066242914,0.0,0.0052215831184178,0.0,0.0036660202758488,0.0034444899814419,301.55,77.24,0.6964019233957884,0.0557555682656183,11.061726117419305,4.306460092836358,1188.5624620974213,11.456042478184424,0.9957358968289842,0.0,5.58977392080574e-05,0.0,0.0001178922311271,0.0,6.393087193861309e-05,0.004026382328742,0.9799793227628116,0.0,0.0076779089339726,0.0,0.0052282894554101,0.0,0.0036707534828459,0.0034437253649593,19.760925956023076,0.7409875817848892,1.0,0.0,4.350442711869914,0.0,3.8972787808812375,0.0,3.647768831140934,1.000000001946478,19.793904820789816,1190.2941504876192,11.354703713715036,302.7106577576344,4.233266563955471
14,210.0,5.057122984456685,0.98,0.0,0.0076679066242914,0.0,0.0052215831184178,0.0,0.0036660202758488,0.0034444899814419,301.55,77.24,0.6964019233957884,0.0654728506532455,11.061726117419305,4.306460092836358,1186.8345191260116,12.633856976316109,0.9939580236138632,0.0,0.0006540159359295,0.0,0.0011843003319045,0.0,0.0006738277052306,0.0035298324130721,0.8429239082346472,0.0,0.0765484838626874,0.0,0.0448701007765423,0.0,0.033051130570568,0.002606376555555,19.520584409766,0.7495160197689885,1.0,0.0,4.278508878558158,0.0,3.842344482159081,0.0,3.5900957544302368,1.0000000002840144,19.793904820789816,1190.2941504876192,11.354703713715036,302.7106577576344,4.233266563955471
14,210.0,5.807685876077012,0.98,0.0,0.0076679066242914,0.0,0.0052215831184178,0.0,0.0036660202758488,0.0034444899814419,301.55,77.24,0.6964019233957884,0.0751901330408727,11.061726117419305,4.306460092836358,1185.1050392608602,13.83945561644151,0.9918584418374974,0.0,0.0013302323459412,0.0,0.0020764010712587,0.0,0.0012326768218812,0.0035022479234213,0.7406966574625328,0.0,0.1355621662164096,0.0,0.0686913531850094,0.0,0.0527708883568139,0.002278934779234,19.292213722127137,0.757712527864964,1.0,0.0,4.21158909179821,0.0,3.790502163161262,0.0,3.535735518948912,1.000000000136237,19.793904820789816,1190.2941504876192,11.354703713715036,302.7106577576344,4.233266563955471
14,210.0,6.558248767697339,0.98,0.0,0.0076679066242914,0.0,0.0052215831184178,0.0,0.0036660202758488,0.0034444899814419,301.55,77.24,0.6964019233957884,0.0849074154285,11.061726117419305,4.306460092836358,1183.5300944134317,15.070990781986348,0.9898823883322556,0.0,0.002079546445837,0.0,0.0028156187622828,0.0,0.0017341446181933,0.0034883018414309,0.6617443632294323,0.0,0.1876372690194366,0.0,0.0827040390253327,0.0,0.0658807700830308,0.0020335586427672,19.075556923434043,0.7656428645129651,1.0,0.0,4.148638486064219,0.0,3.742066157888317,0.0,3.4853835604636374,1.0000000000286005,19.793904820789816,1190.2941504876192,11.354703713715036,302.7106577576344,4.233266563955471
14,210.0,7.308811659317667,0.98,0.0,0.0076679066242914,0.0,0.0052215831184178,0.0,0.0036660202758488,0.0034444899814419,301.55,77.24,0.6964019233957884,0.0946246978161272,11.061726117419305,4.306460092836358,1182.0928837117058,16.325205305275187,0.9880246220398068,0.0,0.0028946571302195,0.0,0.0034253034756152,0.0,0.0021771437365715,0.0034782736177868,0.5989564118674955,0.0,0.2343223341163798,0.0,0.0905166707857911,0.0,0.0743642856892547,0.0018402975410788,18.86925023954204,0.7732857649032795,1.0,0.0,4.088997348581453,0.0,3.6965342112386015,0.0,3.4385039960188304,1.0,19.793904820789816,1190.2941504876192,11.354703713715036,302.7106577576344,4.233266563955471
14,210.0,8.059374550937994,0.98,0.0,0.0076679066242914,0.0,0.0052215831184178,0.0,0.0036660202758488,0.0034444899814419,301.55,77.24,0.6964019233957884,0.1043419802037544,11.061726117419305,4.306460092836358,1180.7730341149213,17.599030816054867,0.986270623130267,0.0,0.0037670436526544,0.0,0.0039278977060499,0.0,0.0025643967030339,0.0034700388079945,0.5478455467261792,0.0,0.2765048738256806,0.0,0.0943788965904449,0.0,0.0795869491745175,0.0016837336831777,18.671887244526246,0.7807343911916839,1.0,0.0,4.032464732412751,0.0,3.653554946297455,0.0,3.3945714577214794,1.0,19.793904820789816,1190.2941504876192,11.354703713715036,302.7106577576344,4.233266563955471
14,210.0,8.809937442558322,0.98,0.0,0.0076679066242914,0.0,0.0052215831184178,0.0,0.0036660202758488,0.0034444899814419,301.55,77.24,0.6964019233957884,0.1140592625913817,11.061726117419305,4.306460092836358,1179.550939523978,18.889784728345703,0.98460477652692,0.0,0.0046880680666863,0.0,0.00434340547628,0.0,0.0029009182042708,0.0034628317258428,0.5054427256832882,0.0,0.3147629535899706,0.0,0.0957244741452583,0.0,0.0825156129845262,0.0015542335969567,18.48215857681644,0.7879722578786535,1.0,0.0,3.978597724503172,0.0,3.6127948007147865,0.0,3.3531679642832906,1.0,19.793904820789816,1190.2941504876192,11.354703713715036,302.7106577576344,4.233266563955471
14,210.0,9.560500334178649,0.98,0.0,0.0076679066242914,0.0,0.0052215831184178,0.0,0.0036660202758488,0.0034444899814419,301.55,77.24,0.6964019233957884,0.1237765449790089,11.061726117419305,4.306460092836358,1178.409211876588,20.195235006930822,0.9830125387864772,0.0,0.0056497091611279,0.0,0.0046887530074117,0.0,0.0031927069292663,0.0034562921157167,0.4697059971201369,0.0,0.3495304136574548,0.0,0.0954776858516726,0.0,0.0838405771407108,0.0014453262300246,18.29891571756025,0.7950453809227583,1.0,0.0,3.926867247709989,0.0,3.573957419474285,0.0,3.3139319525637587,1.0,19.793904820789816,1190.2941504876192,11.354703713715036,302.7106577576344,4.233266563955471
14,210.0,10.311063225798977,0.98,0.0,0.0076679066242914,0.0,0.0052215831184178,0.0,0.0036660202758488,0.0034444899814419,301.55,77.24,0.6964019233957884,0.1334938273666361,11.061726117419305,4.306460092836358,1177.3331387306891,21.513584632028035,0.9814812283346204,0.0,0.0066449283755074,0.0,0.0049777775052808,0.0,0.0034458460084614,0.0034502197761297,0.4391852942065147,0.0,0.3811698628848036,0.0,0.0942380148579765,0.0,0.0840543566702677,0.0013524713804375,18.121190971033,0.8020013204193646,1.0,0.0,3.877002086766504,0.0,3.536790554912345,0.0,3.2765618161406054,1.0,19.793904820789816,1190.2941504876192,11.354703713715036,302.7106577576344,4.233266563955471
14,210.0,11.061626117419303,0.98,0.0,0.0076679066242914,0.0,0.0052215831184178,0.0,0.0036660202758488,0.0034444899814419,301.55,77.24,0.6964019233957884,0.1432111097542633,11.061726117419305,4.306460092836358,1176.3106233246133,22.84341649364933,0.980000194164422,0.0,0.007667768891352,0.0,0.0052215532757275,0.0,0.003665992943468,0.0034444907250302,0.4128226938366644,0.0,0.4100021585863765,0.0,0.0923956210501189,0.0,0.0835071462842039,0.0012723802426362,17.94819077020942,0.8088331062506676,1.0,0.0,3.8291069699684472,0.0,3.501130733517724,0.0,3.2408109740916946,1.0,19.793904820789816,1190.2941504876192,11.354703713715036,302.7106577576344,4.233266563955471
14,215.0,5.370206694932775,0.98,0.0,0.0076679066242914,0.0,0.0052215831184178,0.0,0.0036660202758488,0.0034444899814419,301.55,77.24,0.7129829215718786,0.0695262389297355,11.97343957620792,5.370106694932775,1172.1318183846934,14.115498675647572,0.9955992899571012,0.0,7.355727971318771e-05,0.0,0.0001482677939142,0.0,7.501398497489942e-05,0.0041038709842965,0.9799837011634622,0.0,0.0076758415404907,0.0,0.0052268839454046,0.0,0.0036697723199932,0.0034438010306491,18.413760932871188,0.7732420035631691,1.0,0.0,3.974826438615493,0.0,3.4043631033472237,0.0,3.3701401965297304,1.0000000006805527,18.448205290897207,1173.908539729092,13.989350648063478,302.7106577576344,5.278346606766283
14,215.0,6.103888126185569,0.98,0.0,0.0076679066242914,0.0,0.0052215831184178,0.0,0.0036660202758488,0.0034444899814419,301.55,77.24,0.7129829215718786,0.0790249627937023,11.97343957620792,5.370106694932775,1170.471906974107,15.263593208569883,0.9939488988276546,0.0,0.0006814853687859,0.0,0.0011874573338342,0.0,0.0006368407918862,0.0035453176778389,0.8703246386578134,0.0,0.0625997177409641,0.0,0.0369405172501111,0.0,0.027483409632439,0.002651716718672,18.200703905978333,0.7811591472081091,1.0,0.0,3.9168658435705153,0.0,3.362462109046739,0.0,3.32428177286499,1.000000000100568,18.448205290897207,1173.908539729092,13.989350648063478,302.7106577576344,5.278346606766283
14,215.0,6.837569557438363,0.98,0.0,0.0076679066242914,0.0,0.0052215831184178,0.0,0.0036660202758488,0.0034444899814419,301.55,77.24,0.7129829215718786,0.0885236866576691,11.97343957620792,5.370106694932775,1168.7772910165695,16.436756797306202,0.9919033373724286,0.0,0.0013622775522099,0.0,0.002060559770666,0.0,0.0011642135944167,0.0035096117102788,0.7836086584462012,0.0,0.1117035156355215,0.0,0.0573748235521298,0.0,0.0449429458221897,0.0023700565439577,17.99707666584336,0.7888413316250287,1.0,0.0,3.8624498142175647,0.0,3.3224960485624493,0.0,3.28064862621965,1.0,18.448205290897207,1173.908539729092,13.989350648063478,302.7106577576344,5.278346606766283
14,215.0,7.571250988691155,0.98,0.0,0.0076679066242914,0.0,0.0052215831184178,0.0,0.0036660202758488,0.0034444899814419,301.55,77.24,0.7129829215718786,0.0980224105216359,11.97343957620792,5.370106694932775,1167.218910427855,17.633783820876566,0.9899574970804772,0.0,0.0021113521217186,0.0,0.0027888609903469,0.0,0.0016495530051471,0.00349273680231,0.7135915977760535,0.0,0.1563310490723077,0.0,0.0703079808302364,0.0,0.0576157045572283,0.0021536677641739,17.802728234538105,0.7962797504902447,1.0,0.0,3.81076731537983,0.0,3.2847533646991685,0.0,3.239747803657062,1.0,18.448205290897207,1173.908539729092,13.989350648063478,302.7106577576344,5.278346606766283
14,215.0,8.30493241994395,0.98,0.0,0.0076679066242914,0.0,0.0052215831184178,0.0,0.0036660202758488,0.0034444899814419,301.55,77.24,0.7129829215718786,0.1075211343856026,11.97343957620792,5.370106694932775,1165.783357709435,18.85168827072463,0.9881121049062728,0.0,0.0029226086468466,0.0,0.0033945953945689,0.0,0.0020894989807446,0.0034811920715672,0.655897217210122,0.0,0.1972567121718911,0.0,0.0782151910985749,0.0,0.066652747490839,0.001978132028573,17.61663195954574,0.803490629581745,1.0,0.0,3.761531477033834,0.0,3.2490276866663006,0.0,3.201288061297358,1.0,18.448205290897207,1173.908539729092,13.989350648063478,302.7106577576344,5.278346606766283
14,215.0,9.038613851196745,0.98,0.0,0.0076679066242914,0.0,0.0052215831184178,0.0,0.0036660202758488,0.0034444899814419,301.55,77.24,0.7129829215718786,0.1170198582495694,11.97343957620792,5.370106694932775,1164.4534077444036,20.08770780610712,0.9863565104702896,0.0,0.0037889919443708,0.0,0.0038985463746427,0.0,0.0024839433907729,0.0034720078199237,0.6075493333946727,0.0,0.2349473809513087,0.0,0.0827430344659066,0.0,0.072928129712003,0.0018321214761089,17.437746627298907,0.810530997667911,1.0,0.0,3.714721898988668,0.0,3.215098330142091,0.0,3.16497220993123,1.0,18.448205290897207,1173.908539729092,13.989350648063478,302.7106577576344,5.278346606766283
14,215.0,9.77229528244954,0.98,0.0,0.0076679066242914,0.0,0.0052215831184178,0.0,0.0036660202758488,0.0034444899814419,301.55,77.24,0.7129829215718786,0.1265185821135362,11.97343957620792,5.370106694932775,1163.212462532042,21.33944629219357,0.9846785176776454,0.0,0.0047032538296475,0.0,0.0043190394913373,0.0,0.0028350600257821,0.0034641289755875,0.5664567708678742,0.0,0.2697193029053556,0.0,0.0849991604820518,0.0,0.0771162044516921,0.0017085612930261,17.265104712145114,0.8174112281898303,1.0,0.0,3.6697710548531535,0.0,3.182806295764213,0.0,3.1305260931827097,1.0,18.448205290897207,1173.908539729092,13.989350648063478,302.7106577576344,5.278346606766283
14,215.0,10.505976713702331,0.98,0.0,0.0076679066242914,0.0,0.0052215831184178,0.0,0.0036660202758488,0.0034444899814419,301.55,77.24,0.7129829215718786,0.136017305977503,11.97343957620792,5.370106694932775,1162.0457082597331,22.60490673467269,0.9830664823920242,0.0,0.0056584962086076,0.0,0.0046715899246497,0.0,0.0031463590030622,0.0034570724716562,0.5311080772739398,0.0,0.3018186597439544,0.0,0.0857332152344101,0.0,0.0797374656929728,0.0016025820547229,17.097848777625067,0.8241597763158595,1.0,0.0,3.6264572699441335,0.0,3.151956068906982,0.0,3.097786907302873,1.0,18.448205290897207,1173.908539729092,13.989350648063478,302.7106577576344,5.278346606766283
14,215.0,11.239658144955127,0.98,0.0,0.0076679066242914,0.0,0.0052215831184178,0.0,0.0036660202758488,0.0034444899814419,301.55,77.24,0.7129829215718786,0.1455160298414698,11.97343957620792,5.370106694932775,1160.9404508358796,23.882468629574333,0.98151002007777,0.0,0.0066484825989795,0.0,0.0049689783939148,0.0,0.0034219405067276,0.003450578422608,0.5003840790128791,0.0,0.3314596230221858,0.0,0.085454455099236,0.0,0.0811911770500842,0.0015106658156148,16.9352437274234,0.8307900623069401,1.0,0.0,3.58460769239452,0.0,3.1223255090240603,0.0,3.066464768769388,1.0,18.448205290897207,1173.908539729092,13.989350648063478,302.7106577576344,5.278346606766283
14,215.0,11.973339576207922,0.98,0.0,0.0076679066242914,0.0,0.0052215831184178,0.0,0.0036660202758488,0.0034444899814419,301.55,77.24,0.7129829215718786,0.1550147537054366,11.97343957620792,5.370106694932775,1159.886079438391,25.17083942869927,0.9800002027455156,0.0,0.0076677660715585,0.0,0.0052215513841944,0.0,0.0036659890110886,0.0034444907876428,0.4734385879705603,0.0,0.3588401171187222,0.0,0.0845098126826529,0.0,0.0817812921605458,0.0014301900675185,16.7766743925649,0.8373205071346143,1.0,0.0,3.5442684880036843,0.0,3.093775013572194,0.0,3.0363844307209686,1.0,18.448205290897207,1173.908539729092,13.989350648063478,302.7106577576344,5.278346606766283
14,220.0,6.623496606036422,0.98,0.0,0.0076679066242914,0.0,0.0052215831184178,0.0,0.0036660202758488,0.0034444899814419,301.55,77.24,0.7295639197479687,0.0857521569916678,13.099519781206176,6.623396606036422,1155.2282834008638,17.236763682606053,0.995462501990756,0.0,9.543186788326424e-05,0.0,0.0001845590604832,0.0,8.767853991344815e-05,0.004169828540964,0.9799870178992568,0.0,0.00767426436835,0.0,0.0052258121334766,0.0,0.0036690246016,0.0034438809973164,17.084871703333327,0.8080740071538706,1.0,0.0,3.640623770565532,0.0,2.995259407288306,0.0,3.121905692546465,1.0,17.121140165384258,1157.0541060432145,17.08052563899556,302.7106577576344,6.509407158415541
14,220.0,7.343043625499728,0.98,0.0,0.0076679066242914,0.0,0.0052215831184178,0.0,0.0036660202758488,0.0034444899814419,301.55,77.24,0.7295639197479687,0.0950678874352631,13.099519781206176,6.623396606036422,1153.6204408106607,18.363443089581217,0.9939146222670004,0.0,0.000713149457301,0.0,0.0011992788257801,0.0,0.0006091034195407,0.0035638460303779,0.891804525297076,0.0,0.0517494560919303,0.0,0.0307162770944169,0.0,0.0230417696203969,0.0026879718961798,16.89486684484226,0.8155534000599538,1.0,0.0,3.593492928394588,0.0,2.9627990765269367,0.0,3.0849181654316085,1.0,17.121140165384258,1157.0541060432145,17.08052563899556,302.7106577576344,6.509407158415541
14,220.0,8.062590644963034,0.98,0.0,0.0076679066242914,0.0,0.0052215831184178,0.0,0.0036660202758488,0.0034444899814419,301.55,77.24,0.7295639197479687,0.1043836178788585,13.099519781206176,6.623396606036422,1151.9551860863223,19.512736321472826,0.9919189059549572,0.0,0.0013991175510995,0.0,0.0020549147887466,0.0,0.0011085398115707,0.0035185218936258,0.8187808185700511,0.0,0.0924616827272626,0.0,0.0480550174872318,0.0,0.0382593720928841,0.0024431091225701,16.71248311219984,0.8228057841208525,1.0,0.0,3.5487984128826064,0.0,2.9317363699091428,0.0,3.049546616226216,1.0,17.121140165384258,1157.0541060432145,17.08052563899556,302.7106577576344,6.509407158415541
14,220.0,8.78213766442634,0.98,0.0,0.0076679066242914,0.0,0.0052215831184178,0.0,0.0036660202758488,0.0034444899814419,301.55,77.24,0.7295639197479687,0.1136993483224539,13.099519781206176,6.623396606036422,1150.4110886193305,20.684175306318902,0.9900026157564368,0.0,0.0021488470862088,0.0,0.0027724137430608,0.0,0.001578053489253,0.0034980699250404,0.7576346464402057,0.0,0.1303605757607177,0.0,0.0596683825697114,0.0,0.0500830259899495,0.0022533692394154,16.537556278730627,0.8298545548176791,1.0,0.0,3.506122388153367,0.0,2.9022195594282625,0.0,3.016132808331915,1.0,17.121140165384258,1157.0541060432145,17.08052563899556,302.7106577576344,6.509407158415541
14,220.0,9.501684683889646,0.98,0.0,0.0076679066242914,0.0,0.0052215831184178,0.0,0.0036660202758488,0.0034444899814419,301.55,77.24,0.7295639197479687,0.1230150787660493,13.099519781206176,6.623396606036422,1148.9774982413844,21.87501054485206,0.9881720112449556,0.0,0.0029570319819458,0.0,0.0033731638259385,0.0,0.0020131318139807,0.0034846611331794,0.7057085727557171,0.0,0.1657871860141142,0.0,0.067263294844276,0.0,0.0591447906411345,0.0020961557447583,16.36927808686984,0.8367560842074042,1.0,0.0,3.4654708999648016,0.0,2.874109693411267,0.0,2.9844818401347992,1.0,17.121140165384258,1157.0541060432145,17.08052563899556,302.7106577576344,6.509407158415541
14,220.0,10.221231703352952,0.98,0.0,0.0076679066242914,0.0,0.0052215831184178,0.0,0.0036660202758488,0.0034444899814419,301.55,77.24,0.7295639197479687,0.1323308092096446,13.099519781206176,6.623396606036422,1147.6394298523396,23.08272139013822,0.986419321299096,0.0,0.0038177057046444,0.0,0.0038767289531902,0.0,0.0024119257380869,0.0034743183049822,0.6610752207436975,0.0,0.1989536237862806,0.0,0.0720366400057418,0.0,0.0659719565246793,0.0019625589396006,16.206848304809196,0.8435017043677832,1.0,0.0,3.4264023249103523,0.0,2.8472636843144925,0.0,2.9543946345059497,1.0,17.121140165384258,1157.0541060432145,17.08052563899556,302.7106577576344,6.509407158415541
14,220.0,10.940778722816258,0.98,0.0,0.0076679066242914,0.0,0.0052215831184178,0.0,0.0036660202758488,0.0034444899814419,301.55,77.24,0.7295639197479687,0.14164653965324,13.099519781206176,6.623396606036422,1146.3824551786793,24.305136994082726,0.9847348037305776,0.0,0.0047247559893352,0.0,0.0043001694651057,0.0,0.0027746383100364,0.0034656325049449,0.6223073973854949,0.0,0.230009374276969,0.0,0.0748301385077964,0.0,0.0710058200685987,0.0018472697611408,16.049532139846544,0.8501085997022962,1.0,0.0,3.388741870554535,0.0,2.8215457167363587,0.0,2.9256875928747066,1.0,17.121140165384258,1157.0541060432145,17.08052563899556,302.7106577576344,6.509407158415541
14,220.0,11.660325742279564,0.98,0.0,0.0076679066242914,0.0,0.0052215831184178,0.0,0.0036660202758488,0.0034444899814419,301.55,77.24,0.7295639197479687,0.1509622700968353,13.099519781206176,6.623396606036422,1145.1937116728448,25.540450217927347,0.983108975122041,0.0,0.0056723008139042,0.0,0.0046578876747021,0.0,0.0031028694131662,0.0034579669761864,0.5883267365293968,0.0,0.2590772649089425,0.0,0.0762367650921777,0.0,0.0746125951292303,0.0017466383402525,15.8966788168902,0.8565972896298633,1.0,0.0,3.352335817713493,0.0,2.7968327296666917,0.0,2.898198113320437,1.0,17.121140165384258,1157.0541060432145,17.08052563899556,302.7106577576344,6.509407158415541
14,220.0,12.37987276174287,0.98,0.0,0.0076679066242914,0.0,0.0052215831184178,0.0,0.0036660202758488,0.0034444899814419,301.55,77.24,0.7295639197479687,0.1602780005404307,13.099519781206176,6.623396606036422,1144.0621322963807,26.787189242391403,0.9815332676408288,0.0,0.0066549192768019,0.0,0.0049617821203932,0.0,0.0033990453457068,0.0034509856162691,0.5583036717980215,0.0,0.2862709590701605,0.0,0.0766749445621689,0.0,0.0770924363593483,0.0016579882103004,15.747726420219688,0.8629855143694108,1.0,0.0,3.3171450014220856,0.0,2.7730163661597333,0.0,2.871785598151945,1.0,17.121140165384258,1157.0541060432145,17.08052563899556,302.7106577576344,6.509407158415541
14,220.0,13.099419781206176,0.98,0.0,0.0076679066242914,0.0,0.0052215831184178,0.0,0.0036660202758488,0.0034444899814419,301.55,77.24,0.7295639197479687,0.1695937309840261,13.099519781206176,6.623396606036422,1142.9783872864912,28.044171968675645,0.9800002101829388,0.0,0.0076677641146315,0.0,0.005221549736023,0.0,0.0036659851106877,0.0034444908557185,0.5315897940922274,0.0,0.3117020314755908,0.0,0.0764405248839432,0.0,0.0786883659114958,0.0015792836367426,15.602199301865184,0.8693013263784323,1.0,0.0,3.283037879389361,0.0,2.7500029384814466,0.0,2.846330274780795,1.0,17.121140165384258,1157.0541060432145,17.08052563899556,302.7106577576344,6.509407158415541
14,225.0,8.087275876201982,0.98,0.0,0.0076679066242914,0.0,0.0052215831184178,0.0,0.0036660202758488,0.0034444899814419,301.55,77.24,0.746144917924059,0.1047032091688501,14.454668634815365,8.087175876201982,1137.774580856666,20.880352270981323,0.9953231977525115,0.0,0.0001222453883232,0.0,0.0002275785895252,0.0,0.0001021614705755,0.0042248167990644,0.9799895613327776,0.0,0.0076730469773618,0.0,0.0052249851988599,0.0,0.0036684480938993,0.0034439583971012,15.774873548290923,0.8458850929113133,1.0,0.0,3.34194416086888,0.0,2.653815699963022,0.0,2.898986139997094,1.0,15.813326197117547,1139.6555629264626,20.687604017864448,302.7106577576344,7.946729358776584
14,225.0,8.794752849381247,0.98,0.0,0.0076679066242914,0.0,0.0052215831184178,0.0,0.0036660202758488,0.0034444899814419,301.55,77.24,0.746144917924059,0.113862672829897,14.454668634815365,8.087175876201982,1136.2052594819395,21.99289099785141,0.9938561357694274,0.0,0.0007494732693066,0.0,0.0012195520125595,0.0,0.0005894351673545,0.0035854037813518,0.9087003949433134,0.0,0.0432681326923567,0.0,0.0258148597736496,0.0,0.0194972236365238,0.0027193889541564,15.604626835055894,0.853026948380559,1.0,0.0,3.303235667447582,0.0,2.628485097027725,0.0,2.8687640397941463,1.0,15.813326197117547,1139.6555629264626,20.687604017864448,302.7106577576344,7.946729358776584
14,225.0,9.502229822560512,0.98,0.0,0.0076679066242914,0.0,0.0052215831184178,0.0,0.0036660202758488,0.0034444899814419,301.55,77.24,0.746144917924059,0.1230221364909439,14.454668634815365,8.087175876201982,1134.5645827780695,23.12576050936458,0.9919072564211724,0.0,0.0014408406083918,0.0,0.002058645601992,0.0,0.0010641790405671,0.0035290783278763,0.8474580157371084,0.0,0.0769825880832189,0.0,0.0404288550287788,0.0,0.0326276204852852,0.0025029206656087,15.440690938535887,0.85998578227061,1.0,0.0,3.2664037668566546,0.0,2.604084799246024,0.0,2.8397693865562137,1.0,15.813326197117547,1139.6555629264626,20.687604017864448,302.7106577576344,7.946729358776584
14,225.0,10.209706795739775,0.98,0.0,0.0076679066242914,0.0,0.0052215831184178,0.0,0.0036660202758488,0.0034444899814419,301.55,77.24,0.746144917924059,0.1321816001519909,14.454668634815365,8.087175876201982,1133.032368250784,24.279313035683824,0.9900200217867456,0.0,0.00219172946582,0.0,0.002765284976672,0.0,0.0015185769335151,0.003504386837247,0.794632143209927,0.0,0.108975792462561,0.0,0.0506624745519209,0.0,0.0433931764056943,0.0023364133698966,15.282828596783215,0.8667726739497574,1.0,0.0,3.2311470268564517,0.0,2.5807800714551585,0.0,2.81222185207322,1.0,15.813326197117547,1139.6555629264626,20.687604017864448,302.7106577576344,7.946729358776584
14,225.0,10.917183768919042,0.98,0.0,0.0076679066242914,0.0,0.0052215831184178,0.0,0.0036660202758488,0.0034444899814419,301.55,77.24,0.746144917924059,0.1413410638130378,14.454668634815365,8.087175876201982,1131.6003763424471,25.451024598460844,0.9882061254035684,0.0,0.0029973332484445,0.0,0.0033601460563404,0.0,0.0019476509676367,0.0034887443240096,0.7486217049342226,0.0,0.1393584733091626,0.0,0.0577062957707996,0.0,0.0521168227281944,0.0021967032576206,15.130379402128373,0.8734083514456323,1.0,0.0,3.1972236637190523,0.0,2.558477044298872,0.0,2.786012772714406,1.0,15.813326197117547,1139.6555629264626,20.687604017864448,302.7106577576344,7.946729358776584
14,225.0,11.624660742098309,0.98,0.0,0.0076679066242914,0.0,0.0052215831184178,0.0,0.0036660202758488,0.0034444899814419,301.55,77.24,0.746144917924059,0.1505005274740847,14.454668634815365,8.087175876201982,1130.2552992066323,26.63857826000812,0.986460110781086,0.0,0.0038524671570125,0.0,0.0038618441940891,0.0,0.0023485635193704,0.0034770143484416,0.7081978222275259,0.0,0.1681983977424468,0.0,0.0624311284897757,0.0,0.0590965891416765,0.002076062398575,14.982706812235223,0.879930911479888,1.0,0.0,3.1644947143293654,0.0,2.537077805156488,0.0,2.760957538333791,1.0,15.813326197117547,1139.6555629264626,20.687604017864448,302.7106577576344,7.946729358776584
14,225.0,12.33213771527757,0.98,0.0,0.0076679066242914,0.0,0.0052215831184178,0.0,0.0036660202758488,0.0034444899814419,301.55,77.24,0.746144917924059,0.1596599911351316,14.454668634815365,8.087175876201982,1128.984294029933,27.839987902005184,0.9847740355419082,0.0,0.0047519080060282,0.0,0.0042864581479854,0.0,0.002720227584591,0.003467370719487,0.6724081472970143,0.0,0.1955461512660188,0.0,0.0654718304488257,0.0,0.0646035905187027,0.0019702804694383,14.839236271589762,0.8863493079423841,1.0,0.0,3.1328363239533896,0.0,2.516490781012998,0.0,2.736928749059249,1.0,15.813326197117547,1139.6555629264626,20.687604017864448,302.7106577576344,7.946729358776584
14,225.0,13.039614688456837,0.98,0.0,0.0076679066242914,0.0,0.0052215831184178,0.0,0.0036660202758488,0.0034444899814419,301.55,77.24,0.746144917924059,0.1688194547961786,14.454668634815365,8.087175876201982,1127.7759598632742,29.053603119477827,0.9831400035334824,0.0,0.0056906387908531,0.0,0.0046475061307493,0.0,0.0030628597121963,0.0034589918327186,0.6405044340705155,0.0,0.2214490871068524,0.0,0.0672904915567005,0.0,0.0688794299806556,0.001876557285276,14.69946306926434,0.8926678917150646,1.0,0.0,3.102207222104172,0.0,2.496633581916966,0.0,2.713813863559707,1.0,15.813326197117547,1139.6555629264626,20.687604017864448,302.7106577576344,7.946729358776584
14,225.0,13.7470916616361,0.98,0.0,0.0076679066242914,0.0,0.0052215831184178,0.0,0.0036660202758488,0.0034444899814419,301.55,77.24,0.746144917924059,0.1779789184572255,14.454668634815365,8.087175876201982,1126.6205018962276,30.278077838632047,0.981550831587754,0.0,0.0066639992963741,0.0,0.0049561583152062,0.0,0.0033775625132899,0.0034514482873754,0.6118910556270857,0.0,0.2459576536515649,0.0,0.0682234234807852,0.0,0.0721350167227717,0.0017928505177923,14.562951910944408,0.8989010365163623,1.0,0.0,3.0725033707553684,0.0,2.477433610843541,0.0,2.6915153091990645,1.0,15.813326197117547,1139.6555629264626,20.687604017864448,302.7106577576344,7.946729358776584
14,225.0,14.454568634815365,0.98,0.0,0.0076679066242914,0.0,0.0052215831184178,0.0,0.0036660202758488,0.0034444899814419,301.55,77.24,0.746144917924059,0.1871383821182724,14.454668634815365,8.087175876201982,1125.5096451919997,31.51232668454141,0.9800002164940498,0.0,0.007667762926113,0.0,0.0052215483319552,0.0,0.0036659813173384,0.0034444909305435,0.5860881608587183,0.0,0.2691273500663466,0.0,0.0685156988694979,0.0,0.0745511946741193,0.0017175955313178,14.429333079715896,0.905071187609468,1.0,0.0,3.0435780884622523,0.0,2.45882767628912,0.0,2.669949358831348,1.0,15.813326197117547,1139.6555629264626,20.687604017864448,302.7106577576344,7.946729358776584
14,230.0,9.783253815093694,0.98,0.0,0.0076679066242914,0.0,0.0052215831184178,0.0,0.0036660202758488,0.0034444899814419,301.55,77.24,0.7627259161001492,0.1266604585071685,16.05512169227682,9.783153815093694,1119.6825336235304,25.115429608525407,0.9951788210944466,0.0,0.0001548277666897,0.0,0.000278223967628,0.0,0.000118753662688,0.0042693735085477,0.9799915342761276,0.0,0.0076720969135533,0.0,0.0052243401911386,0.0,0.003667998702201,0.0034440299169794,14.484573624438315,0.8871828735645757,1.0,0.0,3.073963393738119,0.0,2.3670910098820186,0.0,2.697647181792844,1.0,14.52556748614066,1121.6270137216943,24.87830228106012,302.7106577576344,9.61137473881863
14,230.0,10.480116912558486,0.98,0.0,0.0076679066242914,0.0,0.0052215831184178,0.0,0.0036660202758488,0.0034444899814419,301.55,77.24,0.7627259161001492,0.1356825079305863,16.05512169227682,9.783153815093694,1118.1402320667503,26.220326715190254,0.9937738425785108,0.0,0.0007910479713344,0.0,0.0012482678109862,0.0,0.0005769952880287,0.0036098463511397,0.9220643464515706,0.0,0.0365934078523089,0.0,0.0219341756849373,0.0,0.016659103395297,0.0027489666158859,14.331505292499994,0.8940867680620265,1.0,0.0,3.042128200356057,0.0,2.3471281269809725,0.0,2.6727534435619558,1.0,14.52556748614066,1121.6270137216943,24.87830228106012,302.7106577576344,9.61137473881863
14,230.0,11.17698001002328,0.98,0.0,0.0076679066242914,0.0,0.0052215831184178,0.0,0.0036660202758488,0.0034444899814419,301.55,77.24,0.7627259161001492,0.1447045573540041,16.05512169227682,9.783153815093694,1116.5199517551814,27.343385398482692,0.9918698605903398,0.0,0.0014876947012773,0.0,0.0020711626591625,0.0,0.0010299422325555,0.0035413398166649,0.8708082678422336,0.0,0.0645201366770356,0.0,0.0342025357044419,0.0,0.0279154986466823,0.0025535611296064,14.183776399171798,0.9008418180131736,1.0,0.0,3.011585769883964,0.0,2.327847849384702,0.0,2.648854241763871,1.0,14.52556748614066,1121.6270137216943,24.87830228106012,302.7106577576344,9.61137473881863
14,230.0,11.873843107488067,0.98,0.0,0.0076679066242914,0.0,0.0052215831184178,0.0,0.0036660202758488,0.0034444899814419,301.55,77.24,0.7627259161001492,0.1537266067774219,16.05512169227682,9.783153815093694,1114.997211386344,28.48584166336082,0.9900115783842351,0.0,0.0022398781398475,0.0,0.00276665225798,0.0,0.0014701353931429,0.0035117558247941,0.825512222247262,0.0,0.091427332556644,0.0,0.0431034034078982,0.0,0.0375505250672448,0.0024065167209508,14.041054267944324,0.9074535714424564,1.0,0.0,2.982166732612153,0.0,2.309356170343184,0.0,2.626027971742069,1.0,14.52556748614066,1121.6270137216943,24.87830228106012,302.7106577576344,9.61137473881863
14,230.0,12.57070620495286,0.98,0.0,0.0076679066242914,0.0,0.0052215831184178,0.0,0.0036660202758488,0.0034444899814419,301.55,77.24,0.7627259161001492,0.1627486562008397,16.05512169227682,9.783153815093694,1113.5659720603012,29.645402411318543,0.9882161286020548,0.0,0.0030430833286148,0.0,0.0033547481301038,0.0,0.0018925428379019,0.0034934971013247,0.7852171369245585,0.0,0.1173103387698419,0.0,0.0494793450797223,0.0,0.0457105195399675,0.0022826596859094,13.902783359080866,0.913937307148067,1.0,0.0,2.9537566303656373,0.0,2.2915852847196563,0.0,2.6041694773313657,1.0,14.52556748614066,1121.6270137216943,24.87830228106012,302.7106577576344,9.61137473881863
14,230.0,13.267569302417654,0.98,0.0,0.0076679066242914,0.0,0.0052215831184178,0.0,0.0036660202758488,0.0034444899814419,301.55,77.24,0.7627259161001492,0.1717707056242575,16.05512169227682,9.783153815093694,1112.2142691837896,30.819934649948703,0.9864800806764956,0.0,0.0038926690295321,0.0,0.0038532713544058,0.0,0.0022938424973785,0.0034801364421879,0.7491470042771942,0.0,0.1421608167938738,0.0,0.0539677153927706,0.0,0.0525498793878363,0.002174584148325,13.768442712181148,0.9203275183592048,1.0,0.0,2.9262759900689024,0.0,2.274465751173256,0.0,2.583176225713199,1.0,14.52556748614066,1121.6270137216943,24.87830228106012,302.7106577576344,9.61137473881863
14,230.0,13.964432399882444,0.98,0.0,0.0076679066242914,0.0,0.0052215831184178,0.0,0.0036660202758488,0.0034444899814419,301.55,77.24,0.7627259161001492,0.1807927550476753,16.05512169227682,9.783153815093694,1110.9304598690017,32.00761209266209,0.9847968810009406,0.0,0.0047840827765302,0.0,0.0042775011690637,0.0,0.0026721643590912,0.003469370694374,0.7166760456909511,0.0,0.1659749188212355,0.0,0.0570467987214249,0.0,0.0582235692254118,0.0020786675409763,13.6375706831425,0.9266197487622818,1.0,0.0,2.8996845854029427,0.0,2.2579337945617697,0.0,2.5629560855073974,1.0,14.52556748614066,1121.6270137216943,24.87830228106012,302.7106577576344,9.61137473881863
14,230.0,14.661295497347236,0.98,0.0,0.0076679066242914,0.0,0.0052215831184178,0.0,0.0036660202758488,0.0034444899814419,301.55,77.24,0.7627259161001492,0.1898148044710931,16.05512169227682,9.783153815093694,1109.7042468207685,33.20691875111941,0.9831598113908208,0.0,0.0057130082316426,0.0,0.0046402337808004,0.0,0.0030267836416722,0.0034601629550636,0.6872955456410407,0.0,0.1887570276426181,0.0,0.0590740191066969,0.0,0.0628807603569974,0.001992647252647,13.509766559724904,0.9328277933295084,1.0,0.0,2.87382512840996,0.0,2.2419326982452183,0.0,2.543428465514628,1.0,14.52556748614066,1121.6270137216943,24.87830228106012,302.7106577576344,9.61137473881863
14,230.0,15.358158594812028,0.98,0.0,0.0076679066242914,0.0,0.0052215831184178,0.0,0.0036660202758488,0.0034444899814419,301.55,77.24,0.7627259161001492,0.198836853894511,16.05512169227682,9.783153815093694,1108.52681716175,34.4166173670401,0.9815627254826804,0.0,0.0066754482832411,0.0,0.0049520326688964,0.0,0.0033578201535524,0.0034519734116296,0.6605881523654168,0.0,0.2105205227290336,0.0,0.0603161010401913,0.0,0.0666603027617641,0.001914921103594,13.3846870553897,0.9389754452920992,1.0,0.0,2.8486307683646985,0.0,2.2264127929695565,0.0,2.524538848793136,1.0,14.52556748614066,1121.6270137216943,24.87830228106012,302.7106577576344,9.61137473881863
14,230.0,16.05502169227682,0.98,0.0,0.0076679066242914,0.0,0.0052215831184178,0.0,0.0036660202758488,0.0034444899814419,301.55,77.24,0.7627259161001492,0.2078589033179288,16.05512169227682,9.783153815093694,1107.3907386170115,35.63570797985801,0.9800002217444036,0.0,0.0076677623907362,0.0,0.0052215471594552,0.0,0.0036659776918291,0.0034444910135758,0.6362084209381228,0.0,0.231286996473515,0.0,0.0609722056208667,0.0,0.0696881030698796,0.0018442738976159,13.262041439868046,0.9450701569500096,1.0,0.0,2.8240440382098217,0.0,2.211330908983731,0.0,2.506214330230868,1.0,14.52556748614066,1121.6270137216943,24.87830228106012,302.7106577576344,9.61137473881863
14,235.0,11.734017819861512,0.98,0.0,0.0076679066242914,0.0,0.0052215831184178,0.0,0.0036660202758488,0.0034444899814419,301.55,77.24,0.7793069142762394,0.1519163363524276,17.918419323643892,11.733917819861512,1100.8498899579324,30.022185926714524,0.9950265459343586,0.0,0.0001941463537039,0.0,0.0003374960661276,0.0,0.0001378170217991,0.0043039946240107,0.9799930813058244,0.0,0.0076713477784913,0.0,0.0052238319056499,0.0,0.0036676447715519,0.003444094238482,13.214990921893875,0.9326242486870984,1.0,0.0,2.832782065892128,0.0,2.1251775370619304,0.0,2.514968197870538,1.0,13.258875583506692,1102.8688895247462,29.73094022392497,302.7106577576344,11.525181126674264
14,235.0,12.421162431392888,0.98,0.0,0.0076679066242914,0.0,0.0052215831184178,0.0,0.0036660202758488,0.0034444899814419,301.55,77.24,0.7793069142762394,0.1608125638450658,17.918419323643892,11.733917819861512,1099.3248445825875,31.12537457624133,0.9936676489388568,0.0,0.0008386161717412,0.0,0.0012856068458647,0.0,0.0005712366049827,0.0036368914385544,0.9327075557396486,0.0,0.0312984402668971,0.0,0.0188407461004715,0.0,0.0143745104417164,0.0027787474512662,13.077070861170323,0.9394023251677835,1.0,0.0,2.806353294560662,0.0,2.109345579141416,0.0,2.4942891441648465,1.0,13.258875583506692,1102.8688895247462,29.73094022392497,302.7106577576344,11.525181126674264
14,235.0,13.108307042924263,0.98,0.0,0.0076679066242914,0.0,0.0052215831184178,0.0,0.0036660202758488,0.0034444899814419,301.55,77.24,0.7793069142762394,0.169708791337704,17.918419323643892,11.733917819861512,1097.721233996225,32.24463366948325,0.9918075632733392,0.0,0.0015401037652747,0.0,0.002092090203243,0.0,0.0010049231727596,0.0035553195853832,0.8898492160836139,0.0,0.0544537013422221,0.0,0.02911527168334,0.0,0.0239835052951999,0.0025983055956239,12.943747913873311,0.9460317146234432,1.0,0.0,2.780868659439878,0.0,2.094029960159752,0.0,2.4744509173056173,1.0,13.258875583506692,1102.8688895247462,29.73094022392497,302.7106577576344,11.525181126674264
14,235.0,13.795451654455638,0.98,0.0,0.0076679066242914,0.0,0.0052215831184178,0.0,0.0036660202758488,0.0034444899814419,301.55,77.24,0.7793069142762394,0.1786050188303423,17.918419323643892,11.733917819861512,1096.2055780974729,33.38212083855289,0.9899786527840796,0.0,0.0022933673680841,0.0,0.0027758681328198,0.0,0.0014318855071965,0.00352022620782,0.851215365287069,0.0,0.0770317866828576,0.0,0.0367860154969751,0.0,0.0324997953661485,0.0024670371669496,12.81459806704196,0.9525478138641412,1.0,0.0,2.756307523607444,0.0,2.0792889153722878,0.0,2.455428001786093,1.0,13.258875583506692,1102.8688895247462,29.73094022392497,302.7106577576344,11.525181126674264
14,235.0,14.482596265987016,0.98,0.0,0.0076679066242914,0.0,0.0052215831184178,0.0,0.0036660202758488,0.0034444899814419,301.55,77.24,0.7793069142762394,0.1875012463229805,17.918419323643892,11.733917819861512,1094.7738715972537,34.535791930383745,0.9882034397854644,0.0,0.0030940425491102,0.0,0.0033562766815859,0.0,0.001847274766371,0.003498966217468,0.816235997430575,0.0,0.0989752493669489,0.0,0.0424584076825905,0.0,0.039973356232039,0.0023569892878465,12.689136031335092,0.9589616534343792,1.0,0.0,2.7325135002637446,0.0,2.0650718604347205,0.0,2.437136605143549,1.0,13.258875583506692,1102.8688895247462,29.73094022392497,302.7106577576344,11.525181126674264
14,235.0,15.16974087751839,0.98,0.0,0.0076679066242914,0.0,0.0052215831184178,0.0,0.0036660202758488,0.0034444899814419,301.55,77.24,0.7793069142762394,0.1963974738156187,17.918419323643892,11.733917819861512,1093.4153030905463,35.703690409492566,0.986480393970936,0.0,0.0039378557555056,0.0,0.0038504157735656,0.0,0.002247613344342,0.0034837211556506,0.78442400616771,0.0,0.1202395201680902,0.0,0.0466029277376725,0.0,0.0464730388818461,0.0022605070446809,12.566933917917243,0.9652788081349308,1.0,0.0,2.709406854236513,0.0,2.051327985165835,0.0,2.4194986655662643,1.0,13.258875583506692,1102.8688895247462,29.73094022392497,302.7106577576344,11.525181126674264
14,235.0,15.856885489049766,0.98,0.0,0.0076679066242914,0.0,0.0052215831184178,0.0,0.0036660202758488,0.0034444899814419,301.55,77.24,0.7793069142762394,0.2052937013082569,17.918419323643892,11.733917819861512,1092.1191904564462,36.88413682755767,0.984804115765306,0.0,0.0048207450895104,0.0,0.0042728696943977,0.0,0.0026306114655919,0.0034716579851937,0.7553723560208089,0.0,0.1407935886082051,0.0,0.0495808932724426,0.0,0.0520789755345305,0.0021741865640128,12.447609831536884,0.9715263624913782,1.0,0.0,2.686921482412872,0.0,2.038011533989751,0.0,2.4024456644065717,1.0,13.258875583506692,1102.8688895247462,29.73094022392497,302.7106577576344,11.525181126674264
14,235.0,16.54403010058114,0.98,0.0,0.0076679066242914,0.0,0.0052215831184178,0.0,0.0036660202758488,0.0034444899814419,301.55,77.24,0.7793069142762394,0.2141899288008951,17.918419323643892,11.733917819861512,1090.8760958493365,38.075736258074045,0.9831687965737002,0.0,0.0057389387765462,0.0,0.0046358166473122,0.0,0.0029949521223617,0.0034614958800795,0.7287401441681584,0.0,0.160619404789657,0.0,0.0516681112113359,0.0,0.0568762796209623,0.0020960602098862,12.33083863454791,0.977712848271466,1.0,0.0,2.6650003343585915,0.0,2.025082371696281,0.0,2.38591836568174,1.0,13.258875583506692,1102.8688895247462,29.73094022392497,302.7106577576344,11.525181126674264
14,235.0,17.231174712112516,0.98,0.0,0.0076679066242914,0.0,0.0052215831184178,0.0,0.0036660202758488,0.0034444899814419,301.55,77.24,0.7793069142762394,0.2230861562935333,17.918419323643892,11.733917819861512,1089.677970464346,39.27734927193817,0.9815690723544946,0.0,0.0066889865311582,0.0,0.0049492995964626,0.0,0.0033400735253661,0.0034525679925184,0.7042402219313134,0.0,0.1797101880755899,0.0,0.0530745985456722,0.0,0.0609501877763776,0.0020248036710467,12.216344313446797,0.9838381262433182,1.0,0.0,2.6435944384515166,0.0,2.0125057012584984,0.0,2.3698660428747678,1.0,13.258875583506692,1102.8688895247462,29.73094022392497,302.7106577576344,11.525181126674264
14,235.0,17.918319323643892,0.98,0.0,0.0076679066242914,0.0,0.0052215831184178,0.0,0.0036660202758488,0.0034444899814419,301.55,77.24,0.7793069142762394,0.2319823837861716,17.918419323643892,11.733917819861512,1088.5180476069274,40.48805338858259,0.980000226041234,0.0,0.0076677623797529,0.0,0.0052215461947072,0.0,0.0036659742778133,0.0034444911064923,0.6816291794825617,0.0,0.198068394842403,0.0,0.053960291623887,0.0,0.0643826927594128,0.0019594412917352,12.103894693805442,0.989921883104622,1.0,0.0,2.6226618249031173,0.0,2.0002613461212326,0.0,2.354245325477111,1.0,13.258875583506692,1102.8688895247462,29.73094022392497,302.7106577576344,11.525181126674264
14,240.0,13.96307731296865,0.98,0.0,0.0076679066242914,0.0,0.0052215831184178,0.0,0.0036660202758488,0.0034444899814419,301.55,77.24,0.7958879124523296,0.1807752111984548,20.06323855611779,13.96297731296865,1081.156046720178,35.69508713151848,0.994863195000978,0.0,0.0002413526066296,0.0,0.0004065258334144,0.0,0.0001598084029957,0.0043291181559822,0.9799943068049312,0.0,0.0076707512899713,0.0,0.0052234274769416,0.0,0.0036673632945028,0.003444151133653,11.967384616339537,0.9830385345139896,1.0,0.0,2.614914569135322,0.0,1.9202263583975616,0.0,2.3484652328274023,1.0,12.014498351825988,1083.263844328595,35.3375257790447,302.7106577576344,13.710780754884407
14,240.0,14.640861895540777,0.98,0.0,0.0076679066242914,0.0,0.0052215831184178,0.0,0.0036660202758488,0.0034444899814419,301.55,77.24,0.7958879124523296,0.1895502575807972,20.06323855611779,13.96297731296865,1079.6399623448444,36.80211536854706,0.9935369547947356,0.0,0.0008931117266054,0.0,0.0013319396645235,0.0,0.0005718783941285,0.0036661154200069,0.9412491196573316,0.0,0.0270614312690251,0.0,0.0163560746154359,0.0,0.0125233093515581,0.002810065106649,11.84301042458585,0.9897813838452408,1.0,0.0,2.592949672005393,0.0,1.9075998504271776,0.0,2.331171337895652,1.0,12.014498351825988,1083.263844328595,35.3375257790447,302.7106577576344,13.710780754884407
14,240.0,15.318646478112903,0.98,0.0,0.0076679066242914,0.0,0.0052215831184178,0.0,0.0036660202758488,0.0034444899814419,301.55,77.24,0.7958879124523296,0.1983253039631396,20.06323855611779,13.96297731296865,1078.0495868469236,37.92318346402853,0.9917205708593426,0.0,0.0015986977882049,0.0,0.0021212594127419,0.0,0.0009884915040337,0.0035709804356767,0.9054302084874148,0.0,0.0462820358322176,0.0,0.0249467735659026,0.0,0.0207012623881427,0.002639719726322,11.722643904302345,0.996386352830551,1.0,0.0,2.571667044102162,0.0,1.8953771366375471,0.0,2.3146046386975923,1.0,12.014498351825988,1083.263844328595,35.3375257790447,302.7106577576344,13.710780754884407
14,240.0,15.99643106068503,0.98,0.0,0.0076679066242914,0.0,0.0052215831184178,0.0,0.0036660202758488,0.0034444899814419,301.55,77.24,0.7958879124523296,0.207100350345482,20.06323855611779,13.96297731296865,1076.5386131035425,39.06137774291452,0.9899220514042264,0.0,0.0023524902555958,0.0,0.0027924640809275,0.0,0.0014031675325706,0.0035298267266793,0.8726095940058634,0.0,0.0651988242346296,0.0,0.031512928427619,0.0,0.028157797722403,0.0025208556094846,11.605783582847076,1.0028847297945207,1.0,0.0,2.551032738119765,0.0,1.883608816105375,0.0,2.2986686030437826,1.0,12.014498351825988,1083.263844328595,35.3375257790447,302.7106577576344,13.710780754884407
14,240.0,16.674215643257156,0.98,0.0,0.0076679066242914,0.0,0.0052215831184178,0.0,0.0036660202758488,0.0034444899814419,301.55,77.24,0.7958879124523296,0.2158753967278244,20.06323855611779,13.96297731296865,1075.1048845406754,40.2149289859955,0.98816909133474,0.0,0.0031501874397523,0.0,0.0033641614354551,0.0,0.001811370451051,0.0035051893390016,0.8424537063677746,0.0,0.0837345710845131,0.0,0.0364957429649589,0.0,0.0348935092257823,0.0024224703569709,11.49200513544578,1.0092997940305126,1.0,0.0,2.530984020105435,0.0,1.87222332847168,0.0,2.283292987675627,1.0,12.014498351825988,1083.263844328595,35.3375257790447,302.7106577576344,13.710780754884407
14,240.0,17.352000225829283,0.98,0.0,0.0076679066242914,0.0,0.0052215831184178,0.0,0.0036660202758488,0.0034444899814419,301.55,77.24,0.7958879124523296,0.2246504431101668,20.06323855611779,13.96297731296865,1073.7386424904312,41.382060464144764,0.9864620210703022,0.0,0.0039877595526417,0.0,0.0038527435413041,0.0,0.00220967469334,0.0034878011424119,0.8146582952084384,0.0,0.101830674602048,0.0,0.0402456517192268,0.0,0.0409290775698419,0.0023363009004447,11.380946377209886,1.015628952699671,1.0,0.0,2.5114634174671,0.0,1.8611833311662276,0.0,2.268416590956616,1.0,12.014498351825988,1083.263844328595,35.3375257790447,302.7106577576344,13.710780754884407
14,240.0,18.02978480840141,0.98,0.0,0.0076679066242914,0.0,0.0052215831184178,0.0,0.0036660202758488,0.0034444899814419,301.55,77.24,0.7958879124523296,0.2334254894925091,20.06323855611779,13.96297731296865,1072.4300280267112,42.56123492029455,0.9847964784187349,0.0,0.0048614963047828,0.0,0.0042721460854515,0.0,0.0025956224710814,0.0034742567199493,0.7889603650652925,0.0,0.1194448304652907,0.0,0.0430368484728737,0.0,0.0462990497624287,0.0022589062341142,11.27228814886383,1.0219030251815844,1.0,0.0,2.4924212516413697,0.0,1.8504549860284172,0.0,2.2539870775001174,1.0,12.014498351825988,1083.263844328595,35.3375257790447,302.7106577576344,13.710780754884407
14,240.0,18.707569390973536,0.98,0.0,0.0076679066242914,0.0,0.0052215831184178,0.0,0.0036660202758488,0.0034444899814419,301.55,77.24,0.7958879124523296,0.2422005358748516,20.06323855611779,13.96297731296865,1071.170308857938,43.75117229107601,0.9831674059952288,0.0,0.0057680356225661,0.0,0.0046339851892902,0.0,0.0029675673353091,0.0034630058576058,0.7651337514059656,0.0,0.1365488128195352,0.0,0.0450822649834677,0.0,0.0510467360348357,0.0021884347561956,11.16576173819124,1.0281296954591057,1.0,0.0,2.4738426540396867,0.0,1.840009337718108,0.0,2.2399593707361323,1.0,12.014498351825988,1083.263844328595,35.3375257790447,302.7106577576344,13.710780754884407
14,240.0,19.385353973545666,0.98,0.0,0.0076679066242914,0.0,0.0052215831184178,0.0,0.0036660202758488,0.0034444899814419,301.55,77.24,0.7958879124523296,0.2509755822571939,20.06323855611779,13.96297731296865,1069.952050143897,44.95082527930141,0.9815700535414358,0.0,0.0067043579721278,0.0,0.0049478355563541,0.0,0.0033245138098206,0.0034532391202616,0.7429835210734489,0.0,0.1531259453364053,0.0,0.0465467236710921,0.0,0.055220096600293,0.0021237133187606,11.06114139610571,1.0343062691412712,1.0,0.0,2.455672063607424,0.0,1.8298215864533895,0.0,2.226295594253197,1.0,12.014498351825988,1083.263844328595,35.3375257790447,302.7106577576344,13.710780754884407
14,240.0,20.06313855611779,0.98,0.0,0.0076679066242914,0.0,0.0052215831184178,0.0,0.0036660202758488,0.0034444899814419,301.55,77.24,0.7958879124523296,0.2597506286395364,20.06323855611779,13.96297731296865,1068.769017133175,46.15934451857887,0.9800002295263184,0.0,0.0076677627571112,0.0,0.0052215454047446,0.0,0.0036659711005479,0.0034444912112776,0.7223409593189727,0.0,0.1691686873290265,0.0,0.0475577688337821,0.0,0.0588686695169156,0.0020639150013032,10.958238610087992,1.0404638970971114,1.0,0.0,2.437867148757291,0.0,1.819870399505329,0.0,2.21296357492232,1.0,12.014498351825988,1083.263844328595,35.3375257790447,302.7106577576344,13.710780754884407
14,245.0,16.494943653478337,0.98,0.0,0.0076679066242914,0.0,0.0052215831184178,0.0,0.0036660202758488,0.0034444899814419,301.55,77.24,0.8124689106284197,0.2135544232713404,22.509271425311564,16.494843653478338,1060.456148428964,42.24740793473019,0.994685112736735,0.0,0.0002978516879367,0.0,0.0004866138471489,0.0,0.0001853139739348,0.0043451077542443,0.979995287048926,0.0,0.0076702719250521,0.0,0.0052231027307566,0.0,0.0036671373526324,0.0034442009426326,10.743294725569177,1.0395299764523265,1.0,0.0,2.4174931872528918,0.0,1.7460646681344023,0.0,2.196011660461779,1.0,10.793959502416731,1062.6711211462375,41.80803719266337,302.7106577576344,16.191644196077288
14,245.0,17.16319118368203,0.98,0.0,0.0076679066242914,0.0,0.0052215831184178,0.0,0.0036660202758488,0.0034444899814419,301.55,77.24,0.8124689106284197,0.2222059966815384,22.509271425311564,16.494843653478338,1058.9419493352334,43.36360537942623,0.9933805859579412,0.0,0.0009557203410996,0.0,0.0013878427038239,0.0,0.0005788992884981,0.0036969517086371,0.9481598636620776,0.0,0.0236400715992881,0.0,0.0143442641331776,0.0,0.0110120627763696,0.0028437378290868,10.631199275416591,1.0463159858825848,1.0,0.0,2.3991357177344,0.0,1.7359804087916246,0.0,2.181475667606384,1.0,10.793959502416731,1062.6711211462375,41.80803719266337,302.7106577576344,16.191644196077288
14,245.0,17.83143871388572,0.98,0.0,0.0076679066242914,0.0,0.0052215831184178,0.0,0.0036660202758488,0.0034444899814419,301.55,77.24,0.8124689106284197,0.2308575700917364,22.509271425311564,16.494843653478338,1057.3614900808882,44.49187011694599,0.9916084016733366,0.0,0.0016643623331112,0.0,0.0021587146355481,0.0,0.0009802927106359,0.003588228647368,0.9182423038253472,0.0,0.0396072790494714,0.0,0.0215163071046197,0.0,0.0179543221151348,0.0026797879054267,10.522624949634825,1.0529860275088605,1.0,0.0,2.3812998149024462,0.0,1.726211745317557,0.0,2.1675719825823583,1.0,10.793959502416731,1062.6711211462375,41.80803719266337,302.7106577576344,16.191644196077288
14,245.0,18.49968624408941,0.98,0.0,0.0076679066242914,0.0,0.0052215831184178,0.0,0.0036660202758488,0.0034444899814419,301.55,77.24,0.8124689106284197,0.2395091435019344,22.509271425311564,16.494843653478338,1055.8527001340926,45.636188157367,0.9898419406548846,0.0,0.0024177996998555,0.0,0.0028161609673,0.0,0.0013835354558115,0.0035405632221482,0.8904541440490723,0.0,0.0554354491108618,0.0,0.0271070621106386,0.0,0.024432966965758,0.0025703777636691,10.41701371374536,1.0595629469154773,1.0,0.0,2.3639588138274115,0.0,1.7167784115435367,0.0,2.1541637762058,1.0,10.793959502416731,1062.6711211462375,41.80803719266337,302.7106577576344,16.191644196077288
14,245.0,19.167933774293104,0.98,0.0,0.0076679066242914,0.0,0.0052215831184178,0.0,0.0036660202758488,0.0034444899814419,301.55,77.24,0.8124689106284197,0.2481607169121323,22.509271425311564,16.494843653478338,1054.4150402700432,46.79509833925879,0.98811361633449,0.0,0.0032117467012399,0.0,0.0033779746746085,0.0,0.0017844677581588,0.0035121945315025,0.8646064350637361,0.0,0.0710443540982934,0.0,0.031441771738061,0.0,0.0304258575272236,0.0024815815726856,10.31399285769134,1.0660558128009945,1.0,0.0,2.3470664064089224,0.0,1.7076426395282704,0.0,2.141190089170393,1.0,10.793959502416731,1062.6711211462375,41.80803719266337,302.7106577576344,16.191644196077288
14,245.0,19.8361813044968,0.98,0.0,0.0076679066242914,0.0,0.0052215831184178,0.0,0.0036660202758488,0.0034444899814419,301.55,77.24,0.8124689106284197,0.2568122903223304,22.509271425311564,16.494843653478338,1053.039751186488,47.967013962642646,0.9864256045686712,0.0,0.0040423382706657,0.0,0.0038598093817613,0.0,0.0021798425224035,0.003492405256498,0.8405104004966514,0.0,0.0863731976540251,0.0,0.0347835132232548,0.0,0.035928562641063,0.0024043259850055,10.213252882391446,1.0724940856523446,1.0,0.0,2.3305785539507555,0.0,1.6987597817440765,0.0,2.1286017773915047,1.0,10.793959502416731,1062.6711211462375,41.80803719266337,302.7106577576344,16.191644196077288
14,245.0,20.50442883470049,0.98,0.0,0.0076679066242914,0.0,0.0052215831184178,0.0,0.0036660202758488,0.0034444899814419,301.55,77.24,0.8124689106284197,0.2654638637325284,22.509271425311564,16.494843653478338,1051.717728864612,49.150542253924186,0.9847745384482952,0.0,0.0049061156773164,0.0,0.0042749535499145,0.0,0.0025672024613529,0.0034771898631206,0.8179969718187861,0.0,0.1013771732808714,0.0,0.0373413070088316,0.0,0.0409495850215345,0.0023349628699764,10.114524089526572,1.078868026528396,1.0,0.0,2.3144591982027416,0.0,1.6901044569704105,0.0,2.116357397441472,1.0,10.793959502416731,1062.6711211462375,41.80803719266337,302.7106577576344,16.191644196077288
14,245.0,21.17267636490418,0.98,0.0,0.0076679066242914,0.0,0.0052215831184178,0.0,0.0036660202758488,0.0034444899814419,301.55,77.24,0.8124689106284197,0.2741154371427263,22.509271425311564,16.494843653478338,1050.440860248906,50.344517481104255,0.9831560331073506,0.0,0.0058000192415572,0.0,0.0046344782094389,0.0,0.0029447613627085,0.0034647080789447,0.7969171687231256,0.0,0.1160248531153942,0.0,0.0392797901575176,0.0,0.0455065585116023,0.00227162949236,10.01758225449306,1.0852239597735576,1.0,0.0,2.298674946992388,0.0,1.6816557868775133,0.0,2.1044224568562666,1.0,10.793959502416731,1062.6711211462375,41.80803719266337,302.7106577576344,16.191644196077288
14,245.0,21.84092389510787,0.98,0.0,0.0076679066242914,0.0,0.0052215831184178,0.0,0.0036660202758488,0.0034444899814419,301.55,77.24,0.8124689106284197,0.2827670105529243,22.509271425311564,16.494843653478338,1049.2022313301204,51.54798325044107,0.9815658541123046,0.0,0.0067213571264942,0.0,0.0049475119275417,0.0,0.0033112827332802,0.0034539941003791,0.7771399591754377,0.0,0.1302955947701619,0.0,0.0407281431057565,0.0,0.0496230936723899,0.0022132092762538,9.922240071311444,1.0915381863216718,1.0,0.0,2.2831983801558584,0.0,1.6733956302851285,0.0,2.09276786732415,1.0,10.793959502416731,1062.6711211462375,41.80803719266337,302.7106577576344,16.191644196077288
14,245.0,22.509171425311564,0.98,0.0,0.0076679066242914,0.0,0.0052215831184178,0.0,0.0036660202758488,0.0034444899814419,301.55,77.24,0.8124689106284197,0.2914185839631223,22.509271425311564,16.494843653478338,1047.9960485672225,52.7601622772112,0.9800002323693666,0.0,0.0076677633840119,0.0,0.0052215447493437,0.0,0.0036659681669116,0.0034444913303658,0.7585498675450355,0.0,0.1441772034924139,0.0,0.0417876617307683,0.0,0.0533263141100565,0.0021589531217255,9.82834233025701,1.097829406418454,1.0,0.0,2.26800624208104,0.0,1.665332056991602,0.0,2.0813691653364925,1.0,10.793959502416731,1062.6711211462375,41.80803719266337,302.7106577576344,16.191644196077288
14,250.0,19.35525592687441,0.98,0.0,0.0076679066242914,0.0,0.0052215831184178,0.0,0.0036660202758488,0.0034444899814419,301.55,77.24,0.82904990880451,0.250585913087447,25.2771382416562,19.355155926874406,1038.5727292733216,49.81770352725839,0.9944879694235478,0.0,0.0003654074407644,0.0,0.0005792894489494,0.0,0.0002150999228921,0.0043522337638461,0.9799960784247362,0.0,0.0076698832505062,0.0,0.0052228396854003,0.0,0.0036669543642291,0.003444244275128,9.544597821179316,1.1035343353988738,1.0,0.0,2.238099646048438,0.0,1.597695189517769,0.0,2.0557741581956943,1.0,9.599114364051816,1040.9186176418627,49.27650279185157,302.7106577576344,18.99215487266697
14,250.0,20.01323173962794,0.98,0.0,0.0076679066242914,0.0,0.0052215831184178,0.0,0.0036660202758488,0.0034444899814419,301.55,77.24,0.82904990880451,0.2591045020666486,25.2771382416562,19.355155926874406,1037.0543105796644,50.948347170424064,0.993196649782124,0.0,0.001027972476,0.0,0.0014541352579167,0.0,0.00059255380856,0.0037286886753991,0.9537981080453888,0.0,0.0208514676046649,0.0,0.0127018348046599,0.0,0.0097683748606546,0.0028802146846316,9.443785351838953,1.1104693284110183,1.0,0.0,2.222745350367616,0.0,1.5896555270471424,0.0,2.0435142352074838,1.0,9.599114364051816,1040.9186176418627,49.27650279185157,302.7106577576344,18.99215487266697
14,250.0,20.67120755238147,0.98,0.0,0.0076679066242914,0.0,0.0052215831184178,0.0,0.0036660202758488,0.0034444899814419,301.55,77.24,0.82904990880451,0.2676230910458502,25.2771382416562,19.355155926874406,1035.480372387004,52.08915582138952,0.991469777794795,0.0,0.0017383169485021,0.0,0.0022047369754932,0.0,0.0009802630245938,0.0036069052566158,0.928839587877173,0.0,0.0341165664815304,0.0,0.018678085480061,0.0,0.0156457159852489,0.0027200441759866,9.346068501666158,1.1173055864710812,1.0,0.0,2.207744571491572,0.0,1.581864761161653,0.0,2.031800025046603,1.0,9.599114364051816,1040.9186176418627,49.27650279185157,302.7106577576344,18.99215487266697
14,250.0,21.329183365135005,0.98,0.0,0.0076679066242914,0.0,0.0052215831184178,0.0,0.0036660202758488,0.0034444899814419,301.55,77.24,0.82904990880451,0.2761416800250518,25.2771382416562,19.355155926874406,1033.9710430739392,53.24494424078013,0.9897377363034036,0.0,0.0024901722279425,0.0,0.0028468884810619,0.0,0.0013727881577962,0.0035524148297956,0.9053918840659148,0.0,0.0473384210110565,0.0,0.0234159033681839,0.0,0.0212361949444347,0.0026175966104099,9.250866496265704,1.124045133883424,1.0,0.0,2.1931223920213734,0.0,1.5743059566746511,0.0,2.020479807493377,1.0,9.599114364051816,1040.9186176418627,49.27650279185157,302.7106577576344,18.99215487266697
14,250.0,21.987159177888536,0.98,0.0,0.0076679066242914,0.0,0.0052215831184178,0.0,0.0036660202758488,0.0034444899814419,301.55,77.24,0.82904990880451,0.2846602690042534,25.2771382416562,19.355155926874406,1032.527109129254,54.41459691335809,0.9880369220844822,0.0,0.0032792553169873,0.0,0.0033974538385755,0.0,0.0017663696854468,0.003519999074508,0.8833551498787654,0.0,0.0604419093295927,0.0,0.027156933368049,0.0,0.0265095223855178,0.002536485038075,9.157848920089783,1.1307296127857762,1.0,0.0,2.1788460818900823,0.0,1.5669549493784525,0.0,2.009499745021234,1.0,9.599114364051816,1040.9186176418627,49.27650279185157,302.7106577576344,18.99215487266697
14,250.0,22.64513499064207,0.98,0.0,0.0076679066242914,0.0,0.0052215831184178,0.0,0.0036660202758488,0.0034444899814419,301.55,77.24,0.82904990880451,0.2931788579834551,25.2771382416562,19.355155926874406,1031.1407792273303,55.59673341034704,0.9863713237252206,0.0,0.0041018235896021,0.0,0.0038712826624387,0.0,0.0021580115508032,0.0034975584719351,0.8626136892614384,0.0,0.073370003909428,0.0,0.0300997396447513,0.0,0.03144981975443,0.002466747429952,9.06675073414922,1.1373485851991951,1.0,0.0,2.1648828249839527,0.0,1.559823613294234,0.0,1.9988194961166637,1.0,9.599114364051816,1040.9186176418627,49.27650279185157,302.7106577576344,18.99215487266697
14,250.0,23.3031108033956,0.98,0.0,0.0076679066242914,0.0,0.0052215831184178,0.0,0.0036660202758488,0.0034444899814419,301.55,77.24,0.82904990880451,0.3016974469626567,25.2771382416562,19.355155926874406,1029.8036803118655,56.79011313799482,0.9847385675380212,0.0,0.0049546050772679,0.0,0.0042809823240476,0.0,0.0025453655672153,0.0034804794934478,0.8430594154580334,0.0,0.0860800210252587,0.0,0.0324041486444286,0.0,0.0360519912762871,0.0024044235959919,8.977343575395754,1.1439468913195043,1.0,0.0,2.151205061344871,0.0,1.5528600421263496,0.0,1.9884067695225176,1.0,9.599114364051816,1040.9186176418627,49.27650279185157,302.7106577576344,18.99215487266697
14,250.0,23.96108661614913,0.98,0.0,0.0076679066242914,0.0,0.0052215831184178,0.0,0.0036660202758488,0.0034444899814419,301.55,77.24,0.82904990880451,0.3102160359418583,25.2771382416562,19.355155926874406,1028.508280494833,57.99368873758963,0.9831349161078392,0.0,0.0058347644474733,0.0,0.0046370642219393,0.0,0.0029266372457575,0.0034666179769905,0.8245947501603711,0.0,0.0985411256133436,0.0,0.0341975754635003,0.0,0.0403189961660735,0.0023475525967113,8.88943937556431,1.1505038286981573,1.0,0.0,2.1377890671217328,0.0,1.5460464046511122,0.0,1.978233331675192,1.0,9.599114364051816,1040.9186176418627,49.27650279185157,302.7106577576344,18.99215487266697
14,250.0,24.619062428902662,0.98,0.0,0.0076679066242914,0.0,0.0052215831184178,0.0,0.0036660202758488,0.0034444899814419,301.55,77.24,0.82904990880451,0.3187346249210599,25.2771382416562,19.355155926874406,1027.2481380023598,59.20659722441495,0.9815566060893218,0.0,0.0067398547972223,0.0,0.0049482070374563,0.0,0.0033004914424008,0.0034548406335984,0.8071322826761284,0.0,0.1107320035748314,0.0,0.0355811579722806,0.0,0.0442595496778401,0.002295006098919,8.802880919540744,1.1570464659026656,1.0,0.0,2.124620559708086,0.0,1.5393692963530867,0.0,1.9682764891536129,1.0,9.599114364051816,1040.9186176418627,49.27650279185157,302.7106577576344,18.99215487266697
14,250.0,25.2770382416562,0.98,0.0,0.0076679066242914,0.0,0.0052215831184178,0.0,0.0036660202758488,0.0034444899814419,301.55,77.24,0.82904990880451,0.3272532139002615,25.2771382416562,19.355155926874406,1026.0178471453614,60.42813531722183,0.9800002347622988,0.0,0.0076677641219497,0.0,0.0052215441824782,0.0,0.0036659654664192,0.0034444914668538,0.7905937564517133,0.0,0.122638808561579,0.0,0.0366351026159169,0.0,0.0478862728929751,0.0022460594778156,8.7175394319883,1.16356481892459,1.0,0.0,2.111672132180827,0.0,1.5328416165885443,0.0,1.958517677568648,1.0,9.599114364051816,1040.9186176418627,49.27650279185157,302.7106577576344,18.99215487266697
14,255.0,22.57096767051272,0.98,0.0,0.0076679066242914,0.0,0.0052215831184178,0.0,0.0036660202758488,0.0034444899814419,301.55,77.24,0.8456309069806002,0.2922186389242973,28.388324225921632,22.57086767051272,1015.2835176352096,58.579316566339934,0.9942664567471,0.0,0.0004463040317408,0.0,0.0006864009382257,0.0,0.0002501896797159,0.0043506486032176,0.9799967230779132,0.0,0.0076695653843787,0.0,0.0052226248233707,0.0,0.0036668048722573,0.0034442818420801,8.373586710714159,1.1770410946401129,1.0,0.0,2.070481834362679,0.0,1.4712392652256727,0.0,1.9261993233694672,1.0,8.432227805466914,1017.7913832278248,57.90987351738985,302.7106577576344,22.13772066860631
14,255.0,23.2173295100026,0.98,0.0,0.0076679066242914,0.0,0.0052215831184178,0.0,0.0036660202758488,0.0034444899814419,301.55,77.24,0.8456309069806002,0.3005868657431719,28.388324225921632,22.57086767051272,1013.7554792897636,59.72981361684808,0.9929822862209378,0.0,0.0011118860649404,0.0,0.0015319442634488,0.0,0.0006134190283963,0.0037604644222767,0.958437608514416,0.0,0.0185568578831441,0.0,0.0113497362092774,0.0,0.0087361120937905,0.0029196852993719,8.28327757261715,1.1842456539819282,1.0,0.0,2.0589668574929822,0.0,1.4648143567940792,0.0,1.9158317197536865,1.0,8.432227805466914,1017.7913832278248,57.90987351738985,302.7106577576344,22.13772066860631
14,255.0,23.86369134949248,0.98,0.0,0.0076679066242914,0.0,0.0052215831184178,0.0,0.0036660202758488,0.0034444899814419,301.55,77.24,0.8456309069806002,0.3089550925620466,28.388324225921632,22.57086767051272,1012.1843685685336,60.88866798451554,0.9913024269459144,0.0,0.0018222389826565,0.0,0.0022598927279411,0.0,0.0009886687888235,0.0036267725546641,0.9376629979288608,0.0,0.0295648004715502,0.0,0.0163155802568825,0.0,0.0136949314109329,0.0027616899317735,8.195678269589836,1.1913552475488425,1.0,0.0,2.048009835081012,0.0,1.4585951566773598,0.0,1.9059287141958263,1.0,8.432227805466914,1017.7913832278248,57.90987351738985,302.7106577576344,22.13772066860631
14,255.0,24.51005318898236,0.98,0.0,0.0076679066242914,0.0,0.0052215831184178,0.0,0.0036660202758488,0.0034444899814419,301.55,77.24,0.8456309069806002,0.3173233193809213,28.388324225921632,22.57086767051272,1010.6713690838428,62.06140859972073,0.989607922577443,0.0,0.0025709119141579,0.0,0.0028848232910808,0.0,0.0013710150043384,0.0035653272129798,0.9179565194565426,0.0,0.0405819199897527,0.0,0.0203112876527252,0.0,0.0184860933730639,0.0026641795279159,8.11021517371393,1.1983822529857904,1.0,0.0,2.0367161429379155,0.0,1.4525743614787747,0.0,1.8963418065086897,1.0,8.432227805466914,1017.7913832278248,57.90987351738985,302.7106577576344,22.13772066860631
14,255.0,25.15641502847224,0.98,0.0,0.0076679066242914,0.0,0.0052215831184178,0.0,0.0036660202758488,0.0034444899814419,301.55,77.24,0.8456309069806002,0.3256915461997959,28.388324225921632,22.57086767051272,1009.2182410218415,63.247303838093146,0.9879381184596376,0.0,0.0033536401108458,0.0,0.0034225344639675,0.0,0.0017571001848648,0.0035286067806842,0.899273408980435,0.0,0.0515417830537234,0.0,0.0235169846912907,0.0,0.0230787579740127,0.0025890653005384,8.026595536759732,1.2053556969256691,1.0,0.0,2.0246564244249163,0.0,1.4467047224310166,0.0,1.8870232339142583,1.0,8.432227805466914,1017.7913832278248,57.90987351738985,302.7106577576344,22.13772066860631
14,255.0,25.80277686796212,0.98,0.0,0.0076679066242914,0.0,0.0052215831184178,0.0,0.0036660202758488,0.0034444899814419,301.55,77.24,0.8456309069806002,0.3340597730186706,28.388324225921632,22.57086767051272,1007.8181340834532,64.44520062878672,0.9862987327127124,0.0,0.0041667915390979,0.0,0.0038869775621039,0.0,0.0021442170450835,0.003503281141002,0.881544450982568,0.0,0.0623938687515996,0.0,0.0260828148553037,0.0,0.027453340585393,0.0025255248251354,7.944593206284276,1.212285801894644,1.0,0.0,2.012837795223329,0.0,1.4409708916116235,0.0,1.877939548667062,1.0,8.432227805466914,1017.7913832278248,57.90987351738985,302.7106577576344,22.13772066860631
14,255.0,26.449138707452,0.98,0.0,0.0076679066242914,0.0,0.0052215831184178,0.0,0.0036660202758488,0.0034444899814419,301.55,77.24,0.8456309069806002,0.3424279998375453,28.388324225921632,22.57086767051272,1006.4634088824058,65.65402278305905,0.9846883967498212,0.0,0.0050072468954009,0.0,0.0042900163650632,0.0,0.0025301931362369,0.0034841468534775,0.8647011453570269,0.0,0.0730998731803317,0.0,0.0281310307220882,0.0,0.0315987177965204,0.0024692329440325,7.8640151069786866,1.2191909396764276,1.0,0.0,2.001238257594121,0.0,1.4353895625366688,0.0,1.869064202934972,1.0,8.432227805466914,1017.7913832278248,57.90987351738985,302.7106577576344,22.13772066860631
14,255.0,27.095500546941874,0.98,0.0,0.0076679066242914,0.0,0.0052215831184178,0.0,0.0036660202758488,0.0034444899814419,301.55,77.24,0.8456309069806002,0.3507962266564199,28.388324225921632,22.57086767051272,1005.1471095964184,66.87284920564123,0.9831040281214368,0.0,0.0058723452808731,0.0,0.0046415621041947,0.0,0.0029133130032732,0.0034687514902221,0.8486799689281056,0.0,0.0836315133264252,0.0,0.0297601422519856,0.0,0.0355103008543756,0.0024180746391079,7.784702877698829,1.2260798900191554,1.0,0.0,1.989839190215979,0.0,1.4299157234876114,0.0,1.8603762445229592,1.0,8.432227805466914,1017.7913832278248,57.90987351738985,302.7106577576344,22.13772066860631
14,255.0,27.741862386431755,0.98,0.0,0.0076679066242914,0.0,0.0052215831184178,0.0,0.0036660202758488,0.0034444899814419,301.55,77.24,0.8456309069806002,0.3591644534752946,28.388324225921632,22.57086767051272,1003.863251032114,68.10091603078344,0.9815423269625828,0.0,0.0067598252170302,0.0,0.0049498177115658,0.0,0.0032922430949196,0.0034557870139014,0.8334230025743881,0.0,0.0939685739428927,0.0,0.031049152957313,0.0,0.0391884083400883,0.0023708621853177,7.706525404255381,1.232946252209316,1.0,0.0,1.978623995840522,0.0,1.424539930100358,0.0,1.851861049262361,1.0,8.432227805466914,1017.7913832278248,57.90987351738985,302.7106577576344,22.13772066860631
14,255.0,28.388224225921636,0.98,0.0,0.0076679066242914,0.0,0.0052215831184178,0.0,0.0036660202758488,0.0034444899814419,301.55,77.24,0.8456309069806002,0.3675326802941692,28.388324225921632,22.57086767051272,1002.6067919282378,69.33759852934843,0.98000023691894,0.0,0.0076677648318653,0.0,0.0052215436524535,0.0,0.0036659629718987,0.0034444916248424,0.8188776574999479,0.0,0.1040972079219856,0.0,0.0320613478836526,0.0,0.0426369302290262,0.0023268564653877,7.629374884735587,1.239818231821824,1.0,0.0,1.9675795953134063,0.0,1.4192810487281935,0.0,1.843500378176525,1.0,8.432227805466914,1017.7913832278248,57.90987351738985,302.7106577576344,22.13772066860631
14,260.0,26.170618510507616,0.98,0.0,0.0076679066242914,0.0,0.0052215831184178,0.0,0.0036660202758488,0.0034444899814419,301.55,77.24,0.8622119051566904,0.338822093610922,31.8651244617258,26.170518510507616,990.303015694476,68.75483266117948,0.9940138030865894,0.0,0.000543602419055,0.0,0.0008102570352099,0.0,0.0002919859412993,0.0043403515178463,0.9799972528606932,0.0,0.0076693032085016,0.0,0.0052224478749156,0.0,0.0036666816910468,0.0034443143648426,7.233084154930385,1.262833962402765,1.0,0.0,1.8976694013312991,0.0,1.3635044637530926,0.0,1.8058578657548567,1.0,7.296085655146154,993.0143761526203,67.92140682303575,302.7106577576344,25.654931900849267
14,260.0,26.803330282865197,0.98,0.0,0.0076679066242914,0.0,0.0052215831184178,0.0,0.0036660202758488,0.0034444899814419,301.55,77.24,0.8622119051566904,0.3470135976549093,31.8651244617258,26.170518510507616,988.7603505874785,69.93094024201926,0.9927332491632014,0.0,0.0012101949608318,0.0,0.0016228160547604,0.0,0.00064248753391,0.0037912522872961,0.9622887544203114,0.0,0.0166502265089041,0.0,0.0102272691323797,0.0,0.0078715871523272,0.0029621627860774,7.152678877451411,1.2704581943737197,1.0,0.0,1.8881589594170256,0.0,1.3584152744807394,0.0,1.797089544009072,1.0,7.296085655146154,993.0143761526203,67.92140682303575,302.7106577576344,25.654931900849267
14,260.0,27.436042055222767,0.98,0.0,0.0076679066242914,0.0,0.0052215831184178,0.0,0.0036660202758488,0.0034444899814419,301.55,77.24,0.8622119051566904,0.3552051016988965,31.8651244617258,26.170518510507616,987.187804575346,71.11373044572082,0.9911027392874964,0.0,0.0019184627131227,0.0,0.0023251204757646,0.0,0.0010061853516614,0.0036474921719546,0.9450625778809528,0.0,0.0257599056952325,0.0,0.0143359949205925,0.0,0.0120358264207133,0.0028056950825088,7.074621757467623,1.277974393401184,1.0,0.0,1.8791230813315944,0.0,1.3534822152066732,0.0,1.7887071869401323,1.0,7.296085655146154,993.0143761526203,67.92140682303575,302.7106577576344,25.654931900849267
14,260.0,28.068753827580345,0.98,0.0,0.0076679066242914,0.0,0.0052215831184178,0.0,0.0036660202758488,0.0034444899814419,301.55,77.24,0.8622119051566904,0.3633966057428838,31.8651244617258,26.170518510507616,985.66734126449,72.30928585805042,0.9894497521431794,0.0,0.0026619193555587,0.0,0.0029304570042049,0.0,0.0013786710370486,0.0035792004600081,0.9285862162825056,0.0,0.0349042555599534,0.0,0.0176870383727828,0.0,0.0161109264774287,0.0027115633073295,6.998373498162191,1.285436676787763,1.0,0.0,1.8703728837241933,0.0,1.348703024916344,0.0,1.7805783842914324,1.0,7.296085655146154,993.0143761526203,67.92140682303575,302.7106577576344,25.654931900849267
14,260.0,28.70146559993792,0.98,0.0,0.0076679066242914,0.0,0.0052215831184178,0.0,0.0036660202758488,0.0034444899814419,301.55,77.24,0.8622119051566904,0.3715881097868711,31.8651244617258,26.170518510507616,984.201294745245,73.5172934404719,0.9878152546399518,0.0,0.0034363592472798,0.0,0.0034534039228547,0.0,0.0017569798089167,0.0035380023809968,0.9128486844607528,0.0,0.0440267952624653,0.0,0.020414377795153,0.0,0.0200691427175426,0.0026409997640863,6.923678605209885,1.292846906721401,1.0,0.0,1.8618594555170047,0.0,1.34403232275956,0.0,1.7726624855533075,1.0,7.296085655146154,993.0143761526203,67.92140682303575,302.7106577576344,25.654931900849267
14,260.0,29.334177372295496,0.98,0.0,0.0076679066242914,0.0,0.0052215831184178,0.0,0.0036660202758488,0.0034444899814419,301.55,77.24,0.8622119051566904,0.3797796138308583,31.8651244617258,26.170518510507616,982.7837215980688,74.73685214647861,0.9862065337197832,0.0,0.0042382744601897,0.0,0.0039068959110934,0.0,0.0021387091288963,0.0035095867800374,0.8978104998264593,0.0,0.053084521771026,0.0,0.0226312177603956,0.0,0.0238913095347121,0.0025824511074068,6.8503434390597855,1.300219129340629,1.0,0.0,1.8535469143645735,0.0,1.3394781701477938,0.0,1.7649307575891249,1.0,7.296085655146154,993.0143761526203,67.92140682303575,302.7106577576344,25.654931900849267
14,260.0,29.966889144653077,0.98,0.0,0.0076679066242914,0.0,0.0052215831184178,0.0,0.0036660202758488,0.0034444899814419,301.55,77.24,0.8622119051566904,0.3879711178748456,31.8651244617258,26.170518510507616,981.4077327040306,75.96706632954667,0.98462323077732,0.0,0.0050646904417342,0.0,0.0043019666227482,0.0,0.0025219004127874,0.00348821174541,0.8834289402090453,0.0,0.0620444579415607,0.0,0.0244307344382514,0.0,0.0275646472372669,0.0025312201738755,6.778207101644615,1.30758103858212,1.0,0.0,1.8454118113972988,0.0,1.335019099677614,0.0,1.757361698236935,1.0,7.296085655146154,993.0143761526203,67.92140682303575,302.7106577576344,25.654931900849267
14,260.0,30.599600917010648,0.98,0.0,0.0076679066242914,0.0,0.0052215831184178,0.0,0.0036660202758488,0.0034444899814419,301.55,77.24,0.8622119051566904,0.3961626219188328,31.8651244617258,26.170518510507616,980.0669645423246,77.20715246695673,0.9830629416726614,0.0,0.0059130963337053,0.0,0.0046478645177871,0.0,0.0029049723800099,0.0034711250958361,0.8696630186383845,0.0,0.0708818006575191,0.0,0.0258887669272411,0.0,0.0310814060299967,0.0024850077468585,6.707136776241014,1.31492472234129,1.0,0.0,1.837434963459026,0.0,1.3306433235287234,0.0,1.7499388768480997,1.0,7.296085655146154,993.0143761526203,67.92140682303575,302.7106577576344,25.654931900849267
14,260.0,31.232312689368225,0.98,0.0,0.0076679066242914,0.0,0.0052215831184178,0.0,0.0036660202758488,0.0034444899814419,301.55,77.24,0.8622119051566904,0.4043541259628201,31.8651244617258,26.170518510507616,978.7558960856082,78.45645443925203,0.9815228459564372,0.0,0.006781379868749,0.0,0.0049522716606486,0.0,0.0032866602334845,0.0034568422806805,0.8564746500691073,0.0,0.0795783498563054,0.0,0.0270667289919794,0.0,0.034437735421928,0.0024425356606797,6.637023487174176,1.3222712978042304,1.0,0.0,1.82960016257129,0.0,1.326358164929625,0.0,1.7426472224658571,1.0,7.296085655146154,993.0143761526203,67.92140682303575,302.7106577576344,25.654931900849267
14,260.0,31.8650244617258,0.98,0.0,0.0076679066242914,0.0,0.0052215831184178,0.0,0.0036660202758488,0.0034444899814419,301.55,77.24,0.8622119051566904,0.4125456300068074,31.8651244617258,26.170518510507616,977.4698496245314,79.71443308302146,0.9800002390783642,0.0,0.0076677653709957,0.0,0.0052215431008475,0.0,0.0036659606398271,0.0034444918099653,0.8438287891785884,0.0,0.0881211604068175,0.0,0.0280142813044292,0.0,0.037632746238444,0.0024030228717208,6.5677779026130025,1.3296332781828477,1.0,0.0,1.8218943632514095,0.0,1.3221353020901505,0.0,1.7354751653054583,1.0,7.296085655146154,993.0143761526203,67.92140682303575,302.7106577576344,25.654931900849267
14,265.0,30.184730831989608,0.98,0.0,0.0076679066242914,0.0,0.0052215831184178,0.0,0.0036660202758488,0.0034444899814419,301.55,77.24,0.8787929033327806,0.3907914400827241,35.73057196927056,30.184630831989608,963.2535110455908,80.63899700599852,0.9937209726093184,0.0,0.000661563881947,0.0,0.0009538571698119,0.0,0.0003424722225086,0.0043211341164139,0.97999769211901,0.0,0.0076690850979817,0.0,0.0052223009540894,0.0,0.0036665792998765,0.0034443425290424,6.126612302611466,1.365007481572298,1.0,0.0,1.745779352481304,0.0,1.272027066626198,0.0,1.6935044265130297,1.0,6.194157229336726,966.2255774553212,79.59167899763797,302.7106577576344,29.571779036695137
14,265.0,30.80092429168749,0.98,0.0,0.0076679066242914,0.0,0.0052215831184178,0.0,0.0036660202758488,0.0034444899814419,301.55,77.24,0.8787929033327806,0.3987690871528676,35.73057196927056,30.184630831989608,961.6912105716284,81.8471121423408,0.9924432039327676,0.0,0.0013267264111038,0.0,0.0017289049259624,0.0,0.0006813360262156,0.0038198287039503,0.9655145456683368,0.0,0.0150498379084913,0.0,0.0092874998007586,0.0,0.0071405681194827,0.0030075485029305,6.055664383728066,1.373224955455849,1.0,0.0,1.7379217313824766,0.0,1.2680346579082242,0.0,1.686089419026796,1.0,6.194157229336726,966.2255774553212,79.59167899763797,302.7106577576344,29.571779036695137
14,265.0,31.417117751385373,0.98,0.0,0.0076679066242914,0.0,0.0052215831184178,0.0,0.0036660202758488,0.0034444899814419,301.55,77.24,0.8787929033327806,0.406746734223011,35.73057196927056,30.184630831989608,960.1120395680528,83.06042303554678,0.9908651746574312,0.0,0.0020303106315653,0.0,0.0024018832937449,0.0,0.0010340432400284,0.0036685881772301,0.9513166754881092,0.0,0.0225507778550546,0.0,0.0126653994993995,0.0,0.0106142612205673,0.0028528859368692,5.986718913760608,1.3813444631397431,1.0,0.0,1.7304556054804563,0.0,1.264162240943314,0.0,1.6789863828796054,1.0,6.194157229336726,966.2255774553212,79.59167899763797,302.7106577576344,29.571779036695137
14,265.0,32.03331121108326,0.98,0.0,0.0076679066242914,0.0,0.0052215831184178,0.0,0.0036660202758488,0.0034444899814419,301.55,77.24,0.8787929033327806,0.4147243812931546,35.73057196927056,30.184630831989608,958.579291666248,84.28535945605574,0.9892587339203152,0.0,0.0027659750371707,0.0,0.002984716103335,0.0,0.0013967077856702,0.0035938671535086,0.937639000723721,0.0,0.030095456892127,0.0,0.0154558033501002,0.0,0.0140486865865394,0.0027610524475122,5.919292997548032,1.3894112487673451,1.0,0.0,1.723219251426888,0.0,1.2604001643597136,0.0,1.672084423066948,1.0,6.194157229336726,966.2255774553212,79.59167899763797,302.7106577576344,29.571779036695137
14,265.0,32.64950467078114,0.98,0.0,0.0076679066242914,0.0,0.0052215831184178,0.0,0.0036660202758488,0.0034444899814419,301.55,77.24,0.8787929033327806,0.422702028363298,35.73057196927056,30.184630831989608,957.0954501051284,85.52205226184842,0.987664883886441,0.0,0.0035296373508779,0.0,0.0034905940005915,0.0,0.0017667445477142,0.0035481402143753,0.9244905441424152,0.0,0.037637450711672,0.0,0.0177574891346739,0.0,0.0174206659761923,0.0026938500350464,5.853169219048603,1.3974485234262746,1.0,0.0,1.7161633085199777,0.0,1.2567251735361604,0.0,1.66535522672101,1.0,6.194157229336726,966.2255774553212,79.59167899763797,302.7106577576344,29.571779036695137
14,265.0,33.265698130479024,0.98,0.0,0.0076679066242914,0.0,0.0052215831184178,0.0,0.0036660202758488,0.0034444899814419,301.55,77.24,0.8787929033327806,0.4306796754334415,35.73057196927056,30.184630831989608,955.6554295683408,86.76987891836296,0.9860922186637412,0.0,0.0043179487153566,0.0,0.003931296845833,0.0,0.0021420589867822,0.0035164767882867,0.9118509005317088,0.0,0.0451413834233638,0.0,0.0196550518407881,0.0,0.0207134368586678,0.0026392273454712,5.788182066517848,1.405460858156097,1.0,0.0,1.7092638314580844,0.0,1.253132809529672,0.0,1.6587715389590711,1.0,6.194157229336726,966.2255774553212,79.59167899763797,302.7106577576344,29.571779036695137
14,265.0,33.881891590176906,0.98,0.0,0.0076679066242914,0.0,0.0052215831184178,0.0,0.0036660202758488,0.0034444899814419,301.55,77.24,0.8787929033327806,0.438657322503585,35.73057196927056,30.184630831989608,954.2531122590374,88.02814381610484,0.9845413690832998,0.0,0.0051280935339012,0.0,0.0043169210617629,0.0,0.0025209259041055,0.0034926904169306,0.8996942215155194,0.0,0.0525798403798868,0.0,0.0212188714674755,0.0,0.0239149129058722,0.0025921537312459,5.724199260887176,1.4134614900560316,1.0,0.0,1.702500302771938,0.0,1.2496126326576789,0.0,1.6523178643589924,1.0,6.194157229336726,966.2255774553212,79.59167899763797,302.7106577576344,29.571779036695137
14,265.0,34.49808504987479,0.98,0.0,0.0076679066242914,0.0,0.0052215831184178,0.0,0.0036660202758488,0.0034444899814419,301.55,77.24,0.8787929033327806,0.4466349695737285,35.73057196927056,30.184630831989608,952.8827557412252,89.29621550942589,0.9830106345552284,0.0,0.0059577089630029,0.0,0.0046559703661648,0.0,0.0029019309085908,0.0034737552070128,0.8879944676428992,0.0,0.0599318540999004,0.0,0.0225068103435645,0.0,0.0270167284781703,0.0025501394354655,5.661112184480269,1.4214685684022834,1.0,0.0,1.695857382369301,0.0,1.24615638966135,0.0,1.6459775659025726,1.0,6.194157229336726,966.2255774553212,79.59167899763797,302.7106577576344,29.571779036695137
14,265.0,35.11427850957267,0.98,0.0,0.0076679066242914,0.0,0.0052215831184178,0.0,0.0036660202758488,0.0034444899814419,301.55,77.24,0.8787929033327806,0.454612616643872,35.73057196927056,30.184630831989608,951.539326328956,90.5735571248778,0.9814977023643764,0.0,0.0068048174028714,0.0,0.0049555434638133,0.0,0.0032839205847445,0.0034580161841943,0.8767268746312221,0.0,0.0671816815159176,0.0,0.0235661803204608,0.0,0.0300134643617895,0.0025117991706097,5.598830726377384,1.4294893057813376,1.0,0.0,1.689322705884092,0.0,1.242763822063118,0.0,1.6397396977950331,1.0,6.194157229336726,966.2255774553212,79.59167899763797,302.7106577576344,29.571779036695137
14,265.0,35.73047196927055,0.98,0.0,0.0076679066242914,0.0,0.0052215831184178,0.0,0.0036660202758488,0.0034444899814419,301.55,77.24,0.8787929033327806,0.4625902637140154,35.73057196927056,30.184630831989608,950.2185251778022,91.8597246129986,0.9800002415170336,0.0,0.0076677655847532,0.0,0.0052215424591309,0.0,0.0036659584088112,0.0034444920302708,0.865868329091619,0.0,0.074317773548576,0.0,0.0244355999426667,0.0,0.0329020052653532,0.0024762921517852,5.537281315669019,1.4375256384312054,1.0,0.0,1.682886109245917,0.0,1.239420343217485,0.0,1.6335947265033692,1.0,6.194157229336726,966.2255774553212,79.59167899763797,302.7106577576344,29.571779036695137
14,270.0,34.64640279099558,0.98,0.0,0.0076679066242914,0.0,0.0052215831184178,0.0,0.0036660202758488,0.0034444899814419,301.55,77.24,0.8953739015088708,0.4485551889046554,40.00829891723752,34.64630279099558,933.6171198828714,94.63695843508218,0.9933752737102594,0.0,0.0008063865924073,0.0,0.0011212850352498,0.0,0.0004045642744401,0.0042924903876434,0.979998059698131,0.0,0.0076689019998202,0.0,0.0052221779336123,0.0,0.0036664934033011,0.0034443669651351,5.058648513096708,1.4898010331031386,1.0,0.0,1.6112044328608377,0.0,1.1948719247580923,0.0,1.5879909968806836,1.0,5.130843724671824,936.9320241360858,93.30322734807504,302.7106577576344,33.91794976874195
14,270.0,35.24215791613357,0.98,0.0,0.0076679066242914,0.0,0.0052215831184178,0.0,0.0036660202758488,0.0034444899814419,301.55,77.24,0.8953739015088708,0.4562682278111545,40.00829891723752,34.64630279099558,932.0296350079844,95.88453275918953,0.9921024991227756,0.0,0.0014670586429589,0.0,0.0018533029389829,0.0,0.0007324323974966,0.0038447068977857,0.9682426115799238,0.0,0.0136919333571808,0.0,0.0084938145786732,0.0,0.0065159549711799,0.0030556855130421,4.9968498700672805,1.498870624696054,1.0,0.0,1.6047211128938212,0.0,1.1917830327438883,0.0,1.58173627315889,1.0,5.130843724671824,936.9320241360858,93.30322734807504,302.7106577576344,33.91794976874195
14,270.0,35.83791304127156,0.98,0.0,0.0076679066242914,0.0,0.0052215831184178,0.0,0.0036660202758488,0.0034444899814419,301.55,77.24,0.8953739015088708,0.4639812667176536,40.00829891723752,34.64630279099558,930.4372126325356,97.13608125342915,0.9905812086119846,0.0,0.0021626718503363,0.0,0.0024924395024148,0.0,0.0010742976109182,0.0036893824243461,0.9566479061758092,0.0,0.0198176301275206,0.0,0.0112446396630558,0.0,0.0093857970099726,0.0029040270236416,4.936715641640464,1.507854659362873,1.0,0.0,1.5985516817330838,0.0,1.1887915851065658,0.0,1.5757287935419206,1.0,5.130843724671824,936.9320241360858,93.30322734807504,302.7106577576344,33.91794976874195
14,270.0,36.43366816640956,0.98,0.0,0.0076679066242914,0.0,0.0052215831184178,0.0,0.0036660202758488,0.0034444899814419,301.55,77.24,0.8953739015088708,0.4716943056241528,40.00829891723752,34.64630279099558,928.8857928990284,98.39813205160168,0.9890277261131788,0.0,0.0028872356541413,0.0,0.0030491773475672,0.0,0.0014268092353364,0.003609051649776,0.9454077309060132,0.0,0.0259863906562589,0.0,0.0135457662033354,0.0,0.0122461865215386,0.0028139257128536,4.877845605563627,1.5167930521630824,1.0,0.0,1.5925619006485168,0.0,1.1858753693628448,0.0,1.5698865306331833,1.0,5.130843724671824,936.9320241360858,93.30322734807504,302.7106577576344,33.91794976874195
14,270.0,37.02942329154755,0.98,0.0,0.0076679066242914,0.0,0.0052215831184178,0.0,0.0036660202758488,0.0034444899814419,301.55,77.24,0.8953739015088708,0.4794073445306519,40.00829891723752,34.64630279099558,927.3775851898968,99.67126380479628,0.9874812999919635,0.0,0.0036368798093395,0.0,0.0035351475753358,0.0,0.0017877511627078,0.0035589214606532,0.9345418053357634,0.0,0.0321614039907497,0.0,0.0154687748215252,0.0,0.0150788393138108,0.002749176538151,4.820051104640417,1.5257117822642308,1.0,0.0,1.5867145246911916,0.0,1.1830256476505587,0.0,1.5641731210123238,1.0,5.130843724671824,936.9320241360858,93.30322734807504,302.7106577576344,33.91794976874195
14,270.0,37.62517841668554,0.98,0.0,0.0076679066242914,0.0,0.0052215831184178,0.0,0.0036660202758488,0.0034444899814419,301.55,77.24,0.8953739015088708,0.487120383437151,40.00829891723752,34.64630279099558,925.9083008276008,100.9551622861223,0.9859514523731404,0.0,0.0044084659614137,0.0,0.003960820337458,0.0,0.0021553326698775,0.0035239286581102,0.924041921115243,0.0,0.038314549880087,0.0,0.0170758094027972,0.0,0.0178701457438915,0.0026975738579811,4.763199281110423,1.534624672940037,1.0,0.0,1.5809863615485118,0.0,1.1802397433779903,0.0,1.558572414991753,1.0,5.130843724671824,936.9320241360858,93.30322734807504,302.7106577576344,33.91794976874195
14,270.0,38.220933541823534,0.98,0.0,0.0076679066242914,0.0,0.0052215831184178,0.0,0.0036660202758488,0.0034444899814419,301.55,77.24,0.8953739015088708,0.4948334223436501,40.00829891723752,34.64630279099558,924.4726095529512,102.24935263081564,0.9844397376474076,0.0,0.0051993711111291,0.0,0.0043352307560388,0.0,0.0025280704608913,0.003497590024533,0.9138933199479684,0.0,0.0444238368898978,0.0,0.0184191674548165,0.0,0.0206098332456512,0.002653842461666,4.707181543496719,1.5435449268770207,1.0,0.0,1.5753619772555365,0.0,1.1775048387729457,0.0,1.553070983329801,1.0,5.130843724671824,936.9320241360858,93.30322734807504,302.7106577576344,33.91794976874195
14,270.0,38.816688666961525,0.98,0.0,0.0076679066242914,0.0,0.0052215831184178,0.0,0.0036660202758488,0.0034444899814419,301.55,77.24,0.8953739015088708,0.5025464612501492,40.00829891723752,34.64630279099558,923.0654244599326,103.55337305045526,0.9829451729125102,0.0,0.0060073977177388,0.0,0.0046660383926464,0.0,0.002904734983375,0.0034766559937294,0.904079926764241,0.0,0.0504721702580553,0.0,0.0195423029943703,0.0,0.0232902789780835,0.0026153210052497,4.6519109647831485,1.5524865901336142,1.0,0.0,1.5698293130990415,0.0,1.174816393046798,0.0,1.547657732112813,1.0,5.130843724671824,936.9320241360858,93.30322734807504,302.7106577576344,33.91794976874195
14,270.0,39.41244379209952,0.98,0.0,0.0076679066242914,0.0,0.0052215831184178,0.0,0.0036660202758488,0.0034444899814419,301.55,77.24,0.8953739015088708,0.5102595001566484,40.00829891723752,34.64630279099558,921.6822320038974,104.8668204796315,0.98146598422775,0.0,0.0068307076878754,0.0,0.0049596797310506,0.0,0.0032843097333152,0.0034593186200084,0.894585944359573,0.0,0.0564464372411471,0.0,0.0204811132535603,0.0,0.0259059904619795,0.0025805146837398,4.597315103344199,1.5614616386277866,1.0,0.0,1.5643791277808934,0.0,1.172174258308592,0.0,1.542323732124593,1.0,5.130843724671824,936.9320241360858,93.30322734807504,302.7106577576344,33.91794976874195
14,270.0,40.00819891723752,0.98,0.0,0.0076679066242914,0.0,0.0052215831184178,0.0,0.0036660202758488,0.0034444899814419,301.55,77.24,0.8953739015088708,0.5179725390631476,40.00829891723752,34.64630279099558,920.3191386042788,106.18935842613335,0.9800002445742192,0.0,0.0076677652915636,0.0,0.005221541641647,0.0,0.003665956194805,0.0034444922977651,0.8853963668027974,0.0,0.0623367494323561,0.0,0.021265192398389,0.0,0.0284531772516558,0.0025485141148016,4.543333862275594,1.5704725703722973,1.0,0.0,1.5590054681757997,0.0,1.1695746919360974,0.0,1.5370619546621296,1.0,5.130843724671824,936.9320241360858,93.30322734807504,302.7106577576344,33.91794976874195
14,275.0,39.59223465956899,0.98,0.0,0.0076679066242914,0.0,0.0052215831184178,0.0,0.0036660202758488,0.0034444899814419,301.55,77.24,0.911954899684961,0.5125871913460511,44.72222000986703,39.59213465956898,900.651324375894,111.3323564797966,0.9929577764052272,0.0,0.0009875751074536,0.0,0.0013184252303749,0.0,0.0004827659162425,0.0042534573407011,0.9799983704223604,0.0,0.0076687467467418,0.0,0.0052220739818668,0.0,0.0036664206038035,0.0034443882452273,4.035042283256059,1.6473578118562116,1.0,0.0,1.490936287360885,0.0,1.1305829463151316,0.0,1.488238989413324,1.0,4.11187312512685,904.4335281070778,109.60126774294156,302.7106577576344,38.72523437118672
14,275.0,40.162221920713215,0.98,0.0,0.0076679066242914,0.0,0.0052215831184178,0.0,0.0036660202758488,0.0034444899814419,301.55,77.24,0.911954899684961,0.5199666224846351,44.72222000986703,39.59213465956898,899.0317701764694,112.62853310468644,0.9916958816682048,0.0,0.0016397453518605,0.0,0.0020006495298282,0.0,0.0007997201428807,0.0038640033072257,0.9705743772945956,0.0,0.0125259562671606,0.0,0.0078173091719517,0.0,0.0059759499058015,0.0031064073604901,3.982210659164618,1.6576652959207978,1.0,0.0,1.485612808177953,0.0,1.12825415220799,0.0,1.4829908442576707,1.0,4.11187312512685,904.4335281070778,109.60126774294156,302.7106577576344,38.72523437118672
14,275.0,40.73220918185744,0.98,0.0,0.0076679066242914,0.0,0.0052215831184178,0.0,0.0036660202758488,0.0034444899814419,301.55,77.24,0.911954899684961,0.5273460536232191,44.72222000986703,39.59213465956898,897.4172555369589,113.9278448471722,0.9902373529729712,0.0,0.0023230794823194,0.0,0.0026003482852022,0.0,0.0011303440514149,0.0037088752080921,0.9612363572228922,0.0,0.0174642306801422,0.0,0.0100259416450041,0.0,0.0083135617838246,0.0029599086681367,3.93072326103445,1.667903676646579,1.0,0.0,1.4805282262711743,0.0,1.1259975846407284,0.0,1.4779271058156231,1.0,4.11187312512685,904.4335281070778,109.60126774294156,302.7106577576344,38.72523437118672
14,275.0,41.30219644300167,0.98,0.0,0.0076679066242914,0.0,0.0052215831184178,0.0,0.0036660202758488,0.0034444899814419,301.55,77.24,0.911954899684961,0.5347254847618031,44.72222000986703,39.59213465956898,895.8383592953682,115.23662302246063,0.9887452249323988,0.0,0.0030321646245846,0.0,0.0031264773551836,0.0,0.0014718425809251,0.0036242905069076,0.952133846213448,0.0,0.0224394305676065,0.0,0.011897516539076,0.0,0.0106576406806303,0.0028715659992389,3.8802594914054014,1.6781180861328848,1.0,0.0,1.4755847234036397,0.0,1.123797434827056,0.0,1.4729872971952809,1.0,4.11187312512685,904.4335281070778,109.60126774294156,302.7106577576344,38.72523437118672
14,275.0,41.8721837041459,0.98,0.0,0.0076679066242914,0.0,0.0052215831184178,0.0,0.0036660202758488,0.0034444899814419,301.55,77.24,0.911954899684961,0.5421049159003871,44.72222000986703,39.59213465956898,894.2966550086185,116.5558779960662,0.9872551076325852,0.0,0.0037634487904937,0.0,0.0035889358940161,0.0,0.001822360841912,0.0035701468409929,0.9432907733891992,0.0,0.0274235925040508,0.0,0.0134824139663127,0.0,0.0129945258447468,0.0028086942956904,3.830671125477565,1.6883317444700223,1.0,0.0,1.4707493692404403,0.0,1.1216458374546454,0.0,1.4681487815188157,1.0,4.11187312512685,904.4335281070778,109.60126774294156,302.7106577576344,38.72523437118672
14,275.0,42.44217096529012,0.98,0.0,0.0076679066242914,0.0,0.0052215831184178,0.0,0.0036660202758488,0.0034444899814419,301.55,77.24,0.911954899684961,0.549484347038971,44.72222000986703,39.59213465956898,892.7885621077842,117.88562259518623,0.9857769246549236,0.0,0.0045140753154601,0.0,0.0039967229585295,0.0,0.0021804075024528,0.0035318695686339,0.934706450692946,0.0,0.0323952870949603,0.0,0.0148250083593658,0.0,0.0153138570440937,0.0027593968086341,3.781850344404403,1.698561625384022,1.0,0.0,1.4660042922958625,0.0,1.119537578855703,0.0,1.4633973695665885,1.0,4.11187312512685,904.4335281070778,109.60126774294156,302.7106577576344,38.72523437118672
14,275.0,43.01215822643434,0.98,0.0,0.0076679066242914,0.0,0.0052215831184178,0.0,0.0036660202758488,0.0034444899814419,301.55,77.24,0.911954899684961,0.556863778177555,44.72222000986703,39.59213465956898,891.3095478379714,119.22562666280471,0.9843130256892636,0.0,0.0052816625556637,0.0,0.0043576735932017,0.0,0.002544743163042,0.0035028949988288,0.9263734234297016,0.0,0.0373375885323379,0.0,0.0159631167056473,0.0,0.0176075678757475,0.0027183034565655,3.733713773553046,1.7088218041724264,1.0,0.0,1.461337486656846,0.0,1.117467948350476,0.0,1.4587212409033885,1.0,4.11187312512685,904.4335281070778,109.60126774294156,302.7106577576344,38.72523437118672
14,275.0,43.58214548757857,0.98,0.0,0.0076679066242914,0.0,0.0052215831184178,0.0,0.0036660202758488,0.0034444899814419,301.55,77.24,0.911954899684961,0.564243209316139,44.72222000986703,39.59213465956898,889.855214975173,120.5756185865791,0.982863134139773,0.0,0.0060642123622277,0.0,0.0046784880329006,0.0,0.0029143322297945,0.003479833235304,0.9182822998750204,0.0,0.0422371292755373,0.0,0.016928537103451,0.0,0.0198694027054229,0.0026826310405681,3.686192431533698,1.719123930080631,1.0,0.0,1.45673955139223,0.0,1.115433948884911,0.0,1.4541129753204396,1.0,4.11187312512685,904.4335281070778,109.60126774294156,302.7106577576344,38.72523437118672
14,275.0,44.1521327487228,0.98,0.0,0.0076679066242914,0.0,0.0052215831184178,0.0,0.0036660202758488,0.0034444899814419,301.55,77.24,0.911954899684961,0.571622640454723,44.72222000986703,39.59213465956898,888.4216075598338,121.93534718589916,0.9814260388065889,0.0,0.006860048195037,0.0,0.0049648456643506,0.0,0.0032883097178641,0.0034607576161595,0.9104233534434474,0.0,0.04708344015695,0.0,0.017747841882859,0.0,0.0220945748650771,0.0026507896516664,3.6392296369598514,1.7294783258255693,1.0,0.0,1.4522030219945503,0.0,1.1134326637161167,0.0,1.4495654740985926,1.0,4.11187312512685,904.4335281070778,109.60126774294156,302.7106577576344,38.72523437118672
14,275.0,44.72212000986703,0.98,0.0,0.0076679066242914,0.0,0.0052215831184178,0.0,0.0036660202758488,0.0034444899814419,301.55,77.24,0.911954899684961,0.579002071593307,44.72222000986703,39.59213465956898,887.0052705920906,123.30459963624055,0.9800002487020116,0.0,0.0076677642548559,0.0,0.0052215405317685,0.0,0.0036659538800531,0.0034444926313108,0.9027871044835256,0.0,0.0518684190338071,0.0,0.0184431830681925,0.0,0.024279491011014,0.0026218024034604,3.5927790754931053,1.7398940775667335,1.0,0.0,1.4477220590707087,0.0,1.1114615522513254,0.0,1.4450730545585446,1.0,4.11187312512685,904.4335281070778,109.60126774294156,302.7106577576344,38.72523437118672
14,280.0,45.063880663532935,0.98,0.0,0.0076679066242914,0.0,0.0052215831184178,0.0,0.0036660202758488,0.0034444899814419,301.55,77.24,0.9285358978610512,0.5834267304962835,49.895766204511446,45.06378066353293,863.2276115941652,131.61920311982362,0.992438081931493,0.0,0.0012207205312294,0.0,0.0015543832411497,0.0,0.0005845061500997,0.004202308146028,0.9799986362466372,0.0,0.007668613515576,0.0,0.0052219852026131,0.0,0.0036663581434778,0.0034444068916957,3.063724064165992,1.8555228946335072,1.0,0.0,1.3823870795333544,0.0,1.0782263068029838,0.0,1.393155846992972,1.0,3.1449654870637134,867.6798743518019,129.30886906724652,302.7106577576344,44.02808165538378
14,280.0,45.60074572364166,0.98,0.0,0.0076679066242914,0.0,0.0052215831184178,0.0,0.0036660202758488,0.0034444899814419,301.55,77.24,0.9285358978610512,0.5903773397674995,49.895766204511446,45.06378066353293,861.5665220645092,132.975880082672,0.9911978756317344,0.0,0.001858797550833,0.0,0.0021783460457703,0.0,0.0008898162490665,0.0038751645225957,0.9725924493175522,0.0,0.0115107131794529,0.0,0.0072347268249307,0.0,0.0055025179035708,0.0031595927744934,3.0198142606349685,1.867702937854252,1.0,0.0,1.3780499570778448,0.0,1.0765516195818587,0.0,1.3887823205336425,1.0,3.1449654870637134,867.6798743518019,129.30886906724652,302.7106577576344,44.02808165538378
14,280.0,46.13761078375038,0.98,0.0,0.0076679066242914,0.0,0.0052215831184178,0.0,0.0036660202758488,0.0034444899814419,301.55,77.24,0.9285358978610512,0.5973279490387156,49.895766204511446,45.06378066353293,859.9175783907282,134.3354130093514,0.9898111247293812,0.0,0.002523897666341,0.0,0.0027314890242849,0.0,0.0012079800292887,0.0037255085507038,0.9652309466596228,0.0,0.0154113758777028,0.0,0.0089700149764567,0.0,0.0073662002771817,0.003021462209036,2.9769388067255536,1.8798345198075048,1.0,0.0,1.3738850932745652,0.0,1.0749256955492006,0.0,1.3845417030270184,1.0,3.1449654870637134,867.6798743518019,129.30886906724652,302.7106577576344,44.02808165538378
14,280.0,46.67447584385911,0.98,0.0,0.0076679066242914,0.0,0.0052215831184178,0.0,0.0036660202758488,0.0034444899814419,301.55,77.24,0.9285358978610512,0.6042785583099315,49.895766204511446,45.06378066353293,858.2985816826672,135.70361063321533,0.9883918954648542,0.0,0.0032114158464454,0.0,0.0032211412954877,0.0,0.0015367801379719,0.0036387672552406,0.958020414390786,0.0,0.019340099274756,0.0,0.0104610290204178,0.0,0.009242807556987,0.002935649757053,2.93486933855634,1.891984500651999,1.0,0.0,1.3698257933817464,0.0,1.0733414424281331,0.0,1.380393393825143,1.0,3.1449654870637134,867.6798743518019,129.30886906724652,302.7106577576344,44.02808165538378
14,280.0,47.21134090396783,0.98,0.0,0.0076679066242914,0.0,0.0052215831184178,0.0,0.0036660202758488,0.0034444899814419,301.55,77.24,0.9285358978610512,0.6112291675811475,49.895766204511446,45.06378066353293,856.7102154456533,137.08186082961947,0.9869703101075412,0.0,0.0039182440342118,0.0,0.0036553119767096,0.0,0.0018747219022218,0.0035814119793153,0.9509842666189378,0.0,0.0232768549069483,0.0,0.0117415951622272,0.0,0.0111227668499871,0.0028745164618995,2.893490303792381,1.904162522375341,1.0,0.0,1.3658471182801823,0.0,1.0717894516657185,0.0,1.3763206286369267,1.0,3.1449654870637134,867.6798743518019,129.30886906724652,302.7106577576344,44.02808165538378
14,280.0,47.74820596407655,0.98,0.0,0.0076679066242914,0.0,0.0052215831184178,0.0,0.0036660202758488,0.0034444899814419,301.55,77.24,0.9285358978610512,0.6181797768523634,49.895766204511446,45.06378066353293,855.1495048654554,138.47051035169477,0.9855560141965076,0.0,0.0046418933998838,0.0,0.0040413678258731,0.0,0.0022206103413965,0.0035401142363388,0.9441260341870392,0.0,0.0272062107254941,0.0,0.0128419745643745,0.0,0.0129987153951032,0.0028270651279889,2.852721291087527,1.9163855902516185,1.0,0.0,1.3619354454133623,0.0,1.0702702798106818,0.0,1.372312524607084,1.0,3.1449654870637134,867.6798743518019,129.30886906724652,302.7106577576344,44.02808165538378
14,280.0,48.28507102418527,0.98,0.0,0.0076679066242914,0.0,0.0052215831184178,0.0,0.0036660202758488,0.0034444899814419,301.55,77.24,0.9285358978610512,0.6251303861235794,49.895766204511446,45.06378066353293,853.6127085769015,139.86959546176564,0.984151932650069,0.0,0.0053802874909007,0.0,0.0043857969006603,0.0,0.0025734502867383,0.0035085326716315,0.9374429871978694,0.0,0.0311158391779392,0.0,0.013788332092142,0.0,0.0148647845460312,0.0027880569860178,2.8124999333434424,1.9286773239621555,1.0,0.0,1.35808127355056,0.0,1.0687770981951237,0.0,1.3683611372596596,1.0,3.1449654870637134,867.6798743518019,129.30886906724652,302.7106577576344,44.02808165538378
14,280.0,48.821936084294,0.98,0.0,0.0076679066242914,0.0,0.0052215831184178,0.0,0.0036660202758488,0.0034444899814419,301.55,77.24,0.9285358978610512,0.6320809953947955,49.895766204511446,45.06378066353293,852.09614670884,141.27905790007753,0.9827584391844916,0.0,0.0061316768004758,0.0,0.0046942114963214,0.0,0.002932405025622,0.003483267493089,0.9309302267863788,0.0,0.0349958424665767,0.0,0.0146029775102385,0.0,0.0167162749840447,0.0027546782527609,2.772775292004656,1.9410467249712144,1.0,0.0,1.3542786892620182,0.0,1.0673115220599063,0.0,1.3644601823418554,1.0,3.1449654870637134,867.6798743518019,129.30886906724652,302.7106577576344,44.02808165538378
14,280.0,49.35880114440272,0.98,0.0,0.0076679066242914,0.0,0.0052215831184178,0.0,0.0036660202758488,0.0034444899814419,301.55,77.24,0.9285358978610512,0.6390316046660114,49.895766204511446,45.06378066353293,850.5964578330256,142.69882085133065,0.981374889664314,0.0,0.0068945841461505,0.0,0.0049714231690306,0.0,0.0032967698221014,0.0034623331984032,0.9245821660220156,0.0,0.0388383036513412,0.0,0.0153048086330944,0.0,0.0185494402863388,0.0027252814072101,2.733505321470099,1.95350945036998,1.0,0.0,1.3505230787788436,0.0,1.0658680374408855,0.0,1.3606057247057532,1.0,3.1449654870637134,867.6798743518019,129.30886906724652,302.7106577576344,44.02808165538378
14,280.0,49.89566620451144,0.98,0.0,0.0076679066242914,0.0,0.0052215831184178,0.0,0.0036660202758488,0.0034444899814419,301.55,77.24,0.9285358978610512,0.6459822139372274,49.895766204511446,45.06378066353293,849.1106615750973,144.12881647458772,0.9800002545676426,0.0,0.0076677621277078,0.0,0.0052215389533654,0.0,0.0036659512887053,0.0034444930625786,0.9183931191157813,0.0,0.0426369377262991,0.0,0.0159097879901257,0.0,0.0203613185725633,0.0026988365952304,2.6946528280801685,1.9660737764267893,1.0,0.0,1.3468062984720033,0.0,1.0644480761807902,0.0,1.3567918295641896,1.0,3.1449654870637134,867.6798743518019,129.30886906724652,302.7106577576344,44.02808165538378
14,285.0,51.11094700632084,0.98,0.0,0.0076679066242914,0.0,0.0052215831184178,0.0,0.0036660202758488,0.0034444899814419,301.55,77.24,0.9451168960371414,0.6617160409932786,55.54991924455367,51.11084700632084,819.4869922112647,156.98859477262124,0.9917623793172148,0.0,0.0015338667905086,0.0,0.001844647632913,0.0,0.0007232151299718,0.0041358911293917,0.9799988672915064,0.0,0.0076684973278245,0.0,0.0052219083148261,0.0,0.0036663036658241,0.0034444234000188,2.1560340499688238,2.149233626428372,1.0,0.0,1.2832080783956608,0.0,1.037598474859268,0.0,1.3015406638860276,1.0,2.2410524707626744,824.9746819221486,153.77005765610247,302.7106577576344,49.86436423924916
14,285.0,51.60415503279116,0.98,0.0,0.0076679066242914,0.0,0.0052215831184178,0.0,0.0036660202758488,0.0034444899814419,301.55,77.24,0.9451168960371414,0.6681014375037695,55.54991924455367,51.11084700632084,817.7702040174535,158.42232476115743,0.9905621991601876,0.0,0.0021493766862287,0.0,0.0023992908159081,0.0,0.0010147773689379,0.0038743559687375,0.9743671975007516,0.0,0.0106109290721604,0.0,0.0067267067100187,0.0,0.0050799235213445,0.0032152431957244,2.1211566181222694,2.164438740585711,1.0,0.0,1.2797238047250108,0.0,1.036503964008737,0.0,1.2979433122457298,1.0,2.2410524707626744,824.9746819221486,153.77005765610247,302.7106577576344,49.86436423924916
14,285.0,52.09736305926147,0.98,0.0,0.0076679066242914,0.0,0.0052215831184178,0.0,0.0036660202758488,0.0034444899814419,301.55,77.24,0.9451168960371414,0.6744868340142604,55.54991924455367,51.11084700632084,816.0687624438259,159.85950787320624,0.9892617942403484,0.0,0.0027873351492194,0.0,0.0028963722323282,0.0,0.0013178553659565,0.003736643012147,0.9687604669250556,0.0,0.0135906623123551,0.0,0.0080433133342081,0.0,0.0065156060564507,0.0030899513719302,2.0870233282940305,2.179657700515929,1.0,0.0,1.276354973212592,0.0,1.0354429406829118,0.0,1.2944347321175709,1.0,2.2410524707626744,824.9746819221486,153.77005765610247,302.7106577576344,49.86436423924916
14,285.0,52.59057108573178,0.98,0.0,0.0076679066242914,0.0,0.0052215831184178,0.0,0.0036660202758488,0.0034444899814419,301.55,77.24,0.9451168960371414,0.6808722305247512,55.54991924455367,51.11084700632084,814.3907562083461,161.30509470117244,0.9879326033450152,0.0,0.0034441576318884,0.0,0.0033414827838848,0.0,0.0016308269047846,0.0036509293344269,0.9632459691416968,0.0,0.0165886628853385,0.0,0.009192443333087,0.0,0.007964444268377,0.0030084803715006,2.0534910194717715,2.19492630133309,1.0,0.0,1.273058395088859,0.0,1.0344082355321422,0.0,1.2909889950187945,1.0,2.2410524707626744,824.9746819221486,153.77005765610247,302.7106577576344,49.86436423924916
14,285.0,53.083779112202095,0.98,0.0,0.0076679066242914,0.0,0.0052215831184178,0.0,0.0036660202758488,0.0034444899814419,301.55,77.24,0.9451168960371414,0.6872576270352421,55.54991924455367,51.11084700632084,812.7358823409796,162.7607313194909,0.9865976371853744,0.0,0.0041173262299783,0.0,0.0037406187554949,0.0,0.0019525663751485,0.0035918514540036,0.9578431323565342,0.0,0.0195918329700253,0.0,0.0101951108302344,0.0,0.0094203184017228,0.0029496054414833,2.020479935330364,2.21029705645669,1.0,0.0,1.269821902972704,0.0,1.0333977592588002,0.0,1.2876007477454503,1.0,2.2410524707626744,824.9746819221486,153.77005765610247,302.7106577576344,49.86436423924916
14,285.0,53.576987138672415,0.98,0.0,0.0076679066242914,0.0,0.0052215831184178,0.0,0.0036660202758488,0.0034444899814419,301.55,77.24,0.9451168960371414,0.693643023545733,55.54991924455367,51.11084700632084,811.1016719516939,164.2270850293607,0.9852654331707164,0.0,0.0048048190841092,0.0,0.0040993680164361,0.0,0.0022821755671005,0.0035482041616376,0.9525572224130902,0.0,0.0225899599539288,0.0,0.0110704275439116,0.0,0.010878445412722,0.0029039446763469,1.9879423844385369,2.2271250170777224,1.0000000002028415,0.0,1.2669200974276658,0.0,1.0324771391201035,0.0,1.2845652543125634,1.0000000004903744,2.2410524707626744,824.9746819221486,153.77005765610247,302.7106577576344,49.86436423924916
14,285.0,54.07019516514273,0.98,0.0,0.0076679066242914,0.0,0.0052215831184178,0.0,0.0036660202758488,0.0034444899814419,301.55,77.24,0.9451168960371414,0.7000284200562239,55.54991924455367,51.11084700632084,809.4851486185388,165.70447449458587,0.9839391470820912,0.0,0.005504942651734,0.0,0.0044227259182811,0.0,0.0026189051902899,0.0035142791576036,0.9473883723501656,0.0,0.0255747717966373,0.0,0.0118352060711344,0.0,0.0123349342729984,0.0028667155090639,1.955820598622345,2.242820124963831,1.0000000001919191,0.0,1.2637844645008078,0.0,1.0315106311882631,0.0,1.2812742002451318,1.0000000003857177,2.2410524707626744,824.9746819221486,153.77005765610247,302.7106577576344,49.86436423924916
14,285.0,54.56340319161304,0.98,0.0,0.0076679066242914,0.0,0.0052215831184178,0.0,0.0036660202758488,0.0034444899814419,301.55,77.24,0.9451168960371414,0.7064138165667148,55.54991924455367,51.11084700632084,807.88336255276,167.19308038800736,0.9826196734260984,0.0,0.0062162599855661,0.0,0.0047150795665322,0.0,0.0029621218777972,0.003486865144006,0.9423346568030778,0.0,0.028539503940023,0.0,0.0125040290607902,0.0,0.0137865851043677,0.0028352250917408,1.924086696302508,2.2586720705521883,1.0000000000866744,0.0,1.2606843800789869,0.0,1.0305623146505554,0.0,1.2780207149957272,1.0000000002424827,2.2410524707626744,824.9746819221486,153.77005765610247,302.7106577576344,49.86436423924916
14,285.0,55.05661121808336,0.98,0.0,0.0076679066242914,0.0,0.0052215831184178,0.0,0.0036660202758488,0.0034444899814419,301.55,77.24,0.9451168960371414,0.7127992130772056,55.54991924455367,51.11084700632084,806.2935755419245,168.69302933563606,0.9813068996693928,0.0,0.0069375466461905,0.0,0.004980247212745,0.0,0.0033112881988323,0.0034640182728392,0.93739331740172,0.0,0.0314786217833912,0.0,0.0130894574268905,0.0,0.0152307619058563,0.002807841482142,1.8927110354620404,2.274691064598318,1.0000000000276976,0.0,1.257616259439983,0.0,1.02963225603378,0.0,1.2747997327654943,1.0000000000821887,2.2410524707626744,824.9746819221486,153.77005765610247,302.7106577576344,49.86436423924916
14,285.0,55.54981924455367,0.98,0.0,0.0076679066242914,0.0,0.0052215831184178,0.0,0.0036660202758488,0.0034444899814419,301.55,77.24,0.9451168960371414,0.7191846095876964,55.54991924455367,51.11084700632084,804.7133138383939,170.20442861270342,0.9800002632822908,0.0,0.0076677583313375,0.0,0.0052215366060224,0.0,0.0036659481305472,0.0034444936498018,0.9325612945776732,0.0,0.0343876139563844,0.0,0.013602275252377,0.0,0.0166652983345077,0.0027835178790573,1.861660636703606,2.2891352457011207,1.0,0.0,1.2542368518043712,0.0,1.0286394854291447,0.0,1.2712415340364884,1.0,2.2410524707626744,824.9746819221486,153.77005765610247,302.7106577576344,49.86436423924916
14,290.0,57.79743856040369,0.98,0.0,0.0076679066242914,0.0,0.0052215831184178,0.0,0.0036660202758488,0.0034444899814419,301.55,77.24,0.9616978942132316,0.7482837721440146,61.69759314000219,57.79733856040369,765.9738210588857,190.2678374824527,0.9908208977026596,0.0,0.001984915531743,0.0,0.0022194619144812,0.0,0.0009267748960445,0.0040479499550718,0.9799990731721414,0.0,0.0076683933819163,0.0,0.0052218402550845,0.0,0.0036662548967646,0.0034444382940929,1.3295533416990315,2.614447566056839,1.0000000000988245,0.0,1.191749853136412,0.0,1.0099842993338013,0.0,1.2125788488448954,1.000000000118554,1.4167983026644004,773.2637021553837,185.44864903964933,302.7106577576344,56.27641671412855
14,290.0,58.230777958136855,0.98,0.0,0.0076679066242914,0.0,0.0052215831184178,0.0,0.0036660202758488,0.0034444899814419,301.55,77.24,0.9616978942132316,0.7538940698878412,61.69759314000219,57.79733856040369,764.1787730450995,191.80358254743317,0.9896929119874698,0.0,0.0025633426594684,0.0,0.0026891588496093,0.0,0.0011996895874148,0.0038548969160375,0.9759650011321288,0.0,0.0097928521355746,0.0,0.00627578943648,0.0,0.0046927129300782,0.0032736443657383,1.3040250584882953,2.635447696921847,1.0000000000703484,0.0,1.1890552898679214,0.0,1.009448544937395,0.0,1.2097220891688574,1.0000000000843587,1.4167983026644004,773.2637021553837,185.44864903964933,302.7106577576344,56.27641671412855
14,290.0,58.664117355870026,0.98,0.0,0.0076679066242914,0.0,0.0052215831184178,0.0,0.0036660202758488,0.0034444899814419,301.55,77.24,0.9616978942132316,0.759504367631668,61.69759314000219,57.79733856040369,762.3969584299305,193.3449203075792,0.988505140007279,0.0,0.0031591279463254,0.0,0.0031163388241907,0.0,0.0014821868502153,0.0037372063719894,0.9719485243931304,0.0,0.0119361869243627,0.0,0.0072145336244605,0.0,0.005733367966881,0.0031673870911652,1.278978606405358,2.65659180136731,1.0000000000152665,0.0,1.186428643692636,0.0,1.0089327970022837,0.0,1.206918074932103,1.0000000000181255,1.4167983026644004,773.2637021553837,185.44864903964933,302.7106577576344,56.27641671412855
14,290.0,59.09745675360319,0.98,0.0,0.0076679066242914,0.0,0.0052215831184178,0.0,0.0036660202758488,0.0034444899814419,301.55,77.24,0.9616978942132316,0.7651146653754944,61.69759314000219,57.79733856040369,760.6301157946624,194.89561100136564,0.9872946694078806,0.0,0.0037698796636756,0.0,0.0035047551675529,0.0,0.0017732457684397,0.003657449992451,0.9679848450495534,0.0,0.0140884029228926,0.0,0.0080493951410729,0.0,0.006783636403621,0.0030937204828598,1.2543554339844316,2.677943597001769,1.0000000001839056,0.0,1.1838485765465177,0.0,1.0084346884896875,0.0,1.204154974699317,1.000000000233457,1.4167983026644004,773.2637021553837,185.44864903964933,302.7106577576344,56.27641671412855
14,290.0,59.530796151336354,0.98,0.0,0.0076679066242914,0.0,0.0052215831184178,0.0,0.0036660202758488,0.0034444899814419,301.55,77.24,0.9616978942132316,0.770724963119321,61.69759314000219,57.79733856040369,758.877126934573,196.45738393826355,0.9860763266072612,0.0,0.004393818780397,0.0,0.0038583266329816,0.0,0.0020721223706045,0.0035994056087556,0.9640871809027264,0.0,0.0162421605997468,0.0,0.0087917094855568,0.0,0.0078401555165987,0.003038793495371,1.2300893993116393,2.699534439456707,1.0000000002167575,0.0,1.1813055380667177,0.0,1.007953325175588,0.0,1.2014269256684844,1.0000000003026632,1.4167983026644004,773.2637021553837,185.44864903964933,302.7106577576344,56.27641671412855
14,290.0,59.964135549069525,0.98,0.0,0.0076679066242914,0.0,0.0052215831184178,0.0,0.0036660202758488,0.0034444899814419,301.55,77.24,0.9616978942132316,0.7763352608631477,61.69759314000219,57.79733856040369,757.135940877502,198.03116920314469,0.9848565920297124,0.0,0.0050295034233846,0.0,0.0041807608959367,0.0,0.0023782220759179,0.0035549215750483,0.9602605199128412,0.0,0.0183916213459664,0.0,0.0094519754201063,0.0,0.0089002394089968,0.002995643912089,1.206155800195688,2.721391855850399,1.0000000000764089,0.0,1.1787938821616482,0.0,1.0074874832625431,0.0,1.1987285071849694,1.0000000001545617,1.4167983026644004,773.2637021553837,185.44864903964933,302.7106577576344,56.27641671412855
14,290.0,60.39747494680269,0.98,0.0,0.0076679066242914,0.0,0.0052215831184178,0.0,0.0036660202758488,0.0034444899814419,301.55,77.24,0.9616978942132316,0.7819455586069742,61.69759314000219,57.79733856040369,755.4042911342773,199.6175730057244,0.9836383428412148,0.0,0.0056757142350959,0.0,0.0044754365153796,0.0,0.0026910469238659,0.0035194594844435,0.9565063737904882,0.0,0.0205319563776579,0.0,0.0100396253300259,0.0,0.009961650043403,0.002960394458425,1.1825286600401037,2.743547783328049,1.0000000000001492,0.0,1.17630941500012,0.0,1.007036603545287,0.0,1.1960563869137777,1.0000000000002347,1.4167983026644004,773.2637021553837,185.44864903964933,302.7106577576344,56.27641671412855
14,290.0,60.83081434453585,0.98,0.0,0.0076679066242914,0.0,0.0052215831184178,0.0,0.0036660202758488,0.0034444899814419,301.55,77.24,0.9616978942132316,0.7875558563508008,61.69759314000219,57.79733856040369,753.6799386113283,201.2170459570497,0.9824227438238468,0.0,0.0063314060974987,0.0,0.0047453819920462,0.0,0.003010174024235,0.0034902940623732,0.9528246401475962,0.0,0.022659125423831,0.0,0.0105630215502867,0.0,0.0110224967303653,0.0029307161479205,1.1591870360242735,2.766016531655674,1.0000000000005818,0.0,1.1738480666279532,0.0,1.0066003816624636,0.0,1.1934077117304434,1.000000000000444,1.4167983026644004,773.2637021553837,185.44864903964933,302.7106577576344,56.27641671412855
14,290.0,61.26415374226902,0.98,0.0,0.0076679066242914,0.0,0.0052215831184178,0.0,0.0036660202758488,0.0034444899814419,301.55,77.24,0.9616978942132316,0.7931661540946275,61.69759314000219,57.79733856040369,751.9607702501811,202.82996258850687,0.9812101009610862,0.0,0.006995677864059,0.0,0.0049932878681424,0.0,0.0033352423281492,0.0034656909785629,0.9492144429552112,0.0,0.0247697332575881,0.0,0.0110295253285428,0.0,0.0120811721561702,0.0029051263024875,1.1361133093093392,2.7888295325703725,1.0000000000003757,0.0,1.171407605517887,0.0,1.006178344344732,0.0,1.1907795179280758,1.0000000000004736,1.4167983026644004,773.2637021553837,185.44864903964933,302.7106577576344,56.27641671412855
14,290.0,61.69749314000219,0.98,0.0,0.0076679066242914,0.0,0.0052215831184178,0.0,0.0036660202758488,0.0034444899814419,301.55,77.24,0.9616978942132316,0.798776451838454,61.69759314000219,57.79733856040369,750.2448281719408,204.4566565374172,0.9800002769868114,0.0,0.0076677517476196,0.0,0.0052215328942302,0.0,0.0036659438560613,0.0034444945152774,0.9456745339446838,0.0,0.0268609285471567,0.0,0.0114455929766083,0.0,0.0131363080850384,0.0028826364465124,1.113292797952419,2.8119997341050094,1.000000000001437,0.0,1.1689869931339496,0.0,1.005769967982648,0.0,1.188172352413301,1.0000000000020188,1.4167983026644004,773.2637021553837,185.44864903964933,302.7106577576344,56.27641671412855
15,200.0,2.7092672480657827,0.97,0.0284017138273346,0.0,0.0015982861726653,0.0,0.0,0.0,0.0,301.55,85.09,0.663239927043608,0.0318400193685013,128.42388374528207,2.7091672480657825,1221.9122217516745,7.273548497299909,0.9999711809681964,1.917409780692521e-05,0.0,9.644933996736985e-06,0.0,0.0,0.0,0.0,0.969965857261522,0.0284340468085528,0.0,0.0016000959299252,0.0,0.0,0.0,0.0,22.534785700383875,0.6826578413255611,1.000000010130971,1.6331966123686996,0.0,5.3801949671074345,0.0,0.0,0.0,0.0,22.539601137490653,1221.920496490378,7.249541730897533,302.7106577576344,2.6239816647333654
15,200.0,16.67754685886759,0.97,0.0284017138273346,0.0,0.0015982861726653,0.0,0.0,0.0,0.0,301.55,85.09,0.663239927043608,0.19599890538098,128.42388374528207,2.7091672480657825,1220.6270603962075,10.455031437774654,0.9959237861805428,0.0032250518976911,0.0,0.000851161921766,0.0,0.0,0.0,0.0,0.1764540533127442,0.7990776438880144,0.0,0.0244683027992415,0.0,0.0,0.0,0.0,21.83933870686428,0.7146066933828692,1.000000005381667,1.5777133267782404,0.0,5.073080708035246,0.0,0.0,0.0,0.0,22.539601137490653,1221.920496490378,7.249541730897533,302.7106577576344,2.6239816647333654
15,200.0,30.6458264696694,0.97,0.0284017138273346,0.0,0.0015982861726653,0.0,0.0,0.0,0.0,301.55,85.09,0.663239927043608,0.3601577913934586,128.42388374528207,2.7091672480657825,1219.4010729688168,13.048485102186673,0.9923864916855828,0.0064600353735503,0.0,0.0011534729408667,0.0,0.0,0.0,0.0,0.1047339516035956,0.8764751715865645,0.0,0.0187908768098398,0.0,0.0,0.0,0.0,21.23154919389048,0.7433414763601675,1.000000001759104,1.5286379361638065,0.0,4.809496311267609,0.0,0.0,0.0,0.0,22.539601137490653,1221.920496490378,7.249541730897533,302.7106577576344,2.6239816647333654
15,200.0,44.61410608047121,0.97,0.0284017138273346,0.0,0.0015982861726653,0.0,0.0,0.0,0.0,301.55,85.09,0.663239927043608,0.5243166774059373,128.42388374528207,2.7091672480657825,1218.2027638826798,15.46656755610848,0.9890125724565768,0.0096792247463238,0.0,0.0013082027970991,0.0,0.0,0.0,0.0,0.0781074755254966,0.906686232613357,0.0,0.0152062918611464,0.0,0.0,0.0,0.0,20.66929391056119,0.7697318689050412,1.0,1.48464657988723,0.0,4.573974626193689,0.0,0.0,0.0,0.0,22.539601137490653,1221.920496490378,7.249541730897533,302.7106577576344,2.6239816647333654
15,200.0,58.58238569127302,0.97,0.0284017138273346,0.0,0.0015982861726653,0.0,0.0,0.0,0.0,301.55,85.09,0.663239927043608,0.688475563418416,128.42388374528207,2.7091672480657825,1217.0249167179338,17.804514707325605,0.9857246239910856,0.0128729530438032,0.0,0.0014024229651112,0.0,0.0,0.0,0.0,0.0643926033829447,0.9227290207209956,0.0,0.0128783758960598,0.0,0.0,0.0,0.0,20.141234872912705,0.7940245171747166,1.0000000001014733,1.4451439709170817,0.0,4.360827878956527,0.0,0.0,0.0,0.0,22.539601137490653,1221.920496490378,7.249541730897533,302.7106577576344,2.6239816647333654
15,200.0,72.55066530207482,0.97,0.0284017138273346,0.0,0.0015982861726653,0.0,0.0,0.0,0.0,301.55,85.09,0.663239927043608,0.8526344494308945,128.42388374528207,2.7091672480657825,1215.8648546374798,20.09567107418586,0.9824957171417228,0.016038184838916,0.0,0.0014660980193611,0.0,0.0,0.0,0.0,0.056151565646045,0.932582840929766,0.0,0.0112655934241888,0.0,0.0,0.0,0.0,19.6420515559826,0.8164694407253564,1.000000000689668,1.4096126221300362,0.0,4.167469331658956,0.0,0.0,0.0,0.0,22.539601137490653,1221.920496490378,7.249541730897533,302.7106577576344,2.6239816647333654
15,200.0,86.51894491287663,0.97,0.0284017138273346,0.0,0.0015982861726653,0.0,0.0,0.0,0.0,301.55,85.09,0.663239927043608,1.0167933354433734,128.42388374528207,2.7091672480657825,1214.7212558857827,22.35481937742422,0.97931389666811,0.0191738436194041,0.0,0.0015122597124857,0.0,0.0,0.0,0.0,0.0507415740812608,0.9391695421809588,0.0,0.0100888837377804,0.0,0.0,0.0,0.0,19.168397724540867,0.8372998614616237,1.0000000005129643,1.377542970579693,0.0,3.9907068894232114,0.0,0.0,0.0,0.0,22.539601137490653,1221.920496490378,7.249541730897533,302.7106577576344,2.6239816647333654
15,200.0,100.48722452367844,0.97,0.0284017138273346,0.0,0.0015982861726653,0.0,0.0,0.0,0.0,301.55,85.09,0.663239927043608,1.180952221455852,128.42388374528207,2.7091672480657825,1213.5933124980868,24.58952170943651,0.9761729190067288,0.0222796040165334,0.0,0.0015474769767377,0.0,0.0,0.0,0.0,0.0469864985241573,0.9438179061874892,0.0,0.0091955952883535,0.0,0.0,0.0,0.0,18.71780279087143,0.8567272431929936,1.000000000411258,1.348492213249855,0.0,3.828789282506544,0.0,0.0,0.0,0.0,22.539601137490653,1221.920496490378,7.249541730897533,302.7106577576344,2.6239816647333654
15,200.0,114.45550413448024,0.97,0.0284017138273346,0.0,0.0015982861726653,0.0,0.0,0.0,0.0,301.55,85.09,0.663239927043608,1.3451111074683306,128.42388374528207,2.7091672480657825,1212.480438921015,26.803992385627392,0.9730690971791534,0.0253554858990533,0.0,0.0015754169217932,0.0,0.0,0.0,0.0,0.0442830338052671,0.9472207382819868,0.0,0.0084962279127458,0.0,0.0,0.0,0.0,18.28829914819032,0.8749144909236855,1.0,1.3220507707235531,0.0,3.679914301947019,0.0,0.0,0.0,0.0,22.539601137490653,1221.920496490378,7.249541730897533,302.7106577576344,2.6239816647333654
15,200.0,128.4237837452821,0.97,0.0284017138273346,0.0,0.0015982861726653,0.0,0.0,0.0,0.0,301.55,85.09,0.663239927043608,1.5092699934808094,128.42388374528207,2.7091672480657825,1211.3821517553486,29.000679931884264,0.9700000216895748,0.0284016922859127,0.0,0.0015982860245125,0.0,0.0,0.0,0.0,0.0422895564534142,0.9497753393824062,0.0,0.0079351041641795,0.0,0.0,0.0,0.0,17.878246568480588,0.8920208665353805,1.000000000077425,1.2979769235366627,0.0,3.5426477042902853,0.0,0.0,0.0,0.0,22.539601137490653,1221.920496490378,7.249541730897533,302.7106577576344,2.6239816647333654
15,205.0,3.464832404249967,0.97,0.0284017138273346,0.0,0.0015982861726653,0.0,0.0,0.0,0.0,301.55,85.09,0.6798209252196982,0.0407196192766478,118.33118775190272,3.464732404249967,1206.2656826854568,9.155079675247515,0.9999596906173304,2.6925300704308683e-05,0.0,1.3384081965467856e-05,0.0,0.0,0.0,0.0,0.969973572697332,0.0284267430952971,0.0,0.0015996842073708,0.0,0.0,0.0,0.0,21.151887279880413,0.7105160261248834,1.0,1.5606412150667095,0.0,4.639504157071782,0.0,0.0,0.0,0.0,21.15779579629993,1206.2779501886548,9.12387059747945,302.7106577576344,3.35468958110042
15,205.0,16.227749665100273,0.97,0.0284017138273346,0.0,0.0015982861726653,0.0,0.0,0.0,0.0,301.55,85.09,0.6798209252196982,0.190712770773302,118.33118775190272,3.464732404249967,1204.915866999163,12.11115407221669,0.9959398045998048,0.0032129759087092,0.0,0.0008472194914858,0.0,0.0,0.0,0.0,0.2300895337895735,0.7468886532687581,0.0,0.0230218129416684,0.0,0.0,0.0,0.0,20.545240353588227,0.738620374405683,1.0,1.5161249198032274,0.0,4.51378042597188,0.0,0.0,0.0,0.0,21.15779579629993,1206.2779501886548,9.12387059747945,302.7106577576344,3.35468958110042
15,205.0,28.99066692595058,0.97,0.0284017138273346,0.0,0.0015982861726653,0.0,0.0,0.0,0.0,301.55,85.09,0.6798209252196982,0.3407059222699563,118.33118775190272,3.464732404249967,1203.624425817076,14.54665515925452,0.9924160945204126,0.006432762062894,0.0,0.0011511434166933,0.0,0.0,0.0,0.0,0.1392543105379439,0.8425761884972853,0.0,0.0181695009647706,0.0,0.0,0.0,0.0,20.010738533479376,0.7641464371998624,1.0,1.4764990090001922,0.0,4.403640726544167,0.0,0.0,0.0,0.0,21.15779579629993,1206.2779501886548,9.12387059747945,302.7106577576344,3.35468958110042
15,205.0,41.753584186800886,0.97,0.0284017138273346,0.0,0.0015982861726653,0.0,0.0,0.0,0.0,301.55,85.09,0.6798209252196982,0.4906990737666105,118.33118775190272,3.464732404249967,1202.3582192012718,16.82499319742265,0.9890507000426788,0.0096419598122178,0.0,0.0013073401451034,0.0,0.0,0.0,0.0,0.1040459167119858,0.8811307765114244,0.0,0.0148233067765898,0.0,0.0,0.0,0.0,19.51297374087298,0.78787616625618,1.0,1.44033988165951,0.0,4.302623626321052,0.0,0.0,0.0,0.0,21.15779579629993,1206.2779501886548,9.12387059747945,302.7106577576344,3.35468958110042
15,205.0,54.5165014476512,0.97,0.0284017138273346,0.0,0.0015982861726653,0.0,0.0,0.0,0.0,301.55,85.09,0.6798209252196982,0.6406922252632646,118.33118775190272,3.464732404249967,1201.109688007091,19.033219879525515,0.9857668890595044,0.0128306420181507,0.0,0.0014024689223448,0.0,0.0,0.0,0.0,0.085519316153346,0.9018975689726004,0.0,0.0125831148740535,0.0,0.0,0.0,0.0,,,,,0.0,,0.0,0.0,0.0,0.0,21.15779579629993,1206.2779501886548,9.12387059747945,302.7106577576344,3.35468958110042
15,205.0,67.2794187085015,0.97,0.0284017138273346,0.0,0.0015982861726653,0.0,0.0,0.0,0.0,301.55,85.09,0.6798209252196982,0.7906853767599188,118.33118775190272,3.464732404249967,1199.876088130958,21.20223752842181,0.982537823787502,0.0159955582331553,0.0,0.0014666179793425,0.0,0.0,0.0,0.0,0.074212899781706,0.9147815459992286,0.0,0.0110055542190653,0.0,0.0,0.0,0.0,18.595564696898883,0.8307290425913401,1.0,1.3773621713097723,0.0,3.982458025489078,0.0,0.0,0.0,0.0,21.15779579629993,1206.2779501886548,9.12387059747945,302.7106577576344,3.35468958110042
15,205.0,80.0423359693518,0.97,0.0284017138273346,0.0,0.0015982861726653,0.0,0.0,0.0,0.0,301.55,85.09,0.6798209252196982,0.9406785282565728,118.33118775190272,3.464732404249967,1198.6561235726144,23.345843752679865,0.9793516073441438,0.0191354519895577,0.0,0.0015129406662983,0.0,0.0,0.0,0.0,0.0666855748021092,0.9234722271296524,0.0,0.0098421980682384,0.0,0.0,0.0,0.0,,,,,0.0,,0.0,0.0,0.0,0.0,21.15779579629993,1206.2779501886548,9.12387059747945,302.7106577576344,3.35468958110042
15,205.0,92.80525323020213,0.97,0.0284017138273346,0.0,0.0015982861726653,0.0,0.0,0.0,0.0,301.55,85.09,0.6798209252196982,1.0906716797532272,118.33118775190272,3.464732404249967,1197.4490528881763,25.471142269755788,0.9762020761010226,0.0222498337168701,0.0,0.0015480901821072,0.0,0.0,0.0,0.0,0.0613846196802703,0.9296632906289328,0.0,0.0089520896907967,0.0,0.0,0.0,0.0,,,,,0.0,,0.0,0.0,0.0,0.0,21.15779579629993,1206.2779501886548,9.12387059747945,302.7106577576344,3.35468958110042
15,205.0,105.5681704910524,0.97,0.0284017138273346,0.0,0.0015982861726653,0.0,0.0,0.0,0.0,301.55,85.09,0.6798209252196982,1.2406648312498814,118.33118775190272,3.464732404249967,1196.2543791859575,27.582129556998755,0.9730856450997132,0.0253385646780933,0.0,0.0015757902221934,0.0,0.0,0.0,0.0,0.0575062450987786,0.934242916781466,0.0,0.0082508381197552,0.0,0.0,0.0,0.0,17.371032810211215,0.8857146156980207,1.0,1.3018480765460838,0.0,3.5662536800124367,0.0,0.0,0.0,0.0,21.15779579629993,1206.2779501886548,9.12387059747945,302.7106577576344,3.35468958110042
15,205.0,118.33108775190271,0.97,0.0284017138273346,0.0,0.0015982861726653,0.0,0.0,0.0,0.0,301.55,85.09,0.6798209252196982,1.3906579827465355,118.33118775190272,3.464732404249967,1195.0717217665317,29.68116393039928,0.970000023883616,0.0284016901025311,0.0,0.0015982860138529,0.0,0.0,0.0,0.0,0.0545923992674823,0.9377223779568484,0.0,0.0076852227756691,0.0,0.0,0.0,0.0,16.99667845131961,0.9020591000175572,1.0,1.2806698119740478,0.0,3.446956700613712,0.0,0.0,0.0,0.0,21.15779579629993,1206.2779501886548,9.12387059747945,302.7106577576344,3.35468958110042
15,210.0,4.373886809162856,0.97,0.0284017138273346,0.0,0.0015982861726653,0.0,0.0,0.0,0.0,301.55,85.09,0.6964019233957884,0.0514030650976948,109.68521423543028,4.373786809162857,1190.276356967354,11.395003632258582,0.9999446214004684,3.7291575014143565e-05,0.0,1.8087024517512394e-05,0.0,0.0,0.0,0.0,0.9699793074390684,0.0284213144269848,0.0,0.0015993781339467,0.0,0.0,0.0,0.0,19.7867369251367,0.7404117930923925,1.0,1.4954559945863375,0.0,3.999107032674524,0.0,0.0,0.0,0.0,19.793904820804077,1190.2941504876192,11.354703713715036,302.7106577576344,4.233266563955471
15,210.0,16.075134300970348,0.97,0.0284017138273346,0.0,0.0015982861726653,0.0,0.0,0.0,0.0,301.55,85.09,0.6964019233957884,0.1889191949814355,109.68521423543028,4.373786809162857,1188.868065319093,14.167949991502333,0.9959551673685996,0.0032060897964382,0.0,0.0008387428349622,0.0,0.0,0.0,0.0,0.2912718535194576,0.687267786815933,0.0,0.0214603596646093,0.0,0.0,0.0,0.0,19.25539544617864,0.7653892034500324,1.0,1.4592761591754182,0.0,3.904538965074513,0.0,0.0,0.0,0.0,19.793904820804077,1190.2941504876192,11.354703713715036,302.7106577576344,4.233266563955471
15,210.0,27.77638179277784,0.97,0.0284017138273346,0.0,0.0015982861726653,0.0,0.0,0.0,0.0,301.55,85.09,0.6964019233957884,0.3264353248651762,109.68521423543028,4.373786809162857,1187.5174709416551,16.480742761098345,0.9924430974889596,0.0064122645642322,0.0,0.0011446379468081,0.0,0.0,0.0,0.0,0.1810097845803152,0.8014438627370443,0.0,0.0175463526826405,0.0,0.0,0.0,0.0,18.78373093369036,0.788254407037271,1.0000000001580929,1.4273112457642592,0.0,3.8208117402707615,0.0,0.0,0.0,0.0,19.793904820804077,1190.2941504876192,11.354703713715036,302.7106577576344,4.233266563955471
15,210.0,39.477629284585326,0.97,0.0284017138273346,0.0,0.0015982861726653,0.0,0.0,0.0,0.0,301.55,85.09,0.6964019233957884,0.4639514547489167,109.68521423543028,4.373786809162857,1186.190186467631,18.651202773569672,0.9890844830902672,0.0096124102765048,0.0,0.0013031066332279,0.0,0.0,0.0,0.0,0.1360619255606845,0.8494412750835623,0.0,0.0144967993557531,0.0,0.0,0.0,0.0,18.341984633942328,0.8097291148722896,1.0,1.3975769866492154,0.0,3.743674222900058,0.0,0.0,0.0,0.0,19.793904820804077,1190.2941504876192,11.354703713715036,302.7106577576344,4.233266563955471
15,210.0,51.17887677639282,0.97,0.0284017138273346,0.0,0.0015982861726653,0.0,0.0,0.0,0.0,301.55,85.09,0.6964019233957884,0.6014675846326574,109.68521423543028,4.373786809162857,1184.878316691642,20.759023807083143,0.9858037772198512,0.0127963283068559,0.0,0.0013998944732929,0.0,0.0,0.0,0.0,0.1118264989759431,0.8758021890831847,0.0,0.0123713119408721,0.0,0.0,0.0,0.0,17.92243717788218,0.8299794157302081,1.0,1.3701056424766762,0.0,3.671961381820036,0.0,0.0,0.0,0.0,19.793904820804077,1190.2941504876192,11.354703713715036,302.7106577576344,4.233266563955471
15,210.0,62.88012426820031,0.97,0.0284017138273346,0.0,0.0015982861726653,0.0,0.0,0.0,0.0,301.55,85.09,0.6964019233957884,0.738983714516398,109.68521423543028,4.373786809162857,1183.579023278117,22.833176234692733,0.982574278730798,0.0159605516422127,0.0,0.0014651696269892,0.0,0.0,0.0,0.0,0.0967918908462607,0.8923656786738438,0.0,0.0108424304798955,0.0,0.0,0.0,0.0,17.52168812676082,0.8491194738209522,1.0,1.344814169643547,0.0,3.604676051169028,0.0,0.0,0.0,0.0,19.793904820804077,1190.2941504876192,11.354703713715036,302.7106577576344,4.233266563955471
15,210.0,74.5813717600078,0.97,0.0284017138273346,0.0,0.0015982861726653,0.0,0.0,0.0,0.0,301.55,85.09,0.6964019233957884,0.8764998444001386,109.68521423543028,4.373786809162857,1182.291002348738,24.88676985505192,0.9793841163213316,0.019103660497092,0.0,0.0015122231815761,0.0,0.0,0.0,0.0,0.086647349408477,0.9036530186241992,0.0,0.0096996319673237,0.0,0.0,0.0,0.0,17.137702334242835,0.8672415468964118,1.0,1.3214879138396176,0.0,3.5415069550222986,0.0,0.0,0.0,0.0,19.793904820804077,1190.2941504876192,11.354703713715036,302.7106577576344,4.233266563955471
15,210.0,86.28261925181529,0.97,0.0284017138273346,0.0,0.0015982861726653,0.0,0.0,0.0,0.0,301.55,85.09,0.6964019233957884,1.0140159742838792,109.68521423543028,4.373786809162857,1181.013542681231,26.92661990522176,0.9762271577947575,0.022225029311823,0.0,0.0015478128934194,0.0,0.0,0.0,0.0,0.0794130174850141,0.911770179172406,0.0,0.0088168033425799,0.0,0.0,0.0,0.0,16.76904434821642,0.8844374717270469,1.0,1.299927905963089,0.0,3.482245062317772,0.0,0.0,0.0,0.0,19.793904820804077,1190.2941504876192,11.354703713715036,302.7106577576344,4.233266563955471
15,210.0,97.98386674362278,0.97,0.0284017138273346,0.0,0.0015982861726653,0.0,0.0,0.0,0.0,301.55,85.09,0.6964019233957884,1.15153210416762,109.68521423543028,4.373786809162857,1179.7461980180897,28.956601411789897,0.9730998686703548,0.0253243961047965,0.0,0.0015757352248487,0.0,0.0,0.0,0.0,0.074051696767413,0.9178321656342237,0.0,0.0081161375983633,0.0,0.0,0.0,0.0,,,,,0.0,,0.0,0.0,0.0,0.0,19.793904820804077,1190.2941504876192,11.354703713715036,302.7106577576344,4.233266563955471
15,210.0,109.68511423543028,0.97,0.0284017138273346,0.0,0.0015982861726653,0.0,0.0,0.0,0.0,301.55,85.09,0.6964019233957884,1.2890482340513605,109.68521423543028,4.373786809162857,1178.4886514649577,30.97904336335708,0.970000026185904,0.0284016878145227,0.0,0.0015982859995733,0.0,0.0,0.0,0.0,0.0699672839386425,0.9224851067578654,0.0,0.007547609303492,0.0,0.0,0.0,0.0,16.073354432239956,0.9164101152566552,1.0000000000423852,1.2615012278460875,0.0,3.326533586180105,0.0,0.0,0.0,0.0,19.793904820804077,1190.2941504876192,11.354703713715036,302.7106577576344,4.233266563955471
15,215.0,5.456038060008955,0.97,0.0284017138273346,0.0,0.0015982861726653,0.0,0.0,0.0,0.0,301.55,85.09,0.7129829215718786,0.0641207904572682,102.27674479527288,5.455938060008955,1173.8832029543942,14.041112384503846,0.9999251168825292,5.1019840970602943e-05,0.0,2.386327650015993e-05,0.0,0.0,0.0,0.0,0.9699836297015656,0.0284172228501799,0.0,0.0015991474482544,0.0,0.0,0.0,0.0,18.439598359494937,0.7725843971829108,1.0,1.436607071979495,0.0,3.4940044684163336,0.0,0.0,0.0,0.0,18.4482052908898,1173.908539729092,13.989350648063478,302.7106577576344,5.278346606766283
15,215.0,16.213883252816057,0.97,0.0284017138273346,0.0,0.0015982861726653,0.0,0.0,0.0,0.0,301.55,85.09,0.7129829215718786,0.1905498090588324,102.27674479527288,5.455938060008955,1172.4212685759103,16.66470878894685,0.9959692608452464,0.003204518631423,0.0,0.0008262205233304,0.0,0.0,0.0,0.0,0.3581286949870729,0.6220820961478803,0.0,0.0197892088650468,0.0,0.0,0.0,0.0,17.972652389015334,0.7950174662995977,1.0,1.4070218246720505,0.0,3.421655557290551,0.0,0.0,0.0,0.0,18.4482052908898,1173.908539729092,13.989350648063478,302.7106577576344,5.278346606766283
15,215.0,26.97172844562316,0.97,0.0284017138273346,0.0,0.0015982861726653,0.0,0.0,0.0,0.0,301.55,85.09,0.7129829215718786,0.3169788276603967,102.27674479527288,5.455938060008955,1171.016411777367,18.882528400280503,0.9924675511988872,0.0063981574960878,0.0,0.001134291305025,0.0,0.0,0.0,0.0,0.2299293575261953,0.7531885820811831,0.0,0.0168820603926215,0.0,0.0,0.0,0.0,17.555266442540365,0.8156762506960604,1.0,1.3810738751374312,0.0,3.3574142376258767,0.0,0.0,0.0,0.0,18.4482052908898,1173.908539729092,13.989350648063478,302.7106577576344,5.278346606766283
15,215.0,37.72957363843027,0.97,0.0284017138273346,0.0,0.0015982861726653,0.0,0.0,0.0,0.0,301.55,85.09,0.7129829215718786,0.443407846261961,102.27674479527288,5.455938060008955,1169.63337564119,20.971032841568597,0.989114430978534,0.0095898148793463,0.0,0.0012957541421195,0.0,0.0,0.0,0.0,0.1745750550363066,0.8112371381290286,0.0,0.0141878068346646,0.0,0.0,0.0,0.0,17.162451422190095,0.8352347862698054,1.0,1.3566817017288912,0.0,3.2976550435361034,0.0,0.0,0.0,0.0,18.4482052908898,1173.908539729092,13.989350648063478,302.7106577576344,5.278346606766283
15,215.0,48.48741883123737,0.97,0.0284017138273346,0.0,0.0015982861726653,0.0,0.0,0.0,0.0,301.55,85.09,0.7129829215718786,0.5698368648635254,102.27674479527288,5.455938060008955,1168.2639182835442,23.002735060429774,0.9858360648652356,0.0127690343765078,0.0,0.0013949007582565,0.0,0.0,0.0,0.0,0.1438788669086596,0.8439128253990935,0.0,0.0122083076922468,0.0,0.0,0.0,0.0,16.787719940824378,0.8538322521713134,1.0,1.3338658547238418,0.0,3.241517470753658,0.0,0.0,0.0,0.0,18.4482052908898,1173.908539729092,13.989350648063478,302.7106577576344,5.278346606766283
15,215.0,59.24526402404448,0.97,0.0284017138273346,0.0,0.0015982861726653,0.0,0.0,0.0,0.0,301.55,85.09,0.7129829215718786,0.6962658834650896,102.27674479527288,5.455938060008955,1166.9050832326718,25.00486812415851,0.9826059594475754,0.0159321262604308,0.0,0.0014619142919936,0.0,0.0,0.0,0.0,0.1244885805396104,0.8647663497461212,0.0,0.0107450697142683,0.0,0.0,0.0,0.0,16.428273937556824,0.8715812863480772,1.0000000000052869,1.3125906093662851,0.0,3.1887054057133577,0.0,0.0,0.0,0.0,18.4482052908898,1173.908539729092,13.989350648063478,302.7106577576344,5.278346606766283
15,215.0,70.00310921685157,0.97,0.0284017138273346,0.0,0.0015982861726653,0.0,0.0,0.0,0.0,301.55,85.09,0.7129829215718786,0.8226949020666537,102.27674479527288,5.455938060008955,1165.5555339404034,26.99000833703344,0.9794122567442364,0.0190775121269566,0.0,0.0015102311288069,0.0,0.0,0.0,0.0,0.1112227062671116,0.8791448374011382,0.0,0.00963245633175,0.0,0.0,0.0,0.0,16.082506018261604,0.8885365945491281,1.0,1.2927721885993608,0.0,3.138795332783307,0.0,0.0,0.0,0.0,18.4482052908898,1173.908539729092,13.989350648063478,302.7106577576344,5.278346606766283
15,215.0,80.76095440965867,0.97,0.0284017138273346,0.0,0.0015982861726653,0.0,0.0,0.0,0.0,301.55,85.09,0.7129829215718786,0.949123920668218,102.27674479527288,5.455938060008955,1164.2145643550416,28.964791051164852,0.9762488252981604,0.022204444326643,0.0,0.0015467303751965,0.0,0.0,0.0,0.0,0.1016485390750675,0.8895888598746671,0.0,0.0087626010502654,0.0,0.0,0.0,0.0,15.749287890740575,0.9047398749851702,1.0,1.2743494030184093,0.0,3.0914978511831204,0.0,0.0,0.0,0.0,18.4482052908898,1173.908539729092,13.989350648063478,302.7106577576344,5.278346606766283
15,215.0,91.51879960246578,0.97,0.0284017138273346,0.0,0.0015982861726653,0.0,0.0,0.0,0.0,301.55,85.09,0.7129829215718786,1.0755529392697822,102.27674479527288,5.455938060008955,1162.8817535041535,30.933046615577517,0.9731121464134928,0.0253125575354857,0.0,0.0015752960510214,0.0,0.0,0.0,0.0,0.0944723423562121,0.897461652836639,0.0,0.0080660048071487,0.0,0.0,0.0,0.0,15.427750534885256,0.9202790444132148,1.0,1.2571532752959853,0.0,3.046676483295373,0.0,0.0,0.0,0.0,18.4482052908898,1173.908539729092,13.989350648063478,302.7106577576344,5.278346606766283
15,215.0,102.27664479527289,0.97,0.0284017138273346,0.0,0.0015982861726653,0.0,0.0,0.0,0.0,301.55,85.09,0.7129829215718786,1.2019819578713464,102.27674479527288,5.455938060008955,1161.5568212887783,32.8971086358598,0.9700000286076,0.0284016854112556,0.0,0.0015982859811443,0.0,0.0,0.0,0.0,0.0889423477928294,0.9035608985008872,0.0,0.0074967537062831,0.0,0.0,0.0,0.0,15.117167624039682,0.9351772346533892,1.0,1.2410920359657096,0.0,3.004030821918993,0.0,0.0,0.0,0.0,18.4482052908898,1173.908539729092,13.989350648063478,302.7106577576344,5.278346606766283
15,220.0,6.731887789860942,0.97,0.0284017138273346,0.0,0.0015982861726653,0.0,0.0,0.0,0.0,301.55,85.09,0.7295639197479687,0.0791149111512626,95.94512597666012,6.731787789860943,1157.0185849329214,17.14674282948932,0.9999001368066855,6.905253881920666e-05,0.0,3.081065449518765e-05,0.0,0.0,0.0,0.0,0.9699869295107064,0.0284140991133427,0.0,0.0015989713759508,0.0,0.0,0.0,0.0,17.110900233733037,0.8073227605591307,1.0,1.3834162595280248,0.0,3.09073130535421,0.0,0.0,0.0,0.0,17.121140165387374,1157.0541060432145,17.08052563899556,302.7106577576344,6.509407158415541
15,220.0,16.644458699505293,0.97,0.0284017138273346,0.0,0.0015982861726653,0.0,0.0,0.0,0.0,301.55,85.09,0.7295639197479687,0.1956100446527828,95.94512597666012,6.731787789860943,1155.5067088746866,19.648631299994456,0.99598115801412,0.0032087042968996,0.0,0.0008101376889804,0.0,0.0,0.0,0.0,0.4281341782911708,0.5538298261196567,0.0,0.0180359955891724,0.0,0.0,0.0,0.0,16.69945350418296,0.82767989942638,1.0,1.358945767199078,0.0,3.034526308152845,0.0,0.0,0.0,0.0,17.121140165387374,1157.0541060432145,17.08052563899556,302.7106577576344,6.509407158415541
15,220.0,26.557029609149645,0.97,0.0284017138273346,0.0,0.0015982861726653,0.0,0.0,0.0,0.0,301.55,85.09,0.7295639197479687,0.312105178154303,95.94512597666012,6.731787789860943,1154.0512799739336,21.79328773775367,0.992489148034392,0.0063904722689835,0.0,0.0011203796966244,0.0,0.0,0.0,0.0,0.2853649286989776,0.6984879221034411,0.0,0.0161471491975811,0.0,0.0,0.0,0.0,16.32928319277998,0.8465302028953339,1.0,1.337856492558424,0.0,2.984466577720902,0.0,0.0,0.0,0.0,17.121140165387374,1157.0541060432145,17.08052563899556,302.7106577576344,6.509407158415541
15,220.0,36.469600518794,0.97,0.0284017138273346,0.0,0.0015982861726653,0.0,0.0,0.0,0.0,301.55,85.09,0.7295639197479687,0.4286003116558232,95.94512597666012,6.731787789860943,1152.6165728787666,23.82090709933674,0.9891406737936688,0.0095738689720172,0.0,0.0012854572343139,0.0,0.0,0.0,0.0,0.2196599899490235,0.7664784111403636,0.0,0.0138615989106129,0.0,0.0,0.0,0.0,15.979438579985477,0.8644698603867348,1.0,1.3178429491896404,0.0,2.937692500795304,0.0,0.0,0.0,0.0,17.121140165387374,1157.0541060432145,17.08052563899556,302.7106577576344,6.509407158415541
15,220.0,46.38217142843835,0.97,0.0284017138273346,0.0,0.0015982861726653,0.0,0.0,0.0,0.0,301.55,85.09,0.7295639197479687,0.5450954451573433,95.94512597666012,6.731787789860943,1151.1939660488956,25.79677217073724,0.9858641573244424,0.0127482313085056,0.0,0.0013876113670518,0.0,0.0,0.0,0.0,0.182038188941763,0.8058994518194418,0.0,0.0120623592387953,0.0,0.0,0.0,0.0,15.644418611150009,0.8816993933882898,1.0,1.2989150865234602,0.0,2.8934751375311576,0.0,0.0,0.0,0.0,17.121140165387374,1157.0541060432145,17.08052563899556,302.7106577576344,6.509407158415541
15,220.0,56.2947423380827,0.97,0.0284017138273346,0.0,0.0015982861726653,0.0,0.0,0.0,0.0,301.55,85.09,0.7295639197479687,0.6615905786588635,95.94512597666012,6.731787789860943,1149.780354919841,27.746291093604757,0.9826334078194836,0.0159096475525089,0.0,0.0014569446280073,0.0,0.0,0.0,0.0,0.1577842768150321,0.8315304332085158,0.0,0.010685289976452,0.0,0.0,0.0,0.0,15.321904119143916,0.8982425565758951,1.0,1.2810884675201262,0.0,2.851516147804462,0.0,0.0,0.0,0.0,17.121140165387374,1157.0541060432145,17.08052563899556,302.7106577576344,6.509407158415541
15,220.0,66.20731324772706,0.97,0.0284017138273346,0.0,0.0015982861726653,0.0,0.0,0.0,0.0,301.55,85.09,0.7295639197479687,0.7780857121603838,95.94512597666012,6.731787789860943,1148.374347760399,29.68151095297545,0.9794365855240148,0.019056381047866,0.0,0.001507033428119,0.0,0.0,0.0,0.0,0.1409406421372556,0.8494439831357244,0.0,0.0096153747270198,0.0,0.0,0.0,0.0,15.010583705213753,0.9141473054320158,1.0,1.2643324790967014,0.0,2.8116160572026403,0.0,0.0,0.0,0.0,17.121140165387374,1157.0541060432145,17.08052563899556,302.7106577576344,6.509407158415541
15,220.0,76.1198841573714,0.97,0.0284017138273346,0.0,0.0015982861726653,0.0,0.0,0.0,0.0,301.55,85.09,0.7295639197479687,0.8945808456619039,95.94512597666012,6.731787789860943,1146.975224367234,31.608920295209145,0.9762675426412596,0.0221875678109971,0.0,0.0015448895477434,0.0,0.0,0.0,0.0,0.1286345643928783,0.8625990969522002,0.0,0.0087663386549215,0.0,0.0,0.0,0.0,14.709573179896484,0.9294778286900276,1.0,1.2486242747789775,0.0,2.773615040699313,0.0,0.0,0.0,0.0,17.121140165387374,1157.0541060432145,17.08052563899556,302.7106577576344,6.509407158415541
15,220.0,86.03245506701576,0.97,0.0284017138273346,0.0,0.0015982861726653,0.0,0.0,0.0,0.0,301.55,85.09,0.7295639197479687,1.011075979163424,95.94512597666012,6.731787789860943,1145.582570141982,33.53232860475886,0.973122752689793,0.0253027503173647,0.0,0.0015744969928422,0.0,0.0,0.0,0.0,0.1193097395569248,0.872611402291228,0.0,0.008078858151847,0.0,0.0,0.0,0.0,,,,,0.0,,0.0,0.0,0.0,0.0,17.121140165387374,1157.0541060432145,17.08052563899556,302.7106577576344,6.509407158415541
15,220.0,95.9450259766601,0.97,0.0284017138273346,0.0,0.0015982861726653,0.0,0.0,0.0,0.0,301.55,85.09,0.7295639197479687,1.127571112664944,95.94512597666012,6.731787789860943,1144.1961238561098,35.45410962402906,0.970000031162376,0.0284016828797631,0.0,0.0015982859578608,0.0,0.0,0.0,0.0,0.1120494584095852,0.8804383431805686,0.0,0.0075121984098461,0.0,0.0,0.0,0.0,14.135878018355829,0.9585370975211648,1.0,1.220000937446028,0.0,2.7027652085428864,0.0,0.0,0.0,0.0,17.121140165387374,1157.0541060432145,17.08052563899556,302.7106577576344,6.509407158415541
15,225.0,8.223025631108978,0.97,0.0284017138273346,0.0,0.0015982861726653,0.0,0.0,0.0,0.0,301.55,85.09,0.746144917924059,0.0966391542027145,90.56592988562778,8.222925631108978,1139.6064065484372,20.772082797444376,0.9998683997557746,9.258406394641982e-05,0.0,3.901618027896417e-05,0.0,0.0,0.0,0.0,0.9699894788577562,0.0284116857168055,0.0,0.0015988354254381,0.0,0.0,0.0,0.0,15.801243781811726,0.8450299964157416,1.0,1.3351948569785712,0.0,2.7650071474631432,0.0,0.0,0.0,0.0,15.813326197120771,1139.6555629264626,20.687604017864448,302.7106577576344,7.946729358776584
15,225.0,17.372226103833288,0.97,0.0284017138273346,0.0,0.0015982861726653,0.0,0.0,0.0,0.0,301.55,85.09,0.746144917924059,0.2041629580894733,90.56592988562778,8.222925631108978,1138.0473156268777,23.175509532152745,0.9959896063983746,0.0032194030139374,0.0,0.0007909905876878,0.0,0.0,0.0,0.0,0.4984816009649731,0.4852736916760675,0.0,0.0162447073589593,0.0,0.0,0.0,0.0,15.437996295061314,0.86371242905714,1.0,1.314761244746214,0.0,2.720946823787524,0.0,0.0,0.0,0.0,15.813326197120771,1139.6555629264626,20.687604017864448,302.7106577576344,7.946729358776584
15,225.0,26.5214265765576,0.97,0.0284017138273346,0.0,0.0015982861726653,0.0,0.0,0.0,0.0,301.55,85.09,0.746144917924059,0.3116867619762322,90.56592988562778,8.222925631108978,1136.5439373806605,25.264371037841496,0.9925072330313636,0.0063896209927865,0.0,0.00110314597585,0.0,0.0,0.0,0.0,0.3460728749860146,0.6386029668495328,0.0,0.0153241581644526,0.0,0.0,0.0,0.0,15.109155345203703,0.8810716217733884,1.0,1.2975677800748004,0.0,2.6814160816644024,0.0,0.0,0.0,0.0,15.813326197120771,1139.6555629264626,20.687604017864448,302.7106577576344,7.946729358776584
15,225.0,35.670627049281904,0.97,0.0284017138273346,0.0,0.0015982861726653,0.0,0.0,0.0,0.0,301.55,85.09,0.746144917924059,0.419210565862991,90.56592988562778,8.222925631108978,1135.0605455724804,27.248133115353443,0.9891629840021706,0.0095646786933887,0.0,0.0012723373044406,0.0,0.0,0.0,0.0,0.2709541347537889,0.7155573009942899,0.0,0.0134885642519211,0.0,0.0,0.0,0.0,14.79726348408164,0.8977006826143309,1.0,1.2811412779665683,0.0,2.644290608404697,0.0,0.0,0.0,0.0,15.813326197120771,1139.6555629264626,20.687604017864448,302.7106577576344,7.946729358776584
15,225.0,44.81982752200622,0.97,0.0284017138273346,0.0,0.0015982861726653,0.0,0.0,0.0,0.0,301.55,85.09,0.746144917924059,0.5267343697497499,90.56592988562778,8.222925631108978,1133.5880943899706,29.18505029556849,0.985888114533658,0.0127337918527167,0.0,0.0013780936136252,0.0,0.0,0.0,0.0,0.2263700539927857,0.7617257308054436,0.0,0.0119042152017706,0.0,0.0,0.0,0.0,14.497601316678614,0.9137605317320996,1.0,1.2654583045575163,0.0,2.6090257372039054,0.0,0.0,0.0,0.0,15.813326197120771,1139.6555629264626,20.687604017864448,302.7106577576344,7.946729358776584
15,225.0,53.96902799473053,0.97,0.0284017138273346,0.0,0.0015982861726653,0.0,0.0,0.0,0.0,301.55,85.09,0.746144917924059,0.6342581736365087,90.56592988562778,8.222925631108978,1132.1232898700198,31.09849879713021,0.9826568556870408,0.0158928419233111,0.0,0.001450302389648,0.0,0.0,0.0,0.0,0.1969615178418694,0.7924018406596018,0.0,0.0106366414985287,0.0,0.0,0.0,0.0,14.208207508545057,0.9292922196229448,1.000000000080019,1.2505731327866216,0.0,2.575421224209202,0.0,0.0,0.0,0.0,15.813326197120771,1139.6555629264626,20.687604017864448,302.7106577576344,7.946729358776584
15,225.0,63.11822846745484,0.97,0.0284017138273346,0.0,0.0015982861726653,0.0,0.0,0.0,0.0,301.55,85.09,0.746144917924059,0.7417819775232676,90.56592988562778,8.222925631108978,1130.664658439174,32.99987228225547,0.979457404919858,0.0190399371187035,0.0,0.0015026579614386,0.0,0.0,0.0,0.0,0.1761973075649273,0.8141778987597944,0.0,0.0096247936752781,0.0,0.0,0.0,0.0,13.928013439507502,0.9443215060694063,1.0,1.2364820396397378,0.0,2.5433167432895103,0.0,0.0,0.0,0.0,15.813326197120771,1139.6555629264626,20.687604017864448,302.7106577576344,7.946729358776584
15,225.0,72.26742894017914,0.97,0.0284017138273346,0.0,0.0015982861726653,0.0,0.0,0.0,0.0,301.55,85.09,0.746144917924059,0.8493057814100263,90.56592988562778,8.222925631108978,1129.2114471924845,34.89546020147899,0.97628359131083,0.0221741000213984,0.0,0.0015423086677715,0.0,0.0,0.0,0.0,0.1608269727216101,0.8303662062323107,0.0,0.0088068210460792,0.0,0.0,0.0,0.0,13.656307782041235,0.9588866714907064,1.0,1.2231431129987234,0.0,2.51255327100874,0.0,0.0,0.0,0.0,15.813326197120771,1139.6555629264626,20.687604017864448,302.7106577576344,7.946729358776584
15,225.0,81.41662941290346,0.97,0.0284017138273346,0.0,0.0015982861726653,0.0,0.0,0.0,0.0,301.55,85.09,0.746144917924059,0.9568295852967852,90.56592988562778,8.222925631108978,1127.763232543946,36.78903367100775,0.9731318659717548,0.025294786502987,0.0,0.0015733475252581,0.0,0.0,0.0,0.0,0.149049946063013,0.8428146476836197,0.0,0.0081354062533673,0.0,0.0,0.0,0.0,13.392554204150828,0.9730339672730388,1.0,1.2105251168474038,0.0,2.4830853419192622,0.0,0.0,0.0,0.0,15.813326197120771,1139.6555629264626,20.687604017864448,302.7106577576344,7.946729358776584
15,225.0,90.56582988562778,0.97,0.0284017138273346,0.0,0.0015982861726653,0.0,0.0,0.0,0.0,301.55,85.09,0.746144917924059,1.0643533891835442,90.56592988562778,8.222925631108978,1126.319757595683,38.68298964315213,0.970000033866958,0.0284016802042319,0.0,0.0015982859288102,0.0,0.0,0.0,0.0,0.1397879071474651,0.8526359609151423,0.0,0.0075761319373925,0.0,0.0,0.0,0.0,13.136319720009142,0.986765629534368,1.0000000000002205,1.198614701806763,0.0,2.4548066644457585,0.0,0.0,0.0,0.0,15.813326197120771,1139.6555629264626,20.687604017864448,302.7106577576344,7.946729358776584
15,230.0,9.952051081066756,0.97,0.0284017138273346,0.0,0.0015982861726653,0.0,0.0,0.0,0.0,301.55,85.09,0.7627259161001492,0.1169591148321395,86.04215160093285,9.951951081066756,1121.5597091901668,24.98592215078692,0.99982830145657,0.0001231382398655,0.0,4.856030356450192e-05,0.0,0.0,0.0,0.0,0.9699914702495976,0.0284098004155652,0.0,0.0015987293348371,0.0,0.0,0.0,0.0,14.5114157692888,0.8862073701799112,1.0,1.2913253234970477,0.0,2.4991979354594687,0.0,0.0,0.0,0.0,14.525567486140844,1121.6270137216943,24.87830228106012,302.7106577576344,9.61137473881863
15,230.0,18.4064955832741,0.97,0.0284017138273346,0.0,0.0015982861726653,0.0,0.0,0.0,0.0,301.55,85.09,0.7627259161001492,0.2163179643116006,86.04215160093285,9.951951081066756,1119.9552681220364,27.310941968437948,0.9959929825309894,0.0032377168576565,0.0,0.0007693006113539,0.0,0.0,0.0,0.0,0.566508741106249,0.4190245599739352,0.0,0.0144666989198157,0.0,0.0,0.0,0.0,14.190332118860756,0.903532585942623,1.0,1.2742247529662094,0.0,2.464256974829937,0.0,0.0,0.0,0.0,14.525567486140844,1121.6270137216943,24.87830228106012,302.7106577576344,9.61137473881863
15,230.0,26.860940085481445,0.97,0.0284017138273346,0.0,0.0015982861726653,0.0,0.0,0.0,0.0,301.55,85.09,0.7627259161001492,0.3156768137910617,86.04215160093285,9.951951081066756,1118.4055817393275,29.358361655278863,0.9925207896508484,0.0063963866846775,0.0,0.001082823664474,0.0,0.0,0.0,0.0,0.4103046652390342,0.5752865758850066,0.0,0.0144087588759592,0.0,0.0,0.0,0.0,13.897906490882487,0.919716363463948,1.0,1.2600667438273947,0.0,2.43273379037972,0.0,0.0,0.0,0.0,14.525567486140844,1121.6270137216943,24.87830228106012,302.7106577576344,9.61137473881863
15,230.0,35.31538458768879,0.97,0.0284017138273346,0.0,0.0015982861726653,0.0,0.0,0.0,0.0,301.55,85.09,0.7627259161001492,0.4150356632705228,86.04215160093285,9.951951081066756,1116.8754754269237,31.31206279071772,0.9891807808150302,0.0095627357728139,0.0,0.0012564834121557,0.0,0.0,0.0,0.0,0.3276147409552211,0.6593396258131199,0.0,0.0130456332316589,0.0,0.0,0.0,0.0,13.619710813357976,0.9352867883292648,1.0,1.2465873412977493,0.0,2.4030129264154176,0.0,0.0,0.0,0.0,14.525567486140844,1121.6270137216943,24.87830228106012,302.7106577576344,9.61137473881863
15,230.0,43.769829089896135,0.97,0.0284017138273346,0.0,0.0015982861726653,0.0,0.0,0.0,0.0,301.55,85.09,0.7627259161001492,0.5143945127499839,86.04215160093285,9.951951081066756,1115.355449697901,33.2240092576035,0.9859076634341056,0.01272596146234,0.0,0.0013663751035542,0.0,0.0,0.0,0.0,0.2765677559245994,0.7117247037218334,0.0,0.0117075403535672,0.0,0.0,0.0,0.0,13.351667523891132,0.9503955332546518,1.0,1.233635877978845,0.0,2.3746562647787006,0.0,0.0,0.0,0.0,14.525567486140844,1121.6270137216943,24.87830228106012,302.7106577576344,9.61137473881863
15,230.0,52.22427359210348,0.97,0.0284017138273346,0.0,0.0015982861726653,0.0,0.0,0.0,0.0,301.55,85.09,0.7627259161001492,0.613753362229445,86.04215160093285,9.951951081066756,1113.8419699189094,35.11542539441023,0.9826762391070744,0.0158817696039927,0.0,0.0014419912889329,0.0,0.0,0.0,0.0,0.2420257904839211,0.7474001819207874,0.0,0.0105740275952915,0.0,0.0,0.0,0.0,13.0921047243754,0.965084641167337,1.0,1.221240388816822,0.0,2.34748280959195,0.0,0.0,0.0,0.0,14.525567486140844,1121.6270137216943,24.87830228106012,302.7106577576344,9.61137473881863
15,230.0,60.67871809431082,0.97,0.0284017138273346,0.0,0.0015982861726653,0.0,0.0,0.0,0.0,301.55,85.09,0.7627259161001492,0.7131122117089062,86.04215160093285,9.951951081066756,1112.3334468882,36.99689084399701,0.979474776004961,0.0190281229100862,0.0,0.0014971010849526,0.0,0.0,0.0,0.0,0.2171847094810207,0.773177375635014,0.0,0.0096379148839652,0.0,0.0,0.0,0.0,12.840121931243896,0.9793986224029284,1.0,1.2094246471112324,0.0,2.32138844480072,0.0,0.0,0.0,0.0,14.525567486140844,1121.6270137216943,24.87830228106012,302.7106577576344,9.61137473881863
15,230.0,69.13316259651816,0.97,0.0284017138273346,0.0,0.0015982861726653,0.0,0.0,0.0,0.0,301.55,85.09,0.7627259161001492,0.8124710611883671,86.04215160093285,9.951951081066756,1110.8290719808408,38.874378225046335,0.9762970805472572,0.0221639357826473,0.0,0.0015389836700953,0.0,0.0,0.0,0.0,0.1985318540382664,0.7926045895792965,0.0,0.0088635563824371,0.0,0.0,0.0,0.0,12.59514241441082,0.9933471160356429,1.0,1.198161857211078,0.0,2.296297640021641,0.0,0.0,0.0,0.0,14.525567486140844,1121.6270137216943,24.87830228106012,302.7106577576344,9.61137473881863
15,230.0,77.58760709872551,0.97,0.0284017138273346,0.0,0.0015982861726653,0.0,0.0,0.0,0.0,301.55,85.09,0.7627259161001492,0.9118299106678284,86.04215160093285,9.951951081066756,1109.3283973223138,40.75155562460324,0.9731395733822916,0.0252885810881227,0.0,0.0015718455295854,0.0,0.0,0.0,0.0,0.1840698188811281,0.8077130022259947,0.0,0.008217178892877,0.0,0.0,0.0,0.0,12.356737865802724,1.0069454525813974,1.0,1.1874378846837164,0.0,2.272147959746697,0.0,0.0,0.0,0.0,14.525567486140844,1121.6270137216943,24.87830228106012,302.7106577576344,9.61137473881863
15,230.0,86.04205160093285,0.97,0.0284017138273346,0.0,0.0015982861726653,0.0,0.0,0.0,0.0,301.55,85.09,0.7627259161001492,1.011188760147289,86.04215160093285,9.951951081066756,1107.8311571098122,42.63080723772404,0.9700000367420004,0.0284016773651764,0.0,0.0015982858928231,0.0,0.0,0.0,0.0,0.1725785709367469,0.8197496546957324,0.0,0.0076717743675206,0.0,0.0,0.0,0.0,12.124574225276232,1.0202432687789746,1.0,1.177259611206799,0.0,2.248884067427504,0.0,0.0,0.0,0.0,14.525567486140844,1121.6270137216943,24.87830228106012,302.7106577576344,9.61137473881863
15,235.0,11.942630649673278,0.97,0.0284017138273346,0.0,0.0015982861726653,0.0,0.0,0.0,0.0,301.55,85.09,0.7793069142762394,0.1403529280723149,82.29781990593656,11.942530649673278,1102.7775131033918,29.868018716997977,0.999777798279466,0.0001626767651725,0.0,5.952495536154552e-05,0.0,0.0,0.0,0.0,0.969993041839162,0.0284083124267322,0.0,0.0015986457341057,0.0,0.0,0.0,0.0,13.242408279576416,0.9314869214888354,1.0,1.2513583017627,0.0,2.280165765175952,0.0,0.0,0.0,0.0,13.258875583502968,1102.8688895247462,29.73094022392497,302.7106577576344,11.525181126674264
15,235.0,19.759862789258086,0.97,0.0284017138273346,0.0,0.0015982861726653,0.0,0.0,0.0,0.0,301.55,85.09,0.7793069142762394,0.2322230907187458,82.29781990593656,11.942530649673278,1101.128791428976,32.13229388463917,0.9959892067350457,0.0032651664519835,0.0,0.0007456268129708,0.0,0.0,0.0,0.0,0.630049230310664,0.3571993071782764,0.0,0.0127514625110594,0.0,0.0,0.0,0.0,12.958474606376404,0.9477642890658544,1.0,1.2370156395646583,0.0,2.25217108877612,0.0,0.0,0.0,0.0,13.258875583502968,1102.8688895247462,29.73094022392497,302.7106577576344,11.525181126674264
15,235.0,27.577094928842897,0.97,0.0284017138273346,0.0,0.0015982861726653,0.0,0.0,0.0,0.0,301.55,85.09,0.7793069142762394,0.3240932533651768,82.29781990593656,11.942530649673278,1099.5335128112845,34.15086516935886,0.992528389653823,0.006411949715833,0.0,0.0010596606303441,0.0,0.0,0.0,0.0,0.4759992162851082,0.5105915583617431,0.0,0.0134092253531486,0.0,0.0,0.0,0.0,12.69833720634168,0.9630108433499984,1.0,1.2252667391034244,0.0,2.2267628474869534,0.0,0.0,0.0,0.0,13.258875583502968,1102.8688895247462,29.73094022392497,302.7106577576344,11.525181126674264
15,235.0,35.39432706842771,0.97,0.0284017138273346,0.0,0.0015982861726653,0.0,0.0,0.0,0.0,301.55,85.09,0.7793069142762394,0.4159634160116077,82.29781990593656,11.942530649673278,1097.9576725151935,36.08600658157776,0.9891931106237896,0.0095689173722786,0.0,0.0012379720039316,0.0,0.0,0.0,0.0,0.3883471155179649,0.5991351710382173,0.0,0.0125177134438177,0.0,0.0,0.0,0.0,12.450221184893632,0.9777680050206996,1.0,1.214162106748285,0.0,2.2027274815887403,0.0,0.0,0.0,0.0,13.258875583502968,1102.8688895247462,29.73094022392497,302.7106577576344,11.525181126674264
15,235.0,43.21155920801252,0.97,0.0284017138273346,0.0,0.0015982861726653,0.0,0.0,0.0,0.0,301.55,85.09,0.7793069142762394,0.5078335786580387,82.29781990593656,11.942530649673278,1096.391336285341,37.984594254478345,0.9859221947320024,0.0127253470791386,0.0,0.0013524581888587,0.0,0.0,0.0,0.0,0.3319133066161687,0.6566367775854441,0.0,0.0114499157983871,0.0,0.0,0.0,0.0,12.21059309108112,0.9921229301685563,1.0,1.2034946065797263,0.0,2.1797110290116275,0.0,0.0,0.0,0.0,13.258875583502968,1102.8688895247462,29.73094022392497,302.7106577576344,11.525181126674264
15,235.0,51.02879134759732,0.97,0.0284017138273346,0.0,0.0015982861726653,0.0,0.0,0.0,0.0,301.55,85.09,0.7793069142762394,0.5997037413044696,82.29781990593656,11.942530649673278,1094.830678881061,39.865844191351314,0.9826912028182512,0.0158768099885915,0.0,0.0014319871931573,0.0,0.0,0.0,0.0,0.2926437828232924,0.6968822043063423,0.0,0.0104740128703651,0.0,0.0,0.0,0.0,11.978000176302444,1.0061799889938734,1.0,1.1932159327957617,0.0,2.15756740910086,0.0,0.0,0.0,0.0,13.258875583502968,1102.8688895247462,29.73094022392497,302.7106577576344,11.525181126674264
15,235.0,58.84602348718213,0.97,0.0284017138273346,0.0,0.0015982861726653,0.0,0.0,0.0,0.0,301.55,85.09,0.7793069142762394,0.6915739039509006,82.29781990593656,11.942530649673278,1093.273954184029,41.73942793308721,0.9794885244024296,0.0190211409966589,0.0,0.0014903346009112,0.0,0.0,0.0,0.0,0.2638242818739236,0.7265432239487701,0.0,0.0096324941773062,0.0,0.0,0.0,0.0,11.751679352504649,1.01991517746339,1.0,1.1833353173212728,0.0,2.1362161247582288,0.0,0.0,0.0,0.0,13.258875583502968,1102.8688895247462,29.73094022392497,302.7106577576344,11.525181126674264
15,235.0,66.66325562676694,0.97,0.0284017138273346,0.0,0.0015982861726653,0.0,0.0,0.0,0.0,301.55,85.09,0.7793069142762394,0.7834440665973315,82.29781990593656,11.942530649673278,1091.720270409383,43.610893427617526,0.9763079532067088,0.0221571542897757,0.0,0.0015348925035155,0.0,0.0,0.0,0.0,0.2418417089857288,0.74924215953164,0.0,0.0089161314826311,0.0,0.0,0.0,0.0,11.531138236534268,1.033392662637172,1.0,1.1738836828570598,0.0,2.1156123897338563,0.0,0.0,0.0,0.0,13.258875583502968,1102.8688895247462,29.73094022392497,302.7106577576344,11.525181126674264
15,235.0,74.48048776635176,0.97,0.0284017138273346,0.0,0.0015982861726653,0.0,0.0,0.0,0.0,301.55,85.09,0.7793069142762394,0.8753142292437626,82.29781990593656,11.942530649673278,1090.1691347291976,45.483711763150666,0.9731458743804434,0.0252841462592496,0.0,0.0015699793603068,0.0,0.0,0.0,0.0,0.2245785473228875,0.7671158086645921,0.0,0.0083056440125202,0.0,0.0,0.0,0.0,11.316054154252509,1.0465937901238882,1.0,1.164828934119717,0.0,2.0956837191107347,0.0,0.0,0.0,0.0,13.258875583502968,1102.8688895247462,29.73094022392497,302.7106577576344,11.525181126674264
15,235.0,82.29771990593656,0.97,0.0284017138273346,0.0,0.0015982861726653,0.0,0.0,0.0,0.0,301.55,85.09,0.7793069142762394,0.9671843918901936,82.29781990593656,11.942530649673278,1088.6202593266153,47.36018988291532,0.9700000401150686,0.0284016740389834,0.0,0.0015982858459479,0.0,0.0,0.0,0.0,0.2107112816940562,0.781506401656585,0.0,0.0077823166493587,0.0,0.0,0.0,0.0,11.106143830129486,1.0595605829375174,1.0,1.1561658013452134,0.0,2.076421715781877,0.0,0.0,0.0,0.0,13.258875583502968,1102.8688895247462,29.73094022392497,302.7106577576344,11.525181126674264
15,240.0,14.219600348379045,0.97,0.0284017138273346,0.0,0.0015982861726653,0.0,0.0,0.0,0.0,301.55,85.09,0.7958879124523296,0.1671124732445533,79.27329024056412,14.219500348379045,1083.1405672299034,35.51233846338893,0.9997142396099592,0.00021375431856,0.0,7.200607148075269e-05,0.0,0.0,0.0,0.0,0.9699942940658616,0.0284071266745947,0.0,0.0015985792595438,0.0,0.0,0.0,0.0,11.99544658680479,0.981700477393924,1.0,1.214877294631928,0.0,2.097976293548105,0.0,0.0,0.0,0.0,12.014498351820745,1083.263844328595,35.3375257790447,302.7106577576344,13.710780754884407
15,240.0,21.44777700306627,0.97,0.0284017138273346,0.0,0.0015982861726653,0.0,0.0,0.0,0.0,301.55,85.09,0.7958879124523296,0.2520599013170322,79.27329024056412,14.219500348379045,1081.4478567057013,37.73168924820634,0.9959756073190464,0.0033038158459434,0.0,0.0007205768350099,0.0,0.0,0.0,0.0,0.6876263007279483,0.3012340757394849,0.0,0.0111396235325668,0.0,0.0,0.0,0.0,11.744478557440871,0.9971895526773032,1.0,1.2028545464933964,0.0,2.0753436384598127,0.0,0.0,0.0,0.0,12.014498351820745,1083.263844328595,35.3375257790447,302.7106577576344,13.710780754884407
15,240.0,28.675953657753503,0.97,0.0284017138273346,0.0,0.0015982861726653,0.0,0.0,0.0,0.0,301.55,85.09,0.7958879124523296,0.3370073293895111,79.27329024056412,14.219500348379045,1079.80680491768,39.73318642216476,0.9925280890561812,0.0064379677137073,0.0,0.0010339432301113,0.0,0.0,0.0,0.0,0.5410355679723103,0.4466203143192117,0.0,0.0123441177084779,0.0,0.0,0.0,0.0,11.51316058685275,1.0117620076971134,1.0,1.1930342284156508,0.0,2.0546678236819704,0.0,0.0,0.0,0.0,12.014498351820745,1083.263844328595,35.3375257790447,302.7106577576344,13.710780754884407
15,240.0,35.90413031244073,0.97,0.0284017138273346,0.0,0.0015982861726653,0.0,0.0,0.0,0.0,301.55,85.09,0.7958879124523296,0.4219547574619899,79.27329024056412,14.219500348379045,1078.1852099609505,41.6599928218257,0.9891985852931098,0.0095845272685975,0.0,0.0012168874382926,0.0,0.0,0.0,0.0,0.4515099217892503,0.5365914778953899,0.0,0.0118986003153597,0.0,0.0,0.0,0.0,11.292036116353769,1.025912197134879,1.0,1.18387200224843,0.0,2.0350506604856418,0.0,0.0,0.0,0.0,12.014498351820745,1083.263844328595,35.3375257790447,302.7106577576344,13.710780754884407
15,240.0,43.13230696712796,0.97,0.0284017138273346,0.0,0.0015982861726653,0.0,0.0,0.0,0.0,301.55,85.09,0.7958879124523296,0.5069021855344689,79.27329024056412,14.219500348379045,1076.5727950887313,43.55519823145802,0.9859307313844896,0.0127329343221547,0.0,0.0013363342933556,0.0,0.0,0.0,0.0,0.3912921951520131,0.5975937222318078,0.0,0.011114082616179,0.0,0.0,0.0,0.0,11.0780654342091,1.039736184160867,1.0,1.1750685631575086,0.0,2.016207418456069,0.0,0.0,0.0,0.0,12.014498351820745,1083.263844328595,35.3375257790447,302.7106577576344,13.710780754884407
15,240.0,50.36048362181519,0.97,0.0284017138273346,0.0,0.0015982861726653,0.0,0.0,0.0,0.0,301.55,85.09,0.7958879124523296,0.5918496136069478,79.27329024056412,14.219500348379045,1074.9654129465637,45.43644065014634,0.9827010861380276,0.0158786664065816,0.0,0.0014202474553907,0.0,0.0,0.0,0.0,0.3481138540108962,0.6415705099363204,0.0,0.0103156360527834,0.0,0.0,0.0,0.0,10.869965871808052,1.053307255586707,1.0,1.166558459103314,0.0,1.998017611217728,0.0,0.0,0.0,0.0,12.014498351820745,1083.263844328595,35.3375257790447,302.7106577576344,13.710780754884407
15,240.0,57.58866027650242,0.97,0.0284017138273346,0.0,0.0015982861726653,0.0,0.0,0.0,0.0,301.55,85.09,0.7958879124523296,0.6767970416794268,79.27329024056412,14.219500348379045,1073.3611193062918,47.31255781491007,0.9794982367932816,0.01901945173467,0.0,0.0014823114720481,0.0,0.0,0.0,0.0,0.3157180360820741,0.6746948102811148,0.0,0.009587153636811,0.0,0.0,0.0,0.0,10.667069949336412,1.0666634135051916,1.0,1.1583610554109809,0.0,1.9804226405699803,0.0,0.0,0.0,0.0,12.014498351820745,1083.263844328595,35.3375257790447,302.7106577576344,13.710780754884407
15,240.0,64.81683693118966,0.97,0.0284017138273346,0.0,0.0015982861726653,0.0,0.0,0.0,0.0,301.55,85.09,0.7958879124523296,0.7617444697519057,79.27329024056412,14.219500348379045,1071.7589059953789,49.18862887313257,0.9763159849101872,0.0221540167316027,0.0,0.0015299983582099,0.0,0.0,0.0,0.0,0.2905796648124186,0.70047622244214,0.0,0.0089441127454414,0.0,0.0,0.0,0.0,10.468969731797026,1.0798051110070457,1.0,1.1504568714119254,0.0,1.963387261679533,0.0,0.0,0.0,0.0,12.014498351820745,1083.263844328595,35.3375257790447,302.7106577576344,13.710780754884407
15,240.0,72.04501358587689,0.97,0.0284017138273346,0.0,0.0015982861726653,0.0,0.0,0.0,0.0,301.55,85.09,0.7958879124523296,0.8466918978243846,79.27329024056412,14.219500348379045,1070.1582117201092,51.06786263682087,0.9731506820963396,0.0252815886657612,0.0,0.0015677292378991,0.0,0.0,0.0,0.0,0.2705611458152159,0.7210570504160125,0.0,0.0083818037687716,0.0,0.0,0.0,0.0,10.27538340349978,1.0927579370935467,1.0,1.1428509469992754,0.0,1.9468676717550053,0.0,0.0,0.0,0.0,12.014498351820745,1083.263844328595,35.3375257790447,302.7106577576344,13.710780754884407
15,240.0,79.27319024056412,0.97,0.0284017138273346,0.0,0.0015982861726653,0.0,0.0,0.0,0.0,301.55,85.09,0.7958879124523296,0.9316393258968636,79.27329024056412,14.219500348379045,1068.558706630607,52.95242391651614,0.9700000431132156,0.02840167109314,0.0,0.0015982857936441,0.0,0.0,0.0,0.0,0.2542906850575273,0.7378190150999361,0.0,0.0078902998425365,0.0,0.0,0.0,0.0,10.086098567596768,1.1055126247236338,1.0,1.1355513308838991,0.0,1.9308374442466405,0.0,0.0,0.0,0.0,12.014498351820745,1083.263844328595,35.3375257790447,302.7106577576344,13.710780754884407
15,245.0,16.809128225505155,0.97,0.0284017138273346,0.0,0.0015982861726653,0.0,0.0,0.0,0.0,301.55,85.09,0.8124689106284197,0.197545284116878,76.92171871178799,16.809028225505156,1062.505491020459,42.031576523735616,0.9996341225267588,0.0002797458274551,0.0,8.613164578611042e-05,0.0,0.0,0.0,0.0,0.9699953008474038,0.0284061731940264,0.0,0.0015985259585696,0.0,0.0,0.0,0.0,10.772028263737392,1.0379481372270172,1.0,1.1815403268892373,0.0,1.9450051460728195,0.0,0.0,0.0,0.0,10.793959502417948,1062.6711211462375,41.80803719266337,302.7106577576344,16.191644196077288
15,245.0,23.488293835092136,0.97,0.0284017138273346,0.0,0.0015982861726653,0.0,0.0,0.0,0.0,301.55,85.09,0.8124689106284197,0.2760405903759799,76.92171871178799,16.809028225505156,1060.7682655653375,44.22041892155913,0.9959487140423864,0.0033564686953697,0.0,0.0006948172622439,0.0,0.0,0.0,0.0,0.7384759774839911,0.251864652621922,0.0,0.009659369894087,0.0,0.0,0.0,0.0,10.550525572019612,1.0528781156362357,1.0,1.1714939454869966,0.0,1.926561017305472,0.0,0.0,0.0,0.0,10.793959502417948,1062.6711211462375,41.80803719266337,302.7106577576344,16.191644196077288
15,245.0,30.16745944467912,0.97,0.0284017138273346,0.0,0.0015982861726653,0.0,0.0,0.0,0.0,301.55,85.09,0.8124689106284197,0.3545358966350819,76.92171871178799,16.809028225505156,1059.0803515025605,46.21638742777685,0.9925172469041034,0.0064767315445865,0.0,0.00100602155131,0.0,0.0,0.0,0.0,0.6034843989030639,0.3852769612598575,0.0,0.0112386398370786,0.0,0.0,0.0,0.0,10.345112472294446,1.0670183313527168,1.0,1.1632531639572,0.0,1.9095936695768525,0.0,0.0,0.0,0.0,10.793959502417948,1062.6711211462375,41.80803719266337,302.7106577576344,16.191644196077288
15,245.0,36.8466250542661,0.97,0.0284017138273346,0.0,0.0015982861726653,0.0,0.0,0.0,0.0,301.55,85.09,0.8124689106284197,0.4330312028941838,76.92171871178799,16.809028225505156,1057.4119332863888,48.1447548358051,0.9891952507813296,0.0096114042289159,0.0,0.0011933449897543,0.0,0.0,0.0,0.0,0.5152827410327598,0.4735263007928461,0.0,0.0111909581743939,0.0,0.0,0.0,0.0,10.148352553707223,1.0807684099221222,1.0,1.1556534638974227,0.0,1.8934489818625984,0.0,0.0,0.0,0.0,10.793959502417948,1062.6711211462375,41.80803719266337,302.7106577576344,16.191644196077288
15,245.0,43.52579066385308,0.97,0.0284017138273346,0.0,0.0015982861726653,0.0,0.0,0.0,0.0,301.55,85.09,0.8124689106284197,0.5115265091532857,76.92171871178799,16.809028225505156,1055.7525626213928,50.04580243780013,0.9859318425061612,0.0127501573716747,0.0,0.0013180001221642,0.0,0.0,0.0,0.0,0.45326839226106,0.5360425549806644,0.0,0.0106890527582756,0.0,0.0,0.0,0.0,9.957661201978588,1.094266183977627,1.0,1.148384022999363,0.0,1.877903230858136,0.0,0.0,0.0,0.0,10.793959502417948,1062.6711211462375,41.80803719266337,302.7106577576344,16.191644196077288
15,245.0,50.20495627344006,0.97,0.0284017138273346,0.0,0.0015982861726653,0.0,0.0,0.0,0.0,301.55,85.09,0.8124689106284197,0.5900218154123876,76.92171871178799,16.809028225505156,1054.0977754657747,51.9361699865917,0.9827048709705996,0.0158884079891775,0.0,0.0014067210402228,0.0,0.0,0.0,0.0,0.4073812399497364,0.582537260035202,0.0,0.0100815000150615,0.0,0.0,0.0,0.0,9.771900152100944,1.107573515695068,1.0,1.14136454351398,0.0,1.8628703766770511,0.0,0.0,0.0,0.0,10.793959502417948,1062.6711211462375,41.80803719266337,302.7106577576344,16.191644196077288
15,245.0,56.88412188302704,0.97,0.0284017138273346,0.0,0.0015982861726653,0.0,0.0,0.0,0.0,301.55,85.09,0.8124689106284197,0.6685171216714895,76.92171871178799,16.809028225505156,1052.4453983788574,53.82410766966024,0.979503231158972,0.0190237972300733,0.0,0.0014729716109545,0.0,0.0,0.0,0.0,0.3721295542879694,0.6183883280707945,0.0,0.009482117641236,0.0,0.0,0.0,0.0,9.590480206219974,1.1207041734331178,1.0,1.1345780233712766,0.0,1.8482810823575364,0.0,0.0,0.0,0.0,10.793959502417948,1062.6711211462375,41.80803719266337,302.7106577576344,16.191644196077288
15,245.0,63.56328749261402,0.97,0.0284017138273346,0.0,0.0015982861726653,0.0,0.0,0.0,0.0,301.55,85.09,0.8124689106284197,0.7470124279305914,76.92171871178799,16.809028225505156,1050.794273203667,55.71430271571351,0.9763207701239904,0.0221549773225682,0.0,0.0015242525534412,0.0,0.0,0.0,0.0,0.3442623529089193,0.6468102504160339,0.0,0.0089273966750467,0.0,0.0,0.0,0.0,9.413054171143504,1.1336863198980751,1.0000000000550826,1.1280134283987333,0.0,1.834095450679854,0.0,0.0,0.0,0.0,10.793959502417948,1062.6711211462375,41.80803719266337,302.7106577576344,16.191644196077288
15,245.0,70.24245310220101,0.97,0.0284017138273346,0.0,0.0015982861726653,0.0,0.0,0.0,0.0,301.55,85.09,0.8124689106284197,0.8255077341896934,76.92171871178799,16.809028225505156,1049.1437432326668,57.60970383020474,0.9731538161638548,0.02528111548518,0.0,0.001565068350965,0.0,0.0,0.0,0.0,0.3217325976335205,0.6698411877835695,0.0,0.0084262145829099,0.0,0.0,0.0,0.0,9.23936464571658,1.146532411936309,1.0,1.121672589898498,0.0,1.8203082302983529,0.0,0.0,0.0,0.0,10.793959502417948,1062.6711211462375,41.80803719266337,302.7106577576344,16.191644196077288
15,245.0,76.92161871178799,0.97,0.0284017138273346,0.0,0.0015982861726653,0.0,0.0,0.0,0.0,301.55,85.09,0.8124689106284197,0.9040030404487952,76.92171871178799,16.809028225505156,1047.4934172785122,59.51230458566536,0.9700000470846007,0.0284016671931704,0.0,0.0015982857222287,0.0,0.0,0.0,0.0,0.3031870653554279,0.6888355581912065,0.0,0.0079773764533655,0.0,0.0,0.0,0.0,9.069260260620734,1.159244772727159,1.0000000000509803,1.1155550753193304,0.0,1.8068657155365984,0.0,0.0,0.0,0.0,10.793959502417948,1062.6711211462375,41.80803719266337,302.7106577576344,16.191644196077288
15,250.0,19.73895965065568,0.97,0.0284017138273346,0.0,0.0015982861726653,0.0,0.0,0.0,0.0,301.55,85.09,0.82904990880451,0.2319774315507777,75.20634688775793,19.73885965065568,1040.6964825266869,49.56361585270862,0.999532723896986,0.0003651888156812,0.0,0.0001020872873324,0.0,0.0,0.0,0.0,0.9699961172179912,0.0284053998982601,0.0,0.0015984828837487,0.0,0.0,0.0,0.0,9.573978241816292,1.1016463943461736,1.0,1.151053997310609,0.0,1.815305593417884,0.0,0.0,0.0,0.0,9.599114364038009,1040.9186176418627,49.27650279185157,302.7106577576344,18.99215487266697
15,250.0,25.90199156588926,0.97,0.0284017138273346,0.0,0.0015982861726653,0.0,0.0,0.0,0.0,301.55,85.09,0.82904990880451,0.3044069992465538,75.20634688775793,19.73885965065568,1038.9132880093146,51.73538493649254,0.9959039438428484,0.0034269706077933,0.0,0.0006690855493581,0.0,0.0,0.0,0.0,0.7824440064433072,0.209229884502108,0.0,0.0083261090545847,0.0,0.0,0.0,0.0,9.378999332593406,1.1162771256890855,1.0,1.1427153776082022,0.0,1.8001700643960754,0.0,0.0,0.0,0.0,9.599114364038009,1040.9186176418627,49.27650279185157,302.7106577576344,18.99215487266697
15,250.0,32.06502348112284,0.97,0.0284017138273346,0.0,0.0015982861726653,0.0,0.0,0.0,0.0,301.55,85.09,0.82904990880451,0.3768365669423298,75.20634688775793,19.73885965065568,1037.1764402606616,53.73746301565759,0.9924922346462371,0.0065314285941388,0.0,0.0009763367596238,0.0,0.0,0.0,0.0,0.661800494959626,0.3280789664426217,0.0,0.0101205385977522,0.0,0.0,0.0,0.0,9.197048136429776,1.1302133198454278,1.0,1.1357944159621791,0.0,1.786143345681911,0.0,0.0,0.0,0.0,9.599114364038009,1040.9186176418627,49.27650279185157,302.7106577576344,18.99215487266697
15,250.0,38.22805539635642,0.97,0.0284017138273346,0.0,0.0015982861726653,0.0,0.0,0.0,0.0,301.55,85.09,0.82904990880451,0.4492661346381058,75.20634688775793,19.73885965065568,1035.4589871355922,55.6777075490909,0.989180350319222,0.0096521317664891,0.0,0.0011675179142887,0.0,0.0,0.0,0.0,0.5778626365766897,0.4117321302306559,0.0,0.0104052331926543,0.0,0.0,0.0,0.0,9.022427229903892,1.1438082168984038,1.0,1.1294734571577594,0.0,1.7727577868828917,0.0,0.0,0.0,0.0,9.599114364038009,1040.9186176418627,49.27650279185157,302.7106577576344,18.99215487266697
15,250.0,44.39108731159001,0.97,0.0284017138273346,0.0,0.0015982861726653,0.0,0.0,0.0,0.0,301.55,85.09,0.82904990880451,0.5216957023338818,75.20634688775793,19.73885965065568,1033.7505435274957,57.59398734180527,0.985923468558536,0.0127790538193292,0.0,0.0012974776221348,0.0,0.0,0.0,0.0,0.516212434172116,0.473616827025089,0.0,0.0101707388027949,0.0,0.0,0.0,0.0,8.85297043059852,1.1571894539956498,1.0,1.123461533093148,0.0,1.7598373289595854,0.0,0.0,0.0,0.0,9.599114364038009,1040.9186176418627,49.27650279185157,302.7106577576344,18.99215487266697
15,250.0,50.5541192268236,0.97,0.0284017138273346,0.0,0.0015982861726653,0.0,0.0,0.0,0.0,301.55,85.09,0.82904990880451,0.594125270029658,75.20634688775793,19.73885965065568,1032.046380296681,59.50244664760572,0.9827010608060516,0.0159075779862024,0.0,0.0013913612077459,0.0,0.0,0.0,0.0,0.4691032323285288,0.5211378996654152,0.0,0.0097588680060559,0.0,0.0,0.0,0.0,8.687682426778025,1.1704173925057846,1.0,1.1176834460575855,0.0,1.747318080284218,0.0,0.0,0.0,0.0,9.599114364038009,1040.9186176418627,49.27650279185157,302.7106577576344,18.99215487266697
15,250.0,56.717151142057176,0.97,0.0284017138273346,0.0,0.0015982861726653,0.0,0.0,0.0,0.0,301.55,85.09,0.82904990880451,0.6665548377254339,75.20634688775793,19.73885965065568,1030.344085395698,61.41109088120247,0.9795024785621872,0.0190352724525599,0.0,0.0014622489852527,0.0,0.0,0.0,0.0,0.4320046609902504,0.5586951283043452,0.0,0.0093002107054043,0.0,0.0,0.0,0.0,8.526035235865496,1.1835308091775874,1.0,1.11208474156069,0.0,1.7351352689856523,0.0,0.0,0.0,0.0,9.599114364038009,1040.9186176418627,49.27650279185157,302.7106577576344,18.99215487266697
15,250.0,62.880183057290765,0.97,0.0284017138273346,0.0,0.0015982861726653,0.0,0.0,0.0,0.0,301.55,85.09,0.82904990880451,0.73898440542121,75.20634688775793,19.73885965065568,1028.642327516539,63.32440425647216,0.9763216782755436,0.0221607238310958,0.0,0.0015175978933604,0.0,0.0,0.0,0.0,0.4020917619635762,0.5890613168442462,0.0,0.0088469211921774,0.0,0.0,0.0,0.0,8.36771638812381,1.1965459069682305,1.0,1.106666428689355,0.0,1.7232622893736007,0.0,0.0,0.0,0.0,9.599114364038009,1040.9186176418627,49.27650279185157,302.7106577576344,18.99215487266697
15,250.0,69.04321497252435,0.97,0.0284017138273346,0.0,0.0015982861726653,0.0,0.0,0.0,0.0,301.55,85.09,0.82904990880451,0.8114139731169862,75.20634688775793,19.73885965065568,1026.940326536817,65.24516184300772,0.9731549870437878,0.0252830490063696,0.0,0.0015619639498425,0.0,0.0,0.0,0.0,0.377512029883761,0.6140685845946204,0.0,0.0084193855216186,0.0,0.0,0.0,0.0,8.212518267483718,1.2094672424250958,1.0,1.1014172771633486,0.0,1.7116800299878268,0.0,0.0,0.0,0.0,9.599114364038009,1040.9186176418627,49.27650279185157,302.7106577576344,18.99215487266697
15,250.0,75.20624688775793,0.97,0.0284017138273346,0.0,0.0015982861726653,0.0,0.0,0.0,0.0,301.55,85.09,0.82904990880451,0.8838435408127621,75.20634688775793,19.73885965065568,1025.2376060246831,67.17522146260934,0.9700000510997988,0.0284016632632204,0.0,0.0015982856369807,0.0,0.0,0.0,0.0,0.3570002774725951,0.6349752958949789,0.0,0.0080244266324259,0.0,0.0,0.0,0.0,8.060293496285814,1.2223030717161316,1.0,1.0963335657360005,0.0,1.7003739071956476,0.0,0.0,0.0,0.0,9.599114364038009,1040.9186176418627,49.27650279185157,302.7106577576344,18.99215487266697
15,255.0,23.03878210172388,0.97,0.0284017138273346,0.0,0.0015982861726653,0.0,0.0,0.0,0.0,301.55,85.09,0.8456309069806002,0.270757810573791,74.0982973260212,23.03868210172388,1017.493224043206,58.28102293905578,0.9994035310028409,0.0004763159428003,0.0,0.000120153054359,0.0,0.0,0.0,0.0,0.9699967846120756,0.0284047675757818,0.0,0.0015984478121425,0.0,0.0,0.0,0.0,8.403526029631152,1.1747618858269342,1.0,1.123190398710161,0.0,1.7041562064203142,0.0,0.0,0.0,0.0,8.432227805456346,1017.7913832278248,57.90987351738985,302.7106577576344,22.13772066860631
15,255.0,28.71205045997913,0.97,0.0284017138273346,0.0,0.0015982861726653,0.0,0.0,0.0,0.0,301.55,85.09,0.8456309069806002,0.3374315484778368,74.0982973260212,23.03868210172388,1015.6614767962968,60.448633220995866,0.995835110902063,0.0035206815143455,0.0,0.0006442075835915,0.0,0.0,0.0,0.0,0.8198218701510387,0.1730338354249985,0.0,0.0071442944239627,0.0,0.0,0.0,0.0,8.232603617893846,1.1893501374986215,1.0,1.1163374219252888,0.0,1.6916600563315318,0.0,0.0,0.0,0.0,8.432227805456346,1017.7913832278248,57.90987351738985,302.7106577576344,22.13772066860631
15,255.0,34.3853188182344,0.97,0.0284017138273346,0.0,0.0015982861726653,0.0,0.0,0.0,0.0,301.55,85.09,0.8456309069806002,0.4041052863818826,74.0982973260212,23.03868210172388,1013.8724722088843,62.46875337772345,0.992447982622842,0.0066065647780538,0.0,0.0009454525991039,0.0,0.0,0.0,0.0,0.7149229488206852,0.2760605989445713,0.0,0.0090164522347434,0.0,0.0,0.0,0.0,8.072078984902825,1.203329947687931,1.0,1.110555652764178,0.0,1.6799902228572838,0.0,0.0,0.0,0.0,8.432227805456346,1017.7913832278248,57.90987351738985,302.7106577576344,22.13772066860631
15,255.0,40.05858717648965,0.97,0.0284017138273346,0.0,0.0015982861726653,0.0,0.0,0.0,0.0,301.55,85.09,0.8456309069806002,0.4707790242859284,74.0982973260212,23.03868210172388,1012.1024549745335,64.43212835300842,0.989149932384138,0.0097103969229019,0.0,0.00113967069296,0.0,0.0,0.0,0.0,0.6376478585765198,0.3527944623029701,0.0,0.00955767912051,0.0,0.0,0.0,0.0,7.917717346792601,1.217011266176421,1.0,1.1052918709565815,0.0,1.6688192105739956,0.0,0.0,0.0,0.0,8.432227805456346,1017.7913832278248,57.90987351738985,302.7106577576344,22.13772066860631
15,255.0,45.73185553474491,0.97,0.0284017138273346,0.0,0.0015982861726653,0.0,0.0,0.0,0.0,301.55,85.09,0.8456309069806002,0.5374527621899742,74.0982973260212,23.03868210172388,1010.3413714925996,66.37401725081862,0.9859026075860567,0.0128225523070599,0.0,0.0012748401068833,0.0,0.0,0.0,0.0,0.5784610593801689,0.4119770717920191,0.0,0.0095618688278119,0.0,0.0,0.0,0.0,7.767752827812271,1.230521368109721,1.0,1.1003322507745446,0.0,1.6580104277321182,0.0,0.0,0.0,0.0,8.432227805456346,1017.7913832278248,57.90987351738985,302.7106577576344,22.13772066860631
15,255.0,51.405123893000166,0.97,0.0284017138273346,0.0,0.0015982861726653,0.0,0.0,0.0,0.0,301.55,85.09,0.8456309069806002,0.60412650009402,74.0982973260212,23.03868210172388,1008.584325791022,68.3103108133795,0.9826874474259442,0.0159384097074552,0.0,0.0013741428666006,0.0,0.0,0.0,0.0,0.5317591972458268,0.4589003176123999,0.0,0.0093404851417733,0.0,0.0,0.0,0.0,7.621327863795192,1.243919250545018,1.0,1.0955787676290891,0.0,1.64750376215863,0.0,0.0,0.0,0.0,8.432227805456346,1017.7913832278248,57.90987351738985,302.7106577576344,22.13772066860631
15,255.0,57.07839225125542,0.97,0.0284017138273346,0.0,0.0015982861726653,0.0,0.0,0.0,0.0,301.55,85.09,0.8456309069806002,0.6708002379980658,74.0982973260212,23.03868210172388,1006.8286893624075,70.24906869537821,0.9794944455210176,0.0190554728772646,0.0,0.0014500816017177,0.0,0.0,0.0,0.0,0.4940353250557719,0.4969367668647175,0.0,0.0090279080795103,0.0,0.0,0.0,0.0,7.477975498989528,1.2572430345618153,1.0,1.0909861654301978,0.0,1.637270081411058,0.0,0.0,0.0,0.0,8.432227805456346,1017.7913832278248,57.90987351738985,302.7106577576344,22.13772066860631
15,255.0,62.75166060951068,0.97,0.0284017138273346,0.0,0.0015982861726653,0.0,0.0,0.0,0.0,301.55,85.09,0.8456309069806002,0.7374739759021116,74.0982973260212,23.03868210172388,1005.0729460290244,72.19480839912305,0.9763177565216008,0.0221722699708556,0.0,0.0015099735075435,0.0,0.0,0.0,0.0,0.4629833926935798,0.5283309970656137,0.0,0.0086856102408064,0.0,0.0,0.0,0.0,7.337413754519224,1.270513139759062,1.0,1.0865377910071707,0.0,1.6272725702336464,0.0,0.0,0.0,0.0,8.432227805456346,1017.7913832278248,57.90987351738985,302.7106577576344,22.13772066860631
15,255.0,68.42492896776594,0.97,0.0284017138273346,0.0,0.0015982861726653,0.0,0.0,0.0,0.0,301.55,85.09,0.8456309069806002,0.8041477138061573,74.0982973260212,23.03868210172388,1003.3161741011209,74.15029115232159,0.9731537493230248,0.0252878716799938,0.0,0.0015583789969814,0.0,0.0,0.0,0.0,0.4370252662234863,0.5546322475558011,0.0,0.0083424862207125,0.0,0.0,0.0,0.0,7.199458931971074,1.283736816793916,1.0,1.0822304585171787,0.0,1.6174956660695614,0.0,0.0,0.0,0.0,8.432227805456346,1017.7913832278248,57.90987351738985,302.7106577576344,22.13772066860631
15,255.0,74.0981973260212,0.97,0.0284017138273346,0.0,0.0015982861726653,0.0,0.0,0.0,0.0,301.55,85.09,0.8456309069806002,0.8708214517102032,74.0982973260212,23.03868210172388,1001.5577900731624,76.11733612686018,0.9700000555007514,0.0284016589680152,0.0,0.0015982855312333,0.0,0.0,0.0,0.0,0.4150447591800509,0.5769432396358137,0.0,0.0080120011841352,0.0,0.0,0.0,0.0,7.063982901559635,1.2969227537356411,1.0,1.0780538794857937,0.0,1.6079279027892823,0.0,0.0,0.0,0.0,8.432227805456346,1017.7913832278248,57.90987351738985,302.7106577576344,22.13772066860631
15,260.0,26.740771884973125,0.97,0.0284017138273346,0.0,0.0015982861726653,0.0,0.0,0.0,0.0,301.55,85.09,0.8622119051566904,0.3142645655773078,73.57460941078462,26.740671884973125,992.612617089033,68.40550133289585,0.9992373257299334,0.0006219154190132,0.0,0.0001407588510533,0.0,0.0,0.0,0.0,0.969997334572343,0.0284042463791716,0.0,0.0015984190484854,0.0,0.0,0.0,0.0,7.263415633853122,1.260056593089852,1.0,1.0977853081593545,0.0,1.6077542279534316,0.0,0.0,0.0,0.0,7.29608565520892,993.0143761526203,67.92140682303575,302.7106577576344,25.654931900849267
15,260.0,31.94452049895218,0.97,0.0284017138273346,0.0,0.0015982861726653,0.0,0.0,0.0,0.0,301.55,85.09,0.8622119051566904,0.3754203842866633,73.57460941078462,26.740671884973125,990.7282752431532,70.581893584353,0.9957336346388768,0.0036452375156056,0.0,0.0006211278455173,0.0,0.0,0.0,0.0,0.8511780046274012,0.1427117969164172,0.0,0.0061101984561816,0.0,0.0,0.0,0.0,7.1144776318552845,1.274890690681753,1.0,1.092224372473044,0.0,1.5973640520710242,0.0,0.0,0.0,0.0,7.29608565520892,993.0143761526203,67.92140682303575,302.7106577576344,25.654931900849267
15,260.0,37.14826911293123,0.97,0.0284017138273346,0.0,0.0015982861726653,0.0,0.0,0.0,0.0,301.55,85.09,0.8622119051566904,0.4365762029960187,73.57460941078462,26.740671884973125,988.8824285209688,72.6325219214698,0.992377262600012,0.006708642289027,0.0,0.0009140951109608,0.0,0.0,0.0,0.0,0.7622823434595872,0.2297683449316393,0.0,0.0079493116087733,0.0,0.0,0.0,0.0,6.973699015345725,1.2892098672490206,1.0,1.087443396314845,0.0,1.5876012959210075,0.0,0.0,0.0,0.0,7.29608565520892,993.0143761526203,67.92140682303575,302.7106577576344,25.654931900849267
15,260.0,42.35201772691029,0.97,0.0284017138273346,0.0,0.0015982861726653,0.0,0.0,0.0,0.0,301.55,85.09,0.8622119051566904,0.4977320217053742,73.57460941078462,26.740671884973125,987.0546940537153,74.63157218294646,0.989098218781992,0.0097915793813528,0.0,0.0011102018366549,0.0,0.0,0.0,0.0,0.693372936126291,0.2979591478923937,0.0,0.0086679159813151,0.0,0.0,0.0,0.0,6.838034817114742,1.3032720936639497,1.0,1.083095482832362,0.0,1.5782247770269786,0.0,0.0,0.0,0.0,7.29608565520892,993.0143761526203,67.92140682303575,302.7106577576344,25.654931900849267
15,260.0,47.55576634088934,0.97,0.0284017138273346,0.0,0.0015982861726653,0.0,0.0,0.0,0.0,301.55,85.09,0.8622119051566904,0.5588878404147296,73.57460941078462,26.740671884973125,985.2356179340412,76.61110701950268,0.9858647910431186,0.0128849611996299,0.0,0.0012502477572514,0.0,0.0,0.0,0.0,0.6384782400950182,0.3526506197956365,0.0,0.0088711401093451,0.0,0.0,0.0,0.0,6.706095889345089,1.3171966870138885,1.0,1.0790172680150587,0.0,1.5691326806885388,0.0,0.0,0.0,0.0,7.29608565520892,993.0143761526203,67.92140682303575,302.7106577576344,25.654931900849267
15,260.0,52.75951495486839,0.97,0.0284017138273346,0.0,0.0015982861726653,0.0,0.0,0.0,0.0,301.55,85.09,0.8622119051566904,0.620043659124085,73.57460941078462,26.740671884973125,983.420273083206,78.58666459906962,0.9826607041760472,0.0159842083495916,0.0,0.0013550874743611,0.0,0.0,0.0,0.0,0.5937893573709986,0.3973857490494082,0.0,0.0088248935795931,0.0,0.0,0.0,0.0,6.577165962069954,1.331045903490559,1.0,1.0751279325213958,0.0,1.5602710302094656,0.0,0.0,0.0,0.0,7.29608565520892,993.0143761526203,67.92140682303575,302.7106577576344,25.654931900849267
15,260.0,57.96326356884745,0.97,0.0284017138273346,0.0,0.0015982861726653,0.0,0.0,0.0,0.0,301.55,85.09,0.8622119051566904,0.6811994778334405,73.57460941078462,26.740671884973125,981.6058643569636,80.5664987794815,0.9794767985236622,0.0190867747650169,0.0,0.0014364267113208,0.0,0.0,0.0,0.0,0.5567622456576483,0.434581552972055,0.0,0.0086562013702967,0.0,0.0,0.0,0.0,6.450837227005906,1.3448666426867348,1.0,1.07138617408753,0.0,1.5516105118459442,0.0,0.0,0.0,0.0,7.29608565520892,993.0143761526203,67.92140682303575,302.7106577576344,25.654931900849267
15,260.0,63.16701218282651,0.97,0.0284017138273346,0.0,0.0015982861726653,0.0,0.0,0.0,0.0,301.55,85.09,0.8622119051566904,0.742355296542796,73.57460941078462,26.740671884973125,979.790703029446,82.55535021514669,0.976307544619657,0.0221911328326759,0.0,0.0015013225476671,0.0,0.0,0.0,0.0,0.525633372195144,0.465937252570074,0.0,0.0084293752347818,0.0,0.0,0.0,0.0,6.32685896060351,1.3586721083374669,1.0,1.0677704039795843,0.0,1.5431439628396098,0.0,0.0,0.0,0.0,7.29608565520892,993.0143761526203,67.92140682303575,302.7106577576344,25.654931900849267
15,260.0,68.37076079680556,0.97,0.0284017138273346,0.0,0.0015982861726653,0.0,0.0,0.0,0.0,301.55,85.09,0.8622119051566904,0.8035111152521512,73.57460941078462,26.740671884973125,977.9737179479854,84.55613913877706,0.9731494156803174,0.0252963094247544,0.0,0.001554274894928,0.0,0.0,0.0,0.0,0.4991420646894345,0.4926796795596566,0.0,0.0081782557509089,0.0,0.0,0.0,0.0,6.205066460264749,1.372474824544177,1.0,1.0642690918650135,0.0,1.5348502120908496,0.0,0.0,0.0,0.0,7.29608565520892,993.0143761526203,67.92140682303575,302.7106577576344,25.654931900849267
15,260.0,73.57450941078461,0.97,0.0284017138273346,0.0,0.0015982861726653,0.0,0.0,0.0,0.0,301.55,85.09,0.8622119051566904,0.8646669339615067,73.57460941078462,26.740671884973125,976.154203025198,86.57078210393331,0.97000006043761,0.0284016541638401,0.0,0.0015982853985499,0.0,0.0,0.0,0.0,0.4763634138653721,0.5157155538942201,0.0,0.0079210322404078,0.0,0.0,0.0,0.0,6.08534017555509,1.3862789542704674,1.0,1.0608752385949227,0.0,1.526709120363594,0.0,0.0,0.0,0.0,7.29608565520892,993.0143761526203,67.92140682303575,302.7106577576344,25.654931900849267
15,265.0,30.880434776981165,0.97,0.0284017138273346,0.0,0.0015982861726653,0.0,0.0,0.0,0.0,301.55,85.09,0.8787929033327806,0.3629149697612077,73.61623377470471,30.880334776981165,965.6800351786084,80.23083614241227,0.9990206412389802,0.0008147859562965,0.0,0.0001645728047233,0.0,0.0,0.0,0.0,0.9699977913879684,0.0284038133268017,0.0,0.0015983952852299,0.0,0.0,0.0,0.0,6.1570696716436135,1.361553773639505,1.0,1.074738043388728,0.0,1.522934481662513,0.0,0.0,0.0,0.0,6.19415722930877,966.2255774553212,79.59167899763797,302.7106577576344,29.571779036695137
15,265.0,35.62884577672823,0.97,0.0284017138273346,0.0,0.0015982861726653,0.0,0.0,0.0,0.0,301.55,85.09,0.8787929033327806,0.4187195413882739,73.61623377470471,30.880334776981165,963.7370800690488,82.42964571322915,0.9955871986057117,0.0038118356774092,0.0,0.0006009657168792,0.0,0.0,0.0,0.0,0.8772169845114582,0.1175682959297071,0.0,0.0052147195588345,0.0,0.0,0.0,0.0,6.028393594576985,1.3769877102788313,1.0,1.0703101609606325,0.0,1.5142699337408243,0.0,0.0,0.0,0.0,6.19415722930877,966.2255774553212,79.59167899763797,302.7106577576344,29.571779036695137
15,265.0,40.377256776475285,0.97,0.0284017138273346,0.0,0.0015982861726653,0.0,0.0,0.0,0.0,301.55,85.09,0.8787929033327806,0.47452411301534,73.61623377470471,30.880334776981165,961.82772142307,84.524200009599,0.9922695011749996,0.0068472890696794,0.0,0.0008832097553212,0.0,0.0,0.0,0.0,0.803738267218775,0.1893247619526102,0.0,0.0069369708286149,0.0,0.0,0.0,0.0,5.905984466253796,1.3919977758641984,1.0,1.0664257837733937,0.0,1.50605021901902,0.0,0.0,0.0,0.0,6.19415722930877,966.2255774553212,79.59167899763797,302.7106577576344,29.571779036695137
15,265.0,45.12566777622234,0.97,0.0284017138273346,0.0,0.0015982861726653,0.0,0.0,0.0,0.0,301.55,85.09,0.8787929033327806,0.5303286846424061,73.61623377470471,30.880334776981165,959.9349709940946,86.57312015899562,0.9890165654864448,0.0099037314533937,0.0,0.0010797030601616,0.0,0.0,0.0,0.0,0.7441764419935265,0.2480670471180401,0.0,0.0077565108884331,0.0,0.0,0.0,0.0,5.78774569447585,1.406799331085258,1.0,1.062884040372596,0.0,1.4981262443771448,0.0,0.0,0.0,0.0,6.19415722930877,966.2255774553212,79.59167899763797,302.7106577576344,29.571779036695137
15,265.0,49.87407877596941,0.97,0.0284017138273346,0.0,0.0015982861726653,0.0,0.0,0.0,0.0,301.55,85.09,0.8787929033327806,0.5861332562694724,73.61623377470471,30.880334776981165,958.0502144077868,88.60457537000453,0.9858032110619418,0.0129727905939817,0.0,0.0012239983440764,0.0,0.0,0.0,0.0,0.6949875601787329,0.2969006793596002,0.0,0.0081117604616669,0.0,0.0,0.0,0.0,5.67262785045565,1.4215042932320836,1.0,1.0595720080663529,0.0,1.4904241573446366,0.0,0.0,0.0,0.0,6.19415722930877,966.2255774553212,79.59167899763797,302.7106577576344,29.571779036695137
15,265.0,54.62248977571648,0.97,0.0284017138273346,0.0,0.0015982861726653,0.0,0.0,0.0,0.0,301.55,85.09,0.8787929033327806,0.6419378278965386,73.61623377470471,30.880334776981165,956.1686460063772,90.63337097723672,0.982615690095248,0.0160500094960647,0.0,0.0013343004086872,0.0,0.0,0.0,0.0,0.6537385659983603,0.3380453159354045,0.0,0.008216118066235,0.0,0.0,0.0,0.0,5.560054993340119,1.4361863593607098,1.0,1.056426981020049,0.0,1.482914912686934,0.0,0.0,0.0,0.0,6.19415722930877,966.2255774553212,79.59167899763797,302.7106577576344,29.571779036695137
15,265.0,59.370900775463525,0.97,0.0284017138273346,0.0,0.0015982861726653,0.0,0.0,0.0,0.0,301.55,85.09,0.8787929033327806,0.6977423995236047,73.61623377470471,30.880334776981165,954.2873821296046,92.6678753286058,0.9794458941543548,0.0191328211329783,0.0,0.0014212847126668,0.0,0.0,0.0,0.0,0.6187025012193402,0.3731164403302293,0.0,0.0081810584504305,0.0,0.0,0.0,0.0,5.449683607654479,1.45087436120757,1.0,1.0534133887858497,0.0,1.4755636735167144,0.0,0.0,0.0,0.0,6.19415722930877,966.2255774553212,79.59167899763797,302.7106577576344,29.571779036695137
15,265.0,64.11931177521059,0.97,0.0284017138273346,0.0,0.0015982861726653,0.0,0.0,0.0,0.0,301.55,85.09,0.8787929033327806,0.7535469711506709,73.61623377470471,30.880334776981165,952.4045929848018,94.71312102348344,0.9762887429633104,0.0222196519656805,0.0,0.0014916050710092,0.0,0.0,0.0,0.0,0.5886195574832707,0.4033124872869653,0.0,0.008067955229764,0.0,0.0,0.0,0.0,5.341294399086891,1.4655875238835236,1.0,1.0505146807315513,0.0,1.4683528434755042,0.0,0.0,0.0,0.0,6.19415722930877,966.2255774553212,79.59167899763797,302.7106577576344,29.571779036695137
15,265.0,68.86772277495766,0.97,0.0284017138273346,0.0,0.0015982861726653,0.0,0.0,0.0,0.0,301.55,85.09,0.8787929033327806,0.8093515427777371,73.61623377470471,30.880334776981165,950.5190661954074,96.772304074969,0.9731408961921792,0.0253094873959116,0.0,0.0015496164119092,0.0,0.0,0.0,0.0,0.562549199066089,0.4295388603811029,0.0,0.007911940552808,0.0,0.0,0.0,0.0,5.234744588322891,1.480342676953378,1.0,1.047714328924725,0.0,1.4612710766361474,0.0,0.0,0.0,0.0,6.19415722930877,966.2255774553212,79.59167899763797,302.7106577576344,29.571779036695137
15,265.0,73.6161337747047,0.97,0.0284017138273346,0.0,0.0015982861726653,0.0,0.0,0.0,0.0,301.55,85.09,0.8787929033327806,0.8651561144048032,73.61623377470471,30.880334776981165,948.629965273608,98.847567430394,0.970000066067897,0.028401648701628,0.0,0.001598285230475,0.0,0.0,0.0,0.0,0.5397751834289995,0.4524911204060178,0.0,0.0077336961649825,0.0,0.0,0.0,0.0,5.129926220610123,1.495156078047584,1.0,1.045005177058372,0.0,1.4543185076668528,0.0,0.0,0.0,0.0,6.19415722930877,966.2255774553212,79.59167899763797,302.7106577576344,29.571779036695137
15,270.0,35.49795517133516,0.97,0.0284017138273346,0.0,0.0015982861726653,0.0,0.0,0.0,0.0,301.55,85.09,0.8953739015088708,0.417181280659715,74.2056198746226,35.497855171335154,936.181744177903,94.16125204078504,0.9987330090653168,0.0010743384237775,0.0,0.0001926525109056,0.0,0.0,0.0,0.0,0.9699981740114548,0.0284034504875759,0.0,0.0015983755009691,0.0,0.0,0.0,0.0,5.088837637306664,1.4854237349898245,1.0,1.0540312716941185,0.0,1.446995060697762,0.0,0.0,0.0,0.0,5.130843724598608,936.9320241360858,93.30322734807504,302.7106577576344,33.91794976874195
15,270.0,39.79879569392265,0.97,0.0284017138273346,0.0,0.0015982861726653,0.0,0.0,0.0,0.0,301.55,85.09,0.8953739015088708,0.4677258866367687,74.2056198746226,35.497855171335154,934.1713587547029,96.39769106975898,0.995377347572954,0.0040375279389952,0.0,0.0005851244880508,0.0,0.0,0.0,0.0,0.8986785479726788,0.0968757381525518,0.0,0.0044457138747693,0.0,0.0,0.0,0.0,4.979008526050983,1.5019204558806365,1.0,1.0506008994459972,0.0,1.4397300065119578,0.0,0.0,0.0,0.0,5.130843724598608,936.9320241360858,93.30322734807504,302.7106577576344,33.91794976874195
15,270.0,44.09963621651014,0.97,0.0284017138273346,0.0,0.0015982861726653,0.0,0.0,0.0,0.0,301.55,85.09,0.8953739015088708,0.5182704926138223,74.2056198746226,35.497855171335154,932.1889759179292,98.55125111269024,0.9921086860936876,0.0070372577550344,0.0,0.0008540561512779,0.0,0.0,0.0,0.0,0.8394803772799929,0.1545277411434014,0.0,0.0059918815766056,0.0,0.0,0.0,0.0,4.873873333719553,1.5180994920568431,1.0,1.0475368217824883,0.0,1.4327839612801556,0.0,0.0,0.0,0.0,5.130843724598608,936.9320241360858,93.30322734807504,302.7106577576344,33.91794976874195
15,270.0,48.40047673909764,0.97,0.0284017138273346,0.0,0.0015982861726653,0.0,0.0,0.0,0.0,301.55,85.09,0.8953739015088708,0.568815098590876,74.2056198746226,35.497855171335154,930.2208875882462,100.6664523262276,0.9888916534466394,0.010059296539767,0.0,0.0010490500135935,0.0,0.0,0.0,0.0,0.7896029230747798,0.2035541149533703,0.0,0.0068429619718498,0.0,0.0,0.0,0.0,4.772057238698886,1.534138442973599,1.0,1.0447250035049145,0.0,1.42606119056287,0.0,0.0,0.0,0.0,5.130843724598608,936.9320241360858,93.30322734807504,302.7106577576344,33.91794976874195
15,270.0,52.70131726168513,0.97,0.0284017138273346,0.0,0.0015982861726653,0.0,0.0,0.0,0.0,301.55,85.09,0.8953739015088708,0.6193597045679297,74.2056198746226,35.497855171335154,928.2595080935778,102.76700220286992,0.9857072025955766,0.0130961921216898,0.0,0.0011966052827335,0.0,0.0,0.0,0.0,0.7470555688025092,0.2456447785985746,0.0,0.007299652598916,0.0,0.0,0.0,0.0,4.672808430016209,1.5501252067706552,1.0,1.0420999869563632,0.0,1.4195124201234175,0.0,0.0,0.0,0.0,5.130843724598608,936.9320241360858,93.30322734807504,302.7106577576344,33.91794976874195
15,270.0,57.00215778427263,0.97,0.0284017138273346,0.0,0.0015982861726653,0.0,0.0,0.0,0.0,301.55,85.09,0.8953739015088708,0.6699043105449832,74.2056198746226,35.497855171335154,926.3003071041528,104.86644853670654,0.982544238926126,0.0161437309195017,0.0,0.0013120301543724,0.0,0.0,0.0,0.0,0.7103800388170136,0.2820972202231275,0.0,0.0075227409598588,0.0,0.0,0.0,0.0,4.575686419639351,1.5661391911127596,1.0,1.0396164658063014,0.0,1.4131123790057092,0.0,0.0,0.0,0.0,5.130843724598608,936.9320241360858,93.30322734807504,302.7106577576344,33.91794976874195
15,270.0,61.30299830686012,0.97,0.0284017138273346,0.0,0.0015982861726653,0.0,0.0,0.0,0.0,301.55,85.09,0.8953739015088708,0.7204489165220369,74.2056198746226,35.497855171335154,924.340404355296,106.97300603014644,0.9793958770208496,0.0191993842622321,0.0,0.0014047387169183,0.0,0.0,0.0,0.0,0.6784821240478772,0.3139145576712171,0.0,0.0076033182809056,0.0,0.0,0.0,0.0,4.480413611019392,1.5821996231394049,1.0,1.0372484219101874,0.0,1.4068334523953987,0.0,0.0,0.0,0.0,5.130843724598608,936.9320241360858,93.30322734807504,302.7106577576344,33.91794976874195
15,270.0,65.60383882944761,0.97,0.0284017138273346,0.0,0.0015982861726653,0.0,0.0,0.0,0.0,301.55,85.09,0.8953739015088708,0.7709935224990905,74.2056198746226,35.497855171335154,922.3778794298696,109.09190844633471,0.9762576211595706,0.0222615584479376,0.0,0.0014808203924918,0.0,0.0,0.0,0.0,0.6505242408224481,0.3418803906725828,0.0,0.0075953685049691,0.0,0.0,0.0,0.0,4.386809949875481,1.5983476992967744,1.0,1.0349792842830798,0.0,1.4006629038688354,0.0,0.0,0.0,0.0,5.130843724598608,936.9320241360858,93.30322734807504,302.7106577576344,33.91794976874195
15,270.0,69.9046793520351,0.97,0.0284017138273346,0.0,0.0015982861726653,0.0,0.0,0.0,0.0,301.55,85.09,0.8953739015088708,0.821538128476144,74.2056198746226,35.497855171335154,920.4113962364886,111.22665149799494,0.9731264075571148,0.0253292116755312,0.0,0.0015443807673539,0.0,0.0,0.0,0.0,0.6258542610053028,0.3666137045157767,0.0,0.0075320344789204,0.0,0.0,0.0,0.0,4.294749653393719,1.614601116084645,1.0,1.0327982585724045,0.0,1.394593468741024,0.0,0.0,0.0,0.0,5.130843724598608,936.9320241360858,93.30322734807504,302.7106577576344,33.91794976874195
15,270.0,74.2055198746226,0.97,0.0284017138273346,0.0,0.0015982861726653,0.0,0.0,0.0,0.0,301.55,85.09,0.8953739015088708,0.8720827344531977,74.2056198746226,35.497855171335154,918.4399931814132,113.37966879378594,0.9700000726442886,0.0284016423412385,0.0,0.0015982850144729,0.0,0.0,0.0,0.0,0.6039568489879608,0.3886089153989249,0.0,0.0074342356131143,0.0,0.0,0.0,0.0,4.204144232504436,1.6309754352151251,1.0,1.0306981806795006,0.0,1.3886249950771812,0.0,0.0,0.0,0.0,5.130843724598608,936.9320241360858,93.30322734807504,302.7106577576344,33.91794976874195
15,275.0,40.64050038105783,0.97,0.0284017138273346,0.0,0.0015982861726653,0.0,0.0,0.0,0.0,301.55,85.09,0.911954899684961,0.4776178209079542,75.32327815457396,40.64040038105782,903.3810227626452,110.77986335411302,0.9983416874919347,0.0014315868325316,0.0,0.0002267256755337,0.0,0.0,0.0,0.0,0.9699984974966236,0.0284031436189403,0.0,0.0015983588844358,0.0,0.0,0.0,0.0,4.064394969355272,1.641691100352647,1.0,1.035766895242002,0.0,1.377530743051722,0.0,0.0,0.0,0.0,4.11187312491467,904.4335281070778,109.60126774294156,302.7106577576344,38.72523437118672
15,275.0,44.49413124478184,0.97,0.0284017138273346,0.0,0.0015982861726653,0.0,0.0,0.0,0.0,301.55,85.09,0.911954899684961,0.5229067016662574,75.32327815457396,40.64040038105782,901.2902538141216,113.07195134325455,0.9950748662370588,0.0043496221844145,0.0,0.0005755115785267,0.0,0.0,0.0,0.0,0.9162742816559704,0.0799360226836873,0.0,0.0037896956603421,0.0,0.0,0.0,0.0,3.97229014087309,1.659925868604451,1.0,1.033220218576971,0.0,1.3714145703253957,0.0,0.0,0.0,0.0,4.11187312491467,904.4335281070778,109.60126774294156,302.7106577576344,38.72523437118672
15,275.0,48.347762108505854,0.97,0.0284017138273346,0.0,0.0015982861726653,0.0,0.0,0.0,0.0,301.55,85.09,0.911954899684961,0.5681955824245605,75.32327815457396,40.64040038105782,899.2210657654797,115.30243687991047,0.9918693654119484,0.0073022470633208,0.0,0.0008283875247308,0.0,0.0,0.0,0.0,0.8699227834125832,0.1249557685722227,0.0,0.005121448015194,0.0,0.0,0.0,0.0,3.883596536781076,1.677957781499557,1.0,1.030913632448858,0.0,1.3655289098847614,0.0,0.0,0.0,0.0,4.11187312491467,904.4335281070778,109.60126774294156,302.7106577576344,38.72523437118672
15,275.0,52.20139297222987,0.97,0.0284017138273346,0.0,0.0015982861726653,0.0,0.0,0.0,0.0,301.55,85.09,0.911954899684961,0.6134844631828636,75.32327815457396,40.64040038105782,897.1628001299013,117.50358058948186,0.9887020671591268,0.0102783719369256,0.0,0.0010195609039474,0.0,0.0,0.0,0.0,0.8295558252625821,0.1644999201713546,0.0,0.0059442545660632,0.0,0.0,0.0,0.0,3.7974616383414967,1.6959322786015358,1.0,1.0287841051654607,0.0,1.359809631293146,0.0,0.0,0.0,0.0,4.11187312491467,904.4335281070778,109.60126774294156,302.7106577576344,38.72523437118672
15,275.0,56.05502383595388,0.97,0.0284017138273346,0.0,0.0015982861726653,0.0,0.0,0.0,0.0,301.55,85.09,0.911954899684961,0.6587733439411667,75.32327815457396,40.64040038105782,895.1090281401077,119.69433733143688,0.9855593968698249,0.0132716720558933,0.0,0.0011689310742818,0.0,0.0,0.0,0.0,0.794120483236255,0.1994279083283008,0.0,0.0064516084354441,0.0,0.0,0.0,0.0,3.713383744811809,1.713942900329534,1.0,1.0267963410561716,0.0,1.3542197656204584,0.0,0.0,0.0,0.0,4.11187312491467,904.4335281070778,109.60126774294156,302.7106577576344,38.72523437118672
15,275.0,59.908654699677896,0.97,0.0284017138273346,0.0,0.0015982861726653,0.0,0.0,0.0,0.0,301.55,85.09,0.911954899684961,0.7040622246994699,75.32327815457396,40.64040038105782,893.0556270301344,121.88649178968888,0.9824328884103858,0.0162783407995681,0.0,0.001288770790046,0.0,0.0,0.0,0.0,0.7628005662814482,0.2304429405477183,0.0,0.0067564931708334,0.0,0.0,0.0,0.0,3.631045175655295,1.7320385021484308,1.0,1.0249220138381685,0.0,1.3487375859186024,0.0,0.0,0.0,0.0,4.11187312491467,904.4335281070778,109.60126774294156,302.7106577576344,38.72523437118672
15,275.0,63.76228556340191,0.97,0.0284017138273346,0.0,0.0015982861726653,0.0,0.0,0.0,0.0,301.55,85.09,0.911954899684961,0.7493511054577731,75.32327815457396,40.64040038105782,890.9998177713294,124.0877244461305,0.9793169901497704,0.0192959849336446,0.0,0.0013870249165848,0.0,0.0,0.0,0.0,0.7349523133411398,0.2581197319211198,0.0,0.0069279547377403,0.0,0.0,0.0,0.0,3.550243974840709,1.7502603521397877,1.0,1.0231448597074395,0.0,1.343354954168542,0.0,0.0,0.0,0.0,4.11187312491467,904.4335281070778,109.60126774294156,302.7106577576344,38.72523437118672
15,275.0,67.61591642712592,0.97,0.0284017138273346,0.0,0.0015982861726653,0.0,0.0,0.0,0.0,301.55,85.09,0.911954899684961,0.7946399862160761,75.32327815457396,40.64040038105782,888.9396422807973,126.30326363528332,0.9762079017589712,0.0223230498052174,0.0,0.0014690484358114,0.0,0.0,0.0,0.0,0.7100606190070252,0.2829296081984126,0.0,0.0070097727945621,0.0,0.0,0.0,0.0,3.470821106711839,1.7686449428789004,1.0,1.021453342734252,0.0,1.338056196497829,0.0,0.0,0.0,0.0,4.11187312491467,904.4335281070778,109.60126774294156,302.7106577576344,38.72523437118672
15,275.0,71.46954729084993,0.97,0.0284017138273346,0.0,0.0015982861726653,0.0,0.0,0.0,0.0,301.55,85.09,0.911954899684961,0.8399288669743792,75.32327815457396,40.64040038105782,886.8736692363224,128.53680735263728,0.9731029248282392,0.0253584999801081,0.0,0.0015385751916524,0.0,0.0,0.0,0.0,0.6877081831522431,0.3052612620095813,0.0,0.0070305548381755,0.0,0.0,0.0,0.0,3.3926887958820684,1.7872146504285695,1.0,1.0198383195206795,0.0,1.3328329978300104,0.0,0.0,0.0,0.0,4.11187312491467,904.4335281070778,109.60126774294156,302.7106577576344,38.72523437118672
15,275.0,75.32317815457395,0.97,0.0284017138273346,0.0,0.0015982861726653,0.0,0.0,0.0,0.0,301.55,85.09,0.911954899684961,0.8852177477326825,75.32327815457396,40.64040038105782,884.8008168681225,130.79106728957328,0.9700000804968768,0.0284016347706541,0.0,0.0015982847324688,0.0,0.0,0.0,0.0,0.6675532516266851,0.325437286692304,0.0,0.0070094616810111,0.0,0.0,0.0,0.0,3.315770520944774,1.805984471609304,1.0,1.018294340174271,0.0,1.3276810085883048,0.0,0.0,0.0,0.0,4.11187312491467,904.4335281070778,109.60126774294156,302.7106577576344,38.72523437118672
15,280.0,46.3665150969384,0.97,0.0284017138273346,0.0,0.0015982861726653,0.0,0.0,0.0,0.0,301.55,85.09,0.9285358978610512,0.5449114478427359,76.94199327095188,46.3664150969384,866.157625210385,130.98168648443158,0.9977905947744702,0.0019396413877024,0.0,0.0002697638378272,0.0,0.0,0.0,0.0,0.9699987741695832,0.0284028810572394,0.0,0.0015983447731774,0.0,0.0,0.0,0.0,3.0914286398996147,1.847939624762315,1.0,1.020230083532007,0.0,1.3122687045799126,0.0,0.0,0.0,0.0,3.144965486757293,867.6798743518019,129.30886906724652,302.7106577576344,44.02808165538378
15,280.0,49.76377933849545,0.97,0.0284017138273346,0.0,0.0015982861726653,0.0,0.0,0.0,0.0,301.55,85.09,0.9285358978610512,0.5848369883475785,76.94199327095188,46.3664150969384,863.967107466104,133.3521014658958,0.9946300405778452,0.0047949476798911,0.0,0.0005750117422636,0.0,0.0,0.0,0.0,0.9306544253318566,0.066112645613745,0.0,0.0032329290543983,0.0,0.0,0.0,0.0,3.0162258162718745,1.8689781730992443,1.0,1.0184835836687711,0.0,1.3071186894199265,0.0,0.0,0.0,0.0,3.144965486757293,867.6798743518019,129.30886906724652,302.7106577576344,44.02808165538378
15,280.0,53.16104358005251,0.97,0.0284017138273346,0.0,0.0015982861726653,0.0,0.0,0.0,0.0,301.55,85.09,0.9285358978610512,0.624762528852421,76.94199327095188,46.3664150969384,861.7906026194619,135.6822184719854,0.9915082183097408,0.0076829485433294,0.0,0.0008088331469298,0.0,0.0,0.0,0.0,0.8956120565686361,0.1000592689869032,0.0,0.0043286744444607,0.0,0.0,0.0,0.0,2.943404412641292,1.8899724260865631,1.0,1.016885482299557,0.0,1.3021245007907791,0.0,0.0,0.0,0.0,3.144965486757293,867.6798743518019,129.30886906724652,302.7106577576344,44.02808165538378
15,280.0,56.55830782160956,0.97,0.0284017138273346,0.0,0.0015982861726653,0.0,0.0,0.0,0.0,301.55,85.09,0.9285358978610512,0.6646880693572635,76.94199327095188,46.3664150969384,859.6201767514925,137.99409724883373,0.9884111243673004,0.0105955587171294,0.0,0.0009933169155703,0.0,0.0,0.0,0.0,0.8642251059743677,0.130700961402409,0.0,0.0050739326232232,0.0,0.0,0.0,0.0,2.87247969673499,1.9110340055315973,1.0,1.0154083937641878,0.0,1.2972477991258229,0.0,0.0,0.0,0.0,3.144965486757293,867.6798743518019,129.30886906724652,302.7106577576344,44.02808165538378
15,280.0,59.95557206316661,0.97,0.0284017138273346,0.0,0.0015982861726653,0.0,0.0,0.0,0.0,301.55,85.09,0.9285358978610512,0.7046136098621061,76.94199327095188,46.3664150969384,857.4506043990128,140.30200625532166,0.9853297796934888,0.0135277709316995,0.0,0.0011424493748116,0.0,0.0,0.0,0.0,0.8359753878129729,0.1584410534746093,0.0,0.0055835587124177,0.0,0.0,0.0,0.0,2.803140787073274,1.9322411439162297,1.0,1.0140330114752014,0.0,1.29246545818367,0.0,0.0,0.0,0.0,3.144965486757293,867.6798743518019,129.30886906724652,302.7106577576344,44.02808165538378
15,280.0,63.35283630472367,0.97,0.0284017138273346,0.0,0.0015982861726653,0.0,0.0,0.0,0.0,301.55,85.09,0.9285358978610512,0.7445391503669487,76.94199327095188,46.3664150969384,855.2782737304766,142.6155938632149,0.9822581605674509,0.016476376716878,0.0,0.0012654627156711,0.0,0.0,0.0,0.0,0.810441050703036,0.1836284502439759,0.0,0.0059304990529881,0.0,0.0,0.0,0.0,2.735184680936797,1.9536515530933531,1.0,1.012745827279229,0.0,1.2877638935291806,0.0,0.0,0.0,0.0,3.144965486757293,867.6798743518019,129.30886906724652,302.7106577576344,44.02808165538378
15,280.0,66.75010054628072,0.97,0.0284017138273346,0.0,0.0015982861726653,0.0,0.0,0.0,0.0,301.55,85.09,0.9285358978610512,0.7844646908717913,76.94199327095188,46.3664150969384,853.100581281848,144.94165118109888,0.9791920620800544,0.0194392653184813,0.0,0.0013686726014642,0.0,0.0,0.0,0.0,0.787274352589863,0.2065629568539433,0.0,0.0061626905561937,0.0,0.0,0.0,0.0,2.6684606520772527,1.9753164043812848,1.0,1.0115367441079268,0.0,1.28313377536643,0.0,0.0,0.0,0.0,3.144965486757293,867.6798743518019,129.30886906724652,302.7106577576344,44.02808165538378
15,280.0,70.14736478783777,0.97,0.0284017138273346,0.0,0.0015982861726653,0.0,0.0,0.0,0.0,301.55,85.09,0.9285358978610512,0.8243902313766338,76.94199327095188,46.3664150969384,850.9155805823881,147.28512200186648,0.9761284439851892,0.022415021912718,0.0,0.0014565341020928,0.0,0.0,0.0,0.0,0.7661856117193999,0.2275018366890034,0.0,0.0063125515915967,0.0,0.0,0.0,0.0,2.602870442068724,1.997259492106553,1.0,1.0103989966059024,0.0,1.2785664294299228,0.0,0.0,0.0,0.0,3.144965486757293,867.6798743518019,129.30886906724652,302.7106577576344,44.02808165538378
15,280.0,73.54462902939483,0.97,0.0284017138273346,0.0,0.0015982861726653,0.0,0.0,0.0,0.0,301.55,85.09,0.9285358978610512,0.8643157718814763,76.94199327095188,46.3664150969384,848.7217635173013,149.64974086720787,0.973065035499728,0.0254026903691673,0.0,0.0015322741311045,0.0,0.0,0.0,0.0,0.7469313878952045,0.2466660701594071,0.0,0.0064025419453884,0.0,0.0,0.0,0.0,2.53833645301568,2.0195074998891225,1.0,1.0093270965560488,0.0,1.2740552466638808,0.0,0.0,0.0,0.0,3.144965486757293,867.6798743518019,129.30886906724652,302.7106577576344,44.02808165538378
15,280.0,76.94189327095188,0.97,0.0284017138273346,0.0,0.0015982861726653,0.0,0.0,0.0,0.0,301.55,85.09,0.9285358978610512,0.9042413123863188,76.94199327095188,46.3664150969384,846.517925224725,152.03841206429624,0.9700000902395918,0.0284016254061697,0.0,0.0015982843542384,0.0,0.0,0.0,0.0,0.729305473839388,0.2642459810573229,0.0,0.0064485451032891,0.0,0.0,0.0,0.0,2.474795934849376,2.0420942634682144,1.0,1.0083179718767077,0.0,1.2695974627736462,0.0,0.0,0.0,0.0,3.144965486757293,867.6798743518019,129.30886906724652,302.7106577576344,44.02808165538378
15,285.0,52.75477873976352,0.97,0.0284017138273346,0.0,0.0015982861726653,0.0,0.0,0.0,0.0,301.55,85.09,0.9451168960371414,0.6199879978818136,79.01526368158699,52.75467873976352,822.6639241047637,156.26415657148314,0.9969739748887388,0.0026987129347243,0.0,0.0003273121765366,0.0,0.0,0.0,0.0,0.9699990148076768,0.0284026525988455,0.0,0.0015983325934775,0.0,0.0,0.0,0.0,2.1809109105055797,2.138667155363659,1.0,1.008069026325486,0.0,1.248877179410423,0.0,0.0,0.0,0.0,2.2410522625838034,824.9746819221486,153.77005765610247,302.7106577576344,49.86436423924916
15,285.0,55.67259928885502,0.97,0.0284017138273346,0.0,0.0015982861726653,0.0,0.0,0.0,0.0,301.55,85.09,0.9451168960371414,0.6542789903496887,79.01526368158699,52.75467873976352,820.3437905645345,158.743265643436,0.9939494056263564,0.0054619807498592,0.0,0.0005886136237843,0.0,0.0,0.0,0.0,0.942397029058768,0.0548409831526797,0.0,0.0027619877885522,0.0,0.0,0.0,0.0,2.1221211673765112,2.1644226247426137,1.0,1.007064364427053,0.0,1.244550438057737,0.0,0.0,0.0,0.0,2.2410522625838034,824.9746819221486,153.77005765610247,302.7106577576344,49.86436423924916
15,285.0,58.59041983794651,0.97,0.0284017138273346,0.0,0.0015982861726653,0.0,0.0,0.0,0.0,301.55,85.09,0.9451168960371414,0.6885699828175639,79.01526368158699,52.75467873976352,818.028231271743,161.2038151873878,0.9909438749887054,0.0082563027767343,0.0,0.0007998222345603,0.0,0.0,0.0,0.0,0.9171603266203432,0.0792269283870429,0.0,0.0036127449926139,0.0,0.0,0.0,0.0,2.064911266293972,2.19148303783592,1.0000000000128708,1.0061556200382331,0.0,1.2405407544325744,0.0,0.0,0.0,0.0,2.2410522625838034,824.9746819221486,153.77005765610247,302.7106577576344,49.86436423924916
15,285.0,61.508240387038015,0.97,0.0284017138273346,0.0,0.0015982861726653,0.0,0.0,0.0,0.0,301.55,85.09,0.9451168960371414,0.7228609752854391,79.01526368158699,52.75467873976352,815.7116260857625,163.65981368030873,0.987949705236407,0.0110763746511594,0.0,0.0009739201124335,0.0,0.0,0.0,0.0,0.8940138720321894,0.1017447254471789,0.0,0.0042414025206316,0.0,0.0,0.0,0.0,2.0090218804794087,2.2165557393962123,1.0,1.0053180443208365,0.0,1.2361657288183885,0.0,0.0,0.0,0.0,2.2410522625838034,824.9746819221486,153.77005765610247,302.7106577576344,49.86436423924916
15,285.0,64.4260609361295,0.97,0.0284017138273346,0.0,0.0015982861726653,0.0,0.0,0.0,0.0,301.55,85.09,0.9451168960371414,0.7571519677533142,79.01526368158699,52.75467873976352,813.3898984966878,166.12126265791542,0.9849614888540068,0.013918658755566,0.0,0.0011198523904272,0.0,0.0,0.0,0.0,0.8727265773813786,0.1225645575491101,0.0,0.0047088650695112,0.0,0.0,0.0,0.0,1.9543195057556384,2.244520538217836,1.0000000000154614,1.0045629275606875,0.0,1.2323311490301512,0.0,0.0,0.0,0.0,2.2410522625838034,824.9746819221486,153.77005765610247,302.7106577576344,49.86436423924916
15,285.0,67.343881485221,0.97,0.0284017138273346,0.0,0.0015982861726653,0.0,0.0,0.0,0.0,301.55,85.09,0.9451168960371414,0.7914429602211893,79.01526368158699,52.75467873976352,811.0599757991512,168.59556248122135,0.9819752841908852,0.0167807603792397,0.0,0.0012439554298751,0.0,0.0,0.0,0.0,0.8531021353941417,0.1418407455123089,0.0,0.0050571190935492,0.0,0.0,0.0,0.0,1.9006359255237903,2.2700736079201844,1.0,1.003863981699085,0.0,1.2280394910629242,0.0,0.0,0.0,0.0,2.2410522625838034,824.9746819221486,153.77005765610247,302.7106577576344,49.86436423924916
15,285.0,70.26170203431249,0.97,0.0284017138273346,0.0,0.0015982861726653,0.0,0.0,0.0,0.0,301.55,85.09,0.9451168960371414,0.8257339526890644,79.01526368158699,52.75467873976352,808.7194630586905,171.08835365783835,0.978988125902063,0.0196610448874334,0.0,0.0013508292105035,0.0,0.0,0.0,0.0,0.8349722571207548,0.1597119347865996,0.0,0.0053158080926454,0.0,0.0,0.0,0.0,1.8479338492534088,2.299245791189546,1.0000000000105602,1.0032387197001318,0.0,1.224348065298334,0.0,0.0,0.0,0.0,2.2410522625838034,824.9746819221486,153.77005765610247,302.7106577576344,49.86436423924916
15,285.0,73.179522583404,0.97,0.0284017138273346,0.0,0.0015982861726653,0.0,0.0,0.0,0.0,301.55,85.09,0.9451168960371414,0.8600249451569396,79.01526368158699,52.75467873976352,806.3664280295111,173.6040768194803,0.9759977132219096,0.0225584001198253,0.0,0.001443886658265,0.0,0.0,0.0,0.0,0.8181916147988983,0.1763020860758813,0.0,0.0055062991252202,0.0,0.0,0.0,0.0,1.7961185897806964,2.3254390639785627,1.0,1.0026611201987827,0.0,1.2201108713361066,0.0,0.0,0.0,0.0,2.2410522625838034,824.9746819221486,153.77005765610247,302.7106577576344,49.86436423924916
15,285.0,76.0973431324955,0.97,0.0284017138273346,0.0,0.0015982861726653,0.0,0.0,0.0,0.0,301.55,85.09,0.9451168960371414,0.8943159376248149,79.01526368158699,52.75467873976352,803.9992629520182,176.14633888655587,0.9730022085611786,0.0254720821014182,0.0,0.001525709337403,0.0,0.0,0.0,0.0,0.8026339240866865,0.1917218016380517,0.0,0.0056442742752618,0.0,0.0,0.0,0.0,1.745112407947241,2.353927819339819,1.0,1.0021466976596995,0.0,1.2162091258604486,0.0,0.0,0.0,0.0,2.2410522625838034,824.9746819221486,153.77005765610247,302.7106577576344,49.86436423924916
15,285.0,79.01516368158698,0.97,0.0284017138273346,0.0,0.0015982861726653,0.0,0.0,0.0,0.0,301.55,85.09,0.9451168960371414,0.92860693009269,79.01526368158699,52.75467873976352,801.6165908862739,178.71814198562242,0.9700001029723168,0.0284016132015668,0.0,0.0015982838261165,0.0,0.0,0.0,0.0,0.7881888212544256,0.2060697517988325,0.0,0.0057414269467418,0.0,0.0,0.0,0.0,1.69494718918557,2.385342042079935,1.0000000000645293,1.001694591266488,0.0,1.2126975765355654,0.0,0.0,0.0,0.0,2.2410522625838034,824.9746819221486,153.77005765610247,302.7106577576344,49.86436423924916
15,290.0,59.927388185525146,0.97,0.0284017138273346,0.0,0.0015982861726653,0.0,0.0,0.0,0.0,301.55,85.09,0.9616978942132316,0.7042823855391367,81.44907283365757,59.92728818552514,769.4548682936492,189.48151794658105,0.995661037160114,0.0039277808205854,0.0,0.0004111820193005,0.0,0.0,0.0,0.0,0.9699992226798224,0.0284024551879365,0.0,0.0015983221322411,0.0,0.0,0.0,0.0,1.3498210678112614,2.598593683130761,1.0000000001083682,1.000797574170736,0.0,1.185157320833786,0.0,0.0,0.0,0.0,1.416798301305132,773.2637021553837,185.44864903964933,302.7106577576344,56.27641671412855
15,290.0,62.31867536865097,0.97,0.0284017138273346,0.0,0.0015982861726653,0.0,0.0,0.0,0.0,301.55,85.09,0.9616978942132316,0.7323854197749555,81.44907283365757,59.92728818552514,766.9570267684169,192.1126122253693,0.992828992051444,0.006544422792169,0.0,0.0006265851563871,0.0,0.0,0.0,0.0,0.952015937215108,0.0456202968203239,0.0,0.0023637659645681,0.0,0.0,0.0,0.0,1.3073835072665645,2.633533086815254,1.0000000002239426,1.000524311578988,0.0,1.1815931022073578,0.0,0.0,0.0,0.0,1.416798301305132,773.2637021553837,185.44864903964933,302.7106577576344,56.27641671412855
15,290.0,64.7099625517768,0.97,0.0284017138273346,0.0,0.0015982861726653,0.0,0.0,0.0,0.0,301.55,85.09,0.9616978942132316,0.7604884540107744,81.44907283365757,59.92728818552514,764.4507377002495,194.7484162761642,0.9899987842393128,0.0091909789308614,0.0,0.0008102368298257,0.0,0.0,0.0,0.0,0.9352132276420472,0.0618177182041865,0.0,0.0029690541537661,0.0,0.0,0.0,0.0,1.265915312263663,2.6691340231526337,1.0000000001253797,1.0003104946166426,0.0,1.1780819961238913,0.0,0.0,0.0,0.0,1.416798301305132,773.2637021553837,185.44864903964933,302.7106577576344,56.27641671412855
15,290.0,67.10124973490262,0.97,0.0284017138273346,0.0,0.0015982861726653,0.0,0.0,0.0,0.0,301.55,85.09,0.9616978942132316,0.7885914882465933,81.44907283365757,59.92728818552514,761.9321342289797,197.3971138714987,0.9871666775700708,0.0118646526252468,0.0,0.0009686698046823,0.0,0.0,0.0,0.0,0.9194910112943784,0.0770582016113584,0.0,0.003450787094263,0.0,0.0,0.0,0.0,1.2253150084061712,2.7054877943786124,1.0000000002346974,1.000153612395244,0.0,1.1746156267325287,0.0,0.0,0.0,0.0,1.416798301305132,773.2637021553837,185.44864903964933,302.7106577576344,56.27641671412855
15,290.0,69.49253691802843,0.97,0.0284017138273346,0.0,0.0015982861726653,0.0,0.0,0.0,0.0,301.55,85.09,0.9616978942132316,0.8166945224824119,81.44907283365757,59.92728818552514,759.398068017564,200.06522934427556,0.9843297254330512,0.0145634875101521,0.0,0.0011067870567965,0.0,0.0,0.0,0.0,0.9047616134713538,0.0914024713484089,0.0,0.0038359151802371,0.0,0.0,0.0,0.0,1.1855104693480276,2.7426812395040603,1.000000000040928,1.0000518518397363,0.0,1.1711875426482994,0.0,0.0,0.0,0.0,1.416798301305132,773.2637021553837,185.44864903964933,302.7106577576344,56.27641671412855
15,290.0,71.88382410115426,0.97,0.0284017138273346,0.0,0.0015982861726653,0.0,0.0,0.0,0.0,301.55,85.09,0.9616978942132316,0.8447975567182308,81.44907283365757,59.92728818552514,756.8458794940442,202.7581216028929,0.9814855324016736,0.0172861378719225,0.0,0.0012283297264039,0.0,0.0,0.0,0.0,0.8909476904096549,0.1049076972656126,0.0,0.0041446123247323,0.0,0.0,0.0,0.0,1.1464446445157728,2.7807943371793877,1.0000000000085765,1.0000041147337249,0.0,1.1677925329345316,0.0,0.0,0.0,0.0,1.416798301305132,773.2637021553837,185.44864903964933,302.7106577576344,56.27641671412855
15,290.0,74.27511128428009,0.97,0.0284017138273346,0.0,0.0015982861726653,0.0,0.0,0.0,0.0,301.55,85.09,0.9616978942132316,0.8729005909540496,81.44907283365757,59.92728818552514,754.2732591855846,205.4803155413344,0.9786320967364096,0.0200317073529236,0.0,0.0013361959106669,0.0,0.0,0.0,0.0,0.8779806112429279,0.1176271828167398,0.0,0.0043922059403322,0.0,0.0,0.0,0.0,1.1080705219916376,2.819906098085133,1.0000000000001712,1.0000000000001512,0.0,1.1644266815953503,0.0,0.0,0.0,0.0,1.416798301305132,773.2637021553837,185.44864903964933,302.7106577576344,56.27641671412855
15,290.0,76.66639846740591,0.97,0.0284017138273346,0.0,0.0015982861726653,0.0,0.0,0.0,0.0,301.55,85.09,0.9616978942132316,0.9010036251898684,81.44907283365757,59.92728818552514,751.6781596037333,208.2356992524655,0.9757677033340046,0.0227996348107571,0.0,0.0014326618552381,0.0,0.0,0.0,0.0,0.865799135940234,0.1296103648716589,0.0,0.0045904991881068,0.0,0.0,0.0,0.0,1.0703691803029225,2.8600885545324988,1.000000000000178,1.0000000000003693,0.0,1.1610867711559765,0.0,0.0,0.0,0.0,1.416798301305132,773.2637021553837,185.44864903964933,302.7106577576344,56.27641671412855
15,290.0,79.05768565053174,0.97,0.0284017138273346,0.0,0.0015982861726653,0.0,0.0,0.0,0.0,301.55,85.09,0.9616978942132316,0.9291066594256874,81.44907283365757,59.92728818552514,749.05868763163,211.0277660738999,0.972890834371332,0.0255896271719532,0.0,0.0015195384567148,0.0,0.0,0.0,0.0,0.8543484732605214,0.1409028374627011,0.0,0.0047486892767773,0.0,0.0,0.0,0.0,1.0332974674445634,2.901423729514235,1.000000000000154,1.0000000000001272,0.0,1.1577702426012462,0.0,0.0,0.0,0.0,1.416798301305132,773.2637021553837,185.44864903964933,302.7106577576344,56.27641671412855
15,290.0,81.44897283365756,0.97,0.0284017138273346,0.0,0.0015982861726653,0.0,0.0,0.0,0.0,301.55,85.09,0.9616978942132316,0.9572096936615062,81.44907283365757,59.92728818552514,746.4130821178828,213.85966048871495,0.9700001211422926,0.0284015958240091,0.0,0.0015982830336982,0.0,0.0,0.0,0.0,0.843579346380607,0.1515466306711936,0.0,0.0048740229481992,0.0,0.0,0.0,0.0,0.996840270805771,2.9439942489311703,1.0000000000001803,1.0000000000001998,0.0,1.1544745779211636,0.0,0.0,0.0,0.0,1.416798301305132,773.2637021553837,185.44864903964933,302.7106577576344,56.27641671412855
15,295.0,68.1294262732062,0.97,0.0284017138273346,0.0,0.0015982861726653,0.0,0.0,0.0,0.0,301.55,85.09,0.9782788923893218,0.8006748886262335,84.00900586792783,68.1293262732062,698.5647861595538,237.4727878036358,0.9932014480580844,0.0062452202504958,0.0,0.0005533316914195,0.0,0.0,0.0,0.0,0.9699994231596502,0.0284022646877583,0.0,0.0015983121525915,0.0,0.0,0.0,0.0,0.628167413152251,3.4947561917224106,1.0000000000006342,1.0000000000007014,0.0,1.1132465082300171,0.0,0.0,0.0,0.0,0.7007193320287873,705.9625820508377,229.82343987692175,302.7106577576344,63.31231171729296
15,295.0,69.89381289484194,0.97,0.0284017138273346,0.0,0.0015982861726653,0.0,0.0,0.0,0.0,301.55,85.09,0.9782788923893218,0.8214104230208243,84.00900586792783,68.1293262732062,695.8093738825672,240.31983463136285,0.9906925805355702,0.0085908753196755,0.0,0.0007165441447542,0.0,0.0,0.0,0.0,0.9600024620606226,0.0379732416148301,0.0,0.002024296324547,0.0,0.0,0.0,0.0,0.6026780328936385,3.552086689368059,1.0000000000006113,1.000000000000708,0.0,1.109495206656926,0.0,0.0,0.0,0.0,0.7007193320287873,705.9625820508377,229.82343987692175,302.7106577576344,63.31231171729296
15,295.0,71.65819951647768,0.97,0.0284017138273346,0.0,0.0015982861726653,0.0,0.0,0.0,0.0,301.55,85.09,0.9782788923893218,0.8421459574154152,84.00900586792783,68.1293262732062,693.0240448484657,243.1998976516585,0.9881703963996572,0.0109659363259638,0.0,0.000863667274379,0.0,0.0,0.0,0.0,0.9504905277825056,0.0471224290649961,0.0,0.0023870431524983,0.0,0.0,0.0,0.0,0.5777158040671143,3.6114092974231538,1.0000000000012077,1.0000000000007447,0.0,1.1057923544731312,0.0,0.0,0.0,0.0,0.7007193320287873,705.9625820508377,229.82343987692175,302.7106577576344,63.31231171729296
15,295.0,73.42258613811342,0.97,0.0284017138273346,0.0,0.0015982861726653,0.0,0.0,0.0,0.0,301.55,85.09,0.9782788923893218,0.8628814918100061,84.00900586792783,68.1293262732062,690.2056806110216,246.11778639096457,0.9856330853145596,0.0133698470500131,0.0,0.0009970676354272,0.0,0.0,0.0,0.0,0.941438167229936,0.0558651131804926,0.0,0.0026967195895714,0.0,0.0,0.0,0.0,0.5532492151023769,3.6729038761986943,1.0000000001494198,1.0000000003316936,0.0,1.1021341017788675,0.0,0.0,0.0,0.0,0.7007193320287873,705.9625820508377,229.82343987692175,302.7106577576344,63.31231171729296
15,295.0,75.18697275974915,0.97,0.0284017138273346,0.0,0.0015982861726653,0.0,0.0,0.0,0.0,301.55,85.09,0.9782788923893218,0.8836170262045969,84.00900586792783,68.1293262732062,687.3513057871166,249.0779666303575,0.9830789564977246,0.0158023530736331,0.0,0.0011186904286424,0.0,0.0,0.0,0.0,0.9328222631424152,0.0642161703366436,0.0,0.0029615665209409,0.0,0.0,0.0,0.0,0.5292710891208972,3.736753081127,1.0000000001014986,1.0000000000296445,0.0,1.0985174707821466,0.0,0.0,0.0,0.0,0.7007193320287873,705.9625820508377,229.82343987692175,302.7106577576344,63.31231171729296
15,295.0,76.95135938138489,0.97,0.0284017138273346,0.0,0.0015982861726653,0.0,0.0,0.0,0.0,301.55,85.09,0.9782788923893218,0.9043525605991878,84.00900586792783,68.1293262732062,684.4579923634927,252.08467308021167,0.980506390462754,0.0182634617840524,0.0,0.0012301477531936,0.0,0.0,0.0,0.0,0.9246217582629565,0.0721899257391304,0.0,0.003188315997913,0.0,0.0,0.0,0.0,0.5057569516849966,3.8031575423987247,1.0000000000008145,1.0000000000008389,0.0,1.0949399676134388,0.0,0.0,0.0,0.0,0.7007193320287873,705.9625820508377,229.82343987692175,302.7106577576344,63.31231171729296
15,295.0,78.71574600302061,0.97,0.0284017138273346,0.0,0.0015982861726653,0.0,0.0,0.0,0.0,301.55,85.09,0.9782788923893218,0.9250880949937784,84.00900586792783,68.1293262732062,681.5228160466639,255.1420212794339,0.977913806574334,0.0207534074645298,0.0,0.001332785961136,0.0,0.0,0.0,0.0,0.9168174424177906,0.079800050358004,0.0,0.0033825072242053,0.0,0.0,0.0,0.0,0.4826941361016116,3.872338644543174,1.0000000002266078,1.0000000003094924,0.0,1.0913996692591013,0.0,0.0,0.0,0.0,0.7007193320287873,705.9625820508377,229.82343987692175,302.7106577576344,63.31231171729296
15,295.0,80.48013262465635,0.97,0.0284017138273346,0.0,0.0015982861726653,0.0,0.0,0.0,0.0,301.55,85.09,0.9782788923893218,0.9458236293883692,84.00900586792783,68.1293262732062,678.5428116126009,258.254074557608,0.975299634505568,0.023272627640061,0.0,0.001427737854371,0.0,0.0,0.0,0.0,0.9093917598398854,0.0870595112874436,0.0,0.0035487288726709,0.0,0.0,0.0,0.0,0.4600794804143944,3.9445247657487816,1.0000000000011364,1.0000000000015254,0.0,1.08789497637083,0.0,0.0,0.0,0.0,0.7007193320287873,705.9625820508377,229.82343987692175,302.7106577576344,63.31231171729296
15,295.0,82.24451924629209,0.97,0.0284017138273346,0.0,0.0015982861726653,0.0,0.0,0.0,0.0,301.55,85.09,0.9782788923893218,0.96655916378296,84.00900586792783,68.1293262732062,675.5149352959353,261.4248607012688,0.9726622899810352,0.0258217466360165,0.0,0.0015159633829481,0.0,0.0,0.0,0.0,0.9023286215066484,0.0939805717082589,0.0,0.0036908067850925,0.0,0.0,0.0,0.0,0.43790391060393,4.019976263559499,1.0000000000003824,1.0000000000010636,0.0,1.0844241841630815,0.0,0.0,0.0,0.0,0.7007193320287873,705.9625820508377,229.82343987692175,302.7106577576344,63.31231171729296
15,295.0,84.00890586792782,0.97,0.0284017138273346,0.0,0.0015982861726653,0.0,0.0,0.0,0.0,301.55,85.09,0.9782788923893218,0.987294698177551,84.00900586792783,68.1293262732062,672.436022115051,264.6584867483081,0.9700001513876426,0.0284015669448137,0.0,0.0015982816675435,0.0,0.0,0.0,0.0,0.8956133100840304,0.100574741609921,0.0,0.0038119483060484,0.0,0.0,0.0,0.0,0.4161687392382719,4.098985214857106,1.0000000000009786,1.0000000000006002,0.0,1.0809865693778455,0.0,0.0,0.0,0.0,0.7007193320287873,705.9625820508377,229.82343987692175,302.7106577576344,63.31231171729296
15,300.0,81.07755937758175,0.97,0.0284017138273346,0.0,0.0015982861726653,0.0,0.0,0.0,0.0,301.55,85.09,0.994859890565412,0.9528447453000558,85.68911224865481,81.07745937758175,566.8209066814991,340.8212399677114,0.9803301743688216,0.0184797144867944,0.0,0.0011901111443837,0.0,0.0,0.0,0.0,0.9607148268406848,0.0373200029746684,0.0,0.0019651701846468,0.0,0.0,0.0,0.0,0.0627454471107746,5.619332836990535,1.0,1.0,0.0,1.0078300460288727,0.0,0.0,0.0,0.0,0.1543479100653321,601.904304511408,305.601155454203,302.7106577576344,71.02654217787422
15,300.0,81.5899430299232,0.97,0.0284017138273346,0.0,0.0015982861726653,0.0,0.0,0.0,0.0,301.55,85.09,0.994859890565412,0.958866412385982,85.68911224865481,81.07745937758175,564.7123650235833,342.94616068475847,0.9792375802469934,0.0195243775837381,0.0,0.0012380421692684,0.0,0.0,0.0,0.0,0.959112035943882,0.0388650727752379,0.0,0.0020228912808799,0.0,0.0,0.0,0.0,0.0587760837942492,5.6511341458365365,1.0,1.0,0.0,1.0067520559670062,0.0,0.0,0.0,0.0,0.1543479100653321,601.904304511408,305.601155454203,302.7106577576344,71.02654217787422
15,300.0,82.10232668226465,0.97,0.0284017138273346,0.0,0.0015982861726653,0.0,0.0,0.0,0.0,301.55,85.09,0.994859890565412,0.964888079471908,85.68911224865481,81.07745937758175,562.5594321123584,345.11679978501445,0.978133019375574,0.0205817809536807,0.0,0.0012851996707452,0.0,0.0,0.0,0.0,0.957548242715416,0.0403741316500338,0.0,0.0020776256345503,0.0,0.0,0.0,0.0,0.0548687026274483,5.682884103448784,1.0,1.0,0.0,1.005691653422711,0.0,0.0,0.0,0.0,0.1543479100653321,601.904304511408,305.601155454203,302.7106577576344,71.02654217787422
15,300.0,82.6147103346061,0.97,0.0284017138273346,0.0,0.0015982861726653,0.0,0.0,0.0,0.0,301.55,85.09,0.994859890565412,0.970909746557834,85.68911224865481,81.07745937758175,560.3594503454818,347.3357334947898,0.977015841017564,0.0216525211071533,0.0,0.0013316378752825,0.0,0.0,0.0,0.0,0.9560236913431372,0.04184683044354,0.0,0.0021294782133227,0.0,0.0,0.0,0.0,0.0510262303988833,5.714579212655413,1.0,1.0,0.0,1.0046527092033406,0.0,0.0,0.0,0.0,0.1543479100653321,601.904304511408,305.601155454203,302.7106577576344,71.02654217787422
15,300.0,83.12709398694756,0.97,0.0284017138273346,0.0,0.0015982861726653,0.0,0.0,0.0,0.0,301.55,85.09,0.994859890565412,0.97693141364376,85.68911224865481,81.07745937758175,558.1089819474338,349.6066204419435,0.9758852801630148,0.0227373072177406,0.0,0.0013774126192445,0.0,0.0,0.0,0.0,0.9545388571181138,0.0432826026731042,0.0,0.0021785402087821,0.0,0.0,0.0,0.0,0.0472452472747543,5.746206403732501,1.0,1.0,0.0,1.003641721531201,0.0,0.0,0.0,0.0,0.1543479100653321,601.904304511408,305.601155454203,302.7106577576344,71.02654217787422
15,300.0,83.639477639289,0.97,0.0284017138273346,0.0,0.0015982861726653,0.0,0.0,0.0,0.0,301.55,85.09,0.994859890565412,0.982953080729686,85.68911224865481,81.07745937758175,555.8047497838991,351.9326472032443,0.974740549290171,0.0238368727659319,0.0,0.001422577943897,0.0,0.0,0.0,0.0,0.9530941336901289,0.0446809650250585,0.0,0.0022249012848126,0.0,0.0,0.0,0.0,0.0435282571638253,5.777755505233482,1.0,1.0,0.0,1.002667634040731,0.0,0.0,0.0,0.0,0.1543479100653321,601.904304511408,305.601155454203,302.7106577576344,71.02654217787422
15,300.0,84.15186129163045,0.97,0.0284017138273346,0.0,0.0015982861726653,0.0,0.0,0.0,0.0,301.55,85.09,0.994859890565412,0.9889747478156125,85.68911224865481,81.07745937758175,553.4428425045323,354.3177417996284,0.9735807506582476,0.0249520600024041,0.0,0.0014671893393483,0.0,0.0,0.0,0.0,0.9516900770133716,0.0460412821450904,0.0,0.0022686408415377,0.0,0.0,0.0,0.0,0.0398771391497575,5.809217165121261,1.0,1.0,0.0,1.0017457056358925,0.0,0.0,0.0,0.0,0.1543479100653321,601.904304511408,305.601155454203,302.7106577576344,71.02654217787422
15,300.0,84.66424494397191,0.97,0.0284017138273346,0.0,0.0015982861726653,0.0,0.0,0.0,0.0,301.55,85.09,0.994859890565412,0.9949964149015385,85.68911224865481,81.07745937758175,551.0186268513131,356.7668622457427,0.9724048579045548,0.026083837778491,0.0,0.0015113043169541,0.0,0.0,0.0,0.0,0.9503274660383952,0.0473627074075808,0.0,0.002309826554024,0.0,0.0,0.0,0.0,0.0362867816942675,5.840579879398104,1.0,1.0,0.0,1.0009058507786344,0.0,0.0,0.0,0.0,0.1543479100653321,601.904304511408,305.601155454203,302.7106577576344,71.02654217787422
15,300.0,85.17662859631335,0.97,0.0284017138273346,0.0,0.0015982861726653,0.0,0.0,0.0,0.0,301.55,85.09,0.994859890565412,1.0010180819874643,85.68911224865481,81.07745937758175,548.5273741447354,359.2845173537216,0.9712117761963622,0.0272332435969913,0.0,0.0015549802066464,0.0,0.0,0.0,0.0,0.949006998902102,0.0486444755700539,0.0,0.0023485255278441,0.0,0.0,0.0,0.0,0.0327621812541954,5.871840504525276,1.0,1.0,0.0,1.0002226099379663,0.0,0.0,0.0,0.0,0.1543479100653321,601.904304511408,305.601155454203,302.7106577576344,71.02654217787422
15,300.0,85.6890122486548,0.97,0.0284017138273346,0.0,0.0015982861726653,0.0,0.0,0.0,0.0,301.55,85.09,0.994859890565412,1.0070397490733904,85.68911224865481,81.07745937758175,545.9634470953762,361.87642492882543,0.970000243897667,0.0284014785432258,0.0,0.001598277559107,0.0,0.0,0.0,0.0,0.9477296316291196,0.0498855756415636,0.0,0.0023847927293166,0.0,0.0,0.0,0.0,0.0350786377469461,9.803994339285868,1.0,1.000000000000289,0.0,1.011675106672205,0.0,0.0,0.0,0.0,0.1543479100653321,601.904304511408,305.601155454203,302.7106577576344,71.02654217787422
16,200.0,2.738272264161596,0.96,0.0,0.0,0.03,0.0,0.01,0.0,0.0,299.86,80.58,0.6669779230307477,0.0339820335587192,19.835458413684144,2.738172264161596,1221.8698469233927,7.5214423528201,0.9997274734639048,0.0,0.0,0.0001830322050338,0.0,8.949433106124892e-05,0.0,0.0,0.959966410101002,0.0,0.0,0.0300252104865809,0.0,0.0100083794124169,0.0,0.0,22.50818307622369,0.6834430496031814,1.000000010265337,0.0,0.0,5.37303467551441,0.0,4.156486288384001,0.0,0.0,22.53960113748808,1221.920496490378,7.249541730897533,302.7106577576344,2.6239816647333654
16,200.0,4.6379485029974346,0.96,0.0,0.0,0.03,0.0,0.01,0.0,0.0,299.86,80.58,0.6669779230307477,0.0575570675477467,19.835458413684144,2.738172264161596,1221.036964074354,12.08161657927204,0.9952143381854084,0.0,0.0,0.0032631532786115,0.0,0.0015225085359802,0.0,0.0,0.5809364688951771,0.0,0.0,0.3178078660872732,0.0,0.1012556650175497,0.0,0.0,21.99128431288596,0.7002235270471587,1.0000000032523575,0.0,0.0,5.2196886059447785,0.0,4.063482980236441,0.0,0.0,22.53960113748808,1221.920496490378,7.249541730897533,302.7106577576344,2.6239816647333654
16,200.0,6.537624741833273,0.96,0.0,0.0,0.03,0.0,0.01,0.0,0.0,299.86,80.58,0.6669779230307477,0.0811321015367743,19.835458413684144,2.738172264161596,1220.219811461227,16.71837897649675,0.990730329494664,0.0,0.0,0.0064119826765789,0.0,0.002857687828757,0.0,0.0,0.4209697797534335,0.0,0.0,0.4437493603910508,0.0,0.1352808598555156,0.0,0.0,21.48412363863312,0.716982648624515,1.000000000976759,0.0,0.0,5.072524569063227,0.0,3.9738804811387056,0.0,0.0,22.53960113748808,1221.920496490378,7.249541730897533,302.7106577576344,2.6239816647333654
16,200.0,8.43730098066911,0.96,0.0,0.0,0.03,0.0,0.01,0.0,0.0,299.86,80.58,0.6669779230307477,0.1047071355258018,19.835458413684144,2.738172264161596,1219.416866579883,21.43219295772725,0.9862731585139582,0.0,0.0,0.0096249155471516,0.0,0.0041019259388901,0.0,0.0,0.3328599949859959,0.0,0.0,0.5163530419888981,0.0,0.1507869630251059,0.0,0.0,20.986398821288105,0.733747408113117,1.0,0.0,0.0,4.930269243583532,0.0,3.887652804637304,0.0,0.0,22.53960113748808,1221.920496490378,7.249541730897533,302.7106577576344,2.6239816647333654
16,200.0,10.33697721950495,0.96,0.0,0.0,0.03,0.0,0.01,0.0,0.0,299.86,80.58,0.6669779230307477,0.1282821695148293,19.835458413684144,2.738172264161596,1218.6267339656588,26.22397435767672,0.981840949595468,0.0,0.0,0.0128972766575401,0.0,0.0052617737469919,0.0,0.0,0.2771548598335075,0.0,0.0,0.564707131984504,0.0,0.1581380081819885,0.0,0.0,20.497846549966887,0.7504596655337515,1.0,0.0,0.0,4.793448860950983,0.0,3.80454997623721,0.0,0.0,22.53960113748808,1221.920496490378,7.249541730897533,302.7106577576344,2.6239816647333654
16,200.0,12.236653458340788,0.96,0.0,0.0,0.03,0.0,0.01,0.0,0.0,299.86,80.58,0.6669779230307477,0.1518572035038569,19.835458413684144,2.738172264161596,1217.848100804469,31.094844069455885,0.9774320113389712,0.0,0.0,0.0162245427080939,0.0,0.0063434459529347,0.0,0.0,0.2388174799374723,0.0,0.0,0.599906639664726,0.0,0.1612758803978016,0.0,0.0,20.01821063985876,0.7671829369178311,1.0000000000136933,0.0,0.0,4.661067500900742,0.0,3.724848142797976,0.0,0.0,22.53960113748808,1221.920496490378,7.249541730897533,302.7106577576344,2.6239816647333654
16,200.0,14.136329697176627,0.96,0.0,0.0,0.03,0.0,0.01,0.0,0.0,299.86,80.58,0.6669779230307477,0.1754322374928844,19.835458413684144,2.738172264161596,1217.0797343788263,36.04608257742988,0.9730447999941174,0.0,0.0,0.0196023995622507,0.0,0.0073528004436318,0.0,0.0,0.2108704843229836,0.0,0.0,0.627107612508185,0.0,0.1620219031688313,0.0,0.0,19.547245158798997,0.7838691137800083,1.0000000001784142,0.0,0.0,4.53359076150564,0.0,3.648016867275939,0.0,0.0,22.53960113748808,1221.920496490378,7.249541730897533,302.7106577576344,2.6239816647333654
16,200.0,16.036005936012465,0.96,0.0,0.0,0.03,0.0,0.01,0.0,0.0,299.86,80.58,0.6669779230307477,0.1990072714819119,19.835458413684144,2.738172264161596,1216.3204847543373,41.07912164629808,0.968677915088905,0.0,0.0,0.0230267608083429,0.0,0.0082953241027521,0.0,0.0,0.1896345930842598,0.0,0.0,0.6490360463736176,0.0,0.1613293605421226,0.0,0.0,19.084714646346423,0.8005571605332521,1.0,0.0,0.0,4.410432178527245,0.0,3.574250576129466,0.0,0.0,22.53960113748808,1221.920496490378,7.249541730897533,302.7106577576344,2.6239816647333654
16,200.0,17.935682174848303,0.96,0.0,0.0,0.03,0.0,0.01,0.0,0.0,299.86,80.58,0.6669779230307477,0.2225823054709395,19.835458413684144,2.738172264161596,1215.5692861337695,46.195544993255645,0.9643300973594336,0.0,0.0,0.0264937734436683,0.0,0.0091761291968979,0.0,0.0,0.1729860108883855,0.0,0.0,0.6672718947798731,0.0,0.1597420943317413,0.0,0.0,18.63039559194106,0.8172678287861026,1.0,0.0,0.0,4.291674497929227,0.0,3.503340444923736,0.0,0.0,22.53960113748808,1221.920496490378,7.249541730897533,302.7106577576344,2.6239816647333654
16,200.0,19.835358413684144,0.96,0.0,0.0,0.03,0.0,0.01,0.0,0.0,299.86,80.58,0.6669779230307477,0.246157339459967,19.835458413684144,2.738172264161596,1214.825156925467,51.397091347097,0.9600002272618956,0.0,0.0,0.0299998146448899,0.0,0.0099999580932145,0.0,0.0,0.1596131020566915,0.0,0.0,0.6827966388641751,0.0,0.1575902590791333,0.0,0.0,18.184076914255364,0.8339972826758135,1.0000000001818938,0.0,0.0,4.177020765703294,0.0,3.435036999815491,0.0,0.0,22.53960113748808,1221.920496490378,7.249541730897533,302.7106577576344,2.6239816647333654
16,205.0,3.5020483841724737,0.96,0.0,0.0,0.03,0.0,0.01,0.0,0.0,299.86,80.58,0.6836523711065163,0.0434605160607157,19.686441700271963,3.501948384172473,1206.208810532141,9.469138696868251,0.9996355490865332,0.0,0.0,0.0002540587507976,0.0,0.000110392162669,0.0,0.0,0.959973959350376,0.0,0.0,0.030019543153852,0.0,0.010006497495772,0.0,0.0,21.120095992148897,0.711497049094865,1.0,0.0,0.0,4.632600222910786,0.0,3.7959064181946567,0.0,0.0,21.15779579629945,1206.2779501886548,9.12387059747945,302.7106577576344,3.35468958110042
16,205.0,5.3003031970724175,0.96,0.0,0.0,0.03,0.0,0.01,0.0,0.0,299.86,80.58,0.6836523711065163,0.0657769073848649,19.686441700271963,3.501948384172473,1205.368558384008,13.715738133757792,0.9951946036261334,0.0,0.0,0.003381358672595,0.0,0.0014240377012714,0.0,0.0,0.6487618045985137,0.0,0.0,0.2653979598346484,0.0,0.0858402355668378,0.0,0.0,20.66414189122804,0.7266961097712049,1.0,0.0,0.0,4.536614682830369,0.0,3.7206097690682807,0.0,0.0,21.15779579629945,1206.2779501886548,9.12387059747945,302.7106577576344,3.35468958110042
16,205.0,7.098558009972361,0.96,0.0,0.0,0.03,0.0,0.01,0.0,0.0,299.86,80.58,0.6836523711065163,0.0880932987090141,19.686441700271963,3.501948384172473,1204.5341281646447,18.02366788764054,0.9907645358587096,0.0,0.0,0.0065576426733531,0.0,0.0026778214679372,0.0,0.0,0.4940203417976467,0.0,0.0,0.3850731824688257,0.0,0.1209064757335275,0.0,0.0,20.215595435234885,0.7419102491932783,1.0,0.0,0.0,4.443380486461343,0.0,3.647697263726376,0.0,0.0,21.15779579629945,1206.2779501886548,9.12387059747945,302.7106577576344,3.35468958110042
16,205.0,8.896812822872304,0.96,0.0,0.0,0.03,0.0,0.01,0.0,0.0,299.86,80.58,0.6836523711065163,0.1104096900331633,19.686441700271963,3.501948384172473,1203.7048328331573,22.39349619229989,0.9863443692967035,0.0,0.0,0.0097811046027437,0.0,0.0038745261005526,0.0,0.0,0.4015685715683479,0.0,0.0,0.4585874719882843,0.0,0.1398439564433676,0.0,0.0,19.77427851144436,0.7571323722203317,1.0,0.0,0.0,4.353219382870547,0.0,3.576967968830395,0.0,0.0,21.15779579629945,1206.2779501886548,9.12387059747945,302.7106577576344,3.35468958110042
16,205.0,10.695067635772247,0.96,0.0,0.0,0.03,0.0,0.01,0.0,0.0,299.86,80.58,0.6836523711065163,0.1327260813573125,19.686441700271963,3.501948384172473,1202.8800660211014,26.826137799549407,0.9819334488474486,0.0,0.0,0.0130497282315127,0.0,0.0050168229210387,0.0,0.0,0.3401754865874126,0.0,0.0,0.5090032805231126,0.0,0.1508212328894747,0.0,0.0,19.340046353690028,0.7723599255400281,1.0,0.0,0.0,4.265846167769742,0.0,3.508818075884025,0.0,0.0,21.15779579629945,1206.2779501886548,9.12387059747945,302.7106577576344,3.35468958110042
16,205.0,12.493322448672192,0.96,0.0,0.0,0.03,0.0,0.01,0.0,0.0,299.86,80.58,0.6836523711065163,0.1550424726814618,19.686441700271963,3.501948384172473,1202.059254177217,31.32266202029598,0.9775312282066472,0.0,0.0,0.0163614692552232,0.0,0.0061073025381295,0.0,0.0,0.2964999188927965,0.0,0.0,0.5461741179041497,0.0,0.1573259632030538,0.0,0.0,18.912756527938964,0.7875948396516975,1.0,0.0,0.0,4.181351879991262,0.0,3.442806993917088,0.0,0.0,21.15779579629945,1206.2779501886548,9.12387059747945,302.7106577576344,3.35468958110042
16,205.0,14.291577261572137,0.96,0.0,0.0,0.03,0.0,0.01,0.0,0.0,299.86,80.58,0.6836523711065163,0.177358864005611,19.686441700271963,3.501948384172473,1201.2418468753076,35.884242086288445,0.9731372205696138,0.0,0.0,0.0197143044487538,0.0,0.0071484749816322,0.0,0.0,0.2638863343802391,0.0,0.0,0.5750173570342387,0.0,0.161096308585522,0.0,0.0,18.492270321307792,0.8028446959533867,1.0,0.0,0.0,4.099665296527687,0.0,3.378895166491115,0.0,0.0,21.15779579629945,1206.2779501886548,9.12387059747945,302.7106577576344,3.35468958110042
16,205.0,16.089832074472078,0.96,0.0,0.0,0.03,0.0,0.01,0.0,0.0,299.86,80.58,0.6836523711065163,0.1996752553297602,19.686441700271963,3.501948384172473,1200.427314480585,40.51214013248118,0.9687509822727512,0.0,0.0,0.0231062521325742,0.0,0.0081427655946745,0.0,0.0,0.2386434230222929,0.0,0.0,0.5982619629659228,0.0,0.1630946140117842,0.0,0.0,18.078452192246267,0.8181275164136622,1.0,0.0,0.0,4.020560319509543,0.0,3.3173185469477247,0.0,0.0,21.15779579629945,1206.2779501886548,9.12387059747945,302.7106577576344,3.35468958110042
16,205.0,17.888086887372022,0.96,0.0,0.0,0.03,0.0,0.01,0.0,0.0,299.86,80.58,0.6836523711065163,0.2219916466539094,19.686441700271963,3.501948384172473,1199.6151490040545,45.20770336955917,0.9643721109407596,0.0,0.0,0.0265353791305466,0.0,0.0090925099286937,0.0,0.0,0.2185593331482853,0.0,0.0,0.6175447450081305,0.0,0.1638959218435841,0.0,0.0,17.671170326725697,0.8334441841601453,1.0,0.0,0.0,3.944271150249844,0.0,3.257739171070077,0.0,0.0,21.15779579629945,1206.2779501886548,9.12387059747945,302.7106577576344,3.35468958110042
16,205.0,19.686341700271964,0.96,0.0,0.0,0.03,0.0,0.01,0.0,0.0,299.86,80.58,0.6836523711065163,0.2443080379780586,19.686441700271963,3.501948384172473,1198.8048643846546,49.97236436709609,0.9600002427438484,0.0,0.0,0.029999806544863,0.0,0.0099999507112885,0.0,0.0,0.2022280756694084,0.0,0.0,0.6339076680607005,0.0,0.1638642562698911,0.0,0.0,17.270296635017758,0.8488074500812126,1.0,0.0,0.0,3.870309971744953,0.0,3.20008840436372,0.0,0.0,21.15779579629945,1206.2779501886548,9.12387059747945,302.7106577576344,3.35468958110042
16,210.0,4.421010489827312,0.96,0.0,0.0,0.03,0.0,0.01,0.0,0.0,299.86,80.58,0.700326819182285,0.0548648608814508,19.935602369930223,4.420910489827312,1190.2006743591676,11.7888448973222,0.9995212170482052,0.0,0.0,0.0003434268507447,0.0,0.00013535610105,0.0,0.0,0.9599795697331446,0.0,0.0,0.0300153307956765,0.0,0.0100050994711788,0.0,0.0,19.749244167690318,0.7416263138960794,1.0,0.0,0.0,3.9921858192006727,0.0,3.475704538639991,0.0,0.0,19.793904820789816,1190.2941504876192,11.354703713715036,302.7106577576344,4.233266563955471
16,210.0,6.144842920949857,0.96,0.0,0.0,0.03,0.0,0.01,0.0,0.0,299.86,80.58,0.700326819182285,0.0762576684158582,19.935602369930223,4.420910489827312,1189.3421698113789,15.803121072322082,0.9951264789529864,0.0,0.0,0.0035146393117944,0.0,0.001358881735219,0.0,0.0,0.7051920201038931,0.0,0.0,0.2221251846168214,0.0,0.0726827952792854,0.0,0.0,19.34252865033429,0.7556600038145604,1.0,0.0,0.0,3.917169190451644,0.0,3.413890034158727,0.0,0.0,19.793904820789816,1190.2941504876192,11.354703713715036,302.7106577576344,4.233266563955471
16,210.0,7.868675352072403,0.96,0.0,0.0,0.03,0.0,0.01,0.0,0.0,299.86,80.58,0.700326819182285,0.0976504759502656,19.935602369930223,4.420910489827312,1188.4829184566302,19.86811641281675,0.990733409779701,0.0,0.0,0.0067182168474556,0.0,0.0025483733728433,0.0,0.0,0.5609116981098263,0.0,0.0,0.332325299077653,0.0,0.1067630028125206,0.0,0.0,18.941726971334813,0.7697227334083621,1.0,0.0,0.0,3.844550469138957,0.0,3.353763253493428,0.0,0.0,19.793904820789816,1190.2941504876192,11.354703713715036,302.7106577576344,4.233266563955471
16,210.0,9.59250778319495,0.96,0.0,0.0,0.03,0.0,0.01,0.0,0.0,299.86,80.58,0.700326819182285,0.119043283484673,19.935602369930223,4.420910489827312,1187.6225625792483,23.984398559490742,0.986341435144664,0.0,0.0,0.0099537556702904,0.0,0.0037048091850455,0.0,0.0,0.4681614949047394,0.0,0.0,0.4042967985514617,0.0,0.1275417065437987,0.0,0.0,18.546712943959456,0.7838297772883884,1.0,0.0,0.0,3.773841327935479,0.0,3.2955453946989626,0.0,0.0,19.793904820789816,1190.2941504876192,11.354703713715036,302.7106577576344,4.233266563955471
16,210.0,11.316340214317496,0.96,0.0,0.0,0.03,0.0,0.01,0.0,0.0,299.86,80.58,0.700326819182285,0.1404360910190803,19.935602369930223,4.420910489827312,1186.7608088022057,28.152799268161267,0.9819502514283052,0.0,0.0,0.0132206313627427,0.0,0.0048291172089521,0.0,0.0,0.403589653622929,0.0,0.0,0.4553351878879028,0.0,0.1410751584891682,0.0,0.0,18.157390512321584,0.7979568700630559,1.0,0.0,0.0,3.705159908853434,0.0,3.238929270322488,0.0,0.0,19.793904820789816,1190.2941504876192,11.354703713715036,302.7106577576344,4.233266563955471
16,210.0,13.04017264544004,0.96,0.0,0.0,0.03,0.0,0.01,0.0,0.0,299.86,80.58,0.700326819182285,0.1618288985534877,19.935602369930223,4.420910489827312,1185.8973866817646,32.374280146315904,0.977559652652392,0.0,0.0,0.016518143757107,0.0,0.0059222035905008,0.0,0.0,0.3561029580009434,0.0,0.0,0.4936568425873996,0.0,0.1502401994116568,0.0,0.0,17.773665905446535,0.8121167228106032,1.0,0.0,0.0,3.6386410563689457,0.0,3.183906105006645,0.0,0.0,19.793904820789816,1190.2941504876192,11.354703713715036,302.7106577576344,4.233266563955471
16,210.0,14.764005076562588,0.96,0.0,0.0,0.03,0.0,0.01,0.0,0.0,299.86,80.58,0.700326819182285,0.1832217060878951,19.935602369930223,4.420910489827312,1185.032036548935,36.649886973279216,0.9731694781831988,0.0,0.0,0.0198455624166707,0.0,0.0069849594001305,0.0,0.0,0.3197568966453234,0.0,0.0,0.5236648620950127,0.0,0.1565782412596638,0.0,0.0,17.395449512579468,0.8263275282205904,1.0,0.0,0.0,3.573955085799163,0.0,3.130596441047317,0.0,0.0,19.793904820789816,1190.2941504876192,11.354703713715036,302.7106577576344,4.233266563955471
16,210.0,16.487837507685132,0.96,0.0,0.0,0.03,0.0,0.01,0.0,0.0,299.86,80.58,0.700326819182285,0.2046145136223024,19.935602369930223,4.420910489827312,1184.1645056673842,40.980732529080186,0.968779594897998,0.0,0.0,0.0232021434033926,0.0,0.0080182616986094,0.0,0.0,0.2910794595928581,0.0,0.0,0.5479311757595755,0.0,0.1609893646475664,0.0,0.0,17.022652797312713,0.8405791059645231,1.0,0.0,0.0,3.511242252093596,0.0,3.078888406685274,0.0,0.0,19.793904820789816,1190.2941504876192,11.354703713715036,302.7106577576344,4.233266563955471
16,210.0,18.21166993880768,0.96,0.0,0.0,0.03,0.0,0.01,0.0,0.0,299.86,80.58,0.700326819182285,0.2260073211567098,19.935602369930223,4.420910489827312,1183.2945459889922,45.36799000260248,0.964389886635776,0.0,0.0,0.0265871394646224,0.0,0.0090229738996017,0.0,0.0,0.2679068881114961,0.0,0.0,0.5680588302944876,0.0,0.1640342815940162,0.0,0.0,16.65518998900236,0.8548686542980506,1.0,0.0,0.0,3.4504740755705647,0.0,3.02866556522879,0.0,0.0,19.793904820789816,1190.2941504876192,11.354703713715036,302.7106577576344,4.233266563955471
16,210.0,19.935502369930223,0.96,0.0,0.0,0.03,0.0,0.01,0.0,0.0,299.86,80.58,0.700326819182285,0.2474001286911172,19.935602369930223,4.420910489827312,1182.421914679618,49.81289089804822,0.9600002544804496,0.0,0.0,0.0299998013696005,0.0,0.0099999441499498,0.0,0.0,0.2488206368819739,0.0,0.0,0.585098991601951,0.0,0.1660803715160749,0.0,0.0,16.292976960288378,0.8692436752853105,1.0,0.0,0.0,3.391425918145956,0.0,2.979895619923726,0.0,0.0,19.793904820789816,1190.2941504876192,11.354703713715036,302.7106577576344,4.233266563955471
16,215.0,5.514982049324341,0.96,0.0,0.0,0.03,0.0,0.01,0.0,0.0,299.86,80.58,0.7170012672580537,0.0684410778024862,20.54092460542612,5.514882049324341,1173.7833351923582,14.530585262793975,0.999381673072411,0.0,0.0,0.0004532382209732,0.0,0.0001650887066158,0.0,0.0,0.9599837980630448,0.0,0.0,0.0300121557753703,0.0,0.0100040461615849,0.0,0.0,18.39592876452869,0.774046014659563,1.0,0.0,0.0,3.4868870120474464,0.0,3.190070674172334,0.0,0.0,18.448205290897207,1173.908539729092,13.989350648063478,302.7106577576344,5.278346606766283
16,215.0,7.184520111113427,0.96,0.0,0.0,0.03,0.0,0.01,0.0,0.0,299.86,80.58,0.7170012672580537,0.0891600907311172,20.54092460542612,5.514882049324341,1172.8971522170534,18.37374579109685,0.995018151532277,0.0,0.0,0.0036613965826378,0.0,0.0013204518850851,0.0,0.0,0.7512665041188626,0.0,0.0,0.1869971151351459,0.0,0.0617363807459914,0.0,0.0,18.02995571649992,0.7872623726243071,1.0,0.0,0.0,3.42764522939997,0.0,3.1389488387937465,0.0,0.0,18.448205290897207,1173.908539729092,13.989350648063478,302.7106577576344,5.278346606766283
16,215.0,8.854058172902512,0.96,0.0,0.0,0.03,0.0,0.01,0.0,0.0,299.86,80.58,0.7170012672580537,0.1098791036597482,20.54092460542612,5.514882049324341,1172.0057736908907,22.260143109727316,0.9906522086216298,0.0,0.0,0.0068881898625999,0.0,0.0024596015157701,0.0,0.0,0.6202546068984667,0.0,0.0,0.286168523363047,0.0,0.0935768697384864,0.0,0.0,17.66888580439584,0.8004876008211085,1.0,0.0,0.0,3.369848649966515,0.0,3.089113160382037,0.0,0.0,18.448205290897207,1173.908539729092,13.989350648063478,302.7106577576344,5.278346606766283
16,215.0,10.5235962346916,0.96,0.0,0.0,0.03,0.0,0.01,0.0,0.0,299.86,80.58,0.7170012672580537,0.1305981165883792,20.54092460542612,5.514882049324341,1171.108952012872,26.19030907966009,0.986283374120882,0.0,0.0,0.0101338202681234,0.0,0.0035828056109944,0.0,0.0,0.5304543172188336,0.0,0.0,0.3546703295374276,0.0,0.1148753532437387,0.0,0.0,17.312618921657556,0.8138010063189277,1.0,0.0,0.0,3.313752858930697,0.0,3.0405229500151494,0.0,0.0,18.448205290897207,1173.908539729092,13.989350648063478,302.7106577576344,5.278346606766283
16,215.0,12.193134296480686,0.96,0.0,0.0,0.03,0.0,0.01,0.0,0.0,299.86,80.58,0.7170012672580537,0.1513171295170102,20.54092460542612,5.514882049324341,1170.206492902669,30.164972323913027,0.9819114007508052,0.0,0.0,0.0133982981311684,0.0,0.0046903011180265,0.0,0.0,0.4651272298835023,0.0,0.0,0.4049523038674317,0.0,0.129920466249066,0.0,0.0,16.96108150959462,0.8271352110735073,1.0,0.0,0.0,3.2591145282599,0.0,2.993171037444774,0.0,0.0,18.448205290897207,1173.908539729092,13.989350648063478,302.7106577576344,5.278346606766283
16,215.0,13.862672358269773,0.96,0.0,0.0,0.03,0.0,0.01,0.0,0.0,299.86,80.58,0.7170012672580537,0.1720361424456412,20.54092460542612,5.514882049324341,1169.298222897477,34.18497115274258,0.9775361337825348,0.0,0.0,0.0166815523166986,0.0,0.0057823139007665,0.0,0.0,0.4155187071932943,0.0,0.0,0.4435259061495482,0.0,0.1409553866571574,0.0,0.0,16.614202631775687,0.8405365053740909,1.0,0.0,0.0,3.205879960800853,0.0,2.947180524251216,0.0,0.0,18.448205290897207,1173.908539729092,13.989350648063478,302.7106577576344,5.278346606766283
16,215.0,15.532210420058856,0.96,0.0,0.0,0.03,0.0,0.01,0.0,0.0,299.86,80.58,0.7170012672580537,0.1927551553742722,20.54092460542612,5.514882049324341,1168.3839775980305,38.25121744334045,0.9731574633750524,0.0,0.0,0.0199834712693549,0.0,0.0068590653555926,0.0,0.0,0.3766058155384217,0.0,0.0,0.47412699039167,0.0,0.1492671940699083,0.0,0.0,16.271915782623974,0.8539777266281803,1.0,0.0,0.0,3.154100714372786,0.0,2.902399923646831,0.0,0.0,18.448205290897207,1173.908539729092,13.989350648063478,302.7106577576344,5.278346606766283
16,215.0,17.201748481847943,0.96,0.0,0.0,0.03,0.0,0.01,0.0,0.0,299.86,80.58,0.7170012672580537,0.2134741683029032,20.54092460542612,5.514882049324341,1167.4635969277265,42.36468073202667,0.968775304989531,0.0,0.0,0.0233039202565933,0.0,0.0079207747538755,0.0,0.0,0.3453008261307477,0.0,0.0,0.4990520376608185,0.0,0.1556471362084337,0.0,0.0,15.93415670362108,0.8675074411608868,1.0,0.0,0.0,3.1038268715092507,0.0,2.858781079233521,0.0,0.0,18.448205290897207,1173.908539729092,13.989350648063478,302.7106577576344,5.278346606766283
16,215.0,18.87128654363703,0.96,0.0,0.0,0.03,0.0,0.01,0.0,0.0,299.86,80.58,0.7170012672580537,0.2341931812315342,20.54092460542612,5.514882049324341,1166.5369229982782,46.52638095461656,0.9643895903420256,0.0,0.0,0.026642749522782,0.0,0.0089676601351924,0.0,0.0,0.3196012843538934,0.0,0.0,0.5197903280697876,0.0,0.1606083875763189,0.0,0.0,15.600862656485274,0.8810967596805491,1.0000000001993536,0.0,0.0,3.0548716373568645,0.0,2.8163011983788424,0.0,0.0,18.448205290897207,1173.908539729092,13.989350648063478,302.7106577576344,5.278346606766283
16,215.0,20.54082460542612,0.96,0.0,0.0,0.03,0.0,0.01,0.0,0.0,299.86,80.58,0.7170012672580537,0.2549121941601652,20.54092460542612,5.514882049324341,1165.603799084494,50.73738526724091,0.9600002628711948,0.0,0.0,0.0299997984920589,0.0,0.0099999386367461,0.0,0.0,0.2981518100525815,0.0,0.0,0.5373498681169421,0.0,0.1644983218304764,0.0,0.0,15.271972141939216,0.8947613268381539,1.0000000000000522,0.0,0.0,3.007210654700296,0.0,2.7749354234535346,0.0,0.0,18.448205290897207,1173.908539729092,13.989350648063478,302.7106577576344,5.278346606766283
16,220.0,6.804789146341743,0.96,0.0,0.0,0.03,0.0,0.01,0.0,0.0,299.86,80.58,0.7336757153338224,0.084447619090863,21.479248501588927,6.804689146341743,1156.8878549218575,17.75032890967428,0.9992141971329356,0.0,0.0,0.0005853804423143,0.0,0.00020042242475,0.0,0.0,0.9599870265034436,0.0,0.0,0.0300097314364043,0.0,0.0100032420601522,0.0,0.0,17.06062494428189,0.8091118230445176,1.0,0.0,0.0,3.083341086866453,0.0,2.9347715317927907,0.0,0.0,17.121140165384258,1157.0541060432145,17.08052563899556,302.7106577576344,6.509407158415541
16,220.0,8.435273519146985,0.96,0.0,0.0,0.03,0.0,0.01,0.0,0.0,299.86,80.58,0.7336757153338224,0.1046819746729583,21.479248501588927,6.804689146341743,1155.9654016135023,21.469873386378687,0.9948747140522968,0.0,0.0,0.0038208869961822,0.0,0.0013043989515211,0.0,0.0,0.7885191085057552,0.0,0.0,0.158724141786264,0.0,0.0527567497079807,0.0,0.0,16.729098948792306,0.8217312689487919,1.0,0.0,0.0,3.0358505304443084,0.0,2.892000243796226,0.0,0.0,17.121140165384258,1157.0541060432145,17.08052563899556,302.7106577576344,6.509407158415541
16,220.0,10.065757891952227,0.96,0.0,0.0,0.03,0.0,0.01,0.0,0.0,299.86,80.58,0.7336757153338224,0.1249163302550537,21.479248501588927,6.804689146341743,1155.0346700483572,25.22737857630891,0.990531462784648,0.0,0.0,0.0070640490326797,0.0,0.0024044881826722,0.0,0.0,0.6717329595493546,0.0,0.0,0.2465529621658042,0.0,0.0817140782848412,0.0,0.0,16.401750765896093,0.8344222099753914,1.0,0.0,0.0,2.9894744513789218,0.0,2.8502221213910937,0.0,0.0,17.121140165384258,1157.0541060432145,17.08052563899556,302.7106577576344,6.509407158415541
16,220.0,11.69624226475747,0.96,0.0,0.0,0.03,0.0,0.01,0.0,0.0,299.86,80.58,0.7336757153338224,0.145150685837149,21.479248501588927,6.804689146341743,1154.0954326927397,29.02333647172896,0.9861840027781732,0.0,0.0,0.0103152447691763,0.0,0.0035007524526505,0.0,0.0,0.5871456776466063,0.0,0.0,0.3103064960869694,0.0,0.1025478262664242,0.0,0.0,16.078500651237523,0.8471554737990126,1.0,0.0,0.0,2.94420698505296,0.0,2.809518836092748,0.0,0.0,17.121140165384258,1157.0541060432145,17.08052563899556,302.7106577576344,6.509407158415541
16,220.0,13.326726637562714,0.96,0.0,0.0,0.03,0.0,0.01,0.0,0.0,299.86,80.58,0.7336757153338224,0.1653850414192444,21.479248501588927,6.804689146341743,1153.147505685363,32.858383173419995,0.9818320721001252,0.0,0.0,0.013574695380816,0.0,0.0045932325190587,0.0,0.0,0.5231114978112223,0.0,0.0,0.3586919674943972,0.0,0.1181965346943804,0.0,0.0,15.759279012431572,0.8599475616762859,1.0,0.0,0.0,2.900067378004469,0.0,2.7698070071090664,0.0,0.0,17.121140165384258,1157.0541060432145,17.08052563899556,302.7106577576344,6.509407158415541
16,220.0,14.957211010367956,0.96,0.0,0.0,0.03,0.0,0.01,0.0,0.0,299.86,80.58,0.7336757153338224,0.1856193970013397,21.479248501588927,6.804689146341743,1152.190723311709,36.73324480122388,0.9774754898948737,0.0,0.0,0.0168425486627953,0.0,0.0056819614423311,0.0,0.0,0.4729963752125431,0.0,0.0,0.3966693484834981,0.0,0.1303342763039587,0.0,0.0,15.44403724287134,0.8728368571705857,1.0,0.0,0.0,2.857121309989335,0.0,2.7310338759636776,0.0,0.0,17.121140165384258,1157.0541060432145,17.08052563899556,302.7106577576344,6.509407158415541
16,220.0,16.587695383173198,0.96,0.0,0.0,0.03,0.0,0.01,0.0,0.0,299.86,80.58,0.7336757153338224,0.205853752583435,21.479248501588927,6.804689146341743,1151.2249290477414,40.64871218527215,0.9731141209855088,0.0,0.0,0.0201189105887181,0.0,0.0067669684257731,0.0,0.0,0.4327446663061672,0.0,0.0,0.4272707816681707,0.0,0.1399845520256619,0.0,0.0,15.132718924527593,0.8857852033352245,1.0,0.0,0.0,2.815222674036088,0.0,2.6931842569910827,0.0,0.0,17.121140165384258,1157.0541060432145,17.08052563899556,302.7106577576344,6.509407158415541
16,220.0,18.218179755978444,0.96,0.0,0.0,0.03,0.0,0.01,0.0,0.0,299.86,80.58,0.7336757153338224,0.2260881081655304,21.479248501588927,6.804689146341743,1150.2499702024736,44.6056274974533,0.9687478552546558,0.0,0.0,0.0234038633907658,0.0,0.0078482813545783,0.0,0.0,0.3997377163494696,0.0,0.0,0.4524540132844008,0.0,0.1478082703661294,0.0,0.0,14.82527318142134,0.8988192787541521,1.0,0.0,0.0,2.7743539802461274,0.0,2.6562407573634155,0.0,0.0,17.121140165384258,1157.0541060432145,17.08052563899556,302.7106577576344,6.509407158415541
16,220.0,19.848664128783685,0.96,0.0,0.0,0.03,0.0,0.01,0.0,0.0,299.86,80.58,0.7336757153338224,0.2463224637476257,21.479248501588927,6.804689146341743,1149.265695682588,48.60487767278447,0.9643765987255076,0.0,0.0,0.0266974737078901,0.0,0.0089259275666023,0.0,0.0,0.3722093812536026,0.0,0.0,0.4735393999801522,0.0,0.1542512187662451,0.0,0.0,14.521650832744651,0.91193520967363,1.0,0.0,0.0,2.734495413208782,0.0,2.620184487629852,0.0,0.0,17.121140165384258,1157.0541060432145,17.08052563899556,302.7106577576344,6.509407158415541
16,220.0,21.479148501588927,0.96,0.0,0.0,0.03,0.0,0.01,0.0,0.0,299.86,80.58,0.7336757153338224,0.2665568193297211,21.479248501588927,6.804689146341743,1148.2719547046174,52.64739106649795,0.960000268433004,0.0,0.0,0.0299997972942887,0.0,0.0099999342727073,0.0,0.0,0.3489253189433129,0.0,0.0,0.491449695253772,0.0,0.1596249858029149,0.0,0.0,14.221804198814077,0.92516361128803,1.0,0.0,0.0,2.695625436485645,0.0,2.58503703366474,0.0,0.0,17.121140165384258,1157.0541060432145,17.08052563899556,302.7106577576344,6.509407158415541
16,225.0,8.312255040724484,0.96,0.0,0.0,0.03,0.0,0.01,0.0,0.0,299.86,80.58,0.7503501634095912,0.1031553119970772,22.740053234698475,8.312155040724484,1139.43651758324,21.51141648284412,0.9990161017894372,0.0,0.0,0.0007415471474983,0.0,0.0002423510630642,0.0,0.0,0.959989521528714,0.0,0.0,0.0300078578803117,0.0,0.0100026205909744,0.0,0.0,15.743988088927782,0.8472075657894295,1.0,0.0,0.0,2.7574686001155557,0.0,2.7055807951468607,0.0,0.0,15.813326197117547,1139.6555629264626,20.687604017864448,302.7106577576344,7.946729358776584
16,225.0,9.915332617832703,0.96,0.0,0.0,0.03,0.0,0.01,0.0,0.0,299.86,80.58,0.7503501634095912,0.1230495484963105,22.740053234698475,8.312155040724484,1138.4695534981354,25.145305130228436,0.9946989682639366,0.0,0.0,0.0039930778869338,0.0,0.0013079538491295,0.0,0.0,0.8185394661043661,0.0,0.0,0.1360248552381345,0.0,0.0454356786574993,0.0,0.0,15.442158023058491,0.8594597444075156,1.0,0.0,0.0,2.718875231465374,0.0,2.669681540976076,0.0,0.0,15.813326197117547,1139.6555629264626,20.687604017864448,302.7106577576344,7.946729358776584
16,225.0,11.518410194940929,0.96,0.0,0.0,0.03,0.0,0.01,0.0,0.0,299.86,80.58,0.7503501634095912,0.1429437849955439,22.740053234698475,8.312155040724484,1137.492109178108,28.81350866472215,0.9903780014762588,0.0,0.0,0.0072439291833877,0.0,0.0023780693403533,0.0,0.0,0.7157326540665545,0.0,0.0,0.2129799444374761,0.0,0.0712874014959695,0.0,0.0,15.143954010277623,0.8717890345020302,1.0,0.0,0.0,2.6811665488334104,0.0,2.634560915931123,0.0,0.0,15.813326197117547,1139.6555629264626,20.687604017864448,302.7106577576344,7.946729358776584
16,225.0,13.121487772049148,0.96,0.0,0.0,0.03,0.0,0.01,0.0,0.0,299.86,80.58,0.7503501634095912,0.1628380214947772,22.740053234698475,8.312155040724484,1136.5039447051731,32.51648969552541,0.9860527860510656,0.0,0.0,0.0104944484069081,0.0,0.0034527655420262,0.0,0.0,0.6377017563273085,0.0,0.0,0.271302600343714,0.0,0.0909956433289776,0.0,0.0,14.849306968854638,0.8841928213623739,1.0,0.0,0.0,2.644315092619362,0.0,2.600208193885339,0.0,0.0,15.813326197117547,1139.6555629264626,20.687604017864448,302.7106577576344,7.946729358776584
16,225.0,14.72456534915737,0.96,0.0,0.0,0.03,0.0,0.01,0.0,0.0,299.86,80.58,0.7503501634095912,0.1827322579940105,22.740053234698475,8.312155040724484,1135.5048539179074,36.25481508796389,0.9817230424685162,0.0,0.0,0.0137448605914079,0.0,0.0045320969400758,0.0,0.0,0.5765038972159547,0.0,0.0,0.3169663686585889,0.0,0.1065297341254562,0.0,0.0,14.558167128821458,0.8966693883219712,1.0,0.0,0.0,2.608308582369289,0.0,2.566611731248883,0.0,0.0,15.813326197117547,1139.6555629264626,20.687604017864448,302.7106577576344,7.946729358776584
16,225.0,16.32764292626559,0.96,0.0,0.0,0.03,0.0,0.01,0.0,0.0,299.86,80.58,0.7503501634095912,0.2026264944932438,22.740053234698475,8.312155040724484,1134.4946469902357,40.02912486905284,0.977388563169402,0.0,0.0,0.0169953245695847,0.0,0.0056161122610133,0.0,0.0,0.5272635061491112,0.0,0.0,0.3536378759188912,0.0,0.1190986179319976,0.0,0.0,14.270485492877024,0.909244013587972,1.0,0.0,0.0,2.5731331655142977,0.0,2.533758801654023,0.0,0.0,15.813326197117547,1139.6555629264626,20.687604017864448,302.7106577576344,7.946729358776584
16,225.0,17.930720503373813,0.96,0.0,0.0,0.03,0.0,0.01,0.0,0.0,299.86,80.58,0.7503501634095912,0.2225207309924772,22.740053234698475,8.312155040724484,1133.4731419244956,43.84011464958757,0.9730491812308614,0.0,0.0,0.0202459608773123,0.0,0.0067048578918262,0.0,0.0,0.4868226212907472,0.0,0.0,0.3836919736378118,0.0,0.129485405071441,0.0,0.0,13.98621827568734,0.9218948802599536,1.0,0.0,0.0,2.53877325257478,0.0,2.501634591562572,0.0,0.0,15.813326197117547,1139.6555629264626,20.687604017864448,302.7106577576344,7.946729358776584
16,225.0,19.533798080482036,0.96,0.0,0.0,0.03,0.0,0.01,0.0,0.0,299.86,80.58,0.7503501634095912,0.2424149674917105,22.740053234698475,8.312155040724484,1132.4401602646838,47.68852597586336,0.9687047544405556,0.0,0.0,0.0234968662202689,0.0,0.0077983793391753,0.0,0.0,0.4530460323202143,0.0,0.0,0.4087343450640317,0.0,0.138219622615754,0.0,0.0,13.705323734396297,0.9346623059998436,1.0,0.0,0.0,2.505212340580558,0.0,2.470239731884869,0.0,0.0,15.813326197117547,1139.6555629264626,20.687604017864448,302.7106577576344,7.946729358776584
16,225.0,21.13687565759025,0.96,0.0,0.0,0.03,0.0,0.01,0.0,0.0,299.86,80.58,0.7503501634095912,0.2623092039909438,22.740053234698475,8.312155040724484,1131.3955247285369,51.57514090948031,0.9643551564756944,0.0,0.0,0.0267481216122042,0.0,0.0088967219121013,0.0,0.0,0.4244384106710705,0.0,0.0,0.4298894568752808,0.0,0.1456721324536485,0.0,0.0,13.427761980447151,0.9475205727686308,1.0,0.0,0.0,2.472480325636381,0.0,2.4395694909659342,0.0,0.0,15.813326197117547,1139.6555629264626,20.687604017864448,302.7106577576344,7.946729358776584
16,225.0,22.73995323469848,0.96,0.0,0.0,0.03,0.0,0.01,0.0,0.0,299.86,80.58,0.7503501634095912,0.2822034404901771,22.740053234698475,8.312155040724484,1130.3390578065064,55.50077905163826,0.9600002717037596,0.0,0.0,0.0299997972364377,0.0,0.0099999310598027,0.0,0.0,0.3999214150391994,0.0,0.0,0.4479681916859283,0.0,0.1521103932748723,0.0,0.0,13.153494658935298,0.9605185571755308,1.0,0.0,0.0,2.4405053254849407,0.0,2.4095741790642045,0.0,0.0,15.813326197117547,1139.6555629264626,20.687604017864448,302.7106577576344,7.946729358776584
16,230.0,10.060223966346486,0.96,0.0,0.0,0.03,0.0,0.01,0.0,0.0,299.86,80.58,0.7670246114853598,0.1248476540871988,24.321504280883072,10.060123966346486,1121.3403160649182,25.8864801707926,0.9987846054993034,0.0,0.0,0.0009233229242972,0.0,0.0002920715763995,0.0,0.0,0.9599914716829778,0.0,0.0,0.0300063936481204,0.0,0.0100021346689017,0.0,0.0,14.446863404803466,0.888868460661447,1.0,0.0,0.0,2.4916012208998715,0.0,2.499488587654105,0.0,0.0,14.52556748614066,1121.6270137216943,24.87830228106012,302.7106577576344,9.61137473881863
16,230.0,11.64479955685055,0.96,0.0,0.0,0.03,0.0,0.01,0.0,0.0,299.86,80.58,0.7670246114853598,0.1445122804275322,24.321504280883072,10.060123966346486,1120.3205492870238,29.46596674909684,0.9944918933204374,0.0,0.0,0.0041785966886737,0.0,0.0013295099908887,0.0,0.0,0.842761163600899,0.0,0.0,0.1177676168799359,0.0,0.039471219519165,0.0,0.0,14.171088835967886,0.9009349164042512,1.0,0.0,0.0,2.4598361701135114,0.0,2.4691117935080515,0.0,0.0,14.52556748614066,1121.6270137216943,24.87830228106012,302.7106577576344,9.61137473881863
16,230.0,13.229375147354617,0.96,0.0,0.0,0.03,0.0,0.01,0.0,0.0,299.86,80.58,0.7670246114853598,0.1641769067678656,24.321504280883072,10.060123966346486,1119.288654143808,33.07738653942319,0.9901956707050232,0.0,0.0,0.0074273895371987,0.0,0.002376939757778,0.0,0.0,0.7530129138306784,0.0,0.0,0.1847320777396452,0.0,0.0622550084296764,0.0,0.0,13.89849807280435,0.9130984044092296,1.0,0.0,0.0,2.428803989536388,0.0,2.439359719306005,0.0,0.0,14.52556748614066,1121.6270137216943,24.87830228106012,302.7106577576344,9.61137473881863
16,230.0,14.813950737858685,0.96,0.0,0.0,0.03,0.0,0.01,0.0,0.0,299.86,80.58,0.7670246114853598,0.1838415331081991,24.321504280883072,10.060123966346486,1118.2443691100268,36.72118997257306,0.9858955528916808,0.0,0.0,0.0106699463420929,0.0,0.0034345007662262,0.0,0.0,0.6821515879658482,0.0,0.0,0.2374033613358322,0.0,0.0804450506983196,0.0,0.0,13.629033731494992,0.9253482533318214,1.0,0.0,0.0,2.398445578975485,0.0,2.41022120274148,0.0,0.0,14.52556748614066,1121.6270137216943,24.87830228106012,302.7106577576344,9.61137473881863
16,230.0,16.39852632836275,0.96,0.0,0.0,0.03,0.0,0.01,0.0,0.0,299.86,80.58,0.7670246114853598,0.2035061594485325,24.321504280883072,10.060123966346486,1117.1874581891802,40.3979035550502,0.9815912568111496,0.0,0.0,0.013906417746555,0.0,0.0045023254422953,0.0,0.0,0.6248268146818898,0.0,0.0,0.2798297007092541,0.0,0.095343484608856,0.0,0.0,13.362655423019543,0.937705324235737,1.0,0.0,0.0,2.368743181110033,0.0,2.3817011891559976,0.0,0.0,14.52556748614066,1121.6270137216943,24.87830228106012,302.7106577576344,9.61137473881863
16,230.0,17.98310191886681,0.96,0.0,0.0,0.03,0.0,0.01,0.0,0.0,299.86,80.58,0.7670246114853598,0.2231707857888658,24.321504280883072,10.060123966346486,1116.117698660229,44.10811269079249,0.9772825585278886,0.0,0.0,0.0171368982049329,0.0,0.0055805432671784,0.0,0.0,0.5775347684144387,0.0,0.0,0.3146620886033822,0.0,0.107803142982179,0.0,0.0,13.099322047468345,0.95015774009549,1.0,0.0,0.0,2.3396843507451157,0.0,2.3537863996879484,0.0,0.0,14.52556748614066,1121.6270137216943,24.87830228106012,302.7106577576344,9.61137473881863
16,230.0,19.56767750937088,0.96,0.0,0.0,0.03,0.0,0.01,0.0,0.0,299.86,80.58,0.7670246114853598,0.2428354121291993,24.321504280883072,10.060123966346486,1115.0348742987662,47.85245047887536,0.9729692697156488,0.0,0.0,0.0203614472540777,0.0,0.0066692830302736,0.0,0.0,0.5378852496748329,0.0,0.0,0.3437088961093787,0.0,0.1184058542157884,0.0,0.0,12.838997019828083,0.9627342665506056,1.0,0.0,0.0,2.3112560448812167,0.0,2.3264438039202515,0.0,0.0,14.52556748614066,1121.6270137216943,24.87830228106012,302.7106577576344,9.61137473881863
16,230.0,21.15225309987494,0.96,0.0,0.0,0.03,0.0,0.01,0.0,0.0,299.86,80.58,0.7670246114853598,0.2625000384695326,24.321504280883072,10.060123966346486,1113.9387716714195,51.63159113111105,0.9686512247045124,0.0,0.0,0.0235801014758777,0.0,0.0077686738196099,0.0,0.0,0.5041920552132821,0.0,0.0,0.3682458382445169,0.0,0.127562106542201,0.0,0.0,12.581646538910972,0.9754155765675194,1.0,0.0,0.0,2.283444660556231,0.0,2.2996611569569465,0.0,0.0,14.52556748614066,1121.6270137216943,24.87830228106012,302.7106577576344,9.61137473881863
16,230.0,22.736828690379006,0.96,0.0,0.0,0.03,0.0,0.01,0.0,0.0,299.86,80.58,0.7670246114853598,0.2821646648098661,24.321504280883072,10.060123966346486,1112.829177920337,55.44624598850893,0.9643282727522028,0.0,0.0,0.0267928817507477,0.0,0.0088788454970494,0.0,0.0,0.4752317042802277,0.0,0.0,0.3891985387405532,0.0,0.1355697569792191,0.0,0.0,12.327237896407894,0.9882343352962274,1.0,0.0,0.0,2.25623630953702,0.0,2.2734264767948758,0.0,0.0,14.52556748614066,1121.6270137216943,24.87830228106012,302.7106577576344,9.61137473881863
16,230.0,24.321404280883076,0.96,0.0,0.0,0.03,0.0,0.01,0.0,0.0,299.86,80.58,0.7670246114853598,0.3018292911501994,24.321504280883072,10.060123966346486,1111.7058793536703,59.29716119969067,0.9600002731798706,0.0,0.0,0.0299997978869986,0.0,0.0099999289331307,0.0,0.0,0.4500949960462653,0.0,0.0,0.4072548487384136,0.0,0.1426501552153211,0.0,0.0,12.075739978200271,1.0011797333073111,1.0,0.0,0.0,2.229616851914368,0.0,2.247727607082652,0.0,0.0,14.52556748614066,1121.6270137216943,24.87830228106012,302.7106577576344,9.61137473881863
16,235.0,12.072621780277393,0.96,0.0,0.0,0.03,0.0,0.01,0.0,0.0,299.86,80.58,0.7836990595611285,0.1498215659006874,26.227807524923985,12.072521780277391,1102.4956275953696,30.960049595904596,0.998516615873073,0.0,0.0,0.0011323435346896,0.0,0.0003510405922372,0.0,0.0,0.9599930122125448,0.0,0.0,0.0300052372474357,0.0,0.0100017505400196,0.0,0.0,13.170304389477836,0.9347405201111492,1.0,0.0,0.0,2.2724915243643404,0.0,2.313534133660296,0.0,0.0,13.258875583506692,1102.8688895247462,29.73094022392497,302.7106577576344,11.525181126674264
16,235.0,13.645409085238123,0.96,0.0,0.0,0.03,0.0,0.01,0.0,0.0,299.86,80.58,0.7836990595611285,0.1693398992955835,26.227807524923985,12.072521780277391,1101.4143477227035,34.511660785164416,0.994252878366327,0.0,0.0,0.0043787561355691,0.0,0.0013683654981037,0.0,0.0,0.8623893592432147,0.0,0.0,0.1030130181716788,0.0,0.0345976225851064,0.0,0.0,12.91776463535252,0.9468113502219604,1.0,0.0,0.0,2.246133156887929,0.0,2.2877712540051074,0.0,0.0,13.258875583506692,1102.8688895247462,29.73094022392497,302.7106577576344,11.525181126674264
16,235.0,15.218196390198855,0.96,0.0,0.0,0.03,0.0,0.01,0.0,0.0,299.86,80.58,0.7836990595611285,0.1888582326904797,26.227807524923985,12.072521780277391,1100.3196130866863,38.09385430679351,0.9899858183028036,0.0,0.0,0.0076152800408771,0.0,0.0023989016563191,0.0,0.0,0.7844731836501547,0.0,0.0,0.1610325631146871,0.0,0.0544942532351581,0.0,0.0,12.668039037010452,0.9589873939378394,1.0,0.0,0.0,2.220313114260963,0.0,2.2625011995573474,0.0,0.0,13.258875583506692,1102.8688895247462,29.73094022392497,302.7106577576344,11.525181126674264
16,235.0,16.79098369515959,0.96,0.0,0.0,0.03,0.0,0.01,0.0,0.0,299.86,80.58,0.7836990595611285,0.2083765660853758,26.227807524923985,12.072521780277391,1099.2111392999316,41.7070891865591,0.9857150816692208,0.0,0.0,0.0108420608816869,0.0,0.0034428574490922,0.0,0.0,0.7208796726764315,0.0,0.0,0.2081465340745627,0.0,0.0709737932490057,0.0,0.0,12.421080754278746,0.9712818064982678,1.0,0.0,0.0,2.195020480785393,0.0,2.2377147450512567,0.0,0.0,13.258875583506692,1102.8688895247462,29.73094022392497,302.7106577576344,11.525181126674264
16,235.0,18.363771000120323,0.96,0.0,0.0,0.03,0.0,0.01,0.0,0.0,299.86,80.58,0.7836990595611285,0.227894899480272,26.227807524923985,12.072521780277391,1098.088660460747,45.35188130401207,0.9814403887703153,0.0,0.0,0.0140591729815366,0.0,0.0045004382481482,0.0,0.0,0.6680303925220175,0.0,0.0,0.2470780137111643,0.0,0.0848915937668181,0.0,0.0,12.176857865654895,0.9836839404993902,1.0,0.0,0.0,2.1702442475926924,0.0,2.213402499195091,0.0,0.0,13.258875583506692,1102.8688895247462,29.73094022392497,302.7106577576344,11.525181126674264
16,235.0,19.936558305081054,0.96,0.0,0.0,0.03,0.0,0.01,0.0,0.0,299.86,80.58,0.7836990595611285,0.2474132328751682,26.227807524923985,12.072521780277391,1096.9519206966615,49.02879471239759,0.9771615066028776,0.0,0.0,0.0172666445092564,0.0,0.0055718488878659,0.0,0.0,0.623447476621686,0.0,0.0,0.2797125118819275,0.0,0.0968400114963864,0.0,0.0,11.935336341917276,0.9962227949143782,1.0,0.0,0.0,2.145973312294378,0.0,2.1895549982901152,0.0,0.0,13.258875583506692,1102.8688895247462,29.73094022392497,302.7106577576344,11.525181126674264
16,235.0,21.509345610041784,0.96,0.0,0.0,0.03,0.0,0.01,0.0,0.0,299.86,80.58,0.7836990595611285,0.2669315662700643,26.227807524923985,12.072521780277391,1095.800668874734,52.73843484632612,0.9728782317295798,0.0,0.0,0.0204644731883342,0.0,0.0066572950820859,0.0,0.0,0.5853610158347159,0.0,0.0,0.3073967849947858,0.0,0.1072421991704983,0.0,0.0,11.696486466698142,1.0088893819497615,1.0,0.0,0.0,2.122196503296577,0.0,2.166162593957202,0.0,0.0,13.258875583506692,1102.8688895247462,29.73094022392497,302.7106577576344,11.525181126674264
16,235.0,23.08213291500252,0.96,0.0,0.0,0.03,0.0,0.01,0.0,0.0,299.86,80.58,0.7836990595611285,0.2864498996649605,26.227807524923985,12.072521780277391,1094.634655523408,56.48144445428437,0.9685903802514522,0.0,0.0,0.0236526357261595,0.0,0.0077569840223883,0.0,0.0,0.5524732565710256,0.0,0.0,0.3311182993253836,0.0,0.1164084441035908,0.0,0.0,11.460280314648989,1.0216876096193908,1.0,0.0,0.0,2.098902600517503,0.0,2.1432154448139764,0.0,0.0,13.258875583506692,1102.8688895247462,29.73094022392497,302.7106577576344,11.525181126674264
16,235.0,24.65492021996325,0.96,0.0,0.0,0.03,0.0,0.01,0.0,0.0,299.86,80.58,0.7836990595611285,0.3059682330598567,26.227807524923985,12.072521780277391,1093.4536308526929,60.25850099296338,0.9642977814062208,0.0,0.0,0.0268310939407504,0.0,0.0088711246530288,0.0,0.0,0.5238111151342034,0.0,0.0,0.3516174741292898,0.0,0.1245714107365068,0.0,0.0,11.226691895416373,1.0346415382622134,1.0,0.0,0.0,2.0760802862028487,0.0,2.120703751443297,0.0,0.0,13.258875583506692,1102.8688895247462,29.73094022392497,302.7106577576344,11.525181126674264
16,235.0,26.227707524923986,0.96,0.0,0.0,0.03,0.0,0.01,0.0,0.0,299.86,80.58,0.7836990595611285,0.3254865664547528,26.227807524923985,12.072521780277391,1092.257343406605,64.07031507066135,0.9600002732877468,0.0,0.0,0.0299997989238732,0.0,0.00999992778838,0.0,0.0,0.4986307021174178,0.0,0.0,0.3694603400043154,0.0,0.1319089578782667,0.0,0.0,10.995696218379267,1.0477485537679534,1.0,0.0,0.0,2.0537182892750967,0.0,2.0986176953637345,0.0,0.0,13.258875583506692,1102.8688895247462,29.73094022392497,302.7106577576344,11.525181126674264
16,240.0,14.374563688951758,0.96,0.0,0.0,0.03,0.0,0.01,0.0,0.0,299.86,80.58,0.8003735076368972,0.1783887278350925,28.46733471629888,14.374463688951758,1082.779713115477,36.83213967308239,0.9982084024104914,0.0,0.0,0.0013705450467142,0.0,0.0004210525427945,0.0,0.0,0.959994241379099,0.0,0.0,0.0300043149194228,0.0,0.0100014437014781,0.0,0.0,11.915598900885296,0.9857115633188088,1.0,0.0,0.0,2.090205464182359,0.0,2.145457289607502,0.0,0.0,12.014498351825988,1083.263844328595,35.3375257790447,302.7106577576344,13.710780754884407
16,240.0,15.94041602532366,0.96,0.0,0.0,0.03,0.0,0.01,0.0,0.0,299.86,80.58,0.8003735076368972,0.1978209980804624,28.46733471629888,14.374463688951758,1081.6274241782044,40.37909272272633,0.9939797630718774,0.0,0.0,0.0045956591908907,0.0,0.0014245777372317,0.0,0.0,0.8783993391227994,0.0,0.0,0.0910072234696842,0.0,0.0305934374075163,0.0,0.0,11.684095555615016,0.9979514878955724,1.0,0.0,0.0,2.0681198838779404,0.0,2.1235063844470505,0.0,0.0,12.014498351825988,1083.263844328595,35.3375257790447,302.7106577576344,13.710780754884407
16,240.0,17.50626836169556,0.96,0.0,0.0,0.03,0.0,0.01,0.0,0.0,299.86,80.58,0.8003735076368972,0.2172532683258322,28.46733471629888,14.374463688951758,1080.460499939643,43.9561626111798,0.9897475823352626,0.0,0.0,0.007809690578481,0.0,0.0024427270862563,0.0,0.0,0.811012321580729,0.0,0.0,0.1411378614523028,0.0,0.0478498169669681,0.0,0.0,11.455092051776052,1.0103241145935642,1.0,0.0,0.0,2.0464543732779927,0.0,2.1019469572556613,0.0,0.0,12.014498351825988,1083.263844328595,35.3375257790447,302.7106577576344,13.710780754884407
16,240.0,19.072120698067465,0.96,0.0,0.0,0.03,0.0,0.01,0.0,0.0,299.86,80.58,0.8003735076368972,0.2366855385712021,28.46733471629888,14.374463688951758,1079.2786322936845,47.563839850584735,0.9855115298993296,0.0,0.0,0.0110127247655476,0.0,0.0034757453351227,0.0,0.0,0.7544585113453435,0.0,0.0,0.1829768239139424,0.0,0.062564664740714,0.0,0.0,11.228545675015178,1.022839254543542,1.0,0.0,0.0,2.0251999171946964,0.0,2.080771392591461,0.0,0.0,12.014498351825988,1083.263844328595,35.3375257790447,302.7106577576344,13.710780754884407
16,240.0,20.63797303443937,0.96,0.0,0.0,0.03,0.0,0.01,0.0,0.0,299.86,80.58,0.8003735076368972,0.256117808816572,28.46733471629888,14.374463688951758,1078.0815254569973,51.202658939892814,0.981271328146494,0.0,0.0,0.0142047946139745,0.0,0.0045238772395315,0.0,0.0,0.7063534215024221,0.0,0.0,0.2183474212442275,0.0,0.0752991572533502,0.0,0.0,11.004434153137735,1.0354974513295367,1.0,0.0,0.0,2.004347650203621,0.0,2.059971421354656,0.0,0.0,12.014498351825988,1083.263844328595,35.3375257790447,302.7106577576344,13.710780754884407
16,240.0,22.20382537081127,0.96,0.0,0.0,0.03,0.0,0.01,0.0,0.0,299.86,80.58,0.8003735076368972,0.2755500790619418,28.46733471629888,14.374463688951758,1076.868890321194,54.87319544189533,0.977026734897405,0.0,0.0,0.0173858963588035,0.0,0.0055873687437915,0.0,0.0,0.6649648024250218,0.0,0.0,0.2485741765779686,0.0,0.0864610209970096,0.0,0.0,10.78272952034374,1.048298643029898,1.0,0.0,0.0,1.9838887673993395,0.0,2.0395400341358383,0.0,0.0,12.014498351825988,1083.263844328595,35.3375257790447,302.7106577576344,13.710780754884407
16,240.0,23.76967770718317,0.96,0.0,0.0,0.03,0.0,0.01,0.0,0.0,299.86,80.58,0.8003735076368972,0.2949823493073116,28.46733471629888,14.374463688951758,1075.6404403150786,58.57606192980173,0.9727775311139868,0.0,0.0,0.0205560010229921,0.0,0.0066664678630209,0.0,0.0,0.6290040902558348,0.0,0.0,0.2746423338852913,0.0,0.0963535758588739,0.0,0.0,10.563408237961006,1.061264188941626,1.0,0.0,0.0,1.9638145452272693,0.0,2.019469361230338,0.0,0.0,12.014498351825988,1083.263844328595,35.3375257790447,302.7106577576344,13.710780754884407
16,240.0,25.335530043555075,0.96,0.0,0.0,0.03,0.0,0.01,0.0,0.0,299.86,80.58,0.8003735076368972,0.3144146195526815,28.46733471629888,14.374463688951758,1074.3958889055166,62.31190585730387,0.9685235134375294,0.0,0.0,0.0237150615648502,0.0,0.0077614249976203,0.0,0.0,0.5974930404116531,0.0,0.0,0.2972998570395253,0.0,0.1052071025488216,0.0,0.0,10.346448125125898,1.074391025193595,1.0,0.0,0.0,1.9441163266624628,0.0,1.9997511430758808,0.0,0.0,12.014498351825988,1083.263844328595,35.3375257790447,302.7106577576344,13.710780754884407
16,240.0,26.90138237992698,0.96,0.0,0.0,0.03,0.0,0.01,0.0,0.0,299.86,80.58,0.8003735076368972,0.3338468897980514,28.46733471629888,14.374463688951758,1073.134947867048,66.08140814677336,0.9642644891106934,0.0,0.0,0.0268630178301046,0.0,0.0088724930592018,0.0,0.0,0.5696757092380237,0.0,0.0,0.3171247431555147,0.0,0.1131995476064615,0.0,0.0,10.13182848770628,1.0876859800461256,1.0,0.0,0.0,1.9247855310768984,0.0,1.9803777920905616,0.0,0.0,12.014498351825988,1083.263844328595,35.3375257790447,302.7106577576344,13.710780754884407
16,240.0,28.46723471629888,0.96,0.0,0.0,0.03,0.0,0.01,0.0,0.0,299.86,80.58,0.8003735076368972,0.3532791600434212,28.46733471629888,14.374463688951758,1071.8573254093158,69.88528207682515,0.9600002709613374,0.0,0.0,0.0299998011598157,0.0,0.0099999278788467,0.0,0.0,0.544958761433415,0.0,0.0,0.3345706708703022,0.0,0.1204705676962827,0.0,0.0,9.91953286690735,1.1011584220045685,1.0,0.0,0.0,1.90581357216802,0.0,1.961341677157177,0.0,0.0,12.014498351825988,1083.263844328595,35.3375257790447,302.7106577576344,13.710780754884407
16,245.0,16.99252387038116,0.96,0.0,0.0,0.03,0.0,0.01,0.0,0.0,299.86,80.58,0.8170479557126659,0.2108776851623375,31.05119817531124,16.99242387038116,1062.0444708806958,43.62328826651289,0.9978551250507844,0.0,0.0,0.0016405245832808,0.0,0.0005043503659348,0.0,0.0,0.959995231438568,0.0,0.0,0.0300035724066561,0.0,0.0100011961547757,0.0,0.0,10.684309342636118,1.0428999387922495,1.0,0.0,0.0,1.9371140613355105,0.0,1.9931183535698516,0.0,0.0,10.793959502416731,1062.6711211462375,41.80803719266337,302.7106577576344,16.191644196077288
16,245.0,18.554587682040054,0.96,0.0,0.0,0.03,0.0,0.01,0.0,0.0,299.86,80.58,0.8170479557126659,0.2302629397125845,31.05119817531124,16.99242387038116,1060.8104890847817,47.1865294374444,0.9936686898460584,0.0,0.0,0.004832404432421,0.0,0.0014989057215204,0.0,0.0,0.8915644861392126,0.0,0.0,0.0811560545771985,0.0,0.0272794592835888,0.0,0.0,10.472139535325407,1.055522863496709,1.0,0.0,0.0,1.9184430481464576,0.0,1.9743758215241092,0.0,0.0,10.793959502416731,1062.6711211462375,41.80803719266337,302.7106577576344,16.191644196077288
16,245.0,20.116651493698956,0.96,0.0,0.0,0.03,0.0,0.01,0.0,0.0,299.86,80.58,0.8170479557126659,0.2496481942628313,31.05119817531124,16.99242387038116,1059.560692613229,50.780224899109214,0.9894779877594188,0.0,0.0,0.0080139989818075,0.0,0.0025080132587734,0.0,0.0,0.8334561852700142,0.0,0.0,0.1243820338825687,0.0,0.0421617808474171,0.0,0.0,10.262193003330609,1.0682947781657448,1.0,0.0,0.0,1.900098625455191,0.0,1.955941401935421,0.0,0.0,10.793959502416731,1062.6711211462375,41.80803719266337,302.7106577576344,16.191644196077288
16,245.0,21.67871530535785,0.96,0.0,0.0,0.03,0.0,0.01,0.0,0.0,299.86,80.58,0.8170479557126659,0.2690334488130783,31.05119817531124,16.99242387038116,1058.2947454270122,54.4049201755899,0.985282700771766,0.0,0.0,0.0111853832335105,0.0,0.0035319159947234,0.0,0.0,0.7835318100346719,0.0,0.0,0.1613222584741207,0.0,0.0551459314912073,0.0,0.0,10.054433888143713,1.081224491622672,1.0,0.0,0.0,1.8820738434913584,0.0,1.9378088155194404,0.0,0.0,10.793959502416731,1062.6711211462375,41.80803719266337,302.7106577576344,16.191644196077288
16,245.0,23.24077911701675,0.96,0.0,0.0,0.03,0.0,0.01,0.0,0.0,299.86,80.58,0.8170479557126659,0.2884187033633252,31.05119817531124,16.99242387038116,1057.0123182144323,58.06119719418914,0.9810825466775008,0.0,0.0,0.0143465945036236,0.0,0.0045708588188756,0.0,0.0,0.7402055097995217,0.0,0.0,0.1931933908937646,0.0,0.0666010993067137,0.0,0.0,9.848847345820449,1.0943217683677986,1.0,0.0,0.0,1.8643617467983544,0.0,1.9199717735786128,0.0,0.0,10.793959502416731,1062.6711211462375,41.80803719266337,302.7106577576344,16.191644196077288
16,245.0,24.80284292867565,0.96,0.0,0.0,0.03,0.0,0.01,0.0,0.0,299.86,80.58,0.8170479557126659,0.3078039579135722,31.05119817531124,16.99242387038116,1055.7130847732378,61.74967507275704,0.976877268857256,0.0,0.0,0.0174976422499116,0.0,0.0056250888928322,0.0,0.0,0.702276687105671,0.0,0.0,0.220916497544421,0.0,0.0768068153499079,0.0,0.0,9.645411291872598,1.1076089698368017,1.0,0.0,0.0,1.846955627480164,0.0,1.9024241245533964,0.0,0.0,10.793959502416731,1062.6711211462375,41.80803719266337,302.7106577576344,16.191644196077288
16,245.0,26.364906740334547,0.96,0.0,0.0,0.03,0.0,0.01,0.0,0.0,299.86,80.58,0.8170479557126659,0.3271892124638191,31.05119817531124,16.99242387038116,1054.396718680513,65.4710076866739,0.9726666274302456,0.0,0.0,0.0206385163217106,0.0,0.0066948562480437,0.0,0.0,0.6688198207422701,0.0,0.0,0.2452016004713059,0.0,0.0859785787864239,0.0,0.0,9.444107421701604,1.1210847923146758,1.0,0.0,0.0,1.829848860149008,0.0,1.8851598026465295,0.0,0.0,10.793959502416731,1062.6711211462375,41.80803719266337,302.7106577576344,16.191644196077288
16,245.0,27.92697055199344,0.96,0.0,0.0,0.03,0.0,0.01,0.0,0.0,299.86,80.58,0.8170479557126659,0.3465744670140661,31.05119817531124,16.99242387038116,1053.0628912697791,69.22588300943195,0.9684503938817288,0.0,0.0,0.0237691921808772,0.0,0.0077804139373941,0.0,0.0,0.6391100568350999,0.0,0.0,0.2666047778284998,0.0,0.0942851653364003,0.0,0.0,9.244918789685098,1.1347526674737722,1.0,0.0,0.0,1.8130347554876327,0.0,1.8681731044463583,0.0,0.0,10.793959502416731,1062.6711211462375,41.80803719266337,302.7106577576344,16.191644196077288
16,245.0,29.48903436365234,0.96,0.0,0.0,0.03,0.0,0.01,0.0,0.0,299.86,80.58,0.8170479557126659,0.365959721564313,31.05119817531124,16.99242387038116,1051.711270109262,73.01502269207896,0.9642283471606564,0.0,0.0,0.02688963474591,0.0,0.0088820180934335,0.0,0.0,0.6125716938657813,0.0,0.0,0.285567693623208,0.0,0.1018606125110106,0.0,0.0,9.047829451048049,1.1486215250365557,1.0,0.0,0.0,1.7965070750197027,0.0,1.8514575543300449,0.0,0.0,10.793959502416731,1062.6711211462375,41.80803719266337,302.7106577576344,16.191644196077288
16,245.0,31.05109817531124,0.96,0.0,0.0,0.03,0.0,0.01,0.0,0.0,299.86,80.58,0.8170479557126659,0.3853449761145599,31.05119817531124,16.99242387038116,1050.3415171095753,76.83918154842337,0.9600002692835672,0.0,0.0,0.0299998023879327,0.0,0.0099999283284999,0.0,0.0,0.5887417425686097,0.0,0.0,0.3024455579358127,0.0,0.1088126994955774,0.0,0.0,8.852825192380124,1.1627029694400015,1.0,0.0,0.0,1.7802633003543262,0.0,1.8350078851548164,0.0,0.0,10.793959502416731,1062.6711211462375,41.80803719266337,302.7106577576344,16.191644196077288
16,250.0,19.95458979393064,0.96,0.0,0.0,0.03,0.0,0.01,0.0,0.0,299.86,80.58,0.8337224037884345,0.2476370041440883,33.99206176980197,19.95448979393064,1040.107524625187,51.48180671606123,0.9974501580613268,0.0,0.0,0.0019460550433578,0.0,0.0006037868953154,0.0,0.0,0.9599960361391072,0.0,0.0,0.0300029693315345,0.0,0.0100009945293583,0.0,0.0,9.47832741718944,1.1078319518865107,1.0,0.0,0.0,1.8073003036323445,0.0,1.8548458065203624,0.0,0.0,9.599114364051816,1040.9186176418627,49.27650279185157,302.7106577576344,18.99215487266697
16,250.0,21.514297791249675,0.96,0.0,0.0,0.03,0.0,0.01,0.0,0.0,299.86,80.58,0.8337224037884345,0.266993022974059,33.99206176980197,19.95448979393064,1038.779500328309,55.0807904233744,0.9933137332893488,0.0,0.0,0.0050934329513016,0.0,0.0015928337593496,0.0,0.0,0.9024923190548976,0.0,0.0,0.0729948483658026,0.0,0.0245128325792994,0.0,0.0,9.284193235136708,1.12104506270843,1.0,0.0,0.0,1.7913627762677262,0.0,1.8387995207620624,0.0,0.0,9.599114364051816,1040.9186176418627,49.27650279185157,302.7106577576344,18.99215487266697
16,250.0,23.074005788568712,0.96,0.0,0.0,0.03,0.0,0.01,0.0,0.0,299.86,80.58,0.8337224037884345,0.2863490418040297,33.99206176980197,19.95448979393064,1037.434350664364,58.71133468535788,0.9891718233982284,0.0,0.0,0.0082330549156515,0.0,0.0025951216861202,0.0,0.0,0.8525287485425326,0.0,0.0,0.1101911075864726,0.0,0.0372801438709947,0.0,0.0,9.092037614288492,1.1344415932416916,1.0,0.0,0.0,1.7756857552071288,0.0,1.8229924900389087,0.0,0.0,9.599114364051816,1040.9186176418627,49.27650279185157,302.7106577576344,18.99215487266697
16,250.0,24.633713785887743,0.96,0.0,0.0,0.03,0.0,0.01,0.0,0.0,299.86,80.58,0.8337224037884345,0.3057050606340003,33.99206176980197,19.95448979393064,1036.0717017725851,62.3740641718566,0.9850241094206296,0.0,0.0,0.0113650295591722,0.0,0.0036108610201982,0.0,0.0,0.8087421546690717,0.0,0.0,0.142638792825988,0.0,0.0486190525049401,0.0,0.0,8.9018370671133,1.148030985446396,1.0,0.0,0.0,1.7602708763506614,0.0,1.8074268625493284,0.0,0.0,9.599114364051816,1040.9186176418627,49.27650279185157,302.7106577576344,18.99215487266697
16,250.0,26.193421783206784,0.96,0.0,0.0,0.03,0.0,0.01,0.0,0.0,299.86,80.58,0.8337224037884345,0.325061079463971,33.99206176980197,19.95448979393064,1034.6911815944145,66.06963794895438,0.9808702960458006,0.0,0.0,0.0144894391914172,0.0,0.004640264762782,0.0,0.0,0.7700795896139107,0.0,0.0,0.1711466357554209,0.0,0.0587737746306683,0.0,0.0,8.713576815572312,1.1618228691181152,1.0,0.0,0.0,1.7450979596500962,0.0,1.7921002138379332,0.0,0.0,9.599114364051816,1040.9186176418627,49.27650279185157,302.7106577576344,18.99215487266697
16,250.0,27.75312978052582,0.96,0.0,0.0,0.03,0.0,0.01,0.0,0.0,299.86,80.58,0.8337224037884345,0.3444170982939417,33.99206176980197,19.95448979393064,1033.2924168051102,69.79875033315224,0.9767101041945166,0.0,0.0,0.0176063468465575,0.0,0.0056835489589258,0.0,0.0,0.7357149847982251,0.0,0.0,0.1963490935524822,0.0,0.0679359216492927,0.0,0.0,8.527242054126903,1.175828577931178,1.0,0.0,0.0,1.730161945701281,0.0,1.77699871730362,0.0,0.0,9.599114364051816,1040.9186176418627,49.27650279185157,302.7106577576344,18.99215487266697
16,250.0,29.31283777784485,0.96,0.0,0.0,0.03,0.0,0.01,0.0,0.0,299.86,80.58,0.8337224037884345,0.3637731171239123,33.99206176980197,19.95448979393064,1031.8750304473976,73.56213071594317,0.9725432655004708,0.0,0.0,0.0207158015451786,0.0,0.0067409329543507,0.0,0.0,0.7049912601132224,0.0,0.0,0.2187508279828666,0.0,0.0762579119039108,0.0,0.0,8.342819323259894,1.1900672072872525,1.0,0.0,0.0,1.7154578952907382,0.0,1.7621177902042269,0.0,0.0,9.599114364051816,1040.9186176418627,49.27650279185157,302.7106577576344,18.99215487266697
16,250.0,30.872545775163893,0.96,0.0,0.0,0.03,0.0,0.01,0.0,0.0,299.86,80.58,0.8337224037884345,0.383129135953883,33.99206176980197,19.95448979393064,1030.4386401548904,77.3605437681155,0.9683695183345462,0.0,0.0,0.0238178421409251,0.0,0.0078126395245286,0.0,0.0,0.6773792876069874,0.0,0.0,0.2387582329613882,0.0,0.0838624794316244,0.0,0.0,8.1602964010292,1.2045363540703633,1.0,0.0,0.0,1.7009806164054764,0.0,1.7474529319319994,0.0,0.0,9.599114364051816,1040.9186176418627,49.27650279185157,302.7106577576344,18.99215487266697
16,250.0,32.43225377248293,0.96,0.0,0.0,0.03,0.0,0.01,0.0,0.0,299.86,80.58,0.8337224037884345,0.4024851547838537,33.99206176980197,19.95448979393064,1028.9828567594448,81.19478986209751,0.9641886048546762,0.0,0.0,0.0269125002145472,0.0,0.0088988949307766,0.0,0.0,0.6524482508728873,0.0,0.0,0.2567022057202401,0.0,0.0908495434068726,0.0,0.0,7.979661575124012,1.2192539382255128,1.0,0.0,0.0,1.686737214498507,0.0,1.7329996764307125,0.0,0.0,9.599114364051816,1040.9186176418627,49.27650279185157,302.7106577576344,18.99215487266697
16,250.0,33.99196176980197,0.96,0.0,0.0,0.03,0.0,0.01,0.0,0.0,299.86,80.58,0.8337224037884345,0.4218411736138244,33.99206176980197,19.95448979393064,1027.5072830946772,85.06570565622538,0.9600002686435452,0.0,0.0,0.0299998023922972,0.0,0.0099999289641576,0.0,0.0,0.6298438731778613,0.0,0.0,0.2728548719946533,0.0,0.0973012548274853,0.0,0.0,7.80090408936548,1.2342245396857146,1.0,0.0,0.0,1.6727247996708168,0.0,1.7187538713964263,0.0,0.0,9.599114364051816,1040.9186176418627,49.27650279185157,302.7106577576344,18.99215487266697
16,255.0,23.29083814502847,0.96,0.0,0.0,0.03,0.0,0.01,0.0,0.0,299.86,80.58,0.8503968518642032,0.2890399372676653,37.303025155126605,23.29073814502847,1016.7391032823256,60.59453568480378,0.9969840968519476,0.0,0.0,0.0022928350246543,0.0,0.0007230681233979,0.0,0.0,0.9599966959054872,0.0,0.0,0.0300024753096479,0.0,0.0100008287848647,0.0,0.0,8.299955993921364,1.182608017083679,1.0,0.0,0.0,1.6959949993235213,0.0,1.7290420594347824,0.0,0.0,8.432227805466914,1017.7913832278248,57.90987351738985,302.7106577576344,22.13772066860631
16,255.0,24.84773670170604,0.96,0.0,0.0,0.03,0.0,0.01,0.0,0.0,299.86,80.58,0.8503968518642032,0.3083610908625718,37.303025155126605,23.29073814502847,1015.3024122108344,64.24782421409455,0.992906217523466,0.0,0.0,0.0053850940329363,0.0,0.0017086884435977,0.0,0.0,0.9116588913088578,0.0,0.0,0.0661606995373299,0.0,0.0221804091538123,0.0,0.0,8.122913487790933,1.196658679728658,1.0,0.0,0.0,1.6823005146057068,0.0,1.7152929614735792,0.0,0.0,8.432227805466914,1017.7913832278248,57.90987351738985,302.7106577576344,22.13772066860631
16,255.0,26.40463525838361,0.96,0.0,0.0,0.03,0.0,0.01,0.0,0.0,299.86,80.58,0.8503968518642032,0.3276822444574784,37.303025155126605,23.29073814502847,1013.8470155763176,67.93455731253003,0.9888212234172676,0.0,0.0,0.0084735694115858,0.0,0.0027052071711466,0.0,0.0,0.8688478015175874,0.0,0.0,0.0980811305337375,0.0,0.0330710679486749,0.0,0.0,7.947633765934036,1.21095397745461,1.0,0.0,0.0,1.6687999933230468,0.0,1.701729676550837,0.0,0.0,8.432227805466914,1017.7913832278248,57.90987351738985,302.7106577576344,22.13772066860631
16,255.0,27.96153381506118,0.96,0.0,0.0,0.03,0.0,0.01,0.0,0.0,299.86,80.58,0.8503968518642032,0.3470033980523849,37.303025155126605,23.29073814502847,1012.3724848671616,71.65546580643924,0.984728782040144,0.0,0.0,0.0115584327214614,0.0,0.0037127852383944,0.0,0.0,0.830691679397302,0.0,0.0,0.126432088333275,0.0,0.0428762322694229,0.0,0.0,7.7741039307585105,1.2254883091700728,1.0,0.0,0.0,1.6554912255517231,0.0,1.6883641308837234,0.0,0.0,8.432227805466914,1017.7913832278248,57.90987351738985,302.7106577576344,22.13772066860631
16,255.0,29.51843237173875,0.96,0.0,0.0,0.03,0.0,0.01,0.0,0.0,299.86,80.58,0.8503968518642032,0.3663245516472915,37.303025155126605,23.29073814502847,1010.87838781549,75.41131625642309,0.9806285742335532,0.0,0.0,0.0146398390819215,0.0,0.0047315866845253,0.0,0.0,0.7964933794219806,0.0,0.0,0.1517480168437694,0.0,0.05175860373425,0.0,0.0,7.602312844975802,1.2402701519303476,1.0,0.0,0.0,1.6423917715592584,0.0,1.6751749965498584,0.0,0.0,8.432227805466914,1017.7913832278248,57.90987351738985,302.7106577576344,22.13772066860631
16,255.0,31.07533092841632,0.96,0.0,0.0,0.03,0.0,0.01,0.0,0.0,299.86,80.58,0.8503968518642032,0.3856457052421981,37.303025155126605,23.29073814502847,1009.3642859239465,79.20291201216699,0.9765202892037144,0.0,0.0,0.0177179318751152,0.0,0.0057617789211702,0.0,0.0,0.7656888166468176,0.0,0.0,0.174461344589183,0.0,0.0598498387639995,0.0,0.0,7.43224994871678,1.2553100706637437,1.0,0.0,0.0,1.629474236215143,0.0,1.6621588615378295,0.0,0.0,8.432227805466914,1017.7913832278248,57.90987351738985,302.7106577576344,22.13772066860631
16,255.0,32.63222948509389,0.96,0.0,0.0,0.03,0.0,0.01,0.0,0.0,299.86,80.58,0.8503968518642032,0.4049668588371046,37.303025155126605,23.29073814502847,1007.8297324934116,83.03109421014601,0.9724036207762664,0.0,0.0,0.0207928463161217,0.0,0.0068035329076118,0.0,0.0,0.7378167354934227,0.0,0.0,0.1949256696248013,0.0,0.0672575948817759,0.0,0.0,7.263903998366132,1.2706185409444717,1.0,0.0,0.0,1.6167333181306058,0.0,1.6493104516209534,0.0,0.0,8.432227805466914,1017.7913832278248,57.90987351738985,302.7106577576344,22.13772066860631
16,255.0,34.18912804177146,0.96,0.0,0.0,0.03,0.0,0.01,0.0,0.0,299.86,80.58,0.8503968518642032,0.4242880124320112,37.303025155126605,23.29073814502847,1006.2742713919514,86.89674349979404,0.9682782652020142,0.0,0.0,0.0238647117036798,0.0,0.0078570230943058,0.0,0.0,0.7124963671049316,0.0,0.0,0.2134328938662597,0.0,0.0740707390288088,0.0,0.0,7.097272047507554,1.2862237425320118,1.0,0.0,0.0,1.6041707438128558,0.0,1.6366322134681444,0.0,0.0,8.432227805466914,1017.7913832278248,57.90987351738985,302.7106577576344,22.13772066860631
16,255.0,35.746026598449035,0.96,0.0,0.0,0.03,0.0,0.01,0.0,0.0,299.86,80.58,0.8503968518642032,0.4436091660269178,37.303025155126605,23.29073814502847,1004.6974337124713,90.8007780722591,0.9641439154931865,0.0,0.0,0.0269336561319127,0.0,0.0089224283749008,0.0,0.0,0.689410604385696,0.0,0.0,0.2302261231860566,0.0,0.0803632724282474,0.0,0.0,6.932343879772025,1.3021208958302215,1.0,0.0,0.0,1.5918010264671485,0.0,1.624132623998785,0.0,0.0,8.432227805466914,1017.7913832278248,57.90987351738985,302.7106577576344,22.13772066860631
16,255.0,37.3029251551266,0.96,0.0,0.0,0.03,0.0,0.01,0.0,0.0,299.86,80.58,0.8503968518642032,0.4629303196218243,37.303025155126605,23.29073814502847,1003.0987404022768,94.74416132633738,0.9600002663001672,0.0,0.0,0.0299998032606325,0.0,0.0099999304392001,0.0,0.0,0.6682933658657486,0.0,0.0,0.2455093602006754,0.0,0.0861972739335759,0.0,0.0,6.76911454082412,1.3183247015409023,1.0,0.0,0.0,1.5795972167655774,0.0,1.6117912320456684,0.0,0.0,8.432227805466914,1017.7913832278248,57.90987351738985,302.7106577576344,22.13772066860631
16,260.0,27.03389513109166,0.96,0.0,0.0,0.03,0.0,0.01,0.0,0.0,299.86,80.58,0.8670712999399719,0.3354913766578761,40.9964257483542,27.03379513109166,991.6420038747668,71.20339642100787,0.9964432333318476,0.0,0.0,0.0026896320648875,0.0,0.000867134603265,0.0,0.0,0.9599972414842788,0.0,0.0,0.0300020672172147,0.0,0.0100006912985065,0.0,0.0,7.152024771723416,1.270166075659766,1.0,0.0,0.0,1.5993651678993046,0.0,1.6143723023856291,0.0,0.0,7.296085655146154,993.0143761526203,67.92140682303575,302.7106577576344,25.654931900849267
16,260.0,28.5852763107875,0.96,0.0,0.0,0.03,0.0,0.01,0.0,0.0,299.86,80.58,0.8670712999399719,0.3547440594538036,40.9964257483542,27.03379513109166,990.0789254752028,74.92914137306465,0.9924335397363696,0.0,0.0,0.0057165734363145,0.0,0.0018498868273157,0.0,0.0,0.919438274614422,0.0,0.0,0.0603691082658038,0.0,0.0201926171197742,0.0,0.0,6.991450070416991,1.285420680507619,1.0,0.0,0.0,1.5875069526897363,0.0,1.602601267156891,0.0,0.0,7.296085655146154,993.0143761526203,67.92140682303575,302.7106577576344,25.654931900849267
16,260.0,30.136657490483337,0.96,0.0,0.0,0.03,0.0,0.01,0.0,0.0,299.86,80.58,0.8670712999399719,0.3739967422497312,40.9964257483542,27.03379513109166,988.4951267032455,78.69104647471345,0.988414800166854,0.0,0.0,0.0087448357943754,0.0,0.0028403640387705,0.0,0.0,0.8829331196651709,0.0,0.0,0.087648450339722,0.0,0.029418429995107,0.0,0.0,6.8324533108950165,1.300954130554833,1.0,0.0,0.0,1.5758070491195515,0.0,1.590972708486511,0.0,0.0,7.296085655146154,993.0143761526203,67.92140682303575,302.7106577576344,25.654931900849267
16,260.0,31.68803867017917,0.96,0.0,0.0,0.03,0.0,0.01,0.0,0.0,299.86,80.58,0.8670712999399719,0.3932494250456586,40.9964257483542,27.03379513109166,986.8900975862424,82.489981302826,0.984386654579751,0.0,0.0,0.0117746663386771,0.0,0.0038386790815718,0.0,0.0,0.8499247376174035,0.0,0.0,0.1122646000180055,0.0,0.0378106623645909,0.0,0.0,6.675025927734784,1.316790988200124,1.0,0.0,0.0,1.56425133609272,0.0,1.5794799953626728,0.0,0.0,7.296085655146154,993.0143761526203,67.92140682303575,302.7106577576344,25.654931900849267
16,260.0,33.239419849875006,0.96,0.0,0.0,0.03,0.0,0.01,0.0,0.0,299.86,80.58,0.8670712999399719,0.4125021078415861,40.9964257483542,27.03379513109166,985.2633176730196,86.32685525739352,0.980348747224318,0.0,0.0,0.0148063045755978,0.0,0.0048449482000843,0.0,0.0,0.8199541534137924,0.0,0.0,0.1345673188146218,0.0,0.0454785277715856,0.0,0.0,6.519161628381823,1.3329387474783694,1.0,0.0,0.0,1.5528371693831595,0.0,1.5681207436162985,0.0,0.0,7.296085655146154,993.0143761526203,67.92140682303575,302.7106577576344,25.654931900849267
16,260.0,34.790801029570844,0.96,0.0,0.0,0.03,0.0,0.01,0.0,0.0,299.86,80.58,0.8670712999399719,0.4317547906375136,40.9964257483542,27.03379513109166,983.6142541456676,90.20262016214367,0.9763007237162584,0.0,0.0,0.0178399851572311,0.0,0.0058592911265105,0.0,0.0,0.7926398578064405,0.0,0.0,0.1548473287803651,0.0,0.0525128134131943,0.0,0.0,6.364852515426128,1.3494066419700423,1.0,0.0,0.0,1.541580636125961,0.0,1.5569056094733011,0.0,0.0,7.296085655146154,993.0143761526203,67.92140682303575,302.7106577576344,25.654931900849267
16,260.0,36.34218220926668,0.96,0.0,0.0,0.03,0.0,0.01,0.0,0.0,299.86,80.58,0.8670712999399719,0.4510074734334411,40.9964257483542,27.03379513109166,981.9423591590242,94.11826999386707,0.97224222712093,0.0,0.0,0.0208759413410789,0.0,0.006881831537991,0.0,0.0,0.7676621471389071,0.0,0.0,0.1733482514660471,0.0,0.0589896013950457,0.0,0.0,6.212096661264569,1.3662237900666214,1.0,0.0,0.0,1.530464253768211,0.0,1.5458254282427235,0.0,0.0,7.296085655146154,993.0143761526203,67.92140682303575,302.7106577576344,25.654931900849267
16,260.0,37.89356338896252,0.96,0.0,0.0,0.03,0.0,0.01,0.0,0.0,299.86,80.58,0.8670712999399719,0.4702601562293685,40.9964257483542,27.03379513109166,980.2470690411782,98.07484544294292,0.9681728971566128,0.0,0.0,0.023914406000886,0.0,0.007912696842501,0.0,0.0,0.7447511736951128,0.0,0.0,0.1902757187048978,0.0,0.0649731075999894,0.0,0.0,6.060888783896216,1.3833880925683824,1.0,0.0,0.0,1.5194807660072904,0.0,1.534870489941098,0.0,0.0,7.296085655146154,993.0143761526203,67.92140682303575,302.7106577576344,25.654931900849267
16,260.0,39.44494456865836,0.96,0.0,0.0,0.03,0.0,0.01,0.0,0.0,299.86,80.58,0.8670712999399719,0.4895128390252961,40.9964257483542,27.03379513109166,978.5278021772706,102.0734344673626,0.9640923674735612,0.0,0.0,0.0269556140146908,0.0,0.0089520185117478,0.0,0.0,0.7236776145358578,0.0,0.0,0.2058044855379904,0.0,0.0705178999261517,0.0,0.0,5.911225675522945,1.400931722203154,1.0,0.0,0.0,1.508641229580576,0.0,1.5240410071309012,0.0,0.0,7.296085655146154,993.0143761526203,67.92140682303575,302.7106577576344,25.654931900849267
16,260.0,40.9963257483542,0.96,0.0,0.0,0.03,0.0,0.01,0.0,0.0,299.86,80.58,0.8670712999399719,0.5087655218212236,40.9964257483542,27.03379513109166,976.7839574548352,106.11517468384535,0.960000263968854,0.0,0.0,0.0299998038109631,0.0,0.009999932220183,0.0,0.0,0.7042453786821883,0.0,0.0,0.2200839894511408,0.0,0.0756706318666708,0.0,0.0,5.763104840206379,1.4188600327509795,1.0,0.0,0.0,1.4979383944924216,0.0,1.5133495784985236,0.0,0.0,7.296085655146154,993.0143761526203,67.92140682303575,302.7106577576344,25.654931900849267
16,265.0,31.219794041795563,0.96,0.0,0.0,0.03,0.0,0.01,0.0,0.0,299.86,80.58,0.8837457480157407,0.3874384964233751,45.08236429666221,31.219694041795563,964.419619685346,83.63202306938072,0.9958070753339364,0.0,0.0,0.0031501362302844,0.0,0.0010427884357792,0.0,0.0,0.9599976965428444,0.0,0.0,0.0300017272427375,0.0,0.0100005762144178,0.0,0.0,6.038064545212258,1.3748757478915543,1.0,0.0,0.0,1.5142459410926266,0.0,1.509683516257171,0.0,0.0,6.194157229336726,966.2255774553212,79.59167899763797,302.7106577576344,29.571779036695137
16,265.0,32.760068514558526,0.96,0.0,0.0,0.03,0.0,0.01,0.0,0.0,299.86,80.58,0.8837457480157407,0.4065533446830296,45.08236429666221,31.219694041795563,962.7081685030836,87.44837590255683,0.9918771288838412,0.0,0.0,0.0061014701273387,0.0,0.0020214009888202,0.0,0.0,0.9261264367515344,0.0,0.0,0.0553952721443899,0.0,0.0184782911040757,0.0,0.0,5.893649074968979,1.3917780975419214,1.0,0.0,0.0,1.5039126565213337,0.0,1.4995992732667112,0.0,0.0,6.194157229336726,966.2255774553212,79.59167899763797,302.7106577576344,29.571779036695137
16,265.0,34.300342987321486,0.96,0.0,0.0,0.03,0.0,0.01,0.0,0.0,299.86,80.58,0.8837457480157407,0.4256681929426841,45.08236429666221,31.219694041795563,960.9733238220658,91.30454940758524,0.9879360062357202,0.0,0.0,0.0090600349965058,0.0,0.0030039587677738,0.0,0.0,0.8952197991891311,0.0,0.0,0.0785572320700745,0.0,0.0262229687407944,0.0,0.0,5.750651089620549,1.4090455648343485,1.0,0.0,0.0,1.4936893549650514,0.0,1.4896366054047323,0.0,0.0,6.194157229336726,966.2255774553212,79.59167899763797,302.7106577576344,29.571779036695137
16,265.0,35.840617460084445,0.96,0.0,0.0,0.03,0.0,0.01,0.0,0.0,299.86,80.58,0.8837457480157407,0.4447830412023386,45.08236429666221,31.219694041795563,959.2144526887416,95.2015937967092,0.9839833010327405,0.0,0.0,0.0120261525338784,0.0,0.003990546433381,0.0,0.0,0.8669241863451014,0.0,0.0,0.099753970695465,0.0,0.0333218429594335,0.0,0.0,5.609066902435488,1.4266848631329574,1.0,0.0,0.0,1.4835785062486335,0.0,1.4797748126622088,0.0,0.0,6.194157229336726,966.2255774553212,79.59167899763797,302.7106577576344,29.571779036695137
16,265.0,37.380891932847405,0.96,0.0,0.0,0.03,0.0,0.01,0.0,0.0,299.86,80.58,0.8837457480157407,0.4638978894619931,45.08236429666221,31.219694041795563,957.4309027782834,99.14060728950928,0.9800186026520212,0.0,0.0,0.0150001449486799,0.0,0.0049812523992987,0.0,0.0,0.8409405859459482,0.0,0.0,0.1192107198663812,0.0,0.0398486941876705,0.0,0.0,5.468891824240763,1.444734719521929,1.0,0.0,0.0,1.4735897466101402,0.0,1.4700132359789864,0.0,0.0,6.194157229336726,966.2255774553212,79.59167899763797,302.7106577576344,29.571779036695137
16,265.0,38.92116640561037,0.96,0.0,0.0,0.03,0.0,0.01,0.0,0.0,299.86,80.58,0.8837457480157407,0.4830127377216476,45.08236429666221,31.219694041795563,955.622000704772,103.12274046408274,0.976041494465236,0.0,0.0,0.0179823367070279,0.0,0.005976168827736,0.0,0.0,0.8170144931912837,0.0,0.0,0.1371191764786011,0.0,0.0458663303301151,0.0,0.0,5.330127405009344,1.4631899894084606,1.0,0.0,0.0,1.4637059804448318,0.0,1.4603632172065488,0.0,0.0,6.194157229336726,966.2255774553212,79.59167899763797,302.7106577576344,29.571779036695137
16,265.0,40.46144087837333,0.96,0.0,0.0,0.03,0.0,0.01,0.0,0.0,299.86,80.58,0.8837457480157407,0.5021275859813021,45.08236429666221,31.219694041795563,953.7870483342484,107.14919463069457,0.9720515495500692,0.0,0.0,0.0209730581213894,0.0,0.0069753923285415,0.0,0.0,0.7949279207907777,0.0,0.0,0.1536435247278648,0.0,0.0514285544813575,0.0,0.0,5.192770207905471,1.482078567996045,1.0,0.0,0.0,1.4539319080684243,0.0,1.450808938019605,0.0,0.0,6.194157229336726,966.2255774553212,79.59167899763797,302.7106577576344,29.571779036695137
16,265.0,42.00171535113628,0.96,0.0,0.0,0.03,0.0,0.01,0.0,0.0,299.86,80.58,0.8837457480157407,0.5212424342409566,45.08236429666221,31.219694041795563,951.925322555744,111.2212303589756,0.9680483312880838,0.0,0.0,0.023972645206317,0.0,0.0079790235055991,0.0,0.0,0.7744931696724913,0.0,0.0,0.1689251315599911,0.0,0.0565816987675177,0.0,0.0,5.056820061670543,1.5014193879675457,1.0,0.0,0.0,1.444269052131081,0.0,1.4413541651710329,0.0,0.0,6.194157229336726,966.2255774553212,79.59167899763797,302.7106577576344,29.571779036695137
16,265.0,43.54198982389925,0.96,0.0,0.0,0.03,0.0,0.01,0.0,0.0,299.86,80.58,0.8837457480157407,0.5403572825006112,45.08236429666221,31.219694041795563,950.0360721431244,115.34016750804426,0.9640313901285082,0.0,0.0,0.0269814423748818,0.0,0.00898716749661,0.0,0.0,0.7555477528033914,0.0,0.0,0.1830863722128149,0.0,0.0613658749837937,0.0,0.0,4.9222771049091785,1.5212370320068522,1.0,0.0,0.0,1.4347033620469356,0.0,1.4320012905988553,0.0,0.0,6.194157229336726,966.2255774553212,79.59167899763797,302.7106577576344,29.571779036695137
16,265.0,45.08226429666221,0.96,0.0,0.0,0.03,0.0,0.01,0.0,0.0,299.86,80.58,0.8837457480157407,0.5594721307602657,45.08236429666221,31.219694041795563,948.1185156701472,119.50738910550406,0.9600002619518898,0.0,0.0,0.0299998038941906,0.0,0.0099999341539194,0.0,0.0,0.7379503388816202,0.0,0.0,0.1962336871615705,0.0,0.0658159739568092,0.0,0.0,4.789142208716992,1.5415506923537188,1.0,0.0,0.0,1.4252515316852523,0.0,1.422736368641516,0.0,0.0,6.194157229336726,966.2255774553212,79.59167899763797,302.7106577576344,29.571779036695137
16,270.0,35.88934719679026,0.96,0.0,0.0,0.03,0.0,0.01,0.0,0.0,299.86,80.58,0.9004201960915094,0.44538777856528,49.56664381513976,35.88924719679026,934.522101286986,98.33105445330897,0.9950440204227136,0.0,0.0,0.003696193815244,0.0,0.0012597857620424,0.0,0.0,0.9599980795580356,0.0,0.0,0.0300014414708304,0.0,0.0100004789711339,0.0,0.0,4.962576582554557,1.5034981042732938,1.0,0.0,0.0,1.4378880134592962,0.0,1.4139033970847832,0.0,0.0,5.130843724671824,936.9320241360858,93.30322734807504,302.7106577576344,33.91794976874195
16,270.0,37.409035709940206,0.96,0.0,0.0,0.03,0.0,0.01,0.0,0.0,299.86,80.58,0.9004201960915094,0.4642471545040978,49.56664381513976,35.88924719679026,932.6342802885958,102.25655803867495,0.9912087587957434,0.0,0.0,0.0065606184998774,0.0,0.002230622704379,0.0,0.0,0.9319603451282338,0.0,0.0,0.0510592216105927,0.0,0.0169804332611734,0.0,0.0,4.834334643823542,1.5227242747406542,1.0,0.0,0.0,1.4288298975656195,0.0,1.4053109720821462,0.0,0.0,5.130843724671824,936.9320241360858,93.30322734807504,302.7106577576344,33.91794976874195
16,270.0,38.92872422309015,0.96,0.0,0.0,0.03,0.0,0.01,0.0,0.0,299.86,80.58,0.9004201960915094,0.4831065304429157,49.56664381513976,35.88924719679026,930.7193976995928,106.226689841464,0.9873600511724884,0.0,0.0,0.0094386474030896,0.0,0.0032013014244221,0.0,0.0,0.9060732656408657,0.0,0.0,0.0705264812031138,0.0,0.0234002531560202,0.0,0.0,4.707372283612412,1.542420928096608,1.0,0.0,0.0,1.419853012971917,0.0,1.3967906916177244,0.0,0.0,5.130843724671824,936.9320241360858,93.30322734807504,302.7106577576344,33.91794976874195
16,270.0,40.448412736240094,0.96,0.0,0.0,0.03,0.0,0.01,0.0,0.0,299.86,80.58,0.9004201960915094,0.5019659063817337,49.56664381513976,35.88924719679026,928.7766325760472,110.24274186384096,0.9834974167407952,0.0,0.0,0.0123306692137476,0.0,0.0041719140454571,0.0,0.0,0.8821157792915388,0.0,0.0,0.0885665255848339,0.0,0.0293176951236273,0.0,0.0,4.581687968645892,1.5626104425439749,1.0,0.0,0.0,1.4109620068568185,0.0,1.3883599487824183,0.0,0.0,5.130843724671824,936.9320241360858,93.30322734807504,302.7106577576344,33.91794976874195
16,270.0,41.96810124939003,0.96,0.0,0.0,0.03,0.0,0.01,0.0,0.0,299.86,80.58,0.9004201960915094,0.5208252823205514,49.56664381513976,35.88924719679026,926.8051320783673,114.30606959910692,0.979620361780954,0.0,0.0,0.0152370813181135,0.0,0.0051425569009325,0.0,0.0,0.859896643392064,0.0,0.0,0.1053206148737486,0.0,0.0347827417341874,0.0,0.0,4.457282686226195,1.5833155837316193,1.0,0.0,0.0,1.4021592603802369,0.0,1.3799978849862309,0.0,0.0,5.130843724671824,936.9320241360858,93.30322734807504,302.7106577576344,33.91794976874195
16,270.0,43.487789762539975,0.96,0.0,0.0,0.03,0.0,0.01,0.0,0.0,299.86,80.58,0.9004201960915094,0.5396846582593693,49.56664381513976,35.88924719679026,924.804007226616,118.41809177899177,0.9757283757978458,0.0,0.0,0.018158293030425,0.0,0.0061133311717292,0.0,0.0,0.8392495731615109,0.0,0.0,0.1209115594293173,0.0,0.0398388674091717,0.0,0.0,4.334159058215708,1.6045611543851188,1.0,0.0,0.0,1.3934326623187516,0.0,1.3717206602889107,0.0,0.0,5.130843724671824,936.9320241360858,93.30322734807504,302.7106577576344,33.91794976874195
16,270.0,45.00747827568992,0.96,0.0,0.0,0.03,0.0,0.01,0.0,0.0,299.86,80.58,0.9004201960915094,0.5585440341981871,49.56664381513976,35.88924719679026,922.7723316976026,122.580300339646,0.9718209313968832,0.0,0.0,0.0210947259780727,0.0,0.0070843426250441,0.0,0.0,0.8200293799409839,0.0,0.0,0.1354465747913293,0.0,0.0445240452676867,0.0,0.0,4.2123189449184775,1.626384945096052,1.0,0.0,0.0,1.384796905128534,0.0,1.3635099476600183,0.0,0.0,5.130843724671824,936.9320241360858,93.30322734807504,302.7106577576344,33.91794976874195
16,270.0,46.52716678883986,0.96,0.0,0.0,0.03,0.0,0.01,0.0,0.0,299.86,80.58,0.9004201960915094,0.577403410137005,49.56664381513976,35.88924719679026,920.7091378720696,126.79426182511038,0.967897481090438,0.0,0.0,0.0240468167599032,0.0,0.0080557021496586,0.0,0.0,0.8021087416646469,0.0,0.0,0.149019669957535,0.0,0.0488715883778181,0.0,0.0,4.091764385951346,1.6488009972153328,1.0,0.0,0.0,1.376232636474121,0.0,1.3553819080742762,0.0,0.0,5.130843724671824,936.9320241360858,93.30322734807504,302.7106577576344,33.91794976874195
16,270.0,48.04685530198981,0.96,0.0,0.0,0.03,0.0,0.01,0.0,0.0,299.86,80.58,0.9004201960915094,0.596262786075823,49.56664381513976,35.88924719679026,918.6134138742254,131.06162302067838,0.963957455445429,0.0,0.0,0.0270150185764496,0.0,0.0090275259781213,0.0,0.0,0.7853755771466557,0.0,0.0,0.1617135885680038,0.0,0.0529108342853403,0.0,0.0,3.9724991063290913,1.6718452718678545,1.0,0.0,0.0,1.3677554826467273,0.0,1.3473201860149946,0.0,0.0,5.130843724671824,936.9320241360858,93.30322734807504,302.7106577576344,33.91794976874195
16,270.0,49.56654381513975,0.96,0.0,0.0,0.03,0.0,0.01,0.0,0.0,299.86,80.58,0.9004201960915094,0.6151221620146408,49.56664381513976,35.88924719679026,916.4840999540417,135.38411596395716,0.960000260655934,0.0,0.0,0.0299998032756989,0.0,0.0099999360683671,0.0,0.0,0.7697308653522913,0.0,0.0,0.173601421077374,0.0,0.0566677135703345,0.0,0.0,3.854526465340512,1.6955579111331518,1.0,0.0,0.0,1.3593483881779886,0.0,1.3393334045043623,0.0,0.0,5.130843724671824,936.9320241360858,93.30322734807504,302.7106577576344,33.91794976874195
16,275.0,41.09048753512688,0.96,0.0,0.0,0.03,0.0,0.01,0.0,0.0,299.86,80.58,0.917094644167278,0.5099340721658833,54.44752176420495,41.09038753512687,901.149283634962,115.96077995848292,0.9941031627150216,0.0,0.0,0.0043639513799428,0.0,0.0015328859050355,0.0,0.0,0.9599984052510524,0.0,0.0,0.030001198805574,0.0,0.0100003959433734,0.0,0.0,3.9314688851925466,1.6672201542506786,1.0,0.0,0.0,1.367841590996837,0.0,1.3261176226848717,0.0,0.0,4.11187312512685,904.4335281070778,109.60126774294156,302.7106577576344,38.72523437118672
16,275.0,42.57459133835777,0.96,0.0,0.0,0.03,0.0,0.01,0.0,0.0,299.86,80.58,0.917094644167278,0.5283518408830699,54.44752176420495,41.09038753512687,899.0483360472377,120.0147957046108,0.9903834298398068,0.0,0.0,0.0071275211529004,0.0,0.0024890490072926,0.0,0.0,0.9371333776793388,0.0,0.0,0.0472138674959174,0.0,0.0156527548247438,0.0,0.0,3.819769225397101,1.6897835503552805,1.0,0.0,0.0,1.359864229045669,0.0,1.3188350270818516,0.0,0.0,4.11187312512685,904.4335281070778,109.60126774294156,302.7106577576344,38.72523437118672
16,275.0,44.05869514158867,0.96,0.0,0.0,0.03,0.0,0.01,0.0,0.0,299.86,80.58,0.917094644167278,0.5467696096002566,54.44752176420495,41.09038753512687,896.9151120835945,124.1197526358315,0.986647821129344,0.0,0.0,0.0099111676297377,0.0,0.003441011240918,0.0,0.0,0.9158046146127328,0.0,0.0,0.0633173089189748,0.0,0.0208780764682921,0.0,0.0,3.709227336225028,1.7130011198959771,1.0,0.0,0.0,1.3519551617931345,0.0,1.311606446461953,0.0,0.0,4.11187312512685,904.4335281070778,109.60126774294156,302.7106577576344,38.72523437118672
16,275.0,45.542798944819566,0.96,0.0,0.0,0.03,0.0,0.01,0.0,0.0,299.86,80.58,0.917094644167278,0.5651873783174431,54.44752176420495,41.09038753512687,894.7484965065264,128.27728305909406,0.9828957378471558,0.0,0.0,0.0127153454983085,0.0,0.0043889166545355,0.0,0.0,0.8958778206581868,0.0,0.0,0.0784076871956504,0.0,0.0257144921461626,0.0,0.0,3.5998461540989646,1.7368710634654414,1.0,0.0,0.0,1.3441040678667615,0.0,1.304438591582287,0.0,0.0,4.11187312512685,904.4335281070778,109.60126774294156,302.7106577576344,38.72523437118672
16,275.0,47.02690274805046,0.96,0.0,0.0,0.03,0.0,0.01,0.0,0.0,299.86,80.58,0.917094644167278,0.5836051470346297,54.44752176420495,41.09038753512687,892.5473206728636,132.489105467674,0.9791265563025388,0.0,0.0,0.015540529086468,0.0,0.0053329146109932,0.0,0.0,0.8772344260851791,0.0,0.0,0.0925698839735349,0.0,0.0301956899412858,0.0,0.0,3.4916297564398526,1.761455486300593,1.0,0.0,0.0,1.336316809173417,0.0,1.2973261765745183,0.0,0.0,4.11187312512685,904.4335281070778,109.60126774294156,302.7106577576344,38.72523437118672
16,275.0,48.51100655128136,0.96,0.0,0.0,0.03,0.0,0.01,0.0,0.0,299.86,80.58,0.917094644167278,0.6020229157518163,54.44752176420495,41.09038753512687,890.3103580989643,136.7570304445881,0.9753396252061728,0.0,0.0,0.0183872146594812,0.0,0.0062731601343458,0.0,0.0,0.8597693842667016,0.0,0.0,0.105879078492115,0.0,0.0343515372411835,0.0,0.0,3.3845814810368378,1.7867706114460866,1.0,0.0,0.0,1.3285859570696934,0.0,1.290266727087261,0.0,0.0,4.11187312512685,904.4335281070778,109.60126774294156,302.7106577576344,38.72523437118672
16,275.0,49.995110354512256,0.96,0.0,0.0,0.03,0.0,0.01,0.0,0.0,299.86,80.58,0.917094644167278,0.6204406844690029,54.44752176420495,41.09038753512687,888.0363198352959,141.08296799386287,0.9715342630404268,0.0,0.0,0.0212559226979529,0.0,0.0072098142616204,0.0,0.0,0.8433893363886004,0.0,0.0,0.1184020637718495,0.0,0.0382085998395501,0.0,0.0,3.278708834866812,1.8128773162569656,1.0,0.0,0.0,1.3209172245548069,0.0,1.283262245962356,0.0,0.0,4.11187312512685,904.4335281070778,109.60126774294156,302.7106577576344,38.72523437118672
16,275.0,51.47921415774316,0.96,0.0,0.0,0.03,0.0,0.01,0.0,0.0,299.86,80.58,0.917094644167278,0.6388584531861896,54.44752176420495,41.09038753512687,885.7238501150454,145.46893680644004,0.9677097558811146,0.0,0.0,0.024147199826535,0.0,0.0081430442923504,0.0,0.0,0.8280110766651415,0.0,0.0,0.1301983467831982,0.0,0.0417905765516604,0.0,0.0,3.1740168423217496,1.8398031218883568,1.0,0.0,0.0,1.3133014318935723,0.0,1.2763125874494092,0.0,0.0,4.11187312512685,904.4335281070778,109.60126774294156,302.7106577576344,38.72523437118672
16,275.0,52.96331796097405,0.96,0.0,0.0,0.03,0.0,0.01,0.0,0.0,299.86,80.58,0.917094644167278,0.6572762219033762,54.44752176420495,41.09038753512687,883.3715181848737,149.91706456193037,0.9638653518595974,0.0,0.0,0.0270616232813035,0.0,0.0090730248590989,0.0,0.0,0.8135602069598533,0.0,0.0,0.1413211149177757,0.0,0.0451186781223708,0.0,0.0,3.0705114368176813,1.8676003728080743,1.0,0.0,0.0,1.305746570458799,0.0,1.2694136150443374,0.0,0.0,4.11187312512685,904.4335281070778,109.60126774294156,302.7106577576344,38.72523437118672
16,275.0,54.44742176420495,0.96,0.0,0.0,0.03,0.0,0.01,0.0,0.0,299.86,80.58,0.917094644167278,0.6756939906205628,54.44752176420495,41.09038753512687,880.9778152367473,154.42960623694898,0.9600002606793177,0.0,0.0,0.0299998015656642,0.0,0.0099999377550181,0.0,0.0,0.7999700851428696,0.0,0.0,0.1518179875156748,0.0,0.0482119273414554,0.0,0.0,2.9682003415930787,1.896322828506988,1.0,0.0,0.0,1.2982428308313394,0.0,1.2625650055108666,0.0,0.0,4.11187312512685,904.4335281070778,109.60126774294156,302.7106577576344,38.72523437118672
16,280.0,46.88264937044456,0.96,0.0,0.0,0.03,0.0,0.01,0.0,0.0,299.86,80.58,0.9337690922430468,0.581814958680126,59.70991612207271,46.88254937044455,863.0591348420543,137.55667240546856,0.9928971011372292,0.0,0.0,0.0052168126955251,0.0,0.0018860861672456,0.0,0.0,0.9599986857803222,0.0,0.0,0.0300009900736328,0.0,0.0100003241460449,0.0,0.0,2.9528220210284006,1.886182260691659,1.0,0.0,0.0,1.3017420994586213,0.0,1.2454909520413018,0.0,0.0,3.1449654870637134,867.6798743518019,129.30886906724652,302.7106577576344,44.02808165538378
16,280.0,48.30789012062546,0.96,0.0,0.0,0.03,0.0,0.01,0.0,0.0,299.86,80.58,0.9337690922430468,0.5995022353018796,59.70991612207271,46.88254937044455,860.6949793353398,141.75988381812817,0.9893242741535094,0.0,0.0,0.007859872481578,0.0,0.0028158533649124,0.0,0.0,0.9418087090050214,0.0,0.0,0.0437346111363286,0.0,0.0144566798586498,0.0,0.0,2.8584476638933904,1.9138216224795808,1.0,0.0,0.0,1.294722334509446,0.0,1.2393927368736066,0.0,0.0,3.1449654870637134,867.6798743518019,129.30886906724652,302.7106577576344,44.02808165538378
16,280.0,49.73313087080636,0.96,0.0,0.0,0.03,0.0,0.01,0.0,0.0,299.86,80.58,0.9337690922430468,0.6171895119236332,59.70991612207271,46.88254937044455,858.2908059443021,146.02251800231392,0.985732840622662,0.0,0.0,0.0105291757081952,0.0,0.0037379836691427,0.0,0.0,0.924686960569868,0.0,0.0,0.0567197079419267,0.0,0.0185933314882054,0.0,0.0,2.7651206659657044,1.942361020886093,1.0,0.0,0.0,1.287746594068485,0.0,1.2333340047133166,0.0,0.0,3.1449654870637134,867.6798743518019,129.30886906724652,302.7106577576344,44.02808165538378
16,280.0,51.15837162098728,0.96,0.0,0.0,0.03,0.0,0.01,0.0,0.0,299.86,80.58,0.9337690922430468,0.6348767885453869,59.70991612207271,46.88254937044455,855.8450181826627,150.34672297925982,0.9821220175196071,0.0,0.0,0.0132252680764305,0.0,0.0046527144039621,0.0,0.0,0.908555970648294,0.0,0.0,0.0690090913126817,0.0,0.0224349380390241,0.0,0.0,2.6728465362272686,1.971855712865888,1.0,0.0,0.0,1.2808093720463547,0.0,1.2273142179711345,0.0,0.0,3.1449654870637134,867.6798743518019,129.30886906724652,302.7106577576344,44.02808165538378
16,280.0,52.58361237116818,0.96,0.0,0.0,0.03,0.0,0.01,0.0,0.0,299.86,80.58,0.9337690922430468,0.6525640651671405,59.70991612207271,46.88254937044455,853.3559281016735,154.7347751819704,0.978490980062522,0.0,0.0,0.0159487301521936,0.0,0.0055602897852844,0.0,0.0,0.8933460928849357,0.0,0.0,0.0806502106496055,0.0,0.0260036964654587,0.0,0.0,2.581631954810136,2.0023604918411624,1.0,0.0,0.0,1.2739148913727234,0.0,1.2213325192926765,0.0,0.0,3.1449654870637134,867.6798743518019,129.30886906724652,302.7106577576344,44.02808165538378
16,280.0,54.00885312134909,0.96,0.0,0.0,0.03,0.0,0.01,0.0,0.0,299.86,80.58,0.9337690922430468,0.6702513417888941,59.70991612207271,46.88254937044455,850.8217494096107,159.18909158394044,0.9748388586556636,0.0,0.0,0.0187001801044949,0.0,0.0064609612398415,0.0,0.0,0.8789945841186492,0.0,0.0,0.0916857826643151,0.0,0.0293196332170357,0.0,0.0,2.4914851218592577,2.033946507649646,1.0,0.0,0.0,1.2670564918873255,0.0,1.2153881983093064,0.0,0.0,3.1449654870637134,867.6798743518019,129.30886906724652,302.7106577576344,44.02808165538378
16,280.0,55.43409387152999,0.96,0.0,0.0,0.03,0.0,0.01,0.0,0.0,299.86,80.58,0.9337690922430468,0.6879386184106476,59.70991612207271,46.88254937044455,848.2405849285121,163.71223382255403,0.9711647317431816,0.0,0.0,0.0214802795436826,0.0,0.0073549887131357,0.0,0.0,0.86544477963372,0.0,0.0,0.1021543574657015,0.0,0.0324008629005783,0.0,0.0,2.402417412724008,2.0666615087963054,1.0,0.0,0.0,1.2602375771919023,0.0,1.209480018738138,0.0,0.0,3.1449654870637134,867.6798743518019,129.30886906724652,302.7106577576344,44.02808165538378
16,280.0,56.8593346217109,0.96,0.0,0.0,0.03,0.0,0.01,0.0,0.0,299.86,80.58,0.9337690922430468,0.7056258950324014,59.70991612207271,46.88254937044455,845.6104204624597,168.30693148515255,0.9674676239464524,0.0,0.0,0.0242897354174686,0.0,0.0082426406360789,0.0,0.0,0.8526454517252751,0.0,0.0,0.1120907532546604,0.0,0.0352637950200645,0.0,0.0,2.3144360998595865,2.1013185184222523,1.0000000000381044,0.0,0.0,1.2536158188578377,0.0,1.2037514948292265,0.0,0.0,3.1449654870637134,867.6798743518019,129.30886906724652,302.7106577576344,44.02808165538378
16,280.0,58.284575371891805,0.96,0.0,0.0,0.03,0.0,0.01,0.0,0.0,299.86,80.58,0.9337690922430468,0.723313171654155,59.70991612207271,46.88254937044455,842.9291149941818,172.97609293737133,0.9637465015915988,0.0,0.0,0.027129303857805,0.0,0.009124194550596,0.0,0.0,0.8405502029330747,0.0,0.0,0.1215264716275346,0.0,0.0379233254393905,0.0,0.0,2.227542032012161,2.1358070709671133,1.0,0.0,0.0,1.2467072277538076,0.0,1.1977710427242287,0.0,0.0,3.1449654870637134,867.6798743518019,129.30886906724652,302.7106577576344,44.02808165538378
16,280.0,59.70981612207271,0.96,0.0,0.0,0.03,0.0,0.01,0.0,0.0,299.86,80.58,0.9337690922430468,0.7410004482759085,59.70991612207271,46.88254937044455,840.19438328222,177.7228176866681,0.960000262981788,0.0,0.0,0.0299997980865129,0.0,0.009999938931699,0.0,0.0,0.8291169423212424,0.0,0.0,0.130490055877772,0.0,0.0403930018009854,0.0,0.0,2.1417628035790437,2.1733893818816283,1.0000000000212128,0.0,0.0,1.2401949956886569,0.0,1.1921450554500772,0.0,0.0,3.1449654870637134,867.6798743518019,129.30886906724652,302.7106577576344,44.02808165538378
16,285.0,53.34612952401542,0.96,0.0,0.0,0.03,0.0,0.01,0.0,0.0,299.86,80.58,0.9504435403188154,0.6620269238522638,65.31343259700462,53.34602952401541,818.1389580279097,164.90707973649347,0.99126052918646,0.0,0.0,0.0063768325798554,0.0,0.0023626382336846,0.0,0.0,0.959998932027181,0.0,0.0,0.0300008070528989,0.0,0.01000026091992,0.0,0.0,2.038354210041049,2.201323506698529,1.0,0.0,0.0,1.237096233169193,0.0,1.1712897624973957,0.0,0.0,2.2410524707626744,824.9746819221486,153.77005765610247,302.7106577576344,49.86436423924916
16,285.0,54.67581875434755,0.96,0.0,0.0,0.03,0.0,0.01,0.0,0.0,299.86,80.58,0.9504435403188154,0.6785284035039408,65.31343259700462,53.34602952401541,815.440186292634,169.28189770978832,0.987885969509838,0.0,0.0,0.0088675483977547,0.0,0.0032464820924074,0.0,0.0,0.9461335060959976,0.0,0.0,0.0405082597618053,0.0,0.013358234142197,0.0,0.0,1.9626146939817628,2.2372267103390686,1.0,0.0,0.0,1.2309539309632462,0.0,1.1662997543524432,0.0,0.0,2.2410524707626744,824.9746819221486,153.77005765610247,302.7106577576344,49.86436423924916
16,285.0,56.00550798467968,0.96,0.0,0.0,0.03,0.0,0.01,0.0,0.0,299.86,80.58,0.9504435403188154,0.6950298831556178,65.31343259700462,53.34602952401541,812.6892244129251,173.72814319865162,0.9844894762054334,0.0,0.0,0.0113898723631708,0.0,0.0041206514313957,0.0,0.0,0.9329768085357502,0.0,0.0,0.0505355573179872,0.0,0.0164876341462626,0.0,0.0,1.8878138251500367,2.2745332733755026,1.0,0.0,0.0,1.2248363767993875,0.0,1.1613365776883295,0.0,0.0,2.2410524707626744,824.9746819221486,153.77005765610247,302.7106577576344,49.86436423924916
16,285.0,57.33519721501182,0.96,0.0,0.0,0.03,0.0,0.01,0.0,0.0,299.86,80.58,0.9504435403188154,0.7115313628072948,65.31343259700462,53.34602952401541,809.8836243099083,178.24881209927867,0.9810699784075414,0.0,0.0,0.0139445225413085,0.0,0.0049854990511499,0.0,0.0,0.9204882695752028,0.0,0.0,0.0601082272092962,0.0,0.019403503215501,0.0,0.0,1.813972848599909,2.3151967671607823,1.000000000006378,0.0,0.0,1.2190475908751743,0.0,1.1566504386385528,0.0,0.0,2.2410524707626744,824.9746819221486,153.77005765610247,302.7106577576344,49.86436423924916
16,285.0,58.66488644534395,0.96,0.0,0.0,0.03,0.0,0.01,0.0,0.0,299.86,80.58,0.9504435403188154,0.7280328424589719,65.31343259700462,53.34602952401541,807.020777184079,182.84714149007868,0.9776263406891812,0.0,0.0,0.0165322730070309,0.0,0.0058413863037875,0.0,0.0,0.9086309335369416,0.0,0.0,0.0692494718675654,0.0,0.022119594595493,0.0,0.0,1.7410711916661024,2.355863482405934,1.0000000000198643,0.0,0.0,1.2130029046853992,0.0,1.1517610093480382,0.0,0.0,2.2410524707626744,824.9746819221486,153.77005765610247,302.7106577576344,49.86436423924916
16,285.0,59.99457567567608,0.96,0.0,0.0,0.03,0.0,0.01,0.0,0.0,299.86,80.58,0.9504435403188154,0.7445343221106488,65.31343259700462,53.34602952401541,804.0978745464536,187.52656796193648,0.9741573428710416,0.0,0.0,0.0191539697261747,0.0,0.0066886874027836,0.0,0.0,0.8973709535248048,0.0,0.0,0.0779805102043698,0.0,0.0246485362708253,0.0,0.0,1.6691312746883824,2.395686082646108,1.0,0.0,0.0,1.2066015930271117,0.0,1.146586690826508,0.0,0.0,2.2410524707626744,824.9746819221486,153.77005765610247,302.7106577576344,49.86436423924916
16,285.0,61.32426490600822,0.96,0.0,0.0,0.03,0.0,0.01,0.0,0.0,299.86,80.58,0.9504435403188154,0.7610358017623259,65.31343259700462,53.34602952401541,801.1119166907326,192.29080513681097,0.9706616885011884,0.0,0.0,0.0218105250836316,0.0,0.0075277864151799,0.0,0.0,0.8866774452584006,0.0,0.0,0.0863206496600836,0.0,0.0270019050815158,0.0,0.0,1.5981958365533655,2.4425459023434426,1.0000000000005032,0.0,0.0,1.2009790130269993,0.0,1.1420585217334125,0.0,0.0,2.2410524707626744,824.9746819221486,153.77005765610247,302.7106577576344,49.86436423924916
16,285.0,62.653954136340346,0.96,0.0,0.0,0.03,0.0,0.01,0.0,0.0,299.86,80.58,0.9504435403188154,0.7775372814140028,65.31343259700462,53.34602952401541,798.0596566793927,197.1438361988364,0.9671379758853847,0.0,0.0,0.0245029407330825,0.0,0.0083590833815326,0.0,0.0,0.8765221424170593,0.0,0.0,0.0942875148329226,0.0,0.029190342750018,0.0,0.0,1.528239751395703,2.488839527767908,1.000000000000437,0.0,0.0,1.1949980925118855,0.0,1.1372448773534838,0.0,0.0,2.2410524707626744,824.9746819221486,153.77005765610247,302.7106577576344,49.86436423924916
16,285.0,63.98364336667248,0.96,0.0,0.0,0.03,0.0,0.01,0.0,0.0,299.86,80.58,0.9504435403188154,0.7940387610656798,65.31343259700462,53.34602952401541,794.9376129053757,202.08995950883656,0.9635847094973292,0.0,0.0,0.0272322998407329,0.0,0.0091829906619377,0.0,0.0,0.8668792121711604,0.0,0.0,0.1018971563796088,0.0,0.0312236314492307,0.0,0.0,1.4592890919432726,2.5373052267515166,1.0000000000005247,0.0,0.0,1.189036681296904,0.0,1.132454982175841,0.0,0.0,2.2410524707626744,824.9746819221486,153.77005765610247,302.7106577576344,49.86436423924916
16,285.0,65.31333259700462,0.96,0.0,0.0,0.03,0.0,0.01,0.0,0.0,299.86,80.58,0.9504435403188154,0.8105402407173569,65.31343259700462,53.34602952401541,791.742007464141,207.13381637250984,0.960000269260364,0.0,0.0,0.0299997915836095,0.0,0.0099999391560263,0.0,0.0,0.8577250436735135,0.0,0.0,0.1091641848160178,0.0,0.0331107715104687,0.0,0.0,1.3913614887596897,2.5881274766843148,1.0000000000004732,0.0,0.0,1.18309285725527,0.0,1.127689421750166,0.0,0.0,2.2410524707626744,824.9746819221486,153.77005765610247,302.7106577576344,49.86436423924916
16,290.0,60.60666783286037,0.96,0.0,0.0,0.03,0.0,0.01,0.0,0.0,299.86,80.58,0.967117988394584,0.7521304024926827,71.1620744736991,60.60656783286037,762.2412038353272,201.6049457813099,0.9888275568122394,0.0,0.0,0.0081183009527851,0.0,0.0030541422349754,0.0,0.0,0.959999156038929,0.0,0.0,0.0300006406128095,0.0,0.0100002033482613,0.0,0.0,1.2067119432451694,2.7202772219057865,1.0000000002492764,0.0,0.0,1.1714677941281435,0.0,1.1034666470164716,0.0,0.0,1.4167983026644004,773.2637021553837,185.44864903964933,302.7106577576344,56.27641671412855
16,290.0,61.77947968184245,0.96,0.0,0.0,0.03,0.0,0.01,0.0,0.0,299.86,80.58,0.967117988394584,0.7666850295587299,71.1620744736991,60.60656783286037,759.1007468700058,206.1739173651339,0.9857458993464876,0.0,0.0,0.0103961431143344,0.0,0.0038579575391779,0.0,0.0,0.9502619993020855,0.0,0.0,0.037414865158341,0.0,0.0123231355395733,0.0,0.0,1.1516667844362898,2.7726393800509244,1.0000000000283005,0.0,0.0,1.1662739412133034,0.0,1.0996399065767692,0.0,0.0,1.4167983026644004,773.2637021553837,185.44864903964933,302.7106577576344,56.27641671412855
16,290.0,62.95229153082454,0.96,0.0,0.0,0.03,0.0,0.01,0.0,0.0,299.86,80.58,0.967117988394584,0.7812396566247771,71.1620744736991,60.60656783286037,755.8872731724047,210.8329986582879,0.9826379515829474,0.0,0.0,0.0127094236491662,0.0,0.0046526247678863,0.0,0.0,0.9409551245269712,0.0,0.0,0.0445462310161745,0.0,0.0144986444568543,0.0,0.0,1.0974383289542775,2.827580658494213,1.0000000001858398,0.0,0.0,1.1610868035596282,0.0,1.095830494802487,0.0,0.0,1.4167983026644004,773.2637021553837,185.44864903964933,302.7106577576344,56.27641671412855
16,290.0,64.12510337980662,0.96,0.0,0.0,0.03,0.0,0.01,0.0,0.0,299.86,80.58,0.967117988394584,0.7957942836908243,71.1620744736991,60.60656783286037,752.5966292383022,215.5868646065825,0.9795021914785412,0.0,0.0,0.0150592098957875,0.0,0.0054385986256713,0.0,0.0,0.932061480954858,0.0,0.0,0.0514039303908646,0.0,0.0165345886542772,0.0,0.0,1.044037273071702,2.885326032853016,1.0000000000027474,0.0,0.0,1.1559071820865632,0.0,1.0920388937041683,0.0,0.0,1.4167983026644004,773.2637021553837,185.44864903964933,302.7106577576344,56.27641671412855
16,290.0,65.2979152287887,0.96,0.0,0.0,0.03,0.0,0.01,0.0,0.0,299.86,80.58,0.967117988394584,0.8103489107568714,71.1620744736991,60.60656783286037,749.2242993318292,220.4406000773983,0.9763369723776693,0.0,0.0,0.0174466761343238,0.0,0.0062163514880068,0.0,0.0,0.923565392672355,0.0,0.0,0.0579963395376639,0.0,0.018438267789981,0.0,0.0,0.9914753817939438,2.946116475153406,1.0000000000033142,0.0,0.0,1.150733237066091,0.0,1.0882644186246222,0.0,0.0,1.4167983026644004,773.2637021553837,185.44864903964933,302.7106577576344,56.27641671412855
16,290.0,66.47072707777077,0.96,0.0,0.0,0.03,0.0,0.01,0.0,0.0,299.86,80.58,0.967117988394584,0.8249035378229186,71.1620744736991,60.60656783286037,745.7653524470608,225.3997423701864,0.97314050446657,0.0,0.0,0.0198731191081993,0.0,0.0069863764252307,0.0,0.0,0.9154524690416632,0.0,0.0,0.0643310670596072,0.0,0.0202164638987297,0.0,0.0,0.9396016068155856,2.99256778533455,1.0,0.0,0.0,1.1442882959160734,0.0,1.0835788221760472,0.0,0.0,1.4167983026644004,773.2637021553837,185.44864903964933,302.7106577576344,56.27641671412855
16,290.0,67.64353892675285,0.96,0.0,0.0,0.03,0.0,0.01,0.0,0.0,299.86,80.58,0.967117988394584,0.8394581648889657,71.1620744736991,60.60656783286037,742.2144027800468,230.4703539748781,0.9699108423693492,0.0,0.0,0.0223399690691584,0.0,0.0077491885614921,0.0,0.0,0.9077095582326948,0.0,0.0,0.0704149704331561,0.0,0.0218754713341489,0.0,0.0,0.8889285734311754,3.078018632462573,1.000000000002044,0.0,0.0,1.140398811213073,0.0,1.0807699137561302,0.0,0.0,1.4167983026644004,773.2637021553837,185.44864903964933,302.7106577576344,56.27641671412855
16,290.0,68.81635077573495,0.96,0.0,0.0,0.03,0.0,0.01,0.0,0.0,299.86,80.58,0.967117988394584,0.854012791955013,71.1620744736991,60.60656783286037,738.5655082347834,235.6590704499972,0.9666458483882484,0.0,0.0,0.0248488196607372,0.0,0.0085053319510142,0.0,0.0,0.9003246637829946,0.0,0.0,0.0762542027295552,0.0,0.0234211334874502,0.0,0.0,0.8389762333303741,3.1498056851736296,1.000000000001653,0.0,0.0,1.1352362509236915,0.0,1.077048875781732,0.0,0.0,1.4167983026644004,773.2637021553837,185.44864903964933,302.7106577576344,56.27641671412855
16,290.0,69.98916262471703,0.96,0.0,0.0,0.03,0.0,0.01,0.0,0.0,299.86,80.58,0.967117988394584,0.8685674190210602,71.1620744736991,60.60656783286037,734.8121550117767,240.9731945639394,0.96334319106651,0.0,0.0,0.0274014309244116,0.0,0.0092553780090782,0.0,0.0,0.8932869199270383,0.0,0.0,0.0818542145411437,0.0,0.0248588655318179,0.0,0.0,0.7899343291772727,3.2260243619704854,1.000000000001331,0.0,0.0,1.1300749883280332,0.0,1.073346188157464,0.0,0.0,1.4167983026644004,773.2637021553837,185.44864903964933,302.7106577576344,56.27641671412855
16,290.0,71.1619744736991,0.96,0.0,0.0,0.03,0.0,0.01,0.0,0.0,299.86,80.58,0.967117988394584,0.8831220460871073,71.1620744736991,60.60656783286037,730.947086268392,246.4207977141405,0.9600002828164038,0.0,0.0,0.0299997795677796,0.0,0.0099999376158164,0.0,0.0,0.8865865650777626,0.0,0.0,0.0872197589669151,0.0,0.0261936759553222,0.0,0.0,0.7418196049441232,3.3071444837731065,1.0000000005372656,0.0,0.0,1.124914027204977,0.0,1.0696614543513343,0.0,0.0,1.4167983026644004,773.2637021553837,185.44864903964933,302.7106577576344,56.27641671412855
17,200.0,2.6127846062799693,0.97,0.0,0.0,0.0,0.0,0.0,0.0,0.03,303.59,75.8,0.658783227379031,0.0344694539087067,2.614933665643111,2.612684606279969,1208.078990015796,7.169222100517533,0.9645662051383552,0.0,0.0,0.0,0.0,0.0,0.0,0.0354337948616447,0.9701873050726644,0.0,0.0,0.0,0.0,0.0,0.0,0.0298126949273356,22.446259319735688,0.6827878855551773,1.0000000088528431,0.0,0.0,0.0,0.0,0.0,0.0,1.0012357799011369,22.539601137490653,1221.920496490378,7.249541730897533,302.7106577576344,2.6239816647333654
17,200.0,2.613012279542541,0.97,0.0,0.0,0.0,0.0,0.0,0.0,0.03,303.59,75.8,0.658783227379031,0.0344724575137538,2.614933665643111,2.612684606279969,1208.2938155834242,7.17056505083595,0.9651255359749724,0.0,0.0,0.0,0.0,0.0,0.0,0.0348744640250275,0.9706165842238724,0.0,0.0,0.0,0.0,0.0,0.0,0.0293834157761274,22.44740545303444,0.682788054885132,1.0000000088759258,0.0,0.0,0.0,0.0,0.0,0.0,1.0012548846536682,22.539601137490653,1221.920496490378,7.249541730897533,302.7106577576344,2.6239816647333654
17,200.0,2.613239952805112,0.97,0.0,0.0,0.0,0.0,0.0,0.0,0.03,303.59,75.8,0.658783227379031,0.0344754611188009,2.614933665643111,2.612684606279969,1208.5101548363218,7.171914621440879,0.9656885016404276,0.0,0.0,0.0,0.0,0.0,0.0,0.0343114983595725,0.9710498820322344,0.0,0.0,0.0,0.0,0.0,0.0,0.0289501179677654,22.44856917733268,0.6827880590118667,1.000000008898755,0.0,0.0,0.0,0.0,0.0,0.0,1.001274007981378,22.539601137490653,1221.920496490378,7.249541730897533,302.7106577576344,2.6239816647333654
17,200.0,2.613467626067683,0.97,0.0,0.0,0.0,0.0,0.0,0.0,0.03,303.59,75.8,0.658783227379031,0.034478464723848,2.614933665643111,2.612684606279969,1208.7280395648745,7.173270974981989,0.9662551787035032,0.0,0.0,0.0,0.0,0.0,0.0,0.0337448212964968,0.9714872980152198,0.0,0.0,0.0,0.0,0.0,0.0,0.0285127019847802,22.44975090116993,0.6827878940845835,1.0000000089213164,0.0,0.0,0.0,0.0,0.0,0.0,1.0012931512950145,22.539601137490653,1221.920496490378,7.249541730897533,302.7106577576344,2.6239816647333654
17,200.0,2.6136952993302542,0.97,0.0,0.0,0.0,0.0,0.0,0.0,0.03,303.59,75.8,0.658783227379031,0.0344814683288951,2.614933665643111,2.612684606279969,1208.9475111229765,7.174634281065846,0.966825668375582,0.0,0.0,0.0,0.0,0.0,0.0,0.0331743316244178,0.9719289359566956,0.0,0.0,0.0,0.0,0.0,0.0,0.0280710640433043,22.45095105491596,0.6827875561137837,1.000000008943606,0.0,0.0,0.0,0.0,0.0,0.0,1.001312316071512,22.539601137490653,1221.920496490378,7.249541730897533,302.7106577576344,2.6239816647333654
17,200.0,2.613922972592826,0.97,0.0,0.0,0.0,0.0,0.0,0.0,0.03,303.59,75.8,0.658783227379031,0.0344844719339422,2.614933665643111,2.612684606279969,1209.1686113423673,7.176004716238265,0.9674000728376488,0.0,0.0,0.0,0.0,0.0,0.0,0.0325999271623511,0.9723749038814732,0.0,0.0,0.0,0.0,0.0,0.0,0.027625096118527,22.452170079313515,0.6827870409291272,1.0000000089656085,0.0,0.0,0.0,0.0,0.0,0.0,1.0013318563074822,22.539601137490653,1221.920496490378,7.249541730897533,302.7106577576344,2.6239816647333654
17,200.0,2.614150645855397,0.97,0.0,0.0,0.0,0.0,0.0,0.0,0.03,303.59,75.8,0.658783227379031,0.0344874755389894,2.614933665643111,2.612684606279969,1209.3913834317575,7.177382464790544,0.9679784975677612,0.0,0.0,0.0,0.0,0.0,0.0,0.0320215024322388,0.9728253146262964,0.0,0.0,0.0,0.0,0.0,0.0,0.0271746853737035,22.453408443175395,0.6827863441981337,1.0000000089873204,0.0,0.0,0.0,0.0,0.0,0.0,1.0013516163380975,22.539601137490653,1221.920496490378,7.249541730897533,302.7106577576344,2.6239816647333654
17,200.0,2.6143783191179684,0.97,0.0,0.0,0.0,0.0,0.0,0.0,0.03,303.59,75.8,0.658783227379031,0.0344904791440365,2.614933665643111,2.612684606279969,1209.6158667617167,7.178767719358943,0.9685610377956808,0.0,0.0,0.0,0.0,0.0,0.0,0.0314389622043192,0.9732802860000366,0.0,0.0,0.0,0.0,0.0,0.0,0.0267197139999634,22.454666629591166,0.6827854613821295,1.000000009008727,0.0,0.0,0.0,0.0,0.0,0.0,1.0013714044025983,22.539601137490653,1221.920496490378,7.249541730897533,302.7106577576344,2.6239816647333654
17,200.0,2.61460599238054,0.97,0.0,0.0,0.0,0.0,0.0,0.0,0.03,303.59,75.8,0.658783227379031,0.0344934827490836,2.614933665643111,2.612684606279969,1209.84211120206,7.180160680495385,0.9691478157076044,0.0,0.0,0.0,0.0,0.0,0.0,0.0308521842923955,0.97373994085252,0.0,0.0,0.0,0.0,0.0,0.0,0.0262600591474798,22.45594514218984,0.682784387754932,1.0000000090298136,0.0,0.0,0.0,0.0,0.0,0.0,1.0013912223084929,22.539601137490653,1221.920496490378,7.249541730897533,302.7106577576344,2.6239816647333654
17,200.0,2.614833665643111,0.97,0.0,0.0,0.0,0.0,0.0,0.0,0.03,303.59,75.8,0.658783227379031,0.0344964863541307,2.614933665643111,2.612684606279969,1210.0701653904273,7.181561558615506,0.9697389499598053,0.0,0.0,0.0,0.0,0.0,0.0,0.0302610500401947,0.9742044079329204,0.0,0.0,0.0,0.0,0.0,0.0,0.0257955920670795,22.457244513176175,0.6827831183818497,1.0000000090505756,0.0,0.0,0.0,0.0,0.0,0.0,1.0014110719616451,22.539601137490653,1221.920496490378,7.249541730897533,302.7106577576344,2.6239816647333654
17,205.0,3.3371163994964275,0.97,0.0,0.0,0.0,0.0,0.0,0.0,0.03,303.59,75.8,0.6752528080635067,0.0440252823152563,3.3407601431342213,3.3370163994964277,1192.3983016175405,9.01316986030137,0.963669246720373,0.0,0.0,0.0,0.0,0.0,0.0,0.0363307532796269,0.970126692647022,0.0,0.0,0.0,0.0,0.0,0.0,0.0298733073529781,21.08417160825885,0.7103911673020193,1.0,0.0,0.0,0.0,0.0,0.0,0.0,1.0000387190490438,21.15779579629993,1206.2779501886548,9.12387059747945,302.7106577576344,3.35468958110042
17,205.0,3.337510148789516,0.97,0.0,0.0,0.0,0.0,0.0,0.0,0.03,303.59,75.8,0.6752528080635067,0.0440304768969593,3.3407601431342213,3.3370163994964277,1192.6483317977911,9.0153025659306,0.9643353775008376,0.0,0.0,0.0,0.0,0.0,0.0,0.0356646224991624,0.9706284308482294,0.0,0.0,0.0,0.0,0.0,0.0,0.0293715691517706,21.085153104279343,0.7103951991067448,1.0,0.0,0.0,0.0,0.0,0.0,0.0,1.0000440369616466,21.15779579629993,1206.2779501886548,9.12387059747945,302.7106577576344,3.35468958110042
17,205.0,3.337903898082604,0.97,0.0,0.0,0.0,0.0,0.0,0.0,0.03,303.59,75.8,0.6752528080635067,0.0440356714786623,3.3407601431342213,3.3370163994964277,1192.9000673763137,9.01744504103953,0.9650056084890972,0.0,0.0,0.0,0.0,0.0,0.0,0.0349943915109028,0.9711348563252188,0.0,0.0,0.0,0.0,0.0,0.0,0.0288651436747813,21.08615395811078,0.7103990241017286,1.0,0.0,0.0,0.0,0.0,0.0,0.0,1.0000493490312867,21.15779579629993,1206.2779501886548,9.12387059747945,302.7106577576344,3.35468958110042
17,205.0,3.338297647375692,0.97,0.0,0.0,0.0,0.0,0.0,0.0,0.03,303.59,75.8,0.6752528080635067,0.0440408660603653,3.3407601431342213,3.3370163994964277,1193.1535448484285,9.01959752122412,0.9656800283579886,0.0,0.0,0.0,0.0,0.0,0.0,0.0343199716420113,0.971646083332486,0.0,0.0,0.0,0.0,0.0,0.0,0.028353916667514,21.087174603996733,0.7104026376201169,1.0,0.0,0.0,0.0,0.0,0.0,0.0,1.0000546858722086,21.15779579629993,1206.2779501886548,9.12387059747945,302.7106577576344,3.35468958110042
17,205.0,3.3386913966687803,0.97,0.0,0.0,0.0,0.0,0.0,0.0,0.03,303.59,75.8,0.6752528080635067,0.0440460606420683,3.3407601431342213,3.3370163994964277,1193.4088094457047,9.021760251625802,0.966358748709344,0.0,0.0,0.0,0.0,0.0,0.0,0.033641251290656,0.972162230764683,0.0,0.0,0.0,0.0,0.0,0.0,0.0278377692353169,21.08821549159356,0.7104060348075784,1.0,0.0,0.0,0.0,0.0,0.0,0.0,1.0000601381201577,21.15779579629993,1206.2779501886548,9.12387059747945,302.7106577576344,3.35468958110042
17,205.0,3.339085145961868,0.97,0.0,0.0,0.0,0.0,0.0,0.0,0.03,303.59,75.8,0.6752528080635067,0.0440512552237713,3.3407601431342213,3.3370163994964277,1193.6659072652728,9.02393348762533,0.9670418830807268,0.0,0.0,0.0,0.0,0.0,0.0,0.032958116919273,0.972683422500571,0.0,0.0,0.0,0.0,0.0,0.0,0.0273165774994288,21.08927709083004,0.7104092106158298,1.0,0.0,0.0,0.0,0.0,0.0,0.0,1.0000655856879264,21.15779579629993,1206.2779501886548,9.12387059747945,302.7106577576344,3.35468958110042
17,205.0,3.339478895254957,0.97,0.0,0.0,0.0,0.0,0.0,0.0,0.03,303.59,75.8,0.6752528080635067,0.0440564498054743,3.3407601431342213,3.3370163994964277,1193.924885907525,9.02611749528896,0.9677295486265532,0.0,0.0,0.0,0.0,0.0,0.0,0.0322704513734467,0.9732097875951796,0.0,0.0,0.0,0.0,0.0,0.0,0.0267902124048202,21.09035988691923,0.7104121597784535,1.0,0.0,0.0,0.0,0.0,0.0,0.0,1.0000710641346156,21.15779579629993,1206.2779501886548,9.12387059747945,302.7106577576344,3.35468958110042
17,205.0,3.339872644548045,0.97,0.0,0.0,0.0,0.0,0.0,0.0,0.03,303.59,75.8,0.6752528080635067,0.0440616443871773,3.3407601431342213,3.3370163994964277,1194.1857899362035,9.02831255215432,0.9684218540546,0.0,0.0,0.0,0.0,0.0,0.0,0.0315781459453999,0.9737414607266192,0.0,0.0,0.0,0.0,0.0,0.0,0.0262585392733808,21.091464390813535,0.7104148768160166,1.0,0.0,0.0,0.0,0.0,0.0,0.0,1.000076658803776,21.15779579629993,1206.2779501886548,9.12387059747945,302.7106577576344,3.35468958110042
17,205.0,3.3402663938411328,0.97,0.0,0.0,0.0,0.0,0.0,0.0,0.03,303.59,75.8,0.6752528080635067,0.0440668389688803,3.3407601431342213,3.3370163994964277,1194.448673817135,9.030518948252457,0.9691189339550468,0.0,0.0,0.0,0.0,0.0,0.0,0.030881066044953,0.9742785825601884,0.0,0.0,0.0,0.0,0.0,0.0,0.0257214174398114,21.09259113567265,0.7104173560319935,1.0,0.0,0.0,0.0,0.0,0.0,0.0,1.0000822501602478,21.15779579629993,1206.2779501886548,9.12387059747945,302.7106577576344,3.35468958110042
17,205.0,3.340660143134221,0.97,0.0,0.0,0.0,0.0,0.0,0.0,0.03,303.59,75.8,0.6752528080635067,0.0440720335505833,3.3407601431342213,3.3370163994964277,1194.7135932452225,9.032736985913973,0.9698209257251336,0.0,0.0,0.0,0.0,0.0,0.0,0.0301790742748662,0.9748212998506576,0.0,0.0,0.0,0.0,0.0,0.0,0.0251787001493423,21.09374067306684,0.7104195913980021,1.0,0.0,0.0,0.0,0.0,0.0,0.0,1.0000878765542427,21.15779579629993,1206.2779501886548,9.12387059747945,302.7106577576344,3.35468958110042
17,210.0,4.207393879805965,0.97,0.0,0.0,0.0,0.0,0.0,0.0,0.03,303.59,75.8,0.6917223887479825,0.0555065155647224,4.213080261307508,4.207293879805965,1176.45265160065,11.205919574139177,0.9629241330863664,0.0,0.0,0.0,0.0,0.0,0.0,0.0370758669136336,0.9700896296232582,0.0,0.0,0.0,0.0,0.0,0.0,0.0299103703767418,19.739323923996945,0.7400206317756152,1.0,0.0,0.0,0.0,0.0,0.0,0.0,1.0,19.793904820804077,1190.2941504876192,11.354703713715036,302.7106577576344,4.233266563955471
17,210.0,4.208014588861691,0.97,0.0,0.0,0.0,0.0,0.0,0.0,0.03,303.59,75.8,0.6917223887479825,0.0555147043385447,4.213080261307508,4.207293879805965,1176.728855950861,11.209078048591818,0.9636777445341896,0.0,0.0,0.0,0.0,0.0,0.0,0.0363222554658103,0.9706488848891004,0.0,0.0,0.0,0.0,0.0,0.0,0.0293511151108996,19.740038734907973,0.7400295939302297,1.0,0.0,0.0,0.0,0.0,0.0,0.0,1.0,19.793904820804077,1190.2941504876192,11.354703713715036,302.7106577576344,4.233266563955471
17,210.0,4.208635297917419,0.97,0.0,0.0,0.0,0.0,0.0,0.0,0.03,303.59,75.8,0.6917223887479825,0.055522893112367,4.213080261307508,4.207293879805965,1177.006861556228,11.212249850953734,0.964435689193837,0.0,0.0,0.0,0.0,0.0,0.0,0.035564310806163,0.9712132472973364,0.0,0.0,0.0,0.0,0.0,0.0,0.0287867527026636,19.74077352920601,0.7400383153446015,1.0,0.0,0.0,0.0,0.0,0.0,0.0,1.0,19.793904820804077,1190.2941504876192,11.354703713715036,302.7106577576344,4.233266563955471
17,210.0,4.2092560069731455,0.97,0.0,0.0,0.0,0.0,0.0,0.0,0.03,303.59,75.8,0.6917223887479825,0.0555310818861892,4.213080261307508,4.207293879805965,1177.2867089902204,11.215435290996538,0.965198067206504,0.0,0.0,0.0,0.0,0.0,0.0,0.0348019327934958,0.9717828371987391,0.0,0.0,0.0,0.0,0.0,0.0,0.0282171628012607,19.74152872657305,0.7400467908207135,1.0,0.0,0.0,0.0,0.0,0.0,0.0,1.0,19.793904820804077,1190.2941504876192,11.354703713715036,302.7106577576344,4.233266563955471
17,210.0,4.209876716028873,0.97,0.0,0.0,0.0,0.0,0.0,0.0,0.03,303.59,75.8,0.6917223887479825,0.0555392706600115,4.213080261307508,4.207293879805965,1177.568444084657,11.218634690632006,0.9659649926449828,0.0,0.0,0.0,0.0,0.0,0.0,0.0340350073550171,0.9723577796748094,0.0,0.0,0.0,0.0,0.0,0.0,0.0276422203251905,19.74230476147312,0.7400550149545524,1.0,0.0,0.0,0.0,0.0,0.0,0.0,1.0,19.793904820804077,1190.2941504876192,11.354703713715036,302.7106577576344,4.233266563955471
17,210.0,4.2104974250846,0.97,0.0,0.0,0.0,0.0,0.0,0.0,0.03,303.59,75.8,0.6917223887479825,0.0555474594338337,4.213080261307508,4.207293879805965,1177.8521163501505,11.221848384716726,0.966736589157324,0.0,0.0,0.0,0.0,0.0,0.0,0.0332634108426759,0.9729382048492684,0.0,0.0,0.0,0.0,0.0,0.0,0.0270617951507316,19.74310208637474,0.7400629821328252,1.0,0.0,0.0,0.0,0.0,0.0,0.0,1.0,19.793904820804077,1190.2941504876192,11.354703713715036,302.7106577576344,4.233266563955471
17,210.0,4.211118134140327,0.97,0.0,0.0,0.0,0.0,0.0,0.0,0.03,303.59,75.8,0.6917223887479825,0.055555648207656,4.213080261307508,4.207293879805965,1178.1377659307964,11.225076721687984,0.9675129544673192,0.0,0.0,0.0,0.0,0.0,0.0,0.0324870455326807,0.9735242481611064,0.0,0.0,0.0,0.0,0.0,0.0,0.0264757518388937,19.743921173074032,0.7400706865333831,1.0,0.0,0.0,0.0,0.0,0.0,0.0,1.0,19.793904820804077,1190.2941504876192,11.354703713715036,302.7106577576344,4.233266563955471
17,210.0,4.211738843196054,0.97,0.0,0.0,0.0,0.0,0.0,0.0,0.03,303.59,75.8,0.6917223887479825,0.0555638369814782,4.213080261307508,4.207293879805965,1178.4254469682512,11.22832006448734,0.9682942239210068,0.0,0.0,0.0,0.0,0.0,0.0,0.0317057760789932,0.9741160506608658,0.0,0.0,0.0,0.0,0.0,0.0,0.0258839493391342,19.744762510274427,0.7400781220832543,1.0,0.0,0.0,0.0,0.0,0.0,0.0,1.0,19.793904820804077,1190.2941504876192,11.354703713715036,302.7106577576344,4.233266563955471
17,210.0,4.212359552251781,0.97,0.0,0.0,0.0,0.0,0.0,0.0,0.03,303.59,75.8,0.6917223887479825,0.0555720257553005,4.213080261307508,4.207293879805965,1178.7152114468051,11.231578791274448,0.9690805264935912,0.0,0.0,0.0,0.0,0.0,0.0,0.0309194735064087,0.9747137593736576,0.0,0.0,0.0,0.0,0.0,0.0,0.0252862406263425,19.74562661008552,0.7400852824730351,1.0,0.0,0.0,0.0,0.0,0.0,0.0,1.0,19.793904820804077,1190.2941504876192,11.354703713715036,302.7106577576344,4.233266563955471
17,210.0,4.212980261307508,0.97,0.0,0.0,0.0,0.0,0.0,0.0,0.03,303.59,75.8,0.6917223887479825,0.0555802145291228,4.213080261307508,4.207293879805965,1179.0071148001502,11.234853296371655,0.969872000009288,0.0,0.0,0.0,0.0,0.0,0.0,0.0301279999907119,0.9753175275970432,0.0,0.0,0.0,0.0,0.0,0.0,0.0246824724029567,19.74651400304894,0.7400921611213349,1.0,0.0,0.0,0.0,0.0,0.0,0.0,1.0,19.793904820804077,1190.2941504876192,11.354703713715036,302.7106577576344,4.233266563955471
17,215.0,5.2419485649554,0.97,0.0,0.0,0.0,0.0,0.0,0.0,0.03,303.59,75.8,0.7081919694324583,0.0691549942606253,5.250308506134376,5.2418485649554,1160.172880944922,13.793457549587194,0.9623110257177698,0.0,0.0,0.0,0.0,0.0,0.0,0.0376889742822302,0.9700656417145812,0.0,0.0,0.0,0.0,0.0,0.0,0.0299343582854188,18.411842642754905,0.771886917611814,1.0,0.0,0.0,0.0,0.0,0.0,0.0,1.0,18.4482052908898,1173.908539729092,13.989350648063478,302.7106577576344,5.278346606766283
17,215.0,5.242866336197508,0.97,0.0,0.0,0.0,0.0,0.0,0.0,0.03,303.59,75.8,0.7081919694324583,0.0691671020606531,5.250308506134376,5.2418485649554,1160.4678508363704,13.79791598801578,0.9631361368625058,0.0,0.0,0.0,0.0,0.0,0.0,0.0368638631374942,0.9706710004575636,0.0,0.0,0.0,0.0,0.0,0.0,0.0293289995424363,18.41222890936969,0.7719017389914163,1.0,0.0,0.0,0.0,0.0,0.0,0.0,1.0,18.4482052908898,1173.908539729092,13.989350648063478,302.7106577576344,5.278346606766283
17,215.0,5.243784107439617,0.97,0.0,0.0,0.0,0.0,0.0,0.0,0.03,303.59,75.8,0.7081919694324583,0.0691792098606809,5.250308506134376,5.2418485649554,1160.7646575386475,13.802391730834708,0.9639656686037098,0.0,0.0,0.0,0.0,0.0,0.0,0.0360343313962902,0.9712817043271148,0.0,0.0,0.0,0.0,0.0,0.0,0.028718295672885,18.412635050548957,0.7719162924016865,1.0,0.0,0.0,0.0,0.0,0.0,0.0,1.0,18.4482052908898,1173.908539729092,13.989350648063478,302.7106577576344,5.278346606766283
17,215.0,5.244701878681725,0.97,0.0,0.0,0.0,0.0,0.0,0.0,0.03,303.59,75.8,0.7081919694324583,0.0691913176607087,5.250308506134376,5.2418485649554,1161.0633476916958,13.806885162605465,0.9647997391584956,0.0,0.0,0.0,0.0,0.0,0.0,0.0352002608415042,0.9718978741740808,0.0,0.0,0.0,0.0,0.0,0.0,0.028102125825919,18.413061453726595,0.7719305723163885,1.0,0.0,0.0,0.0,0.0,0.0,0.0,1.0,18.4482052908898,1173.908539729092,13.989350648063478,302.7106577576344,5.278346606766283
17,215.0,5.2456196499238334,0.97,0.0,0.0,0.0,0.0,0.0,0.0,0.03,303.59,75.8,0.7081919694324583,0.0692034254607365,5.250308506134376,5.2418485649554,1161.3639583591737,13.81139668235378,0.965638439528746,0.0,0.0,0.0,0.0,0.0,0.0,0.0343615604712539,0.9725196354111956,0.0,0.0,0.0,0.0,0.0,0.0,0.0274803645888045,18.4135085200132,0.7719445730392117,1.0,0.0,0.0,0.0,0.0,0.0,0.0,1.0,18.4482052908898,1173.908539729092,13.989350648063478,302.7106577576344,5.278346606766283
17,215.0,5.246537421165942,0.97,0.0,0.0,0.0,0.0,0.0,0.0,0.03,303.59,75.8,0.7081919694324583,0.0692155332607644,5.250308506134376,5.2418485649554,1161.666536772639,13.815926704329836,0.96648188866059,0.0,0.0,0.0,0.0,0.0,0.0,0.0335181113394098,0.9731471182534714,0.0,0.0,0.0,0.0,0.0,0.0,0.0268528817465284,18.413976664721176,0.7719582886360975,1.0,0.0,0.0,0.0,0.0,0.0,0.0,1.0,18.4482052908898,1173.908539729092,13.989350648063478,302.7106577576344,5.278346606766283
17,215.0,5.247455192408051,0.97,0.0,0.0,0.0,0.0,0.0,0.0,0.03,303.59,75.8,0.7081919694324583,0.0692276410607922,5.250308506134376,5.2418485649554,1161.971131746176,13.820475659012343,0.9673302094005825,0.0,0.0,0.0,0.0,0.0,0.0,0.0326697905994177,0.9737804580350136,0.0,0.0,0.0,0.0,0.0,0.0,0.0262195419649864,18.414466321214093,0.7719717129588745,1.0,0.0,0.0,0.0,0.0,0.0,0.0,1.0,18.4482052908898,1173.908539729092,13.989350648063478,302.7106577576344,5.278346606766283
17,215.0,5.248372963650159,0.97,0.0,0.0,0.0,0.0,0.0,0.0,0.03,303.59,75.8,0.7081919694324583,0.06923974886082,5.250308506134376,5.2418485649554,1162.2777864182733,13.825043993762003,0.968183508272084,0.0,0.0,0.0,0.0,0.0,0.0,0.0318164917279158,0.9744197954187216,0.0,0.0,0.0,0.0,0.0,0.0,0.0255802045812783,18.41497793785188,0.7719848396412389,1.0,0.0,0.0,0.0,0.0,0.0,0.0,1.0,18.4482052908898,1173.908539729092,13.989350648063478,302.7106577576344,5.278346606766283
17,215.0,5.249290734892267,0.97,0.0,0.0,0.0,0.0,0.0,0.0,0.03,303.59,75.8,0.7081919694324583,0.0692518566608478,5.250308506134376,5.2418485649554,1162.58655403976,13.829632173913646,0.9690419194392772,0.0,0.0,0.0,0.0,0.0,0.0,0.0309580805607229,0.9750652767480428,0.0,0.0,0.0,0.0,0.0,0.0,0.0249347232519571,18.41551198207616,0.7719976620509165,1.0,0.0,0.0,0.0,0.0,0.0,0.0,1.0,18.4482052908898,1173.908539729092,13.989350648063478,302.7106577576344,5.278346606766283
17,215.0,5.250208506134376,0.97,0.0,0.0,0.0,0.0,0.0,0.0,0.03,303.59,75.8,0.7081919694324583,0.0692639644608756,5.250308506134376,5.2418485649554,1162.897487698688,13.834240683884396,0.9699055760316522,0.0,0.0,0.0,0.0,0.0,0.0,0.0300944239683477,0.9757170543650312,0.0,0.0,0.0,0.0,0.0,0.0,0.0242829456349687,18.41606893964199,0.7720101733001983,1.0,0.0,0.0,0.0,0.0,0.0,0.0,1.0,18.4482052908898,1173.908539729092,13.989350648063478,302.7106577576344,5.278346606766283
17,220.0,6.459945698477232,0.97,0.0,0.0,0.0,0.0,0.0,0.0,0.03,303.59,75.8,0.7246615501169341,0.0852235580274041,6.471686151298732,6.459845698477232,1143.4864670325842,16.826979087440012,0.961816197718634,0.0,0.0,0.0,0.0,0.0,0.0,0.0381838022813658,0.9700494301674416,0.0,0.0,0.0,0.0,0.0,0.0,0.0299505698325584,17.102072233935086,0.8062898917312694,1.0,0.0,0.0,0.0,0.0,0.0,0.0,1.0,17.121140165387374,1157.0541060432145,17.08052563899556,302.7106577576344,6.509407158415541
17,220.0,6.461239082124065,0.97,0.0,0.0,0.0,0.0,0.0,0.0,0.03,303.59,75.8,0.7246615501169341,0.0852406211362013,6.471686151298732,6.459845698477232,1143.7938547816482,16.8330511136422,0.9626989218265748,0.0,0.0,0.0,0.0,0.0,0.0,0.0373010781734252,0.9706916423273816,0.0,0.0,0.0,0.0,0.0,0.0,0.0293083576726184,17.102096384981127,0.806311676273991,1.0,0.0,0.0,0.0,0.0,0.0,0.0,1.0,17.121140165387374,1157.0541060432145,17.08052563899556,302.7106577576344,6.509407158415541
17,220.0,6.462532465770899,0.97,0.0,0.0,0.0,0.0,0.0,0.0,0.03,303.59,75.8,0.7246615501169341,0.0852576842449986,6.471686151298732,6.459845698477232,1144.1030754329952,16.839144832089755,0.9635860600558492,0.0,0.0,0.0,0.0,0.0,0.0,0.0364139399441509,0.9713392997835124,0.0,0.0,0.0,0.0,0.0,0.0,0.0286607002164874,17.10213981807434,0.8063331682668619,1.0,0.0,0.0,0.0,0.0,0.0,0.0,1.0,17.121140165387374,1157.0541060432145,17.08052563899556,302.7106577576344,6.509407158415541
17,220.0,6.463825849417732,0.97,0.0,0.0,0.0,0.0,0.0,0.0,0.03,303.59,75.8,0.7246615501169341,0.0852747473537959,6.471686151298732,6.459845698477232,1144.4141723692862,16.84526070159814,0.9644777233792222,0.0,0.0,0.0,0.0,0.0,0.0,0.0355222766207777,0.9719925201670576,0.0,0.0,0.0,0.0,0.0,0.0,0.0280074798329423,17.102202879356476,0.8063543619784597,1.0,0.0,0.0,0.0,0.0,0.0,0.0,1.0,17.121140165387374,1157.0541060432145,17.08052563899556,302.7106577576344,6.509407158415541
17,220.0,6.4651192330645655,0.97,0.0,0.0,0.0,0.0,0.0,0.0,0.03,303.59,75.8,0.7246615501169341,0.0852918104625932,6.471686151298732,6.459845698477232,1144.727181299405,16.851399197453034,0.9653740002726574,0.0,0.0,0.0,0.0,0.0,0.0,0.0346259997273425,0.9726514253494244,0.0,0.0,0.0,0.0,0.0,0.0,0.0273485746505757,17.102285926998604,0.8063752514724136,1.0,0.0,0.0,0.0,0.0,0.0,0.0,1.0,17.121140165387374,1157.0541060432145,17.08052563899556,302.7106577576344,6.509407158415541
17,220.0,6.466412616711398,0.97,0.0,0.0,0.0,0.0,0.0,0.0,0.03,303.59,75.8,0.7246615501169341,0.0853088735713904,6.471686151298732,6.459845698477232,1145.0421466376415,16.857560812239036,0.966275003691688,0.0,0.0,0.0,0.0,0.0,0.0,0.033724996308312,0.9733161416561226,0.0,0.0,0.0,0.0,0.0,0.0,0.0266838583438774,17.1023893315984,0.8063958306117265,1.0,0.0,0.0,0.0,0.0,0.0,0.0,1.0,17.121140165387374,1157.0541060432145,17.08052563899556,302.7106577576344,6.509407158415541
17,220.0,6.467706000358232,0.97,0.0,0.0,0.0,0.0,0.0,0.0,0.03,303.59,75.8,0.7246615501169341,0.0853259366801877,6.471686151298732,6.459845698477232,1145.3591141500476,16.86374605677284,0.967180849922104,0.0,0.0,0.0,0.0,0.0,0.0,0.0328191500778961,0.9739868001092182,0.0,0.0,0.0,0.0,0.0,0.0,0.0260131998907817,17.10251347762509,0.8064160930443621,1.0,0.0,0.0,0.0,0.0,0.0,0.0,1.0,17.121140165387374,1157.0541060432145,17.08052563899556,302.7106577576344,6.509407158415541
17,220.0,6.468999384005065,0.97,0.0,0.0,0.0,0.0,0.0,0.0,0.03,303.59,75.8,0.7246615501169341,0.085342999788985,6.471686151298732,6.459845698477232,1145.6781251169705,16.869955461123094,0.9680916418841916,0.0,0.0,0.0,0.0,0.0,0.0,0.0319083581158083,0.974663536678162,0.0,0.0,0.0,0.0,0.0,0.0,0.0253364633218382,17.102658763788185,0.8064360321854068,1.0,0.0,0.0,0.0,0.0,0.0,0.0,1.0,17.121140165387374,1157.0541060432145,17.08052563899556,302.7106577576344,6.509407158415541
17,220.0,6.470292767651899,0.97,0.0,0.0,0.0,0.0,0.0,0.0,0.03,303.59,75.8,0.7246615501169341,0.0853600628977823,6.471686151298732,6.459845698477232,1145.9992292552115,16.876189575363846,0.9690075060619964,0.0,0.0,0.0,0.0,0.0,0.0,0.0309924939380035,0.9753464925117838,0.0,0.0,0.0,0.0,0.0,0.0,0.0246535074882162,17.102825603529745,0.806455641215451,1.0,0.0,0.0,0.0,0.0,0.0,0.0,1.0,17.121140165387374,1157.0541060432145,17.08052563899556,302.7106577576344,6.509407158415541
17,220.0,6.471586151298732,0.97,0.0,0.0,0.0,0.0,0.0,0.0,0.03,303.59,75.8,0.7246615501169341,0.0853771260065795,6.471686151298732,6.459845698477232,1146.322476131891,16.88244897108924,0.969928567904944,0.0,0.0,0.0,0.0,0.0,0.0,0.0300714320950561,0.9760358142702226,0.0,0.0,0.0,0.0,0.0,0.0,0.0239641857297774,17.103014426200964,0.8064749130621813,1.0,0.0,0.0,0.0,0.0,0.0,0.0,1.0,17.121140165387374,1157.0541060432145,17.08052563899556,302.7106577576344,6.509407158415541
17,225.0,7.881345933402265,0.97,0.0,0.0,0.0,0.0,0.0,0.0,0.03,303.59,75.8,0.7411311308014099,0.1039755400184995,7.897239827874974,7.8812459334022655,1126.3144953337594,20.364084016631654,0.9614290974854413,0.0,0.0,0.0,0.0,0.0,0.0,0.0385709025145589,0.970038089787671,0.0,0.0,0.0,0.0,0.0,0.0,0.0299619102123289,15.810561796619702,0.843588974061396,1.0,0.0,0.0,0.0,0.0,0.0,0.0,1.0,15.813326197120771,1139.6555629264626,20.687604017864448,302.7106577576344,7.946729358776584
17,225.0,7.8831008105658995,0.97,0.0,0.0,0.0,0.0,0.0,0.0,0.03,303.59,75.8,0.7411311308014099,0.1039986914322678,7.897239827874974,7.8812459334022655,1126.6287199718624,20.37212475975123,0.9623570149705848,0.0,0.0,0.0,0.0,0.0,0.0,0.0376429850294153,0.9707093533589548,0.0,0.0,0.0,0.0,0.0,0.0,0.0292906466410453,15.810211273459345,0.8436191765035069,1.0,0.0,0.0,0.0,0.0,0.0,0.0,1.0,15.813326197120771,1139.6555629264626,20.687604017864448,302.7106577576344,7.946729358776584
17,225.0,7.884855687729534,0.97,0.0,0.0,0.0,0.0,0.0,0.0,0.03,303.59,75.8,0.7411311308014099,0.104021842846036,7.897239827874974,7.8812459334022655,1126.9447437567433,20.380191975598937,0.963289269276711,0.0,0.0,0.0,0.0,0.0,0.0,0.036710730723289,0.9713860554163471,0.0,0.0,0.0,0.0,0.0,0.0,0.0286139445836527,15.809879116571254,0.843649064569577,1.0,0.0,0.0,0.0,0.0,0.0,0.0,1.0,15.813326197120771,1139.6555629264626,20.687604017864448,302.7106577576344,7.946729358776584
17,225.0,7.886610564893168,0.97,0.0,0.0,0.0,0.0,0.0,0.0,0.03,303.59,75.8,0.7411311308014099,0.1040449942598043,7.897239827874974,7.8812459334022655,1127.262604006586,20.38828619537938,0.9642259559101778,0.0,0.0,0.0,0.0,0.0,0.0,0.035774044089822,0.972068307914706,0.0,0.0,0.0,0.0,0.0,0.0,0.0279316920852938,15.809565627562018,0.8436786324045678,1.0,0.0,0.0,0.0,0.0,0.0,0.0,1.0,15.813326197120771,1139.6555629264626,20.687604017864448,302.7106577576344,7.946729358776584
17,225.0,7.888365442056802,0.97,0.0,0.0,0.0,0.0,0.0,0.0,0.03,303.59,75.8,0.7411311308014099,0.1040681456735725,7.897239827874974,7.8812459334022655,1127.582341628687,20.396407968489218,0.965167180457532,0.0,0.0,0.0,0.0,0.0,0.0,0.0348328195424678,0.9727562266612904,0.0,0.0,0.0,0.0,0.0,0.0,0.0272437733387096,15.809271118980424,0.8437078739674121,1.0,0.0,0.0,0.0,0.0,0.0,0.0,1.0,15.813326197120771,1139.6555629264626,20.687604017864448,302.7106577576344,7.946729358776584
17,225.0,7.890120319220437,0.97,0.0,0.0,0.0,0.0,0.0,0.0,0.03,303.59,75.8,0.7411311308014099,0.1040912970873408,7.897239827874974,7.8812459334022655,1127.903990315326,20.404557863305257,0.966113026731549,0.0,0.0,0.0,0.0,0.0,0.0,0.0338869732684509,0.973449931481819,0.0,0.0,0.0,0.0,0.0,0.0,0.0265500685181809,15.808995913403695,0.843736783024147,1.0,0.0,0.0,0.0,0.0,0.0,0.0,1.0,15.813326197120771,1139.6555629264626,20.687604017864448,302.7106577576344,7.946729358776584
17,225.0,7.891875196384071,0.97,0.0,0.0,0.0,0.0,0.0,0.0,0.03,303.59,75.8,0.7411311308014099,0.1041144485011091,7.897239827874974,7.8812459334022655,1128.2275945817105,20.41273646813578,0.967063609906056,0.0,0.0,0.0,0.0,0.0,0.0,0.032936390093944,0.9741495464240932,0.0,0.0,0.0,0.0,0.0,0.0,0.0258504535759066,15.808740344421784,0.8437653531265482,1.0,0.0,0.0,0.0,0.0,0.0,0.0,1.0,15.813326197120771,1139.6555629264626,20.687604017864448,302.7106577576344,7.946729358776584
17,225.0,7.893630073547706,0.97,0.0,0.0,0.0,0.0,0.0,0.0,0.03,303.59,75.8,0.7411311308014099,0.1041375999148774,7.897239827874974,7.8812459334022655,1128.5531930301818,20.42094439230816,0.9680190271975818,0.0,0.0,0.0,0.0,0.0,0.0,0.0319809728024182,0.974855199981954,0.0,0.0,0.0,0.0,0.0,0.0,0.0251448000180458,15.808504757686984,0.8437935776174392,1.0,0.0,0.0,0.0,0.0,0.0,0.0,1.0,15.813326197120771,1139.6555629264626,20.687604017864448,302.7106577576344,7.946729358776584
17,225.0,7.89538495071134,0.97,0.0,0.0,0.0,0.0,0.0,0.0,0.03,303.59,75.8,0.7411311308014099,0.1041607513286456,7.897239827874974,7.8812459334022655,1128.8808312007016,20.42918226706113,0.96897939564887,0.0,0.0,0.0,0.0,0.0,0.0,0.03102060435113,0.9755670253002332,0.0,0.0,0.0,0.0,0.0,0.0,0.0244329746997667,15.808289510902556,0.843821449606957,1.0,0.0,0.0,0.0,0.0,0.0,0.0,1.0,15.813326197120771,1139.6555629264626,20.687604017864448,302.7106577576344,7.946729358776584
17,225.0,7.897139827874974,0.97,0.0,0.0,0.0,0.0,0.0,0.0,0.03,303.59,75.8,0.7411311308014099,0.1041839027424139,7.897239827874974,7.8812459334022655,1129.210554531833,20.437450746839257,0.9699448313895054,0.0,0.0,0.0,0.0,0.0,0.0,0.0300551686104946,0.9762851604291628,0.0,0.0,0.0,0.0,0.0,0.0,0.0237148395708372,15.80809497457303,0.8438489619676297,1.0,0.0,0.0,0.0,0.0,0.0,0.0,1.0,15.813326197120771,1139.6555629264626,20.687604017864448,302.7106577576344,7.946729358776584
17,230.0,9.526882643396052,0.97,0.0,0.0,0.0,0.0,0.0,0.0,0.03,303.59,75.8,0.7576007114858856,0.1256844675909769,9.547755703820586,9.526782643396054,1108.5688736001578,24.47037273699338,0.9611411283366802,0.0,0.0,0.0,0.0,0.0,0.0,0.0388588716633198,0.9700299283490182,0.0,0.0,0.0,0.0,0.0,0.0,0.0299700716509817,14.5380673872165,0.8842636037235536,1.0,0.0,0.0,0.0,0.0,0.0,0.0,1.0,14.525567486140844,1121.6270137216943,24.87830228106012,302.7106577576344,9.61137473881863
17,230.0,9.529190761221,0.97,0.0,0.0,0.0,0.0,0.0,0.0,0.03,303.59,75.8,0.7576007114858856,0.1257149176942084,9.547755703820586,9.526782643396054,1108.884948171397,24.48078188321008,0.9621029402306712,0.0,0.0,0.0,0.0,0.0,0.0,0.0378970597693287,0.9707234630847532,0.0,0.0,0.0,0.0,0.0,0.0,0.0292765369152466,14.53734570755524,0.8843036550835799,1.0,0.0,0.0,0.0,0.0,0.0,0.0,1.0,14.525567486140844,1121.6270137216943,24.87830228106012,302.7106577576344,9.61137473881863
17,230.0,9.53149887904595,0.97,0.0,0.0,0.0,0.0,0.0,0.0,0.03,303.59,75.8,0.7576007114858856,0.1257453677974399,9.547755703820586,9.526782643396054,1109.202766469588,24.491222647332297,0.9630689611327884,0.0,0.0,0.0,0.0,0.0,0.0,0.0369310388672117,0.9714223451475896,0.0,0.0,0.0,0.0,0.0,0.0,0.0285776548524104,14.536641233819209,0.8843433754841663,1.0,0.0,0.0,0.0,0.0,0.0,0.0,1.0,14.525567486140844,1121.6270137216943,24.87830228106012,302.7106577576344,9.61137473881863
17,230.0,9.533806996870895,0.97,0.0,0.0,0.0,0.0,0.0,0.0,0.03,303.59,75.8,0.7576007114858856,0.1257758179006714,9.547755703820586,9.526782643396054,1109.5223624765742,24.501695629707605,0.9640392788776956,0.0,0.0,0.0,0.0,0.0,0.0,0.0359607211223044,0.9721266792430304,0.0,0.0,0.0,0.0,0.0,0.0,0.0278733207569695,14.53595428278154,0.8843827594242611,1.0,0.0,0.0,0.0,0.0,0.0,0.0,1.0,14.525567486140844,1121.6270137216943,24.87830228106012,302.7106577576344,9.61137473881863
17,230.0,9.536115114695846,0.97,0.0,0.0,0.0,0.0,0.0,0.0,0.03,303.59,75.8,0.7576007114858856,0.125806268003903,9.547755703820586,9.526782643396054,1109.8437708192516,24.512201450096796,0.965013982764319,0.0,0.0,0.0,0.0,0.0,0.0,0.0349860172356809,0.972836573478304,0.0,0.0,0.0,0.0,0.0,0.0,0.027163426521696,14.535285091828095,0.8844218007218146,1.0,0.0,0.0,0.0,0.0,0.0,0.0,1.0,14.525567486140844,1121.6270137216943,24.87830228106012,302.7106577576344,9.61137473881863
17,230.0,9.538423232520794,0.97,0.0,0.0,0.0,0.0,0.0,0.0,0.03,303.59,75.8,0.7576007114858856,0.1258367181071344,9.547755703820586,9.526782643396054,1110.1670300856624,24.5227407486464,0.9659931735989958,0.0,0.0,0.0,0.0,0.0,0.0,0.0340068264010041,0.9735521395341922,0.0,0.0,0.0,0.0,0.0,0.0,0.0264478604658078,14.53463393658845,0.8844604931759605,1.0,0.0,0.0,0.0,0.0,0.0,0.0,1.0,14.525567486140844,1121.6270137216943,24.87830228106012,302.7106577576344,9.61137473881863
17,230.0,9.540731350345744,0.97,0.0,0.0,0.0,0.0,0.0,0.0,0.03,303.59,75.8,0.7576007114858856,0.125867168210366,9.547755703820586,9.526782643396054,1110.4921730947876,24.53331418677607,0.9669769341462228,0.0,0.0,0.0,0.0,0.0,0.0,0.0330230658537774,0.974273492819987,0.0,0.0,0.0,0.0,0.0,0.0,0.0257265071800129,14.534001101439989,0.8844988304111616,1.0,0.0,0.0,0.0,0.0,0.0,0.0,1.0,14.525567486140844,1121.6270137216943,24.87830228106012,302.7106577576344,9.61137473881863
17,230.0,9.54303946817069,0.97,0.0,0.0,0.0,0.0,0.0,0.0,0.03,303.59,75.8,0.7576007114858856,0.1258976183135975,9.547755703820586,9.526782643396054,1110.8192377498954,24.54392244814463,0.9679653620677232,0.0,0.0,0.0,0.0,0.0,0.0,0.0320346379322767,0.9750007526458284,0.0,0.0,0.0,0.0,0.0,0.0,0.0249992473541716,14.53338687967736,0.8845368058173052,1.0,0.0,0.0,0.0,0.0,0.0,0.0,1.0,14.525567486140844,1121.6270137216943,24.87830228106012,302.7106577576344,9.61137473881863
17,230.0,9.54534758599564,0.97,0.0,0.0,0.0,0.0,0.0,0.0,0.03,303.59,75.8,0.7576007114858856,0.125928068416829,9.547755703820586,9.526782643396054,1111.1482651531123,24.5545662399665,0.968958564130845,0.0,0.0,0.0,0.0,0.0,0.0,0.031041435869155,0.975734042440142,0.0,0.0,0.0,0.0,0.0,0.0,0.0242659575598579,14.532791575120676,0.88457441255134,1.0,0.0,0.0,0.0,0.0,0.0,0.0,1.0,14.525567486140844,1121.6270137216943,24.87830228106012,302.7106577576344,9.61137473881863
17,230.0,9.547655703820586,0.97,0.0,0.0,0.0,0.0,0.0,0.0,0.03,303.59,75.8,0.7576007114858856,0.1259585185200605,9.547755703820586,9.526782643396054,1111.4792963578766,24.5652462936306,0.9699566463446898,0.0,0.0,0.0,0.0,0.0,0.0,0.0300433536553102,0.9764734898918694,0.0,0.0,0.0,0.0,0.0,0.0,0.0235265101081305,14.532215500877522,0.8846116435730345,1.0,0.0,0.0,0.0,0.0,0.0,0.0,1.0,14.525567486140844,1121.6270137216943,24.87830228106012,302.7106577576344,9.61137473881863
17,235.0,11.418057501323611,0.97,0.0,0.0,0.0,0.0,0.0,0.0,0.03,303.59,75.8,0.7740702921703614,0.1506340039752455,11.444771778442412,11.417957501323611,1090.149154388495,29.221590170433544,0.9609451230618168,0.0,0.0,0.0,0.0,0.0,0.0,0.0390548769381833,0.9700239121470308,0.0,0.0,0.0,0.0,0.0,0.0,0.0299760878529693,13.285564819506172,0.928953714648118,1.0,0.0,0.0,0.0,0.0,0.0,0.0,1.0,13.258875583502968,1102.8688895247462,29.73094022392497,302.7106577576344,11.525181126674264
17,235.0,11.4210146432257,0.97,0.0,0.0,0.0,0.0,0.0,0.0,0.03,303.59,75.8,0.7740702921703614,0.1506730164013944,11.444771778442412,11.417957501323611,1090.4625672486663,29.23481631358958,0.9619304248281276,0.0,0.0,0.0,0.0,0.0,0.0,0.0380695751718724,0.970733677471803,0.0,0.0,0.0,0.0,0.0,0.0,0.029266322528197,13.284488022451152,0.9290056703621687,1.0,0.0,0.0,0.0,0.0,0.0,0.0,1.0,13.258875583502968,1102.8688895247462,29.73094022392497,302.7106577576344,11.525181126674264
17,235.0,11.423971785127788,0.97,0.0,0.0,0.0,0.0,0.0,0.0,0.03,303.59,75.8,0.7740702921703614,0.1507120288275434,11.444771778442412,11.417957501323611,1090.7776522624415,29.24807954987469,0.9629197709117464,0.0,0.0,0.0,0.0,0.0,0.0,0.0370802290882537,0.9714486317956452,0.0,0.0,0.0,0.0,0.0,0.0,0.0285513682043546,13.283427190147972,0.9290572811546056,1.0,0.0,0.0,0.0,0.0,0.0,0.0,1.0,13.258875583502968,1102.8688895247462,29.73094022392497,302.7106577576344,11.525181126674264
17,235.0,11.42692892702988,0.97,0.0,0.0,0.0,0.0,0.0,0.0,0.03,303.59,75.8,0.7740702921703614,0.1507510412536923,11.444771778442412,11.417957501323611,1091.0944400148974,29.26138054384248,0.963913241202241,0.0,0.0,0.0,0.0,0.0,0.0,0.0360867587977589,0.9721688715816642,0.0,0.0,0.0,0.0,0.0,0.0,0.0278311284183358,13.282382540271394,0.9291085412527124,1.0,0.0,0.0,0.0,0.0,0.0,0.0,1.0,13.258875583502968,1102.8688895247462,29.73094022392497,302.7106577576344,11.525181126674264
17,235.0,11.429886068931967,0.97,0.0,0.0,0.0,0.0,0.0,0.0,0.03,303.59,75.8,0.7740702921703614,0.1507900536798412,11.444771778442412,11.417957501323611,1091.4129617299343,29.274719980399773,0.9649109171056356,0.0,0.0,0.0,0.0,0.0,0.0,0.0350890828943643,0.97289449626139,0.0,0.0,0.0,0.0,0.0,0.0,0.0271055037386101,13.281354296626866,0.929159444718634,1.0,0.0,0.0,0.0,0.0,0.0,0.0,1.0,13.258875583502968,1102.8688895247462,29.73094022392497,302.7106577576344,11.525181126674264
17,235.0,11.432843210834056,0.97,0.0,0.0,0.0,0.0,0.0,0.0,0.03,303.59,75.8,0.7740702921703614,0.1508290661059902,11.444771778442412,11.417957501323611,1091.733249606607,29.288098565802308,0.9659128825837612,0.0,0.0,0.0,0.0,0.0,0.0,0.0340871174162388,0.973625608381528,0.0,0.0,0.0,0.0,0.0,0.0,0.0263743916184718,13.280342690580474,0.9292099854494552,1.0,0.0,0.0,0.0,0.0,0.0,0.0,1.0,13.258875583502968,1102.8688895247462,29.73094022392497,302.7106577576344,11.525181126674264
17,235.0,11.435800352736145,0.97,0.0,0.0,0.0,0.0,0.0,0.0,0.03,303.59,75.8,0.7740702921703614,0.1508680785321391,11.444771778442412,11.417957501323611,1092.0553402583307,29.30151702845549,0.9669192348994036,0.0,0.0,0.0,0.0,0.0,0.0,0.0330807651005964,0.974362313719604,0.0,0.0,0.0,0.0,0.0,0.0,0.0256376862803958,13.279347959897772,0.9292601571573648,1.0,0.0,0.0,0.0,0.0,0.0,0.0,1.0,13.258875583502968,1102.8688895247462,29.73094022392497,302.7106577576344,11.525181126674264
17,235.0,11.438757494638237,0.97,0.0,0.0,0.0,0.0,0.0,0.0,0.03,303.59,75.8,0.7740702921703614,0.150907090958288,11.444771778442412,11.417957501323611,1092.379261042492,29.31497612002477,0.9679300417837812,0.0,0.0,0.0,0.0,0.0,0.0,0.0320699582162187,0.975104721444716,0.0,0.0,0.0,0.0,0.0,0.0,0.024895278555284,13.27837035007818,0.9293099533820184,1.0,0.0,0.0,0.0,0.0,0.0,0.0,1.0,13.258875583502968,1102.8688895247462,29.73094022392497,302.7106577576344,11.525181126674264
17,235.0,11.441714636540324,0.97,0.0,0.0,0.0,0.0,0.0,0.0,0.03,303.59,75.8,0.7740702921703614,0.1509461033844369,11.444771778442412,11.417957501323611,1092.705050814123,29.328476616339152,0.9689454064243522,0.0,0.0,0.0,0.0,0.0,0.0,0.0310545935756477,0.9758529442604342,0.0,0.0,0.0,0.0,0.0,0.0,0.0241470557395656,13.277410114378895,0.9293593674594696,1.0,0.0,0.0,0.0,0.0,0.0,0.0,1.0,13.258875583502968,1102.8688895247462,29.73094022392497,302.7106577576344,11.525181126674264
17,235.0,11.444671778442412,0.97,0.0,0.0,0.0,0.0,0.0,0.0,0.03,303.59,75.8,0.7740702921703614,0.1509851158105859,11.444771778442412,11.417957501323611,1093.0327481703714,29.34201931867896,0.9699654305717552,0.0,0.0,0.0,0.0,0.0,0.0,0.0300345694282449,0.9766070985716808,0.0,0.0,0.0,0.0,0.0,0.0,0.0233929014283193,13.276467513690042,0.9294083925231086,1.0,0.0,0.0,0.0,0.0,0.0,0.0,1.0,13.258875583502968,1102.8688895247462,29.73094022392497,302.7106577576344,11.525181126674264
17,240.0,13.577157211991544,0.97,0.0,0.0,0.0,0.0,0.0,0.0,0.03,303.59,75.8,0.7905398728548372,0.1791181690236351,13.610590952896922,13.577057211991544,1070.9385029015666,34.706541235408984,0.9608351180005762,0.0,0.0,0.0,0.0,0.0,0.0,0.0391648819994238,0.9700193848044916,0.0,0.0,0.0,0.0,0.0,0.0,0.0299806151955083,12.054272787094748,0.978413731572318,1.0,0.0,0.0,0.0,0.0,0.0,0.0,1.0,12.014498351820745,1083.263844328595,35.3375257790447,302.7106577576344,13.710780754884407
17,240.0,13.580860960981031,0.97,0.0,0.0,0.0,0.0,0.0,0.0,0.03,303.59,75.8,0.7905398728548372,0.179167031147507,13.610590952896922,13.577057211991544,1071.2451252686617,34.723088008778255,0.961834229008376,0.0,0.0,0.0,0.0,0.0,0.0,0.0381657709916241,0.9707398751117112,0.0,0.0,0.0,0.0,0.0,0.0,0.0292601248882889,12.052866809283048,0.978480807945693,1.0,0.0,0.0,0.0,0.0,0.0,0.0,1.0,12.014498351820745,1083.263844328595,35.3375257790447,302.7106577576344,13.710780754884407
17,240.0,13.584564709970516,0.97,0.0,0.0,0.0,0.0,0.0,0.0,0.03,303.59,75.8,0.7905398728548372,0.1792158932713788,13.610590952896922,13.577057211991544,1071.5533358350954,34.739677641286,0.9628371919604152,0.0,0.0,0.0,0.0,0.0,0.0,0.0371628080395847,0.9714653422161604,0.0,0.0,0.0,0.0,0.0,0.0,0.0285346577838394,12.051475443325067,0.9785475243925696,1.0,0.0,0.0,0.0,0.0,0.0,0.0,1.0,12.014498351820745,1083.263844328595,35.3375257790447,302.7106577576344,13.710780754884407
17,240.0,13.588268458960004,0.97,0.0,0.0,0.0,0.0,0.0,0.0,0.03,303.59,75.8,0.7905398728548372,0.1792647553952507,13.610590952896922,13.577057211991544,1071.863161826605,34.756310855103926,0.9638440787642394,0.0,0.0,0.0,0.0,0.0,0.0,0.0361559212357605,0.9721958737794784,0.0,0.0,0.0,0.0,0.0,0.0,0.0278041262205217,12.050098868046875,0.9786138752285318,1.0,0.0,0.0,0.0,0.0,0.0,0.0,1.0,12.014498351820745,1083.263844328595,35.3375257790447,302.7106577576344,13.710780754884407
17,240.0,13.59197220794949,0.97,0.0,0.0,0.0,0.0,0.0,0.0,0.03,303.59,75.8,0.7905398728548372,0.1793136175191226,13.610590952896922,13.577057211991544,1072.1746310639533,34.77298839337102,0.9648549627872348,0.0,0.0,0.0,0.0,0.0,0.0,0.035145037212765,0.9729315600207232,0.0,0.0,0.0,0.0,0.0,0.0,0.0270684399792766,12.04873726946334,0.97867985460083,1.0,0.0,0.0,0.0,0.0,0.0,0.0,1.0,12.014498351820745,1083.263844328595,35.3375257790447,302.7106577576344,13.710780754884407
17,240.0,13.595675956938976,0.97,0.0,0.0,0.0,0.0,0.0,0.0,0.03,303.59,75.8,0.7905398728548372,0.1793624796429944,13.610590952896922,13.577057211991544,1072.4877721830765,34.78971102102016,0.9658699195575038,0.0,0.0,0.0,0.0,0.0,0.0,0.0341300804424962,0.9736724938169103,0.0,0.0,0.0,0.0,0.0,0.0,0.0263275061830895,12.047390837958908,0.9787454565041066,1.0,0.0,0.0,0.0,0.0,0.0,0.0,1.0,12.014498351820745,1083.263844328595,35.3375257790447,302.7106577576344,13.710780754884407
17,240.0,13.599379705928463,0.97,0.0,0.0,0.0,0.0,0.0,0.0,0.03,303.59,75.8,0.7905398728548372,0.1794113417668662,13.610590952896922,13.577057211991544,1072.8026173129265,34.80647952573527,0.9668890354382924,0.0,0.0,0.0,0.0,0.0,0.0,0.0331109645617076,0.9744187708195512,0.0,0.0,0.0,0.0,0.0,0.0,0.0255812291804488,12.046059769392375,0.9788106747796016,1.0,0.0,0.0,0.0,0.0,0.0,0.0,1.0,12.014498351820745,1083.263844328595,35.3375257790447,302.7106577576344,13.710780754884407
17,240.0,13.60308345491795,0.97,0.0,0.0,0.0,0.0,0.0,0.0,0.03,303.59,75.8,0.7905398728548372,0.1794602038907381,13.610590952896922,13.577057211991544,1073.1191914570288,34.82329471880667,0.967912373120017,0.0,0.0,0.0,0.0,0.0,0.0,0.032087626879983,0.9751704895637232,0.0,0.0,0.0,0.0,0.0,0.0,0.0248295104362766,12.04474426532032,0.9788755030806734,1.0,0.0,0.0,0.0,0.0,0.0,0.0,1.0,12.014498351820745,1083.263844328595,35.3375257790447,302.7106577576344,13.710780754884407
17,240.0,13.606787203907436,0.97,0.0,0.0,0.0,0.0,0.0,0.0,0.03,303.59,75.8,0.7905398728548372,0.1795090660146099,13.610590952896922,13.577057211991544,1073.437528621244,34.84015743634391,0.9689400239961256,0.0,0.0,0.0,0.0,0.0,0.0,0.0310599760038744,0.9759277516063414,0.0,0.0,0.0,0.0,0.0,0.0,0.0240722483936586,12.04344453373206,0.978939934902769,1.0,0.0,0.0,0.0,0.0,0.0,0.0,1.0,12.014498351820745,1083.263844328595,35.3375257790447,302.7106577576344,13.710780754884407
17,240.0,13.610490952896924,0.97,0.0,0.0,0.0,0.0,0.0,0.0,0.03,303.59,75.8,0.7905398728548372,0.1795579281384818,13.610590952896922,13.577057211991544,1073.757662464075,34.85706854005718,0.969972077729362,0.0,0.0,0.0,0.0,0.0,0.0,0.0300279222706378,0.9766906616344894,0.0,0.0,0.0,0.0,0.0,0.0,0.0233093383655106,12.042160788336442,0.979003963551034,1.0,0.0,0.0,0.0,0.0,0.0,0.0,1.0,12.014498351820745,1083.263844328595,35.3375257790447,302.7106577576344,13.710780754884407
17,245.0,16.027294889598394,0.97,0.0,0.0,0.0,0.0,0.0,0.0,0.03,303.59,75.8,0.807009453539313,0.21144188508705,16.068318012745156,16.027194889598395,1050.7982918335242,41.03112470539181,0.9608062726472624,0.0,0.0,0.0,0.0,0.0,0.0,0.0391937273527375,0.9700159158592784,0.0,0.0,0.0,0.0,0.0,0.0,0.0299840841407216,10.845688068674365,1.0336949182713164,1.0,0.0,0.0,0.0,0.0,0.0,0.0,1.0,10.793959502417948,1062.6711211462375,41.80803719266337,302.7106577576344,16.191644196077288
17,245.0,16.031841903281368,0.97,0.0,0.0,0.0,0.0,0.0,0.0,0.03,303.59,75.8,0.807009453539313,0.211501872074952,16.068318012745156,16.027194889598395,1051.0942996143729,41.05155938631025,0.9618100960617176,0.0,0.0,0.0,0.0,0.0,0.0,0.0381899039382823,0.9707419981358076,0.0,0.0,0.0,0.0,0.0,0.0,0.0292580018641925,10.84398680141883,1.0337799610109513,1.0,0.0,0.0,0.0,0.0,0.0,0.0,1.0,10.793959502417948,1062.6711211462375,41.80803719266337,302.7106577576344,16.191644196077288
17,245.0,16.03638891696434,0.97,0.0,0.0,0.0,0.0,0.0,0.0,0.03,303.59,75.8,0.807009453539313,0.2115618590628541,16.068318012745156,16.027194889598395,1051.3918000242293,41.07204294169777,0.962817551239966,0.0,0.0,0.0,0.0,0.0,0.0,0.0371824487600339,0.9714728015386634,0.0,0.0,0.0,0.0,0.0,0.0,0.0285271984613366,10.842298751325604,1.0338646344424065,1.0,0.0,0.0,0.0,0.0,0.0,0.0,1.0,10.793959502417948,1062.6711211462375,41.80803719266337,302.7106577576344,16.191644196077288
17,245.0,16.040935930647315,0.97,0.0,0.0,0.0,0.0,0.0,0.0,0.03,303.59,75.8,0.807009453539313,0.2116218460507561,16.068318012745156,16.027194889598395,1051.690818878527,41.09257614306231,0.9638287085333124,0.0,0.0,0.0,0.0,0.0,0.0,0.0361712914666876,0.9722084046824102,0.0,0.0,0.0,0.0,0.0,0.0,0.0277915953175897,10.840624064583832,1.0339489330824356,1.0,0.0,0.0,0.0,0.0,0.0,0.0,1.0,10.793959502417948,1062.6711211462375,41.80803719266337,302.7106577576344,16.191644196077288
17,245.0,16.04548294433029,0.97,0.0,0.0,0.0,0.0,0.0,0.0,0.03,303.59,75.8,0.807009453539313,0.2116818330386581,16.068318012745156,16.027194889598395,1051.9913806724498,41.11315978301153,0.9648436333151332,0.0,0.0,0.0,0.0,0.0,0.0,0.0351563666848667,0.972948888340454,0.0,0.0,0.0,0.0,0.0,0.0,0.0270511116595461,10.838962891844451,1.0340328512806765,1.0,0.0,0.0,0.0,0.0,0.0,0.0,1.0,10.793959502417948,1062.6711211462375,41.80803719266337,302.7106577576344,16.191644196077288
17,245.0,16.050029958013262,0.97,0.0,0.0,0.0,0.0,0.0,0.0,0.03,303.59,75.8,0.807009453539313,0.2117418200265602,16.068318012745156,16.027194889598395,1052.2935105787112,41.13379467610893,0.9658623927798712,0.0,0.0,0.0,0.0,0.0,0.0,0.0341376072201287,0.9736943355338388,0.0,0.0,0.0,0.0,0.0,0.0,0.0263056644661613,10.837315387336748,1.0341163832628255,1.0,0.0,0.0,0.0,0.0,0.0,0.0,1.0,10.793959502417948,1062.6711211462375,41.80803719266337,302.7106577576344,16.191644196077288
17,245.0,16.054576971696235,0.97,0.0,0.0,0.0,0.0,0.0,0.0,0.03,303.59,75.8,0.807009453539313,0.2118018070144622,16.068318012745156,16.027194889598395,1052.5972364890993,41.1544816597324,0.9668850628307704,0.0,0.0,0.0,0.0,0.0,0.0,0.0331149371692296,0.9744448316179828,0.0,0.0,0.0,0.0,0.0,0.0,0.0255551683820172,10.835681709563534,1.0341995231109131,1.0,0.0,0.0,0.0,0.0,0.0,0.0,1.0,10.793959502417948,1062.6711211462375,41.80803719266337,302.7106577576344,16.191644196077288
17,245.0,16.05912398537921,0.97,0.0,0.0,0.0,0.0,0.0,0.0,0.03,303.59,75.8,0.807009453539313,0.2118617940023642,16.068318012745156,16.027194889598395,1052.902580912282,41.17522159494011,0.9679117006438536,0.0,0.0,0.0,0.0,0.0,0.0,0.0320882993561464,0.975200464374872,0.0,0.0,0.0,0.0,0.0,0.0,0.024799535625128,10.834062021433704,1.034282264736327,1.0,0.0,0.0,0.0,0.0,0.0,0.0,1.0,10.793959502417948,1062.6711211462375,41.80803719266337,302.7106577576344,16.191644196077288
17,245.0,16.063670999062182,0.97,0.0,0.0,0.0,0.0,0.0,0.0,0.03,303.59,75.8,0.807009453539313,0.2119217809902662,16.068318012745156,16.027194889598395,1053.2095755924058,41.19601536749408,0.9689423941049032,0.0,0.0,0.0,0.0,0.0,0.0,0.0310576058950968,0.9759613241122508,0.0,0.0,0.0,0.0,0.0,0.0,0.0240386758877492,10.832456490329111,1.0343646019197117,1.0,0.0,0.0,0.0,0.0,0.0,0.0,1.0,10.793959502417948,1062.6711211462375,41.80803719266337,302.7106577576344,16.191644196077288
17,245.0,16.068218012745156,0.97,0.0,0.0,0.0,0.0,0.0,0.0,0.03,303.59,75.8,0.807009453539313,0.2119817679781682,16.068318012745156,16.027194889598395,1053.5182427216134,41.2168638887844,0.9699771983063452,0.0,0.0,0.0,0.0,0.0,0.0,0.0300228016936547,0.9767275037647548,0.0,0.0,0.0,0.0,0.0,0.0,0.0232724962352452,10.830865288451212,1.0344465282455646,1.0,0.0,0.0,0.0,0.0,0.0,0.0,1.0,10.793959502417948,1062.6711211462375,41.80803719266337,302.7106577576344,16.191644196077288
17,250.0,18.79248063986842,0.97,0.0,0.0,0.0,0.0,0.0,0.0,0.03,303.59,75.8,0.8234790342237888,0.2479219081776836,18.841924526833072,18.79238063986842,1029.560594543613,48.3240386331224,0.960854919254122,0.0,0.0,0.0,0.0,0.0,0.0,0.0391450807458781,0.9700132151382762,0.0,0.0,0.0,0.0,0.0,0.0,0.0299867848617238,9.661635868276184,1.0961466883019184,1.0,0.0,0.0,0.0,0.0,0.0,0.0,1.0,9.599114364038009,1040.9186176418627,49.27650279185157,302.7106577576344,18.99215487266697
17,250.0,18.7979632939756,0.97,0.0,0.0,0.0,0.0,0.0,0.0,0.03,303.59,75.8,0.8234790342237888,0.2479942387068021,18.841924526833072,18.79238063986842,1029.8423864300703,48.34900423560743,0.961854781059506,0.0,0.0,0.0,0.0,0.0,0.0,0.038145218940494,0.9707399876441106,0.0,0.0,0.0,0.0,0.0,0.0,0.0292600123558894,9.659679769476794,1.0962539344134734,1.0,0.0,0.0,0.0,0.0,0.0,0.0,1.0,9.599114364038009,1040.9186176418627,49.27650279185157,302.7106577576344,18.99215487266697
17,250.0,18.803445948082786,0.97,0.0,0.0,0.0,0.0,0.0,0.0,0.03,303.59,75.8,0.8234790342237888,0.2480665692359206,18.841924526833072,18.79238063986842,1030.1255698476734,48.374024936740405,0.9628580450975942,0.0,0.0,0.0,0.0,0.0,0.0,0.0371419549024058,0.97147119031347,0.0,0.0,0.0,0.0,0.0,0.0,0.02852880968653,9.657735483233136,1.0963608038752086,1.0,0.0,0.0,0.0,0.0,0.0,0.0,1.0,9.599114364038009,1040.9186176418627,49.27650279185157,302.7106577576344,18.99215487266697
17,250.0,18.80892860218997,0.97,0.0,0.0,0.0,0.0,0.0,0.0,0.03,303.59,75.8,0.8234790342237888,0.2481388997650391,18.841924526833072,18.79238063986842,1030.410166913979,48.39910154725187,0.9638647723082796,0.0,0.0,0.0,0.0,0.0,0.0,0.0361352276917204,0.9722068926863376,0.0,0.0,0.0,0.0,0.0,0.0,0.0277931073136623,9.655803126578714,1.096467291449538,1.0,0.0,0.0,0.0,0.0,0.0,0.0,1.0,9.599114364038009,1040.9186176418627,49.27650279185157,302.7106577576344,18.99215487266697
17,250.0,18.814411256297152,0.97,0.0,0.0,0.0,0.0,0.0,0.0,0.03,303.59,75.8,0.8234790342237888,0.2482112302941577,18.841924526833072,18.79238063986842,1030.6961989340766,48.42423489873664,0.9648750202681466,0.0,0.0,0.0,0.0,0.0,0.0,0.0351249797318532,0.9729471660985164,0.0,0.0,0.0,0.0,0.0,0.0,0.0270528339014835,9.653882819169423,1.0965733917768865,1.0,0.0,0.0,0.0,0.0,0.0,0.0,1.0,9.599114364038009,1040.9186176418627,49.27650279185157,302.7106577576344,18.99215487266697
17,250.0,18.81989391040434,0.97,0.0,0.0,0.0,0.0,0.0,0.0,0.03,303.59,75.8,0.8234790342237888,0.2482835608232762,18.841924526833072,18.79238063986842,1030.9836893140543,48.44942584445174,0.965888853558624,0.0,0.0,0.0,0.0,0.0,0.0,0.0341111464413761,0.9736920837524362,0.0,0.0,0.0,0.0,0.0,0.0,0.0263079162475638,9.651974683805287,1.0966790993734756,1.0,0.0,0.0,0.0,0.0,0.0,0.0,1.0,9.599114364038009,1040.9186176418627,49.27650279185157,302.7106577576344,18.99215487266697
17,250.0,18.82537656451152,0.97,0.0,0.0,0.0,0.0,0.0,0.0,0.03,303.59,75.8,0.8234790342237888,0.2483558913523947,18.841924526833072,18.79238063986842,1031.2726573525272,48.47467526018228,0.9669063216933,0.0,0.0,0.0,0.0,0.0,0.0,0.0330936783066998,0.9744417207854292,0.0,0.0,0.0,0.0,0.0,0.0,0.0255582792145706,9.650078846200808,1.096784408628895,1.0,0.0,0.0,0.0,0.0,0.0,0.0,1.0,9.599114364038009,1040.9186176418627,49.27650279185157,302.7106577576344,18.99215487266697
17,250.0,18.830859218618706,0.97,0.0,0.0,0.0,0.0,0.0,0.0,0.03,303.59,75.8,0.8234790342237888,0.2484282218815132,18.841924526833072,18.79238063986842,1031.5631276473205,48.499984044899335,0.9679274925319424,0.0,0.0,0.0,0.0,0.0,0.0,0.0320725074680575,0.9751961543396978,0.0,0.0,0.0,0.0,0.0,0.0,0.0248038456603022,9.648195435509392,1.096889313797267,1.0,0.0,0.0,0.0,0.0,0.0,0.0,1.0,9.599114364038009,1040.9186176418627,49.27650279185157,302.7106577576344,18.99215487266697
17,250.0,18.83634187272589,0.97,0.0,0.0,0.0,0.0,0.0,0.0,0.03,303.59,75.8,0.8234790342237888,0.2485005524106318,18.841924526833072,18.79238063986842,1031.8551256607118,48.52535312187328,0.9689524364561832,0.0,0.0,0.0,0.0,0.0,0.0,0.0310475635438167,0.9759554636424298,0.0,0.0,0.0,0.0,0.0,0.0,0.0240445363575702,9.646324584175137,1.0969938089942195,1.0,0.0,0.0,0.0,0.0,0.0,0.0,1.0,9.599114364038009,1040.9186176418627,49.27650279185157,302.7106577576344,18.99215487266697
17,250.0,18.841824526833072,0.97,0.0,0.0,0.0,0.0,0.0,0.0,0.03,303.59,75.8,0.8234790342237888,0.2485728829397503,18.841924526833072,18.79238063986842,1032.1486708803802,48.5507834393516,0.9699812022113746,0.0,0.0,0.0,0.0,0.0,0.0,0.0300187977886253,0.976719730079416,0.0,0.0,0.0,0.0,0.0,0.0,0.023280269920584,9.644466428119204,1.0970978881970332,1.0,0.0,0.0,0.0,0.0,0.0,0.0,1.0,9.599114364038009,1040.9186176418627,49.27650279185157,302.7106577576344,18.99215487266697
17,255.0,21.89772761795882,0.97,0.0,0.0,0.0,0.0,0.0,0.0,0.03,303.59,75.8,0.8399486149082646,0.2888882271498525,21.95634703872934,21.897627617958825,1007.0173689649585,56.745069463268926,0.9609786276201456,0.0,0.0,0.0,0.0,0.0,0.0,0.0390213723798541,0.9700110823176712,0.0,0.0,0.0,0.0,0.0,0.0,0.0299889176823286,8.504342588091946,1.167596473825815,1.0,0.0,0.0,0.0,0.0,0.0,0.0,1.0,8.432227805456346,1017.7913832278248,57.90987351738985,302.7106577576344,22.13772066860631
17,255.0,21.904229775822213,0.97,0.0,0.0,0.0,0.0,0.0,0.0,0.03,303.59,75.8,0.8399486149082646,0.2889740075965991,21.95634703872934,21.897627617958825,1007.2814954621967,56.77530186177514,0.9619661521290376,0.0,0.0,0.0,0.0,0.0,0.0,0.0380338478709624,0.9707337386032816,0.0,0.0,0.0,0.0,0.0,0.0,0.0292662613967183,8.50217776074209,1.1677328596001602,1.0,0.0,0.0,0.0,0.0,0.0,0.0,1.0,8.432227805456346,1017.7913832278248,57.90987351738985,302.7106577576344,22.13772066860631
17,255.0,21.910731933685604,0.97,0.0,0.0,0.0,0.0,0.0,0.0,0.03,303.59,75.8,0.8399486149082646,0.2890597880433457,21.95634703872934,21.897627617958825,1007.5469054976104,56.80559575725282,0.96295683398321,0.0,0.0,0.0,0.0,0.0,0.0,0.0370431660167898,0.9714605052001888,0.0,0.0,0.0,0.0,0.0,0.0,0.0285394947998112,8.500023356653307,1.167868859588245,1.0,0.0,0.0,0.0,0.0,0.0,0.0,1.0,8.432227805456346,1017.7913832278248,57.90987351738985,302.7106577576344,22.13772066860631
17,255.0,21.917234091548995,0.97,0.0,0.0,0.0,0.0,0.0,0.0,0.03,303.59,75.8,0.8399486149082646,0.2891455684900922,21.95634703872934,21.897627617958825,1007.8136178380116,56.8359519876701,0.9639507255156248,0.0,0.0,0.0,0.0,0.0,0.0,0.0360492744843752,0.9721914427090212,0.0,0.0,0.0,0.0,0.0,0.0,0.0278085572909788,8.497879466625674,1.1680044687954685,1.0,0.0,0.0,0.0,0.0,0.0,0.0,1.0,8.432227805456346,1017.7913832278248,57.90987351738985,302.7106577576344,22.13772066860631
17,255.0,21.923736249412386,0.97,0.0,0.0,0.0,0.0,0.0,0.0,0.03,303.59,75.8,0.8399486149082646,0.2892313489368389,21.95634703872934,21.897627617958825,1008.0816507658748,56.866371411261234,0.9649478767890318,0.0,0.0,0.0,0.0,0.0,0.0,0.0350521232109681,0.9729266132002194,0.0,0.0,0.0,0.0,0.0,0.0,0.0270733867997805,8.49574618188664,1.1681396821282042,1.0,0.0,0.0,0.0,0.0,0.0,0.0,1.0,8.432227805456346,1017.7913832278248,57.90987351738985,302.7106577576344,22.13772066860631
17,255.0,21.930238407275777,0.97,0.0,0.0,0.0,0.0,0.0,0.0,0.03,303.59,75.8,0.8399486149082646,0.2893171293835854,21.95634703872934,21.897627617958825,1008.351024141311,56.89685490722679,0.9659483433504704,0.0,0.0,0.0,0.0,0.0,0.0,0.0340516566495294,0.9736660802645224,0.0,0.0,0.0,0.0,0.0,0.0,0.0263339197354774,8.493623595845364,1.1682744943931014,1.0,0.0,0.0,0.0,0.0,0.0,0.0,1.0,8.432227805456346,1017.7913832278248,57.90987351738985,302.7106577576344,22.13772066860631
17,255.0,21.936740565139168,0.97,0.0,0.0,0.0,0.0,0.0,0.0,0.03,303.59,75.8,0.8399486149082646,0.289402909830332,21.95634703872934,21.897627617958825,1008.6217548551784,56.92740337652283,0.96695216914328,0.0,0.0,0.0,0.0,0.0,0.0,0.0330478308567198,0.9744099090718688,0.0,0.0,0.0,0.0,0.0,0.0,0.0255900909281313,8.491511808187227,1.1684089002737132,1.0,0.0,0.0,0.0,0.0,0.0,0.0,1.0,8.432227805456346,1017.7913832278248,57.90987351738985,302.7106577576344,22.13772066860631
17,255.0,21.94324272300256,0.97,0.0,0.0,0.0,0.0,0.0,0.0,0.03,303.59,75.8,0.8399486149082646,0.2894886902770786,21.95634703872934,21.897627617958825,1008.893863718624,56.95801774245366,0.9679594123722686,0.0,0.0,0.0,0.0,0.0,0.0,0.0320405876277315,0.9751581664139496,0.0,0.0,0.0,0.0,0.0,0.0,0.0248418335860503,8.48941092133653,1.168542894315712,1.0,0.0,0.0,0.0,0.0,0.0,0.0,1.0,8.432227805456346,1017.7913832278248,57.90987351738985,302.7106577576344,22.13772066860631
17,255.0,21.94974488086595,0.97,0.0,0.0,0.0,0.0,0.0,0.0,0.03,303.59,75.8,0.8399486149082646,0.2895744707238252,21.95634703872934,21.897627617958825,1009.167372291432,56.98869895171252,0.9689701335335082,0.0,0.0,0.0,0.0,0.0,0.0,0.0310298664664916,0.9759109207755466,0.0,0.0,0.0,0.0,0.0,0.0,0.0240890792244533,8.487321038572256,1.1686764709431483,1.0,0.0,0.0,0.0,0.0,0.0,0.0,1.0,8.432227805456346,1017.7913832278248,57.90987351738985,302.7106577576344,22.13772066860631
17,255.0,21.95624703872934,0.97,0.0,0.0,0.0,0.0,0.0,0.0,0.03,303.59,75.8,0.8399486149082646,0.2896602511705718,21.95634703872934,21.897627617958825,1009.4422974677184,57.01944797492721,0.9699843752085548,0.0,0.0,0.0,0.0,0.0,0.0,0.0300156247914451,0.9766682423852784,0.0,0.0,0.0,0.0,0.0,0.0,0.0233317576147215,8.485242265605297,1.168809624364785,1.0,0.0,0.0,0.0,0.0,0.0,0.0,1.0,8.432227805456346,1017.7913832278248,57.90987351738985,302.7106577576344,22.13772066860631
17,260.0,25.369202475934465,0.97,0.0,0.0,0.0,0.0,0.0,0.0,0.03,303.59,75.8,0.8564181955927402,0.3346860484951776,25.43762596170008,25.369102475934465,982.9043893577604,66.49752987286325,0.9611764500563876,0.0,0.0,0.0,0.0,0.0,0.0,0.0388235499436124,0.97000937617898,0.0,0.0,0.0,0.0,0.0,0.0,0.0299906238210199,7.376539272064082,1.2505932680593383,1.0,0.0,0.0,0.0,0.0,0.0,0.0,1.0,7.29608565520892,993.0143761526203,67.92140682303575,302.7106577576344,25.654931900849267
17,260.0,25.376793974352868,0.97,0.0,0.0,0.0,0.0,0.0,0.0,0.03,303.59,75.8,0.8564181955927402,0.3347862001893518,25.43762596170008,25.369102475934465,983.1474635524028,66.53388239534654,0.9621433829022388,0.0,0.0,0.0,0.0,0.0,0.0,0.0378566170977611,0.9707230594316496,0.0,0.0,0.0,0.0,0.0,0.0,0.0292769405683503,7.374216986857105,1.2507669914851107,1.0,0.0,0.0,0.0,0.0,0.0,0.0,1.0,7.29608565520892,993.0143761526203,67.92140682303575,302.7106577576344,25.654931900849267
17,260.0,25.384385472771267,0.97,0.0,0.0,0.0,0.0,0.0,0.0,0.03,303.59,75.8,0.8564181955927402,0.3348863518835259,25.43762596170008,25.369102475934465,983.3917072596848,66.57030296630361,0.9631132144960132,0.0,0.0,0.0,0.0,0.0,0.0,0.0368867855039867,0.9714405091957772,0.0,0.0,0.0,0.0,0.0,0.0,0.0285594908042228,7.371903764812296,1.25094032216815,1.0,0.0,0.0,0.0,0.0,0.0,0.0,1.0,7.29608565520892,993.0143761526203,67.92140682303575,302.7106577576344,25.654931900849267
17,260.0,25.39197697118967,0.97,0.0,0.0,0.0,0.0,0.0,0.0,0.03,303.59,75.8,0.8564181955927402,0.3349865035777001,25.43762596170008,25.369102475934465,983.6371362010132,66.60679243709126,0.964085989256692,0.0,0.0,0.0,0.0,0.0,0.0,0.0359140107433081,0.9721617773939976,0.0,0.0,0.0,0.0,0.0,0.0,0.0278382226060023,7.3695996574362415,1.2511132544805952,1.0,0.0,0.0,0.0,0.0,0.0,0.0,1.0,7.29608565520892,993.0143761526203,67.92140682303575,302.7106577576344,25.654931900849267
17,260.0,25.399568469608077,0.97,0.0,0.0,0.0,0.0,0.0,0.0,0.03,303.59,75.8,0.8564181955927402,0.3350866552718743,25.43762596170008,25.369102475934465,983.8837658225232,66.64335167829921,0.9650617500698778,0.0,0.0,0.0,0.0,0.0,0.0,0.0349382499301222,0.9728869171239152,0.0,0.0,0.0,0.0,0.0,0.0,0.0271130828760848,7.367304731714372,1.2512857834106903,1.0,0.0,0.0,0.0,0.0,0.0,0.0,1.0,7.29608565520892,993.0143761526203,67.92140682303575,302.7106577576344,25.654931900849267
17,260.0,25.407159968026477,0.97,0.0,0.0,0.0,0.0,0.0,0.0,0.03,303.59,75.8,0.8564181955927402,0.3351868069660484,25.43762596170008,25.369102475934465,984.131612729252,66.67998158044192,0.9660405440536004,0.0,0.0,0.0,0.0,0.0,0.0,0.0339594559463997,0.9736159827012696,0.0,0.0,0.0,0.0,0.0,0.0,0.0263840172987302,7.365019083125512,1.2514579053107835,1.0,0.0,0.0,0.0,0.0,0.0,0.0,1.0,7.29608565520892,993.0143761526203,67.92140682303575,302.7106577576344,25.654931900849267
17,260.0,25.41475146644488,0.97,0.0,0.0,0.0,0.0,0.0,0.0,0.03,303.59,75.8,0.8564181955927402,0.3352869586602227,25.43762596170008,25.369102475934465,984.380691440735,66.71668305453441,0.9670224095195082,0.0,0.0,0.0,0.0,0.0,0.0,0.0329775904804916,0.9743490296934612,0.0,0.0,0.0,0.0,0.0,0.0,0.0256509703065387,7.362742797524823,1.251629615881754,1.0,0.0,0.0,0.0,0.0,0.0,0.0,1.0,7.29608565520892,993.0143761526203,67.92140682303575,302.7106577576344,25.654931900849267
17,260.0,25.42234296486328,0.97,0.0,0.0,0.0,0.0,0.0,0.0,0.03,303.59,75.8,0.8564181955927402,0.3353871103543968,25.43762596170008,25.369102475934465,984.6310193048732,66.75345703271289,0.9680073956964298,0.0,0.0,0.0,0.0,0.0,0.0,0.0319926043035701,0.9750861149618482,0.0,0.0,0.0,0.0,0.0,0.0,0.0249138850381519,7.360475948239417,1.2518009099466916,1.0,0.0,0.0,0.0,0.0,0.0,0.0,1.0,7.29608565520892,993.0143761526203,67.92140682303575,302.7106577576344,25.654931900849267
17,260.0,25.42993446328168,0.97,0.0,0.0,0.0,0.0,0.0,0.0,0.03,303.59,75.8,0.8564181955927402,0.335487262048571,25.43762596170008,25.369102475934465,984.8826142977214,66.79030446913647,0.9689955538436376,0.0,0.0,0.0,0.0,0.0,0.0,0.0310044461563625,0.9758272967073456,0.0,0.0,0.0,0.0,0.0,0.0,0.0241727032926545,7.358218608426079,1.2519717820956913,1.0,0.0,0.0,0.0,0.0,0.0,0.0,1.0,7.29608565520892,993.0143761526203,67.92140682303575,302.7106577576344,25.654931900849267
17,260.0,25.43752596170008,0.97,0.0,0.0,0.0,0.0,0.0,0.0,0.03,303.59,75.8,0.8564181955927402,0.3355874137427451,25.43762596170008,25.369102475934465,985.1354908440233,66.82722634045115,0.9699869205828092,0.0,0.0,0.0,0.0,0.0,0.0,0.0300130794171907,0.9765726345125276,0.0,0.0,0.0,0.0,0.0,0.0,0.0234273654874721,7.355970854624191,1.2521422268624272,1.0,0.0,0.0,0.0,0.0,0.0,0.0,1.0,7.29608565520892,993.0143761526203,67.92140682303575,302.7106577576344,25.654931900849267
17,265.0,29.234433170179063,0.97,0.0,0.0,0.0,0.0,0.0,0.0,0.03,303.59,75.8,0.872887776277216,0.3856785378651591,29.31309549139708,29.234333170179063,956.8763557940492,77.84766212148926,0.9614492832013828,0.0,0.0,0.0,0.0,0.0,0.0,0.0385507167986172,0.9700079953150846,0.0,0.0,0.0,0.0,0.0,0.0,0.0299920046849153,6.281614837867004,1.3488244519149966,1.0,0.0,0.0,0.0,0.0,0.0,0.0,1.0,6.19415722930877,966.2255774553212,79.59167899763797,302.7106577576344,29.571779036695137
17,265.0,29.243162316981063,0.97,0.0,0.0,0.0,0.0,0.0,0.0,0.03,303.59,75.8,0.872887776277216,0.3857936981132067,29.31309549139708,29.234333170179063,957.0949491271864,77.89114162842141,0.9623872837628262,0.0,0.0,0.0,0.0,0.0,0.0,0.0376127162371736,0.9707076243593664,0.0,0.0,0.0,0.0,0.0,0.0,0.0292923756406337,6.279191423411051,1.3490476831324762,1.0,0.0,0.0,0.0,0.0,0.0,0.0,1.0,6.19415722930877,966.2255774553212,79.59167899763797,302.7106577576344,29.571779036695137
17,265.0,29.251891463783068,0.97,0.0,0.0,0.0,0.0,0.0,0.0,0.03,303.59,75.8,0.872887776277216,0.3859088583612542,29.31309549139708,29.234333170179063,957.3145923893212,77.93469589620682,0.9633279115266676,0.0,0.0,0.0,0.0,0.0,0.0,0.0366720884733324,0.9714106558925522,0.0,0.0,0.0,0.0,0.0,0.0,0.0285893441074478,6.27677576636269,1.3492705159201055,1.0,0.0,0.0,0.0,0.0,0.0,0.0,1.0,6.19415722930877,966.2255774553212,79.59167899763797,302.7106577576344,29.571779036695137
17,265.0,29.260620610585068,0.97,0.0,0.0,0.0,0.0,0.0,0.0,0.03,303.59,75.8,0.872887776277216,0.3860240186093017,29.31309549139708,29.234333170179063,957.5352985316772,77.9783257737113,0.9642712036110588,0.0,0.0,0.0,0.0,0.0,0.0,0.0357287963889412,0.9721171335081902,0.0,0.0,0.0,0.0,0.0,0.0,0.0278828664918098,6.274367917542066,1.349493380481548,1.0,0.0,0.0,0.0,0.0,0.0,0.0,1.0,6.19415722930877,966.2255774553212,79.59167899763797,302.7106577576344,29.571779036695137
17,265.0,29.269349757387072,0.97,0.0,0.0,0.0,0.0,0.0,0.0,0.03,303.59,75.8,0.872887776277216,0.3861391788573493,29.31309549139708,29.234333170179063,957.7570803622556,78.02203212766557,0.965217196100745,0.0,0.0,0.0,0.0,0.0,0.0,0.0347828038992549,0.9728271017181686,0.0,0.0,0.0,0.0,0.0,0.0,0.0271728982818314,6.271967928841916,1.3497165504682562,1.0,0.0,0.0,0.0,0.0,0.0,0.0,1.0,6.19415722930877,966.2255774553212,79.59167899763797,302.7106577576344,29.571779036695137
17,265.0,29.278078904189076,0.97,0.0,0.0,0.0,0.0,0.0,0.0,0.03,303.59,75.8,0.872887776277216,0.3862543391053967,29.31309549139708,29.234333170179063,957.9799515137556,78.06581584319323,0.9661659282785404,0.0,0.0,0.0,0.0,0.0,0.0,0.0338340717214595,0.9735406059803964,0.0,0.0,0.0,0.0,0.0,0.0,0.0264593940196037,6.269575853189775,1.3499393064821477,1.0,0.0,0.0,0.0,0.0,0.0,0.0,1.0,6.19415722930877,966.2255774553212,79.59167899763797,302.7106577576344,29.571779036695137
17,265.0,29.28680805099108,0.97,0.0,0.0,0.0,0.0,0.0,0.0,0.03,303.59,75.8,0.872887776277216,0.3863694993534443,29.31309549139708,29.234333170179063,958.2039242120986,78.10967782438179,0.9671174328697748,0.0,0.0,0.0,0.0,0.0,0.0,0.032882567130225,0.9742576927251188,0.0,0.0,0.0,0.0,0.0,0.0,0.0257423072748811,6.267191744563244,1.3501616438840118,1.0,0.0,0.0,0.0,0.0,0.0,0.0,1.0,6.19415722930877,966.2255774553212,79.59167899763797,302.7106577576344,29.571779036695137
17,265.0,29.29553719779308,0.97,0.0,0.0,0.0,0.0,0.0,0.0,0.03,303.59,75.8,0.872887776277216,0.3864846596014918,29.31309549139708,29.234333170179063,958.4290142774548,78.1536189947531,0.9680717578413248,0.0,0.0,0.0,0.0,0.0,0.0,0.0319282421586751,0.9749784093847365,0.0,0.0,0.0,0.0,0.0,0.0,0.0250215906152636,6.264815658130918,1.3503835579511707,1.0,0.0,0.0,0.0,0.0,0.0,0.0,1.0,6.19415722930877,966.2255774553212,79.59167899763797,302.7106577576344,29.571779036695137
17,265.0,29.30426634459508,0.97,0.0,0.0,0.0,0.0,0.0,0.0,0.03,303.59,75.8,0.872887776277216,0.3865998198495393,29.31309549139708,29.234333170179063,958.6552315558014,78.19764029803264,0.969028924742454,0.0,0.0,0.0,0.0,0.0,0.0,0.0309710752575459,0.9757028044292836,0.0,0.0,0.0,0.0,0.0,0.0,0.0242971955707163,6.262447650326991,1.3506050438730712,1.0,0.0,0.0,0.0,0.0,0.0,0.0,1.0,6.19415722930877,966.2255774553212,79.59167899763797,302.7106577576344,29.571779036695137
17,265.0,29.31299549139708,0.97,0.0,0.0,0.0,0.0,0.0,0.0,0.03,303.59,75.8,0.872887776277216,0.3867149800975868,29.31309549139708,29.234333170179063,958.8825930030906,78.24174269866164,0.9699889856000596,0.0,0.0,0.0,0.0,0.0,0.0,0.0300110143999404,0.9764309273903824,0.0,0.0,0.0,0.0,0.0,0.0,0.0235690726096176,6.260087778532149,1.3508260967463543,1.0,0.0,0.0,0.0,0.0,0.0,0.0,1.0,6.19415722930877,966.2255774553212,79.59167899763797,302.7106577576344,29.571779036695137
17,270.0,33.52259338049849,0.97,0.0,0.0,0.0,0.0,0.0,0.0,0.03,303.59,75.8,0.8893573569616918,0.4422505723020909,33.611638803222405,33.52249338049849,928.4665259727548,91.15637979510691,0.9618005051349446,0.0,0.0,0.0,0.0,0.0,0.0,0.0381994948650553,0.9700068656933382,0.0,0.0,0.0,0.0,0.0,0.0,0.0299931343066618,5.223846664664375,1.467869394004019,1.0,0.0,0.0,0.0,0.0,0.0,0.0,1.0,5.130843724598608,936.9320241360858,93.30322734807504,302.7106577576344,33.91794976874195
17,270.0,33.532476205245594,0.97,0.0,0.0,0.0,0.0,0.0,0.0,0.03,303.59,75.8,0.8893573569616918,0.4423809525757994,33.611638803222405,33.52249338049849,928.6570308875804,91.20820118159284,0.9627008633773232,0.0,0.0,0.0,0.0,0.0,0.0,0.0372991366226768,0.9706869040897036,0.0,0.0,0.0,0.0,0.0,0.0,0.0293130959102966,5.221384169295527,1.4681610330563182,1.0,0.0,0.0,0.0,0.0,0.0,0.0,1.0,5.130843724598608,936.9320241360858,93.30322734807504,302.7106577576344,33.91794976874195
17,270.0,33.542359029992696,0.97,0.0,0.0,0.0,0.0,0.0,0.0,0.03,303.59,75.8,0.8893573569616918,0.4425113328495079,33.611638803222405,33.52249338049849,928.8484631289432,91.26010426722053,0.9636035764242892,0.0,0.0,0.0,0.0,0.0,0.0,0.0363964235757109,0.971369963376712,0.0,0.0,0.0,0.0,0.0,0.0,0.0286300366232879,5.218928184370197,1.4684522696872848,1.0,0.0,0.0,0.0,0.0,0.0,0.0,1.0,5.130843724598608,936.9320241360858,93.30322734807504,302.7106577576344,33.91794976874195
17,270.0,33.5522418547398,0.97,0.0,0.0,0.0,0.0,0.0,0.0,0.03,303.59,75.8,0.8893573569616918,0.4426417131232163,33.611638803222405,33.52249338049849,929.0408294585078,91.3120898804444,0.9645086565643864,0.0,0.0,0.0,0.0,0.0,0.0,0.0354913434356137,0.9720560792383824,0.0,0.0,0.0,0.0,0.0,0.0,0.0279439207616174,5.216478746317232,1.4687430999182622,1.0,0.0,0.0,0.0,0.0,0.0,0.0,1.0,5.130843724598608,936.9320241360858,93.30322734807504,302.7106577576344,33.91794976874195
17,270.0,33.5621246794869,0.97,0.0,0.0,0.0,0.0,0.0,0.0,0.03,303.59,75.8,0.8893573569616918,0.4427720933969248,33.611638803222405,33.52249338049849,929.2341414734356,91.3641588658961,0.9654161395066836,0.0,0.0,0.0,0.0,0.0,0.0,0.0345838604933165,0.9727452880572988,0.0,0.0,0.0,0.0,0.0,0.0,0.0272547119427013,5.214035892110903,1.4690335196629083,1.0,0.0,0.0,0.0,0.0,0.0,0.0,1.0,5.130843724598608,936.9320241360858,93.30322734807504,302.7106577576344,33.91794976874195
17,270.0,33.572007504233994,0.97,0.0,0.0,0.0,0.0,0.0,0.0,0.03,303.59,75.8,0.8893573569616918,0.4429024736706332,33.611638803222405,33.52249338049849,929.4284101096214,91.41631208467884,0.966326057288628,0.0,0.0,0.0,0.0,0.0,0.0,0.033673942711372,0.9734376269246092,0.0,0.0,0.0,0.0,0.0,0.0,0.0265623730753907,5.211599658775768,1.4693235246543497,1.0,0.0,0.0,0.0,0.0,0.0,0.0,1.0,5.130843724598608,936.9320241360858,93.30322734807504,302.7106577576344,33.91794976874195
17,270.0,33.581890328981096,0.97,0.0,0.0,0.0,0.0,0.0,0.0,0.03,303.59,75.8,0.8893573569616918,0.4430328539443416,33.611638803222405,33.52249338049849,929.6236454057348,91.46855041490772,0.967238437168967,0.0,0.0,0.0,0.0,0.0,0.0,0.032761562831033,0.9741331336648482,0.0,0.0,0.0,0.0,0.0,0.0,0.0258668663351517,5.209170082123681,1.469613110397998,1.0,0.0,0.0,0.0,0.0,0.0,0.0,1.0,5.130843724598608,936.9320241360858,93.30322734807504,302.7106577576344,33.91794976874195
17,270.0,33.5917731537282,0.97,0.0,0.0,0.0,0.0,0.0,0.0,0.03,303.59,75.8,0.8893573569616918,0.4431632342180501,33.611638803222405,33.52249338049849,929.81985985448,91.5208747521314,0.9681533179454844,0.0,0.0,0.0,0.0,0.0,0.0,0.0318466820545155,0.9748318468530106,0.0,0.0,0.0,0.0,0.0,0.0,0.0251681531469893,5.206747197330272,1.4699022722481023,1.0,0.0,0.0,0.0,0.0,0.0,0.0,1.0,5.130843724598608,936.9320241360858,93.30322734807504,302.7106577576344,33.91794976874195
17,270.0,33.6016559784753,0.97,0.0,0.0,0.0,0.0,0.0,0.0,0.03,303.59,75.8,0.8893573569616918,0.4432936144917586,33.611638803222405,33.52249338049849,930.0170617912288,91.5732860098994,0.9690707178054846,0.0,0.0,0.0,0.0,0.0,0.0,0.0309292821945153,0.9755338058388944,0.0,0.0,0.0,0.0,0.0,0.0,0.0244661941611055,5.204331040363,1.470191005642159,1.0,0.0,0.0,0.0,0.0,0.0,0.0,1.0,5.130843724598608,936.9320241360858,93.30322734807504,302.7106577576344,33.91794976874195
17,270.0,33.6115388032224,0.97,0.0,0.0,0.0,0.0,0.0,0.0,0.03,303.59,75.8,0.8893573569616918,0.443423994765467,33.611638803222405,33.52249338049849,930.2152645403966,91.62578512011748,0.9699906787423463,0.0,0.0,0.0,0.0,0.0,0.0,0.0300093212576536,0.976239050764612,0.0,0.0,0.0,0.0,0.0,0.0,0.023760949235388,5.2019216511901,1.4704793063133226,1.0,0.0,0.0,0.0,0.0,0.0,0.0,1.0,5.130843724598608,936.9320241360858,93.30322734807504,302.7106577576344,33.91794976874195
17,275.0,38.26489267839326,0.97,0.0,0.0,0.0,0.0,0.0,0.0,0.03,303.59,75.8,0.9058269376461676,0.5048138875777475,38.36402762539744,38.264792678393256,897.0173637572619,106.93436127065245,0.9622371054526642,0.0,0.0,0.0,0.0,0.0,0.0,0.0377628945473357,0.9700059324779962,0.0,0.0,0.0,0.0,0.0,0.0,0.0299940675220037,4.208766486677956,1.6165708373179946,1.0,0.0,0.0,0.0,0.0,0.0,0.0,1.0,4.11187312491467,904.4335281070778,109.60126774294156,302.7106577576344,38.72523437118672
17,275.0,38.27589656139372,0.97,0.0,0.0,0.0,0.0,0.0,0.0,0.03,303.59,75.8,0.9058269376461676,0.5049590575381758,38.36402762539744,38.264792678393256,897.1758048390255,106.9960330484721,0.963090359821646,0.0,0.0,0.0,0.0,0.0,0.0,0.0369096401783539,0.9706600497864686,0.0,0.0,0.0,0.0,0.0,0.0,0.0293399502135313,4.20633378903763,1.6169567457994456,1.0,0.0,0.0,0.0,0.0,0.0,0.0,1.0,4.11187312491467,904.4335281070778,109.60126774294156,302.7106577576344,38.72523437118672
17,275.0,38.286900444394185,0.97,0.0,0.0,0.0,0.0,0.0,0.0,0.03,303.59,75.8,0.9058269376461676,0.5051042274986041,38.36402762539744,38.264792678393256,897.3350414557364,107.0577938722232,0.9639456679348618,0.0,0.0,0.0,0.0,0.0,0.0,0.0360543320651382,0.9713167904649468,0.0,0.0,0.0,0.0,0.0,0.0,0.0286832095350533,4.203906422419875,1.617342258293533,1.0,0.0,0.0,0.0,0.0,0.0,0.0,1.0,4.11187312491467,904.4335281070778,109.60126774294156,302.7106577576344,38.72523437118672
17,275.0,38.297904327394654,0.97,0.0,0.0,0.0,0.0,0.0,0.0,0.03,303.59,75.8,0.9058269376461676,0.5052493974590324,38.36402762539744,38.264792678393256,897.4950794351397,107.11964453016522,0.9648030404854364,0.0,0.0,0.0,0.0,0.0,0.0,0.0351969595145637,0.9719761827731044,0.0,0.0,0.0,0.0,0.0,0.0,0.0280238172268957,4.20148441036463,1.6177277991052514,1.0,0.0,0.0,0.0,0.0,0.0,0.0,1.0,4.11187312491467,904.4335281070778,109.60126774294156,302.7106577576344,38.72523437118672
17,275.0,38.30890821039512,0.97,0.0,0.0,0.0,0.0,0.0,0.0,0.03,303.59,75.8,0.9058269376461676,0.5053945674194606,38.36402762539744,38.264792678393256,897.6559276957694,107.18158582460306,0.9656625056458172,0.0,0.0,0.0,0.0,0.0,0.0,0.0343374943541827,0.9726382554766488,0.0,0.0,0.0,0.0,0.0,0.0,0.0273617445233512,4.199067776787082,1.618114821003993,1.0,0.0,0.0,0.0,0.0,0.0,0.0,1.0,4.11187312491467,904.4335281070778,109.60126774294156,302.7106577576344,38.72523437118672
17,275.0,38.31991209339558,0.97,0.0,0.0,0.0,0.0,0.0,0.0,0.03,303.59,75.8,0.9058269376461676,0.5055397373798889,38.36402762539744,38.264792678393256,897.8175947430235,107.24361857211792,0.9665240887894648,0.0,0.0,0.0,0.0,0.0,0.0,0.0334759112105353,0.9733030378522222,0.0,0.0,0.0,0.0,0.0,0.0,0.0266969621477778,4.196656546487922,1.618501431456967,1.0,0.0,0.0,0.0,0.0,0.0,0.0,1.0,4.11187312491467,904.4335281070778,109.60126774294156,302.7106577576344,38.72523437118672
17,275.0,38.33091597639604,0.97,0.0,0.0,0.0,0.0,0.0,0.0,0.03,303.59,75.8,0.9058269376461676,0.5056849073403172,38.36402762539744,38.264792678393256,897.9800897148823,107.3057436039522,0.9673878184854502,0.0,0.0,0.0,0.0,0.0,0.0,0.0326121815145498,0.9739705597019132,0.0,0.0,0.0,0.0,0.0,0.0,0.0260294402980867,4.194250744167976,1.618887626707418,1.0,0.0,0.0,0.0,0.0,0.0,0.0,1.0,4.11187312491467,904.4335281070778,109.60126774294156,302.7106577576344,38.72523437118672
17,275.0,38.34191985939651,0.97,0.0,0.0,0.0,0.0,0.0,0.0,0.03,303.59,75.8,0.9058269376461676,0.5058300773007456,38.36402762539744,38.264792678393256,898.1434186863324,107.36796176647792,0.9682537054562116,0.0,0.0,0.0,0.0,0.0,0.0,0.0317462945437885,0.9746408513730952,0.0,0.0,0.0,0.0,0.0,0.0,0.0253591486269048,4.191850395443153,1.619273402933047,1.0,0.0,0.0,0.0,0.0,0.0,0.0,1.0,4.11187312491467,904.4335281070778,109.60126774294156,302.7106577576344,38.72523437118672
17,275.0,38.352923742396975,0.97,0.0,0.0,0.0,0.0,0.0,0.0,0.03,303.59,75.8,0.9058269376461676,0.5059752472611738,38.36402762539744,38.264792678393256,898.3075919800474,107.43027392138504,0.9691217842406264,0.0,0.0,0.0,0.0,0.0,0.0,0.0308782157593736,0.9753139437580554,0.0,0.0,0.0,0.0,0.0,0.0,0.0246860562419446,4.189455525964096,1.619658756264385,1.0,0.0,0.0,0.0,0.0,0.0,0.0,1.0,4.11187312491467,904.4335281070778,109.60126774294156,302.7106577576344,38.72523437118672
17,275.0,38.36392762539744,0.97,0.0,0.0,0.0,0.0,0.0,0.0,0.03,303.59,75.8,0.9058269376461676,0.5061204172216021,38.36402762539744,38.264792678393256,898.4726185645999,107.49268094627702,0.9699920812088116,0.0,0.0,0.0,0.0,0.0,0.0,0.0300079187911884,0.9759898683217124,0.0,0.0,0.0,0.0,0.0,0.0,0.0240101316782876,4.187066161935444,1.6200436827614262,1.0,0.0,0.0,0.0,0.0,0.0,0.0,1.0,4.11187312491467,904.4335281070778,109.60126774294156,302.7106577576344,38.72523437118672
17,280.0,43.49511744743349,0.97,0.0,0.0,0.0,0.0,0.0,0.0,0.03,303.59,75.8,0.9222965183306434,0.5738142143460884,43.60336908029564,43.49501744743349,861.5523309060428,125.94523787406804,0.9627718136969368,0.0,0.0,0.0,0.0,0.0,0.0,0.0372281863030632,0.970005154555611,0.0,0.0,0.0,0.0,0.0,0.0,0.0299948454443889,3.243770645089286,1.810069211886765,1.0,0.0,0.0,0.0,0.0,0.0,0.0,1.0,3.144965486757293,867.6798743518019,129.30886906724652,302.7106577576344,44.02808165538378
17,280.0,43.50713429552928,0.97,0.0,0.0,0.0,0.0,0.0,0.0,0.03,303.59,75.8,0.9222965183306434,0.5739727479621277,43.60336908029564,43.49501744743349,861.6740628052659,126.01870351949552,0.9635670923425768,0.0,0.0,0.0,0.0,0.0,0.0,0.036432907657423,0.9706256772689372,0.0,0.0,0.0,0.0,0.0,0.0,0.0293743227310628,3.2414461603760567,1.810598120021124,1.0,0.0,0.0,0.0,0.0,0.0,0.0,1.0,3.144965486757293,867.6798743518019,129.30886906724652,302.7106577576344,44.02808165538378
17,280.0,43.51915114362508,0.97,0.0,0.0,0.0,0.0,0.0,0.0,0.03,303.59,75.8,0.9222965183306434,0.5741312815781673,43.60336908029564,43.49501744743349,861.7964508920795,126.09226640293085,0.9643641032183292,0.0,0.0,0.0,0.0,0.0,0.0,0.0356358967816709,0.9712484105814884,0.0,0.0,0.0,0.0,0.0,0.0,0.0287515894185117,3.239125587938796,1.81112664077169,1.0,0.0,0.0,0.0,0.0,0.0,0.0,1.0,3.144965486757293,867.6798743518019,129.30886906724652,302.7106577576344,44.02808165538378
17,280.0,43.53116799172087,0.97,0.0,0.0,0.0,0.0,0.0,0.0,0.03,303.59,75.8,0.9222965183306434,0.5742898151942067,43.60336908029564,43.49501744743349,861.9195024780189,126.165927251325,0.9651628737372404,0.0,0.0,0.0,0.0,0.0,0.0,0.0348371262627597,0.9718733758838436,0.0,0.0,0.0,0.0,0.0,0.0,0.0281266241161562,3.2368091750732413,1.8116547957402205,1.0,0.0,0.0,0.0,0.0,0.0,0.0,1.0,3.144965486757293,867.6798743518019,129.30886906724652,302.7106577576344,44.02808165538378
17,280.0,43.54318483981667,0.97,0.0,0.0,0.0,0.0,0.0,0.0,0.03,303.59,75.8,0.9222965183306434,0.5744483488102463,43.60336908029564,43.49501744743349,862.0432216133688,126.23968680276984,0.9659634065851236,0.0,0.0,0.0,0.0,0.0,0.0,0.0340365934148764,0.972500594879516,0.0,0.0,0.0,0.0,0.0,0.0,0.027499405120484,3.2344971098313677,1.8121825523174209,1.0,0.0,0.0,0.0,0.0,0.0,0.0,1.0,3.144965486757293,867.6798743518019,129.30886906724652,302.7106577576344,44.02808165538378
17,280.0,43.55520168791246,0.97,0.0,0.0,0.0,0.0,0.0,0.0,0.03,303.59,75.8,0.9222965183306434,0.5746068824262858,43.60336908029564,43.49501744743349,862.1676163766505,126.3135458074164,0.966765734018964,0.0,0.0,0.0,0.0,0.0,0.0,0.0332342659810361,0.9731300896388364,0.0,0.0,0.0,0.0,0.0,0.0,0.0268699103611635,3.2321893224455507,1.8127099192084324,1.0,0.0,0.0,0.0,0.0,0.0,0.0,1.0,3.144965486757293,867.6798743518019,129.30886906724652,302.7106577576344,44.02808165538378
17,280.0,43.567218536008255,0.97,0.0,0.0,0.0,0.0,0.0,0.0,0.03,303.59,75.8,0.9222965183306434,0.5747654160423253,43.60336908029564,43.49501744743349,862.2926907613212,126.38750502753943,0.9675698576172472,0.0,0.0,0.0,0.0,0.0,0.0,0.0324301423827528,0.9737618825942218,0.0,0.0,0.0,0.0,0.0,0.0,0.0262381174057782,3.229885825504581,1.813236895822054,1.0,0.0,0.0,0.0,0.0,0.0,0.0,1.0,3.144965486757293,867.6798743518019,129.30886906724652,302.7106577576344,44.02808165538378
17,280.0,43.579235384104045,0.97,0.0,0.0,0.0,0.0,0.0,0.0,0.03,303.59,75.8,0.9222965183306434,0.5749239496583647,43.60336908029564,43.49501744743349,862.4184524669416,126.46156523757948,0.9683758059536348,0.0,0.0,0.0,0.0,0.0,0.0,0.0316241940463651,0.9743959965270989,0.0,0.0,0.0,0.0,0.0,0.0,0.0256040034729012,3.2275866383084573,1.8137634744235729,1.0,0.0,0.0,0.0,0.0,0.0,0.0,1.0,3.144965486757293,867.6798743518019,129.30886906724652,302.7106577576344,44.02808165538378
17,280.0,43.59125223219984,0.97,0.0,0.0,0.0,0.0,0.0,0.0,0.03,303.59,75.8,0.9222965183306434,0.5750824832744043,43.60336908029564,43.49501744743349,862.5449080047998,126.53572722463468,0.9691835983514596,0.0,0.0,0.0,0.0,0.0,0.0,0.0308164016485401,0.975032454597759,0.0,0.0,0.0,0.0,0.0,0.0,0.0249675454022408,3.2252917741152807,1.814289654841632,1.0,0.0,0.0,0.0,0.0,0.0,0.0,1.0,3.144965486757293,867.6798743518019,129.30886906724652,302.7106577576344,44.02808165538378
17,280.0,43.60326908029563,0.97,0.0,0.0,0.0,0.0,0.0,0.0,0.03,303.59,75.8,0.9222965183306434,0.5752410168904437,43.60336908029564,43.49501744743349,862.6720640353013,126.60999178880306,0.9699932547807736,0.0,0.0,0.0,0.0,0.0,0.0,0.0300067452192263,0.975671280349388,0.0,0.0,0.0,0.0,0.0,0.0,0.0243287196506119,3.223001247935163,1.8148177995729091,1.0,0.0,0.0,0.0,0.0,0.0,0.0,1.0,3.144965486757293,867.6798743518019,129.30886906724652,302.7106577576344,44.02808165538378
17,285.0,49.25039360955007,0.97,0.0,0.0,0.0,0.0,0.0,0.0,0.03,303.59,75.8,0.9387660990151192,0.6497413404953835,49.36567627567895,49.25029360955006,820.5145008768237,149.41965129259307,0.9634274905437972,0.0,0.0,0.0,0.0,0.0,0.0,0.0365725094562028,0.9700045008683114,0.0,0.0,0.0,0.0,0.0,0.0,0.0299954991316886,2.3392264598125343,2.076857750761837,1.0,0.0,0.0,0.0,0.0,0.0,0.0,1.0,2.2410522625838034,824.9746819221486,153.77005765610247,302.7106577576344,49.86436423924916
17,285.0,49.26319168356439,0.97,0.0,0.0,0.0,0.0,0.0,0.0,0.03,303.59,75.8,0.9387660990151192,0.6499101805219576,49.36567627567895,49.25029360955006,820.5937095899536,149.50753868367897,0.96415139495738,0.0,0.0,0.0,0.0,0.0,0.0,0.03584860504262,0.9705814187030002,0.0,0.0,0.0,0.0,0.0,0.0,0.0294185812969998,2.3371011210891584,2.0776123106526185,1.0,0.0,0.0,0.0,0.0,0.0,0.0,1.0,2.2410522625838034,824.9746819221486,153.77005765610247,302.7106577576344,49.86436423924916
17,285.0,49.27598975757871,0.97,0.0,0.0,0.0,0.0,0.0,0.0,0.03,303.59,75.8,0.9387660990151192,0.6500790205485317,49.36567627567895,49.25029360955006,820.6734273468903,149.5955333863014,0.964876701876156,0.0,0.0,0.0,0.0,0.0,0.0,0.035123298123844,0.9711601187278456,0.0,0.0,0.0,0.0,0.0,0.0,0.0288398812721545,2.3349790614204595,2.07836948156634,1.0,0.0,0.0,0.0,0.0,0.0,0.0,1.0,2.2410522625838034,824.9746819221486,153.77005765610247,302.7106577576344,49.86436423924916
17,285.0,49.28878783159303,0.97,0.0,0.0,0.0,0.0,0.0,0.0,0.03,303.59,75.8,0.9387660990151192,0.6502478605751059,49.36567627567895,49.25029360955006,820.7536584212891,149.6836360446348,0.9656034245363208,0.0,0.0,0.0,0.0,0.0,0.0,0.0343965754636793,0.971740616046987,0.0,0.0,0.0,0.0,0.0,0.0,0.028259383953013,2.332859850440173,2.0791249832987693,1.0,0.0,0.0,0.0,0.0,0.0,0.0,1.0,2.2410522625838034,824.9746819221486,153.77005765610247,302.7106577576344,49.86436423924916
17,285.0,49.30158590560735,0.97,0.0,0.0,0.0,0.0,0.0,0.0,0.03,303.59,75.8,0.9387660990151192,0.6504167006016801,49.36567627567895,49.25029360955006,820.8344077428061,149.77184731188007,0.9663315839685548,0.0,0.0,0.0,0.0,0.0,0.0,0.0336684160314451,0.9723229259936016,0.0,0.0,0.0,0.0,0.0,0.0,0.0276770740063983,2.330744192861,2.079882623699826,1.0,0.0,0.0,0.0,0.0,0.0,0.0,1.0,2.2410522625838034,824.9746819221486,153.77005765610247,302.7106577576344,49.86436423924916
17,285.0,49.31438397962167,0.97,0.0,0.0,0.0,0.0,0.0,0.0,0.03,303.59,75.8,0.9387660990151192,0.6505855406282542,49.36567627567895,49.25029360955006,820.9156789705994,149.86016784972935,0.9670611843630088,0.0,0.0,0.0,0.0,0.0,0.0,0.0329388156369912,0.9729070640581654,0.0,0.0,0.0,0.0,0.0,0.0,0.0270929359418345,2.328631837996145,2.080638445428036,1.0,0.0,0.0,0.0,0.0,0.0,0.0,1.0,2.2410522625838034,824.9746819221486,153.77005765610247,302.7106577576344,49.86436423924916
17,285.0,49.32718205363599,0.97,0.0,0.0,0.0,0.0,0.0,0.0,0.03,303.59,75.8,0.9387660990151192,0.6507543806548284,49.36567627567895,49.25029360955006,820.9974760470581,149.94859832962334,0.9677922331456787,0.0,0.0,0.0,0.0,0.0,0.0,0.0322077668543212,0.9734930460091868,0.0,0.0,0.0,0.0,0.0,0.0,0.0265069539908133,2.326522129313826,2.081393278580721,1.0,0.0,0.0,0.0,0.0,0.0,0.0,1.0,2.2410522625838034,824.9746819221486,153.77005765610247,302.7106577576344,49.86436423924916
17,285.0,49.33998012765031,0.97,0.0,0.0,0.0,0.0,0.0,0.0,0.03,303.59,75.8,0.9387660990151192,0.6509232206814025,49.36567627567895,49.25029360955006,821.0798039825874,150.0371394321704,0.9685247506666697,0.0,0.0,0.0,0.0,0.0,0.0,0.0314752493333303,0.9740808878129288,0.0,0.0,0.0,0.0,0.0,0.0,0.0259191121870711,2.324416473977639,2.0821478353026115,1.0,0.0,0.0,0.0,0.0,0.0,0.0,1.0,2.2410522625838034,824.9746819221486,153.77005765610247,302.7106577576344,49.86436423924916
17,285.0,49.35277820166463,0.97,0.0,0.0,0.0,0.0,0.0,0.0,0.03,303.59,75.8,0.9387660990151192,0.6510920607079766,49.36567627567895,49.25029360955006,821.1626673163196,150.1257918476336,0.9692587506811556,0.0,0.0,0.0,0.0,0.0,0.0,0.0307412493188441,0.974670605671326,0.0,0.0,0.0,0.0,0.0,0.0,0.0253293943286739,2.322313687824089,2.082903386078074,1.0,0.0,0.0,0.0,0.0,0.0,0.0,1.0,2.2410522625838034,824.9746819221486,153.77005765610247,302.7106577576344,49.86436423924916
17,285.0,49.36557627567895,0.97,0.0,0.0,0.0,0.0,0.0,0.0,0.03,303.59,75.8,0.9387660990151192,0.6512609007345508,49.36567627567895,49.25029360955006,821.2460712236501,150.21455627825517,0.9699942542041126,0.0,0.0,0.0,0.0,0.0,0.0,0.0300057457958874,0.9752622162520148,0.0,0.0,0.0,0.0,0.0,0.0,0.0247377837479851,2.320214234411609,2.0836589887771058,1.0,0.0,0.0,0.0,0.0,0.0,0.0,1.0,2.2410522625838034,824.9746819221486,153.77005765610247,302.7106577576344,49.86436423924916
17,290.0,55.57228725358953,0.97,0.0,0.0,0.0,0.0,0.0,0.0,0.03,303.59,75.8,0.9552356796995948,0.7331436313138461,55.69052069846176,55.572187253589526,771.1539108096817,179.56917477809068,0.9642475094554722,0.0,0.0,0.0,0.0,0.0,0.0,0.0357524905445277,0.9700039477140984,0.0,0.0,0.0,0.0,0.0,0.0,0.0299960522859015,1.5107039893141745,2.4822518426921394,1.000000000237252,0.0,0.0,0.0,0.0,0.0,0.0,1.0000000003023966,1.416798301305132,773.2637021553837,185.44864903964933,302.7106577576344,56.27641671412855
17,290.0,55.58541319190866,0.97,0.0,0.0,0.0,0.0,0.0,0.0,0.03,303.59,75.8,0.9552356796995948,0.7333167967270272,55.69052069846176,55.572187253589526,771.182684614395,179.67527715358528,0.9648818442930616,0.0,0.0,0.0,0.0,0.0,0.0,0.0351181557069385,0.9705228450255426,0.0,0.0,0.0,0.0,0.0,0.0,0.0294771549744573,1.5088907220313887,2.4834226276910103,1.0000000002399767,0.0,0.0,0.0,0.0,0.0,0.0,1.0000000003058136,1.416798301305132,773.2637021553837,185.44864903964933,302.7106577576344,56.27641671412855
17,290.0,55.5985391302278,0.97,0.0,0.0,0.0,0.0,0.0,0.0,0.03,303.59,75.8,0.9552356796995948,0.7334899621402085,55.69052069846176,55.572187253589526,771.2118059556925,179.78150145577328,0.9655172248508184,0.0,0.0,0.0,0.0,0.0,0.0,0.0344827751491816,0.9710430783720104,0.0,0.0,0.0,0.0,0.0,0.0,0.0289569216279894,1.507079710802925,2.4845932625608182,1.0000000002427578,0.0,0.0,0.0,0.0,0.0,0.0,1.000000000309339,1.416798301305132,773.2637021553837,185.44864903964933,302.7106577576344,56.27641671412855
17,290.0,55.61166506854693,0.97,0.0,0.0,0.0,0.0,0.0,0.0,0.03,303.59,75.8,0.9552356796995948,0.7336631275533897,55.69052069846176,55.572187253589526,771.2412773810009,179.88784822922418,0.9661536669025538,0.0,0.0,0.0,0.0,0.0,0.0,0.0338463330974463,0.9715646576734608,0.0,0.0,0.0,0.0,0.0,0.0,0.0284353423265393,1.5052711067987656,2.485767538428292,1.000000000146861,0.0,0.0,0.0,0.0,0.0,0.0,1.0000000001859768,1.416798301305132,773.2637021553837,185.44864903964933,302.7106577576344,56.27641671412855
17,290.0,55.62479100686607,0.97,0.0,0.0,0.0,0.0,0.0,0.0,0.03,303.59,75.8,0.9552356796995948,0.7338362929665708,55.69052069846176,55.572187253589526,771.271101573785,179.99431802704274,0.9667911788231006,0.0,0.0,0.0,0.0,0.0,0.0,0.0332088211768994,0.9720875925647172,0.0,0.0,0.0,0.0,0.0,0.0,0.0279124074352827,1.5034647503553191,2.4869426936556835,1.0000000001486742,0.0,0.0,0.0,0.0,0.0,0.0,1.0000000001882556,1.416798301305132,773.2637021553837,185.44864903964933,302.7106577576344,56.27641671412855
17,290.0,55.63791694518521,0.97,0.0,0.0,0.0,0.0,0.0,0.0,0.03,303.59,75.8,0.9552356796995948,0.7340094583797522,55.69052069846176,55.572187253589526,771.3012811303512,180.10091140824946,0.9674297792232064,0.0,0.0,0.0,0.0,0.0,0.0,0.0325702207767936,0.9726118928384636,0.0,0.0,0.0,0.0,0.0,0.0,0.0273881071615363,1.5016342156157003,2.4842043984068085,1.0,0.0,0.0,0.0,0.0,0.0,0.0,1.0,1.416798301305132,773.2637021553837,185.44864903964933,302.7106577576344,56.27641671412855
17,290.0,55.651042883504346,0.97,0.0,0.0,0.0,0.0,0.0,0.0,0.03,303.59,75.8,0.9552356796995948,0.7341826237929333,55.69052069846176,55.572187253589526,771.3318190356189,180.2076289388403,0.968069456563281,0.0,0.0,0.0,0.0,0.0,0.0,0.031930543436719,0.9731375682868366,0.0,0.0,0.0,0.0,0.0,0.0,0.0268624317131633,1.499831707768259,2.485445194594516,1.0,0.0,0.0,0.0,0.0,0.0,0.0,1.0,1.416798301305132,773.2637021553837,185.44864903964933,302.7106577576344,56.27641671412855
17,290.0,55.66416882182348,0.97,0.0,0.0,0.0,0.0,0.0,0.0,0.03,303.59,75.8,0.9552356796995948,0.7343557892061146,55.69052069846176,55.572187253589526,771.3627179465492,180.31447119059956,0.9687102294439736,0.0,0.0,0.0,0.0,0.0,0.0,0.0312897705560264,0.9736646289243122,0.0,0.0,0.0,0.0,0.0,0.0,0.0263353710756878,1.4980352143661226,2.486614329953631,1.0,0.0,0.0,0.0,0.0,0.0,0.0,1.0,1.416798301305132,773.2637021553837,185.44864903964933,302.7106577576344,56.27641671412855
17,290.0,55.677294760142615,0.97,0.0,0.0,0.0,0.0,0.0,0.0,0.03,303.59,75.8,0.9552356796995948,0.7345289546192958,55.69052069846176,55.572187253589526,771.3939806728814,180.4214387419277,0.969352106652146,0.0,0.0,0.0,0.0,0.0,0.0,0.0306478933478541,0.9741930848571644,0.0,0.0,0.0,0.0,0.0,0.0,0.0258069151428356,1.496262714021149,2.4916543307025507,1.000000000156393,0.0,0.0,0.0,0.0,0.0,0.0,1.0000000001977851,1.416798301305132,773.2637021553837,185.44864903964933,302.7106577576344,56.27641671412855
17,290.0,55.69042069846175,0.97,0.0,0.0,0.0,0.0,0.0,0.0,0.03,303.59,75.8,0.9552356796995948,0.7347021200324769,55.69052069846176,55.572187253589526,771.4256100053889,180.5285321761785,0.969995102472729,0.0,0.0,0.0,0.0,0.0,0.0,0.0300048975272709,0.9747229466065233,0.0,0.0,0.0,0.0,0.0,0.0,0.0252770533934766,1.4944681136859772,2.4928318156494527,1.0000000001583975,0.0,0.0,0.0,0.0,0.0,0.0,1.0000000002003098,1.416798301305132,773.2637021553837,185.44864903964933,302.7106577576344,56.27641671412855
17,295.0,62.508462370902734,0.97,0.0,0.0,0.0,0.0,0.0,0.0,0.03,303.59,75.8,0.9717052603840708,0.8246498993522788,62.62139860528648,62.50836237090273,707.7354992579332,221.14304821629133,0.9653264960478782,0.0,0.0,0.0,0.0,0.0,0.0,0.0346735039521218,0.9700034794502596,0.0,0.0,0.0,0.0,0.0,0.0,0.0299965205497405,0.7842320150505284,3.2058623959608443,1.0000000000000824,0.0,0.0,0.0,0.0,0.0,0.0,1.0000000000001052,0.7007193320287873,705.9625820508377,229.82343987692175,302.7106577576344,63.31231171729296
17,295.0,62.5209997302787,0.97,0.0,0.0,0.0,0.0,0.0,0.0,0.03,303.59,75.8,0.9717052603840708,0.8248152998717507,62.62139860528648,62.50836237090273,707.7018956100488,221.27337167921667,0.9658425572126292,0.0,0.0,0.0,0.0,0.0,0.0,0.0341574427873706,0.970440213684292,0.0,0.0,0.0,0.0,0.0,0.0,0.029559786315708,0.7828804347083849,3.207970514000596,1.000000000000056,0.0,0.0,0.0,0.0,0.0,0.0,1.0000000000000806,0.7007193320287873,705.9625820508377,229.82343987692175,302.7106577576344,63.31231171729296
17,295.0,62.53353708965468,0.97,0.0,0.0,0.0,0.0,0.0,0.0,0.03,303.59,75.8,0.9717052603840708,0.8249807003912227,62.62139860528648,62.50836237090273,707.6684515393083,221.40384449037603,0.9663592923396505,0.0,0.0,0.0,0.0,0.0,0.0,0.0336407076603496,0.970877817074542,0.0,0.0,0.0,0.0,0.0,0.0,0.0291221829254579,0.7815303313428207,3.210079074307424,1.0000000000000897,0.0,0.0,0.0,0.0,0.0,0.0,1.0000000000000264,0.7007193320287873,705.9625820508377,229.82343987692175,302.7106577576344,63.31231171729296
17,295.0,62.54607444903065,0.97,0.0,0.0,0.0,0.0,0.0,0.0,0.03,303.59,75.8,0.9717052603840708,0.8251461009106946,62.62139860528648,62.50836237090273,707.6351672146545,221.5344670912205,0.9668767112262484,0.0,0.0,0.0,0.0,0.0,0.0,0.0331232887737516,0.9713162949461708,0.0,0.0,0.0,0.0,0.0,0.0,0.0286837050538291,0.7801817708975015,3.212190714454397,1.00000000000005,0.0,0.0,0.0,0.0,0.0,0.0,1.00000000000009,0.7007193320287873,705.9625820508377,229.82343987692175,302.7106577576344,63.31231171729296
17,295.0,62.55861180840662,0.97,0.0,0.0,0.0,0.0,0.0,0.0,0.03,303.59,75.8,0.9717052603840708,0.8253115014301665,62.62139860528648,62.50836237090273,707.6020438866525,221.66523995674265,0.9673948182212024,0.0,0.0,0.0,0.0,0.0,0.0,0.0326051817787975,0.9717556521438034,0.0,0.0,0.0,0.0,0.0,0.0,0.0282443478561966,0.7788347557665213,3.214306287529945,1.0000000000000735,0.0,0.0,0.0,0.0,0.0,0.0,1.0000000000001634,0.7007193320287873,705.9625820508377,229.82343987692175,302.7106577576344,63.31231171729296
17,295.0,62.57114916778259,0.97,0.0,0.0,0.0,0.0,0.0,0.0,0.03,303.59,75.8,0.9717052603840708,0.8254769019496385,62.62139860528648,62.50836237090273,707.5690815767739,221.7961635610018,0.9679136241359788,0.0,0.0,0.0,0.0,0.0,0.0,0.032086375864021,0.9721958936359022,0.0,0.0,0.0,0.0,0.0,0.0,0.0278041063640977,0.7774892951895118,3.2164253019632443,1.0000000000000795,0.0,0.0,0.0,0.0,0.0,0.0,1.0000000000000928,0.7007193320287873,705.9625820508377,229.82343987692175,302.7106577576344,63.31231171729296
17,295.0,62.58368652715856,0.97,0.0,0.0,0.0,0.0,0.0,0.0,0.03,303.59,75.8,0.9717052603840708,0.8256423024691103,62.62139860528648,62.50836237090273,707.5362840204862,221.9272383942837,0.9684331206780638,0.0,0.0,0.0,0.0,0.0,0.0,0.0315668793219362,0.9726370242154132,0.0,0.0,0.0,0.0,0.0,0.0,0.0273629757845868,0.7761453713611768,3.21854700666558,1.0000000000000455,0.0,0.0,0.0,0.0,0.0,0.0,1.0000000000000548,0.7007193320287873,705.9625820508377,229.82343987692175,302.7106577576344,63.31231171729296
17,295.0,62.59622388653453,0.97,0.0,0.0,0.0,0.0,0.0,0.0,0.03,303.59,75.8,0.9717052603840708,0.8258077029885822,62.62139860528648,62.50836237090273,707.503651290098,222.05846493875515,0.9689533185934868,0.0,0.0,0.0,0.0,0.0,0.0,0.0310466814065131,0.9730790489269244,0.0,0.0,0.0,0.0,0.0,0.0,0.0269209510730755,0.7748029933624185,3.220671743810152,1.0000000000000615,0.0,0.0,0.0,0.0,0.0,0.0,1.0000000000000402,0.7007193320287873,705.9625820508377,229.82343987692175,302.7106577576344,63.31231171729296
17,295.0,62.60876124591051,0.97,0.0,0.0,0.0,0.0,0.0,0.0,0.03,303.59,75.8,0.9717052603840708,0.8259731035080542,62.62139860528648,62.50836237090273,707.471184684492,222.18984368386185,0.969474222398618,0.0,0.0,0.0,0.0,0.0,0.0,0.030525777601382,0.9735219727995004,0.0,0.0,0.0,0.0,0.0,0.0,0.0264780272004995,0.7734621603243533,3.2228004777784407,1.0000000000000602,0.0,0.0,0.0,0.0,0.0,0.0,1.0000000000000335,0.7007193320287873,705.9625820508377,229.82343987692175,302.7106577576344,63.31231171729296
17,295.0,62.62129860528648,0.97,0.0,0.0,0.0,0.0,0.0,0.0,0.03,303.59,75.8,0.9717052603840708,0.8261385040275261,62.62139860528648,62.50836237090273,707.4388847146447,222.32137509941944,0.9699958408247747,0.0,0.0,0.0,0.0,0.0,0.0,0.0300041591752252,0.9739658013172444,0.0,0.0,0.0,0.0,0.0,0.0,0.0260341986827554,0.7721229259005046,3.2249297213701027,1.00000000000005,0.0,0.0,0.0,0.0,0.0,0.0,1.000000000000132,0.7007193320287873,705.9625820508377,229.82343987692175,302.7106577576344,63.31231171729296
18,200.0,2.633852339182392,0.95,0.0,0.0,0.0,0.01,0.0,0.0,0.04,303.14,76.54,0.6597611664577423,0.0344114494275201,4.568578437119871,2.633752339182392,1202.48251799367,7.163926320272885,0.9501499798390104,0.0,0.0,0.0,0.0001385749380187,0.0,0.0,0.0497114452229708,0.9499995515785836,0.0,0.0,0.0,0.0100294844575328,0.0,0.0,0.0399709639638835,22.4042586230937,0.6832332667445208,1.0000000076273805,0.0,0.0,0.0,5.137567425216287,0.0,0.0,1.0007413988089986,22.53960113748808,1221.920496490378,7.249541730897533,302.7106577576344,2.6239816647333654
18,200.0,2.848810794508778,0.95,0.0,0.0,0.0,0.01,0.0,0.0,0.04,303.14,76.54,0.6597611664577423,0.0372198954077446,4.568578437119871,2.633752339182392,1204.5949631513918,7.414413914038962,0.9577219649667048,0.0,0.0,0.0,0.0012059467675182,0.0,0.0,0.0410720882657768,0.8877530622937421,0.0,0.0,0.0,0.0808890659447521,0.0,0.0,0.0313578717615057,22.29522538568783,0.6871467305168466,1.000000006196902,0.0,0.0,0.0,5.116853663226207,0.0,0.0,1.0009107433226865,22.53960113748808,1221.920496490378,7.249541730897533,302.7106577576344,2.6239816647333654
18,200.0,3.0637692498351647,0.95,0.0,0.0,0.0,0.01,0.0,0.0,0.04,303.14,76.54,0.6597611664577423,0.0400283413879692,4.568578437119871,2.633752339182392,1203.564593815538,7.6494911583012515,0.9570678194124926,0.0,0.0,0.0,0.002294859980355,0.0,0.0,0.0406373206071524,0.8279282942974833,0.0,0.0,0.0,0.1430791761900824,0.0,0.0,0.0289925295124343,22.17029989009877,0.691083769650308,1.0000000045147204,0.0,0.0,0.0,5.08296267671544,0.0,0.0,1.0008066083916425,22.53960113748808,1221.920496490378,7.249541730897533,302.7106577576344,2.6239816647333654
18,200.0,3.278727705161552,0.95,0.0,0.0,0.0,0.01,0.0,0.0,0.04,303.14,76.54,0.6597611664577423,0.0428367873681937,4.568578437119871,2.633752339182392,1202.4339138038729,7.88485930844571,0.9561567703668136,0.0,0.0,0.0,0.0033870266445532,0.0,0.0,0.0404562029886331,0.7756942109358665,0.0,0.0,0.0,0.197221460295878,0.0,0.0,0.0270843287682553,22.04523627211441,0.6950533998019154,1.0000000038953274,0.0,0.0,0.0,5.048836000072468,0.0,0.0,1.0006969798045215,22.53960113748808,1221.920496490378,7.249541730897533,302.7106577576344,2.6239816647333654
18,200.0,3.4936861604879383,0.95,0.0,0.0,0.0,0.01,0.0,0.0,0.04,303.14,76.54,0.6597611664577423,0.0456452333484183,4.568578437119871,2.633752339182392,1201.2746205831013,8.120891576930338,0.9551758651735855,0.0,0.0,0.0,0.0044820623156455,0.0,0.0,0.0403420725107688,0.7297889616051253,0.0,0.0,0.0,0.2447647681147266,0.0,0.0,0.0254462702801481,21.92042708891469,0.6990297387566919,1.0000000032099128,0.0,0.0,0.0,5.014745470140783,0.0,0.0,1.0005887765063195,22.53960113748808,1221.920496490378,7.249541730897533,302.7106577576344,2.6239816647333654
18,200.0,3.708644615814325,0.95,0.0,0.0,0.0,0.01,0.0,0.0,0.04,303.14,76.54,0.6597611664577423,0.0484536793286428,4.568578437119871,2.633752339182392,1200.101924911757,8.357671633600894,0.9541648118518206,0.0,0.0,0.0,0.0055799064967692,0.0,0.0,0.0402552816514102,0.6891471126846226,0.0,0.0,0.0,0.2868418342878301,0.0,0.0,0.0240110530275472,21.79595484687181,0.7030080177153138,1.000000002437993,0.0,0.0,0.0,4.98076920917248,0.0,0.0,1.000483774185316,22.53960113748808,1221.920496490378,7.249541730897533,302.7106577576344,2.6239816647333654
18,200.0,3.923603071140712,0.95,0.0,0.0,0.0,0.01,0.0,0.0,0.04,303.14,76.54,0.6597611664577423,0.0512621253088674,4.568578437119871,2.633752339182392,1198.9210095344115,8.595231802089614,0.9531371680064632,0.0,0.0,0.0,0.0066805552408987,0.0,0.0,0.0401822767526379,0.6529190025705794,0.0,0.0,0.0,0.3243420938610828,0.0,0.0,0.0227389035683377,21.671846812484564,0.7069883379054134,1.0000000014467438,0.0,0.0,0.0,4.946938940379997,0.0,0.0,1.0003834959038032,22.53960113748808,1221.920496490378,7.249541730897533,302.7106577576344,2.6239816647333654
18,200.0,4.1385615264670985,0.95,0.0,0.0,0.0,0.01,0.0,0.0,0.04,303.14,76.54,0.6597611664577423,0.0540705712890919,4.568578437119871,2.633752339182392,1197.7341129675128,8.833589399602515,0.9520988145523844,0.0,0.0,0.0,0.0077840212115224,0.0,0.0,0.0401171642360932,0.6204256913806918,0.0,0.0,0.0,0.3579724667898294,0.0,0.0,0.0216018418294787,21.54811363477759,0.7109815092931783,1.0000000005875096,0.0,0.0,0.0,4.913272431494381,0.0,0.0,1.0003404501871025,22.53960113748808,1221.920496490378,7.249541730897533,302.7106577576344,2.6239816647333654
18,200.0,4.353519981793485,0.95,0.0,0.0,0.0,0.01,0.0,0.0,0.04,303.14,76.54,0.6597611664577423,0.0568790172693165,4.568578437119871,2.633752339182392,1196.5423520577792,9.0727561032831,0.9510527078671676,0.0,0.0,0.0,0.0088903233277001,0.0,0.0,0.0400569688051323,0.5911197199146017,0.0,0.0,0.0,0.388301604252968,0.0,0.0,0.0205786758324303,21.424759999356173,0.7150004574826782,1.0000000006091838,0.0,0.0,0.0,4.879781660506266,0.0,0.0,1.0002986007543135,22.53960113748808,1221.920496490378,7.249541730897533,302.7106577576344,2.6239816647333654
18,200.0,4.568478437119872,0.95,0.0,0.0,0.0,0.01,0.0,0.0,0.04,303.14,76.54,0.6597611664577423,0.059687463249541,4.568578437119871,2.633752339182392,1195.3463397953394,9.312741130237995,0.9500004907370212,0.0,0.0,0.0,0.0099994833574309,0.0,0.0,0.0400000259055477,0.5645552399358734,0.0,0.0,0.0,0.4157920279912165,0.0,0.0,0.0196527320729099,21.301787677165475,0.7190220451103891,1.0000000002091154,0.0,0.0,0.0,4.846476025030295,0.0,0.0,1.0002576564507737,22.53960113748808,1221.920496490378,7.249541730897533,302.7106577576344,2.6239816647333654
18,205.0,3.363142468915706,0.95,0.0,0.0,0.0,0.01,0.0,0.0,0.04,303.14,76.54,0.6762551956191859,0.0439396716607748,5.294999837602899,3.363042468915706,1186.8235356630828,9.00419355480655,0.9490492916644933,0.0,0.0,0.0,0.0001778955884592,0.0,0.0,0.0507728127470474,0.9500021209384109,0.0,0.0,0.0,0.0100219121656377,0.0,0.0,0.0399759668959514,21.04760828149917,0.7108483035483772,1.0,0.0,0.0,0.0,4.431831589861706,0.0,0.0,1.0000009470467568,21.15779579629945,1206.2779501886548,9.12387059747945,302.7106577576344,3.35468958110042
18,205.0,3.5777821765476165,0.95,0.0,0.0,0.0,0.01,0.0,0.0,0.04,303.14,76.54,0.6762551956191859,0.0467439531819652,5.294999837602899,3.363042468915706,1189.1702383152565,9.261319681393609,0.9574148258963916,0.0,0.0,0.0,0.0012322917022024,0.0,0.0,0.041352882401406,0.9031407394329888,0.0,0.0,0.0,0.0654090323148361,0.0,0.0,0.031450228252175,20.949202889497133,0.7144841360406261,1.0,0.0,0.0,0.0,4.415716813262398,0.0,0.0,1.0000056650402422,21.15779579629945,1206.2779501886548,9.12387059747945,302.7106577576344,3.35468958110042
18,205.0,3.792421884179527,0.95,0.0,0.0,0.0,0.01,0.0,0.0,0.04,303.14,76.54,0.6762551956191859,0.0495482347031555,5.294999837602899,3.363042468915706,1188.200688166084,9.496436744554115,0.9569141700336344,0.0,0.0,0.0,0.0023180065691742,0.0,0.0,0.0407678233971912,0.8545553846411321,0.0,0.0,0.0,0.1160438063611083,0.0,0.0,0.0294008089977595,20.837799726732424,0.7181428069972641,1.0,0.0,0.0,0.0,4.389444082235678,0.0,0.0,1.0000007145144114,21.15779579629945,1206.2779501886548,9.12387059747945,302.7106577576344,3.35468958110042
18,205.0,4.007061591811437,0.95,0.0,0.0,0.0,0.01,0.0,0.0,0.04,303.14,76.54,0.6762551956191859,0.0523525162243459,5.294999837602899,3.363042468915706,1187.0968625444766,9.731411444148378,0.9560604936540992,0.0,0.0,0.0,0.0034073097705402,0.0,0.0,0.0405321965753606,0.8108533305847558,0.0,0.0,0.0,0.1613657038969549,0.0,0.0,0.0277809655182892,20.726155692359605,0.721812882486956,1.0,0.0,0.0,0.0,4.362873769003363,0.0,0.0,1.0000002357781288,21.15779579629945,1206.2779501886548,9.12387059747945,302.7106577576344,3.35468958110042
18,205.0,4.221701299443348,0.95,0.0,0.0,0.0,0.01,0.0,0.0,0.04,303.14,76.54,0.6762551956191859,0.0551567977455362,5.294999837602899,3.363042468915706,1185.9551972446825,9.966907261624543,0.9551106156409752,0.0,0.0,0.0,0.0044994200128453,0.0,0.0,0.0403899643461792,0.7714824254722803,0.0,0.0,0.0,0.2021393168231205,0.0,0.0,0.026378257704599,20.61468859702408,0.7254785225298868,1.0,0.0,0.0,0.0,4.3363270556057545,0.0,0.0,1.0000000918689445,21.15779579629945,1206.2779501886548,9.12387059747945,302.7106577576344,3.35468958110042
18,205.0,4.436341007075258,0.95,0.0,0.0,0.0,0.01,0.0,0.0,0.04,303.14,76.54,0.6762551956191859,0.0579610792667266,5.294999837602899,3.363042468915706,1184.7964252087709,10.203071053244868,0.954119759079424,0.0,0.0,0.0,0.0055941873194294,0.0,0.0,0.0402860536011466,0.7358587568453187,0.0,0.0,0.0,0.2390100431445518,0.0,0.0,0.0251312000101296,20.503487911782205,0.7291547728393134,1.0,0.0,0.0,0.0,4.310037946975132,0.0,0.0,1.0000000402827336,21.15779579629945,1206.2779501886548,9.12387059747945,302.7106577576344,3.35468958110042
18,205.0,4.650980714707168,0.95,0.0,0.0,0.0,0.01,0.0,0.0,0.04,303.14,76.54,0.6762551956191859,0.060765360787917,5.294999837602899,3.363042468915706,1183.6276553529492,10.439956749211513,0.9531068833013722,0.0,0.0,0.0,0.0066915754193075,0.0,0.0,0.0402015412793203,0.7034814113526024,0.0,0.0,0.0,0.2725100717231531,0.0,0.0,0.0240085169242444,20.39258353488916,0.7328567027714811,1.0,0.0,0.0,0.0,4.283892671663041,0.0,0.0,1.000000023594747,21.15779579629945,1206.2779501886548,9.12387059747945,302.7106577576344,3.35468958110042
18,205.0,4.865620422339078,0.95,0.0,0.0,0.0,0.01,0.0,0.0,0.04,303.14,76.54,0.6762551956191859,0.0635696423091073,5.294999837602899,3.363042468915706,1182.4519751098724,10.677590894153672,0.9520802436371018,0.0,0.0,0.0,0.0077915806153817,0.0,0.0,0.0401281757475164,0.6739302790776523,0.0,0.0,0.0,0.3030799605956076,0.0,0.0,0.0229897603267401,20.281987558825914,0.7365546762526756,1.0,0.0,0.0,0.0,4.257873923358206,0.0,0.0,1.0000000120248254,21.15779579629945,1206.2779501886548,9.12387059747945,302.7106577576344,3.35468958110042
18,205.0,5.080260129970989,0.95,0.0,0.0,0.0,0.01,0.0,0.0,0.04,303.14,76.54,0.6762551956191859,0.0663739238302977,5.294999837602899,3.363042468915706,1181.270934388887,10.915989605528283,0.9510440041701032,0.0,0.0,0.0,0.0088942120190203,0.0,0.0,0.0400617838108763,0.6468531041017694,0.0,0.0,0.0,0.3310870258520066,0.0,0.0,0.0220598700462238,20.17170540263353,0.740249827595023,1.0,0.0,0.0,0.0,4.231990156901901,0.0,0.0,1.0000000069023771,21.15779579629945,1206.2779501886548,9.12387059747945,302.7106577576344,3.35468958110042
18,205.0,5.294899837602899,0.95,0.0,0.0,0.0,0.01,0.0,0.0,0.04,303.14,76.54,0.6762551956191859,0.0691782053514881,5.294999837602899,3.363042468915706,1180.0853910937683,11.155164357044558,0.9500004876151356,0.0,0.0,0.0,0.0099994844506697,0.0,0.0,0.0400000279341946,0.6219531543285403,0.0,0.0,0.0,0.3568397907116359,0.0,0.0,0.0212070549598238,20.061739400246715,0.7439844967727375,1.0,0.0,0.0,0.0,4.206247370585781,0.0,0.0,1.000000004138912,21.15779579629945,1206.2779501886548,9.12387059747945,302.7106577576344,3.35468958110042
18,210.0,4.239286887086728,0.95,0.0,0.0,0.0,0.01,0.0,0.0,0.04,303.14,76.54,0.6927492247806294,0.0553865545739055,6.167245925574004,4.239186887086729,1170.9038320401776,11.192286561634564,0.9481157457862286,0.0,0.0,0.0,0.0002256444550034,0.0,0.0,0.051658609758768,0.9500031917190792,0.0,0.0,0.0,0.0100165566816053,0.0,0.0,0.0399802515993153,19.70749209041399,0.7404980211962049,1.0,0.0,0.0,0.0,3.852737771364159,0.0,0.0,1.0000000018447397,19.793904820789816,1190.2941504876192,11.354703713715036,302.7106577576344,4.233266563955471
18,210.0,4.453493446918648,0.95,0.0,0.0,0.0,0.01,0.0,0.0,0.04,303.14,76.54,0.6927492247806294,0.0581851769913593,6.167245925574004,4.239186887086729,1173.38707930717,11.458315952686783,0.9570417617766278,0.0,0.0,0.0,0.0012635692208837,0.0,0.0,0.0416946690024884,0.9149314572428296,0.0,0.0,0.0,0.0535081313513587,0.0,0.0,0.0315604114058117,19.617425342038597,0.7439238264494507,1.0,0.0,0.0,0.0,3.839643059573601,0.0,0.0,1.0000000010279797,19.793904820789816,1190.2941504876192,11.354703713715036,302.7106577576344,4.233266563955471
18,210.0,4.667700006750567,0.95,0.0,0.0,0.0,0.01,0.0,0.0,0.04,303.14,76.54,0.6927492247806294,0.0609837994088132,6.167245925574004,4.239186887086729,1172.487357717596,11.694600900584955,0.956725970170924,0.0,0.0,0.0,0.0023450008903635,0.0,0.0,0.0409290289387126,0.8755549712410942,0.0,0.0,0.0,0.0947277960478985,0.0,0.0,0.0297172327110072,19.5176755847352,0.7473361554671804,1.0,0.0,0.0,0.0,3.819254627345515,0.0,0.0,1.0,19.793904820789816,1190.2941504876192,11.354703713715036,302.7106577576344,4.233266563955471
18,210.0,4.881906566582488,0.95,0.0,0.0,0.0,0.01,0.0,0.0,0.04,303.14,76.54,0.6927492247806294,0.0637824218262671,6.167245925574004,4.239186887086729,1171.4141734226484,11.930083305838442,0.9559427561889616,0.0,0.0,0.0,0.0034307293216307,0.0,0.0,0.0406265144894076,0.8392240460470465,0.0,0.0,0.0,0.132454498053145,0.0,0.0,0.0283214558998084,19.417643578554426,0.7507652618874999,1.0,0.0,0.0,0.0,3.79857176495676,0.0,0.0,1.0,19.793904820789816,1190.2941504876192,11.354703713715036,302.7106577576344,4.233266563955471
18,210.0,5.096113126414407,0.95,0.0,0.0,0.0,0.01,0.0,0.0,0.04,303.14,76.54,0.6927492247806294,0.066581044243721,6.167245925574004,4.239186887086729,1170.2921728287522,12.165884204442676,0.955031139299912,0.0,0.0,0.0,0.0045193125609494,0.0,0.0,0.0404495481391383,0.8058150859446385,0.0,0.0,0.0,0.1670682901540011,0.0,0.0,0.0271166239013603,19.31773637866924,0.7541834197822965,1.0,0.0,0.0,0.0,3.777889957563603,0.0,0.0,1.0,19.793904820789816,1190.2941504876192,11.354703713715036,302.7106577576344,4.233266563955471
18,210.0,5.310319686246326,0.95,0.0,0.0,0.0,0.01,0.0,0.0,0.04,303.14,76.54,0.6927492247806294,0.0693796666611748,6.167245925574004,4.239186887086729,1169.1485795715196,12.402252330560769,0.9540651505641162,0.0,0.0,0.0,0.0056104521287699,0.0,0.0,0.0403243973071138,0.7750328733598391,0.0,0.0,0.0,0.1989294298366364,0.0,0.0,0.0260376968035244,19.21804316205373,0.7576311156358827,1.0,0.0,0.0,0.0,3.7572753280668345,0.0,0.0,1.000000000015283,19.793904820789816,1190.2941504876192,11.354703713715036,302.7106577576344,4.233266563955471
18,210.0,5.524526246078246,0.95,0.0,0.0,0.0,0.01,0.0,0.0,0.04,303.14,76.54,0.6927492247806294,0.0721782890786287,6.167245925574004,4.239186887086729,1167.9927938449405,12.63927695327582,0.9530703690981658,0.0,0.0,0.0,0.0067040571952961,0.0,0.0,0.040225573706538,0.7465936760788663,0.0,0.0,0.0,0.2283501684405358,0.0,0.0,0.0250561554805979,19.118594000918662,0.7610807461344387,1.0,0.0,0.0,0.0,3.7367517799000094,0.0,0.0,1.0,19.793904820789816,1190.2941504876192,11.354703713715036,302.7106577576344,4.233266563955471
18,210.0,5.738732805910166,0.95,0.0,0.0,0.0,0.01,0.0,0.0,0.04,303.14,76.54,0.6927492247806294,0.0749769114960826,6.167245925574004,4.239186887086729,1166.8289167412884,12.876999958269812,0.9520579747650012,0.0,0.0,0.0,0.0078000995885396,0.0,0.0,0.0401419256464592,0.7202459312505823,0.0,0.0,0.0,0.2555987697090438,0.0,0.0,0.0241552990403739,19.019401535262872,0.7645233634051778,1.0,0.0,0.0,0.0,3.7163304101933528,0.0,0.0,1.0,19.793904820789816,1190.2941504876192,11.354703713715036,302.7106577576344,4.233266563955471
18,210.0,5.952939365742085,0.95,0.0,0.0,0.0,0.01,0.0,0.0,0.04,303.14,76.54,0.6927492247806294,0.0777755339135365,6.167245925574004,4.239186887086729,1165.659017609829,13.115445099864818,0.9510336247875112,0.0,0.0,0.0,0.0088985738642318,0.0,0.0,0.0400678013482568,0.6957702678751313,0.0,0.0,0.0,0.2809061110326806,0.0,0.0,0.023323621092188,18.920471471448256,0.7680045865355084,1.0,0.0,0.0,0.0,3.69601744618611,0.0,0.0,1.0,19.793904820789816,1190.2941504876192,11.354703713715036,302.7106577576344,4.233266563955471
18,210.0,6.167145925574005,0.95,0.0,0.0,0.0,0.01,0.0,0.0,0.04,303.14,76.54,0.6927492247806294,0.0805741563309903,6.167245925574004,4.239186887086729,1164.4842478775254,13.354627956997884,0.9500004836810564,0.0,0.0,0.0,0.0099994858556695,0.0,0.0,0.040000030463274,0.6729758739899969,0.0,0.0,0.0,0.3044717017476779,0.0,0.0,0.022552424262325,18.821806949996816,0.7714762628386808,1.0,0.0,0.0,0.0,3.675816820426349,0.0,0.0,1.0,19.793904820789816,1190.2941504876192,11.354703713715036,302.7106577576344,4.233266563955471
18,215.0,5.28075962125216,0.95,0.0,0.0,0.0,0.01,0.0,0.0,0.04,303.14,76.54,0.709243253942073,0.0689934625196258,7.203761624294222,5.28065962125216,1154.6562145763637,13.774136856623528,0.9473364279347738,0.0,0.0,0.0,0.0002830645120152,0.0,0.0,0.052380507553211,0.950003484939518,0.0,0.0,0.0,0.0100127133532144,0.0,0.0,0.0399838017072674,18.38407731755725,0.772392958383658,1.0,0.0,0.0,0.0,3.3740918553494583,0.0,0.0,1.000000001332979,18.448205290897207,1173.908539729092,13.989350648063478,302.7106577576344,5.278346606766283
18,215.0,5.494415399367944,0.95,0.0,0.0,0.0,0.01,0.0,0.0,0.04,303.14,76.54,0.709243253942073,0.0717848889386979,7.203761624294222,5.28065962125216,1157.1866941787168,14.051336865923968,0.9565984975580768,0.0,0.0,0.0,0.001300944133645,0.0,0.0,0.042100558308278,0.9239722772225342,0.0,0.0,0.0,0.0443133588400028,0.0,0.0,0.0317143639374629,18.300722109551792,0.7756723395479335,1.0,0.0,0.0,0.0,3.3629957597286606,0.0,0.0,1.0000000010707804,18.448205290897207,1173.908539729092,13.989350648063478,302.7106577576344,5.278346606766283
18,215.0,5.708071177483729,0.95,0.0,0.0,0.0,0.01,0.0,0.0,0.04,303.14,76.54,0.709243253942073,0.0745763153577701,7.203761624294222,5.28065962125216,1156.365180907159,14.290119705793826,0.9564992770214668,0.0,0.0,0.0,0.0023766517296737,0.0,0.0,0.0411240712488594,0.8921000875577955,0.0,0.0,0.0,0.0779138919468162,0.0,0.0,0.0299860204953882,18.21106275448492,0.778883324707131,1.0,0.0,0.0,0.0,3.3469751429654724,0.0,0.0,1.0000000008192478,18.448205290897207,1173.908539729092,13.989350648063478,302.7106577576344,5.278346606766283
18,215.0,5.921726955599514,0.95,0.0,0.0,0.0,0.01,0.0,0.0,0.04,303.14,76.54,0.709243253942073,0.0773677417768423,7.203761624294222,5.28065962125216,1155.3265515417188,14.527118393142768,0.9558008053128484,0.0,0.0,0.0,0.0034579046622871,0.0,0.0,0.0407412900248643,0.8620095225654737,0.0,0.0,0.0,0.1092348581174629,0.0,0.0,0.0287556193170633,18.12114710714219,0.7821170050289468,1.0,0.0,0.0,0.0,3.330731415661964,0.0,0.0,1.0000000005362608,18.448205290897207,1173.908539729092,13.989350648063478,302.7106577576344,5.278346606766283
18,215.0,6.135382733715298,0.95,0.0,0.0,0.0,0.01,0.0,0.0,0.04,303.14,76.54,0.709243253942073,0.0801591681959145,7.203761624294222,5.28065962125216,1154.2263908351326,14.764142465534276,0.9549355165794609,0.0,0.0,0.0,0.0045422228001682,0.0,0.0,0.0405222606203708,0.8338558607048198,0.0,0.0,0.0,0.1384341416210096,0.0,0.0,0.0277099976741707,18.031329566579675,0.7853508183139659,1.0,0.0,0.0,0.0,3.3144753570882237,0.0,0.0,1.0000000002954292,18.448205290897207,1173.908539729092,13.989350648063478,302.7106577576344,5.278346606766283
18,215.0,6.349038511831084,0.95,0.0,0.0,0.0,0.01,0.0,0.0,0.04,303.14,76.54,0.709243253942073,0.0829505946149867,7.203761624294222,5.28065962125216,1153.0993450797096,15.00159836654312,0.9539996603078597,0.0,0.0,0.0,0.0056290694275064,0.0,0.0,0.0403712702646338,0.807519684832777,0.0,0.0,0.0,0.1657061144215487,0.0,0.0,0.0267742007456742,17.94168991362566,0.7885894035103419,1.0,0.0,0.0,0.0,3.2982653403870943,0.0,0.0,1.0000000001074878,18.448205290897207,1173.908539729092,13.989350648063478,302.7106577576344,5.278346606766283
18,215.0,6.562694289946868,0.95,0.0,0.0,0.0,0.01,0.0,0.0,0.04,303.14,76.54,0.709243253942073,0.0857420210340588,7.203761624294222,5.28065962125216,1151.9574722228162,15.239630746276106,0.953026743922496,0.0,0.0,0.0,0.0067182686858575,0.0,0.0,0.0402549873916464,0.7828508826416072,0.0,0.0,0.0,0.1912305588488497,0.0,0.0,0.0259185585095431,17.8522555240728,0.7918484048387818,1.0,0.0,0.0,0.0,3.2821221546373187,0.0,0.0,1.0,18.448205290897207,1173.908539729092,13.989350648063478,302.7106577576344,5.278346606766283
18,215.0,6.776350068062653,0.95,0.0,0.0,0.0,0.01,0.0,0.0,0.04,303.14,76.54,0.709243253942073,0.088533447453131,7.203761624294222,5.28065962125216,1150.8060603632034,15.47830584067283,0.9520314773176772,0.0,0.0,0.0,0.0078097525397425,0.0,0.0,0.0401587701425802,0.7597046163568915,0.0,0.0,0.0,0.21516792242583,0.0,0.0,0.0251274612172784,17.763037957411928,0.7950931157260037,1.0,0.0,0.0,0.0,3.2660552135369434,0.0,0.0,1.0,18.448205290897207,1173.908539729092,13.989350648063478,302.7106577576344,5.278346606766283
18,215.0,6.990005846178438,0.95,0.0,0.0,0.0,0.01,0.0,0.0,0.04,303.14,76.54,0.709243253942073,0.0913248738722032,7.203761624294222,5.28065962125216,1149.647788237323,15.717659688064122,0.9510213265617355,0.0,0.0,0.0,0.008903494422288,0.0,0.0,0.0400751790159763,0.7379484940947413,0.0,0.0,0.0,0.2376604444637166,0.0,0.0,0.0243910614415422,17.67404251072113,0.7983777858984397,1.0,0.0,0.0,0.0,3.2500695463721008,0.0,0.0,1.0,18.448205290897207,1173.908539729092,13.989350648063478,302.7106577576344,5.278346606766283
18,215.0,7.203661624294222,0.95,0.0,0.0,0.0,0.01,0.0,0.0,0.04,303.14,76.54,0.709243253942073,0.0941163002912754,7.203761624294222,5.28065962125216,1148.4841533115034,15.957714667388508,0.9500004795522872,0.0,0.0,0.0,0.0099994868376658,0.0,0.0,0.0400000336100469,0.7174634059624176,0.0,0.0,0.0,0.2588342242746224,0.0,0.0,0.0237023697629599,17.585272191100472,0.8016509901178331,1.0,0.0,0.0,0.0,3.234168099242434,0.0,0.0,1.0,18.448205290897207,1173.908539729092,13.989350648063478,302.7106577576344,5.278346606766283
18,220.0,6.506890711249725,0.95,0.0,0.0,0.0,0.01,0.0,0.0,0.04,303.14,76.54,0.7257372831035166,0.0850129437059018,8.423768102871254,6.506790711249725,1138.007749333334,16.80090862846259,0.946698609411968,0.0,0.0,0.0,0.000351514671738,0.0,0.0,0.052949875916294,0.9500033918354006,0.0,0.0,0.0,0.0100099128149866,0.0,0.0,0.0399866953496128,17.077730420675632,0.8068630227984599,1.0,0.0,0.0,0.0,2.9759763090561977,0.0,0.0,1.0,17.121140165384258,1157.0541060432145,17.08052563899556,302.7106577576344,6.509407158415541
18,220.0,6.71986597698545,0.95,0.0,0.0,0.0,0.01,0.0,0.0,0.04,303.14,76.54,0.7257372831035166,0.0877954791871629,8.423768102871254,6.506790711249725,1140.5050398799342,17.091460370709,0.9560833646793012,0.0,0.0,0.0,0.0013459074057843,0.0,0.0,0.0425707279149145,0.9308985719571106,0.0,0.0,0.0,0.0371733712639934,0.0,0.0,0.0319280567788961,16.999980032483577,0.809992367423078,1.0,0.0,0.0,0.0,2.966441804887182,0.0,0.0,1.0,17.121140165384258,1157.0541060432145,17.08052563899556,302.7106577576344,6.509407158415541
18,220.0,6.932841242721176,0.95,0.0,0.0,0.0,0.01,0.0,0.0,0.04,303.14,76.54,0.7257372831035166,0.090578014668424,8.423768102871254,6.506790711249725,1139.7686387535955,17.33431621854535,0.956230466296354,0.0,0.0,0.0,0.0024140058675208,0.0,0.0,0.0413555278361252,0.9051400194143516,0.0,0.0,0.0,0.0646199166031929,0.0,0.0,0.0302400639824553,16.919092140362913,0.813062991881234,1.0,0.0,0.0,0.0,2.9537707178414303,0.0,0.0,1.0000000000492109,17.121140165384258,1157.0541060432145,17.08052563899556,302.7106577576344,6.509407158415541
18,220.0,7.145816508456901,0.95,0.0,0.0,0.0,0.01,0.0,0.0,0.04,303.14,76.54,0.7257372831035166,0.0933605501496851,8.423768102871254,6.506790711249725,1138.768437584699,17.57397484167779,0.95563187241582,0.0,0.0,0.0,0.0034896355158426,0.0,0.0,0.0408784920683373,0.8802726387531103,0.0,0.0,0.0,0.0906038387802615,0.0,0.0,0.029123522466628,16.83804629752427,0.8161352012845741,1.0,0.0,0.0,0.0,2.9408756764675306,0.0,0.0,1.0,17.121140165384258,1157.0541060432145,17.08052563899556,302.7106577576344,6.509407158415541
18,220.0,7.358791774192626,0.95,0.0,0.0,0.0,0.01,0.0,0.0,0.04,303.14,76.54,0.7257372831035166,0.0961430856309462,8.423768102871254,6.506790711249725,1137.692374252064,17.813235438453358,0.9548217453603268,0.0,0.0,0.0,0.0045687721704708,0.0,0.0,0.0406094824692023,0.8566518342153073,0.0,0.0,0.0,0.1151476421830287,0.0,0.0,0.0282005236016638,16.757097438314084,0.8192136824983245,1.0,0.0,0.0,0.0,2.927965572027269,0.0,0.0,1.0,17.121140165384258,1157.0541060432145,17.08052563899556,302.7106577576344,6.509407158415541
18,220.0,7.571767039928352,0.95,0.0,0.0,0.0,0.01,0.0,0.0,0.04,303.14,76.54,0.7257372831035166,0.0989256211122073,8.423768102871254,6.506790711249725,1136.5833326331558,18.05273965619244,0.9539218750749452,0.0,0.0,0.0,0.0056505137148021,0.0,0.0,0.0404276112102527,0.834270252794167,0.0,0.0,0.0,0.1383480321637281,0.0,0.0,0.0273817150421048,16.676305580813676,0.8223127229259263,1.0,0.0,0.0,0.0,2.9150891028679853,0.0,0.0,1.0,17.121140165384258,1157.0541060432145,17.08052563899556,302.7106577576344,6.509407158415541
18,220.0,7.784742305664078,0.95,0.0,0.0,0.0,0.01,0.0,0.0,0.04,303.14,76.54,0.7257372831035166,0.1017081565934684,8.423768102871254,6.506790711249725,1135.4563814184044,18.29271596355886,0.9529750562674338,0.0,0.0,0.0,0.0067345528355962,0.0,0.0,0.0402903908969699,0.8130608793361738,0.0,0.0,0.0,0.1603055482219009,0.0,0.0,0.0266335724419253,16.5956917075811,0.8254133796383073,1.0,0.0,0.0,0.0,2.902263659913904,0.0,0.0,1.0,17.121140165384258,1157.0541060432145,17.08052563899556,302.7106577576344,6.509407158415541
18,220.0,7.997717571399804,0.95,0.0,0.0,0.0,0.01,0.0,0.0,0.04,303.14,76.54,0.7257372831035166,0.1044906920747296,8.423768102871254,6.506790711249725,1134.318166078363,18.53326779354374,0.9520001728239228,0.0,0.0,0.0,0.0078207617816057,0.0,0.0,0.0401790653944715,0.7929458684686268,0.0,0.0,0.0,0.1811143965643223,0.0,0.0,0.0259397349670508,16.5152647111682,0.8285324755900297,1.0,0.0,0.0,0.0,2.8894969626874043,0.0,0.0,1.0,17.121140165384258,1157.0541060432145,17.08052563899556,302.7106577576344,6.509407158415541
18,220.0,8.210692837135529,0.95,0.0,0.0,0.0,0.01,0.0,0.0,0.04,303.14,76.54,0.7257372831035166,0.1072732275559907,8.423768102871254,6.506790711249725,1133.1720669364672,18.774450143573105,0.9510068424869156,0.0,0.0,0.0,0.0089090822695621,0.0,0.0,0.0400840752435221,0.7738485674083809,0.0,0.0,0.0,0.2008607588113424,0.0,0.0,0.0252906737802766,16.43502875839829,0.831646667698363,1.0,0.0,0.0,0.0,2.8767929671745454,0.0,0.0,1.0,17.121140165384258,1157.0541060432145,17.08052563899556,302.7106577576344,6.509407158415541
18,220.0,8.423668102871254,0.95,0.0,0.0,0.0,0.01,0.0,0.0,0.04,303.14,76.54,0.7257372831035166,0.1100557630372518,8.423768102871254,6.506790711249725,1132.019980930253,19.01629601633357,0.9500004747421764,0.0,0.0,0.0,0.0099994878265808,0.0,0.0,0.0400000374312428,0.755696954093416,0.0,0.0,0.0,0.219622949761933,0.0,0.0,0.0246800961446511,16.354986171219853,0.8347859628267621,1.0,0.0,0.0,0.0,2.864153904577761,0.0,0.0,1.0,17.121140165384258,1157.0541060432145,17.08052563899556,302.7106577576344,6.509407158415541
18,225.0,7.937831000874747,0.95,0.0,0.0,0.0,0.01,0.0,0.0,0.04,303.14,76.54,0.7422313122649601,0.1037082701969525,9.847222324127255,7.937731000874747,1120.8780900368174,20.330203907499747,0.946190088982901,0.0,0.0,0.0,0.0004324850847303,0.0,0.0,0.0533774259323686,0.9500031222659658,0.0,0.0,0.0,0.0100078406886838,0.0,0.0,0.0399890370453503,15.789018076192264,0.8442287768083475,1.0,0.0,0.0,0.0,2.64253633293677,0.0,0.0,1.0,15.813326197117547,1139.6555629264626,20.687604017864448,302.7106577576344,7.946729358776584
18,225.0,8.149974481236137,0.95,0.0,0.0,0.0,0.01,0.0,0.0,0.04,303.14,76.54,0.7422313122649601,0.106479938349048,9.847222324127255,7.937731000874747,1123.2713868887845,20.636112669781443,0.9554984665204777,0.0,0.0,0.0,0.0014003093007389,0.0,0.0,0.0431012241787834,0.9361874413846416,0.0,0.0,0.0,0.0316030654028928,0.0,0.0,0.0322094932124654,15.71616893044551,0.8472763875588264,1.0,0.0,0.0,0.0,2.6342078945675462,0.0,0.0,1.0,15.813326197117547,1139.6555629264626,20.687604017864448,302.7106577576344,7.946729358776584
18,225.0,8.362117961597527,0.95,0.0,0.0,0.0,0.01,0.0,0.0,0.04,303.14,76.54,0.7422313122649601,0.1092516065011435,9.847222324127255,7.937731000874747,1122.6244596904296,20.884900898469542,0.955916535540248,0.0,0.0,0.0,0.0024583947076257,0.0,0.0,0.0416250697521261,0.915424488791526,0.0,0.0,0.0,0.0540722203969789,0.0,0.0,0.0305032908114949,15.64293543400589,0.8502435731940964,1.0,0.0,0.0,0.0,2.6240917159326616,0.0,0.0,1.0,15.813326197117547,1139.6555629264626,20.687604017864448,302.7106577576344,7.946729358776584
18,225.0,8.574261441958917,0.95,0.0,0.0,0.0,0.01,0.0,0.0,0.04,303.14,76.54,0.7422313122649601,0.112023274653239,9.847222324127255,7.937731000874747,1121.6662869906045,21.12853289109995,0.9554332679209712,0.0,0.0,0.0,0.0035269404744304,0.0,0.0,0.0410397916045983,0.8949061737894454,0.0,0.0,0.0,0.0756374067576919,0.0,0.0,0.0294564194528626,15.56971364273121,0.8532035913822404,1.0,0.0,0.0,0.0,2.6138068874441065,0.0,0.0,1.0,15.813326197117547,1139.6555629264626,20.687604017864448,302.7106577576344,7.946729358776584
18,225.0,8.786404922320306,0.95,0.0,0.0,0.0,0.01,0.0,0.0,0.04,303.14,76.54,0.7422313122649601,0.1147949428053345,9.847222324127255,7.937731000874747,1120.6165808232945,21.371164031620115,0.9546877715528878,0.0,0.0,0.0,0.0045997511234075,0.0,0.0,0.0407124773237046,0.8751445445757291,0.0,0.0,0.0,0.0962324634426159,0.0,0.0,0.0286229919816549,15.49661352345252,0.8561793490688601,1.0,0.0,0.0,0.0,2.603509445914589,0.0,0.0,1.0,15.813326197117547,1139.6555629264626,20.687604017864448,302.7106577576344,7.946729358776584
18,225.0,8.998548402681697,0.95,0.0,0.0,0.0,0.01,0.0,0.0,0.04,303.14,76.54,0.7422313122649601,0.11756661095743,9.847222324127255,7.937731000874747,1119.5270529792326,21.61377442622,0.9538303029597348,0.0,0.0,0.0,0.0056753872261054,0.0,0.0,0.0404943098141597,0.8562091653183781,0.0,0.0,0.0,0.1158947675946913,0.0,0.0,0.0278960670869307,15.42366400620686,0.8591506263129297,1.0,0.0,0.0,0.0,2.5932371984418774,0.0,0.0,1.0,15.813326197117547,1139.6555629264626,20.687604017864448,302.7106577576344,7.946729358776584
18,225.0,9.210691883043086,0.95,0.0,0.0,0.0,0.01,0.0,0.0,0.04,303.14,76.54,0.7422313122649601,0.1203382791095255,9.847222324127255,7.937731000874747,1118.4160928992264,21.856715399589323,0.9529142817312948,0.0,0.0,0.0,0.006753345852488,0.0,0.0,0.0403323724162173,0.8380865894605278,0.0,0.0,0.0,0.1346770806639796,0.0,0.0,0.0272363298754924,15.350875547713931,0.8621431728010003,1.0,0.0,0.0,0.0,2.5830036938860355,0.0,0.0,1.0,15.813326197117547,1139.6555629264626,20.687604017864448,302.7106577576344,7.946729358776584
18,225.0,9.422835363404475,0.95,0.0,0.0,0.0,0.01,0.0,0.0,0.04,303.14,76.54,0.7422313122649601,0.123109947261621,9.847222324127255,7.937731000874747,1117.2918645811017,22.100145486561757,0.9519634295868988,0.0,0.0,0.0,0.0078334104567761,0.0,0.0,0.0402031599563251,0.8207415108702012,0.0,0.0,0.0,0.1526331215492564,0.0,0.0,0.0266253675805423,15.278252586979317,0.8651342556564522,1.0,0.0,0.0,0.0,2.572814934387222,0.0,0.0,1.0,15.813326197117547,1139.6555629264626,20.687604017864448,302.7106577576344,7.946729358776584
18,225.0,9.634978843765868,0.95,0.0,0.0,0.0,0.01,0.0,0.0,0.04,303.14,76.54,0.7422313122649601,0.1258816154137166,9.847222324127255,7.937731000874747,1116.1585397160593,22.344148001474665,0.950989877540221,0.0,0.0,0.0,0.0089154760709625,0.0,0.0,0.0400946463888163,0.8041328619157544,0.0,0.0,0.0,0.169814113650101,0.0,0.0,0.0260530244341446,15.205797131053904,0.8681552949978105,1.0,0.0,0.0,0.0,2.5626739518541872,0.0,0.0,1.0,15.813326197117547,1139.6555629264626,20.687604017864448,302.7106577576344,7.946729358776584
18,225.0,9.847122324127255,0.95,0.0,0.0,0.0,0.01,0.0,0.0,0.04,303.14,76.54,0.7422313122649601,0.128653283565812,9.847222324127255,7.937731000874747,1115.018468125514,22.58877194656233,0.9500004691526558,0.0,0.0,0.0,0.0099994888360637,0.0,0.0,0.0400000420112803,0.788219107147798,0.0,0.0,0.0,0.1862679097342662,0.0,0.0,0.0255129831179357,15.133510309651966,0.8711661785068806,1.0,0.0,0.0,0.0,2.5525824091755345,0.0,0.0,1.0,15.813326197117547,1139.6555629264626,20.687604017864448,302.7106577576344,7.946729358776584
18,230.0,9.594533155409092,0.95,0.0,0.0,0.0,0.01,0.0,0.0,0.04,303.14,76.54,0.7587253414264037,0.1253531899060503,11.494790936966538,9.594433155409092,1103.1772664759114,24.42767101735569,0.9457994129137604,0.0,0.0,0.0,0.0005276194807172,0.0,0.0,0.0536729676055223,0.950002786878772,0.0,0.0,0.0,0.0100062844492082,0.0,0.0,0.0399909286720199,14.51871564160989,0.8849986781908037,1.0,0.0,0.0,0.0,2.361828725555515,0.0,0.0,1.0,14.52556748614066,1121.6270137216943,24.87830228106012,302.7106577576344,9.61137473881863
18,230.0,9.805661797804364,0.95,0.0,0.0,0.0,0.01,0.0,0.0,0.04,303.14,76.54,0.7587253414264037,0.1281115991351497,11.494790936966538,9.594433155409092,1105.4063322303698,24.75068889264641,0.9548508229820164,0.0,0.0,0.0,0.0014663691928115,0.0,0.0,0.0436828078251721,0.9402002637533882,0.0,0.0,0.0,0.0272398233137846,0.0,0.0,0.032559912932827,14.45036822796075,0.8880045802614164,1.0,0.0,0.0,0.0,2.354523930311222,0.0,0.0,1.0,14.52556748614066,1121.6270137216943,24.87830228106012,302.7106577576344,9.61137473881863
18,230.0,10.016790440199635,0.95,0.0,0.0,0.0,0.01,0.0,0.0,0.04,303.14,76.54,0.7587253414264037,0.1308700083642492,11.494790936966538,9.594433155409092,1104.8494955662657,25.007578016357023,0.9555555096808342,0.0,0.0,0.0,0.002511480858186,0.0,0.0,0.0419330094609796,0.9235378873717756,0.0,0.0,0.0,0.0456694611896595,0.0,0.0,0.0307926514385649,14.383845053560982,0.8908873187571885,1.0,0.0,0.0,0.0,2.3463813563531377,0.0,0.0,1.0,14.52556748614066,1121.6270137216943,24.87830228106012,302.7106577576344,9.61137473881863
18,230.0,10.227919082594909,0.95,0.0,0.0,0.0,0.01,0.0,0.0,0.04,303.14,76.54,0.7587253414264037,0.1336284175933486,11.494790936966538,9.594433155409092,1103.9363672335185,25.25670759087712,0.955202518348486,0.0,0.0,0.0,0.0035710993502761,0.0,0.0,0.0412263823012376,0.9066375843525376,0.0,0.0,0.0,0.0635841766345106,0.0,0.0,0.0297782390129517,14.317566320426966,0.8937902340926535,1.0,0.0,0.0,0.0,2.3381366830872534,0.0,0.0,1.0,14.52556748614066,1121.6270137216943,24.87830228106012,302.7106577576344,9.61137473881863
18,230.0,10.43904772499018,0.95,0.0,0.0,0.0,0.01,0.0,0.0,0.04,303.14,76.54,0.7587253414264037,0.1363868268224481,11.494790936966538,9.594433155409092,1102.9151689933874,25.50399695980368,0.9545315367823598,0.0,0.0,0.0,0.0046361534085962,0.0,0.0,0.0408323098090439,0.8901390486361087,0.0,0.0,0.0,0.0808556446416367,0.0,0.0,0.0290053067222546,14.251458960342749,0.8966744144358387,1.0,0.0,0.0,0.0,2.329886485014108,0.0,0.0,1.0,14.52556748614066,1121.6270137216943,24.87830228106012,302.7106577576344,9.61137473881863
18,230.0,10.650176367385452,0.95,0.0,0.0,0.0,0.01,0.0,0.0,0.04,303.14,76.54,0.7587253414264037,0.1391452360515475,11.494790936966538,9.594433155409092,1101.846667336921,25.75089600051082,0.953723387022026,0.0,0.0,0.0,0.0057044466173889,0.0,0.0,0.0405721663605852,0.8741694157057405,0.0,0.0,0.0,0.0974833373333711,0.0,0.0,0.0283472469608884,14.185509576525371,0.8995862853454938,1.0,0.0,0.0,0.0,2.3216567283128584,0.0,0.0,1.0,14.52556748614066,1121.6270137216943,24.87830228106012,302.7106577576344,9.61137473881863
18,230.0,10.861305009780724,0.95,0.0,0.0,0.0,0.01,0.0,0.0,0.04,303.14,76.54,0.7587253414264037,0.141903645280647,11.494790936966538,9.594433155409092,1100.7528028187037,25.997930712048152,0.9528433253372254,0.0,0.0,0.0,0.00677519486853,0.0,0.0,0.0403814797942446,0.8587519367174459,0.0,0.0,0.0,0.1134905217696358,0.0,0.0,0.0277575415129182,14.1197138295326,0.9024893864273048,1.0,0.0,0.0,0.0,2.3134569256563595,0.0,0.0,1.0,14.52556748614066,1121.6270137216943,24.87830228106012,302.7106577576344,9.61137473881863
18,230.0,11.072433652175995,0.95,0.0,0.0,0.0,0.01,0.0,0.0,0.04,303.14,76.54,0.7587253414264037,0.1446620545097464,11.494790936966538,9.594433155409092,1099.643396306351,26.245338992103623,0.9519205613279376,0.0,0.0,0.0,0.0078480531793127,0.0,0.0,0.0402313854927496,0.8438792411328341,0.0,0.0,0.0,0.1289059814602972,0.0,0.0,0.0272147774068686,14.054069716384667,0.9054207735977556,1.0,0.0,0.0,0.0,2.305291300941456,0.0,0.0,1.0,14.52556748614066,1121.6270137216943,24.87830228106012,302.7106577576344,9.61137473881863
18,230.0,11.283562294571269,0.95,0.0,0.0,0.0,0.01,0.0,0.0,0.04,303.14,76.54,0.7587253414264037,0.1474204637388459,11.494790936966538,9.594433155409092,1098.5234930501165,26.4932452977874,0.9509701074202682,0.0,0.0,0.0,0.0089228491887073,0.0,0.0,0.0401070433910245,0.8295333161151398,0.0,0.0,0.0,0.1437591936411021,0.0,0.0,0.0267074902437581,13.988576037134742,0.9083558684120676,1.0,0.0,0.0,0.0,2.297161971275086,0.0,0.0,1.0,14.52556748614066,1121.6270137216943,24.87830228106012,302.7106577576344,9.61137473881863
18,230.0,11.494690936966538,0.95,0.0,0.0,0.0,0.01,0.0,0.0,0.04,303.14,76.54,0.7587253414264037,0.1501788729679453,11.494790936966538,9.594433155409092,1097.3959464660509,26.74172204611721,0.9500004626866504,0.0,0.0,0.0,0.0099994898719462,0.0,0.0,0.0400000474414034,0.8156924004061006,0.0,0.0,0.0,0.1580787793335197,0.0,0.0,0.0262288202603797,13.92323212911015,0.9112983690234424,1.0,0.0,0.0,0.0,2.2890700777232738,0.0,0.0,1.0,14.52556748614066,1121.6270137216943,24.87830228106012,302.7106577576344,9.61137473881863
18,235.0,11.498751899679606,0.95,0.0,0.0,0.0,0.01,0.0,0.0,0.04,303.14,76.54,0.7752193705878473,0.1502319297057696,13.387840498941094,11.498651899679606,1084.8027485442828,29.16916652759412,0.9455160119497408,0.0,0.0,0.0,0.0006387476861167,0.0,0.0,0.0538452403641424,0.9500024422788418,0.0,0.0,0.0,0.0100050987621293,0.0,0.0,0.0399924589590288,13.267821224347369,0.9297964442147418,1.0,0.0,0.0,0.0,2.1244212038961265,0.0,0.0,1.0,13.258875583506692,1102.8688895247462,29.73094022392497,302.7106577576344,11.525181126674264
18,235.0,11.708639521819771,0.95,0.0,0.0,0.0,0.01,0.0,0.0,0.04,303.14,76.54,0.7752193705878473,0.1529741249257874,13.387840498941094,11.498651899679606,1086.8189313603004,29.510744309022805,0.9541531106829644,0.0,0.0,0.0,0.0015466562372125,0.0,0.0,0.044300233079823,0.9432149509973168,0.0,0.0,0.0,0.0238104558355036,0.0,0.0,0.0329745931671794,13.20379492709562,0.9327887380126128,1.0,0.0,0.0,0.0,2.1180324211497963,0.0,0.0,1.0,13.258875583506692,1102.8688895247462,29.73094022392497,302.7106577576344,11.525181126674264
18,235.0,11.918527143959937,0.95,0.0,0.0,0.0,0.01,0.0,0.0,0.04,303.14,76.54,0.7752193705878473,0.1557163201458052,13.387840498941094,11.498651899679606,1086.3479202336623,29.77821065689375,0.955146944448927,0.0,0.0,0.0,0.0025753024110233,0.0,0.0,0.0422777531400497,0.9299333066573704,0.0,0.0,0.0,0.0389471027243782,0.0,0.0,0.0311195906182512,13.143193584797114,0.9356400091996754,1.0,0.0,0.0,0.0,2.1114281157961323,0.0,0.0,1.0,13.258875583506692,1102.8688895247462,29.73094022392497,302.7106577576344,11.525181126674264
18,235.0,12.128414766100102,0.95,0.0,0.0,0.0,0.01,0.0,0.0,0.04,303.14,76.54,0.7752193705878473,0.1584585153658231,13.387840498941094,11.498651899679606,1085.4818726493131,30.0346183044122,0.954937555209735,0.0,0.0,0.0,0.0036237000127701,0.0,0.0,0.0414387447774947,0.916048969395999,0.0,0.0,0.0,0.0538439565353939,0.0,0.0,0.030107074068607,13.083115005209322,0.9384920733207942,1.0,0.0,0.0,0.0,2.1047819102863485,0.0,0.0,1.0,13.258875583506692,1102.8688895247462,29.73094022392497,302.7106577576344,11.525181126674264
18,235.0,12.338302388240267,0.95,0.0,0.0,0.0,0.01,0.0,0.0,0.04,303.14,76.54,0.7752193705878473,0.1612007105858409,13.387840498941094,11.498651899679606,1084.491073268866,30.28804875309824,0.9543510486161244,0.0,0.0,0.0,0.004679215860202,0.0,0.0,0.0409697355236737,0.902302673600036,0.0,0.0,0.0,0.0683278193856999,0.0,0.0,0.029369507014264,13.023280165657487,0.9413498987668442,1.0,0.0,0.0,0.0,2.0981409705195078,0.0,0.0,1.0,13.258875583506692,1102.8688895247462,29.73094022392497,302.7106577576344,11.525181126674264
18,235.0,12.548190010380432,0.95,0.0,0.0,0.0,0.01,0.0,0.0,0.04,303.14,76.54,0.7752193705878473,0.1639429058058588,13.387840498941094,11.498651899679606,1083.445042547119,30.54057940765612,0.953599528185067,0.0,0.0,0.0,0.0057386342650276,0.0,0.0,0.0406618375499053,0.8888678402414353,0.0,0.0,0.0,0.0823723992440836,0.0,0.0,0.028759760514481,12.96362348502113,0.9442126608129116,1.0,0.0,0.0,0.0,2.091518991140187,0.0,0.0,1.0,13.258875583506692,1102.8688895247462,29.73094022392497,302.7106577576344,11.525181126674264
18,235.0,12.758077632520598,0.95,0.0,0.0,0.0,0.01,0.0,0.0,0.04,303.14,76.54,0.7752193705878473,0.1666851010258766,13.387840498941094,11.498651899679606,1082.3693749424815,30.79297717551682,0.9527610250841022,0.0,0.0,0.0,0.0068007812199227,0.0,0.0,0.040438193695975,0.8757948482318084,0.0,0.0,0.0,0.0959820204032941,0.0,0.0,0.0282231313648972,12.904121694848902,0.9470954000634996,1.0,0.0,0.0,0.0,2.084921220130869,0.0,0.0,1.0,13.258875583506692,1102.8688895247462,29.73094022392497,302.7106577576344,11.525181126674264
18,235.0,12.967965254660765,0.95,0.0,0.0,0.0,0.01,0.0,0.0,0.04,303.14,76.54,0.7752193705878473,0.1694272962458944,13.387840498941094,11.498651899679606,1081.2756465045395,31.04559124813668,0.9518708242604812,0.0,0.0,0.0,0.0078651313735099,0.0,0.0,0.0402640443660088,0.8630957138445484,0.0,0.0,0.0,0.1091697819725002,0.0,0.0,0.0277345041829513,12.844764354172558,0.94996624820931,1.0,0.0,0.0,0.0,2.078350040585448,0.0,0.0,1.0,13.258875583506692,1102.8688895247462,29.73094022392497,302.7106577576344,11.525181126674264
18,235.0,13.177852876800928,0.95,0.0,0.0,0.0,0.01,0.0,0.0,0.04,303.14,76.54,0.7752193705878473,0.1721694914659123,13.387840498941094,11.498651899679606,1080.16984337647,31.29860438875529,0.9509471753780356,0.0,0.0,0.0,0.0089314173247396,0.0,0.0,0.0401214072972246,0.8507678875363315,0.0,0.0,0.0,0.1219515125362247,0.0,0.0,0.0272805999274437,12.78554597850463,0.9528675867585212,1.0,0.0,0.0,0.0,2.071806647100684,0.0,0.0,1.0,13.258875583506692,1102.8688895247462,29.73094022392497,302.7106577576344,11.525181126674264
18,235.0,13.387740498941094,0.95,0.0,0.0,0.0,0.01,0.0,0.0,0.04,303.14,76.54,0.7752193705878473,0.1749116866859301,13.387840498941094,11.498651899679606,1079.0553671148498,31.552122453655087,0.9500004552452304,0.0,0.0,0.0,0.009999490933149,0.0,0.0,0.0400000538216206,0.8388026808051581,0.0,0.0,0.0,0.1343436841197014,0.0,0.0,0.0268536350751403,12.7264634882615,0.955760705370534,1.0,0.0,0.0,0.0,2.065291666487509,0.0,0.0,1.0,13.258875583506692,1102.8688895247462,29.73094022392497,302.7106577576344,11.525181126674264
18,240.0,13.673066901967315,0.95,0.0,0.0,0.0,0.01,0.0,0.0,0.04,303.14,76.54,0.7917133997492908,0.1786394944077255,15.548445996242314,13.672966901967316,1065.6354969986478,34.643698393841966,0.9453302818939232,0.0,0.0,0.0,0.0007679329946324,0.0,0.0,0.0539017851114444,0.9500021158106764,0.0,0.0,0.0,0.0100041829732527,0.0,0.0,0.0399937012160708,12.0375796803029,0.979417917352246,1.0,0.0,0.0,0.0,1.9228194254142248,0.0,0.0,1.0,12.014498351825988,1083.263844328595,35.3375257790447,302.7106577576344,13.710780754884407
18,240.0,13.881431245775648,0.95,0.0,0.0,0.0,0.01,0.0,0.0,0.04,303.14,76.54,0.7917133997492908,0.1813617878988195,15.548445996242314,13.672966901967316,1067.4025367015656,35.004982846466326,0.9534236000126616,0.0,0.0,0.0,0.0016440465618493,0.0,0.0,0.044932353425489,0.9454492587121271,0.0,0.0,0.0,0.0211069582223105,0.0,0.0,0.0334437830655621,11.977838832721115,0.9824197790040976,1.0,0.0,0.0,0.0,1.917249517255779,0.0,0.0,1.0,12.014498351825988,1083.263844328595,35.3375257790447,302.7106577576344,13.710780754884407
18,240.0,14.089795589583982,0.95,0.0,0.0,0.0,0.01,0.0,0.0,0.04,303.14,76.54,0.7917133997492908,0.1840840813899135,15.548445996242314,13.672966901967316,1067.0074320392584,35.28577538982665,0.954692491847636,0.0,0.0,0.0,0.0026523129022292,0.0,0.0,0.0426551952501346,0.934962240287303,0.0,0.0,0.0,0.0335467117702129,0.0,0.0,0.0314910479424841,11.922516698557446,0.9852867692386524,1.0,0.0,0.0,0.0,1.9118408415443375,0.0,0.0,1.0,12.014498351825988,1083.263844328595,35.3375257790447,302.7106577576344,13.710780754884407
18,240.0,14.298159933392316,0.95,0.0,0.0,0.0,0.01,0.0,0.0,0.04,303.14,76.54,0.7917133997492908,0.1868063748810075,15.548445996242314,13.672966901967316,1066.1890548295637,35.55154492554467,0.9546369620865528,0.0,0.0,0.0,0.003686690814935,0.0,0.0,0.041676347098512,0.9236014617085946,0.0,0.0,0.0,0.0459420955264514,0.0,0.0,0.0304564427649539,11.86801389521538,0.98813854063794,1.0,0.0,0.0,0.0,1.9064504802405744,0.0,0.0,1.0,12.014498351825988,1083.263844328595,35.3375257790447,302.7106577576344,13.710780754884407
18,240.0,14.506524277200649,0.95,0.0,0.0,0.0,0.01,0.0,0.0,0.04,303.14,76.54,0.7917133997492908,0.1895286683721014,15.548445996242314,13.672966901967316,1065.2300879896557,35.81284542478395,0.9541444792872478,0.0,0.0,0.0,0.0047304658455225,0.0,0.0,0.0411250548672298,0.9121780507294136,0.0,0.0,0.0,0.058089045609063,0.0,0.0,0.0297329036615234,11.813845351136422,0.9909751436046428,1.0,0.0,0.0,0.0,1.9010783771144868,0.0,0.0,1.0,12.014498351825988,1083.263844328595,35.3375257790447,302.7106577576344,13.710780754884407
18,240.0,14.71488862100898,0.95,0.0,0.0,0.0,0.01,0.0,0.0,0.04,303.14,76.54,0.7917133997492908,0.1922509618631954,15.548445996242314,13.672966901967316,1064.207808468958,36.07255769686272,0.9534571200661288,0.0,0.0,0.0,0.0057791167087723,0.0,0.0,0.0407637632250988,0.9009037781252324,0.0,0.0,0.0,0.0699427901286811,0.0,0.0,0.0291534317460861,11.759886448586704,0.9938479809938228,1.0,0.0,0.0,0.0,1.8957263289640196,0.0,0.0,1.0,12.014498351825988,1083.263844328595,35.3375257790447,302.7106577576344,13.710780754884407
18,240.0,14.923252964817316,0.95,0.0,0.0,0.0,0.01,0.0,0.0,0.04,303.14,76.54,0.7917133997492908,0.1949732553542894,15.548445996242314,13.672966901967316,1063.1513817632335,36.33177048695208,0.9526661597765128,0.0,0.0,0.0,0.0068309490577497,0.0,0.0,0.0405028911657373,0.8898505453357934,0.0,0.0,0.0,0.0814948472550861,0.0,0.0,0.0286546074091204,11.70609146523123,0.996714903048924,1.0,0.0,0.0,0.0,1.8903952907767416,0.0,0.0,1.0,12.014498351825988,1083.263844328595,35.3375257790447,302.7106577576344,13.710780754884407
18,240.0,15.131617308625648,0.95,0.0,0.0,0.0,0.01,0.0,0.0,0.04,303.14,76.54,0.7917133997492908,0.1976955488453834,15.548445996242314,13.672966901967316,1062.0741752376498,36.590984962128815,0.9518134151013088,0.0,0.0,0.0,0.0078851920785545,0.0,0.0,0.0403013928201367,0.8790447804754737,0.0,0.0,0.0,0.0927481034044952,0.0,0.0,0.028207116120031,11.652439690118754,0.9995946067297148,1.0,0.0,0.0,0.0,1.885085734349595,0.0,0.0,1.0,12.014498351825988,1083.263844328595,35.3375257790447,302.7106577576344,13.710780754884407
18,240.0,15.33998165243398,0.95,0.0,0.0,0.0,0.01,0.0,0.0,0.04,303.14,76.54,0.7917133997492908,0.2004178423364774,15.548445996242314,13.672966901967316,1060.9831587716242,36.85046457962048,0.9509206889710874,0.0,0.0,0.0,0.008941447775525,0.0,0.0,0.0401378632533874,0.8684948737355128,0.0,0.0,0.0,0.1037096407394525,0.0,0.0,0.0277954855250346,11.598920320601854,1.0024836651147633,1.0,0.0,0.0,0.0,1.8797978844934475,0.0,0.0,1.0,12.014498351825988,1083.263844328595,35.3375257790447,302.7106577576344,13.710780754884407
18,240.0,15.548345996242317,0.95,0.0,0.0,0.0,0.01,0.0,0.0,0.04,303.14,76.54,0.7917133997492908,0.2031401358275713,15.548445996242314,13.672966901967316,1059.882315780662,37.11036190493618,0.9500004467237958,0.0,0.0,0.0,0.0099994920126029,0.0,0.0,0.0400000612636011,0.8582011073555917,0.0,0.0,0.0,0.1143881721963951,0.0,0.0,0.027410720448013,11.545527239572412,1.0053670775264634,1.0,0.0,0.0,0.0,1.874531832989528,0.0,0.0,1.0,12.014498351825988,1083.263844328595,35.3375257790447,302.7106577576344,13.710780754884407
18,245.0,16.14093262315154,0.95,0.0,0.0,0.0,0.01,0.0,0.0,0.04,303.14,76.54,0.8082074289107344,0.2108823180448332,17.999419789807945,16.14083262315154,1045.5345618755164,40.95750390985371,0.9452336760250272,0.0,0.0,0.0,0.0009175415795801,0.0,0.0,0.0538487823953926,0.95000181913342,0.0,0.0,0.0,0.0100034664457841,0.0,0.0,0.0399947144207958,10.829517611751037,1.0348875080230444,1.0,0.0,0.0,0.0,1.750986736555626,0.0,0.0,1.0,10.793959502416731,1062.6711211462375,41.80803719266337,302.7106577576344,16.191644196077288
18,245.0,16.347420086113363,0.95,0.0,0.0,0.0,0.01,0.0,0.0,0.04,303.14,76.54,0.8082074289107344,0.2135800899675119,17.999419789807945,16.14083262315154,1047.0288259799263,41.339391066843056,0.9526849845666164,0.0,0.0,0.0,0.0017616773403196,0.0,0.0,0.0455533380930639,0.9470768376442844,0.0,0.0,0.0,0.0189691221962455,0.0,0.0,0.0339540401594699,10.774109601201284,1.037944542129695,1.0,0.0,0.0,0.0,1.7461827215598549,0.0,0.0,1.0,10.793959502416731,1062.6711211462375,41.80803719266337,302.7106577576344,16.191644196077288
18,245.0,16.553907549075184,0.95,0.0,0.0,0.0,0.01,0.0,0.0,0.04,303.14,76.54,0.8082074289107344,0.2162778618901905,17.999419789807945,16.14083262315154,1046.6939678566464,41.63646448091258,0.9541964484644976,0.0,0.0,0.0,0.002745417042714,0.0,0.0,0.0430581344927885,0.9388988606951348,0.0,0.0,0.0,0.0291910222867889,0.0,0.0,0.0319101170180761,10.72356306369831,1.0408532686880934,1.0,0.0,0.0,0.0,1.7417334126267114,0.0,0.0,1.0,10.793959502416731,1062.6711211462375,41.80803719266337,302.7106577576344,16.191644196077288
18,245.0,16.76039501203701,0.95,0.0,0.0,0.0,0.01,0.0,0.0,0.04,303.14,76.54,0.8082074289107344,0.2189756338128692,17.999419789807945,16.14083262315154,1045.9219021899166,41.9140279838299,0.9543002787628924,0.0,0.0,0.0,0.0037624407954307,0.0,0.0,0.0419372804416768,0.929658789618395,0.0,0.0,0.0,0.0395049486425666,0.0,0.0,0.0308362617390383,10.67411665709657,1.0437464246503625,1.0,0.0,0.0,0.0,1.7373530013326652,0.0,0.0,1.0,10.793959502416731,1062.6711211462375,41.80803719266337,302.7106577576344,16.191644196077288
18,245.0,16.96688247499883,0.95,0.0,0.0,0.0,0.01,0.0,0.0,0.04,303.14,76.54,0.8082074289107344,0.2216734057355478,17.999419789807945,16.14083262315154,1044.9954963845971,42.1852350810368,0.953910298466298,0.0,0.0,0.0,0.0047917797644665,0.0,0.0,0.0412979217692355,0.9202013755890448,0.0,0.0,0.0,0.049689501961504,0.0,0.0,0.030109122449451,10.625106016145148,1.0466253349982786,1.0,0.0,0.0,0.0,1.7330042400812944,0.0,0.0,1.0,10.793959502416731,1062.6711211462375,41.80803719266337,302.7106577576344,16.191644196077288
18,245.0,17.173369937960654,0.95,0.0,0.0,0.0,0.01,0.0,0.0,0.04,303.14,76.54,0.8082074289107344,0.2243711776582264,17.999419789807945,16.14083262315154,1043.9979537733195,42.45394601450324,0.9532945991063,0.0,0.0,0.0,0.005827333660321,0.0,0.0,0.0408780672333789,0.9107692495658548,0.0,0.0,0.0,0.0596864190559265,0.0,0.0,0.0295443313782186,10.576345479393856,1.0495280143331158,1.0,0.0,0.0,0.0,1.7286781699458758,0.0,0.0,1.0,10.793959502416731,1062.6711211462375,41.80803719266337,302.7106577576344,16.191644196077288
18,245.0,17.379857400922475,0.95,0.0,0.0,0.0,0.01,0.0,0.0,0.04,303.14,76.54,0.8082074289107344,0.227068949580905,17.999419789807945,16.14083262315154,1042.9616782707435,42.72166472478394,0.9525574620219112,0.0,0.0,0.0,0.0068667425236423,0.0,0.0,0.0405757954544465,0.9014521146930392,0.0,0.0,0.0,0.0694781167016989,0.0,0.0,0.0290697686052619,10.52776452009733,1.0524229902677311,1.0,0.0,0.0,0.0,1.72437164963277,0.0,0.0,1.0,10.793959502416731,1062.6711211462375,41.80803719266337,302.7106577576344,16.191644196077288
18,245.0,17.5863448638843,0.95,0.0,0.0,0.0,0.01,0.0,0.0,0.04,303.14,76.54,0.8082074289107344,0.2297667215035837,17.999419789807945,16.14083262315154,1041.901775473112,42.989094221762144,0.9517474697055138,0.0,0.0,0.0,0.0079089126846554,0.0,0.0,0.0403436176098306,0.8922878318865087,0.0,0.0,0.0,0.0790605292339896,0.0,0.0,0.0286516388795016,10.47933067680334,1.0553240668890198,1.0,0.0,0.0,0.0,1.7200832816746308,0.0,0.0,1.0,10.793959502416731,1062.6711211462375,41.80803719266337,302.7106577576344,16.191644196077288
18,245.0,17.79283232684612,0.95,0.0,0.0,0.0,0.01,0.0,0.0,0.04,303.14,76.54,0.8082074289107344,0.2324644934262623,17.999419789807945,16.14083262315154,1040.8262050035896,43.25660703172884,0.9508902161763716,0.0,0.0,0.0,0.008953271708555,0.0,0.0,0.0401565121150735,0.8832930410424188,0.0,0.0,0.0,0.088434949881234,0.0,0.0,0.0282720090763471,10.431026924366684,1.0582538984890064,1.0,0.0,0.0,0.0,1.7158123285600189,0.0,0.0,1.0,10.793959502416731,1062.6711211462375,41.80803719266337,302.7106577576344,16.191644196077288
18,245.0,17.999319789807945,0.95,0.0,0.0,0.0,0.01,0.0,0.0,0.04,303.14,76.54,0.8082074289107344,0.235162265348941,17.999419789807945,16.14083262315154,1039.7395488775535,43.524419602228434,0.9500004370079028,0.0,0.0,0.0,0.0099994930970635,0.0,0.0,0.0400000698950338,0.8744745160042214,0.0,0.0,0.0,0.0976050281597593,0.0,0.0,0.0279204558360191,10.382843544950582,1.0611782343223195,1.0,0.0,0.0,0.0,1.7115583443186249,0.0,0.0,1.0,10.793959502416731,1062.6711211462375,41.80803719266337,302.7106577576344,16.191644196077288
18,250.0,18.926760999692345,0.95,0.0,0.0,0.0,0.01,0.0,0.0,0.04,303.14,76.54,0.8247014580721779,0.2472793441297667,20.764363429038674,18.926660999692345,1024.329470023872,48.23982761541146,0.9452187141431108,0.0,0.0,0.0,0.0010903455527841,0.0,0.0,0.0536909403041049,0.95000155569007,0.0,0.0,0.0,0.0100028989400269,0.0,0.0,0.0399955453699031,9.645494000761772,1.09756990699968,1.0,0.0,0.0,0.0,1.6042727231409104,0.0,0.0,1.0,9.599114364051816,1040.9186176418627,49.27650279185157,302.7106577576344,18.99215487266697
18,250.0,19.13092793628638,0.95,0.0,0.0,0.0,0.01,0.0,0.0,0.04,303.14,76.54,0.8247014580721779,0.2499467982268928,20.764363429038674,18.926660999692345,1025.539378890786,48.643072326568,0.95196220217956,0.0,0.0,0.0,0.0019029341146689,0.0,0.0,0.0461348637057712,0.94823766703166,0.0,0.0,0.0,0.0172723016543295,0.0,0.0,0.0344900313140107,9.59450033158068,1.1007378385692206,1.0,0.0,0.0,0.0,1.600161880120149,0.0,0.0,1.0,9.599114364051816,1040.9186176418627,49.27650279185157,302.7106577576344,18.99215487266697
18,250.0,19.33509487288042,0.95,0.0,0.0,0.0,0.01,0.0,0.0,0.04,303.14,76.54,0.8247014580721779,0.252614252324019,20.764363429038674,18.926660999692345,1025.244157184991,48.95950543908352,0.9536661639306856,0.0,0.0,0.0,0.0028580079154554,0.0,0.0,0.0434758281538589,0.9419590721405404,0.0,0.0,0.0,0.0256643958672938,0.0,0.0,0.0323765319921656,9.548356906895402,1.103726980909021,1.0,0.0,0.0,0.0,1.5964755416158076,0.0,0.0,1.0,9.599114364051816,1040.9186176418627,49.27650279185157,302.7106577576344,18.99215487266697
18,250.0,19.539261809474453,0.95,0.0,0.0,0.0,0.01,0.0,0.0,0.04,303.14,76.54,0.8247014580721779,0.2552817064211451,20.764363429038674,18.926660999692345,1024.5146281622187,49.25168327736632,0.9539283487805014,0.0,0.0,0.0,0.0038538123362854,0.0,0.0,0.0422178388832132,0.9345078600621376,0.0,0.0,0.0,0.0342385808111665,0.0,0.0,0.0312535591266959,9.503543352783623,1.1067099093567507,1.0,0.0,0.0,0.0,1.5928953864843605,0.0,0.0,1.0,9.599114364051816,1040.9186176418627,49.27650279185157,302.7106577576344,18.99215487266697
18,250.0,19.74342874606849,0.95,0.0,0.0,0.0,0.01,0.0,0.0,0.04,303.14,76.54,0.8247014580721779,0.2579491605182714,20.764363429038674,18.926660999692345,1023.6205105826908,49.53521458460185,0.953647444060388,0.0,0.0,0.0,0.0048654581942652,0.0,0.0,0.0414870977453468,0.9267211309632194,0.0,0.0,0.0,0.0427698860573785,0.0,0.0,0.0305089829794021,9.459268195032555,1.109671191886975,1.0,0.0,0.0,0.0,1.5893724654732135,0.0,0.0,1.0,9.599114364051816,1040.9186176418627,49.27650279185157,302.7106577576344,18.99215487266697
18,250.0,19.947595682662527,0.95,0.0,0.0,0.0,0.01,0.0,0.0,0.04,303.14,76.54,0.8247014580721779,0.2606166146153975,20.764363429038674,18.926660999692345,1022.6482254479469,49.8150857743558,0.953110513672911,0.0,0.0,0.0,0.00588506302016,0.0,0.0,0.0410044233069289,0.9188636131387448,0.0,0.0,0.0,0.0511907109844258,0.0,0.0,0.0299456758768295,9.41528934599208,1.112632589786059,1.0,0.0,0.0,0.0,1.5858823409992062,0.0,0.0,1.0,9.599114364051816,1040.9186176418627,49.27650279185157,302.7106577576344,18.99215487266697
18,250.0,20.15176261925657,0.95,0.0,0.0,0.0,0.01,0.0,0.0,0.04,303.14,76.54,0.8247014580721779,0.2632840687125237,20.764363429038674,18.926660999692345,1021.6327720051596,50.09331543365014,0.9524336378437952,0.0,0.0,0.0,0.0069094560249665,0.0,0.0,0.0406569061312382,0.9110396486030952,0.0,0.0,0.0,0.0594768272863133,0.0,0.0,0.0294835241105913,9.371510650269704,1.115606266154044,1.0,0.0,0.0,0.0,1.582411340047789,0.0,0.0,1.0,9.599114364051816,1040.9186176418627,49.27650279185157,302.7106577576344,18.99215487266697
18,250.0,20.3559295558506,0.95,0.0,0.0,0.0,0.01,0.0,0.0,0.04,303.14,76.54,0.8247014580721779,0.2659515228096498,20.764363429038674,18.926660999692345,1020.5908211112668,50.37086661436321,0.9516720623710738,0.0,0.0,0.0,0.0079371348060142,0.0,0.0,0.0403908028229118,0.9032965411809204,0.0,0.0,0.0,0.0676192259949915,0.0,0.0,0.0290842328240882,9.32788721079898,1.1185858238607815,1.0,0.0,0.0,0.0,1.5789563355357292,0.0,0.0,1.0,9.599114364051816,1040.9186176418627,49.27650279185157,302.7106577576344,18.99215487266697
18,250.0,20.56009649244464,0.95,0.0,0.0,0.0,0.01,0.0,0.0,0.04,303.14,76.54,0.8247014580721779,0.268618976906776,20.764363429038674,18.926660999692345,1019.5312761418144,50.648255658025086,0.9508552804996542,0.0,0.0,0.0,0.0089673011231344,0.0,0.0,0.0401774183772113,0.8956575256594915,0.0,0.0,0.0,0.0756152130677921,0.0,0.0,0.0287272612727161,9.284395131540183,1.1215856471882342,1.0,0.0,0.0,0.0,1.5755156776999146,0.0,0.0,1.0,9.599114364051816,1040.9186176418627,49.27650279185157,302.7106577576344,18.99215487266697
18,250.0,20.764263429038675,0.95,0.0,0.0,0.0,0.01,0.0,0.0,0.04,303.14,76.54,0.8247014580721779,0.2712864310039022,20.764363429038674,18.926660999692345,1018.459309581499,50.9257845514282,0.9500004259666388,0.0,0.0,0.0,0.0099994941674732,0.0,0.0,0.0400000798658879,0.8881343630264414,0.0,0.0,0.0,0.0834650289889884,0.0,0.0,0.02840060798457,9.241020641449571,1.1245898613312313,1.0,0.0,0.0,0.0,1.5720884027807904,0.0,0.0,1.0,9.599114364051816,1040.9186176418627,49.27650279185157,302.7106577576344,18.99215487266697
18,255.0,22.05604536929992,0.95,0.0,0.0,0.0,0.01,0.0,0.0,0.04,303.14,76.54,0.8411954872336215,0.2881636447517627,23.86774515358321,22.05594536929992,1001.8092592531422,56.65133347516302,0.9452790881198736,0.0,0.0,0.0,0.0012896787907175,0.0,0.0,0.0534312330894088,0.9500013247612688,0.0,0.0,0.0,0.0100024442515494,0.0,0.0,0.0399962309871815,8.487772856557191,1.16932191476093,1.0,0.0,0.0,0.0,1.4788448230449855,0.0,0.0,1.0,8.432227805466914,1017.7913832278248,57.90987351738985,302.7106577576344,22.13772066860631
18,255.0,22.257334234220284,0.95,0.0,0.0,0.0,0.01,0.0,0.0,0.04,303.14,76.54,0.8411954872336215,0.2907934966582216,23.86774515358321,22.05594536929992,1002.7338212153948,57.07670596870911,0.9512797836097078,0.0,0.0,0.0,0.0020715158915233,0.0,0.0,0.0466487004987688,0.949044600020836,0.0,0.0,0.0,0.015918870576698,0.0,0.0,0.0350365294024658,8.441274664226457,1.1726541896218692,1.0,0.0,0.0,0.0,1.4753840825194902,0.0,0.0,1.0,8.432227805466914,1017.7913832278248,57.90987351738985,302.7106577576344,22.13772066860631
18,255.0,22.45862309914065,0.95,0.0,0.0,0.0,0.01,0.0,0.0,0.04,303.14,76.54,0.8411954872336215,0.2934233485646805,23.86774515358321,22.05594536929992,1002.4542780728774,57.41563678164695,0.953112167320553,0.0,0.0,0.0,0.0029940223480611,0.0,0.0,0.0438938103313857,0.9443149892235718,0.0,0.0,0.0,0.0227978525407846,0.0,0.0,0.0328871582356435,8.39928145239647,1.175792343663744,1.0,0.0,0.0,0.0,1.472348121747344,0.0,0.0,1.0,8.432227805466914,1017.7913832278248,57.90987351738985,302.7106577576344,22.13772066860631
18,255.0,22.659911964061017,0.95,0.0,0.0,0.0,0.01,0.0,0.0,0.04,303.14,76.54,0.8411954872336215,0.2960532004711395,23.86774515358321,22.05594536929992,1001.7607541283036,57.72567375785202,0.953523679992481,0.0,0.0,0.0,0.0039642563500943,0.0,0.0,0.0425120636574248,0.9383757962714496,0.0,0.0,0.0,0.0299112047602284,0.0,0.0,0.0317129989683217,8.35876673470408,1.1788970412990536,1.0,0.0,0.0,0.0,1.4694387639774458,0.0,0.0,1.0,8.432227805466914,1017.7913832278248,57.90987351738985,302.7106577576344,22.13772066860631
18,255.0,22.861200828981385,0.95,0.0,0.0,0.0,0.01,0.0,0.0,0.04,303.14,76.54,0.8411954872336215,0.2986830523775984,23.86774515358321,22.05594536929992,1000.8973177327122,58.02441646367605,0.9533555318569462,0.0,0.0,0.0,0.004954327448465,0.0,0.0,0.0416901406945888,0.932015084393532,0.0,0.0,0.0,0.0370436994449566,0.0,0.0,0.0309412161615112,8.318882337540728,1.1819909503637973,1.0,0.0,0.0,0.0,1.4665824878882272,0.0,0.0,1.0,8.432227805466914,1017.7913832278248,57.90987351738985,302.7106577576344,22.13772066860631
18,255.0,23.06248969390175,0.95,0.0,0.0,0.0,0.01,0.0,0.0,0.04,303.14,76.54,0.8411954872336215,0.3013129042840573,23.86774515358321,22.05594536929992,999.9501272207968,58.3180552163385,0.952903615933043,0.0,0.0,0.0,0.0059545109369412,0.0,0.0,0.0411418731300158,0.9255088768520822,0.0,0.0,0.0,0.044122478014196,0.0,0.0,0.0303686451337217,8.279341180338031,1.1850704686958031,1.0,0.0,0.0,0.0,1.4637554223370983,0.0,0.0,1.0,8.432227805466914,1017.7913832278248,57.90987351738985,302.7106577576344,22.13772066860631
18,255.0,23.26377855882212,0.95,0.0,0.0,0.0,0.01,0.0,0.0,0.04,303.14,76.54,0.8411954872336215,0.3039427561905162,23.86774515358321,22.05594536929992,998.9557822440196,58.60921680828315,0.9522933946197266,0.0,0.0,0.0,0.0069607050370061,0.0,0.0,0.0407459003432673,0.918972693769939,0.0,0.0,0.0,0.0511185823534967,0.0,0.0,0.0299087238765644,8.240024051080816,1.1881670886987743,1.0,0.0,0.0,0.0,1.46094786554094,0.0,0.0,1.0,8.432227805466914,1017.7913832278248,57.90987351738985,302.7106577576344,22.13772066860631
18,255.0,23.46506742374248,0.95,0.0,0.0,0.0,0.01,0.0,0.0,0.04,303.14,76.54,0.8411954872336215,0.3065726080969752,23.86774515358321,22.05594536929992,997.9321950121326,58.89918781764421,0.9515862057692788,0.0,0.0,0.0,0.0079709125341714,0.0,0.0,0.0404428816965497,0.9124616204069192,0.0,0.0,0.0,0.0580194039102914,0.0,0.0,0.0295189756827891,8.20087338566801,1.1912775066108607,1.0,0.0,0.0,0.0,1.4581576635478828,0.0,0.0,1.0,8.432227805466914,1017.7913832278248,57.90987351738985,302.7106577576344,22.13772066860631
18,255.0,23.66635628866285,0.95,0.0,0.0,0.0,0.01,0.0,0.0,0.04,303.14,76.54,0.8411954872336215,0.3092024600034341,23.86774515358321,22.05594536929992,996.88909711008,59.18866910841844,0.9508153545131932,0.0,0.0,0.0,0.0089840532100644,0.0,0.0,0.0402005922767423,0.9060043452433524,0.0,0.0,0.0,0.0648193987987865,0.0,0.0,0.029176255957861,8.161858163409317,1.194384107010999,1.0,0.0,0.0,0.0,1.4553955791314073,0.0,0.0,1.0,8.432227805466914,1017.7913832278248,57.90987351738985,302.7106577576344,22.13772066860631
18,255.0,23.86764515358321,0.95,0.0,0.0,0.0,0.01,0.0,0.0,0.04,303.14,76.54,0.8411954872336215,0.311832311909893,23.86774515358321,22.05594536929992,995.8322086890986,59.47807467336944,0.9500004134446456,0.0,0.0,0.0,0.0099994951974593,0.0,0.0,0.040000091357895,0.8996166604942207,0.0,0.0,0.0,0.0715164280377461,0.0,0.0,0.0288669114680333,8.12296029625221,1.1975155600937717,1.0,0.0,0.0,0.0,1.452644256838732,0.0,0.0,1.0,8.432227805466914,1017.7913832278248,57.90987351738985,302.7106577576344,22.13772066860631
18,260.0,25.55553819306789,0.95,0.0,0.0,0.0,0.01,0.0,0.0,0.04,303.14,76.54,0.8576895163950651,0.3338847425276703,27.33500611592226,25.55543819306789,977.706082364022,66.39675965237832,0.9454097584298804,0.0,0.0,0.0,0.0015196790006106,0.0,0.0,0.0530705625695089,0.9500011236717838,0.0,0.0,0.0,0.0100020759468272,0.0,0.0,0.039996800381389,7.359127440019406,1.2527434582698782,1.0,0.0,0.0,0.0,1.3717205734130915,0.0,0.0,1.0,7.296085655146154,993.0143761526203,67.92140682303575,302.7106577576344,25.654931900849267
18,260.0,25.753245740051707,0.95,0.0,0.0,0.0,0.01,0.0,0.0,0.04,303.14,76.54,0.8576895163950651,0.3364678042860165,27.33500611592226,25.55543819306789,978.352744088754,66.84523742671793,0.9506594946192422,0.0,0.0,0.0,0.0022716241109675,0.0,0.0,0.0470688812697902,0.9495876509756468,0.0,0.0,0.0,0.0148321671848365,0.0,0.0,0.0355801818395167,7.317186161908582,1.2562936674843022,1.0,0.0,0.0,0.0,1.3688488662878902,0.0,0.0,1.0,7.296085655146154,993.0143761526203,67.92140682303575,302.7106577576344,25.654931900849267
18,260.0,25.950953287035528,0.95,0.0,0.0,0.0,0.01,0.0,0.0,0.04,303.14,76.54,0.8576895163950651,0.3390508660443627,27.33500611592226,25.55543819306789,978.063646836435,67.2098532966702,0.9525478989212978,0.0,0.0,0.0,0.0031580492282211,0.0,0.0,0.0442940518504811,0.9461055900346008,0.0,0.0,0.0,0.0204577779933339,0.0,0.0,0.0334366319720653,7.27919213001504,1.259647984275823,1.0,0.0,0.0,0.0,1.366337532532619,0.0,0.0,1.0,7.296085655146154,993.0143761526203,67.92140682303575,302.7106577576344,25.654931900849267
18,260.0,26.148660834019346,0.95,0.0,0.0,0.0,0.01,0.0,0.0,0.04,303.14,76.54,0.8576895163950651,0.3416339278027089,27.33500611592226,25.55543819306789,977.3967201007288,67.54146006055828,0.9530907705837256,0.0,0.0,0.0,0.0040979511282279,0.0,0.0,0.0428112782880463,0.9414435740516672,0.0,0.0,0.0,0.0263391111526251,0.0,0.0,0.0322173147957075,7.242727119724217,1.2629474091675457,1.0,0.0,0.0,0.0,1.3639716513462268,0.0,0.0,1.0,7.296085655146154,993.0143761526203,67.92140682303575,302.7106577576344,25.654931900849267
18,260.0,26.346368381003163,0.95,0.0,0.0,0.0,0.01,0.0,0.0,0.04,303.14,76.54,0.8576895163950651,0.3442169895610552,27.33500611592226,25.55543819306789,976.5606751478056,67.85888113230733,0.953035100013127,0.0,0.0,0.0,0.005061885518681,0.0,0.0,0.0419030144681918,0.9363047803479304,0.0,0.0,0.0,0.0322821528767516,0.0,0.0,0.0314130667753179,7.206961054160661,1.266225163597101,1.0,0.0,0.0,0.0,1.361667940228076,0.0,0.0,1.0,7.296085655146154,993.0143761526203,67.92140682303575,302.7106577576344,25.654931900849267
18,260.0,26.544075927986984,0.95,0.0,0.0,0.0,0.01,0.0,0.0,0.04,303.14,76.54,0.8576895163950651,0.3468000513194014,27.33500611592226,25.55543819306789,975.6374599511136,68.16947530537597,0.9526729801909356,0.0,0.0,0.0,0.0060384426833261,0.0,0.0,0.0412885771257382,0.9309638181950336,0.0,0.0,0.0,0.0382130505743109,0.0,0.0,0.0308231312306554,7.1715806601217205,1.269488284301273,1.0,0.0,0.0,0.0,1.359395642212595,0.0,0.0,1.0,7.296085655146154,993.0143761526203,67.92140682303575,302.7106577576344,25.654931900849267
18,260.0,26.7417834749708,0.95,0.0,0.0,0.0,0.01,0.0,0.0,0.04,303.14,76.54,0.8576895163950651,0.3493831130777476,27.33500611592226,25.55543819306789,974.6639277679282,68.47654654258238,0.9521354793570294,0.0,0.0,0.0,0.0070225301913755,0.0,0.0,0.0408419904515951,0.9255431154631278,0.0,0.0,0.0,0.0440999013087401,0.0,0.0,0.0303569832281321,7.136448364058623,1.272776938468764,1.0,0.0,0.0,0.0,1.357143178304795,0.0,0.0,1.0,7.296085655146154,993.0143761526203,67.92140682303575,302.7106577576344,25.654931900849267
18,260.0,26.93949102195462,0.95,0.0,0.0,0.0,0.01,0.0,0.0,0.04,303.14,76.54,0.8576895163950651,0.3519661748360937,27.33500611592226,25.55543819306789,973.6587319445376,68.78176733897865,0.9514888512963156,0.0,0.0,0.0,0.0080115840320765,0.0,0.0,0.0404995646716077,0.9201037575502844,0.0,0.0,0.0,0.0499275374344179,0.0,0.0,0.0299687050152977,7.10149531740146,1.2760638642822286,1.0,0.0,0.0,0.0,1.3549048168177102,0.0,0.0,1.0,7.296085655146154,993.0143761526203,67.92140682303575,302.7106577576344,25.654931900849267
18,260.0,27.13719856893844,0.95,0.0,0.0,0.0,0.01,0.0,0.0,0.04,303.14,76.54,0.8576895163950651,0.35454923659444,27.33500611592226,25.55543819306789,972.6322285813688,69.08606790656422,0.9507698509020464,0.0,0.0,0.0,0.0090041867524122,0.0,0.0,0.0402259623455415,0.9146789048981644,0.0,0.0,0.0,0.0556883460527559,0.0,0.0,0.0296327490490796,7.066683685744954,1.2793491693177523,1.0,0.0,0.0,0.0,1.352690378764015,0.0,0.0,1.0,7.296085655146154,993.0143761526203,67.92140682303575,302.7106577576344,25.654931900849267
18,260.0,27.33490611592226,0.95,0.0,0.0,0.0,0.01,0.0,0.0,0.04,303.14,76.54,0.8576895163950651,0.3571322983527862,27.33500611592226,25.55543819306789,971.5905964012736,69.39000527456477,0.9500003992497044,0.0,0.0,0.0,0.0099994961513977,0.0,0.0,0.040000104598898,0.90928768716339,0.0,0.0,0.0,0.061378477437806,0.0,0.0,0.0293338353988038,7.0319910742564655,1.2826708680326626,1.0,0.0,0.0,0.0,1.3504879639573042,0.0,0.0,1.0,7.296085655146154,993.0143761526203,67.92140682303575,302.7106577576344,25.654931900849267
18,265.0,29.45350205600474,0.95,0.0,0.0,0.0,0.01,0.0,0.0,0.04,303.14,76.54,0.8741835455565086,0.3848118899399626,31.192697762375623,29.45340205600474,951.6697461630783,77.74472207175528,0.9456071268145674,0.0,0.0,0.0,0.0017856771184134,0.0,0.0,0.0526071960670191,0.9500009489585922,0.0,0.0,0.0,0.0100017744769649,0.0,0.0,0.0399972765644429,6.262994688764045,1.3515726209082817,1.0,0.0,0.0,0.0,1.280458963832049,0.0,0.0,1.0,6.194157229336726,966.2255774553212,79.59167899763797,302.7106577576344,29.571779036695137
18,265.0,29.64673491226817,0.95,0.0,0.0,0.0,0.01,0.0,0.0,0.04,303.14,76.54,0.8741835455565086,0.3873364895775826,31.192697762375623,29.45340205600474,952.0519023460582,78.21771364666414,0.950118898732844,0.0,0.0,0.0,0.0025083293156433,0.0,0.0,0.0473727719515124,0.949937278493186,0.0,0.0,0.0,0.013952009097469,0.0,0.0,0.036110712409345,6.225645518911952,1.355425261707517,1.0,0.0,0.0,0.0,1.278128896714998,0.0,0.0,1.0,6.194157229336726,966.2255774553212,79.59167899763797,302.7106577576344,29.571779036695137
18,265.0,29.839967768531604,0.95,0.0,0.0,0.0,0.01,0.0,0.0,0.04,303.14,76.54,0.8741835455565086,0.3898610892152025,31.192697762375623,29.45340205600474,951.7287963818774,78.6113335577981,0.9519890619873602,0.0,0.0,0.0,0.0033555565401313,0.0,0.0,0.0446553814725084,0.94744423905028,0.0,0.0,0.0,0.0185374961842649,0.0,0.0,0.034018264765455,6.191581961898668,1.3590829941233282,1.0,0.0,0.0,0.0,1.276086314692789,0.0,0.0,1.0,6.194157229336726,966.2255774553212,79.59167899763797,302.7106577576344,29.571779036695137
18,265.0,30.03320062479504,0.95,0.0,0.0,0.0,0.01,0.0,0.0,0.04,303.14,76.54,0.8741835455565086,0.3923856888528225,31.192697762375623,29.45340205600474,951.0763350936012,78.96875726689721,0.9526363442670231,0.0,0.0,0.0,0.0042600279961943,0.0,0.0,0.0431036277367824,0.9438566578093144,0.0,0.0,0.0,0.02337557185737,0.0,0.0,0.0327677703333156,6.15899779898174,1.362657962469244,1.0,0.0,0.0,0.0,1.274167557435414,0.0,0.0,1.0,6.194157229336726,966.2255774553212,79.59167899763797,302.7106577576344,29.571779036695137
18,265.0,30.226433481058468,0.95,0.0,0.0,0.0,0.01,0.0,0.0,0.04,303.14,76.54,0.8741835455565086,0.3949102884904424,31.192697762375623,29.45340205600474,950.2623724005928,79.30905009060798,0.9526878788870532,0.0,0.0,0.0,0.0051925269880422,0.0,0.0,0.0421195941249045,0.9397674434906046,0.0,0.0,0.0,0.0283016948788872,0.0,0.0,0.0319308616305081,6.127146861711517,1.3662082960700652,1.0,0.0,0.0,0.0,1.2723160838893044,0.0,0.0,1.0,6.194157229336726,966.2255774553212,79.59167899763797,302.7106577576344,29.571779036695137
18,265.0,30.419666337321896,0.95,0.0,0.0,0.0,0.01,0.0,0.0,0.04,303.14,76.54,0.8741835455565086,0.3974348881280624,31.192697762375623,29.45340205600474,949.360720856291,79.64055417404022,0.9524181512046596,0.0,0.0,0.0,0.0061403834514176,0.0,0.0,0.0414414653439227,0.9354361878850512,0.0,0.0,0.0,0.0332453331044749,0.0,0.0,0.0313184790104737,6.0957133297065145,1.3697459351620602,1.0,0.0,0.0,0.0,1.2705027667873414,0.0,0.0,1.0,6.194157229336726,966.2255774553212,79.59167899763797,302.7106577576344,29.571779036695137
18,265.0,30.612899193585328,0.95,0.0,0.0,0.0,0.01,0.0,0.0,0.04,303.14,76.54,0.8741835455565086,0.3999594877656823,31.192697762375623,29.45340205600474,948.4068539836002,79.96726995297776,0.9519587297527088,0.0,0.0,0.0,0.0070975577716671,0.0,0.0,0.0409437124756241,0.93098695391786,0.0,0.0,0.0,0.038173497523958,0.0,0.0,0.0308395485581818,6.064548732612659,1.373284493556966,1.0,0.0,0.0,0.0,1.268709205065058,0.0,0.0,1.0,6.194157229336726,966.2255774553212,79.59167899763797,302.7106577576344,29.571779036695137
18,265.0,30.80613204984876,0.95,0.0,0.0,0.0,0.01,0.0,0.0,0.04,303.14,76.54,0.8741835455565086,0.4024840874033022,31.192697762375623,29.45340205600474,947.4194794834484,80.29130620476124,0.9513788893480356,0.0,0.0,0.0,0.0080608826076006,0.0,0.0,0.0405602280443635,0.9264846255596372,0.0,0.0,0.0,0.0430694204223469,0.0,0.0,0.0304459540180158,6.033575898521746,1.376842174559883,1.0,0.0,0.0,0.0,1.266929060101961,0.0,0.0,1.0,6.194157229336726,966.2255774553212,79.59167899763797,302.7106577576344,29.571779036695137
18,265.0,30.99936490611219,0.95,0.0,0.0,0.0,0.01,0.0,0.0,0.04,303.14,76.54,0.8741835455565086,0.4050086870409222,31.192697762375623,29.45340205600474,946.4092692933708,80.61386724179238,0.9507181095000552,0.0,0.0,0.0,0.009028558910973,0.0,0.0,0.0402533315889717,0.9219657594534452,0.0,0.0,0.0,0.0479240396687359,0.0,0.0,0.0301102008778187,6.002751185658091,1.3803961959834232,1.0,0.0,0.0,0.0,1.265168797794381,0.0,0.0,1.0,6.194157229336726,966.2255774553212,79.59167899763797,302.7106577576344,29.571779036695137
18,265.0,31.192597762375623,0.95,0.0,0.0,0.0,0.01,0.0,0.0,0.04,303.14,76.54,0.8741835455565086,0.4075332866785422,31.192697762375623,29.45340205600474,945.3827124527652,80.93568737927372,0.9500003831344536,0.0,0.0,0.0,0.0099994969798454,0.0,0.0,0.040000119885701,0.917452187513571,0.0,0.0,0.0,0.0527322719661174,0.0,0.0,0.0298155405203115,5.972048282746769,1.383971494815687,1.0,0.0,0.0,0.0,1.26341974375301,0.0,0.0,1.0,6.194157229336726,966.2255774553212,79.59167899763797,302.7106577576344,29.571779036695137
18,270.0,33.78006555921736,0.95,0.0,0.0,0.0,0.01,0.0,0.0,0.04,303.14,76.54,0.8906775747179522,0.4413387190908983,35.46864964554995,33.77996555921736,923.2262525102516,91.06023758617216,0.9458693266417408,0.0,0.0,0.0,0.0020948529130347,0.0,0.0,0.0520358204452244,0.950000796958426,0.0,0.0,0.0,0.0100015251928759,0.0,0.0,0.0399976778486981,5.203709234300234,1.4714767879069437,1.0,0.0,0.0,0.0,1.2032007168645684,0.0,0.0,1.0,5.130843724671824,936.9320241360858,93.30322734807504,302.7106577576344,33.91794976874195
18,270.0,33.96767490214321,0.95,0.0,0.0,0.0,0.01,0.0,0.0,0.04,303.14,76.54,0.8906775747179522,0.4437898471667521,35.46864964554995,33.77996555921736,923.3607662986516,91.55985388010836,0.9496710893081116,0.0,0.0,0.0,0.0027882084091888,0.0,0.0,0.0475407022826995,0.9501473649853112,0.0,0.0,0.0,0.0132311675724058,0.0,0.0,0.0366214674422829,5.170965438867774,1.4757520292980133,1.0,0.0,0.0,0.0,1.2013403460232066,0.0,0.0,1.0,5.130843724671824,936.9320241360858,93.30322734807504,302.7106577576344,33.91794976874195
18,270.0,34.15528424506905,0.95,0.0,0.0,0.0,0.01,0.0,0.0,0.04,303.14,76.54,0.8906775747179522,0.4462409752426057,35.46864964554995,33.77996555921736,922.9815412504188,91.98614053877762,0.9514526844811402,0.0,0.0,0.0,0.00359334632384,0.0,0.0,0.0449539691950197,0.948423897431401,0.0,0.0,0.0,0.0169509542135365,0.0,0.0,0.0346251483550626,5.140826827436976,1.4798252575769433,1.0,0.0,0.0,0.0,1.1997048382276718,0.0,0.0,1.0,5.130843724671824,936.9320241360858,93.30322734807504,302.7106577576344,33.91794976874195
18,270.0,34.342893587994894,0.95,0.0,0.0,0.0,0.01,0.0,0.0,0.04,303.14,76.54,0.8906775747179522,0.4486921033184595,35.46864964554995,33.77996555921736,922.3290940206216,92.37430685398508,0.9521694509207485,0.0,0.0,0.0,0.0044569713248496,0.0,0.0,0.043373577754402,0.9457330850927754,0.0,0.0,0.0,0.0209021280264842,0.0,0.0,0.0333647868807403,5.112030530650532,1.48380308262793,1.0,0.0,0.0,0.0,1.1981772388851504,0.0,0.0,1.0,5.130843724671824,936.9320241360858,93.30322734807504,302.7106577576344,33.91794976874195
18,270.0,34.53050293092073,0.95,0.0,0.0,0.0,0.01,0.0,0.0,0.04,303.14,76.54,0.8906775747179522,0.4511432313943131,35.46864964554995,33.77996555921736,921.529581083204,92.7426055989823,0.9523170736939254,0.0,0.0,0.0,0.0053519165945139,0.0,0.0,0.0423310097115606,0.9425455038508,0.0,0.0,0.0,0.0249538272943991,0.0,0.0,0.0325006688548008,5.083959873567666,1.4877357580019634,1.0,0.0,0.0,0.0,1.1967043731589246,0.0,0.0,1.0,5.130843724671824,936.9320241360858,93.30322734807504,302.7106577576344,33.91794976874195
18,270.0,34.71811227384658,0.95,0.0,0.0,0.0,0.01,0.0,0.0,0.04,303.14,76.54,0.8906775747179522,0.4535943594701669,35.46864964554995,33.77996555921736,920.64537677508,93.10001080318344,0.952139326549208,0.0,0.0,0.0,0.006264946142253,0.0,0.0,0.0415957273085389,0.9390928482554022,0.0,0.0,0.0,0.0290428147660647,0.0,0.0,0.0318643369785331,5.056320732582359,1.4916578791590276,1.0,0.0,0.0,0.0,1.1952739801899983,0.0,0.0,1.0,5.130843724671824,936.9320241360858,93.30322734807504,302.7106577576344,33.91794976874195
18,270.0,34.90572161677242,0.95,0.0,0.0,0.0,0.01,0.0,0.0,0.04,303.14,76.54,0.8906775747179522,0.4560454875460206,35.46864964554995,33.77996555921736,919.7088032776368,93.45116031405338,0.9517621413017988,0.0,0.0,0.0,0.0071892612463963,0.0,0.0,0.0410485974518049,0.935494689104775,0.0,0.0,0.0,0.033136986474729,0.0,0.0,0.031368324420496,5.028964793357569,1.495579518428511,1.0,0.0,0.0,0.0,1.1938626864748538,0.0,0.0,1.0,5.130843724671824,936.9320241360858,93.30322734807504,302.7106577576344,33.91794976874195
18,270.0,35.093330959698264,0.95,0.0,0.0,0.0,0.01,0.0,0.0,0.04,303.14,76.54,0.8906775747179522,0.4584966156218743,35.46864964554995,33.77996555921736,918.737766689779,93.79862107641432,0.951255148506631,0.0,0.0,0.0,0.0081211181943719,0.0,0.0,0.0406237332989972,0.931816919686869,0.0,0.0,0.0,0.0372189773482034,0.0,0.0,0.0309641029649276,5.001810495501236,1.499506063359177,1.0,0.0,0.0,0.0,1.1924644799377602,0.0,0.0,1.0,5.130843724671824,936.9320241360858,93.30322734807504,302.7106577576344,33.91794976874195
18,270.0,35.2809403026241,0.95,0.0,0.0,0.0,0.01,0.0,0.0,0.04,303.14,76.54,0.8906775747179522,0.460947743697728,35.46864964554995,33.77996555921736,917.7428309768292,94.14390840416984,0.9506593777085306,0.0,0.0,0.0,0.0090583183464661,0.0,0.0,0.0402823039450033,0.9280981362095664,0.0,0.0,0.0,0.0412788604207031,0.0,0.0,0.0306230033697304,4.97481042463081,1.5034452521055286,1.0,0.0,0.0,0.0,1.1910857361200928,0.0,0.0,1.0,5.130843724671824,936.9320241360858,93.30322734807504,302.7106577576344,33.91794976874195
18,270.0,35.46854964554995,0.95,0.0,0.0,0.0,0.01,0.0,0.0,0.04,303.14,76.54,0.8906775747179522,0.4633988717735817,35.46864964554995,33.77996555921736,916.7305754322272,94.48796806530986,0.9500003647670292,0.0,0.0,0.0,0.0099994976107655,0.0,0.0,0.0400001376222053,0.924362139704304,0.0,0.0,0.0,0.0453107160978851,0.0,0.0,0.0303271441978109,4.947935004430823,1.5073927267359957,1.0,0.0,0.0,0.0,1.1897134773532008,0.0,0.0,1.0,5.130843724671824,936.9320241360858,93.30322734807504,302.7106577576344,33.91794976874195
18,275.0,38.567738489979945,0.95,0.0,0.0,0.0,0.01,0.0,0.0,0.04,303.14,76.54,0.9071716038793955,0.5038899724324528,40.192156164684,38.56763848997994,891.7062205270148,106.861457513597,0.9461967251135516,0.0,0.0,0.0,0.0024574059519926,0.0,0.0,0.0513458689344556,0.9500006640639111,0.0,0.0,0.0,0.0100013169609493,0.0,0.0,0.0399980189751392,4.1868743648586,1.6214994795702993,1.0,0.0,0.0,0.0,1.1385000516001111,0.0,0.0,1.0,4.11187312512685,904.4335281070778,109.60126774294156,302.7106577576344,38.72523437118672
18,275.0,38.74821823161373,0.95,0.0,0.0,0.0,0.01,0.0,0.0,0.04,303.14,76.54,0.9071716038793955,0.5062479518109971,40.192156164684,38.56763848997994,891.6111887383482,107.39087866029054,0.949325497120469,0.0,0.0,0.0,0.0031204593697117,0.0,0.0,0.0475540435098192,0.9502580964645704,0.0,0.0,0.0,0.0126324351880886,0.0,0.0,0.0371094683473411,4.158738484480772,1.6263784248140718,1.0,0.0,0.0,0.0,1.1370702100410346,0.0,0.0,1.0,4.11187312512685,904.4335281070778,109.60126774294156,302.7106577576344,38.72523437118672
18,275.0,38.92869797324751,0.95,0.0,0.0,0.0,0.01,0.0,0.0,0.04,303.14,76.54,0.9071716038793955,0.5086059311895414,40.192156164684,38.56763848997994,891.1568712391065,107.85422650950578,0.950956240809889,0.0,0.0,0.0,0.0038804572148581,0.0,0.0,0.0451633019752528,0.9491205832592382,0.0,0.0,0.0,0.0156279007499019,0.0,0.0,0.0352515159908598,4.132567135895011,1.631039248499779,1.0,0.0,0.0,0.0,1.135791089132578,0.0,0.0,1.0,4.11187312512685,904.4335281070778,109.60126774294156,302.7106577576344,38.72523437118672
18,275.0,39.1091777148813,0.95,0.0,0.0,0.0,0.01,0.0,0.0,0.04,303.14,76.54,0.9071716038793955,0.5109639105680859,40.192156164684,38.56763848997994,890.4881874953552,108.27902994088984,0.9517014377174808,0.0,0.0,0.0,0.004697375843457,0.0,0.0,0.0436011864390621,0.9471694174049402,0.0,0.0,0.0,0.0188216662246549,0.0,0.0,0.0340089163704048,4.107536846985121,1.6356001822880235,1.0,0.0,0.0,0.0,1.134600812358305,0.0,0.0,1.0,4.11187312512685,904.4335281070778,109.60126774294156,302.7106577576344,38.72523437118672
18,275.0,39.28965745651508,0.95,0.0,0.0,0.0,0.01,0.0,0.0,0.04,303.14,76.54,0.9071716038793955,0.5133218899466302,40.192156164684,38.56763848997994,889.6928893450316,108.68175626428952,0.9519276544224524,0.0,0.0,0.0,0.0055476598992151,0.0,0.0,0.0425246856783324,0.944754034480917,0.0,0.0,0.0,0.0221167063846598,0.0,0.0,0.033129259134423,4.083180859690539,1.640090676117157,1.0,0.0,0.0,0.0,1.1334596223192437,0.0,0.0,1.0,4.11187312512685,904.4335281070778,109.60126774294156,302.7106577576344,38.72523437118672
18,275.0,39.47013719814886,0.95,0.0,0.0,0.0,0.01,0.0,0.0,0.04,303.14,76.54,0.9071716038793955,0.5156798693251745,40.192156164684,38.56763848997994,888.8197914499885,109.07150937471212,0.9518375809829271,0.0,0.0,0.0,0.0064184063100925,0.0,0.0,0.0417440127069801,0.9420679497625728,0.0,0.0,0.0,0.0254602062942231,0.0,0.0,0.0324718439432039,4.059248690864934,1.6445764842250754,1.0,0.0,0.0,0.0,1.132351068765749,0.0,0.0,1.0,4.11187312512685,904.4335281070778,109.60126774294156,302.7106577576344,38.72523437118672
18,275.0,39.65061693978264,0.95,0.0,0.0,0.0,0.01,0.0,0.0,0.04,303.14,76.54,0.9071716038793955,0.5180378487037188,40.192156164684,38.56763848997994,887.8963858334641,109.4534003829908,0.9515449558024875,0.0,0.0,0.0,0.0073024167061227,0.0,0.0,0.0411526274913896,0.9392197612272566,0.0,0.0,0.0,0.0288229281190672,0.0,0.0,0.0319573106536761,4.03560239645187,1.6490407306396877,1.0,0.0,0.0,0.0,1.1312634976525495,0.0,0.0,1.0,4.11187312512685,904.4335281070778,109.60126774294156,302.7106577576344,38.72523437118672
18,275.0,39.83109668141643,0.95,0.0,0.0,0.0,0.01,0.0,0.0,0.04,303.14,76.54,0.9071716038793955,0.5203958280822633,40.192156164684,38.56763848997994,886.9388108104522,109.8304256298546,0.9511163917717086,0.0,0.0,0.0,0.0081954931770272,0.0,0.0,0.0406881150512641,0.9362729791213672,0.0,0.0,0.0,0.0321880019741376,0.0,0.0,0.0315390189044951,4.012162158734506,1.6535207480079115,1.0,0.0,0.0,0.0,1.130190731818794,0.0,0.0,1.0,4.11187312512685,904.4335281070778,109.60126774294156,302.7106577576344,38.72523437118672
18,275.0,40.011576423050215,0.95,0.0,0.0,0.0,0.01,0.0,0.0,0.04,303.14,76.54,0.9071716038793955,0.5227538074608076,40.192156164684,38.56763848997994,885.9569877022915,110.20442755919387,0.950592779613558,0.0,0.0,0.0,0.009095067561597,0.0,0.0,0.0403121528248448,0.9332664736047802,0.0,0.0,0.0,0.0355452625184145,0.0,0.0,0.0311882638768052,3.98887950297273,1.658003873007067,1.0,0.0,0.0,0.0,1.129130944269857,0.0,0.0,1.0,4.11187312512685,904.4335281070778,109.60126774294156,302.7106577576344,38.72523437118672
18,275.0,40.192056164684,0.95,0.0,0.0,0.0,0.01,0.0,0.0,0.04,303.14,76.54,0.9071716038793955,0.5251117868393519,40.192156164684,38.56763848997994,884.9572848039996,110.57659083080836,0.9500003436804548,0.0,0.0,0.0,0.0099994979323507,0.0,0.0,0.0400001583871944,0.9302250546106934,0.0,0.0,0.0,0.0388883473178749,0.0,0.0,0.0308865980714316,3.9657234778925554,1.662504367787219,1.0,0.0,0.0,0.0,1.1280786941411367,0.0,0.0,1.0,4.11187312512685,904.4335281070778,109.60126774294156,302.7106577576344,38.72523437118672
18,280.0,43.85218788369628,0.95,0.0,0.0,0.0,0.01,0.0,0.0,0.04,303.14,76.54,0.9236656330408392,0.572931642065538,45.39413691817656,43.85208788369628,856.1116850243674,125.92664036729596,0.9465928211830146,0.0,0.0,0.0,0.0028888162141668,0.0,0.0,0.0505183626028186,0.9500005467488404,0.0,0.0,0.0,0.0100011411292737,0.0,0.0,0.0399983121218857,3.2199863266648543,1.8171893541789907,1.0,0.0,0.0,0.0,1.0854150236997389,0.0,0.0,1.0,3.1449654870637134,867.6798743518019,129.30886906724652,302.7106577576344,44.02808165538378
18,280.0,44.02350444308298,0.95,0.0,0.0,0.0,0.01,0.0,0.0,0.04,303.14,76.54,0.9236656330408392,0.5751699038814081,45.39413691817656,43.85208788369628,855.8045180481532,126.49068311524262,0.9490895770442764,0.0,0.0,0.0,0.0035189970755924,0.0,0.0,0.0473914258801312,0.9502986581591044,0.0,0.0,0.0,0.0121260496458103,0.0,0.0,0.0375752921950852,3.196467740231163,1.822944666150832,1.0,0.0,0.0,0.0,1.0843654437486905,0.0,0.0,1.0,3.1449654870637134,867.6798743518019,129.30886906724652,302.7106577576344,44.02808165538378
18,280.0,44.19482100246967,0.95,0.0,0.0,0.0,0.01,0.0,0.0,0.04,303.14,76.54,0.9236656330408392,0.5774081656972782,45.39413691817656,43.85208788369628,855.259187482052,126.99687802528196,0.9505171794981216,0.0,0.0,0.0,0.0042299768705945,0.0,0.0,0.045252843631284,0.9495957672156996,0.0,0.0,0.0,0.0145099090809888,0.0,0.0,0.0358943237033118,3.1743479503718803,1.828492269420924,1.0,0.0,0.0,0.0,1.0834124375508771,0.0,0.0,1.0,3.1449654870637134,867.6798743518019,129.30886906724652,302.7106577576344,44.02808165538378
18,280.0,44.36613756185638,0.95,0.0,0.0,0.0,0.01,0.0,0.0,0.04,303.14,76.54,0.9236656330408392,0.5796464275131483,45.39413691817656,43.85208788369628,854.5566259506759,127.46575581419444,0.951245897553084,0.0,0.0,0.0,0.0049934734224477,0.0,0.0,0.0437606290244682,0.9482449203715696,0.0,0.0,0.0,0.0170526286721628,0.0,0.0,0.0347024509562675,3.1531313519341104,1.83390837375876,1.0,0.0,0.0,0.0,1.0825224699729343,0.0,0.0,1.0,3.1449654870637134,867.6798743518019,129.30886906724652,302.7106577576344,44.02808165538378
18,280.0,44.53745412124307,0.95,0.0,0.0,0.0,0.01,0.0,0.0,0.04,303.14,76.54,0.9236656330408392,0.5818846893290184,45.39413691817656,43.85208788369628,853.7523771460395,127.91123285698644,0.9515266808678264,0.0,0.0,0.0,0.0057906134323353,0.0,0.0,0.0426827056998382,0.9464863577271562,0.0,0.0,0.0,0.0196878652890603,0.0,0.0,0.0338257769837835,3.132497989836924,1.8392578736062848,1.0,0.0,0.0,0.0,1.0816720457442088,0.0,0.0,1.0,3.1449654870637134,867.6798743518019,129.30886906724652,302.7106577576344,44.02808165538378
18,280.0,44.70877068062977,0.95,0.0,0.0,0.0,0.01,0.0,0.0,0.04,303.14,76.54,0.9236656330408392,0.5841229511448885,45.39413691817656,43.85208788369628,852.8811193626747,128.3419402184408,0.9515151556830016,0.0,0.0,0.0,0.0066098008864757,0.0,0.0,0.0418750434305225,0.9444693057388118,0.0,0.0,0.0,0.0223750681146562,0.0,0.0,0.0331556261465318,3.1122547432362286,1.8445685974836563,1.0,0.0,0.0,0.0,1.080846793309283,0.0,0.0,1.0,3.1449654870637134,867.6798743518019,129.30886906724652,302.7106577576344,44.02808165538378
18,280.0,44.88008724001647,0.95,0.0,0.0,0.0,0.01,0.0,0.0,0.04,303.14,76.54,0.9236656330408392,0.5863612129607586,45.39413691817656,43.85208788369628,851.9642152317165,128.76317608919857,0.9513067828576036,0.0,0.0,0.0,0.007443964429823,0.0,0.0,0.041249252712573,0.9422853621427764,0.0,0.0,0.0,0.0250896445108364,0.0,0.0,0.0326249933463871,3.09228527176103,1.849875197595666,1.0,0.0,0.0,0.0,1.080040775487764,0.0,0.0,1.0,3.1449654870637134,867.6798743518019,129.30886906724652,302.7106577576344,44.02808165538378
18,280.0,45.05140379940317,0.95,0.0,0.0,0.0,0.01,0.0,0.0,0.04,303.14,76.54,0.9236656330408392,0.5885994747766288,45.39413691817656,43.85208788369628,851.0150711866156,129.17826005601054,0.9509613068241368,0.0,0.0,0.0,0.0082886978556059,0.0,0.0,0.0407499953202571,0.9399918311575176,0.0,0.0,0.0,0.0278163728495053,0.0,0.0,0.0321917959929769,3.072517931410186,1.8551708044169424,1.0,0.0,0.0,0.0,1.079248617605788,0.0,0.0,1.0,3.1449654870637134,867.6798743518019,129.30886906724652,302.7106577576344,44.02808165538378
18,280.0,45.22272035878986,0.95,0.0,0.0,0.0,0.01,0.0,0.0,0.04,303.14,76.54,0.9236656330408392,0.5908377365924988,45.39413691817656,43.85208788369628,850.0423502392555,129.5893371485622,0.9505172649421312,0.0,0.0,0.0,0.0091411689646336,0.0,0.0,0.040341566093235,0.9376256277081232,0.0,0.0,0.0,0.0305455543220334,0.0,0.0,0.0318288179698433,3.0529067058907398,1.860492367192257,1.0,0.0,0.0,0.0,1.0784658184313105,0.0,0.0,1.0,3.1449654870637134,867.6798743518019,129.30886906724652,302.7106577576344,44.02808165538378
18,280.0,45.39403691817656,0.95,0.0,0.0,0.0,0.01,0.0,0.0,0.04,303.14,76.54,0.9236656330408392,0.5930759984083689,45.39413691817656,43.85208788369628,849.0518269610252,129.99783938906262,0.950000319178267,0.0,0.0,0.0,0.0099994977564074,0.0,0.0,0.0400001830653255,0.9352112765460964,0.0,0.0,0.0,0.0332708250073699,0.0,0.0,0.0315178984465335,3.03342127370564,1.8658134425000923,1.0,0.0,0.0,0.0,1.0776922391493324,0.0,0.0,1.0,3.1449654870637134,867.6798743518019,129.30886906724652,302.7106577576344,44.02808165538378
18,285.0,49.67348975635579,0.95,0.0,0.0,0.0,0.01,0.0,0.0,0.04,303.14,76.54,0.9401596622022828,0.6489873237046745,51.10711603090249,49.67338975635579,814.8419883415245,149.5181531935508,0.9470660161897564,0.0,0.0,0.0,0.0034146970792454,0.0,0.0,0.0495192867309979,0.950000441487748,0.0,0.0,0.0,0.0100009909156781,0.0,0.0,0.0399985675965737,2.3135700759232813,2.0880148912727994,1.0,0.0,0.0,0.0,1.0436247229063205,0.0,0.0,1.0,2.2410524707626744,824.9746819221486,153.77005765610247,302.7106577576344,49.86436423924916
18,285.0,49.83277045352765,0.95,0.0,0.0,0.0,0.01,0.0,0.0,0.04,303.14,76.54,0.9401596622022828,0.651068336210186,51.10711603090249,49.67338975635579,814.337721016617,150.1242699303497,0.9489713964894336,0.0,0.0,0.0,0.0040068737228564,0.0,0.0,0.0470217297877099,0.9502895748414554,0.0,0.0,0.0,0.0116871987833002,0.0,0.0,0.0380232263752443,2.294707341602713,2.0951617265820905,1.0,0.0,0.0,0.0,1.0429202513212923,0.0,0.0,1.0,2.2410524707626744,824.9746819221486,153.77005765610247,302.7106577576344,49.86436423924916
18,285.0,49.9920511506995,0.95,0.0,0.0,0.0,0.01,0.0,0.0,0.04,303.14,76.54,0.9401596622022828,0.6531493487156976,51.10711603090249,49.67338975635579,813.6875636126988,150.68164995832487,0.9501533767459068,0.0,0.0,0.0,0.0046629596264722,0.0,0.0,0.045183663627621,0.9498980798093104,0.0,0.0,0.0,0.0135465100616939,0.0,0.0,0.0365554101289956,2.2767698137608487,2.102091926920337,1.0,0.0,0.0,0.0,1.0422717222142417,0.0,0.0,1.0,2.2410524707626744,824.9746819221486,153.77005765610247,302.7106577576344,49.86436423924916
18,285.0,50.15133184787136,0.95,0.0,0.0,0.0,0.01,0.0,0.0,0.04,303.14,76.54,0.9401596622022828,0.6552303612212091,51.10711603090249,49.67338975635579,812.9320764466506,151.20471903701002,0.9508188904273732,0.0,0.0,0.0,0.0053644818724881,0.0,0.0,0.0438166277001386,0.9490242563825936,0.0,0.0,0.0,0.0155234217852559,0.0,0.0,0.0354523218321503,2.259487838389847,2.108877616269058,1.0,0.0,0.0,0.0,1.0416605520225488,0.0,0.0,1.0,2.2410524707626744,824.9746819221486,153.77005765610247,302.7106577576344,49.86436423924916
18,285.0,50.31061254504321,0.95,0.0,0.0,0.0,0.01,0.0,0.0,0.04,303.14,76.54,0.9401596622022828,0.6573113737267208,51.10711603090249,49.67338975635579,812.1022120420256,151.70435283492614,0.9511237917869804,0.0,0.0,0.0,0.0060977216279623,0.0,0.0,0.0427784865850572,0.9478179560106492,0.0,0.0,0.0,0.0175769757041541,0.0,0.0,0.0346050682851966,2.242667656163968,2.1155804721813234,1.0,0.0,0.0,0.0,1.0410769500004742,0.0,0.0,1.0,2.2410524707626744,824.9746819221486,153.77005765610247,302.7106577576344,49.86436423924916
18,285.0,50.469893242215065,0.95,0.0,0.0,0.0,0.01,0.0,0.0,0.04,303.14,76.54,0.9401596622022828,0.6593923862322323,51.10711603090249,49.67338975635579,811.2195476486129,152.1880819202364,0.951175884904604,0.0,0.0,0.0,0.0068532690542103,0.0,0.0,0.0419708460411857,0.9463830277209384,0.0,0.0,0.0,0.0196792114228396,0.0,0.0,0.033937760856222,2.2261788033922283,2.12223564169631,1.0,0.0,0.0,0.0,1.0405123670580694,0.0,0.0,1.0,2.2410524707626744,824.9746819221486,153.77005765610247,302.7106577576344,49.86436423924916
18,285.0,50.62917393938693,0.95,0.0,0.0,0.0,0.01,0.0,0.0,0.04,303.14,76.54,0.9401596622022828,0.6614733987377439,51.10711603090249,49.67338975635579,810.2986848815527,152.66098355425774,0.9510477865469732,0.0,0.0,0.0,0.007624825459951,0.0,0.0,0.0413273879930757,0.9447894696713828,0.0,0.0,0.0,0.0218114887163187,0.0,0.0,0.0333990416122984,2.2099329031773083,2.128866392803374,1.0,0.0,0.0,0.0,1.0399620057141208,0.0,0.0,1.0,2.2410524707626744,824.9746819221486,153.77005765610247,302.7106577576344,49.86436423924916
18,285.0,50.788454636558775,0.95,0.0,0.0,0.0,0.01,0.0,0.0,0.04,303.14,76.54,0.9401596622022828,0.6635544112432554,51.10711603090249,49.67338975635579,809.3495072221151,153.12648871171808,0.9507884871154008,0.0,0.0,0.0,0.0084081596549541,0.0,0.0,0.040803353229645,0.9430845209723712,0.0,0.0,0.0,0.0239613423053869,0.0,0.0,0.0329541367222417,2.193873279272622,2.1355082185610925,1.0,0.0,0.0,0.0,1.0394224277373036,0.0,0.0,1.0,2.2410524707626744,824.9746819221486,153.77005765610247,302.7106577576344,49.86436423924916
18,285.0,50.94773533373064,0.95,0.0,0.0,0.0,0.01,0.0,0.0,0.04,303.14,76.54,0.9401596622022828,0.665635423748767,51.10711603090249,49.67338975635579,808.3787936525779,153.58695082347984,0.950431520060593,0.0,0.0,0.0,0.0092003859101061,0.0,0.0,0.0403680940293008,0.9413005045172188,0.0,0.0,0.0,0.0261203146695916,0.0,0.0,0.0325791808131897,2.177962031905994,2.1421488861987537,1.0,0.0,0.0,0.0,1.0388911052599827,0.0,0.0,1.0,2.2410524707626744,824.9746819221486,153.77005765610247,302.7106577576344,49.86436423924916
18,285.0,51.107016030902486,0.95,0.0,0.0,0.0,0.01,0.0,0.0,0.04,303.14,76.54,0.9401596622022828,0.6677164362542786,51.10711603090249,49.67338975635579,807.3912806899192,154.0440171412852,0.9500002901366577,0.0,0.0,0.0,0.0099994967343527,0.0,0.0,0.0400002131289896,0.9394599589929736,0.0,0.0,0.0,0.0282825589920751,0.0,0.0,0.0322574820149513,2.162169368296395,2.1488162524750107,1.0,0.0,0.0,0.0,1.038368240528352,0.0,0.0,1.0,2.2410524707626744,824.9746819221486,153.77005765610247,302.7106577576344,49.86436423924916
18,290.0,56.07840805008488,0.95,0.0,0.0,0.0,0.01,0.0,0.0,0.04,303.14,76.54,0.9566536913637264,0.732667991247516,57.36447077766217,56.07830805008488,765.0420626037728,179.92799328094895,0.9476332535559832,0.0,0.0,0.0,0.0040829363607005,0.0,0.0,0.0482838100833163,0.9500003441910712,0.0,0.0,0.0,0.0100008605064042,0.0,0.0,0.0399987953025245,1.4834947070665516,2.502348765108954,1.000000000108713,0.0,0.0,0.0,1.0140501850235832,0.0,0.0,1.000000000139245,1.4167983026644004,773.2637021553837,185.44864903964933,302.7106577576344,56.27641671412855
18,290.0,56.22129279759347,0.95,0.0,0.0,0.0,0.01,0.0,0.0,0.04,303.14,76.54,0.9566536913637264,0.7345347896210278,57.36447077766217,56.07830805008488,764.3517777215521,180.58827138854988,0.9489838672169876,0.0,0.0,0.0,0.0046272347335778,0.0,0.0,0.0463888980494345,0.9502445325920302,0.0,0.0,0.0,0.0112929572187138,0.0,0.0,0.038462510189256,1.469392342287385,2.512021994383736,1.0000000001144191,0.0,0.0,0.0,1.0136741850808468,0.0,0.0,1.0000000001464076,1.4167983026644004,773.2637021553837,185.44864903964933,302.7106577576344,56.27641671412855
18,290.0,56.36417754510206,0.95,0.0,0.0,0.0,0.01,0.0,0.0,0.04,303.14,76.54,0.9566536913637264,0.7364015879945395,57.36447077766217,56.07830805008488,763.583329905483,181.2099990716464,0.9498854067991268,0.0,0.0,0.0,0.0052181646939826,0.0,0.0,0.0448964285068905,0.9500644641900792,0.0,0.0,0.0,0.0126900124767025,0.0,0.0,0.0372455233332183,1.4558365828945117,2.521480046147477,1.0000000001572509,0.0,0.0,0.0,1.0133225831072123,0.0,0.0,1.000000000202991,1.4167983026644004,773.2637021553837,185.44864903964933,302.7106577576344,56.27641671412855
18,290.0,56.50706229261064,0.95,0.0,0.0,0.0,0.01,0.0,0.0,0.04,303.14,76.54,0.9566536913637264,0.7382683863680511,57.36447077766217,56.07830805008488,762.7536515302133,181.80244292724385,0.9504402030429376,0.0,0.0,0.0,0.0058450218627661,0.0,0.0,0.043714775094296,0.9495587363966608,0.0,0.0,0.0,0.0141649885298274,0.0,0.0,0.0362762750735116,1.4427023820753464,2.5307892890585606,1.0000000001571738,0.0,0.0,0.0,1.0129897430193142,0.0,0.0,1.0000000002034823,1.4167983026644004,773.2637021553837,185.44864903964933,302.7106577576344,56.27641671412855
18,290.0,56.64994704011923,0.95,0.0,0.0,0.0,0.01,0.0,0.0,0.04,303.14,76.54,0.9566536913637264,0.7401351847415629,57.36447077766217,56.07830805008488,761.8768324211849,182.37323285323808,0.9507322903278376,0.0,0.0,0.0,0.0064991196686948,0.0,0.0,0.0427685900034676,0.9488085340317108,0.0,0.0,0.0,0.0156960738319742,0.0,0.0,0.035495392136315,1.4298910123665292,2.5400034022032627,1.0000000001592366,0.0,0.0,0.0,1.0126716474024016,0.0,0.0,1.000000000207271,1.4167983026644004,773.2637021553837,185.44864903964933,302.7106577576344,56.27641671412855
18,290.0,56.79283178762782,0.95,0.0,0.0,0.0,0.01,0.0,0.0,0.04,303.14,76.54,0.9566536913637264,0.7420019831150747,57.36447077766217,56.07830805008488,760.9637564262672,182.9282246648312,0.9508260025054068,0.0,0.0,0.0,0.0071738554670181,0.0,0.0,0.042000142027575,0.947876128955932,0.0,0.0,0.0,0.0172667655372249,0.0,0.0,0.0348571055068431,1.4173291744378558,2.549163650474702,1.0000000001553555,0.0,0.0,0.0,1.0123648634754947,0.0,0.0,1.0000000002043643,1.4167983026644004,773.2637021553837,185.44864903964933,302.7106577576344,56.27641671412855
18,290.0,56.93571653513641,0.95,0.0,0.0,0.0,0.01,0.0,0.0,0.04,303.14,76.54,0.9566536913637264,0.7438687814885864,57.36447077766217,56.07830805008488,760.0225289100471,183.4717682707421,0.950769044975006,0.0,0.0,0.0,0.0078643650824867,0.0,0.0,0.0413665899425073,0.946807722437769,0.0,0.0,0.0,0.0188649424284217,0.0,0.0,0.0343273351338091,1.404961409194965,2.558303012118782,1.000000000088263,0.0,0.0,0.0,1.012067072573665,0.0,0.0,1.0000000001145444,1.4167983026644004,773.2637021553837,185.44864903964933,302.7106577576344,56.27641671412855
18,290.0,57.07860128264499,0.95,0.0,0.0,0.0,0.01,0.0,0.0,0.04,303.14,76.54,0.9566536913637264,0.745735579862098,57.36447077766217,56.07830805008488,759.0591184077454,184.0070630234008,0.9505964099202768,0.0,0.0,0.0,0.0085670949513145,0.0,0.0,0.0408364951284085,0.9456372289127124,0.0,0.0,0.0,0.020481778563192,0.0,0.0,0.0338809925240954,1.392749081964111,2.567447757398156,1.0000000002462883,0.0,0.0,0.0,1.0117770300730635,0.0,0.0,1.0000000003392313,1.4167983026644004,773.2637021553837,185.44864903964933,302.7106577576344,56.27641671412855
18,290.0,57.22148603015358,0.95,0.0,0.0,0.0,0.01,0.0,0.0,0.04,303.14,76.54,0.9566536913637264,0.7476023782356098,57.36447077766217,56.07830805008488,758.0779182795941,184.5364663392795,0.9503338027714052,0.0,0.0,0.0,0.0092794442437568,0.0,0.0,0.0403867529848381,0.9443895666264296,0.0,0.0,0.0,0.0221108343268941,0.0,0.0,0.0334995990466762,1.380630349020103,2.571475018406125,1.0,0.0,0.0,0.0,1.011379733947618,0.0,0.0,1.0,1.4167983026644004,773.2637021553837,185.44864903964933,302.7106577576344,56.27641671412855
18,290.0,57.36437077766217,0.95,0.0,0.0,0.0,0.01,0.0,0.0,0.04,303.14,76.54,0.9566536913637264,0.7494691766091215,57.36447077766217,56.07830805008488,757.0821831409332,185.06173003042355,0.950000254520873,0.0,0.0,0.0,0.0099994941325448,0.0,0.0,0.0400002513465821,0.9430831810580934,0.0,0.0,0.0,0.0237473738557958,0.0,0.0,0.0331694450861106,1.3686884115684577,2.585804166162436,1.000000000176699,0.0,0.0,0.0,1.0112148585299208,0.0,0.0,1.0000000002432503,1.4167983026644004,773.2637021553837,185.44864903964933,302.7106577576344,56.27641671412855
18,295.0,63.12566622902629,0.95,0.0,0.0,0.0,0.01,0.0,0.0,0.04,303.14,76.54,0.97314772052517,0.824740870512494,64.1966144188083,63.12556622902629,700.6477359708166,222.171975139836,0.948329225103482,0.0,0.0,0.0,0.0050025740872146,0.0,0.0,0.0466682008093032,0.9500002487657756,0.0,0.0,0.0,0.0100007440790109,0.0,0.0,0.0399990071552135,0.7565245595233555,3.252705925168931,1.000000000000248,0.0,0.0,0.0,1.0001733741963967,0.0,0.0,1.0000000000003304,0.7007191954812403,705.9625820508377,229.82343987692175,302.7106577576344,63.31231171729296
18,295.0,63.24464936122429,0.95,0.0,0.0,0.0,0.01,0.0,0.0,0.04,303.14,76.54,0.97314772052517,0.8262953927518197,64.1966144188083,63.12556622902629,699.7776176832903,222.9078232331665,0.9491536694349266,0.0,0.0,0.0,0.0054782084511423,0.0,0.0,0.045368122113931,0.9501714850472198,0.0,0.0,0.0,0.0109162136749806,0.0,0.0,0.0389123012777995,0.7474056185901505,3.267934131970776,1.0000000000001386,0.0,0.0,0.0,1.000135357550776,0.0,0.0,1.0000000000004106,0.7007191954812403,705.9625820508377,229.82343987692175,302.7106577576344,63.31231171729296
18,295.0,63.36363249342229,0.95,0.0,0.0,0.0,0.01,0.0,0.0,0.04,303.14,76.54,0.97314772052517,0.8278499149911457,64.1966144188083,63.12556622902629,698.8756995343078,223.6171676885944,0.9497432739815164,0.0,0.0,0.0,0.0059829474601286,0.0,0.0,0.0442737785583551,0.950120413651449,0.0,0.0,0.0,0.0118841407943188,0.0,0.0,0.0379954455542321,0.7385504092573456,3.2829917462268043,1.00000000000022,0.0,0.0,0.0,1.000103069902614,0.0,0.0,1.000000000000106,0.7007191954812403,705.9625820508377,229.82343987692175,302.7106577576344,63.31231171729296
18,295.0,63.48261562562029,0.95,0.0,0.0,0.0,0.01,0.0,0.0,0.04,303.14,76.54,0.97314772052517,0.8294044372304714,64.1966144188083,63.12556622902629,697.9466923009263,224.30500716592888,0.9501378341845992,0.0,0.0,0.0,0.0065118709871486,0.0,0.0,0.0433502948282522,0.94988563161509,0.0,0.0,0.0,0.0128942869486098,0.0,0.0,0.0372200814363001,0.7299132045676486,3.297934410648435,1.0000000000000346,0.0,0.0,0.0,1.0000758774356229,0.0,0.0,1.0000000000001734,0.7007191954812403,705.9625820508377,229.82343987692175,302.7106577576344,63.31231171729296
18,295.0,63.60159875781829,0.95,0.0,0.0,0.0,0.01,0.0,0.0,0.04,303.14,76.54,0.97314772052517,0.8309589594697974,64.1966144188083,63.12556622902629,696.9947730954141,224.9757627957048,0.9503723634618068,0.0,0.0,0.0,0.0070606921450404,0.0,0.0,0.0425669443931528,0.9495011467471184,0.0,0.0,0.0,0.0139377743389558,0.0,0.0,0.0365610789139258,0.7214583161053104,3.3128028475611244,1.0000000000002571,0.0,0.0,0.0,1.000053308826899,0.0,0.0,1.0000000000001683,0.7007191954812403,705.9625820508377,229.82343987692175,302.7106577576344,63.31231171729296
18,295.0,63.72058189001629,0.95,0.0,0.0,0.0,0.01,0.0,0.0,0.04,303.14,76.54,0.97314772052517,0.8325134817091232,64.1966144188083,63.12556622902629,696.0234780589496,225.6331656561621,0.9504762558273188,0.0,0.0,0.0,0.0076258328614611,0.0,0.0,0.0418979113112201,0.9489955553880136,0.0,0.0,0.0,0.0150072235413609,0.0,0.0,0.0359972210706254,0.7131556877263662,3.327647044444342,1.0000000000000733,0.0,0.0,0.0,1.0000350117413448,0.0,0.0,1.0000000000005913,0.7007191954812403,705.9625820508377,229.82343987692175,302.7106577576344,63.31231171729296
18,295.0,63.839565022214295,0.95,0.0,0.0,0.0,0.01,0.0,0.0,0.04,303.14,76.54,0.97314772052517,0.834068003948449,64.1966144188083,63.12556622902629,695.0356970335051,226.2802772717837,0.9504735250895612,0.0,0.0,0.0,0.0082043880990481,0.0,0.0,0.0413220868113906,0.9483922366014034,0.0,0.0,0.0,0.0160966549736785,0.0,0.0,0.035511108424918,0.7049820933409242,3.342497802181532,1.0,0.0,0.0,0.0,1.0000207330736115,0.0,0.0,1.0000000000000522,0.7007191954812403,705.9625820508377,229.82343987692175,302.7106577576344,63.31231171729296
18,295.0,63.95854815441229,0.95,0.0,0.0,0.0,0.01,0.0,0.0,0.04,303.14,76.54,0.97314772052517,0.8356225261877749,64.1966144188083,63.12556622902629,694.0337835300845,226.9195769250215,0.9503834947401468,0.0,0.0,0.0,0.0087940214179691,0.0,0.0,0.0408224838418839,0.947710030715528,0.0,0.0,0.0,0.0172012823683685,0.0,0.0,0.0350886869161034,0.6969177595492557,3.357383283479692,1.0000000000002889,0.0,0.0,0.0,1.0000102544094462,0.0,0.0,1.0000000000002844,0.7007191954812403,705.9625820508377,229.82343987692175,302.7106577576344,63.31231171729296
18,295.0,64.0775312866103,0.95,0.0,0.0,0.0,0.01,0.0,0.0,0.04,303.14,76.54,0.97314772052517,0.8371770484271007,64.1966144188083,63.12556622902629,693.0195948248925,227.5530548647368,0.9502216126995228,0.0,0.0,0.0,0.0093928799336792,0.0,0.0,0.0403855073667977,0.9469639937348406,0.0,0.0,0.0,0.0183173045995157,0.0,0.0,0.0347187016656437,0.6889464528529291,3.3723313001604653,1.0000000000003375,0.0,0.0,0.0,1.0000034610773958,0.0,0.0,1.0000000000002345,0.7007191954812403,705.9625820508377,229.82343987692175,302.7106577576344,63.31231171729296
18,295.0,64.19651441880829,0.95,0.0,0.0,0.0,0.01,0.0,0.0,0.04,303.14,76.54,0.97314772052517,0.8387315706664266,64.1966144188083,63.12556622902629,691.9946147104481,228.1823104307212,0.950000207867974,0.0,0.0,0.0,0.0099994880791499,0.0,0.0,0.040000304052876,0.9461661508478753,0.0,0.0,0.0,0.0194417012854145,0.0,0.0,0.0343921478667104,0.681060365553543,3.387355439007081,1.0000000000001483,0.0,0.0,0.0,1.00000027743705,0.0,0.0,1.0000000000004798,0.7007191954812403,705.9625820508377,229.82343987692175,302.7106577576344,63.31231171729296
19,200.0,2.6797252450179765,0.98,0.0,0.0,0.0,0.01,0.01,0.0,0.0,301.25,77.28,0.6639004149377593,0.0346755337088247,7.760911539184376,2.6796252450179763,1221.7401777419666,7.336265365597304,0.999774144461714,0.0,0.0,0.0,0.0001381337206511,8.772181763476791e-05,0.0,0.0,0.9799647952197792,0.0,0.0,0.0,0.0100175575148448,0.0100176472653759,0.0,0.0,22.514713426788614,0.6832018514173399,1.0000000103966802,0.0,0.0,0.0,5.235236664761622,4.157139812969577,0.0,0.0,22.53960113748808,1221.920496490378,7.249541730897533,302.7106577576344,2.6239816647333654
19,200.0,3.244290388814244,0.98,0.0,0.0,0.0,0.01,0.01,0.0,0.0,301.25,77.28,0.6639004149377593,0.0419809832921097,7.760911539184376,2.6796252450179763,1219.9465021988078,8.224996964001832,0.9974975169956488,0.0,0.0,0.0,0.0014996514570492,0.0010028315473019,0.0,0.0,0.8154506503836192,0.0,0.0,0.0,0.0899385892640038,0.0946107603523769,0.0,0.0,22.265897227556938,0.6908869652086693,1.0000000062664969,0.0,0.0,0.0,5.166322366237779,4.108607547275911,0.0,0.0,22.53960113748808,1221.920496490378,7.249541730897533,302.7106577576344,2.6239816647333654
19,200.0,3.80885553261051,0.98,0.0,0.0,0.0,0.01,0.01,0.0,0.0,301.25,77.28,0.6639004149377593,0.0492864328753947,7.760911539184376,2.6796252450179763,1218.2123661079552,9.132668174798372,0.9952408493765508,0.0,0.0,0.0,0.0027926556474808,0.0019664949759684,0.0,0.0,0.6993006279472637,0.0,0.0,0.0,0.1427417510622906,0.1579576209904457,0.0,0.0,22.0229132935569,0.6984457209351327,1.0000000035532588,0.0,0.0,0.0,5.099344244991166,4.061512153664984,0.0,0.0,22.53960113748808,1221.920496490378,7.249541730897533,302.7106577576344,2.6239816647333654
19,200.0,4.373420676406777,0.98,0.0,0.0,0.0,0.01,0.01,0.0,0.0,301.25,77.28,0.6639004149377593,0.0565918824586798,7.760911539184376,2.6796252450179763,1216.537719453873,10.059191780177605,0.9930044002291608,0.0,0.0,0.0,0.0040172101040709,0.0029783896667682,0.0,0.0,0.6129394009233401,0.0,0.0,0.0,0.1788694906840184,0.2081911083926414,0.0,0.0,21.785638907932096,0.705913162436228,1.000000001836885,0.0,0.0,0.0,5.034314008206136,4.015851796963418,0.0,0.0,22.53960113748808,1221.920496490378,7.249541730897533,302.7106577576344,2.6239816647333654
19,200.0,4.937985820203044,0.98,0.0,0.0,0.0,0.01,0.01,0.0,0.0,301.25,77.28,0.6639004149377593,0.0638973320419648,7.760911539184376,2.6796252450179763,1214.9219880457697,11.004373495236738,0.9907882308566364,0.0,0.0,0.0,0.0051739729249414,0.004037796218422,0.0,0.0,0.5462228299000031,0.0,0.0,0.0,0.2040466787617051,0.2497304913382916,0.0,0.0,21.553923533211524,0.7132518787200376,1.00000000065093,0.0,0.0,0.0,4.971497591535535,3.971607879411104,0.0,0.0,22.53960113748808,1221.920496490378,7.249541730897533,302.7106577576344,2.6239816647333654
19,200.0,5.50255096399931,0.98,0.0,0.0,0.0,0.01,0.01,0.0,0.0,301.25,77.28,0.6639004149377593,0.0712027816252498,7.760911539184376,2.6796252450179763,1213.3640962435627,11.967921379282071,0.9885921998405488,0.0,0.0,0.0,0.0062641657402855,0.0051436344191657,0.0,0.0,0.4931424776034122,0.0,0.0,0.0,0.2216825778638668,0.285174944532721,0.0,0.0,21.32759092066213,0.7204931581401568,1.0,0.0,0.0,0.0,4.910795996889235,3.929026434476032,0.0,0.0,22.53960113748808,1221.920496490378,7.249541730897533,302.7106577576344,2.6239816647333654
19,200.0,6.067116107795577,0.98,0.0,0.0,0.0,0.01,0.01,0.0,0.0,301.25,77.28,0.6639004149377593,0.0785082312085349,7.760911539184376,2.6796252450179763,1211.8625145049969,12.949457447364145,0.9864159737888374,0.0,0.0,0.0,0.0072895179587424,0.00629450825242,0.0,0.0,0.4499131523112833,0.0,0.0,0.0,0.2339396431866379,0.3161472045020787,0.0,0.0,21.10644351117028,0.7276236563388715,1.0,0.0,0.0,0.0,4.851906758991583,3.887805075617091,0.0,0.0,22.53960113748808,1221.920496490378,7.249541730897533,302.7106577576344,2.6239816647333654
19,200.0,6.631681251591844,0.98,0.0,0.0,0.0,0.01,0.01,0.0,0.0,301.25,77.28,0.6639004149377593,0.0858136807918199,7.760911539184376,2.6796252450179763,1210.415323048961,13.948531795656104,0.9842590475869738,0.0,0.0,0.0,0.0082521941676226,0.0074887582454035,0.0,0.0,0.414031765708324,0.0,0.0,0.0,0.2422591050310751,0.3437091292606009,0.0,0.0,20.89026667681935,0.7346379013281158,1.0,0.0,0.0,0.0,4.794780590105069,3.847854552186015,0.0,0.0,22.53960113748808,1221.920496490378,7.249541730897533,302.7106577576344,2.6239816647333654
19,200.0,7.19624639538811,0.98,0.0,0.0,0.0,0.01,0.01,0.0,0.0,301.25,77.28,0.6639004149377593,0.0931191303751049,7.760911539184376,2.6796252450179763,1209.0202848200693,14.964638265515406,0.982120770334963,0.0,0.0,0.0,0.0091547117573562,0.0087245179076806,0.0,0.0,0.3837769246473389,0.0,0.0,0.0,0.2476402325512925,0.3685828428013685,0.0,0.0,20.678833769636928,0.7415767028727266,1.0,0.0,0.0,0.0,4.739358835168464,3.809126631626048,0.0,0.0,22.53960113748808,1221.920496490378,7.249541730897533,302.7106577576344,2.6239816647333654
19,200.0,7.760811539184377,0.98,0.0,0.0,0.0,0.01,0.01,0.0,0.0,301.25,77.28,0.6639004149377593,0.1004245799583899,7.760911539184376,2.6796252450179763,1207.6749217474735,15.99723050092477,0.9800003740122069,0.0,0.0,0.0,0.0099998552238624,0.0099997707639307,0.0,0.0,0.3579259117197941,0.0,0.0,0.0,0.2507982470713748,0.3912758412088311,0.0,0.0,20.471911250870058,0.7484024504225879,1.0000000000280842,0.0,0.0,0.0,4.685576337073948,3.771569351320584,0.0,0.0,22.53960113748808,1221.920496490378,7.249541730897533,302.7106577576344,2.6239816647333654
19,205.0,3.426481882235199,0.98,0.0,0.0,0.0,0.01,0.01,0.0,0.0,301.25,77.28,0.6804979253112033,0.0443385336728157,8.635969353359416,3.426381882235199,1206.0471914734271,9.234559839286844,0.999713916224793,0.0,0.0,0.0,0.0001779113688161,0.0001081724063907,0.0,0.0,0.9799726789955174,0.0,0.0,0.0,0.0100136121775328,0.0100137088269496,0.0,0.0,21.12913781741496,0.7111630649240213,1.0,0.0,0.0,0.0,4.501369051087004,3.797177574995538,0.0,0.0,21.15779579629945,1206.2779501886548,9.12387059747945,302.7106577576344,3.35468958110042
19,205.0,4.005302712360112,0.98,0.0,0.0,0.0,0.01,0.01,0.0,0.0,301.25,77.28,0.6804979253112033,0.0518284512468958,8.635969353359416,3.426381882235199,1204.2250117220542,10.138353388962484,0.9974218559316458,0.0,0.0,0.0,0.0015684848537931,0.0010096592145611,0.0,0.0,0.8444108753278503,0.0,0.0,0.0,0.075619975438872,0.0799691492332776,0.0,0.0,20.90127919652605,0.7184750503160515,1.0000000002059923,0.0,0.0,0.0,4.4472470994400135,3.756851856115867,0.0,0.0,21.15779579629945,1206.2779501886548,9.12387059747945,302.7106577576344,3.35468958110042
19,205.0,4.584123542485025,0.98,0.0,0.0,0.0,0.01,0.01,0.0,0.0,301.25,77.28,0.6804979253112033,0.0593183688209759,8.635969353359416,3.426381882235199,1202.471153846358,11.06235239123593,0.9951558240395396,0.0,0.0,0.0,0.0028808804401855,0.0019632955202749,0.0,0.0,0.7427325954252137,0.0,0.0,0.0,0.1214512161402806,0.1358161884345056,0.0,0.0,20.6790288379415,0.7256764096374895,1.0000000000237337,0.0,0.0,0.0,4.39478327728728,3.717803775887312,0.0,0.0,21.15779579629945,1206.2779501886548,9.12387059747945,302.7106577576344,3.35468958110042
19,205.0,5.162944372609938,0.98,0.0,0.0,0.0,0.01,0.01,0.0,0.0,301.25,77.28,0.6804979253112033,0.0668082863950561,8.635969353359416,3.426381882235199,1200.785298528319,12.006404173562924,0.992915981336596,0.0,0.0,0.0,0.0041154643571604,0.0029685543062435,0.0,0.0,0.663662355288218,0.0,0.0,0.0,0.1541237871878965,0.1822138575238854,0.0,0.0,20.462256008456333,0.7327524138295367,1.0,0.0,0.0,0.0,4.343962152505306,3.6802576651088175,0.0,0.0,21.15779579629945,1206.2779501886548,9.12387059747945,302.7106577576344,3.35468958110042
19,205.0,5.74176520273485,0.98,0.0,0.0,0.0,0.01,0.01,0.0,0.0,301.25,77.28,0.6804979253112033,0.0742982039691362,8.635969353359416,3.426381882235199,1199.166412793158,12.97021438135339,0.990702184233478,0.0,0.0,0.0,0.005273405531006,0.004024410235516,0.0,0.0,0.6004267356868815,0.0,0.0,0.0,0.1776376384988962,0.2219356258142221,0.0,0.0,20.25079532957198,0.7397521301959721,1.0,0.0,0.0,0.0,4.294752509858438,3.6439315708675823,0.0,0.0,21.15779579629945,1206.2779501886548,9.12387059747945,302.7106577576344,3.35468958110042
19,205.0,6.320586032859763,0.98,0.0,0.0,0.0,0.01,0.01,0.0,0.0,301.25,77.28,0.6804979253112033,0.0817881215432164,8.635969353359416,3.426381882235199,1197.6128062043806,13.953363509456508,0.9885139970710116,0.0,0.0,0.0,0.0063566088426419,0.0051293940863463,0.0,0.0,0.5487117279339352,0.0,0.0,0.0,0.1945610074341998,0.2567272646318649,0.0,0.0,20.04445244483925,0.7466263098017735,1.0,0.0,0.0,0.0,4.247110049870552,3.6087680648841256,0.0,0.0,21.15779579629945,1206.2779501886548,9.12387059747945,302.7106577576344,3.35468958110042
19,205.0,6.8994068629846765,0.98,0.0,0.0,0.0,0.01,0.01,0.0,0.0,301.25,77.28,0.6804979253112033,0.0892780391172965,8.635969353359416,3.426381882235199,1196.122217839809,14.95532692252996,0.986350722183621,0.0,0.0,0.0,0.0073676158651704,0.0062816619512086,0.0,0.0,0.5056395449995048,0.0,0.0,0.0,0.2066231398303572,0.287737315170138,0.0,0.0,19.843009042591905,0.7533825571574874,1.0,0.0,0.0,0.0,4.201008480236239,3.57472451131373,0.0,0.0,21.15779579629945,1206.2779501886548,9.12387059747945,302.7106577576344,3.35468958110042
19,205.0,7.47822769310959,0.98,0.0,0.0,0.0,0.01,0.01,0.0,0.0,301.25,77.28,0.6804979253112033,0.0967679566913766,8.635969353359416,3.426381882235199,1194.691922258269,15.975497510498764,0.9842114408985374,0.0,0.0,0.0,0.0083094853079348,0.0074790737935276,0.0,0.0,0.4692169491019712,0.0,0.0,0.0,0.2150334488371491,0.3157496020608796,0.0,0.0,19.646229399909597,0.7600659927145855,1.0,0.0,0.0,0.0,4.156578578375546,3.541752585649705,0.0,0.0,21.15779579629945,1206.2779501886548,9.12387059747945,302.7106577576344,3.35468958110042
19,205.0,8.057048523234503,0.98,0.0,0.0,0.0,0.01,0.01,0.0,0.0,301.25,77.28,0.6804979253112033,0.1042578742654568,8.635969353359416,3.426381882235199,1193.3188436968376,17.01320928140076,0.9820950601346848,0.0,0.0,0.0,0.009185664825629,0.008719275039686,0.0,0.0,0.4380197002509527,0.0,0.0,0.0,0.2206639397098452,0.3413163600392019,0.0,0.0,19.453866837896427,0.7666438161875171,1.0,0.0,0.0,0.0,4.113504522390147,3.5098305472615183,0.0,0.0,21.15779579629945,1206.2779501886548,9.12387059747945,302.7106577576344,3.35468958110042
19,205.0,8.635869353359416,0.98,0.0,0.0,0.0,0.01,0.01,0.0,0.0,301.25,77.28,0.6804979253112033,0.1117477918395369,8.635969353359416,3.426381882235199,1191.9996691013152,18.067760200096306,0.9800003600625602,0.0,0.0,0.0,0.0099998644797957,0.0099997754576439,0.0,0.0,0.4110030810044002,0.0,0.0,0.0,0.2241588356421414,0.3648380833534583,0.0,0.0,19.26566996261812,0.7731232500396232,1.0,0.0,0.0,0.0,4.071719421278945,3.479010238508507,0.0,0.0,21.15779579629945,1206.2779501886548,9.12387059747945,302.7106577576344,3.35468958110042
19,210.0,4.324627108712935,0.98,0.0,0.0,0.0,0.01,0.01,0.0,0.0,301.25,77.28,0.6970954356846473,0.0559604957131591,9.645476890352668,4.324527108712935,1190.001957349421,11.494696365680364,0.999641052538466,0.0,0.0,0.0,0.0002263496253348,0.0001325978361992,0.0,0.0,0.9799785400759736,0.0,0.0,0.0,0.0100106787451481,0.0100107811788781,0.0,0.0,19.761149492137434,0.7411746189970237,1.0,0.0,0.0,0.0,3.9015154543303896,3.477163666905714,0.0,0.0,19.793904820789816,1190.2941504876192,11.354703713715036,302.7106577576344,4.233266563955471
19,210.0,4.915821528895128,0.98,0.0,0.0,0.0,0.01,0.01,0.0,0.0,301.25,77.28,0.6970954356846473,0.0636105270302164,9.645476890352668,4.324527108712935,1188.1551015933285,12.41286619957927,0.9973365326987644,0.0,0.0,0.0,0.001640916693792,0.0010225506074436,0.0,0.0,0.8681521529246781,0.0,0.0,0.0,0.0639292076200026,0.0679186394553192,0.0,0.0,19.55231738220104,0.7481936219951536,1.0,0.0,0.0,0.0,3.858425503929029,3.443724953075807,0.0,0.0,19.793904820789816,1190.2941504876192,11.354703713715036,302.7106577576344,4.233266563955471
19,210.0,5.50701594907732,0.98,0.0,0.0,0.0,0.01,0.01,0.0,0.0,301.25,77.28,0.6970954356846473,0.0712605583472738,9.645476890352668,4.324527108712935,1186.384413969456,13.352250505854348,0.995063844008268,0.0,0.0,0.0,0.0029685435704327,0.0019676124212991,0.0,0.0,0.7800438378235532,0.0,0.0,0.0,0.1033349443472372,0.1166212178292094,0.0,0.0,19.348826645620804,0.7550871784001828,1.0,0.0,0.0,0.0,3.816862801297825,3.4113810670369267,0.0,0.0,19.793904820789816,1190.2941504876192,11.354703713715036,302.7106577576344,4.233266563955471
19,210.0,6.098210369259512,0.98,0.0,0.0,0.0,0.01,0.01,0.0,0.0,301.25,77.28,0.6970954356846473,0.0789105896643311,9.645476890352668,4.324527108712935,1184.6892479144776,14.312626089440611,0.9928229975665324,0.0,0.0,0.0,0.0042099621882345,0.0029670402452332,0.0,0.0,0.7088462899083078,0.0,0.0,0.0,0.1324355090208408,0.1587182010708514,0.0,0.0,19.150540157605757,0.7618675669214788,1.0,0.0,0.0,0.0,3.7768061895589935,3.380108143508815,0.0,0.0,19.793904820789816,1190.2941504876192,11.354703713715036,302.7106577576344,4.233266563955471
19,210.0,6.689404789441705,0.98,0.0,0.0,0.0,0.01,0.01,0.0,0.0,301.25,77.28,0.6970954356846473,0.0865606209813885,9.645476890352668,4.324527108712935,1183.0680534932662,15.293596202308622,0.990613586404804,0.0,0.0,0.0,0.0053669173388343,0.0040194962563614,0.0,0.0,0.6501286947312888,0.0,0.0,0.0,0.1539966630096642,0.1958746422590469,0.0,0.0,18.95728176666521,0.768560720208599,1.0,0.0,0.0,0.0,3.7380806866180634,3.349873493939305,0.0,0.0,19.793904820789816,1190.2941504876192,11.354703713715036,302.7106577576344,4.233266563955471
19,210.0,7.280599209623897,0.98,0.0,0.0,0.0,0.01,0.01,0.0,0.0,301.25,77.28,0.6970954356846473,0.0942106522984458,9.645476890352668,4.324527108712935,1181.5184750586486,16.294614841155106,0.9884348202433844,0.0,0.0,0.0,0.0064420546443026,0.0051231251123129,0.0,0.0,0.6008831432105501,0.0,0.0,0.0,0.1699177007878201,0.2291991560016296,0.0,0.0,18.7688432880518,0.7751462579049296,1.0,0.0,0.0,0.0,3.700636443028316,3.3206368346952937,0.0,0.0,19.793904820789816,1190.2941504876192,11.354703713715036,302.7106577576344,4.233266563955471
19,210.0,7.871793629806089,0.98,0.0,0.0,0.0,0.01,0.01,0.0,0.0,301.25,77.28,0.6970954356846473,0.1018606836155032,9.645476890352668,4.324527108712935,1180.0374860423178,17.315015969064728,0.986285580785204,0.0,0.0,0.0,0.0074387683139679,0.0062756509008279,0.0,0.0,0.558996022268708,0.0,0.0,0.0,0.1815495774470269,0.2594544002842649,0.0,0.0,18.58499180910741,0.7816229004654887,1.0,0.0,0.0,0.0,3.6644165080567066,3.2924190284535224,0.0,0.0,19.793904820789816,1190.2941504876192,11.354703713715036,302.7106577576344,4.233266563955471
19,210.0,8.462988049988281,0.98,0.0,0.0,0.0,0.01,0.01,0.0,0.0,301.25,77.28,0.6970954356846473,0.1095107149325605,9.645476890352668,4.324527108712935,1178.6215437382525,18.35404528020676,0.9841644887258814,0.0,0.0,0.0,0.0083610272632804,0.0074744840108382,0.0,0.0,0.522938729957818,0.0,0.0,0.0,0.189880655206006,0.2871806148361761,0.0,0.0,18.40547737384187,0.7879978033770059,1.0,0.0,0.0,0.0,3.629358970196745,3.265168572503653,0.0,0.0,19.793904820789816,1190.2941504876192,11.354703713715036,302.7106577576344,4.233266563955471
19,210.0,9.054182470170474,0.98,0.0,0.0,0.0,0.01,0.01,0.0,0.0,301.25,77.28,0.6970954356846473,0.1171607462496179,9.645476890352668,4.324527108712935,1177.266748232881,19.410891830070582,0.9820699747475928,0.0,0.0,0.0,0.0092131970748241,0.0087168281775829,0.0,0.0,0.4915784295813034,0.0,0.0,0.0,0.1956503422427191,0.3127712281759774,0.0,0.0,18.23004128494265,0.7942783904033099,1.0,0.0,0.0,0.0,3.5953993511947098,3.238756147485483,0.0,0.0,19.793904820789816,1190.2941504876192,11.354703713715036,302.7106577576344,4.233266563955471
19,210.0,9.645376890352669,0.98,0.0,0.0,0.0,0.01,0.01,0.0,0.0,301.25,77.28,0.6970954356846473,0.1248107775666752,9.645476890352668,4.324527108712935,1175.96899242852,20.484717240486603,0.9800003480428984,0.0,0.0,0.0,0.0099998722205221,0.0099997797365793,0.0,0.0,0.464057795901128,0.0,0.0,0.0,0.199421550395596,0.3365206537032759,0.0,0.0,18.058422683855955,0.8004869860724781,1.0,0.0,0.0,0.0,3.562472427453901,3.2131313649413347,0.0,0.0,19.793904820789816,1190.2941504876192,11.354703713715036,302.7106577576344,4.233266563955471
19,215.0,5.393351005553389,0.98,0.0,0.0,0.0,0.01,0.01,0.0,0.0,301.25,77.28,0.7136929460580913,0.069789738684697,10.807728032496271,5.393251005553389,1173.5420921874572,14.165018826285678,0.9995535655652406,0.0,0.0,0.0,0.0002847519583833,0.0001616824763761,0.0,0.0,0.9799829586288614,0.0,0.0,0.0,0.0100084670566617,0.0100085743144768,0.0,0.0,18.41102733819257,0.7734934205171093,1.0,0.0,0.0,0.0,3.4071983140717617,3.1920584461098,0.0,0.0,18.448205290897207,1173.908539729092,13.989350648063478,302.7106577576344,5.278346606766283
19,215.0,5.994937341880376,0.98,0.0,0.0,0.0,0.01,0.01,0.0,0.0,301.25,77.28,0.7136929460580913,0.0775742409663609,10.807728032496271,5.393251005553389,1171.6746495025518,15.09706910388469,0.9972403099307054,0.0,0.0,0.0,0.001717859468706,0.0010418306005884,0.0,0.0,0.8875887870022748,0.0,0.0,0.0,0.0543937873385539,0.0580174256591713,0.0,0.0,18.21959750429862,0.7802479529640308,1.0,0.0,0.0,0.0,3.372928887764248,3.1640046251619056,0.0,0.0,18.448205290897207,1173.908539729092,13.989350648063478,302.7106577576344,5.278346606766283
19,215.0,6.596523678207364,0.98,0.0,0.0,0.0,0.01,0.01,0.0,0.0,301.25,77.28,0.7136929460580913,0.0853587432480249,10.807728032496271,5.393251005553389,1169.8901492465577,16.051082776080843,0.9949642458925376,0.0,0.0,0.0,0.0030563049105801,0.0019794491968823,0.0,0.0,0.8118121625721055,0.0,0.0,0.0,0.0880423597176125,0.1001454777102819,0.0,0.0,18.03320815362344,0.7868999925790398,1.0,0.0,0.0,0.0,3.3398456713467564,3.136905482727064,0.0,0.0,18.448205290897207,1173.908539729092,13.989350648063478,302.7106577576344,5.278346606766283
19,215.0,7.19811001453435,0.98,0.0,0.0,0.0,0.01,0.01,0.0,0.0,301.25,77.28,0.7136929460580913,0.0931432455296887,10.807728032496271,5.393251005553389,1168.1875776630352,17.026764707321075,0.992725192476207,0.0,0.0,0.0,0.0043012313153317,0.0029735762084612,0.0,0.0,0.7485528896053774,0.0,0.0,0.0,0.1136497913363563,0.1377973190582663,0.0,0.0,17.851714029927134,0.793460946726593,1.0,0.0,0.0,0.0,3.307914352213439,3.1107863392200086,0.0,0.0,18.448205290897207,1173.908539729092,13.989350648063478,302.7106577576344,5.278346606766283
19,215.0,7.799696350861337,0.98,0.0,0.0,0.0,0.01,0.01,0.0,0.0,301.25,77.28,0.7136929460580913,0.1009277478113527,10.807728032496271,5.393251005553389,1166.5648385917846,18.023618749294748,0.990522436204652,0.0,0.0,0.0,0.0054549941959757,0.0040225695993723,0.0,0.0,0.6949562312646551,0.0,0.0,0.0,0.1331203077031102,0.1719234610322345,0.0,0.0,17.674936748754643,0.7999115020383577,1.0,0.0,0.0,0.0,3.277091122089309,3.085618850390925,0.0,0.0,18.448205290897207,1173.908539729092,13.989350648063478,302.7106577576344,5.278346606766283
19,215.0,8.401282687188324,0.98,0.0,0.0,0.0,0.01,0.01,0.0,0.0,301.25,77.28,0.7136929460580913,0.1087122500930166,10.807728032496271,5.393251005553389,1165.0189015810115,19.04098063624664,0.9883547962707512,0.0,0.0,0.0,0.0065209950542518,0.0051242086749969,0.0,0.0,0.6489735662171079,0.0,0.0,0.0,0.1478420924919231,0.2031843412909688,0.0,0.0,17.502658357141794,0.8062544668891477,1.0,0.0,0.0,0.0,3.247324957739661,3.0612913795435763,0.0,0.0,18.448205290897207,1173.908539729092,13.989350648063478,302.7106577576344,5.278346606766283
19,215.0,9.002869023515313,0.98,0.0,0.0,0.0,0.01,0.01,0.0,0.0,301.25,77.28,0.7136929460580913,0.1164967523746805,10.807728032496271,5.393251005553389,1163.5459873461791,20.07805620689033,0.9862207071721794,0.0,0.0,0.0,0.0075034719170309,0.0062758209107896,0.0,0.0,0.6090966950903155,0.0,0.0,0.0,0.1588529344242785,0.2320503704854059,0.0,0.0,17.334637729711833,0.812496032687082,1.0,0.0,0.0,0.0,3.218559682066157,3.0377597500187554,0.0,0.0,18.448205290897207,1173.908539729092,13.989350648063478,302.7106577576344,5.278346606766283
19,215.0,9.6044553598423,0.98,0.0,0.0,0.0,0.01,0.01,0.0,0.0,301.25,77.28,0.7136929460580913,0.1242812546563444,10.807728032496271,5.393251005553389,1162.1417737896911,21.13396201014023,0.9841183151200712,0.0,0.0,0.0,0.0084072682257188,0.0074744166542099,0.0,0.0,0.5741907402595401,0.0,0.0,0.0,0.1669441102590918,0.2588651494813681,0.0,0.0,17.170618326686782,0.8186430416583015,1.0,0.0,0.0,0.0,3.190743424984772,3.0149771526401814,0.0,0.0,18.448205290897207,1173.908539729092,13.989350648063478,302.7106577576344,5.278346606766283
19,215.0,10.206041696169288,0.98,0.0,0.0,0.0,0.01,0.01,0.0,0.0,301.25,77.28,0.7136929460580913,0.1320657569380083,10.807728032496271,5.393251005553389,1160.8015987492624,22.20776423488671,0.9820455746940387,0.0,0.0,0.0,0.0092376056378872,0.0087168196680738,0.0,0.0,0.5433854286232898,0.0,0.0,0.0,0.1727281020849156,0.2838864692917945,0.0,0.0,17.010336944472858,0.8247135637629427,1.0,0.0,0.0,0.0,3.1638656351897447,2.992895780661587,0.0,0.0,18.448205290897207,1173.908539729092,13.989350648063478,302.7106577576344,5.278346606766283
19,215.0,10.807628032496272,0.98,0.0,0.0,0.0,0.01,0.01,0.0,0.0,301.25,77.28,0.7136929460580913,0.1398502592196722,10.807728032496271,5.393251005553389,1159.5206431080762,23.298513170881687,0.980000337245306,0.0,0.0,0.0,0.0099998788495772,0.0099997839051167,0.0,0.0,0.5160022675451665,0.0,0.0,0.0,0.1766843702850242,0.3073133621698093,0.0,0.0,16.853533145124032,0.8307071144695058,1.0000000005195988,0.0,0.0,0.0,3.137802243317548,2.9714681488005645,0.0,0.0,18.448205290897207,1173.908539729092,13.989350648063478,302.7106577576344,5.278346606766283
19,220.0,6.652752432694208,0.98,0.0,0.0,0.0,0.01,0.01,0.0,0.0,301.25,77.28,0.7302904564315352,0.0860863410027718,12.141967773893178,6.652652432694208,1156.5984788382125,17.299503361569172,0.9994492175804752,0.0,0.0,0.0,0.0003545459952478,0.0001962364242767,0.0,0.0,0.9799863329019142,0.0,0.0,0.0,0.0100067779264342,0.0100068891716515,0.0,0.0,17.0792192712136,0.808400494684446,1.0,0.0,0.0,0.0,2.996934673272056,2.9369268210628188,0.0,0.0,17.121140165384258,1157.0541060432145,17.08052563899556,302.7106577576344,6.509407158415541
19,220.0,7.262654137271872,0.98,0.0,0.0,0.0,0.01,0.01,0.0,0.0,301.25,77.28,0.7302904564315352,0.0939784438052778,12.141967773893178,6.652652432694208,1154.714704047659,18.245144953041336,0.9971316087160352,0.0,0.0,0.0,0.0018003879297682,0.0010680033541963,0.0,0.0,0.9035092456076504,0.0,0.0,0.0,0.0466103687851322,0.0498803856072174,0.0,0.0,16.90381226166064,0.8149814883517963,1.0,0.0,0.0,0.0,2.969515884904303,2.913419999894572,0.0,0.0,17.121140165384258,1157.0541060432145,17.08052563899556,302.7106577576344,6.509407158415541
19,220.0,7.872555841849534,0.98,0.0,0.0,0.0,0.01,0.01,0.0,0.0,301.25,77.28,0.7302904564315352,0.1018705466077838,12.141967773893178,6.652652432694208,1152.9194608833518,19.21323938289873,0.994855960235552,0.0,0.0,0.0,0.0031450091988776,0.0019990305655704,0.0,0.0,0.8386997793611625,0.0,0.0,0.0,0.0752002090284138,0.0861000116104236,0.0,0.0,16.733116054162807,0.8214510473248133,1.0,0.0,0.0,0.0,2.943080981475218,2.8907268093214893,0.0,0.0,17.121140165384258,1157.0541060432145,17.08052563899556,302.7106577576344,6.509407158415541
19,220.0,8.482457546427199,0.98,0.0,0.0,0.0,0.01,0.01,0.0,0.0,301.25,77.28,0.7302904564315352,0.1097626494102898,12.141967773893178,6.652652432694208,1151.211345524291,20.20342145490838,0.992621865638406,0.0,0.0,0.0,0.0043899912634291,0.0029881430981648,0.0,0.0,0.7830882249883248,0.0,0.0,0.0,0.0975208792262725,0.1193908957854026,0.0,0.0,16.566984036668707,0.8278110828978484,1.0,0.0,0.0,0.0,2.917588375375036,2.8688207717580787,0.0,0.0,17.121140165384258,1157.0541060432145,17.08052563899556,302.7106577576344,6.509407158415541
19,220.0,9.09235925100486,0.98,0.0,0.0,0.0,0.01,0.01,0.0,0.0,301.25,77.28,0.7302904564315352,0.1176547522127958,12.141967773893178,6.652652432694208,1149.5877190689716,21.21510397305777,0.9904282836265212,0.0,0.0,0.0,0.0055383016383033,0.0040334147351754,0.0,0.0,0.7348551076257089,0.0,0.0,0.0,0.1148842363572676,0.1502606560170233,0.0,0.0,16.40523546644015,0.8340658153666717,1.0,0.0,0.0,0.0,2.892997576863152,2.8476685917649345,0.0,0.0,17.121140165384258,1157.0541060432145,17.08052563899556,302.7106577576344,6.509407158415541
19,220.0,9.702260955582524,0.98,0.0,0.0,0.0,0.01,0.01,0.0,0.0,301.25,77.28,0.7302904564315352,0.1255468550153018,12.141967773893178,6.652652432694208,1148.0449048150572,22.247518675667763,0.9882736320415012,0.0,0.0,0.0,0.0065940724019375,0.0051322955565611,0.0,0.0,0.6926305324522861,0.0,0.0,0.0,0.1282986619965359,0.1790708055511778,0.0,0.0,16.247649695883165,0.8402354621591911,1.0,0.0,0.0,0.0,2.86926151025642,2.827231735927991,0.0,0.0,17.121140165384258,1157.0541060432145,17.08052563899556,302.7106577576344,6.509407158415541
19,220.0,10.312162660160189,0.98,0.0,0.0,0.0,0.01,0.01,0.0,0.0,301.25,77.28,0.7302904564315352,0.1334389578178078,12.141967773893178,6.652652432694208,1146.5784260826863,23.299762915179784,0.9861559014591292,0.0,0.0,0.0,0.0075623317014573,0.0062817668394132,0.0,0.0,0.6553634668191411,0.0,0.0,0.0,0.138552445281617,0.2060840878992418,0.0,0.0,16.093984121150708,0.8463095806511419,1.0,0.0,0.0,0.0,2.846329676410272,2.8074680895921773,0.0,0.0,17.121140165384258,1157.0541060432145,17.08052563899556,302.7106577576344,6.509407158415541
19,220.0,10.922064364737851,0.98,0.0,0.0,0.0,0.01,0.01,0.0,0.0,301.25,77.28,0.7302904564315352,0.1413310606203138,12.141967773893178,6.652652432694208,1145.1832605480324,24.370847944461207,0.9840727808251252,0.0,0.0,0.0,0.0084487180114553,0.0074785011634194,0.0,0.0,0.6222341460264336,0.0,0.0,0.0,0.1462694800470698,0.2314963739264966,0.0,0.0,15.9439826552429,0.8522948932236005,1.0,0.0,0.0,0.0,2.8241496048996537,2.788333776689196,0.0,0.0,17.121140165384258,1157.0541060432145,17.08052563899556,302.7106577576344,6.509407158415541
19,220.0,11.531966069315516,0.98,0.0,0.0,0.0,0.01,0.01,0.0,0.0,301.25,77.28,0.7302904564315352,0.1492231634228198,12.141967773893178,6.652652432694208,1143.854081929098,25.4597437510336,0.982021778491403,0.0,0.0,0.0,0.0092592087522413,0.0087190127563556,0.0,0.0,0.5925938480200426,0.0,0.0,0.0,0.1519478384674406,0.2554583135125168,0.0,0.0,15.797385064068145,0.8581985654764723,1.0,0.0,0.0,0.0,2.802668712876516,2.769784648187946,0.0,0.0,17.121140165384258,1157.0541060432145,17.08052563899556,302.7106577576344,6.509407158415541
19,220.0,12.141867773893178,0.98,0.0,0.0,0.0,0.01,0.01,0.0,0.0,301.25,77.28,0.7302904564315352,0.1571152662253258,12.141967773893178,6.652652432694208,1142.5854702761303,26.56541730434955,0.9800003286338336,0.0,0.0,0.0,0.0099998841366131,0.0099997872295533,0.0,0.0,0.5659225493084831,0.0,0.0,0.0,0.1559874515774834,0.2780899991140335,0.0,0.0,15.65393646961415,0.8640279336932494,1.0,0.0,0.0,0.0,2.781835672383408,2.751806902727048,0.0,0.0,17.121140165384258,1157.0541060432145,17.08052563899556,302.7106577576344,6.509407158415541
19,225.0,8.123809448809576,0.98,0.0,0.0,0.0,0.01,0.01,0.0,0.0,301.25,77.28,0.7468879668049793,0.1051217578779707,13.66831669151321,8.123709448809576,1139.0933686774,20.95908596390146,0.9993254745625924,0.0,0.0,0.0,0.0004372998062948,0.0002372256311128,0.0,0.0,0.9799889406452874,0.0,0.0,0.0,0.0100054724293113,0.0100055869254012,0.0,0.0,15.766351035080469,0.8463027294927457,1.0,0.0,0.0,0.0,2.6546923130107887,2.708101353048664,0.0,0.0,15.813326197117547,1139.6555629264626,20.687604017864448,302.7106577576344,7.946729358776584
19,225.0,8.739854697998869,0.98,0.0,0.0,0.0,0.01,0.01,0.0,0.0,301.25,77.28,0.7468879668049793,0.1130933578933601,13.66831669151321,8.123709448809576,1137.1975909251817,21.91825433533385,0.99700848510112,0.0,0.0,0.0,0.0018897490664547,0.0011017658324253,0.0,0.0,0.9165734153194676,0.0,0.0,0.0,0.0402440525748531,0.0431825321056795,0.0,0.0,15.605785751087058,0.8527437015215065,1.0,0.0,0.0,0.0,2.632634311225936,2.688261859429335,0.0,0.0,15.813326197117547,1139.6555629264626,20.687604017864448,302.7106577576344,7.946729358776584
19,225.0,9.355899947188162,0.98,0.0,0.0,0.0,0.01,0.01,0.0,0.0,301.25,77.28,0.7468879668049793,0.1210649579087495,13.66831669151321,8.123709448809576,1135.3946579281856,22.900109652476598,0.994737508099952,0.0,0.0,0.0,0.0032356885323545,0.0020268033676935,0.0,0.0,0.8613738896053121,0.0,0.0,0.0,0.0644477365822506,0.0741783738124371,0.0,0.0,15.449581355532924,0.8590893964586683,1.0,0.0,0.0,0.0,2.61137778135514,2.669119760306585,0.0,0.0,15.813326197117547,1139.6555629264626,20.687604017864448,302.7106577576344,7.946729358776584
19,225.0,9.971945196377456,0.98,0.0,0.0,0.0,0.01,0.01,0.0,0.0,301.25,77.28,0.7468879668049793,0.1290365579241389,13.66831669151321,8.123709448809576,1133.682773893884,23.904222012355035,0.992511892591606,0.0,0.0,0.0,0.0044771440048237,0.0030109634035701,0.0,0.0,0.8129001921844967,0.0,0.0,0.0,0.083759278912431,0.1033405289030721,0.0,0.0,15.297592783017862,0.8653285718999413,1.0,0.0,0.0,0.0,2.5908921240672766,2.650649631066662,0.0,0.0,15.813326197117547,1139.6555629264626,20.687604017864448,302.7106577576344,7.946729358776584
19,225.0,10.587990445566746,0.98,0.0,0.0,0.0,0.01,0.01,0.0,0.0,301.25,77.28,0.7468879668049793,0.1370081579395282,13.66831669151321,8.123709448809576,1132.0587890115562,24.92992585491565,0.9903302673938345,0.0,0.0,0.0,0.0056176657898348,0.0040520668163307,0.0,0.0,0.7700011600589254,0.0,0.0,0.0,0.0990862806627875,0.130912559278287,0.0,0.0,15.149640757567,0.8714646330433063,1.0,0.0,0.0,0.0,2.571140248828125,2.6328277488280247,0.0,0.0,15.813326197117547,1139.6555629264626,20.687604017864448,302.7106577576344,7.946729358776584
19,225.0,11.20403569475604,0.98,0.0,0.0,0.0,0.01,0.01,0.0,0.0,301.25,77.28,0.7468879668049793,0.1449797579549177,13.66831669151321,8.123709448809576,1130.518443985654,25.9763681110479,0.9881906639586832,0.0,0.0,0.0,0.0066620536379052,0.0051472824034116,0.0,0.0,0.731773529708808,0.0,0.0,0.0,0.1111598873624543,0.1570665829287376,0.0,0.0,15.005507589798231,0.8775053610610819,1.0,0.0,0.0,0.0,2.5520804606828538,2.6156431891405414,0.0,0.0,15.813326197117547,1139.6555629264626,20.687604017864448,302.7106577576344,7.946729358776584
19,225.0,11.820080943945332,0.98,0.0,0.0,0.0,0.01,0.01,0.0,0.0,301.25,77.28,0.7468879668049793,0.1529513579703071,13.66831669151321,8.123709448809576,1129.056655587142,27.042561896570856,0.9860906597221616,0.0,0.0,0.0,0.0076160336939262,0.0062933065839123,0.0,0.0,0.6974986763896349,0.0,0.0,0.0,0.1205748256560548,0.1819264979543103,0.0,0.0,14.864955307256311,0.8834697867104006,1.0,0.0,0.0,0.0,2.533668225076716,2.599020802799022,0.0,0.0,15.813326197117547,1139.6555629264626,20.687604017864448,302.7106577576344,7.946729358776584
19,225.0,12.436126193134625,0.98,0.0,0.0,0.0,0.01,0.01,0.0,0.0,301.25,77.28,0.7468879668049793,0.1609229579856964,13.66831669151321,8.123709448809576,1127.667812513809,28.12744072606533,0.9840275304367936,0.0,0.0,0.0,0.0084859250851748,0.0074865444780316,0.0,0.0,0.6665978156358753,0.0,0.0,0.0,0.1278177031915653,0.2055844811725594,0.0,0.0,14.72773462590937,0.8893485053296274,1.0,0.0,0.0,0.0,2.515858128870359,2.5829212450557404,0.0,0.0,15.813326197117547,1139.6555629264626,20.687604017864448,302.7106577576344,7.946729358776584
19,225.0,13.052171442323916,0.98,0.0,0.0,0.0,0.01,0.01,0.0,0.0,301.25,77.28,0.7468879668049793,0.1688945580010858,13.66831669151321,8.123709448809576,1126.346048086388,29.229907438069684,0.981998392095187,0.0,0.0,0.0,0.0092783326919488,0.0087232752128642,0.0,0.0,0.638599643303651,0.0,0.0,0.0,0.1332878557607186,0.2281125009356303,0.0,0.0,14.59359452516477,0.8951488398285428,1.0,0.0,0.0,0.0,2.498604545725759,2.567305234553149,0.0,0.0,15.813326197117547,1139.6555629264626,20.687604017864448,302.7106577576344,7.946729358776584
19,225.0,13.66821669151321,0.98,0.0,0.0,0.0,0.01,0.01,0.0,0.0,301.25,77.28,0.7468879668049793,0.1768661580164753,13.66831669151321,8.123709448809576,1125.0854698251987,30.348874582525948,0.9800003214836838,0.0,0.0,0.0,0.0099998884409778,0.0099997900753384,0.0,0.0,0.613116555837109,0.0,0.0,0.0,0.1373133299060374,0.2495701142568535,0.0,0.0,14.462291122010766,0.9008782874389836,1.0,0.0,0.0,0.0,2.481864008335432,2.552134777881775,0.0,0.0,15.813326197117547,1139.6555629264626,20.687604017864448,302.7106577576344,7.946729358776584
19,230.0,9.82836946077163,0.98,0.0,0.0,0.0,0.01,0.01,0.0,0.0,301.25,77.28,0.7634854771784232,0.1271786938505645,15.407710175973028,9.82826946077163,1120.937933986242,25.21344258247598,0.9991794422779688,0.0,0.0,0.0,0.0005347459701995,0.0002858117518316,0.0,0.0,0.9799909784615396,0.0,0.0,0.0,0.0100044522229597,0.0100045693155004,0.0,0.0,14.473239275996743,0.8877002028027761,1.0,0.0,0.0,0.0,2.3673053501529107,2.502179635902192,0.0,0.0,14.52556748614066,1121.6270137216943,24.87830228106012,302.7106577576344,9.61137473881863
19,230.0,10.448285095794008,0.98,0.0,0.0,0.0,0.01,0.01,0.0,0.0,301.25,77.28,0.7634854771784232,0.1352003764983696,15.407710175973028,9.82826946077163,1119.034466742799,26.18631895218638,0.996868588284853,0.0,0.0,0.0,0.0019873785239448,0.0011440331912021,0.0,0.0,0.9273233289238834,0.0,0.0,0.0,0.0350215500446225,0.037655121031494,0.0,0.0,14.326497182802552,0.8940633244185869,1.0,0.0,0.0,0.0,2.3495291859988834,2.4854456682677437,0.0,0.0,14.52556748614066,1121.6270137216943,24.87830228106012,302.7106577576344,9.61137473881863
19,230.0,11.068200730816384,0.98,0.0,0.0,0.0,0.01,0.01,0.0,0.0,301.25,77.28,0.7634854771784232,0.1432220591461747,15.407710175973028,9.82826946077163,1117.2268143046551,27.181868642828213,0.9946069823486696,0.0,0.0,0.0,0.0033295687610729,0.0020634488902575,0.0,0.0,0.8804603613014139,0.0,0.0,0.0,0.0554558169262823,0.0640838217723037,0.0,0.0,14.18375281189419,0.9003355535602395,1.0,0.0,0.0,0.0,2.332402382201533,2.469299645687642,0.0,0.0,14.52556748614066,1121.6270137216943,24.87830228106012,302.7106577576344,9.61137473881863
19,230.0,11.688116365838765,0.98,0.0,0.0,0.0,0.01,0.01,0.0,0.0,301.25,77.28,0.7634854771784232,0.1512437417939798,15.407710175973028,9.82826946077163,1115.5128066166517,28.19960539665663,0.99239372432464,0.0,0.0,0.0,0.0045637719892372,0.0030425036861227,0.0,0.0,0.8385003311685064,0.0,0.0,0.0,0.0720656425031272,0.0894340263283664,0.0,0.0,14.044865073620738,0.9065021646485136,1.0,0.0,0.0,0.0,2.3158982533775143,2.4537187358744696,0.0,0.0,14.52556748614066,1121.6270137216943,24.87830228106012,302.7106577576344,9.61137473881863
19,230.0,12.30803200086114,0.98,0.0,0.0,0.0,0.01,0.01,0.0,0.0,301.25,77.28,0.7634854771784232,0.1592654244417849,15.407710175973028,9.82826946077163,1113.8888411404212,29.23880155964587,0.9902271309731444,0.0,0.0,0.0,0.0056940634233274,0.0040788056035281,0.0,0.0,0.8007182642706983,0.0,0.0,0.0,0.0854831228262638,0.1137986129030378,0.0,0.0,13.90966013666464,0.9125697958597628,1.0,0.0,0.0,0.0,2.2999847712494126,2.438674873673287,0.0,0.0,14.52556748614066,1121.6270137216943,24.87830228106012,302.7106577576344,9.61137473881863
19,230.0,12.927947635883518,0.98,0.0,0.0,0.0,0.01,0.01,0.0,0.0,301.25,77.28,0.7634854771784232,0.16728710708959,15.407710175973028,9.82826946077163,1112.3501687108462,30.298541995783516,0.9881048854071264,0.0,0.0,0.0,0.0067258154767156,0.005169299116158,0.0,0.0,0.7665247730794168,0.0,0.0,0.0,0.0962390088172533,0.1372362181033297,0.0,0.0,13.777928125037592,0.9185580655048404,1.0,0.0,0.0,0.0,2.2846262162096638,2.42413625318552,0.0,0.0,14.52556748614066,1121.6270137216943,24.87830228106012,302.7106577576344,9.61137473881863
19,230.0,13.547863270905896,0.98,0.0,0.0,0.0,0.01,0.01,0.0,0.0,301.25,77.28,0.7634854771784232,0.1753087897373951,15.407710175973028,9.82826946077163,1110.8912180371285,31.377782771770136,0.9860242062378304,0.0,0.0,0.0,0.0076653292611655,0.0063104645010039,0.0,0.0,0.7354358435877066,0.0,0.0,0.0,0.1047804170710359,0.1597837393412573,0.0,0.0,13.649441127737388,0.9244629006205416,1.0,0.0,0.0,0.0,2.2697847315042434,2.410068817653204,0.0,0.0,14.52556748614066,1121.6270137216943,24.87830228106012,302.7106577576344,9.61137473881863
19,230.0,14.167778905928271,0.98,0.0,0.0,0.0,0.01,0.01,0.0,0.0,301.25,77.28,0.7634854771784232,0.1833304723852002,15.407710175973028,9.82826946077163,1109.5059230041404,32.47540912911085,0.9839820216825296,0.0,0.0,0.0,0.0085194641820505,0.00749851413542,0.0,0.0,0.707050391301288,0.0,0.0,0.0,0.1114840461433753,0.1814655625553367,0.0,0.0,13.523962173257727,0.9302851901531568,1.0,0.0,0.0,0.0,2.2554218557513237,2.396437669677393,0.0,0.0,14.52556748614066,1121.6270137216943,24.87830228106012,302.7106577576344,9.61137473881863
19,230.0,14.78769454095065,0.98,0.0,0.0,0.0,0.01,0.01,0.0,0.0,301.25,77.28,0.7634854771784232,0.1913521550330053,15.407710175973028,9.82826946077163,1108.1880165018526,33.59028649890717,0.9819751272359498,0.0,0.0,0.0,0.0092953054366743,0.0087295673273758,0.0,0.0,0.6810333173101316,0.0,0.0,0.0,0.116666645101339,0.2023000375885291,0.0,0.0,13.401254287354744,0.9360331776141544,1.0,0.0,0.0,0.0,2.241499777019511,2.3832082969505937,0.0,0.0,14.52556748614066,1121.6270137216943,24.87830228106012,302.7106577576344,9.61137473881863
19,230.0,15.407610175973028,0.98,0.0,0.0,0.0,0.01,0.01,0.0,0.0,301.25,77.28,0.7634854771784232,0.1993738376808104,15.407710175973028,9.82826946077163,1106.931270833618,34.72130141597388,0.9800003156785893,0.0,0.0,0.0,0.0099998918787551,0.0099997924426557,0.0,0.0,0.6571025448768082,0.0,0.0,0.0,0.1205937367903046,0.2223037183328872,0.0,0.0,13.281089103885506,0.9417330836948152,1.0,0.0,0.0,0.0,2.227982261974489,2.370347516727712,0.0,0.0,14.52556748614066,1121.6270137216943,24.87830228106012,302.7106577576344,9.61137473881863
19,235.0,11.789163121094424,0.98,0.0,0.0,0.0,0.01,0.01,0.0,0.0,301.25,77.28,0.7800829875518672,0.1525512826228574,17.381854195732846,11.789063121094424,1102.029040871408,30.143394764582577,0.9990077772185162,0.0,0.0,0.0,0.0006488169353852,0.0003434058460986,0.0,0.0,0.9799925874564128,0.0,0.0,0.0,0.010003646720564,0.0100037658230232,0.0,0.0,13.200913161207623,0.9332738518447954,1.0,0.0,0.0,0.0,2.124902856050939,2.316475105725757,0.0,0.0,13.258875583506692,1102.8688895247462,29.73094022392497,302.7106577576344,11.525181126674264
19,235.0,12.410562129387582,0.98,0.0,0.0,0.0,0.01,0.01,0.0,0.0,301.25,77.28,0.7800829875518672,0.1605921600593631,17.381854195732846,11.789063121094424,1100.1220905954146,31.130433313412706,0.9967090943902376,0.0,0.0,0.0,0.0020949266322455,0.0011959789775168,0.0,0.0,0.9361991592343876,0.0,0.0,0.0,0.0307221798940698,0.0330786608715426,0.0,0.0,13.067110873867849,0.93962497450054,1.0,0.0,0.0,0.0,2.1105562433732348,2.3023111153029463,0.0,0.0,13.258875583506692,1102.8688895247462,29.73094022392497,302.7106577576344,11.525181126674264
19,235.0,13.03196113768074,0.98,0.0,0.0,0.0,0.01,0.01,0.0,0.0,301.25,77.28,0.7800829875518672,0.1686330374958687,17.381854195732846,11.789063121094424,1098.3125381146745,32.13989459472509,0.9944620028653376,0.0,0.0,0.0,0.0034280861370419,0.0021099109976205,0.0,0.0,0.8965208755019564,0.0,0.0,0.0,0.0479351062688018,0.0555440182292418,0.0,0.0,12.936936140333348,0.945873006639632,1.0,0.0,0.0,0.0,2.0967295850958703,2.28864179984294,0.0,0.0,13.258875583506692,1102.8688895247462,29.73094022392497,302.7106577576344,11.525181126674264
19,235.0,13.653360145973895,0.98,0.0,0.0,0.0,0.01,0.01,0.0,0.0,301.25,77.28,0.7800829875518672,0.1766739149323744,17.381854195732846,11.789063121094424,1096.5978751548569,33.1712468820641,0.9922653628250206,0.0,0.0,0.0,0.0046511455379587,0.0030834916370206,0.0,0.0,0.8604100746123469,0.0,0.0,0.0,0.0621524813534289,0.077437444034224,0.0,0.0,12.81025420105539,0.9520273048730346,1.0,0.0,0.0,0.0,2.083400457282981,2.275446897274324,0.0,0.0,13.258875583506692,1102.8688895247462,29.73094022392497,302.7106577576344,11.525181126674264
19,235.0,14.274759154267056,0.98,0.0,0.0,0.0,0.01,0.01,0.0,0.0,301.25,77.28,0.7800829875518672,0.1847147923688801,17.381854195732846,11.789063121094424,1094.9741267817556,34.223719329220884,0.9901172148554233,0.0,0.0,0.0,0.0057686221843694,0.0041141629602073,0.0,0.0,0.8274113311300066,0.0,0.0,0.0,0.073817989199566,0.0987706796704272,0.0,0.0,12.686900104021856,0.9580982853929392,1.0,0.0,0.0,0.0,2.0705420932559906,2.262701641567769,0.0,0.0,13.258875583506692,1102.8688895247462,29.73094022392497,302.7106577576344,11.525181126674264
19,235.0,14.896158162560214,0.98,0.0,0.0,0.0,0.01,0.01,0.0,0.0,301.25,77.28,0.7800829875518672,0.1927556698053857,17.381854195732846,11.789063121094424,1093.4361691226557,35.296359698251585,0.988014951308456,0.0,0.0,0.0,0.0067863403077188,0.0051987083838251,0.0,0.0,0.7971429426874054,0.0,0.0,0.0,0.0833180192766302,0.1195390380359644,0.0,0.0,12.566676014628444,0.9640752712974752,1.0,0.0,0.0,0.0,2.058124831046504,2.250378111629797,0.0,0.0,13.258875583506692,1102.8688895247462,29.73094022392497,302.7106577576344,11.525181126674264
19,235.0,15.517557170853372,0.98,0.0,0.0,0.0,0.01,0.01,0.0,0.0,301.25,77.28,0.7800829875518672,0.2007965472418914,17.381854195732846,11.789063121094424,1091.978080826962,36.38809562176221,0.9859555049396715,0.0,0.0,0.0,0.007711029894237,0.0063334651660912,0.0,0.0,0.7692826734279382,0.0,0.0,0.0,0.0909882060674312,0.1397291205046305,0.0,0.0,12.44936854009442,0.9699699325745096,1.0,0.0,0.0,0.0,2.0461173842419704,2.238446625620731,0.0,0.0,13.258875583506692,1102.8688895247462,29.73094022392497,302.7106577576344,11.525181126674264
19,235.0,16.13895617914653,0.98,0.0,0.0,0.0,0.01,0.01,0.0,0.0,301.25,77.28,0.7800829875518672,0.2088374246783971,17.381854195732846,11.789063121094424,1090.5934895582254,37.49779396888336,0.9839355380881863,0.0,0.0,0.0,0.0085499325352375,0.0075145293765761,0.0,0.0,0.7435567177252095,0.0,0.0,0.0,0.0971186361828169,0.1593246460919735,0.0,0.0,12.334757249534023,0.9758018628905318,1.0,0.0,0.0,0.0,2.0344881146740303,2.2268769953786443,0.0,0.0,13.258875583506692,1102.8688895247462,29.73094022392497,302.7106577576344,11.525181126674264
19,235.0,16.760355187439686,0.98,0.0,0.0,0.0,0.01,0.01,0.0,0.0,301.25,77.28,0.7800829875518672,0.2168783021149027,17.381854195732846,11.789063121094424,1089.2758761863336,38.62431195148876,0.9819516099531584,0.0,0.0,0.0,0.0093104553734279,0.0087379346734136,0.0,0.0,0.7197310288050718,0.0,0.0,0.0,0.1019584726755768,0.1783104985193513,0.0,0.0,12.222623110188508,0.9815606008572112,1.0,0.0,0.0,0.0,2.0232060633425384,2.215639575835333,0.0,0.0,13.258875583506692,1102.8688895247462,29.73094022392497,302.7106577576344,11.525181126674264
19,235.0,17.381754195732846,0.98,0.0,0.0,0.0,0.01,0.01,0.0,0.0,301.25,77.28,0.7800829875518672,0.2249191795514084,17.381854195732846,11.789063121094424,1088.018817796372,39.766537107954655,0.9800003111243508,0.0,0.0,0.0,0.009999894541796,0.0099997943338531,0.0,0.0,0.6976044320540485,0.0,0.0,0.0,0.1057203424692364,0.196675225476715,0.0,0.0,12.112756379015012,0.9872544031837884,1.0,0.0,0.0,0.0,2.0122630825113754,2.2047059992603306,0.0,0.0,13.258875583506692,1102.8688895247462,29.73094022392497,302.7106577576344,11.525181126674264
19,240.0,14.02984688862234,0.98,0.0,0.0,0.0,0.01,0.01,0.0,0.0,301.25,77.28,0.7966804979253111,0.1815456377927321,19.61319869457461,14.02974688862234,1082.2448976383312,35.84420526185084,0.9988065607364212,0.0,0.0,0.0,0.0007816969707765,0.0004117422928021,0.0,0.0,0.9799938702292592,0.0,0.0,0.0,0.0100030045942466,0.010003125176494,0.0,0.0,11.950643516875449,0.9838705175463088,1.0,0.0,0.0,0.0,1.919596490474199,2.1485219411989647,0.0,0.0,12.014498351825988,1083.263844328595,35.3375257790447,302.7106577576344,13.710780754884407
19,240.0,14.650208200394816,0.98,0.0,0.0,0.0,0.01,0.01,0.0,0.0,301.25,77.28,0.7966804979253111,0.1895730874792289,19.61319869457461,14.02974688862234,1080.3384681041782,36.84617027530764,0.9965266066565024,0.0,0.0,0.0,0.0022142982744949,0.0012590950690025,0.0,0.0,0.943556063614834,0.0,0.0,0.0,0.0271687766457818,0.0292751597393841,0.0,0.0,11.829009332738329,0.9902611661643675,1.0,0.0,0.0,0.0,1.9080005140058427,2.136535610285424,0.0,0.0,12.014498351825988,1083.263844328595,35.3375257790447,302.7106577576344,13.710780754884407
19,240.0,15.270569512167288,0.98,0.0,0.0,0.0,0.01,0.01,0.0,0.0,301.25,77.28,0.7966804979253111,0.1976005371657258,19.61319869457461,14.02974688862234,1078.5296085227524,37.87008368705889,0.9942996399929316,0.0,0.0,0.0,0.003532916680682,0.0021674433263862,0.0,0.0,0.9100452128123068,0.0,0.0,0.0,0.0416374004906129,0.0483173866970803,0.0,0.0,11.710635761569204,0.9965533175842852,1.0,0.0,0.0,0.0,1.896816294892768,2.1249602793708084,0.0,0.0,12.014498351825988,1083.263844328595,35.3375257790447,302.7106577576344,13.710780754884407
19,240.0,15.890930823939764,0.98,0.0,0.0,0.0,0.01,0.01,0.0,0.0,301.25,77.28,0.7966804979253111,0.2056279868522226,19.61319869457461,14.02974688862234,1076.8155267942284,38.91538194469027,0.9921243063201216,0.0,0.0,0.0,0.0047407425819707,0.0031349510979074,0.0,0.0,0.8791273797238979,0.0,0.0,0.0,0.0537563240696652,0.0671162962064368,0.0,0.0,11.595389784988749,1.0027482847723257,1.0,0.0,0.0,0.0,1.8860428542431,2.113778505567466,0.0,0.0,12.014498351825988,1083.263844328595,35.3375257790447,302.7106577576344,13.710780754884407
19,240.0,16.51129213571224,0.98,0.0,0.0,0.0,0.01,0.01,0.0,0.0,301.25,77.28,0.7966804979253111,0.2136554365387194,19.61319869457461,14.02974688862234,1075.191972487969,39.98127133456264,0.9899984205234492,0.0,0.0,0.0,0.0058426328236655,0.0041589466528853,0.0,0.0,0.8505167185617221,0.0,0.0,0.0,0.0638394582297362,0.0856438232085417,0.0,0.0,11.483120408881907,1.0088668729267056,1.0,0.0,0.0,0.0,1.875661088463921,2.1029690364181386,0.0,0.0,12.014498351825988,1083.263844328595,35.3375257790447,302.7106577576344,13.710780754884407
19,240.0,17.131653447484712,0.98,0.0,0.0,0.0,0.01,0.01,0.0,0.0,301.25,77.28,0.7966804979253111,0.2216828862252162,19.61319869457461,14.02974688862234,1073.6535776554288,41.06678846227317,0.9879191569696668,0.0,0.0,0.0,0.0068447234984569,0.0052361195318764,0.0,0.0,0.8239672912218736,0.0,0.0,0.0,0.0721690340733902,0.1038636747047362,0.0,0.0,11.373645209012269,1.0148924408507989,1.0,0.0,0.0,0.0,1.865625675968456,2.0925081053279757,0.0,0.0,12.014498351825988,1083.263844328595,35.3375257790447,302.7106577576344,13.710780754884407
19,240.0,17.752014759257186,0.98,0.0,0.0,0.0,0.01,0.01,0.0,0.0,301.25,77.28,0.7966804979253111,0.229710335911713,19.61319869457461,14.02974688862234,1072.194220570897,42.17086126509557,0.9858832489354272,0.0,0.0,0.0,0.0077540119777526,0.00636273908682,0.0,0.0,0.7992664247174264,0.0,0.0,0.0,0.0789968161738367,0.121736759108737,0.0,0.0,11.266768736251798,1.0208525867243226,1.0,0.0,0.0,0.0,1.8559113931020743,2.082370531179596,0.0,0.0,12.014498351825988,1083.263844328595,35.3375257790447,302.7106577576344,13.710780754884407
19,240.0,18.372376071029663,0.98,0.0,0.0,0.0,0.01,0.01,0.0,0.0,301.25,77.28,0.7966804979253111,0.2377377855982099,19.61319869457461,14.02974688862234,1070.8073781783596,43.29236741781039,0.983887185096624,0.0,0.0,0.0,0.0085779536098597,0.0075348612935163,0.0,0.0,0.7762293921638058,0.0,0.0,0.0,0.0845452686422919,0.1392253391939023,0.0,0.0,11.162290274767091,1.026752898004208,1.0,0.0,0.0,0.0,1.846492840310387,2.0725307922974148,0.0,0.0,12.014498351825988,1083.263844328595,35.3375257790447,302.7106577576344,13.710780754884407
19,240.0,18.992737382802137,0.98,0.0,0.0,0.0,0.01,0.01,0.0,0.0,301.25,77.28,0.7966804979253111,0.2457652352847067,19.61319869457461,14.02974688862234,1069.486429888102,44.43018367802828,0.981927379881048,0.0,0.0,0.0,0.0093241140272946,0.0087485060916573,0.0,0.0,0.7546950738757057,0.0,0.0,0.0,0.0890090426107482,0.156295883513546,0.0,0.0,11.060011434169311,1.0325825135401294,1.0,0.0,0.0,0.0,1.8373452801974484,2.0629639282216488,0.0,0.0,12.014498351825988,1083.263844328595,35.3375257790447,302.7106577576344,13.710780754884407
19,240.0,19.61309869457461,0.98,0.0,0.0,0.0,0.01,0.01,0.0,0.0,301.25,77.28,0.7966804979253111,0.2537926849712035,19.61319869457461,14.02974688862234,1068.224895686636,45.58322370590653,0.9800003077492851,0.0,0.0,0.0,0.009999896500461,0.0099997957502538,0.0,0.0,0.7345223850132768,0.0,0.0,0.0,0.0925568772874343,0.1729207376992886,0.0,0.0,10.959743142453892,1.038365798381855,1.0,0.0,0.0,0.0,1.828445199019528,2.0536461443583938,0.0,0.0,12.014498351825988,1083.263844328595,35.3375257790447,302.7106577576344,13.710780754884407
19,245.0,16.57508084484738,0.98,0.0,0.0,0.0,0.01,0.01,0.0,0.0,301.25,77.28,0.8132780082987552,0.2144808597935737,22.12492901225701,16.57498084484738,1061.43904404618,42.43017819616116,0.9985711180258756,0.0,0.0,0.0,0.0009358989592652,0.000492983014859,0.0,0.0,0.979994902296883,0.0,0.0,0.0,0.0100024880621653,0.0100026096409516,0.0,0.0,10.72398420072157,1.0405725839733933,1.0,0.0,0.0,0.0,1.7451559362002096,1.996389967396069,0.0,0.0,10.793959502416731,1062.6711211462375,41.80803719266337,302.7106577576344,16.191644196077288
19,245.0,17.19171953011512,0.98,0.0,0.0,0.0,0.01,0.01,0.0,0.0,301.25,77.28,0.8132780082987552,0.2224601388472453,22.12492901225701,16.57498084484738,1059.536828040058,43.4481950426882,0.9963170019924732,0.0,0.0,0.0,0.0023477165351859,0.0013352814723407,0.0,0.0,0.9496797054174636,0.0,0.0,0.0,0.0242194925875022,0.026100801995034,0.0,0.0,10.613848747817894,1.0470669202810785,1.0,0.0,0.0,0.0,1.7358081282007325,1.986241695154835,0.0,0.0,10.793959502416731,1062.6711211462375,41.80803719266337,302.7106577576344,16.191644196077288
19,245.0,17.808358215382853,0.98,0.0,0.0,0.0,0.01,0.01,0.0,0.0,301.25,77.28,0.8132780082987552,0.2304394179009168,22.12492901225701,16.57498084484738,1057.7309425544945,44.48747956646149,0.9941162923249725,0.0,0.0,0.0,0.0036460245703816,0.0022376831046459,0.0,0.0,0.9214524152487198,0.0,0.0,0.0,0.0363532311749474,0.0421943535763328,0.0,0.0,10.50660646592824,1.053471844526078,1.0,0.0,0.0,0.0,1.726781574330795,1.9764320656005323,0.0,0.0,10.793959502416731,1062.6711211462375,41.80803719266337,302.7106577576344,16.191644196077288
19,245.0,18.42499690065059,0.98,0.0,0.0,0.0,0.01,0.01,0.0,0.0,301.25,77.28,0.8132780082987552,0.2384186969545884,22.12492901225701,16.57498084484738,1056.0183763310529,45.54745029995068,0.9919674532361098,0.0,0.0,0.0,0.0048342854905727,0.0031982612733174,0.0,0.0,0.8951085449343484,0.0,0.0,0.0,0.0466431363889395,0.058248318676712,0.0,0.0,10.40213453261147,1.0597933214174815,1.0,0.0,0.0,0.0,1.7180679373928431,1.9669464058507853,0.0,0.0,10.793959502416731,1062.6711211462375,41.80803719266337,302.7106577576344,16.191644196077288
19,245.0,19.04163558591833,0.98,0.0,0.0,0.0,0.01,0.01,0.0,0.0,301.25,77.28,0.8132780082987552,0.2463979760082599,22.12492901225701,16.57498084484738,1054.3947135674557,46.62731216313444,0.9898681376507614,0.0,0.0,0.0,0.0059175767669839,0.0042142855822546,0.0,0.0,0.870468636744714,0.0,0.0,0.0,0.0553128440159929,0.074218519239293,0.0,0.0,10.300295863375982,1.066020702445826,1.0,0.0,0.0,0.0,1.7096765905770996,1.957766853117798,0.0,0.0,10.793959502416731,1062.6711211462375,41.80803719266337,302.7106577576344,16.191644196077288
19,245.0,19.658274271186063,0.98,0.0,0.0,0.0,0.01,0.01,0.0,0.0,301.25,77.28,0.8132780082987552,0.2543772550619314,22.12492901225701,16.57498084484738,1052.8544814898555,47.72611642403982,0.9878153852491444,0.0,0.0,0.0,0.0069021940176001,0.0052824207332555,0.0,0.0,0.8473747339662067,0.0,0.0,0.0,0.0625690454711542,0.0900562205626391,0.0,0.0,10.200925935697905,1.0721832308010726,1.0,0.0,0.0,0.0,1.701554029027874,1.94887345387892,0.0,0.0,10.793959502416731,1062.6711211462375,41.80803719266337,302.7106577576344,16.191644196077288
19,245.0,20.2749129564538,0.98,0.0,0.0,0.0,0.01,0.01,0.0,0.0,301.25,77.28,0.8132780082987552,0.262356534115603,22.12492901225701,16.57498084484738,1051.3915121624882,48.842819102939394,0.9858058243918728,0.0,0.0,0.0,0.00779523227071,0.0063989433374169,0.0,0.0,0.8256873511280199,0.0,0.0,0.0,0.0686003856627908,0.1057122632091891,0.0,0.0,10.103849681437326,1.0782651299862491,1.0,0.0,0.0,0.0,1.6936804448924343,1.9402452004330175,0.0,0.0,10.793959502416731,1062.6711211462375,41.80803719266337,302.7106577576344,16.191644196077288
19,245.0,20.89155164172153,0.98,0.0,0.0,0.0,0.01,0.01,0.0,0.0,301.25,77.28,0.8132780082987552,0.2703358131692745,22.12492901225701,16.57498084484738,1049.999287770547,49.97633624890052,0.9838358678331096,0.0,0.0,0.0,0.0086041882734447,0.0075599438934456,0.0,0.0,0.8052829791562176,0.0,0.0,0.0,0.0735767646678416,0.1211402561759407,0.0,0.0,10.008888225263842,1.0843014091039236,1.0,0.0,0.0,0.0,1.6860359209587088,1.9318608830396875,0.0,0.0,10.793959502416731,1062.6711211462375,41.80803719266337,302.7106577576344,16.191644196077288
19,245.0,21.508190326989272,0.98,0.0,0.0,0.0,0.01,0.01,0.0,0.0,301.25,77.28,0.8132780082987552,0.278315092222946,22.12492901225701,16.57498084484738,1048.6712339842734,51.125589918259415,0.9819018797638692,0.0,0.0,0.0,0.0093366225026112,0.0087614977335196,0.0,0.0,0.7860519712689722,0.0,0.0,0.0,0.0776492596258192,0.1362987691052085,0.0,0.0,9.91586547826901,1.0902777655491078,1.0,0.0,0.0,0.0,1.6786010870758057,1.9236997980417687,0.0,0.0,10.793959502416731,1062.6711211462375,41.80803719266337,302.7106577576344,16.191644196077288
19,245.0,22.12482901225701,0.98,0.0,0.0,0.0,0.01,0.01,0.0,0.0,301.25,77.28,0.8132780082987552,0.2862943712766176,22.12492901225701,16.57498084484738,1047.4009466805464,52.28954284158319,0.9800003055072704,0.0,0.0,0.0,0.0099998978047499,0.0099997966879796,0.0,0.0,0.7678967353702576,0.0,0.0,0.0,0.0809506720730931,0.1511525925566492,0.0,0.0,9.824614189813037,1.096199922106006,1.0,0.0,0.0,0.0,1.6713771713939185,1.915742262726111,0.0,0.0,10.793959502416731,1062.6711211462375,41.80803719266337,302.7106577576344,16.191644196077288
19,250.0,19.45065123594169,0.98,0.0,0.0,0.0,0.01,0.01,0.0,0.0,301.25,77.28,0.8298755186721992,0.2516906215830964,24.940974714407847,19.45055123594169,1039.431826113691,50.0412336667195,0.9982957520320656,0.0,0.0,0.0,0.0011143793888599,0.0005898685790744,0.0,0.0,0.9799957398916496,0.0,0.0,0.0,0.0100020689888285,0.0100021911195218,0.0,0.0,9.522829834577708,1.1048593296492273,1.0,0.0,0.0,0.0,1.5965888677878657,1.8582347637034715,0.0,0.0,9.599114364051816,1040.9186176418627,49.27650279185157,302.7106577576344,18.99215487266697
19,250.0,20.060676066882376,0.98,0.0,0.0,0.0,0.01,0.01,0.0,0.0,301.25,77.28,0.8298755186721992,0.2595843176356415,24.940974714407847,19.45055123594169,1037.537083293905,51.07686322477544,0.9960752077309792,0.0,0.0,0.0,0.0024978151527128,0.0014269771163078,0.0,0.0,0.954799787754338,0.0,0.0,0.0,0.0217607594017889,0.0234394528438729,0.0,0.0,9.42360735287108,1.1115359179069408,1.0,0.0,0.0,0.0,1.5890841753927614,1.8496521739016905,0.0,0.0,9.599114364051816,1040.9186176418627,49.27650279185157,302.7106577576344,18.99215487266697
19,250.0,20.67070089782306,0.98,0.0,0.0,0.0,0.01,0.01,0.0,0.0,301.25,77.28,0.8298755186721992,0.2674780136881866,24.940974714407847,19.45055123594169,1035.7360318591866,52.13289235687864,0.9939074963056254,0.0,0.0,0.0,0.0037697393622647,0.0023227643321099,0.0,0.0,0.9310965917294044,0.0,0.0,0.0,0.0319076800671988,0.0369957282033967,0.0,0.0,9.326919299585146,1.1181393261223114,1.0,0.0,0.0,0.0,1.5818325468206198,1.84134526839492,0.0,0.0,9.599114364051816,1040.9186176418627,49.27650279185157,302.7106577576344,18.99215487266697
19,250.0,21.280725728763745,0.98,0.0,0.0,0.0,0.01,0.01,0.0,0.0,301.25,77.28,0.8298755186721992,0.2753717097407316,24.940974714407847,19.45055123594169,1034.0255190289774,53.20873730250693,0.9917909461033184,0.0,0.0,0.0,0.0049338028687543,0.003275251027927,0.0,0.0,0.9087604208783984,0.0,0.0,0.0,0.0406093970928614,0.0506301820287399,0.0,0.0,9.232654196367456,1.1246489303628082,1.0,0.0,0.0,0.0,1.574815204495862,1.833301807040116,0.0,0.0,9.599114364051816,1040.9186176418627,49.27650279185157,302.7106577576344,18.99215487266697
19,250.0,21.89075055970443,0.98,0.0,0.0,0.0,0.01,0.01,0.0,0.0,301.25,77.28,0.8298755186721992,0.2832654057932767,24.940974714407847,19.45055123594169,1032.4010799834166,54.303622846488096,0.9897231195362308,0.0,0.0,0.0,0.0059951749539354,0.0042817055098337,0.0,0.0,0.8876784834324657,0.0,0.0,0.0,0.0480260183434555,0.0642954982240787,0.0,0.0,9.140690569535652,1.131089303888907,1.0,0.0,0.0,0.0,1.5680188850880394,1.8255070974035703,0.0,0.0,9.599114364051816,1040.9186176418627,49.27650279185157,302.7106577576344,18.99215487266697
19,250.0,22.50077539064511,0.98,0.0,0.0,0.0,0.01,0.01,0.0,0.0,301.25,77.28,0.8298755186721992,0.2911591018458218,24.940974714407847,19.45055123594169,1030.8572785856245,55.41663967353969,0.9877010107329368,0.0,0.0,0.0,0.0069601524630748,0.0053388368039881,0.0,0.0,0.8677495042910366,0.0,0.0,0.0,0.0543090400380971,0.0779414556708664,0.0,0.0,9.050883354897138,1.13744677508804,1.0,0.0,0.0,0.0,1.5614547151385367,1.8179448521380572,0.0,0.0,9.599114364051816,1040.9186176418627,49.27650279185157,302.7106577576344,18.99215487266697
19,250.0,23.110800221585794,0.98,0.0,0.0,0.0,0.01,0.01,0.0,0.0,301.25,77.28,0.8298755186721992,0.2990527978983669,24.940974714407847,19.45055123594169,1029.388052942032,56.5467978334739,0.9857212409519134,0.0,0.0,0.0,0.0078357565856357,0.0064430024624508,0.0,0.0,0.8488823921784694,0.0,0.0,0.0,0.0595994525698211,0.0915181552517093,0.0,0.0,8.963079277744125,1.1437532699915665,1.0,0.0,0.0,0.0,1.5550917855423931,1.810597929890416,0.0,0.0,9.599114364051816,1040.9186176418627,49.27650279185157,302.7106577576344,18.99215487266697
19,250.0,23.72082505252648,0.98,0.0,0.0,0.0,0.01,0.01,0.0,0.0,301.25,77.28,0.8298755186721992,0.306946493950912,24.940974714407847,19.45055123594169,1027.987041472113,57.69307704648794,0.9837802457931626,0.0,0.0,0.0,0.008629354659214,0.0075903995476232,0.0,0.0,0.8309951214192528,0.0,0.0,0.0,0.0640263394910649,0.1049785390896822,0.0,0.0,8.877122419722788,1.150000780547456,1.0,0.0,0.0,0.0,1.5489032836013223,1.803449059480731,0.0,0.0,9.599114364051816,1040.9186176418627,49.27650279185157,302.7106577576344,18.99215487266697
19,250.0,24.330849883467163,0.98,0.0,0.0,0.0,0.01,0.01,0.0,0.0,301.25,77.28,0.8298755186721992,0.3148401900034571,24.940974714407847,19.45055123594169,1026.6478570401025,58.85446801737824,0.9818744331096624,0.0,0.0,0.0,0.0093483420782969,0.0087772248120407,0.0,0.0,0.8140137409970019,0.0,0.0,0.0,0.0677061192611187,0.1182801397418792,0.0,0.0,8.79285977846072,1.156200161378352,1.0,0.0,0.0,0.0,1.5428744612924754,1.7964813915644884,0.0,0.0,9.599114364051816,1040.9186176418627,49.27650279185157,302.7106577576344,18.99215487266697
19,250.0,24.940874714407848,0.98,0.0,0.0,0.0,0.01,0.01,0.0,0.0,301.25,77.28,0.8298755186721992,0.3227338860560022,24.940974714407847,19.45055123594169,1025.364296925205,60.03000320504367,0.980000304380212,0.0,0.0,0.0,0.0099998984849308,0.0099997971348571,0.0,0.0,0.797871488025918,0.0,0.0,0.0,0.0707424128277178,0.1313860991463642,0.0,0.0,8.710146324300487,1.162352507189658,1.0,0.0,0.0,0.0,1.5370090415470463,1.789678933658606,0.0,0.0,9.599114364051816,1040.9186176418627,49.27650279185157,302.7106577576344,18.99215487266697
19,255.0,22.683652070453498,0.98,0.0,0.0,0.0,0.01,0.01,0.0,0.0,301.25,77.28,0.8464730290456431,0.293525518510009,28.0860333799468,22.683552070453494,1015.9979365004834,58.8525785590242,0.9979733415324196,0.0,0.0,0.0,0.0013207140513251,0.0007059444162553,0.0,0.0,0.9799964253544706,0.0,0.0,0.0,0.0100017261882359,0.0100018484572933,0.0,0.0,8.349497522234772,1.1787401342403088,1.0,0.0,0.0,0.0,1.4699996924809406,1.7325560379090044,0.0,0.0,8.432227805466914,1017.7913832278248,57.90987351738985,302.7106577576344,22.13772066860631
19,255.0,23.28390554928609,0.98,0.0,0.0,0.0,0.01,0.01,0.0,0.0,301.25,77.28,0.8464730290456431,0.3012927736708862,28.0860333799468,22.683552070453494,1014.1133400688238,59.907924388551805,0.9957948506048226,0.0,0.0,0.0,0.0026677880055618,0.0015373613896155,0.0,0.0,0.9591012610239412,0.0,0.0,0.0,0.0197015152863872,0.0211972236896713,0.0,0.0,8.260679779468283,1.185698854942367,1.0,0.0,0.0,0.0,1.463984687349485,1.7253087637786566,0.0,0.0,8.432227805466914,1017.7913832278248,57.90987351738985,302.7106577576344,22.13772066860631
19,255.0,23.884159028118678,0.98,0.0,0.0,0.0,0.01,0.01,0.0,0.0,301.25,77.28,0.8464730290456431,0.3090600288317633,28.0860333799468,22.683552070453494,1012.3184216630652,60.982637096126176,0.9936676288860204,0.0,0.0,0.0,0.0039068786250621,0.0024254924889175,0.0,0.0,0.939274726816217,0.0,0.0,0.0,0.0281556021608182,0.0325696710229647,0.0,0.0,8.17405013152419,1.1925909045511396,1.0,0.0,0.0,0.0,1.4581551189622322,1.7182828476231309,0.0,0.0,8.432227805466914,1017.7913832278248,57.90987351738985,302.7106577576344,22.13772066860631
19,255.0,24.484412506951266,0.98,0.0,0.0,0.0,0.01,0.01,0.0,0.0,301.25,77.28,0.8464730290456431,0.3168272839926406,28.0860333799468,22.683552070453494,1010.6099730331986,62.0761469878453,0.9915899227317764,0.0,0.0,0.0,0.0050417298900728,0.003368347378151,0.0,0.0,0.920439230371912,0.0,0.0,0.0,0.0354806171366035,0.0440801524914844,0.0,0.0,8.089509771272757,1.1993971336864833,1.0,0.0,0.0,0.0,1.4525374847521966,1.711468434255626,0.0,0.0,8.432227805466914,1017.7913832278248,57.90987351738985,302.7106577576344,22.13772066860631
19,255.0,25.08466598578385,0.98,0.0,0.0,0.0,0.01,0.01,0.0,0.0,301.25,77.28,0.8464730290456431,0.3245945391535177,28.0860333799468,22.683552070453494,1008.9835985614574,63.1877191759451,0.9895592801497384,0.0,0.0,0.0,0.0060774685611755,0.0043632512890861,0.0,0.0,0.9025237717006752,0.0,0.0,0.0,0.0417914044264058,0.0556848238729189,0.0,0.0,8.006953502342181,1.2061351590492684,1.0,0.0,0.0,0.0,1.447084690863948,1.7048536921489543,0.0,0.0,8.432227805466914,1017.7913832278248,57.90987351738985,302.7106577576344,22.13772066860631
19,255.0,25.68491946461644,0.98,0.0,0.0,0.0,0.01,0.01,0.0,0.0,301.25,77.28,0.8464730290456431,0.3323617943143949,28.0860333799468,22.683552070453494,1007.4340366610876,64.31650669495198,0.987572740228097,0.0,0.0,0.0,0.007020234341728,0.0054070254301749,0.0,0.0,0.8854634665803353,0.0,0.0,0.0,0.0471987823761362,0.0673377510435285,0.0,0.0,7.926256601010951,1.2128034457423829,1.0,0.0,0.0,0.0,1.4417859909492867,1.6984255533626014,0.0,0.0,8.432227805466914,1017.7913832278248,57.90987351738985,302.7106577576344,22.13772066860631
19,255.0,26.28517294344903,0.98,0.0,0.0,0.0,0.01,0.01,0.0,0.0,301.25,77.28,0.8464730290456431,0.3401290494752721,28.0860333799468,22.683552070453494,1005.9554763010386,65.46159706510544,0.9856270136954104,0.0,0.0,0.0,0.0078768070333626,0.0064961792712269,0.0,0.0,0.8691989990756078,0.0,0.0,0.0,0.0518075943285735,0.0789934065958186,0.0,0.0,7.847288119759973,1.2194155039371282,1.0,0.0,0.0,0.0,1.4366590777225172,1.692172659975972,0.0,0.0,8.432227805466914,1017.7913832278248,57.90987351738985,302.7106577576344,22.13772066860631
19,255.0,26.88542642228162,0.98,0.0,0.0,0.0,0.01,0.01,0.0,0.0,301.25,77.28,0.8464730290456431,0.3478963046361493,28.0860333799468,22.683552070453494,1004.541853644451,66.6220562174904,0.983718654845457,0.0,0.0,0.0,0.0086542599681117,0.0076270851864312,0.0,0.0,0.8536761634297519,0.0,0.0,0.0,0.0557151983497414,0.0906086382205065,0.0,0.0,7.769915349479032,1.2259865920172552,1.0,0.0,0.0,0.0,1.4316667717169878,1.6860867426265609,0.0,0.0,8.432227805466914,1017.7913832278248,57.90987351738985,302.7106577576344,22.13772066860631
19,255.0,27.48567990111421,0.98,0.0,0.0,0.0,0.01,0.01,0.0,0.0,301.25,77.28,0.8464730290456431,0.3556635597970265,28.0860333799468,22.683552070453494,1003.187099741522,67.7969641934781,0.9818442053755676,0.0,0.0,0.0,0.0093596704375786,0.0087961241868537,0.0,0.0,0.8388454301216616,0.0,0.0,0.0,0.059010508895277,0.1021440609830614,0.0,0.0,7.694008301213013,1.2325054341538195,1.0,0.0,0.0,0.0,1.4267936611951468,1.680146200373685,0.0,0.0,8.432227805466914,1017.7913832278248,57.90987351738985,302.7106577576344,22.13772066860631
19,255.0,28.0859333799468,0.98,0.0,0.0,0.0,0.01,0.01,0.0,0.0,301.25,77.28,0.8464730290456431,0.3634308149579037,28.0860333799468,22.683552070453494,1001.8853295293212,68.98544150182677,0.9800003043836248,0.0,0.0,0.0,0.0099998985503838,0.0099997970659913,0.0,0.0,0.824661531372701,0.0,0.0,0.0,0.0617735736517771,0.1135648949755217,0.0,0.0,7.619443910330228,1.2389941528291046,1.0,0.0,0.0,0.0,1.4220508081892609,1.674338312302743,0.0,0.0,8.432227805466914,1017.7913832278248,57.90987351738985,302.7106577576344,22.13772066860631
19,260.0,26.30274847343768,0.98,0.0,0.0,0.0,0.01,0.01,0.0,0.0,301.25,77.28,0.8630705394190872,0.3403564761055601,31.5856030329746,26.30264847343768,990.8475596662004,69.08943409227739,0.9975947132659554,0.0,0.0,0.0,0.0015593741822583,0.0008459125517862,0.0,0.0,0.9799969909175956,0.0,0.0,0.0,0.0100014435323978,0.0100015655500065,0.0,0.0,7.206843380653332,1.2650561031662015,1.0,0.0,0.0,0.0,1.3621845696956247,1.6180204688404989,0.0,0.0,7.296085655146154,993.0143761526203,67.92140682303575,302.7106577576344,25.654931900849267
19,260.0,26.88972120227512,0.98,0.0,0.0,0.0,0.01,0.01,0.0,0.0,301.25,77.28,0.8630705394190872,0.3479518789114275,31.5856030329746,26.30264847343768,988.9749969193604,70.16730182060348,0.995467707900853,0.0,0.0,0.0,0.0028616238346429,0.0016706682645041,0.0,0.0,0.9627335351772798,0.0,0.0,0.0,0.0179685058536491,0.019297958969071,0.0,0.0,7.127995293128529,1.2724198652642609,1.0,0.0,0.0,0.0,1.35741325959947,1.6119131314715904,0.0,0.0,7.296085655146154,993.0143761526203,67.92140682303575,302.7106577576344,25.654931900849267
19,260.0,27.476693931112557,0.98,0.0,0.0,0.0,0.01,0.01,0.0,0.0,301.25,77.28,0.8630705394190872,0.3555472817172949,31.5856030329746,26.30264847343768,987.1867576654184,71.26336647106513,0.9933894339295046,0.0,0.0,0.0,0.0040609454060287,0.0025496206644667,0.0,0.0,0.9462349742331636,0.0,0.0,0.0,0.0249769088410976,0.0287881169257387,0.0,0.0,7.051002497470982,1.279705323752102,1.0,0.0,0.0,0.0,1.3527759706106683,1.6059892923554224,0.0,0.0,7.296085655146154,993.0143761526203,67.92140682303575,302.7106577576344,25.654931900849267
19,260.0,28.063666659949988,0.98,0.0,0.0,0.0,0.01,0.01,0.0,0.0,301.25,77.28,0.8630705394190872,0.3631426845231623,31.5856030329746,26.30264847343768,985.479669810274,72.3770892298568,0.9913581158116562,0.0,0.0,0.0,0.005161071503535,0.0034808126848086,0.0,0.0,0.9304532906922892,0.0,0.0,0.0,0.0311085172532841,0.0384381920544267,0.0,0.0,6.975783370981353,1.2869408995843172,1.0,0.0,0.0,0.0,1.3482981213398773,1.600236322347406,0.0,0.0,7.296085655146154,993.0143761526203,67.92140682303575,302.7106577576344,25.654931900849267
19,260.0,28.650639388787425,0.98,0.0,0.0,0.0,0.01,0.01,0.0,0.0,301.25,77.28,0.8630705394190872,0.3707380873290298,31.5856030329746,26.30264847343768,983.8495224515656,73.50779465451413,0.989371364345043,0.0,0.0,0.0,0.0061669510452868,0.00446168460967,0.0,0.0,0.9153437311192212,0.0,0.0,0.0,0.036445524336081,0.0482107445446978,0.0,0.0,6.90224789261066,1.294109311114604,1.0,0.0,0.0,0.0,1.3439413034931111,1.5946408121139788,0.0,0.0,7.296085655146154,993.0143761526203,67.92140682303575,302.7106577576344,25.654931900849267
19,260.0,29.23761211762486,0.98,0.0,0.0,0.0,0.01,0.01,0.0,0.0,301.25,77.28,0.8630705394190872,0.3783334901348972,31.5856030329746,26.30264847343768,982.2913578953824,74.65471866851682,0.9874263513821536,0.0,0.0,0.0,0.0070844134099312,0.0054892352079152,0.0,0.0,0.9008647478257352,0.0,0.0,0.0,0.0410685110585339,0.0580667411157308,0.0,0.0,6.830291654675969,1.301212786897887,1.0,0.0,0.0,0.0,1.3397134533164503,1.5891925812857763,0.0,0.0,7.296085655146154,993.0143761526203,67.92140682303575,302.7106577576344,25.654931900849267
19,260.0,29.82458484646229,0.98,0.0,0.0,0.0,0.01,0.01,0.0,0.0,301.25,77.28,0.8630705394190872,0.3859288929407646,31.5856030329746,26.30264847343768,980.7997486887684,75.81704670200834,0.985519968465698,0.0,0.0,0.0,0.0079198383793208,0.006560193154981,0.0,0.0,0.8869778030409333,0.0,0.0,0.0,0.0450547661980228,0.0679674307610439,0.0,0.0,6.759805887869665,1.3082742913370178,1.0,0.0,0.0,0.0,1.3356023526312035,1.5838810131089212,0.0,0.0,7.296085655146154,993.0143761526203,67.92140682303575,302.7106577576344,25.654931900849267
19,260.0,30.41155757529973,0.98,0.0,0.0,0.0,0.01,0.01,0.0,0.0,301.25,77.28,0.8630705394190872,0.3935242957466321,31.5856030329746,26.30264847343768,979.369057009774,76.99395033552632,0.9836489780859472,0.0,0.0,0.0,0.0086798508871773,0.0076711710268754,0.0,0.0,0.8736472187030881,0.0,0.0,0.0,0.0484769452072207,0.0778758360896911,0.0,0.0,6.6906806458375145,1.3152821256939504,1.0,0.0,0.0,0.0,1.3315895684810468,1.5786954319027915,0.0,0.0,7.296085655146154,993.0143761526203,67.92140682303575,302.7106577576344,25.654931900849267
19,260.0,30.99853030413717,0.98,0.0,0.0,0.0,0.01,0.01,0.0,0.0,301.25,77.28,0.8630705394190872,0.4011196985524995,31.5856030329746,26.30264847343768,977.9936505352092,78.18461680054763,0.9818101396110288,0.0,0.0,0.0,0.0093710667159163,0.0088187936730548,0.0,0.0,0.8608400118598578,0.0,0.0,0.0,0.051402156063394,0.087757832076748,0.0,0.0,6.622808279514147,1.322255649673752,1.0,0.0,0.0,0.0,1.327688565368111,1.5736254349423415,0.0,0.0,7.296085655146154,993.0143761526203,67.92140682303575,302.7106577576344,25.654931900849267
19,260.0,31.5855030329746,0.98,0.0,0.0,0.0,0.01,0.01,0.0,0.0,301.25,77.28,0.8630705394190872,0.408715101358367,31.5856030329746,26.30264847343768,976.6680673696376,79.38827062577434,0.9800003055761228,0.0,0.0,0.0,0.0099998979862663,0.0099997964376107,0.0,0.0,0.8485257170333746,0.0,0.0,0.0,0.0538914610120011,0.097582821954624,0.0,0.0,6.55608679093197,1.3292138470749733,1.0,0.0,0.0,0.0,1.3238661067781976,1.5686611059661824,0.0,0.0,7.296085655146154,993.0143761526203,67.92140682303575,302.7106577576344,25.654931900849267
19,265.0,30.33855955894532,0.98,0.0,0.0,0.0,0.01,0.01,0.0,0.0,301.25,77.28,0.8796680497925311,0.3925797044376982,35.46600825215772,30.33845955894532,963.5966341660474,81.05042803477514,0.9971476191980732,0.0,0.0,0.0,0.0018361770772963,0.0010162037246304,0.0,0.0,0.979997461395124,0.0,0.0,0.0,0.010001208606305,0.010001329998571,0.0,0.0,6.098435035448037,1.3679489388959645,1.0,0.0,0.0,0.0,1.270674841943009,1.5134761158101129,0.0,0.0,6.194157229336726,966.2255774553212,79.59167899763797,302.7106577576344,29.571779036695137
19,265.0,30.90826496930225,0.98,0.0,0.0,0.0,0.01,0.01,0.0,0.0,301.25,77.28,0.8796680497925311,0.3999516688574308,35.46600825215772,30.33845955894532,961.7369308789606,82.15456800798103,0.9950828073039152,0.0,0.0,0.0,0.0030844931776051,0.0018326995184796,0.0,0.0,0.9658179461252806,0.0,0.0,0.0,0.0165025090057826,0.0176795448689367,0.0,0.0,6.029189714952936,1.3758824617640577,1.0,0.0,0.0,0.0,1.2669302579119388,1.5083554499727423,0.0,0.0,6.194157229336726,966.2255774553212,79.59167899763797,302.7106577576344,29.571779036695137
19,265.0,31.477970379659187,0.98,0.0,0.0,0.0,0.01,0.01,0.0,0.0,301.25,77.28,0.8796680497925311,0.4073236332771633,35.46600825215772,30.33845955894532,959.9548893786392,83.27563195300937,0.9930632419537988,0.0,0.0,0.0,0.0042364556015932,0.002700302444608,0.0,0.0,0.9521846610136696,0.0,0.0,0.0,0.0222722170936925,0.0255431218926379,0.0,0.0,5.961487260152538,1.383752288846157,1.0,0.0,0.0,0.0,1.2632849050311057,1.5033722814247217,0.0,0.0,6.194157229336726,966.2255774553212,79.59167899763797,302.7106577576344,29.571779036695137
19,265.0,32.04767579001612,0.98,0.0,0.0,0.0,0.01,0.01,0.0,0.0,301.25,77.28,0.8796680497925311,0.4146955976968959,35.46600825215772,30.33845955894532,958.2474681115292,84.41312906355266,0.9910871897867448,0.0,0.0,0.0,0.0052956744096985,0.0036171358035565,0.0,0.0,0.9390678647274402,0.0,0.0,0.0,0.0273676193095019,0.0335645159630578,0.0,0.0,5.895260879856977,1.3915622358413673,1.0,0.0,0.0,0.0,1.2597514373453589,1.4985276248971962,0.0,0.0,6.194157229336726,966.2255774553212,79.59167899763797,302.7106577576344,29.571779036695137
19,265.0,32.61738120037305,0.98,0.0,0.0,0.0,0.01,0.01,0.0,0.0,301.25,77.28,0.8796680497925311,0.4220675621166285,35.46600825215772,30.33845955894532,956.610749477412,85.56646064395377,0.9891523992515124,0.0,0.0,0.0,0.0062667885509871,0.0045808121975006,0.0,0.0,0.9264393434535956,0.0,0.0,0.0,0.0318470862929898,0.0417135702534147,0.0,0.0,5.830437077690648,1.3993311363521557,1.0,0.0,0.0,0.0,1.2563108032089076,1.4938060593202462,0.0,0.0,6.194157229336726,966.2255774553212,79.59167899763797,302.7106577576344,29.571779036695137
19,265.0,33.187086610729985,0.98,0.0,0.0,0.0,0.01,0.01,0.0,0.0,301.25,77.28,0.8796680497925311,0.4294395265363611,35.46600825215772,30.33845955894532,955.0401961478948,86.73496326600485,0.987256256414375,0.0,0.0,0.0,0.0071551737028046,0.0055885698828203,0.0,0.0,0.9142725333805984,0.0,0.0,0.0,0.0357685526542969,0.0499589139651046,0.0,0.0,5.766930871708372,1.4070509157794184,1.0,0.0,0.0,0.0,1.2529659870472727,1.4891987468175578,0.0,0.0,6.194157229336726,966.2255774553212,79.59167899763797,302.7106577576344,29.571779036695137
19,265.0,33.75679202108692,0.98,0.0,0.0,0.0,0.01,0.01,0.0,0.0,301.25,77.28,0.8796680497925311,0.4368114909560936,35.46600825215772,30.33845955894532,953.5308809318144,87.91793737766211,0.9853959162644969,0.0,0.0,0.0,0.0079666642195618,0.0066374195159414,0.0,0.0,0.9025424694093622,0.0,0.0,0.0,0.0391882158087969,0.0582693147818407,0.0,0.0,5.704654725460337,1.414724537748294,1.0,0.0,0.0,0.0,1.2497053031611784,1.4846975508050086,0.0,0.0,6.194157229336726,966.2255774553212,79.59167899763797,302.7106577576344,29.571779036695137
19,265.0,34.326497431443855,0.98,0.0,0.0,0.0,0.01,0.01,0.0,0.0,301.25,77.28,0.8796680497925311,0.4441834553758262,35.46600825215772,30.33845955894532,952.0777038790662,89.11467632124516,0.9835684296593182,0.0,0.0,0.0,0.0087072959371455,0.0077242744035363,0.0,0.0,0.891225770610625,0.0,0.0,0.0,0.0421594701211928,0.0666147592681821,0.0,0.0,5.643520188977047,1.4223662370567092,1.0,0.0,0.0,0.0,1.246523911191013,1.4802944739653692,0.0,0.0,6.194157229336726,966.2255774553212,79.59167899763797,302.7106577576344,29.571779036695137
19,265.0,34.896202841800786,0.98,0.0,0.0,0.0,0.01,0.01,0.0,0.0,301.25,77.28,0.8796680497925311,0.4515554197955588,35.46600825215772,30.33845955894532,950.6755728903,90.32448942702295,0.9817708487703124,0.0,0.0,0.0,0.0093830917917524,0.0088460594379351,0.0,0.0,0.8803005999218585,0.0,0.0,0.0,0.0447321461305311,0.0749672539476103,0.0,0.0,5.583440832312985,1.4299834272304566,1.0,0.0,0.0,0.0,1.243417697861001,1.4759817684675471,0.0,0.0,6.194157229336726,966.2255774553212,79.59167899763797,302.7106577576344,29.571779036695137
19,265.0,35.46590825215772,0.98,0.0,0.0,0.0,0.01,0.01,0.0,0.0,301.25,77.28,0.8796680497925311,0.4589273842152914,35.46600825215772,30.33845955894532,949.3195425639587,91.54671885586669,0.9800003080760122,0.0,0.0,0.0,0.0099998967465852,0.0099997951774024,0.0,0.0,0.8697466014638736,0.0,0.0,0.0,0.0469520489562909,0.0833013495798354,0.0,0.0,5.524334786054565,1.4375764960959914,1.0,0.0,0.0,0.0,1.2403755503600824,1.47176141998634,0.0,0.0,6.194157229336726,966.2255774553212,79.59167899763797,302.7106577576344,29.571779036695137
19,270.0,34.82422748002603,0.98,0.0,0.0,0.0,0.01,0.01,0.0,0.0,301.25,77.28,0.8962655601659751,0.4506240615945397,39.75438464629829,34.82412748002603,933.7175257300336,95.1467241972046,0.9966149809663588,0.0,0.0,0.0,0.0021590584025312,0.0012259606311101,0.0,0.0,0.9799978561328272,0.0,0.0,0.0,0.0100010117337677,0.010001132133405,0.0,0.0,5.028818168529223,1.493778179125124,1.0,0.0,0.0,0.0,1.1935278808949907,1.41788114445354,0.0,0.0,5.130843724671824,936.9320241360858,93.30322734807504,302.7106577576344,33.91794976874195
19,270.0,35.37201160961184,0.98,0.0,0.0,0.0,0.01,0.01,0.0,0.0,301.25,77.28,0.8962655601659751,0.4577123655488074,39.75438464629829,34.82412748002603,931.870041061234,96.28221179866952,0.9946248739512574,0.0,0.0,0.0,0.0033434169693415,0.0020317090794009,0.0,0.0,0.9684538279876972,0.0,0.0,0.0,0.015255296759638,0.0162908752526647,0.0,0.0,4.9688795600496585,1.502521281736506,1.0,0.0,0.0,0.0,1.1906329211548337,1.4136178221859723,0.0,0.0,5.130843724671824,936.9320241360858,93.30322734807504,302.7106577576344,33.91794976874195
19,270.0,35.919795739197646,0.98,0.0,0.0,0.0,0.01,0.01,0.0,0.0,301.25,77.28,0.8962655601659751,0.4648006695030751,39.75438464629829,34.82412748002603,930.092281608616,97.43329723586538,0.9926756232213764,0.0,0.0,0.0,0.0044395043597407,0.002884872418883,0.0,0.0,0.9572977261535192,0.0,0.0,0.0,0.0199589497528171,0.0227433240936635,0.0,0.0,4.910194097475528,1.5112165575769902,1.0,0.0,0.0,0.0,1.187817151961236,1.4094566048988129,0.0,0.0,5.130843724671824,936.9320241360858,93.30322734807504,302.7106577576344,33.91794976874195
19,270.0,36.46757986878345,0.98,0.0,0.0,0.0,0.01,0.01,0.0,0.0,301.25,77.28,0.8962655601659751,0.4718889734573428,39.75438464629829,34.82412748002603,928.3814171061877,98.59954812925604,0.9907655916069996,0.0,0.0,0.0,0.0054506999249424,0.0037837084680577,0.0,0.0,0.9465111167218566,0.0,0.0,0.0,0.0241516588007844,0.0293372244773589,0.0,0.0,4.852710264352827,1.5198667667307206,1.0,0.0,0.0,0.0,1.1850738112742778,1.405392883254493,0.0,0.0,5.130843724671824,936.9320241360858,93.30322734807504,302.7106577576344,33.91794976874195
19,270.0,37.01536399836926,0.98,0.0,0.0,0.0,0.01,0.01,0.0,0.0,301.25,77.28,0.8962655601659751,0.4789772774116105,39.75438464629829,34.82412748002603,926.7339290004396,99.78046190438774,0.9888927414554404,0.0,0.0,0.0,0.0063812035000945,0.0047260550444649,0.0,0.0,0.9360763039860226,0.0,0.0,0.0,0.027874231269936,0.0360494647440413,0.0,0.0,4.796367110265545,1.5284761403221068,1.0,0.0,0.0,0.0,1.1824000656357898,1.4014263216713736,0.0,0.0,5.130843724671824,936.9320241360858,93.30322734807504,302.7106577576344,33.91794976874195
19,270.0,37.56314812795506,0.98,0.0,0.0,0.0,0.01,0.01,0.0,0.0,301.25,77.28,0.8962655601659751,0.4860655813658781,39.75438464629829,34.82412748002603,925.1457984192972,100.97548963508632,0.9870547433407496,0.0,0.0,0.0,0.0072358084734583,0.0057094481857921,0.0,0.0,0.925976375151629,0.0,0.0,0.0,0.0311675519329479,0.0428560729154229,0.0,0.0,4.741099450944688,1.5370501960750744,1.0,0.0,0.0,0.0,1.179798099342548,1.3975513577718557,0.0,0.0,5.130843724671824,936.9320241360858,93.30322734807504,302.7106577576344,33.91794976874195
19,270.0,38.11093225754087,0.98,0.0,0.0,0.0,0.01,0.01,0.0,0.0,301.25,77.28,0.8962655601659751,0.4931538853201458,39.75438464629829,34.82412748002603,923.6126956986736,102.18406040870794,0.9852490865542202,0.0,0.0,0.0,0.0080196753946341,0.0067312380511457,0.0,0.0,0.9161952517185136,0.0,0.0,0.0,0.0340716383042721,0.0497331099772142,0.0,0.0,4.6868393110292415,1.5455953952972346,1.0,0.0,0.0,0.0,1.177255892488695,1.3937568702116148,0.0,0.0,5.130843724671824,936.9320241360858,93.30322734807504,302.7106577576344,33.91794976874195
19,270.0,38.658716387126674,0.98,0.0,0.0,0.0,0.01,0.01,0.0,0.0,301.25,77.28,0.8962655601659751,0.5002421892744134,39.75438464629829,34.82412748002603,922.1301513660334,103.4056020203034,0.983473178486772,0.0,0.0,0.0,0.0087381271923711,0.0077886943208567,0.0,0.0,0.9067177183499489,0.0,0.0,0.0,0.0366248679264228,0.0566574137236282,0.0,0.0,4.633518330996119,1.5541188335803109,1.0,0.0,0.0,0.0,1.1747692729500545,1.3900370056493128,0.0,0.0,5.130843724671824,936.9320241360858,93.30322734807504,302.7106577576344,33.91794976874195
19,270.0,39.20650051671248,0.98,0.0,0.0,0.0,0.01,0.01,0.0,0.0,301.25,77.28,0.8962655601659751,0.5073304932286812,39.75438464629829,34.82412748002603,920.6937000681876,104.6395578266606,0.981724428358408,0.0,0.0,0.0,0.0093964771241693,0.0088790945174227,0.0,0.0,0.8975294342306838,0.0,0.0,0.0,0.0388634043750219,0.0636071613942942,0.0,0.0,4.581069596815913,1.5626328687432192,1.0,0.0,0.0,0.0,1.1723390608200983,1.386386540748502,0.0,0.0,5.130843724671824,936.9320241360858,93.30322734807504,302.7106577576344,33.91794976874195
19,270.0,39.75428464629829,0.98,0.0,0.0,0.0,0.01,0.01,0.0,0.0,301.25,77.28,0.8962655601659751,0.5144187971829488,39.75438464629829,34.82412748002603,919.2989924006408,105.88539889364084,0.9800003120911333,0.0,0.0,0.0,0.0099998947408456,0.0099997931680212,0.0,0.0,0.8886169225122362,0.0,0.0,0.0,0.0408208226330002,0.0705622548547634,0.0,0.0,4.529429815919757,1.571142085466662,1.0,0.0,0.0,0.0,1.1699591521664128,1.382807711423784,0.0,0.0,5.130843724671824,936.9320241360858,93.30322734807504,302.7106577576344,33.91794976874195
19,275.0,39.79629978420884,0.98,0.0,0.0,0.0,0.01,0.01,0.0,0.0,301.25,77.28,0.9128630705394192,0.5149624713277542,44.47853571718439,39.79619978420884,900.451866690155,111.97189480544432,0.9959716681057644,0.0,0.0,0.0,0.0025394835531655,0.0014888483410699,0.0,0.0,0.9799981904586252,0.0,0.0,0.0,0.0100008452538018,0.0100009642875729,0.0,0.0,4.003942233321093,1.6529567173974848,1.0,0.0,0.0,0.0,1.1292882568898814,1.3303372345261673,0.0,0.0,4.11187312512685,904.4335281070778,109.60126774294156,302.7106577576344,38.72523437118672
19,275.0,40.31653711009501,0.98,0.0,0.0,0.0,0.01,0.01,0.0,0.0,301.25,77.28,0.9128630705394192,0.521694320782803,44.47853571718439,39.79619978420884,898.6138802724059,113.14576061743249,0.99407148664316,0.0,0.0,0.0,0.0036484862388741,0.0022800271179657,0.0,0.0,0.9707236543645292,0.0,0.0,0.0,0.0141871081891188,0.0150892374463518,0.0,0.0,3.95309463306269,1.6628576273507585,1.0,0.0,0.0,0.0,1.1271114782240024,1.3268161112304655,0.0,0.0,4.11187312512685,904.4335281070778,109.60126774294156,302.7106577576344,38.72523437118672
19,275.0,40.836774435981184,0.98,0.0,0.0,0.0,0.01,0.01,0.0,0.0,301.25,77.28,0.9128630705394192,0.5284261702378518,44.47853571718439,39.79619978420884,896.8363968197899,114.33390777686846,0.9922068969641124,0.0,0.0,0.0,0.00467881483529,0.0031142882005976,0.0,0.0,0.9617216204337758,0.0,0.0,0.0,0.0179678432994623,0.0203105362667618,0.0,0.0,3.903234702341617,1.6727316855685177,1.0,0.0,0.0,0.0,1.1249892255853873,1.3233691836844836,0.0,0.0,4.11187312512685,904.4335281070778,109.60126774294156,302.7106577576344,38.72523437118672
19,275.0,41.35701176186736,0.98,0.0,0.0,0.0,0.01,0.01,0.0,0.0,301.25,77.28,0.9128630705394192,0.5351580196929006,44.47853571718439,39.79619978420884,895.1168942301105,115.53598302559298,0.9903764291090594,0.0,0.0,0.0,0.0056334979458353,0.0039900729451051,0.0,0.0,0.952980784075618,0.0,0.0,0.0,0.021369948235152,0.0256492676892298,0.0,0.0,3.854322801827958,1.682582076989506,1.0,0.0,0.0,0.0,1.1229192286382257,1.3199932466383557,0.0,0.0,4.11187312512685,904.4335281070778,109.60126774294156,302.7106577576344,38.72523437118672
19,275.0,41.877249087753526,0.98,0.0,0.0,0.0,0.01,0.01,0.0,0.0,301.25,77.28,0.9128630705394192,0.5418898691479493,44.47853571718439,39.79619978420884,893.452331993635,116.75159115233532,0.9885783158322442,0.0,0.0,0.0,0.0065161846234076,0.0049054995443482,0.0,0.0,0.9444901483525548,0.0,0.0,0.0,0.0244212185246063,0.0310886331228387,0.0,0.0,3.806313011270433,1.6924133307831852,1.0,0.0,0.0,0.0,1.120898769752083,1.3166919051011692,0.0,0.0,4.11187312512685,904.4335281070778,109.60126774294156,302.7106577576344,38.72523437118672
19,275.0,42.3974864136397,0.98,0.0,0.0,0.0,0.01,0.01,0.0,0.0,301.25,77.28,0.9128630705394192,0.5486217186029982,44.47853571718439,39.79619978420884,891.8392902962155,117.98031003295122,0.9868105723425824,0.0,0.0,0.0,0.0073309736517326,0.0058584540056849,0.0,0.0,0.9362390721446324,0.0,0.0,0.0,0.0271496701885581,0.0366112576668096,0.0,0.0,3.759156937038577,1.7022310399321392,1.0,0.0,0.0,0.0,1.118925015587345,1.3134553974070482,0.0,0.0,4.11187312512685,904.4335281070778,109.60126774294156,302.7106577576344,38.72523437118672
19,275.0,42.91772373952588,0.98,0.0,0.0,0.0,0.01,0.01,0.0,0.0,301.25,77.28,0.9128630705394192,0.555353568058047,44.47853571718439,39.79619978420884,890.2741116215717,119.22170763642472,0.9850710784942652,0.0,0.0,0.0,0.0080822440132088,0.0068466774925258,0.0,0.0,0.9282173314359686,0.0,0.0,0.0,0.0295829196418461,0.0421997489221851,0.0,0.0,3.712804434789981,1.7120417011519506,1.0,0.0,0.0,0.0,1.1169951163320342,1.310278009538094,0.0,0.0,4.11187312512685,904.4335281070778,109.60126774294156,302.7106577576344,38.72523437118672
19,275.0,43.43796106541205,0.98,0.0,0.0,0.0,0.01,0.01,0.0,0.0,301.25,77.28,0.9128630705394192,0.5620854175130958,44.47853571718439,39.79619978420884,888.7530274362081,120.4753556034555,0.9833576518159256,0.0,0.0,0.0,0.0087745020157671,0.0078678461683073,0.0,0.0,0.9204151592592048,0.0,0.0,0.0,0.0317476695684571,0.0478371711723383,0.0,0.0,3.6672051401830608,1.721852858431551,1.0,0.0,0.0,0.0,1.115106251030219,1.307160070665999,0.0,0.0,4.11187312512685,904.4335281070778,109.60126774294156,302.7106577576344,38.72523437118672
19,275.0,43.95819839129822,0.98,0.0,0.0,0.0,0.01,0.01,0.0,0.0,301.25,77.28,0.9128630705394192,0.5688172669681446,44.47853571718439,39.79619978420884,887.2722660171761,121.7408403987546,0.98166810967062,0.0,0.0,0.0,0.0094122516321063,0.0089196386972736,0.0,0.0,0.9128232728983416,0.0,0.0,0.0,0.0336693140803876,0.0535074130212707,0.0,0.0,3.62230964069982,1.7316726748308378,1.0,0.0,0.0,0.0,1.1132556788939298,1.3040966660082578,0.0,0.0,4.11187312512685,904.4335281070778,109.60126774294156,302.7106577576344,38.72523437118672
19,275.0,44.47843571718439,0.98,0.0,0.0,0.0,0.01,0.01,0.0,0.0,301.25,77.28,0.9128630705394192,0.5755491164231934,44.47853571718439,39.79619978420884,885.8281374068118,123.0177710676418,0.980000317975676,0.0,0.0,0.0,0.009999891807906,0.009999790216418,0.0,0.0,0.9054328832790663,0.0,0.0,0.0,0.0353716655346709,0.0591954511862626,0.0,0.0,3.5780704257509672,1.7415084889039123,1.0,0.0,0.0,0.0,1.111440815565398,1.301079830091412,0.0,0.0,4.11187312512685,904.4335281070778,109.60126774294156,302.7106577576344,38.72523437118672
19,280.0,45.29619429866286,0.98,0.0,0.0,0.0,0.01,0.01,0.0,0.0,301.25,77.28,0.9294605809128632,0.5861308786058859,49.66643919417836,45.29609429866286,862.6433373419262,132.43779944114718,0.9951780430292108,0.0,0.0,0.0,0.0029952570157412,0.0018266999550478,0.0,0.0,0.9799984768302497,0.0,0.0,0.0,0.0100007029504793,0.010000820219271,0.0,0.0,3.031896904965561,1.863775910546888,1.0,0.0,0.0,0.0,1.0770326525507607,1.2500551776998836,0.0,0.0,3.1449654870637134,867.6798743518019,129.30886906724652,302.7106577576344,44.02808165538378
19,280.0,45.78176595372014,0.98,0.0,0.0,0.0,0.01,0.01,0.0,0.0,301.25,77.28,0.9294605809128632,0.5924141557158403,49.66643919417836,45.29609429866286,860.8090396500647,133.66011539599577,0.9933873434519366,0.0,0.0,0.0,0.0040153165467428,0.0025973400013205,0.0,0.0,0.9726975451811556,0.0,0.0,0.0,0.0132644923676903,0.014037962451154,0.0,0.0,2.990017180911631,1.875433277210709,1.0,0.0,0.0,0.0,1.0754721027250076,1.2471851682011683,0.0,0.0,3.1449654870637134,867.6798743518019,129.30886906724652,302.7106577576344,44.02808165538378
19,280.0,46.26733760877742,0.98,0.0,0.0,0.0,0.01,0.01,0.0,0.0,301.25,77.28,0.9294605809128632,0.5986974328257947,49.66643919417836,45.29609429866286,859.0246851230174,134.895521491309,0.9916261452156298,0.0,0.0,0.0,0.0049678302003625,0.0034060245840076,0.0,0.0,0.9655842796040346,0.0,0.0,0.0,0.0162395877112451,0.0181761326847203,0.0,0.0,2.948885206449225,1.887093800222904,1.0,0.0,0.0,0.0,1.073947978143335,1.2443664930298028,0.0,0.0,3.1449654870637134,867.6798743518019,129.30886906724652,302.7106577576344,44.02808165538378
19,280.0,46.752909263834695,0.98,0.0,0.0,0.0,0.01,0.01,0.0,0.0,301.25,77.28,0.9294605809128632,0.6049807099357492,49.66643919417836,45.29609429866286,857.2881374164141,136.14375982105608,0.989893202628394,0.0,0.0,0.0,0.0058553646739934,0.0042514326976127,0.0,0.0,0.9586518985968008,0.0,0.0,0.0,0.0189435240075777,0.0224045773956216,0.0,0.0,2.9084725398494005,1.898764033714793,1.0,0.0,0.0,0.0,1.0724581341310606,1.2416023061622243,0.0,0.0,3.1449654870637134,867.6798743518019,129.30886906724652,302.7106577576344,44.02808165538378
19,280.0,47.23848091889197,0.98,0.0,0.0,0.0,0.01,0.01,0.0,0.0,301.25,77.28,0.9294605809128632,0.6112639870457036,49.66643919417836,45.29609429866286,855.5969001566093,137.40455553396447,0.9881870689391958,0.0,0.0,0.0,0.0066809183293612,0.0051320127314429,0.0,0.0,0.9518937351632604,0.0,0.0,0.0,0.0213944305517114,0.0267118342850279,0.0,0.0,2.8687465215049506,1.910446445332107,1.0,0.0,0.0,0.0,1.0710029101019962,1.2388869601994774,0.0,0.0,3.1449654870637134,867.6798743518019,129.30886906724652,302.7106577576344,44.02808165538378
19,280.0,47.72405257394925,0.98,0.0,0.0,0.0,0.01,0.01,0.0,0.0,301.25,77.28,0.9294605809128632,0.6175472641556579,49.66643919417836,45.29609429866286,853.9482073469015,138.67762259330402,0.9865061470823075,0.0,0.0,0.0,0.0074478055576191,0.0060460473600732,0.0,0.0,0.945303264615047,0.0,0.0,0.0,0.0236106383852033,0.0310860969997494,0.0,0.0,2.829673121278636,1.9221537212602824,1.0,0.0,0.0,0.0,1.0695776550979303,1.2362179426022757,0.0,0.0,3.1449654870637134,867.6798743518019,129.30886906724652,302.7106577576344,44.02808165538378
19,280.0,48.20962422900652,0.98,0.0,0.0,0.0,0.01,0.01,0.0,0.0,301.25,77.28,0.9294605809128632,0.6238305412656123,49.66643919417836,45.29609429866286,852.3391216890088,139.96267540935784,0.9848487462242268,0.0,0.0,0.0,0.0081595405220122,0.0069917132537611,0.0,0.0,0.938874159440198,0.0,0.0,0.0,0.0256103123463782,0.0355155282134238,0.0,0.0,2.7912186263578165,1.9338831412427049,1.0,0.0,0.0,0.0,1.0681843800576925,1.2335950030840777,0.0,0.0,3.1449654870637134,867.6798743518019,129.30886906724652,302.7106577576344,44.02808165538378
19,280.0,48.6951958840638,0.98,0.0,0.0,0.0,0.01,0.01,0.0,0.0,301.25,77.28,0.9294605809128632,0.6301138183755668,49.66643919417836,45.29609429866286,850.7666201178296,141.25943625209143,0.9832131302776772,0.0,0.0,0.0,0.0088197330384683,0.0079671366838543,0.0,0.0,0.9326003223260684,0.0,0.0,0.0,0.0274111438725207,0.0399885338014108,0.0,0.0,2.753348438083561,1.945642664701876,1.0,0.0,0.0,0.0,1.0668178872177585,1.231011101003142,0.0,0.0,3.1449654870637134,867.6798743518019,129.30886906724652,302.7106577576344,44.02808165538378
19,280.0,49.18076753912108,0.98,0.0,0.0,0.0,0.01,0.01,0.0,0.0,301.25,77.28,0.9294605809128632,0.6363970954855211,49.66643919417836,45.29609429866286,849.2276680591847,142.56764159743872,0.98159756000095,0.0,0.0,0.0,0.0094319989522611,0.0089704410467888,0.0,0.0,0.9264759123848688,0.0,0.0,0.0,0.0290301070548723,0.0444939805602589,0.0,0.0,2.7160274805774645,1.957443990342656,1.0,0.0,0.0,0.0,1.0654788839594886,1.2284683496360558,0.0,0.0,3.1449654870637134,867.6798743518019,129.30886906724652,302.7106577576344,44.02808165538378
19,280.0,49.66633919417836,0.98,0.0,0.0,0.0,0.01,0.01,0.0,0.0,301.25,77.28,0.9294605809128632,0.6426803725954756,49.66643919417836,45.29609429866286,847.7192787242944,143.8870459692677,0.980000326345687,0.0,0.0,0.0,0.0099998876620342,0.0099997859922787,0.0,0.0,0.920495358292618,0.0,0.0,0.0,0.030483280978703,0.0490213607286791,0.0,0.0,2.679222367985099,1.9692954635404627,1.0,0.0,0.0,0.0,1.0641639166271015,1.225959523723419,0.0,0.0,3.1449654870637134,867.6798743518019,129.30886906724652,302.7106577576344,44.02808165538378
19,285.0,51.37290724200903,0.98,0.0,0.0,0.0,0.01,0.01,0.0,0.0,301.25,77.28,0.946058091286307,0.6647632924690609,55.34476275509119,51.372807242009024,818.3786228066408,158.07164419961595,0.9941653699071852,0.0,0.0,0.0,0.0035568178989112,0.0022778121939036,0.0,0.0,0.979998725892128,0.0,0.0,0.0,0.0100005795336859,0.0100006945741859,0.0,0.0,2.124291802858907,2.163402017909101,1.0000000000957294,0.0,0.0,0.0,1.0366445555818615,1.1765357469055833,0.0,0.0,2.2410524707626744,824.9746819221486,153.77005765610247,302.7106577576344,49.86436423924916
19,285.0,51.81421341012927,0.98,0.0,0.0,0.0,0.01,0.01,0.0,0.0,301.25,77.28,0.946058091286307,0.6704737760109895,55.34476275509119,51.372807242009024,816.5374220326936,159.35756500522237,0.9925113168599132,0.0,0.0,0.0,0.004470547824324,0.0030181353157626,0.0,0.0,0.9744382198169558,0.0,0.0,0.0,0.0124580623988751,0.0131037177841691,0.0,0.0,2.0913791168601463,2.17796555557112,1.0000000000593705,0.0,0.0,0.0,1.0356336095143794,1.1742557454074416,0.0,0.0,2.2410524707626744,824.9746819221486,153.77005765610247,302.7106577576344,49.86436423924916
19,285.0,52.25551957824951,0.98,0.0,0.0,0.0,0.01,0.01,0.0,0.0,301.25,77.28,0.946058091286307,0.676184259552918,55.34476275509119,51.372807242009024,814.7340816045233,160.65572543219764,0.9908798932172282,0.0,0.0,0.0,0.0053294483751659,0.0037906584076057,0.0,0.0,0.9690023631178506,0.0,0.0,0.0,0.014721096961496,0.0162765399206534,0.0,0.0,2.058999414013375,2.1925865555874653,1.0000000001937537,0.0,0.0,0.0,1.0346457162453455,1.172013911835612,0.0,0.0,2.2410524707626744,824.9746819221486,153.77005765610247,302.7106577576344,49.86436423924916
19,285.0,52.69682574636975,0.98,0.0,0.0,0.0,0.01,0.01,0.0,0.0,301.25,77.28,0.946058091286307,0.6818947430948467,55.34476275509119,51.372807242009024,812.9669089366516,161.96598039298726,0.9892701237768426,0.0,0.0,0.0,0.0061355233124163,0.004594352910741,0.0,0.0,0.9636872834331012,0.0,0.0,0.0,0.0168003528756994,0.0195123636911996,0.0,0.0,2.0271350403545947,2.2060394223939555,1.0,0.0,0.0,0.0,1.0336152291737026,1.16961249862243,0.0,0.0,2.2410524707626744,824.9746819221486,153.77005765610247,302.7106577576344,49.86436423924916
19,285.0,53.13813191448999,0.98,0.0,0.0,0.0,0.01,0.01,0.0,0.0,301.25,77.28,0.946058091286307,0.6876052266367753,55.34476275509119,51.372807242009024,811.2339933350594,163.28819074052487,0.9876809172219404,0.0,0.0,0.0,0.006891040635,0.0054280421430594,0.0,0.0,0.9584891557220704,0.0,0.0,0.0,0.018706817016058,0.0228040272618714,0.0,0.0,1.9957744541588551,2.222065238486624,1.000000000180043,0.0,0.0,0.0,1.032738165533461,1.1676318634405287,0.0,0.0,2.2410524707626744,824.9746819221486,153.77005765610247,302.7106577576344,49.86436423924916
19,285.0,53.579438082610224,0.98,0.0,0.0,0.0,0.01,0.01,0.0,0.0,301.25,77.28,0.946058091286307,0.6933157101787037,55.34476275509119,51.372807242009024,809.533245198874,164.6222154884006,0.986111087268797,0.0,0.0,0.0,0.0075984679804022,0.0062904447508005,0.0,0.0,0.9534041929471468,0.0,0.0,0.0,0.0204516069588125,0.0261442000940407,0.0,0.0,1.9648758963853747,2.2355112527813445,1.0,0.0,0.0,0.0,1.0317455445725223,1.1652803133315577,0.0,0.0,2.2410524707626744,824.9746819221486,153.77005765610247,302.7106577576344,49.86436423924916
19,285.0,54.02074425073047,0.98,0.0,0.0,0.0,0.01,0.01,0.0,0.0,301.25,77.28,0.946058091286307,0.6990261937206323,55.34476275509119,51.372807242009024,807.8624621053812,165.96792292630832,0.9845593898939792,0.0,0.0,0.0,0.0082604013157087,0.0071802087903121,0.0,0.0,0.9484286954532386,0.0,0.0,0.0,0.0220457783010466,0.0295255262457148,0.0,0.0,1.9344362868738905,2.250368704504893,1.0,0.0,0.0,0.0,1.030841279818271,1.1631592534155772,0.0,0.0,2.2410524707626744,824.9746819221486,153.77005765610247,302.7106577576344,49.86436423924916
19,285.0,54.46205041885071,0.98,0.0,0.0,0.0,0.01,0.01,0.0,0.0,301.25,77.28,0.946058091286307,0.704736677262561,55.34476275509119,51.372807242009024,806.2193780641068,167.325192720884,0.9830245505132644,0.0,0.0,0.0,0.008879503385727,0.0080959461010084,0.0,0.0,0.9435590697756516,0.0,0.0,0.0,0.0235001676309472,0.0329407625934011,0.0,0.0,1.904428398693976,2.2653165786319764,1.0,0.0,0.0,0.0,1.0299554684213257,1.161065503536835,0.0,0.0,2.2410524707626744,824.9746819221486,153.77005765610247,302.7106577576344,49.86436423924916
19,285.0,54.90335658697094,0.98,0.0,0.0,0.0,0.01,0.01,0.0,0.0,301.25,77.28,0.946058091286307,0.7104471608044894,55.34476275509119,51.372807242009024,804.6017085679867,168.69391869246732,0.981505288818884,0.0,0.0,0.0,0.0094584493469801,0.0090362618341359,0.0,0.0,0.938791847173317,0.0,0.0,0.0,0.0248252626293855,0.0363828901972975,0.0,0.0,1.8748307727858944,2.280371492320112,1.0,0.0,0.0,0.0,1.02908835854251,1.1590005997209956,0.0,0.0,2.2410524707626744,824.9746819221486,153.77005765610247,302.7106577576344,49.86436423924916
19,285.0,55.34466275509119,0.98,0.0,0.0,0.0,0.01,0.01,0.0,0.0,301.25,77.28,0.946058091286307,0.716157644346418,55.34476275509119,51.372807242009024,803.0071863940037,170.07400927314717,0.980000338341746,0.0,0.0,0.0,0.0099998817692244,0.0099997798890296,0.0,0.0,0.9341236928434234,0.0,0.0,0.0,0.0260311029950211,0.0398452041615554,0.0,0.0,1.8456205309936764,2.2955191514992244,1.0,0.0,0.0,0.0,1.0282380930125818,1.1569569578899206,0.0,0.0,2.2410524707626744,824.9746819221486,153.77005765610247,302.7106577576344,49.86436423924916
19,290.0,58.08898330287334,0.98,0.0,0.0,0.0,0.01,0.01,0.0,0.0,301.25,77.28,0.9626556016597512,0.7516690385982575,61.53422122121252,58.08888330287333,764.0768306271893,191.78843444216807,0.992796388990672,0.0,0.0,0.0,0.0042840646913531,0.0029195463179749,0.0,0.0,0.9799989479040369,0.0,0.0,0.0,0.0100004699538649,0.0100005821420981,0.0,0.0,1.2992105625171564,2.6385016703320217,1.0000000007017114,0.0,0.0,0.0,1.009318440889575,1.109284759021255,0.0,0.0,1.4167983026644004,773.2637021553837,185.44864903964933,302.7106577576344,56.27641671412855
19,290.0,58.47177640491103,0.98,0.0,0.0,0.0,0.01,0.01,0.0,0.0,301.25,77.28,0.9626556016597512,0.7566223654879791,61.53422122121252,58.08888330287333,762.2105097040939,193.16243254536192,0.9913214177679198,0.0,0.0,0.0,0.0050666109798561,0.003611971252224,0.0,0.0,0.9760084719381642,0.0,0.0,0.0,0.0117393369909602,0.0122521910708756,0.0,0.0,1.2754399279405408,2.6585035448287924,1.0000000002473537,0.0,0.0,0.0,1.0088320368139343,1.107563497797044,0.0,0.0,1.4167983026644004,773.2637021553837,185.44864903964933,302.7106577576344,56.27641671412855
19,290.0,58.85456950694872,0.98,0.0,0.0,0.0,0.01,0.01,0.0,0.0,301.25,77.28,0.9626556016597512,0.7615756923777007,61.53422122121252,58.08888330287333,760.3679334931657,194.5486533997961,0.9898614719089656,0.0,0.0,0.0,0.0058087640223171,0.0043297640687173,0.0,0.0,0.9720951500357012,0.0,0.0,0.0,0.0133596497434052,0.0145452002208934,0.0,0.0,1.2520221179918225,2.678699747139166,1.000000000069059,0.0,0.0,0.0,1.0083609659258432,1.1058649893141133,0.0,0.0,1.4167983026644004,773.2637021553837,185.44864903964933,302.7106577576344,56.27641671412855
19,290.0,59.2373626089864,0.98,0.0,0.0,0.0,0.01,0.01,0.0,0.0,301.25,77.28,0.9626556016597512,0.7665290192674222,61.53422122121252,58.08888330287333,758.5478674499219,195.9470878187856,0.9884158728281854,0.0,0.0,0.0,0.0065118854973106,0.0050722416745039,0.0,0.0,0.9682570033176692,0.0,0.0,0.0,0.0148671026605213,0.0168758940218093,0.0,0.0,1.2289453414347054,2.699098801309248,1.0000000002099718,0.0,0.0,0.0,1.0079047499480112,1.1041878639149654,0.0,0.0,1.4167983026644004,773.2637021553837,185.44864903964933,302.7106577576344,56.27641671412855
19,290.0,59.62015571102408,0.98,0.0,0.0,0.0,0.01,0.01,0.0,0.0,301.25,77.28,0.9626556016597512,0.771482346157144,61.53422122121252,58.08888330287333,756.7489861876563,197.35776057651057,0.9869838967726494,0.0,0.0,0.0,0.0071774641993955,0.005838639027955,0.0,0.0,0.9644920989205898,0.0,0.0,0.0,0.0162675047203285,0.0192403963590815,0.0,0.0,1.206200134059209,2.719713154664575,1.0000000001661358,0.0,0.0,0.0,1.007463143458038,1.1025312873698014,0.0,0.0,1.4167983026644004,773.2637021553837,185.44864903964933,302.7106577576344,56.27641671412855
19,290.0,60.00294881306177,0.98,0.0,0.0,0.0,0.01,0.01,0.0,0.0,301.25,77.28,0.9626556016597512,0.7764356730468656,61.53422122121252,58.08888330287333,754.9698556070258,198.78069822542764,0.9855647682574852,0.0,0.0,0.0,0.0078070942278202,0.0066281375146945,0.0,0.0,0.9607985006611504,0.0,0.0,0.0,0.0175667263732015,0.0216347729656479,0.0,0.0,1.1837711177698402,2.740555587251353,1.000000000105279,0.0,0.0,0.0,1.0070358808516238,1.100894663453149,0.0,0.0,1.4167983026644004,773.2637021553837,185.44864903964933,302.7106577576344,56.27641671412855
19,290.0,60.38574191509946,0.98,0.0,0.0,0.0,0.01,0.01,0.0,0.0,301.25,77.28,0.9626556016597512,0.7813889999365872,61.53422122121252,58.08888330287333,753.2089677470905,200.21593828249016,0.984157678253557,0.0,0.0,0.0,0.0084024405757926,0.0074398811706503,0.0,0.0,0.9571742979607776,0.0,0.0,0.0,0.0187706198467165,0.0240550821925059,0.0,0.0,1.1616486009319484,2.7616298019794923,1.0000000000621885,0.0,0.0,0.0,1.0066225615661808,1.0992768467689011,0.0,0.0,1.4167983026644004,773.2637021553837,185.44864903964933,302.7106577576344,56.27641671412855
19,290.0,60.76853501713714,0.98,0.0,0.0,0.0,0.01,0.01,0.0,0.0,301.25,77.28,0.9626556016597512,0.7863423268263088,61.53422122121252,58.08888330287333,751.4647737113559,201.6635354216853,0.9827618010760214,0.0,0.0,0.0,0.0089652078908465,0.008272991033132,0.0,0.0,0.953617626665514,0.0,0.0,0.0,0.0198849522452189,0.026497421089267,0.0,0.0,1.139821844813876,2.7829519039746486,1.0000000000387983,0.0,0.0,0.0,1.0062228723277808,1.09767696666227,0.0,0.0,1.4167983026644004,773.2637021553837,185.44864903964933,302.7106577576344,56.27641671412855
19,290.0,61.15132811917483,0.98,0.0,0.0,0.0,0.01,0.01,0.0,0.0,301.25,77.28,0.9626556016597512,0.7912956537160304,61.53422122121252,58.08888330287333,749.7357018915524,203.1235599076093,0.9813763042150342,0.0,0.0,0.0,0.0094971150280124,0.0091265807569532,0.0,0.0,0.9501266745103356,0.0,0.0,0.0,0.0209153530796029,0.0289579724100615,0.0,0.0,1.118278165004243,2.8045366240468184,1.000000000000384,0.0,0.0,0.0,1.0058364686521062,1.0960941568717042,0.0,0.0,1.4167983026644004,773.2637021553837,185.44864903964933,302.7106577576344,56.27641671412855
19,290.0,61.53412122121252,0.98,0.0,0.0,0.0,0.01,0.01,0.0,0.0,301.25,77.28,0.9626556016597512,0.796248980605752,61.53422122121252,58.08888330287333,748.020172571592,204.5960946467845,0.9800003563201112,0.0,0.0,0.0,0.0099998730177968,0.0099997706620919,0.0,0.0,0.9466996832715084,0.0,0.0,0.0,0.0218672717359808,0.0314330449925108,0.0,0.0,1.0970092174119064,2.826391577109351,1.0000000000005875,0.0,0.0,0.0,1.005463203605827,1.094527679430194,0.0,0.0,1.4167983026644004,773.2637021553837,185.44864903964933,302.7106577576344,56.27641671412855
20,200.0,2.738174940417644,0.96,0.0,0.01,0.0,0.0,0.03,0.0,0.0,299.83,80.37,0.6670446586398959,0.0340696147868314,19.19091233560987,2.7380749404176434,1221.812297643301,7.473754105312562,0.9996906704238262,0.0,4.082890850129629e-05,0.0,0.0,0.0002685006676725,0.0,0.0,0.9599663826880362,0.0,0.0100084352458124,0.0,0.0,0.0300251820661514,0.0,0.0,22.50602469956336,0.683494340361647,1.0000000091319436,0.0,5.243309376293586,0.0,0.0,4.15572825871587,0.0,0.0,22.53960113748808,1221.920496490378,7.249541730897533,302.7106577576344,2.6239816647333654
20,200.0,4.566245762105669,0.96,0.0,0.01,0.0,0.0,0.03,0.0,0.0,299.83,80.37,0.6670446586398959,0.0568153012580025,19.19091233560987,2.7380749404176434,1220.079816514964,11.081194312556466,0.9947884096928722,0.0,0.0007372212724599,0.0,0.0,0.0044743690346678,0.0,0.0,0.589500898297982,0.0,0.1086492693433265,0.0,0.0,0.3018498323586913,0.0,0.0,21.975325208345268,0.7004330664606883,1.0000000021587858,0.0,5.06819836709628,0.0,0.0,4.054621357693121,0.0,0.0,22.53960113748808,1221.920496490378,7.249541730897533,302.7106577576344,2.6239816647333654
20,200.0,6.394316583793694,0.96,0.0,0.01,0.0,0.0,0.03,0.0,0.0,299.83,80.37,0.6670446586398959,0.0795609877291737,19.19091233560987,2.7380749404176434,1218.3475823491397,14.721560893077443,0.9899871485349616,0.0,0.0015205079141056,0.0,0.0,0.0084923435509325,0.0,0.0,0.4298320797586688,0.0,0.1599160441560517,0.0,0.0,0.4102518760852794,0.0,0.0,21.457437448834,0.7173021439477757,1.0000000009206258,0.0,4.901671840903826,0.0,0.0,3.958036638509963,0.0,0.0,22.53960113748808,1221.920496490378,7.249541730897533,302.7106577576344,2.6239816647333654
20,200.0,8.222387405481719,0.96,0.0,0.01,0.0,0.0,0.03,0.0,0.0,299.83,80.37,0.6670446586398959,0.1023066742003448,19.19091233560987,2.7380749404176434,1216.617379331676,18.393514929348505,0.9852984641506992,0.0,0.0023996270882948,0.0,0.0,0.0123019087610059,0.0,0.0,0.341045887153147,0.0,0.1959512911474392,0.0,0.0,0.4630028216994136,0.0,0.0,20.952427673159253,0.7341215080476254,1.0,0.0,4.742371924445038,0.0,0.0,3.8658705398949618,0.0,0.0,22.53960113748808,1221.920496490378,7.249541730897533,302.7106577576344,2.6239816647333654
20,200.0,10.050458227169743,0.96,0.0,0.01,0.0,0.0,0.03,0.0,0.0,299.83,80.37,0.6670446586398959,0.125052360671516,19.19091233560987,2.7380749404176434,1214.8911714945164,22.095928208096023,0.9807334421237452,0.0,0.003382670373012,0.0,0.0,0.0158838875032429,0.0,0.0,0.2846209071144128,0.0,0.2255554323361322,0.0,0.0,0.489823660549455,0.0,0.0,20.46036691786617,0.7508278552279961,1.0,0.0,4.589940062879438,0.0,0.0,3.7779486516530234,0.0,0.0,22.53960113748808,1221.920496490378,7.249541730897533,302.7106577576344,2.6239816647333654
20,200.0,11.87852904885777,0.96,0.0,0.01,0.0,0.0,0.03,0.0,0.0,299.83,80.37,0.6670446586398959,0.1477980471426871,19.19091233560987,2.7380749404176434,1213.1709332282123,25.827855538518367,0.9763016337577468,0.0,0.0044762013095667,0.0,0.0,0.0192221649326864,0.0,0.0,0.245672015430133,0.0,0.2520496033921603,0.0,0.0,0.5022783811777067,0.0,0.0,19.98128537505213,0.767450570360478,1.0,0.0,4.444358776203124,0.0,0.0,3.6944358807095408,0.0,0.0,22.53960113748808,1221.920496490378,7.249541730897533,302.7106577576344,2.6239816647333654
20,200.0,13.706599870545794,0.96,0.0,0.01,0.0,0.0,0.03,0.0,0.0,299.83,80.37,0.6670446586398959,0.1705437336138583,19.19091233560987,2.7380749404176434,1211.458525441354,29.58862851582609,0.972010162606524,0.0,0.0056845709993394,0.0,0.0,0.0223052663941365,0.0,0.0,0.2172328348519897,0.0,0.276887224614011,0.0,0.0,0.5058799405339993,0.0,0.0,19.51515211700132,0.7839746260117764,1.0,0.0,4.305371311032067,0.0,0.0,3.6148326075196926,0.0,0.0,22.53960113748808,1221.920496490378,7.249541730897533,302.7106577576344,2.6239816647333654
20,200.0,15.53467069223382,0.96,0.0,0.01,0.0,0.0,0.03,0.0,0.0,299.83,80.37,0.6670446586398959,0.1932894200850294,19.19091233560987,2.7380749404176434,1209.7555831997051,33.377963873701674,0.9678630194221796,0.0,0.0070093860772142,0.0,0.0,0.025127594500606,0.0,0.0,0.1956077731335667,0.0,0.3007282703242078,0.0,0.0,0.5036639565422255,0.0,0.0,19.061854894759847,0.8003927532498296,1.0,0.0,4.172420983790871,0.0,0.0,3.5393523441302417,0.0,0.0,22.53960113748808,1221.920496490378,7.249541730897533,302.7106577576344,2.6239816647333654
20,200.0,17.362741513921847,0.96,0.0,0.01,0.0,0.0,0.03,0.0,0.0,299.83,80.37,0.6670446586398959,0.2160351065562006,19.19091233560987,2.7380749404176434,1208.0634298239777,37.19604316706148,0.9638606915642088,0.0,0.0084492592832439,0.0,0.0,0.0276900491525473,0.0,0.0,0.1786538214986934,0.0,0.3238467066669419,0.0,0.0,0.4974994718343647,0.0,0.0,18.621191253369197,0.8167077040833676,1.0,0.0,4.04541836396389,0.0,0.0,3.467630877164497,0.0,0.0,22.53960113748808,1221.920496490378,7.249541730897533,302.7106577576344,2.6239816647333654
20,200.0,19.19081233560987,0.96,0.0,0.01,0.0,0.0,0.03,0.0,0.0,299.83,80.37,0.6670446586398959,0.2387807930273717,19.19091233560987,2.7380749404176434,1206.383029324805,41.04354064855998,0.9600002072758208,0.0,0.0099999123092698,0.0,0.0,0.0299998804149093,0.0,0.0,0.1650425000294276,0.0,0.3463171031519961,0.0,0.0,0.4886403968185763,0.0,0.0,18.19286887617168,0.8329399890932719,1.000000001443752,0.0,3.9242318297784,0.0,0.0,3.3994154082360675,0.0,0.0,22.53960113748808,1221.920496490378,7.249541730897533,302.7106577576344,2.6239816647333654
20,205.0,3.501975128851436,0.96,0.0,0.01,0.0,0.0,0.03,0.0,0.0,299.83,80.37,0.6837207751058934,0.0435731632307009,19.972294420963525,3.501875128851436,1206.1386007281942,9.40915476165253,0.9996131945934492,0.0,5.561130629082776e-05,0.0,0.0,0.0003311941002599,0.0,0.0,0.9599739475874908,0.0,0.0100065401268203,0.0,0.0,0.0300195122856888,0.0,0.0,21.118660686765885,0.7115393504661953,1.0,0.0,4.764223172667477,0.0,0.0,3.795423870001538,0.0,0.0,21.15779579629945,1206.2779501886548,9.12387059747945,302.7106577576344,3.35468958110042
20,205.0,5.331999494641669,0.96,0.0,0.01,0.0,0.0,0.03,0.0,0.0,299.83,80.37,0.6837207751058934,0.0663431565838206,19.972294420963525,3.501875128851436,1204.4042220511124,12.971858460770846,0.994845279279674,0.0,0.0007866466229102,0.0,0.0,0.0043680740974159,0.0,0.0,0.6451557187391977,0.0,0.093247191067965,0.0,0.0,0.2615970901928373,0.0,0.0,20.63790123975055,0.7275235335378263,1.0,0.0,4.619573211940998,0.0,0.0,3.713255585591173,0.0,0.0,21.15779579629945,1206.2779501886548,9.12387059747945,302.7106577576344,3.35468958110042
20,205.0,7.162023860431901,0.96,0.0,0.01,0.0,0.0,0.03,0.0,0.0,299.83,80.37,0.6837207751058934,0.0891131499369404,19.972294420963525,3.501875128851436,1202.6647751435817,16.567128208752735,0.9901529504849984,0.0,0.0015970867379094,0.0,0.0,0.0082499627770922,0.0,0.0,0.4901412585800535,0.0,0.1409385047261344,0.0,0.0,0.368920236693812,0.0,0.0,20.167279576792424,0.743492186593403,1.0,0.0,4.48110199566594,0.0,0.0,3.6342161179772106,0.0,0.0,21.15779579629945,1206.2779501886548,9.12387059747945,302.7106577576344,3.35468958110042
20,205.0,8.992048226222133,0.96,0.0,0.01,0.0,0.0,0.03,0.0,0.0,299.83,80.37,0.6837207751058934,0.1118831432900601,19.972294420963525,3.501875128851436,1200.9211871817413,20.19403437674973,0.9855439871067796,0.0,0.0024943056289132,0.0,0.0,0.0119617072643073,0.0,0.0,0.3980315451915835,0.0,0.1751254931484206,0.0,0.0,0.4268429616599957,0.0,0.0,19.70681259110337,0.7594320037197064,1.0,0.0,4.348375763215753,0.0,0.0,3.558203584377156,0.0,0.0,21.15779579629945,1206.2779501886548,9.12387059747945,302.7106577576344,3.35468958110042
20,205.0,10.822072592012365,0.96,0.0,0.01,0.0,0.0,0.03,0.0,0.0,299.83,80.37,0.6837207751058934,0.1346531366431798,19.972294420963525,3.501875128851436,1199.1745776249572,23.85181044134036,0.9810261004660192,0.0,0.0034851905352679,0.0,0.0,0.0154887089987127,0.0,0.0,0.3370984917927496,0.0,0.2030022472699029,0.0,0.0,0.4598992609373475,0.0,0.0,19.25653722027292,0.7753340576484554,1.0,0.0,4.22070655035427,0.0,0.0,3.485478355642596,0.0,0.0,21.15779579629945,1206.2779501886548,9.12387059747945,302.7106577576344,3.35468958110042
20,205.0,12.652096957802598,0.96,0.0,0.01,0.0,0.0,0.03,0.0,0.0,299.83,80.37,0.6837207751058934,0.1574231299962996,19.972294420963525,3.501875128851436,1197.4261579989234,27.53979933683888,0.9766063342354544,0.0,0.004575733817214,0.0,0.0,0.0188179319473314,0.0,0.0,0.2938843291494404,0.0,0.2275789464422756,0.0,0.0,0.4785367244082839,0.0,0.0,18.81647665849323,0.7912051971721844,1.0,0.0,4.098254384765519,0.0,0.0,3.415620590846708,0.0,0.0,21.15779579629945,1206.2779501886548,9.12387059747945,302.7106577576344,3.35468958110042
20,205.0,14.48212132359283,0.96,0.0,0.01,0.0,0.0,0.03,0.0,0.0,299.83,80.37,0.6837207751058934,0.1801931233494193,19.972294420963525,3.501875128851436,1195.6771757149968,31.257490118847468,0.9722905662457368,0.0,0.005770589825574,0.0,0.0,0.021938843928689,0.0,0.0,0.2617059526514176,0.0,0.2502958406917635,0.0,0.0,0.4879982066568188,0.0,0.0,18.386630812045286,0.8070361549302952,1.0,0.0,3.980690934413217,0.0,0.0,3.348735172247507,0.0,0.0,21.15779579629945,1206.2779501886548,9.12387059747945,302.7106577576344,3.35468958110042
20,205.0,16.312145689383065,0.96,0.0,0.01,0.0,0.0,0.03,0.0,0.0,299.83,80.37,0.6837207751058934,0.202963116702539,19.972294420963525,3.501875128851436,1193.928863427381,35.00458000486831,0.9680830727398274,0.0,0.0070726725256507,0.0,0.0,0.0248442547345218,0.0,0.0,0.2368684283394123,0.0,0.2718859170796722,0.0,0.0,0.4912456545809154,0.0,0.0,17.966964703196016,0.8228232074458084,1.0,0.0,3.867646463084681,0.0,0.0,3.284807615604062,0.0,0.0,21.15779579629945,1206.2779501886548,9.12387059747945,302.7106577576344,3.35468958110042
20,205.0,18.142170055173292,0.96,0.0,0.01,0.0,0.0,0.03,0.0,0.0,299.83,80.37,0.6837207751058934,0.2257331100556587,19.972294420963525,3.501875128851436,1192.1823889119944,38.781034545311215,0.9639862010244372,0.0,0.0084828677010044,0.0,0.0,0.0275309312745584,0.0,0.0,0.2171626590664393,0.0,0.2927209455622986,0.0,0.0,0.4901163953712621,0.0,0.0,17.557400557443238,0.8385677002558538,1.0000000007356724,0.0,3.7594197857781912,0.0,0.0,3.223560150492786,0.0,0.0,21.15779579629945,1206.2779501886548,9.12387059747945,302.7106577576344,3.35468958110042
20,205.0,19.972194420963525,0.96,0.0,0.01,0.0,0.0,0.03,0.0,0.0,299.83,80.37,0.6837207751058934,0.2485031034087784,19.972294420963525,3.501875128851436,1190.4388145699218,42.587130021688345,0.9600002146793416,0.0,0.0099999142845523,0.0,0.0,0.0299998710361059,0.0,0.0,0.2011865816345884,0.0,0.3129729424188255,0.0,0.0,0.485840475946586,0.0,0.0,17.157812620260145,0.8542720267996984,1.000000000904559,0.0,3.655354415716559,0.0,0.0,3.1649820850917325,0.0,0.0,21.15779579629945,1206.2779501886548,9.12387059747945,302.7106577576344,3.35468958110042
20,210.0,4.421012733187031,0.96,0.0,0.01,0.0,0.0,0.03,0.0,0.0,299.83,80.37,0.7003968915718908,0.0550082460269631,20.917679486775477,4.420912733187032,1190.1156931822345,11.714260189295736,0.9995194820253116,0.0,7.443365675459022e-05,0.0,0.0,0.0004060843179338,0.0,0.0,0.9599795711795218,0.0,0.0100051308266854,0.0,0.0,0.0300152979937927,0.0,0.0,19.748616375368997,0.7416572541598846,1.0,0.0,4.3412765926355,0.0,0.0,3.475488381849001,0.0,0.0,19.793904820789816,1190.2941504876192,11.354703713715036,302.7106577576344,4.233266563955471
20,210.0,6.253964594696859,0.96,0.0,0.01,0.0,0.0,0.03,0.0,0.0,299.83,80.37,0.7003968915718908,0.0778146646098899,20.917679486775477,4.420912733187032,1188.3684732338088,15.242710506920956,0.9948574725146588,0.0,0.0008386460086326,0.0,0.0,0.0043038814767086,0.0,0.0,0.6938515584950656,0.0,0.0799499966858486,0.0,0.0,0.2261984448190857,0.0,0.0,19.31100705483132,0.7568836949470715,1.0,0.0,4.221003085916965,0.0,0.0,3.4078705770123268,0.0,0.0,19.793904820789816,1190.2941504876192,11.354703713715036,302.7106577576344,4.233266563955471
20,210.0,8.086916456206685,0.96,0.0,0.01,0.0,0.0,0.03,0.0,0.0,299.83,80.37,0.7003968915718908,0.1006210831928167,20.917679486775477,4.420912733187032,1186.6123513715645,18.8034929255081,0.990251822136074,0.0,0.0016752486423617,0.0,0.0,0.0080729292215644,0.0,0.0,0.547289161077247,0.0,0.1235705182048289,0.0,0.0,0.3291403207179241,0.0,0.0,18.881585980465104,0.7721286909541782,1.0,0.0,4.105191473324979,0.0,0.0,3.342554291665808,0.0,0.0,19.793904820789816,1190.2941504876192,11.354703713715036,302.7106577576344,4.233266563955471
20,210.0,9.919868317716514,0.96,0.0,0.01,0.0,0.0,0.03,0.0,0.0,299.83,80.37,0.7003968915718908,0.1234275017757436,20.917679486775477,4.420912733187032,1184.847717094605,22.396007232157785,0.9857077300149334,0.0,0.0025902930925455,0.0,0.0,0.011701976892521,0.0,0.0,0.4546324932953367,0.0,0.1556614451395495,0.0,0.0,0.3897060615651137,0.0,0.0,18.46034098616703,0.7873824470062033,1.0,0.0,3.993888394936354,0.0,0.0,3.2796157691311043,0.0,0.0,19.793904820789816,1190.2941504876192,11.354703713715036,302.7106577576344,4.233266563955471
20,210.0,11.75282017922634,0.96,0.0,0.01,0.0,0.0,0.03,0.0,0.0,299.83,80.37,0.7003968915718908,0.1462339203586704,20.917679486775477,4.420912733187032,1183.075133855819,26.019780449339223,0.9812304992605368,0.0,0.0035895538250399,0.0,0.0,0.0151799469144233,0.0,0.0,0.3908603685853778,0.0,0.1818489484607531,0.0,0.0,0.427290682953869,0.0,0.0,18.047285010326167,0.8026582991896973,1.0,0.0,3.8864583625448064,0.0,0.0,3.218805407201055,0.0,0.0,19.793904820789816,1190.2941504876192,11.354703713715036,302.7106577576344,4.233266563955471
20,210.0,13.585772040736169,0.96,0.0,0.01,0.0,0.0,0.03,0.0,0.0,299.83,80.37,0.7003968915718908,0.1690403389415972,20.917679486775477,4.420912733187032,1181.2952725958194,29.67441428494352,0.9768251774088608,0.0,0.0046782882054271,0.0,0.0,0.018496534385712,0.0,0.0,0.3443653515818617,0.0,0.2047218795986723,0.0,0.0,0.4509127688194658,0.0,0.0,17.64242807159581,0.8179328617898974,1.0,0.0,3.782966912040541,0.0,0.0,3.160194135139326,0.0,0.0,19.793904820789816,1190.2941504876192,11.354703713715036,302.7106577576344,4.233266563955471
20,210.0,15.418723902245992,0.96,0.0,0.01,0.0,0.0,0.03,0.0,0.0,299.83,80.37,0.7003968915718908,0.191846757524524,20.917679486775477,4.420912733187032,1179.5088850056106,33.35959169954354,0.9724962779878916,0.0,0.0058609610181115,0.0,0.0,0.0216427609939966,0.0,0.0,0.3090278128935707,0.0,0.2256161427562187,0.0,0.0,0.4653560443502106,0.0,0.0,17.24577336203222,0.8332162644832494,1.0,0.0,3.683216692535613,0.0,0.0,3.103843279284691,0.0,0.0,19.793904820789816,1190.2941504876192,11.354703713715036,302.7106577576344,4.233266563955471
20,210.0,17.25167576375582,0.96,0.0,0.01,0.0,0.0,0.03,0.0,0.0,299.83,80.37,0.7003968915718908,0.2146531761074507,20.917679486775477,4.420912733187032,1177.7167839833696,37.07510700708357,0.9682475292752764,0.0,0.0071409704177726,0.0,0.0,0.024611500306951,0.0,0.0,0.2813156519209527,0.0,0.2452678679140116,0.0,0.0,0.4734164801650355,0.0,0.0,16.857311234466138,0.8485041761679633,1.0,0.0,3.5870148846939074,0.0,0.0,3.049523241416611,0.0,0.0,19.793904820789816,1190.2941504876192,11.354703713715036,302.7106577576344,4.233266563955471
20,210.0,19.084627625265647,0.96,0.0,0.01,0.0,0.0,0.03,0.0,0.0,299.83,80.37,0.7003968915718908,0.2374595946903775,20.917679486775477,4.420912733187032,1175.9198217170606,40.82090268334503,0.964081655088304,0.0,0.008520412620883,0.0,0.0,0.0273979322908128,0.0,0.0,0.2590474083880297,0.0,0.2640931522803723,0.0,0.0,0.4768594393315978,0.0,0.0,16.477013433053955,0.8638116369211645,1.0,0.0,3.494402429917871,0.0,0.0,2.9971998139707443,0.0,0.0,19.793904820789816,1190.2941504876192,11.354703713715036,302.7106577576344,4.233266563955471
20,210.0,20.917579486775477,0.96,0.0,0.01,0.0,0.0,0.03,0.0,0.0,299.83,80.37,0.7003968915718908,0.2602660132733043,20.917679486775477,4.420912733187032,1174.1188692488254,44.59710330783904,0.960000220225917,0.0,0.0099999166116605,0.0,0.0,0.0299998631624225,0.0,0.0,0.2408029208938382,0.0,0.2823233078638869,0.0,0.0,0.4768737712422748,0.0,0.0,16.104829982657577,0.8791174995451883,1.0000000006602106,0.0,3.4050161187548884,0.0,0.0,2.9469720343792125,0.0,0.0,19.793904820789816,1190.2941504876192,11.354703713715036,302.7106577576344,4.233266563955471
20,215.0,5.515142176728351,0.96,0.0,0.01,0.0,0.0,0.03,0.0,0.0,299.83,80.37,0.7170730080378882,0.0686219009173615,22.034404443070294,5.515042176728351,1173.6811385376054,14.43881300648516,0.9994066561095007,0.0,9.806489323321664e-05,0.0,0.0,0.000495278997266,0.0,0.0,0.9599838102578836,0.0,0.0100040680887864,0.0,0.0,0.0300121216533298,0.0,0.0,18.39614595201028,0.7740636316874543,1.0,0.0,3.966525588769074,0.0,0.0,3.190078098216405,0.0,0.0,18.448205290897207,1173.908539729092,13.989350648063478,302.7106577576344,5.278346606766283
20,215.0,7.350604650766344,0.96,0.0,0.01,0.0,0.0,0.03,0.0,0.0,299.83,80.37,0.7170730080378882,0.0914595576803078,22.034404443070294,5.515042176728351,1171.9119558221316,17.94107189094207,0.9948297961363122,0.0,0.0008933205033542,0.0,0.0,0.0042768833603337,0.0,0.0,0.7358496995351672,0.0,0.0686068588349258,0.0,0.0,0.195543441629907,0.0,0.0,17.99644817106978,0.7887201741655729,1.0,0.0,3.865603617134437,0.0,0.0,3.134131318809514,0.0,0.0,18.448205290897207,1173.908539729092,13.989350648063478,302.7106577576344,5.278346606766283
20,215.0,9.18606712480434,0.96,0.0,0.01,0.0,0.0,0.03,0.0,0.0,299.83,80.37,0.7170730080378882,0.1142972144432541,22.034404443070294,5.515042176728351,1170.131085477094,21.475534257888704,0.990294602066181,0.0,0.0017543586544966,0.0,0.0,0.0079510392793223,0.0,0.0,0.6002641986231363,0.0,0.1079135619874072,0.0,0.0,0.2918222393894563,0.0,0.0,17.60348567657728,0.8034149363253434,1.0,0.0,3.7684273898546743,0.0,0.0,3.079818299349861,0.0,0.0,18.448205290897207,1173.908539729092,13.989350648063478,302.7106577576344,5.278346606766283
20,215.0,11.021529598842331,0.96,0.0,0.01,0.0,0.0,0.03,0.0,0.0,299.83,80.37,0.7170730080378882,0.1371348712062004,22.034404443070294,5.515042176728351,1168.338586172399,25.04186939399072,0.9858045206904296,0.0,0.002686120554225,0.0,0.0,0.0115093587553455,0.0,0.0,0.5095336490800617,0.0,0.1376774959136729,0.0,0.0,0.3527888550062653,0.0,0.0,17.21723095149547,0.8181571281310214,1.0,0.0,3.674473224451082,0.0,0.0,3.0271138982880506,0.0,0.0,18.448205290897207,1173.908539729092,13.989350648063478,302.7106577576344,5.278346606766283
20,215.0,12.856992072880326,0.96,0.0,0.01,0.0,0.0,0.03,0.0,0.0,299.83,80.37,0.7170730080378882,0.1599725279691467,22.034404443070294,5.515042176728351,1166.5346629809203,28.63984426629585,0.9813631566887834,0.0,0.0036933924952205,0.0,0.0,0.014943450815996,0.0,0.0,0.4446516201748668,0.0,0.1621357544265706,0.0,0.0,0.3932126253985624,0.0,0.0,16.83768237272291,0.8329361227182623,1.0000000000533669,0.0,3.583727474833073,0.0,0.0,2.9761213256193257,0.0,0.0,18.448205290897207,1173.908539729092,13.989350648063478,302.7106577576344,5.278346606766283
20,215.0,14.69245454691832,0.96,0.0,0.01,0.0,0.0,0.03,0.0,0.0,299.83,80.37,0.7170730080378882,0.182810184732093,22.034404443070294,5.515042176728351,1164.7196197079702,32.26928303161817,0.9769740495096834,0.0,0.004780666882549,0.0,0.0,0.0182452836077675,0.0,0.0,0.3960236131740637,0.0,0.1834165221764936,0.0,0.0,0.4205598646494426,0.0,0.0,16.464838113066953,0.8477633709555761,1.0,0.0,3.4959083504533552,0.0,0.0,2.926799287327854,0.0,0.0,18.448205290897207,1173.908539729092,13.989350648063478,302.7106577576344,5.278346606766283
20,215.0,16.527917020956313,0.96,0.0,0.01,0.0,0.0,0.03,0.0,0.0,299.83,80.37,0.7170730080378882,0.2056478414950393,22.034404443070294,5.515042176728351,1162.893843735747,35.93006060981852,0.972640513761629,0.0,0.0059519758968069,0.0,0.0,0.0214075103415641,0.0,0.0,0.3582835129775121,0.0,0.2026949243273315,0.0,0.0,0.4390215626951564,0.0,0.0,16.09869748126681,0.8626401311153196,1.0000000000127556,0.0,3.411047667777708,0.0,0.0,2.879025296675098,0.0,0.0,18.448205290897207,1173.908539729092,13.989350648063478,302.7106577576344,5.278346606766283
20,215.0,18.363379494994305,0.96,0.0,0.01,0.0,0.0,0.03,0.0,0.0,299.83,80.37,0.7170730080378882,0.2284854982579856,22.034404443070294,5.515042176728351,1161.057799582424,39.62211403892165,0.9683654981697288,0.0,0.0072107158566884,0.0,0.0,0.0244237859735827,0.0,0.0,0.3281955878736109,0.0,0.2206607392247573,0.0,0.0,0.4511436729016316,0.0,0.0,15.739255742890515,0.8775457891291183,1.0000000000481064,0.0,3.328938185292458,0.0,0.0,2.832780386539839,0.0,0.0,18.448205290897207,1173.908539729092,13.989350648063478,302.7106577576344,5.278346606766283
20,215.0,20.1988419690323,0.96,0.0,0.01,0.0,0.0,0.03,0.0,0.0,299.83,80.37,0.7170730080378882,0.2513231550209319,22.034404443070294,5.515042176728351,1159.212021466319,43.34546158145316,0.9641514533216496,0.0,0.0085594806783629,0.0,0.0,0.0272890659999874,0.0,0.0,0.3036927643632076,0.0,0.2377330805900343,0.0,0.0,0.458574155046758,0.0,0.0,15.386502570161973,0.8925214982705043,1.0,0.0,3.2495713612834227,0.0,0.0,2.788113940222901,0.0,0.0,18.448205290897207,1173.908539729092,13.989350648063478,302.7106577576344,5.278346606766283
20,215.0,22.03430444307029,0.96,0.0,0.01,0.0,0.0,0.03,0.0,0.0,299.83,80.37,0.7170730080378882,0.2741608117838782,22.034404443070294,5.515042176728351,1157.3571072931124,47.10022414539532,0.9600002243005736,0.0,0.0099999190560572,0.0,0.0,0.0299998566433689,0.0,0.0,0.2833926961373005,0.0,0.2541690717144053,0.0,0.0,0.4624382321482941,0.0,0.0,15.040417152458303,0.9075415865199566,1.0,0.0,3.172809107429916,0.0,0.0,2.744974771828974,0.0,0.0,18.448205290897207,1173.908539729092,13.989350648063478,302.7106577576344,5.278346606766283
20,220.0,6.805227695139956,0.96,0.0,0.01,0.0,0.0,0.03,0.0,0.0,299.83,80.37,0.7337491245038855,0.0846737301871339,23.33302136713691,6.805127695139956,1156.765573123968,17.63847586468355,0.999271351819434,0.0,0.000127372276884,0.0,0.0,0.000601275903682,0.0,0.0,0.9599870470250154,0.0,0.0100032563152019,0.0,0.0,0.0300096966597826,0.0,0.0,17.061670706074402,0.8091153163868704,1.0,0.0,3.6327140523340105,0.0,0.0,2.934969870524925,0.0,0.0,17.121140165384258,1157.0541060432145,17.08052563899556,302.7106577576344,6.509407158415541
20,220.0,8.641638103139618,0.96,0.0,0.01,0.0,0.0,0.03,0.0,0.0,299.83,80.37,0.7337491245038855,0.1075231815744633,23.33302136713691,6.805127695139956,1154.966550944935,21.12090422941012,0.9947648155776048,0.0,0.0009509690679424,0.0,0.0,0.0042842153544528,0.0,0.0,0.7717085755527356,0.0,0.0590109006981785,0.0,0.0,0.1692805237490857,0.0,0.0,16.695785166083677,0.8233447191378042,1.0,0.0,3.5477546347911795,0.0,0.0,2.888147296895713,0.0,0.0,17.121140165384258,1157.0541060432145,17.08052563899556,302.7106577576344,6.509407158415541
20,220.0,10.47804851113928,0.96,0.0,0.01,0.0,0.0,0.03,0.0,0.0,299.83,80.37,0.7337491245038855,0.1303726329617927,23.33302136713691,6.805127695139956,1153.1537888786395,24.635502354665267,0.9902886351967664,0.0,0.0018341360048313,0.0,0.0,0.0078772287984023,0.0,0.0,0.6484960558425132,0.0,0.0939819564474868,0.0,0.0,0.2575219877099999,0.0,0.0,16.335528896570846,0.8376272687987403,1.0,0.0,3.465727314171762,0.0,0.0,2.842593108947735,0.0,0.0,17.121140165384258,1157.0541060432145,17.08052563899556,302.7106577576344,6.509407158415541
20,220.0,12.314458919138945,0.96,0.0,0.01,0.0,0.0,0.03,0.0,0.0,299.83,80.37,0.7337491245038855,0.1532220843491221,23.33302136713691,6.805127695139956,1151.3271471226433,28.182162257714843,0.9858450698438812,0.0,0.0027808909913122,0.0,0.0,0.0113740391648065,0.0,0.0,0.561701869850669,0.0,0.1212536215561928,0.0,0.0,0.3170445085931381,0.0,0.0,15.980867512410642,0.851995049103411,1.0,0.0,3.3861693702303874,0.0,0.0,2.798400515615263,0.0,0.0,17.121140165384258,1157.0541060432145,17.08052563899556,302.7106577576344,6.509407158415541
20,220.0,14.150869327138604,0.96,0.0,0.01,0.0,0.0,0.03,0.0,0.0,299.83,80.37,0.7337491245038855,0.1760715357364514,23.33302136713691,6.805127695139956,1149.486604129279,31.760849382886143,0.9814365374932774,0.0,0.0037951680158825,0.0,0.0,0.0147682944908399,0.0,0.0,0.4973441466977293,0.0,0.1439163023463719,0.0,0.0,0.3587395509558987,0.0,0.0,15.631791931788538,0.8664289832192659,1.0,0.0,3.309219547123953,0.0,0.0,2.755411331036797,0.0,0.0,17.121140165384258,1157.0541060432145,17.08052563899556,302.7106577576344,6.509407158415541
20,220.0,15.987279735138266,0.96,0.0,0.01,0.0,0.0,0.03,0.0,0.0,299.83,80.37,0.7337491245038855,0.1989209871237808,23.33302136713691,6.805127695139956,1147.632221369358,35.37157617066316,0.9770654732350892,0.0,0.0048807376536606,0.0,0.0,0.01805378911125,0.0,0.0,0.4477885659150124,0.0,0.163652036000045,0.0,0.0,0.3885593980849424,0.0,0.0,15.288292586573894,0.8809476889324842,1.0,0.0,3.2344547802274746,0.0,0.0,2.713616377247561,0.0,0.0,17.121140165384258,1157.0541060432145,17.08052563899556,302.7106577576344,6.509407158415541
20,220.0,17.823690143137927,0.96,0.0,0.01,0.0,0.0,0.03,0.0,0.0,299.83,80.37,0.7337491245038855,0.2217704385111102,23.33302136713691,6.805127695139956,1145.7641325387256,39.01439219966392,0.9727342341431412,0.0,0.0060411087742655,0.0,0.0,0.0212246570825932,0.0,0.0,0.4085140020771093,0.0,0.1814491074807411,0.0,0.0,0.4100368904421494,0.0,0.0,14.950364051716372,0.8955317565805594,1.0,0.0,3.162103351565285,0.0,0.0,2.6730027938276453,0.0,0.0,17.121140165384258,1157.0541060432145,17.08052563899556,302.7106577576344,6.509407158415541
20,220.0,19.66010055113759,0.96,0.0,0.01,0.0,0.0,0.03,0.0,0.0,299.83,80.37,0.7337491245038855,0.2446198898984395,23.33302136713691,6.805127695139956,1143.8825411210505,42.68938612253703,0.9684450191135524,0.0,0.0072794204686462,0.0,0.0,0.0242755604178013,0.0,0.0,0.3766726644117321,0.0,0.1979200494329014,0.0,0.0,0.4254072861553664,0.0,0.0,14.61800095243436,0.910208274326255,1.0,0.0,3.091846140673456,0.0,0.0,2.63361576920344,0.0,0.0,17.121140165384258,1157.0541060432145,17.08052563899556,302.7106577576344,6.509407158415541
20,220.0,21.49651095913725,0.96,0.0,0.01,0.0,0.0,0.03,0.0,0.0,299.83,80.37,0.7337491245038855,0.2674693412857689,23.33302136713691,6.805127695139956,1141.987720002227,46.39669389468203,0.9641997947250792,0.0,0.0085983323440372,0.0,0.0,0.0272018729308834,0.0,0.0,0.3503815989317819,0.0,0.213458133359338,0.0,0.0,0.43616026770888,0.0,0.0,14.291196772797353,0.9249603103231828,1.0,0.0,3.023744654119824,0.0,0.0,2.595405180660503,0.0,0.0,17.121140165384258,1157.0541060432145,17.08052563899556,302.7106577576344,6.509407158415541
20,220.0,23.332921367136912,0.96,0.0,0.01,0.0,0.0,0.03,0.0,0.0,299.83,80.37,0.7337491245038855,0.2903187926730983,23.33302136713691,6.805127695139956,1140.0800107187308,50.136510139262015,0.9600002272805566,0.0,0.0099999214442374,0.0,0.0,0.029999851275206,0.0,0.0,0.3283460171238291,0.0,0.2283207443858025,0.0,0.0,0.4433332384903682,0.0,0.0,13.969942046200446,0.939809718802347,1.0,0.0,2.9577124421346968,0.0,0.0,2.558308100172208,0.0,0.0,17.121140165384258,1157.0541060432145,17.08052563899556,302.7106577576344,6.509407158415541
20,225.0,8.313135354280435,0.96,0.0,0.01,0.0,0.0,0.03,0.0,0.0,299.83,80.37,0.750425240969883,0.1034358013472742,24.82664677541144,8.313035354280435,1139.2907303719535,21.37625041356852,0.9991096018673784,0.0,0.0001633406042482,0.0,0.0,0.0007270575283732,0.0,0.0,0.9599895480386748,0.0,0.0100026288271591,0.0,0.0,0.030007823134166,0.0,0.0,15.74578811326434,0.8471956325696639,1.0,0.0,3.334238944631699,0.0,0.0,2.705924004223581,0.0,0.0,15.813326197117547,1139.6555629264626,20.687604017864448,302.7106577576344,7.946729358776584
20,225.0,10.147958845517213,0.96,0.0,0.01,0.0,0.0,0.03,0.0,0.0,299.83,80.37,0.750425240969883,0.1262655075963321,24.82664677541144,8.313035354280435,1137.454774278115,24.84405513981848,0.9946632358099609,0.0,0.0010121046065882,0.0,0.0,0.0043246595834509,0.0,0.0,0.8021226182865392,0.0,0.0509363222639059,0.0,0.0,0.1469410594495547,0.0,0.0,15.410465897492935,0.8611364832582382,1.0,0.0,3.262502642684342,0.0,0.0,2.6666589140917445,0.0,0.0,15.813326197117547,1139.6555629264626,20.687604017864448,302.7106577576344,7.946729358776584
20,225.0,11.982782336753992,0.96,0.0,0.01,0.0,0.0,0.03,0.0,0.0,299.83,80.37,0.750425240969883,0.1490952138453899,24.82664677541144,8.313035354280435,1135.6035203108574,28.34409037831228,0.990238467284614,0.0,0.0019146428980807,0.0,0.0,0.0078468898173052,0.0,0.0,0.6917816925445653,0.0,0.0817179470982315,0.0,0.0,0.226500360357203,0.0,0.0,15.079913284190251,0.8751643407820198,1.0,0.0,3.192882784906933,0.0,0.0,2.6283407451382894,0.0,0.0,15.813326197117547,1139.6555629264626,20.687604017864448,302.7106577576344,7.946729358776584
20,225.0,13.81760582799077,0.96,0.0,0.01,0.0,0.0,0.03,0.0,0.0,299.83,80.37,0.750425240969883,0.1719249200944478,24.82664677541144,8.313035354280435,1133.7367125612814,31.876433654495667,0.985836753120763,0.0,0.0028742146675991,0.0,0.0,0.0112890322116377,0.0,0.0,0.6104108965377787,0.0,0.1064167940984951,0.0,0.0,0.283172309363726,0.0,0.0,14.754094406541665,0.8892906351114626,1.0,0.0,3.125482008848288,0.0,0.0,2.5909636020549422,0.0,0.0,15.813326197117547,1139.6555629264626,20.687604017864448,302.7106577576344,7.946729358776584
20,225.0,15.652429319227547,0.96,0.0,0.01,0.0,0.0,0.03,0.0,0.0,299.83,80.37,0.750425240969883,0.1947546263435056,24.82664677541144,8.313035354280435,1131.8541878576784,35.44121700781594,0.9814596883271188,0.0,0.0038940363331355,0.0,0.0,0.0146462753397455,0.0,0.0,0.548002390268292,0.0,0.1272264199512048,0.0,0.0,0.3247711897805032,0.0,0.0,14.432997479626628,0.9035229856882304,1.0,0.0,3.059908681208491,0.0,0.0,2.554519517245193,0.0,0.0,15.813326197117547,1139.6555629264626,20.687604017864448,302.7106577576344,7.946729358776584
20,225.0,17.487252810464327,0.96,0.0,0.01,0.0,0.0,0.03,0.0,0.0,299.83,80.37,0.750425240969883,0.2175843325925634,24.82664677541144,8.313035354280435,1129.9558498694976,39.03861252491637,0.9771089153060096,0.0,0.0049772363603226,0.0,0.0,0.0179138483336677,0.0,0.0,0.4986839102117545,0.0,0.1454312439300364,0.0,0.0,0.3558848458582091,0.0,0.0,14.116608837618845,0.91783943575593,1.0000000000023703,0.0,2.996180766208951,0.0,0.0,2.519010986262332,0.0,0.0,15.813326197117547,1139.6555629264626,20.687604017864448,302.7106577576344,7.946729358776584
20,225.0,19.322076301701102,0.96,0.0,0.01,0.0,0.0,0.03,0.0,0.0,299.83,80.37,0.750425240969883,0.2404140388416212,24.82664677541144,8.313035354280435,1128.041660250842,42.66882353411347,0.9727860647432502,0.0,0.0061267980686463,0.0,0.0,0.0210871371881035,0.0,0.0,0.4587831241952738,0.0,0.1618304662440225,0.0,0.0,0.3793864095607037,0.0,0.0,13.804919606319904,0.93229423629871,1.0,0.0,2.9343010590953846,0.0,0.0,2.4844708295387585,0.0,0.0,15.813326197117547,1139.6555629264626,20.687604017864448,302.7106577576344,7.946729358776584
20,225.0,21.156899792937885,0.96,0.0,0.01,0.0,0.0,0.03,0.0,0.0,299.83,80.37,0.750425240969883,0.2632437450906791,24.82664677541144,8.313035354280435,1126.1116371087364,46.33208286843354,0.9684927090061056,0.0,0.0073454947093619,0.0,0.0,0.0241617962845323,0.0,0.0,0.4258858997094767,0.0,0.1769442228629598,0.0,0.0,0.3971698774275635,0.0,0.0,13.497922980294405,0.946830673962535,1.0,0.0,2.8740631725406907,0.0,0.0,2.450816932634448,0.0,0.0,15.813326197117547,1139.6555629264626,20.687604017864448,302.7106577576344,7.946729358776584
20,225.0,22.99172328417466,0.96,0.0,0.01,0.0,0.0,0.03,0.0,0.0,299.83,80.37,0.750425240969883,0.2860734513397369,24.82664677541144,8.313035354280435,1124.16585598172,50.02865534252519,0.9642303199747204,0.0,0.0086358208221283,0.0,0.0,0.0271338592031512,0.0,0.0,0.3983400903340105,0.0,0.1911221747740888,0.0,0.0,0.4105377348919007,0.0,0.0,13.195612432213712,0.9615134218004776,1.0,0.0,2.815568536257108,0.0,0.0,2.418036098510177,0.0,0.0,15.813326197117547,1139.6555629264626,20.687604017864448,302.7106577576344,7.946729358776584
20,225.0,24.82654677541144,0.96,0.0,0.01,0.0,0.0,0.03,0.0,0.0,299.83,80.37,0.750425240969883,0.3089031575887948,24.82664677541144,8.313035354280435,1122.2044513792853,53.75884285832223,0.9600002295059108,0.0,0.0099999236561998,0.0,0.0,0.0299998468378892,0.0,0.0,0.3749769502224506,0.0,0.2046044989935839,0.0,0.0,0.4204185507839655,0.0,0.0,12.897981647379863,0.9763072681848264,1.0,0.0,2.758685321143145,0.0,0.0,2.3861140367741918,0.0,0.0,15.813326197117547,1139.6555629264626,20.687604017864448,302.7106577576344,7.946729358776584
20,230.0,10.061751733990246,0.96,0.0,0.01,0.0,0.0,0.03,0.0,0.0,299.83,80.37,0.7671013574358804,0.1251928796066971,26.53045149844274,10.061651733990246,1121.1668829905127,25.72438612271616,0.9989166817997358,0.0,0.0002071014847933,0.0,0.0,0.0008762167154708,0.0,0.0,0.9599915019850728,0.0,0.0100021384196677,0.0,0.0,0.0300063595952595,0.0,0.0,14.44928541966878,0.8888405861724614,1.0,0.0,3.066391586731902,0.0,0.0,2.4999235120973458,0.0,0.0,14.52556748614066,1121.6270137216943,24.87830228106012,302.7106577576344,9.61137473881863
20,230.0,11.891596152262744,0.96,0.0,0.01,0.0,0.0,0.03,0.0,0.0,299.83,80.37,0.7671013574358804,0.1479606339711676,26.53045149844274,10.061651733990246,1119.2872892733735,29.182045962535824,0.9945241019646472,0.0,0.0010774772304252,0.0,0.0,0.0043984208049275,0.0,0.0,0.8278154188058613,0.0,0.0441622190983891,0.0,0.0,0.1280223620957495,0.0,0.0,14.14192383304368,0.9026126992627468,1.0,0.0,3.0055301672860484,0.0,0.0,2.4667338554069143,0.0,0.0,14.52556748614066,1121.6270137216943,24.87830228106012,302.7106577576344,9.61137473881863
20,230.0,13.721440570535243,0.96,0.0,0.01,0.0,0.0,0.03,0.0,0.0,299.83,80.37,0.7671013574358804,0.1707283883356382,26.53045149844274,10.061651733990246,1117.391144525752,32.67210072154565,0.9901462936598568,0.0,0.0019962839087059,0.0,0.0,0.0078574224314373,0.0,0.0,0.7301930999797247,0.0,0.0710127800231686,0.0,0.0,0.1987941199971066,0.0,0.0,13.838649776560866,0.916530728284615,1.0,0.0,2.9465210770606065,0.0,0.0,2.4342889808563988,0.0,0.0,14.52556748614066,1121.6270137216943,24.87830228106012,302.7106577576344,9.61137473881863
20,230.0,15.551284988807744,0.96,0.0,0.01,0.0,0.0,0.03,0.0,0.0,299.83,80.37,0.7671013574358804,0.1934961427001088,26.53045149844274,10.061651733990246,1115.478125363711,36.19478402019003,0.985784172844882,0.0,0.0029661655770659,0.0,0.0,0.011249661578052,0.0,0.0,0.655225774196694,0.0,0.0931413694585081,0.0,0.0,0.2516328563447979,0.0,0.0,13.539428713074326,0.9305550895826962,1.0,0.0,2.889058444368,0.0,0.0,2.402611975530111,0.0,0.0,14.52556748614066,1121.6270137216943,24.87830228106012,302.7106577576344,9.61137473881863
20,230.0,17.381129407080245,0.96,0.0,0.01,0.0,0.0,0.03,0.0,0.0,299.83,80.37,0.7671013574358804,0.2162638970645793,26.53045149844274,10.061651733990246,1113.5479791934172,39.750370289534864,0.9814387666098752,0.0,0.0039897473381671,0.0,0.0,0.0145714860519577,0.0,0.0,0.5959160839133462,0.0,0.1120691332486627,0.0,0.0,0.2920147828379911,0.0,0.0,13.244249759848811,0.9447095531076564,1.0,0.0,2.8331064716858503,0.0,0.0,2.371679843840524,0.0,0.0,14.52556748614066,1121.6270137216943,24.87830228106012,302.7106577576344,9.61137473881863
20,230.0,19.210973825352745,0.96,0.0,0.01,0.0,0.0,0.03,0.0,0.0,299.83,80.37,0.7671013574358804,0.2390316514290499,26.53045149844274,10.061651733990246,1111.6005056978245,43.33916901037479,0.9771111552909404,0.0,0.005069609609215,0.0,0.0,0.0178192350998446,0.0,0.0,0.5478809881005233,0.0,0.1287475410970522,0.0,0.0,0.3233714708024244,0.0,0.0,12.953097291938988,0.9589898251067324,1.0,0.0,2.778701191494644,0.0,0.0,2.3414566853953174,0.0,0.0,14.52556748614066,1121.6270137216943,24.87830228106012,302.7106577576344,9.61137473881863
20,230.0,21.04081824362524,0.96,0.0,0.01,0.0,0.0,0.03,0.0,0.0,299.83,80.37,0.7671013574358804,0.2617994057935204,26.53045149844274,10.061651733990246,1109.6355493132892,46.96151840157143,0.9728024344445946,0.0,0.0062082551627697,0.0,0.0,0.0209893103926357,0.0,0.0,0.5082355557704863,0.0,0.1438007631645966,0.0,0.0,0.3479636810649171,0.0,0.0,12.665961004515903,0.9734134327930364,1.0,0.0,2.72565282744344,0.0,0.0,2.3119328797031256,0.0,0.0,14.52556748614066,1121.6270137216943,24.87830228106012,302.7106577576344,9.61137473881863
20,230.0,22.870662661897743,0.96,0.0,0.01,0.0,0.0,0.03,0.0,0.0,299.83,80.37,0.7671013574358804,0.284567160157991,26.53045149844274,10.061651733990246,1107.652997626556,50.61778307859076,0.968513686708911,0.0,0.007408070691788,0.0,0.0,0.0240782425993008,0.0,0.0,0.4750035239132064,0.0,0.1576536104427123,0.0,0.0,0.3673428656440811,0.0,0.0,12.382833167709164,0.9879868126667056,1.0,0.0,2.6739445790385736,0.0,0.0,2.283098106693568,0.0,0.0,14.52556748614066,1121.6270137216943,24.87830228106012,302.7106577576344,9.61137473881863
20,230.0,24.70050708017024,0.96,0.0,0.01,0.0,0.0,0.03,0.0,0.0,299.83,80.37,0.7671013574358804,0.3073349145224616,26.53045149844274,10.061651733990246,1105.6527821374004,54.30835409313084,0.9642459573073392,0.0,0.0086712850095793,0.0,0.0,0.0270827576830813,0.0,0.0,0.4467857875655295,0.0,0.1706034559461806,0.0,0.0,0.3826107564882898,0.0,0.0,12.103707146759731,1.0026942751808912,1.0,0.0,2.623645563641208,0.0,0.0,2.2549413935579565,0.0,0.0,14.52556748614066,1121.6270137216943,24.87830228106012,302.7106577576344,9.61137473881863
20,230.0,26.53035149844274,0.96,0.0,0.01,0.0,0.0,0.03,0.0,0.0,299.83,80.37,0.7671013574358804,0.3301026688869322,26.53045149844274,10.061651733990246,1103.6348799617117,58.033650755683134,0.9600002312684072,0.0,0.0099999256139985,0.0,0.0,0.0299998431175941,0.0,0.0,0.4225641206710657,0.0,0.1828628072233336,0.0,0.0,0.3945730721056006,0.0,0.0,11.828577217638212,1.0175705465816385,1.0,0.0,2.574589636129673,0.0,0.0,2.2274512822996213,0.0,0.0,14.52556748614066,1121.6270137216943,24.87830228106012,302.7106577576344,9.61137473881863
20,235.0,12.075035996091628,0.96,0.0,0.01,0.0,0.0,0.03,0.0,0.0,299.83,80.37,0.7837774739018778,0.1502430757259129,28.46124983888507,12.074935996091629,1102.289456537467,30.766970826964997,0.9986868960318556,0.0,0.0002599773246786,0.0,0.0,0.0010531266434658,0.0,0.0,0.9599930442903828,0.0,0.0100017512071616,0.0,0.0,0.0300052045024554,0.0,0.0,13.173160103892606,0.9346986655247712,1.0,0.0,2.82514713600961,0.0,0.0,2.3140210615737007,0.0,0.0,13.258875583506692,1102.8688895247462,29.73094022392497,302.7106577576344,11.525181126674264
20,235.0,13.895715311957565,0.96,0.0,0.01,0.0,0.0,0.03,0.0,0.0,299.83,80.37,0.7837774739018778,0.1728967937284753,28.46124983888507,12.074935996091629,1100.3595588788237,34.21857998143169,0.9943448520038848,0.0,0.0011481088190212,0.0,0.0,0.0045070391770939,0.0,0.0,0.8494769543473921,0.0,0.0384857239447871,0.0,0.0,0.1120373217078207,0.0,0.0,12.891656956051262,0.9484738003338066,1.0,0.0,2.773501122216934,0.0,0.0,2.285930624203679,0.0,0.0,13.258875583506692,1102.8688895247462,29.73094022392497,302.7106577576344,11.525181126674264
20,235.0,15.716394627823504,0.96,0.0,0.01,0.0,0.0,0.03,0.0,0.0,299.83,80.37,0.7837774739018778,0.1955505117310377,28.46124983888507,12.074935996091629,1098.4120064080705,37.70287122100949,0.9900122131410996,0.0,0.0020798179948222,0.0,0.0,0.0079079688640781,0.0,0.0,0.7639879225859924,0.0,0.0617273191761375,0.0,0.0,0.17428475823787,0.0,0.0,12.613686114542878,0.9623884966388574,1.0,0.0,2.723194172187094,0.0,0.0,2.2584181907056213,0.0,0.0,13.258875583506692,1102.8688895247462,29.73094022392497,302.7106577576344,11.525181126674264
20,235.0,17.537073943689443,0.96,0.0,0.01,0.0,0.0,0.03,0.0,0.0,299.83,80.37,0.7837774739018778,0.2182042297336001,28.46124983888507,12.074935996091629,1096.44643378806,41.22021122994245,0.9856895296225516,0.0,0.0030572574604428,0.0,0.0,0.0112532129170054,0.0,0.0,0.695961460217246,0.0,0.0813579278860376,0.0,0.0,0.2226806118967163,0.0,0.0,12.339224909328674,0.9764716779849116,1.0,0.0,2.674215714276529,0.0,0.0,2.2314764449286955,0.0,0.0,13.258875583506692,1102.8688895247462,29.73094022392497,302.7106577576344,11.525181126674264
20,235.0,19.35775325955538,0.96,0.0,0.01,0.0,0.0,0.03,0.0,0.0,299.83,80.37,0.7837774739018778,0.2408579477361624,28.46124983888507,12.074935996091629,1094.4625287076892,44.7709998207055,0.9813774373153678,0.0,0.0040825744179362,0.0,0.0,0.014539988266696,0.0,0.0,0.6406034644809258,0.0,0.098411216097657,0.0,0.0,0.2609853194214172,0.0,0.0,12.068255952165067,0.9906983866331736,1.0,0.0,2.626462239717912,0.0,0.0,2.2050976869749808,0.0,0.0,13.258875583506692,1102.8688895247462,29.73094022392497,302.7106577576344,11.525181126674264
20,235.0,21.17843257542132,0.96,0.0,0.01,0.0,0.0,0.03,0.0,0.0,299.83,80.37,0.7837774739018778,0.2635116657387248,28.46124983888507,12.074935996091629,1092.4600181182495,48.35566772046999,0.9770766196919132,0.0,0.0051578962878405,0.0,0.0,0.0177654840202465,0.0,0.0,0.5947290056500351,0.0,0.1135731936176897,0.0,0.0,0.2916978007322752,0.0,0.0,11.800766775372574,1.005076552512336,1.0,0.0,2.579839065655399,0.0,0.0,2.17927380461823,0.0,0.0,13.258875583506692,1102.8688895247462,29.73094022392497,302.7106577576344,11.525181126674264
20,235.0,22.999111891287257,0.96,0.0,0.01,0.0,0.0,0.03,0.0,0.0,299.83,80.37,0.7837774739018778,0.2861653837412872,28.46124983888507,12.074935996091629,1090.438662483318,51.97467374031669,0.9727877836913892,0.0,0.0062853115512319,0.0,0.0,0.0209269047573787,0.0,0.0,0.556139781735286,0.0,0.1273162546309754,0.0,0.0,0.3165439636337385,0.0,0.0,11.536747228141897,1.0196182511500569,1.0,0.0,2.534311394913085,0.0,0.0,2.153996413077288,0.0,0.0,13.258875583506692,1102.8688895247462,29.73094022392497,302.7106577576344,11.525181126674264
20,235.0,24.819791207153195,0.96,0.0,0.01,0.0,0.0,0.03,0.0,0.0,299.83,80.37,0.7837774739018778,0.3088191017438496,28.46124983888507,12.074935996091629,1088.398253955641,55.62850297029451,0.968511641932208,0.0,0.0074668471648188,0.0,0.0,0.0240215109029731,0.0,0.0,0.5232697302171967,0.0,0.1399754536105994,0.0,0.0,0.3367548161722039,0.0,0.0,11.276189449850008,1.0343460381771583,1.0,0.0,2.4899452105031394,0.0,0.0,2.1292567295818867,0.0,0.0,13.258875583506692,1102.8688895247462,29.73094022392497,302.7106577576344,11.525181126674264
20,235.0,26.640470523019133,0.96,0.0,0.01,0.0,0.0,0.03,0.0,0.0,299.83,80.37,0.7837774739018778,0.3314728197464119,28.46124983888507,12.074935996091629,1086.338616594019,59.317666225129706,0.9642488979526864,0.0,0.0087044434456025,0.0,0.0,0.027046658601711,0.0,0.0,0.4949731056742278,0.0,0.1517940952274266,0.0,0.0,0.3532327990983454,0.0,0.0,11.019086791252516,1.04926047749182,1.0,0.0,2.446607567896377,0.0,0.0,2.105045705934279,0.0,0.0,13.258875583506692,1102.8688895247462,29.73094022392497,302.7106577576344,11.525181126674264
20,235.0,28.46114983888507,0.96,0.0,0.01,0.0,0.0,0.03,0.0,0.0,299.83,80.37,0.7837774739018778,0.3541265377489743,28.46124983888507,12.074935996091629,1084.2596075424176,63.04270051258347,0.9600002328128192,0.0,0.009999927269883,0.0,0.0,0.0299998399172976,0.0,0.0,0.4703924184001205,0.0,0.1629521301870858,0.0,0.0,0.3666554514127936,0.0,0.0,10.76543425847562,1.0643575432568275,1.0,0.0,2.404271372692833,0.0,0.0,2.081354145154411,0.0,0.0,13.258875583506692,1102.8688895247462,29.73094022392497,302.7106577576344,11.525181126674264
20,240.0,14.37811434488282,0.96,0.0,0.01,0.0,0.0,0.03,0.0,0.0,299.83,80.37,0.8004535903678752,0.17889902133735,30.637157072983385,14.37801434488282,1082.534440858847,36.60349823458444,0.9984132770870906,0.0,0.0003235470264765,0.0,0.0,0.0012631758864328,0.0,0.0,0.959994273426793,0.0,0.0100014425459252,0.0,0.0,0.0300042840272817,0.0,0.0,11.91864976489162,0.9856593390124552,1.0,0.0,2.6070912807403936,0.0,0.0,2.145946307319402,0.0,0.0,12.014498351825988,1083.263844328595,35.3375257790447,302.7106577576344,13.710780754884407
20,240.0,16.184663536893996,0.96,0.0,0.01,0.0,0.0,0.03,0.0,0.0,299.83,80.37,0.8004535903678752,0.2013769259287544,30.637157072983385,14.37801434488282,1080.547267264946,40.05305841571157,0.9941212279916966,0.0,0.0012253454710189,0.0,0.0,0.0046534265372844,0.0,0.0,0.8677318999233475,0.0,0.0337277715331668,0.0,0.0,0.0985403285434855,0.0,0.0,11.661298655960923,0.999580165351565,1.0,0.0,2.563199507613025,0.0,0.0,2.1220718082879104,0.0,0.0,12.014498351825988,1083.263844328595,35.3375257790447,302.7106577576344,13.710780754884407
20,240.0,17.991212728905168,0.96,0.0,0.01,0.0,0.0,0.03,0.0,0.0,299.83,80.37,0.8004535903678752,0.2238548305201588,30.637157072983385,14.37801434488282,1078.541351646616,43.535739666437216,0.9898343091726092,0.0,0.0021663886179093,0.0,0.0,0.0079993022094817,0.0,0.0,0.7935342166884032,0.0,0.053709014589002,0.0,0.0,0.1527567687225946,0.0,0.0,11.407023470429047,1.0136647319998895,1.0,0.0,2.5203750625134598,0.0,0.0,2.0986523823951013,0.0,0.0,12.014498351825988,1083.263844328595,35.3375257790447,302.7106577576344,13.710780754884407
20,240.0,19.797761920916344,0.96,0.0,0.01,0.0,0.0,0.03,0.0,0.0,299.83,80.37,0.8004535903678752,0.2463327351115633,30.637157072983385,14.37801434488282,1076.5162973415563,47.05202651273245,0.9855528216447677,0.0,0.0031484420125265,0.0,0.0,0.0112987363427058,0.0,0.0,0.732629763546739,0.0,0.0709654926309893,0.0,0.0,0.1964047438222715,0.0,0.0,11.15580632497042,1.0279338320813238,1.0,0.0,2.4785424246433734,0.0,0.0,2.0756811329982456,0.0,0.0,12.014498351825988,1083.263844328595,35.3375257790447,302.7106577576344,13.710780754884407
20,240.0,21.604311112927515,0.96,0.0,0.01,0.0,0.0,0.03,0.0,0.0,299.83,80.37,0.8004535903678752,0.2688106397029677,30.637157072983385,14.37801434488282,1074.4717455352418,50.60243211390392,0.9812771290219712,0.0,0.0041732739016431,0.0,0.0,0.0145495970763856,0.0,0.0,0.6817924838855565,0.0,0.0861869232089128,0.0,0.0,0.2320205929055306,0.0,0.0,10.90763234177738,1.0423818819327386,1.0,0.0,2.437655802702521,0.0,0.0,2.053150992441461,0.0,0.0,12.014498351825988,1083.263844328595,35.3375257790447,302.7106577576344,13.710780754884407
20,240.0,23.41086030493869,0.96,0.0,0.01,0.0,0.0,0.03,0.0,0.0,299.83,80.37,0.8004535903678752,0.2912885442943721,30.637157072983385,14.37801434488282,1072.4073657447348,54.18749876252827,0.9770076334168456,0.0,0.0052426469670909,0.0,0.0,0.0177497196160635,0.0,0.0,0.6387633625518858,0.0,0.0998558931739213,0.0,0.0,0.2613807442741929,0.0,0.0,10.662490113490897,1.05701705371772,1.0,0.0,2.397716735787832,0.0,0.0,2.0310552943093447,0.0,0.0,12.014498351825988,1083.263844328595,35.3375257790447,302.7106577576344,13.710780754884407
20,240.0,25.217409496949863,0.96,0.0,0.01,0.0,0.0,0.03,0.0,0.0,299.83,80.37,0.8004535903678752,0.3137664488857765,30.637157072983385,14.37801434488282,1070.322851343749,57.80779717073522,0.9727447597328042,0.0,0.0063583071839711,0.0,0.0,0.0208969330832246,0.0,0.0,0.6019135936086912,0.0,0.1123197550218455,0.0,0.0,0.2857666513694633,0.0,0.0,10.420371125898184,1.0718543800196587,1.0,0.0,2.3586885303026484,0.0,0.0,2.009386337474847,0.0,0.0,12.014498351825988,1083.263844328595,35.3375257790447,302.7106577576344,13.710780754884407
20,240.0,27.02395868896104,0.96,0.0,0.01,0.0,0.0,0.03,0.0,0.0,299.83,80.37,0.8004535903678752,0.336244353477181,30.637157072983385,14.37801434488282,1068.217917787806,61.463925739997336,0.9684889441760686,0.0,0.0075219705070844,0.0,0.0,0.023989085316847,0.0,0.0,0.5700393035299306,0.0,0.1238344282737711,0.0,0.0,0.3061262681962984,0.0,0.0,10.181268164219349,1.0869027141587786,1.0,0.0,2.3205088035254504,0.0,0.0,1.9881372089435048,0.0,0.0,12.014498351825988,1083.263844328595,35.3375257790447,302.7106577576344,13.710780754884407
20,240.0,28.830507880972213,0.96,0.0,0.01,0.0,0.0,0.03,0.0,0.0,299.83,80.37,0.8004535903678752,0.3587222580685854,30.637157072983385,14.37801434488282,1066.0923023938328,65.15651029083025,0.9642406250063008,0.0,0.0087353078239632,0.0,0.0,0.0270240671697358,0.0,0.0,0.5422315724764031,0.0,0.1345921204773425,0.0,0.0,0.3231763070462543,0.0,0.0,9.94517535588317,1.1021646859299,1.0,0.0,2.2831553924104053,0.0,0.0,1.9673006499754957,0.0,0.0,12.014498351825988,1083.263844328595,35.3375257790447,302.7106577576344,13.710780754884407
20,240.0,30.637057072983385,0.96,0.0,0.01,0.0,0.0,0.03,0.0,0.0,299.83,80.37,0.8004535903678752,0.3812001626599898,30.637157072983385,14.37801434488282,1063.9457649310823,68.88620426442482,0.960000234344993,0.0,0.0099999285958799,0.0,0.0,0.0299998370591269,0.0,0.0,0.5177913967580835,0.0,0.1447394530798726,0.0,0.0,0.3374691501620439,0.0,0.0,9.712088181303857,1.1176490673839887,1.0,0.0,2.2466077648116896,0.0,0.0,1.946869370067668,0.0,0.0,12.014498351825988,1083.263844328595,35.3375257790447,302.7106577576344,13.710780754884407
20,245.0,16.99742987229704,0.96,0.0,0.01,0.0,0.0,0.03,0.0,0.0,299.83,80.37,0.8171297068338725,0.211489733386799,33.07728866298788,16.99732987229704,1061.7520160072984,43.353879063223474,0.99808715383623,0.0,0.0003997444843847,0.0,0.0,0.001513101679385,0.0,0.0,0.9599952618770804,0.0,0.0100011942921985,0.0,0.0,0.030003543830721,0.0,0.0,10.68727342211643,1.0428456896363116,1.0,0.0,2.4094831251220663,0.0,0.0,1.993568782021892,0.0,0.0,10.793959502416731,1062.6711211462375,41.80803719266337,302.7106577576344,16.191644196077288
20,245.0,18.784069737929357,0.96,0.0,0.01,0.0,0.0,0.03,0.0,0.0,299.83,80.37,0.8171297068338725,0.2337199171074947,33.07728866298788,16.99732987229704,1059.6999284326755,46.80556699165376,0.9938470272239592,0.0,0.001310938251322,0.0,0.0,0.0048420345247187,0.0,0.0,0.8831277701494141,0.0,0.0297343048035097,0.0,0.0,0.087137925047076,0.0,0.0,10.452688323131277,1.0570784573226064,1.0,0.0,2.3720959027121697,0.0,0.0,1.9732548255600173,0.0,0.0,10.793959502416731,1062.6711211462375,41.80803719266337,302.7106577576344,16.191644196077288
20,245.0,20.57070960356167,0.96,0.0,0.01,0.0,0.0,0.03,0.0,0.0,299.83,80.37,0.8171297068338725,0.2559501008281905,33.07728866298788,16.99732987229704,1057.6279096412477,50.291008549728254,0.9896085573294215,0.0,0.0022575802929474,0.0,0.0,0.0081338623776309,0.0,0.0,0.8192533014994491,0.0,0.0468042252126349,0.0,0.0,0.1339424732879159,0.0,0.0,10.220796755152186,1.0715072789182225,1.0,0.0,2.335558197162255,0.0,0.0,1.953297760279092,0.0,0.0,10.793959502416731,1062.6711211462375,41.80803719266337,302.7106577576344,16.191644196077288
20,245.0,22.357349469193984,0.96,0.0,0.01,0.0,0.0,0.03,0.0,0.0,299.83,80.37,0.8171297068338725,0.2781802845488862,33.07728866298788,16.99732987229704,1055.535531273271,53.81079744809706,0.9853718710946654,0.0,0.0032411358859951,0.0,0.0,0.0113869930193394,0.0,0.0,0.7653854183635089,0.0,0.0618437724587648,0.0,0.0,0.1727708091777262,0.0,0.0,9.991583523389814,1.0861412383647384,1.0,0.0,2.2998473563388577,0.0,0.0,1.9336910028505585,0.0,0.0,10.793959502416731,1062.6711211462375,41.80803719266337,302.7106577576344,16.191644196077288
20,245.0,24.143989334826298,0.96,0.0,0.01,0.0,0.0,0.03,0.0,0.0,299.83,80.37,0.8171297068338725,0.3004104682695819,33.07728866298788,16.99732987229704,1053.422390047617,57.36555455949848,0.981137138840906,0.0,0.004263077966747,0.0,0.0,0.014599783192347,0.0,0.0,0.7193888009303274,0.0,0.0753053234773121,0.0,0.0,0.2053058755923603,0.0,0.0,9.765037185798684,1.100989287932051,1.0,0.0,2.2648884028529293,0.0,0.0,1.9144283294286928,0.0,0.0,10.793959502416731,1062.6711211462375,41.80803719266337,302.7106577576344,16.191644196077288
20,245.0,25.93062920045861,0.96,0.0,0.01,0.0,0.0,0.03,0.0,0.0,299.83,80.37,0.8171297068338725,0.3226406519902776,33.07728866298788,16.99732987229704,1051.2881014078375,60.95593004336403,0.9769045593561716,0.0,0.0053248822484749,0.0,0.0,0.0177705583953534,0.0,0.0,0.6796964924038161,0.0,0.0875206189387737,0.0,0.0,0.23278288865741,0.0,0.0,9.541148858619817,1.1160612432548056,1.0,0.0,2.2306537606059917,0.0,0.0,1.8955045424691517,0.0,0.0,10.793959502416731,1062.6711211462375,41.80803719266337,302.7106577576344,16.191644196077288
20,245.0,27.717269066090928,0.96,0.0,0.01,0.0,0.0,0.03,0.0,0.0,299.83,80.37,0.8171297068338725,0.3448708357109733,33.07728866298788,16.99732987229704,1049.132296147351,64.58260399170145,0.9726743496966976,0.0,0.0064280206686171,0.0,0.0,0.0208976296346852,0.0,0.0,0.6451327763210927,0.0,0.0987382186877803,0.0,0.0,0.2561290049911271,0.0,0.0,9.319911512899004,1.1313731197848431,1.0,0.0,2.1971198993119216,0.0,0.0,1.876912840720803,0.0,0.0,10.793959502416731,1062.6711211462375,41.80803719266337,302.7106577576344,16.191644196077288
20,245.0,29.50390893172324,0.96,0.0,0.01,0.0,0.0,0.03,0.0,0.0,299.83,80.37,0.8171297068338725,0.367101019431669,33.07728866298788,16.99732987229704,1046.954618818292,68.24628672355043,0.9684467376536444,0.0,0.0075739534773523,0.0,0.0,0.0239793088690032,0.0,0.0,0.6147983700347007,0.0,0.1091477714035889,0.0,0.0,0.2760538585617104,0.0,0.0,9.10131941904534,1.146927870637714,1.0,0.0,2.164266717213658,0.0,0.0,1.8586481316150023,0.0,0.0,10.793959502416731,1062.6711211462375,41.80803719266337,302.7106577576344,16.191644196077288
20,245.0,31.290548797355555,0.96,0.0,0.01,0.0,0.0,0.03,0.0,0.0,299.83,80.37,0.8171297068338725,0.3893312031523647,33.07728866298788,16.99732987229704,1044.7547272515733,71.94771913121323,0.964221955760191,0.0,0.0087641201825704,0.0,0.0,0.0270139240572385,0.0,0.0,0.5879937848749018,0.0,0.1188962081428039,0.0,0.0,0.2931100069822941,0.0,0.0,8.885367896956502,1.162734863483089,1.0,0.0,2.1320890962168995,0.0,0.0,1.8407046885228715,0.0,0.0,10.793959502416731,1062.6711211462375,41.80803719266337,302.7106577576344,16.191644196077288
20,245.0,33.07718866298787,0.96,0.0,0.01,0.0,0.0,0.03,0.0,0.0,299.83,80.37,0.8171297068338725,0.4115613868730605,33.07728866298788,16.99732987229704,1042.5322926782726,75.68767315881811,0.960000236043592,0.0,0.0099999295752006,0.0,0.0,0.0299998343812073,0.0,0.0,0.5641668326106,0.0,0.1280988272173841,0.0,0.0,0.3077343401720159,0.0,0.0,8.672053394448126,1.1788034954525246,1.0,0.0,2.1005764608474724,0.0,0.0,1.823076870839325,0.0,0.0,10.793959502416731,1062.6711211462375,41.80803719266337,302.7106577576344,16.191644196077288
20,250.0,19.96096761643816,0.96,0.0,0.01,0.0,0.0,0.03,0.0,0.0,299.83,80.37,0.83380582329987,0.248363414413813,35.80147342874266,19.96086761643816,1039.7574502376017,51.16565711089081,0.9976975156331968,0.0,0.0004910081764013,0.0,0.0,0.0018114761904018,0.0,0.0,0.9599960636216596,0.0,0.0100009929298741,0.0,0.0,0.0300029434484662,0.0,0.0,9.480889885029816,1.1077892290408855,1.0,0.0,2.229739046854924,0.0,0.0,1.855224425943048,0.0,0.0,9.599114364051816,1040.9186176418627,49.27650279185157,302.7106577576344,18.99215487266697
20,250.0,21.72101270669421,0.96,0.0,0.01,0.0,0.0,0.03,0.0,0.0,299.83,80.37,0.83380582329987,0.2702626938745081,35.80147342874266,19.96086761643816,1037.6317345118068,54.624093668169714,0.9935136418592304,0.0,0.0014071692517197,0.0,0.0,0.0050791888890498,0.0,0.0,0.8961346016803905,0.0,0.0263749604037963,0.0,0.0,0.0774904379158133,0.0,0.0,9.26795428267164,1.1225232470917128,1.0,0.0,2.1979429178735352,0.0,0.0,1.8379184897109992,0.0,0.0,9.599114364051816,1040.9186176418627,49.27650279185157,302.7106577576344,18.99215487266697
20,250.0,23.481057796950267,0.96,0.0,0.01,0.0,0.0,0.03,0.0,0.0,299.83,80.37,0.83380582329987,0.292161973335203,35.80147342874266,19.96086761643816,1035.4846829012035,58.11716773207732,0.9893285206567874,0.0,0.0023555174245659,0.0,0.0,0.0083159619186465,0.0,0.0,0.8415797466537637,0.0,0.0408662538379441,0.0,0.0,0.1175539995082923,0.0,0.0,9.057384187364391,1.137488286515348,1.0,0.0,2.1667999968242966,0.0,0.0,1.8208884845023885,0.0,0.0,9.599114364051816,1040.9186176418627,49.27650279185157,302.7106577576344,18.99215487266697
20,250.0,25.241102887206324,0.96,0.0,0.01,0.0,0.0,0.03,0.0,0.0,299.83,80.37,0.83380582329987,0.314061252795898,35.80147342874266,19.96086761643816,1033.3158266772098,61.64558023935809,0.9851421513451432,0.0,0.0033372885847893,0.0,0.0,0.0115205600700673,0.0,0.0,0.7944780181380978,0.0,0.0538635971472908,0.0,0.0,0.1516583847146113,0.0,0.0,8.849168585414775,1.1527002880953432,1.0,0.0,2.1362789606179287,0.0,0.0,1.804129667795192,0.0,0.0,9.599114364051816,1040.9186176418627,49.27650279185157,302.7106577576344,18.99215487266697
20,250.0,27.00114797746238,0.96,0.0,0.01,0.0,0.0,0.03,0.0,0.0,299.83,80.37,0.83380582329987,0.335960532256593,35.80147342874266,19.96086761643816,1031.1247112488732,65.21006078269941,0.9809545611821704,0.0,0.0043537294798069,0.0,0.0,0.0146917093380226,0.0,0.0,0.7534384615971693,0.0,0.0656586375038,0.0,0.0,0.1809029008990307,0.0,0.0,8.64329947556895,1.1681654873243137,1.0,0.0,2.106355127837312,0.0,0.0,1.7876481207848307,0.0,0.0,9.599114364051816,1040.9186176418627,49.27650279185157,302.7106577576344,18.99215487266697
20,250.0,28.76119306771844,0.96,0.0,0.01,0.0,0.0,0.03,0.0,0.0,299.83,80.37,0.83380582329987,0.357859811717288,35.80147342874266,19.96086761643816,1028.9108919273056,68.81137029143986,0.9767657962103096,0.0,0.0054060947900388,0.0,0.0,0.0178281089996516,0.0,0.0,0.7173970252641731,0.0,0.0764743299757918,0.0,0.0,0.206128644760035,0.0,0.0,8.439770292877597,1.183896956091807,1.0,0.0,2.0770184505787315,0.0,0.0,1.7714323874454718,0.0,0.0,9.599114364051816,1040.9186176418627,49.27650279185157,302.7106577576344,18.99215487266697
20,250.0,30.52123815797449,0.96,0.0,0.01,0.0,0.0,0.03,0.0,0.0,299.83,80.37,0.83380582329987,0.3797590911779829,35.80147342874266,19.96086761643816,1026.673931943303,72.4503032342242,0.9725759154025037,0.0,0.006495643023895,0.0,0.0,0.0209284415736013,0.0,0.0,0.6855259934995096,0.0,0.0864838875465067,0.0,0.0,0.2279901189539837,0.0,0.0,8.238572737693456,1.199902141763929,1.0,0.0,2.048247639361948,0.0,0.0,1.755474403180551,0.0,0.0,9.599114364051816,1040.9186176418627,49.27650279185157,302.7106577576344,18.99215487266697
20,250.0,32.28128324823055,0.96,0.0,0.01,0.0,0.0,0.03,0.0,0.0,299.83,80.37,0.83380582329987,0.401658370638678,35.80147342874266,19.96086761643816,1024.413399231759,76.1276862933263,0.9683849831438356,0.0,0.0076236324817961,0.0,0.0,0.0239913843743684,0.0,0.0,0.6571718805186458,0.0,0.0958237750022566,0.0,0.0,0.2470043444790975,0.0,0.0,8.03970906846121,1.216191800586919,1.0,0.0,2.0200165331590383,0.0,0.0,1.7397691988086323,0.0,0.0,9.599114364051816,1040.9186176418627,49.27650279185157,302.7106577576344,18.99215487266697
20,250.0,34.0413283384866,0.96,0.0,0.01,0.0,0.0,0.03,0.0,0.0,299.83,80.37,0.83380582329987,0.4235576500993729,35.80147342874266,19.96086761643816,1022.1288679069644,79.84438262118103,0.9641930681585592,0.0,0.0087913149596895,0.0,0.0,0.0270156168817511,0.0,0.0,0.6318120019791593,0.0,0.1046027845522852,0.0,0.0,0.2635852134685553,0.0,0.0,7.843174324582319,1.232783756099525,1.0,0.0,1.9923103448391453,0.0,0.0,1.7243128613351504,0.0,0.0,9.599114364051816,1040.9186176418627,49.27650279185157,302.7106577576344,18.99215487266697
20,250.0,35.80137342874266,0.96,0.0,0.01,0.0,0.0,0.03,0.0,0.0,299.83,80.37,0.83380582329987,0.4454569295600679,35.80147342874266,19.96086761643816,1019.81991664173,83.60129090005174,0.9600002380738308,0.0,0.0099999301952692,0.0,0.0,0.0299998317308999,0.0,0.0,0.6090233462237913,0.0,0.1129085419839758,0.0,0.0,0.278068111792233,0.0,0.0,7.648967239613015,1.2496909921656554,1.0,0.0,1.9651160197269564,0.0,0.0,1.7091010870023156,0.0,0.0,9.599114364051816,1040.9186176418627,49.27650279185157,302.7106577576344,18.99215487266697
20,255.0,23.29858660974193,0.96,0.0,0.01,0.0,0.0,0.03,0.0,0.0,299.83,80.37,0.8504819397658674,0.2898915840455634,38.82994495060362,23.29848660974193,1016.3176877651316,60.22471986839395,0.9972300463092988,0.0,0.0006005134987626,0.0,0.0,0.0021694401919386,0.0,0.0,0.9599967193147556,0.0,0.0100008282760761,0.0,0.0,0.0300024524091683,0.0,0.0,8.301780143437709,1.1826026570069146,1.0,0.0,2.0613353823447422,0.0,0.0,1.7293110287205076,0.0,0.0,8.432227805466914,1017.7913832278248,57.90987351738985,302.7106577576344,22.13772066860631
20,255.0,25.024281980948786,0.96,0.0,0.01,0.0,0.0,0.03,0.0,0.0,299.83,80.37,0.8504819397658674,0.3113634687190342,38.82994495060362,23.29848660974193,1014.1080506051452,63.69527217782879,0.993109285060437,0.0,0.0015170517823125,0.0,0.0,0.0053736631572504,0.0,0.0,0.9071507321259936,0.0,0.0235405401203783,0.0,0.0,0.0693087277536281,0.0,0.0,8.109609419223972,1.1980788950409431,1.0,0.0,2.0387245793181807,0.0,0.0,1.714572394436066,0.0,0.0,8.432227805466914,1017.7913832278248,57.90987351738985,302.7106577576344,22.13772066860631
20,255.0,26.74997735215564,0.96,0.0,0.01,0.0,0.0,0.03,0.0,0.0,299.83,80.37,0.8504819397658674,0.3328353533925051,38.82994495060362,23.29848660974193,1011.8753379066912,67.20167600754327,0.98898475305502,0.0,0.0024630303825331,0.0,0.0,0.0085522165624467,0.0,0.0,0.8609357684306742,0.0,0.0357598918334201,0.0,0.0,0.1033043397359055,0.0,0.0,7.919519707738387,1.2138337569079347,1.0,0.0,2.0122068438372764,0.0,0.0,1.700045633311272,0.0,0.0,8.432227805466914,1017.7913832278248,57.90987351738985,302.7106577576344,22.13772066860631
20,255.0,28.475672723362493,0.96,0.0,0.01,0.0,0.0,0.03,0.0,0.0,299.83,80.37,0.8504819397658674,0.354307238065976,38.82994495060362,23.29848660974193,1009.6190245408312,70.74474564088881,0.9848563485522648,0.0,0.0034395127157503,0.0,0.0,0.011704138731985,0.0,0.0,0.820213008399728,0.0,0.0468948310717806,0.0,0.0,0.1328921605284914,0.0,0.0,7.731503804680178,1.229873288973284,1.0,0.0,1.9861732189508503,0.0,0.0,1.685740957035326,0.0,0.0,8.432227805466914,1017.7913832278248,57.90987351738985,302.7106577576344,22.13772066860631
20,255.0,30.201368094569347,0.96,0.0,0.01,0.0,0.0,0.03,0.0,0.0,299.83,80.37,0.8504819397658674,0.3757791227394468,38.82994495060362,23.29848660974193,1007.3385895517076,74.32532793223234,0.9807239852707073,0.0,0.0044475753758848,0.0,0.0,0.0148284393534079,0.0,0.0,0.784091214814663,0.0,0.0571299442507237,0.0,0.0,0.1587788409346131,0.0,0.0,7.545556639866957,1.2462082962588497,1.0,0.0,1.960605838879995,0.0,0.0,1.6716457578636117,0.0,0.0,8.432227805466914,1017.7913832278248,57.90987351738985,302.7106577576344,22.13772066860631
20,255.0,31.9270634657762,0.96,0.0,0.01,0.0,0.0,0.03,0.0,0.0,299.83,80.37,0.8504819397658674,0.3972510074129177,38.82994495060362,23.29848660974193,1005.0335136280488,77.94430592131138,0.9765875872548666,0.0,0.0054883062517371,0.0,0.0,0.0179241064933962,0.0,0.0,0.7518630477494525,0.0,0.0666116199916761,0.0,0.0,0.1815253322588713,0.0,0.0,7.36167203132553,1.26286838901418,1.0,0.0,1.935489446831281,0.0,0.0,1.6577514759152736,0.0,0.0,8.432227805466914,1017.7913832278248,57.90987351738985,302.7106577576344,22.13772066860631
20,255.0,33.652758836983054,0.96,0.0,0.01,0.0,0.0,0.03,0.0,0.0,299.83,80.37,0.8504819397658674,0.4187228920863886,38.82994495060362,23.29848660974193,1002.7032760104536,81.60259866511174,0.9724470831208928,0.0,0.0065628026277978,0.0,0.0,0.0209901142513091,0.0,0.0,0.7229600180189959,0.0,0.0754573601910279,0.0,0.0,0.2015826217899759,0.0,0.0,7.1798510462994605,1.27984936745898,1.0,0.0,1.9108107985112783,0.0,0.0,1.644054252087951,0.0,0.0,8.432227805466914,1017.7913832278248,57.90987351738985,302.7106577576344,22.13772066860631
20,255.0,35.37845420818991,0.96,0.0,0.01,0.0,0.0,0.03,0.0,0.0,299.83,80.37,0.8504819397658674,0.4401947767598594,38.82994495060362,23.29848660974193,1000.3473544755724,85.3011659263974,0.9683024042989318,0.0,0.007672167891553,0.0,0.0,0.0240254278095151,0.0,0.0,0.6969201205747234,0.0,0.0837624630604066,0.0,0.0,0.21931741636487,0.0,0.0,7.0000904345197394,1.2971710764373676,1.0,0.0,1.8865570820346944,0.0,0.0,1.6305513777057428,0.0,0.0,8.432227805466914,1017.7913832278248,57.90987351738985,302.7106577576344,22.13772066860631
20,255.0,37.10414957939676,0.96,0.0,0.01,0.0,0.0,0.03,0.0,0.0,299.83,80.37,0.8504819397658674,0.4616666614333303,38.82994495060362,23.29848660974193,997.9652237137966,89.04100828676458,0.9641534811859248,0.0,0.0088175085311024,0.0,0.0,0.0270290102829728,0.0,0.0,0.6733640622975043,0.0,0.0916049323062437,0.0,0.0,0.2350310053962519,0.0,0.0,6.822389925196906,1.3148515526312268,1.0,0.0,1.862717585195232,0.0,0.0,1.6172472177419384,0.0,0.0,8.432227805466914,1017.7913832278248,57.90987351738985,302.7106577576344,22.13772066860631
20,255.0,38.829844950603615,0.96,0.0,0.01,0.0,0.0,0.03,0.0,0.0,299.83,80.37,0.8504819397658674,0.4831385461068012,38.82994495060362,23.29848660974193,995.556354744747,92.82316910801131,0.9600002406037732,0.0,0.0099999304415703,0.0,0.0,0.0299998289546563,0.0,0.0,0.6519776027270732,0.0,0.0990491198603909,0.0,0.0,0.2489732774125359,0.0,0.0,6.64675004951398,1.332897101321909,1.0,0.0,1.839282240064316,0.0,0.0,1.6041414431288203,0.0,0.0,8.432227805466914,1017.7913832278248,57.90987351738985,302.7106577576344,22.13772066860631
20,260.0,27.04251240598465,0.96,0.0,0.01,0.0,0.0,0.03,0.0,0.0,299.83,80.37,0.8671580562318648,0.336475207241317,42.18295596838869,27.042412405984653,991.130846602702,70.77178902332803,0.996665600020285,0.0,0.0007325453742747,0.0,0.0,0.0026018546054401,0.0,0.0,0.95999725991981,0.0,0.0100006925720243,0.0,0.0,0.0300020475081654,0.0,0.0,7.152767691107274,1.2702333351971362,1.0,0.0,1.8879026803165728,0.0,0.0,1.614502994438885,0.0,0.0,7.296085655146154,993.0143761526203,67.92140682303575,302.7106577576344,25.654931900849267
20,260.0,28.724772801807323,0.96,0.0,0.01,0.0,0.0,0.03,0.0,0.0,299.83,80.37,0.8671580562318648,0.3574066542467005,42.18295596838869,27.042412405984653,988.8247549601156,74.26094540401589,0.9926177075778846,0.0,0.0016446570145601,0.0,0.0,0.0057376354075553,0.0,0.0,0.9165112649057008,0.0,0.0211400623985658,0.0,0.0,0.0623486726957334,0.0,0.0,6.980688131164493,1.2867619925665157,1.0,0.0,1.869293695405969,0.0,0.0,1.6019744052489555,0.0,0.0,7.296085655146154,993.0143761526203,67.92140682303575,302.7106577576344,25.654931900849267
20,260.0,30.407033197629996,0.96,0.0,0.01,0.0,0.0,0.03,0.0,0.0,299.83,80.37,0.8671580562318648,0.378338101252084,42.18295596838869,27.042412405984653,986.4933723059156,77.78760768976079,0.9885637445564548,0.0,0.0025839351846767,0.0,0.0,0.0088523202588686,0.0,0.0,0.8777165964364739,0.0,0.0313634123791594,0.0,0.0,0.0909199911843665,0.0,0.0,6.810439830844143,1.3036146428128703,1.0,0.0,1.850966765093413,0.0,0.0,1.5896139538529064,0.0,0.0,7.296085655146154,993.0143761526203,67.92140682303575,302.7106577576344,25.654931900849267
20,260.0,32.089293593452666,0.96,0.0,0.01,0.0,0.0,0.03,0.0,0.0,299.83,80.37,0.8671580562318648,0.3992695482574675,42.18295596838869,27.042412405984653,984.136092629451,81.35271922759776,0.9845035202139788,0.0,0.0035513159231915,0.0,0.0,0.0119451638628297,0.0,0.0,0.8429224797788706,0.0,0.0408117337349558,0.0,0.0,0.1162657864861735,0.0,0.0,6.642018331001144,1.320821563503343,1.0,0.0,1.832917088942335,0.0,0.0,1.5774105330402228,0.0,0.0,7.296085655146154,993.0143761526203,67.92140682303575,302.7106577576344,25.654931900849267
20,260.0,33.77155398927533,0.96,0.0,0.01,0.0,0.0,0.03,0.0,0.0,299.83,80.37,0.8671580562318648,0.4202009952628509,42.18295596838869,27.042412405984653,981.7523041612892,84.9572623199952,0.9804368488567896,0.0,0.0045477504150274,0.0,0.0,0.015015400728183,0.0,0.0,0.8115682576701502,0.0,0.049599397695101,0.0,0.0,0.1388323446347487,0.0,0.0,6.47541969950291,1.3383798834749514,1.0,0.0,1.8151430684360308,0.0,0.0,1.565363951487547,0.0,0.0,7.296085655146154,993.0143761526203,67.92140682303575,302.7106577576344,25.654931900849267
20,260.0,35.453814385098006,0.96,0.0,0.01,0.0,0.0,0.03,0.0,0.0,299.83,80.37,0.8671580562318648,0.4411324422682344,42.18295596838869,27.042412405984653,979.3413877185976,88.60226255474227,0.976363546944648,0.0,0.0055742038288462,0.0,0.0,0.0180622492265059,0.0,0.0,0.7831942247575784,0.0,0.0578200921690592,0.0,0.0,0.1589856830733623,0.0,0.0,6.310646702459411,1.356326736834476,1.0,0.0,1.797630292946267,0.0,0.0,1.5534748340466606,0.0,0.0,7.296085655146154,993.0143761526203,67.92140682303575,302.7106577576344,25.654931900849267
20,260.0,37.13607478092068,0.96,0.0,0.01,0.0,0.0,0.03,0.0,0.0,299.83,80.37,0.8671580562318648,0.4620638892736179,42.18295596838869,27.042412405984653,976.9027132750552,92.28878776592062,0.9722834281681844,0.0,0.0066316545849157,0.0,0.0,0.0210849172468998,0.0,0.0,0.7574199087771107,0.0,0.0655512444991014,0.0,0.0,0.1770288467237879,0.0,0.0,6.1476961930930685,1.374664621438,1.0,0.0,1.7803837270652096,0.0,0.0,1.5417467011224082,0.0,0.0,7.296085655146154,993.0143761526203,67.92140682303575,302.7106577576344,25.654931900849267
20,260.0,38.81833517674335,0.96,0.0,0.01,0.0,0.0,0.03,0.0,0.0,299.83,80.37,0.8671580562318648,0.4829953362790014,42.18295596838869,27.042412405984653,974.4356405256626,96.01795518559028,0.9681963032821792,0.0,0.0077210920941574,0.0,0.0,0.0240826046236632,0.0,0.0,0.7339278107614371,0.0,0.0728573250171264,0.0,0.0,0.1932148642214365,0.0,0.0,5.986569855862778,1.3934078826621663,1.0,0.0,1.7628278979246677,0.0,0.0,1.5301645665111727,0.0,0.0,7.296085655146154,993.0143761526203,67.92140682303575,302.7106577576344,25.654931900849267
20,260.0,40.50059557256601,0.96,0.0,0.01,0.0,0.0,0.03,0.0,0.0,299.83,80.37,0.8671580562318648,0.5039267832843849,42.18295596838869,27.042412405984653,971.9395165940372,99.79093136035031,0.9641019765647012,0.0,0.0088435152545877,0.0,0.0,0.0270545081807109,0.0,0.0,0.7124509218440117,0.0,0.0797923862100637,0.0,0.0,0.2077566919459245,0.0,0.0,5.827268755360879,1.4125896556000754,1.0,0.0,1.7423588288618337,0.0,0.0,1.5187275228451622,0.0,0.0,7.296085655146154,993.0143761526203,67.92140682303575,302.7106577576344,25.654931900849267
20,260.0,42.18285596838869,0.96,0.0,0.01,0.0,0.0,0.03,0.0,0.0,299.83,80.37,0.8671580562318648,0.5248582302897684,42.18295596838869,27.042412405984653,969.4136750460312,103.60893512417596,0.9600002438245734,0.0,0.0099999302914772,0.0,0.0,0.0299998258839494,0.0,0.0,0.6927631220687733,0.0,0.0864020119988224,0.0,0.0,0.2208348659324042,0.0,0.0,5.669795044234096,1.4322142511908773,1.0,0.0,1.7222050384928638,0.0,0.0,1.507449711141871,0.0,0.0,7.296085655146154,993.0143761526203,67.92140682303575,302.7106577576344,25.654931900849267
20,265.0,31.22808531339111,0.96,0.0,0.01,0.0,0.0,0.03,0.0,0.0,299.83,80.37,0.8838341726978621,0.3885540041482034,45.88021793307133,31.22798531339111,963.7934720073278,83.12896840888757,0.9959776822339252,0.0,0.0008931219688859,0.0,0.0,0.0031291957971888,0.0,0.0,0.9599977093001651,0.0,0.0100005798351285,0.0,0.0,0.0300017108647063,0.0,0.0,6.03739500768307,1.3750887907207563,1.0,0.0,1.7354331107389869,0.0,0.0,1.509648488537896,0.0,0.0,6.194157229336726,966.2255774553212,79.59167899763797,302.7106577576344,29.571779036695137
20,265.0,32.856088937800024,0.96,0.0,0.01,0.0,0.0,0.03,0.0,0.0,299.83,80.37,0.8838341726978621,0.4088103637899716,45.88021793307133,31.22798531339111,961.375231353484,86.64484716647722,0.9920160228470316,0.0,0.0017956669392895,0.0,0.0,0.0061883102136789,0.0,0.0,0.9244973805284228,0.0,0.019097798188868,0.0,0.0,0.0564048212827089,0.0,0.0,5.884935903643744,1.3930856203410125,1.0,0.0,1.719920506644957,0.0,0.0,1.4990169889357463,0.0,0.0,6.194157229336726,966.2255774553212,79.59167899763797,302.7106577576344,29.571779036695137
20,265.0,34.484092562208936,0.96,0.0,0.01,0.0,0.0,0.03,0.0,0.0,299.83,80.37,0.8838341726978621,0.4290667234317398,45.88021793307133,31.22798531339111,958.9288220054136,90.20048540559527,0.9880460794258152,0.0,0.0027235150950272,0.0,0.0,0.0092304054791574,0.0,0.0,0.8922837851936584,0.0,0.0275688019483639,0.0,0.0,0.0801474128579775,0.0,0.0,5.73408525420032,1.4114921649643537,1.0,0.0,1.704617975949741,0.0,0.0,1.4885207528340376,0.0,0.0,6.194157229336726,966.2255774553212,79.59167899763797,302.7106577576344,29.571779036695137
20,265.0,36.11209618661785,0.96,0.0,0.01,0.0,0.0,0.03,0.0,0.0,299.83,80.37,0.8838341726978621,0.4493230830735081,45.88021793307133,31.22798531339111,956.4535207128704,93.7969841510448,0.9840675728322554,0.0,0.0036775104494129,0.0,0.0,0.0122549167183315,0.0,0.0,0.8629451365933741,0.0,0.035496063271476,0.0,0.0,0.1015588001351499,0.0,0.0,5.584842346214338,1.4303163834903734,1.0,0.0,1.6895217879791045,0.0,0.0,1.478143334994384,0.0,0.0,6.194157229336726,966.2255774553212,79.59167899763797,302.7106577576344,29.571779036695137
20,265.0,37.74009981102676,0.96,0.0,0.01,0.0,0.0,0.03,0.0,0.0,299.83,80.37,0.8838341726978621,0.4695794427152763,45.88021793307133,31.22798531339111,953.9485876951376,97.43549374765436,0.9800802200800952,0.0,0.0046585140231409,0.0,0.0,0.015261265896764,0.0,0.0,0.8361364422576659,0.0,0.0429486158062774,0.0,0.0,0.1209149419360566,0.0,0.0,5.437206187609001,1.449579203974792,1.0,0.0,1.6746283869070877,0.0,0.0,1.4678791361217751,0.0,0.0,6.194157229336726,966.2255774553212,79.59167899763797,302.7106577576344,29.571779036695137
20,265.0,39.36810343543567,0.96,0.0,0.01,0.0,0.0,0.03,0.0,0.0,299.83,80.37,0.8838341726978621,0.4898358023570445,45.88021793307133,31.22798531339111,951.413263485056,101.1172147470775,0.9760837307044786,0.0,0.0056674037677403,0.0,0.0,0.0182488655277809,0.0,0.0,0.811566519900056,0.0,0.0499846496088822,0.0,0.0,0.1384488304910617,0.0,0.0,5.2911802439374025,1.4693019869817625,1.0,0.0,1.659934245001089,0.0,0.0,1.45774631925287,0.0,0.0,6.194157229336726,966.2255774553212,79.59167899763797,302.7106577576344,29.571779036695137
20,265.0,40.99610705984459,0.96,0.0,0.01,0.0,0.0,0.03,0.0,0.0,299.83,80.37,0.8838341726978621,0.5100921619988128,45.88021793307133,31.22798531339111,948.84676817622,104.84340464864732,0.9720778057803214,0.0,0.0067050736290517,0.0,0.0,0.0212171205906268,0.0,0.0,0.7889879793634788,0.0,0.0566535086582113,0.0,0.0,0.1543585119783098,0.0,0.0,5.1467660117376575,1.4895186983835131,1.0,0.0,1.6454358999074927,0.0,0.0,1.4477227145169422,0.0,0.0,6.194157229336726,966.2255774553212,79.59167899763797,302.7106577576344,29.571779036695137
20,265.0,42.624110684253495,0.96,0.0,0.01,0.0,0.0,0.03,0.0,0.0,299.83,80.37,0.8838341726978621,0.530348521640581,45.88021793307133,31.22798531339111,946.2482989387804,108.61537951198169,0.9680621351159984,0.0,0.007772433018257,0.0,0.0,0.0241654318657446,0.0,0.0,0.7681893210456426,0.0,0.0629972679739092,0.0,0.0,0.168813410980448,0.0,0.0,5.003965985735786,1.5102430463197274,1.0,0.0,1.6311299669980863,0.0,0.0,1.437814576260383,0.0,0.0,6.194157229336726,966.2255774553212,79.59167899763797,302.7106577576344,29.571779036695137
20,265.0,44.252114308662414,0.96,0.0,0.01,0.0,0.0,0.03,0.0,0.0,299.83,80.37,0.8838341726978621,0.5506048812823493,45.88021793307133,31.22798531339111,943.6170283863158,112.43451792920489,0.9640363953982408,0.0,0.0088704058771794,0.0,0.0,0.0270931987245798,0.0,0.0,0.7489887029864977,0.0,0.0690519752002195,0.0,0.0,0.1819593218132826,0.0,0.0,4.862783655849913,1.5314926841443013,1.0,0.0,1.6170130511933265,0.0,0.0,1.4280226947996306,0.0,0.0,6.194157229336726,966.2255774553212,79.59167899763797,302.7106577576344,29.571779036695137
20,265.0,45.880117933071325,0.96,0.0,0.01,0.0,0.0,0.03,0.0,0.0,299.83,80.37,0.8838341726978621,0.5708612409241175,45.88021793307133,31.22798531339111,940.9521025740506,116.30226452348042,0.9600002479797336,0.0,0.0099999297063608,0.0,0.0,0.0299998223139056,0.0,0.0,0.7312289597235377,0.0,0.0748486419377474,0.0,0.0,0.1939223983387149,0.0,0.0,4.723223118366072,1.5532960435413146,1.0,0.0,1.6030819729805732,0.0,0.0,1.4183351238378612,0.0,0.0,6.194157229336726,966.2255774553212,79.59167899763797,302.7106577576344,29.571779036695137
20,270.0,35.8949458895273,0.96,0.0,0.01,0.0,0.0,0.03,0.0,0.0,299.83,80.37,0.9005102891638596,0.4466212005664713,49.93997335838266,35.894845889527296,933.7453338121198,97.74491378749433,0.9951280390898404,0.0,0.0010910984944465,0.0,0.0,0.0037808624157131,0.0,0.0,0.9599980861040488,0.0,0.0100004853874842,0.0,0.0,0.0300014285084669,0.0,0.0,4.960200672725128,1.5039734043296158,1.0,0.0,1.6003017775537731,0.0,0.0,1.4136837032493876,0.0,0.0,5.130843724671824,936.9320241360858,93.30322734807504,302.7106577576344,33.91794976874195
20,270.0,37.455493386066784,0.96,0.0,0.01,0.0,0.0,0.03,0.0,0.0,299.83,80.37,0.9005102891638596,0.4660382404636902,49.93997335838266,35.894845889527296,931.1947298142612,101.29800481281768,0.9912708490053272,0.0,0.0019783596593222,0.0,0.0,0.0067507913353506,0.0,0.0,0.9313455868811256,0.0,0.0173504686800685,0.0,0.0,0.0513039444388059,0.0,0.0,4.827097983664684,1.524053782667813,1.0,0.0,1.5873845745633994,0.0,0.0,1.404721452876842,0.0,0.0,5.130843724671824,936.9320241360858,93.30322734807504,302.7106577576344,33.91794976874195
20,270.0,39.01604088260627,0.96,0.0,0.01,0.0,0.0,0.03,0.0,0.0,299.83,80.37,0.9005102891638596,0.4854552803609091,49.93997335838266,35.894845889527296,928.612143718222,104.89394725703228,0.9874031200506036,0.0,0.0028893860994927,0.0,0.0,0.0097074938499038,0.0,0.0,0.9049641824962316,0.0,0.0242807989836711,0.0,0.0,0.0707550185200973,0.0,0.0,4.695403959703727,1.5446377049355746,1.0,0.0,1.574619675573888,0.0,0.0,1.3958430694243944,0.0,0.0,5.130843724671824,936.9320241360858,93.30322734807504,302.7106577576344,33.91794976874195
20,270.0,40.57658837914576,0.96,0.0,0.01,0.0,0.0,0.03,0.0,0.0,299.83,80.37,0.9005102891638596,0.504872320258128,49.93997335838266,35.894845889527296,925.99667948507,108.53404777769542,0.9835244748178088,0.0,0.003824957296635,0.0,0.0,0.012650567885556,0.0,0.0,0.8806143604988137,0.0,0.0308382851370885,0.0,0.0,0.0885473543640978,0.0,0.0,4.565119443810068,1.565748164419346,1.0,0.0,1.5620042546500577,0.0,0.0,1.3870648220623298,0.0,0.0,5.130843724671824,936.9320241360858,93.30322734807504,302.7106577576344,33.91794976874195
20,270.0,42.13713587568523,0.96,0.0,0.01,0.0,0.0,0.03,0.0,0.0,299.83,80.37,0.9005102891638596,0.5242893601553469,49.93997335838266,35.894845889527296,923.3474105128978,112.21967689250924,0.979634522992664,0.0,0.0047858719685976,0.0,0.0,0.0155796050387383,0.0,0.0,0.8580898169109783,0.0,0.0370631857228385,0.0,0.0,0.1048469973661831,0.0,0.0,4.436249958196937,1.5874182729425754,1.0,0.0,1.5495364016209203,0.0,0.0,1.3783664262582949,0.0,0.0,5.130843724671824,936.9320241360858,93.30322734807504,302.7106577576344,33.91794976874195
20,270.0,43.69768337222472,0.96,0.0,0.01,0.0,0.0,0.03,0.0,0.0,299.83,80.37,0.9005102891638596,0.5437064000525658,49.93997335838266,35.894845889527296,920.663374983144,115.9522686662842,0.9757328572464572,0.0,0.0057729487284706,0.0,0.0,0.018494194025072,0.0,0.0,0.8372119029835844,0.0,0.0429902937204101,0.0,0.0,0.1197978032960054,0.0,0.0,4.308797249620477,1.6096773719275888,1.0,0.0,1.5372129720946013,0.0,0.0,1.369765007717965,0.0,0.0,5.130843724671824,936.9320241360858,93.30322734807504,302.7106577576344,33.91794976874195
20,270.0,45.2582308687642,0.96,0.0,0.01,0.0,0.0,0.03,0.0,0.0,299.83,80.37,0.9005102891638596,0.5631234399497848,49.93997335838266,35.894845889527296,917.9435755328462,119.73333150777918,0.9718190533545336,0.0,0.006787025487006,0.0,0.0,0.0213939211584604,0.0,0.0,0.8178252244181392,0.0,0.0486497900155377,0.0,0.0,0.1335249855663231,0.0,0.0,4.1827663122977246,1.6325429825228184,1.0,0.0,1.5250349683524853,0.0,0.0,1.3612421737883378,0.0,0.0,5.130843724671824,936.9320241360858,93.30322734807504,302.7106577576344,33.91794976874195
20,270.0,46.818778365303686,0.96,0.0,0.01,0.0,0.0,0.03,0.0,0.0,299.83,80.37,0.9005102891638596,0.5825404798470036,49.93997335838266,35.894845889527296,915.1869751612332,123.56444956162686,0.9678926667680826,0.0,0.0078289597944546,0.0,0.0,0.0242783734374627,0.0,0.0,0.799793996142733,0.0,0.0540679539329362,0.0,0.0,0.1461380499243308,0.0,0.0,4.05816105830279,1.6560557125483968,1.0,0.0,1.5129998507567994,0.0,0.0,1.352810564090994,0.0,0.0,5.130843724671824,936.9320241360858,93.30322734807504,302.7106577576344,33.91794976874195
20,270.0,48.37932586184317,0.96,0.0,0.01,0.0,0.0,0.03,0.0,0.0,299.83,80.37,0.9005102891638596,0.6019575197442226,49.93997335838266,35.894845889527296,912.3924946130588,127.4472886555364,0.9639532306769056,0.0,0.0088996286831774,0.0,0.0,0.0271471406399168,0.0,0.0,0.7829990885494984,0.0,0.059267736170668,0.0,0.0,0.1577331752798335,0.0,0.0,3.934990422545407,1.6802414897525253,1.0,0.0,1.501101701488327,0.0,0.0,1.344458434550008,0.0,0.0,5.130843724671824,936.9320241360858,93.30322734807504,302.7106577576344,33.91794976874195
20,270.0,49.939873358382656,0.96,0.0,0.01,0.0,0.0,0.03,0.0,0.0,299.83,80.37,0.9005102891638596,0.6213745596414415,49.93997335838266,35.894845889527296,909.5590089800947,131.38360151239468,0.960000253412242,0.0,0.009999928619471,0.0,0.0,0.0299998179682869,0.0,0.0,0.7673355877703861,0.0,0.0642692315862068,0.0,0.0,0.168395180643407,0.0,0.0,3.81325609142981,1.7051427515981097,1.0,0.0,1.4893380601188486,0.0,0.0,1.3361899095825809,0.0,0.0,5.130843724671824,936.9320241360858,93.30322734807504,302.7106577576344,33.91794976874195
20,275.0,41.08903542102989,0.96,0.0,0.01,0.0,0.0,0.03,0.0,0.0,299.83,80.37,0.917186405629857,0.5112484188258042,54.37728482195504,41.08893542102988,900.1697811879113,115.27729446567422,0.9940583454453378,0.0,0.001340267401101,0.0,0.0,0.004601387153561,0.0,0.0,0.9599984051904812,0.0,0.0100004054989694,0.0,0.0,0.0300011893105494,0.0,0.0,3.927168485666645,1.6681721628491353,1.0,0.0,1.479428227924868,0.0,0.0,1.3256979772478714,0.0,0.0,4.11187312512685,904.4335281070778,109.60126774294156,302.7106577576344,38.72523437118672
20,275.0,42.56549646557712,0.96,0.0,0.01,0.0,0.0,0.03,0.0,0.0,299.83,80.37,0.917186405629857,0.5296192169413602,54.37728482195504,41.08893542102988,897.4599724603801,118.8816059831577,0.9903309878065424,0.0,0.0022054907606819,0.0,0.0,0.0074635214327756,0.0,0.0,0.9372567312879676,0.0,0.0158446041796894,0.0,0.0,0.0468986645323428,0.0,0.0,3.813388797285151,1.691270136449628,1.0,0.0,1.4687106062449653,0.0,0.0,1.3181969421276447,0.0,0.0,4.11187312512685,904.4335281070778,109.60126774294156,302.7106577576344,38.72523437118672
20,275.0,44.04195751012436,0.96,0.0,0.01,0.0,0.0,0.03,0.0,0.0,299.83,80.37,0.917186405629857,0.5479900150569162,54.37728482195504,41.08893542102988,894.7129940225609,122.53308174301688,0.9865906659055984,0.0,0.0030931557570922,0.0,0.0,0.0103161783373093,0.0,0.0,0.9160532423763844,0.0,0.0214150360492937,0.0,0.0,0.0625317215743218,0.0,0.0,3.700836239841869,1.7150290305446376,1.0,0.0,1.458102896309944,0.0,0.0,1.3107579817070438,0.0,0.0,4.11187312512685,904.4335281070778,109.60126774294156,302.7106577576344,38.72523437118672
20,275.0,45.5184185546716,0.96,0.0,0.01,0.0,0.0,0.03,0.0,0.0,299.83,80.37,0.917186405629857,0.5663608131724722,54.37728482195504,41.08893542102988,891.9276873302096,126.23331408854273,0.982836882494716,0.0,0.0040039986237857,0.0,0.0,0.0131591188814981,0.0,0.0,0.8962536310981354,0.0,0.0267371056777421,0.0,0.0,0.0770092632241224,0.0,0.0,3.589515326413895,1.7394683001539462,1.0,0.0,1.4476033438422868,0.0,0.0,1.3033865193131913,0.0,0.0,4.11187312512685,904.4335281070778,109.60126774294156,302.7106577576344,38.72523437118672
20,275.0,46.99487959921884,0.96,0.0,0.01,0.0,0.0,0.03,0.0,0.0,299.83,80.37,0.917186405629857,0.5847316112880283,54.37728482195504,41.08893542102988,889.1028416048132,129.98397941131114,0.9790691160988784,0.0,0.0049387779672273,0.0,0.0,0.0159921059338943,0.0,0.0,0.8777393597348044,0.0,0.0318331758420981,0.0,0.0,0.0904274644230974,0.0,0.0,3.479431593323636,1.7646467845994656,1.0,0.0,1.4372058884520689,0.0,0.0,1.2960791269547758,0.0,0.0,4.11187312512685,904.4335281070778,109.60126774294156,302.7106577576344,38.72523437118672
20,275.0,48.47134064376608,0.96,0.0,0.01,0.0,0.0,0.03,0.0,0.0,299.83,80.37,0.917186405629857,0.6031024094035844,54.37728482195504,41.08893542102988,886.2371896266989,133.78684412250422,0.9752868184445874,0.0,0.0058982754614176,0.0,0.0,0.0188149060939949,0.0,0.0,0.8604054469908796,0.0,0.0367229851304531,0.0,0.0,0.1028715678786672,0.0,0.0,3.3705905955242663,1.790586396470124,1.0,0.0,1.4269087498752546,0.0,0.0,1.288832286379647,0.0,0.0,4.11187312512685,904.4335281070778,109.60126774294156,302.7106577576344,38.72523437118672
20,275.0,49.94780168831332,0.96,0.0,0.01,0.0,0.0,0.03,0.0,0.0,299.83,80.37,0.917186405629857,0.6214732075191405,54.37728482195504,41.08893542102988,883.329403372217,137.6437718235657,0.9714894118716132,0.0,0.0068832965243562,0.0,0.0,0.0216272916040307,0.0,0.0,0.844158623001849,0.0,0.0414239950963483,0.0,0.0,0.1144173819018027,0.0,0.0,3.2629991420359548,1.817334538964728,1.0,0.0,1.4167119205054373,0.0,0.0,1.2816468874608788,0.0,0.0,4.11187312512685,904.4335281070778,109.60126774294156,302.7106577576344,38.72523437118672
20,275.0,51.42426273286056,0.96,0.0,0.01,0.0,0.0,0.03,0.0,0.0,299.83,80.37,0.917186405629857,0.6398440056346965,54.37728482195504,41.08893542102988,880.3780892354896,141.55673052298536,0.967676286520205,0.0,0.0078946710402427,0.0,0.0,0.0244290424395522,0.0,0.0,0.8289157775551288,0.0,0.0459516817088633,0.0,0.0,0.1251325407360077,0.0,0.0,3.156665166615065,1.844935291399552,1.0,0.0,1.406615826225078,0.0,0.0,1.2745250058025457,0.0,0.0,4.11187312512685,904.4335281070778,109.60126774294156,302.7106577576344,38.72523437118672
20,275.0,52.90072377740779,0.96,0.0,0.01,0.0,0.0,0.03,0.0,0.0,299.83,80.37,0.917186405629857,0.6582148037502524,54.37728482195504,41.08893542102988,877.381782919625,145.52780070556005,0.9638467973737384,0.0,0.0089332541013989,0.0,0.0,0.0272199485248627,0.0,0.0,0.8146026520676457,0.0,0.0503197801977243,0.0,0.0,0.1350775677346299,0.0,0.0,3.051602022748523,1.8736576384370127,1.0000000001552891,0.0,1.396706042711276,0.0,0.0,1.2675279183979562,0.0,0.0,4.11187312512685,904.4335281070778,109.60126774294156,302.7106577576344,38.72523437118672
20,275.0,54.37718482195504,0.96,0.0,0.01,0.0,0.0,0.03,0.0,0.0,299.83,80.37,0.917186405629857,0.6765856018658085,54.37728482195504,41.08893542102988,874.3389433462526,149.55918360416948,0.9600002606508752,0.0,0.009999926913958,0.0,0.0,0.0299998124351668,0.0,0.0,0.8011527288985506,0.0,0.0545404923972025,0.0,0.0,0.1443067787042468,0.0,0.0,2.947801647260953,1.902888878663964,1.0,0.0,1.3867064017350834,0.0,0.0,1.2604562260666985,0.0,0.0,4.11187312512685,904.4335281070778,109.60126774294156,302.7106577576344,38.72523437118672
20,280.0,46.866293246152345,0.96,0.0,0.01,0.0,0.0,0.03,0.0,0.0,299.83,80.37,0.9338625220958544,0.5831316815497367,59.200537538931,46.86619324615234,861.7968820154149,136.7580379029251,0.9926729440189808,0.0,0.0016637597749688,0.0,0.0,0.0056632962060501,0.0,0.0,0.9599986788121536,0.0,0.0100003370905071,0.0,0.0,0.0300009840973393,0.0,0.0,2.946516773656393,1.8880413413925503,1.0,0.0,1.3701427614439723,0.0,0.0,1.2448611481690093,0.0,0.0,3.1449654870637134,867.6798743518019,129.30886906724652,302.7106577576344,44.02808165538378
20,280.0,48.23675372312775,0.96,0.0,0.01,0.0,0.0,0.03,0.0,0.0,299.83,80.37,0.9338625220958544,0.6001835725162094,59.200537538931,46.86619324615234,858.8909693385991,140.43295960069287,0.9891121605799558,0.0,0.0024982417534931,0.0,0.0,0.008389597666551,0.0,0.0,0.9424053282275754,0.0,0.0145338776454209,0.0,0.0,0.0430607941270035,0.0,0.0,2.8523070267097865,1.9157377456253672,1.0,0.0,1.3613249045888056,0.0,0.0,1.238670488009077,0.0,0.0,3.1449654870637134,867.6798743518019,129.30886906724652,302.7106577576344,44.02808165538378
20,280.0,49.60721420010316,0.96,0.0,0.01,0.0,0.0,0.03,0.0,0.0,299.83,80.37,0.9338625220958544,0.617235463482682,59.200537538931,46.86619324615234,855.9405590620635,144.1612378395506,0.9855356753332324,0.0,0.003353909418215,0.0,0.0,0.0111104152485525,0.0,0.0,0.9258227493969344,0.0,0.0188952064270933,0.0,0.0,0.0552820441759722,0.0,0.0,2.759157409030167,1.9443285557214267,1.0,0.0,1.3525802046600093,0.0,0.0,1.2325240886204674,0.0,0.0,3.1449654870637134,867.6798743518019,129.30886906724652,302.7106577576344,44.02808165538378
20,280.0,50.97767467707856,0.96,0.0,0.01,0.0,0.0,0.03,0.0,0.0,299.83,80.37,0.9338625220958544,0.6342873544491546,59.200537538931,46.86619324615234,852.9440734585937,147.94489210825233,0.9819428335045765,0.0,0.0042314723562117,0.0,0.0,0.0138256941392118,0.0,0.0,0.910179890034784,0.0,0.0230971545443745,0.0,0.0,0.0667229554208414,0.0,0.0,2.667073613749375,1.973866404128552,1.0,0.0,1.3439050268987174,0.0,0.0,1.2264212757567807,0.0,0.0,3.1449654870637134,867.6798743518019,129.30886906724652,302.7106577576344,44.02808165538378
20,280.0,52.34813515405396,0.96,0.0,0.01,0.0,0.0,0.03,0.0,0.0,299.83,80.37,0.9338625220958544,0.6513392454156273,59.200537538931,46.86619324615234,849.8998473064964,151.78606147804567,0.9783329416554024,0.0,0.0051316667376942,0.0,0.0,0.0165353916069032,0.0,0.0,0.8954127005085727,0.0,0.0271512299742664,0.0,0.0,0.0774360695171609,0.0,0.0,2.576065183271448,2.004416976191665,1.0,0.0,1.3352949103922953,0.0,0.0,1.220361314573815,0.0,0.0,3.1449654870637134,867.6798743518019,129.30886906724652,302.7106577576344,44.02808165538378
20,280.0,53.71859563102937,0.96,0.0,0.01,0.0,0.0,0.03,0.0,0.0,299.83,80.37,0.9338625220958544,0.6683911363820999,59.200537538931,46.86619324615234,846.8061202984518,155.68701371272255,0.974705263962577,0.0,0.0060552567481801,0.0,0.0,0.0192394792892428,0.0,0.0,0.8814633230265149,0.0,0.0310677637137238,0.0,0.0,0.0874689132597612,0.0,0.0,2.486139094474144,2.0360316657122746,1.0,0.0,1.3267544364641304,0.0,0.0,1.2143439630118107,0.0,0.0,3.1449654870637134,867.6798743518019,129.30886906724652,302.7106577576344,44.02808165538378
20,280.0,55.089056108004776,0.96,0.0,0.01,0.0,0.0,0.03,0.0,0.0,299.83,80.37,0.9338625220958544,0.6854430273485725,59.200537538931,46.86619324615234,843.6610307361381,159.65016071874368,0.9710590195528028,0.0,0.0070030357511921,0.0,0.0,0.021937944696005,0.0,0.0,0.8682794123910915,0.0,0.0348560300152358,0.0,0.0,0.0968645575936726,0.0,0.0,2.3973050462941154,2.0687673323529583,1.0,0.0,1.31827671096008,0.0,0.0,1.208367429290002,0.0,0.0,3.1449654870637134,867.6798743518019,129.30886906724652,302.7106577576344,44.02808165538378
20,280.0,56.45951658498018,0.96,0.0,0.01,0.0,0.0,0.03,0.0,0.0,299.83,80.37,0.9338625220958544,0.7024949183150451,59.200537538931,46.86619324615234,840.4626017375555,163.6780597510318,0.9673933748985548,0.0,0.0079758288613114,0.0,0.0,0.0246307962401336,0.0,0.0,0.8558134952312992,0.0,0.038524363891632,0.0,0.0,0.1056621408770687,0.0,0.0,2.309573602397282,2.102714821291428,1.0,0.0,1.30986331501806,0.0,0.0,1.2024324851382535,0.0,0.0,3.1449654870637134,867.6798743518019,129.30886906724652,302.7106577576344,44.02808165538378
20,280.0,57.82997706195559,0.96,0.0,0.01,0.0,0.0,0.03,0.0,0.0,299.83,80.37,0.9338625220958544,0.7195468092815178,59.200537538931,46.86619324615234,837.2087344040978,167.77343807635796,0.9637074412673462,0.0,0.0089744941529025,0.0,0.0,0.0273180645797512,0.0,0.0,0.8440224908942331,0.0,0.0420802421786968,0.0,0.0,0.11389726692707,0.0,0.0,2.2229578016909124,2.138800024601806,1.0000000000547795,0.0,1.301733744264635,0.0,0.0,1.1966987599229415,0.0,0.0,3.1449654870637134,867.6798743518019,129.30886906724652,302.7106577576344,44.02808165538378
20,280.0,59.20043753893099,0.96,0.0,0.01,0.0,0.0,0.03,0.0,0.0,299.83,80.37,0.9338625220958544,0.7365987002479903,59.200537538931,46.86619324615234,833.8971984546588,171.93920349798455,0.9600002705874248,0.0,0.0099999243777078,0.0,0.0,0.0299998050348673,0.0,0.0,0.8328672423241825,0.0,0.0455303671358571,0.0,0.0,0.1216023905399604,0.0,0.0,2.13746196669737,2.175522693865145,1.0000000000173517,0.0,1.293468624644476,0.0,0.0,1.1908602538649222,0.0,0.0,3.1449654870637134,867.6798743518019,129.30886906724652,302.7106577576344,44.02808165538378
20,285.0,53.300465826946464,0.96,0.0,0.01,0.0,0.0,0.03,0.0,0.0,299.83,80.37,0.9505386385618516,0.663188575674337,64.40336818530038,53.30036582694646,816.462217555718,163.97057977547155,0.990797806971292,0.0,0.00210460555478,0.0,0.0,0.0070975874739279,0.0,0.0,0.959998917872346,0.0,0.0100002774166575,0.0,0.0,0.0300008047109965,0.0,0.0,2.030221056720086,2.206266385637201,1.0000000003123772,0.0,1.2702265512745157,0.0,0.0,1.1706399817002882,0.0,0.0,2.2410524707626744,824.9746819221486,153.77005765610247,302.7106577576344,49.86436423924916
20,285.0,54.53411053343023,0.96,0.0,0.01,0.0,0.0,0.03,0.0,0.0,299.83,80.37,0.9505386385618516,0.6785381427576238,64.40336818530038,53.30036582694646,813.3074548591861,167.7440019465859,0.9874606198065622,0.0,0.0028956955541258,0.0,0.0,0.009643684639312,0.0,0.0,0.9469512144807544,0.0,0.0133758358562424,0.0,0.0,0.039672949663003,0.0,0.0,1.9562040970723036,2.2402796173366584,1.0,0.0,1.262821841655572,0.0,0.0,1.1654695329366678,0.0,0.0,2.2410524707626744,824.9746819221486,153.77005765610247,302.7106577576344,49.86436423924916
20,285.0,55.767755239914,0.96,0.0,0.01,0.0,0.0,0.03,0.0,0.0,299.83,80.37,0.9505386385618516,0.6938877098409107,64.40336818530038,53.30036582694646,810.0972506479532,171.58011944134932,0.9841045241089906,0.0,0.0037065765998887,0.0,0.0,0.0121888992911204,0.0,0.0,0.9345360999511678,0.0,0.0166483413528849,0.0,0.0,0.0488155586959473,0.0,0.0,1.8830906232259192,2.2768442100927517,1.0,0.0,1.2557220295736842,0.0,0.0,1.160514831251319,0.0,0.0,2.2410524707626744,824.9746819221486,153.77005765610247,302.7106577576344,49.86436423924916
20,285.0,57.00139994639777,0.96,0.0,0.01,0.0,0.0,0.03,0.0,0.0,299.83,80.37,0.9505386385618516,0.7092372769241977,64.40336818530038,53.30036582694646,806.8293040789082,175.48165509314555,0.9807286439347788,0.0,0.0045379452628576,0.0,0.0,0.0147334108023635,0.0,0.0,0.9227196809509672,0.0,0.0198234666920153,0.0,0.0,0.0574568523570172,0.0,0.0,1.810886990772662,2.3148346266331585,1.0,0.0,1.2486655072705106,0.0,0.0,1.1555909194585678,0.0,0.0,2.2410524707626744,824.9746819221486,153.77005765610247,302.7106577576344,49.86436423924916
20,285.0,58.235044652881534,0.96,0.0,0.01,0.0,0.0,0.03,0.0,0.0,299.83,80.37,0.9505386385618516,0.7245868440074845,64.40336818530038,53.30036582694646,803.5011585732753,179.45151752851515,0.9773320420198836,0.0,0.005390531239588,0.0,0.0,0.0172774267405282,0.0,0.0,0.911470867101162,0.0,0.0229063570126618,0.0,0.0,0.0656227758861763,0.0,0.0,1.7396206499343585,2.356538566656232,1.0000000000072775,0.0,1.242037082037862,0.0,0.0,1.1509712968330308,0.0,0.0,2.2410524707626744,824.9746819221486,153.77005765610247,302.7106577576344,49.86436423924916
20,285.0,59.46868935936531,0.96,0.0,0.01,0.0,0.0,0.03,0.0,0.0,299.83,80.37,0.9505386385618516,0.7399364110907715,64.40336818530038,53.30036582694646,800.1101897619674,183.49282219968757,0.9739137154251332,0.0,0.0062650994030606,0.0,0.0,0.0198211851718061,0.0,0.0,0.9007611291338348,0.0,0.0259016687778732,0.0,0.0,0.073337202088292,0.0,0.0,1.669253489187703,2.395341784191588,1.0,0.0,1.234642844550783,0.0,0.0,1.1458066849425534,0.0,0.0,2.2410524707626744,824.9746819221486,153.77005765610247,302.7106577576344,49.86436423924916
20,285.0,60.70233406584907,0.96,0.0,0.01,0.0,0.0,0.03,0.0,0.0,299.83,80.37,0.9505386385618516,0.7552859781740583,64.40336818530038,53.30036582694646,796.6535774119034,187.6088962147796,0.9704725826589932,0.0,0.0071624542543241,0.0,0.0,0.0223649630866825,0.0,0.0,0.8905642427287643,0.0,0.0288136149466032,0.0,0.0,0.0806221423246324,0.0,0.0,1.599865957940732,2.4412365980034365,1.0000000000003182,0.0,1.228187263960092,0.0,0.0,1.1413112409865789,0.0,0.0,2.2410524707626744,824.9746819221486,153.77005765610247,302.7106577576344,49.86436423924916
20,285.0,61.935978772332845,0.96,0.0,0.01,0.0,0.0,0.03,0.0,0.0,299.83,80.37,0.9505386385618516,0.7706355452573453,64.40336818530038,53.30036582694646,793.1283011354649,191.80332641076444,0.9670074842823624,0.0,0.0080834408256489,0.0,0.0,0.0249090748919885,0.0,0.0,0.8808561559195961,0.0,0.0316459794062596,0.0,0.0,0.0874978646741442,0.0,0.0,1.5314205554746347,2.4863971331000725,1.0000000000002685,0.0,1.2213195421551293,0.0,0.0,1.1365224836496275,0.0,0.0,2.2410524707626744,824.9746819221486,153.77005765610247,302.7106577576344,49.86436423924916
20,285.0,63.16962347881661,0.96,0.0,0.01,0.0,0.0,0.03,0.0,0.0,299.83,80.37,0.9505386385618516,0.7859851123406322,64.40336818530038,53.30036582694646,789.5311095923356,196.0799700765964,0.963517169252482,0.0,0.0090289495988135,0.0,0.0,0.0274538811487042,0.0,0.0,0.8716147805778138,0.0,0.0344021531572008,0.0,0.0,0.0939830662649853,0.0,0.0,1.4639165356999972,2.5293331796053304,1.0,0.0,1.2138795061523495,0.0,0.0,1.1313296017970182,0.0,0.0,2.2410524707626744,824.9746819221486,153.77005765610247,302.7106577576344,49.86436423924916
20,285.0,64.40326818530038,0.96,0.0,0.01,0.0,0.0,0.03,0.0,0.0,299.83,80.37,0.9505386385618516,0.801334679423919,64.40336818530038,53.30036582694646,785.8584951978976,200.4429858945592,0.9600002848865924,0.0,0.0099999205990383,0.0,0.0,0.0299997945143693,0.0,0.0,0.8628198465277026,0.0,0.0370851554490738,0.0,0.0,0.1000949980232236,0.0,0.0,1.3974470531420269,2.583064146498549,1.0000000000003733,0.0,1.2076941569072333,0.0,0.0,1.12702938901881,0.0,0.0,2.2410524707626744,824.9746819221486,153.77005765610247,302.7106577576344,49.86436423924916
20,290.0,60.50342336713105,0.96,0.0,0.01,0.0,0.0,0.03,0.0,0.0,299.83,80.37,0.9672147550278491,0.7528110410244002,69.94243196835392,60.503323367131046,759.907702826459,200.5011910219663,0.9880606379117044,0.0,0.0027568772916552,0.0,0.0,0.0091824847966404,0.0,0.0,0.9599991342586556,0.0,0.0100002234685758,0.0,0.0,0.0300006422727686,0.0,0.0,1.1974221832498149,2.728576039297303,1.0000000000362923,0.0,1.1770804215631077,0.0,0.0,1.1024531453209632,0.0,0.0,1.4167983026644004,773.2637021553837,185.44864903964933,302.7106577576344,56.27641671412855
20,290.0,61.55219098948915,0.96,0.0,0.01,0.0,0.0,0.03,0.0,0.0,299.83,80.37,0.9672147550278491,0.7658602835571624,69.94243196835392,60.503323367131046,756.4261328328471,204.4143138596918,0.98504659966559,0.0,0.0034827708507016,0.0,0.0,0.0114706294837084,0.0,0.0,0.9510606426095892,0.0,0.0123260578816541,0.0,0.0,0.0366132995087567,0.0,0.0,1.1448076060684087,2.778995277937679,1.0000000000920168,0.0,1.171568492915233,0.0,0.0,1.0987050501720277,0.0,0.0,1.4167983026644004,773.2637021553837,185.44864903964933,302.7106577576344,56.27641671412855
20,290.0,62.60095861184724,0.96,0.0,0.01,0.0,0.0,0.03,0.0,0.0,299.83,80.37,0.9672147550278491,0.7789095260899246,69.94243196835392,60.503323367131046,752.8712950511612,208.40551416588164,0.982009853274342,0.0,0.0042265840139359,0.0,0.0,0.0137635627117221,0.0,0.0,0.942484533056826,0.0,0.0145944911850449,0.0,0.0,0.042920975758129,0.0,0.0,1.0929362446940394,2.831798798108042,1.0000000001146632,0.0,1.1660761328690172,0.0,0.0,1.094976991981498,0.0,0.0,1.4167983026644004,773.2637021553837,185.44864903964933,302.7106577576344,56.27641671412855
20,290.0,63.64972623420534,0.96,0.0,0.01,0.0,0.0,0.03,0.0,0.0,299.83,80.37,0.9672147550278491,0.7919587686226868,69.94243196835392,60.503323367131046,749.2394616774212,212.47885081310184,0.978949185282848,0.0,0.0049890150020411,0.0,0.0,0.0160617997151107,0.0,0.0,0.9342579118198212,0.0,0.0168073226242485,0.0,0.0,0.0489347655559303,0.0,0.0,1.0418222695237789,2.887187720705328,1.0000000000036038,0.0,1.1606035826544936,0.0,0.0,1.091267636345114,0.0,0.0,1.4167983026644004,773.2637021553837,185.44864903964933,302.7106577576344,56.27641671412855
20,290.0,64.69849385656343,0.96,0.0,0.01,0.0,0.0,0.03,0.0,0.0,299.83,80.37,0.9672147550278491,0.8050080111554488,69.94243196835392,60.503323367131046,745.5265952605026,216.63872359774948,0.9758632821128764,0.0,0.005770805850876,0.0,0.0,0.0183659120362475,0.0,0.0,0.9263688591471012,0.0,0.0189661536062573,0.0,0.0,0.0546649872466414,0.0,0.0,0.9914749391240092,2.9453788022641505,1.0000000000020774,0.0,1.15514951621493,0.0,0.0,1.0875785865546284,0.0,0.0,1.4167983026644004,773.2637021553837,185.44864903964933,302.7106577576344,56.27641671412855
20,290.0,65.74726147892153,0.96,0.0,0.01,0.0,0.0,0.03,0.0,0.0,299.83,80.37,0.9672147550278491,0.8180572536882111,69.94243196835392,60.503323367131046,741.728298097828,220.88991390438687,0.9727507127009256,0.0,0.0065727484558471,0.0,0.0,0.0206765388432273,0.0,0.0,0.9188063813953052,0.0,0.0210723922876824,0.0,0.0,0.0601212263170123,0.0,0.0,0.9419104752662198,3.0066289343104016,1.0000000000017395,0.0,1.1497136254110762,0.0,0.0,1.083908674252553,0.0,0.0,1.4167983026644004,773.2637021553837,185.44864903964933,302.7106577576344,56.27641671412855
20,290.0,66.79602910127963,0.96,0.0,0.01,0.0,0.0,0.03,0.0,0.0,299.83,80.37,0.9672147550278491,0.8311064962209733,69.94243196835392,60.503323367131046,737.8397745703065,225.2376338889028,0.9696099171355204,0.0,0.0073956892714757,0.0,0.0,0.0229943935930038,0.0,0.0,0.911560373114888,0.0,0.0231272557508661,0.0,0.0,0.0653123711342457,0.0,0.0,0.8931417314680344,3.0712114625979496,1.0000000000018048,0.0,1.144295005378292,0.0,0.0,1.080258601934253,0.0,0.0,1.4167983026644004,773.2637021553837,185.44864903964933,302.7106577576344,56.27641671412855
20,290.0,67.84479672363773,0.96,0.0,0.01,0.0,0.0,0.03,0.0,0.0,299.83,80.37,0.9672147550278491,0.8441557387537355,69.94243196835392,60.503323367131046,733.8557887239027,229.68756640837552,0.966439193741504,0.0,0.0082405346363276,0.0,0.0,0.0253202716221685,0.0,0.0,0.9046215646169556,0.0,0.025131776253727,0.0,0.0,0.0702466591293174,0.0,0.0,0.8451880675622432,3.1394334282389083,1.0000000000018394,0.0,1.1388929736730575,0.0,0.0,1.0766290692580889,0.0,0.0,1.4167983026644004,773.2637021553837,185.44864903964933,302.7106577576344,56.27641671412855
20,290.0,68.89356434599581,0.96,0.0,0.01,0.0,0.0,0.03,0.0,0.0,299.83,80.37,0.9672147550278491,0.8572049812864976,69.94243196835392,60.503323367131046,729.7706022657148,234.24596810631505,0.9632366789508308,0.0,0.0091082582620192,0.0,0.0,0.0276550627871498,0.0,0.0,0.8979815453917352,0.0,0.0270867872097905,0.0,0.0,0.0749316673984741,0.0,0.0,0.7980599124963839,3.211668717428921,1.0000000000009948,0.0,1.1335066967886995,0.0,0.0,1.073019427894763,0.0,0.0,1.4167983026644004,773.2637021553837,185.44864903964933,302.7106577576344,56.27641671412855
20,290.0,69.94233196835391,0.96,0.0,0.01,0.0,0.0,0.03,0.0,0.0,299.83,80.37,0.9672147550278491,0.8702542238192598,69.94243196835392,60.503323367131046,725.5778569834582,238.9196803576064,0.9600003070392772,0.0,0.0099999147022583,0.0,0.0,0.0299997782584643,0.0,0.0,0.8916326652169704,0.0,0.0289929422500928,0.0,0.0,0.0793743925329367,0.0,0.0,0.7517714450118557,3.2883168152389946,1.000000000330033,0.0,1.1281352974793286,0.0,0.0,1.0694307789330224,0.0,0.0,1.4167983026644004,773.2637021553837,185.44864903964933,302.7106577576344,56.27641671412855
21,200.0,2.6797252450179765,0.98,0.0,0.0,0.0,0.01,0.01,0.0,0.0,301.25,77.28,0.6639004149377593,0.0346755337088247,7.760911539184376,2.6796252450179763,1221.7401777419666,7.336265365597304,0.999774144461714,0.0,0.0,0.0,0.0001381337206511,8.772181763476791e-05,0.0,0.0,0.9799647952197792,0.0,0.0,0.0,0.0100175575148448,0.0100176472653759,0.0,0.0,22.514713426788614,0.6832018514173399,1.0000000103966802,0.0,0.0,0.0,5.235236664761622,4.157139812969577,0.0,0.0,22.53960113748808,1221.920496490378,7.249541730897533,302.7106577576344,2.6239816647333654
21,200.0,3.244290388814244,0.98,0.0,0.0,0.0,0.01,0.01,0.0,0.0,301.25,77.28,0.6639004149377593,0.0419809832921097,7.760911539184376,2.6796252450179763,1219.9465021988078,8.224996964001832,0.9974975169956488,0.0,0.0,0.0,0.0014996514570492,0.0010028315473019,0.0,0.0,0.8154506503836192,0.0,0.0,0.0,0.0899385892640038,0.0946107603523769,0.0,0.0,22.265897227556938,0.6908869652086693,1.0000000062664969,0.0,0.0,0.0,5.166322366237779,4.108607547275911,0.0,0.0,22.53960113748808,1221.920496490378,7.249541730897533,302.7106577576344,2.6239816647333654
21,200.0,3.80885553261051,0.98,0.0,0.0,0.0,0.01,0.01,0.0,0.0,301.25,77.28,0.6639004149377593,0.0492864328753947,7.760911539184376,2.6796252450179763,1218.2123661079552,9.132668174798372,0.9952408493765508,0.0,0.0,0.0,0.0027926556474808,0.0019664949759684,0.0,0.0,0.6993006279472637,0.0,0.0,0.0,0.1427417510622906,0.1579576209904457,0.0,0.0,22.0229132935569,0.6984457209351327,1.0000000035532588,0.0,0.0,0.0,5.099344244991166,4.061512153664984,0.0,0.0,22.53960113748808,1221.920496490378,7.249541730897533,302.7106577576344,2.6239816647333654
21,200.0,4.373420676406777,0.98,0.0,0.0,0.0,0.01,0.01,0.0,0.0,301.25,77.28,0.6639004149377593,0.0565918824586798,7.760911539184376,2.6796252450179763,1216.537719453873,10.059191780177605,0.9930044002291608,0.0,0.0,0.0,0.0040172101040709,0.0029783896667682,0.0,0.0,0.6129394009233401,0.0,0.0,0.0,0.1788694906840184,0.2081911083926414,0.0,0.0,21.785638907932096,0.705913162436228,1.000000001836885,0.0,0.0,0.0,5.034314008206136,4.015851796963418,0.0,0.0,22.53960113748808,1221.920496490378,7.249541730897533,302.7106577576344,2.6239816647333654
21,200.0,4.937985820203044,0.98,0.0,0.0,0.0,0.01,0.01,0.0,0.0,301.25,77.28,0.6639004149377593,0.0638973320419648,7.760911539184376,2.6796252450179763,1214.9219880457697,11.004373495236738,0.9907882308566364,0.0,0.0,0.0,0.0051739729249414,0.004037796218422,0.0,0.0,0.5462228299000031,0.0,0.0,0.0,0.2040466787617051,0.2497304913382916,0.0,0.0,21.553923533211524,0.7132518787200376,1.00000000065093,0.0,0.0,0.0,4.971497591535535,3.971607879411104,0.0,0.0,22.53960113748808,1221.920496490378,7.249541730897533,302.7106577576344,2.6239816647333654
21,200.0,5.50255096399931,0.98,0.0,0.0,0.0,0.01,0.01,0.0,0.0,301.25,77.28,0.6639004149377593,0.0712027816252498,7.760911539184376,2.6796252450179763,1213.3640962435627,11.967921379282071,0.9885921998405488,0.0,0.0,0.0,0.0062641657402855,0.0051436344191657,0.0,0.0,0.4931424776034122,0.0,0.0,0.0,0.2216825778638668,0.285174944532721,0.0,0.0,21.32759092066213,0.7204931581401568,1.0,0.0,0.0,0.0,4.910795996889235,3.929026434476032,0.0,0.0,22.53960113748808,1221.920496490378,7.249541730897533,302.7106577576344,2.6239816647333654
21,200.0,6.067116107795577,0.98,0.0,0.0,0.0,0.01,0.01,0.0,0.0,301.25,77.28,0.6639004149377593,0.0785082312085349,7.760911539184376,2.6796252450179763,1211.8625145049969,12.949457447364145,0.9864159737888374,0.0,0.0,0.0,0.0072895179587424,0.00629450825242,0.0,0.0,0.4499131523112833,0.0,0.0,0.0,0.2339396431866379,0.3161472045020787,0.0,0.0,21.10644351117028,0.7276236563388715,1.0,0.0,0.0,0.0,4.851906758991583,3.887805075617091,0.0,0.0,22.53960113748808,1221.920496490378,7.249541730897533,302.7106577576344,2.6239816647333654
21,200.0,6.631681251591844,0.98,0.0,0.0,0.0,0.01,0.01,0.0,0.0,301.25,77.28,0.6639004149377593,0.0858136807918199,7.760911539184376,2.6796252450179763,1210.415323048961,13.948531795656104,0.9842590475869738,0.0,0.0,0.0,0.0082521941676226,0.0074887582454035,0.0,0.0,0.414031765708324,0.0,0.0,0.0,0.2422591050310751,0.3437091292606009,0.0,0.0,20.89026667681935,0.7346379013281158,1.0,0.0,0.0,0.0,4.794780590105069,3.847854552186015,0.0,0.0,22.53960113748808,1221.920496490378,7.249541730897533,302.7106577576344,2.6239816647333654
21,200.0,7.19624639538811,0.98,0.0,0.0,0.0,0.01,0.01,0.0,0.0,301.25,77.28,0.6639004149377593,0.0931191303751049,7.760911539184376,2.6796252450179763,1209.0202848200693,14.964638265515406,0.982120770334963,0.0,0.0,0.0,0.0091547117573562,0.0087245179076806,0.0,0.0,0.3837769246473389,0.0,0.0,0.0,0.2476402325512925,0.3685828428013685,0.0,0.0,20.678833769636928,0.7415767028727266,1.0,0.0,0.0,0.0,4.739358835168464,3.809126631626048,0.0,0.0,22.53960113748808,1221.920496490378,7.249541730897533,302.7106577576344,2.6239816647333654
21,200.0,7.760811539184377,0.98,0.0,0.0,0.0,0.01,0.01,0.0,0.0,301.25,77.28,0.6639004149377593,0.1004245799583899,7.760911539184376,2.6796252450179763,1207.6749217474735,15.99723050092477,0.9800003740122069,0.0,0.0,0.0,0.0099998552238624,0.0099997707639307,0.0,0.0,0.3579259117197941,0.0,0.0,0.0,0.2507982470713748,0.3912758412088311,0.0,0.0,20.471911250870058,0.7484024504225879,1.0000000000280842,0.0,0.0,0.0,4.685576337073948,3.771569351320584,0.0,0.0,22.53960113748808,1221.920496490378,7.249541730897533,302.7106577576344,2.6239816647333654
21,205.0,3.426481882235199,0.98,0.0,0.0,0.0,0.01,0.01,0.0,0.0,301.25,77.28,0.6804979253112033,0.0443385336728157,8.635969353359416,3.426381882235199,1206.0471914734271,9.234559839286844,0.999713916224793,0.0,0.0,0.0,0.0001779113688161,0.0001081724063907,0.0,0.0,0.9799726789955174,0.0,0.0,0.0,0.0100136121775328,0.0100137088269496,0.0,0.0,21.12913781741496,0.7111630649240213,1.0,0.0,0.0,0.0,4.501369051087004,3.797177574995538,0.0,0.0,21.15779579629945,1206.2779501886548,9.12387059747945,302.7106577576344,3.35468958110042
21,205.0,4.005302712360112,0.98,0.0,0.0,0.0,0.01,0.01,0.0,0.0,301.25,77.28,0.6804979253112033,0.0518284512468958,8.635969353359416,3.426381882235199,1204.2250117220542,10.138353388962484,0.9974218559316458,0.0,0.0,0.0,0.0015684848537931,0.0010096592145611,0.0,0.0,0.8444108753278503,0.0,0.0,0.0,0.075619975438872,0.0799691492332776,0.0,0.0,20.90127919652605,0.7184750503160515,1.0000000002059923,0.0,0.0,0.0,4.4472470994400135,3.756851856115867,0.0,0.0,21.15779579629945,1206.2779501886548,9.12387059747945,302.7106577576344,3.35468958110042
21,205.0,4.584123542485025,0.98,0.0,0.0,0.0,0.01,0.01,0.0,0.0,301.25,77.28,0.6804979253112033,0.0593183688209759,8.635969353359416,3.426381882235199,1202.471153846358,11.06235239123593,0.9951558240395396,0.0,0.0,0.0,0.0028808804401855,0.0019632955202749,0.0,0.0,0.7427325954252137,0.0,0.0,0.0,0.1214512161402806,0.1358161884345056,0.0,0.0,20.6790288379415,0.7256764096374895,1.0000000000237337,0.0,0.0,0.0,4.39478327728728,3.717803775887312,0.0,0.0,21.15779579629945,1206.2779501886548,9.12387059747945,302.7106577576344,3.35468958110042
21,205.0,5.162944372609938,0.98,0.0,0.0,0.0,0.01,0.01,0.0,0.0,301.25,77.28,0.6804979253112033,0.0668082863950561,8.635969353359416,3.426381882235199,1200.785298528319,12.006404173562924,0.992915981336596,0.0,0.0,0.0,0.0041154643571604,0.0029685543062435,0.0,0.0,0.663662355288218,0.0,0.0,0.0,0.1541237871878965,0.1822138575238854,0.0,0.0,20.462256008456333,0.7327524138295367,1.0,0.0,0.0,0.0,4.343962152505306,3.6802576651088175,0.0,0.0,21.15779579629945,1206.2779501886548,9.12387059747945,302.7106577576344,3.35468958110042
21,205.0,5.74176520273485,0.98,0.0,0.0,0.0,0.01,0.01,0.0,0.0,301.25,77.28,0.6804979253112033,0.0742982039691362,8.635969353359416,3.426381882235199,1199.166412793158,12.97021438135339,0.990702184233478,0.0,0.0,0.0,0.005273405531006,0.004024410235516,0.0,0.0,0.6004267356868815,0.0,0.0,0.0,0.1776376384988962,0.2219356258142221,0.0,0.0,20.25079532957198,0.7397521301959721,1.0,0.0,0.0,0.0,4.294752509858438,3.6439315708675823,0.0,0.0,21.15779579629945,1206.2779501886548,9.12387059747945,302.7106577576344,3.35468958110042
21,205.0,6.320586032859763,0.98,0.0,0.0,0.0,0.01,0.01,0.0,0.0,301.25,77.28,0.6804979253112033,0.0817881215432164,8.635969353359416,3.426381882235199,1197.6128062043806,13.953363509456508,0.9885139970710116,0.0,0.0,0.0,0.0063566088426419,0.0051293940863463,0.0,0.0,0.5487117279339352,0.0,0.0,0.0,0.1945610074341998,0.2567272646318649,0.0,0.0,20.04445244483925,0.7466263098017735,1.0,0.0,0.0,0.0,4.247110049870552,3.6087680648841256,0.0,0.0,21.15779579629945,1206.2779501886548,9.12387059747945,302.7106577576344,3.35468958110042
21,205.0,6.8994068629846765,0.98,0.0,0.0,0.0,0.01,0.01,0.0,0.0,301.25,77.28,0.6804979253112033,0.0892780391172965,8.635969353359416,3.426381882235199,1196.122217839809,14.95532692252996,0.986350722183621,0.0,0.0,0.0,0.0073676158651704,0.0062816619512086,0.0,0.0,0.5056395449995048,0.0,0.0,0.0,0.2066231398303572,0.287737315170138,0.0,0.0,19.843009042591905,0.7533825571574874,1.0,0.0,0.0,0.0,4.201008480236239,3.57472451131373,0.0,0.0,21.15779579629945,1206.2779501886548,9.12387059747945,302.7106577576344,3.35468958110042
21,205.0,7.47822769310959,0.98,0.0,0.0,0.0,0.01,0.01,0.0,0.0,301.25,77.28,0.6804979253112033,0.0967679566913766,8.635969353359416,3.426381882235199,1194.691922258269,15.975497510498764,0.9842114408985374,0.0,0.0,0.0,0.0083094853079348,0.0074790737935276,0.0,0.0,0.4692169491019712,0.0,0.0,0.0,0.2150334488371491,0.3157496020608796,0.0,0.0,19.646229399909597,0.7600659927145855,1.0,0.0,0.0,0.0,4.156578578375546,3.541752585649705,0.0,0.0,21.15779579629945,1206.2779501886548,9.12387059747945,302.7106577576344,3.35468958110042
21,205.0,8.057048523234503,0.98,0.0,0.0,0.0,0.01,0.01,0.0,0.0,301.25,77.28,0.6804979253112033,0.1042578742654568,8.635969353359416,3.426381882235199,1193.3188436968376,17.01320928140076,0.9820950601346848,0.0,0.0,0.0,0.009185664825629,0.008719275039686,0.0,0.0,0.4380197002509527,0.0,0.0,0.0,0.2206639397098452,0.3413163600392019,0.0,0.0,19.453866837896427,0.7666438161875171,1.0,0.0,0.0,0.0,4.113504522390147,3.5098305472615183,0.0,0.0,21.15779579629945,1206.2779501886548,9.12387059747945,302.7106577576344,3.35468958110042
21,205.0,8.635869353359416,0.98,0.0,0.0,0.0,0.01,0.01,0.0,0.0,301.25,77.28,0.6804979253112033,0.1117477918395369,8.635969353359416,3.426381882235199,1191.9996691013152,18.067760200096306,0.9800003600625602,0.0,0.0,0.0,0.0099998644797957,0.0099997754576439,0.0,0.0,0.4110030810044002,0.0,0.0,0.0,0.2241588356421414,0.3648380833534583,0.0,0.0,19.26566996261812,0.7731232500396232,1.0,0.0,0.0,0.0,4.071719421278945,3.479010238508507,0.0,0.0,21.15779579629945,1206.2779501886548,9.12387059747945,302.7106577576344,3.35468958110042
21,210.0,4.324627108712935,0.98,0.0,0.0,0.0,0.01,0.01,0.0,0.0,301.25,77.28,0.6970954356846473,0.0559604957131591,9.645476890352668,4.324527108712935,1190.001957349421,11.494696365680364,0.999641052538466,0.0,0.0,0.0,0.0002263496253348,0.0001325978361992,0.0,0.0,0.9799785400759736,0.0,0.0,0.0,0.0100106787451481,0.0100107811788781,0.0,0.0,19.761149492137434,0.7411746189970237,1.0,0.0,0.0,0.0,3.9015154543303896,3.477163666905714,0.0,0.0,19.793904820789816,1190.2941504876192,11.354703713715036,302.7106577576344,4.233266563955471
21,210.0,4.915821528895128,0.98,0.0,0.0,0.0,0.01,0.01,0.0,0.0,301.25,77.28,0.6970954356846473,0.0636105270302164,9.645476890352668,4.324527108712935,1188.1551015933285,12.41286619957927,0.9973365326987644,0.0,0.0,0.0,0.001640916693792,0.0010225506074436,0.0,0.0,0.8681521529246781,0.0,0.0,0.0,0.0639292076200026,0.0679186394553192,0.0,0.0,19.55231738220104,0.7481936219951536,1.0,0.0,0.0,0.0,3.858425503929029,3.443724953075807,0.0,0.0,19.793904820789816,1190.2941504876192,11.354703713715036,302.7106577576344,4.233266563955471
21,210.0,5.50701594907732,0.98,0.0,0.0,0.0,0.01,0.01,0.0,0.0,301.25,77.28,0.6970954356846473,0.0712605583472738,9.645476890352668,4.324527108712935,1186.384413969456,13.352250505854348,0.995063844008268,0.0,0.0,0.0,0.0029685435704327,0.0019676124212991,0.0,0.0,0.7800438378235532,0.0,0.0,0.0,0.1033349443472372,0.1166212178292094,0.0,0.0,19.348826645620804,0.7550871784001828,1.0,0.0,0.0,0.0,3.816862801297825,3.4113810670369267,0.0,0.0,19.793904820789816,1190.2941504876192,11.354703713715036,302.7106577576344,4.233266563955471
21,210.0,6.098210369259512,0.98,0.0,0.0,0.0,0.01,0.01,0.0,0.0,301.25,77.28,0.6970954356846473,0.0789105896643311,9.645476890352668,4.324527108712935,1184.6892479144776,14.312626089440611,0.9928229975665324,0.0,0.0,0.0,0.0042099621882345,0.0029670402452332,0.0,0.0,0.7088462899083078,0.0,0.0,0.0,0.1324355090208408,0.1587182010708514,0.0,0.0,19.150540157605757,0.7618675669214788,1.0,0.0,0.0,0.0,3.7768061895589935,3.380108143508815,0.0,0.0,19.793904820789816,1190.2941504876192,11.354703713715036,302.7106577576344,4.233266563955471
21,210.0,6.689404789441705,0.98,0.0,0.0,0.0,0.01,0.01,0.0,0.0,301.25,77.28,0.6970954356846473,0.0865606209813885,9.645476890352668,4.324527108712935,1183.0680534932662,15.293596202308622,0.990613586404804,0.0,0.0,0.0,0.0053669173388343,0.0040194962563614,0.0,0.0,0.6501286947312888,0.0,0.0,0.0,0.1539966630096642,0.1958746422590469,0.0,0.0,18.95728176666521,0.768560720208599,1.0,0.0,0.0,0.0,3.7380806866180634,3.349873493939305,0.0,0.0,19.793904820789816,1190.2941504876192,11.354703713715036,302.7106577576344,4.233266563955471
21,210.0,7.280599209623897,0.98,0.0,0.0,0.0,0.01,0.01,0.0,0.0,301.25,77.28,0.6970954356846473,0.0942106522984458,9.645476890352668,4.324527108712935,1181.5184750586486,16.294614841155106,0.9884348202433844,0.0,0.0,0.0,0.0064420546443026,0.0051231251123129,0.0,0.0,0.6008831432105501,0.0,0.0,0.0,0.1699177007878201,0.2291991560016296,0.0,0.0,18.7688432880518,0.7751462579049296,1.0,0.0,0.0,0.0,3.700636443028316,3.3206368346952937,0.0,0.0,19.793904820789816,1190.2941504876192,11.354703713715036,302.7106577576344,4.233266563955471
21,210.0,7.871793629806089,0.98,0.0,0.0,0.0,0.01,0.01,0.0,0.0,301.25,77.28,0.6970954356846473,0.1018606836155032,9.645476890352668,4.324527108712935,1180.0374860423178,17.315015969064728,0.986285580785204,0.0,0.0,0.0,0.0074387683139679,0.0062756509008279,0.0,0.0,0.558996022268708,0.0,0.0,0.0,0.1815495774470269,0.2594544002842649,0.0,0.0,18.58499180910741,0.7816229004654887,1.0,0.0,0.0,0.0,3.6644165080567066,3.2924190284535224,0.0,0.0,19.793904820789816,1190.2941504876192,11.354703713715036,302.7106577576344,4.233266563955471
21,210.0,8.462988049988281,0.98,0.0,0.0,0.0,0.01,0.01,0.0,0.0,301.25,77.28,0.6970954356846473,0.1095107149325605,9.645476890352668,4.324527108712935,1178.6215437382525,18.35404528020676,0.9841644887258814,0.0,0.0,0.0,0.0083610272632804,0.0074744840108382,0.0,0.0,0.522938729957818,0.0,0.0,0.0,0.189880655206006,0.2871806148361761,0.0,0.0,18.40547737384187,0.7879978033770059,1.0,0.0,0.0,0.0,3.629358970196745,3.265168572503653,0.0,0.0,19.793904820789816,1190.2941504876192,11.354703713715036,302.7106577576344,4.233266563955471
21,210.0,9.054182470170474,0.98,0.0,0.0,0.0,0.01,0.01,0.0,0.0,301.25,77.28,0.6970954356846473,0.1171607462496179,9.645476890352668,4.324527108712935,1177.266748232881,19.410891830070582,0.9820699747475928,0.0,0.0,0.0,0.0092131970748241,0.0087168281775829,0.0,0.0,0.4915784295813034,0.0,0.0,0.0,0.1956503422427191,0.3127712281759774,0.0,0.0,18.23004128494265,0.7942783904033099,1.0,0.0,0.0,0.0,3.5953993511947098,3.238756147485483,0.0,0.0,19.793904820789816,1190.2941504876192,11.354703713715036,302.7106577576344,4.233266563955471
21,210.0,9.645376890352669,0.98,0.0,0.0,0.0,0.01,0.01,0.0,0.0,301.25,77.28,0.6970954356846473,0.1248107775666752,9.645476890352668,4.324527108712935,1175.96899242852,20.484717240486603,0.9800003480428984,0.0,0.0,0.0,0.0099998722205221,0.0099997797365793,0.0,0.0,0.464057795901128,0.0,0.0,0.0,0.199421550395596,0.3365206537032759,0.0,0.0,18.058422683855955,0.8004869860724781,1.0,0.0,0.0,0.0,3.562472427453901,3.2131313649413347,0.0,0.0,19.793904820789816,1190.2941504876192,11.354703713715036,302.7106577576344,4.233266563955471
21,215.0,5.393351005553389,0.98,0.0,0.0,0.0,0.01,0.01,0.0,0.0,301.25,77.28,0.7136929460580913,0.069789738684697,10.807728032496271,5.393251005553389,1173.5420921874572,14.165018826285678,0.9995535655652406,0.0,0.0,0.0,0.0002847519583833,0.0001616824763761,0.0,0.0,0.9799829586288614,0.0,0.0,0.0,0.0100084670566617,0.0100085743144768,0.0,0.0,18.41102733819257,0.7734934205171093,1.0,0.0,0.0,0.0,3.4071983140717617,3.1920584461098,0.0,0.0,18.448205290897207,1173.908539729092,13.989350648063478,302.7106577576344,5.278346606766283
21,215.0,5.994937341880376,0.98,0.0,0.0,0.0,0.01,0.01,0.0,0.0,301.25,77.28,0.7136929460580913,0.0775742409663609,10.807728032496271,5.393251005553389,1171.6746495025518,15.09706910388469,0.9972403099307054,0.0,0.0,0.0,0.001717859468706,0.0010418306005884,0.0,0.0,0.8875887870022748,0.0,0.0,0.0,0.0543937873385539,0.0580174256591713,0.0,0.0,18.21959750429862,0.7802479529640308,1.0,0.0,0.0,0.0,3.372928887764248,3.1640046251619056,0.0,0.0,18.448205290897207,1173.908539729092,13.989350648063478,302.7106577576344,5.278346606766283
21,215.0,6.596523678207364,0.98,0.0,0.0,0.0,0.01,0.01,0.0,0.0,301.25,77.28,0.7136929460580913,0.0853587432480249,10.807728032496271,5.393251005553389,1169.8901492465577,16.051082776080843,0.9949642458925376,0.0,0.0,0.0,0.0030563049105801,0.0019794491968823,0.0,0.0,0.8118121625721055,0.0,0.0,0.0,0.0880423597176125,0.1001454777102819,0.0,0.0,18.03320815362344,0.7868999925790398,1.0,0.0,0.0,0.0,3.3398456713467564,3.136905482727064,0.0,0.0,18.448205290897207,1173.908539729092,13.989350648063478,302.7106577576344,5.278346606766283
21,215.0,7.19811001453435,0.98,0.0,0.0,0.0,0.01,0.01,0.0,0.0,301.25,77.28,0.7136929460580913,0.0931432455296887,10.807728032496271,5.393251005553389,1168.1875776630352,17.026764707321075,0.992725192476207,0.0,0.0,0.0,0.0043012313153317,0.0029735762084612,0.0,0.0,0.7485528896053774,0.0,0.0,0.0,0.1136497913363563,0.1377973190582663,0.0,0.0,17.851714029927134,0.793460946726593,1.0,0.0,0.0,0.0,3.307914352213439,3.1107863392200086,0.0,0.0,18.448205290897207,1173.908539729092,13.989350648063478,302.7106577576344,5.278346606766283
21,215.0,7.799696350861337,0.98,0.0,0.0,0.0,0.01,0.01,0.0,0.0,301.25,77.28,0.7136929460580913,0.1009277478113527,10.807728032496271,5.393251005553389,1166.5648385917846,18.023618749294748,0.990522436204652,0.0,0.0,0.0,0.0054549941959757,0.0040225695993723,0.0,0.0,0.6949562312646551,0.0,0.0,0.0,0.1331203077031102,0.1719234610322345,0.0,0.0,17.674936748754643,0.7999115020383577,1.0,0.0,0.0,0.0,3.277091122089309,3.085618850390925,0.0,0.0,18.448205290897207,1173.908539729092,13.989350648063478,302.7106577576344,5.278346606766283
21,215.0,8.401282687188324,0.98,0.0,0.0,0.0,0.01,0.01,0.0,0.0,301.25,77.28,0.7136929460580913,0.1087122500930166,10.807728032496271,5.393251005553389,1165.0189015810115,19.04098063624664,0.9883547962707512,0.0,0.0,0.0,0.0065209950542518,0.0051242086749969,0.0,0.0,0.6489735662171079,0.0,0.0,0.0,0.1478420924919231,0.2031843412909688,0.0,0.0,17.502658357141794,0.8062544668891477,1.0,0.0,0.0,0.0,3.247324957739661,3.0612913795435763,0.0,0.0,18.448205290897207,1173.908539729092,13.989350648063478,302.7106577576344,5.278346606766283
21,215.0,9.002869023515313,0.98,0.0,0.0,0.0,0.01,0.01,0.0,0.0,301.25,77.28,0.7136929460580913,0.1164967523746805,10.807728032496271,5.393251005553389,1163.5459873461791,20.07805620689033,0.9862207071721794,0.0,0.0,0.0,0.0075034719170309,0.0062758209107896,0.0,0.0,0.6090966950903155,0.0,0.0,0.0,0.1588529344242785,0.2320503704854059,0.0,0.0,17.334637729711833,0.812496032687082,1.0,0.0,0.0,0.0,3.218559682066157,3.0377597500187554,0.0,0.0,18.448205290897207,1173.908539729092,13.989350648063478,302.7106577576344,5.278346606766283
21,215.0,9.6044553598423,0.98,0.0,0.0,0.0,0.01,0.01,0.0,0.0,301.25,77.28,0.7136929460580913,0.1242812546563444,10.807728032496271,5.393251005553389,1162.1417737896911,21.13396201014023,0.9841183151200712,0.0,0.0,0.0,0.0084072682257188,0.0074744166542099,0.0,0.0,0.5741907402595401,0.0,0.0,0.0,0.1669441102590918,0.2588651494813681,0.0,0.0,17.170618326686782,0.8186430416583015,1.0,0.0,0.0,0.0,3.190743424984772,3.0149771526401814,0.0,0.0,18.448205290897207,1173.908539729092,13.989350648063478,302.7106577576344,5.278346606766283
21,215.0,10.206041696169288,0.98,0.0,0.0,0.0,0.01,0.01,0.0,0.0,301.25,77.28,0.7136929460580913,0.1320657569380083,10.807728032496271,5.393251005553389,1160.8015987492624,22.20776423488671,0.9820455746940387,0.0,0.0,0.0,0.0092376056378872,0.0087168196680738,0.0,0.0,0.5433854286232898,0.0,0.0,0.0,0.1727281020849156,0.2838864692917945,0.0,0.0,17.010336944472858,0.8247135637629427,1.0,0.0,0.0,0.0,3.1638656351897447,2.992895780661587,0.0,0.0,18.448205290897207,1173.908539729092,13.989350648063478,302.7106577576344,5.278346606766283
21,215.0,10.807628032496272,0.98,0.0,0.0,0.0,0.01,0.01,0.0,0.0,301.25,77.28,0.7136929460580913,0.1398502592196722,10.807728032496271,5.393251005553389,1159.5206431080762,23.298513170881687,0.980000337245306,0.0,0.0,0.0,0.0099998788495772,0.0099997839051167,0.0,0.0,0.5160022675451665,0.0,0.0,0.0,0.1766843702850242,0.3073133621698093,0.0,0.0,16.853533145124032,0.8307071144695058,1.0000000005195988,0.0,0.0,0.0,3.137802243317548,2.9714681488005645,0.0,0.0,18.448205290897207,1173.908539729092,13.989350648063478,302.7106577576344,5.278346606766283
21,220.0,6.652752432694208,0.98,0.0,0.0,0.0,0.01,0.01,0.0,0.0,301.25,77.28,0.7302904564315352,0.0860863410027718,12.141967773893178,6.652652432694208,1156.5984788382125,17.299503361569172,0.9994492175804752,0.0,0.0,0.0,0.0003545459952478,0.0001962364242767,0.0,0.0,0.9799863329019142,0.0,0.0,0.0,0.0100067779264342,0.0100068891716515,0.0,0.0,17.0792192712136,0.808400494684446,1.0,0.0,0.0,0.0,2.996934673272056,2.9369268210628188,0.0,0.0,17.121140165384258,1157.0541060432145,17.08052563899556,302.7106577576344,6.509407158415541
21,220.0,7.262654137271872,0.98,0.0,0.0,0.0,0.01,0.01,0.0,0.0,301.25,77.28,0.7302904564315352,0.0939784438052778,12.141967773893178,6.652652432694208,1154.714704047659,18.245144953041336,0.9971316087160352,0.0,0.0,0.0,0.0018003879297682,0.0010680033541963,0.0,0.0,0.9035092456076504,0.0,0.0,0.0,0.0466103687851322,0.0498803856072174,0.0,0.0,16.90381226166064,0.8149814883517963,1.0,0.0,0.0,0.0,2.969515884904303,2.913419999894572,0.0,0.0,17.121140165384258,1157.0541060432145,17.08052563899556,302.7106577576344,6.509407158415541
21,220.0,7.872555841849534,0.98,0.0,0.0,0.0,0.01,0.01,0.0,0.0,301.25,77.28,0.7302904564315352,0.1018705466077838,12.141967773893178,6.652652432694208,1152.9194608833518,19.21323938289873,0.994855960235552,0.0,0.0,0.0,0.0031450091988776,0.0019990305655704,0.0,0.0,0.8386997793611625,0.0,0.0,0.0,0.0752002090284138,0.0861000116104236,0.0,0.0,16.733116054162807,0.8214510473248133,1.0,0.0,0.0,0.0,2.943080981475218,2.8907268093214893,0.0,0.0,17.121140165384258,1157.0541060432145,17.08052563899556,302.7106577576344,6.509407158415541
21,220.0,8.482457546427199,0.98,0.0,0.0,0.0,0.01,0.01,0.0,0.0,301.25,77.28,0.7302904564315352,0.1097626494102898,12.141967773893178,6.652652432694208,1151.211345524291,20.20342145490838,0.992621865638406,0.0,0.0,0.0,0.0043899912634291,0.0029881430981648,0.0,0.0,0.7830882249883248,0.0,0.0,0.0,0.0975208792262725,0.1193908957854026,0.0,0.0,16.566984036668707,0.8278110828978484,1.0,0.0,0.0,0.0,2.917588375375036,2.8688207717580787,0.0,0.0,17.121140165384258,1157.0541060432145,17.08052563899556,302.7106577576344,6.509407158415541
21,220.0,9.09235925100486,0.98,0.0,0.0,0.0,0.01,0.01,0.0,0.0,301.25,77.28,0.7302904564315352,0.1176547522127958,12.141967773893178,6.652652432694208,1149.5877190689716,21.21510397305777,0.9904282836265212,0.0,0.0,0.0,0.0055383016383033,0.0040334147351754,0.0,0.0,0.7348551076257089,0.0,0.0,0.0,0.1148842363572676,0.1502606560170233,0.0,0.0,16.40523546644015,0.8340658153666717,1.0,0.0,0.0,0.0,2.892997576863152,2.8476685917649345,0.0,0.0,17.121140165384258,1157.0541060432145,17.08052563899556,302.7106577576344,6.509407158415541
21,220.0,9.702260955582524,0.98,0.0,0.0,0.0,0.01,0.01,0.0,0.0,301.25,77.28,0.7302904564315352,0.1255468550153018,12.141967773893178,6.652652432694208,1148.0449048150572,22.247518675667763,0.9882736320415012,0.0,0.0,0.0,0.0065940724019375,0.0051322955565611,0.0,0.0,0.6926305324522861,0.0,0.0,0.0,0.1282986619965359,0.1790708055511778,0.0,0.0,16.247649695883165,0.8402354621591911,1.0,0.0,0.0,0.0,2.86926151025642,2.827231735927991,0.0,0.0,17.121140165384258,1157.0541060432145,17.08052563899556,302.7106577576344,6.509407158415541
21,220.0,10.312162660160189,0.98,0.0,0.0,0.0,0.01,0.01,0.0,0.0,301.25,77.28,0.7302904564315352,0.1334389578178078,12.141967773893178,6.652652432694208,1146.5784260826863,23.299762915179784,0.9861559014591292,0.0,0.0,0.0,0.0075623317014573,0.0062817668394132,0.0,0.0,0.6553634668191411,0.0,0.0,0.0,0.138552445281617,0.2060840878992418,0.0,0.0,16.093984121150708,0.8463095806511419,1.0,0.0,0.0,0.0,2.846329676410272,2.8074680895921773,0.0,0.0,17.121140165384258,1157.0541060432145,17.08052563899556,302.7106577576344,6.509407158415541
21,220.0,10.922064364737851,0.98,0.0,0.0,0.0,0.01,0.01,0.0,0.0,301.25,77.28,0.7302904564315352,0.1413310606203138,12.141967773893178,6.652652432694208,1145.1832605480324,24.370847944461207,0.9840727808251252,0.0,0.0,0.0,0.0084487180114553,0.0074785011634194,0.0,0.0,0.6222341460264336,0.0,0.0,0.0,0.1462694800470698,0.2314963739264966,0.0,0.0,15.9439826552429,0.8522948932236005,1.0,0.0,0.0,0.0,2.8241496048996537,2.788333776689196,0.0,0.0,17.121140165384258,1157.0541060432145,17.08052563899556,302.7106577576344,6.509407158415541
21,220.0,11.531966069315516,0.98,0.0,0.0,0.0,0.01,0.01,0.0,0.0,301.25,77.28,0.7302904564315352,0.1492231634228198,12.141967773893178,6.652652432694208,1143.854081929098,25.4597437510336,0.982021778491403,0.0,0.0,0.0,0.0092592087522413,0.0087190127563556,0.0,0.0,0.5925938480200426,0.0,0.0,0.0,0.1519478384674406,0.2554583135125168,0.0,0.0,15.797385064068145,0.8581985654764723,1.0,0.0,0.0,0.0,2.802668712876516,2.769784648187946,0.0,0.0,17.121140165384258,1157.0541060432145,17.08052563899556,302.7106577576344,6.509407158415541
21,220.0,12.141867773893178,0.98,0.0,0.0,0.0,0.01,0.01,0.0,0.0,301.25,77.28,0.7302904564315352,0.1571152662253258,12.141967773893178,6.652652432694208,1142.5854702761303,26.56541730434955,0.9800003286338336,0.0,0.0,0.0,0.0099998841366131,0.0099997872295533,0.0,0.0,0.5659225493084831,0.0,0.0,0.0,0.1559874515774834,0.2780899991140335,0.0,0.0,15.65393646961415,0.8640279336932494,1.0,0.0,0.0,0.0,2.781835672383408,2.751806902727048,0.0,0.0,17.121140165384258,1157.0541060432145,17.08052563899556,302.7106577576344,6.509407158415541
21,225.0,8.123809448809576,0.98,0.0,0.0,0.0,0.01,0.01,0.0,0.0,301.25,77.28,0.7468879668049793,0.1051217578779707,13.66831669151321,8.123709448809576,1139.0933686774,20.95908596390146,0.9993254745625924,0.0,0.0,0.0,0.0004372998062948,0.0002372256311128,0.0,0.0,0.9799889406452874,0.0,0.0,0.0,0.0100054724293113,0.0100055869254012,0.0,0.0,15.766351035080469,0.8463027294927457,1.0,0.0,0.0,0.0,2.6546923130107887,2.708101353048664,0.0,0.0,15.813326197117547,1139.6555629264626,20.687604017864448,302.7106577576344,7.946729358776584
21,225.0,8.739854697998869,0.98,0.0,0.0,0.0,0.01,0.01,0.0,0.0,301.25,77.28,0.7468879668049793,0.1130933578933601,13.66831669151321,8.123709448809576,1137.1975909251817,21.91825433533385,0.99700848510112,0.0,0.0,0.0,0.0018897490664547,0.0011017658324253,0.0,0.0,0.9165734153194676,0.0,0.0,0.0,0.0402440525748531,0.0431825321056795,0.0,0.0,15.605785751087058,0.8527437015215065,1.0,0.0,0.0,0.0,2.632634311225936,2.688261859429335,0.0,0.0,15.813326197117547,1139.6555629264626,20.687604017864448,302.7106577576344,7.946729358776584
21,225.0,9.355899947188162,0.98,0.0,0.0,0.0,0.01,0.01,0.0,0.0,301.25,77.28,0.7468879668049793,0.1210649579087495,13.66831669151321,8.123709448809576,1135.3946579281856,22.900109652476598,0.994737508099952,0.0,0.0,0.0,0.0032356885323545,0.0020268033676935,0.0,0.0,0.8613738896053121,0.0,0.0,0.0,0.0644477365822506,0.0741783738124371,0.0,0.0,15.449581355532924,0.8590893964586683,1.0,0.0,0.0,0.0,2.61137778135514,2.669119760306585,0.0,0.0,15.813326197117547,1139.6555629264626,20.687604017864448,302.7106577576344,7.946729358776584
21,225.0,9.971945196377456,0.98,0.0,0.0,0.0,0.01,0.01,0.0,0.0,301.25,77.28,0.7468879668049793,0.1290365579241389,13.66831669151321,8.123709448809576,1133.682773893884,23.904222012355035,0.992511892591606,0.0,0.0,0.0,0.0044771440048237,0.0030109634035701,0.0,0.0,0.8129001921844967,0.0,0.0,0.0,0.083759278912431,0.1033405289030721,0.0,0.0,15.297592783017862,0.8653285718999413,1.0,0.0,0.0,0.0,2.5908921240672766,2.650649631066662,0.0,0.0,15.813326197117547,1139.6555629264626,20.687604017864448,302.7106577576344,7.946729358776584
21,225.0,10.587990445566746,0.98,0.0,0.0,0.0,0.01,0.01,0.0,0.0,301.25,77.28,0.7468879668049793,0.1370081579395282,13.66831669151321,8.123709448809576,1132.0587890115562,24.92992585491565,0.9903302673938345,0.0,0.0,0.0,0.0056176657898348,0.0040520668163307,0.0,0.0,0.7700011600589254,0.0,0.0,0.0,0.0990862806627875,0.130912559278287,0.0,0.0,15.149640757567,0.8714646330433063,1.0,0.0,0.0,0.0,2.571140248828125,2.6328277488280247,0.0,0.0,15.813326197117547,1139.6555629264626,20.687604017864448,302.7106577576344,7.946729358776584
21,225.0,11.20403569475604,0.98,0.0,0.0,0.0,0.01,0.01,0.0,0.0,301.25,77.28,0.7468879668049793,0.1449797579549177,13.66831669151321,8.123709448809576,1130.518443985654,25.9763681110479,0.9881906639586832,0.0,0.0,0.0,0.0066620536379052,0.0051472824034116,0.0,0.0,0.731773529708808,0.0,0.0,0.0,0.1111598873624543,0.1570665829287376,0.0,0.0,15.005507589798231,0.8775053610610819,1.0,0.0,0.0,0.0,2.5520804606828538,2.6156431891405414,0.0,0.0,15.813326197117547,1139.6555629264626,20.687604017864448,302.7106577576344,7.946729358776584
21,225.0,11.820080943945332,0.98,0.0,0.0,0.0,0.01,0.01,0.0,0.0,301.25,77.28,0.7468879668049793,0.1529513579703071,13.66831669151321,8.123709448809576,1129.056655587142,27.042561896570856,0.9860906597221616,0.0,0.0,0.0,0.0076160336939262,0.0062933065839123,0.0,0.0,0.6974986763896349,0.0,0.0,0.0,0.1205748256560548,0.1819264979543103,0.0,0.0,14.864955307256311,0.8834697867104006,1.0,0.0,0.0,0.0,2.533668225076716,2.599020802799022,0.0,0.0,15.813326197117547,1139.6555629264626,20.687604017864448,302.7106577576344,7.946729358776584
21,225.0,12.436126193134625,0.98,0.0,0.0,0.0,0.01,0.01,0.0,0.0,301.25,77.28,0.7468879668049793,0.1609229579856964,13.66831669151321,8.123709448809576,1127.667812513809,28.12744072606533,0.9840275304367936,0.0,0.0,0.0,0.0084859250851748,0.0074865444780316,0.0,0.0,0.6665978156358753,0.0,0.0,0.0,0.1278177031915653,0.2055844811725594,0.0,0.0,14.72773462590937,0.8893485053296274,1.0,0.0,0.0,0.0,2.515858128870359,2.5829212450557404,0.0,0.0,15.813326197117547,1139.6555629264626,20.687604017864448,302.7106577576344,7.946729358776584
21,225.0,13.052171442323916,0.98,0.0,0.0,0.0,0.01,0.01,0.0,0.0,301.25,77.28,0.7468879668049793,0.1688945580010858,13.66831669151321,8.123709448809576,1126.346048086388,29.229907438069684,0.981998392095187,0.0,0.0,0.0,0.0092783326919488,0.0087232752128642,0.0,0.0,0.638599643303651,0.0,0.0,0.0,0.1332878557607186,0.2281125009356303,0.0,0.0,14.59359452516477,0.8951488398285428,1.0,0.0,0.0,0.0,2.498604545725759,2.567305234553149,0.0,0.0,15.813326197117547,1139.6555629264626,20.687604017864448,302.7106577576344,7.946729358776584
21,225.0,13.66821669151321,0.98,0.0,0.0,0.0,0.01,0.01,0.0,0.0,301.25,77.28,0.7468879668049793,0.1768661580164753,13.66831669151321,8.123709448809576,1125.0854698251987,30.348874582525948,0.9800003214836838,0.0,0.0,0.0,0.0099998884409778,0.0099997900753384,0.0,0.0,0.613116555837109,0.0,0.0,0.0,0.1373133299060374,0.2495701142568535,0.0,0.0,14.462291122010766,0.9008782874389836,1.0,0.0,0.0,0.0,2.481864008335432,2.552134777881775,0.0,0.0,15.813326197117547,1139.6555629264626,20.687604017864448,302.7106577576344,7.946729358776584
21,230.0,9.82836946077163,0.98,0.0,0.0,0.0,0.01,0.01,0.0,0.0,301.25,77.28,0.7634854771784232,0.1271786938505645,15.407710175973028,9.82826946077163,1120.937933986242,25.21344258247598,0.9991794422779688,0.0,0.0,0.0,0.0005347459701995,0.0002858117518316,0.0,0.0,0.9799909784615396,0.0,0.0,0.0,0.0100044522229597,0.0100045693155004,0.0,0.0,14.473239275996743,0.8877002028027761,1.0,0.0,0.0,0.0,2.3673053501529107,2.502179635902192,0.0,0.0,14.52556748614066,1121.6270137216943,24.87830228106012,302.7106577576344,9.61137473881863
21,230.0,10.448285095794008,0.98,0.0,0.0,0.0,0.01,0.01,0.0,0.0,301.25,77.28,0.7634854771784232,0.1352003764983696,15.407710175973028,9.82826946077163,1119.034466742799,26.18631895218638,0.996868588284853,0.0,0.0,0.0,0.0019873785239448,0.0011440331912021,0.0,0.0,0.9273233289238834,0.0,0.0,0.0,0.0350215500446225,0.037655121031494,0.0,0.0,14.326497182802552,0.8940633244185869,1.0,0.0,0.0,0.0,2.3495291859988834,2.4854456682677437,0.0,0.0,14.52556748614066,1121.6270137216943,24.87830228106012,302.7106577576344,9.61137473881863
21,230.0,11.068200730816384,0.98,0.0,0.0,0.0,0.01,0.01,0.0,0.0,301.25,77.28,0.7634854771784232,0.1432220591461747,15.407710175973028,9.82826946077163,1117.2268143046551,27.181868642828213,0.9946069823486696,0.0,0.0,0.0,0.0033295687610729,0.0020634488902575,0.0,0.0,0.8804603613014139,0.0,0.0,0.0,0.0554558169262823,0.0640838217723037,0.0,0.0,14.18375281189419,0.9003355535602395,1.0,0.0,0.0,0.0,2.332402382201533,2.469299645687642,0.0,0.0,14.52556748614066,1121.6270137216943,24.87830228106012,302.7106577576344,9.61137473881863
21,230.0,11.688116365838765,0.98,0.0,0.0,0.0,0.01,0.01,0.0,0.0,301.25,77.28,0.7634854771784232,0.1512437417939798,15.407710175973028,9.82826946077163,1115.5128066166517,28.19960539665663,0.99239372432464,0.0,0.0,0.0,0.0045637719892372,0.0030425036861227,0.0,0.0,0.8385003311685064,0.0,0.0,0.0,0.0720656425031272,0.0894340263283664,0.0,0.0,14.044865073620738,0.9065021646485136,1.0,0.0,0.0,0.0,2.3158982533775143,2.4537187358744696,0.0,0.0,14.52556748614066,1121.6270137216943,24.87830228106012,302.7106577576344,9.61137473881863
21,230.0,12.30803200086114,0.98,0.0,0.0,0.0,0.01,0.01,0.0,0.0,301.25,77.28,0.7634854771784232,0.1592654244417849,15.407710175973028,9.82826946077163,1113.8888411404212,29.23880155964587,0.9902271309731444,0.0,0.0,0.0,0.0056940634233274,0.0040788056035281,0.0,0.0,0.8007182642706983,0.0,0.0,0.0,0.0854831228262638,0.1137986129030378,0.0,0.0,13.90966013666464,0.9125697958597628,1.0,0.0,0.0,0.0,2.2999847712494126,2.438674873673287,0.0,0.0,14.52556748614066,1121.6270137216943,24.87830228106012,302.7106577576344,9.61137473881863
21,230.0,12.927947635883518,0.98,0.0,0.0,0.0,0.01,0.01,0.0,0.0,301.25,77.28,0.7634854771784232,0.16728710708959,15.407710175973028,9.82826946077163,1112.3501687108462,30.298541995783516,0.9881048854071264,0.0,0.0,0.0,0.0067258154767156,0.005169299116158,0.0,0.0,0.7665247730794168,0.0,0.0,0.0,0.0962390088172533,0.1372362181033297,0.0,0.0,13.777928125037592,0.9185580655048404,1.0,0.0,0.0,0.0,2.2846262162096638,2.42413625318552,0.0,0.0,14.52556748614066,1121.6270137216943,24.87830228106012,302.7106577576344,9.61137473881863
21,230.0,13.547863270905896,0.98,0.0,0.0,0.0,0.01,0.01,0.0,0.0,301.25,77.28,0.7634854771784232,0.1753087897373951,15.407710175973028,9.82826946077163,1110.8912180371285,31.377782771770136,0.9860242062378304,0.0,0.0,0.0,0.0076653292611655,0.0063104645010039,0.0,0.0,0.7354358435877066,0.0,0.0,0.0,0.1047804170710359,0.1597837393412573,0.0,0.0,13.649441127737388,0.9244629006205416,1.0,0.0,0.0,0.0,2.2697847315042434,2.410068817653204,0.0,0.0,14.52556748614066,1121.6270137216943,24.87830228106012,302.7106577576344,9.61137473881863
21,230.0,14.167778905928271,0.98,0.0,0.0,0.0,0.01,0.01,0.0,0.0,301.25,77.28,0.7634854771784232,0.1833304723852002,15.407710175973028,9.82826946077163,1109.5059230041404,32.47540912911085,0.9839820216825296,0.0,0.0,0.0,0.0085194641820505,0.00749851413542,0.0,0.0,0.707050391301288,0.0,0.0,0.0,0.1114840461433753,0.1814655625553367,0.0,0.0,13.523962173257727,0.9302851901531568,1.0,0.0,0.0,0.0,2.2554218557513237,2.396437669677393,0.0,0.0,14.52556748614066,1121.6270137216943,24.87830228106012,302.7106577576344,9.61137473881863
21,230.0,14.78769454095065,0.98,0.0,0.0,0.0,0.01,0.01,0.0,0.0,301.25,77.28,0.7634854771784232,0.1913521550330053,15.407710175973028,9.82826946077163,1108.1880165018526,33.59028649890717,0.9819751272359498,0.0,0.0,0.0,0.0092953054366743,0.0087295673273758,0.0,0.0,0.6810333173101316,0.0,0.0,0.0,0.116666645101339,0.2023000375885291,0.0,0.0,13.401254287354744,0.9360331776141544,1.0,0.0,0.0,0.0,2.241499777019511,2.3832082969505937,0.0,0.0,14.52556748614066,1121.6270137216943,24.87830228106012,302.7106577576344,9.61137473881863
21,230.0,15.407610175973028,0.98,0.0,0.0,0.0,0.01,0.01,0.0,0.0,301.25,77.28,0.7634854771784232,0.1993738376808104,15.407710175973028,9.82826946077163,1106.931270833618,34.72130141597388,0.9800003156785893,0.0,0.0,0.0,0.0099998918787551,0.0099997924426557,0.0,0.0,0.6571025448768082,0.0,0.0,0.0,0.1205937367903046,0.2223037183328872,0.0,0.0,13.281089103885506,0.9417330836948152,1.0,0.0,0.0,0.0,2.227982261974489,2.370347516727712,0.0,0.0,14.52556748614066,1121.6270137216943,24.87830228106012,302.7106577576344,9.61137473881863
21,235.0,11.789163121094424,0.98,0.0,0.0,0.0,0.01,0.01,0.0,0.0,301.25,77.28,0.7800829875518672,0.1525512826228574,17.381854195732846,11.789063121094424,1102.029040871408,30.143394764582577,0.9990077772185162,0.0,0.0,0.0,0.0006488169353852,0.0003434058460986,0.0,0.0,0.9799925874564128,0.0,0.0,0.0,0.010003646720564,0.0100037658230232,0.0,0.0,13.200913161207623,0.9332738518447954,1.0,0.0,0.0,0.0,2.124902856050939,2.316475105725757,0.0,0.0,13.258875583506692,1102.8688895247462,29.73094022392497,302.7106577576344,11.525181126674264
21,235.0,12.410562129387582,0.98,0.0,0.0,0.0,0.01,0.01,0.0,0.0,301.25,77.28,0.7800829875518672,0.1605921600593631,17.381854195732846,11.789063121094424,1100.1220905954146,31.130433313412706,0.9967090943902376,0.0,0.0,0.0,0.0020949266322455,0.0011959789775168,0.0,0.0,0.9361991592343876,0.0,0.0,0.0,0.0307221798940698,0.0330786608715426,0.0,0.0,13.067110873867849,0.93962497450054,1.0,0.0,0.0,0.0,2.1105562433732348,2.3023111153029463,0.0,0.0,13.258875583506692,1102.8688895247462,29.73094022392497,302.7106577576344,11.525181126674264
21,235.0,13.03196113768074,0.98,0.0,0.0,0.0,0.01,0.01,0.0,0.0,301.25,77.28,0.7800829875518672,0.1686330374958687,17.381854195732846,11.789063121094424,1098.3125381146745,32.13989459472509,0.9944620028653376,0.0,0.0,0.0,0.0034280861370419,0.0021099109976205,0.0,0.0,0.8965208755019564,0.0,0.0,0.0,0.0479351062688018,0.0555440182292418,0.0,0.0,12.936936140333348,0.945873006639632,1.0,0.0,0.0,0.0,2.0967295850958703,2.28864179984294,0.0,0.0,13.258875583506692,1102.8688895247462,29.73094022392497,302.7106577576344,11.525181126674264
21,235.0,13.653360145973895,0.98,0.0,0.0,0.0,0.01,0.01,0.0,0.0,301.25,77.28,0.7800829875518672,0.1766739149323744,17.381854195732846,11.789063121094424,1096.5978751548569,33.1712468820641,0.9922653628250206,0.0,0.0,0.0,0.0046511455379587,0.0030834916370206,0.0,0.0,0.8604100746123469,0.0,0.0,0.0,0.0621524813534289,0.077437444034224,0.0,0.0,12.81025420105539,0.9520273048730346,1.0,0.0,0.0,0.0,2.083400457282981,2.275446897274324,0.0,0.0,13.258875583506692,1102.8688895247462,29.73094022392497,302.7106577576344,11.525181126674264
21,235.0,14.274759154267056,0.98,0.0,0.0,0.0,0.01,0.01,0.0,0.0,301.25,77.28,0.7800829875518672,0.1847147923688801,17.381854195732846,11.789063121094424,1094.9741267817556,34.223719329220884,0.9901172148554233,0.0,0.0,0.0,0.0057686221843694,0.0041141629602073,0.0,0.0,0.8274113311300066,0.0,0.0,0.0,0.073817989199566,0.0987706796704272,0.0,0.0,12.686900104021856,0.9580982853929392,1.0,0.0,0.0,0.0,2.0705420932559906,2.262701641567769,0.0,0.0,13.258875583506692,1102.8688895247462,29.73094022392497,302.7106577576344,11.525181126674264
21,235.0,14.896158162560214,0.98,0.0,0.0,0.0,0.01,0.01,0.0,0.0,301.25,77.28,0.7800829875518672,0.1927556698053857,17.381854195732846,11.789063121094424,1093.4361691226557,35.296359698251585,0.988014951308456,0.0,0.0,0.0,0.0067863403077188,0.0051987083838251,0.0,0.0,0.7971429426874054,0.0,0.0,0.0,0.0833180192766302,0.1195390380359644,0.0,0.0,12.566676014628444,0.9640752712974752,1.0,0.0,0.0,0.0,2.058124831046504,2.250378111629797,0.0,0.0,13.258875583506692,1102.8688895247462,29.73094022392497,302.7106577576344,11.525181126674264
21,235.0,15.517557170853372,0.98,0.0,0.0,0.0,0.01,0.01,0.0,0.0,301.25,77.28,0.7800829875518672,0.2007965472418914,17.381854195732846,11.789063121094424,1091.978080826962,36.38809562176221,0.9859555049396715,0.0,0.0,0.0,0.007711029894237,0.0063334651660912,0.0,0.0,0.7692826734279382,0.0,0.0,0.0,0.0909882060674312,0.1397291205046305,0.0,0.0,12.44936854009442,0.9699699325745096,1.0,0.0,0.0,0.0,2.0461173842419704,2.238446625620731,0.0,0.0,13.258875583506692,1102.8688895247462,29.73094022392497,302.7106577576344,11.525181126674264
21,235.0,16.13895617914653,0.98,0.0,0.0,0.0,0.01,0.01,0.0,0.0,301.25,77.28,0.7800829875518672,0.2088374246783971,17.381854195732846,11.789063121094424,1090.5934895582254,37.49779396888336,0.9839355380881863,0.0,0.0,0.0,0.0085499325352375,0.0075145293765761,0.0,0.0,0.7435567177252095,0.0,0.0,0.0,0.0971186361828169,0.1593246460919735,0.0,0.0,12.334757249534023,0.9758018628905318,1.0,0.0,0.0,0.0,2.0344881146740303,2.2268769953786443,0.0,0.0,13.258875583506692,1102.8688895247462,29.73094022392497,302.7106577576344,11.525181126674264
21,235.0,16.760355187439686,0.98,0.0,0.0,0.0,0.01,0.01,0.0,0.0,301.25,77.28,0.7800829875518672,0.2168783021149027,17.381854195732846,11.789063121094424,1089.2758761863336,38.62431195148876,0.9819516099531584,0.0,0.0,0.0,0.0093104553734279,0.0087379346734136,0.0,0.0,0.7197310288050718,0.0,0.0,0.0,0.1019584726755768,0.1783104985193513,0.0,0.0,12.222623110188508,0.9815606008572112,1.0,0.0,0.0,0.0,2.0232060633425384,2.215639575835333,0.0,0.0,13.258875583506692,1102.8688895247462,29.73094022392497,302.7106577576344,11.525181126674264
21,235.0,17.381754195732846,0.98,0.0,0.0,0.0,0.01,0.01,0.0,0.0,301.25,77.28,0.7800829875518672,0.2249191795514084,17.381854195732846,11.789063121094424,1088.018817796372,39.766537107954655,0.9800003111243508,0.0,0.0,0.0,0.009999894541796,0.0099997943338531,0.0,0.0,0.6976044320540485,0.0,0.0,0.0,0.1057203424692364,0.196675225476715,0.0,0.0,12.112756379015012,0.9872544031837884,1.0,0.0,0.0,0.0,2.0122630825113754,2.2047059992603306,0.0,0.0,13.258875583506692,1102.8688895247462,29.73094022392497,302.7106577576344,11.525181126674264
21,240.0,14.02984688862234,0.98,0.0,0.0,0.0,0.01,0.01,0.0,0.0,301.25,77.28,0.7966804979253111,0.1815456377927321,19.61319869457461,14.02974688862234,1082.2448976383312,35.84420526185084,0.9988065607364212,0.0,0.0,0.0,0.0007816969707765,0.0004117422928021,0.0,0.0,0.9799938702292592,0.0,0.0,0.0,0.0100030045942466,0.010003125176494,0.0,0.0,11.950643516875449,0.9838705175463088,1.0,0.0,0.0,0.0,1.919596490474199,2.1485219411989647,0.0,0.0,12.014498351825988,1083.263844328595,35.3375257790447,302.7106577576344,13.710780754884407
21,240.0,14.650208200394816,0.98,0.0,0.0,0.0,0.01,0.01,0.0,0.0,301.25,77.28,0.7966804979253111,0.1895730874792289,19.61319869457461,14.02974688862234,1080.3384681041782,36.84617027530764,0.9965266066565024,0.0,0.0,0.0,0.0022142982744949,0.0012590950690025,0.0,0.0,0.943556063614834,0.0,0.0,0.0,0.0271687766457818,0.0292751597393841,0.0,0.0,11.829009332738329,0.9902611661643675,1.0,0.0,0.0,0.0,1.9080005140058427,2.136535610285424,0.0,0.0,12.014498351825988,1083.263844328595,35.3375257790447,302.7106577576344,13.710780754884407
21,240.0,15.270569512167288,0.98,0.0,0.0,0.0,0.01,0.01,0.0,0.0,301.25,77.28,0.7966804979253111,0.1976005371657258,19.61319869457461,14.02974688862234,1078.5296085227524,37.87008368705889,0.9942996399929316,0.0,0.0,0.0,0.003532916680682,0.0021674433263862,0.0,0.0,0.9100452128123068,0.0,0.0,0.0,0.0416374004906129,0.0483173866970803,0.0,0.0,11.710635761569204,0.9965533175842852,1.0,0.0,0.0,0.0,1.896816294892768,2.1249602793708084,0.0,0.0,12.014498351825988,1083.263844328595,35.3375257790447,302.7106577576344,13.710780754884407
21,240.0,15.890930823939764,0.98,0.0,0.0,0.0,0.01,0.01,0.0,0.0,301.25,77.28,0.7966804979253111,0.2056279868522226,19.61319869457461,14.02974688862234,1076.8155267942284,38.91538194469027,0.9921243063201216,0.0,0.0,0.0,0.0047407425819707,0.0031349510979074,0.0,0.0,0.8791273797238979,0.0,0.0,0.0,0.0537563240696652,0.0671162962064368,0.0,0.0,11.595389784988749,1.0027482847723257,1.0,0.0,0.0,0.0,1.8860428542431,2.113778505567466,0.0,0.0,12.014498351825988,1083.263844328595,35.3375257790447,302.7106577576344,13.710780754884407
21,240.0,16.51129213571224,0.98,0.0,0.0,0.0,0.01,0.01,0.0,0.0,301.25,77.28,0.7966804979253111,0.2136554365387194,19.61319869457461,14.02974688862234,1075.191972487969,39.98127133456264,0.9899984205234492,0.0,0.0,0.0,0.0058426328236655,0.0041589466528853,0.0,0.0,0.8505167185617221,0.0,0.0,0.0,0.0638394582297362,0.0856438232085417,0.0,0.0,11.483120408881907,1.0088668729267056,1.0,0.0,0.0,0.0,1.875661088463921,2.1029690364181386,0.0,0.0,12.014498351825988,1083.263844328595,35.3375257790447,302.7106577576344,13.710780754884407
21,240.0,17.131653447484712,0.98,0.0,0.0,0.0,0.01,0.01,0.0,0.0,301.25,77.28,0.7966804979253111,0.2216828862252162,19.61319869457461,14.02974688862234,1073.6535776554288,41.06678846227317,0.9879191569696668,0.0,0.0,0.0,0.0068447234984569,0.0052361195318764,0.0,0.0,0.8239672912218736,0.0,0.0,0.0,0.0721690340733902,0.1038636747047362,0.0,0.0,11.373645209012269,1.0148924408507989,1.0,0.0,0.0,0.0,1.865625675968456,2.0925081053279757,0.0,0.0,12.014498351825988,1083.263844328595,35.3375257790447,302.7106577576344,13.710780754884407
21,240.0,17.752014759257186,0.98,0.0,0.0,0.0,0.01,0.01,0.0,0.0,301.25,77.28,0.7966804979253111,0.229710335911713,19.61319869457461,14.02974688862234,1072.194220570897,42.17086126509557,0.9858832489354272,0.0,0.0,0.0,0.0077540119777526,0.00636273908682,0.0,0.0,0.7992664247174264,0.0,0.0,0.0,0.0789968161738367,0.121736759108737,0.0,0.0,11.266768736251798,1.0208525867243226,1.0,0.0,0.0,0.0,1.8559113931020743,2.082370531179596,0.0,0.0,12.014498351825988,1083.263844328595,35.3375257790447,302.7106577576344,13.710780754884407
21,240.0,18.372376071029663,0.98,0.0,0.0,0.0,0.01,0.01,0.0,0.0,301.25,77.28,0.7966804979253111,0.2377377855982099,19.61319869457461,14.02974688862234,1070.8073781783596,43.29236741781039,0.983887185096624,0.0,0.0,0.0,0.0085779536098597,0.0075348612935163,0.0,0.0,0.7762293921638058,0.0,0.0,0.0,0.0845452686422919,0.1392253391939023,0.0,0.0,11.162290274767091,1.026752898004208,1.0,0.0,0.0,0.0,1.846492840310387,2.0725307922974148,0.0,0.0,12.014498351825988,1083.263844328595,35.3375257790447,302.7106577576344,13.710780754884407
21,240.0,18.992737382802137,0.98,0.0,0.0,0.0,0.01,0.01,0.0,0.0,301.25,77.28,0.7966804979253111,0.2457652352847067,19.61319869457461,14.02974688862234,1069.486429888102,44.43018367802828,0.981927379881048,0.0,0.0,0.0,0.0093241140272946,0.0087485060916573,0.0,0.0,0.7546950738757057,0.0,0.0,0.0,0.0890090426107482,0.156295883513546,0.0,0.0,11.060011434169311,1.0325825135401294,1.0,0.0,0.0,0.0,1.8373452801974484,2.0629639282216488,0.0,0.0,12.014498351825988,1083.263844328595,35.3375257790447,302.7106577576344,13.710780754884407
21,240.0,19.61309869457461,0.98,0.0,0.0,0.0,0.01,0.01,0.0,0.0,301.25,77.28,0.7966804979253111,0.2537926849712035,19.61319869457461,14.02974688862234,1068.224895686636,45.58322370590653,0.9800003077492851,0.0,0.0,0.0,0.009999896500461,0.0099997957502538,0.0,0.0,0.7345223850132768,0.0,0.0,0.0,0.0925568772874343,0.1729207376992886,0.0,0.0,10.959743142453892,1.038365798381855,1.0,0.0,0.0,0.0,1.828445199019528,2.0536461443583938,0.0,0.0,12.014498351825988,1083.263844328595,35.3375257790447,302.7106577576344,13.710780754884407
21,245.0,16.57508084484738,0.98,0.0,0.0,0.0,0.01,0.01,0.0,0.0,301.25,77.28,0.8132780082987552,0.2144808597935737,22.12492901225701,16.57498084484738,1061.43904404618,42.43017819616116,0.9985711180258756,0.0,0.0,0.0,0.0009358989592652,0.000492983014859,0.0,0.0,0.979994902296883,0.0,0.0,0.0,0.0100024880621653,0.0100026096409516,0.0,0.0,10.72398420072157,1.0405725839733933,1.0,0.0,0.0,0.0,1.7451559362002096,1.996389967396069,0.0,0.0,10.793959502416731,1062.6711211462375,41.80803719266337,302.7106577576344,16.191644196077288
21,245.0,17.19171953011512,0.98,0.0,0.0,0.0,0.01,0.01,0.0,0.0,301.25,77.28,0.8132780082987552,0.2224601388472453,22.12492901225701,16.57498084484738,1059.536828040058,43.4481950426882,0.9963170019924732,0.0,0.0,0.0,0.0023477165351859,0.0013352814723407,0.0,0.0,0.9496797054174636,0.0,0.0,0.0,0.0242194925875022,0.026100801995034,0.0,0.0,10.613848747817894,1.0470669202810785,1.0,0.0,0.0,0.0,1.7358081282007325,1.986241695154835,0.0,0.0,10.793959502416731,1062.6711211462375,41.80803719266337,302.7106577576344,16.191644196077288
21,245.0,17.808358215382853,0.98,0.0,0.0,0.0,0.01,0.01,0.0,0.0,301.25,77.28,0.8132780082987552,0.2304394179009168,22.12492901225701,16.57498084484738,1057.7309425544945,44.48747956646149,0.9941162923249725,0.0,0.0,0.0,0.0036460245703816,0.0022376831046459,0.0,0.0,0.9214524152487198,0.0,0.0,0.0,0.0363532311749474,0.0421943535763328,0.0,0.0,10.50660646592824,1.053471844526078,1.0,0.0,0.0,0.0,1.726781574330795,1.9764320656005323,0.0,0.0,10.793959502416731,1062.6711211462375,41.80803719266337,302.7106577576344,16.191644196077288
21,245.0,18.42499690065059,0.98,0.0,0.0,0.0,0.01,0.01,0.0,0.0,301.25,77.28,0.8132780082987552,0.2384186969545884,22.12492901225701,16.57498084484738,1056.0183763310529,45.54745029995068,0.9919674532361098,0.0,0.0,0.0,0.0048342854905727,0.0031982612733174,0.0,0.0,0.8951085449343484,0.0,0.0,0.0,0.0466431363889395,0.058248318676712,0.0,0.0,10.40213453261147,1.0597933214174815,1.0,0.0,0.0,0.0,1.7180679373928431,1.9669464058507853,0.0,0.0,10.793959502416731,1062.6711211462375,41.80803719266337,302.7106577576344,16.191644196077288
21,245.0,19.04163558591833,0.98,0.0,0.0,0.0,0.01,0.01,0.0,0.0,301.25,77.28,0.8132780082987552,0.2463979760082599,22.12492901225701,16.57498084484738,1054.3947135674557,46.62731216313444,0.9898681376507614,0.0,0.0,0.0,0.0059175767669839,0.0042142855822546,0.0,0.0,0.870468636744714,0.0,0.0,0.0,0.0553128440159929,0.074218519239293,0.0,0.0,10.300295863375982,1.066020702445826,1.0,0.0,0.0,0.0,1.7096765905770996,1.957766853117798,0.0,0.0,10.793959502416731,1062.6711211462375,41.80803719266337,302.7106577576344,16.191644196077288
21,245.0,19.658274271186063,0.98,0.0,0.0,0.0,0.01,0.01,0.0,0.0,301.25,77.28,0.8132780082987552,0.2543772550619314,22.12492901225701,16.57498084484738,1052.8544814898555,47.72611642403982,0.9878153852491444,0.0,0.0,0.0,0.0069021940176001,0.0052824207332555,0.0,0.0,0.8473747339662067,0.0,0.0,0.0,0.0625690454711542,0.0900562205626391,0.0,0.0,10.200925935697905,1.0721832308010726,1.0,0.0,0.0,0.0,1.701554029027874,1.94887345387892,0.0,0.0,10.793959502416731,1062.6711211462375,41.80803719266337,302.7106577576344,16.191644196077288
21,245.0,20.2749129564538,0.98,0.0,0.0,0.0,0.01,0.01,0.0,0.0,301.25,77.28,0.8132780082987552,0.262356534115603,22.12492901225701,16.57498084484738,1051.3915121624882,48.842819102939394,0.9858058243918728,0.0,0.0,0.0,0.00779523227071,0.0063989433374169,0.0,0.0,0.8256873511280199,0.0,0.0,0.0,0.0686003856627908,0.1057122632091891,0.0,0.0,10.103849681437326,1.0782651299862491,1.0,0.0,0.0,0.0,1.6936804448924343,1.9402452004330175,0.0,0.0,10.793959502416731,1062.6711211462375,41.80803719266337,302.7106577576344,16.191644196077288
21,245.0,20.89155164172153,0.98,0.0,0.0,0.0,0.01,0.01,0.0,0.0,301.25,77.28,0.8132780082987552,0.2703358131692745,22.12492901225701,16.57498084484738,1049.999287770547,49.97633624890052,0.9838358678331096,0.0,0.0,0.0,0.0086041882734447,0.0075599438934456,0.0,0.0,0.8052829791562176,0.0,0.0,0.0,0.0735767646678416,0.1211402561759407,0.0,0.0,10.008888225263842,1.0843014091039236,1.0,0.0,0.0,0.0,1.6860359209587088,1.9318608830396875,0.0,0.0,10.793959502416731,1062.6711211462375,41.80803719266337,302.7106577576344,16.191644196077288
21,245.0,21.508190326989272,0.98,0.0,0.0,0.0,0.01,0.01,0.0,0.0,301.25,77.28,0.8132780082987552,0.278315092222946,22.12492901225701,16.57498084484738,1048.6712339842734,51.125589918259415,0.9819018797638692,0.0,0.0,0.0,0.0093366225026112,0.0087614977335196,0.0,0.0,0.7860519712689722,0.0,0.0,0.0,0.0776492596258192,0.1362987691052085,0.0,0.0,9.91586547826901,1.0902777655491078,1.0,0.0,0.0,0.0,1.6786010870758057,1.9236997980417687,0.0,0.0,10.793959502416731,1062.6711211462375,41.80803719266337,302.7106577576344,16.191644196077288
21,245.0,22.12482901225701,0.98,0.0,0.0,0.0,0.01,0.01,0.0,0.0,301.25,77.28,0.8132780082987552,0.2862943712766176,22.12492901225701,16.57498084484738,1047.4009466805464,52.28954284158319,0.9800003055072704,0.0,0.0,0.0,0.0099998978047499,0.0099997966879796,0.0,0.0,0.7678967353702576,0.0,0.0,0.0,0.0809506720730931,0.1511525925566492,0.0,0.0,9.824614189813037,1.096199922106006,1.0,0.0,0.0,0.0,1.6713771713939185,1.915742262726111,0.0,0.0,10.793959502416731,1062.6711211462375,41.80803719266337,302.7106577576344,16.191644196077288
21,250.0,19.45065123594169,0.98,0.0,0.0,0.0,0.01,0.01,0.0,0.0,301.25,77.28,0.8298755186721992,0.2516906215830964,24.940974714407847,19.45055123594169,1039.431826113691,50.0412336667195,0.9982957520320656,0.0,0.0,0.0,0.0011143793888599,0.0005898685790744,0.0,0.0,0.9799957398916496,0.0,0.0,0.0,0.0100020689888285,0.0100021911195218,0.0,0.0,9.522829834577708,1.1048593296492273,1.0,0.0,0.0,0.0,1.5965888677878657,1.8582347637034715,0.0,0.0,9.599114364051816,1040.9186176418627,49.27650279185157,302.7106577576344,18.99215487266697
21,250.0,20.060676066882376,0.98,0.0,0.0,0.0,0.01,0.01,0.0,0.0,301.25,77.28,0.8298755186721992,0.2595843176356415,24.940974714407847,19.45055123594169,1037.537083293905,51.07686322477544,0.9960752077309792,0.0,0.0,0.0,0.0024978151527128,0.0014269771163078,0.0,0.0,0.954799787754338,0.0,0.0,0.0,0.0217607594017889,0.0234394528438729,0.0,0.0,9.42360735287108,1.1115359179069408,1.0,0.0,0.0,0.0,1.5890841753927614,1.8496521739016905,0.0,0.0,9.599114364051816,1040.9186176418627,49.27650279185157,302.7106577576344,18.99215487266697
21,250.0,20.67070089782306,0.98,0.0,0.0,0.0,0.01,0.01,0.0,0.0,301.25,77.28,0.8298755186721992,0.2674780136881866,24.940974714407847,19.45055123594169,1035.7360318591866,52.13289235687864,0.9939074963056254,0.0,0.0,0.0,0.0037697393622647,0.0023227643321099,0.0,0.0,0.9310965917294044,0.0,0.0,0.0,0.0319076800671988,0.0369957282033967,0.0,0.0,9.326919299585146,1.1181393261223114,1.0,0.0,0.0,0.0,1.5818325468206198,1.84134526839492,0.0,0.0,9.599114364051816,1040.9186176418627,49.27650279185157,302.7106577576344,18.99215487266697
21,250.0,21.280725728763745,0.98,0.0,0.0,0.0,0.01,0.01,0.0,0.0,301.25,77.28,0.8298755186721992,0.2753717097407316,24.940974714407847,19.45055123594169,1034.0255190289774,53.20873730250693,0.9917909461033184,0.0,0.0,0.0,0.0049338028687543,0.003275251027927,0.0,0.0,0.9087604208783984,0.0,0.0,0.0,0.0406093970928614,0.0506301820287399,0.0,0.0,9.232654196367456,1.1246489303628082,1.0,0.0,0.0,0.0,1.574815204495862,1.833301807040116,0.0,0.0,9.599114364051816,1040.9186176418627,49.27650279185157,302.7106577576344,18.99215487266697
21,250.0,21.89075055970443,0.98,0.0,0.0,0.0,0.01,0.01,0.0,0.0,301.25,77.28,0.8298755186721992,0.2832654057932767,24.940974714407847,19.45055123594169,1032.4010799834166,54.303622846488096,0.9897231195362308,0.0,0.0,0.0,0.0059951749539354,0.0042817055098337,0.0,0.0,0.8876784834324657,0.0,0.0,0.0,0.0480260183434555,0.0642954982240787,0.0,0.0,9.140690569535652,1.131089303888907,1.0,0.0,0.0,0.0,1.5680188850880394,1.8255070974035703,0.0,0.0,9.599114364051816,1040.9186176418627,49.27650279185157,302.7106577576344,18.99215487266697
21,250.0,22.50077539064511,0.98,0.0,0.0,0.0,0.01,0.01,0.0,0.0,301.25,77.28,0.8298755186721992,0.2911591018458218,24.940974714407847,19.45055123594169,1030.8572785856245,55.41663967353969,0.9877010107329368,0.0,0.0,0.0,0.0069601524630748,0.0053388368039881,0.0,0.0,0.8677495042910366,0.0,0.0,0.0,0.0543090400380971,0.0779414556708664,0.0,0.0,9.050883354897138,1.13744677508804,1.0,0.0,0.0,0.0,1.5614547151385367,1.8179448521380572,0.0,0.0,9.599114364051816,1040.9186176418627,49.27650279185157,302.7106577576344,18.99215487266697
21,250.0,23.110800221585794,0.98,0.0,0.0,0.0,0.01,0.01,0.0,0.0,301.25,77.28,0.8298755186721992,0.2990527978983669,24.940974714407847,19.45055123594169,1029.388052942032,56.5467978334739,0.9857212409519134,0.0,0.0,0.0,0.0078357565856357,0.0064430024624508,0.0,0.0,0.8488823921784694,0.0,0.0,0.0,0.0595994525698211,0.0915181552517093,0.0,0.0,8.963079277744125,1.1437532699915665,1.0,0.0,0.0,0.0,1.5550917855423931,1.810597929890416,0.0,0.0,9.599114364051816,1040.9186176418627,49.27650279185157,302.7106577576344,18.99215487266697
21,250.0,23.72082505252648,0.98,0.0,0.0,0.0,0.01,0.01,0.0,0.0,301.25,77.28,0.8298755186721992,0.306946493950912,24.940974714407847,19.45055123594169,1027.987041472113,57.69307704648794,0.9837802457931626,0.0,0.0,0.0,0.008629354659214,0.0075903995476232,0.0,0.0,0.8309951214192528,0.0,0.0,0.0,0.0640263394910649,0.1049785390896822,0.0,0.0,8.877122419722788,1.150000780547456,1.0,0.0,0.0,0.0,1.5489032836013223,1.803449059480731,0.0,0.0,9.599114364051816,1040.9186176418627,49.27650279185157,302.7106577576344,18.99215487266697
21,250.0,24.330849883467163,0.98,0.0,0.0,0.0,0.01,0.01,0.0,0.0,301.25,77.28,0.8298755186721992,0.3148401900034571,24.940974714407847,19.45055123594169,1026.6478570401025,58.85446801737824,0.9818744331096624,0.0,0.0,0.0,0.0093483420782969,0.0087772248120407,0.0,0.0,0.8140137409970019,0.0,0.0,0.0,0.0677061192611187,0.1182801397418792,0.0,0.0,8.79285977846072,1.156200161378352,1.0,0.0,0.0,0.0,1.5428744612924754,1.7964813915644884,0.0,0.0,9.599114364051816,1040.9186176418627,49.27650279185157,302.7106577576344,18.99215487266697
21,250.0,24.940874714407848,0.98,0.0,0.0,0.0,0.01,0.01,0.0,0.0,301.25,77.28,0.8298755186721992,0.3227338860560022,24.940974714407847,19.45055123594169,1025.364296925205,60.03000320504367,0.980000304380212,0.0,0.0,0.0,0.0099998984849308,0.0099997971348571,0.0,0.0,0.797871488025918,0.0,0.0,0.0,0.0707424128277178,0.1313860991463642,0.0,0.0,8.710146324300487,1.162352507189658,1.0,0.0,0.0,0.0,1.5370090415470463,1.789678933658606,0.0,0.0,9.599114364051816,1040.9186176418627,49.27650279185157,302.7106577576344,18.99215487266697
21,255.0,22.683652070453498,0.98,0.0,0.0,0.0,0.01,0.01,0.0,0.0,301.25,77.28,0.8464730290456431,0.293525518510009,28.0860333799468,22.683552070453494,1015.9979365004834,58.8525785590242,0.9979733415324196,0.0,0.0,0.0,0.0013207140513251,0.0007059444162553,0.0,0.0,0.9799964253544706,0.0,0.0,0.0,0.0100017261882359,0.0100018484572933,0.0,0.0,8.349497522234772,1.1787401342403088,1.0,0.0,0.0,0.0,1.4699996924809406,1.7325560379090044,0.0,0.0,8.432227805466914,1017.7913832278248,57.90987351738985,302.7106577576344,22.13772066860631
21,255.0,23.28390554928609,0.98,0.0,0.0,0.0,0.01,0.01,0.0,0.0,301.25,77.28,0.8464730290456431,0.3012927736708862,28.0860333799468,22.683552070453494,1014.1133400688238,59.907924388551805,0.9957948506048226,0.0,0.0,0.0,0.0026677880055618,0.0015373613896155,0.0,0.0,0.9591012610239412,0.0,0.0,0.0,0.0197015152863872,0.0211972236896713,0.0,0.0,8.260679779468283,1.185698854942367,1.0,0.0,0.0,0.0,1.463984687349485,1.7253087637786566,0.0,0.0,8.432227805466914,1017.7913832278248,57.90987351738985,302.7106577576344,22.13772066860631
21,255.0,23.884159028118678,0.98,0.0,0.0,0.0,0.01,0.01,0.0,0.0,301.25,77.28,0.8464730290456431,0.3090600288317633,28.0860333799468,22.683552070453494,1012.3184216630652,60.982637096126176,0.9936676288860204,0.0,0.0,0.0,0.0039068786250621,0.0024254924889175,0.0,0.0,0.939274726816217,0.0,0.0,0.0,0.0281556021608182,0.0325696710229647,0.0,0.0,8.17405013152419,1.1925909045511396,1.0,0.0,0.0,0.0,1.4581551189622322,1.7182828476231309,0.0,0.0,8.432227805466914,1017.7913832278248,57.90987351738985,302.7106577576344,22.13772066860631
21,255.0,24.484412506951266,0.98,0.0,0.0,0.0,0.01,0.01,0.0,0.0,301.25,77.28,0.8464730290456431,0.3168272839926406,28.0860333799468,22.683552070453494,1010.6099730331986,62.0761469878453,0.9915899227317764,0.0,0.0,0.0,0.0050417298900728,0.003368347378151,0.0,0.0,0.920439230371912,0.0,0.0,0.0,0.0354806171366035,0.0440801524914844,0.0,0.0,8.089509771272757,1.1993971336864833,1.0,0.0,0.0,0.0,1.4525374847521966,1.711468434255626,0.0,0.0,8.432227805466914,1017.7913832278248,57.90987351738985,302.7106577576344,22.13772066860631
21,255.0,25.08466598578385,0.98,0.0,0.0,0.0,0.01,0.01,0.0,0.0,301.25,77.28,0.8464730290456431,0.3245945391535177,28.0860333799468,22.683552070453494,1008.9835985614574,63.1877191759451,0.9895592801497384,0.0,0.0,0.0,0.0060774685611755,0.0043632512890861,0.0,0.0,0.9025237717006752,0.0,0.0,0.0,0.0417914044264058,0.0556848238729189,0.0,0.0,8.006953502342181,1.2061351590492684,1.0,0.0,0.0,0.0,1.447084690863948,1.7048536921489543,0.0,0.0,8.432227805466914,1017.7913832278248,57.90987351738985,302.7106577576344,22.13772066860631
21,255.0,25.68491946461644,0.98,0.0,0.0,0.0,0.01,0.01,0.0,0.0,301.25,77.28,0.8464730290456431,0.3323617943143949,28.0860333799468,22.683552070453494,1007.4340366610876,64.31650669495198,0.987572740228097,0.0,0.0,0.0,0.007020234341728,0.0054070254301749,0.0,0.0,0.8854634665803353,0.0,0.0,0.0,0.0471987823761362,0.0673377510435285,0.0,0.0,7.926256601010951,1.2128034457423829,1.0,0.0,0.0,0.0,1.4417859909492867,1.6984255533626014,0.0,0.0,8.432227805466914,1017.7913832278248,57.90987351738985,302.7106577576344,22.13772066860631
21,255.0,26.28517294344903,0.98,0.0,0.0,0.0,0.01,0.01,0.0,0.0,301.25,77.28,0.8464730290456431,0.3401290494752721,28.0860333799468,22.683552070453494,1005.9554763010386,65.46159706510544,0.9856270136954104,0.0,0.0,0.0,0.0078768070333626,0.0064961792712269,0.0,0.0,0.8691989990756078,0.0,0.0,0.0,0.0518075943285735,0.0789934065958186,0.0,0.0,7.847288119759973,1.2194155039371282,1.0,0.0,0.0,0.0,1.4366590777225172,1.692172659975972,0.0,0.0,8.432227805466914,1017.7913832278248,57.90987351738985,302.7106577576344,22.13772066860631
21,255.0,26.88542642228162,0.98,0.0,0.0,0.0,0.01,0.01,0.0,0.0,301.25,77.28,0.8464730290456431,0.3478963046361493,28.0860333799468,22.683552070453494,1004.541853644451,66.6220562174904,0.983718654845457,0.0,0.0,0.0,0.0086542599681117,0.0076270851864312,0.0,0.0,0.8536761634297519,0.0,0.0,0.0,0.0557151983497414,0.0906086382205065,0.0,0.0,7.769915349479032,1.2259865920172552,1.0,0.0,0.0,0.0,1.4316667717169878,1.6860867426265609,0.0,0.0,8.432227805466914,1017.7913832278248,57.90987351738985,302.7106577576344,22.13772066860631
21,255.0,27.48567990111421,0.98,0.0,0.0,0.0,0.01,0.01,0.0,0.0,301.25,77.28,0.8464730290456431,0.3556635597970265,28.0860333799468,22.683552070453494,1003.187099741522,67.7969641934781,0.9818442053755676,0.0,0.0,0.0,0.0093596704375786,0.0087961241868537,0.0,0.0,0.8388454301216616,0.0,0.0,0.0,0.059010508895277,0.1021440609830614,0.0,0.0,7.694008301213013,1.2325054341538195,1.0,0.0,0.0,0.0,1.4267936611951468,1.680146200373685,0.0,0.0,8.432227805466914,1017.7913832278248,57.90987351738985,302.7106577576344,22.13772066860631
21,255.0,28.0859333799468,0.98,0.0,0.0,0.0,0.01,0.01,0.0,0.0,301.25,77.28,0.8464730290456431,0.3634308149579037,28.0860333799468,22.683552070453494,1001.8853295293212,68.98544150182677,0.9800003043836248,0.0,0.0,0.0,0.0099998985503838,0.0099997970659913,0.0,0.0,0.824661531372701,0.0,0.0,0.0,0.0617735736517771,0.1135648949755217,0.0,0.0,7.619443910330228,1.2389941528291046,1.0,0.0,0.0,0.0,1.4220508081892609,1.674338312302743,0.0,0.0,8.432227805466914,1017.7913832278248,57.90987351738985,302.7106577576344,22.13772066860631
21,260.0,26.30274847343768,0.98,0.0,0.0,0.0,0.01,0.01,0.0,0.0,301.25,77.28,0.8630705394190872,0.3403564761055601,31.5856030329746,26.30264847343768,990.8475596662004,69.08943409227739,0.9975947132659554,0.0,0.0,0.0,0.0015593741822583,0.0008459125517862,0.0,0.0,0.9799969909175956,0.0,0.0,0.0,0.0100014435323978,0.0100015655500065,0.0,0.0,7.206843380653332,1.2650561031662015,1.0,0.0,0.0,0.0,1.3621845696956247,1.6180204688404989,0.0,0.0,7.296085655146154,993.0143761526203,67.92140682303575,302.7106577576344,25.654931900849267
21,260.0,26.88972120227512,0.98,0.0,0.0,0.0,0.01,0.01,0.0,0.0,301.25,77.28,0.8630705394190872,0.3479518789114275,31.5856030329746,26.30264847343768,988.9749969193604,70.16730182060348,0.995467707900853,0.0,0.0,0.0,0.0028616238346429,0.0016706682645041,0.0,0.0,0.9627335351772798,0.0,0.0,0.0,0.0179685058536491,0.019297958969071,0.0,0.0,7.127995293128529,1.2724198652642609,1.0,0.0,0.0,0.0,1.35741325959947,1.6119131314715904,0.0,0.0,7.296085655146154,993.0143761526203,67.92140682303575,302.7106577576344,25.654931900849267
21,260.0,27.476693931112557,0.98,0.0,0.0,0.0,0.01,0.01,0.0,0.0,301.25,77.28,0.8630705394190872,0.3555472817172949,31.5856030329746,26.30264847343768,987.1867576654184,71.26336647106513,0.9933894339295046,0.0,0.0,0.0,0.0040609454060287,0.0025496206644667,0.0,0.0,0.9462349742331636,0.0,0.0,0.0,0.0249769088410976,0.0287881169257387,0.0,0.0,7.051002497470982,1.279705323752102,1.0,0.0,0.0,0.0,1.3527759706106683,1.6059892923554224,0.0,0.0,7.296085655146154,993.0143761526203,67.92140682303575,302.7106577576344,25.654931900849267
21,260.0,28.063666659949988,0.98,0.0,0.0,0.0,0.01,0.01,0.0,0.0,301.25,77.28,0.8630705394190872,0.3631426845231623,31.5856030329746,26.30264847343768,985.479669810274,72.3770892298568,0.9913581158116562,0.0,0.0,0.0,0.005161071503535,0.0034808126848086,0.0,0.0,0.9304532906922892,0.0,0.0,0.0,0.0311085172532841,0.0384381920544267,0.0,0.0,6.975783370981353,1.2869408995843172,1.0,0.0,0.0,0.0,1.3482981213398773,1.600236322347406,0.0,0.0,7.296085655146154,993.0143761526203,67.92140682303575,302.7106577576344,25.654931900849267
21,260.0,28.650639388787425,0.98,0.0,0.0,0.0,0.01,0.01,0.0,0.0,301.25,77.28,0.8630705394190872,0.3707380873290298,31.5856030329746,26.30264847343768,983.8495224515656,73.50779465451413,0.989371364345043,0.0,0.0,0.0,0.0061669510452868,0.00446168460967,0.0,0.0,0.9153437311192212,0.0,0.0,0.0,0.036445524336081,0.0482107445446978,0.0,0.0,6.90224789261066,1.294109311114604,1.0,0.0,0.0,0.0,1.3439413034931111,1.5946408121139788,0.0,0.0,7.296085655146154,993.0143761526203,67.92140682303575,302.7106577576344,25.654931900849267
21,260.0,29.23761211762486,0.98,0.0,0.0,0.0,0.01,0.01,0.0,0.0,301.25,77.28,0.8630705394190872,0.3783334901348972,31.5856030329746,26.30264847343768,982.2913578953824,74.65471866851682,0.9874263513821536,0.0,0.0,0.0,0.0070844134099312,0.0054892352079152,0.0,0.0,0.9008647478257352,0.0,0.0,0.0,0.0410685110585339,0.0580667411157308,0.0,0.0,6.830291654675969,1.301212786897887,1.0,0.0,0.0,0.0,1.3397134533164503,1.5891925812857763,0.0,0.0,7.296085655146154,993.0143761526203,67.92140682303575,302.7106577576344,25.654931900849267
21,260.0,29.82458484646229,0.98,0.0,0.0,0.0,0.01,0.01,0.0,0.0,301.25,77.28,0.8630705394190872,0.3859288929407646,31.5856030329746,26.30264847343768,980.7997486887684,75.81704670200834,0.985519968465698,0.0,0.0,0.0,0.0079198383793208,0.006560193154981,0.0,0.0,0.8869778030409333,0.0,0.0,0.0,0.0450547661980228,0.0679674307610439,0.0,0.0,6.759805887869665,1.3082742913370178,1.0,0.0,0.0,0.0,1.3356023526312035,1.5838810131089212,0.0,0.0,7.296085655146154,993.0143761526203,67.92140682303575,302.7106577576344,25.654931900849267
21,260.0,30.41155757529973,0.98,0.0,0.0,0.0,0.01,0.01,0.0,0.0,301.25,77.28,0.8630705394190872,0.3935242957466321,31.5856030329746,26.30264847343768,979.369057009774,76.99395033552632,0.9836489780859472,0.0,0.0,0.0,0.0086798508871773,0.0076711710268754,0.0,0.0,0.8736472187030881,0.0,0.0,0.0,0.0484769452072207,0.0778758360896911,0.0,0.0,6.6906806458375145,1.3152821256939504,1.0,0.0,0.0,0.0,1.3315895684810468,1.5786954319027915,0.0,0.0,7.296085655146154,993.0143761526203,67.92140682303575,302.7106577576344,25.654931900849267
21,260.0,30.99853030413717,0.98,0.0,0.0,0.0,0.01,0.01,0.0,0.0,301.25,77.28,0.8630705394190872,0.4011196985524995,31.5856030329746,26.30264847343768,977.9936505352092,78.18461680054763,0.9818101396110288,0.0,0.0,0.0,0.0093710667159163,0.0088187936730548,0.0,0.0,0.8608400118598578,0.0,0.0,0.0,0.051402156063394,0.087757832076748,0.0,0.0,6.622808279514147,1.322255649673752,1.0,0.0,0.0,0.0,1.327688565368111,1.5736254349423415,0.0,0.0,7.296085655146154,993.0143761526203,67.92140682303575,302.7106577576344,25.654931900849267
21,260.0,31.5855030329746,0.98,0.0,0.0,0.0,0.01,0.01,0.0,0.0,301.25,77.28,0.8630705394190872,0.408715101358367,31.5856030329746,26.30264847343768,976.6680673696376,79.38827062577434,0.9800003055761228,0.0,0.0,0.0,0.0099998979862663,0.0099997964376107,0.0,0.0,0.8485257170333746,0.0,0.0,0.0,0.0538914610120011,0.097582821954624,0.0,0.0,6.55608679093197,1.3292138470749733,1.0,0.0,0.0,0.0,1.3238661067781976,1.5686611059661824,0.0,0.0,7.296085655146154,993.0143761526203,67.92140682303575,302.7106577576344,25.654931900849267
21,265.0,30.33855955894532,0.98,0.0,0.0,0.0,0.01,0.01,0.0,0.0,301.25,77.28,0.8796680497925311,0.3925797044376982,35.46600825215772,30.33845955894532,963.5966341660474,81.05042803477514,0.9971476191980732,0.0,0.0,0.0,0.0018361770772963,0.0010162037246304,0.0,0.0,0.979997461395124,0.0,0.0,0.0,0.010001208606305,0.010001329998571,0.0,0.0,6.098435035448037,1.3679489388959645,1.0,0.0,0.0,0.0,1.270674841943009,1.5134761158101129,0.0,0.0,6.194157229336726,966.2255774553212,79.59167899763797,302.7106577576344,29.571779036695137
21,265.0,30.90826496930225,0.98,0.0,0.0,0.0,0.01,0.01,0.0,0.0,301.25,77.28,0.8796680497925311,0.3999516688574308,35.46600825215772,30.33845955894532,961.7369308789606,82.15456800798103,0.9950828073039152,0.0,0.0,0.0,0.0030844931776051,0.0018326995184796,0.0,0.0,0.9658179461252806,0.0,0.0,0.0,0.0165025090057826,0.0176795448689367,0.0,0.0,6.029189714952936,1.3758824617640577,1.0,0.0,0.0,0.0,1.2669302579119388,1.5083554499727423,0.0,0.0,6.194157229336726,966.2255774553212,79.59167899763797,302.7106577576344,29.571779036695137
21,265.0,31.477970379659187,0.98,0.0,0.0,0.0,0.01,0.01,0.0,0.0,301.25,77.28,0.8796680497925311,0.4073236332771633,35.46600825215772,30.33845955894532,959.9548893786392,83.27563195300937,0.9930632419537988,0.0,0.0,0.0,0.0042364556015932,0.002700302444608,0.0,0.0,0.9521846610136696,0.0,0.0,0.0,0.0222722170936925,0.0255431218926379,0.0,0.0,5.961487260152538,1.383752288846157,1.0,0.0,0.0,0.0,1.2632849050311057,1.5033722814247217,0.0,0.0,6.194157229336726,966.2255774553212,79.59167899763797,302.7106577576344,29.571779036695137
21,265.0,32.04767579001612,0.98,0.0,0.0,0.0,0.01,0.01,0.0,0.0,301.25,77.28,0.8796680497925311,0.4146955976968959,35.46600825215772,30.33845955894532,958.2474681115292,84.41312906355266,0.9910871897867448,0.0,0.0,0.0,0.0052956744096985,0.0036171358035565,0.0,0.0,0.9390678647274402,0.0,0.0,0.0,0.0273676193095019,0.0335645159630578,0.0,0.0,5.895260879856977,1.3915622358413673,1.0,0.0,0.0,0.0,1.2597514373453589,1.4985276248971962,0.0,0.0,6.194157229336726,966.2255774553212,79.59167899763797,302.7106577576344,29.571779036695137
21,265.0,32.61738120037305,0.98,0.0,0.0,0.0,0.01,0.01,0.0,0.0,301.25,77.28,0.8796680497925311,0.4220675621166285,35.46600825215772,30.33845955894532,956.610749477412,85.56646064395377,0.9891523992515124,0.0,0.0,0.0,0.0062667885509871,0.0045808121975006,0.0,0.0,0.9264393434535956,0.0,0.0,0.0,0.0318470862929898,0.0417135702534147,0.0,0.0,5.830437077690648,1.3993311363521557,1.0,0.0,0.0,0.0,1.2563108032089076,1.4938060593202462,0.0,0.0,6.194157229336726,966.2255774553212,79.59167899763797,302.7106577576344,29.571779036695137
21,265.0,33.187086610729985,0.98,0.0,0.0,0.0,0.01,0.01,0.0,0.0,301.25,77.28,0.8796680497925311,0.4294395265363611,35.46600825215772,30.33845955894532,955.0401961478948,86.73496326600485,0.987256256414375,0.0,0.0,0.0,0.0071551737028046,0.0055885698828203,0.0,0.0,0.9142725333805984,0.0,0.0,0.0,0.0357685526542969,0.0499589139651046,0.0,0.0,5.766930871708372,1.4070509157794184,1.0,0.0,0.0,0.0,1.2529659870472727,1.4891987468175578,0.0,0.0,6.194157229336726,966.2255774553212,79.59167899763797,302.7106577576344,29.571779036695137
21,265.0,33.75679202108692,0.98,0.0,0.0,0.0,0.01,0.01,0.0,0.0,301.25,77.28,0.8796680497925311,0.4368114909560936,35.46600825215772,30.33845955894532,953.5308809318144,87.91793737766211,0.9853959162644969,0.0,0.0,0.0,0.0079666642195618,0.0066374195159414,0.0,0.0,0.9025424694093622,0.0,0.0,0.0,0.0391882158087969,0.0582693147818407,0.0,0.0,5.704654725460337,1.414724537748294,1.0,0.0,0.0,0.0,1.2497053031611784,1.4846975508050086,0.0,0.0,6.194157229336726,966.2255774553212,79.59167899763797,302.7106577576344,29.571779036695137
21,265.0,34.326497431443855,0.98,0.0,0.0,0.0,0.01,0.01,0.0,0.0,301.25,77.28,0.8796680497925311,0.4441834553758262,35.46600825215772,30.33845955894532,952.0777038790662,89.11467632124516,0.9835684296593182,0.0,0.0,0.0,0.0087072959371455,0.0077242744035363,0.0,0.0,0.891225770610625,0.0,0.0,0.0,0.0421594701211928,0.0666147592681821,0.0,0.0,5.643520188977047,1.4223662370567092,1.0,0.0,0.0,0.0,1.246523911191013,1.4802944739653692,0.0,0.0,6.194157229336726,966.2255774553212,79.59167899763797,302.7106577576344,29.571779036695137
21,265.0,34.896202841800786,0.98,0.0,0.0,0.0,0.01,0.01,0.0,0.0,301.25,77.28,0.8796680497925311,0.4515554197955588,35.46600825215772,30.33845955894532,950.6755728903,90.32448942702295,0.9817708487703124,0.0,0.0,0.0,0.0093830917917524,0.0088460594379351,0.0,0.0,0.8803005999218585,0.0,0.0,0.0,0.0447321461305311,0.0749672539476103,0.0,0.0,5.583440832312985,1.4299834272304566,1.0,0.0,0.0,0.0,1.243417697861001,1.4759817684675471,0.0,0.0,6.194157229336726,966.2255774553212,79.59167899763797,302.7106577576344,29.571779036695137
21,265.0,35.46590825215772,0.98,0.0,0.0,0.0,0.01,0.01,0.0,0.0,301.25,77.28,0.8796680497925311,0.4589273842152914,35.46600825215772,30.33845955894532,949.3195425639587,91.54671885586669,0.9800003080760122,0.0,0.0,0.0,0.0099998967465852,0.0099997951774024,0.0,0.0,0.8697466014638736,0.0,0.0,0.0,0.0469520489562909,0.0833013495798354,0.0,0.0,5.524334786054565,1.4375764960959914,1.0,0.0,0.0,0.0,1.2403755503600824,1.47176141998634,0.0,0.0,6.194157229336726,966.2255774553212,79.59167899763797,302.7106577576344,29.571779036695137
21,270.0,34.82422748002603,0.98,0.0,0.0,0.0,0.01,0.01,0.0,0.0,301.25,77.28,0.8962655601659751,0.4506240615945397,39.75438464629829,34.82412748002603,933.7175257300336,95.1467241972046,0.9966149809663588,0.0,0.0,0.0,0.0021590584025312,0.0012259606311101,0.0,0.0,0.9799978561328272,0.0,0.0,0.0,0.0100010117337677,0.010001132133405,0.0,0.0,5.028818168529223,1.493778179125124,1.0,0.0,0.0,0.0,1.1935278808949907,1.41788114445354,0.0,0.0,5.130843724671824,936.9320241360858,93.30322734807504,302.7106577576344,33.91794976874195
21,270.0,35.37201160961184,0.98,0.0,0.0,0.0,0.01,0.01,0.0,0.0,301.25,77.28,0.8962655601659751,0.4577123655488074,39.75438464629829,34.82412748002603,931.870041061234,96.28221179866952,0.9946248739512574,0.0,0.0,0.0,0.0033434169693415,0.0020317090794009,0.0,0.0,0.9684538279876972,0.0,0.0,0.0,0.015255296759638,0.0162908752526647,0.0,0.0,4.9688795600496585,1.502521281736506,1.0,0.0,0.0,0.0,1.1906329211548337,1.4136178221859723,0.0,0.0,5.130843724671824,936.9320241360858,93.30322734807504,302.7106577576344,33.91794976874195
21,270.0,35.919795739197646,0.98,0.0,0.0,0.0,0.01,0.01,0.0,0.0,301.25,77.28,0.8962655601659751,0.4648006695030751,39.75438464629829,34.82412748002603,930.092281608616,97.43329723586538,0.9926756232213764,0.0,0.0,0.0,0.0044395043597407,0.002884872418883,0.0,0.0,0.9572977261535192,0.0,0.0,0.0,0.0199589497528171,0.0227433240936635,0.0,0.0,4.910194097475528,1.5112165575769902,1.0,0.0,0.0,0.0,1.187817151961236,1.4094566048988129,0.0,0.0,5.130843724671824,936.9320241360858,93.30322734807504,302.7106577576344,33.91794976874195
21,270.0,36.46757986878345,0.98,0.0,0.0,0.0,0.01,0.01,0.0,0.0,301.25,77.28,0.8962655601659751,0.4718889734573428,39.75438464629829,34.82412748002603,928.3814171061877,98.59954812925604,0.9907655916069996,0.0,0.0,0.0,0.0054506999249424,0.0037837084680577,0.0,0.0,0.9465111167218566,0.0,0.0,0.0,0.0241516588007844,0.0293372244773589,0.0,0.0,4.852710264352827,1.5198667667307206,1.0,0.0,0.0,0.0,1.1850738112742778,1.405392883254493,0.0,0.0,5.130843724671824,936.9320241360858,93.30322734807504,302.7106577576344,33.91794976874195
21,270.0,37.01536399836926,0.98,0.0,0.0,0.0,0.01,0.01,0.0,0.0,301.25,77.28,0.8962655601659751,0.4789772774116105,39.75438464629829,34.82412748002603,926.7339290004396,99.78046190438774,0.9888927414554404,0.0,0.0,0.0,0.0063812035000945,0.0047260550444649,0.0,0.0,0.9360763039860226,0.0,0.0,0.0,0.027874231269936,0.0360494647440413,0.0,0.0,4.796367110265545,1.5284761403221068,1.0,0.0,0.0,0.0,1.1824000656357898,1.4014263216713736,0.0,0.0,5.130843724671824,936.9320241360858,93.30322734807504,302.7106577576344,33.91794976874195
21,270.0,37.56314812795506,0.98,0.0,0.0,0.0,0.01,0.01,0.0,0.0,301.25,77.28,0.8962655601659751,0.4860655813658781,39.75438464629829,34.82412748002603,925.1457984192972,100.97548963508632,0.9870547433407496,0.0,0.0,0.0,0.0072358084734583,0.0057094481857921,0.0,0.0,0.925976375151629,0.0,0.0,0.0,0.0311675519329479,0.0428560729154229,0.0,0.0,4.741099450944688,1.5370501960750744,1.0,0.0,0.0,0.0,1.179798099342548,1.3975513577718557,0.0,0.0,5.130843724671824,936.9320241360858,93.30322734807504,302.7106577576344,33.91794976874195
21,270.0,38.11093225754087,0.98,0.0,0.0,0.0,0.01,0.01,0.0,0.0,301.25,77.28,0.8962655601659751,0.4931538853201458,39.75438464629829,34.82412748002603,923.6126956986736,102.18406040870794,0.9852490865542202,0.0,0.0,0.0,0.0080196753946341,0.0067312380511457,0.0,0.0,0.9161952517185136,0.0,0.0,0.0,0.0340716383042721,0.0497331099772142,0.0,0.0,4.6868393110292415,1.5455953952972346,1.0,0.0,0.0,0.0,1.177255892488695,1.3937568702116148,0.0,0.0,5.130843724671824,936.9320241360858,93.30322734807504,302.7106577576344,33.91794976874195
21,270.0,38.658716387126674,0.98,0.0,0.0,0.0,0.01,0.01,0.0,0.0,301.25,77.28,0.8962655601659751,0.5002421892744134,39.75438464629829,34.82412748002603,922.1301513660334,103.4056020203034,0.983473178486772,0.0,0.0,0.0,0.0087381271923711,0.0077886943208567,0.0,0.0,0.9067177183499489,0.0,0.0,0.0,0.0366248679264228,0.0566574137236282,0.0,0.0,4.633518330996119,1.5541188335803109,1.0,0.0,0.0,0.0,1.1747692729500545,1.3900370056493128,0.0,0.0,5.130843724671824,936.9320241360858,93.30322734807504,302.7106577576344,33.91794976874195
21,270.0,39.20650051671248,0.98,0.0,0.0,0.0,0.01,0.01,0.0,0.0,301.25,77.28,0.8962655601659751,0.5073304932286812,39.75438464629829,34.82412748002603,920.6937000681876,104.6395578266606,0.981724428358408,0.0,0.0,0.0,0.0093964771241693,0.0088790945174227,0.0,0.0,0.8975294342306838,0.0,0.0,0.0,0.0388634043750219,0.0636071613942942,0.0,0.0,4.581069596815913,1.5626328687432192,1.0,0.0,0.0,0.0,1.1723390608200983,1.386386540748502,0.0,0.0,5.130843724671824,936.9320241360858,93.30322734807504,302.7106577576344,33.91794976874195
21,270.0,39.75428464629829,0.98,0.0,0.0,0.0,0.01,0.01,0.0,0.0,301.25,77.28,0.8962655601659751,0.5144187971829488,39.75438464629829,34.82412748002603,919.2989924006408,105.88539889364084,0.9800003120911333,0.0,0.0,0.0,0.0099998947408456,0.0099997931680212,0.0,0.0,0.8886169225122362,0.0,0.0,0.0,0.0408208226330002,0.0705622548547634,0.0,0.0,4.529429815919757,1.571142085466662,1.0,0.0,0.0,0.0,1.1699591521664128,1.382807711423784,0.0,0.0,5.130843724671824,936.9320241360858,93.30322734807504,302.7106577576344,33.91794976874195
21,275.0,39.79629978420884,0.98,0.0,0.0,0.0,0.01,0.01,0.0,0.0,301.25,77.28,0.9128630705394192,0.5149624713277542,44.47853571718439,39.79619978420884,900.451866690155,111.97189480544432,0.9959716681057644,0.0,0.0,0.0,0.0025394835531655,0.0014888483410699,0.0,0.0,0.9799981904586252,0.0,0.0,0.0,0.0100008452538018,0.0100009642875729,0.0,0.0,4.003942233321093,1.6529567173974848,1.0,0.0,0.0,0.0,1.1292882568898814,1.3303372345261673,0.0,0.0,4.11187312512685,904.4335281070778,109.60126774294156,302.7106577576344,38.72523437118672
21,275.0,40.31653711009501,0.98,0.0,0.0,0.0,0.01,0.01,0.0,0.0,301.25,77.28,0.9128630705394192,0.521694320782803,44.47853571718439,39.79619978420884,898.6138802724059,113.14576061743249,0.99407148664316,0.0,0.0,0.0,0.0036484862388741,0.0022800271179657,0.0,0.0,0.9707236543645292,0.0,0.0,0.0,0.0141871081891188,0.0150892374463518,0.0,0.0,3.95309463306269,1.6628576273507585,1.0,0.0,0.0,0.0,1.1271114782240024,1.3268161112304655,0.0,0.0,4.11187312512685,904.4335281070778,109.60126774294156,302.7106577576344,38.72523437118672
21,275.0,40.836774435981184,0.98,0.0,0.0,0.0,0.01,0.01,0.0,0.0,301.25,77.28,0.9128630705394192,0.5284261702378518,44.47853571718439,39.79619978420884,896.8363968197899,114.33390777686846,0.9922068969641124,0.0,0.0,0.0,0.00467881483529,0.0031142882005976,0.0,0.0,0.9617216204337758,0.0,0.0,0.0,0.0179678432994623,0.0203105362667618,0.0,0.0,3.903234702341617,1.6727316855685177,1.0,0.0,0.0,0.0,1.1249892255853873,1.3233691836844836,0.0,0.0,4.11187312512685,904.4335281070778,109.60126774294156,302.7106577576344,38.72523437118672
21,275.0,41.35701176186736,0.98,0.0,0.0,0.0,0.01,0.01,0.0,0.0,301.25,77.28,0.9128630705394192,0.5351580196929006,44.47853571718439,39.79619978420884,895.1168942301105,115.53598302559298,0.9903764291090594,0.0,0.0,0.0,0.0056334979458353,0.0039900729451051,0.0,0.0,0.952980784075618,0.0,0.0,0.0,0.021369948235152,0.0256492676892298,0.0,0.0,3.854322801827958,1.682582076989506,1.0,0.0,0.0,0.0,1.1229192286382257,1.3199932466383557,0.0,0.0,4.11187312512685,904.4335281070778,109.60126774294156,302.7106577576344,38.72523437118672
21,275.0,41.877249087753526,0.98,0.0,0.0,0.0,0.01,0.01,0.0,0.0,301.25,77.28,0.9128630705394192,0.5418898691479493,44.47853571718439,39.79619978420884,893.452331993635,116.75159115233532,0.9885783158322442,0.0,0.0,0.0,0.0065161846234076,0.0049054995443482,0.0,0.0,0.9444901483525548,0.0,0.0,0.0,0.0244212185246063,0.0310886331228387,0.0,0.0,3.806313011270433,1.6924133307831852,1.0,0.0,0.0,0.0,1.120898769752083,1.3166919051011692,0.0,0.0,4.11187312512685,904.4335281070778,109.60126774294156,302.7106577576344,38.72523437118672
21,275.0,42.3974864136397,0.98,0.0,0.0,0.0,0.01,0.01,0.0,0.0,301.25,77.28,0.9128630705394192,0.5486217186029982,44.47853571718439,39.79619978420884,891.8392902962155,117.98031003295122,0.9868105723425824,0.0,0.0,0.0,0.0073309736517326,0.0058584540056849,0.0,0.0,0.9362390721446324,0.0,0.0,0.0,0.0271496701885581,0.0366112576668096,0.0,0.0,3.759156937038577,1.7022310399321392,1.0,0.0,0.0,0.0,1.118925015587345,1.3134553974070482,0.0,0.0,4.11187312512685,904.4335281070778,109.60126774294156,302.7106577576344,38.72523437118672
21,275.0,42.91772373952588,0.98,0.0,0.0,0.0,0.01,0.01,0.0,0.0,301.25,77.28,0.9128630705394192,0.555353568058047,44.47853571718439,39.79619978420884,890.2741116215717,119.22170763642472,0.9850710784942652,0.0,0.0,0.0,0.0080822440132088,0.0068466774925258,0.0,0.0,0.9282173314359686,0.0,0.0,0.0,0.0295829196418461,0.0421997489221851,0.0,0.0,3.712804434789981,1.7120417011519506,1.0,0.0,0.0,0.0,1.1169951163320342,1.310278009538094,0.0,0.0,4.11187312512685,904.4335281070778,109.60126774294156,302.7106577576344,38.72523437118672
21,275.0,43.43796106541205,0.98,0.0,0.0,0.0,0.01,0.01,0.0,0.0,301.25,77.28,0.9128630705394192,0.5620854175130958,44.47853571718439,39.79619978420884,888.7530274362081,120.4753556034555,0.9833576518159256,0.0,0.0,0.0,0.0087745020157671,0.0078678461683073,0.0,0.0,0.9204151592592048,0.0,0.0,0.0,0.0317476695684571,0.0478371711723383,0.0,0.0,3.6672051401830608,1.721852858431551,1.0,0.0,0.0,0.0,1.115106251030219,1.307160070665999,0.0,0.0,4.11187312512685,904.4335281070778,109.60126774294156,302.7106577576344,38.72523437118672
21,275.0,43.95819839129822,0.98,0.0,0.0,0.0,0.01,0.01,0.0,0.0,301.25,77.28,0.9128630705394192,0.5688172669681446,44.47853571718439,39.79619978420884,887.2722660171761,121.7408403987546,0.98166810967062,0.0,0.0,0.0,0.0094122516321063,0.0089196386972736,0.0,0.0,0.9128232728983416,0.0,0.0,0.0,0.0336693140803876,0.0535074130212707,0.0,0.0,3.62230964069982,1.7316726748308378,1.0,0.0,0.0,0.0,1.1132556788939298,1.3040966660082578,0.0,0.0,4.11187312512685,904.4335281070778,109.60126774294156,302.7106577576344,38.72523437118672
21,275.0,44.47843571718439,0.98,0.0,0.0,0.0,0.01,0.01,0.0,0.0,301.25,77.28,0.9128630705394192,0.5755491164231934,44.47853571718439,39.79619978420884,885.8281374068118,123.0177710676418,0.980000317975676,0.0,0.0,0.0,0.009999891807906,0.009999790216418,0.0,0.0,0.9054328832790663,0.0,0.0,0.0,0.0353716655346709,0.0591954511862626,0.0,0.0,3.5780704257509672,1.7415084889039123,1.0,0.0,0.0,0.0,1.111440815565398,1.301079830091412,0.0,0.0,4.11187312512685,904.4335281070778,109.60126774294156,302.7106577576344,38.72523437118672
21,280.0,45.29619429866286,0.98,0.0,0.0,0.0,0.01,0.01,0.0,0.0,301.25,77.28,0.9294605809128632,0.5861308786058859,49.66643919417836,45.29609429866286,862.6433373419262,132.43779944114718,0.9951780430292108,0.0,0.0,0.0,0.0029952570157412,0.0018266999550478,0.0,0.0,0.9799984768302497,0.0,0.0,0.0,0.0100007029504793,0.010000820219271,0.0,0.0,3.031896904965561,1.863775910546888,1.0,0.0,0.0,0.0,1.0770326525507607,1.2500551776998836,0.0,0.0,3.1449654870637134,867.6798743518019,129.30886906724652,302.7106577576344,44.02808165538378
21,280.0,45.78176595372014,0.98,0.0,0.0,0.0,0.01,0.01,0.0,0.0,301.25,77.28,0.9294605809128632,0.5924141557158403,49.66643919417836,45.29609429866286,860.8090396500647,133.66011539599577,0.9933873434519366,0.0,0.0,0.0,0.0040153165467428,0.0025973400013205,0.0,0.0,0.9726975451811556,0.0,0.0,0.0,0.0132644923676903,0.014037962451154,0.0,0.0,2.990017180911631,1.875433277210709,1.0,0.0,0.0,0.0,1.0754721027250076,1.2471851682011683,0.0,0.0,3.1449654870637134,867.6798743518019,129.30886906724652,302.7106577576344,44.02808165538378
21,280.0,46.26733760877742,0.98,0.0,0.0,0.0,0.01,0.01,0.0,0.0,301.25,77.28,0.9294605809128632,0.5986974328257947,49.66643919417836,45.29609429866286,859.0246851230174,134.895521491309,0.9916261452156298,0.0,0.0,0.0,0.0049678302003625,0.0034060245840076,0.0,0.0,0.9655842796040346,0.0,0.0,0.0,0.0162395877112451,0.0181761326847203,0.0,0.0,2.948885206449225,1.887093800222904,1.0,0.0,0.0,0.0,1.073947978143335,1.2443664930298028,0.0,0.0,3.1449654870637134,867.6798743518019,129.30886906724652,302.7106577576344,44.02808165538378
21,280.0,46.752909263834695,0.98,0.0,0.0,0.0,0.01,0.01,0.0,0.0,301.25,77.28,0.9294605809128632,0.6049807099357492,49.66643919417836,45.29609429866286,857.2881374164141,136.14375982105608,0.989893202628394,0.0,0.0,0.0,0.0058553646739934,0.0042514326976127,0.0,0.0,0.9586518985968008,0.0,0.0,0.0,0.0189435240075777,0.0224045773956216,0.0,0.0,2.9084725398494005,1.898764033714793,1.0,0.0,0.0,0.0,1.0724581341310606,1.2416023061622243,0.0,0.0,3.1449654870637134,867.6798743518019,129.30886906724652,302.7106577576344,44.02808165538378
21,280.0,47.23848091889197,0.98,0.0,0.0,0.0,0.01,0.01,0.0,0.0,301.25,77.28,0.9294605809128632,0.6112639870457036,49.66643919417836,45.29609429866286,855.5969001566093,137.40455553396447,0.9881870689391958,0.0,0.0,0.0,0.0066809183293612,0.0051320127314429,0.0,0.0,0.9518937351632604,0.0,0.0,0.0,0.0213944305517114,0.0267118342850279,0.0,0.0,2.8687465215049506,1.910446445332107,1.0,0.0,0.0,0.0,1.0710029101019962,1.2388869601994774,0.0,0.0,3.1449654870637134,867.6798743518019,129.30886906724652,302.7106577576344,44.02808165538378
21,280.0,47.72405257394925,0.98,0.0,0.0,0.0,0.01,0.01,0.0,0.0,301.25,77.28,0.9294605809128632,0.6175472641556579,49.66643919417836,45.29609429866286,853.9482073469015,138.67762259330402,0.9865061470823075,0.0,0.0,0.0,0.0074478055576191,0.0060460473600732,0.0,0.0,0.945303264615047,0.0,0.0,0.0,0.0236106383852033,0.0310860969997494,0.0,0.0,2.829673121278636,1.9221537212602824,1.0,0.0,0.0,0.0,1.0695776550979303,1.2362179426022757,0.0,0.0,3.1449654870637134,867.6798743518019,129.30886906724652,302.7106577576344,44.02808165538378
21,280.0,48.20962422900652,0.98,0.0,0.0,0.0,0.01,0.01,0.0,0.0,301.25,77.28,0.9294605809128632,0.6238305412656123,49.66643919417836,45.29609429866286,852.3391216890088,139.96267540935784,0.9848487462242268,0.0,0.0,0.0,0.0081595405220122,0.0069917132537611,0.0,0.0,0.938874159440198,0.0,0.0,0.0,0.0256103123463782,0.0355155282134238,0.0,0.0,2.7912186263578165,1.9338831412427049,1.0,0.0,0.0,0.0,1.0681843800576925,1.2335950030840777,0.0,0.0,3.1449654870637134,867.6798743518019,129.30886906724652,302.7106577576344,44.02808165538378
21,280.0,48.6951958840638,0.98,0.0,0.0,0.0,0.01,0.01,0.0,0.0,301.25,77.28,0.9294605809128632,0.6301138183755668,49.66643919417836,45.29609429866286,850.7666201178296,141.25943625209143,0.9832131302776772,0.0,0.0,0.0,0.0088197330384683,0.0079671366838543,0.0,0.0,0.9326003223260684,0.0,0.0,0.0,0.0274111438725207,0.0399885338014108,0.0,0.0,2.753348438083561,1.945642664701876,1.0,0.0,0.0,0.0,1.0668178872177585,1.231011101003142,0.0,0.0,3.1449654870637134,867.6798743518019,129.30886906724652,302.7106577576344,44.02808165538378
21,280.0,49.18076753912108,0.98,0.0,0.0,0.0,0.01,0.01,0.0,0.0,301.25,77.28,0.9294605809128632,0.6363970954855211,49.66643919417836,45.29609429866286,849.2276680591847,142.56764159743872,0.98159756000095,0.0,0.0,0.0,0.0094319989522611,0.0089704410467888,0.0,0.0,0.9264759123848688,0.0,0.0,0.0,0.0290301070548723,0.0444939805602589,0.0,0.0,2.7160274805774645,1.957443990342656,1.0,0.0,0.0,0.0,1.0654788839594886,1.2284683496360558,0.0,0.0,3.1449654870637134,867.6798743518019,129.30886906724652,302.7106577576344,44.02808165538378
21,280.0,49.66633919417836,0.98,0.0,0.0,0.0,0.01,0.01,0.0,0.0,301.25,77.28,0.9294605809128632,0.6426803725954756,49.66643919417836,45.29609429866286,847.7192787242944,143.8870459692677,0.980000326345687,0.0,0.0,0.0,0.0099998876620342,0.0099997859922787,0.0,0.0,0.920495358292618,0.0,0.0,0.0,0.030483280978703,0.0490213607286791,0.0,0.0,2.679222367985099,1.9692954635404627,1.0,0.0,0.0,0.0,1.0641639166271015,1.225959523723419,0.0,0.0,3.1449654870637134,867.6798743518019,129.30886906724652,302.7106577576344,44.02808165538378
21,285.0,51.37290724200903,0.98,0.0,0.0,0.0,0.01,0.01,0.0,0.0,301.25,77.28,0.946058091286307,0.6647632924690609,55.34476275509119,51.372807242009024,818.3786228066408,158.07164419961595,0.9941653699071852,0.0,0.0,0.0,0.0035568178989112,0.0022778121939036,0.0,0.0,0.979998725892128,0.0,0.0,0.0,0.0100005795336859,0.0100006945741859,0.0,0.0,2.124291802858907,2.163402017909101,1.0000000000957294,0.0,0.0,0.0,1.0366445555818615,1.1765357469055833,0.0,0.0,2.2410524707626744,824.9746819221486,153.77005765610247,302.7106577576344,49.86436423924916
21,285.0,51.81421341012927,0.98,0.0,0.0,0.0,0.01,0.01,0.0,0.0,301.25,77.28,0.946058091286307,0.6704737760109895,55.34476275509119,51.372807242009024,816.5374220326936,159.35756500522237,0.9925113168599132,0.0,0.0,0.0,0.004470547824324,0.0030181353157626,0.0,0.0,0.9744382198169558,0.0,0.0,0.0,0.0124580623988751,0.0131037177841691,0.0,0.0,2.0913791168601463,2.17796555557112,1.0000000000593705,0.0,0.0,0.0,1.0356336095143794,1.1742557454074416,0.0,0.0,2.2410524707626744,824.9746819221486,153.77005765610247,302.7106577576344,49.86436423924916
21,285.0,52.25551957824951,0.98,0.0,0.0,0.0,0.01,0.01,0.0,0.0,301.25,77.28,0.946058091286307,0.676184259552918,55.34476275509119,51.372807242009024,814.7340816045233,160.65572543219764,0.9908798932172282,0.0,0.0,0.0,0.0053294483751659,0.0037906584076057,0.0,0.0,0.9690023631178506,0.0,0.0,0.0,0.014721096961496,0.0162765399206534,0.0,0.0,2.058999414013375,2.1925865555874653,1.0000000001937537,0.0,0.0,0.0,1.0346457162453455,1.172013911835612,0.0,0.0,2.2410524707626744,824.9746819221486,153.77005765610247,302.7106577576344,49.86436423924916
21,285.0,52.69682574636975,0.98,0.0,0.0,0.0,0.01,0.01,0.0,0.0,301.25,77.28,0.946058091286307,0.6818947430948467,55.34476275509119,51.372807242009024,812.9669089366516,161.96598039298726,0.9892701237768426,0.0,0.0,0.0,0.0061355233124163,0.004594352910741,0.0,0.0,0.9636872834331012,0.0,0.0,0.0,0.0168003528756994,0.0195123636911996,0.0,0.0,2.0271350403545947,2.2060394223939555,1.0,0.0,0.0,0.0,1.0336152291737026,1.16961249862243,0.0,0.0,2.2410524707626744,824.9746819221486,153.77005765610247,302.7106577576344,49.86436423924916
21,285.0,53.13813191448999,0.98,0.0,0.0,0.0,0.01,0.01,0.0,0.0,301.25,77.28,0.946058091286307,0.6876052266367753,55.34476275509119,51.372807242009024,811.2339933350594,163.28819074052487,0.9876809172219404,0.0,0.0,0.0,0.006891040635,0.0054280421430594,0.0,0.0,0.9584891557220704,0.0,0.0,0.0,0.018706817016058,0.0228040272618714,0.0,0.0,1.9957744541588551,2.222065238486624,1.000000000180043,0.0,0.0,0.0,1.032738165533461,1.1676318634405287,0.0,0.0,2.2410524707626744,824.9746819221486,153.77005765610247,302.7106577576344,49.86436423924916
21,285.0,53.579438082610224,0.98,0.0,0.0,0.0,0.01,0.01,0.0,0.0,301.25,77.28,0.946058091286307,0.6933157101787037,55.34476275509119,51.372807242009024,809.533245198874,164.6222154884006,0.986111087268797,0.0,0.0,0.0,0.0075984679804022,0.0062904447508005,0.0,0.0,0.9534041929471468,0.0,0.0,0.0,0.0204516069588125,0.0261442000940407,0.0,0.0,1.9648758963853747,2.2355112527813445,1.0,0.0,0.0,0.0,1.0317455445725223,1.1652803133315577,0.0,0.0,2.2410524707626744,824.9746819221486,153.77005765610247,302.7106577576344,49.86436423924916
21,285.0,54.02074425073047,0.98,0.0,0.0,0.0,0.01,0.01,0.0,0.0,301.25,77.28,0.946058091286307,0.6990261937206323,55.34476275509119,51.372807242009024,807.8624621053812,165.96792292630832,0.9845593898939792,0.0,0.0,0.0,0.0082604013157087,0.0071802087903121,0.0,0.0,0.9484286954532386,0.0,0.0,0.0,0.0220457783010466,0.0295255262457148,0.0,0.0,1.9344362868738905,2.250368704504893,1.0,0.0,0.0,0.0,1.030841279818271,1.1631592534155772,0.0,0.0,2.2410524707626744,824.9746819221486,153.77005765610247,302.7106577576344,49.86436423924916
21,285.0,54.46205041885071,0.98,0.0,0.0,0.0,0.01,0.01,0.0,0.0,301.25,77.28,0.946058091286307,0.704736677262561,55.34476275509119,51.372807242009024,806.2193780641068,167.325192720884,0.9830245505132644,0.0,0.0,0.0,0.008879503385727,0.0080959461010084,0.0,0.0,0.9435590697756516,0.0,0.0,0.0,0.0235001676309472,0.0329407625934011,0.0,0.0,1.904428398693976,2.2653165786319764,1.0,0.0,0.0,0.0,1.0299554684213257,1.161065503536835,0.0,0.0,2.2410524707626744,824.9746819221486,153.77005765610247,302.7106577576344,49.86436423924916
21,285.0,54.90335658697094,0.98,0.0,0.0,0.0,0.01,0.01,0.0,0.0,301.25,77.28,0.946058091286307,0.7104471608044894,55.34476275509119,51.372807242009024,804.6017085679867,168.69391869246732,0.981505288818884,0.0,0.0,0.0,0.0094584493469801,0.0090362618341359,0.0,0.0,0.938791847173317,0.0,0.0,0.0,0.0248252626293855,0.0363828901972975,0.0,0.0,1.8748307727858944,2.280371492320112,1.0,0.0,0.0,0.0,1.02908835854251,1.1590005997209956,0.0,0.0,2.2410524707626744,824.9746819221486,153.77005765610247,302.7106577576344,49.86436423924916
21,285.0,55.34466275509119,0.98,0.0,0.0,0.0,0.01,0.01,0.0,0.0,301.25,77.28,0.946058091286307,0.716157644346418,55.34476275509119,51.372807242009024,803.0071863940037,170.07400927314717,0.980000338341746,0.0,0.0,0.0,0.0099998817692244,0.0099997798890296,0.0,0.0,0.9341236928434234,0.0,0.0,0.0,0.0260311029950211,0.0398452041615554,0.0,0.0,1.8456205309936764,2.2955191514992244,1.0,0.0,0.0,0.0,1.0282380930125818,1.1569569578899206,0.0,0.0,2.2410524707626744,824.9746819221486,153.77005765610247,302.7106577576344,49.86436423924916
21,290.0,58.08898330287334,0.98,0.0,0.0,0.0,0.01,0.01,0.0,0.0,301.25,77.28,0.9626556016597512,0.7516690385982575,61.53422122121252,58.08888330287333,764.0768306271893,191.78843444216807,0.992796388990672,0.0,0.0,0.0,0.0042840646913531,0.0029195463179749,0.0,0.0,0.9799989479040369,0.0,0.0,0.0,0.0100004699538649,0.0100005821420981,0.0,0.0,1.2992105625171564,2.6385016703320217,1.0000000007017114,0.0,0.0,0.0,1.009318440889575,1.109284759021255,0.0,0.0,1.4167983026644004,773.2637021553837,185.44864903964933,302.7106577576344,56.27641671412855
21,290.0,58.47177640491103,0.98,0.0,0.0,0.0,0.01,0.01,0.0,0.0,301.25,77.28,0.9626556016597512,0.7566223654879791,61.53422122121252,58.08888330287333,762.2105097040939,193.16243254536192,0.9913214177679198,0.0,0.0,0.0,0.0050666109798561,0.003611971252224,0.0,0.0,0.9760084719381642,0.0,0.0,0.0,0.0117393369909602,0.0122521910708756,0.0,0.0,1.2754399279405408,2.6585035448287924,1.0000000002473537,0.0,0.0,0.0,1.0088320368139343,1.107563497797044,0.0,0.0,1.4167983026644004,773.2637021553837,185.44864903964933,302.7106577576344,56.27641671412855
21,290.0,58.85456950694872,0.98,0.0,0.0,0.0,0.01,0.01,0.0,0.0,301.25,77.28,0.9626556016597512,0.7615756923777007,61.53422122121252,58.08888330287333,760.3679334931657,194.5486533997961,0.9898614719089656,0.0,0.0,0.0,0.0058087640223171,0.0043297640687173,0.0,0.0,0.9720951500357012,0.0,0.0,0.0,0.0133596497434052,0.0145452002208934,0.0,0.0,1.2520221179918225,2.678699747139166,1.000000000069059,0.0,0.0,0.0,1.0083609659258432,1.1058649893141133,0.0,0.0,1.4167983026644004,773.2637021553837,185.44864903964933,302.7106577576344,56.27641671412855
21,290.0,59.2373626089864,0.98,0.0,0.0,0.0,0.01,0.01,0.0,0.0,301.25,77.28,0.9626556016597512,0.7665290192674222,61.53422122121252,58.08888330287333,758.5478674499219,195.9470878187856,0.9884158728281854,0.0,0.0,0.0,0.0065118854973106,0.0050722416745039,0.0,0.0,0.9682570033176692,0.0,0.0,0.0,0.0148671026605213,0.0168758940218093,0.0,0.0,1.2289453414347054,2.699098801309248,1.0000000002099718,0.0,0.0,0.0,1.0079047499480112,1.1041878639149654,0.0,0.0,1.4167983026644004,773.2637021553837,185.44864903964933,302.7106577576344,56.27641671412855
21,290.0,59.62015571102408,0.98,0.0,0.0,0.0,0.01,0.01,0.0,0.0,301.25,77.28,0.9626556016597512,0.771482346157144,61.53422122121252,58.08888330287333,756.7489861876563,197.35776057651057,0.9869838967726494,0.0,0.0,0.0,0.0071774641993955,0.005838639027955,0.0,0.0,0.9644920989205898,0.0,0.0,0.0,0.0162675047203285,0.0192403963590815,0.0,0.0,1.206200134059209,2.719713154664575,1.0000000001661358,0.0,0.0,0.0,1.007463143458038,1.1025312873698014,0.0,0.0,1.4167983026644004,773.2637021553837,185.44864903964933,302.7106577576344,56.27641671412855
21,290.0,60.00294881306177,0.98,0.0,0.0,0.0,0.01,0.01,0.0,0.0,301.25,77.28,0.9626556016597512,0.7764356730468656,61.53422122121252,58.08888330287333,754.9698556070258,198.78069822542764,0.9855647682574852,0.0,0.0,0.0,0.0078070942278202,0.0066281375146945,0.0,0.0,0.9607985006611504,0.0,0.0,0.0,0.0175667263732015,0.0216347729656479,0.0,0.0,1.1837711177698402,2.740555587251353,1.000000000105279,0.0,0.0,0.0,1.0070358808516238,1.100894663453149,0.0,0.0,1.4167983026644004,773.2637021553837,185.44864903964933,302.7106577576344,56.27641671412855
21,290.0,60.38574191509946,0.98,0.0,0.0,0.0,0.01,0.01,0.0,0.0,301.25,77.28,0.9626556016597512,0.7813889999365872,61.53422122121252,58.08888330287333,753.2089677470905,200.21593828249016,0.984157678253557,0.0,0.0,0.0,0.0084024405757926,0.0074398811706503,0.0,0.0,0.9571742979607776,0.0,0.0,0.0,0.0187706198467165,0.0240550821925059,0.0,0.0,1.1616486009319484,2.7616298019794923,1.0000000000621885,0.0,0.0,0.0,1.0066225615661808,1.0992768467689011,0.0,0.0,1.4167983026644004,773.2637021553837,185.44864903964933,302.7106577576344,56.27641671412855
21,290.0,60.76853501713714,0.98,0.0,0.0,0.0,0.01,0.01,0.0,0.0,301.25,77.28,0.9626556016597512,0.7863423268263088,61.53422122121252,58.08888330287333,751.4647737113559,201.6635354216853,0.9827618010760214,0.0,0.0,0.0,0.0089652078908465,0.008272991033132,0.0,0.0,0.953617626665514,0.0,0.0,0.0,0.0198849522452189,0.026497421089267,0.0,0.0,1.139821844813876,2.7829519039746486,1.0000000000387983,0.0,0.0,0.0,1.0062228723277808,1.09767696666227,0.0,0.0,1.4167983026644004,773.2637021553837,185.44864903964933,302.7106577576344,56.27641671412855
21,290.0,61.15132811917483,0.98,0.0,0.0,0.0,0.01,0.01,0.0,0.0,301.25,77.28,0.9626556016597512,0.7912956537160304,61.53422122121252,58.08888330287333,749.7357018915524,203.1235599076093,0.9813763042150342,0.0,0.0,0.0,0.0094971150280124,0.0091265807569532,0.0,0.0,0.9501266745103356,0.0,0.0,0.0,0.0209153530796029,0.0289579724100615,0.0,0.0,1.118278165004243,2.8045366240468184,1.000000000000384,0.0,0.0,0.0,1.0058364686521062,1.0960941568717042,0.0,0.0,1.4167983026644004,773.2637021553837,185.44864903964933,302.7106577576344,56.27641671412855
21,290.0,61.53412122121252,0.98,0.0,0.0,0.0,0.01,0.01,0.0,0.0,301.25,77.28,0.9626556016597512,0.796248980605752,61.53422122121252,58.08888330287333,748.020172571592,204.5960946467845,0.9800003563201112,0.0,0.0,0.0,0.0099998730177968,0.0099997706620919,0.0,0.0,0.9466996832715084,0.0,0.0,0.0,0.0218672717359808,0.0314330449925108,0.0,0.0,1.0970092174119064,2.826391577109351,1.0000000000005875,0.0,0.0,0.0,1.005463203605827,1.094527679430194,0.0,0.0,1.4167983026644004,773.2637021553837,185.44864903964933,302.7106577576344,56.27641671412855
22,200.0,2.7680622847570384,0.95,0.0,0.02,0.0,0.02,0.01,0.0,0.0,298.86,80.83,0.6692096633875393,0.0342454816869607,23.59551770700358,2.767962284757038,1221.5285932397385,7.473489605409363,0.9995420438744728,0.0,8.256208552052182e-05,0.0,0.0002849116983825,9.04823416240758e-05,0.0,0.0,0.949967059454736,0.0,0.0200132431206678,0.0,0.0200131085782457,0.0100065888463503,0.0,0.0,22.481917537656525,0.684309773821996,1.0000000101469553,0.0,5.234979259714927,0.0,5.225649679332019,4.150806239274659,0.0,0.0,22.539601137490653,1221.920496490378,7.249541730897533,302.7106577576344,2.6239816647333654
22,200.0,5.082212887228876,0.95,0.0,0.02,0.0,0.02,0.01,0.0,0.0,298.86,80.83,0.6692096633875393,0.0628753295463179,23.59551770700358,2.767962284757038,1215.5778965209945,11.164518029439227,0.9924431355494594,0.0,0.0015315858997649,0.0,0.004481818450676,0.0015434601000995,0.0,0.0,0.5327790327402379,0.0,0.2015466622553063,0.0,0.1725455325650181,0.0931287724394376,0.0,0.0,21.59666668750685,0.7134481248483766,1.000000000683703,0.0,4.940230333237356,0.0,4.975316717615915,3.978593530839869,0.0,0.0,22.539601137490653,1221.920496490378,7.249541730897533,302.7106577576344,2.6239816647333654
22,200.0,7.396363489700715,0.95,0.0,0.02,0.0,0.02,0.01,0.0,0.0,298.86,80.83,0.6692096633875393,0.091505177405675,23.59551770700358,2.767962284757038,1210.2506166406747,15.023668161825109,0.9858287650131744,0.0,0.0032134461976288,0.0,0.0079950357067816,0.0029627530824151,0.0,0.0,0.3759459213763518,0.0,0.2889567913586516,0.0,0.2123454161403337,0.1227518711246629,0.0,0.0,20.784024741760923,0.741278461352112,1.0,0.0,4.679761734992309,0.0,4.7523785649663735,3.8262270083319834,0.0,0.0,22.539601137490653,1221.920496490378,7.249541730897533,302.7106577576344,2.6239816647333654
22,200.0,9.710514092172552,0.95,0.0,0.02,0.0,0.02,0.01,0.0,0.0,298.86,80.83,0.6692096633875393,0.1201350252650322,23.59551770700358,2.767962284757038,1205.4901935655669,19.035928864499628,0.9796811953225176,0.0,0.0051202435440605,0.0,0.0108921258211868,0.0043064353122349,0.0,0.0,0.293986250168747,0.0,0.3488723625571502,0.0,0.2213022261438916,0.135839161130211,0.0,0.0,20.03582817377331,0.7679002735729341,1.0000000000323004,0.0,4.448031390283616,0.0,4.554023765188889,3.691395784783816,0.0,0.0,22.539601137490653,1221.920496490378,7.249541730897533,302.7106577576344,2.6239816647333654
22,200.0,12.02466469464439,0.95,0.0,0.02,0.0,0.02,0.01,0.0,0.0,298.86,80.83,0.6692096633875393,0.1487648731243893,23.59551770700358,2.767962284757038,1201.221857593595,23.185684713985804,0.9739615156036232,0.0,0.0072336144574331,0.0,0.0132594015885214,0.0055454683504224,0.0,0.0,0.2437910191292773,0.0,0.3962590093447884,0.0,0.2186631903162801,0.1412867812096541,0.0,0.0,19.34348244598876,0.7934472047238948,1.0,0.0,4.24032187343541,0.0,4.377308772288424,3.5716490310390965,0.0,0.0,22.539601137490653,1221.920496490378,7.249541730897533,302.7106577576344,2.6239816647333654
22,200.0,14.338815297116229,0.95,0.0,0.02,0.0,0.02,0.01,0.0,0.0,298.86,80.83,0.6692096633875393,0.1773947209837464,23.59551770700358,2.767962284757038,1197.3658575703485,27.458725391417143,0.9686189359637236,0.0,0.0095287084194661,0.0,0.0151871975967565,0.0066651580200538,0.0,0.0,0.2100161973872242,0.0,0.4361669698594854,0.0,0.2112781606056819,0.1425386721476085,0.0,0.0,18.69880963656711,0.8180675180655158,1.0000000003409937,0.0,4.052716225396603,0.0,4.21853603898569,3.4642823569186043,0.0,0.0,22.539601137490653,1221.920496490378,7.249541730897533,302.7106577576344,2.6239816647333654
22,200.0,16.652965899588068,0.95,0.0,0.02,0.0,0.02,0.01,0.0,0.0,298.86,80.83,0.6692096633875393,0.2060245688431036,23.59551770700358,2.767962284757038,1193.84720258636,31.843388053152506,0.9635995019492268,0.0,0.011978233970265,0.0,0.0167593968610425,0.0076628672194655,0.0,0.0,0.1858306994062217,0.0,0.4707508700947684,0.0,0.2020926562931867,0.1413257742058231,0.0,0.0,18.094582878570865,0.8419193729237784,1.0,0.0,3.881943009103839,0.0,4.075442821223363,3.3677223925533126,0.0,0.0,22.539601137490653,1221.920496490378,7.249541730897533,302.7106577576344,2.6239816647333654
22,200.0,18.967116502059906,0.95,0.0,0.02,0.0,0.02,0.01,0.0,0.0,298.86,80.83,0.6692096633875393,0.2346544167024608,23.59551770700358,2.767962284757038,1190.600787109325,36.3308374180998,0.9588521157990588,0.0,0.0145555373616776,0.0,0.0180481676781274,0.008544179161136,0.0,0.0,0.1677325695952877,0.0,0.5011308273291784,0.0,0.1924847358158693,0.1386518672596646,0.0,0.0,17.524728691988503,0.8651598447233219,1.0000000005032936,0.0,3.725360466566812,0.0,3.9453909977445223,3.2798280586836133,0.0,0.0,22.539601137490653,1221.920496490378,7.249541730897533,302.7106577576344,2.6239816647333654
22,200.0,21.281267104531743,0.95,0.0,0.02,0.0,0.02,0.01,0.0,0.0,298.86,80.83,0.6692096633875393,0.2632842645618179,23.59551770700358,2.767962284757038,1187.5728908987217,40.914817083120994,0.9543316919423268,0.0,0.0172364163765155,0.0,0.0191126630707372,0.0093192286104204,0.0,0.0,0.1537418718689847,0.0,0.5280060983716348,0.0,0.183111608979466,0.1351404207799144,0.0,0.0,16.984302852470115,0.8878858222009299,1.0000000005414054,0.0,3.5808662415075,0.0,3.826405506757166,3.199552995239728,0.0,0.0,22.539601137490653,1221.920496490378,7.249541730897533,302.7106577576344,2.6239816647333654
22,200.0,23.59541770700358,0.95,0.0,0.02,0.0,0.02,0.01,0.0,0.0,298.86,80.83,0.6692096633875393,0.291914112421175,23.59551770700358,2.767962284757038,1184.720557182064,45.59118783780149,0.950000183311649,0.0,0.019999879233668,0.0,0.0199999649712842,0.0099999724833985,0.0,0.0,0.1426553750047659,0.0,0.551881358506035,0.0,0.1742741308923734,0.1311891355968255,0.0,0.0,16.46935015780982,0.910236509851621,1.0,0.0,3.4467926797603163,0.0,3.717367382447536,3.125622242150662,0.0,0.0,22.539601137490653,1221.920496490378,7.249541730897533,302.7106577576344,2.6239816647333654
22,205.0,3.540417839848908,0.95,0.0,0.02,0.0,0.02,0.01,0.0,0.0,298.86,80.83,0.6859399049722278,0.0438007898038959,23.704377591810747,3.540317839848908,1205.771032324602,9.409972307150388,0.9994087736448634,0.0,0.0001124778980242,0.0,0.0003671164096126,0.0001116320474997,0.0,0.0,0.9499744585042664,0.0,0.0200102807057016,0.0,0.0200101490722289,0.0100051117178031,0.0,0.0,21.090695363269703,0.7124989420820967,1.0,0.0,4.755319002826079,0.0,4.491896029250544,3.7901035539125374,0.0,0.0,21.15779579629993,1206.2779501886548,9.12387059747945,302.7106577576344,3.35468958110042
22,205.0,5.780846701178001,0.95,0.0,0.02,0.0,0.02,0.01,0.0,0.0,298.86,80.83,0.6859399049722278,0.0715185785126562,23.704377591810747,3.540317839848908,1199.9775607437437,12.948118738910706,0.9925107298608185,0.0,0.0015875551026359,0.0,0.0044341397256001,0.0014675753109453,0.0,0.0,0.5978632571599157,0.0,0.1725191027090841,0.0,0.1489394784440776,0.0806781616869225,0.0,0.0,20.314778790365608,0.7389332500975122,1.0,0.0,4.520151368605989,0.0,4.302876546779063,3.6533912495724192,0.0,0.0,21.15779579629993,1206.2779501886548,9.12387059747945,302.7106577576344,3.35468958110042
22,205.0,8.021275562507094,0.95,0.0,0.02,0.0,0.02,0.01,0.0,0.0,298.86,80.83,0.6859399049722278,0.0992363672214164,23.704377591810747,3.540317839848908,1194.7524381710728,16.63860107299657,0.9860414837171204,0.0,0.0032815287446937,0.0,0.007864271326788,0.0028127162113977,0.0,0.0,0.4416941487470803,0.0,0.2557865405812672,0.0,0.1911544935893201,0.1113648170823323,0.0,0.0,19.59674085996265,0.7643456231987977,1.0,0.0,4.3099183069382985,0.0,4.133061352161813,3.5309704062159635,0.0,0.0,21.15779579629993,1206.2779501886548,9.12387059747945,302.7106577576344,3.35468958110042
22,205.0,10.26170442383619,0.95,0.0,0.02,0.0,0.02,0.01,0.0,0.0,298.86,80.83,0.6859399049722278,0.1269541559301767,23.704377591810747,3.540317839848908,1190.04209622677,20.467988462372105,0.9799814947506852,0.0,0.0051873037971478,0.0,0.0107208066738537,0.0041103947783133,0.0,0.0,0.3537752058764502,0.0,0.31457159549253,0.0,0.2045299968037042,0.1271232018273155,0.0,0.0,18.930267482736703,0.7888182247110528,1.0,0.0,4.120516154168391,0.0,3.980303306393513,3.420997205878919,0.0,0.0,21.15779579629993,1206.2779501886548,9.12387059747945,302.7106577576344,3.35468958110042
22,205.0,12.502133285165282,0.95,0.0,0.02,0.0,0.02,0.01,0.0,0.0,298.86,80.83,0.6859399049722278,0.154671944638937,23.704377591810747,3.540317839848908,1185.7794396862946,24.422390833936195,0.9742961358932618,0.0,0.0072896583663466,0.0,0.0130815134143238,0.0053326923260676,0.0,0.0,0.2975608531431482,0.0,0.3613186561085942,0.0,0.2057863944015469,0.1353340963467105,0.0,0.0,18.308829331933588,0.8124428468249952,1.0,0.0,3.9487939592810273,0.0,3.842457721518219,3.3221173591782165,0.0,0.0,21.15779579629993,1206.2779501886548,9.12387059747945,302.7106577576344,3.35468958110042
22,205.0,14.742562146494375,0.95,0.0,0.02,0.0,0.02,0.01,0.0,0.0,298.86,80.83,0.6859399049722278,0.1823897333476973,23.704377591810747,3.540317839848908,1181.89428220152,28.489076776665545,0.9689426726898038,0.0,0.0095682003672104,0.0,0.0150268242789463,0.0064623026640393,0.0,0.0,0.258644706452754,0.0,0.4007319070257338,0.0,0.2015071936676465,0.1391161928538655,0.0,0.0,17.72624612310365,0.835326488145769,1.0,0.0,3.792135582330965,0.0,3.717272853529768,3.2323594772528224,0.0,0.0,21.15779579629993,1206.2779501886548,9.12387059747945,302.7106577576344,3.35468958110042
22,205.0,16.98299100782347,0.95,0.0,0.02,0.0,0.02,0.01,0.0,0.0,298.86,80.83,0.6859399049722278,0.2101075220564576,23.704377591810747,3.540317839848908,1178.3207982185218,32.65739719244296,0.9638764295520466,0.0,0.0120002840053049,0.0,0.0166316079864271,0.0074916784562214,0.0,0.0,0.2302009317014151,0.0,0.4349617953262055,0.0,0.1947254525337584,0.140111820438621,0.0,0.0,17.177031640612565,0.8576200877626129,1.0000000013812556,0.0,3.64824192286367,0.0,3.603399645735797,3.150698494272944,0.0,0.0,21.15779579629993,1206.2779501886548,9.12387059747945,302.7106577576344,3.35468958110042
22,205.0,19.22341986915256,0.95,0.0,0.02,0.0,0.02,0.01,0.0,0.0,298.86,80.83,0.6859399049722278,0.2378253107652178,23.704377591810747,3.540317839848908,1175.0014293182628,36.91905166657815,0.9590549854772032,0.0,0.0145632952896914,0.0,0.0179609766831998,0.0084207425499054,0.0,0.0,0.2085786580743661,0.0,0.4651568599550524,0.0,0.186955033507855,0.1393094484627263,0.0,0.0,16.656526159419368,0.8794072263743907,1.0000000011433878,0.0,3.515212564599738,0.0,3.4988797567485426,3.07565019906088,0.0,0.0,21.15779579629993,1206.2779501886548,9.12387059747945,302.7106577576344,3.35468958110042
22,205.0,21.46384873048165,0.95,0.0,0.02,0.0,0.02,0.01,0.0,0.0,298.86,80.83,0.6859399049722278,0.2655430994739781,23.704377591810747,3.540317839848908,1171.8880762282918,41.26793525339472,0.9544404319776544,0.0,0.0172361173037221,0.0,0.019069128840776,0.0092543218778472,0.0,0.0,0.1916489095433984,0.0,0.4920246739875839,0.0,0.1789771360589413,0.1373492804100762,0.0,0.0,16.1608813403296,0.9008144539750284,1.000000001622174,0.0,3.3915504272233377,0.0,3.4024957987178275,3.006441733003104,0.0,0.0,21.15779579629993,1206.2779501886548,9.12387059747945,302.7106577576344,3.35468958110042
22,205.0,23.704277591810747,0.95,0.0,0.02,0.0,0.02,0.01,0.0,0.0,298.86,80.83,0.6859399049722278,0.2932608881827384,23.704377591810747,3.540317839848908,1168.941677699365,45.699796395120224,0.95000019447105,0.0,0.0199998750261509,0.0,0.019999961909133,0.0099999685936659,0.0,0.0,0.1780869060823913,0.0,0.5160581559647348,0.0,0.1711939125944056,0.1346610253584681,0.0,0.0,15.686969122040328,0.9218985834419072,1.0000000001024538,0.0,3.276052451648232,0.0,3.313308049640845,2.942257791200436,0.0,0.0,21.15779579629993,1206.2779501886548,9.12387059747945,302.7106577576344,3.35468958110042
22,210.0,4.469836035560774,0.95,0.0,0.02,0.0,0.02,0.01,0.0,0.0,298.86,80.83,0.7026701465569163,0.0552992210263611,24.071345409784914,4.469736035560774,1189.645877258103,11.716910123308706,0.9992452585495992,0.0,0.0001505811631132,0.0,0.000467255691834,0.0001369045954535,0.0,0.0,0.9499799578628584,0.0,0.0200080784381324,0.0,0.0200079495559919,0.0100040141430172,0.0,0.0,19.716491098383724,0.7427763145307658,1.0,0.0,4.332148122133525,0.0,3.891783170614449,3.4699204406584934,0.0,0.0,19.793904820804077,1190.2941504876192,11.354703713715036,302.7106577576344,4.233266563955471
22,210.0,6.647770410474568,0.95,0.0,0.02,0.0,0.02,0.01,0.0,0.0,298.86,80.83,0.7026701465569163,0.08224385018526,24.071345409784914,4.469736035560774,1183.9821528669406,15.13293781166245,0.992514222490518,0.0,0.0016517069950745,0.0,0.0044203932572865,0.001413677257121,0.0,0.0,0.6551702460827339,0.0,0.1472426589160982,0.0,0.1280422351157063,0.0695448598854614,0.0,0.0,19.031564734576012,0.7670903185434803,1.0,0.0,4.142796151450829,0.0,3.747333642610676,3.360012208100871,0.0,0.0,19.793904820804077,1190.2941504876192,11.354703713715036,302.7106577576344,4.233266563955471
22,210.0,8.82570478538836,0.95,0.0,0.02,0.0,0.02,0.01,0.0,0.0,298.86,80.83,0.7026701465569163,0.1091884793441588,24.071345409784914,4.469736035560774,1178.8417932659625,18.688444137784483,0.9861688458889656,0.0,0.0033596020561384,0.0,0.0077754925241701,0.0026960595307258,0.0,0.0,0.5051189090971359,0.0,0.2246788668084484,0.0,0.1703628907124344,0.0998393333819811,0.0,0.0,18.393475926703644,0.7905725137446276,1.0,0.0,3.971620428933178,0.0,3.6164841705994992,3.260552248220832,0.0,0.0,19.793904820804077,1190.2941504876192,11.354703713715036,302.7106577576344,4.233266563955471
22,210.0,11.003639160302152,0.95,0.0,0.02,0.0,0.02,0.01,0.0,0.0,298.86,80.83,0.7026701465569163,0.1361331085030577,24.071345409784914,4.469736035560774,1174.173925788025,22.37139672798194,0.9801881700223516,0.0,0.0052674426214951,0.0,0.0105922453632017,0.0039521419929514,0.0,0.0,0.4144657988479456,0.0,0.2813536474977692,0.0,0.1868923409508413,0.1172882127034437,0.0,0.0,17.797233690001434,0.8133197124753586,1.0,0.0,3.8158839862973455,0.0,3.497700904575512,3.1704239194412582,0.0,0.0,19.793904820804077,1190.2941504876192,11.354703713715036,302.7106577576344,4.233266563955471
22,210.0,13.181573535215946,0.95,0.0,0.02,0.0,0.02,0.01,0.0,0.0,298.86,80.83,0.7026701465569163,0.1630777376619565,24.071345409784914,4.469736035560774,1169.9173024293868,26.1693828562251,0.9745401558502036,0.0,0.0073620350421789,0.0,0.0129418186822083,0.005155990425409,0.0,0.0,0.3539323998940242,0.0,0.3269695844074805,0.0,0.19143954687533,0.1276584688231652,0.0,0.0,17.237747877393875,0.8353946765343935,1.0,0.0,3.67347962241811,0.0,3.389354573460228,3.088316974586531,0.0,0.0,19.793904820804077,1190.2941504876192,11.354703713715036,302.7106577576344,4.233266563955471
22,210.0,15.35950791012974,0.95,0.0,0.02,0.0,0.02,0.01,0.0,0.0,298.86,80.83,0.7026701465569163,0.1900223668208553,24.071345409784914,4.469736035560774,1166.0088667443158,30.0709579076946,0.9691872766288224,0.0,0.0096261479386319,0.0,0.0148970525852161,0.0062895228473295,0.0,0.0,0.3107657015922327,0.0,0.3656103840329932,0.0,0.1900073998829546,0.1336165144918192,0.0,0.0,16.710226513548065,0.8569165762807786,1.0,0.0,3.5423263814218995,0.0,3.2902899302840805,3.0131506300664808,0.0,0.0,19.793904820804077,1190.2941504876192,11.354703713715036,302.7106577576344,4.233266563955471
22,210.0,17.537442285043536,0.95,0.0,0.02,0.0,0.02,0.01,0.0,0.0,298.86,80.83,0.7026701465569163,0.2169669959797542,24.071345409784914,4.469736035560774,1162.3896966650798,34.06641033594255,0.9640911403085513,0.0,0.0120406931192947,0.0,0.0165257659113122,0.0073424006608418,0.0,0.0,0.2785219754196315,0.0,0.3992808491191855,0.0,0.1855559303022584,0.1366412451589246,0.0,0.0,16.210409769978362,0.8779536780370798,1.0,0.0,3.4208165442338507,0.0,3.199224451744502,2.9440443705199764,0.0,0.0,19.793904820804077,1190.2941504876192,11.354703713715036,302.7106577576344,4.233266563955471
22,210.0,19.71537665995733,0.95,0.0,0.02,0.0,0.02,0.01,0.0,0.0,298.86,80.83,0.7026701465569163,0.243911625138653,24.071345409784914,4.469736035560774,1159.008081938609,38.148006473378565,0.9592155160798036,0.0,0.014586421372088,0.0,0.0178873415504532,0.0083107209976548,0.0,0.0,0.2535953248362615,0.0,0.4290971610484851,0.0,0.1796508766896786,0.1376566374255745,0.0,0.0,15.73465862214868,0.898608251804668,1.0000000009637198,0.0,3.3076345641497755,0.0,3.1150222073634213,2.8800176184457413,0.0,0.0,19.793904820804077,1190.2941504876192,11.354703713715036,302.7106577576344,4.233266563955471
22,210.0,21.89331103487112,0.95,0.0,0.02,0.0,0.02,0.01,0.0,0.0,298.86,80.83,0.7026701465569163,0.2708562542975519,24.071345409784914,4.469736035560774,1155.8204580858662,42.30989697529522,0.9545279247275604,0.0,0.0172450464517971,0.0,0.0190317423664006,0.0091952864542419,0.0,0.0,0.2338109909432944,0.0,0.4557553560188649,0.0,0.1731508399197239,0.1372828131181167,0.0,0.0,15.27994134746491,0.9189332669987742,1.0000000021241655,0.0,3.201902627184206,0.0,3.036836486346333,2.8204894249936485,0.0,0.0,19.793904820804077,1190.2941504876192,11.354703713715036,302.7106577576344,4.233266563955471
22,210.0,24.071245409784915,0.95,0.0,0.02,0.0,0.02,0.01,0.0,0.0,298.86,80.83,0.7026701465569163,0.2978008834564508,24.071345409784914,4.469736035560774,1152.7910658979415,46.54785970831036,0.9500002043562767,0.0,0.0199998716919085,0.0,0.019999959104105,0.0099999648477095,0.0,0.0,0.2177798754322064,0.0,0.4797351654336257,0.0,0.1665323098021523,0.1359526493320156,0.0,0.0,14.843767542959265,0.939041456023564,1.0000000009496053,0.0,3.102575302146013,0.0,2.9639570017499324,2.7649228200719325,0.0,0.0,19.793904820804077,1190.2941504876192,11.354703713715036,302.7106577576344,4.233266563955471
22,215.0,5.576429498752953,0.95,0.0,0.02,0.0,0.02,0.01,0.0,0.0,298.86,80.83,0.7194003881416048,0.068989601617629,24.69123549415678,5.576329498752953,1173.087981725692,14.444364135557146,0.9990465036185592,0.0,0.0001984358776374,0.0,0.0005880447580663,0.0001670157457369,0.0,0.0,0.9499841026175656,0.0,0.0200064182564388,0.0,0.0200062919729952,0.0100031871530003,0.0,0.0,18.359582849048834,0.7754222796844588,1.0,0.0,3.957046060845269,0.0,3.3972530875808347,3.184319248175392,0.0,0.0,18.4482052908898,1173.908539729092,13.989350648063478,302.7106577576344,5.278346606766283
22,215.0,7.700285720464489,0.95,0.0,0.02,0.0,0.02,0.01,0.0,0.0,298.86,80.83,0.7194003881416048,0.0952651951065754,24.69123549415678,5.576329498752953,1167.5331901707666,17.763664984721764,0.9924581525642032,0.0,0.0017247500781446,0.0,0.0044383473767328,0.0013787499809193,0.0,0.0,0.7044615096906559,0.0,0.1256870590177675,0.0,0.1099941344847151,0.0598572968068612,0.0,0.0,17.75155105027542,0.7980457225073672,1.0,0.0,3.803218485761521,0.0,3.285836470678784,3.095168767385512,0.0,0.0,18.4482052908898,1173.908539729092,13.989350648063478,302.7106577576344,5.278346606766283
22,215.0,9.824141942176023,0.95,0.0,0.02,0.0,0.02,0.01,0.0,0.0,298.86,80.83,0.7194003881416048,0.1215407885955217,24.69123549415678,5.576329498752953,1162.463924901278,21.2117668152712,0.9862211678382448,0.0,0.0034470777619754,0.0,0.007723803428918,0.0026079509708616,0.0,0.0,0.5644182212764516,0.0,0.1962092605106726,0.0,0.1506826364896985,0.0886898817231773,0.0,0.0,17.18189261853128,0.8200355415404176,1.0,0.0,3.6629234390735834,0.0,3.183985737280944,3.0137870480958364,0.0,0.0,18.4482052908898,1173.908539729092,13.989350648063478,302.7106577576344,5.278346606766283
22,215.0,11.94799816388756,0.95,0.0,0.02,0.0,0.02,0.01,0.0,0.0,298.86,80.83,0.7194003881416048,0.1478163820844681,24.69123549415678,5.576329498752953,1157.8318526489286,24.777880215933354,0.9803136370427196,0.0,0.0053585718015431,0.0,0.0105009396747798,0.0038268514809571,0.0,0.0,0.4741196511355799,0.0,0.2498492902430643,0.0,0.1691215367881944,0.1069095218331613,0.0,0.0,16.6466004440598,0.8414150117896654,1.0,0.0,3.534168230993941,0.0,3.0907354034489525,2.939370083560376,0.0,0.0,18.4482052908898,1173.908539729092,13.989350648063478,302.7106577576344,5.278346606766283
22,215.0,14.071854385599098,0.95,0.0,0.02,0.0,0.02,0.01,0.0,0.0,298.86,80.83,0.7194003881416048,0.1740919755734145,24.69123549415678,5.576329498752953,1153.5804666574522,28.45088561082079,0.9747052752836672,0.0,0.0074473446597003,0.0,0.0128355767761299,0.0050118032805024,0.0,0.0,0.4112104201968385,0.0,0.293756912989558,0.0,0.1762466531539882,0.1187860136596151,0.0,0.0,16.141628710572903,0.8622787942664566,1.0,0.0,3.4155402810921576,0.0,3.005152726800268,2.8709093863011645,0.0,0.0,18.4482052908898,1173.908539729092,13.989350648063478,302.7106577576344,5.278346606766283
22,215.0,16.195710607310634,0.95,0.0,0.02,0.0,0.02,0.01,0.0,0.0,298.86,80.83,0.7194003881416048,0.2003675690623609,24.69123549415678,5.576329498752953,1149.652305542484,32.22047921461182,0.9693621046877808,0.0,0.0096983980649001,0.0,0.0147944973065477,0.0061449999407713,0.0,0.0,0.3649832437180788,0.0,0.3312579880008097,0.0,0.1772817805526113,0.1264769877285001,0.0,0.0,15.6631844981482,0.882706537019439,1.0,0.0,3.305404230145995,0.0,2.9262860928549745,2.807823725140077,0.0,0.0,18.4482052908898,1173.908539729092,13.989350648063478,302.7106577576344,5.278346606766283
22,215.0,18.31956682902217,0.95,0.0,0.02,0.0,0.02,0.01,0.0,0.0,298.86,80.83,0.7194003881416048,0.2266431625513073,24.69123549415678,5.576329498752953,1145.9938468690182,36.07781925333201,0.9642500971904896,0.0,0.0120953207866239,0.0,0.0164398499339042,0.0072147320889821,0.0,0.0,0.32966820336812,0.0,0.3641045904939344,0.0,0.1749795946833406,0.1312476114546049,0.0,0.0,15.207896995619738,0.9027482749838974,1.0,0.0,3.202612972880614,0.0,2.853198284596292,2.749269648324653,0.0,0.0,18.4482052908898,1173.908539729092,13.989350648063478,302.7106577576344,5.278346606766283
22,215.0,20.443423050733703,0.95,0.0,0.02,0.0,0.02,0.01,0.0,0.0,298.86,80.83,0.7194003881416048,0.2529187560402537,24.69123549415678,5.576329498752953,1142.558011694849,40.01574803686785,0.959337452486414,0.0,0.0146215669386442,0.0,0.0178263021033678,0.0082146784715741,0.0,0.0,0.3018818590433311,0.0,0.3933202436165302,0.0,0.1708776662388925,0.1339202311012459,0.0,0.0,14.772875776230237,0.9225151052742292,1.0000000000107607,0.0,3.106478301517468,0.0,2.7851819593090115,2.6946434983083782,0.0,0.0,18.4482052908898,1173.908539729092,13.989350648063478,302.7106577576344,5.278346606766283
22,215.0,22.56727927244524,0.95,0.0,0.02,0.0,0.02,0.01,0.0,0.0,298.86,80.83,0.7194003881416048,0.2791943495292001,24.69123549415678,5.576329498752953,1139.3049109729118,44.02873626736832,0.9545957321388464,0.0,0.0172612986032902,0.0,0.019000205995095,0.0091427632627681,0.0,0.0,0.2795096279106757,0.0,0.4195604754680802,0.0,0.1658640830467593,0.1350658135744846,0.0,0.0,14.355699693871722,0.9420262421346572,1.0000000009803327,0.0,3.0159543104014728,0.0,2.721638301852312,2.643505546138848,0.0,0.0,18.4482052908898,1173.908539729092,13.989350648063478,302.7106577576344,5.278346606766283
22,215.0,24.69113549415678,0.95,0.0,0.02,0.0,0.02,0.01,0.0,0.0,298.86,80.83,0.7194003881416048,0.3054699430181464,24.69123549415678,5.576329498752953,1136.2015472721148,48.11268673972149,0.9500002130391186,0.0,0.019999869090574,0.0,0.0199999565593503,0.009999961310957,0.0,0.0,0.2611623718884596,0.0,0.4432806588725838,0.0,0.1604603730453956,0.1350965961935611,0.0,0.0,13.954366860644235,0.9613732534052958,1.000000001415872,0.0,2.930492346436138,0.0,2.66206409348659,2.5954814877941104,0.0,0.0,18.4482052908898,1173.908539729092,13.989350648063478,302.7106577576344,5.278346606766283
22,220.0,6.881337971221116,0.95,0.0,0.02,0.0,0.02,0.01,0.0,0.0,298.86,80.83,0.7361306297262932,0.0851334649414959,25.564837640691845,6.8812379712211165,1156.0250241631118,17.648421100825026,0.9988069135905958,0.0,0.000257808369839,0.0,0.000732463347784,0.000202814691781,0.0,0.0,0.9499872669248708,0.0,0.0200051504754296,0.0,0.0200050266442538,0.0100025559554458,0.0,0.0,17.020424039333726,0.81072172590913,1.0,0.0,3.6228474602175456,0.0,2.9872624279802955,2.928853601058367,0.0,0.0,17.121140165387374,1157.0541060432145,17.08052563899556,302.7106577576344,6.509407158415541
22,220.0,8.957271267828975,0.95,0.0,0.02,0.0,0.02,0.01,0.0,0.0,298.86,80.83,0.7361306297262932,0.1108161730524431,25.564837640691845,6.8812379712211165,1150.563479884932,20.892412336085204,0.9923445007283336,0.0,0.0018077596098587,0.0,0.0044869507399604,0.0013607889218471,0.0,0.0,0.7461634184218339,0.0,0.1075732156145928,0.0,0.0946762124155666,0.0515871535480067,0.0,0.0,16.47831059434492,0.8320479415673617,1.0,0.0,3.497091224347763,0.0,2.9002490336559856,2.855938469375365,0.0,0.0,17.121140165387374,1157.0541060432145,17.08052563899556,302.7106577576344,6.509407158415541
22,220.0,11.033204564436836,0.95,0.0,0.02,0.0,0.02,0.01,0.0,0.0,298.86,80.83,0.7361306297262932,0.1364988811633902,25.564837640691845,6.8812379712211165,1145.554669600844,24.256182388115967,0.9862053995524288,0.0,0.0035440068670108,0.0,0.0077057991488276,0.0025447944317327,0.0,0.0,0.6184608853219482,0.0,0.1706903793882684,0.0,0.1325801266181138,0.0782686086716695,0.0,0.0,15.96794802854945,0.8528669433673911,1.0,0.0,3.381489712159022,0.0,2.8202978987266167,2.788914436667906,0.0,0.0,17.121140165387374,1157.0541060432145,17.08052563899556,302.7106577576344,6.509407158415541
22,220.0,13.109137861044694,0.95,0.0,0.02,0.0,0.02,0.01,0.0,0.0,298.86,80.83,0.7361306297262932,0.1621815892743374,25.564837640691845,6.8812379712211165,1140.9527081549493,27.7300508422064,0.9803671786398366,0.0,0.0054595364191065,0.0,0.0104426654517755,0.0037306194892813,0.0,0.0,0.5311391268182328,0.0,0.2205596681929195,0.0,0.1518263228085355,0.0964748821803122,0.0,0.0,15.486083327729045,0.8732197164056587,1.0,0.0,3.2745480496294888,0.0,2.7467433437037445,2.7270540381389536,0.0,0.0,17.121140165387374,1157.0541060432145,17.08052563899556,302.7106577576344,6.509407158415541
22,220.0,15.185071157652551,0.95,0.0,0.02,0.0,0.02,0.01,0.0,0.0,298.86,80.83,0.7361306297262932,0.1878642973852846,25.564837640691845,6.8812379712211165,1136.7051417801863,31.304049743178428,0.9748009248360786,0.0,0.0075433112573851,0.0,0.0127588463333185,0.0048969175732177,0.0,0.0,0.4677976915559387,0.0,0.2621943579507179,0.0,0.1607891454431769,0.1092188050501664,0.0,0.0,15.029455853794884,0.8931590099257036,1.0,0.0,3.175319308820679,0.0,2.678731778786648,2.6698544762129206,0.0,0.0,17.121140165387374,1157.0541060432145,17.08052563899556,302.7106577576344,6.509407158415541
22,220.0,17.261004454260412,0.95,0.0,0.02,0.0,0.02,0.01,0.0,0.0,298.86,80.83,0.7361306297262932,0.2135470054962317,25.564837640691845,6.8812379712211165,1132.759130575193,34.96890430124905,0.9694752631208184,0.0,0.0097819215267844,0.0,0.0147160888075261,0.0060267265448708,0.0,0.0,0.4198560044547923,0.0,0.2981504370430965,0.0,0.1638354785917973,0.1181580799103138,0.0,0.0,14.595016731019252,0.9127326910128766,1.0,0.0,3.082596140808953,0.0,2.615588631551363,2.616688623362884,0.0,0.0,17.121140165387374,1157.0541060432145,17.08052563899556,302.7106577576344,6.509407158415541
22,220.0,19.336937750868277,0.95,0.0,0.02,0.0,0.02,0.01,0.0,0.0,298.86,80.83,0.7361306297262932,0.2392297136071789,25.564837640691845,6.8812379712211165,1129.0655625544337,38.71658575394938,0.9643593308854636,0.0,0.0121609589772653,0.0,0.016371825142235,0.0071078849950359,0.0,0.0,0.3823904425438836,0.0,0.3298692161414802,0.0,0.1634180145172453,0.1243223267973908,0.0,0.0,14.180057328042768,0.9320491416196056,1.0,0.0,2.995605748243211,0.0,2.556723047101208,2.5670017553216806,0.0,0.0,17.121140165387374,1157.0541060432145,17.08052563899556,302.7106577576344,6.509407158415541
22,220.0,21.41287104747613,0.95,0.0,0.02,0.0,0.02,0.01,0.0,0.0,298.86,80.83,0.7361306297262932,0.264912421718126,25.564837640691845,6.8812379712211165,1125.58115201121,42.54051174514127,0.9594245709849608,0.0,0.0146660024440142,0.0,0.0177767481939775,0.0081326783770473,0.0,0.0,0.3523746156767811,0.0,0.3582363339893014,0.0,0.1609795434870874,0.1284095068468302,0.0,0.0,13.782249085609717,0.951146738369924,1.0,0.0,2.913697203316546,0.0,2.5016276738739665,2.520371539202891,0.0,0.0,17.121140165387374,1157.0541060432145,17.08052563899556,302.7106577576344,6.509407158415541
22,220.0,23.488804344083988,0.95,0.0,0.02,0.0,0.02,0.01,0.0,0.0,298.86,80.83,0.7361306297262932,0.2905951298290732,25.564837640691845,6.8812379712211165,1122.2690526152307,46.4355151313693,0.95464556153964,0.0,0.017283248966004,0.0,0.0189740966459667,0.0090970928483891,0.0,0.0,0.3278464124911491,0.0,0.3838389864705006,0.0,0.1573933908103161,0.1309212102280343,0.0,0.0,13.39963433479239,0.9700727549411488,1.0,0.0,2.836191512129392,0.0,2.4498732907757605,2.476464984937925,0.0,0.0,17.121140165387374,1157.0541060432145,17.08052563899556,302.7106577576344,6.509407158415541
22,220.0,25.564737640691845,0.95,0.0,0.02,0.0,0.02,0.01,0.0,0.0,298.86,80.83,0.7361306297262932,0.3162778379400203,25.564837640691845,6.8812379712211165,1119.0985936681952,50.397691856779794,0.9500002206322417,0.0,0.0199998670779993,0.0,0.0199999542621237,0.0099999580276352,0.0,0.0,0.3074783624571688,0.0,0.4070932956290329,0.0,0.1531971016664161,0.132231240247382,0.0,0.0,13.030586355644797,0.9888797993071812,1.0,0.0,2.7627570266620967,0.0,2.401099096593541,2.4350005317680963,0.0,0.0,17.121140165387374,1157.0541060432145,17.08052563899556,302.7106577576344,6.509407158415541
22,225.0,8.406720206308837,0.95,0.0,0.02,0.0,0.02,0.01,0.0,0.0,298.86,80.83,0.7528608713109817,0.1040049512100561,26.69739186889045,8.406620206308837,1138.375486685162,21.39264765513665,0.9985201839764396,0.0,0.0003307073834222,0.0,0.0009037919758834,0.0002453166642544,0.0,0.0,0.9499897117185676,0.0,0.0200041707017869,0.0,0.0200040491842021,0.0100020683954432,0.0,0.0,15.699652360666418,0.849103534022803,1.0,0.0,3.324268453912729,0.0,2.644892704783668,2.699676647521794,0.0,0.0,15.813326197120771,1139.6555629264626,20.687604017864448,302.7106577576344,7.946729358776584
22,225.0,10.439005946595682,0.95,0.0,0.02,0.0,0.02,0.01,0.0,0.0,298.86,80.83,0.7528608713109817,0.1291476672843707,26.69739186889045,8.406620206308837,1132.9954659116377,24.579803116059416,0.9921731192471168,0.0,0.0019021800582428,0.0,0.0045661134253208,0.0013585872693194,0.0,0.0,0.7810623945881794,0.0,0.092496472130023,0.0,0.0818252547279199,0.0446158785538775,0.0,0.0,15.214808604479666,0.8694531187007399,1.0,0.0,3.2206778506140634,0.0,2.576611881444564,2.639613321262302,0.0,0.0,15.813326197120771,1139.6555629264626,20.687604017864448,302.7106577576344,7.946729358776584
22,225.0,12.471291686882529,0.95,0.0,0.02,0.0,0.02,0.01,0.0,0.0,298.86,80.83,0.7528608713109817,0.1542903833586852,26.69739186889045,8.406620206308837,1128.0388855639471,27.878996823929832,0.9861256880217354,0.0,0.0036510123911754,0.0,0.0077192934481412,0.0025040061389479,0.0,0.0,0.6667288917762334,0.0,0.1481967511733466,0.0,0.116296279606436,0.0687780774439839,0.0,0.0,14.756436842138324,0.8894252781825558,1.0,0.0,3.1248949549531937,0.0,2.513514258860578,2.5839982329243085,0.0,0.0,15.813326197120771,1139.6555629264626,20.687604017864448,302.7106577576344,7.946729358776584
22,225.0,14.503577427169375,0.95,0.0,0.02,0.0,0.02,0.01,0.0,0.0,298.86,80.83,0.7528608713109817,0.1794330994329998,26.69739186889045,8.406620206308837,1123.4622530503127,31.28154366011982,0.9803553130025644,0.0,0.0055699798795306,0.0,0.0104143124870618,0.003660394630843,0.0,0.0,0.58437138986664,0.0,0.1938090528138486,0.0,0.135459247685313,0.0863603096341984,0.0,0.0,14.32187687574086,0.9090105714869112,1.0,0.0,3.0357657687968387,0.0,2.455049222070255,2.5324684924587912,0.0,0.0,15.813326197120771,1139.6555629264626,20.687604017864448,302.7106577576344,7.946729358776584
22,225.0,16.53586316745622,0.95,0.0,0.02,0.0,0.02,0.01,0.0,0.0,298.86,80.83,0.7528608713109817,0.2045758155073143,26.69739186889045,8.406620206308837,1119.21673264681,34.77851568811055,0.974834308418934,0.0,0.0076486227597186,0.0,0.012708481536637,0.0048085872847103,0.0,0.0,0.5223439311307025,0.0,0.2326953304515323,0.0,0.1455626719909907,0.0993980664267743,0.0,0.0,13.908475225320888,0.928269142760434,1.0,0.0,2.952447048105016,0.0,2.400683480113495,2.4844512360401056,0.0,0.0,15.813326197120771,1139.6555629264626,20.687604017864448,302.7106577576344,7.946729358776584
22,225.0,18.568148907743065,0.95,0.0,0.02,0.0,0.02,0.01,0.0,0.0,298.86,80.83,0.7528608713109817,0.2297185315816289,26.69739186889045,8.406620206308837,1115.253480584521,38.36158046786787,0.9695333738750876,0.0,0.0098746890489931,0.0,0.0146591905772261,0.005932746498693,0.0,0.0,0.4740412274761248,0.0,0.2667177765849295,0.0,0.1501365096169789,0.1091044863219666,0.0,0.0,13.513755541776316,0.947262880483001,1.0,0.0,2.8742132952048447,0.0,2.349929601965425,2.439515109221171,0.0,0.0,15.813326197120771,1139.6555629264626,20.687604017864448,302.7106577576344,7.946729358776584
22,225.0,20.60043464802991,0.95,0.0,0.02,0.0,0.02,0.01,0.0,0.0,298.86,80.83,0.7528608713109817,0.2548612476559435,26.69739186889045,8.406620206308837,1111.5271550402836,42.02347620951721,0.9644240891518472,0.0,0.0122352791744924,0.0,0.0163198003142327,0.0070208313594275,0.0,0.0,0.4354391412170254,0.0,0.2969964449139258,0.0,0.1512863981126118,0.1162780157564369,0.0,0.0,13.135516456000875,0.9660509429795062,1.0,0.0,2.8004241821065983,0.0,2.3023619142428027,2.397289727128369,0.0,0.0,15.813326197120771,1139.6555629264626,20.687604017864448,302.7106577576344,7.946729358776584
22,225.0,22.63272038831676,0.95,0.0,0.02,0.0,0.02,0.01,0.0,0.0,298.86,80.83,0.7528608713109817,0.280003963730258,26.69739186889045,8.406620206308837,1107.997702452186,45.75819164254217,0.959480369125136,0.0,0.0147176290639449,0.0,0.0177375499045565,0.0080644519063625,0.0,0.0,0.4039469848248748,0.0,0.3242555135599671,0.0,0.1503132483549188,0.1214842532602391,0.0,0.0,12.771860956116944,0.9846990049759654,1.0,0.0,2.730567021179536,0.0,2.257659440445134,2.3574558359925724,0.0,0.0,15.813326197120771,1139.6555629264626,20.687604017864448,302.7106577576344,7.946729358776584
22,225.0,24.665006128603604,0.95,0.0,0.02,0.0,0.02,0.01,0.0,0.0,298.86,80.83,0.7528608713109817,0.3051466798045726,26.69739186889045,8.406620206308837,1104.630878916297,49.560950884769554,0.9546790957741838,0.0,0.0173095872626231,0.0,0.0189529331782055,0.0090583837849874,0.0,0.0,0.3778220214518327,0.0,0.3489941039518578,0.0,0.148039391885219,0.1251444827110905,0.0,0.0,12.421189278295504,1.00324306252812,1.0,0.0,2.6642365323962225,0.0,2.215464548080932,2.319760923832106,0.0,0.0,15.813326197120771,1139.6555629264626,20.687604017864448,302.7106577576344,7.946729358776584
22,225.0,26.69729186889045,0.95,0.0,0.02,0.0,0.02,0.01,0.0,0.0,298.86,80.83,0.7528608713109817,0.3302893958788871,26.69739186889045,8.406620206308837,1101.3980202920106,53.42809409386961,0.9500002272767116,0.0,0.0199998655139793,0.0,0.0199999521874665,0.0099999550218424,0.0,0.0,0.355849161289023,0.0,0.3715757569861098,0.0,0.1449923788999444,0.1275827028249226,0.0,0.0,12.08216854529488,1.021726363331141,1.0,0.0,2.6010186636553203,0.0,2.1755145527900663,2.283979529171691,0.0,0.0,15.813326197120771,1139.6555629264626,20.687604017864448,302.7106577576344,7.946729358776584
22,230.0,10.175773018626224,0.95,0.0,0.02,0.0,0.02,0.01,0.0,0.0,298.86,80.83,0.7695911128956702,0.1258910431600423,28.097509151341765,10.175673018626226,1120.0460245452146,25.750049745691108,0.9981791431787488,0.0,0.0004194451092291,0.0,0.0011056654187669,0.0002957462932551,0.0,0.0,0.9499916216946404,0.0,0.0200034050391344,0.0,0.0200032857061011,0.0100016875601241,0.0,0.0,14.398103292581425,0.8911032527601513,1.0,0.0,3.0561677895187045,0.0,2.3576426482903616,2.493385513495662,0.0,0.0,14.525567486140844,1121.6270137216943,24.87830228106012,302.7106577576344,9.61137473881863
22,230.0,12.167065922261283,0.95,0.0,0.02,0.0,0.02,0.01,0.0,0.0,298.86,80.83,0.7695911128956702,0.1505266104449002,28.097509151341765,10.175673018626226,1114.7388490661583,28.896689120719348,0.9919419651123385,0.0,0.0020098567901325,0.0,0.0046765755600347,0.0013716025374941,0.0,0.0,0.8100807487495556,0.0,0.0800154847554439,0.0,0.0711192565367415,0.0387845099582588,0.0,0.0,13.963643924893756,0.9107884837928468,1.0,0.0,2.970606537269103,0.0,2.3036856642340227,2.443697641549773,0.0,0.0,14.525567486140844,1121.6270137216943,24.87830228106012,302.7106577576344,9.61137473881863
22,230.0,14.158358825896348,0.95,0.0,0.02,0.0,0.02,0.01,0.0,0.0,298.86,80.83,0.7695911128956702,0.1751621777297581,28.097509151341765,10.175673018626226,1109.8281433432653,32.14863772667848,0.9859837495743836,0.0,0.0037692688442532,0.0,0.0077631313468421,0.0024838502345211,0.0,0.0,0.7091830987829426,0.0,0.1286222094041194,0.0,0.1018937666171251,0.0603009251958129,0.0,0.0,13.551377197387712,0.9301493421775604,1.0,0.0,2.8908379021423225,0.0,2.2535731090812026,2.397445777087513,0.0,0.0,14.525567486140844,1121.6270137216943,24.87830228106012,302.7106577576344,9.61137473881863
22,230.0,16.149651729531406,0.95,0.0,0.02,0.0,0.02,0.01,0.0,0.0,298.86,80.83,0.7695911128956702,0.1997977450146159,28.097509151341765,10.175673018626226,1105.272778050264,35.49811210000784,0.98028208548388,0.0,0.0056902678021992,0.0,0.010413749966012,0.0036138967479087,0.0,0.0,0.6331178820056155,0.0,0.1697419406330317,0.0,0.120313804873542,0.0768263724878107,0.0,0.0,13.159117636074743,0.9492228814404308,1.0,0.0,2.8162940800716343,0.0,2.206895844395216,2.3542633825742967,0.0,0.0,14.525567486140844,1121.6270137216943,24.87830228106012,302.7106577576344,9.61137473881863
22,230.0,18.140944633166463,0.95,0.0,0.02,0.0,0.02,0.01,0.0,0.0,298.86,80.83,0.7695911128956702,0.2244333122994738,28.097509151341765,10.175673018626226,1101.0272589790943,38.93713551823045,0.974810492921384,0.0,0.0077628249339793,0.0,0.012682100601154,0.0047445815434825,0.0,0.0,0.5738290503964683,0.0,0.205537215227276,0.0,0.1309522964614055,0.0896814379148504,0.0,0.0,12.784693855568044,0.968052970471404,1.0,0.0,2.746131749927851,0.0,2.163286761374636,2.3138043664879016,0.0,0.0,14.525567486140844,1121.6270137216943,24.87830228106012,302.7106577576344,9.61137473881863
22,230.0,20.13223753680153,0.95,0.0,0.02,0.0,0.02,0.01,0.0,0.0,298.86,80.83,0.7695911128956702,0.2490688795843316,28.097509151341765,10.175673018626226,1097.0463403435356,42.45825036991635,0.969541470330751,0.0,0.0099755718000489,0.0,0.0146216554701097,0.0058613023990902,0.0,0.0,0.5264027922644287,0.0,0.2372978656556279,0.0,0.1365854813655584,0.0997138607143849,0.0,0.0,12.426080606577711,0.9866902435387568,1.0,0.0,2.680006923942018,0.0,2.1224156949848068,2.275750036993555,0.0,0.0,14.525567486140844,1121.6270137216943,24.87830228106012,302.7106577576344,9.61137473881863
22,230.0,22.12353044043659,0.95,0.0,0.02,0.0,0.02,0.01,0.0,0.0,298.86,80.83,0.7695911128956702,0.2737044468691895,28.097509151341765,10.175673018626226,1093.2880383864328,46.0549254757521,0.9644486163134528,0.0,0.0123167738051886,0.0,0.0162821279415057,0.0069524819398526,0.0,0.0,0.4876728908483908,0.0,0.2658480229901094,0.0,0.1389645432967008,0.1075145428647988,0.0,0.0,12.08147620518034,1.0051846407698477,1.0,0.0,2.617291783478636,0.0,2.083921688101799,2.239817777747336,0.0,0.0,14.525567486140844,1121.6270137216943,24.87830228106012,302.7106577576344,9.61137473881863
22,230.0,24.114823344071645,0.95,0.0,0.02,0.0,0.02,0.01,0.0,0.0,298.86,80.83,0.7695911128956702,0.2983400141540473,28.097509151341765,10.175673018626226,1089.7151683693398,49.72171612542226,0.9595078384989147,0.0,0.0147749686916652,0.0,0.0177076520866076,0.0080095407228121,0.0,0.0,0.4555081061655773,0.0,0.2917479506301509,0.0,0.1392224143426634,0.1135215288616082,0.0,0.0,11.749323482991272,1.02358320706906,1.0,0.0,2.5576680971775247,0.0,2.047537065854713,2.2057640592922465,0.0,0.0,14.525567486140844,1121.6270137216943,24.87830228106012,302.7106577576344,9.61137473881863
22,230.0,26.10611624770671,0.95,0.0,0.02,0.0,0.02,0.01,0.0,0.0,298.86,80.83,0.7695911128956702,0.3229755814389052,28.097509151341765,10.175673018626226,1086.295798098753,53.45425938945447,0.9546978523195596,0.0,0.0173393343958554,0.0,0.0189362309932596,0.0090265822913252,0.0,0.0,0.4284217889525984,0.0,0.3153999214124172,0.0,0.1381047631474553,0.118073526487529,0.0,0.0,11.42830541575214,1.0419436398244593,1.0,0.0,2.500834324233628,0.0,2.0130354316656773,2.173394022215392,0.0,0.0,14.525567486140844,1121.6270137216943,24.87830228106012,302.7106577576344,9.61137473881863
22,230.0,28.097409151341765,0.95,0.0,0.02,0.0,0.02,0.01,0.0,0.0,298.86,80.83,0.7695911128956702,0.347611148723763,28.097509151341765,10.175673018626226,1083.003052364361,57.24917965667099,0.9500002331317942,0.0,0.0199998642669279,0.0,0.0199999503014531,0.0099999522998247,0.0,0.0,0.405345684079983,0.0,0.3371064837260231,0.0,0.1361082646166461,0.1214395675773475,0.0,0.0,11.117320379519764,1.0602973580471229,1.0,0.0,2.4464419889248536,0.0,1.9802810522444003,2.1425263541466344,0.0,0.0,14.525567486140844,1121.6270137216943,24.87830228106012,302.7106577576344,9.61137473881863
22,235.0,12.212784624504884,0.95,0.0,0.02,0.0,0.02,0.01,0.0,0.0,298.86,80.83,0.7863213544803587,0.1510922259619557,29.77637950241007,12.212684624504885,1100.927965479802,30.80573778336841,0.9977755232382868,0.0,0.0005267289131628,0.0,0.0013421514324792,0.0003555964160711,0.0,0.0,0.9499931294070448,0.0,0.02000280044906,0.0,0.0200026831832335,0.0100013869606616,0.0,0.0,13.116831553891643,0.937422260431957,1.0,0.0,2.814809459090565,0.0,2.1153485039312345,2.3073962027416,0.0,0.0,13.258875583502968,1102.8688895247462,29.73094022392497,302.7106577576344,11.525181126674264
22,235.0,14.164284055383238,0.95,0.0,0.02,0.0,0.02,0.01,0.0,0.0,298.86,80.83,0.7863213544803587,0.1752354825607229,29.77637950241007,12.212684624504885,1095.6872565520878,33.92665665426125,0.9916471677424672,0.0,0.002133101480706,0.0,0.0048198456694259,0.001399885107401,0.0,0.0,0.834136912709772,0.0,0.0697059976694583,0.0,0.0622314323307271,0.0339256572900424,0.0,0.0,12.727227258521006,0.9566922761935084,1.0,0.0,2.743738412839598,0.0,2.072540838028876,2.2660547041719266,0.0,0.0,13.258875583502968,1102.8688895247462,29.73094022392497,302.7106577576344,11.525181126674264
22,235.0,16.11578348626159,0.95,0.0,0.02,0.0,0.02,0.01,0.0,0.0,298.86,80.83,0.7863213544803587,0.1993787391594902,29.77637950241007,12.212684624504885,1090.8174483290134,37.14697213803529,0.9857790745995568,0.0,0.0039005247095554,0.0,0.0078370719030641,0.0024833287878237,0.0,0.0,0.7461101233052378,0.0,0.1117441288953791,0.0,0.0893114044364422,0.0528343433629409,0.0,0.0,12.356292816991647,0.9757088795174234,1.0,0.0,2.677214718121384,0.0,2.032581863778507,2.2273792334690543,0.0,0.0,13.258875583502968,1102.8688895247462,29.73094022392497,302.7106577576344,11.525181126674264
22,235.0,18.06728291713995,0.95,0.0,0.02,0.0,0.02,0.01,0.0,0.0,298.86,80.83,0.7863213544803587,0.2235219957582574,29.77637950241007,12.212684624504885,1086.2797703351084,40.45972859106349,0.9801492619959028,0.0,0.0058214624557471,0.0,0.0104397283394258,0.0035895472089242,0.0,0.0,0.6770777096698576,0.0,0.1483493752064406,0.0,0.106543121292217,0.0680297938314846,0.0,0.0,12.002229455838288,0.9945046741104568,1.0,0.0,2.614575928147043,0.0,1.995258354839772,2.191095439636986,0.0,0.0,13.258875583502968,1102.8688895247462,29.73094022392497,302.7106577576344,11.525181126674264
22,235.0,20.0187823480183,0.95,0.0,0.02,0.0,0.02,0.01,0.0,0.0,298.86,80.83,0.7863213544803587,0.2476652523570246,29.77637950241007,12.212684624504885,1082.0318992311625,43.85783078394034,0.974732499392622,0.0,0.0078862592616963,0.0,0.0126780455947805,0.0047031957509012,0.0,0.0,0.6215820926583823,0.0,0.1808559377763254,0.0,0.1172267665002049,0.0803352030650873,0.0,0.0,11.66325559800115,1.01312616813064,1.0,0.0,2.5554603048890097,0.0,1.9602009101176097,2.1569373319200698,0.0,0.0,13.258875583502968,1102.8688895247462,29.73094022392497,302.7106577576344,11.525181126674264
22,235.0,21.970281778896656,0.95,0.0,0.02,0.0,0.02,0.01,0.0,0.0,298.86,80.83,0.7863213544803587,0.2718085089557918,29.77637950241007,12.212684624504885,1078.0319362479647,47.33464382380617,0.9695029563260912,0.0,0.0100842714854962,0.0,0.014601848162009,0.0058109240264034,0.0,0.0,0.5760715923419367,0.0,0.2101133608773834,0.0,0.1234982741757987,0.0903167726048811,0.0,0.0,11.337711344819978,1.0316313342100287,1.0,0.0,2.4994012423843777,0.0,1.927145581104532,2.1246613268827206,0.0,0.0,13.258875583502968,1102.8688895247462,29.73094022392497,302.7106577576344,11.525181126674264
22,235.0,23.92178120977501,0.95,0.0,0.02,0.0,0.02,0.01,0.0,0.0,298.86,80.83,0.7863213544803587,0.295951765554559,29.77637950241007,12.212684624504885,1074.2410004329952,50.88433982380208,0.9644360212369067,0.0,0.0124047031757482,0.0,0.016257463654527,0.0069018119328178,0.0,0.0,0.5381364150988581,0.0,0.2366958698028946,0.0,0.1267755727546694,0.0983921423435779,0.0,0.0,11.02411371552485,1.05004818962381,1.0,0.0,2.4460187027031526,0.0,1.895916039744211,2.094051004892958,0.0,0.0,13.258875583502968,1102.8688895247462,29.73094022392497,302.7106577576344,11.525181126674264
22,235.0,25.873280640653363,0.95,0.0,0.02,0.0,0.02,0.01,0.0,0.0,298.86,80.83,0.7863213544803587,0.3200950221533263,29.77637950241007,12.212684624504885,1070.6245468019852,54.50203767219002,0.9595093089822194,0.0,0.0148371420369029,0.0,0.0176861385959851,0.0079674103848925,0.0,0.0,0.5060846801582275,0.0,0.2610134898625361,0.0,0.1280161058130924,0.104885724166144,0.0,0.0,10.721182318698348,1.0684190624276677,1.0,0.0,2.395102913799488,0.0,1.8663090843058472,2.064919878234616,0.0,0.0,13.258875583502968,1102.8688895247462,29.73094022392497,302.7106577576344,11.525181126674264
22,235.0,27.82478007153172,0.95,0.0,0.02,0.0,0.02,0.01,0.0,0.0,298.86,80.83,0.7863213544803587,0.3442382787520935,29.77637950241007,12.212684624504885,1067.1527754133865,58.18380553217981,0.954703076612447,0.0,0.0173718450094448,0.0,0.0189235428807802,0.0090015354973278,0.0,0.0,0.478694149566964,0.0,0.2833733032575277,0.0,0.1278741810596596,0.1100583661158485,0.0,0.0,10.427827092993065,1.0868070323443633,1.0,0.0,2.346363251819126,0.0,1.8381131646754705,2.037110074420488,0.0,0.0,13.258875583502968,1102.8688895247462,29.73094022392497,302.7106577576344,11.525181126674264
22,235.0,29.77627950241007,0.95,0.0,0.02,0.0,0.02,0.01,0.0,0.0,298.86,80.83,0.7863213544803587,0.3683815353508607,29.77637950241007,12.212684624504885,1063.800464659144,61.926585297650206,0.950000238366864,0.0,0.019999863216382,0.0,0.0199999485638421,0.0099999498529118,0.0,0.0,0.4550601858418417,0.0,0.3040145535790631,0.0,0.1268009284832814,0.1141243320958137,0.0,0.0,10.143134453973706,1.1052312467973215,1.0,0.0,2.299571099965245,0.0,1.811255372554452,2.010487139294303,0.0,0.0,13.258875583502968,1102.8688895247462,29.73094022392497,302.7106577576344,11.525181126674264
22,240.0,14.543231945230874,0.95,0.0,0.02,0.0,0.02,0.01,0.0,0.0,298.86,80.83,0.8030515960650472,0.1799236910210426,31.747166272957998,14.543131945230874,1080.8925427319757,36.6606071463596,0.9972996249026156,0.0,0.0006557985754054,0.0,0.001617866892123,0.0004267096298558,0.0,0.0,0.9499943312342785,0.0,0.0200023183639653,0.0,0.020002203061996,0.0100011473397601,0.0,0.0,11.857141161094903,0.9889370312683888,1.0,0.0,2.5967076257759194,0.0,1.9101659291975157,2.1391341130146078,0.0,0.0,12.014498351820745,1083.263844328595,35.3375257790447,302.7106577576344,13.710780754884407
22,240.0,16.45476909275611,0.95,0.0,0.02,0.0,0.02,0.01,0.0,0.0,298.86,80.83,0.8030515960650472,0.2035725484690846,31.747166272957998,14.543131945230874,1075.7135864622182,39.76960773714975,0.9912829344387506,0.0,0.0022748021242847,0.0,0.0049982033234716,0.001444060113493,0.0,0.0,0.8540715128696509,0.0,0.0611877556530328,0.0,0.0548594323291524,0.0298812991481635,0.0,0.0,11.507918823066111,1.008037764164861,1.0,0.0,2.5375517625723205,0.0,1.8761370344125432,2.104667680546076,0.0,0.0,12.014498351820745,1083.263844328595,35.3375257790447,302.7106577576344,13.710780754884407
22,240.0,18.366306240281347,0.95,0.0,0.02,0.0,0.02,0.01,0.0,0.0,298.86,80.83,0.8030515960650472,0.2272214059171266,31.747166272957998,14.543131945230874,1070.880615821108,42.97277003205801,0.985508967144275,0.0,0.0040471735405482,0.0,0.0079417360615347,0.0025021232536419,0.0,0.0,0.7779866405647278,0.0,0.0972790506867955,0.0,0.07841292089925,0.0463213878492267,0.0,0.0,11.17443143827528,1.0269667387428834,1.0,0.0,2.4818212524711734,0.0,1.844263471408764,2.0722689378014496,0.0,0.0,12.014498351820745,1083.263844328595,35.3375257790447,302.7106577576344,13.710780754884407
22,240.0,20.27784338780658,0.95,0.0,0.02,0.0,0.02,0.01,0.0,0.0,298.86,80.83,0.8030515960650472,0.2508702633651686,31.747166272957998,14.543131945230874,1066.357245957102,46.26391286513325,0.979956404304638,0.0,0.0059653486798826,0.0,0.0104918231726255,0.0035864238428538,0.0,0.0,0.7162586878211324,0.0,0.1295083970084223,0.0,0.094189602512312,0.0600433126581331,0.0,0.0,10.855188799840786,1.0457383510866785,1.0,0.0,2.4291966218170544,0.0,1.8142726819980868,2.041728995798813,0.0,0.0,12.014498351820745,1083.263844328595,35.3375257790447,302.7106577576344,13.710780754884407
22,240.0,22.189380535331814,0.95,0.0,0.02,0.0,0.02,0.01,0.0,0.0,298.86,80.83,0.8030515960650472,0.2745191208132106,31.747166272957998,14.543131945230874,1062.1042247072571,49.63676919791482,0.9746013398715424,0.0,0.0080200506034591,0.0,0.0126953551799791,0.0046832543450192,0.0,0.0,0.6652516995397564,0.0,0.158661969147896,0.0,0.1045476388207897,0.0715386924915577,0.0,0.0,10.548737296234084,1.064385634794286,1.0,0.0,2.379235679715024,0.0,1.7860570235244166,2.0128459630060256,0.0,0.0,12.014498351820745,1083.263844328595,35.3375257790447,302.7106577576344,13.710780754884407
22,240.0,24.10091768285705,0.95,0.0,0.02,0.0,0.02,0.01,0.0,0.0,298.86,80.83,0.8030515960650472,0.2981679782612526,31.747166272957998,14.543131945230874,1058.0828526919377,53.08548868159277,0.9694195801045355,0.0,0.0102012840120869,0.0,0.0145986527766255,0.0057804831067518,0.0,0.0,0.6224600701393859,0.0,0.185269832309892,0.0,0.1111017066884821,0.08116839086224,0.0,0.0,10.253713922876612,1.0829766167635926,1.0,0.0,2.331641430915376,0.0,1.759332849621121,1.9854346452824168,0.0,0.0,12.014498351820745,1083.263844328595,35.3375257790447,302.7106577576344,13.710780754884407
22,240.0,26.01245483038229,0.95,0.0,0.02,0.0,0.02,0.01,0.0,0.0,298.86,80.83,0.8030515960650472,0.3218168357092947,31.747166272957998,14.543131945230874,1054.2571951630669,56.60492764012089,0.9643881888692544,0.0,0.012499059768312,0.0,0.0162448018044302,0.0068679495580034,0.0,0.0,0.5861019831424794,0.0,0.209709580523425,0.0,0.1149743702068593,0.0892140661272364,0.0,0.0,9.968899947565758,1.1015467415257818,1.0,0.0,2.286192826878371,0.0,1.7339981299627631,1.9593319198356909,0.0,0.0,12.014498351820745,1083.263844328595,35.3375257790447,302.7106577576344,13.710780754884407
22,240.0,27.923991977907527,0.95,0.0,0.02,0.0,0.02,0.01,0.0,0.0,298.86,80.83,0.8030515960650472,0.3454656931573367,31.747166272957998,14.543131945230874,1050.595218030535,60.19076934459674,0.9594863400830166,0.0,0.0149038470295713,0.0,0.0176722747814694,0.0079375381059426,0.0,0.0,0.5548763864594256,0.0,0.2322641987541938,0.0,0.1169540614848858,0.0959053533014946,0.0,0.0,9.693240236702778,1.1201233052015185,1.0,0.0,2.2426689937744704,0.0,1.709870540212812,1.934400724421712,0.0,0.0,12.014498351820745,1083.263844328595,35.3375257790447,302.7106577576344,13.710780754884407
22,240.0,29.83552912543276,0.95,0.0,0.02,0.0,0.02,0.01,0.0,0.0,298.86,80.83,0.8030515960650472,0.3691145506053787,31.747166272957998,14.543131945230874,1047.0691510643233,63.83953043214508,0.9546956634018224,0.0,0.0174068029819132,0.0,0.0189144881060757,0.0089830455101886,0.0,0.0,0.5278115990090084,0.0,0.2531550643293044,0.0,0.1175986759559334,0.1014346607057535,0.0,0.0,9.425832763032972,1.138766653042356,1.0,0.0,2.2008502574577724,0.0,1.6868574303822168,1.9105129935826848,0.0,0.0,12.014498351820745,1083.263844328595,35.3375257790447,302.7106577576344,13.710780754884407
22,240.0,31.747066272957998,0.95,0.0,0.02,0.0,0.02,0.01,0.0,0.0,298.86,80.83,0.8030515960650472,0.3927634080534207,31.747166272957998,14.543131945230874,1043.6553527825483,67.54850035250504,0.9500002431578608,0.0,0.0199998622525504,0.0,0.0199999469294826,0.009999947660106,0.0,0.0,0.5041675997631268,0.0,0.2725613436494347,0.0,0.1173053309336201,0.1059657256538182,0.0,0.0,9.165918239223735,1.15748194790553,1.0,0.0,2.160584921858024,0.0,1.664828038178736,1.887565272287563,0.0,0.0,12.014498351820745,1083.263844328595,35.3375257790447,302.7106577576344,13.710780754884407
22,245.0,17.19393593962974,0.95,0.0,0.02,0.0,0.02,0.01,0.0,0.0,298.86,80.83,0.8197818376497357,0.2127172576967677,34.02451617722057,17.19383593962974,1059.7842405411682,43.43652552676422,0.9967398225044032,0.0,0.0008106325760839,0.0,0.0019381506101329,0.0005113943093798,0.0,0.0,0.9499952981196916,0.0,0.0200019303904889,0.0,0.0200018169656927,0.0100009545241265,0.0,0.0,10.620628133998572,1.046841330384143,1.0,0.0,2.3989814536783736,0.0,1.7359073706187622,1.9867218341775144,0.0,0.0,10.793959502417948,1062.6711211462375,41.80803719266337,302.7106577576344,16.191644196077288
22,245.0,19.063989299362053,0.95,0.0,0.02,0.0,0.02,0.01,0.0,0.0,298.86,80.83,0.8197818376497357,0.2358528924825195,34.02451617722057,17.19383593962974,1054.6634144123984,46.54689463885893,0.9908412636303824,0.0,0.0024385985993556,0.0,0.0052147743952605,0.0015053633750013,0.0,0.0,0.8706169461696842,0.0,0.0541340484794907,0.0,0.0487380030817965,0.0265110022690285,0.0,0.0,10.308157204855338,1.0660387360466033,1.0,0.0,2.349662785848156,0.0,1.708811296592761,1.9579162123967129,0.0,0.0,10.793959502417948,1062.6711211462375,41.80803719266337,302.7106577576344,16.191644196077288
22,245.0,20.934042659094366,0.95,0.0,0.02,0.0,0.02,0.01,0.0,0.0,298.86,80.83,0.8197818376497357,0.2589885272682712,34.02451617722057,17.19383593962974,1049.863691976936,49.746778210473856,0.9851684062625436,0.0,0.004212386581912,0.0,0.00807861972289,0.0025405874326544,0.0,0.0,0.8053761319320969,0.0,0.0849237757047986,0.0,0.0690245738039128,0.0406755185591915,0.0,0.0,10.008936777727971,1.085112308581852,1.0,0.0,2.3029629678584693,0.0,1.68334691982112,1.9307179017400145,0.0,0.0,10.793959502417948,1062.6711211462375,41.80803719266337,302.7106577576344,16.191644196077288
22,245.0,22.804096018826684,0.95,0.0,0.02,0.0,0.02,0.01,0.0,0.0,298.86,80.83,0.8197818376497357,0.2821241620540231,34.02451617722057,17.19383593962974,1045.3511194036405,53.03073273326002,0.9797007979848662,0.0,0.0061245219738596,0.0,0.010570429375223,0.003604250666051,0.0,0.0,0.7508832464595939,0.0,0.1130224211414821,0.0,0.0832166681528987,0.0528776642460253,0.0,0.0,9.721743240103992,1.1041163338871207,1.0,0.0,2.258598415573742,0.0,1.6593069664802669,1.904967328593749,0.0,0.0,10.793959502417948,1062.6711211462375,41.80803719266337,302.7106577576344,16.191644196077288
22,245.0,24.674149378558997,0.95,0.0,0.02,0.0,0.02,0.01,0.0,0.0,298.86,80.83,0.8197818376497357,0.3052597968397748,34.02451617722057,17.19383593962974,1041.0894788438104,56.39328380544029,0.9744159612732094,0.0,0.0081661519658177,0.0,0.0127337634082356,0.0046841233527371,0.0,0.0,0.7047489448316621,0.0,0.1388674770822756,0.0,0.0929871812660668,0.0633963968199955,0.0,0.0,9.44539033078862,1.1230468174955257,1.0,0.0,2.216322291848103,0.0,1.6365628961027343,1.8805107634606872,0.0,0.0,10.793959502417948,1062.6711211462375,41.80803719266337,302.7106577576344,16.191644196077288
22,245.0,26.54420273829131,0.95,0.0,0.02,0.0,0.02,0.01,0.0,0.0,298.86,80.83,0.8197818376497357,0.3283954316255265,34.02451617722057,17.19383593962974,1037.043189725613,59.829340035364325,0.969291357066877,0.0,0.0103279144236857,0.0,0.0146114892370727,0.0057692392723643,0.0,0.0,0.6652417513461472,0.0,0.1627689166704793,0.0,0.0995393959265917,0.0724499360567816,0.0,0.0,9.17876384757296,1.141982041445628,1.0,0.0,2.17593844092426,0.0,1.614985899191988,1.8572073902475796,0.0,0.0,10.793959502417948,1062.6711211462375,41.80803719266337,302.7106577576344,16.191644196077288
22,245.0,28.414256098023625,0.95,0.0,0.02,0.0,0.02,0.01,0.0,0.0,298.86,80.83,0.8197818376497357,0.3515310664112783,34.02451617722057,17.19383593962974,1033.1791813973557,63.3344319676032,0.9643056906113914,0.0,0.0126005628450864,0.0,0.0162435026673701,0.0068502438761521,0.0,0.0,0.6310771210142019,0.0,0.1849588170486808,0.0,0.1037452015962672,0.0802188603408499,0.0,0.0,8.920865464531962,1.160945290612704,1.0,0.0,2.137210635582315,0.0,1.5944213687254782,1.8349438945972572,0.0,0.0,10.793959502417948,1062.6711211462375,41.80803719266337,302.7106577576344,16.191644196077288
22,245.0,30.28430945775594,0.95,0.0,0.02,0.0,0.02,0.01,0.0,0.0,298.86,80.83,0.8197818376497357,0.37466670119703,34.02451617722057,17.19383593962974,1029.4678639504182,66.9048130091667,0.9594396293448744,0.0,0.0149753504355784,0.0,0.0176655379522226,0.0079194822673244,0.0,0.0,0.601282622112892,0.0,0.2056198540102711,0.0,0.1062393484252567,0.08685817545158,0.0,0.0,8.670828447692392,1.1799759155686695,1.0,0.0,2.09997537648955,0.0,1.574813935518235,1.8136028509723416,0.0,0.0,10.793959502417948,1062.6711211462375,41.80803719266337,302.7106577576344,16.191644196077288
22,245.0,32.15436281748825,0.95,0.0,0.02,0.0,0.02,0.01,0.0,0.0,298.86,80.83,0.8197818376497357,0.3978023359827817,34.02451617722057,17.19383593962974,1025.8834503855137,70.53746777503227,0.954676093433895,0.0,0.0174442182221635,0.0,0.0189087734481128,0.0089709148958284,0.0,0.0,0.5751090354561835,0.0,0.2249017004047543,0.0,0.1074856288386898,0.0925036353003722,0.0,0.0,8.427908020596263,1.1991260629108524,1.0,0.0,2.064093811436276,0.0,1.556038653223542,1.7930855682064508,0.0,0.0,10.793959502417948,1062.6711211462375,41.80803719266337,302.7106577576344,16.191644196077288
22,245.0,34.024416177220566,0.95,0.0,0.02,0.0,0.02,0.01,0.0,0.0,298.86,80.83,0.8197818376497357,0.4209379707685335,34.02451617722057,17.19383593962974,1022.4038502565348,74.23006339198953,0.9500002476873212,0.0,0.0199998612740063,0.0,0.0199999453485751,0.0099999456900972,0.0,0.0,0.5519700662013536,0.0,0.2429306603439572,0.0,0.1078240472785612,0.097275226176128,0.0,0.0,8.191474821324595,1.218416581755249,1.0,0.0,2.0294486778125256,0.0,1.5380154535155175,1.7733123350660407,0.0,0.0,10.793959502417948,1062.6711211462375,41.80803719266337,302.7106577576344,16.191644196077288
22,250.0,20.193296592719157,0.95,0.0,0.02,0.0,0.02,0.01,0.0,0.0,298.86,80.83,0.836512079234424,0.2498242804988142,36.62412832743183,20.193196592719158,1037.4112438461764,51.28383295756479,0.9960818184545628,0.0,0.000996262512023,0.0,0.0023093244498748,0.0006125945835394,0.0,0.0,0.9499960828970488,0.0,0.0200016153788781,0.0,0.0200015037643854,0.0100007979596876,0.0,0.0,9.409239856327645,1.1126990592659922,1.0,0.0,2.2191979469273657,0.0,1.5875447530408169,1.8482854133531648,0.0,0.0,9.599114364038009,1040.9186176418627,49.27650279185157,302.7106577576344,18.99215487266697
22,250.0,22.018933452131677,0.95,0.0,0.02,0.0,0.02,0.01,0.0,0.0,298.86,80.83,0.836512079234424,0.2724104101463772,36.62412832743183,20.193196592719158,1032.345465969585,54.40881222800035,0.9903114088396052,0.0,0.0026291562014008,0.0,0.0054736946114155,0.0015857403475783,0.0,0.0,0.8843924232154412,0.0,0.0482713753037943,0.0,0.0436418354905314,0.023694365990233,0.0,0.0,9.130565250816264,1.1322803304439113,1.0,0.0,2.1780100029363787,0.0,1.566039545178825,1.8242020205179503,0.0,0.0,9.599114364038009,1040.9186176418627,49.27650279185157,302.7106577576344,18.99215487266697
22,250.0,23.844570311544192,0.95,0.0,0.02,0.0,0.02,0.01,0.0,0.0,298.86,80.83,0.836512079234424,0.2949965397939403,36.62412832743183,20.193196592719158,1027.575394998376,57.61919775883165,0.9847496592303376,0.0,0.004400341531271,0.0,0.0082501957478796,0.0025998034905115,0.0,0.0,0.828858984997282,0.0,0.0743820717225261,0.0,0.0609610696827335,0.0357978735974581,0.0,0.0,8.863018790200714,1.1517959881397346,1.0,0.0,2.1388361208344366,0.0,1.5457187938109662,1.8013613884647115,0.0,0.0,9.599114364038009,1040.9186176418627,49.27650279185157,302.7106577576344,18.99215487266697
22,250.0,25.670207170956708,0.95,0.0,0.02,0.0,0.02,0.01,0.0,0.0,298.86,80.83,0.836512079234424,0.3175826694415032,36.62412832743183,20.193196592719158,1023.069586215587,60.91026601026415,0.9793771814900688,0.0,0.0063025625291168,0.0,0.0106768211970046,0.0036434347838094,0.0,0.0,0.7813057402566774,0.0,0.0986555740656131,0.0,0.0735370197837941,0.0465016658939153,0.0,0.0,8.605601742913464,1.1712897534800657,1.0,0.0,2.10146115301394,0.0,1.5264683821296,1.779643014631824,0.0,0.0,9.599114364038009,1040.9186176418627,49.27650279185157,302.7106577576344,18.99215487266697
22,250.0,27.495844030369227,0.95,0.0,0.02,0.0,0.02,0.01,0.0,0.0,298.86,80.83,0.836512079234424,0.3401687990890663,36.62412832743183,20.193196592719158,1018.7948583851608,64.27731511918469,0.9741730412325946,0.0,0.008327466424003,0.0,0.0127937421656665,0.0047057501777357,0.0,0.0,0.740181069064629,0.0,0.1213161104826369,0.0,0.0825494037053853,0.0559534167473486,0.0,0.0,8.357353130221753,1.190795568705827,1.0,0.0,2.0656976784109182,0.0,1.508184004288015,1.7589306939761853,0.0,0.0,9.599114364038009,1040.9186176418627,49.27650279185157,302.7106577576344,18.99215487266697
22,250.0,29.321480889781743,0.95,0.0,0.02,0.0,0.02,0.01,0.0,0.0,298.86,80.83,0.836512079234424,0.3627549287366293,36.62412832743183,20.193196592719158,1014.718719930856,67.71600041544401,0.969116408523433,0.0,0.0104663512355038,0.0,0.0146403484031462,0.0057768918379169,0.0,0.0,0.7043099662262551,0.0,0.1425294219918373,0.0,0.0888839109204198,0.0642767008614877,0.0,0.0,8.117368632892514,1.2103547570515405,1.0,0.0,2.031379075513238,0.0,1.4907893315362115,1.7391349923890582,0.0,0.0,9.599114364038009,1040.9186176418627,49.27650279185157,302.7106577576344,18.99215487266697
22,250.0,31.147117749194265,0.95,0.0,0.02,0.0,0.02,0.01,0.0,0.0,298.86,80.83,0.836512079234424,0.3853410583841923,36.62412832743183,20.193196592719158,1010.8109315060772,71.2225267027638,0.9641876452162202,0.0,0.0127107000905312,0.0,0.0162533266855692,0.0068483280076793,0.0,0.0,0.6727870932667872,0.0,0.162425891341278,0.0,0.09320638374053,0.0715806316514048,0.0,0.0,7.884835327637788,1.230005650063474,1.0,0.0,1.9983606499714752,0.0,1.4741754908297289,1.720149554310817,0.0,0.0,9.599114364038009,1040.9186176418627,49.27650279185157,302.7106577576344,18.99215487266697
22,250.0,32.972754608606785,0.95,0.0,0.02,0.0,0.02,0.01,0.0,0.0,298.86,80.83,0.836512079234424,0.4079271880317553,36.62412832743183,20.193196592719158,1007.0443249853572,74.79373041310556,0.959368902983379,0.0,0.0150525072893313,0.0,0.0176656463617369,0.0079129433655526,0.0,0.0,0.644904177678717,0.0,0.1811137781731621,0.0,0.0960176025003176,0.077964441647803,0.0,0.0,7.659046503881412,1.2497952903860756,1.0,0.0,1.966518283148653,0.0,1.4582653832258865,1.7018842689038265,0.0,0.0,9.599114364038009,1040.9186176418627,49.27650279185157,302.7106577576344,18.99215487266697
22,250.0,34.798391468019304,0.95,0.0,0.02,0.0,0.02,0.01,0.0,0.0,298.86,80.83,0.836512079234424,0.4305133176793184,36.62412832743183,20.193196592719158,1003.3950876710838,78.42708863986456,0.954644368258978,0.0,0.017484434066237,0.0,0.0189062109884486,0.0089649866863364,0.0,0.0,0.6200995817690147,0.0,0.1986865742249857,0.0,0.0976944101428065,0.0835194338631931,0.0,0.0,7.439390930808956,1.2697467307720494,1.0,0.0,1.935747650385178,0.0,1.4429949112666145,1.6842674540530187,0.0,0.0,9.599114364038009,1040.9186176418627,49.27650279185157,302.7106577576344,18.99215487266697
22,250.0,36.62402832743182,0.95,0.0,0.02,0.0,0.02,0.01,0.0,0.0,298.86,80.83,0.836512079234424,0.4530994473268814,36.62412832743183,20.193196592719158,999.8426814519868,82.12067988172329,0.9500002521489836,0.0,0.0199998601833155,0.0,0.0199999437654736,0.0099999439022272,0.0,0.0,0.5979224689258638,0.0,0.2152270930326518,0.0,0.0985206941076887,0.0883297439337956,0.0,0.0,7.2253502571666655,1.2899210043523377,1.0,0.0,1.9059707975007465,0.0,1.4283088444061274,1.667237784853015,0.0,0.0,9.599114364038009,1040.9186176418627,49.27650279185157,302.7106577576344,18.99215487266697
22,255.0,23.571642478501275,0.95,0.0,0.02,0.0,0.02,0.01,0.0,0.0,298.86,80.83,0.8532423208191126,0.2916199737535726,39.56232537731625,23.571542478501275,1013.5312896145948,60.39252773201581,0.9953074913955456,0.0,0.0012192636340792,0.0,0.0027390969166686,0.0007341480537065,0.0,0.0,0.9499967253633256,0.0,0.0200013573933621,0.0,0.0200012475461459,0.0100006696971663,0.0,0.0,8.225360864294558,1.1887074738748824,1.0,0.0,2.050724561919792,0.0,1.4611971776046992,1.7223318704982489,0.0,0.0,8.432227805456346,1017.7913832278248,57.90987351738985,302.7106577576344,22.13772066860631
22,255.0,25.34837391170294,0.95,0.0,0.02,0.0,0.02,0.01,0.0,0.0,298.86,80.83,0.8532423208191126,0.3136010628690207,39.56232537731625,23.571542478501275,1008.5174389088402,63.54582126026134,0.9896789548608828,0.0,0.0028526011811428,0.0,0.0057804093190972,0.0016880346388771,0.0,0.0,0.8959119705169976,0.0,0.0433743307030873,0.0,0.0393833139678564,0.0213303848120587,0.0,0.0,7.978085741955847,1.208973076008948,1.0,0.0,2.02023365415693,0.0,1.44416206056051,1.702204032983964,0.0,0.0,8.432227805456346,1017.7913832278248,57.90987351738985,302.7106577576344,22.13772066860631
22,255.0,27.1251053449046,0.95,0.0,0.02,0.0,0.02,0.01,0.0,0.0,298.86,80.83,0.8532423208191126,0.3355821519844686,39.56232537731625,23.571542478501275,1003.7728813198744,66.78094867799352,0.9842415611010829,0.0,0.0046165936682645,0.0,0.0084601272895822,0.0026817179410704,0.0,0.0,0.848990409233278,0.0,0.065379694388924,0.0,0.0540416085743971,0.031588287803401,0.0,0.0,7.74010848878901,1.2292617773176815,1.0,0.0,1.9879379573684812,0.0,1.4280131825978215,1.6830298330451132,0.0,0.0,8.432227805456346,1017.7913832278248,57.90987351738985,302.7106577576344,22.13772066860631
22,255.0,28.901836778106265,0.95,0.0,0.02,0.0,0.02,0.01,0.0,0.0,298.86,80.83,0.8532423208191126,0.3575632410999166,39.56232537731625,23.571542478501275,999.2687857912848,70.0939070165713,0.978977181811518,0.0,0.0065043404611104,0.0,0.0108133067946086,0.0037051709327629,0.0,0.0,0.8079481877259281,0.0,0.0861583623902001,0.0,0.0650349667238185,0.0408584831600531,0.0,0.0,7.51062193068825,1.2495812139918383,1.0,0.0,1.9564434856591053,0.0,1.4126676307143782,1.6647193868475336,0.0,0.0,8.432227805456346,1017.7913832278248,57.90987351738985,302.7106577576344,22.13772066860631
22,255.0,30.67856821130793,0.95,0.0,0.02,0.0,0.02,0.01,0.0,0.0,298.86,80.83,0.8532423208191126,0.3795443302153647,39.56232537731625,23.571542478501275,994.9750420807178,73.48076328323873,0.9738665507907892,0.0,0.0085080839765259,0.0,0.01287661313867,0.0047487520940147,0.0,0.0,0.7717889643654752,0.0,0.1058098966172637,0.0,0.0731901807224234,0.0492109582948377,0.0,0.0,7.288856660884161,1.2700066018661695,1.0,0.0,1.9261959522779244,0.0,1.3980479301469546,1.647211161601876,0.0,0.0,8.432227805456346,1017.7913832278248,57.90987351738985,302.7106577576344,22.13772066860631
22,255.0,32.455299644509594,0.95,0.0,0.02,0.0,0.02,0.01,0.0,0.0,298.86,80.83,0.8532423208191126,0.4015254193308127,39.56232537731625,23.571542478501275,990.8622523681604,76.93792154894759,0.9688906244722284,0.0,0.0106198388603287,0.0,0.0146858746392069,0.0058036620282361,0.0,0.0,0.7397286668910186,0.0,0.1244104704169732,0.0,0.0791514709090192,0.0567093917829889,0.0,0.0,7.074086051918677,1.290533486036597,1.0,0.0,1.8970676494708647,0.0,1.384082702015517,1.6304011448211184,0.0,0.0,8.432227805456346,1017.7913832278248,57.90987351738985,302.7106577576344,22.13772066860631
22,255.0,34.232031077711255,0.95,0.0,0.02,0.0,0.02,0.01,0.0,0.0,298.86,80.83,0.8532423208191126,0.4235065084462607,39.56232537731625,23.571542478501275,986.90300871006,80.46227283584122,0.9640314679997716,0.0,0.0128318420943362,0.0,0.0162744941094412,0.0068621957964508,0.0,0.0,0.7111424881899167,0.0,0.1420234662286567,0.0,0.0834192421824396,0.0634148033989871,0.0,0.0,6.865655874578386,1.3112397814965129,1.0,0.0,1.8689510923101864,0.0,1.3707085719654426,1.6142154151761086,0.0,0.0,8.432227805456346,1017.7913832278248,57.90987351738985,302.7106577576344,22.13772066860631
22,255.0,36.00876251091292,0.95,0.0,0.02,0.0,0.02,0.01,0.0,0.0,298.86,80.83,0.8532423208191126,0.4454875975617087,39.56232537731625,23.571542478501275,983.0725711057986,84.05125937138604,0.959272744332873,0.0,0.015136827853592,0.0,0.0176725992606549,0.0079178285528798,0.0,0.0,0.6855268826530228,0.0,0.158705247506482,0.0,0.0863810956879388,0.0693867741525563,0.0,0.0,6.662996233207708,1.3321410267833995,1.0,0.0,1.8417540484454191,0.0,1.3578694185747944,1.598599720931873,0.0,0.0,8.432227805456346,1017.7913832278248,57.90987351738985,302.7106577576344,22.13772066860631
22,255.0,37.785493944114585,0.95,0.0,0.02,0.0,0.02,0.01,0.0,0.0,298.86,80.83,0.8532423208191126,0.4674686866771568,39.56232537731625,23.571542478501275,979.3491162104818,87.70288383322647,0.9545999202589958,0.0,0.0175281568005306,0.0,0.0189067387198969,0.0089651842205767,0.0,0.0,0.662471887103247,0.0,0.1745079850308661,0.0,0.0883366960886754,0.0746834317772113,0.0,0.0,6.465609997267465,1.35330377800869,1.0,0.0,1.8153965147149635,0.0,1.3455170880848968,1.5835070553989448,0.0,0.0,8.432227805456346,1017.7913832278248,57.90987351738985,302.7106577576344,22.13772066860631
22,255.0,39.562225377316246,0.95,0.0,0.02,0.0,0.02,0.01,0.0,0.0,298.86,80.83,0.8532423208191126,0.4894497757926048,39.56232537731625,23.571542478501275,975.7136784546142,91.41567762538531,0.9500002567578136,0.0,0.0199998588804384,0.0,0.0199999421156855,0.0099999422460624,0.0,0.0,0.6416405561155276,0.0,0.1894809163320581,0.0,0.0895175534218403,0.0793609741305739,0.0,0.0,6.273075088517123,1.3747318252811718,1.0,0.0,1.7898102844104853,0.0,1.3336095387187894,1.5688735416990307,0.0,0.0,8.432227805456346,1017.7913832278248,57.90987351738985,302.7106577576344,22.13772066860631
22,260.0,27.36175417725889,0.95,0.0,0.02,0.0,0.02,0.01,0.0,0.0,298.86,80.83,0.869972562403801,0.3385098871366929,42.85555284035556,27.36165417725889,987.8299079882036,71.00958927455332,0.994393054507168,0.0,0.0014885459952442,0.0,0.0032372067825701,0.0008811927150173,0.0,0.0,0.9499972558412508,0.0,0.0200011442863986,0.0,0.0200010361928499,0.0100005636795005,0.0,0.0,7.071935647784522,1.277956295597764,1.0,0.0,1.8775797968965764,0.0,1.3536641933505518,1.6075274715126382,0.0,0.0,7.29608565520892,993.0143761526203,67.92140682303575,302.7106577576344,25.654931900849267
22,260.0,29.083276250936297,0.95,0.0,0.02,0.0,0.02,0.01,0.0,0.0,298.86,80.83,0.869972562403801,0.3598079457000655,42.85555284035556,27.36165417725889,982.864159245204,74.20596942385846,0.9889242705867136,0.0,0.0031172283248695,0.0,0.0061421854479801,0.0018163156404366,0.0,0.0,0.9055980099458504,0.0,0.0392586437383748,0.0,0.0358079916369984,0.0193353546787763,0.0,0.0,6.85413725832572,1.299309760905856,1.0,0.0,1.8527206133965557,0.0,1.3402770380291045,1.590725956621743,0.0,0.0,7.29608565520892,993.0143761526203,67.92140682303575,302.7106577576344,25.654931900849267
22,260.0,30.804798324613703,0.95,0.0,0.02,0.0,0.02,0.01,0.0,0.0,298.86,80.83,0.869972562403801,0.3811060042634381,42.85555284035556,27.36165417725889,978.1397821204536,77.48119899341826,0.983628238147903,0.0,0.0048686927890413,0.0,0.0087136658476346,0.002789403215421,0.0,0.0,0.8662786850480585,0.0,0.0576711063800484,0.0,0.0480986096288233,0.0279515989430696,0.0,0.0,6.644041058335215,1.3207711779602769,1.0,0.0,1.8290159555124692,0.0,1.3275362661295718,1.5746625673194117,0.0,0.0,7.29608565520892,993.0143761526203,67.92140682303575,302.7106577576344,25.654931900849267
22,260.0,32.52632039829111,0.95,0.0,0.02,0.0,0.02,0.01,0.0,0.0,298.86,80.83,0.869972562403801,0.4024040628268107,42.85555284035556,27.36165417725889,973.6306774282948,80.83201294187185,0.9784882785612176,0.0,0.0067365375149975,0.0,0.0109835321593955,0.0037916517643895,0.0,0.0,0.8312551677911809,0.0,0.0752847594460716,0.0,0.0575824379331343,0.0358776348296131,0.0,0.0,6.441015072417886,1.342351222202008,1.0,0.0,1.8063583416497848,0.0,1.3153868482016844,1.5592718385759674,0.0,0.0,7.29608565520892,993.0143761526203,67.92140682303575,302.7106577576344,25.654931900849267
22,260.0,34.24784247196852,0.95,0.0,0.02,0.0,0.02,0.01,0.0,0.0,298.86,80.83,0.869972562403801,0.4237021213901833,42.85555284035556,27.36165417725889,969.3098692132766,84.25526400932331,0.9734869328894528,0.0,0.008713704860659,0.0,0.0129847744384952,0.0048145878113929,0.0,0.0,0.799895371195594,0.0,0.0921305395830772,0.0,0.0648341992479456,0.0431398899733832,0.0,0.0,6.244445237630301,1.3641146689710382,1.0,0.0,1.7846447273334347,0.0,1.3037843015413633,1.5444734742923116,0.0,0.0,7.29608565520892,993.0143761526203,67.92140682303575,302.7106577576344,25.654931900849267
22,260.0,35.969364545645924,0.95,0.0,0.02,0.0,0.02,0.01,0.0,0.0,298.86,80.83,0.869972562403801,0.4450001799535559,42.85555284035556,27.36165417725889,965.1510764697948,87.74812264265782,0.9686070324630536,0.0,0.0107930033675132,0.0,0.0147495296230501,0.0058504345463831,0.0,0.0,0.77168487097738,0.0,0.1082325967718167,0.0,0.0703163685318587,0.0497661637189444,0.0,0.0,6.053759270720057,1.3860748285342346,1.0,0.0,1.763781007284447,0.0,1.29266232504729,1.5302296832625404,0.0,0.0,7.29608565520892,993.0143761526203,67.92140682303575,302.7106577576344,25.654931900849267
22,260.0,37.69088661932334,0.95,0.0,0.02,0.0,0.02,0.01,0.0,0.0,298.86,80.83,0.869972562403801,0.4662982385169286,42.85555284035556,27.36165417725889,961.1297414466987,91.30819319102132,0.9638324114107674,0.0,0.0129674748699597,0.0,0.0163077972108468,0.0068923165084259,0.0,0.0,0.7462013377743368,0.0,0.1236131135063629,0.0,0.074398757147256,0.0557867915720442,0.0,0.0,5.868438852277712,1.4082997027534383,1.0,0.0,1.7436831987472323,0.0,1.2819818009164512,1.516471467185703,0.0,0.0,7.29608565520892,993.0143761526203,67.92140682303575,302.7106577576344,25.654931900849267
22,260.0,39.41240869300074,0.95,0.0,0.02,0.0,0.02,0.01,0.0,0.0,298.86,80.83,0.869972562403801,0.4875962970803011,42.85555284035556,27.36165417725889,957.223573737605,94.93356043361482,0.959148293329128,0.0,0.0152306239985218,0.0,0.0176867459017386,0.0079343367706116,0.0,0.0,0.7230952007412047,0.0,0.1382946660399977,0.0,0.0773755604369778,0.0612345727818196,0.0,0.0,5.688031489401389,1.4308059192420004,1.0,0.0,1.7242772977266894,0.0,1.2717104345913068,1.503151531574726,0.0,0.0,7.29608565520892,993.0143761526203,67.92140682303575,302.7106577576344,25.654931900849267
22,260.0,41.13393076667815,0.95,0.0,0.02,0.0,0.02,0.01,0.0,0.0,298.86,80.83,0.869972562403801,0.5088943556436737,42.85555284035556,27.36165417725889,953.4127662680396,98.6227994838862,0.9545414637821042,0.0,0.0175765245165441,0.0,0.018910452601139,0.0089715591002125,0.0,0.0,0.7020749640495686,0.0,0.1523010102444074,0.0,0.0794799586637082,0.0661440670423156,0.0,0.0,5.512140273520072,1.4536686883106456,1.0,0.0,1.7024972042141655,0.0,1.2617989342964393,1.4902421540302422,0.0,0.0,7.29608565520892,993.0143761526203,67.92140682303575,302.7106577576344,25.654931900849267
22,260.0,42.855452840355554,0.95,0.0,0.02,0.0,0.02,0.01,0.0,0.0,298.86,80.83,0.869972562403801,0.5301924142070463,42.85555284035556,27.36165417725889,949.6799542992628,102.37495000581896,0.9500002617677294,0.0,0.0199998572529782,0.0,0.0199999403202718,0.0099999406590203,0.0,0.0,0.6828958010729796,0.0,0.1656571020938775,0.0,0.080896375593073,0.0705507212400696,0.0,0.0,5.340425433209884,1.4769012604457885,1.0,0.0,1.680554795833898,0.0,1.2522374035732535,1.477688103630272,0.0,0.0,7.29608565520892,993.0143761526203,67.92140682303575,302.7106577576344,25.654931900849267
22,265.0,31.59966816935464,0.95,0.0,0.02,0.0,0.02,0.01,0.0,0.0,298.86,80.83,0.8867028039884896,0.3909398511611361,46.51968656819284,31.59956816935464,959.8854204661392,83.46706615671116,0.9933059772986692,0.0,0.001816688127061,0.0,0.0038164929612707,0.0010608416129991,0.0,0.0,0.9499976977204906,0.0,0.0200009666810207,0.0,0.020000860365219,0.0100004752332696,0.0,0.0,5.952654214978065,1.3850526970827908,1.0,0.0,1.72537368322271,0.0,1.2624823269405587,1.5026783037689264,0.0,0.0,6.19415722930877,966.2255774553212,79.59167899763797,302.7106577576344,29.571779036695137
22,265.0,33.257436880336655,0.95,0.0,0.02,0.0,0.02,0.01,0.0,0.0,298.86,80.83,0.8867028039884896,0.4114491758052289,46.51968656819284,31.59956816935464,954.96240875703,86.72316449688233,0.9880198556748188,0.0,0.0034347000033676,0.0,0.0065689962088832,0.0019764481129301,0.0,0.0,0.9137963818259004,0.0,0.0357739629825764,0.0,0.0327893944971107,0.0176402606944124,0.0,0.0,5.762821915325002,1.408033125886447,1.0,0.0,1.7050951023017695,0.0,1.2520749368505049,1.4887167723566754,0.0,0.0,6.19415722930877,966.2255774553212,79.59167899763797,302.7106577576344,29.571779036695137
22,265.0,34.91520559131868,0.95,0.0,0.02,0.0,0.02,0.01,0.0,0.0,298.86,80.83,0.8867028039884896,0.4319585004493218,46.51968656819284,31.59956816935464,950.250811580046,90.05584334327064,0.9828868556033278,0.0,0.0051672415622065,0.0,0.0090183690097284,0.0029275338247371,0.0,0.0,0.881177101364415,0.0,0.0510407733339845,0.0,0.0429814514836248,0.0248006738179755,0.0,0.0,5.579301285064187,1.431210138310093,1.0,0.0,1.685663182909496,0.0,1.242147522896019,1.4753019572925452,0.0,0.0,6.19415722930877,966.2255774553212,79.59167899763797,302.7106577576344,29.571779036695137
22,265.0,36.5729743023007,0.95,0.0,0.02,0.0,0.02,0.01,0.0,0.0,298.86,80.83,0.8867028039884896,0.4524678250934146,46.51968656819284,31.59956816935464,945.7273976345714,93.46261629882484,0.9778919458771403,0.0,0.0070085522885955,0.0,0.0111930425845749,0.0039064592496892,0.0,0.0,0.8516654648031246,0.0,0.0658020382608906,0.0,0.0510493956843033,0.0314831012516815,0.0,0.0,5.401601296452347,1.4546193837020596,1.0,0.0,1.6670019106311398,0.0,1.232645939098308,1.462399129609018,0.0,0.0,6.19415722930877,966.2255774553212,79.59167899763797,302.7106577576344,29.571779036695137
22,265.0,38.230743013282726,0.95,0.0,0.02,0.0,0.02,0.01,0.0,0.0,298.86,80.83,0.8867028039884896,0.4729771497375074,46.51968656819284,31.59956816935464,941.3683851600252,96.9411570375266,0.9730196053438068,0.0,0.008952389821141,0.0,0.0131221286103065,0.0049058762247458,0.0,0.0,0.8248663342587641,0.0,0.0800543727276694,0.0,0.0573878373080219,0.0376914557055445,0.0,0.0,5.229248311635966,1.4783199902339192,1.0,0.0,1.6490389916424766,0.0,1.223536075317443,1.4499481248121933,0.0,0.0,6.19415722930877,966.2255774553212,79.59167899763797,302.7106577576344,29.571779036695137
22,265.0,39.888511724264745,0.95,0.0,0.02,0.0,0.02,0.01,0.0,0.0,298.86,80.83,0.8867028039884896,0.4934864743816002,46.51968656819284,31.59956816935464,937.150642427276,100.48944237266416,0.9682546378896618,0.0,0.0109924457374063,0.0,0.0148339046857416,0.0059190116871901,0.0,0.0,0.8004485541414721,0.0,0.0937945486381256,0.0,0.06232332782278,0.0434335693976221,0.0,0.0,5.061798422797869,1.502327465746572,1.0,0.0,1.6317073964180784,0.0,1.2147916812103057,1.437916968204304,0.0,0.0,6.19415722930877,966.2255774553212,79.59167899763797,302.7106577576344,29.571779036695137
22,265.0,41.54628043524677,0.95,0.0,0.02,0.0,0.02,0.01,0.0,0.0,298.86,80.83,0.8867028039884896,0.513995799025693,46.51968656819284,31.59956816935464,933.0524838721224,104.10583806728972,0.963582721009582,0.0,0.0131226370294046,0.0,0.0163548133369888,0.0069398286240245,0.0,0.0,0.7781330019305709,0.0,0.1070217188114393,0.0,0.0661238428391847,0.048721436418805,0.0,0.0,4.8988557247099935,1.526711637550448,1.0,0.0,1.6149499211212477,0.0,1.2063740313034077,1.4262579439966685,0.0,0.0,6.19415722930877,966.2255774553212,79.59167899763797,302.7106577576344,29.571779036695137
22,265.0,43.20404914622879,0.95,0.0,0.02,0.0,0.02,0.01,0.0,0.0,298.86,80.83,0.8867028039884896,0.5345051236697859,46.51968656819284,31.59956816935464,929.0540900314992,107.78912904047128,0.9589906991650436,0.0,0.0153372941045829,0.0,0.0177089142723274,0.0079630924580459,0.0,0.0,0.7576830574434407,0.0,0.1197383324017268,0.0,0.0690078239959464,0.0535707861588861,0.0,0.0,4.740064185468701,1.5515173044912232,1.0,0.0,1.5987172871655642,0.0,1.1982560910086215,1.4149411271362,0.0,0.0,6.19415722930877,966.2255774553212,79.59167899763797,302.7106577576344,29.571779036695137
22,265.0,44.86181785721081,0.95,0.0,0.02,0.0,0.02,0.01,0.0,0.0,298.86,80.83,0.8867028039884896,0.5550144483138786,46.51968656819284,31.59956816935464,925.1376950248376,111.53853182667535,0.9544667283278724,0.0,0.0176312457895763,0.0,0.0189176646214976,0.0089843612610535,0.0,0.0,0.7388971162687689,0.0,0.131950136199374,0.0,0.0711524549501782,0.0580002925816787,0.0,0.0,4.58511485617549,1.576773659627242,1.0,0.0,1.582957753647781,0.0,1.1904150642921505,1.4039335158797497,0.0,0.0,6.19415722930877,966.2255774553212,79.59167899763797,302.7106577576344,29.571779036695137
22,265.0,46.51958656819284,0.95,0.0,0.02,0.0,0.02,0.01,0.0,0.0,298.86,80.83,0.8867028039884896,0.5755237729579715,46.51968656819284,31.59956816935464,921.2875581181326,115.35367317024618,0.9500002675025612,0.0,0.0199998551607838,0.0,0.0199999382758101,0.0099999390608449,0.0,0.0,0.721602479695258,0.0,0.1436657984818467,0.0,0.0727009979012018,0.0620307239216933,0.0,0.0,4.4337414131598765,1.6025557229063048,1.0,0.0,1.5676304029253796,0.0,1.182830600668012,1.3932067119639142,0.0,0.0,6.19415722930877,966.2255774553212,79.59167899763797,302.7106577576344,29.571779036695137
22,270.0,36.32596706936213,0.95,0.0,0.02,0.0,0.02,0.01,0.0,0.0,298.86,80.83,0.903433045573178,0.4494119394947684,50.56891987367854,36.325867069362126,929.1094154922946,98.23029796269876,0.9919995383291476,0.0,0.0022223185028273,0.0,0.0044947723424104,0.0012833708256146,0.0,0.0,0.949998069314553,0.0,0.0200008172259104,0.0,0.0200007127630108,0.0100004006965258,0.0,0.0,4.872241809710059,1.517216108281879,1.0,0.0,1.5904707178080444,0.0,1.1857158141423934,1.4067553369540415,0.0,0.0,5.130843724598608,936.9320241360858,93.30322734807504,302.7106577576344,33.91794976874195
22,270.0,37.90850626984173,0.95,0.0,0.02,0.0,0.02,0.01,0.0,0.0,298.86,80.83,0.903433045573178,0.4689905514022235,50.56891987367854,36.325867069362126,924.2211104611732,101.56572931678568,0.98692559311566,0.0,0.0038221886208699,0.0,0.007075100996108,0.0021771172673619,0.0,0.0,0.9207909922846425,0.0,0.032797027143491,0.0,0.0302238973803995,0.0161880831914668,0.0,0.0,4.709249273988836,1.5425590221787029,1.0,0.0,1.5739543139335987,0.0,1.1777766102502405,1.395213093305043,0.0,0.0,5.130843724598608,936.9320241360858,93.30322734807504,302.7106577576344,33.91794976874195
22,270.0,39.49104547032133,0.95,0.0,0.02,0.0,0.02,0.01,0.0,0.0,298.86,80.83,0.903433045573178,0.4885691633096787,50.56891987367854,36.325867069362126,919.5115975746578,104.97643238358825,0.9819835567390576,0.0,0.005527787163591,0.0,0.0093853983816674,0.0031032577156839,0.0,0.0,0.8940848791452258,0.0,0.0453009862657214,0.0,0.0385569334003919,0.0220572011886607,0.0,0.0,4.551346801092625,1.5682360233656347,1.0,0.0,1.558047191868844,0.0,1.170176401814606,1.384078134891494,0.0,0.0,5.130843724598608,936.9320241360858,93.30322734807504,302.7106577576344,33.91794976874195
22,270.0,41.07358467080093,0.95,0.0,0.02,0.0,0.02,0.01,0.0,0.0,298.86,80.83,0.903433045573178,0.508147775217134,50.56891987367854,36.325867069362126,914.960640257814,108.46076937604944,0.977160237196706,0.0,0.0073341381986635,0.0,0.0114503285444849,0.0040552960601454,0.0,0.0,0.8695972288608342,0.0,0.0574949003691567,0.0,0.0453096934453945,0.0275981773246144,0.0,0.0,4.398167198382722,1.5943004775839569,1.0,0.0,1.542701933952625,0.0,1.1628852679643666,1.3733237193482872,0.0,0.0,5.130843724598608,936.9320241360858,93.30322734807504,302.7106577576344,33.91794976874195
22,270.0,42.65612387128053,0.95,0.0,0.02,0.0,0.02,0.01,0.0,0.0,298.86,80.83,0.903433045573178,0.527726387124589,50.56891987367854,36.325867069362126,910.5477034699348,112.01730178080992,0.9724421807832776,0.0,0.009235931355318,0.0,0.013294892963731,0.0050269948976733,0.0,0.0,0.8470860008128649,0.0,0.0693612168285581,0.0,0.0507478754735999,0.0328049068849769,0.0,0.0,4.249353092613385,1.6207927634714898,1.0,0.0,1.5278695829472084,0.0,1.15587682667535,1.3629068489084928,0.0,0.0,5.130843724598608,936.9320241360858,93.30322734807504,302.7106577576344,33.91794976874195
22,270.0,44.23866307176013,0.95,0.0,0.02,0.0,0.02,0.01,0.0,0.0,298.86,80.83,0.903433045573178,0.5473049990320442,50.56891987367854,36.325867069362126,906.252821518378,115.64488379919854,0.9678162570378834,0.0,0.0112278385761712,0.0,0.0149433184802534,0.0060125859056917,0.0,0.0,0.8263430756102582,0.0,0.0808847582078813,0.0,0.055096804172768,0.0376753620090922,0.0,0.0,4.104577375008507,1.647757668130064,1.0,0.0,1.5134977360400488,0.0,1.1491293405877148,1.3527975366823597,0.0,0.0,5.130843724598608,936.9320241360858,93.30322734807504,302.7106577576344,33.91794976874195
22,270.0,45.82120227223973,0.95,0.0,0.02,0.0,0.02,0.01,0.0,0.0,298.86,80.83,0.903433045573178,0.5668836109394993,50.56891987367854,36.325867069362126,902.057170883934,119.34271694562904,0.9632700478982544,0.0,0.0133047416861983,0.0,0.0164183171048181,0.007006893310729,0.0,0.0,0.8071888728316221,0.0,0.0920538006952667,0.0,0.0585457667781214,0.0422115596949896,0.0,0.0,3.96354011236508,1.6752542302129805,1.0,0.0,1.4995458555839445,0.0,1.1426261470709975,1.342976649076972,0.0,0.0,5.130843724598608,936.9320241360858,93.30322734807504,302.7106577576344,33.91794976874195
22,270.0,47.40374147271933,0.95,0.0,0.02,0.0,0.02,0.01,0.0,0.0,298.86,80.83,0.903433045573178,0.5864622228469545,50.56891987367854,36.325867069362126,897.9434153907889,123.11038359054218,0.9587920888117148,0.0,0.0154618679636394,0.0,0.0177406613883608,0.0080053818362849,0.0,0.0,0.7894679468484915,0.0,0.102860361044,0.0,0.0612525707892814,0.0464191213182269,0.0,0.0,3.825975746186745,1.7033465239869807,1.0,0.0,1.4859768591910123,0.0,1.1363424190201017,1.3334107832167936,0.0,0.0,5.130843724598608,936.9320241360858,93.30322734807504,302.7106577576344,33.91794976874195
22,270.0,48.98628067319893,0.95,0.0,0.02,0.0,0.02,0.01,0.0,0.0,298.86,80.83,0.903433045573178,0.6060408347544097,50.56891987367854,36.325867069362126,893.8958277492491,126.94784630638632,0.9543719563112654,0.0,0.0176948697482395,0.0,0.018929015818279,0.0090041581222161,0.0,0.0,0.7730452426657839,0.0,0.1133000550058037,0.0,0.063348042041704,0.0503066602867082,0.0,0.0,3.691650827636564,1.732087447688089,1.0,0.0,1.4727633365405437,0.0,1.1302689768473986,1.3240776249610051,0.0,0.0,5.130843724598608,936.9320241360858,93.30322734807504,302.7106577576344,33.91794976874195
22,270.0,50.568819873678535,0.95,0.0,0.02,0.0,0.02,0.01,0.0,0.0,298.86,80.83,0.903433045573178,0.6256194466618649,50.56891987367854,36.325867069362126,889.9002879800981,130.85543894559666,0.950000274410651,0.0,0.0199998524103425,0.0,0.0199999358362848,0.0099999373427216,0.0,0.0,0.7578030063272697,0.0,0.1233716743914738,0.0,0.0649402132040176,0.0538851060772387,0.0,0.0,3.5603627620920446,1.761532358756776,1.0,0.0,1.4598729339871084,0.0,1.1243873986558512,1.3149591071707487,0.0,0.0,5.130843724598608,936.9320241360858,93.30322734807504,302.7106577576344,33.91794976874195
22,275.0,41.58799139438639,0.95,0.0,0.02,0.0,0.02,0.01,0.0,0.0,298.86,80.83,0.9201632871578664,0.5145118321710552,55.01373822255284,41.58789139438639,894.6380761094622,115.9869852104145,0.9904024405538252,0.0,0.0027347002096866,0.0,0.0052983814062356,0.0015644778302525,0.0,0.0,0.949998385280972,0.0,0.0200006900228727,0.0,0.0200005875631016,0.0100003371330536,0.0,0.0,3.8369339826127327,1.6864942351089292,1.0,0.0,1.469786330021414,0.0,1.1219512791820514,1.318814445310673,0.0,0.0,4.11187312491467,904.4335281070778,109.60126774294156,302.7106577576344,38.72523437118672
22,275.0,43.07972993084933,0.95,0.0,0.02,0.0,0.02,0.01,0.0,0.0,298.86,80.83,0.9201632871578664,0.5329670905709432,55.01373822255284,41.58789139438639,889.7721472952439,119.426047994028,0.9855796155591978,0.0,0.0043065087677828,0.0,0.0076820717989719,0.0024318038740473,0.0,0.0,0.926817444078066,0.0,0.0302253841808924,0.0,0.0280259737176637,0.0149311980233778,0.0,0.0,3.700033497237325,1.7153431936455723,1.0,0.0,1.4563988031007211,0.0,1.116074208435979,1.3093672464026151,0.0,0.0,4.11187312491467,904.4335281070778,109.60126774294156,302.7106577576344,38.72523437118672
22,275.0,44.57146846731227,0.95,0.0,0.02,0.0,0.02,0.01,0.0,0.0,298.86,80.83,0.9201632871578664,0.5514223489708311,55.01373822255284,41.58789139438639,885.0488798797282,122.94048888267751,0.9808655731332312,0.0,0.0059744823593817,0.0,0.0098320466758431,0.0033278978315439,0.0,0.0,0.905353948181708,0.0,0.0402874569883569,0.0,0.0347076151489806,0.0196509796809544,0.0,0.0,3.567148080555454,1.7447315023961176,1.0,0.0,1.4434412259431306,0.0,1.1104327114196797,1.3002131153510843,0.0,0.0,4.11187312491467,904.4335281070778,109.60126774294156,302.7106577576344,38.72523437118672
22,275.0,46.0632070037752,0.95,0.0,0.02,0.0,0.02,0.01,0.0,0.0,298.86,80.83,0.9201632871578664,0.5698776073707189,55.01373822255284,41.58789139438639,880.4511146212402,126.5296321452126,0.9762491332099468,0.0,0.0077345717846163,0.0,0.0117688739329744,0.0042474210724626,0.0,0.0,0.8854441532540315,0.0,0.0501650000330658,0.0,0.0402432327452358,0.0241476139676668,0.0,0.0,3.438015628585218,1.7747122827618051,1.0,0.0,1.4308745284304678,0.0,1.1050100354616077,1.2913283956722057,0.0,0.0,4.11187312491467,904.4335281070778,109.60126774294156,302.7106577576344,38.72523437118672
22,275.0,47.554945540238144,0.95,0.0,0.02,0.0,0.02,0.01,0.0,0.0,298.86,80.83,0.9201632871578664,0.5883328657706067,55.01373822255284,41.58789139438639,875.9615625980781,130.19303974288272,0.971719015435345,0.0,0.0095825175412698,0.0,0.0135132063562666,0.0051852606671183,0.0,0.0,0.8669443117005139,0.0,0.0598374953290743,0.0,0.0448061479831277,0.028412044987284,0.0,0.0,3.312382449547735,1.8053503765147283,1.0,0.0,1.4186690816030831,0.0,1.099790360399958,1.2826914992735072,0.0,0.0,4.11187312491467,904.4335281070778,109.60126774294156,302.7106577576344,38.72523437118672
22,275.0,49.04668407670109,0.95,0.0,0.02,0.0,0.02,0.01,0.0,0.0,298.86,80.83,0.9201632871578664,0.6067881241704947,55.01373822255284,41.58789139438639,871.5633819850832,133.93056369937707,0.9672642237102008,0.0,0.011514077323941,0.0,0.0150850228900236,0.0061366760758344,0.0,0.0,0.849728015691031,0.0,0.0692869137763858,0.0,0.0485465779361564,0.0324384925964267,0.0,0.0,3.1900157011562422,1.8367037236625567,1.0,0.0,1.4067962536357903,0.0,1.094758691359318,1.2742797194315474,0.0,0.0,4.11187312491467,904.4335281070778,109.60126774294156,302.7106577576344,38.72523437118672
22,275.0,50.53842261316402,0.95,0.0,0.02,0.0,0.02,0.01,0.0,0.0,298.86,80.83,0.9201632871578664,0.6252433825703826,55.01373822255284,41.58789139438639,867.240559184287,137.74237806752512,0.9628743015351474,0.0,0.0135251936050649,0.0,0.0165031167949583,0.0070973880648293,0.0,0.0,0.8336839132405035,0.0,0.0784982525326247,0.0,0.0515934630826397,0.0362243711442319,0.0,0.0,3.0707014268193737,1.868835209992194,1.0,0.0,1.3952223445459475,0.0,1.0899050440251048,1.266075368650592,0.0,0.0,4.11187312491467,904.4335281070778,109.60126774294156,302.7106577576344,38.72523437118672
22,275.0,52.03016114962696,0.95,0.0,0.02,0.0,0.02,0.01,0.0,0.0,298.86,80.83,0.9201632871578664,0.6436986409702705,55.01373822255284,41.58789139438639,862.9781747922381,141.6290145699677,0.9585395140805144,0.0,0.0156120876712294,0.0,0.0177847866013662,0.0080636116468899,0.0,0.0,0.8187138202946845,0.0,0.0874596049722118,0.0,0.0540566104343418,0.0397699642987617,0.0,0.0,2.954250364065652,1.9018303888050283,1.0,0.0,1.3839253863947525,0.0,1.0852144550572762,1.2580599500950458,0.0,0.0,4.11187312491467,904.4335281070778,109.60126774294156,302.7106577576344,38.72523437118672
22,275.0,53.521899686089895,0.95,0.0,0.02,0.0,0.02,0.01,0.0,0.0,298.86,80.83,0.9201632871578664,0.6621538993701583,55.01373822255284,41.58789139438639,858.7624794493302,145.59135865938,0.9542509006048931,0.0,0.0177713266110614,0.0,0.0189457104160918,0.0090320623679535,0.0,0.0,0.8047309529113386,0.0,0.0961620394300181,0.0,0.0560289871359364,0.0430780205227069,0.0,0.0,2.840495375370966,1.9357595009633897,1.0,0.0,1.37288384934346,0.0,1.0806805073256935,1.250216935381563,0.0,0.0,4.11187312491467,904.4335281070778,109.60126774294156,302.7106577576344,38.72523437118672
22,275.0,55.01363822255284,0.95,0.0,0.02,0.0,0.02,0.01,0.0,0.0,298.86,80.83,0.9201632871578664,0.6806091577700463,55.01373822255284,41.58789139438639,854.5809014610749,149.63064975178392,0.950000283170752,0.0,0.0199998487065157,0.0,0.0199999327776246,0.0099999353451074,0.0,0.0,0.7916584495917306,0.0,0.104599291003898,0.0,0.0575889637250123,0.046153295679359,0.0,0.0,2.72929047740176,1.9707002288944035,1.0,0.0,1.3620733354919956,0.0,1.076292219327082,1.2425339424248614,0.0,0.0,4.11187312491467,904.4335281070778,109.60126774294156,302.7106577576344,38.72523437118672
22,280.0,47.4440104100029,0.95,0.0,0.02,0.0,0.02,0.01,0.0,0.0,298.86,80.83,0.936893528742555,0.5869604158109972,59.85678437331856,47.4439104100029,855.1141321140694,137.82854863172955,0.9883969318936292,0.0,0.0034034948983777,0.0,0.0062695399326679,0.0019300332753251,0.0,0.0,0.9499986578332568,0.0,0.0200005801316954,0.0,0.0200004799489428,0.0100002820861048,0.0,0.0,2.855319851015552,1.914917991024879,1.0,0.0,1.3606241780366146,0.0,1.0703360519989025,1.2380235132995057,0.0,0.0,3.144965486757293,867.6798743518019,129.30886906724652,302.7106577576344,44.02808165538378
22,280.0,48.82319640592687,0.95,0.0,0.02,0.0,0.02,0.01,0.0,0.0,298.86,80.83,0.936893528742555,0.6040232142264861,59.85678437331856,47.4439104100029,850.2515193339933,141.402967718713,0.9838790012117696,0.0,0.0049329061023869,0.0,0.0084251282438663,0.002762964441977,0.0,0.0,0.9320765506508736,0.0,0.0279711409620476,0.0,0.0261236051897428,0.0138287031973359,0.0,0.0,2.744174476261304,1.9491865678409988,1.0,0.0,1.3498716768343808,0.0,1.066222396252607,1.2304141035096972,0.0,0.0,3.144965486757293,867.6798743518019,129.30886906724652,302.7106577576344,44.02808165538378
22,280.0,50.20238240185083,0.95,0.0,0.02,0.0,0.02,0.01,0.0,0.0,298.86,80.83,0.936893528742555,0.6210860126419748,59.85678437331856,47.4439104100029,845.490621862338,145.05514462278364,0.9794444815880412,0.0,0.0065478697826324,0.0,0.0103870740679273,0.0036205745613989,0.0,0.0,0.9153012798246888,0.0,0.0358526038496757,0.0,0.0313283103995437,0.0175178059260918,0.0,0.0,2.6360990645697706,1.9843283552817252,1.0,0.0,1.339408672926475,0.0,1.0622705079020869,1.2230069113635662,0.0,0.0,3.144965486757293,867.6798743518019,129.30886906724652,302.7106577576344,44.02808165538378
22,280.0,51.58156839777479,0.95,0.0,0.02,0.0,0.02,0.01,0.0,0.0,298.86,80.83,0.936893528742555,0.6381488110574637,59.85678437331856,47.4439104100029,840.8173329961134,148.78556515477425,0.975084337610774,0.0,0.0082454017476569,0.0,0.012171534609108,0.0044987260324608,0.0,0.0,0.8995824271640758,0.0,0.0436258306972389,0.0,0.0357346081911,0.0210571339475851,0.0,0.0,2.5309233490895786,2.020904051330805,1.0000000000561933,0.0,1.3293582965070374,0.0,1.0585143212195454,1.215892975019793,0.0,0.0,3.144965486757293,867.6798743518019,129.30886906724652,302.7106577576344,44.02808165538378
22,280.0,52.96075439369875,0.95,0.0,0.02,0.0,0.02,0.01,0.0,0.0,298.86,80.83,0.936893528742555,0.6552116094729525,59.85678437331856,47.4439104100029,836.2174904653166,152.59499429470026,0.9707895237620966,0.0,0.0100224108155661,0.0,0.0137945967366824,0.0053934686856547,0.0,0.0,0.8848389318728677,0.0,0.0512729803737391,0.0,0.0394497338863805,0.0244383538670126,0.0,0.0,2.4284695574713653,2.0575041251526254,1.0,0.0,1.3192526381971943,0.0,1.054819093751537,1.2087332704824003,0.0,0.0,3.144965486757293,867.6798743518019,129.30886906724652,302.7106577576344,44.02808165538378
22,280.0,54.339940389622704,0.95,0.0,0.02,0.0,0.02,0.01,0.0,0.0,298.86,80.83,0.936893528742555,0.6722744078884413,59.85678437331856,47.4439104100029,831.6771730410887,156.48449017677115,0.9665511817691752,0.0,0.0118758595409102,0.0,0.0152718206676435,0.006301138022271,0.0,0.0,0.8709980640510063,0.0,0.0587780663121569,0.0,0.0425684984902922,0.0276553711465445,0.0,0.0,2.328597011911297,2.0957087993453043,1.0,0.0,1.3095179945560496,0.0,1.0513028747783566,1.201838090081055,0.0,0.0,3.144965486757293,867.6798743518019,129.30886906724652,302.7106577576344,44.02808165538378
22,280.0,55.719126385546666,0.95,0.0,0.02,0.0,0.02,0.01,0.0,0.0,298.86,80.83,0.936893528742555,0.68933720630393,59.85678437331856,47.4439104100029,827.1830053007112,160.45545951817658,0.9623608408717288,0.0,0.0138028553423454,0.0,0.016617900739401,0.0072184030465246,0.0,0.0,0.8579946717625127,0.0,0.0661271473582968,0.0,0.0451739469694872,0.0307042339097032,0.0,0.0,2.231160841854024,2.1351266790020027,1.0,0.0,1.299992632193133,0.0,1.0479162230713537,1.1950884376458015,0.0,0.0,3.144965486757293,867.6798743518019,129.30886906724652,302.7106577576344,44.02808165538378
22,280.0,57.09831238147063,0.95,0.0,0.02,0.0,0.02,0.01,0.0,0.0,298.86,80.83,0.936893528742555,0.7064000047194189,59.85678437331856,47.4439104100029,822.7222690651017,164.5096631769513,0.9582104931336324,0.0,0.0158007321365571,0.0,0.0178464779691334,0.0081422967606769,0.0,0.0,0.8457703406255141,0.0,0.0733084008359964,0.0,0.0473382930938969,0.0335829654445927,0.0,0.0,2.1360503624369978,2.176858589840285,1.000000000007984,0.0,1.2908949031575825,0.0,1.044719724160044,1.1886454504932953,0.0,0.0,3.144965486757293,867.6798743518019,129.30886906724652,302.7106577576344,44.02808165538378
22,280.0,58.47749837739459,0.95,0.0,0.02,0.0,0.02,0.01,0.0,0.0,298.86,80.83,0.936893528742555,0.7234628031349077,59.85678437331856,47.4439104100029,818.2829715024444,168.64923260408565,0.9540926399677152,0.0,0.0178670946204831,0.0,0.0189700451277566,0.0090702202840449,0.0,0.0,0.8342726851195147,0.0,0.0803120270565661,0.0,0.0491239671099969,0.0362913207139224,0.0,0.0,2.043131724933747,2.219198743024126,1.0000000000975813,0.0,1.2817604689796371,0.0,1.0415837090526827,1.182172314888177,0.0,0.0,3.144965486757293,867.6798743518019,129.30886906724652,302.7106577576344,44.02808165538378
22,280.0,59.85668437331855,0.95,0.0,0.02,0.0,0.02,0.01,0.0,0.0,298.86,80.83,0.936893528742555,0.7405256015503965,59.85678437331856,47.4439104100029,813.8538455460659,172.87668055910183,0.9500002949140384,0.0,0.0199998435532463,0.0,0.0199999287222924,0.0099999328104226,0.0,0.0,0.8234546979913012,0.0,0.0871300755642515,0.0,0.0505847055232778,0.0388305209211693,0.0,0.0,1.9523082903246671,2.2616751049627206,1.0,0.0,1.272479366130983,0.0,1.038482168318466,1.1755896056150534,0.0,0.0,3.144965486757293,867.6798743518019,129.30886906724652,302.7106577576344,44.02808165538378
22,285.0,53.972277493794486,0.95,0.0,0.02,0.0,0.02,0.01,0.0,0.0,298.86,80.83,0.9536237703272434,0.6677258133588332,65.08321889742263,53.97217749379448,808.1869047480126,165.67395006791696,0.9857656907891076,0.0,0.0043227494567135,0.0,0.0074839461153882,0.0024276136387906,0.0,0.0,0.949998898129546,0.0,0.0200004829851959,0.0,0.0200003855949562,0.0100002332903017,0.0,0.0,1.939994586314837,2.2483028656661106,1.0,0.0,1.2604375227920042,0.0,1.0308978359880243,1.163643760255144,0.0,0.0,2.2410522625838034,824.9746819221486,153.77005765610247,302.7106577576344,49.86436423924916
22,285.0,55.20681542753095,0.95,0.0,0.02,0.0,0.02,0.01,0.0,0.0,298.86,80.83,0.9536237703272434,0.6829990774159465,65.08321889742263,53.97217749379448,803.2983843428796,169.4274712384658,0.9816327558640802,0.0,0.0057866315393999,0.0,0.009368390811236,0.0032122217852837,0.0,0.0,0.9367503114844168,0.0,0.025953408096005,0.0,0.0244531532685867,0.0128431271509915,0.0,0.0,1.8547710012260905,2.293347669048265,1.0000000000232083,0.0,1.252290948875293,0.0,1.0284327953887178,1.1579284157039351,0.0,0.0,2.2410522625838034,824.9746819221486,153.77005765610247,302.7106577576344,49.86436423924916
22,285.0,56.4413533612674,0.95,0.0,0.02,0.0,0.02,0.01,0.0,0.0,298.86,80.83,0.9536237703272434,0.6982723414730596,65.08321889742263,53.97217749379448,798.4634795995775,173.2651710368843,0.9775552999060496,0.0,0.0073239732283789,0.0,0.0111036558114836,0.0040170710540874,0.0,0.0,0.9242305177792072,0.0,0.0318545124761956,0.0,0.0283197854560708,0.0155951842885262,0.0,0.0,1.7717825553819635,2.3363970390864788,1.0,0.0,1.243663020207731,0.0,1.0259290367918952,1.1518690510741063,0.0,0.0,2.2410522625838034,824.9746819221486,153.77005765610247,302.7106577576344,49.86436423924916
22,285.0,57.675891295003865,0.95,0.0,0.02,0.0,0.02,0.01,0.0,0.0,298.86,80.83,0.9536237703272434,0.7135456055301728,65.08321889742263,53.97217749379448,793.6708341600043,177.18907600294483,0.9735264685031916,0.0,0.0089329898689793,0.0,0.0127012507825242,0.0048392908453049,0.0,0.0,0.9123940861222436,0.0,0.0376900765967048,0.0,0.0316666950864513,0.0182491421946002,0.0,0.0,1.6909376439181774,2.382715584430938,1.0,0.0,1.2355214055092705,0.0,1.0236124485591245,1.1461601514000814,0.0,0.0,2.2410522625838034,824.9746819221486,153.77005765610247,302.7106577576344,49.86436423924916
22,285.0,58.91042922874033,0.95,0.0,0.02,0.0,0.02,0.01,0.0,0.0,298.86,80.83,0.9536237703272434,0.728818869587286,65.08321889742263,53.97217749379448,788.9089569458081,181.20155344338332,0.9695393935164016,0.0,0.010611885348076,0.0,0.014172563797374,0.0056761573381482,0.0,0.0,0.9011995520157224,0.0,0.0434472068110546,0.0,0.0345542642891772,0.0207989768840457,0.0,0.0,1.612156866573846,2.433666900029678,1.0000000000063272,0.0,1.2279979225319353,0.0,1.021505358978281,1.1408945373045385,0.0,0.0,2.2410522625838034,824.9746819221486,153.77005765610247,302.7106577576344,49.86436423924916
22,285.0,60.14496716247678,0.95,0.0,0.02,0.0,0.02,0.01,0.0,0.0,298.86,80.83,0.9536237703272434,0.7440921336443992,65.08321889742263,53.97217749379448,784.1663876589295,185.30534502361488,0.9655873040417232,0.0,0.0123589355030997,0.0,0.0155286178277514,0.0065251426274255,0.0,0.0,0.8906091462818942,0.0,0.0491140368194066,0.0,0.0370368912929988,0.0232399256057003,0.0,0.0,1.5353210897746723,2.484087255568781,1.000000000078317,0.0,1.2202012469032146,0.0,1.0194109455826843,1.135436834356427,0.0,0.0,2.2410522625838034,824.9746819221486,153.77005765610247,302.7106577576344,49.86436423924916
22,285.0,61.37950509621325,0.95,0.0,0.02,0.0,0.02,0.01,0.0,0.0,298.86,80.83,0.9536237703272434,0.7593653977015123,65.08321889742263,53.97217749379448,779.431838366707,189.5036159108243,0.9616636177087968,0.0,0.0141725454882308,0.0,0.0167798938368858,0.0073839429660865,0.0,0.0,0.8805885649851193,0.0,0.0546798043492774,0.0,0.0391631957821662,0.0255684348834371,0.0,0.0,1.4603399092898084,2.532376240019649,1.0,0.0,1.2119464963497557,0.0,1.0172984473803306,1.1296583861578473,0.0,0.0,2.2410522625838034,824.9746819221486,153.77005765610247,302.7106577576344,49.86436423924916
22,285.0,62.6140430299497,0.95,0.0,0.02,0.0,0.02,0.01,0.0,0.0,298.86,80.83,0.9536237703272434,0.7746386617586255,65.08321889742263,53.97217749379448,774.6941679904913,193.799943688976,0.9577619408803368,0.0,0.0160513182180223,0.0,0.0179362358324317,0.0082505050692089,0.0,0.0,0.8711066163801181,0.0,0.06013491875564,0.0,0.0409763692719418,0.0277820955923002,0.0,0.0,1.3872305031972776,2.591429803395957,1.0000000000005935,0.0,1.2049917383654387,0.0,1.0155290495954288,1.1248073447943356,0.0,0.0,2.2410522625838034,824.9746819221486,153.77005765610247,302.7106577576344,49.86436423924916
22,285.0,63.84858096368616,0.95,0.0,0.02,0.0,0.02,0.01,0.0,0.0,298.86,80.83,0.9536237703272434,0.7899119258157388,65.08321889742263,53.97217749379448,769.9425134702,198.1984103903861,0.9538761435152492,0.0,0.0179940621598277,0.0,0.019006774526192,0.0091230197987311,0.0,0.0,0.8621350981435496,0.0,0.0654708477030037,0.0,0.0425145582030542,0.0298794959503924,0.0,0.0,1.315842745375713,2.64876499034128,1.0000000000004954,0.0,1.1975611655496707,0.0,1.0137387946631646,1.119623114669448,0.0,0.0,2.2410522625838034,824.9746819221486,153.77005765610247,302.7106577576344,49.86436423924916
22,285.0,65.08311889742262,0.95,0.0,0.02,0.0,0.02,0.01,0.0,0.0,298.86,80.83,0.9536237703272434,0.8051851898728519,65.08321889742263,53.97217749379448,765.1661863732,202.703598084172,0.9500003117435898,0.0,0.0199998360255197,0.0,0.0199999229588891,0.0099999292720014,0.0,0.0,0.8536484750008406,0.0,0.0706800837620305,0.0,0.0438113268776754,0.0318601143594533,0.0,0.0,1.2461562885475383,2.7088601383274664,1.0000000000003648,0.0,1.1902339906071029,0.0,1.012047964715585,1.1145180388144635,0.0,0.0,2.2410522625838034,824.9746819221486,153.77005765610247,302.7106577576344,49.86436423924916
22,290.0,61.29561543313796,0.95,0.0,0.02,0.0,0.02,0.01,0.0,0.0,298.86,80.83,0.970354011911932,0.7583275446385991,70.6334499011071,61.29551543313796,749.1011276469411,203.49709002679663,0.9820311032761312,0.0,0.0057044548691171,0.0,0.0091030179542866,0.003161423900465,0.0,0.0,0.9499991191921868,0.0,0.0200003931062797,0.0,0.0200002996508376,0.0100001880506958,0.0,0.0,1.11137359822145,2.812544964087607,1.0000000003014993,0.0,1.167391827406705,0.0,1.005674946187353,1.0957167841227975,0.0,0.0,1.416798301305132,773.2637021553837,185.44864903964933,302.7106577576344,56.27641671412855
22,290.0,62.33314148513453,0.95,0.0,0.02,0.0,0.02,0.01,0.0,0.0,298.86,80.83,0.970354011911932,0.7711634477933259,70.6334499011071,61.29551543313796,744.1450844300994,207.4926025676546,0.97841916623625,0.0,0.007059021981741,0.0,0.0106504875134626,0.0038713242685463,0.0,0.0,0.9410302037525023,0.0,0.024084494777298,0.0,0.0229509388600817,0.0119343626101177,0.0,0.0,1.052958164979218,2.8747023801281446,1.0000000001342528,0.0,1.1610701686541784,0.0,1.0046702462523038,1.0914091594526625,0.0,0.0,1.416798301305132,773.2637021553837,185.44864903964933,302.7106577576344,56.27641671412855
22,290.0,63.37066753713111,0.95,0.0,0.02,0.0,0.02,0.01,0.0,0.0,298.86,80.83,0.970354011911932,0.7839993509480527,70.6334499011071,61.29551543313796,739.1823602695384,211.587002168255,0.974832017827482,0.0,0.0084727166017201,0.0,0.0120984126478295,0.0045968529229684,0.0,0.0,0.9324811527885866,0.0,0.0281324328139629,0.0,0.0255745248941112,0.0138118895033392,0.0,0.0,0.9960580747185622,2.9398160506121203,1.0000000000005704,0.0,1.1548427811042572,0.0,1.0037578728520569,1.0871768818557497,0.0,0.0,1.416798301305132,773.2637021553837,185.44864903964933,302.7106577576344,56.27641671412855
22,290.0,64.40819358912768,0.95,0.0,0.02,0.0,0.02,0.01,0.0,0.0,298.86,80.83,0.970354011911932,0.7968352541027797,70.6334499011071,61.29551543313796,734.2032745672986,215.7847732476156,0.9712648129825096,0.0,0.0099450808529603,0.0,0.0134536261981747,0.0053364799663553,0.0,0.0,0.9243336977313028,0.0,0.032136132790234,0.0,0.0279013725114688,0.0156287969669942,0.0,0.0,0.9406240335770752,3.008174122728923,1.0000000000005176,0.0,1.148703550409688,0.0,1.002938915409525,1.0830160477733546,0.0,0.0,1.416798301305132,773.2637021553837,185.44864903964933,302.7106577576344,56.27641671412855
22,290.0,65.44571964112424,0.95,0.0,0.02,0.0,0.02,0.01,0.0,0.0,298.86,80.83,0.970354011911932,0.8096711572575064,70.6334499011071,61.29551543313796,729.197717310913,220.09091527342187,0.9677126094431406,0.0,0.0114757345519407,0.0,0.0147228748635865,0.006088781141332,0.0,0.0,0.9165709846260396,0.0,0.0360878498241399,0.0,0.0299595205258586,0.0173816450239616,0.0,0.0,0.8866386402964241,3.0800949458164557,1.0000000000006577,0.0,1.1426464714691875,0.0,1.0022145300265768,1.0789242584088183,0.0,0.0,1.416798301305132,773.2637021553837,185.44864903964933,302.7106577576344,56.27641671412855
22,290.0,66.48324569312081,0.95,0.0,0.02,0.0,0.02,0.01,0.0,0.0,298.86,80.83,0.970354011911932,0.8225070604122332,70.6334499011071,61.29551543313796,724.1552606968667,224.51108703089827,0.9641704320421812,0.0,0.0130644008470083,0.0,0.0159127155877076,0.0068524515231029,0.0,0.0,0.9091776442548148,0.0,0.0399801597500096,0.0,0.0317746994455552,0.0190674965496204,0.0,0.0,0.834054120577502,3.155954467214963,1.0000000000008906,0.0,1.136665844898944,0.0,1.0015865987437291,1.0748972056053987,0.0,0.0,1.416798301305132,773.2637021553837,185.44864903964933,302.7106577576344,56.27641671412855
22,290.0,67.52077174511739,0.95,0.0,0.02,0.0,0.02,0.01,0.0,0.0,298.86,80.83,0.970354011911932,0.8353429635669601,70.6334499011071,61.29551543313796,719.0650698939106,229.0516180248761,0.9606332533191992,0.0,0.0147109562616239,0.0,0.0170294632368312,0.0076263271823456,0.0,0.0,0.9021396597924208,0.0,0.0438060192015167,0.0,0.0333704046933291,0.0206839163127335,0.0,0.0,0.7828356807354586,3.236179154384223,1.0000000000005298,0.0,1.1307564374092105,0.0,1.0010576204949009,1.070932091134417,0.0,0.0,1.416798301305132,773.2637021553837,185.44864903964933,302.7106577576344,56.27641671412855
22,290.0,68.55829779711395,0.95,0.0,0.02,0.0,0.02,0.01,0.0,0.0,298.86,80.83,0.970354011911932,0.8481788667216869,70.6334499011071,61.29551543313796,713.9158011416938,233.7195958105992,0.9570959694805272,0.0,0.0164154760250246,0.0,0.0180791527996807,0.0084094016947675,0.0,0.0,0.8954443323603571,0.0,0.047558757004485,0.0,0.0347679752195571,0.0222289354156007,0.0,0.0,0.7329701123907048,3.321258326930064,1.0000000000003155,0.0,1.1249123351034191,0.0,1.0006306486960714,1.0670269291882934,0.0,0.0,1.416798301305132,773.2637021553837,185.44864903964933,302.7106577576344,56.27641671412855
22,290.0,69.59582384911053,0.95,0.0,0.02,0.0,0.02,0.01,0.0,0.0,298.86,80.83,0.970354011911932,0.8610147698764139,70.6334499011071,61.29551543313796,708.6956251553099,238.52299874531548,0.95355342070279,0.0,0.0181782496013604,0.0,0.0190675029278046,0.0092008267680447,0.0,0.0,0.88908027950434,0.0,0.0512320252456565,0.0,0.0359866972566901,0.0237009979933134,0.0,0.0,0.6844404413819466,3.4117457437149827,1.000000000000246,0.0,1.1191284724203714,0.0,1.000309575712741,1.0631782840145965,0.0,0.0,1.416798301305132,773.2637021553837,185.44864903964933,302.7106577576344,56.27641671412855
22,290.0,70.6333499011071,0.95,0.0,0.02,0.0,0.02,0.01,0.0,0.0,298.86,80.83,0.970354011911932,0.8738506730311406,70.6334499011071,61.29551543313796,703.3920594005912,243.47080990051973,0.950000338030916,0.0,0.0199998242279364,0.0,0.0199999139612923,0.009999923779855,0.0,0.0,0.8830373905701592,0.0,0.0548197619765328,0.0,0.0370439332598892,0.0250989141934188,0.0,0.0,0.6372329282557662,3.50830898432734,1.0000000013231445,0.0,1.1134008155230928,0.0,1.000099060351724,1.0593845046011334,0.0,0.0,1.416798301305132,773.2637021553837,185.44864903964933,302.7106577576344,56.27641671412855
23,200.0,2.746478609094572,0.9572906663798342,0.0128022754739833,0.0066165651411099,0.0,0.0,0.0232884930050727,1.0000000000000002e-06,1.0000000000000002e-06,300.07,83.4,0.6665111473989402,0.0329313981905823,68.40808775470927,2.746378609094572,1221.835340784383,7.423985486290007,0.9997540342138695,8.764732357368783e-06,2.708352780315419e-05,0.0,0.0,0.0002089726633016,1.2740028789306126e-08,1.132122639324264e-06,0.9572573019648702,0.0128123276206453,0.006621742643747,0.0,0.0,0.023306627098837,1.0007757121735043e-06,9.998961882961857e-07,22.512670904668692,0.6833008753086155,1.0000000097403268,1.631668941016175,5.245196619556885,0.0,0.0,4.156980777688436,4.32747445908318,1.002434696988795,22.53960113748808,1221.920496490378,7.249541730897533,302.7106577576344,2.6239816647333654
23,200.0,10.042201847496203,0.9572906663798342,0.0128022754739833,0.0066165651411099,0.0,0.0,0.0232884930050727,1.0000000000000002e-06,1.0000000000000002e-06,300.07,83.4,0.6665111473989402,0.1204100940946787,68.40808775470927,2.746378609094572,1217.449366316878,16.58148824788337,0.9874442952398932,0.0007168843468958,0.0017083552995612,0.0,0.0,0.0101289083052318,5.239020945905821e-07,1.0329063231658442e-06,0.283452972374888,0.2828723266117178,0.1162994433336686,0.0,0.0,0.3173633537575419,1.1639273839660755e-05,2.646483438806139e-07,21.145733149077245,0.7294728518920274,1.0,1.537232671446802,4.785198324942241,0.0,0.0,3.900362931344143,3.970913059067642,1.0012862641086462,22.53960113748808,1221.920496490378,7.249541730897533,302.7106577576344,2.6239816647333654
23,200.0,17.337925085897837,0.9572906663798342,0.0128022754739833,0.0066165651411099,0.0,0.0,0.0232884930050727,1.0000000000000002e-06,1.0000000000000002e-06,300.07,83.4,0.6665111473989402,0.207888789998775,68.40808775470927,2.746378609094572,1214.371666774107,23.181580824309258,0.97926081387815,0.0017922256811014,0.0032021077817419,0.0,0.0,0.0157430789673274,7.499492134145317e-07,1.0237424655580918e-06,0.1752573099432289,0.404707982739787,0.1281551005269472,0.0,0.0,0.2918695512839963,9.900625538724093e-06,1.5488050174000537e-07,20.20139018922826,0.7640351980940502,1.0000000001135785,1.4746136086170294,4.469676959430872,0.0,0.0,3.731219136485013,3.744593483295429,1.000165379980209,22.53960113748808,1221.920496490378,7.249541730897533,302.7106577576344,2.6239816647333654
23,200.0,24.63364832429947,0.9572906663798342,0.0128022754739833,0.0066165651411099,0.0,0.0,0.0232884930050727,1.0000000000000002e-06,1.0000000000000002e-06,300.07,83.4,0.6665111473989402,0.2953674859028713,68.40808775470927,2.746378609094572,1212.257962724219,27.8259577204728,0.9738253069094958,0.0031362577355614,0.0042883994808783,0.0,0.0,0.0187481613372585,8.566845897609528e-07,1.0178522162277362e-06,0.1308720324353533,0.4959199556400371,0.1229807208101402,0.0,0.0,0.25021902033276,8.163054155334037e-06,1.0772755408012101e-07,19.54234050787293,0.7898722224547434,1.0,1.4315729337054883,4.2457719711594,0.0,0.0,3.617510491603436,3.5972672151901,1.0000000006756709,22.53960113748808,1221.920496490378,7.249541730897533,302.7106577576344,2.6239816647333654
23,200.0,31.929371562701107,0.9572906663798342,0.0128022754739833,0.0066165651411099,0.0,0.0,0.0232884930050727,1.0000000000000002e-06,1.0000000000000002e-06,300.07,83.4,0.6665111473989402,0.3828461818069676,68.40808775470927,2.746378609094572,1210.7058759921065,31.306047618206936,0.9698852401216094,0.0046338451267954,0.0050338916909151,0.0,0.0,0.0204450964689399,9.129843776559262e-07,1.0136073622795956e-06,0.1066402868499897,0.5645064075440329,0.1135119471272718,0.0,0.0,0.215334400409813,6.877124044817224e-06,8.094484776851327e-08,19.044280677728604,0.8104306806554725,1.0,1.3994029011081774,4.073550357285631,0.0,0.0,3.533845790576438,3.491825890324403,1.000000000015561,22.53960113748808,1221.920496490378,7.249541730897533,302.7106577576344,2.6239816647333654
23,200.0,39.22509480110274,0.9572906663798342,0.0128022754739833,0.0066165651411099,0.0,0.0,0.0232884930050727,1.0000000000000002e-06,1.0000000000000002e-06,300.07,83.4,0.6665111473989402,0.470324877711064,68.40808775470927,2.746378609094572,1209.4673409251263,34.128129098570454,0.9667440854449004,0.0062131625768168,0.0055542511114576,0.0,0.0,0.0214865445576929,9.46086032784386e-07,1.0102230992492383e-06,0.0913843906178719,0.6163462599403571,0.1039215062184641,0.0,0.0,0.188341841264174,5.938365922625789e-06,6.359321037982266e-08,18.6363284040443,0.8278451430611455,1.0000000007052317,1.3733026013253165,3.931326376343456,0.0,0.0,3.4669821329759816,3.4091963048091443,1.0000000006287972,22.53960113748808,1221.920496490378,7.249541730897533,302.7106577576344,2.6239816647333654
23,200.0,46.52081803950437,0.9572906663798342,0.0128022754739833,0.0066165651411099,0.0,0.0,0.0232884930050727,1.0000000000000002e-06,1.0000000000000002e-06,300.07,83.4,0.6665111473989402,0.5578035736151603,68.40808775470927,2.746378609094572,1208.4115115879972,36.564697492978574,0.9640549213444412,0.0078359675191693,0.005931567274536,0.0,0.0,0.0221755692373279,9.673031655506027e-07,1.007321359840687e-06,0.0809242037300798,0.6562294906754165,0.0953638344845836,0.0,0.0,0.1674771835024841,5.236151549016483e-06,5.1455887020750806e-08,,,,,,0.0,0.0,,,,22.53960113748808,1221.920496490378,7.249541730897533,302.7106577576344,2.6239816647333654
23,200.0,53.816541277906005,0.9572906663798342,0.0128022754739833,0.0066165651411099,0.0,0.0,0.0232884930050727,1.0000000000000002e-06,1.0000000000000002e-06,300.07,83.4,0.6665111473989402,0.6452822695192566,68.40808775470927,2.746378609094572,1207.4690966978717,38.76199666542367,0.961640431450832,0.0094818850503299,0.0062160462510081,0.0,0.0,0.022659650721507,9.818147798293465e-07,1.0047115429168448e-06,0.0733343763627843,0.6875697519683778,0.0880097407258446,0.0,0.0,0.1510813928314943,4.695588035862861e-06,4.252346297988997e-08,17.963426504129874,0.8572690201268153,1.0,1.3312419729732563,3.697352040087172,0.0,0.0,3.3598086985176923,3.279575831631097,1.0,22.53960113748808,1221.920496490378,7.249541730897533,302.7106577576344,2.6239816647333654
23,200.0,61.11226451630764,0.9572906663798342,0.0128022754739833,0.0066165651411099,0.0,0.0,0.0232884930050727,1.0000000000000002e-06,1.0000000000000002e-06,300.07,83.4,0.6665111473989402,0.7327609654233529,68.40808775470927,2.746378609094572,1206.6015430847233,40.80218854107825,0.959404274393493,0.0111395444845766,0.0064380789439577,0.0,0.0,0.0230161076518996,9.922352277460912e-07,1.002290845231886e-06,0.0676017323015707,0.7127018557482365,0.0817474283218669,0.0,0.0,0.1379446794677311,4.2684546544569445e-06,3.5705940115872945e-08,,,,,,0.0,0.0,,,,22.53960113748808,1221.920496490378,7.249541730897533,302.7106577576344,2.6239816647333654
23,200.0,68.40798775470927,0.9572906663798342,0.0128022754739833,0.0066165651411099,0.0,0.0,0.0232884930050727,1.0000000000000002e-06,1.0000000000000002e-06,300.07,83.4,0.6665111473989402,0.8202396613274492,68.40808775470927,2.746378609094572,1205.7861561922084,42.733984692659504,0.9572906945928936,0.0128022527425406,0.0066165629390196,0.0,0.0,0.0232884897256077,9.999999077613127e-07,1.0000000305950771e-06,0.0631411715131978,0.7332242478881933,0.0764068654508996,0.0,0.0,0.1272237614920563,3.923297841073923e-06,3.035781162240566e-08,17.39349116687447,0.8824508279917048,1.0,1.2970528239066657,3.503502723773866,0.0,0.0,3.2722414124194428,3.175635550069895,1.0,22.53960113748808,1221.920496490378,7.249541730897533,302.7106577576344,2.6239816647333654
23,205.0,3.5127612049101726,0.9572906663798342,0.0128022754739833,0.0066165651411099,0.0,0.0,0.0232884930050727,1.0000000000000002e-06,1.0000000000000002e-06,300.07,83.4,0.6831739260839138,0.0421194389077958,64.76492737055287,3.5126612049101724,1206.168026422619,9.346131338242737,0.9996918621139084,1.2312169071928533e-05,3.688814200783605e-05,0.0,0.0,0.0002577596156815,1.5123029219510684e-08,1.162836301001453e-06,0.9572648221701806,0.0128100711619914,0.0066205755598934,0.0,0.0,0.0233025306068876,1.000600298328272e-06,9.999007486598091e-07,21.126328698019325,0.7113086511602923,1.0,1.5590817549712968,4.766238557819185,0.0,0.0,3.796761795272773,3.9704740683208737,1.000430083469954,21.15779579629945,1206.2779501886548,9.12387059747945,302.7106577576344,3.35468958110042
23,205.0,10.318546334426028,0.9572906663798342,0.0128022754739833,0.0066165651411099,0.0,0.0,0.0232884930050727,1.0000000000000002e-06,1.0000000000000002e-06,300.07,83.4,0.6831739260839138,0.1237235771513912,64.76492737055287,3.5126612049101724,1201.97933595549,17.909158470956605,0.988249133713064,0.0007119366075301,0.0016652185086254,0.0,0.0,0.009372195811831,4.807423108978481e-07,1.0346166385745524e-06,0.3506096298730347,0.2497319411536896,0.1036461782277962,0.0,0.0,0.2960007534234156,1.117569085858726e-05,3.216312052939197e-07,19.947468840380186,0.7525672504804185,1.0,1.483707890481189,4.403919780343583,0.0,0.0,3.597265451763878,3.694927153709232,1.0000600979663838,21.15779579629945,1206.2779501886548,9.12387059747945,302.7106577576344,3.35468958110042
23,205.0,17.124331463941882,0.9572906663798342,0.0128022754739833,0.0066165651411099,0.0,0.0,0.0232884930050727,1.0000000000000002e-06,1.0000000000000002e-06,300.07,83.4,0.6831739260839138,0.2053277153949866,64.76492737055287,3.5126612049101724,1198.873772659771,24.327700991968364,0.9801641193075964,0.0017549493797809,0.0031205329519095,0.0,0.0,0.0149586608551239,7.124632593558977e-07,1.0250423299683156e-06,0.2242795562365218,0.3668289626558695,0.118651702301892,0.0,0.0,0.2902293668130026,1.02145084579997e-05,1.9748425615397354e-07,19.093742912693685,0.7846540104674901,1.0,1.4314040515720516,4.144081607261057,0.0,0.0,3.4582994411008445,3.509110614455337,1.0,21.15779579629945,1206.2779501886548,9.12387059747945,302.7106577576344,3.35468958110042
23,205.0,23.93011659345774,0.9572906663798342,0.0128022754739833,0.0066165651411099,0.0,0.0,0.0232884930050727,1.0000000000000002e-06,1.0000000000000002e-06,300.07,83.4,0.6831739260839138,0.286931853638582,64.76492737055287,3.5126612049101724,1196.647052688937,28.9662380094327,0.9745566185574996,0.0030707032613947,0.0042104113788835,0.0,0.0,0.0181604171694471,8.308192340166414e-07,1.0188135409902428e-06,0.1694431330586872,0.456855119135988,0.1164096589047763,0.0,0.0,0.2572832276254746,8.7197392761106e-06,1.41535797755057e-07,18.479835749767958,0.8092593446167499,1.0,1.3943470386468748,3.95458650603776,0.0,0.0,3.3612529275921186,3.3828956947032323,1.0,21.15779579629945,1206.2779501886548,9.12387059747945,302.7106577576344,3.35468958110042
23,205.0,30.735901722973598,0.9572906663798342,0.0128022754739833,0.0066165651411099,0.0,0.0,0.0232884930050727,1.0000000000000002e-06,1.0000000000000002e-06,300.07,83.4,0.6831739260839138,0.3685359918821773,64.76492737055287,3.5126612049101724,1194.9782448110277,32.46116771015584,0.9704259259562684,0.0045555496206284,0.0049747639924419,0.0,0.0,0.0200418501907768,8.959431648682067e-07,1.014296719226922e-06,0.1387078814665148,0.5267340920607614,0.1089327887931795,0.0,0.0,0.2256176438741668,7.484769744807007e-06,1.0903563254327773e-07,18.01199885482859,0.8289694685531259,1.0000000000588471,1.366303725603229,3.8078432988346655,0.0,0.0,3.289057741050377,3.2911598846816204,1.0,21.15779579629945,1206.2779501886548,9.12387059747945,302.7106577576344,3.35468958110042
23,205.0,37.54168685248945,0.9572906663798342,0.0128022754739833,0.0066165651411099,0.0,0.0,0.0232884930050727,1.0000000000000002e-06,1.0000000000000002e-06,300.07,83.4,0.6831739260839138,0.4501401301257727,64.76492737055287,3.5126612049101724,1193.637211959578,35.27994245691703,0.9671282766214636,0.0061358639929685,0.0055138777950462,0.0,0.0,0.0212200358215186,9.350616850703048e-07,1.0107073180756646e-06,0.1190408632527954,0.5808384117174644,0.1005751006030178,0.0,0.0,0.1995390034749546,6.533308229154132e-06,8.764353857368598e-08,,,,,,0.0,0.0,,,,21.15779579629945,1206.2779501886548,9.12387059747945,302.7106577576344,3.35468958110042
23,205.0,44.3474719820053,0.9572906663798342,0.0128022754739833,0.0066165651411099,0.0,0.0,0.0232884930050727,1.0000000000000002e-06,1.0000000000000002e-06,300.07,83.4,0.6831739260839138,0.5317442683693681,64.76492737055287,3.5126612049101724,1192.491957431604,37.69399095286391,0.9643149535556194,0.0077694744297997,0.0059061500319303,0.0,0.0,0.0220074539034247,9.604313545930393e-07,1.007647871147888e-06,0.1053970959216536,0.6231718038889248,0.0927744981414433,0.0,0.0,0.1786507307509091,5.798817840211836e-06,7.247922877670469e-08,17.29853666717807,0.860433768369797,1.0,1.3239936560957506,3.580817073767378,0.0,0.0,3.182054549025057,3.158629506711663,1.0,21.15779579629945,1206.2779501886548,9.12387059747945,302.7106577576344,3.35468958110042
23,205.0,51.15325711152116,0.9572906663798342,0.0128022754739833,0.0066165651411099,0.0,0.0,0.0232884930050727,1.0000000000000002e-06,1.0000000000000002e-06,300.07,83.4,0.6831739260839138,0.6133484066129634,64.76492737055287,3.5126612049101724,1191.4694415309314,39.854758077566295,0.9617995709305488,0.0094330395797957,0.006201833247609,0.0,0.0,0.0225635734164671,9.77914217315064e-07,1.004911362005175e-06,0.0954036565316597,0.6568391180490154,0.0858934776500439,0.0,0.0,0.1618584648410398,5.221745877379383e-06,6.118236362946212e-08,17.001439031107775,0.8738618003663448,1.0,1.3067148290801012,3.486363212267125,0.0,0.0,3.1385816913736453,3.105875989263292,1.0,21.15779579629945,1206.2779501886548,9.12387059747945,302.7106577576344,3.35468958110042
23,205.0,57.95904224103701,0.9572906663798342,0.0128022754739833,0.0066165651411099,0.0,0.0,0.0232884930050727,1.0000000000000002e-06,1.0000000000000002e-06,300.07,83.4,0.6831739260839138,0.6949525448565589,64.76492737055287,3.5126612049101724,1190.5280802336658,41.84902814418608,0.9594784196833852,0.0111132691455143,0.0064320931283368,0.0,0.0,0.0229742251172801,9.90541362343701e-07,1.0023841210027548e-06,0.0877936604475733,0.6840781196107788,0.0799328126924553,0.0,0.0,0.1481905955651517,4.759225095901091e-06,5.2458944840648935e-08,16.727861808945317,0.8863553798338479,1.0,1.2910576334939134,3.4000085664090616,0.0,0.0,3.099135036571697,3.058441152152764,1.0,21.15779579629945,1206.2779501886548,9.12387059747945,302.7106577576344,3.35468958110042
23,205.0,64.76482737055287,0.9572906663798342,0.0128022754739833,0.0066165651411099,0.0,0.0,0.0232884930050727,1.0000000000000002e-06,1.0000000000000002e-06,300.07,83.4,0.6831739260839138,0.7765566831001542,64.76492737055287,3.5126612049101724,1189.6430948578018,43.72878487527117,0.9572906976452418,0.0128022507009018,0.0066165627065199,0.0,0.0,0.0232884889474231,9.999998792354284e-07,1.0000000340867574e-06,0.0818276028490151,0.7064736352590754,0.0747875472291872,0.0,0.0,0.1369067875961624,4.381530267184954e-06,4.553629255894264e-08,16.471723852091515,0.8980841672750067,1.0000000003157008,1.2766679893967328,3.3202359899938165,0.0,0.0,3.0627143202118035,3.014952463058155,1.0,21.15779579629945,1206.2779501886548,9.12387059747945,302.7106577576344,3.35468958110042
23,210.0,4.434877043172346,0.9572906663798342,0.0128022754739833,0.0066165651411099,0.0,0.0,0.0232884930050727,1.0000000000000002e-06,1.0000000000000002e-06,300.07,83.4,0.6998367047688873,0.0531759837310832,61.77426343297504,4.434777043172346,1190.1529706558065,11.63526648058892,0.9996163294789808,1.705870591111227e-05,4.937133040177126e-05,0.0,0.0,0.0003160328326976,1.7852179912262707e-08,1.1897998289063465e-06,0.9572704123511128,0.0128083935623643,0.0066197077293724,0.0,0.0,0.0232994859779893,1.0004699855524991e-06,9.999091754055463e-07,19.75739559408838,0.7413848791351861,1.0,1.4937814469558486,4.343413859864024,0.0,0.0,3.4768358939307635,3.6548883943231214,1.0000000021236672,19.793904820789816,1190.2941504876192,11.354703713715036,302.7106577576344,4.233266563955471
23,210.0,10.805908864261534,0.9572906663798342,0.0128022754739833,0.0066165651411099,0.0,0.0,0.0232884930050727,1.0000000000000002e-06,1.0000000000000002e-06,300.07,83.4,0.6998367047688873,0.1295672525690831,61.77426343297504,4.434777043172346,1186.1327838821771,19.66769284402029,0.9889404676309896,0.0007120593204653,0.0016273838974506,0.0,0.0,0.0087186107750488,4.418272249411674e-07,1.0365488203755956e-06,0.4203569033363057,0.2179108385200467,0.0912572185975456,0.0,0.0,0.2704641902800148,1.046931091802179e-05,3.799551692807539e-07,18.736737055167783,0.7785966288384323,1.0,1.433249722893746,4.056262091603975,0.0,0.0,3.3203830799095,3.440321843532909,1.0,19.793904820789816,1190.2941504876192,11.354703713715036,302.7106577576344,4.233266563955471
23,210.0,17.176940685350722,0.9572906663798342,0.0128022754739833,0.0066165651411099,0.0,0.0,0.0232884930050727,1.0000000000000002e-06,1.0000000000000002e-06,300.07,83.4,0.6998367047688873,0.2059585214070829,61.77426343297504,4.434777043172346,1183.0159295736082,25.89842025721628,0.9810093928152492,0.0017275947440193,0.0030427426522622,0.0,0.0,0.0142185681901679,6.751852239829358e-07,1.0264130769875312e-06,0.2794459690531435,0.3292996062996067,0.1087509115972133,0.0,0.0,0.2824929851887318,1.0282706393871686e-05,2.4515491062174174e-07,17.967570439882525,0.8085147340985963,1.0,1.389603609927048,3.842231924598417,0.0,0.0,3.2062064045037464,3.287573812136761,1.0,19.793904820789816,1190.2941504876192,11.354703713715036,302.7106577576344,4.233266563955471
23,210.0,23.54797250643991,0.9572906663798342,0.0128022754739833,0.0066165651411099,0.0,0.0,0.0232884930050727,1.0000000000000002e-06,1.0000000000000002e-06,300.07,83.4,0.6998367047688873,0.2823497902450828,61.77426343297504,4.434777043172346,1180.6912032430666,30.529671054453395,0.9752796667814886,0.003015361462231,0.0041308717148389,0.0,0.0,0.017572276664802,8.035480243162668e-07,1.0198286151070015e-06,0.2143160551591027,0.4170175442814501,0.1092796962635991,0.0,0.0,0.2593774094673569,9.113782144545522e-06,1.810463465877201e-07,17.397799675490763,0.832009137505721,1.0,1.3577595662908803,3.6819961714577274,0.0,0.0,3.1236580456266534,3.179886966096222,1.0,19.793904820789816,1190.2941504876192,11.354703713715036,302.7106577576344,4.233266563955471
23,210.0,29.919004327529095,0.9572906663798342,0.0128022754739833,0.0066165651411099,0.0,0.0,0.0232884930050727,1.0000000000000002e-06,1.0000000000000002e-06,300.07,83.4,0.6998367047688873,0.3587410590830827,61.77426343297504,4.434777043172346,1178.9107919979042,34.056250535349946,0.970976767278279,0.0044851228563056,0.0049115015925258,0.0,0.0,0.0196247158428709,8.774020258223709e-07,1.0150279927809287e-06,0.1766829568702137,0.4871838033249896,0.1038674740087927,0.0,0.0,0.2322576303774934,7.992563077201418e-06,1.4285543338492438e-07,16.958548711039644,0.8510235095686021,1.0,1.3333591829692988,3.556520428460663,0.0,0.0,3.061387137756202,3.1002657338749486,1.0000000000004587,19.793904820789816,1190.2941504876192,11.354703713715036,302.7106577576344,4.233266563955471
23,210.0,36.290036148618285,0.9572906663798342,0.0128022754739833,0.0066165651411099,0.0,0.0,0.0232884930050727,1.0000000000000002e-06,1.0000000000000002e-06,300.07,83.4,0.6998367047688873,0.4351323279210825,61.77426343297504,4.434777043172346,1177.4678554444577,36.896596906729954,0.967525758999793,0.0060638456403121,0.0054691767403002,0.0,0.0,0.020939284535372,9.22863177660692e-07,1.0112210448770476e-06,0.1521457291172466,0.5428817644567879,0.096876027980191,0.0,0.0,0.2080892931722765,7.067978501914797e-06,1.1729499585246122e-07,16.599028638302038,0.8671516333510241,1.0,1.3134478504653555,3.452319982337846,0.0,0.0,3.011199380471662,3.03721661209387,1.0,19.793904820789816,1190.2941504876192,11.354703713715036,302.7106577576344,4.233266563955471
23,210.0,42.661067969707474,0.9572906663798342,0.0128022754739833,0.0066165651411099,0.0,0.0,0.0232884930050727,1.0000000000000002e-06,1.0000000000000002e-06,300.07,83.4,0.6998367047688873,0.5115235967590824,61.77426343297504,4.434777043172346,1176.2325740447548,39.3148888135372,0.9645860869196716,0.0077062015109029,0.0058772411930431,0.0,0.0,0.0218285096278952,9.527552037436928e-07,1.0079932832504505e-06,0.1348952305122384,0.5872705936738075,0.089958798422602,0.0,0.0,0.1878689526614862,6.325793708191974e-06,9.893615770729985e-08,16.28903847036381,0.8814114108593529,1.0,1.2964126600488066,3.361937198331706,0.0,0.0,2.9685552616681568,2.984410583592188,1.0,19.793904820789816,1190.2941504876192,11.354703713715036,302.7106577576344,4.233266563955471
23,210.0,49.03209979079666,0.9572906663798342,0.0128022754739833,0.0066165651411099,0.0,0.0,0.0232884930050727,1.0000000000000002e-06,1.0000000000000002e-06,300.07,83.4,0.6998367047688873,0.5879148655970823,61.77426343297504,4.434777043172346,1175.1293595094958,41.46559360896087,0.9619661368661552,0.0093859331220029,0.0061852838332105,0.0,0.0,0.0224606675244845,9.735323019217009e-07,1.0051218446529148e-06,0.1221286907671348,0.6230508561027505,0.0836547477590544,0.0,0.0,0.1711598924403251,5.727826874677852e-06,8.51038603228892e-08,16.011469546467563,0.8943989268074809,1.0,1.281298463087293,3.281045576006861,0.0,0.0,2.9308828699755702,2.938269447593094,1.0,19.793904820789816,1190.2941504876192,11.354703713715036,302.7106577576344,4.233266563955471
23,210.0,55.403131611885854,0.9572906663798342,0.0128022754739833,0.0066165651411099,0.0,0.0,0.0232884930050727,1.0000000000000002e-06,1.0000000000000002e-06,300.07,83.4,0.6998367047688873,0.6643061344350821,61.77426343297504,4.434777043172346,1174.113935422739,43.43952343241733,0.959556151309072,0.0110877042626452,0.0064249661473415,0.0,0.0,0.02292918716744,9.886315935412317e-07,1.0024819075522651e-06,0.1123229632400177,0.6522933087695602,0.0780780697395106,0.0,0.0,0.1573003438150161,5.240123679417206e-06,7.431221599508648e-08,15.756450426638589,0.9064413031307502,1.0,1.2675812722935094,3.2070160621692985,0.0,0.0,2.896710488988884,2.8967670472364304,1.0,19.793904820789816,1190.2941504876192,11.354703713715036,302.7106577576344,4.233266563955471
23,210.0,61.77416343297504,0.9572906663798342,0.0128022754739833,0.0066165651411099,0.0,0.0,0.0232884930050727,1.0000000000000002e-06,1.0000000000000002e-06,300.07,83.4,0.6998367047688873,0.740697403273082,61.77426343297504,4.434777043172346,1173.1594914736054,45.29185745725896,0.9572907009216424,0.0128022485878323,0.006616562444221,0.0,0.0,0.0232884880464217,9.999998445810498e-07,1.0000000378481413e-06,0.1045771342431124,0.6765250460737793,0.073193091572089,0.0,0.0,0.1456998257088334,4.8367372336552576e-06,6.566495217385311e-08,15.518026269915335,0.9177692100896868,1.0,1.2549478847183562,3.1383274044419336,0.0,0.0,2.8651495677045973,2.858689152080052,1.0,19.793904820789816,1190.2941504876192,11.354703713715036,302.7106577576344,4.233266563955471
23,215.0,5.5328009352004495,0.9572906663798342,0.0128022754739833,0.0066165651411099,0.0,0.0,0.0232884930050727,1.0000000000000002e-06,1.0000000000000002e-06,300.07,83.4,0.7164994834538608,0.0663405387913722,59.36449918532498,5.53270093520045,1173.728028824652,14.340694014060206,0.9995249457064814,2.3348162066570383e-05,6.504237272505849e-05,0.0,0.0,0.0003854296243841,2.09736635920708e-08,1.2131606790576743e-06,0.957274626107106,0.0128071288178196,0.0066190533619026,0.0,0.0,0.0232971914223012,1.0003718270962396e-06,9.999190431213348e-07,18.40612419094944,0.773744259870626,1.0,1.4348887871644158,3.9686840770468046,0.0,0.0,3.191502946100027,3.374655872872756,1.0000000008941312,18.448205290897207,1173.908539729092,13.989350648063478,302.7106577576344,5.278346606766283
23,215.0,11.51408962965873,0.9572906663798342,0.0128022754739833,0.0066165651411099,0.0,0.0,0.0232884930050727,1.0000000000000002e-06,1.0000000000000002e-06,300.07,83.4,0.7164994834538608,0.1380586286529823,59.36449918532498,5.53270093520045,1169.850108524081,21.899947425063477,0.9895281121158508,0.0007169804049128,0.0015944160989347,0.0,0.0,0.0081590453898093,4.071924650986164e-07,1.0387980272464627e-06,0.4897355248835936,0.1880811078080885,0.079455202087027,0.0,0.0,0.2427181301556139,9.597772079417296e-06,4.372935974040886e-07,17.519281623295,0.8076576990321812,1.0,1.3859423564346045,3.7395391271557545,0.0,0.0,3.067953649194956,3.205752197696717,1.0,18.448205290897207,1173.908539729092,13.989350648063478,302.7106577576344,5.278346606766283
23,215.0,17.495378324117013,0.9572906663798342,0.0128022754739833,0.0066165651411099,0.0,0.0,0.0232884930050727,1.0000000000000002e-06,1.0000000000000002e-06,300.07,83.4,0.7164994834538608,0.2097767185145924,59.36449918532498,5.53270093520045,1166.7320537896403,27.94044478680315,0.9817879298473202,0.001709784745505,0.0029692140977079,0.0,0.0,0.0135314045660277,6.388576159265481e-07,1.0278858231317817e-06,0.3392797431740528,0.2926408968308985,0.0986310380466302,0.0,0.0,0.26943791463406,1.0110811029411455e-05,2.965033289984111e-07,16.8281573703802,0.8356928138220703,1.0,1.349547971065861,3.5631298535011977,0.0,0.0,2.9740106408054703,3.0804563689719986,1.0,18.448205290897207,1173.908539729092,13.989350648063478,302.7106577576344,5.278346606766283
23,215.0,23.47666701857529,0.9572906663798342,0.0128022754739833,0.0066165651411099,0.0,0.0,0.0232884930050727,1.0000000000000002e-06,1.0000000000000002e-06,300.07,83.4,0.7164994834538608,0.2814948083762025,59.36449918532498,5.53270093520045,1164.322606956922,32.55762811510229,0.975982972262633,0.0029707284838747,0.0040509370282077,0.0,0.0,0.0169935659675088,7.753501659376698e-07,1.0209076096794896e-06,0.2649019827997438,0.3769762795117217,0.1016509543056423,0.0,0.0,0.2564612364910631,9.321338407801172e-06,2.255534210945417e-07,16.30149048336056,0.8582298792518116,1.0000000000183475,1.322240386942765,3.4276658176661234,0.0,0.0,2.9040572865362764,2.988810050804129,1.0,18.448205290897207,1173.908539729092,13.989350648063478,302.7106577576344,5.278346606766283
23,215.0,29.457955713033574,0.9572906663798342,0.0128022754739833,0.0066165651411099,0.0,0.0,0.0232884930050727,1.0000000000000002e-06,1.0000000000000002e-06,300.07,83.4,0.7164994834538608,0.3532128982378126,59.36449918532498,5.53270093520045,1162.4360167028362,36.12434446873626,0.9715302793787716,0.0044235725104715,0.0048449501228832,0.0,0.0,0.019199324630866,8.575511703756712e-07,1.015805837387383e-06,0.2204258142746214,0.4463794885978484,0.0982932728220248,0.0,0.0,0.2348928708430092,8.371375597182667e-06,1.8208689872946854e-07,15.88979228118504,0.8766771187312871,1.0,1.3010446709635195,3.320237530483365,0.0,0.0,2.8502399576972706,2.9196438169329357,1.0,18.448205290897207,1173.908539729092,13.989350648063478,302.7106577576344,5.278346606766283
23,215.0,35.439244407491856,0.9572906663798342,0.0128022754739833,0.0066165651411099,0.0,0.0,0.0232884930050727,1.0000000000000002e-06,1.0000000000000002e-06,300.07,83.4,0.7164994834538608,0.4249309880994227,59.36449918532498,5.53270093520045,1160.891778581706,39.00410327061811,0.967932436415946,0.0059981118696335,0.0054205963379896,0.0,0.0,0.0206469340696132,9.09539998444859e-07,1.0117668192333667e-06,0.1907988065499243,0.5028839064420766,0.0927582830218232,0.0,0.0,0.2135513359738556,7.515537790887218e-06,1.5247452934429645e-07,15.551803319054198,0.8923787602764179,1.0,1.2836970490361748,3.2307644167701666,0.0,0.0,2.806658489454368,2.8645313073879857,1.0,18.448205290897207,1173.908539729092,13.989350648063478,302.7106577576344,5.278346606766283
23,215.0,41.42053310195013,0.9572906663798342,0.0128022754739833,0.0066165651411099,0.0,0.0,0.0232884930050727,1.0000000000000002e-06,1.0000000000000002e-06,300.07,83.4,0.7164994834538608,0.4966490779610327,59.36449918532498,5.53270093520045,1159.565405048694,41.44778724375759,0.9648662343967483,0.0076469149694854,0.0058450493889132,0.0,0.0,0.0216398486136849,9.442723076640638e-07,1.008358860305397e-06,0.1696526265201396,0.5488093489325746,0.0868316926964673,0.0,0.0,0.1946994068743773,6.794054024645883e-06,1.309224164175771e-07,15.260832658408546,0.9062682575377018,1.0,1.2688056857877563,3.1530078778082467,0.0,0.0,2.7696021558947024,2.818277382091012,1.0,18.448205290897207,1173.908539729092,13.989350648063478,302.7106577576344,5.278346606766283
23,215.0,47.40182179640842,0.9572906663798342,0.0128022754739833,0.0066165651411099,0.0,0.0,0.0232884930050727,1.0000000000000002e-06,1.0000000000000002e-06,300.07,83.4,0.7164994834538608,0.5683671678226428,59.36449918532498,5.53270093520045,1158.3801623944112,43.61016614913315,0.9621391583783182,0.0093410420974211,0.006166487194154,0.0,0.0,0.022351338332091,9.68654570935244e-07,1.0053434447737212e-06,0.1538208453601081,0.5863819704478909,0.0812014149456765,0.0,0.0,0.1785894603169354,6.194420510195983e-06,1.1450887877867205e-07,15.00097464524998,0.9188977110191864,1.0,1.255584243784169,3.083511184269074,0.0,0.0,2.7368911810470173,2.777864405279366,1.0,18.448205290897207,1173.908539729092,13.989350648063478,302.7106577576344,5.278346606766283
23,215.0,53.3831104908667,0.9572906663798342,0.0128022754739833,0.0066165651411099,0.0,0.0,0.0232884930050727,1.0000000000000002e-06,1.0000000000000002e-06,300.07,83.4,0.7164994834538608,0.640085257684253,59.36449918532498,5.53270093520045,1157.2895637071913,45.58512442988503,0.9596371201896248,0.0110630621499827,0.0064167296130088,0.0,0.0,0.0228810989674725,9.8649565968852e-07,1.0025842513862573e-06,0.1415459229994476,0.6174398441961075,0.0760893929926026,0.0,0.0,0.1649190434425717,5.694784349022673e-06,1.0158492141775638e-07,14.76277984313798,0.9306172367717912,1.0,1.243584730133601,3.0198857156184804,0.0,0.0,2.707237344349721,2.7415223166318583,1.0,18.448205290897207,1173.908539729092,13.989350648063478,302.7106577576344,5.278346606766283
23,215.0,59.36439918532498,0.9572906663798342,0.0128022754739833,0.0066165651411099,0.0,0.0,0.0232884930050727,1.0000000000000002e-06,1.0000000000000002e-06,300.07,83.4,0.7164994834538608,0.7118033475458629,59.36449918532498,5.53270093520045,1156.2648905269402,47.430766122895214,0.9572907044404017,0.0128022464000028,0.0066165621482597,0.0,0.0,0.023288487011491,9.999998028995783e-07,1.0000000419028357e-06,0.1317716412983814,0.6434056964776377,0.071530330066111,0.0,0.0,0.1532869659820922,5.275032118461712e-06,9.114365915355453e-08,14.54045455332883,0.9416517985711088,1.0,1.2325233280615868,2.9607942847028808,0.0,0.0,2.679852458311545,2.7081731120829766,1.0,18.448205290897207,1173.908539729092,13.989350648063478,302.7106577576344,5.278346606766283
23,220.0,6.827542890135232,0.9572906663798342,0.0128022754739833,0.0066165651411099,0.0,0.0,0.0232884930050727,1.0000000000000002e-06,1.0000000000000002e-06,300.07,83.4,0.7331622621388343,0.0818650226634919,57.48255154663242,6.827442890135232,1156.8241906319745,17.517561325490274,0.9994147622784768,3.1615070057806834e-05,8.447541940010322e-05,0.0,0.0,0.0004678896150149,2.454278131272449e-08,1.2330742691362548e-06,0.9572778434246696,0.012806162978327,0.0066185535682047,0.0,0.0,0.0232954398028105,1.0002969379855709e-06,9.999290500878565e-07,17.07293373610479,0.8087260079623612,1.0,1.3816044865952548,3.634986831996885,0.0,0.0,2.936409327677334,3.1242016082723336,1.0,17.121140165384258,1157.0541060432145,17.08052563899556,302.7106577576344,6.509407158415541
23,220.0,12.455866074190476,0.9572906663798342,0.0128022754739833,0.0066165651411099,0.0,0.0,0.0232884930050727,1.0000000000000002e-06,1.0000000000000002e-06,300.07,83.4,0.7331622621388343,0.1493509121605572,57.48255154663242,6.827442890135232,1153.0648644780144,24.654973822929847,0.9900213149867088,0.0007266440455359,0.001566110727373,0.0,0.0,0.0076845120557295,3.767176866129473e-07,1.0414669658498877e-06,0.5561098454946017,0.1608137550923388,0.068520179453257,0.0,0.0,0.214547088626674,8.639595326422697e-06,4.917378021105417e-07,16.300005646160713,0.8399577994050652,1.0,1.3418530734380285,3.451036532332515,0.0,0.0,2.837876470578932,2.990302133548104,1.0,17.121140165384258,1157.0541060432145,17.08052563899556,302.7106577576344,6.509407158415541
23,220.0,18.08418925824572,0.9572906663798342,0.0128022754739833,0.0066165651411099,0.0,0.0,0.0232884930050727,1.0000000000000002e-06,1.0000000000000002e-06,300.07,83.4,0.7331622621388343,0.2168368016576225,57.48255154663242,6.827442890135232,1149.9505310209397,30.50684422359771,0.9824947399377832,0.0017011761169145,0.0029002266562961,0.0,0.0,0.0129022237048122,6.040813861277024e-07,1.0295028077619474e-06,0.4018793451014578,0.2574324241432459,0.0885119168358392,0.0,0.0,0.2521662393720413,9.724688092340676e-06,3.498593232236862e-07,15.680342041508034,0.8663758742828058,1.0,1.311473027493152,3.305503303206939,0.0,0.0,2.7607266581454737,2.887167332081771,1.0,17.121140165384258,1157.0541060432145,17.08052563899556,302.7106577576344,6.509407158415541
23,220.0,23.71251244230096,0.9572906663798342,0.0128022754739833,0.0066165651411099,0.0,0.0,0.0232884930050727,1.0000000000000002e-06,1.0000000000000002e-06,300.07,83.4,0.7331622621388343,0.2843226911546877,57.48255154663242,6.827442890135232,1147.4672870277664,35.101145851898444,0.9766565998936508,0.0029371258066886,0.003971585241606,0.0,0.0,0.0164329202644893,7.467255282187085e-07,1.0220680369563343e-06,0.3201536492261821,0.3373645811490541,0.0936361039822888,0.0,0.0,0.2488360589769801,9.332701408727264e-06,2.7396408591591546e-07,15.195535985458196,0.8881040917499646,1.0,1.288114170969554,3.191001574495393,0.0,0.0,2.701382253723552,2.809335038178754,1.0,17.121140165384258,1157.0541060432145,17.08052563899556,302.7106577576344,6.509407158415541
23,220.0,29.340835626356203,0.9572906663798342,0.0128022754739833,0.0066165651411099,0.0,0.0,0.0232884930050727,1.0000000000000002e-06,1.0000000000000002e-06,300.07,83.4,0.7331622621388343,0.351808580651753,57.48255154663242,6.827442890135232,1145.4798309508858,38.7104788584397,0.9720789802410474,0.0043718028658219,0.0047759222091668,0.0,0.0,0.0187714414125756,8.366320437997933e-07,1.0166393443169745e-06,0.2694164044313342,0.404943338859574,0.0922335536770266,0.0,0.0,0.2333978779919319,8.599014556486569e-06,2.2602557676535482e-07,14.81070900126286,0.906144065139899,1.0,1.2697241091728726,3.099003740798427,0.0,0.0,2.654929025187306,2.7494001429717656,1.0,17.121140165384258,1157.0541060432145,17.08052563899556,302.7106577576344,6.509407158415541
23,220.0,34.96915881041145,0.9572906663798342,0.0128022754739833,0.0066165651411099,0.0,0.0,0.0232884930050727,1.0000000000000002e-06,1.0000000000000002e-06,300.07,83.4,0.7331622621388343,0.4192944701488183,57.48255154663242,6.827442890135232,1143.8348635692446,41.64179448872402,0.9683438955604337,0.0059396806303876,0.0053685827288949,0.0,0.0,0.0203459335538867,8.951762518424495e-07,1.0123501452391629e-06,0.2347996526023731,0.4613737313518658,0.0881905616126765,0.0,0.0,0.2156280099237354,7.851772892507288e-06,1.927364566182268e-07,14.493145505950638,0.921545767120972,1.0,1.2545854318969978,3.021998743448308,0.0,0.0,2.6170504511367043,2.701204688901801,1.0,17.121140165384258,1157.0541060432145,17.08052563899556,302.7106577576344,6.509407158415541
23,220.0,40.59748199446669,0.9572906663798342,0.0128022754739833,0.0066165651411099,0.0,0.0,0.0232884930050727,1.0000000000000002e-06,1.0000000000000002e-06,300.07,83.4,0.7331622621388343,0.4867803596458835,57.48255154663242,6.827442890135232,1142.4159314330172,44.127431293285824,0.965153050170325,0.0075924542221424,0.0058097706758987,0.0,0.0,0.0214427811859969,9.34997728146538e-07,1.008747908703531e-06,0.2096682752549131,0.5081964365101597,0.0833334519403812,0.0,0.0,0.1987944871507481,7.180969437082502e-06,1.6817436078529366e-07,14.219823408075769,0.935183201581166,1.0,1.2415899746501036,2.9550072498745097,0.0,0.0,2.584797021392582,2.660636622322168,1.0,17.121140165384258,1157.0541060432145,17.08052563899556,302.7106577576344,6.509407158415541
23,220.0,46.22580517852194,0.9572906663798342,0.0128022754739833,0.0066165651411099,0.0,0.0,0.0232884930050727,1.0000000000000002e-06,1.0000000000000002e-06,300.07,83.4,0.7331622621388343,0.5542662491429489,57.48255154663242,6.827442890135232,1141.1466676457335,46.31945879713892,0.9623175145123444,0.009298921291106,0.0061455129039472,0.0,0.0,0.0222360824409852,9.63273701405575e-07,1.0055779158775393e-06,0.1906072405789946,0.5471258746595512,0.0784603792765247,0.0,0.0,0.183799754804555,6.60141139758253e-06,1.492689770826177e-07,13.976230044006824,0.947582533604568,1.0,1.2300466416332572,2.895091957811781,0.0,0.0,2.556358905610737,2.625172495696353,1.0,17.121140165384258,1157.0541060432145,17.08052563899556,302.7106577576344,6.509407158415541
23,220.0,51.85412836257718,0.9572906663798342,0.0128022754739833,0.0066165651411099,0.0,0.0,0.0232884930050727,1.0000000000000002e-06,1.0000000000000002e-06,300.07,83.4,0.7331622621388343,0.6217521386400141,57.48255154663242,6.827442890135232,1139.9789868838652,48.31356250159421,0.9597209144666732,0.0110396042857253,0.0064074004280899,0.0,0.0,0.0228300940023568,9.841253271622605e-07,1.0026918275230029e-06,0.1756738304356452,0.5797129067125273,0.0738881585505042,0.0,0.0,0.1707188644321923,6.105615193065451e-06,1.342539377641667e-07,13.75343909349947,0.9590838359213848,1.00000000000013,1.2195659241001378,2.84026423492338,0.0,0.0,2.5305986725821548,2.593281525958313,1.0,17.121140165384258,1157.0541060432145,17.08052563899556,302.7106577576344,6.509407158415541
23,220.0,57.48245154663242,0.9572906663798342,0.0128022754739833,0.0066165651411099,0.0,0.0,0.0232884930050727,1.0000000000000002e-06,1.0000000000000002e-06,300.07,83.4,0.7331622621388343,0.6892380281370794,57.48255154663242,6.827442890135232,1138.8824611905443,50.170310699859535,0.9572907082227016,0.0128022441330019,0.0066165618140578,0.0,0.0,0.0232884858304389,9.999997531920548e-07,1.000000046290345e-06,0.1636785448488636,0.6072305269667249,0.0697190487973184,0.0,0.0,0.1593660762730395,5.681079186729229e-06,1.220348668744414e-07,13.545851141856508,0.9699167828272396,1.0,1.20989715212479,2.789315856818568,0.0,0.0,2.5068144994717,2.5640170225998133,1.0,17.121140165384258,1157.0541060432145,17.08052563899556,302.7106577576344,6.509407158415541
23,225.0,8.341147383066815,0.9572906663798342,0.0128022754739833,0.0066165651411099,0.0,0.0,0.0232884930050727,1.0000000000000002e-06,1.0000000000000002e-06,300.07,83.4,0.7498250408238077,0.1000137575907292,56.08951897878438,8.341047383066815,1139.3636241361037,21.228257612754984,0.9992822605454842,4.2411193549911535e-05,0.0001083220849587,0.0,0.0,0.0005657278517087,2.8626612528606777e-08,1.2496976857814784e-06,0.957280329333216,0.0128054165624446,0.006618167271565,0.0,0.0,0.0232940866551197,1.000239122428889e-06,9.999385320641045e-07,15.758417771040444,0.8467257092835418,1.0,1.333253735550703,3.3365413667023924,0.0,0.0,2.707382436195931,2.899293693024656,1.0,15.813326197117547,1139.6555629264626,20.687604017864448,302.7106577576344,7.946729358776584
23,225.0,13.6465108937021,0.9572906663798342,0.0128022754739833,0.0066165651411099,0.0,0.0,0.0232884930050727,1.0000000000000002e-06,1.0000000000000002e-06,300.07,83.4,0.7498250408238077,0.1636272289412721,56.08951897878438,8.341047383066815,1135.7015595747437,27.98956874883741,0.9904279444433968,0.0007412146353516,0.0015424933248681,0.0,0.0,0.0072869527342401,3.501993870320542e-07,1.0446627561929714e-06,0.6174913484829533,0.136479912430722,0.058647578032739,0.0,0.0,0.1873729557934379,7.663245081021703e-06,5.420150665164618e-07,15.08313719524296,0.8757820569229693,1.0,1.3008486037863347,3.1881300167877096,0.0,0.0,2.628520211026871,2.792333982219229,1.0,15.813326197117547,1139.6555629264626,20.687604017864448,302.7106577576344,7.946729358776584
23,225.0,18.951874404337385,0.9572906663798342,0.0128022754739833,0.0066165651411099,0.0,0.0,0.0232884930050727,1.0000000000000002e-06,1.0000000000000002e-06,300.07,83.4,0.7498250408238077,0.2272407002918151,56.08951897878438,8.341047383066815,1132.5918928301537,33.65793121573134,0.983127473887028,0.0017015516075799,0.0028359832821799,0.0,0.0,0.0123333885937516,5.713131466462149e-07,1.0313163137803996e-06,0.4651621091310763,0.2242441581163649,0.0786274858122492,0.0,0.0,0.2319566779947158,9.165445463560698e-06,4.0350013000614795e-07,14.528579301818674,0.9008946553603364,1.0,1.2754617048335433,3.0679469564305126,0.0,0.0,2.5648691591970105,2.707399180878144,1.0,15.813326197117547,1139.6555629264626,20.687604017864448,302.7106577576344,7.946729358776584
23,225.0,24.25723791497267,0.9572906663798342,0.0128022754739833,0.0066165651411099,0.0,0.0,0.0232884930050727,1.0000000000000002e-06,1.0000000000000002e-06,300.07,83.4,0.7498250408238077,0.2908541716423581,56.08951897878438,8.341047383066815,1130.0431006065817,38.22073081310474,0.977292321546766,0.0029147746610904,0.0038936443212991,0.0,0.0,0.0158975179726803,7.181629306346554e-07,1.0233352335793653e-06,0.3786469657797461,0.2988456060038296,0.0853900949548447,0.0,0.0,0.2371078548575361,9.153487470050384e-06,3.249165731516555e-07,14.084159404521262,0.9219720663897064,1.0,1.2555234369887165,2.9712089851040826,0.0,0.0,2.514611224185828,2.641338581236658,1.0,15.813326197117547,1139.6555629264626,20.687604017864448,302.7106577576344,7.946729358776584
23,225.0,29.562601425607955,0.9572906663798342,0.0128022754739833,0.0066165651411099,0.0,0.0,0.0232884930050727,1.0000000000000002e-06,1.0000000000000002e-06,300.07,83.4,0.7498250408238077,0.3544676429929011,56.08951897878438,8.341047383066815,1127.959536723943,41.87123924039518,0.9726156625969892,0.0043306131082184,0.004705196522755,0.0,0.0,0.0183466953042534,8.149250544954621e-07,1.017542729277298e-06,0.3227582329952083,0.3635719891881195,0.085756903142762,0.0,0.0,0.2279039379919476,8.663039772764261e-06,2.736421896097591e-07,13.725679191960698,0.9397060600939348,1.0,1.2395827797399008,2.892429884922832,0.0,0.0,2.474581875329917,2.589428962820722,1.0,15.813326197117547,1139.6555629264626,20.687604017864448,302.7106577576344,7.946729358776584
23,225.0,34.86796493624324,0.9572906663798342,0.0128022754739833,0.0066165651411099,0.0,0.0,0.0232884930050727,1.0000000000000002e-06,1.0000000000000002e-06,300.07,83.4,0.7498250408238077,0.4180811143434441,56.08951897878438,8.341047383066815,1126.214244313237,44.86178862685796,0.9687555298166708,0.0058895549960145,0.0053135891158759,0.0,0.0,0.0200394332019685,8.798894365934785e-07,1.0129800334610275e-06,0.2836179069180163,0.4189921533942626,0.0831791390669033,0.0,0.0,0.2142025056553235,8.057669298580865e-06,2.372961956527377e-07,13.427802543430753,0.9549593565332344,1.0,1.226403680618022,2.826048452009515,0.0,0.0,2.4416922259387204,2.5472664869731982,1.0,15.813326197117547,1139.6555629264626,20.687604017864448,302.7106577576344,7.946729358776584
23,225.0,40.17332844687853,0.9572906663798342,0.0128022754739833,0.0066165651411099,0.0,0.0,0.0232884930050727,1.0000000000000002e-06,1.0000000000000002e-06,300.07,83.4,0.7498250408238077,0.4816945856939871,56.08951897878438,8.341047383066815,1124.7008712543684,47.402213069628665,0.9654439750277743,0.0075437055789179,0.0057716010036447,0.0,0.0,0.0212387842582747,9.24965201903616e-07,1.0091661863820122e-06,0.2546634171664421,0.4659697758972073,0.0794329950380825,0.0,0.0,0.1999261355423914,7.466269836977616e-06,2.100860397333931e-07,13.171121806025193,0.9684676575999503,1.0,1.2150546744648194,2.768205548665126,0.0,0.0,2.413605932502658,2.511646322202878,1.0,15.813326197117547,1139.6555629264626,20.687604017864448,302.7106577576344,7.946729358776584
23,225.0,45.4786919575138,0.9572906663798342,0.0128022754739833,0.0066165651411099,0.0,0.0,0.0232884930050727,1.0000000000000002e-06,1.0000000000000002e-06,300.07,83.4,0.7498250408238077,0.54530805704453,56.08951897878438,8.341047383066815,1123.3449332396465,49.63886054164963,0.9624999516497148,0.0092601865612967,0.0061224203056567,0.0,0.0,0.0221154782642658,9.573904641053195e-07,1.005828601725193e-06,0.2323842894422928,0.505707291701861,0.0753800756406903,0.0,0.0,0.1865212249057625,6.929397736574692e-06,1.889116567197961e-07,12.94265502582002,0.9807436428528056,1.0,1.205000520233696,2.716455114131369,0.0,0.0,2.3888178289453754,2.48048458700073,1.0,15.813326197117547,1139.6555629264626,20.687604017864448,302.7106577576344,7.946729358776584
23,225.0,50.78405546814909,0.9572906663798342,0.0128022754739833,0.0066165651411099,0.0,0.0,0.0232884930050727,1.0000000000000002e-06,1.0000000000000002e-06,300.07,83.4,0.7498250408238077,0.608921528395073,56.08951897878438,8.341047383066815,1122.0974657236493,51.66770850757467,0.9598070665931708,0.0110176329813194,0.0063969853885225,0.0,0.0,0.0227763307161382,9.815147499449638e-07,1.002806098774708e-06,0.2147270899038211,0.5394317460406827,0.0714122703468237,0.0,0.0,0.1744222669539179,6.454805368466922e-06,1.7194938585336054e-07,12.734099132602854,0.9921414011001184,1.0,1.1958599986690877,2.669093710624553,0.0,0.0,2.3663732114145786,2.4524686700011404,1.0,15.813326197117547,1139.6555629264626,20.687604017864448,302.7106577576344,7.946729358776584
23,225.0,56.08941897878438,0.9572906663798342,0.0128022754739833,0.0066165651411099,0.0,0.0,0.0232884930050727,1.0000000000000002e-06,1.0000000000000002e-06,300.07,83.4,0.7498250408238077,0.672534999745616,56.08951897878438,8.341047383066815,1120.926606408047,53.5511431234715,0.9572907124701636,0.0128022416514451,0.0066165614219146,0.0,0.0,0.023288484456732,9.99999693162626e-07,1.000000051270458e-06,0.2004073296032925,0.5682271499948784,0.0676922163609436,0.0,0.0,0.1636671071878349,6.038803096749321e-06,1.5804995377294666e-07,12.540135986140916,1.0028861438915215,1.0,1.1874160400766187,2.625072185025189,0.0,0.0,2.345663045194145,2.4267650097560542,1.0,15.813326197117547,1139.6555629264626,20.687604017864448,302.7106577576344,7.946729358776584
23,230.0,10.096721904485667,0.9572906663798342,0.0128022754739833,0.0066165651411099,0.0,0.0,0.0232884930050727,1.0000000000000002e-06,1.0000000000000002e-06,300.07,83.4,0.7664878195087813,0.1210638118043845,55.15750671381295,10.096621904485668,1121.2571463384843,25.5442930774058,0.9991231990188348,5.644207462515863e-05,0.0001373306492424,0.0,0.0,0.0006817317653585,3.3307608149810274e-08,1.263184331137902e-06,0.9572822714257796,0.0128048333082578,0.0066178653941052,0.0,0.0,0.0232930297306773,1.0001939958616528e-06,9.99947184159591e-07,14.46335815402159,0.8882692788796143,1.0,1.2893105714724398,3.0687947103183384,0.0,0.0,2.501445977827227,2.6963766831993534,1.0,14.52556748614066,1121.6270137216943,24.87830228106012,302.7106577576344,9.61137473881863
23,230.0,15.103464661077588,0.9572906663798342,0.0128022754739833,0.0066165651411099,0.0,0.0,0.0232884930050727,1.0000000000000002e-06,1.0000000000000002e-06,300.07,83.4,0.7664878195087813,0.1810966985740718,55.15750671381295,10.096621904485668,1117.67299977996,31.970234761854083,0.9907540560237704,0.0007610931506717,0.0015238158312618,0.0,0.0,0.0069596590975005,3.2740379241726285e-07,1.0484930029683084e-06,0.6726596983955728,0.1152214690113655,0.0499341782456712,0.0,0.0,0.1621773458863784,6.720929997344349e-06,5.875310145744818e-07,13.872394447895529,0.915611456258028,1.0,1.262795447820637,2.948529956846016,0.0,0.0,2.437759784796419,2.6103024133900967,1.0,14.52556748614066,1121.6270137216943,24.87830228106012,302.7106577576344,9.61137473881863
23,230.0,20.110207417669507,0.9572906663798342,0.0128022754739833,0.0066165651411099,0.0,0.0,0.0232884930050727,1.0000000000000002e-06,1.0000000000000002e-06,300.07,83.4,0.7664878195087813,0.241129585343759,55.15750671381295,10.096621904485668,1114.5659268983827,37.46300140093378,0.9836853458503022,0.0017108967622272,0.0027767096271556,0.0,0.0,0.0118254734914584,5.408814343194124e-07,1.0333874221231838e-06,0.5271301147958419,0.1935611890199537,0.0691956302793495,0.0,0.0,0.210104127660208,8.482367636878537e-06,4.55877009889614e-07,13.37700243741827,0.93966923586121,1.0,1.2415914811330575,2.849009524076204,0.0,0.0,2.385196935283433,2.5401660292776205,1.0,14.52556748614066,1121.6270137216943,24.87830228106012,302.7106577576344,9.61137473881863
23,230.0,25.116950174261422,0.9572906663798342,0.0128022754739833,0.0066165651411099,0.0,0.0,0.0232884930050727,1.0000000000000002e-06,1.0000000000000002e-06,300.07,83.4,0.7664878195087813,0.3011624721134463,55.15750671381295,10.096621904485668,1111.9570933097975,41.987215257655095,0.9778834858882544,0.0029038915256932,0.00381784039701,0.0,0.0,0.0153930673292232,6.901173412454092e-07,1.0247424777977203e-06,0.4387294858686387,0.262059919055987,0.0770930730633424,0.0,0.0,0.222108341711695,8.803356761225524e-06,3.7694357538987813e-07,12.971286228451389,0.9602783333470456,1.0,1.2245808438645618,2.7674038112390904,0.0,0.0,2.342746168464769,2.4841674638234434,1.0,14.52556748614066,1121.6270137216943,24.87830228106012,302.7106577576344,9.61137473881863
23,230.0,30.123692930853345,0.9572906663798342,0.0128022754739833,0.0066165651411099,0.0,0.0,0.0232884930050727,1.0000000000000002e-06,1.0000000000000002e-06,300.07,83.4,0.7664878195087813,0.3611953588831336,55.15750671381295,10.096621904485668,1109.7812110909615,45.67531057250022,0.9731335503341362,0.0043007325760132,0.0046335259138268,0.0,0.0,0.0179303799040244,7.927361862286769e-07,1.0185358131386587e-06,0.3792389005862235,0.3229940245467459,0.0789707735210616,0.0,0.0,0.2187874153172426,8.562336117667413e-06,3.236926088628938e-07,12.63869686741592,0.977843425071486,1.0,1.2108041425238674,2.6998952331237267,0.0,0.0,2.3083101862553224,2.4392804318335832,1.0,14.52556748614066,1121.6270137216943,24.87830228106012,302.7106577576344,9.61137473881863
23,230.0,35.130435687445264,0.9572906663798342,0.0128022754739833,0.0066165651411099,0.0,0.0,0.0232884930050727,1.0000000000000002e-06,1.0000000000000002e-06,300.07,83.4,0.7664878195087813,0.4212282456528208,55.15750671381295,10.096621904485668,1107.9356173443882,48.72947953864861,0.9691626310180924,0.0058487216569078,0.0052560851391549,0.0,0.0,0.0197306846887223,8.638277167782491e-07,1.0136694058224531e-06,0.3364041595547571,0.3764630402298992,0.077767693177414,0.0,0.0,0.2093567003153743,8.121612625385321e-06,2.851099299835537e-07,12.360008967978864,0.9930720757150276,1.0,1.1993302397067398,2.642615991522918,0.0,0.0,2.279712899434977,2.402405467990221,1.0,14.52556748614066,1121.6270137216943,24.87830228106012,302.7106577576344,9.61137473881863
23,230.0,40.13717844403719,0.9572906663798342,0.0128022754739833,0.0066165651411099,0.0,0.0,0.0232884930050727,1.0000000000000002e-06,1.0000000000000002e-06,300.07,83.4,0.7664878195087813,0.4812611324225082,55.15750671381295,10.096621904485668,1106.3254186939064,51.33458967061888,0.9657362661946484,0.0075015932639022,0.0057307476615732,0.0,0.0,0.0210294690298215,9.142278623247348e-07,1.009622192326091e-06,0.3040659421443958,0.422783419603774,0.0751300978067589,0.0,0.0,0.1980126506292924,7.634044023934375e-06,2.557717549290052e-07,12.11924888213522,1.0065857194028502,1.0,1.189434537633307,2.592606144453566,0.0,0.0,2.255203556951134,2.37109537416452,1.0,14.52556748614066,1121.6270137216943,24.87830228106012,302.7106577576344,9.61137473881863
23,230.0,45.14392120062911,0.9572906663798342,0.0128022754739833,0.0066165651411099,0.0,0.0,0.0232884930050727,1.0000000000000002e-06,1.0000000000000002e-06,300.07,83.4,0.7664878195087813,0.5412940191921956,55.15750671381295,10.096621904485668,1104.8794337419024,53.62847635601367,0.9626850908289816,0.0092255083994068,0.0060972669556406,0.0,0.0,0.0219901767007147,9.510146271274084e-07,1.0061006287707982e-06,0.2787886746809317,0.4626822593018388,0.0719330519040607,0.0,0.0,0.1865886201393422,7.161301056578521e-06,2.3267276970461719e-07,11.905046253838554,1.0188947305970453,1.0,1.1806685890393365,2.547819830256538,0.0,0.0,2.2335591650059388,2.343660407248388,1.0,14.52556748614066,1121.6270137216943,24.87830228106012,302.7106577576344,9.61137473881863
23,230.0,50.15066395722103,0.9572906663798342,0.0128022754739833,0.0066165651411099,0.0,0.0,0.0232884930050727,1.0000000000000002e-06,1.0000000000000002e-06,300.07,83.4,0.7664878195087813,0.6013269059618828,55.15750671381295,10.096621904485668,1103.5486145747618,55.70575631559096,0.9598950552783666,0.010997488557628,0.0063854851465577,0.0,0.0,0.0227199894271777,9.786608536896987e-07,1.0029294161042549e-06,0.2584999995020134,0.4970495603410349,0.0686182668017869,0.0,0.0,0.1758252337903957,6.725564369123626e-06,2.1400039978355373e-07,11.709808489202077,1.0302943628861017,1.0,1.1727020485942914,2.506819052272562,0.0,0.0,2.213970940625656,2.3189908104338217,1.0,14.52556748614066,1121.6270137216943,24.87830228106012,302.7106577576344,9.61137473881863
23,230.0,55.15740671381295,0.9572906663798342,0.0128022754739833,0.0066165651411099,0.0,0.0,0.0232884930050727,1.0000000000000002e-06,1.0000000000000002e-06,300.07,83.4,0.7664878195087813,0.6613597927315701,55.15750671381295,10.096621904485668,1102.300014193182,57.62983709515397,0.9572907168933016,0.0128022391855758,0.0066165609907811,0.0,0.0,0.0232884829306612,9.99999623501023e-07,1.000000056585054e-06,0.2418722489307793,0.5267522432758702,0.0653973565777857,0.0,0.0,0.1659716202988924,6.332326512728611e-06,1.9859015958394605e-07,11.52854174207437,1.041060065058163,1.0,1.1653436334763931,2.4687075299777104,0.0,0.0,2.1959085520274666,2.2963617796571296,1.0,14.52556748614066,1121.6270137216943,24.87830228106012,302.7106577576344,9.61137473881863
23,235.0,12.118502646637491,0.9572906663798342,0.0128022754739833,0.0066165651411099,0.0,0.0,0.0232884930050727,1.0000000000000002e-06,1.0000000000000002e-06,300.07,83.4,0.7831505981937548,0.1453057871299459,54.667248781569526,12.118402646637492,1102.4008783066154,30.54884780207772,0.9989324020848864,7.461842256165096e-05,0.0001723748978116,0.0,0.0,0.0008192922271921,3.8688539031951094e-08,1.2736790087036488e-06,0.9572838043422712,0.012804372832782,0.0066176270631158,0.0,0.0,0.0232921956485177,1.0001584121133109e-06,9.999549011200868e-07,13.18874500096762,0.9340032734565354,1.0,1.2492906459341535,2.827581851384521,0.0,0.0,2.315562455562048,2.5124459812570805,1.0,13.258875583506692,1102.8688895247462,29.73094022392497,302.7106577576344,11.525181126674264
23,235.0,16.846129994963274,0.9572906663798342,0.0128022754739833,0.0066165651411099,0.0,0.0,0.0232884930050727,1.0000000000000002e-06,1.0000000000000002e-06,300.07,83.4,0.7831505981937548,0.2019919663664661,54.667248781569526,12.118402646637492,1098.8768851153136,36.67576206530546,0.9910036444902354,0.0007869515652744,0.0015105597485407,0.0,0.0,0.0066974830316413,3.081038677941386e-07,1.0530604401718077e-06,0.7211087208351215,0.0969776505421746,0.0423875457892628,0.0,0.0,0.1395196073624181,5.8471948720788e-06,6.282761507987337e-07,12.671136284773524,0.960050147406539,1.0,1.227562439526691,2.7297911920157016,0.0,0.0,2.263983507758032,2.442725265785912,1.0,13.258875583506692,1102.8688895247462,29.73094022392497,302.7106577576344,11.525181126674264
23,235.0,21.573757343289053,0.9572906663798342,0.0128022754739833,0.0066165651411099,0.0,0.0,0.0232884930050727,1.0000000000000002e-06,1.0000000000000002e-06,300.07,83.4,0.7831505981937548,0.2586781456029862,54.667248781569526,12.118402646637492,1095.7680112537848,42.00293259536459,0.984168166889769,0.0017294708532295,0.0027227329389459,0.0,0.0,0.0113780805201661,5.130132712326774e-07,1.035784618029552e-06,0.5860917675119472,0.1657262008621998,0.0603933746805719,0.0,0.0,0.1877804254980298,7.725660275399692e-06,5.057869758362502e-07,12.229491685710038,0.983329097812424,1.0,1.209818901469685,2.6473280169989755,0.0,0.0,2.2205338401857877,2.384644197838369,1.0,13.258875583506692,1102.8688895247462,29.73094022392497,302.7106577576344,11.525181126674264
23,235.0,26.301384691614835,0.9572906663798342,0.0128022754739833,0.0066165651411099,0.0,0.0,0.0232884930050727,1.0000000000000002e-06,1.0000000000000002e-06,300.07,83.4,0.7831505981937548,0.3153643248395064,54.667248781569526,12.118402646637492,1093.1019723306924,46.483704542539705,0.9784246636333676,0.0029047951106734,0.0037448587645303,0.0,0.0,0.0149239931627494,6.629978319514397e-07,1.0263308473474085e-06,0.4987042447067887,0.2275676153639874,0.0689296967050463,0.0,0.0,0.204789701969905,8.312607098764033e-06,4.2864717356541014e-07,11.860668954276862,1.0036203608332337,1.0,1.195361030434215,2.578470388798494,0.0,0.0,2.1846482202282207,2.3371800448676314,1.0,13.258875583506692,1102.8688895247462,29.73094022392497,302.7106577576344,11.525181126674264
23,235.0,31.029012039940618,0.9572906663798342,0.0128022754739833,0.0066165651411099,0.0,0.0,0.0232884930050727,1.0000000000000002e-06,1.0000000000000002e-06,300.07,83.4,0.7831505981937548,0.3720505040760266,54.667248781569526,12.118402646637492,1090.836236049571,50.205084745275535,0.973626319757842,0.0042828876767279,0.0045616562984808,0.0,0.0,0.0175273462378361,7.703847670175812e-07,1.019644346110443e-06,0.4374408973390545,0.283914894987223,0.0720099634044894,0.0,0.0,0.2066255623622093,8.307049376724201e-06,3.7485764712545394e-07,11.553497790283666,1.0211804350386289,1.0,1.1834726530941249,2.520652085057487,0.0,0.0,2.1550386552758987,2.2984039735172708,1.0,13.258875583506692,1102.8688895247462,29.73094022392497,302.7106577576344,11.525181126674264
23,235.0,35.7566393882664,0.9572906663798342,0.0128022754739833,0.0066165651411099,0.0,0.0,0.0232884930050727,1.0000000000000002e-06,1.0000000000000002e-06,300.07,83.4,0.7831505981937548,0.4287366833125467,54.667248781569526,12.118402646637492,1088.8897158584828,53.32507231927256,0.9695604266538213,0.0058181775509505,0.005196569824901,0.0,0.0,0.0194229643684474,8.471664702535003e-07,1.0144354093884802e-06,0.3920453483264466,0.334546838013657,0.0720331410335042,0.0,0.0,0.2013662968792042,8.040759982404256e-06,3.349872052250985e-07,11.293674806385912,1.0365277956986134,1.0,1.1734897707347085,2.471221740069596,0.0,0.0,2.1301931601061703,2.266164478665618,1.0,13.258875583506692,1102.8688895247462,29.73094022392497,302.7106577576344,11.525181126674264
23,235.0,40.484266736592176,0.9572906663798342,0.0128022754739833,0.0066165651411099,0.0,0.0,0.0232884930050727,1.0000000000000002e-06,1.0000000000000002e-06,300.07,83.4,0.7831505981937548,0.4854228625490668,54.667248781569526,12.118402646637492,1087.1796484452964,56.00259178658641,0.9660269995887624,0.0074670898540493,0.0056874420347158,0.0,0.0,0.0208165555363717,9.028587211979823e-07,1.0101273795127452e-06,0.3570296194335458,0.3793753020844485,0.070455294187768,0.0,0.0,0.1931318056927995,7.674439300896803e-06,3.041621371618196e-07,11.068342236310889,1.0502017795203238,1.0,1.1648718391260315,2.4279524618065857,0.0,0.0,2.1087981208819,2.2386259765272856,1.0,13.258875583506692,1102.8688895247462,29.73094022392497,302.7106577576344,11.525181126674264
23,235.0,45.21189408491796,0.9572906663798342,0.0128022754739833,0.0066165651411099,0.0,0.0,0.0232884930050727,1.0000000000000002e-06,1.0000000000000002e-06,300.07,83.4,0.7831505981937548,0.5421090417855869,54.667248781569526,12.118402646637492,1085.6393995775295,58.36460172566488,0.9628714191759088,0.0091956175913829,0.0060701175294546,0.0,0.0,0.0218608951362983,9.441659232653232e-07,1.0064010319208928e-06,0.3291941521490913,0.4187204959831284,0.068117558399898,0.0,0.0,0.1839602299311566,7.283953124927571e-06,2.795836002948699e-07,10.867767001821122,1.062668595831043,1.0,1.1572339797163058,2.3891093800691654,0.0,0.0,2.0898777413455,2.214440462296454,1.0,13.258875583506692,1102.8688895247462,29.73094022392497,302.7106577576344,11.525181126674264
23,235.0,49.93952143324374,0.9572906663798342,0.0128022754739833,0.0066165651411099,0.0,0.0,0.0232884930050727,1.0000000000000002e-06,1.0000000000000002e-06,300.07,83.4,0.7831505981937548,0.5987952210221071,54.667248781569526,12.118402646637492,1084.2206751712588,60.50266180904051,0.9599843003846696,0.0109795524161895,0.0063728981197236,0.0,0.0,0.0226612704505537,9.75563787617996e-07,1.0030650759560946e-06,0.3065441305629648,0.4531481849344175,0.0654833116164299,0.0,0.0,0.1748172099008042,6.903467407795169e-06,2.595179757667542e-07,10.68513274818285,1.074237729036215,1.0,1.1503051420688346,2.353547954808485,0.0,0.0,2.072757242805733,2.192682206412171,1.0,13.258875583506692,1102.8688895247462,29.73094022392497,302.7106577576344,11.525181126674264
23,235.0,54.66714878156952,0.9572906663798342,0.0128022754739833,0.0066165651411099,0.0,0.0,0.0232884930050727,1.0000000000000002e-06,1.0000000000000002e-06,300.07,83.4,0.7831505981937548,0.6554814002586273,54.667248781569526,12.118402646637492,1082.8898638138007,62.480274459471616,0.9572907216825864,0.0128022366111022,0.0066165605004813,0.0,0.0,0.0232884812062256,9.99999541811122e-07,1.0000000625426063e-06,0.2877679020816423,0.4832957404783246,0.0627983343634925,0.0,0.0,0.1661312331850035,6.547063595773762e-06,2.428279411672102e-07,10.515822184975628,1.0851316846376209,1.0,1.1439075412706663,2.3204942307924283,0.0,0.0,2.0569799526759915,2.1727362496645366,1.0,13.258875583506692,1102.8688895247462,29.73094022392497,302.7106577576344,11.525181126674264
23,240.0,14.431968102430268,0.9572906663798342,0.0128022754739833,0.0066165651411099,0.0,0.0,0.0232884930050727,1.0000000000000002e-06,1.0000000000000002e-06,300.07,83.4,0.7998133768787283,0.1730451810842957,54.60627955459788,14.431868102430268,1082.6717184594927,36.34027938059167,0.998703462053826,9.812999127830308e-05,0.0002144971766634,0.0,0.0,0.0009825845658265,4.489946198242145e-08,1.281312943840881e-06,0.9572850259847858,0.0128040057700936,0.006617437098481,0.0,0.0,0.0232915310548701,1.0001300840539166e-06,9.999616853653651e-07,11.93580663780584,0.9847994027986992,1.0,1.21273964630292,2.609610771964703,0.0,0.0,2.147540384190329,2.344944811346894,1.0,12.014498351825988,1083.263844328595,35.3375257790447,302.7106577576344,13.710780754884407
23,240.0,18.895769374893337,0.9572906663798342,0.0128022754739833,0.0066165651411099,0.0,0.0,0.0232884930050727,1.0000000000000002e-06,1.0000000000000002e-06,300.07,83.4,0.7998133768787283,0.226567978116227,54.60627955459788,14.431868102430268,1079.1912539549928,42.200739011243954,0.9911784432853616,0.000819792385777,0.0015034527660344,0.0,0.0,0.0064969610019328,2.921054148766408e-07,1.0584554789649202e-06,0.7628901615235192,0.0815409468915108,0.035948428068347,0.0,0.0,0.1196147379464723,5.060905650927643e-06,6.646644997080182e-07,11.482515423118649,1.0099151196427287,1.0,1.1949341900038055,2.5298682853150134,0.0,0.0,2.105534096965346,2.2881526819737066,1.0,12.014498351825988,1083.263844328595,35.3375257790447,302.7106577576344,13.710780754884407
23,240.0,23.359570647356406,0.9572906663798342,0.0128022754739833,0.0066165651411099,0.0,0.0,0.0232884930050727,1.0000000000000002e-06,1.0000000000000002e-06,300.07,83.4,0.7998133768787283,0.2800907751481583,54.60627955459788,14.431868102430268,1076.074310511732,47.37382513568173,0.984575508054522,0.0017578850586309,0.0026745486570212,0.0,0.0,0.0109905317829859,4.878647704148716e-07,1.0385820693908131e-06,0.6407955808208948,0.1409135297421739,0.0523426448186698,0.0,0.0,0.1659407515591576,6.940598272031051e-06,5.524608316047342e-07,11.08975348540512,1.0326947865514582,1.0,1.1801296200094098,2.461486746896948,0.0,0.0,2.0695351757958598,2.239927328487566,1.0,12.014498351825988,1083.263844328595,35.3375257790447,302.7106577576344,13.710780754884407
23,240.0,27.823371919819472,0.9572906663798342,0.0128022754739833,0.0066165651411099,0.0,0.0,0.0232884930050727,1.0000000000000002e-06,1.0000000000000002e-06,300.07,83.4,0.7998133768787283,0.3336135721800896,54.60627955459788,14.431868102430268,1073.3513454680194,51.80879598019448,0.9789111410834768,0.0029180233379977,0.0036754124716134,0.0,0.0,0.0144937577922343,6.371658056484299e-07,1.0281488720794743e-06,0.5570081526400658,0.195799797298209,0.0610692078317043,0.0,0.0,0.1861146458497866,7.717529812669682e-06,4.788504216786278e-07,10.755965720092938,1.0528693216779026,1.0,1.1678532296027606,2.4033602777168284,0.0,0.0,2.039234295420571,2.1996920572134937,1.0,12.014498351825988,1083.263844328595,35.3375257790447,302.7106577576344,13.710780754884407
23,240.0,32.28717319228254,0.9572906663798342,0.0128022754739833,0.0066165651411099,0.0,0.0,0.0232884930050727,1.0000000000000002e-06,1.0000000000000002e-06,300.07,83.4,0.7998133768787283,0.3871363692120208,54.60627955459788,14.431868102430268,1070.9965868010408,55.55953744464327,0.9740879754572942,0.004277897678509,0.0044903582135716,0.0,0.0,0.0171419995559634,7.481944483405705e-07,1.0209002132594723e-06,0.4958822447635384,0.2469600019129559,0.0650217405141987,0.0,0.0,0.1921276700274219,7.916893748255398e-06,4.2588813678272004e-07,10.47370391555622,1.070568041415998,1.0,1.157625184338036,2.353927977705436,0.0,0.0,2.0138202680050297,2.1662284281229973,1.0,12.014498351825988,1083.263844328595,35.3375257790447,302.7106577576344,13.710780754884407
23,240.0,36.75097446474561,0.9572906663798342,0.0128022754739833,0.0066165651411099,0.0,0.0,0.0232884930050727,1.0000000000000002e-06,1.0000000000000002e-06,300.07,83.4,0.7998133768787283,0.4406591662439521,54.60627955459788,14.431868102430268,1068.9475526515484,58.74637463184883,0.9699440444191167,0.0057989860567633,0.0051355906112382,0.0,0.0,0.0191195335081835,8.301050109262578e-07,1.015299687105257e-06,0.4492586786004363,0.293983714341859,0.0660775590295042,0.0,0.0,0.1906718410407608,7.821268498019623e-06,3.857189417437826e-07,10.232527908630807,1.0862004836076793,1.0,1.1489736256865302,2.3113094949880457,0.0,0.0,1.9922592910311383,2.138058426711258,1.0,12.014498351825988,1083.263844328595,35.3375257790447,302.7106577576344,13.710780754884407
23,240.0,41.21477573720868,0.9572906663798342,0.0128022754739833,0.0066165651411099,0.0,0.0,0.0232884930050727,1.0000000000000002e-06,1.0000000000000002e-06,300.07,83.4,0.7998133768787283,0.4941819632758834,54.60627955459788,14.431868102430268,1067.1336853590913,61.50260279200288,0.966313032464156,0.0074412489526465,0.0056419555607306,0.0,0.0,0.0206018613748842,8.909512385551514e-07,1.0106963438942011e-06,0.4124896531696598,0.3365192088564697,0.0654667915576173,0.0,0.0,0.1855164075642676,7.584733446773293e-06,3.5411853866898306e-07,10.02231642899216,1.100213365141442,1.0,1.1414810821894323,2.273789361326556,0.0,0.0,1.973584875464968,2.1138308603544207,1.0,12.014498351825988,1083.263844328595,35.3375257790447,302.7106577576344,13.710780754884407
23,240.0,45.67857700967174,0.9572906663798342,0.0128022754739833,0.0066165651411099,0.0,0.0,0.0232884930050727,1.0000000000000002e-06,1.0000000000000002e-06,300.07,83.4,0.7998133768787283,0.5477047603078146,54.60627955459788,14.431868102430268,1065.4939123246222,63.94250073757585,0.9630572573953816,0.0091713256682891,0.0060410546350375,0.0,0.0,0.0217284186871687,9.368752657397284e-07,1.0067388570329109e-06,0.3827390252557466,0.3745702878189045,0.0639572894713959,0.0,0.0,0.178725779473033,7.289403837895838e-06,3.285770818287048e-07,9.834918995499068,1.1130010677951838,1.0,1.134828021193386,2.240055904431516,0.0,0.0,1.9570334950262915,2.0925034613532465,1.0,12.014498351825988,1083.263844328595,35.3375257790447,302.7106577576344,13.710780754884407
23,240.0,50.142378282134814,0.9572906663798342,0.0128022754739833,0.0066165651411099,0.0,0.0,0.0232884930050727,1.0000000000000002e-06,1.0000000000000002e-06,300.07,83.4,0.7998133768787283,0.601227557339746,54.60627955459788,14.431868102430268,1063.981535359124,66.15292070678531,0.960074146260993,0.0109642577294366,0.0063592252135744,0.0,0.0,0.0226003953510896,9.72227547263828e-07,1.003217359129014e-06,0.3581761910641992,0.4084160695950475,0.0620062508028517,0.0,0.0,0.1713942033148529,6.977725422729904e-06,3.0749762571354493e-07,9.664357808058847,1.1248662082662464,1.0,1.1288150765148497,2.2091632455248607,0.0,0.0,1.942051341993144,2.0732998056805174,1.0,12.014498351825988,1083.263844328595,35.3375257790447,302.7106577576344,13.710780754884407
23,240.0,54.60617955459788,0.9572906663798342,0.0128022754739833,0.0066165651411099,0.0,0.0,0.0232884930050727,1.0000000000000002e-06,1.0000000000000002e-06,300.07,83.4,0.7998133768787283,0.6547503543716772,54.60627955459788,14.431868102430268,1062.5627624908295,68.19644049658055,0.9572907265871216,0.0128022341197848,0.0066165599668015,0.0,0.0,0.0232884793267739,9.999994490694003e-07,1.0000000689959483e-06,0.3375638771149177,0.4384700923761255,0.0598768537094391,0.0,0.0,0.1640822161406514,6.6708492634103e-06,2.898096026587092e-07,9.506422234407816,1.1360478184484977,1.0,1.1232667819565654,2.180450809849418,0.0,0.0,1.92825062907058,2.0556891213381867,1.0,12.014498351825988,1083.263844328595,35.3375257790447,302.7106577576344,13.710780754884407
23,245.0,17.064016397151526,0.9572906663798342,0.0128022754739833,0.0066165651411099,0.0,0.0,0.0232884930050727,1.0000000000000002e-06,1.0000000000000002e-06,300.07,83.4,0.8164761555637018,0.204604513155294,54.96747602036096,17.063916397151527,1061.9210626031054,43.03704575186274,0.9984283094792455,0.0001285544781885,0.000264972878818,0.0,0.0,0.0011768248578091,5.2107771388308916e-08,1.2861981673782973e-06,0.9572860084216008,0.0128037105018218,0.0066172843230863,0.0,0.0,0.0232909966785682,1.0001073285214666e-06,9.999675941787222e-07,10.70604896441536,1.0417899599030207,1.0,1.179336344465986,2.4120359349958247,0.0,0.0,1.995208703332132,2.191686210701404,1.0,10.793959502416731,1062.6711211462375,41.80803719266337,302.7106577576344,16.191644196077288
23,245.0,21.275500799730352,0.9572906663798342,0.0128022754739833,0.0066165651411099,0.0,0.0,0.0232884930050727,1.0000000000000002e-06,1.0000000000000002e-06,300.07,83.4,0.8164761555637018,0.2551019280543207,54.96747602036096,17.063916397151527,1058.4681810190698,48.66046810724806,0.9912776671669198,0.0008610447100336,0.001503505621496,0.0,0.0,0.0063564384886437,2.7926696678676564e-07,1.0647459399920378e-06,0.798428456889565,0.0686180361843262,0.0305160535846375,0.0,0.0,0.102432387123311,4.368853957610301e-06,6.973642026522152e-07,10.309596067041504,1.0663413120938998,1.0,1.1647652702198157,2.346836711315857,0.0,0.0,1.9609109791801944,2.145211859371968,1.0,10.793959502416731,1062.6711211462375,41.80803719266337,302.7106577576344,16.191644196077288
23,245.0,25.486985202309175,0.9572906663798342,0.0128022754739833,0.0066165651411099,0.0,0.0,0.0232884930050727,1.0000000000000002e-06,1.0000000000000002e-06,300.07,83.4,0.8164761555637018,0.3055993429533474,54.96747602036096,17.063916397151527,1055.3352500307622,53.69208777619532,0.9849059483217484,0.0017972040320876,0.0026328854667975,0.0,0.0,0.0106624547696926,4.655524567203349e-07,1.041857217163792e-06,0.6904671621508601,0.119135128877155,0.0451075489616458,0.0,0.0,0.1452834005196614,6.163922158187526e-06,5.955685194738238e-07,9.961411031402587,1.0888888809514838,1.0,1.1524457623367546,2.290081947861079,0.0,0.0,1.931065446977561,2.105078551762181,1.0,10.793959502416731,1062.6711211462375,41.80803719266337,302.7106577576344,16.191644196077288
23,245.0,29.698469604888004,0.9572906663798342,0.0128022754739833,0.0066165651411099,0.0,0.0,0.0232884930050727,1.0000000000000002e-06,1.0000000000000002e-06,300.07,83.4,0.8164761555637018,0.3560967578523741,54.96747602036096,17.063916397151527,1052.553159637754,58.08143154900506,0.979338306381015,0.0029444673861041,0.0036103179262315,0.0,0.0,0.0141052651126481,6.129420628753789e-07,1.030251938451307e-06,0.6123490927494836,0.1670304755986641,0.0536501544489209,0.0,0.0,0.1669626948720034,7.055631074833131e-06,5.266998529455569e-07,9.660830180563485,1.1091513846880348,1.0,1.1420646713506089,2.2411262521238453,0.0,0.0,1.905509051804257,2.07096800463936,1.0,10.793959502416731,1062.6711211462375,41.80803719266337,302.7106577576344,16.191644196077288
23,245.0,33.90995400746683,0.9572906663798342,0.0128022754739833,0.0066165651411099,0.0,0.0,0.0232884930050727,1.0000000000000002e-06,1.0000000000000002e-06,300.07,83.4,0.8164761555637018,0.4065941727514008,54.96747602036096,17.063916397151527,1050.108289157883,61.85878940771431,0.9745125806345916,0.0042868003991223,0.0044204719858145,0.0,0.0,0.0167783981501643,7.26488776315429e-07,1.0223415309362143e-06,0.5531591924006101,0.2126274193418467,0.0581503465034239,0.0,0.0,0.1760551477764437,7.418246679341846e-06,4.757309962967319e-07,9.402940181468097,1.127201898245768,1.0,1.1333075318073147,2.198897850961668,0.0,0.0,1.8837370069199693,2.0421158411685987,1.0,10.793959502416731,1062.6711211462375,41.80803719266337,302.7106577576344,16.191644196077288
23,245.0,38.121438410045656,0.9572906663798342,0.0128022754739833,0.0066165651411099,0.0,0.0,0.0232884930050727,1.0000000000000002e-06,1.0000000000000002e-06,300.07,83.4,0.8164761555637018,0.4570915876504275,54.96747602036096,17.063916397151527,1047.953826071241,65.11325458219648,0.9703083840706286,0.0057923665496072,0.0050737715539096,0.0,0.0,0.018823648672689,8.128645335412827e-07,1.0162886318501111e-06,0.5067083683518764,0.2554362722417577,0.0600172837935871,0.0,0.0,0.1778301620908252,7.477320412250872e-06,4.362015412314134e-07,9.180259062910128,1.1432927472690886,1.0,1.12583448958699,2.1621282090538,0.0,0.0,1.86505405743557,2.0175227861982763,1.0,10.793959502416731,1062.6711211462375,41.80803719266337,302.7106577576344,16.191644196077288
23,245.0,42.33292281262448,0.9572906663798342,0.0128022754739833,0.0066165651411099,0.0,0.0,0.0232884930050727,1.0000000000000002e-06,1.0000000000000002e-06,300.07,83.4,0.8164761555637018,0.5075890025494542,54.96747602036096,17.063916397151527,1046.0310253161772,67.95381491102853,0.9665909119167968,0.0074252644626616,0.0055946210873559,0.0,0.0,0.0203873125657266,8.786204275973968e-07,1.0113470314363346e-06,0.4692481790402685,0.29496792561602,0.0602444092591765,0.0,0.0,0.1755317119837578,7.369551017996667e-06,4.045497590252317e-07,8.984998353587525,1.1578128498752278,1.0,1.1193342466330614,2.129590425076793,0.0,0.0,1.848763215950323,1.9962187424256213,1.0,10.793959502416731,1062.6711211462375,41.80803719266337,302.7106577576344,16.191644196077288
23,245.0,46.54440721520331,0.9572906663798342,0.0128022754739833,0.0066165651411099,0.0,0.0,0.0232884930050727,1.0000000000000002e-06,1.0000000000000002e-06,300.07,83.4,0.8164761555637018,0.5580864174484809,54.96747602036096,17.063916397151527,1044.2851325062504,70.48087594909201,0.9632406943042024,0.0091535635426665,0.006010192987422,0.0,0.0,0.0215936128539783,9.29186449278502e-07,1.0071252813144398e-06,0.4383836467921622,0.3310095608313154,0.0594987988097037,0.0,0.0,0.1711004392584217,7.1757102686562415e-06,3.785981280092685e-07,8.810502884324153,1.1711114306661798,1.0,1.1135719356054683,2.1002700599989,0.0,0.0,1.8342791063583976,1.9773854057305456,1.0,10.793959502416731,1062.6711211462375,41.80803719266337,302.7106577576344,16.191644196077288
23,245.0,50.75589161778213,0.9572906663798342,0.0128022754739833,0.0066165651411099,0.0,0.0,0.0232884930050727,1.0000000000000002e-06,1.0000000000000002e-06,300.07,83.4,0.8164761555637018,0.6085838323475076,54.96747602036096,17.063916397151527,1042.6718592954592,72.77507612421685,0.9601638296601298,0.010952109437651,0.0063444759893336,0.0,0.0,0.0225376128604326,9.68660874399055e-07,1.003391578464184e-06,0.412513066956648,0.3636103965159835,0.0582071155112593,0.0,0.0,0.1656621219098092,6.942180080746274e-06,3.569262190405876e-07,8.651637065805234,1.1834877264823191,1.0,1.1083558133850722,2.073399991340643,0.0,0.0,1.8211557415610804,1.9604017116971304,1.0,10.793959502416731,1062.6711211462375,41.80803719266337,302.7106577576344,16.191644196077288
23,245.0,54.96737602036096,0.9572906663798342,0.0128022754739833,0.0066165651411099,0.0,0.0,0.0232884930050727,1.0000000000000002e-06,1.0000000000000002e-06,300.07,83.4,0.8164761555637018,0.6590812472465343,54.96747602036096,17.063916397151527,1041.157772159748,74.8969763413151,0.957290732579937,0.012802231067717,0.0066165592990434,0.0,0.0,0.0232884770538902,9.99999334813699e-07,1.0000000772578636e-06,0.3905225474950975,0.3929837984038837,0.056633058201981,0.0,0.0,0.1598535623858064,6.694951688242181e-06,3.385615430016821e-07,8.504652360017174,1.1951476991937575,1.0,1.103555690752667,2.048436917085368,0.0,0.0,1.8090687113931867,1.9448228555509373,1.0,10.793959502416731,1062.6711211462375,41.80803719266337,302.7106577576344,16.191644196077288
23,250.0,20.043230860815708,0.9572906663798342,0.0128022754739833,0.0066165651411099,0.0,0.0,0.0232884930050727,1.0000000000000002e-06,1.0000000000000002e-06,300.07,83.4,0.8331389342486754,0.2403265091224904,55.74783191929608,20.043130860815708,1039.965849155608,50.78478698843277,0.9980965767695686,0.0001680227233703,0.000325408261263,0.0,0.0,0.0014086432921583,6.053311922262883e-08,1.2884205203297937e-06,0.9572868053244106,0.012803470927035,0.0066171604104019,0.0,0.0,0.0232905632765503,1.000088892360457e-06,9.999727096490777e-07,9.50131404891148,1.1064737623392449,1.0,1.1487921277150217,2.232326410849765,0.0,0.0,1.8568827471577376,2.050781242394893,1.0,9.599114364051816,1040.9186176418627,49.27650279185157,302.7106577576344,18.99215487266697
23,250.0,24.010397645091302,0.9572906663798342,0.0128022754739833,0.0066165651411099,0.0,0.0,0.0232884930050727,1.0000000000000002e-06,1.0000000000000002e-06,300.07,83.4,0.8331389342486754,0.2878944561761547,55.74783191929608,20.043130860815708,1036.5247895903149,56.19803826774189,0.9912975948207632,0.000912716254313,0.0015120796766804,0.0,0.0,0.0062762677670646,2.695180742648129e-07,1.0719631042608824e-06,0.8283548867785087,0.057881018465052,0.0259699981911739,0.0,0.0,0.0877895998199984,3.769590224619836e-06,7.27155042345988e-07,9.155495837690928,1.1308190339304696,1.0,1.1369096205629454,2.179001496938639,0.0,0.0,1.8288062912202476,2.0126147315526075,1.0,9.599114364051816,1040.9186176418627,49.27650279185157,302.7106577576344,18.99215487266697
23,250.0,27.9775644293669,0.9572906663798342,0.0128022754739833,0.0066165651411099,0.0,0.0,0.0232884930050727,1.0000000000000002e-06,1.0000000000000002e-06,300.07,83.4,0.8331389342486754,0.3354624032298189,55.74783191929608,20.043130860815708,1033.366322708974,61.10169026718451,0.9851563190956352,0.0018490929706284,0.0025987824515933,0.0,0.0,0.0103943136104052,4.4618464011397065e-07,1.0456870976863918e-06,0.7347686502517032,0.1002692470365699,0.0387006908407376,0.0,0.0,0.1262553541973178,5.422509377456111e-06,6.351642937667875e-07,8.848125395043343,1.1534324490270245,1.0,1.1267098926684451,2.1319087459712707,0.0,0.0,1.8040524262374624,1.9791596794933752,1.0,9.599114364051816,1040.9186176418627,49.27650279185157,302.7106577576344,18.99215487266697
23,250.0,31.9447312136425,0.9572906663798342,0.0128022754739833,0.0066165651411099,0.0,0.0,0.0232884930050727,1.0000000000000002e-06,1.0000000000000002e-06,300.07,83.4,0.8331389342486754,0.3830303502834831,55.74783191929608,20.043130860815708,1030.5204095957206,65.44806951573149,0.9797009323723472,0.0029855394667906,0.0035505817866391,0.0,0.0,0.013761323051633,5.906213133460994e-07,1.032701276507932e-06,0.6637822912081983,0.1413725582150531,0.0467719025643522,0.0,0.0,0.1480663146495057,6.36165314547478e-06,5.717097451191326e-07,8.579002457018111,1.1740631610579768,1.0,1.117990569575287,2.090676953031659,0.0,0.0,1.7825236046783706,1.950246327841332,1.0,9.599114364051816,1040.9186176418627,49.27650279185157,302.7106577576344,18.99215487266697
23,250.0,35.911897997918096,0.9572906663798342,0.0128022754739833,0.0066165651411099,0.0,0.0,0.0232884930050727,1.0000000000000002e-06,1.0000000000000002e-06,300.07,83.4,0.8331389342486754,0.4305982973371474,55.74783191929608,20.043130860815708,1027.982098235625,69.25107070510448,0.9748938325154544,0.0043110166982931,0.0043529694332723,0.0,0.0,0.01644045174801,7.055923783910697e-07,1.0240125919261152e-06,0.6080645630498455,0.1812588583270188,0.0515236405201807,0.0,0.0,0.1591455737837268,6.840700797403168e-06,5.236184306502936e-07,8.344925420438098,1.192678009007365,1.0,1.1105408380664918,2.0546501994573583,0.0,0.0,1.76390909583729,1.9253978477737896,1.0,9.599114364051816,1040.9186176418627,49.27650279185157,302.7106577576344,18.99215487266697
23,250.0,39.879064782193694,0.9572906663798342,0.0128022754739833,0.0066165651411099,0.0,0.0,0.0232884930050727,1.0000000000000002e-06,1.0000000000000002e-06,300.07,83.4,0.8331389342486754,0.4781662443908116,55.74783191929608,20.043130860815708,1025.717523514421,72.57451209224573,0.9706478747808798,0.0057998244848563,0.0050118541136243,0.0,0.0,0.0185386334986625,7.95688351696157e-07,1.0174336255445851e-06,0.5631243602135947,0.2194420281545115,0.0539709972332769,0.0,0.0,0.1634550996969126,7.029161580825403e-06,4.855401235293578e-07,8.140633920779537,1.2094687171725398,1.0,1.1041222110347495,2.0229847424466545,0.0,0.0,1.7477492319857235,1.9039534329415,1.0,9.599114364051816,1040.9186176418627,49.27650279185157,302.7106577576344,18.99215487266697
23,250.0,43.846231566469285,0.9572906663798342,0.0128022754739833,0.0066165651411099,0.0,0.0,0.0232884930050727,1.0000000000000002e-06,1.0000000000000002e-06,300.07,83.4,0.8331389342486754,0.5257341914444758,55.74783191929608,20.043130860815708,1023.679024094887,75.50509686036287,0.9668567080453948,0.0074205643165331,0.0055458628176529,0.0,0.0,0.0201749867143076,8.660051278028394e-07,1.012100983525256e-06,0.5260763449490656,0.2553969667819901,0.0548812698126381,0.0,0.0,0.1636379237708,7.040168954910521e-06,4.545165511588493e-07,7.960274827962105,1.22473182585342,1.0,1.098517114820483,1.9947988374836243,0.0,0.0,1.7335517950394397,1.8852123869830315,1.0,9.599114364051816,1040.9186176418627,49.27650279185157,302.7106577576344,18.99215487266697
23,250.0,47.81339835074489,0.9572906663798342,0.0128022754739833,0.0066165651411099,0.0,0.0,0.0232884930050727,1.0000000000000002e-06,1.0000000000000002e-06,300.07,83.4,0.8331389342486754,0.5733021384981402,55.74783191929608,20.043130860815708,1021.8186619504116,78.12877943100702,0.9634194752991894,0.0091434442025992,0.0059776988662532,0.0,0.0,0.0214574528995143,9.211586632243872e-07,1.007573780524679e-06,0.4949911871654978,0.2887899614258397,0.0548066050069507,0.0,0.0,0.1614048706501468,6.94704605927934e-06,4.2870550570028733e-07,7.798546990191104,1.23877347644316,1.0,1.0935381221680576,1.969318874637708,0.0,0.0,1.7208778443854171,1.8685737380786005,1.0,9.599114364051816,1040.9186176418627,49.27650279185157,302.7106577576344,18.99215487266697
23,250.0,51.78056513502048,0.9572906663798342,0.0128022754739833,0.0066165651411099,0.0,0.0,0.0232884930050727,1.0000000000000002e-06,1.0000000000000002e-06,300.07,83.4,0.8331389342486754,0.6208700855518043,55.74783191929608,20.043130860815708,1020.0953129249186,80.51867832025442,0.9602524241882884,0.010943717612416,0.0063286774317855,0.0,0.0,0.0224732122947365,9.648786192348845e-07,1.003594154457118e-06,0.4685317269075426,0.3195075593343317,0.0541247344771823,0.0,0.0,0.1578287765551665,6.795844875148857e-06,4.068809016907978e-07,7.6511551853446,1.2518607959175916,1.0,1.0890380200057053,1.9459373251519203,0.0,0.0,1.7093754999960242,1.853539300979882,1.0,9.599114364051816,1040.9186176418627,49.27650279185157,302.7106577576344,18.99215487266697
23,250.0,55.74773191929608,0.9572906663798342,0.0128022754739833,0.0066165651411099,0.0,0.0,0.0232884930050727,1.0000000000000002e-06,1.0000000000000002e-06,300.07,83.4,0.8331389342486754,0.6684380326054685,55.74783191929608,20.043130860815708,1018.4764861667978,82.73223046099342,0.9572907388799962,0.0128022280241413,0.0066165585553361,0.0,0.0,0.0232884745412352,9.999992042331245e-07,1.0000000867100218e-06,0.4457408677549879,0.3476009348852877,0.0530847538282301,0.0,0.0,0.1535664405372918,6.614806547113446e-06,3.881876553020172e-07,7.514822761676541,1.2642126329609007,1.0,1.084907352517854,1.92419662737713,0.0,0.0,1.6987794123631317,1.839738650547445,1.0,9.599114364051816,1040.9186176418627,49.27650279185157,302.7106577576344,18.99215487266697
23,255.0,23.40027366566209,0.9572906663798342,0.0128022754739833,0.0066165651411099,0.0,0.0,0.0232884930050727,1.0000000000000002e-06,1.0000000000000002e-06,300.07,83.4,0.8498017129336488,0.2805788209312001,56.94734248497814,23.40017366566209,1016.5753851337846,59.76682410235645,0.9976946250793812,0.0002194778513542,0.0003978921205728,0.0,0.0,0.0016866464482091,7.047029977957791e-08,1.288030182721111e-06,0.9572874571242048,0.0128032749160033,0.0066170590855658,0.0,0.0,0.023290208823272,1.0000738318352683e-06,9.99977121982226e-07,8.323861116666606,1.1809197249428145,1.0,1.1208855798315152,2.063963291275474,0.0,0.0,1.7310090819949309,1.920590803647512,1.0,8.432227805466914,1017.7913832278248,57.90987351738985,302.7106577576344,22.13772066860631
23,255.0,27.127714645586096,0.9572906663798342,0.0128022754739833,0.0066165651411099,0.0,0.0,0.0232884930050727,1.0000000000000002e-06,1.0000000000000002e-06,300.07,83.4,0.8498017129336488,0.3252723578607445,56.94734248497814,23.40017366566209,1013.1300180876924,64.99482704591021,0.9912308595260536,0.0009776363924481,0.0015310023367319,0.0,0.0,0.0062591587809975,2.62880766575291e-07,1.0800830020619677e-06,0.8533823720551263,0.0490035449444974,0.0221860745545515,0.0,0.0,0.0754239969217941,3.2566990685387016e-06,7.548249618730316e-07,8.023527435527184,1.2054496578118006,1.0,1.1112576446988365,2.0247350750620066,0.0,0.0,1.7080125577948675,1.8891692959118669,1.0,8.432227805466914,1017.7913832278248,57.90987351738985,302.7106577576344,22.13772066860631
23,255.0,30.8551556255101,0.9572906663798342,0.0128022754739833,0.0066165651411099,0.0,0.0,0.0232884930050727,1.0000000000000002e-06,1.0000000000000002e-06,300.07,83.4,0.8498017129336488,0.3699658947902889,56.94734248497814,23.40017366566209,1009.9346519813486,69.78485116653697,0.9853208133269852,0.001916045301252,0.0025736966813335,0.0,0.0,0.010187964653482,4.298944583572534e-07,1.050142488677555e-06,0.7737129424131628,0.0840994171356118,0.0330945066068362,0.0,0.0,0.1090877284525447,4.7337898353828885e-06,6.716020089796327e-07,7.753709825974441,1.228483334616176,1.0,1.1028760238382604,1.985704531906726,0.0,0.0,1.687487664349787,1.861254726724736,1.0,8.432227805466914,1017.7913832278248,57.90987351738985,302.7106577576344,22.13772066860631
23,255.0,34.582596605434105,0.9572906663798342,0.0128022754739833,0.0066165651411099,0.0,0.0,0.0232884930050727,1.0000000000000002e-06,1.0000000000000002e-06,300.07,83.4,0.8498017129336488,0.4146594317198334,56.94734248497814,23.40017366566209,1007.0175442570372,74.09339939051667,0.9799923013381292,0.0030434052914952,0.0034975107456607,0.0,0.0,0.0134651765686805,5.704938739602068e-07,1.035562160224648e-06,0.710725504225415,0.1187945272835765,0.040492986561646,0.0,0.0,0.1299807032570118,5.664917210054137e-06,6.137551406116804e-07,7.514423061654439,1.2497744305685197,1.0,1.0956165727863212,1.9510697530909769,0.0,0.0,1.6693782502003474,1.8367599860126749,1.0,8.432227805466914,1017.7913832278248,57.90987351738985,302.7106577576344,22.13772066860631
23,255.0,38.31003758535811,0.9572906663798342,0.0128022754739833,0.0066165651411099,0.0,0.0,0.0232884930050727,1.0000000000000002e-06,1.0000000000000002e-06,300.07,83.4,0.8498017129336488,0.4593529686493778,56.94734248497814,23.40017366566209,1004.379807694254,77.92332002549077,0.9752244431191168,0.0043525755250909,0.0042890398624144,0.0,0.0,0.0161322296908534,6.858390016075804e-07,1.0259635225955072e-06,0.6596643299409066,0.1530322602874096,0.0452438343291852,0.0,0.0,0.1420527925593311,6.213769991834445e-06,5.691131754627219e-07,7.303613637560376,1.2692479481417307,1.0,1.0893369558086536,1.9204227918360053,0.0,0.0,1.653498962882376,1.8153946650356108,1.0,8.432227805466914,1017.7913832278248,57.90987351738985,302.7106577576344,22.13772066860631
23,255.0,42.03747856528212,0.9572906663798342,0.0128022754739833,0.0066165651411099,0.0,0.0,0.0232884930050727,1.0000000000000002e-06,1.0000000000000002e-06,300.07,83.4,0.8498017129336488,0.5040465055789222,56.94734248497814,23.40017366566209,1001.998104988878,81.31842556197684,0.9709560733079566,0.0058233399182599,0.00495075764347,0.0,0.0,0.0182680315131611,7.788459372979059e-07,1.0187712149172463e-06,0.6174027431850178,0.1863833422231727,0.0480487635229953,0.0,0.0,0.1481581173741585,6.50057495347768e-06,5.331197023532024e-07,7.117645710844151,1.2870202409381812,1.0,1.0838844034042536,1.8932024076447949,0.0,0.0,1.6395518566421798,1.796723178608228,1.0,8.432227805466914,1017.7913832278248,57.90987351738985,302.7106577576344,22.13772066860631
23,255.0,45.76491954520612,0.9572906663798342,0.0128022754739833,0.0066165651411099,0.0,0.0,0.0232884930050727,1.0000000000000002e-06,1.0000000000000002e-06,300.07,83.4,0.8498017129336488,0.5487400425084666,56.94734248497814,23.40017366566209,999.8349163672498,84.34557597969732,0.96710573998162,0.0074289519828634,0.0054962395083805,0.0,0.0,0.0199672022711816,8.532723343065173e-07,1.0129836202010498e-06,0.5818162079291688,0.2183581184318398,0.0494744872825103,0.0,0.0,0.1503440699941294,6.613049178354332e-06,5.033131730330396e-07,6.952238569843383,1.3033199714017862,1.0,1.0790921222347896,1.868799594831736,0.0,0.0,1.6272060038288372,1.7802608321422917,1.0,8.432227805466914,1017.7913832278248,57.90987351738985,302.7106577576344,22.13772066860631
23,255.0,49.49236052513013,0.9572906663798342,0.0128022754739833,0.0066165651411099,0.0,0.0,0.0232884930050727,1.0000000000000002e-06,1.0000000000000002e-06,300.07,83.4,0.8498017129336488,0.593433579438011,56.94734248497814,23.40017366566209,997.849373586778,87.07625814623292,0.963590821194729,0.0091423602852154,0.0059438182970129,0.0,0.0,0.0213210792523057,9.128703822109452e-07,1.0081003543954322e-06,0.5514196714779116,0.2485827384254457,0.0499565208966729,0.0,0.0,0.1500339779463891,6.613097724814612e-06,4.781558558276535e-07,6.803283587990164,1.3184000839843038,1.0,1.0748233201160522,1.8466511696445156,0.0,0.0,1.616137999739429,1.7655547515671028,1.0,8.432227805466914,1017.7913832278248,57.90987351738985,302.7106577576344,22.13772066860631
23,255.0,53.21980150505413,0.9572906663798342,0.0128022754739833,0.0066165651411099,0.0,0.0,0.0232884930050727,1.0000000000000002e-06,1.0000000000000002e-06,300.07,83.4,0.8498017129336488,0.6381271163675555,56.94734248497814,23.40017366566209,996.004193859146,89.57503714525237,0.9603387535717736,0.0109398478678358,0.0063118865144236,0.0,0.0,0.0224075473094478,9.60903783078014e-07,1.0038327360032212e-06,0.5251469142108051,0.2768486767685682,0.0498124964419211,0.0,0.0,0.1481849130849248,6.542881424442109e-06,4.566123561408287e-07,6.667277911522214,1.3325067843034013,1.0,1.07096751879359,1.826287019521004,0.0,0.0,1.6060680662061209,1.7522272621256667,1.0,8.432227805466914,1017.7913832278248,57.90987351738985,302.7106577576344,22.13772066860631
23,255.0,56.94724248497813,0.9572906663798342,0.0128022754739833,0.0066165651411099,0.0,0.0,0.0232884930050727,1.0000000000000002e-06,1.0000000000000002e-06,300.07,83.4,0.8498017129336488,0.6828206532970998,56.94734248497814,23.40017366566209,994.2684422681,91.8951176118462,0.9572907458441392,0.0128022247846242,0.0066165576939683,0.0,0.0,0.0232884716781183,9.999990517711437e-07,1.0000000981432651e-06,0.5022125294021766,0.3030913437108182,0.0492650387638641,0.0,0.0,0.1454242198320747,6.430340332818314e-06,4.379507333476666e-07,6.54144869071432,1.3458450425347344,1.0,1.0674359101933566,1.807337999027568,0.0,0.0,1.5967822867745176,1.7399888808428765,1.0,8.432227805466914,1017.7913832278248,57.90987351738985,302.7106577576344,22.13772066860631
23,260.0,27.168475511944678,0.9572906663798342,0.0128022754739833,0.0066165651411099,0.0,0.0,0.0232884930050727,1.0000000000000002e-06,1.0000000000000002e-06,300.07,83.4,0.8664644916186224,0.3257610972655236,58.56787117408313,27.168375511944674,991.4512456785455,70.22030047505184,0.9972039979503275,0.0002870982407875,0.0004852385542886,0.0,0.0,0.0020222979009433,8.23257360860806e-08,1.2850279167173886e-06,0.957287994620692,0.0128031132276328,0.0066169755660786,0.0,0.0,0.0232899165432478,1.000061428212271e-06,9.999809205117114e-07,7.176482286130678,1.268076055129145,1.0,1.095448860863877,1.8905456861344625,0.0,0.0,1.616246208864944,1.7997410190572622,1.0,7.296085655146154,993.0143761526203,67.92140682303575,302.7106577576344,25.654931900849267
23,260.0,30.657286141071168,0.9572906663798342,0.0128022754739833,0.0066165651411099,0.0,0.0,0.0232884930050727,1.0000000000000002e-06,1.0000000000000002e-06,300.07,83.4,0.8664644916186224,0.3675933590056495,58.56787117408313,27.168375511944674,987.9844141521144,75.28666992225234,0.991065230968655,0.0010598554827236,0.00156276217271,0.0,0.0,0.0063108028739586,2.59500591393275e-07,1.0890013611725773e-06,0.874222829999477,0.0416825122562584,0.019046288016547,0.0,0.0,0.0650447673818733,2.821242833556897e-06,7.811030105785655e-07,6.9173632350912,1.293231094479396,1.0,1.087724658091587,1.862712616097756,0.0,0.0,1.597430615924403,1.7738165249620363,1.0,7.296085655146154,993.0143761526203,67.92140682303575,302.7106577576344,25.654931900849267
23,260.0,34.146096770197666,0.9572906663798342,0.0128022754739833,0.0066165651411099,0.0,0.0,0.0232884930050727,1.0000000000000002e-06,1.0000000000000002e-06,300.07,83.4,0.8664644916186224,0.4094256207457753,58.56787117408313,27.168375511944674,984.7385563238576,79.97839551231056,0.9853897469625608,0.0020017528380993,0.0025596716646227,0.0,0.0,0.0100473563773512,4.168790532512797e-07,1.0552783127390786e-06,0.8075632918631438,0.0703534075445856,0.0282339275718831,0.0,0.0,0.093844560384169,4.107189508401372e-06,7.054467099104071e-07,6.682305013699279,1.3171003673785748,1.0,1.080923291026311,1.8376691229320936,0.0,0.0,1.580425433332819,1.750501210570447,1.0,7.296085655146154,993.0143761526203,67.92140682303575,302.7106577576344,25.654931900849267
23,260.0,37.63490739932416,0.9572906663798342,0.0128022754739833,0.0066165651411099,0.0,0.0,0.0232884930050727,1.0000000000000002e-06,1.0000000000000002e-06,300.07,83.4,0.8664644916186224,0.4512578824859012,58.56787117408313,27.168375511944674,981.739804666392,84.25681657942323,0.9802030300223477,0.0031213377941139,0.0034528675001856,0.0,0.0,0.0132211729062988,5.528764788734988e-07,1.038900575204859e-06,0.7529266816219315,0.099150197989497,0.0348347737273603,0.0,0.0,0.1130827055672934,4.988062771788835e-06,6.53031145879311e-07,6.471402821634881,1.3394339531296835,1.0,1.0749606766829825,1.81537405161885,0.0,0.0,1.5652272902918951,1.7297557337739884,1.0,7.296085655146154,993.0143761526203,67.92140682303575,302.7106577576344,25.654931900849267
23,260.0,41.123718028450654,0.9572906663798342,0.0128022754739833,0.0066165651411099,0.0,0.0,0.0232884930050727,1.0000000000000002e-06,1.0000000000000002e-06,300.07,83.4,0.8664644916186224,0.493090144226027,58.56787117408313,27.168375511944674,978.9933999832572,88.11766749130287,0.9754952267466068,0.0044144450472536,0.0042302163176956,0.0,0.0,0.0158584160505431,6.675885605796483e-07,1.0282493400680794e-06,0.7073279191780107,0.1279736992428977,0.0393829871620013,0.0,0.0,0.1253092180353254,5.564267135529478e-06,6.121146290934858e-07,6.283348365818092,1.3601473138679026,1.0,1.0697461592132924,1.795318828250883,0.0,0.0,1.5517393267338109,1.7114194003508163,1.0,7.296085655146154,993.0143761526203,67.92140682303575,302.7106577576344,25.654931900849267
23,260.0,44.61252865757714,0.9572906663798342,0.0128022754739833,0.0066165651411099,0.0,0.0,0.0232884930050727,1.0000000000000002e-06,1.0000000000000002e-06,300.07,83.4,0.8664644916186224,0.5349224059661528,58.56787117408313,27.168375511944674,976.4844402831465,91.58925566242088,0.9712250200336824,0.0058656501096079,0.0048916720795422,0.0,0.0,0.0180158747910691,7.62643000687067e-07,1.020343097713861e-06,0.6686742452261599,0.1564776864247409,0.0423435514563283,0.0,0.0,0.1324980219748738,5.916275944995502e-06,5.786419518832403e-07,6.11568953499559,1.3792804196644235,1.0,1.0651735536552576,1.7719896868264702,0.0,0.0,1.5397530217858997,1.695198348959428,1.0,7.296085655146154,993.0143761526203,67.92140682303575,302.7106577576344,25.654931900849267
23,260.0,48.10133928670365,0.9572906663798342,0.0128022754739833,0.0066165651411099,0.0,0.0,0.0232884930050727,1.0000000000000002e-06,1.0000000000000002e-06,300.07,83.4,0.8664644916186224,0.5767546677062787,58.56787117408313,27.168375511944674,974.1844926507544,94.72123821036936,0.9673321262507104,0.0074528259175064,0.0054465108092465,0.0,0.0,0.0197666823727586,8.406252639503258e-07,1.0140245137930802e-06,0.6354666810393282,0.1842495747493139,0.0441162467598452,0.0,0.0,0.1361608390464202,6.107884050491218e-06,5.505210418215865e-07,5.965376347466317,1.3969907029663873,1.0,1.0611325037584258,1.7509145566183235,0.0,0.0,1.5290403443786482,1.6807608560490293,1.0,7.296085655146154,993.0143761526203,67.92140682303575,302.7106577576344,25.654931900849267
23,260.0,51.59014991583014,0.9572906663798342,0.0128022754739833,0.0066165651411099,0.0,0.0,0.0232884930050727,1.0000000000000002e-06,1.0000000000000002e-06,300.07,83.4,0.8664644916186224,0.6185869294464045,58.56787117408313,27.168375511944674,972.0598014038244,97.57110664080832,0.96375114102022,0.0091521338115152,0.0059089191021203,0.0,0.0,0.0211858929168303,9.044255005542208e-07,1.0087238134745706e-06,0.6066115076314347,0.2109345612204544,0.0450280954787103,0.0,0.0,0.1374191213523898,6.1878518110618456e-06,5.26465199442742e-07,5.829320809706558,1.413507149909211,1.0,1.0575276636333997,1.7316912304639027,0.0,0.0,1.5193839955087745,1.6677818202096428,1.0,7.296085655146154,993.0143761526203,67.92140682303575,302.7106577576344,25.654931900849267
23,260.0,55.07896054495663,0.9572906663798342,0.0128022754739833,0.0066165651411099,0.0,0.0,0.0232884930050727,1.0000000000000002e-06,1.0000000000000002e-06,300.07,83.4,0.8664644916186224,0.6604191911865303,58.56787117408313,27.168375511944674,970.0774972330472,100.1941275466997,0.9604212483660032,0.0109415022913835,0.0062942099040847,0.0,0.0,0.0223410785513965,9.56770765669924e-07,1.004116366247951e-06,0.5812957524749096,0.2362882776547897,0.0453326665329708,0.0,0.0,0.1370766057317305,6.191996987116974e-06,5.05608612124741e-07,5.704765952095948,1.4290295015251908,1.0,1.0542670400351153,1.713966791508084,0.0,0.0,1.5105734350929805,1.6559742150342067,1.0,7.296085655146154,993.0143761526203,67.92140682303575,302.7106577576344,25.654931900849267
23,260.0,58.56777117408313,0.9572906663798342,0.0128022754739833,0.0066165651411099,0.0,0.0,0.0232884930050727,1.0000000000000002e-06,1.0000000000000002e-06,300.07,83.4,0.8664644916186224,0.7022514529266561,58.56787117408313,27.168375511944674,968.208843415994,102.6382467059668,0.9572907536652993,0.0128022212747102,0.0066165566835695,0.0,0.0,0.0232884683774361,9.99998872569415e-07,1.0000001123232017e-06,0.5589034596053205,0.2601779064031668,0.0452183631251007,0.0,0.0,0.1356936377262393,6.14580429512773e-06,4.873358774398659e-07,5.589424589191455,1.4437608707460392,1.0,1.0512876230162849,1.697451636996368,0.0,0.0,1.5024358368233244,1.6451021364373306,1.0,7.296085655146154,993.0143761526203,67.92140682303575,302.7106577576344,25.654931900849267
23,265.0,31.384744170951816,0.9572906663798342,0.0128022754739833,0.0066165651411099,0.0,0.0,0.0232884930050727,1.0000000000000002e-06,1.0000000000000002e-06,300.07,83.4,0.8831272703035958,0.3763158773495421,60.61182271449506,31.384644170951816,964.195239955856,82.46212289534024,0.9965988460837428,0.0003770217922225,0.0005913923114574,0.0,0.0,0.0024313637903968,9.667842553874285e-08,1.279343754984418e-06,0.957288441563241,0.0128029787350035,0.0066169061618487,0.0,0.0,0.0232896735045898,1.0000511273949302e-06,9.999841893309249e-07,6.062677860985841,1.372232044152998,1.0,1.0723912044361883,1.7381010437885769,0.0,0.0,1.511434801360718,1.6868808008343696,1.0,6.194157229336726,966.2255774553212,79.59167899763797,302.7106577576344,29.571779036695137
23,265.0,34.63218623134551,0.9572906663798342,0.0128022754739833,0.0066165651411099,0.0,0.0,0.0232884930050727,1.0000000000000002e-06,1.0000000000000002e-06,300.07,83.4,0.8831272703035958,0.4152540315509053,60.61182271449506,31.384644170951816,960.6879199362688,87.38987154320955,0.9907814842385646,0.0011653289785421,0.0016108452706697,0.0,0.0,0.0064409833150147,2.596976663316557e-07,1.0984995424882306e-06,0.8915396952359695,0.0356485534135645,0.0164440630584167,0.0,0.0,0.0563644282703625,2.4534012750624417e-06,8.06620411506636e-07,5.8412514891790135,1.3985698967194773,1.0,1.066300724607408,1.7157364410409652,0.0,0.0,1.4960565104920287,1.665491787298362,1.0,6.194157229336726,966.2255774553212,79.59167899763797,302.7106577576344,29.571779036695137
23,265.0,37.8796282917392,0.9572906663798342,0.0128022754739833,0.0066165651411099,0.0,0.0,0.0232884930050727,1.0000000000000002e-06,1.0000000000000002e-06,300.07,83.4,0.8831272703035958,0.4541921857522685,60.61182271449506,31.384644170951816,957.375037957165,91.9999850280338,0.985347602722443,0.0021117377187604,0.0025596207884209,0.0,0.0,0.0099795701994268,4.074534640606542e-07,1.061117484754976e-06,0.8367400657350093,0.0587356850191702,0.024047801129501,0.0,0.0,0.0804721647561357,3.5459601128658487e-06,7.374000708008821e-07,5.6385974439548905,1.4238166350372248,1.0,1.060877887361756,1.6953885699946294,0.0,0.0,1.4820201792680687,1.6460478744217708,1.0,6.194157229336726,966.2255774553212,79.59167899763797,302.7106577576344,29.571779036695137
23,265.0,41.1270703521329,0.9572906663798342,0.0128022754739833,0.0066165651411099,0.0,0.0,0.0232884930050727,1.0000000000000002e-06,1.0000000000000002e-06,300.07,83.4,0.8831272703035958,0.4931303399536318,60.61182271449506,31.384644170951816,954.2803830152308,96.25887534745756,0.980319305451602,0.0032243004133052,0.0034191167719001,0.0,0.0,0.0130356964285342,5.381577917968823e-07,1.0427768664735096e-06,0.7904041223755695,0.0822130275142634,0.0297881953145867,0.0,0.0,0.0975896178655049,4.346930305438979e-06,6.899997699886736e-07,5.454812806263268,1.4477369530046431,1.0,1.0560755753042872,1.6770421228151882,0.0,0.0,1.4693225765848814,1.62852773208662,1.0,6.194157229336726,966.2255774553212,79.59167899763797,302.7106577576344,29.571779036695137
23,265.0,44.37451241252659,0.9572906663798342,0.0128022754739833,0.0066165651411099,0.0,0.0,0.0232884930050727,1.0000000000000002e-06,1.0000000000000002e-06,300.07,83.4,0.8831272703035958,0.532068494154995,60.61182271449506,31.384644170951816,951.4118777837386,100.15801428327715,0.9756936708210898,0.0045010619521303,0.0041785761879136,0.0,0.0,0.0156250088531529,6.512580263250904e-07,1.0309276868826947e-06,0.7507186656372756,0.1059826195462872,0.0339827627344219,0.0,0.0,0.1093103846464206,4.914595982134037e-06,6.528396122442235e-07,5.289079042988355,1.4702028325180865,1.0,1.0518369783651824,1.6605920338623932,0.0,0.0,1.457907249196232,1.6128222159972132,1.0,6.194157229336726,966.2255774553212,79.59167899763797,302.7106577576344,29.571779036695137
23,265.0,47.62195447292028,0.9572906663798342,0.0128022754739833,0.0066165651411099,0.0,0.0,0.0232884930050727,1.0000000000000002e-06,1.0000000000000002e-06,300.07,83.4,0.8831272703035958,0.5710066483563583,60.61182271449506,31.384644170951816,948.7612797240412,103.71397913705474,0.9714441783011702,0.0059307004165034,0.0048362085092104,0.0,0.0,0.0177871431357225,7.474417963056238e-07,1.0221955970495965e-06,0.7163363349822433,0.1297863697981233,0.0369259784000135,0.0,0.0,0.1169453950461283,5.299639089462838e-06,6.221344019222786e-07,5.139774892550636,1.4912314165468978,1.0,1.0480883977606776,1.6458560449448936,0.0,0.0,1.4476431227128432,1.5987569738104503,1.0,6.194157229336726,966.2255774553212,79.59167899763797,302.7106577576344,29.571779036695137
23,265.0,50.86939653331397,0.9572906663798342,0.0128022754739833,0.0066165651411099,0.0,0.0,0.0232884930050727,1.0000000000000002e-06,1.0000000000000002e-06,300.07,83.4,0.8831272703035958,0.6099448025577214,60.61182271449506,31.384644170951816,946.3081497860268,106.96188159194588,0.9675280374335534,0.0074955308147541,0.0053977441620583,0.0,0.0,0.019576844014021,8.283180794243545e-07,1.0152575336896564e-06,0.6862431386310912,0.1533051460576706,0.0388864136604921,0.0,0.0,0.1215591601144939,5.545499023822037e-06,5.960372282665199e-07,5.004795850254204,1.5109116731924204,1.0,1.0447580972732864,1.6326063368621415,0.0,0.0,1.4383990033139569,1.5861144155721272,1.0,6.194157229336726,966.2255774553212,79.59167899763797,302.7106577576344,29.571779036695137
23,265.0,54.11683859370767,0.9572906663798342,0.0128022754739833,0.0066165651411099,0.0,0.0,0.0232884930050727,1.0000000000000002e-06,1.0000000000000002e-06,300.07,83.4,0.8831272703035958,0.6488829567590847,60.61182271449506,31.384644170951816,944.0257031182662,109.94608070930072,0.9638955433834444,0.0091752636020913,0.005873559933659,0.0,0.0,0.0210537276509369,8.95963795664716e-07,1.009466072681064e-06,0.6596679655341405,0.1762392431452724,0.0400971608377547,0.0,0.0,0.1239893690532877,5.687980730462825e-06,5.734488142322777e-07,4.881907308797359,1.5294070630550671,1.0,1.0417776014127622,1.620605589191697,0.0,0.0,1.4300001639789652,1.574672736219079,1.0,6.194157229336726,966.2255774553212,79.59167899763797,302.7106577576344,29.571779036695137
23,265.0,57.36428065410136,0.9572906663798342,0.0128022754739833,0.0066165651411099,0.0,0.0,0.0232884930050727,1.0000000000000002e-06,1.0000000000000002e-06,300.07,83.4,0.8831272703035958,0.687821110960448,60.61182271449506,31.384644170951816,941.8859588826936,112.71214093990564,0.9604977142287712,0.0109500465641017,0.0062758353246954,0.0,0.0,0.0222744468961388,9.525305915979636e-07,1.0044557011598917e-06,0.6360178371135826,0.1983532402104819,0.0407498981286826,0.0,0.0,0.124872715557779,5.755348800290523e-06,5.536406734693441e-07,4.769013564632144,1.546900451101179,1.0,1.0390831020478752,1.6084764873293345,0.0,0.0,1.4222990833571618,1.5642180618291717,1.0,6.194157229336726,966.2255774553212,79.59167899763797,302.7106577576344,29.571779036695137
23,265.0,60.61172271449506,0.9572906663798342,0.0128022754739833,0.0066165651411099,0.0,0.0,0.0232884930050727,1.0000000000000002e-06,1.0000000000000002e-06,300.07,83.4,0.8831272703035958,0.7267592651618112,60.61182271449506,31.384644170951816,939.863019742897,115.30182076334718,0.957290762577946,0.0128022174151653,0.0066165554840012,0.0,0.0,0.0232884645240965,9.999986603387428e-07,1.0000001303116804e-06,0.6148308239093686,0.2194883861717915,0.0409953261277508,0.0,0.0,0.1246791585749384,5.76911836905465e-06,5.360977815104179e-07,4.664299696778369,1.5635883417662484,1.0,1.0366235619619173,1.5940945754635498,0.0,0.0,1.4151816515455973,1.5545658806405385,1.0,6.194157229336726,966.2255774553212,79.59167899763797,302.7106577576344,29.571779036695137
23,270.0,36.091029594734216,0.9572906663798342,0.0128022754739833,0.0066165651411099,0.0,0.0,0.0232884930050727,1.0000000000000002e-06,1.0000000000000002e-06,300.07,83.4,0.8997900489885694,0.4327461582102423,63.08031989845425,36.09092959473421,934.2555543759636,96.93300345260984,0.9958413822647736,0.0004986617166469,0.0007221439198892,0.0,0.0,0.0029364269092306,1.1438775293066189e-07,1.270801706889751e-06,0.9572888165325304,0.0128028658600815,0.0066168479835669,0.0,0.0,0.0232894695943195,1.00004249590156e-06,9.999870056418976e-07,4.986923216571666,1.5001086352035649,1.0,1.051712696810563,1.6029986589604743,0.0,0.0,1.4155239995772952,1.5808378084802732,1.0,5.130843724671824,936.9320241360858,93.30322734807504,302.7106577576344,33.91794976874195
23,270.0,39.089828517369774,0.9572906663798342,0.0128022754739833,0.0066165651411099,0.0,0.0,0.0232884930050727,1.0000000000000002e-06,1.0000000000000002e-06,300.07,83.4,0.8997900489885694,0.4687029798245776,63.08031989845425,36.09092959473421,930.685711271066,101.74538422372412,0.9903495268510696,0.0013031568995302,0.001680340140331,0.0,0.0,0.0066656038550199,2.6405791222986705e-07,1.10819613707878e-06,0.9059257525227176,0.0306689298773763,0.0142861813447586,0.0,0.0,0.0491161609003948,2.143463549659576e-06,8.318912030993959e-07,4.80032096419158,1.5283701563738326,1.0,1.0470340778953078,1.585039189217193,0.0,0.0,1.40301576810666,1.5632298052898443,1.0,5.130843724671824,936.9320241360858,93.30322734807504,302.7106577576344,33.91794976874195
23,270.0,42.08862744000533,0.9572906663798342,0.0128022754739833,0.0066165651411099,0.0,0.0,0.0232884930050727,1.0000000000000002e-06,1.0000000000000002e-06,300.07,83.4,0.8997900489885694,0.5046598014389129,63.08031989845425,36.09092959473421,927.2851904599836,106.29258602126312,0.9851696205773366,0.0022544945846624,0.0025778356557194,0.0,0.0,0.0099965794229538,4.021366542648511e-07,1.0676226732766176e-06,0.8617459529182028,0.0489508589390154,0.0204578035425575,0.0,0.0,0.0688415673981602,3.04895354584693e-06,7.682485183643391e-07,4.628130780549093,1.555740879179937,1.0,1.0428352398450225,1.5685259364953628,0.0,0.0,1.391490047695559,1.5470534244052423,1.0,5.130843724671824,936.9320241360858,93.30322734807504,302.7106577576344,33.91794976874195
23,270.0,45.0874263626409,0.9572906663798342,0.0128022754739833,0.0066165651411099,0.0,0.0,0.0232884930050727,1.0000000000000002e-06,1.0000000000000002e-06,300.07,83.4,0.8997900489885694,0.5406166230532481,63.08031989845425,36.09092959473421,924.0753181624208,110.5460810904489,0.980319913244951,0.0033599839823485,0.0033998543493495,0.0,0.0,0.0129186743179633,5.268723084974049e-07,1.0472330790785648e-06,0.8233775610918477,0.0677083947268209,0.0253214638927271,0.0,0.0,0.0835881037477774,3.751197151080918e-06,7.253436758583512e-07,4.470420268956747,1.581999159263264,1.0,1.0390895801606903,1.5534561045891655,0.0,0.0,1.3809391616700273,1.5322928617660905,1.0,5.130843724671824,936.9320241360858,93.30322734807504,302.7106577576344,33.91794976874195
23,270.0,48.086225285276456,0.9572906663798342,0.0128022754739833,0.0066165651411099,0.0,0.0,0.0232884930050727,1.0000000000000002e-06,1.0000000000000002e-06,300.07,83.4,0.8997900489885694,0.5765734446675833,63.08031989845425,36.09092959473421,921.0656050944116,114.4951551840982,0.975801502442831,0.0046192521931525,0.0041370885245579,0.0,0.0,0.0154404854089712,6.373769573648424e-07,1.034053530047828e-06,0.7897575344418427,0.0868630858173672,0.0290571767766013,0.0,0.0,0.0943172292314347,4.281935718019451e-06,6.91797035906898e-07,4.326678050268349,1.6069848051551652,1.0,1.0357559941993877,1.5397766794002092,0.0,0.0,1.371340946161789,1.5188916194639708,1.0,5.130843724671824,936.9320241360858,93.30322734807504,302.7106577576344,33.91794976874195
23,270.0,51.085024207912014,0.9572906663798342,0.0128022754739833,0.0066165651411099,0.0,0.0,0.0232884930050727,1.0000000000000002e-06,1.0000000000000002e-06,300.07,83.4,0.8997900489885694,0.6125302662819185,63.08031989845425,36.09092959473421,918.252965499978,118.14775670858889,0.9715985705425184,0.0060244240352458,0.0047866639018988,0.0,0.0,0.0175885834420034,7.337005718310461e-07,1.0243777614398242e-06,0.7600530239518952,0.1062364656462896,0.0318421608813477,0.0,0.0,0.1018630145764633,4.6709968696140805e-06,6.639471344376454e-07,4.195864112525038,1.6306753690197275,1.0,1.0327897750678317,1.5273762364271162,0.0,0.0,1.3626147846204075,1.506747303195495,1.0,5.130843724671824,936.9320241360858,93.30322734807504,302.7106577576344,33.91794976874195
23,270.0,54.08382313054757,0.9572906663798342,0.0128022754739833,0.0066165651411099,0.0,0.0,0.0232884930050727,1.0000000000000002e-06,1.0000000000000002e-06,300.07,83.4,0.8997900489885694,0.6484870878962539,63.08031989845425,36.09092959473421,915.623875349816,121.52701817470162,0.9676823571065452,0.0075619696665382,0.0053515038897031,0.0,0.0,0.019402335932787,8.166839726671163e-07,1.0167204537556408e-06,0.7336075150965501,0.1256008707674746,0.0338472530746599,0.0,0.0,0.1069387750593963,4.945912917630685e-06,6.400890013658159e-07,4.076578500273373,1.6531115910334309,1.0,1.0301432568726177,1.5161098503886288,0.0,0.0,1.354671416455426,1.4957230507659425,1.0,5.130843724671824,936.9320241360858,93.30322734807504,302.7106577576344,33.91794976874195
23,270.0,57.08262205318313,0.9572906663798342,0.0128022754739833,0.0066165651411099,0.0,0.0,0.0232884930050727,1.0000000000000002e-06,1.0000000000000002e-06,300.07,83.4,0.8997900489885694,0.6844439095105891,63.08031989845425,36.09092959473421,913.1582307069764,124.66534525802156,0.964016982593906,0.0092153460737215,0.005838609123336,0.0,0.0,0.0209271641772186,8.876794887674576e-07,1.010352328768359e-06,0.7099013667048915,0.1447270800880981,0.0352292542104019,0.0,0.0,0.1101365486767534,5.131071410948161e-06,6.192484440961719e-07,3.967270914288146,1.6744150457387377,1.0,1.0277705058622717,1.505823100657481,0.0,0.0,1.3474026256413434,1.4856594961698335,1.0,5.130843724671824,936.9320241360858,93.30322734807504,302.7106577576344,33.91794976874195
23,270.0,60.08142097581869,0.9572906663798342,0.0128022754739833,0.0066165651411099,0.0,0.0,0.0232884930050727,1.0000000000000002e-06,1.0000000000000002e-06,300.07,83.4,0.8997900489885694,0.7204007311249243,63.08031989845425,36.09092959473421,910.83329322037,127.59852352460013,0.9605649128101847,0.0109674336113148,0.0062570875917452,0.0,0.0,0.0222086128633266,9.48260197863435e-07,1.004863230659139e-06,0.6885213135380074,0.1634168582449221,0.0361245909904484,0.0,0.0,0.1119313893226698,5.247106450970272e-06,6.00797501110113e-07,3.866419831904486,1.6947273593812326,1.0,1.0256274008849966,1.496364276017029,0.0,0.0,1.3407086688986902,1.4764078317234977,1.0,5.130843724671824,936.9320241360858,93.30322734807504,302.7106577576344,33.91794976874195
23,270.0,63.080219898454246,0.9572906663798342,0.0128022754739833,0.0066165651411099,0.0,0.0,0.0232884930050727,1.0000000000000002e-06,1.0000000000000002e-06,300.07,83.4,0.8997900489885694,0.7563575527392595,63.08031989845425,36.09092959473421,908.626650552792,130.36136689380612,0.9572907729320072,0.0128022130872131,0.0066165540367596,0.0,0.0,0.0232884599454602,9.999984059791288e-07,1.0000001537154506e-06,0.6691363805169562,0.1815178883833315,0.0366466061245845,0.0,0.0,0.112693229886295,5.310789090890844e-06,5.842997416814396e-07,3.7726485827069545,1.7142088677514855,1.0,1.0236771669845188,1.4875966118917845,0.0,0.0,1.3344896109220712,1.4678339514558096,1.0,5.130843724671824,936.9320241360858,93.30322734807504,302.7106577576344,33.91794976874195
23,275.0,41.336847751285454,0.9572906663798342,0.0128022754739833,0.0066165651411099,0.0,0.0,0.0232884930050727,1.0000000000000002e-06,1.0000000000000002e-06,300.07,83.4,0.9164528276735427,0.4956456564902332,65.97026624067188,41.33674775128545,900.829863464384,114.27763807123758,0.9948732455109632,0.0006672834054349,0.000886484969336,0.0,0.0,0.0035715902590255,1.3679860709687628e-07,1.259056633112869e-06,0.9572891343669384,0.012802770143715,0.0066167987215857,0.0,0.0,0.0232892967431335,1.0000351874644085e-06,9.99989439838568e-07,3.9551080490721393,1.662723374944818,1.0,1.033537935450516,1.4821772691901127,0.0,0.0,1.3275930987676052,1.480466592172193,1.0,4.11187312512685,904.4335281070778,109.60126774294156,302.7106577576344,38.72523437118672
23,275.0,44.07388313899506,0.9572906663798342,0.0128022754739833,0.0066165651411099,0.0,0.0,0.0232884930050727,1.0000000000000002e-06,1.0000000000000002e-06,300.07,83.4,0.9164528276735427,0.5284638266066554,65.97026624067188,41.33674775128545,897.1708007857906,118.99923048434552,0.9897209148401332,0.0014880006974074,0.0017790977019568,0.0,0.0,0.0070105956794065,2.7360886145622494e-07,1.1174722343900942e-06,0.9178976629716712,0.0265457182780114,0.0124926339461552,0.0,0.0,0.0430612451507336,1.8823468815338945e-06,8.573065471466073e-07,3.801050831354225,1.6940139695391945,1.0,1.0301030266382818,1.4678132526213727,0.0,0.0,1.317507691445229,1.4660365874058654,1.0,4.11187312512685,904.4335281070778,109.60126774294156,302.7106577576344,38.72523437118672
23,275.0,46.810918526704654,0.9572906663798342,0.0128022754739833,0.0066165651411099,0.0,0.0,0.0232884930050727,1.0000000000000002e-06,1.0000000000000002e-06,300.07,83.4,0.9164528276735427,0.5612819967230773,65.97026624067188,41.33674775128545,893.6561153315952,123.50530971743784,0.984815299368542,0.002443710960887,0.0026209652659269,0.0,0.0,0.0101185479523916,4.0180815687245924e-07,1.0746440956727451e-06,0.8831131595064318,0.0407180878549881,0.0173845066183438,0.0,0.0,0.0587808350852875,2.612097046794795e-06,7.988379019587471e-07,3.65779468199865,1.7246334730477408,1.0,1.027010455713186,1.4544726542059792,0.0,0.0,1.3081204304486127,1.4526436007825383,1.0,4.11187312512685,904.4335281070778,109.60126774294156,302.7106577576344,38.72523437118672
23,275.0,49.54795391441426,0.9572906663798342,0.0128022754739833,0.0066165651411099,0.0,0.0,0.0232884930050727,1.0000000000000002e-06,1.0000000000000002e-06,300.07,83.4,0.9164528276735427,0.5941001668394994,65.97026624067188,41.33674775128545,890.3045741020104,127.77228572062124,0.9801706813305952,0.0035408048485206,0.0034006233119184,0.0,0.0,0.0128863184085683,5.198339530148364e-07,1.05226644445835e-06,0.8522048086916292,0.0553393798519893,0.0213870976832977,0.0,0.0,0.0710647484685667,3.205359611380529e-06,7.59944905803658e-07,3.525366289143635,1.7543660220563917,1.0,1.024238101464286,1.4421538614270932,0.0,0.0,1.2994359604959176,1.4402774663261224,1.0,4.11187312512685,904.4335281070778,109.60126774294156,302.7106577576344,38.72523437118672
23,275.0,52.28498930212386,0.9572906663798342,0.0128022754739833,0.0066165651411099,0.0,0.0,0.0232884930050727,1.0000000000000002e-06,1.0000000000000002e-06,300.07,83.4,0.9164528276735427,0.6269183369559216,65.97026624067188,41.33674775128545,887.1264087301855,131.78876895574624,0.9757901218905176,0.0047799833851695,0.0041102739601693,0.0,0.0,0.0153179564044814,6.266931842706846e-07,1.0376664779244796e-06,0.8245751535217156,0.0703543806291698,0.0245967548422723,0.0,0.0,0.0804693031154561,3.678111551679772e-06,7.297798342000154e-07,3.4034467910289004,1.7830575263502824,1.0,1.021762330225557,1.4308269330164425,0.0,0.0,1.2914358558212975,1.4289089267831798,1.0,4.11187312512685,904.4335281070778,109.60126774294156,302.7106577576344,38.72523437118672
23,275.0,55.022024689833465,0.9572906663798342,0.0128022754739833,0.0066165651411099,0.0,0.0,0.0232884930050727,1.0000000000000002e-06,1.0000000000000002e-06,300.07,83.4,0.9164528276735427,0.6597365070723437,65.97026624067188,41.33674775128545,884.1224124756734,135.55663304292372,0.971665236181154,0.0061562109294262,0.0047465262091571,0.0,0.0,0.0174302776924092,7.220520885346807e-07,1.0269357647488315e-06,0.7997329520433837,0.085648889560255,0.0271138088089935,0.0,0.0,0.0874995982771962,4.046549443938441e-06,7.047607277025766e-07,3.291388237647132,1.8106283962027732,1.0,1.0195549104444623,1.4204359915238776,0.0,0.0,1.2840808262799537,1.4184836278984183,1.0,4.11187312512685,904.4335281070778,109.60126774294156,302.7106577576344,38.72523437118672
23,275.0,57.75906007754307,0.9572906663798342,0.0128022754739833,0.0066165651411099,0.0,0.0,0.0232884930050727,1.0000000000000002e-06,1.0000000000000002e-06,300.07,83.4,0.9164528276735427,0.6925546771887657,65.97026624067188,41.33674775128545,881.2849150813117,139.08943664469564,0.9677781140001358,0.0076597526196343,0.0053102125119562,0.0,0.0,0.0192500962242963,8.061911071572982e-07,1.0184528702206036e-06,0.7772736489570337,0.1010736699814925,0.0290401054072318,0.0,0.0,0.0926075656684643,4.326729257938811e-06,6.832565195774973e-07,3.18830289686004,1.837089486128877,1.0,1.0175842644596629,1.4108928594537182,0.0,0.0,1.277318145992538,1.4089097104536514,1.0,4.11187312512685,904.4335281070778,109.60126774294156,302.7106577576344,38.72523437118672
23,275.0,60.496095465252665,0.9572906663798342,0.0128022754739833,0.0066165651411099,0.0,0.0,0.0232884930050727,1.0000000000000002e-06,1.0000000000000002e-06,300.07,83.4,0.9164528276735427,0.7253728473051878,65.97026624067188,41.33674775128545,878.6000792496878,142.40904708403963,0.9641045934081224,0.0092778753957935,0.0058054746446451,0.0,0.0,0.0208101652831195,8.798577400497314e-07,1.0114105792180338e-06,0.7568643320817099,0.1164697473061607,0.030474157732809,0.0,0.0,0.0961865646219718,4.533890612000497e-06,6.643667366271562e-07,3.0931714517099844,1.8624991688765695,1.0,1.0158202878894742,1.4020997240339408,0.0,0.0,1.2710763722718423,1.4000900685035909,1.0,4.11187312512685,904.4335281070778,109.60126774294156,302.7106577576344,38.72523437118672
23,275.0,63.23313085296227,0.9572906663798342,0.0128022754739833,0.0066165651411099,0.0,0.0,0.0232884930050727,1.0000000000000002e-06,1.0000000000000002e-06,300.07,83.4,0.9164528276735427,0.7581910174216099,65.97026624067188,41.33674775128545,876.0506406143688,145.5417365632643,0.9606177602400676,0.0109966181309959,0.0062385358195912,0.0,0.0,0.0221451363758415,9.440801457122664e-07,1.0053533580611932e-06,0.7382311368651803,0.1316887465613189,0.0315064326331006,0.0,0.0,0.0985683545865142,4.681824885439144e-06,6.475290005415775e-07,3.004950586351573,1.8869728912660912,1.0,1.0142347481148035,1.3939574381501707,0.0,0.0,1.2652864681493037,1.391925496637088,1.0,4.11187312512685,904.4335281070778,109.60126774294156,302.7106577576344,38.72523437118672
23,275.0,65.97016624067187,0.9572906663798342,0.0128022754739833,0.0066165651411099,0.0,0.0,0.0232884930050727,1.0000000000000002e-06,1.0000000000000002e-06,300.07,83.4,0.9164528276735427,0.791009187538032,65.97026624067188,41.33674775128545,873.6182933957774,148.51483606962003,0.9572907852801102,0.0128022081026795,0.0066165522513785,0.0,0.0,0.0232884543675509,9.999980954747238e-07,1.0000001851097885e-06,0.7211484112157075,0.1466052581357333,0.0322162552684002,0.0,0.0,0.1000246605298011,4.782488216394631e-06,6.32362141384697e-07,2.9226543433156937,1.910640820450093,1.0,1.0128030686459064,1.386373893205479,0.0,0.0,1.2598906751281185,1.3843244479599597,1.0,4.11187312512685,904.4335281070778,109.60126774294156,302.7106577576344,38.72523437118672
23,280.0,47.184052884659046,0.9572906663798342,0.0128022754739833,0.0066165651411099,0.0,0.0,0.0232884930050727,1.0000000000000002e-06,1.0000000000000002e-06,300.07,83.4,0.9331156063585164,0.5657560297920748,69.26884604281732,47.18395288465904,862.6747530298501,135.50477090295405,0.9935974177698282,0.0009095761947316,0.0010994335858078,0.0,0.0,0.0043921628088352,1.661708980604637e-07,1.2434698988423045e-06,0.957289407368486,0.0128026878778139,0.0066167564590045,0.0,0.0,0.0232891482742235,1.0000289147406903e-06,9.999915571800334e-07,2.97529594753224,1.879925501390696,1.0,1.018204535323763,1.3729801282208811,0.0,0.0,1.2468265953963371,1.3845873437178229,1.0,3.1449654870637134,867.6798743518019,129.30886906724652,302.7106577576344,44.02808165538378
23,280.0,49.63790768000997,0.9572906663798342,0.0128022754739833,0.0066165651411099,0.0,0.0,0.0232884930050727,1.0000000000000002e-06,1.0000000000000002e-06,300.07,83.4,0.9331156063585164,0.5951787491607909,69.26884604281732,47.18395288465904,858.8926291620298,140.1629535681532,0.9888130260588254,0.0017452812069824,0.0019201689065364,0.0,0.0,0.0075201082962534,2.901914704875807e-07,1.1253399319099772e-06,0.927901135485506,0.0231111444139252,0.0109951993434216,0.0,0.0,0.0379899758341755,1.6617823005511235e-06,8.831406709816741e-07,2.8520718016804656,1.9160034793332577,1.0,1.0158961523250591,1.3615875658270866,0.0,0.0,1.2388075972762806,1.3728718405542328,1.0,3.1449654870637134,867.6798743518019,129.30886906724652,302.7106577576344,44.02808165538378
23,280.0,52.09176247536088,0.9572906663798342,0.0128022754739833,0.0066165651411099,0.0,0.0,0.0232884930050727,1.0000000000000002e-06,1.0000000000000002e-06,300.07,83.4,0.9331156063585164,0.6246014685295069,69.26884604281732,47.18395288465904,855.2283678283704,144.65453229313715,0.9842146922857044,0.0027030229238321,0.0027000846489509,0.0,0.0,0.0103807102951492,4.0803147982372027e-07,1.0818148831764097e-06,0.9013723562837438,0.0337773383346585,0.0147506744831336,0.0,0.0,0.0500965713641518,2.22945503744756e-06,8.300792747738229e-07,2.7366474683569257,1.951709293193624,1.0,1.0138245198067135,1.350897856549461,0.0,0.0,1.2312729183993063,1.36188076606786,1.0,3.1449654870637134,867.6798743518019,129.30886906724652,302.7106577576344,44.02808165538378
23,280.0,54.5456172707118,0.9572906663798342,0.0128022754739833,0.0066165651411099,0.0,0.0,0.0232884930050727,1.0000000000000002e-06,1.0000000000000002e-06,300.07,83.4,0.9331156063585164,0.654024187898223,69.26884604281732,47.18395288465904,851.6980156789972,148.9607174470459,0.9798128315128036,0.0037881608099537,0.0034306380607718,0.0,0.0,0.0129667934369147,5.184101959055391e-07,1.0577693600552597e-06,0.8773333019207833,0.0448038546832754,0.0179271265901795,0.0,0.0,0.0599322121739683,2.709722456007341e-06,7.949093371248412e-07,2.629012659939801,1.9868409604828587,1.0,1.0119762926042477,1.3409121082683353,0.0,0.0,1.22422448571599,1.3516146391744013,1.0,3.1449654870637134,867.6798743518019,129.30886906724652,302.7106577576344,44.02808165538378
23,280.0,56.99947206606272,0.9572906663798342,0.0128022754739833,0.0066165651411099,0.0,0.0,0.0232884930050727,1.0000000000000002e-06,1.0000000000000002e-06,300.07,83.4,0.9331156063585164,0.683446907266939,69.26884604281732,47.18395288465904,848.3117701383054,153.07060531845207,0.9756110299814288,0.0050020657335128,0.0041055974621399,0.0,0.0,0.0152796446701534,6.203940968006311e-07,1.0417586681671686e-06,0.8554667910974206,0.0561555407836955,0.0205724267900212,0.0,0.0,0.0678013635869425,3.10983498932716e-06,7.679069306766734e-07,2.528969514707869,2.0212271774590085,1.0,1.010335778032658,1.3316150226849095,0.0,0.0,1.21765775552221,1.342056698875617,1.0,3.1449654870637134,867.6798743518019,129.30886906724652,302.7106577576344,44.02808165538378
23,280.0,59.45332686141364,0.9572906663798342,0.0128022754739833,0.0066165651411099,0.0,0.0,0.0232884930050727,1.0000000000000002e-06,1.0000000000000002e-06,300.07,83.4,0.9331156063585164,0.7128696266356551,69.26884604281732,47.18395288465904,845.0731553645048,156.98211141404568,0.9716057296825364,0.0063419951146312,0.0047215487214306,0.0,0.0,0.0173289831117785,7.134730292834388e-07,1.0298965938458413e-06,0.8355001229988057,0.0677654313274924,0.0227390980694231,0.0,0.0,0.0739911642291594,3.437731131115743e-06,7.456439882428195e-07,2.4361266876300536,2.054766223603733,1.0,1.008884463570047,1.3229742143304954,0.0,0.0,1.2115460904179856,1.3331780469008028,1.0,3.1449654870637134,867.6798743518019,129.30886906724652,302.7106577576344,44.02808165538378
23,280.0,61.90718165676456,0.9572906663798342,0.0128022754739833,0.0066165651411099,0.0,0.0,0.0232884930050727,1.0000000000000002e-06,1.0000000000000002e-06,300.07,83.4,0.9331156063585164,0.7422923460043711,69.26884604281732,47.18395288465904,841.9792845823941,160.70149255684098,0.967787000556536,0.0078016025849915,0.0052779229356577,0.0,0.0,0.0191316558697099,7.975644691449064e-07,1.0204886354091222e-06,0.8171992307242516,0.0795447621811774,0.0244830226332119,0.0,0.0,0.0787685560705166,3.701846536873579e-06,7.265443057768988e-07,2.34995910104708,2.087420005090162,1.0,1.0076040831144335,1.3149472476736113,0.0,0.0,1.2058643324909706,1.3249292082307864,1.0,3.1449654870637134,867.6798743518019,129.30886906724652,302.7106577576344,44.02808165538378
23,280.0,64.36103645211548,0.9572906663798342,0.0128022754739833,0.0066165651411099,0.0,0.0,0.0232884930050727,1.0000000000000002e-06,1.0000000000000002e-06,300.07,83.4,0.9331156063585164,0.7717150653730873,69.26884604281732,47.18395288465904,839.0220334474934,164.24168081919711,0.964140140470566,0.0093719048959718,0.0057765945904921,0.0,0.0,0.02070947442106,8.729531999355622e-07,1.012668710037957e-06,0.800363944204985,0.0913947051293908,0.0258609368236308,0.0,0.0,0.0823757933519351,3.910739953581676e-06,7.09750104299206e-07,2.269835410833832,2.119213254030039,1.0,1.0064752568514916,1.307475075764824,0.0,0.0,1.2005697380354667,1.3172492103899276,1.0,3.1449654870637134,867.6798743518019,129.30886906724652,302.7106577576344,44.02808165538378
23,280.0,66.81489124746639,0.9572906663798342,0.0128022754739833,0.0066165651411099,0.0,0.0,0.0232884930050727,1.0000000000000002e-06,1.0000000000000002e-06,300.07,83.4,0.9331156063585164,0.8011377847418032,69.26884604281732,47.18395288465904,836.1896815722885,167.62005966471858,0.9606476031531072,0.011042419541448,0.0062212248718455,0.0,0.0,0.0220868062992834,9.40192617781936e-07,1.005941698031702e-06,0.7848238209842783,0.1032170856221867,0.0269276682994155,0.0,0.0,0.0850266576769014,4.072679421500939e-06,6.94737796678407e-07,2.195102941877876,2.151091621506439,1.0000000000000555,1.0054843417241683,1.3007220042106806,0.0,0.0,1.1957844969021565,1.3103150800496663,1.0000000000009124,3.1449654870637134,867.6798743518019,129.30886906724652,302.7106577576344,44.02808165538378
23,280.0,69.26874604281731,0.9572906663798342,0.0128022754739833,0.0066165651411099,0.0,0.0,0.0232884930050727,1.0000000000000002e-06,1.0000000000000002e-06,300.07,83.4,0.9331156063585164,0.8305605041105193,69.26884604281732,47.18395288465904,833.4685894411449,170.85623334031516,0.9572908005628196,0.0128022021408556,0.0066165499766138,0.0,0.0,0.0232884473217766,9.999977054292238e-07,1.0000002289606228e-06,0.7704341237552662,0.1149223367430989,0.0277338871289792,0.0,0.0,0.0869047759068312,4.195304984458374e-06,6.811608400060413e-07,2.125098551237197,2.180479643734593,1.0,1.00460401587274,1.293949870396555,0.0,0.0,1.1909746219036477,1.303355572795506,1.0,3.1449654870637134,867.6798743518019,129.30886906724652,302.7106577576344,44.02808165538378
23,285.0,53.71715819780901,0.9572906663798342,0.0128022754739833,0.0066165651411099,0.0,0.0,0.0232884930050727,1.0000000000000002e-06,1.0000000000000002e-06,300.07,83.4,0.94977838504349,0.6440906258730097,72.9415077130872,53.71705819780901,817.6811909324839,162.3506262398584,0.9918348792459348,0.0012774797366316,0.0013887642258726,0.0,0.0,0.005497447253986,2.0670742426283922e-07,1.2228301505752538e-06,0.9572896466300018,0.012802615687511,0.0066167194664994,0.0,0.0,0.0232890181991476,1.000023418104046e-06,9.999934220238404e-07,2.0591891367076745,2.191877135088921,1.0,1.0064813236817205,1.2729331911872317,0.0,0.0,1.1725012230515164,1.2918461596887738,1.0,2.2410524707626744,824.9746819221486,153.77005765610247,302.7106577576344,49.86436423924916
23,285.0,55.85318592172881,0.9572906663798342,0.0128022754739833,0.0066165651411099,0.0,0.0,0.0232884930050727,1.0000000000000002e-06,1.0000000000000002e-06,300.07,83.4,0.94977838504349,0.6697024690854773,72.9415077130872,53.71705819780901,813.7313278014186,166.97749271339526,0.9874708863677074,0.0021240007050074,0.0021276463836479,0.0,0.0,0.008276019021291,3.173560715114974e-07,1.1301662744766348e-06,0.9363243162860242,0.0202205264772629,0.0097350395011189,0.0,0.0,0.0337177339265983,1.4742361586447817e-06,9.095728367062724e-07,1.965676807488868,2.2359529868074146,1.0,1.0052323073168936,1.2640511853850878,0.0,0.0,1.1662905110777402,1.2824953695742194,1.0,2.2410524707626744,824.9746819221486,153.77005765610247,302.7106577576344,49.86436423924916
23,285.0,57.98921364564861,0.9572906663798342,0.0128022754739833,0.0066165651411099,0.0,0.0,0.0232884930050727,1.0000000000000002e-06,1.0000000000000002e-06,300.07,83.4,0.94977838504349,0.6953143122979449,72.9415077130872,53.71705819780901,809.8683173099972,171.48878566145638,0.9832352897437102,0.0030776887492198,0.0028356817385617,0.0,0.0,0.0108498276262242,4.2382800221271306e-07,1.0883142819459925e-06,0.9170436432710468,0.0278877003477899,0.0124817226166991,0.0,0.0,0.0425841769671695,1.893796274640412e-06,8.630010196538358e-07,1.8774776757423168,2.2817831777633217,1.000000000067984,1.0041520032280358,1.2559506632677273,0.0,0.0,1.1606300108965033,1.2739711309629969,1.00000000015185,2.2410524707626744,824.9746819221486,153.77005765610247,302.7106577576344,49.86436423924916
23,285.0,60.12524136956841,0.9572906663798342,0.0128022754739833,0.0066165651411099,0.0,0.0,0.0232884930050727,1.0000000000000002e-06,1.0000000000000002e-06,300.07,83.4,0.94977838504349,0.7209261555104125,72.9415077130872,53.71705819780901,806.1051309483892,175.8704991238162,0.9791348560798848,0.0041428212113077,0.0035069512698168,0.0,0.0,0.0132137828858985,5.251756764925436e-07,1.0633774155332735e-06,0.899275662940963,0.035800531565245,0.014875249116749,0.0,0.0,0.0500454636336586,2.261064618985648e-06,8.316787653560314e-07,1.794545789836365,2.3261707388326585,1.0000000000240978,1.003219491080516,1.248019480759906,0.0,0.0,1.1550832535855846,1.2656209915184125,1.000000000029894,2.2410524707626744,824.9746819221486,153.77005765610247,302.7106577576344,49.86436423924916
23,285.0,62.26126909348821,0.9572906663798342,0.0128022754739833,0.0066165651411099,0.0,0.0,0.0232884930050727,1.0000000000000002e-06,1.0000000000000002e-06,300.07,83.4,0.94977838504349,0.7465379987228802,72.9415077130872,53.71705819780901,802.4510952544687,180.11322713740552,0.9751726670967517,0.0053211336303121,0.0041368472845495,0.0,0.0,0.0153676851641701,6.20639500094277e-07,1.0461847164029214e-06,0.8828662649103225,0.0439385847068196,0.0169370835332808,0.0,0.0,0.056254680181012,2.578888100588605e-06,8.077804642925299e-07,1.7167604616756982,2.3703565763577643,1.0000000000123213,1.0024301095657482,1.240544646413271,0.0,0.0,1.1498540436161049,1.2577473867904112,1.0000000000154985,2.2410524707626744,824.9746819221486,153.77005765610247,302.7106577576344,49.86436423924916
23,285.0,64.397296817408,0.9572906663798342,0.0128022754739833,0.0066165651411099,0.0,0.0,0.0232884930050727,1.0000000000000002e-06,1.0000000000000002e-06,300.07,83.4,0.94977838504349,0.7721498419353477,72.9415077130872,53.71705819780901,798.9112662083963,184.2128448773477,0.971347883167464,0.0066117010400359,0.0047223696425395,0.0,0.0,0.0173163032346577,7.096980315063029e-07,1.0332172711569006e-06,0.8676773543690597,0.0522665511308418,0.0186918667308356,0.0,0.0,0.0613605888807443,2.8506452075819244e-06,7.882433109412344e-07,1.6439001651393164,2.4142187931294643,1.0000000000053506,1.0017729512190316,1.233507385623863,0.0,0.0,1.144932216600631,1.2503383400429349,1.000000000008947,2.2410524707626744,824.9746819221486,153.77005765610247,302.7106577576344,49.86436423924916
23,285.0,66.5333245413278,0.9572906663798342,0.0128022754739833,0.0066165651411099,0.0,0.0,0.0232884930050727,1.0000000000000002e-06,1.0000000000000002e-06,300.07,83.4,0.94977838504349,0.7977616851478153,72.9415077130872,53.71705819780901,795.4863503747529,188.1705132324644,0.9676559658215212,0.0080111316284448,0.005262212899735,0.0,0.0,0.0190688747345077,7.920866537716032e-07,1.0228291376579016e-06,0.8535855616317739,0.0607378008449444,0.020166896402422,0.0,0.0,0.0655058893482848,3.080178722326095e-06,7.715938526002453e-07,1.5756611605431847,2.4544680559223004,1.0,1.0012293351634751,1.2263812395956246,0.0,0.0,1.1399416469726489,1.2428225639394306,1.0,2.2410524707626744,824.9746819221486,153.77005765610247,302.7106577576344,49.86436423924916
23,285.0,68.6693522652476,0.9572906663798342,0.0128022754739833,0.0066165651411099,0.0,0.0,0.0232884930050727,1.0000000000000002e-06,1.0000000000000002e-06,300.07,83.4,0.94977838504349,0.8233735283602829,72.9415077130872,53.71705819780901,792.1731056659927,191.9921144884204,0.9640892828600754,0.0095140256001579,0.0057566485861743,0.0,0.0,0.0206381610270806,8.677843498954277e-07,1.0141421618719348e-06,0.8404813203918896,0.0692988168398305,0.0213910844389929,0.0,0.0,0.0688247496684588,3.2716421293907308e-06,7.570186987429944e-07,1.5117417344109738,2.5007515427816345,1.0000000000001632,1.0008099812108473,1.2206524116602246,0.0,0.0,1.135941449904722,1.2368022784286477,1.00000000000017,2.2410524707626744,824.9746819221486,153.77005765610247,302.7106577576344,49.86436423924916
23,285.0,70.8053799891674,0.9572906663798342,0.0128022754739833,0.0066165651411099,0.0,0.0,0.0232884930050727,1.0000000000000002e-06,1.0000000000000002e-06,300.07,83.4,0.94977838504349,0.8489853715727507,72.9415077130872,53.71705819780901,788.9651377059541,195.687216556176,0.9606379673767608,0.0111135754081445,0.0062072509161601,0.0,0.0,0.0220392626827186,9.369752637180488e-07,1.0066409521875671e-06,0.8282678953691925,0.0778937512929836,0.0223937108371736,0.0,0.0,0.0714404691699365,3.429308306835292e-06,7.44022406656662e-07,1.4517239836513387,2.5434139697628155,1.0000000000001694,1.0004830282077988,1.2147716071745196,0.0,0.0,1.1318296036478914,1.2306073600192158,1.000000000000167,2.2410524707626744,824.9746819221486,153.77005765610247,302.7106577576344,49.86436423924916
23,285.0,72.9414077130872,0.9572906663798342,0.0128022754739833,0.0066165651411099,0.0,0.0,0.0232884930050727,1.0000000000000002e-06,1.0000000000000002e-06,300.07,83.4,0.94977838504349,0.8745972147852182,72.9415077130872,53.71705819780901,785.85382889553,199.2679088320193,0.9572908205505548,0.0128021946000583,0.0066165469315167,0.0,0.0,0.0232884379203838,9.999971923911532e-07,1.000000293914634e-06,0.8168604071115864,0.0864683140132997,0.0232032287903881,0.0,0.0,0.0734637604234429,3.557380782251193e-06,7.322805004201941e-07,1.3952416307740494,2.585745979928666,1.000000000000064,1.0002463961290269,1.2092113292552211,0.0,0.0,1.1279435602706294,1.2247510281006615,1.0000000000004392,2.2410524707626744,824.9746819221486,153.77005765610247,302.7106577576344,49.86436423924916
23,290.0,61.07077801238463,0.9572906663798342,0.0128022754739833,0.0066165651411099,0.0,0.0,0.0232884930050727,1.0000000000000002e-06,1.0000000000000002e-06,300.07,83.4,0.9664411637284632,0.7322635253283528,76.90002303321577,61.07067801238463,761.7314598414364,198.2827774507269,0.9891970899272456,0.0018904650190289,0.0018146320925533,0.0,0.0,0.007096350804677,2.675662311120415e-07,1.19459026403951e-06,0.9572898646349124,0.0128025496660627,0.0066166858041303,0.0,0.0,0.0232888998813796,1.0000184046028812e-06,9.99995110333949e-07,1.2253802536951763,2.70333445923485,1.000000000044234,1.0002382210307408,1.1802299216354597,0.0,0.0,1.1045757869926685,1.2012025077560249,1.000000000053339,1.4167983026644004,773.2637021553837,185.44864903964933,302.7106577576344,56.27641671412855
23,290.0,62.82957190358809,0.9572906663798342,0.0128022754739833,0.0066165651411099,0.0,0.0,0.0232884930050727,1.0000000000000002e-06,1.0000000000000002e-06,300.07,83.4,0.9664411637284632,0.7533521810981785,76.90002303321577,61.07067801238463,757.5543099543002,202.91628906241957,0.9853543393854878,0.0027356963995802,0.0024537970508313,0.0,0.0,0.0094546752199767,3.630023692500637e-07,1.1289417547401005e-06,0.9435240523547904,0.0177404283893899,0.0086586079472346,0.0,0.0,0.0300746620821508,1.3124787163688424e-06,9.367477176326424e-07,1.161176208472321,2.763515549716016,1.0000000003536598,1.0000617194161432,1.1736360506947685,0.0,0.0,1.1000819992563395,1.1940910132578304,1.0000000004451397,1.4167983026644004,773.2637021553837,185.44864903964933,302.7106577576344,56.27641671412855
23,290.0,64.58836579479154,0.9572906663798342,0.0128022754739833,0.0066165651411099,0.0,0.0,0.0232884930050727,1.0000000000000002e-06,1.0000000000000002e-06,300.07,83.4,0.9664411637284632,0.774440836868004,76.90002303321577,61.07067801238463,753.4224984535086,207.49265475520352,0.9815838231091608,0.0036698471975946,0.0030723681559067,0.0,0.0,0.0116724133592389,4.559579352340912e-07,1.0922201637256178e-06,0.9306603204762998,0.0228133138354926,0.010501741230732,0.0,0.0,0.0360221291668204,1.5963831103637217e-06,8.98907544760164e-07,1.1002130681937252,2.824897060507158,1.000000000086678,1.0000001589581178,1.1673086866019324,0.0,0.0,1.0957783652214614,1.1872449682450898,1.0000000001233291,1.4167983026644004,773.2637021553837,185.44864903964933,302.7106577576344,56.27641671412855
23,290.0,66.34715968599501,0.9572906663798342,0.0128022754739833,0.0066165651411099,0.0,0.0,0.0232884930050727,1.0000000000000002e-06,1.0000000000000002e-06,300.07,83.4,0.9664411637284632,0.7955294926378298,76.90002303321577,61.07067801238463,749.3449954067901,212.00308161673289,0.9778888935282444,0.004696143982592,0.003666815518848,0.0,0.0,0.0137465331197708,5.458415655730815e-07,1.0680089791364884e-06,0.918630832780868,0.0280162884242536,0.0121528100195462,0.0,0.0,0.041197344029771,1.8523883815829555e-06,8.723571792024302e-07,1.0424527720742125,2.887379931951199,1.0000000000001208,1.0000000000001208,1.1612513922494927,0.0,0.0,1.09166441307195,1.1806962097546163,1.0000000000001004,1.4167983026644004,773.2637021553837,185.44864903964933,302.7106577576344,56.27641671412855
23,290.0,68.10595357719848,0.9572906663798342,0.0128022754739833,0.0066165651411099,0.0,0.0,0.0232884930050727,1.0000000000000002e-06,1.0000000000000002e-06,300.07,83.4,0.9664411637284632,0.8166181484076556,76.90002303321577,61.07067801238463,745.3289069664744,216.4409695291392,0.9742713188381148,0.0058164850521037,0.0042342138217486,0.0,0.0,0.0156762997828899,6.32143555860051e-07,1.0503615872298378e-06,0.9073723195027618,0.0333385363948565,0.0136200086092043,0.0,0.0,0.0456662021475104,2.081394582726412e-06,8.519510845183655e-07,0.9878179491572208,2.9508649655730665,1.000000000000108,1.000000000000119,1.1554613281996644,0.0,0.0,1.08773932109706,1.1744408869428713,1.00000000000016,1.4167983026644004,773.2637021553837,185.44864903964933,302.7106577576344,56.27641671412855
23,290.0,69.86474746840193,0.9572906663798342,0.0128022754739833,0.0066165651411099,0.0,0.0,0.0232884930050727,1.0000000000000002e-06,1.0000000000000002e-06,300.07,83.4,0.9664411637284632,0.8377068041774811,76.90002303321577,61.07067801238463,741.379100807599,220.80229472766973,0.9707311662353006,0.0070313664981951,0.0047723748854474,0.0,0.0,0.0174633413214009,7.144599453102274e-07,1.0365997105733716e-06,0.8968258593939658,0.0387638766872095,0.0149130279998554,0.0,0.0,0.0494941160104824,2.2845596874531056e-06,8.353487995718037e-07,0.9361995268023054,3.0152796900153422,1.000000000000265,1.0000000000001508,1.149931125757015,0.0,0.0,1.0839986998995192,1.1684562607649212,1.000000000000223,1.4167983026644004,773.2637021553837,185.44864903964933,302.7106577576344,56.27641671412855
23,290.0,71.62354135960538,0.9572906663798342,0.0128022754739833,0.0066165651411099,0.0,0.0,0.0232884930050727,1.0000000000000002e-06,1.0000000000000002e-06,300.07,83.4,0.9664411637284632,0.8587954599473067,76.90002303321577,61.07067801238463,737.4980339515075,225.08575029113365,0.9672668209307288,0.0083399220929215,0.0052799143289603,0.0,0.0,0.0191115248040751,7.925068304233923e-07,1.0253364838524117e-06,0.8869367672819746,0.0442717117090165,0.016042902302116,0.0,0.0,0.052745334100382,2.463284619480832e-06,8.213218911802768e-07,0.887459753007022,3.0805798838105547,1.0000000000001414,1.0000000000002334,1.1446527384202554,0.0,0.0,1.0804358556329836,1.162741979646032,1.000000000000142,1.4167983026644004,773.2637021553837,185.44864903964933,302.7106577576344,56.27641671412855
23,290.0,73.38233525080885,0.9572906663798342,0.0128022754739833,0.0066165651411099,0.0,0.0,0.0232884930050727,1.0000000000000002e-06,1.0000000000000002e-06,300.07,83.4,0.9664411637284632,0.8798841157171324,76.90002303321577,61.07067801238463,733.68575765412,229.2927031579397,0.9638751246860352,0.0097400729359013,0.0057562492175286,0.0,0.0,0.0206266712573679,8.661238913080143e-07,1.015779275427721e-06,0.8776546025968337,0.0498382388438916,0.0170216995618603,0.0,0.0,0.0554820306692952,2.619171363082981e-06,8.091567558066191e-07,0.8414378283732655,3.14676158037899,1.0000000000000713,1.000000000000167,1.1396140870959617,0.0,0.0,1.0770428402259495,1.157284821309532,1.0000000000002944,1.4167983026644004,773.2637021553837,185.44864903964933,302.7106577576344,56.27641671412855
23,290.0,75.14112914201232,0.9572906663798342,0.0128022754739833,0.0066165651411099,0.0,0.0,0.0232884930050727,1.0000000000000002e-06,1.0000000000000002e-06,300.07,83.4,0.9664411637284632,0.9009727714869582,76.90002303321577,61.07067801238463,729.940117933923,233.4269435137429,0.9605516196833472,0.0112287541211241,0.0062015325121166,0.0,0.0,0.0220161509757456,9.352675742879256e-07,1.0074400920544742e-06,0.8689331657273633,0.0554377875532713,0.0178621250660449,0.0,0.0,0.0577633692829128,2.753964198422792e-06,7.984062090526059e-07,0.7979581160755184,3.21384874517085,1.0000000000002538,1.0000000000001492,1.1348006257795369,0.0,0.0,1.0738087640920833,1.1520713543111771,1.000000000000173,1.4167983026644004,773.2637021553837,185.44864903964933,302.7106577576344,56.27641671412855
23,290.0,76.89992303321577,0.9572906663798342,0.0128022754739833,0.0066165651411099,0.0,0.0,0.0232884930050727,1.0000000000000002e-06,1.0000000000000002e-06,300.07,83.4,0.9664411637284632,0.9220614272567836,76.90002303321577,61.07067801238463,726.2570844750885,237.4942766465056,0.9572908498164506,0.0128021838283754,0.0066165424195395,0.0,0.0,0.0232884239387846,9.999964485190952e-07,1.0000004012701396e-06,0.8607304300008933,0.0610441244896075,0.0185771008420763,0.0,0.0,0.0596446864101888,2.8694840882851203e-06,7.8877314538742e-07,0.7568341075520372,3.2819041414430217,1.0000000000000522,1.0000000000001934,1.1301961419294375,0.0,0.0,1.0707232401726847,1.1470786995061355,1.0000000000000708,1.4167983026644004,773.2637021553837,185.44864903964933,302.7106577576344,56.27641671412855
23,295.0,69.53528254523626,0.9572906663798342,0.0128022754739833,0.0066165651411099,0.0,0.0,0.0232884930050727,1.0000000000000002e-06,1.0000000000000002e-06,300.07,83.4,0.9831039424134368,0.8337563854344874,80.88373891915202,69.53518254523625,684.3641195680206,252.447638961803,0.9845441300924588,0.0031236458253994,0.002551884764702,0.0,0.0,0.0097788118476531,3.75565503185267e-07,1.1519042836476288e-06,0.957290069016968,0.0128024876178049,0.0066166542339732,0.0,0.0,0.0232887891208963,1.0000136868467285e-06,9.99996670442363e-07,0.5084580272474708,3.7895739401758815,1.0000000000055311,1.000000000002369,1.091580415012269,0.0,0.0,1.0430613327451912,1.109331984422213,1.0000000000047715,0.7007191954812403,705.9625820508377,229.82343987692175,302.7106577576344,63.31231171729296
23,295.0,70.7962110312269,0.9572906663798342,0.0128022754739833,0.0066165651411099,0.0,0.0,0.0232884930050727,1.0000000000000002e-06,1.0000000000000002e-06,300.07,83.4,0.9831039424134368,0.8488754320290995,80.88373891915202,69.53518254523625,679.8997329685157,257.1154223523409,0.9814567528310107,0.0039264032966757,0.003051364140445,0.0,0.0,0.0115639146743984,4.505706620173405e-07,1.1144868080084276e-06,0.9499026207038532,0.0155158033425771,0.0077065168753379,0.0,0.0,0.0268729261077863,1.1679713036258793e-06,9.649991417281248e-07,0.4741741305900853,3.892131133207522,1.000000000005144,1.0000000000021652,1.0872405156413565,0.0,0.0,1.0403497807963602,1.10445869890296,1.000000000004453,0.7007191954812403,705.9625820508377,229.82343987692175,302.7106577576344,63.31231171729296
23,295.0,72.05713951721754,0.9572906663798342,0.0128022754739833,0.0066165651411099,0.0,0.0,0.0232884930050727,1.0000000000000002e-06,1.0000000000000002e-06,300.07,83.4,0.9831039424134368,0.8639944786237114,80.88373891915202,69.53518254523625,675.4121730300985,261.80606276395747,0.9783859016858716,0.0047930575714675,0.003541351689913,0.0,0.0,0.0132780764125743,5.246240697435234e-07,1.0880161037945862e-06,0.942900081259455,0.0182659420461609,0.008714390564281,0.0,0.0,0.0301173218839605,1.3242882901892732e-06,9.399578523185464e-07,0.4414451121604554,3.99963137682837,1.0000000000038112,1.0000000000018288,1.0830178933425176,0.0,0.0,1.0377308820187867,1.0997513610194816,1.000000000002932,0.7007191954812403,705.9625820508377,229.82343987692175,302.7106577576344,63.31231171729296
23,295.0,73.31806800320818,0.9572906663798342,0.0128022754739833,0.0066165651411099,0.0,0.0,0.0232884930050727,1.0000000000000002e-06,1.0000000000000002e-06,300.07,83.4,0.9831039424134368,0.8791135252183234,80.88373891915202,69.53518254523625,670.9033353152282,266.51828305430485,0.9753315922121772,0.0057259544827272,0.0040204975509709,0.0,0.0,0.0149202903354728,5.974913831880238e-07,1.0679272685426131e-06,0.9362657300876004,0.0210490361672637,0.0096420282575954,0.0,0.0,0.0330408155656707,1.469084464078623e-06,9.208374056361608e-07,0.4102584582338005,4.112386408346055,1.0000000000055709,1.0000000000019924,1.078915000010563,0.0,0.0,1.0352053394830427,1.0951994499409528,1.000000000005179,0.7007191954812403,705.9625820508377,229.82343987692175,302.7106577576344,63.31231171729296
23,295.0,74.57899648919881,0.9572906663798342,0.0128022754739833,0.0066165651411099,0.0,0.0,0.0232884930050727,1.0000000000000002e-06,1.0000000000000002e-06,300.07,83.4,0.9831039424134368,0.8942325718129354,80.88373891915202,69.53518254523625,666.3742791565758,271.25172354346665,0.972293358915045,0.0067270982547726,0.0044876219220498,0.0,0.0,0.0164902000658577,6.689599125753129e-07,1.051882362080965e-06,0.9299835546214892,0.0238599934727612,0.0104915555985629,0.0,0.0,0.0356623881989794,1.602541753260759e-06,9.055664537344404e-07,0.3805648208484022,4.230776189048783,1.0000000000049731,1.0000000000024634,1.0749282234756856,0.0,0.0,1.032771715336628,1.090624429863512,1.0000000000050706,0.7007191954812403,705.9625820508377,229.82343987692175,302.7106577576344,63.31231171729296
23,295.0,75.83992497518946,0.9572906663798342,0.0128022754739833,0.0066165651411099,0.0,0.0,0.0232884930050727,1.0000000000000002e-06,1.0000000000000002e-06,300.07,83.4,0.9831039424134368,0.9093516184075474,80.88373891915202,69.53518254523625,661.8251984878731,276.0069054844771,0.9692702454710084,0.0077981256489795,0.0049417422997878,0.0,0.0,0.0179881091775051,7.388438772011381e-07,1.0385588415966614e-06,0.92403816248086,0.0266926225638551,0.0112654808198068,0.0,0.0,0.0380011162575954,1.724908189638127e-06,8.929696927768105e-07,0.3523457829757065,4.355232297631875,1.0000000000037763,1.0000000000018232,1.0710586976116636,0.0,0.0,1.030430265342511,1.0862773709768123,1.000000000002316,0.7007191954812403,705.9625820508377,229.82343987692175,302.7106577576344,63.31231171729296
23,295.0,77.1008534611801,0.9572906663798342,0.0128022754739833,0.0066165651411099,0.0,0.0,0.0232884930050727,1.0000000000000002e-06,1.0000000000000002e-06,300.07,83.4,0.9831039424134368,0.9244706650021594,80.88373891915202,69.53518254523625,657.2551552854394,280.78556766374834,0.9662607520357254,0.0089403229305629,0.0053821000063855,0.0,0.0,0.0194149908865827,8.069896742423993e-07,1.0271510691600652e-06,0.91841494457496,0.0295397068053142,0.0119666504130204,0.0,0.0,0.0400759793843254,1.8364932083667056e-06,8.8232917144126e-07,0.3255424042589406,4.486258036654892,1.0000000000034657,1.0000000000027522,1.0673026878834095,0.0,0.0,1.0281796352821262,1.0816722876288245,1.0000000000034646,0.7007191954812403,705.9625820508377,229.82343987692175,302.7106577576344,63.31231171729296
23,295.0,78.36178194717074,0.9572906663798342,0.0128022754739833,0.0066165651411099,0.0,0.0,0.0232884930050727,1.0000000000000002e-06,1.0000000000000002e-06,300.07,83.4,0.9831039424134368,0.9395897115967714,80.88373891915202,69.53518254523625,652.6620497522304,285.5906132776097,0.963262841759322,0.0101546460429662,0.0058081704008089,0.0,0.0,0.0207724513791119,8.732786510522432e-07,1.017139139876144e-06,0.9131000430249429,0.0323931929428926,0.012598215916707,0.0,0.0,0.0419057372708624,1.9376642590918524e-06,8.731803360137717e-07,0.2998323523724876,4.343593945549588,1.0,1.0,1.0589192324128047,0.0,0.0,1.0232367301163372,1.070910351576644,1.0,0.7007191954812403,705.9625820508377,229.82343987692175,302.7106577576344,63.31231171729296
23,295.0,79.62271043316139,0.9572906663798342,0.0128022754739833,0.0066165651411099,0.0,0.0,0.0232884930050727,1.0000000000000002e-06,1.0000000000000002e-06,300.07,83.4,0.9831039424134368,0.9547087581913836,80.88373891915202,69.53518254523625,648.0424922727337,290.42626200528605,0.9602739326350642,0.0114417717985338,0.0062196667511331,0.0,0.0,0.0220626830149772,9.376288534997602e-07,1.008171438028177e-06,0.9080804588696624,0.0352443448232554,0.0131635678087284,0.0,0.0,0.0435087344518045,2.028837790305558e-06,8.652087589171338e-07,0.2756681476507542,4.44017510849625,1.0,1.0,1.0549433435575086,0.0,0.0,1.0209468814542573,1.0658015001140346,1.0,0.7007191954812403,705.9625820508377,229.82343987692175,302.7106577576344,63.31231171729296
23,295.0,80.88363891915202,0.9572906663798342,0.0128022754739833,0.0066165651411099,0.0,0.0,0.0232884930050727,1.0000000000000002e-06,1.0000000000000002e-06,300.07,83.4,0.9831039424134368,0.9698278047859954,80.88373891915202,69.53518254523625,643.3917128152773,295.298133732182,0.9572909012738812,0.0128021653926515,0.0066165344453024,0.0,0.0,0.0232883988923825,9.999951647952112e-07,1.00000061745261e-06,0.9033441329328809,0.0380839133752699,0.0136662644614293,0.0,0.0,0.0449027205676894,2.110468911828276e-06,8.581938184765784e-07,0.2527446801142968,4.537466302142781,1.0,1.0,1.0510382329120522,0.0,0.0,1.0187347801812174,1.0608019486473268,1.0,0.7007191954812403,705.9625820508377,229.82343987692175,302.7106577576344,63.31231171729296
24,200.0,2.738436604449397,0.9600000000000002,0.0066385228428608,0.0236180252417745,0.0032247805701596,0.0057725339885989,1.2724238159081e-05,0.0007291111591705,4.301959276423011e-06,299.88,81.98,0.6669334400426837,0.0334037155946498,49.85362434151381,2.7383366044493966,1221.7621927009905,7.417831246009984,0.99978380080287,4.533024496642223e-06,9.64194810380657e-05,1.9674193844299016e-05,8.133905788195341e-05,1.1387424503450448e-07,9.264270469213235e-06,4.855295154885206e-06,0.9599664659936258,0.0066441146730119,0.0236378517455675,0.0032274821737139,0.0057773311312356,1.273486751111234e-05,0.0007297179224678,4.301492866263572e-06,22.507954477461013,0.6835233549009466,1.0000000103958775,1.6312129903065695,5.242870893356285,5.372032002481312,5.232862083170019,4.155865386205102,4.325527090631053,1.0024355010996235,22.53960113748808,1221.920496490378,7.249541730897533,302.7106577576344,2.6239816647333654
24,200.0,7.973446353012109,0.9600000000000002,0.0066385228428608,0.0236180252417745,0.0032247805701596,0.0057725339885989,1.2724238159081e-05,0.0007291111591705,4.301959276423011e-06,299.88,81.98,0.6669334400426837,0.0972608728105892,49.85362434151381,2.7383366044493966,1215.876960160047,15.038691487237154,0.991287312341118,0.0002636159989406,0.0046155257086447,0.0008599298546489,0.0026486070228801,4.440101495743907e-06,0.0003161202758771,4.4486963944119525e-06,0.3517463187256862,0.1305724841022731,0.3930438221405878,0.0491996197538745,0.0665045027884039,0.0001737753558363,0.0087580278764995,1.4492568383468765e-06,21.22750564666002,0.7291448962358615,1.0,1.5371265135981167,4.785357782321825,4.9552825078543545,4.863988376892889,3.908807201891948,3.9709644400439705,1.001843734925011,22.53960113748808,1221.920496490378,7.249541730897533,302.7106577576344,2.6239816647333654
24,200.0,13.208456101574823,0.9600000000000002,0.0066385228428608,0.0236180252417745,0.0032247805701596,0.0057725339885989,1.2724238159081e-05,0.0007291111591705,4.301959276423011e-06,299.88,81.98,0.6669334400426837,0.1611180300265287,49.85362434151381,2.7383366044493966,1211.5636932694597,22.22387855516528,0.9844228031906922,0.0006380572522328,0.00896904073117,0.0015422779343373,0.0039349265029667,7.319764451300573e-06,0.0004811601524792,4.414471670335343e-06,0.2247409692844457,0.1872851291951001,0.4646320263020286,0.0538772485744278,0.0610945004382364,0.0001754282516535,0.0081937832290093,9.147250983661824e-07,20.194115382710827,0.76796752723085,1.0,1.4657793322373809,4.433650562127667,4.627653527070256,4.585470553364506,3.721908779743001,3.713049676343295,1.0012303455924056,22.53960113748808,1221.920496490378,7.249541730897533,302.7106577576344,2.6239816647333654
24,200.0,18.44346585013753,0.9600000000000002,0.0066385228428608,0.0236180252417745,0.0032247805701596,0.0057725339885989,1.2724238159081e-05,0.0007291111591705,4.301959276423011e-06,299.88,81.98,0.6669334400426837,0.2249751872424681,49.85362434151381,2.7383366044493966,1208.196471518944,28.668736571752927,0.9787464491844192,0.0011489216726674,0.012801246937509,0.0020615569023842,0.0046517083488935,9.21524403001667e-06,0.0005765137698061,4.387940290156636e-06,0.1698902570637952,0.2380096655448477,0.4795145975102112,0.0522513639023854,0.0530121605094396,0.0001606184031822,0.0071606589630916,6.781030468960019e-07,19.35174935744648,0.8008933243324698,1.0,1.4107730571119497,4.158693008906699,4.366318524627142,4.372920198975051,3.5779382240564632,3.5199483738452195,1.0005637656002897,22.53960113748808,1221.920496490378,7.249541730897533,302.7106577576344,2.6239816647333654
24,200.0,23.67847559870025,0.9600000000000002,0.0066385228428608,0.0236180252417745,0.0032247805701596,0.0057725339885989,1.2724238159081e-05,0.0007291111591705,4.301959276423011e-06,299.88,81.98,0.6669334400426837,0.2888323444584075,49.85362434151381,2.7383366044493966,1205.537531843794,34.20958451850335,0.9740756285281026,0.0018060904922166,0.0159491267640273,0.0024412866042147,0.0050786699458113,1.0465196732548362e-05,0.0006343659986214,4.366470273521972e-06,0.1392908350622233,0.2884036682640575,0.4707693018684978,0.0489080463114057,0.046229738297424,0.0001444424061277,0.0062534272805347,5.405097288816696e-07,18.67124506742139,0.8283745571380571,1.0,1.368483744985953,3.942950322432224,4.158273429753433,4.2112567223491775,3.4668323595537327,3.3749124970839763,1.0001040603326516,22.53960113748808,1221.920496490378,7.249541730897533,302.7106577576344,2.6239816647333654
24,200.0,28.913485347262963,0.9600000000000002,0.0066385228428608,0.0236180252417745,0.0032247805701596,0.0057725339885989,1.2724238159081e-05,0.0007291111591705,4.301959276423011e-06,299.88,81.98,0.6669334400426837,0.3526895016743469,49.85362434151381,2.7383366044493966,1203.4387234825792,38.844928773121126,0.9702491296479538,0.0026000810275298,0.0184073006727547,0.0027125964474877,0.0053445513263684,1.1295103692484986e-05,0.0006706968049784,4.348969234397267e-06,0.1197158351909098,0.3377338279552359,0.4508239922775414,0.0452166591521323,0.0408610796737321,0.0001298931200946,0.0055182648250035,4.4780535009480316e-07,18.12392526974697,0.8511556514853361,1.0000000012049322,1.335814943823311,3.77252377481506,3.991692594242195,4.08875513350938,3.3810355593563712,3.265093850659756,1.0,22.53960113748808,1221.920496490378,7.249541730897533,302.7106577576344,2.6239816647333654
24,200.0,34.14849509582567,0.9600000000000002,0.0066385228428608,0.0236180252417745,0.0032247805701596,0.0057725339885989,1.2724238159081e-05,0.0007291111591705,4.301959276423011e-06,299.88,81.98,0.6669334400426837,0.4165466588902863,49.85362434151381,2.7383366044493966,1201.7670675980442,42.70067261812226,0.9670846341555124,0.0035064989308022,0.0202761549070903,0.0029056136805266,0.005516640589789,1.1855127666790516e-05,0.0006942681081017,4.334500510804992e-06,0.1060769916255908,0.3841466937065259,0.4264193424516868,0.0416945087997872,0.0366158007174579,0.0001174796044766,0.004928803385543,3.797089315612533e-07,17.679081690051365,0.8701405999365762,1.000000001252897,1.31009570671001,3.635243285342636,3.856217313695265,3.994137859862595,3.3133009260269097,3.180261286315476,1.0000000003974203,22.53960113748808,1221.920496490378,7.249541730897533,302.7106577576344,2.6239816647333654
24,200.0,39.38350484438839,0.9600000000000002,0.0066385228428608,0.0236180252417745,0.0032247805701596,0.0057725339885989,1.2724238159081e-05,0.0007291111591705,4.301959276423011e-06,299.88,81.98,0.6669334400426837,0.4804038161062258,49.85362434151381,2.7383366044493966,1200.4060696552826,45.94973038683399,0.9644082713106102,0.0044970252342669,0.0216908766473224,0.0030446656631074,0.0056324861239507,1.2242919968646868e-05,0.0007101098604349,4.322240338734919e-06,0.0960140989604397,0.4263549174490251,0.4013237283384396,0.0385258610380518,0.0332207947695281,0.0001070587518828,0.0044532136592761,3.270333562740752e-07,17.30900307434856,0.8862947857559548,1.0000000004680012,1.2892624415601364,3.5216024589626325,3.742565702271673,3.9190775182202047,3.25829215639167,3.1126821983853388,1.000000000716749,22.53960113748808,1221.920496490378,7.249541730897533,302.7106577576344,2.6239816647333654
24,200.0,44.6185145929511,0.9600000000000002,0.0066385228428608,0.0236180252417745,0.0032247805701596,0.0057725339885989,1.2724238159081e-05,0.0007291111591705,4.301959276423011e-06,299.88,81.98,0.6669334400426837,0.5442609733221652,49.85362434151381,2.7383366044493966,1199.265181601567,48.751126937290266,0.9620804514969268,0.0055471618528098,0.0227736454146946,0.0031471620798719,0.005713598137939,1.2519939111294986e-05,0.0007211495322748,4.311546371457618e-06,0.0882842477909362,0.4639222267788986,0.3774158413410325,0.035747173303838,0.0304668416741713,9.832618484203104e-05,0.0040650579901229,2.849361581535637e-07,16.992238126659156,0.9003476716876428,1.0,1.2718034530180398,3.4244063690319124,3.644834458880935,3.857737731381099,3.2122273213504764,3.0569444346883445,1.000000000683458,22.53960113748808,1221.920496490378,7.249541730897533,302.7106577576344,2.6239816647333654
24,200.0,49.85352434151381,0.9600000000000002,0.0066385228428608,0.0236180252417745,0.0032247805701596,0.0057725339885989,1.2724238159081e-05,0.0007291111591705,4.301959276423011e-06,299.88,81.98,0.6669334400426837,0.6081181305381045,49.85362434151381,2.7383366044493966,1198.2797404475448,51.22819305394772,0.9600000377375992,0.0066385017625844,0.0236180109757836,0.0032247792757955,0.005772533024435,1.2724234795186854e-05,0.0007291110295564,4.301959450592095e-06,0.0821681199578986,0.4969966571788067,0.3554658892165626,0.0333335868794085,0.0282003990604488,9.097334807574802e-05,0.0037441238277752,2.505310236553829e-07,16.713616960424964,0.9128668349262612,1.0000000001348484,1.256734418444784,3.3392116098856484,3.558377038614992,3.805756725457539,3.1724389473013983,3.009449801407361,1.000000000104194,22.53960113748808,1221.920496490378,7.249541730897533,302.7106577576344,2.6239816647333654
24,205.0,3.502342860162955,0.9600000000000002,0.0066385228428608,0.0236180252417745,0.0032247805701596,0.0057725339885989,1.2724238159081e-05,0.0007291111591705,4.301959276423011e-06,299.88,81.98,0.6836067760437509,0.0427219182747371,47.18999648896553,3.502242860162955,1206.0697370511714,9.338667470249469,0.9997140779575684,6.368129543223795e-06,0.0001313297625826,2.73085901195218e-05,0.0001047908411371,1.4046414090688658e-07,1.0997379951152465e-05,4.986874956836975e-06,0.9599740182212392,0.0066428617369087,0.0236333907282003,0.0032268724230705,0.0057762419444701,1.2732470726707775e-05,0.0007295809641942,4.301511190288478e-06,21.12036094762105,0.7115785090040226,1.0,1.558576242224848,4.763648723032376,4.631877058027259,4.498871516575127,3.795411809372229,3.968330096156458,1.000427835000876,21.15779579629945,1206.2779501886548,9.12387059747945,302.7106577576344,3.35468958110042
24,205.0,8.356515485585463,0.9600000000000002,0.0066385228428608,0.0236180252417745,0.0032247805701596,0.0057725339885989,1.2724238159081e-05,0.0007291111591705,4.301959276423011e-06,299.88,81.98,0.6836067760437509,0.1019335872845262,47.18999648896553,3.502242860162955,1200.370408187984,16.32056488009712,0.9914817673184952,0.0002658140268802,0.0045475155620903,0.000860909547304,0.0025469917634063,4.107078645941633e-06,0.0002884400577779,4.454645399797655e-06,0.4266006546017704,0.1146120897798285,0.3467319494584149,0.0432761297666901,0.0604232813264494,0.0001587258014448,0.0081954542853579,1.7149800437932654e-06,20.017986010681707,0.7518698353361891,1.0,1.4841261014163023,4.405337443863245,4.383305864667078,4.225364134359757,3.6018915609179523,3.69358404009456,1.000145186786222,21.15779579629945,1206.2779501886548,9.12387059747945,302.7106577576344,3.35468958110042
24,205.0,13.21068811100797,0.9600000000000002,0.0066385228428608,0.0236180252417745,0.0032247805701596,0.0057725339885989,1.2724238159081e-05,0.0007291111591705,4.301959276423011e-06,299.88,81.98,0.6836067760437509,0.1611452562943153,47.18999648896553,3.502242860162955,1196.065226269793,22.91012375331765,0.984703059054069,0.0006370402836972,0.0088230885285531,0.0015373516421448,0.0038348544453499,6.925032833091761e-06,0.0004532631478441,4.417865508786911e-06,0.2839806063972427,0.1708739963315199,0.4284935559755187,0.0494026518276221,0.058798717788613,0.0001714242298998,0.0082779173590519,1.1300905315066706e-06,19.111599245157308,0.7867143527476358,1.0,1.4262869473056587,4.123117088142016,4.190349725618228,4.013172845293684,3.4514348496155427,3.486559410244476,1.000000056865091,21.15779579629945,1206.2779501886548,9.12387059747945,302.7106577576344,3.35468958110042
24,205.0,18.06486073643048,0.9600000000000002,0.0066385228428608,0.0236180252417745,0.0032247805701596,0.0057725339885989,1.2724238159081e-05,0.0007291111591705,4.301959276423011e-06,299.88,81.98,0.6836067760437509,0.2203569253041044,47.18999648896553,3.502242860162955,1192.6472633598016,28.844337586670576,0.9790337476272146,0.0011417432352415,0.0126262111010766,0.0020545931390024,0.0045757170831682,8.874887927544425e-06,0.0005547225359755,4.390390393299176e-06,0.217969474202233,0.2209304396172689,0.4521338270711261,0.0488445298612537,0.0524304331587331,0.0001627911315649,0.0075276504850522,8.544727678448006e-07,18.36287028899629,0.8166705894078256,1.0,1.3807556806172347,3.897819365019033,4.038852272497149,3.847986531397552,3.3330088592975025,3.3276295731345744,1.0,21.15779579629945,1206.2779501886548,9.12387059747945,302.7106577576344,3.35468958110042
24,205.0,22.919033361852986,0.9600000000000002,0.0066385228428608,0.0236180252417745,0.0032247805701596,0.0057725339885989,1.2724238159081e-05,0.0007291111591705,4.301959276423011e-06,299.88,81.98,0.6836067760437509,0.2795685943138934,47.18999648896553,3.502242860162955,1189.9135306462624,33.97183572094296,0.974326354370306,0.0017916957843393,0.0157870677879848,0.0024351287384461,0.0050262542185234,1.020862778679755e-05,0.0006189221872294,4.368285383862576e-06,0.1798767789568546,0.2705662632155206,0.4500427523422365,0.0462242565384298,0.0464102400638676,0.0001497085689796,0.0067293100578007,6.902563101573548e-07,17.7511127695212,0.8419749309718804,1.0,1.3450648079420675,3.7183755905432094,3.920373180926028,3.72014588893247,3.2399392655652823,3.205683202547734,1.0,21.15779579629945,1206.2779501886548,9.12387059747945,302.7106577576344,3.35468958110042
24,205.0,27.77320598727549,0.9600000000000002,0.0066385228428608,0.0236180252417745,0.0032247805701596,0.0057725339885989,1.2724238159081e-05,0.0007291111591705,4.301959276423011e-06,299.88,81.98,0.6836067760437509,0.3387802633236825,47.18999648896553,3.502242860162955,1187.733229039038,38.27834957521143,0.970443717107176,0.002580251545643,0.0182811585447733,0.0027084062507876,0.0053105958038085,1.1117439724500956e-05,0.0006604030426656,4.350265421367489e-06,0.1550115868929633,0.3194449056642122,0.4349769130108564,0.0430262554334413,0.0413781409302564,0.0001365742150171,0.0060250452701045,5.785831486403849e-07,17.254695933175174,0.863147482015102,1.0000000011427546,1.3170930006223136,3.574946644436162,3.82243335314971,3.621848735436567,3.167079285741568,3.1117999591249945,1.0000000001007616,21.15779579629945,1206.2779501886548,9.12387059747945,302.7106577576344,3.35468958110042
24,205.0,32.627378612698,0.9600000000000002,0.0066385228428608,0.0236180252417745,0.0032247805701596,0.0057725339885989,1.2724238159081e-05,0.0007291111591705,4.301959276423011e-06,299.88,81.98,0.6836067760437509,0.3979919323334716,47.18999648896553,3.502242860162955,1185.983524839084,41.86574705599608,0.9672205660476496,0.0034851628361356,0.0201909892882303,0.0029033311484397,0.0054960439703573,1.1741398808863412e-05,0.0006878299435945,4.33536678391184e-06,0.1374500766838993,0.3658618876875401,0.414017911093786,0.0398435436201504,0.0372696274022469,0.000124686988284,0.0054317702695966,4.962544962468081e-07,16.8488970563685,0.8809182850159509,1.0000000010964156,1.294829110041183,3.4583687464015287,3.705484530962482,3.54523864476178,3.1090326845111838,3.038447376510009,1.0000000000211582,21.15779579629945,1206.2779501886548,9.12387059747945,302.7106577576344,3.35468958110042
24,205.0,37.48155123812051,0.9600000000000002,0.0066385228428608,0.0236180252417745,0.0032247805701596,0.0057725339885989,1.2724238159081e-05,0.0007291111591705,4.301959276423011e-06,299.88,81.98,0.6836067760437509,0.4572036013432606,47.18999648896553,3.502242860162955,1184.5519591595487,44.88562470762911,0.9644913419607828,0.0044787852311897,0.0216418780686104,0.0030437243433855,0.0056212780984657,1.2178106263028136e-05,0.0007064914342615,4.32275704089332e-06,0.1243617277846178,0.4084692945841464,0.391290810757822,0.0369112631039694,0.033914503982619,0.0001143350079477,0.0049376323552808,4.324235965163469e-07,16.510261777209646,0.8960955017821427,1.0000000002059408,1.276636897346259,3.361375023247108,3.607404200449023,3.4840905445882644,3.061617511883131,2.97957190177532,1.0000000002184712,21.15779579629945,1206.2779501886548,9.12387059747945,302.7106577576344,3.35468958110042
24,205.0,42.335723863543016,0.9600000000000002,0.0066385228428608,0.0236180252417745,0.0032247805701596,0.0057725339885989,1.2724238159081e-05,0.0007291111591705,4.301959276423011e-06,299.88,81.98,0.6836067760437509,0.5164152703530497,47.18999648896553,3.502242860162955,1183.3481667413082,47.48285725321479,0.9621184782263862,0.005536269211616,0.0227529411016056,0.0031469436664613,0.0057089619610095,1.249199384880715e-05,0.000719602059363,4.31177970927851e-06,0.1142257652060979,0.4466986140457696,0.3689913538748464,0.0343001283571544,0.0311528198555759,0.0001054446878481,0.004525492690538,3.812821695010328e-07,16.21998720880034,0.9093354774192656,1.0000000003788667,1.261305296469134,3.2780895374464234,3.5226093759981336,3.4337650628796714,3.021701188830715,2.9307682845560974,1.0000000001612437,21.15779579629945,1206.2779501886548,9.12387059747945,302.7106577576344,3.35468958110042
24,205.0,47.18989648896552,0.9600000000000002,0.0066385228428608,0.0236180252417745,0.0032247805701596,0.0057725339885989,1.2724238159081e-05,0.0007291111591705,4.301959276423011e-06,299.88,81.98,0.6836067760437509,0.5756269393628387,47.18999648896553,3.502242860162955,1182.3061635388715,49.77235689787904,0.960000041420883,0.0066384998516882,0.0236180094994284,0.0032247791738758,0.0057725328688313,1.2724234030602911e-05,0.0007291109917937,4.301959468651816e-06,0.106149463645758,0.4805788066858675,0.3481309206225388,0.0320077888413256,0.0288554351917646,9.782873103245844e-05,0.0041794169291486,3.393525642052447e-07,15.964473736691067,0.921173526961458,1.000000000215267,1.2480209970073295,3.2049854378531397,3.44747059715573,3.391156618035506,2.987151579404678,2.8890305235856437,1.0000000001735447,21.15779579629945,1206.2779501886548,9.12387059747945,302.7106577576344,3.35468958110042
24,210.0,4.421514993605575,0.9600000000000002,0.0066385228428608,0.0236180252417745,0.0032247805701596,0.0057725339885989,1.2724238159081e-05,0.0007291111591705,4.301959276423011e-06,299.88,81.98,0.700280112044818,0.0539340692071916,45.14082757472791,4.421414993605575,1190.0233799583589,11.626374768354912,0.9996268698932445,8.823864548731103e-06,0.0001757815593542,3.691442766279456e-05,0.0001333531786473,1.7222768068807157e-07,1.2982432574268716e-05,5.102416287486225e-06,0.959979630912356,0.00664193065478,0.0236300750735535,0.0032264192038702,0.00577543265227,1.2730690170108728e-05,0.0007294792651762,4.301547823813766e-06,19.750048752762485,0.7417075090094215,1.0000000005743808,1.493222926266056,4.340585503383795,3.9916333039021854,3.8985329775897495,3.475332853687981,3.6524953533190456,1.0000000045904351,19.793904820789816,1190.2941504876192,11.354703713715036,302.7106577576344,4.233266563955471
24,210.0,8.945871947063612,0.9600000000000002,0.0066385228428608,0.0236180252417745,0.0032247805701596,0.0057725339885989,1.2724238159081e-05,0.0007291111591705,4.301959276423011e-06,299.88,81.98,0.700280112044818,0.1091226146262943,45.14082757472791,4.421414993605575,1184.4976575975754,18.07579423397466,0.991653602010044,0.0002696561067197,0.0044890279920148,0.0008578237355655,0.0024574746501265,3.825088759727738e-06,0.0002641279513147,4.462465454750727e-06,0.5003874386416595,0.0991149226099044,0.3013724311823364,0.0375931628170584,0.0539074322894845,0.0001419405228665,0.0074807005385836,1.9713981064293945e-06,18.796117524615116,0.7777318200202856,1.0,1.433879154216413,4.0580046137322645,3.805073040783992,3.693631083750161,3.3226075361100005,3.4378738910953044,1.0,19.793904820789816,1190.2941504876192,11.354703713715036,302.7106577576344,4.233266563955471
24,210.0,13.470228900521647,0.9600000000000002,0.0066385228428608,0.0236180252417745,0.0032247805701596,0.0057725339885989,1.2724238159081e-05,0.0007291111591705,4.301959276423011e-06,299.88,81.98,0.700280112044818,0.164311160045397,45.14082757472791,4.421414993605575,1180.2118513185892,24.17295070701334,0.984977318447489,0.0006388145345904,0.008680713005338,0.0015256161899621,0.0037399642152947,6.565006512253298e-06,0.0004265865446605,4.42205615289112e-06,0.3480890938138437,0.1536233545206362,0.3895622031886416,0.0448520360272154,0.0555677757990425,0.0001636171783417,0.0081405597259009,1.3597463777795467e-06,17.998682689387813,0.8093458189887095,1.0,1.386792109878099,3.830432082932388,3.657041520821563,3.531133370232139,3.200753652563342,3.271028368819004,1.0,19.793904820789816,1190.2941504876192,11.354703713715036,302.7106577576344,4.233266563955471
24,210.0,17.994585853979686,0.9600000000000002,0.0066385228428608,0.0236180252417745,0.0032247805701596,0.0057725339885989,1.2724238159081e-05,0.0007291111591705,4.301959276423011e-06,299.88,81.98,0.700280112044818,0.2194997054644997,45.14082757472791,4.421414993605575,1176.754243423146,29.69049010546701,0.979330650030092,0.001138223636746,0.0124450915741765,0.0020401087862526,0.0045002958176334,8.547713082408252e-06,0.0005326891279604,4.393314056609581e-06,0.272230567604671,0.2023348733072881,0.4211422799767333,0.0453744775086539,0.0510377745963643,0.0001613217388585,0.0077176536398924,1.0516275380847132e-06,17.331518156711066,0.836839692933129,1.0,1.3490355351741656,3.645539262268181,3.53874736766858,3.4019244527065147,3.103111867088145,3.1400616058669173,1.0,19.793904820789816,1190.2941504876192,11.354703713715036,302.7106577576344,4.233266563955471
24,210.0,22.51894280743772,0.9600000000000002,0.0066385228428608,0.0236180252417745,0.0032247805701596,0.0057725339885989,1.2724238159081e-05,0.0007291111591705,4.301959276423011e-06,299.88,81.98,0.700280112044818,0.2746882508836023,45.14082757472791,4.421414993605575,1173.9528154942918,34.488788247556855,0.9745963597230866,0.0017811733468717,0.0156109686734904,0.0024220223082008,0.0049724560194287,9.952276496528915e-06,0.0006026972248743,4.370427550819552e-06,0.2267657363242093,0.2506428601348761,0.4258449049870186,0.0435505792133663,0.0459636906699334,0.0001519710988242,0.0070793950512128,8.625205591862369e-07,16.780136943262512,0.8603540053184965,1.0,1.3189525308070096,3.4959334389638728,3.4447908956284867,3.300424919940121,3.025071939599137,3.0374670412637337,1.0,19.793904820789816,1190.2941504876192,11.354703713715036,302.7106577576344,4.233266563955471
24,210.0,27.04329976089576,0.9600000000000002,0.0066385228428608,0.0236180252417745,0.0032247805701596,0.0057725339885989,1.2724238159081e-05,0.0007291111591705,4.301959276423011e-06,299.88,81.98,0.700280112044818,0.329876796302705,45.14082757472791,4.421414993605575,1171.6937885136308,38.54293255633796,0.9706603438399136,0.0025637726415326,0.0181378960058412,0.0026985473410484,0.0052748504617375,1.0934952350722111e-05,0.0006493029617702,4.3517958056174586e-06,0.19639435278122,0.2985148742500501,0.4161623647948428,0.0409191243491048,0.0414218486210432,0.0001408916564214,0.0064458114030207,7.32144296517779e-07,16.32845307857188,0.8802336612078947,1.000000000226706,1.2949967820667143,3.374788256481492,3.3706688122114787,3.2212009806919992,2.9631284174660446,2.9572410815702552,1.0,19.793904820789816,1190.2941504876192,11.354703713715036,302.7106577576344,4.233266563955471
24,210.0,31.567656714353795,0.9600000000000002,0.0066385228428608,0.0236180252417745,0.0032247805701596,0.0057725339885989,1.2724238159081e-05,0.0007291111591705,4.301959276423011e-06,299.88,81.98,0.700280112044818,0.3850653417218077,45.14082757472791,4.421414993605575,1169.865685194588,41.9326599359112,0.9673759060149028,0.0034662209734714,0.0200902799703636,0.0028969241585073,0.0054739439033212,1.1622342007866158e-05,0.0006807662439272,4.33639349839256e-06,0.174605312882451,0.3444287589328418,0.399256270641337,0.0381352964212113,0.0375667388129596,0.0001300553675377,0.0058769315766901,6.353649712260382e-07,15.956814387697364,0.8970322326629009,1.000000000884275,1.2757538394098191,3.275773082574037,3.3114892405437133,3.1588676560201536,2.913317711448076,2.893841847814772,1.0,19.793904820789816,1190.2941504876192,11.354703713715036,302.7106577576344,4.233266563955471
24,210.0,36.09201366781183,0.9600000000000002,0.0066385228428608,0.0236180252417745,0.0032247805701596,0.0057725339885989,1.2724238159081e-05,0.0007291111591705,4.301959276423011e-06,299.88,81.98,0.700280112044818,0.4402538871409103,45.14082757472791,4.421414993605575,1168.361674336919,44.78913830821677,0.9645881883879246,0.0044619339638429,0.0215817083070204,0.0030401859318568,0.0056090743957233,1.2109384544726932e-05,0.0007024762575577,4.323371529365287e-06,0.1581774750594106,0.3870147940798955,0.3794806551418473,0.0354841662928428,0.0343384019094159,0.0001201748125138,0.0053837727068241,5.59997249748644e-07,15.645575270972628,0.9114483777041088,1.0000000005413228,1.2599258447919626,3.1927007318045604,3.263221958491549,3.108817156496697,2.872395522167184,2.8425737585034847,1.0000000004635825,19.793904820789816,1190.2941504876192,11.354703713715036,302.7106577576344,4.233266563955471
24,210.0,40.616370621269866,0.9600000000000002,0.0066385228428608,0.0236180252417745,0.0032247805701596,0.0057725339885989,1.2724238159081e-05,0.0007291111591705,4.301959276423011e-06,299.88,81.98,0.700280112044818,0.4954424325600129,45.14082757472791,4.421414993605575,1167.0927049440947,47.24363105666467,0.96216347882539,0.0055259437930463,0.0227265647609209,0.0031455125774784,0.005703853769559,1.2462107703244124e-05,0.0007178721082024,4.312057699284624e-06,0.1453384581594737,0.4255820102966379,0.3592989486227141,0.0330732747538733,0.0316341844380248,0.0001114298962913,0.0049611944515941,4.993813902651705e-07,15.378343135240671,0.9240677858314824,1.0000000005411571,1.2465012737683747,3.1214027615480644,3.222915177026961,3.06747378495844,2.837827323869021,2.799870692751585,1.0000000004570166,19.793904820789816,1190.2941504876192,11.354703713715036,302.7106577576344,4.233266563955471
24,210.0,45.140727574727904,0.9600000000000002,0.0066385228428608,0.0236180252417745,0.0032247805701596,0.0057725339885989,1.2724238159081e-05,0.0007291111591705,4.301959276423011e-06,299.88,81.98,0.700280112044818,0.5506309779791156,45.14082757472791,4.421414993605575,1165.9920390900809,49.40321790153561,0.9600000453647568,0.006638497911077,0.0236180078465181,0.0032247790468911,0.005772532691777,1.2724233151981354e-05,0.0007291109463396,4.301959488268477e-06,0.1350299048189457,0.4600296039469131,0.3399553621655353,0.0309258210062702,0.0293555831764411,0.0001037796693446,0.0045994957230893,4.494934604027248e-07,15.142941037084173,0.9353476015880638,1.0000000016184645,1.2348447699456344,3.058486669341594,3.188131693081081,3.0322951024800697,2.8078013273982405,2.763231258420428,1.000000000142884,19.793904820789816,1190.2941504876192,11.354703713715036,302.7106577576344,4.233266563955471
24,215.0,5.515810748857444,0.9600000000000002,0.0066385228428608,0.0236180252417745,0.0032247805701596,0.0057725339885989,1.2724238159081e-05,0.0007291111591705,4.301959276423011e-06,299.88,81.98,0.716953448045885,0.0672823950824279,43.63508706629254,5.515710748857444,1173.5600588234522,14.330288860434075,0.9995191496370942,1.2078375495555604e-05,0.0002315911208499,4.871769740870893e-05,0.0001677974437178,2.1005908512567307e-07,1.5253106538554262e-05,5.2025598101198895e-06,0.9599838606863798,0.0066412290312891,0.0236275760797406,0.0032260776495566,0.0057748229194511,1.2729348852570916e-05,0.000729402693252,4.301591478163344e-06,18.397289158530093,0.7741256654125728,1.0,1.4343029403392211,3.965729717543816,3.486469062301102,3.404094380172107,3.189802093883423,3.3721003202512945,1.0000000000539917,18.448205290897207,1173.908539729092,13.989350648063478,302.7106577576344,5.278346606766283
24,215.0,9.75127478412801,0.9600000000000002,0.0066385228428608,0.0236180252417745,0.0032247805701596,0.0057725339885989,1.2724238159081e-05,0.0007291111591705,4.301959276423011e-06,299.88,81.98,0.716953448045885,0.1189469966348866,43.63508706629254,5.515710748857444,1168.1967408211408,20.33295992853341,0.9918013820167216,0.0002752358417566,0.0044411319593832,0.0008514719320875,0.0023796958563138,3.5888656213693307e-06,0.0002430209474102,4.472580705303282e-06,0.569960782911794,0.084683290793926,0.2588197670439083,0.0323330577706776,0.0473851886879335,0.0001247682226168,0.006690935256297,2.2093128466565365e-06,17.568326962815547,0.8067326618712571,1.0,1.3866450747357393,3.741174598319811,3.344662562144181,3.24918082259041,3.068455818349327,3.2027981579808764,1.0,18.448205290897207,1173.908539729092,13.989350648063478,302.7106577576344,5.278346606766283
24,215.0,13.986738819398576,0.9600000000000002,0.0066385228428608,0.0236180252417745,0.0032247805701596,0.0057725339885989,1.2724238159081e-05,0.0007291111591705,4.301959276423011e-06,299.88,81.98,0.716953448045885,0.1706115981873453,43.63508706629254,5.515710748857444,1163.938877177172,26.019897775125344,0.9852419743352524,0.0006433769545184,0.008543726343774,0.001508063880822,0.0036507242355381,6.240413992571108e-06,0.0004014665980662,4.427238035961186e-06,0.4146056503882739,0.1361735048998502,0.3493230328665498,0.040317266673406,0.0516177216470868,0.0001528179177311,0.0078084105013652,1.5951057367193178e-06,16.86500927777111,0.835719476933037,1.0,1.3482048064147412,3.5568532092892924,3.22978962828982,3.123759177693993,2.969553193020038,3.067891708577314,1.0,18.448205290897207,1173.908539729092,13.989350648063478,302.7106577576344,5.278346606766283
24,215.0,18.222202854669145,0.9600000000000002,0.0066385228428608,0.0236180252417745,0.0032247805701596,0.0057725339885989,1.2724238159081e-05,0.0007291111591705,4.301959276423011e-06,299.88,81.98,0.716953448045885,0.2222761997398041,43.63508706629254,5.515710748857444,1160.4508994140542,31.19443331011656,0.9796326092057606,0.0011383157923816,0.0122606612458256,0.0020190175609093,0.0044260041368985,8.237108318167992e-06,0.0005107581375521,4.396812354013083e-06,0.3312189896628535,0.1827957370988792,0.3873646232255096,0.0418422091165953,0.0488983555097052,0.0001564352449495,0.0077223860776699,1.2640638374828766e-06,16.269392083895582,0.8612158873985785,1.0,1.3168259334842374,3.4046509215191314,3.136573307231265,3.022293030120577,2.888753699696943,2.95960759644914,1.0,18.448205290897207,1173.908539729092,13.989350648063478,302.7106577576344,5.278346606766283
24,215.0,22.457666889939706,0.9600000000000002,0.0066385228428608,0.0236180252417745,0.0032247805701596,0.0057725339885989,1.2724238159081e-05,0.0007291111591705,4.301959276423011e-06,299.88,81.98,0.716953448045885,0.2739408012922628,43.63508706629254,5.515710748857444,1157.58787808864,35.72824392122878,0.9748814760692708,0.0017745059160707,0.0154237340831078,0.0024026755749902,0.0049176434585503,9.6991846678588e-06,0.0005858927612611,4.372952081097833e-06,0.2791510192123209,0.2291743083875114,0.3985186572547652,0.04083726910665,0.0448850080038951,0.0001511247957878,0.0072815593029378,1.0539361313318231e-06,15.77147916860804,0.8832810025916665,1.0,1.2914329341413788,3.2796328294620287,3.061320253499052,2.941386191168992,2.8232503623966503,2.873285331181846,1.0,18.448205290897207,1173.908539729092,13.989350648063478,302.7106577576344,5.278346606766283
24,215.0,26.693130925210276,0.9600000000000002,0.0066385228428608,0.0236180252417745,0.0032247805701596,0.0057725339885989,1.2724238159081e-05,0.0007291111591705,4.301959276423011e-06,299.88,81.98,0.716953448045885,0.3256054028447215,43.63508706629254,5.515710748857444,1155.2522893415428,39.58793951333126,0.9708959544353828,0.0025506764437126,0.0179797849095859,0.0026835104379046,0.0052374926623505,1.0749484744888249e-05,0.0006374780346092,4.353591709372718e-06,0.2434586491512649,0.2754640762423926,0.3944008114580046,0.0388198662544911,0.040958000020371,0.0001425882613054,0.0067551021125089,9.06499661315834e-07,15.359509509613114,0.9021385252594,1.0,1.2709463172115956,3.177367385521876,3.001196147376896,2.8772782367038063,2.770503053200311,2.804777308386302,1.0,18.448205290897207,1173.908539729092,13.989350648063478,302.7106577576344,5.278346606766283
24,215.0,30.92859496048084,0.9600000000000002,0.0066385228428608,0.0236180252417745,0.0032247805701596,0.0057725339885989,1.2724238159081e-05,0.0007291111591705,4.301959276423011e-06,299.88,81.98,0.716953448045885,0.3772700043971802,43.63508706629254,5.515710748857444,1153.344819808441,42.83323641439178,0.9675487573702783,0.0034497141498641,0.01997548332709,0.0028867091227529,0.0054504054122047,1.1498830492195964e-05,0.0006730941889867,4.3375983308883405e-06,0.2173923207739179,0.3203370174223626,0.3819524457383121,0.036482499775675,0.037461876061025,0.0001332735019616,0.0062397707531867,7.95973558758504e-07,15.01809336818403,0.9181858624848168,1.0000000000631586,1.2543172571405876,3.092813476142457,2.952765658999861,2.826326413790805,2.727685236381693,2.74998803948859,1.0,18.448205290897207,1173.908539729092,13.989350648063478,302.7106577576344,5.278346606766283
24,215.0,35.164058995751404,0.9600000000000002,0.0066385228428608,0.0236180252417745,0.0032247805701596,0.0057725339885989,1.2724238159081e-05,0.0007291111591705,4.301959276423011e-06,299.88,81.98,0.716953448045885,0.4289346059496389,43.63508706629254,5.515710748857444,1151.7657050825935,45.575839960156806,0.9646977919187242,0.0044464836608,0.0215111741851588,0.0030342385127578,0.0055958923366992,1.2037080635876196e-05,0.00069805821232,4.324092903770886e-06,0.1974784222481281,0.3624391211913783,0.3655913223934871,0.034152593626113,0.0344441042568333,0.0001242601358368,0.0057694668062315,7.093419918204471e-07,14.730951373225697,0.93202101102355,1.0,1.2405376039096043,3.0217327986836664,2.913053045134924,2.785146998846802,2.69229748309024,2.7053238195846387,1.0,18.448205290897207,1173.908539729092,13.989350648063478,302.7106577576344,5.278346606766283
24,215.0,39.39952303102197,0.9600000000000002,0.0066385228428608,0.0236180252417745,0.0032247805701596,0.0057725339885989,1.2724238159081e-05,0.0007291111591705,4.301959276423011e-06,299.88,81.98,0.716953448045885,0.4805992075020976,43.63508706629254,5.515710748857444,1150.4283739172593,47.933795156454735,0.9622150331131886,0.0055161725870962,0.0226948663663412,0.0031429567471057,0.005698276472799,1.2430361546127788e-05,0.0007159519680917,4.312383831212792e-06,0.18175219673679,0.4009742173478351,0.3479681952646132,0.0319734300450041,0.0318627753502136,0.0001159772446715,0.0053525686997146,6.393111576028466e-07,14.483957314548611,0.9441640584414166,1.0,1.2288194615617252,2.9603517279944658,2.8796591237188225,2.751005433580049,2.6623048252018564,2.6679354576104832,1.0,18.448205290897207,1173.908539729092,13.989350648063478,302.7106577576344,5.278346606766283
24,215.0,43.63498706629254,0.9600000000000002,0.0066385228428608,0.0236180252417745,0.0032247805701596,0.0057725339885989,1.2724238159081e-05,0.0007291111591705,4.301959276423011e-06,299.88,81.98,0.716953448045885,0.5322638090545564,43.63508706629254,5.515710748857444,1149.2659754844349,50.0067129177016,0.9600000495973228,0.0066384959387861,0.0236180059973325,0.003224778891583,0.0057725324911374,1.2724232150963328e-05,0.0007291108921775,4.301959509713766e-06,0.1690166705817354,0.4357075436863925,0.3305304154327947,0.0299948961478844,0.0296542071294383,0.0001085423324895,0.0049871432755431,5.814137218768608e-07,14.266264542460169,0.9550440222495572,1.0000000005324454,1.218585859638926,2.9061060801357232,2.850882662962723,2.7218985376821028,2.636207471160529,2.635755376350545,1.0,18.448205290897207,1173.908539729092,13.989350648063478,302.7106577576344,5.278346606766283
24,220.0,6.806097855362194,0.9600000000000002,0.0066385228428608,0.0236180252417745,0.0032247805701596,0.0057725339885989,1.2724238159081e-05,0.0007291111591705,4.301959276423011e-06,299.88,81.98,0.7336267840469521,0.0830214424903902,42.6235283663784,6.805997855362194,1156.6098031836873,17.50560654135661,0.9993875526958867,1.6356899700638183e-05,0.0003008068265523,6.292143408168122e-05,0.0002089694060031,2.55018022842215e-07,1.7849745121791658e-05,5.287974630677848e-06,0.9599870896049654,0.0066406934468323,0.0236256681258901,0.0032258169597724,0.0057743576057481,1.2728325302016157e-05,0.0007293442954077,4.301636081736811e-06,17.062525348503105,0.8091888915333827,1.0,1.380986895725317,3.6318467662928775,3.08302318403652,2.9938638267164754,2.934584704076438,3.121505078907883,1.0,17.121140165384258,1157.0541060432145,17.08052563899556,302.7106577576344,6.509407158415541
24,220.0,10.785801245475104,0.9600000000000002,0.0066385228428608,0.0236180252417745,0.0032247805701596,0.0057725339885989,1.2724238159081e-05,0.0007291111591705,4.301959276423011e-06,299.88,81.98,0.7336267840469521,0.1315662508596621,42.6235283663784,6.805997855362194,1151.3984950726265,23.131705125684952,0.9919228300828586,0.0002827323609802,0.0044054406497357,0.0008427167760389,0.0023134862272427,3.3939112471817026e-06,0.0002249145683126,4.485423583743744e-06,0.6331358056546992,0.071716723299873,0.2203394928456071,0.02761520463104,0.0411904106863395,0.00010825930761,0.0058916801430175,2.4234318135427407e-06,16.33972792077837,0.8390627651469913,1.0,1.3425312942462522,3.4523685986899992,2.9739773520603148,2.8758342173168696,2.837374925330629,2.9870249284653574,1.0,17.121140165384258,1157.0541060432145,17.08052563899556,302.7106577576344,6.509407158415541
24,220.0,14.765504635588016,0.9600000000000002,0.0066385228428608,0.0236180252417745,0.0032247805701596,0.0057725339885989,1.2724238159081e-05,0.0007291111591705,4.301959276423011e-06,299.88,81.98,0.7336267840469521,0.180111059228934,42.6235283663784,6.805997855362194,1147.1747416589274,28.475095258037072,0.985492833914712,0.000650854917651,0.0084144103501472,0.0014857145555237,0.0035676442900056,5.951327792682188e-06,0.0003781570159095,4.43362825786515e-06,0.4809520375251197,0.119155637618891,0.3093163811190936,0.0359043968775421,0.0472056646137275,0.0001399972169853,0.0073240573237954,1.8277048450787472e-06,15.718248819549236,0.8659084845459063,1.0,1.3109816138503658,3.3025056903100816,2.88403173284757,2.778504691902598,2.7567919629698947,2.877429860568334,1.0,17.121140165384258,1157.0541060432145,17.08052563899556,302.7106577576344,6.509407158415541
24,220.0,18.74520802570093,0.9600000000000002,0.0066385228428608,0.0236180252417745,0.0032247805701596,0.0057725339885989,1.2724238159081e-05,0.0007291111591705,4.301959276423011e-06,299.88,81.98,0.7336267840469521,0.2286558675982059,42.6235283663784,6.805997855362194,1143.6639718541048,33.36561622283763,0.97993455672388,0.0011421459248134,0.0120760318464408,0.0019922057983346,0.0043534501246978,7.945938484214953e-06,0.0004892626387474,4.401004601341225e-06,0.3930479089596922,0.1629591488791394,0.3518800167622066,0.038280029298743,0.0461322257110865,0.000148622268389,0.0075505630765779,1.4850441652442254e-06,15.185812066627353,0.889812318052885,1.0,1.2848827956909916,3.176873635655584,2.80974995952548,2.6986103162122546,2.68979532859075,2.787857548014168,1.0,17.121140165384258,1157.0541060432145,17.08052563899556,302.7106577576344,6.509407158415541
24,220.0,22.724911415813835,0.9600000000000002,0.0066385228428608,0.0236180252417745,0.0032247805701596,0.0057725339885989,1.2724238159081e-05,0.0007291111591705,4.301959276423011e-06,299.88,81.98,0.7336267840469521,0.2772006759674778,42.6235283663784,6.805997855362194,1140.7445864275946,37.685864821628265,0.975177071841096,0.001771884958501,0.0152285178854762,0.0023777228886841,0.004862237520439,9.452332944369611e-06,0.0005687366449281,4.375927930965465e-06,0.3357557439364692,0.2068069596441322,0.3686847043221983,0.0380648931921309,0.0432137049544638,0.0001473001338293,0.007325434243291,1.2595734848604192e-06,14.735634987046476,0.9107406281410342,1.0,1.26342456373332,3.0722424361542284,2.748994006441591,2.633801048658693,2.6347566046015825,2.715152825455348,1.0,17.121140165384258,1157.0541060432145,17.08052563899556,302.7106577576344,6.509407158415541
24,220.0,26.704614805926745,0.9600000000000002,0.0066385228428608,0.0236180252417745,0.0032247805701596,0.0057725339885989,1.2724238159081e-05,0.0007291111591705,4.301959276423011e-06,299.88,81.98,0.7336267840469521,0.3257454843367497,42.6235283663784,6.805997855362194,1138.3341792990554,41.39608798309689,0.9711471705391482,0.0025412276372249,0.0178092280741404,0.0026636842408852,0.0051987332177844,1.056302416286787e-05,0.0006250375720745,4.355694579089254e-06,0.2953675146092758,0.2509332957933199,0.3699584068746411,0.0366792654153982,0.0399845011497881,0.0001415832185361,0.0069343348625466,1.098076493894352e-06,14.359287185503335,0.9287816635994148,1.0000000001340057,1.2459072834377602,2.9856274623026438,2.6997643210696185,2.581741658545395,2.589775199533665,2.6565237556274712,1.0,17.121140165384258,1157.0541060432145,17.08052563899556,302.7106577576344,6.509407158415541
24,220.0,30.68431819603966,0.9600000000000002,0.0066385228428608,0.0236180252417745,0.0032247805701596,0.0057725339885989,1.2724238159081e-05,0.0007291111591705,4.301959276423011e-06,299.88,81.98,0.7336267840469521,0.3742902927060216,42.6235283663784,6.805997855362194,1136.3459695411775,44.53822152729532,0.9677370864687272,0.0034359126883567,0.0198480420088505,0.0028728965243343,0.0054255033252039,1.1371874303479288e-05,0.0006648481038693,4.339006354621132e-06,0.2652842797038364,0.2942020170996596,0.3621261481316283,0.0348205730360109,0.0369325395358779,0.0001341534652776,0.0064993135386381,9.754890709646024e-07,14.044913030175838,0.9442901803437536,1.0,1.2315250409945693,2.9133795546473134,2.659715172497783,2.5399199419448752,2.5529030370944423,2.609086555630834,1.0,17.121140165384258,1157.0541060432145,17.08052563899556,302.7106577576344,6.509407158415541
24,220.0,34.66402158615257,0.9600000000000002,0.0066385228428608,0.0236180252417745,0.0032247805701596,0.0057725339885989,1.2724238159081e-05,0.0007291111591705,4.301959276423011e-06,299.88,81.98,0.7336267840469521,0.4228351010752936,42.6235283663784,6.805997855362194,1134.6884834731368,47.20553962426524,0.9648191336405116,0.004432633162044,0.0214309782203226,0.0030259844011018,0.0055817453535325,1.196159155669167e-05,0.000693238695719,4.324935211569351e-06,0.2419587731850093,0.3353116518296056,0.3494836358536282,0.0328450102140141,0.034199657161474,0.0001263570491279,0.0060740361160234,8.785911172555727e-07,13.779250451816424,0.9577091116733668,1.0,1.2195417274369,2.8522461394572014,2.626675689036765,2.505875060046819,2.522236347376497,2.570111116220525,1.0,17.121140165384258,1157.0541060432145,17.08052563899556,302.7106577576344,6.509407158415541
24,220.0,38.64372497626548,0.9600000000000002,0.0066385228428608,0.0236180252417745,0.0032247805701596,0.0057725339885989,1.2724238159081e-05,0.0007291111591705,4.301959276423011e-06,299.88,81.98,0.7336267840469521,0.4713799094445655,42.6235283663784,6.805997855362194,1133.2788074008015,49.503139668011855,0.9622727635182324,0.0055070489333729,0.0226580987932485,0.0031393161685798,0.0056922269645574,1.2396857568917972e-05,0.0007138360003457,4.312764094169158e-06,0.2233214155447564,0.3733870170451561,0.3347622563104299,0.0309266483060672,0.0318027233673412,0.0001188392245202,0.0056803004448499,7.997568789118347e-07,13.5502072935922,0.9695300511054944,1.0,1.209306306110182,2.7993923703665797,2.5988033974447187,2.477532839316096,2.49615498084525,2.537329213045604,1.0,17.121140165384258,1157.0541060432145,17.08052563899556,302.7106577576344,6.509407158415541
24,220.0,42.62342836637839,0.9600000000000002,0.0066385228428608,0.0236180252417745,0.0032247805701596,0.0057725339885989,1.2724238159081e-05,0.0007291111591705,4.301959276423011e-06,299.88,81.98,0.7336267840469521,0.5199247178138374,42.6235283663784,6.805997855362194,1132.0507039808092,51.5233128491335,0.9600000543189878,0.0066384938436187,0.0236180038626901,0.0032247786979591,0.0057725322590326,1.2724230996611185e-05,0.0007291108271807,4.301959534157719e-06,0.2080821864450418,0.4080643889615992,0.3195608451364498,0.0291409644290326,0.0297142852927257,0.0001118716795039,0.0053247238233503,7.342322963304451e-07,13.348200990618894,0.9801363138652192,1.0000000001956266,1.2003658797559835,2.7525804852365865,2.5746935118509344,2.453319709805804,2.473422495996606,2.5090370498921746,1.0,17.121140165384258,1157.0541060432145,17.08052563899556,302.7106577576344,6.509407158415541
24,225.0,8.314247164288812,0.9600000000000002,0.0066385228428608,0.0236180252417745,0.0032247805701596,0.0057725339885989,1.2724238159081e-05,0.0007291111591705,4.301959276423011e-06,299.88,81.98,0.7503001200480193,0.1014179941972287,42.07241913168982,8.314147164288812,1139.0937816236278,21.21478853034156,0.9992283038952448,2.194556369886302e-05,0.0003857543889789,7.970787194154073e-05,0.0002577992765953,3.083696812637446e-07,2.08213038394208e-05,5.359330020078137e-06,0.9599895841004338,0.0066402796765132,0.0236241938745185,0.0032256156498877,0.005773998261004,1.2727534820579256e-05,0.0007292992242985,4.301678523334636e-06,15.746380277044176,0.8472820837810211,1.0,1.332626344314921,3.3333192222345183,2.75721753675692,2.6513657513503293,2.705451956707483,2.8964785237194337,1.0,15.813326197117547,1139.6555629264626,20.687604017864448,302.7106577576344,7.946729358776584
24,225.0,12.06514404955559,0.9600000000000002,0.0066385228428608,0.0236180252417745,0.0032247805701596,0.0057725339885989,1.2724238159081e-05,0.0007291111591705,4.301959276423011e-06,299.88,81.98,0.7503001200480193,0.1471717986039959,42.07241913168982,8.314147164288812,1134.0246655983558,26.522632288945783,0.9920149437533738,0.0002924128528688,0.0043840157186078,0.0008324519532388,0.002258845260356,3.236539934021671e-06,0.0002095925105068,4.501411113557796e-06,0.6887738397142338,0.060401885933426,0.1865658845307232,0.0234922565934713,0.0355400172471083,9.310270077192685e-05,0.0051304010492722,2.6122309931331445e-06,15.114540363584956,0.8749807081171156,1.0,1.301484598390147,3.189097046590944,2.6724535395009994,2.560849274182724,2.627344911110984,2.789020115523369,1.0,15.813326197117547,1139.6555629264626,20.687604017864448,302.7106577576344,7.946729358776584
24,225.0,15.816040934822368,0.9600000000000002,0.0066385228428608,0.0236180252417745,0.0032247805701596,0.0057725339885989,1.2724238159081e-05,0.0007291111591705,4.301959276423011e-06,299.88,81.98,0.7503001200480193,0.1929256030107632,42.07241913168982,8.314147164288812,1129.8390655786252,31.577511339215967,0.9857252730982422,0.0006614909558567,0.0082953885457486,0.0014596049260441,0.0034912673635542,5.6973971052272766e-06,0.0003568362501629,4.441463285665183e-06,0.5448091776945883,0.1031043125211235,0.2709163962023046,0.0317136803534568,0.0425908395643278,0.000126133332174,0.0067374098856511,2.050446373490331e-06,14.564675549441748,0.9001422004700331,1.0,1.275511470303995,3.066834383337737,2.601263893379575,2.4850691735331547,2.5613552711286465,2.699617383483303,1.0,15.813326197117547,1139.6555629264626,20.687604017864448,302.7106577576344,7.946729358776584
24,225.0,19.566937820089148,0.9600000000000002,0.0066385228428608,0.0236180252417745,0.0032247805701596,0.0057725339885989,1.2724238159081e-05,0.0007291111591705,4.301959276423011e-06,299.88,81.98,0.7503001200480193,0.2386794074175304,42.07241913168982,8.314147164288812,1126.311446149489,36.2322218513582,0.9802310532262204,0.0011499765306313,0.0118945445904562,0.0019605518894233,0.0042832794646448,7.676564862161573e-06,0.0004685117049125,4.406028849016758e-06,0.4556470474741663,0.1434660279012737,0.3158802230747896,0.0347415513812215,0.0428991189379789,0.0001385609359434,0.0072257627527349,1.707541891482759e-06,14.088387147026593,0.9227832371035398,1.0,1.2537283091112876,2.962895866880228,2.541642130899384,2.4218774139709778,2.505792257706484,2.6252307996475865,1.0,15.813326197117547,1139.6555629264626,20.687604017864448,302.7106577576344,7.946729358776584
24,225.0,23.317834705355928,0.9600000000000002,0.0066385228428608,0.0236180252417745,0.0032247805701596,0.0057725339885989,1.2724238159081e-05,0.0007291111591705,4.301959276423011e-06,299.88,81.98,0.7503001200480193,0.2844332118242977,42.07241913168982,8.314147164288812,1123.3400573495712,40.37990507558168,0.9754781197783567,0.0017736543533777,0.0150286819146278,0.0023477655628823,0.0048067100412396,9.21457562742218e-06,0.0005514743349914,4.379438896789118e-06,0.3949624110731458,0.1842333212490284,0.3371769014834756,0.035240713529764,0.0410304879493096,0.0001408464702669,0.0072138447234574,1.4735215521039138e-06,13.681160457372778,0.9428345571202008,1.0,1.2355935274079377,2.875158451212572,2.492203110007462,2.369819221684761,2.4594189291575046,2.5638998319278823,1.0,15.813326197117547,1139.6555629264626,20.687604017864448,302.7106577576344,7.946729358776584
24,225.0,27.068731590622704,0.9600000000000002,0.0066385228428608,0.0236180252417745,0.0032247805701596,0.0057725339885989,1.2724238159081e-05,0.0007291111591705,4.301959276423011e-06,299.88,81.98,0.7503001200480193,0.3301870162310649,42.07241913168982,8.314147164288812,1120.8562026406262,43.97643248994127,0.971410258370008,0.0025358584885057,0.017628803735251,0.0026394029882126,0.0051588231730163,1.0377666614064171e-05,0.0006121174214044,4.358156987724054e-06,0.3509069873670018,0.2256435716666952,0.3433297138327706,0.0344729244205315,0.0385331391762237,0.0001379869872892,0.0069743744901406,1.3020593469520605e-06,13.337081702005923,0.9603062278147676,1.0,1.2205974951232916,2.8016344270381253,2.451537736680168,2.3274183209227357,2.4210151706855667,2.513714106619518,1.0,15.813326197117547,1139.6555629264626,20.687604017864448,302.7106577576344,7.946729358776584
24,225.0,30.819628475889484,0.9600000000000002,0.0066385228428608,0.0236180252417745,0.0032247805701596,0.0057725339885989,1.2724238159081e-05,0.0007291111591705,4.301959276423011e-06,299.88,81.98,0.7503001200480193,0.3759408206378322,42.07241913168982,8.314147164288812,1118.7855673254662,47.04826240961831,0.9679386362770224,0.0034252577543367,0.0197094776351275,0.0028556324725499,0.0053993314388258,1.1242619934610996e-05,0.0006560811514978,4.340650704834528e-06,0.3173881506257393,0.2667439299948118,0.3400047342719546,0.0331063538555524,0.0359823045753953,0.0001326573594243,0.0066406993278086,1.1699893134682768e-06,13.047215297847949,0.9754381751739246,1.0,1.2081646340388783,2.739784173182892,2.418116972452007,2.2929714578744504,2.3892126520536685,2.4726104860870746,1.0,15.813326197117547,1139.6555629264626,20.687604017864448,302.7106577576344,7.946729358776584
24,225.0,34.57052536115626,0.9600000000000002,0.0066385228428608,0.0236180252417745,0.0032247805701596,0.0057725339885989,1.2724238159081e-05,0.0007291111591705,4.301959276423011e-06,299.88,81.98,0.7503001200480193,0.4216946250445993,42.07241913168982,8.314147164288812,1117.0459220764822,49.67136464253483,0.9649511129955136,0.0044207256965547,0.0213418051381991,0.0030154688868975,0.0055666497723931,1.1883394376338394e-05,0.0006880281982105,4.325917854789517e-06,0.2909746374546793,0.3063211479826838,0.3311951258669062,0.0315082846845347,0.0335928973117946,0.0001263443104747,0.0062804978626457,1.0645262806003096e-06,12.800905798754147,0.988624619840138,1.0,1.197736808397827,2.68707382748845,2.390356380669843,2.2647226674247523,2.362582104237707,2.4385487047614696,1.0,15.813326197117547,1139.6555629264626,20.687604017864448,302.7106577576344,7.946729358776584
24,225.0,38.32142224642304,0.9600000000000002,0.0066385228428608,0.0236180252417745,0.0032247805701596,0.0057725339885989,1.2724238159081e-05,0.0007291111591705,4.301959276423011e-06,299.88,81.98,0.7503001200480193,0.4674484294513666,42.07241913168982,8.314147164288812,1115.559161748473,51.93806632212575,0.9623362893347605,0.0054987507701229,0.0226164670837958,0.003134597150942,0.0056856994127675,1.2361724522531384e-05,0.0007115213159141,4.313207174538025e-06,0.269595448698834,0.343456319661233,0.3195917731732345,0.0298751796253202,0.0314333053118715,0.0001198518361234,0.0059271436375013,9.780558815662978e-07,12.587963185832178,1.0002627114678269,1.0,1.1888007318204925,2.6413843856663246,2.36684717061411,2.2410980426629425,2.3398473452809205,2.409749514072366,1.0,15.813326197117547,1139.6555629264626,20.687604017864448,302.7106577576344,7.946729358776584
24,225.0,42.07231913168982,0.9600000000000002,0.0066385228428608,0.0236180252417745,0.0032247805701596,0.0057725339885989,1.2724238159081e-05,0.0007291111591705,4.301959276423011e-06,299.88,81.98,0.7503001200480193,0.5132022338581339,42.07241913168982,8.314147164288812,1114.2604751817737,53.93329939554195,0.96000005905602,0.0066384918971829,0.0236180016170512,0.0032247784783995,0.005772532008753,1.2724229746946332e-05,0.0007291107532864,4.301959559681421e-06,0.2519265676714074,0.3776728789507845,0.3068751576296444,0.028304691871319,0.0295106094457174,0.0001135845580016,0.0055956041426233,9.057305021281896e-07,12.39998744177483,1.0107423258619384,1.0,1.1809783785710786,2.6008772196359136,2.3464758088918365,2.22086974884499,2.3199970607067555,2.384821585545179,1.0,15.813326197117547,1139.6555629264626,20.687604017864448,302.7106577576344,7.946729358776584
24,230.0,10.063153585931056,0.9600000000000002,0.0066385228428608,0.0236180252417745,0.0032247805701596,0.0057725339885989,1.2724238159081e-05,0.0007291111591705,4.301959276423011e-06,299.88,81.98,0.7669734560490863,0.1227513245417303,41.95936519142844,10.063053585931057,1120.921771271394,25.52944638384157,0.9990371028733014,2.921040913978577e-05,0.0004891057487584,9.924753688973848e-05,0.0003153165405429,3.716379318519288e-07,2.4227981726779928e-05,5.417271709162361e-06,0.959991532747817,0.0066399564204322,0.0236230419663687,0.0032254585066469,0.0057737176736818,1.2726917471159615e-05,0.0007292640502198,4.301717362168725e-06,14.449669301880803,0.8889396622978268,1.0,1.2886668731134134,3.0654544740499694,2.4913927795899493,2.363895307164668,2.499393836485214,2.693467747929549,1.000000000322887,14.52556748614066,1121.6270137216943,24.87830228106012,302.7106577576344,9.61137473881863
24,230.0,13.607165986541876,0.9600000000000002,0.0066385228428608,0.0236180252417745,0.0032247805701596,0.0057725339885989,1.2724238159081e-05,0.0007291111591705,4.301959276423011e-06,299.88,81.98,0.7669734560490863,0.1659815319168318,41.95936519142844,10.063053585931057,1115.9854007206782,30.568202085630578,0.992074016491509,0.0003046446675957,0.0043793414655441,0.000821582211715,0.00221593226843,3.1138897495820763e-06,0.0001968480915366,4.520913919754786e-06,0.736624753024493,0.0507499799186271,0.157603294630684,0.0199615377826775,0.0305420164089422,7.965423896084565e-05,0.0044359869170017,2.777078613484604e-06,13.896387730381456,0.9149282439907822,1.0,1.26334083824361,2.949127892381272,2.42473969073948,2.2941623789205208,2.43618497554966,2.6070479978640897,1.0,14.52556748614066,1121.6270137216943,24.87830228106012,302.7106577576344,9.61137473881863
24,230.0,17.151178387152697,0.9600000000000002,0.0066385228428608,0.0236180252417745,0.0032247805701596,0.0057725339885989,1.2724238159081e-05,0.0007291111591705,4.301959276423011e-06,299.88,81.98,0.7669734560490863,0.2092117392919333,41.95936519142844,10.063053585931057,1111.840090335842,35.380768542378114,0.9859342660064558,0.000675644493184,0.008189581948719,0.0014307866668269,0.0034221715630538,5.478063856358007e-06,0.0003376202649538,4.450992950192945e-06,0.6043845718690929,0.0884026081146391,0.2351756789531854,0.0278243551191013,0.0380011361019164,0.0001120851137023,0.0060973063462471,2.258382115209945e-06,13.40957996436106,0.9387986064275594,1.0,1.2419134529243043,2.8489096849795623,2.367990557967961,2.2348858802507965,2.38211413157016,2.5338911405737807,1.0,14.52556748614066,1121.6270137216943,24.87830228106012,302.7106577576344,9.61137473881863
24,230.0,20.695190787763515,0.9600000000000002,0.0066385228428608,0.0236180252417745,0.0032247805701596,0.0057725339885989,1.2724238159081e-05,0.0007291111591705,4.301959276423011e-06,299.88,81.98,0.7669734560490863,0.2524419466670348,41.95936519142844,10.063053585931057,1108.2999488081848,39.83986602958644,0.980516333299781,0.0011621946619973,0.0117197287125965,0.0019249477161436,0.0042161700779603,7.430908835094758e-06,0.0004487825816383,4.412041047693872e-06,0.5170338314197379,0.1248773950974417,0.280512995173762,0.0312893460422148,0.0393758367005655,0.0001270119997887,0.0067816583720925,1.925194396564923e-06,12.983499013365044,0.9604976190547084,1.0,1.2237289783842844,2.7627582822144725,2.319745867362487,2.184783507010791,2.3359054218633104,2.472042847003624,1.0,14.52556748614066,1121.6270137216943,24.87830228106012,302.7106577576344,9.61137473881863
24,230.0,24.239203188374336,0.9600000000000002,0.0066385228428608,0.0236180252417745,0.0032247805701596,0.0057725339885989,1.2724238159081e-05,0.0007291111591705,4.301959276423011e-06,299.88,81.98,0.7669734560490863,0.2956721540421363,41.95936519142844,10.063053585931057,1105.2799718905069,43.84877546752799,0.975779206293941,0.0017802849472643,0.014827785323488,0.0023134090647479,0.0047515818812208,8.98860058613141e-06,0.0005343603046186,4.383584133038122e-06,0.4550048370217898,0.1621207817202119,0.3049394401127641,0.032392166643676,0.0384469199021871,0.000132278978102,0.0069618859706852,1.689650583478849e-06,12.6152027764342,0.979905476431459,1.0,1.20837839293874,2.6890369154186824,2.279143632844353,2.142916785237834,2.2967829181216097,2.420222560544338,1.0,14.52556748614066,1121.6270137216943,24.87830228106012,302.7106577576344,9.61137473881863
24,230.0,27.78321558898516,0.9600000000000002,0.0066385228428608,0.0236180252417745,0.0032247805701596,0.0057725339885989,1.2724238159081e-05,0.0007291111591705,4.301959276423011e-06,299.88,81.98,0.7669734560490863,0.3389023614172378,41.95936519142844,10.063053585931057,1102.7236103380192,47.36079326380231,0.9716810728551782,0.0025351350438438,0.0174413110298444,0.0026109877613191,0.0051180590465218,1.019558474673336e-05,0.0005988776352273,4.361043318308902e-06,0.408606260916477,0.2003349726006134,0.3151838417375339,0.032198276077387,0.0366663902227367,0.0001320868752359,0.0068766586157547,1.5129542612554803e-06,12.300650860352032,0.9969990379443366,1.0,1.1955324955613285,2.626550816356798,2.2453132604128863,2.1083396417814697,2.2639685246636154,2.37718846216068,1.0,14.52556748614066,1121.6270137216943,24.87830228106012,302.7106577576344,9.61137473881863
24,230.0,31.327227989595976,0.9600000000000002,0.0066385228428608,0.0236180252417745,0.0032247805701596,0.0057725339885989,1.2724238159081e-05,0.0007291111591705,4.301959276423011e-06,299.88,81.98,0.7669734560490863,0.3821325687923392,41.95936519142844,10.063053585931057,1100.5685564547691,50.38921624853112,0.9681508325037694,0.0034183297574049,0.0195614724908816,0.0028350334675586,0.0053720101858445,1.1112349244005063e-05,0.0006468666721914,4.342573105199729e-06,0.3725127687401428,0.2387402522087572,0.316002017058499,0.0313165670340182,0.0346410722422075,0.0001289042915927,0.0066570437868327,1.3746379496920078e-06,12.03325042753879,1.011964291650095,1.0,1.1847924163715449,2.5734731600907925,2.217205223273982,2.0799060817300647,2.236504917045587,2.341514737881595,1.0,14.52556748614066,1121.6270137216943,24.87830228106012,302.7106577576344,9.61137473881863
24,230.0,34.87124039020679,0.9600000000000002,0.0066385228428608,0.0236180252417745,0.0032247805701596,0.0057725339885989,1.2724238159081e-05,0.0007291111591705,4.301959276423011e-06,299.88,81.98,0.7669734560490863,0.4253627761674407,41.95936519142844,10.063053585931057,1098.7424622970998,52.993940612326014,0.965092461771346,0.0044112277530911,0.0212443983676761,0.0030027031968131,0.005550630744463,1.1803056664976016e-05,0.0006824480440168,4.327065928773374e-06,0.3435762632702587,0.2762443880770339,0.3109368138808421,0.0301064284779818,0.0326331041969699,0.0001242298643765,0.0063775093410342,1.2628915026270688e-06,11.804610353233056,1.0250699871195394,1.0,1.1757181278312732,2.5279575863180863,2.1936758537215484,2.056372317430125,2.213336583206803,2.311693924513155,1.0,14.52556748614066,1121.6270137216943,24.87830228106012,302.7106577576344,9.61137473881863
24,230.0,38.41525279081762,0.9600000000000002,0.0066385228428608,0.0236180252417745,0.0032247805701596,0.0057725339885989,1.2724238159081e-05,0.0007291111591705,4.301959276423011e-06,299.88,81.98,0.7669734560490863,0.4685929835425423,41.95936519142844,10.063053585931057,1097.1731075827022,55.254675293947386,0.9624051803871696,0.0054915311005939,0.0225701701767441,0.0031287829109471,0.0056786879611335,1.2325124256140031e-05,0.0007090086145246,4.313724630598329e-06,0.3198267664301777,0.3119268149151606,0.3025196697385501,0.0287759335069684,0.030750999296507,0.0001189541239386,0.006079691547068,1.170441629477821e-06,11.606280661952445,1.0366911179515343,1.0,1.167906477295906,2.4883210697876312,2.173668100950524,2.036582847631856,2.193472561193208,2.28634343680954,1.0,14.52556748614066,1121.6270137216943,24.87830228106012,302.7106577576344,9.61137473881863
24,230.0,41.95926519142844,0.9600000000000002,0.0066385228428608,0.0236180252417745,0.0032247805701596,0.0057725339885989,1.2724238159081e-05,0.0007291111591705,4.301959276423011e-06,299.88,81.98,0.7669734560490863,0.5118231909176437,41.95936519142844,10.063053585931057,1095.7979952066796,57.24879196879023,0.9600000645772788,0.0066384897155219,0.0236179989409669,0.0032247782009982,0.0057725317129159,1.2724228291440995e-05,0.0007291106644362,4.301959590431474e-06,0.2999699585310443,0.3452257054386385,0.2924327463346032,0.0274394530272905,0.0290317845137471,0.0001135791980227,0.005785680408215,1.0925484385564186e-06,11.430992725477031,1.0471490316084464,1.0,1.1610618643168815,2.4531521345631258,2.1562894120707883,2.0195898130169216,2.1760941577012063,2.26433677954732,1.0,14.52556748614066,1121.6270137216943,24.87830228106012,302.7106577576344,9.61137473881863
24,235.0,12.076792190086948,0.9600000000000002,0.0066385228428608,0.0236180252417745,0.0032247805701596,0.0057725339885989,1.2724238159081e-05,0.0007291111591705,4.301959276423011e-06,299.88,81.98,0.7836467920501534,0.1473138837531952,42.27041735765867,12.076692190086948,1101.988805759287,30.532902826576723,0.9988089511700418,3.862415940981793e-05,0.0006139825619125,0.0001217164213685,0.0003826717623769,4.466772264630588e-07,2.814484702846462e-05,5.462400635317586e-06,0.959993070871798,0.0066397012190528,0.0236221324890999,0.0032253346054699,0.0057734963193301,1.272643025114086e-05,0.0007292363129119,4.301752085898548e-06,13.173420679074374,0.9348078938853256,1.0,1.248624015631454,2.824213087550346,2.2723035777588545,2.121455308472675,2.313452568061533,2.509467365770996,1.0,13.258875583506692,1102.8688895247462,29.73094022392497,302.7106577576344,11.525181126674264
24,235.0,15.43162831981714,0.9600000000000002,0.0066385228428608,0.0236180252417745,0.0032247805701596,0.0057725339885989,1.2724238159081e-05,0.0007291111591705,4.301959276423011e-06,299.88,81.98,0.7836467920501534,0.1882365006076743,42.27041735765867,12.076692190086948,1097.1759051747647,35.34462815671513,0.992095573730823,0.0003199175609271,0.00439435808336,0.000811014340788,0.0021850686631838,3.023926213109832e-06,0.0001864994767721,4.544217932649672e-06,0.7770612152822648,0.0426533945844407,0.133189342996449,0.0169827979309734,0.0262204173120924,6.80142072265198e-05,0.0038218965564377,2.921130115083056e-06,12.688515931238166,0.9595294340840838,1.0,1.2279887677965675,2.729951773856368,2.219401606201949,2.067491873179016,2.262228436908613,2.4395774231115306,1.0,13.258875583506692,1102.8688895247462,29.73094022392497,302.7106577576344,11.525181126674264
24,235.0,18.78646444954733,0.9600000000000002,0.0066385228428608,0.0236180252417745,0.0032247805701596,0.0057725339885989,1.2724238159081e-05,0.0007291111591705,4.301959276423011e-06,299.88,81.98,0.7836467920501534,0.2291591174621533,42.27041735765867,12.076692190086948,1093.0712660736408,39.95431532505603,0.986114320096177,0.0006938078473316,0.0081002280598456,0.0014003299916331,0.0033609804273298,5.292757799445961e-06,0.0003205783484333,4.4624714498043375e-06,0.6585239588279376,0.0752671195724651,0.2027628027006295,0.0242870994703845,0.0336126469246506,9.851675623420028e-05,0.0054454068167379,2.448930960437473e-06,12.257574629671,0.982431552201991,1.0,1.2102875168454863,2.6477617603238617,2.1737613900484245,2.0210453689314387,2.2177523118467004,2.379490008304045,1.0,13.258875583506692,1102.8688895247462,29.73094022392497,302.7106577576344,11.525181126674264
24,235.0,22.14130057927752,0.9600000000000002,0.0066385228428608,0.0236180252417745,0.0032247805701596,0.0057725339885989,1.2724238159081e-05,0.0007291111591705,4.301959276423011e-06,299.88,81.98,0.7836467920501534,0.2700817343166323,42.27041735765867,12.076692190086948,1089.521299182256,44.25202373842389,0.9807842678593288,0.0011793195022953,0.0115553124257464,0.001886320037837,0.004152832584951,7.210548749238624e-06,0.0004303178282441,4.419212848051142e-06,0.5755374030275294,0.1076216081225551,0.2467513069706167,0.0279833150388597,0.0357333972810209,0.0001147151941915,0.0062561213354961,2.133029730405072e-06,11.876660534493515,1.003466544866224,1.0,1.195073191705036,2.5761033244139857,2.1344519186444804,1.981225897144985,2.179249887427027,2.3279434501491005,1.0,13.258875583506692,1102.8688895247462,29.73094022392497,302.7106577576344,11.525181126674264
24,235.0,25.496136709007715,0.9600000000000002,0.0066385228428608,0.0236180252417745,0.0032247805701596,0.0057725339885989,1.2724238159081e-05,0.0007291111591705,4.301959276423011e-06,299.88,81.98,0.7836467920501534,0.3110043511711114,42.27041735765867,12.076692190086948,1086.455067381757,48.15072662144811,0.9760744938612675,0.0017923718107159,0.0146295992294219,0.0022752969014957,0.0046974223286144,8.776916838612948e-06,0.0005176504736274,4.388478018356064e-06,0.5141762955975893,0.1410458033389727,0.2729106882742179,0.029558569371641,0.0355905965065993,0.0001222026098419,0.0065939419263436,1.9023747942159776e-06,11.543901241276544,1.0224800378732966,1.0,1.1820982847291035,2.5141131342119927,2.1009203398416907,1.9474750357870487,2.146229262085532,2.284112094418127,1.0,13.258875583506692,1102.8688895247462,29.73094022392497,302.7106577576344,11.525181126674264
24,235.0,28.850972838737903,0.9600000000000002,0.0066385228428608,0.0236180252417745,0.0032247805701596,0.0057725339885989,1.2724238159081e-05,0.0007291111591705,4.301959276423011e-06,299.88,81.98,0.7836467920501534,0.3519269680255904,42.27041735765867,12.076692190086948,1083.8265654560582,51.60272187762698,0.9719549850815526,0.0025397454269642,0.017249815726899,0.0025787838927538,0.0050767870641421,1.0019001699121213e-05,0.0005854993758195,4.364430169255469e-06,0.4668995783045934,0.175698447085922,0.2862839153126277,0.0298698354882238,0.0344696088492203,0.0001243055768301,0.0066525841244385,1.725258143863058e-06,11.256617721987322,1.039412233762394,1.0,1.171109614235901,2.460916887867457,2.0726064015166026,1.9192099132302236,2.1181793611124093,2.247187922115398,1.0,13.258875583506692,1102.8688895247462,29.73094022392497,302.7106577576344,11.525181126674264
24,235.0,32.20580896846809,0.9600000000000002,0.0066385228428608,0.0236180252417745,0.0032247805701596,0.0057725339885989,1.2724238159081e-05,0.0007291111591705,4.301959276423011e-06,299.88,81.98,0.7836467920501534,0.3928495848800694,42.27041735765867,12.076692190086948,1081.584708123403,54.61041596591182,0.9683706800732566,0.0034158351463718,0.0194059463034548,0.0028112182412573,0.0053436937671265,1.0982478990415374e-05,0.000637299165269,4.344824273367285e-06,0.429285079053356,0.2109622374168088,0.2906707761781382,0.0294453142387565,0.0329617112413042,0.0001231546418319,0.0065501429820236,1.5842477803953517e-06,11.01006322287386,1.0543796202979685,1.0,1.161819056359101,2.4152808699064887,2.0488046434658544,1.8957280790443796,2.0944436250723104,2.216195010024307,1.0,13.258875583506692,1102.8688895247462,29.73094022392497,302.7106577576344,11.525181126674264
24,235.0,35.560645098198286,0.9600000000000002,0.0066385228428608,0.0236180252417745,0.0032247805701596,0.0057725339885989,1.2724238159081e-05,0.0007291111591705,4.301959276423011e-06,299.88,81.98,0.7836467920501534,0.4337722017345485,42.27041735765867,12.076692190086948,1079.667324649825,57.21898421299093,0.9652416512323516,0.00440472135878,0.0211396323959039,0.002987685151995,0.0055337279252165,1.172124862125745e-05,0.0006765322766171,4.328410514617104e-06,0.398586839484662,0.2458924326416416,0.2890691777356869,0.0286191614923259,0.031350135559315,0.0001201506008514,0.0063606336169166,1.4688686002568092e-06,10.797785719510394,1.067583328908284,1.0,1.1539102203590852,2.3758800753688427,2.028703851898672,1.8761040538375535,2.074257597719816,2.1900414570928746,1.0,13.258875583506692,1102.8688895247462,29.73094022392497,302.7106577576344,11.525181126674264
24,235.0,38.91548122792848,0.9600000000000002,0.0066385228428608,0.0236180252417745,0.0032247805701596,0.0057725339885989,1.2724238159081e-05,0.0007291111591705,4.301959276423011e-06,299.88,81.98,0.7836467920501534,0.4746948185890275,42.27041735765867,12.076692190086948,1078.0090246109332,59.49570527551744,0.9624789062947994,0.0054857163165731,0.0225194405936203,0.0031218426645098,0.0056711893130172,1.2287260055440425e-05,0.0007063032263736,4.314331050799639e-06,0.3730208625931798,0.2796110760276807,0.2837514036170463,0.0275994022295295,0.0297698953969307,0.0001161960922096,0.0061297915911904,1.372452232521994e-06,10.612896920857802,1.0793258585049792,1.0,1.1470975276481652,2.341428561614222,2.0115072025457743,1.859497767345193,2.056864723168511,2.1676726999413294,1.0,13.258875583506692,1102.8688895247462,29.73094022392497,302.7106577576344,11.525181126674264
24,235.0,42.27031735765867,0.9600000000000002,0.0066385228428608,0.0236180252417745,0.0032247805701596,0.0057725339885989,1.2724238159081e-05,0.0007291111591705,4.301959276423011e-06,299.88,81.98,0.7836467920501534,0.5156174354435066,42.27041735765867,12.076692190086948,1076.5505615974987,61.51007093241529,0.9600000703542192,0.0066384876010311,0.023617996030109,0.0032247778784437,0.0057725313866746,1.272422670085585e-05,0.0007291105631968,4.301959624531797e-06,0.351380790539799,0.3115080074444193,0.2763218575896039,0.0265102354848734,0.0282812208966073,0.0001118468783419,0.0058847506212726,1.29054508238384e-06,10.44921282432907,1.0899447412820558,1.0,1.1411003056556808,2.310793942475358,1.996528715312829,1.8451882636369257,2.0416114525291613,2.1481877291499845,1.0,13.258875583506692,1102.8688895247462,29.73094022392497,302.7106577576344,11.525181126674264
24,240.0,14.38031946179664,0.9600000000000002,0.0066385228428608,0.0236180252417745,0.0032247805701596,0.0057725339885989,1.2724238159081e-05,0.0007291111591705,4.301959276423011e-06,299.88,81.98,0.8003201280512205,0.1754125330787587,42.99798448064983,14.38021946179664,1082.1706322128794,36.3237167589264,0.99853789517596,5.080472290524729e-05,0.0007641107424443,0.0001473227172427,0.00046116867368,5.357719605674202e-07,3.2666943815941635e-05,5.495251991146052e-06,0.9599942968507752,0.0066394977466358,0.0236214073487673,0.0032252359972473,0.0057733200073692,1.272604190682684e-05,0.0007292142246147,4.301782683321856e-06,11.918903849335384,0.9857761584266796,1.0,1.2120654771704904,2.6061960638385075,2.0900206115765148,1.916130353757429,2.1453708372966958,2.34192271847404,1.0,12.014498351825988,1083.263844328595,35.3375257790447,302.7106577576344,13.710780754884407
24,240.0,17.560048908335883,0.9600000000000002,0.0066385228428608,0.0236180252417745,0.0032247805701596,0.0057725339885989,1.2724238159081e-05,0.0007291111591705,4.301959276423011e-06,299.88,81.98,0.8003201280512205,0.2141991816093667,42.99798448064983,14.38021946179664,1077.4718862789025,40.94494534707997,0.9920742150628188,0.0003388789030465,0.0044325565316313,0.0008016596864024,0.0021667519509652,2.9654585949091634e-06,0.0001784009274131,4.571479127793143e-06,0.8108141393878237,0.0359398728796676,0.1128548360309078,0.0144953720313271,0.0225440027653326,5.811496478961965e-05,0.0032906135906952,3.048349456199224e-06,11.493967886711689,1.0095901970545462,1.0,1.195239051594205,2.529660880966728,2.047708050076348,1.874284286785323,2.103667318927488,2.285128762506533,1.0,12.014498351825988,1083.263844328595,35.3375257790447,302.7106577576344,13.710780754884407
24,240.0,20.739778354875128,0.9600000000000002,0.0066385228428608,0.0236180252417745,0.0032247805701596,0.0057725339885989,1.2724238159081e-05,0.0007291111591705,4.301959276423011e-06,299.88,81.98,0.8003201280512205,0.2529858301399747,42.99798448064983,14.38021946179664,1073.4066253207193,45.38600779719504,0.9862593237113436,0.000716637114211,0.008030957946243,0.001369332131447,0.0033083815935454,5.141075035810828e-06,0.0003057502833529,4.47614482107078e-06,0.7066833070213238,0.0637653752122984,0.1739823066659176,0.0211237968454365,0.0295435550008717,8.587699052318136e-05,0.0048131606258493,2.621637779194128e-06,11.112832494225191,1.0318693313262792,1.0,1.1806198215768346,2.462013359409968,2.010703321552965,1.8377582220768676,2.0670238310594744,2.235615154515008,1.0,12.014498351825988,1083.263844328595,35.3375257790447,302.7106577576344,13.710780754884407
24,240.0,23.91950780141437,0.9600000000000002,0.0066385228428608,0.0236180252417745,0.0032247805701596,0.0057725339885989,1.2724238159081e-05,0.0007291111591705,4.301959276423011e-06,299.88,81.98,0.8003201280512205,0.2917724786705827,42.99798448064983,14.38021946179664,1069.847841089392,49.55211009625442,0.9810282494350484,0.001202027504541,0.0114052822841047,0.001845651640474,0.0040940173098571,7.016842611546838e-06,0.0004133272555309,4.4277278320651006e-06,0.629931162136756,0.091972192861885,0.2153147181886421,0.0248722070233661,0.0321192848770939,0.0001023100794065,0.0056857969932516,2.327839598570341e-06,10.772796541714918,1.0525131975485174,1.0,1.1679060694660126,2.4023697772573547,1.9784395798471173,1.8061165936517616,2.034924747712236,2.1925620365605423,1.0,12.014498351825988,1083.263844328595,35.3375257790447,302.7106577576344,13.710780754884407
24,240.0,27.09923724795361,0.9600000000000002,0.0066385228428608,0.0236180252417745,0.0032247805701596,0.0057725339885989,1.2724238159081e-05,0.0007291111591705,4.301959276423011e-06,299.88,81.98,0.8003201280512205,0.3305591272011906,42.99798448064983,14.38021946179664,1066.7364163999007,53.365434509727336,0.9763576344191296,0.0018106510049375,0.0144381487511021,0.0022341421194685,0.004644850954919,8.58187165841174e-06,0.0005015966294875,4.394249297000333e-06,0.5710058804071639,0.121448140601756,0.2419208606006584,0.0267827426866583,0.0325894964922397,0.0001112321378144,0.0061395398251334,2.1072485754859517e-06,10.472697511225851,1.0713664028385332,1.0,1.1569481801669494,2.3502023169128425,1.9505611033506116,1.7789392322355906,2.007050752880751,2.1554417072370438,1.0,12.014498351825988,1083.263844328595,35.3375257790447,302.7106577576344,13.710780754884407
24,240.0,30.27896669449285,0.9600000000000002,0.0066385228428608,0.0236180252417745,0.0032247805701596,0.0057725339885989,1.2724238159081e-05,0.0007291111591705,4.301959276423011e-06,299.88,81.98,0.8003201280512205,0.3693457757317986,42.99798448064983,14.38021946179664,1064.0353412778252,56.778617629053066,0.9722267874610095,0.0025505066889225,0.0170577018487835,0.0025431964983794,0.0050354073685589,9.850175353610273e-06,0.0005721815525386,4.368406453778808e-06,0.5242939245638358,0.1523164844850467,0.2573975661283208,0.0275132800588573,0.032040312646021,0.0001151425250166,0.0063213555032687,1.934089632673229e-06,10.210819879929955,1.088359218865174,1.0,1.147554867269581,2.3048582925705574,1.926709896489149,1.7558624350136751,1.983073494433788,2.1237326721210734,1.0,12.014498351825988,1083.263844328595,35.3375257790447,302.7106577576344,13.710780754884407
24,240.0,33.4586961410321,0.9600000000000002,0.0066385228428608,0.0236180252417745,0.0032247805701596,0.0057725339885989,1.2724238159081e-05,0.0007291111591705,4.301959276423011e-06,299.88,81.98,0.8003201280512205,0.4081324242624066,42.99798448064983,14.38021946179664,1061.7037285450194,59.78535154490279,0.968594649037279,0.003418607664228,0.0192451304087239,0.0027843390594883,0.0053145769181494,1.085456146409876e-05,0.0006274948864469,4.347464220186798e-06,0.4862917381217239,0.1841094604052516,0.2646373387420662,0.0275004411089622,0.0310135935032499,0.0001157745539558,0.0063298596855672,1.793879222925306e-06,9.98384524969778,1.1035031735822742,1.0,1.139535989751945,2.2655705038552765,1.9064184878409105,1.736451052533264,1.9625526610176107,2.0967802440285723,1.0,12.014498351825988,1083.263844328595,35.3375257790447,302.7106577576344,13.710780754884407
24,240.0,36.63842558757134,0.9600000000000002,0.0066385228428608,0.0236180252417745,0.0032247805701596,0.0057725339885989,1.2724238159081e-05,0.0007291111591705,4.301959276423011e-06,299.88,81.98,0.8003201280512205,0.4469190727930146,42.99798448064983,14.38021946179664,1059.6895382360642,62.41757267944072,0.9653967889171664,0.0044019062863863,0.0210285851589828,0.0029704199871443,0.0055160012418046,1.163875689249488e-05,0.0006703296626815,4.329988941253869e-06,0.4547150449092132,0.216046137933888,0.2660594354999866,0.0270397894093771,0.0297909159251175,0.0001143545523064,0.0062326441432205,1.677626890507441e-06,9.786927995882271,1.116980523362458,1.0,1.1326624113725183,2.2314017751296995,1.889119856637648,1.7200565700755457,1.94494680289948,2.0738102701435075,1.0,12.014498351825988,1083.263844328595,35.3375257790447,302.7106577576344,13.710780754884407
24,240.0,39.81815503411058,0.9600000000000002,0.0066385228428608,0.0236180252417745,0.0032247805701596,0.0057725339885989,1.2724238159081e-05,0.0007291111591705,4.301959276423011e-06,299.88,81.98,0.8003201280512205,0.4857057213236226,42.99798448064983,14.38021946179664,1057.9349655910644,64.7304063298191,0.9625567783332012,0.0054817101439891,0.0224645855215027,0.0031137407337973,0.0056632054503313,1.2248387013124847e-05,0.0007034163859564,4.315044208748856e-06,0.4280220322245128,0.2473316093929893,0.2636093105142444,0.0263283659389299,0.0285200568583736,0.0001117325574577,0.0060753130803012,1.5794331908441706e-06,9.61459119332874,1.1290557876807852,1.0,1.1266994128727794,2.201396893633041,1.8742266400173435,1.7060813001779105,1.9296902663121367,2.054031801835219,1.0,12.014498351825988,1083.263844328595,35.3375257790447,302.7106577576344,13.710780754884407
24,240.0,42.99788448064982,0.9600000000000002,0.0066385228428608,0.0236180252417745,0.0032247805701596,0.0057725339885989,1.2724238159081e-05,0.0007291111591705,4.301959276423011e-06,299.88,81.98,0.8003201280512205,0.5244923698542305,42.99798448064983,14.38021946179664,1056.3849629256886,66.78508275483011,0.960000076635381,0.0066384854533192,0.0236179927668567,0.0032247774945939,0.0057725310185336,1.272422493463628e-05,0.0007291104467165,4.301959664073626e-06,0.4051387367592805,0.2773491005129921,0.258745373386894,0.0254927226900449,0.0272766244517128,0.0001084728599818,0.0058874740770233,1.495262070394104e-06,9.461668239392802,1.1399694093540818,1.0,1.1214614115586297,2.174629484866372,1.861208322225016,1.6940262462412286,1.9162699198434012,2.0367363675836905,1.0,12.014498351825988,1083.263844328595,35.3375257790447,302.7106577576344,13.710780754884407
24,245.0,17.000234265527393,0.9600000000000002,0.0066385228428608,0.0236180252417745,0.0032247805701596,0.0057725339885989,1.2724238159081e-05,0.0007291111591705,4.301959276423011e-06,299.88,81.98,0.8169934640522876,0.2073705082401487,44.13925634160422,17.000134265527393,1061.3174009644215,43.02063311869785,0.9982166439453036,6.657198708989236e-05,0.0009440520529378,0.0001763455645556,0.0005523117356465,6.417772540529925e-07,3.791666508186064e-05,5.516272130218583e-06,0.9599952830872748,0.0066393339899271,0.0236208237908262,0.0032251568251204,0.0057731782977331,1.2725729444230998e-05,0.0007291964702749,4.30180939911403e-06,10.687669174564602,1.0429627740333884,1.0,1.1786654928922065,2.4086459347631424,1.9369202756390709,1.7416684742973323,1.9930110946417288,2.188645271760796,1.0,10.793959502416731,1062.6711211462375,41.80803719266337,302.7106577576344,16.191644196077288
24,245.0,20.01567005175815,0.9600000000000002,0.0066385228428608,0.0236180252417745,0.0032247805701596,0.0057725339885989,1.2724238159081e-05,0.0007291111591705,4.301959276423011e-06,299.88,81.98,0.8169934640522876,0.2441530867499164,44.13925634160422,17.000134265527393,1056.723216260131,47.48364454700352,0.9920033337440785,0.0003623875574068,0.0044981505288483,0.0007944504365539,0.0021616845275681,2.9381884860445616e-06,0.0001724523451591,4.602671899538376e-06,0.8387654555241453,0.0304136835334764,0.0960476452242852,0.0124313203959722,0.0194510992618169,4.979560340546578e-05,0.0028378376526291,3.1628042692270304e-06,10.31572844186961,1.0662494433400935,1.0,1.1649498337785331,2.3462387459380767,1.9028036587750647,1.7091729955367674,1.95900703271376,2.142311166955785,1.0,10.793959502416731,1062.6711211462375,41.80803719266337,302.7106577576344,16.191644196077288
24,245.0,23.03110583798891,0.9600000000000002,0.0066385228428608,0.0236180252417745,0.0032247805701596,0.0057725339885989,1.2724238159081e-05,0.0007291111591705,4.301959276423011e-06,299.88,81.98,0.8169934640522876,0.2809356652596841,44.13925634160422,17.000134265527393,1052.6943636302306,51.78641984444491,0.986362290210858,0.0007450020408154,0.0079859401369272,0.0013389325135576,0.0032651557971015,5.022951988520323e-06,0.0002931641147473,4.492234004233473e-06,0.7488132495704475,0.0538511700301037,0.148845736086533,0.0183321980096965,0.0258589926431717,7.441878698165998e-05,0.0042214571933999,2.7776796658977964e-06,9.979280018362203,1.0882079183047697,1.0,1.152892762155534,2.2905335928620927,1.8726082783099864,1.6804830469530467,1.9287928329954895,2.101399952039399,1.0,10.793959502416731,1062.6711211462375,41.80803719266337,302.7106577576344,16.191644196077288
24,245.0,26.046541624219667,0.9600000000000002,0.0066385228428608,0.0236180252417745,0.0032247805701596,0.0057725339885989,1.2724238159081e-05,0.0007291111591705,4.301959276423011e-06,299.88,81.98,0.8169934640522876,0.3177182437694519,44.13925634160422,17.000134265527393,1049.125967439297,55.84745954118943,0.98124098870669,0.0012311971954649,0.0112739976326677,0.001804003770738,0.0040405295279025,6.851074382242471e-06,0.0003979943163839,4.437775770518481e-06,0.6794660546806265,0.0780541437651035,0.186648043012244,0.0219892611912724,0.0286474599809505,9.029227553129724e-05,0.0051022368903356,2.508203936020821e-06,9.67647197256634,1.1087245420480452,1.0,1.1422987296072404,2.2408677159908734,1.845964664895618,1.65534282690489,1.9020254625120248,2.065378696595094,1.0,10.793959502416731,1062.6711211462375,41.80803719266337,302.7106577576344,16.191644196077288
24,245.0,29.061977410450424,0.9600000000000002,0.0066385228428608,0.0236180252417745,0.0032247805701596,0.0057725339885989,1.2724238159081e-05,0.0007291111591705,4.301959276423011e-06,299.88,81.98,0.8169934640522876,0.3545008222792196,44.13925634160422,17.000134265527393,1045.968892850445,59.59765464904685,0.9766216200800004,0.0018360364822903,0.0142577914027169,0.0021907579536948,0.0045945436425699,8.405699721422437e-06,0.000486443699681,4.4010393248965765e-06,0.6243707834032398,0.1036119061326351,0.2126229438625174,0.0241041051508587,0.0295589022904444,9.992558590365742e-05,0.0056291322720329,2.3013023675598143e-06,9.40658881664872,1.1276871014211716,1.0,1.1330615130346628,2.1968861630619303,1.8226489826739485,1.6334693872063843,1.878501184540846,2.0339112333493587,1.0,10.793959502416731,1062.6711211462375,41.80803719266337,302.7106577576344,16.191644196077288
24,245.0,32.07741319668118,0.9600000000000002,0.0066385228428608,0.0236180252417745,0.0032247805701596,0.0057725339885989,1.2724238159081e-05,0.0007291111591705,4.301959276423011e-06,299.88,81.98,0.8169934640522876,0.3912834007889872,44.13925634160422,17.000134265527393,1043.193701818073,62.991079243421545,0.972490565173454,0.0025683902698867,0.0168687373576317,0.0025047257399503,0.0049943791546044,9.691397973698198e-06,0.0005591378333751,4.373073124081981e-06,0.5795078731414698,0.1306243775885246,0.2292172808523948,0.0251593519843799,0.0294769687920018,0.0001051117159499,0.005906900261824,2.135663454808633e-06,9.168586262775976,1.1449408129730785,1.0,1.1250547533405468,2.158226912651612,1.802437827728495,1.6146817242843452,1.8580131949270968,2.0066667460024563,1.0,10.793959502416731,1062.6711211462375,41.80803719266337,302.7106577576344,16.191644196077288
24,245.0,35.092848982911946,0.9600000000000002,0.0066385228428608,0.0236180252417745,0.0032247805701596,0.0057725339885989,1.2724238159081e-05,0.0007291111591705,4.301959276423011e-06,299.88,81.98,0.8169934640522876,0.4280659792987551,44.13925634160422,17.000134265527393,1040.7685346288142,66.0147550898052,0.9688185423916272,0.0034276237024076,0.0190816447733188,0.0027546143922589,0.0052849017085217,1.0730288368440076e-05,0.0006175921810741,4.350562423397085e-06,0.5422171328658779,0.158756479462396,0.2385313243287267,0.0254991389742587,0.0288743577402464,0.0001071886091923,0.0060123786584812,1.9993608204866226e-06,8.96021178856954,1.160502802434686,1.0,1.118151914104655,2.124403707912109,1.7850286867365324,1.598630328675124,1.8402742278566548,1.9832149337235037,1.0,10.793959502416731,1062.6711211462375,41.80803719266337,302.7106577576344,16.191644196077288
24,245.0,38.1082847691427,0.9600000000000002,0.0066385228428608,0.0236180252417745,0.0032247805701596,0.0057725339885989,1.2724238159081e-05,0.0007291111591705,4.301959276423011e-06,299.88,81.98,0.8169934640522876,0.4648485578085228,44.13925634160422,17.000134265527393,1038.6511153600895,68.68897241521562,0.9655554990822864,0.0044036114525132,0.0209126149044832,0.0029509433252113,0.0054975370687717,1.1556500674731587e-05,0.0006639058210463,4.3318450129839855e-06,0.5106797744123527,0.1873947204779721,0.2424274544314606,0.025372315985432,0.0280138621253646,0.0001071690507895,0.0060028186697832,1.8848468452021645e-06,8.777930341482675,1.1744699301568502,1.0,1.1121913063161644,2.0947526021799368,1.7700342717878952,1.5849678773352678,1.8249106369591683,1.963019481615456,1.0,10.793959502416731,1062.6711211462375,41.80803719266337,302.7106577576344,16.191644196077288
24,245.0,41.12372055537345,0.9600000000000002,0.0066385228428608,0.0236180252417745,0.0032247805701596,0.0057725339885989,1.2724238159081e-05,0.0007291111591705,4.301959276423011e-06,299.88,81.98,0.8169934640522876,0.5016311363182905,44.13925634160422,17.000134265527393,1036.791742632542,71.05713156943436,0.9626378797803136,0.0054800025512051,0.0224060325078324,0.0031044469660207,0.0056547467074999,1.2208824822641109e-05,0.0007003667770866,4.3158852187487975e-06,0.4836203401539305,0.2158578764246621,0.2424940675239759,0.0249560519630086,0.0270439601251719,0.0001058036998259,0.0059201130622069,1.78704721799488e-06,8.61750929890752,1.187046088948079,1.0,1.107001492490569,2.0685415424364546,1.7570298580585622,1.573222568959994,1.811509493824856,1.945500513571445,1.0,10.793959502416731,1062.6711211462375,41.80803719266337,302.7106577576344,16.191644196077288
24,245.0,44.13915634160421,0.9600000000000002,0.0066385228428608,0.0236180252417745,0.0032247805701596,0.0057725339885989,1.2724238159081e-05,0.0007291111591705,4.301959276423011e-06,299.88,81.98,0.8169934640522876,0.5384137148280582,44.13925634160422,17.000134265527393,1035.1404757159548,73.17181937012609,0.9600000834887502,0.0066384832720346,0.0236179891028379,0.0032247770381635,0.0057725306022416,1.2724222976819384e-05,0.0007291103132847,4.3019597105955305e-06,0.4601232745983819,0.2435630791000713,0.2399946424196208,0.0243720921857119,0.0260478544533137,0.0001036258174949,0.0057937290108197,1.7024145856482164e-06,8.474724569118159,1.198480625006973,1.0,1.1024190855195144,2.045089487249377,1.745611852021858,1.563036343839206,1.7996765434444044,1.9301222603180312,1.0,10.793959502416731,1062.6711211462375,41.80803719266337,302.7106577576344,16.191644196077288
24,250.0,19.964620922915397,0.9600000000000002,0.0066385228428608,0.0236180252417745,0.0032247805701596,0.0057725339885989,1.2724238159081e-05,0.0007291111591705,4.301959276423011e-06,299.88,81.98,0.8336668000533547,0.2435303845195827,45.69493871551357,19.964520922915398,1039.2446581109166,50.76970796419026,0.9978359934787846,8.703404163354998e-05,0.0011595556308265,0.0002091903855251,0.0006578776441804,7.683242098742271e-07,4.4054704685377205e-05,5.525790154427897e-06,0.9599960834844606,0.0066392010068347,0.0236203499843578,0.0032250927228145,0.0057730634217975,1.272547575107912e-05,0.0007291820713893,4.30183259407082e-06,9.48160686277932,1.1078956772576285,1.0,1.1481365524434994,2.22898336528648,1.8070866706300768,1.593149663877071,1.8547024698850887,2.0477494826546514,1.0,9.599114364051816,1040.9186176418627,49.27650279185157,302.7106577576344,18.99215487266697
24,250.0,22.82353401098186,0.9600000000000002,0.0066385228428608,0.0236180252417745,0.0032247805701596,0.0057725339885989,1.2724238159081e-05,0.0007291111591705,4.301959276423011e-06,299.88,81.98,0.8336668000533547,0.278403683959281,45.69493871551357,19.964520922915398,1034.7448765360964,55.10358554451495,0.9918746569999572,0.0003915967388511,0.0045963585782562,0.0007903741427671,0.0021708236778799,2.9428145209004394e-06,0.0001686095162654,4.637531501907413e-06,0.861810897422667,0.0258820261696715,0.0822138049302759,0.0107239101267372,0.0168675146546967,4.285567483502571e-05,0.0024557227838867,3.268237229775221e-06,9.156862266741951,1.1310120230310816,1.0,1.136978236396622,2.17808485291577,1.77934448590828,1.5678996140857089,1.826927435740432,2.0098333675459514,1.0,9.599114364051816,1040.9186176418627,49.27650279185157,302.7106577576344,18.99215487266697
24,250.0,25.68244709904832,0.9600000000000002,0.0066385228428608,0.0236180252417745,0.0032247805701596,0.0057725339885989,1.2724238159081e-05,0.0007291111591705,4.301959276423011e-06,299.88,81.98,0.8336668000533547,0.3132769833989792,45.69493871551357,19.964520922915398,1030.7476863510424,59.29554464477845,0.9864149532657746,0.0007800638086338,0.0079701177595505,0.0013103392269016,0.0032322213666871,4.938855730305834e-06,0.0002828548047181,4.51091200380878e-06,0.7852118450205324,0.045404037031451,0.1271604714686673,0.015892668596978,0.0225818219622525,6.424023430124875e-05,0.003681996369975,2.919315842220611e-06,8.860784602620587,1.1529667512702175,1.0,1.1270708048766205,2.132113518664281,1.754537581485789,1.545412994262415,1.8019863190223613,1.9759611005258189,1.0,9.599114364051816,1040.9186176418627,49.27650279185157,302.7106577576344,18.99215487266697
24,250.0,28.541360187114783,0.9600000000000002,0.0066385228428608,0.0236180252417745,0.0032247805701596,0.0057725339885989,1.2724238159081e-05,0.0007291111591705,4.301959276423011e-06,299.88,81.98,0.8336668000533547,0.3481502828386775,45.69493871551357,19.964520922915398,1027.166888690776,63.275824206564856,0.9814141871739576,0.0012679806644941,0.011166380943955,0.0017625436113404,0.0039932566103926,6.714629755499804e-06,0.0003844868219482,4.449544156463922e-06,0.7238259725200679,0.065869469397687,0.1609454408786348,0.0193515842115468,0.0253959313653595,7.900335530330319e-05,0.0045299240047949,2.674266605612984e-06,8.59209395320649,1.1736924643696391,1.0,1.1182834887973676,2.090704394714516,1.7324008255825198,1.5254784575426146,1.7796681956857536,1.945784602524728,1.0,9.599114364051816,1040.9186176418627,49.27650279185157,302.7106577576344,18.99215487266697
24,250.0,31.40027327518125,0.9600000000000002,0.0066385228428608,0.0236180252417745,0.0032247805701596,0.0057725339885989,1.2724238159081e-05,0.0007291111591705,4.301959276423011e-06,299.88,81.98,0.8336668000533547,0.3830235822783758,45.69493871551357,19.964520922915398,1023.9618612465885,66.98351924624569,0.9768585390136358,0.0018696822987599,0.0140933517849473,0.0021460905586031,0.0045472459532716,8.250610566514112e-06,0.0004724307811398,4.4089990756835376e-06,0.6735358197471266,0.0876717604275404,0.1854634717409888,0.0215541298487381,0.0265929106730658,8.874114923451697e-05,0.0050906832989674,2.4831143382704586e-06,8.350361053570344,1.1930031078335368,1.0,1.110532532984326,2.0536682362070824,1.712791242259966,1.5079391803786737,1.7598261934118016,1.9190933468416196,1.0,9.599114364051816,1040.9186176418627,49.27650279185157,302.7106577576344,18.99215487266697
24,250.0,34.259186363247714,0.9600000000000002,0.0066385228428608,0.0236180252417745,0.0032247805701596,0.0057725339885989,1.2724238159081e-05,0.0007291111591705,4.301959276423011e-06,299.88,81.98,0.8336668000533547,0.4178968817180741,45.69493871551357,19.964520922915398,1021.1094877625302,70.3750261129559,0.972739508349852,0.0025945700535481,0.0166871704220139,0.0024640039715295,0.0049542286923364,9.545019293484978e-06,0.000546594949051,4.378542375221403e-06,0.6315592886819206,0.1108967637563737,0.202304268425638,0.0228385678801774,0.0268694842161092,9.468853983987224e-05,0.0054346109502535,2.3275496874863287e-06,8.134975810094316,1.2107990930424848,1.0,1.1037544197734543,2.020745991104421,1.6955727371884153,1.4926540655060307,1.742333629819246,1.8956828743438547,1.0,9.599114364051816,1040.9186176418627,49.27650279185157,302.7106577576344,18.99215487266697
24,250.0,37.11809945131418,0.9600000000000002,0.0066385228428608,0.0236180252417745,0.0032247805701596,0.0057725339885989,1.2724238159081e-05,0.0007291111591705,4.301959276423011e-06,299.88,81.98,0.8336668000533547,0.4527701811577723,45.69493871551357,19.964520922915398,1018.5857073870404,73.43257241919716,0.9690373284972236,0.0034440348733807,0.0189185887812346,0.002722364891955,0.0052549653317109,1.0611502932310165e-05,0.0006077519237487,4.3541978140928616e-06,0.5959523199585443,0.1353210128692963,0.2129238517907836,0.0234634232313211,0.0266215790200069,9.78308443961007e-05,0.0056177846339095,2.1976517420327186e-06,7.944465695102655,1.2270139472498307,1.0,1.0978453609119954,1.991617023095338,1.6805540118276996,1.4794699674817546,1.727009044709337,1.8752754496152877,1.0,9.599114364051816,1040.9186176418627,49.27650279185157,302.7106577576344,18.99215487266697
24,250.0,39.97701253938064,0.9600000000000002,0.0066385228428608,0.0236180252417745,0.0032247805701596,0.0057725339885989,1.2724238159081e-05,0.0007291111591705,4.301959276423011e-06,299.88,81.98,0.8336668000533547,0.4876434805974705,45.69493871551357,19.964520922915398,1016.3573671295778,76.1664810736922,0.9657147790419812,0.004410816754489,0.0207934460614023,0.0029293480179276,0.0054784550218366,1.1475551189412264e-05,0.0006573455219797,4.33402919363427e-06,0.5653237582195518,0.160489207233484,0.2186901859204638,0.0236280557550713,0.0260823273394453,9.896153215220428e-05,0.0056854168653638,2.0871344675951174e-06,7.776342052828488,1.241719417698523,1.0,1.0926986549716085,1.965843424982956,1.6674855595305391,1.4680877428107648,1.713602419162637,1.8575091340099803,1.0,9.599114364051816,1040.9186176418627,49.27650279185157,302.7106577576344,18.99215487266697
24,250.0,42.835925627447104,0.9600000000000002,0.0066385228428608,0.0236180252417745,0.0032247805701596,0.0057725339885989,1.2724238159081e-05,0.0007291111591705,4.301959276423011e-06,299.88,81.98,0.8336668000533547,0.5225167800371688,45.69493871551357,19.964520922915398,1014.3831130899072,78.60905830498673,0.9627209804727926,0.0054811837886048,0.0223443825127974,0.003093949665303,0.0056458353212718,1.2168973369921697e-05,0.0006971823871659,4.316878694371226e-06,0.5386605053148331,0.1858506330272352,0.220839574312984,0.0234837379175806,0.0253916209326798,9.870610683480374e-05,0.0056732306766949,1.9917111573520706e-06,7.627425233498722,1.2550655920836526,1.0,1.0881926829142263,1.942916000617673,1.6560677792192289,1.458245300189322,1.7018208107361674,1.841971319814116,1.0,9.599114364051816,1040.9186176418627,49.27650279185157,302.7106577576344,18.99215487266697
24,250.0,45.69483871551357,0.9600000000000002,0.0066385228428608,0.0236180252417745,0.0032247805701596,0.0057725339885989,1.2724238159081e-05,0.0007291111591705,4.301959276423011e-06,299.88,81.98,0.8336668000533547,0.5573900794768671,45.69493871551357,19.964520922915398,1012.6189205110572,80.80393178578599,0.9600000909986236,0.0066384810552714,0.0236179849792824,0.0032247764954461,0.0057725301298635,1.2724220807194329e-05,0.0007291101609394,4.301959766132677e-06,0.5152129086096809,0.2108897481819913,0.2204148125017652,0.0231413447862936,0.0246334308712588,9.753755635032984e-05,0.0056083091579211,1.908334738556611e-06,7.494368084697555,1.267242571158448,1.0,1.084206732960413,1.922323932976725,1.645988640521983,1.4496405359399245,1.6913689915100516,1.828260188580368,1.0,9.599114364051816,1040.9186176418627,49.27650279185157,302.7106577576344,18.99215487266697
24,255.0,23.30351061937712,0.9600000000000002,0.0066385228428608,0.0236180252417745,0.0032247805701596,0.0057725339885989,1.2724238159081e-05,0.0007291111591705,4.301959276423011e-06,299.88,81.98,0.8503401360544218,0.2842584852327046,47.6681519853165,23.30341061937712,1015.7200814873522,59.75487914660898,0.9973839382217152,0.000113722555166,0.0014181035184805,0.0002464695457464,0.0007800251801409,9.201293262875408e-07,5.129686992628554e-05,5.523979498055699e-06,0.9599967386304384,0.0066390920655288,0.0236199619598526,0.0032250403975984,0.0057729695343717,1.272526794789095e-05,0.0007291702915946,4.301852667549136e-06,8.303025771758932,1.1826744143559806,1.0,1.120250853116334,2.060655082946273,1.6957570904383366,1.4665690394405968,1.7288554182650488,1.9176080226550676,1.0,8.432227805466914,1017.7913832278248,57.90987351738985,302.7106577576344,22.13772066860631
24,255.0,26.010681882259277,0.9600000000000002,0.0066385228428608,0.0236180252417745,0.0032247805701596,0.0057725339885989,1.2724238159081e-05,0.0007291111591705,4.301959276423011e-06,299.88,81.98,0.8503401360544218,0.3172808231551509,47.6681519853165,23.30341061937712,1011.3036153636978,63.98643757576949,0.9916775038809008,0.000428084442643,0.0047338577060384,0.0007905346972084,0.0021954645770428,2.981229045812657e-06,0.0001668979772352,4.675489885324592e-06,0.8807824254644839,0.0221692877894041,0.0708426410109895,0.0093122252944437,0.014717896722798,3.7089085639879686e-05,0.0021350667803031,3.367851937561675e-06,8.020654397421975,1.2059897526484995,1.0,1.1112260111247816,2.0235349756979444,1.6730630612596171,1.447035338123496,1.7061629376435874,1.8865001964149972,1.0,8.432227805466914,1017.7913832278248,57.90987351738985,302.7106577576344,22.13772066860631
24,255.0,28.717853145141422,0.9600000000000002,0.0066385228428608,0.0236180252417745,0.0032247805701596,0.0057725339885989,1.2724238159081e-05,0.0007291111591705,4.301959276423011e-06,299.88,81.98,0.8503401360544218,0.3503031610775973,47.6681519853165,23.30341061937712,1007.331343268792,68.09311913660413,0.9864071271861138,0.0008233977832701,0.0079895894231043,0.0012848749423117,0.0032107031789658,4.890023308444406e-06,0.0002748851903762,4.532272549382831e-06,0.8163860152797701,0.0382638214059488,0.1086125771687958,0.013774870901187,0.0197049367129635,5.533026659696282e-05,0.0031993988539354,3.0494108022705097e-06,7.76131069721118,1.2283143885740464,1.0,1.1031324373450606,1.985625727200509,1.652532467621985,1.4294667941954495,1.6855991747070902,1.8584194396201903,1.0,8.432227805466914,1017.7913832278248,57.90987351738985,302.7106577576344,22.13772066860631
24,255.0,31.42502440802358,0.9600000000000002,0.0066385228428608,0.0236180252417745,0.0032247805701596,0.0057725339885989,1.2724238159081e-05,0.0007291111591705,4.301959276423011e-06,299.88,81.98,0.8503401360544218,0.3833254990000436,47.6681519853165,23.30341061937712,1003.7330513653296,72.01559178699095,0.9815380132625958,0.0013139165219168,0.0110882270178826,0.0017225839957665,0.0039532142427632,6.609219893910201e-06,0.0003729725336063,4.4632055745312624e-06,0.7630390841665755,0.0553310055077719,0.1382005776479261,0.0169620742307652,0.0224098569842125,6.86448833533075e-05,0.0039859291859558,2.827393439596007e-06,7.524106751711439,1.2495626574240029,1.0,1.0958905099679936,1.9511405412050624,1.634038416705104,1.4137257782916133,1.6670005697947037,1.833124852666118,1.0,8.432227805466914,1017.7913832278248,57.90987351738985,302.7106577576344,22.13772066860631
24,255.0,34.13219567090573,0.9600000000000002,0.0066385228428608,0.0236180252417745,0.0032247805701596,0.0057725339885989,1.2724238159081e-05,0.0007291111591705,4.301959276423011e-06,299.88,81.98,0.8503401360544218,0.41634783692249,47.6681519853165,23.30341061937712,1000.4754789628066,75.70066661789822,0.9770591778483376,0.0019130824034025,0.0139503474779683,0.002101259082333,0.0045037989393134,8.118927447766312e-06,0.000459797036936,4.418284261350394e-06,0.7181321489177307,0.0736366006324315,0.1606879629888354,0.0191542544475803,0.0237608698094452,7.801909675160148e-05,0.0045474914228656,2.652684359325796e-06,7.308782444864211,1.2695687100952342,1.0,1.0894457111806726,1.9199475113491693,1.6174621027652896,1.399727288354404,1.650280593826698,1.810484939237733,1.0,8.432227805466914,1017.7913832278248,57.90987351738985,302.7106577576344,22.13772066860631
24,255.0,36.839366933787886,0.9600000000000002,0.0066385228428608,0.0236180252417745,0.0032247805701596,0.0057725339885989,1.2724238159081e-05,0.0007291111591705,4.301959276423011e-06,299.88,81.98,0.8503401360544218,0.4493701748449363,47.6681519853165,23.30341061937712,997.5407756357978,79.10775164439838,0.9729656163911184,0.0026305030434453,0.0165178860590663,0.0024218385242436,0.0049155639324598,9.41350670653812e-06,0.000534793606923,4.384936036590811e-06,0.6797966891437905,0.0932568820396323,0.1770609813281152,0.0205773701350818,0.0242927369462678,8.427331738324918e-05,0.0049285583628156,2.508726913088084e-06,7.115000302267368,1.2882076213490288,1.0,1.0837466601054953,1.8919146635471369,1.6027225488747283,1.3873866850867005,1.6353643891610492,1.7903744463095084,1.0,8.432227805466914,1017.7913832278248,57.90987351738985,302.7106577576344,22.13772066860631
24,255.0,39.54653819667004,0.9600000000000002,0.0066385228428608,0.0236180252417745,0.0032247805701596,0.0057725339885989,1.2724238159081e-05,0.0007291111591705,4.301959276423011e-06,299.88,81.98,0.8503401360544218,0.4823925127673827,47.6681519853165,23.30341061937712,994.9114712721876,82.21597066269841,0.969244905986202,0.0034692255832396,0.018759664943528,0.0026880552955942,0.0052251307126422,1.050022936901847e-05,0.0005981587909611,4.358458463781058e-06,0.646660394763865,0.1140562027725259,0.1882834853578168,0.0214161267994864,0.0243257920367841,8.810305081114946e-05,0.0051675081986543,2.387020055910053e-06,6.941839936828608,1.3053909863514768,1.0,1.078738980168207,1.8668442221915549,1.5897052151144702,1.3765855355132353,1.6221410323095682,1.7726245955431872,1.0,8.432227805466914,1017.7913832278248,57.90987351738985,302.7106577576344,22.13772066860631
24,255.0,42.25370945955219,0.9600000000000002,0.0066385228428608,0.0236180252417745,0.0032247805701596,0.0057725339885989,1.2724238159081e-05,0.0007291111591705,4.301959276423011e-06,299.88,81.98,0.8503401360544218,0.5154148506898291,47.6681519853165,23.30341061937712,992.562683862834,85.02741888762749,0.9658708123085088,0.0044246906124684,0.0206732747250069,0.0029058170337464,0.005458916146364,1.1397158644844804e-05,0.0006507554165504,4.336598710086156e-06,0.6176979076733721,0.1357176629518287,0.1953139014339965,0.0218221875647419,0.0240582562952658,9.01005994759806e-05,0.0052977012000696,2.282281249462558e-06,6.787605215259417,1.32113639658794,1.0,1.074336228378352,1.8444520351073,1.5782593780727452,1.3671621788225168,1.6104632498880809,1.7569974265484891,1.0,8.432227805466914,1017.7913832278248,57.90987351738985,302.7106577576344,22.13772066860631
24,255.0,44.96088072243434,0.9600000000000002,0.0066385228428608,0.0236180252417745,0.0032247805701596,0.0057725339885989,1.2724238159081e-05,0.0007291111591705,4.301959276423011e-06,299.88,81.98,0.8503401360544218,0.5484371886122754,47.6681519853165,23.30341061937712,990.4613607044912,87.56415628659542,0.9628044259695616,0.0054859658879515,0.0222804756417231,0.0030822725417143,0.0056365097873734,1.2129332688505253e-05,0.0006939027860895,4.31805289783282e-06,0.5921343131400879,0.1578231718457984,0.1990687619246382,0.0219180227295359,0.0236152714173894,9.075992600585337e-05,0.0053475081099961,2.190906548256936e-06,6.6500025237463465,1.33555501941403,1.0,1.0704559468909718,1.8243882697296492,1.5681580896494705,1.358940690271519,1.600116543086444,1.7432065497131062,1.0,8.432227805466914,1017.7913832278248,57.90987351738985,302.7106577576344,22.13772066860631
24,255.0,47.668051985316495,0.9600000000000002,0.0066385228428608,0.0236180252417745,0.0032247805701596,0.0057725339885989,1.2724238159081e-05,0.0007291111591705,4.301959276423011e-06,299.88,81.98,0.8503401360544218,0.5814595265347218,47.6681519853165,23.30341061937712,988.5700415779831,89.86069355468689,0.9600000992731148,0.0066384787981354,0.0236179803225404,0.0032247758496291,0.0057725295910055,1.272421839894156e-05,0.000729109987342,4.30195983341126e-06,0.5693784496047156,0.1799464618015228,0.2003669959987502,0.0217992043915605,0.0230762594750436,9.047677292039836e-05,0.0053400416431019,2.110312384436868e-06,6.52646593514373,1.348798560408188,1.0,1.0670129919271445,1.806282048698888,1.5591835372397989,1.351708340732628,1.590885139622889,1.7309514296160562,1.0,8.432227805466914,1017.7913832278248,57.90987351738985,302.7106577576344,22.13772066860631
24,260.0,27.049422653029808,0.9600000000000002,0.0066385228428608,0.0236180252417745,0.0032247805701596,0.0057725339885989,1.2724238159081e-05,0.0007291111591705,4.301959276423011e-06,299.88,81.98,0.8670134720554888,0.3299514839354697,50.06335486277029,27.049322653029808,990.4432240992812,70.21423231903779,0.9968442517007026,0.000148813971296,0.0017297846798848,0.0002891253380697,0.0009214691146903,1.1034796286930912e-06,5.9940913930364594e-05,5.510801797662357e-06,0.9599972794330262,0.0066390020407495,0.023619641461989,0.0032249973379402,0.0057728921895739,1.2725096231925727e-05,0.000729160570473,4.301870015903715e-06,7.154771501326276,1.2702450505215623,1.0,1.0948376798112551,1.8873839845474616,1.5990965090637417,1.3588080030911749,1.614137783893662,1.7968147536404315,1.0,7.296085655146154,993.0143761526203,67.92140682303575,302.7106577576344,25.654931900849267
24,260.0,29.60651512077875,0.9600000000000002,0.0066385228428608,0.0236180252417745,0.0032247805701596,0.0057725339885989,1.2724238159081e-05,0.0007291111591705,4.301959276423011e-06,299.88,81.98,0.8670134720554888,0.3611431461427024,50.06335486277029,27.049322653029808,986.0975666336094,74.36889068480994,0.9913975695507046,0.000474066127078,0.0049195240298367,0.0007962551423348,0.0022373778943595,3.056868341467222e-06,0.0001674347860347,4.7156013101642855e-06,0.8964129240574165,0.0191229215699098,0.0614866575464462,0.0081430858089842,0.0129320129626089,3.23028166144907e-05,0.0018666309960501,3.464241969353263e-06,6.910772858143867,1.2941991086026867,1.0,1.087606540168928,1.8599366123188683,1.580417609251954,1.3437776975407598,1.5956340848478416,1.7712649954850146,1.0,7.296085655146154,993.0143761526203,67.92140682303575,302.7106577576344,25.654931900849267
24,260.0,32.16360758852769,0.9600000000000002,0.0066385228428608,0.0236180252417745,0.0032247805701596,0.0057725339885989,1.2724238159081e-05,0.0007291111591705,4.301959276423011e-06,299.88,81.98,0.8670134720554888,0.3923348083499352,50.06335486277029,27.049322653029808,982.1410760393372,78.41479848009989,0.9863256631613108,0.0008771932864085,0.0080522340482117,0.001264057391676,0.0032020445109796,4.878806715639337e-06,0.0002693725095572,4.556285140503681e-06,0.842941636150857,0.0322565597880863,0.0928320859843626,0.0119432332005074,0.0172023426394881,4.7609337266843953e-05,0.0027733618126939,3.1710867376618386e-06,6.685123377510353,1.3173212082511412,1.0,1.0810665090566498,1.8348934208963192,1.5633539734190876,1.330138635735855,1.5786890130446385,1.7479542897532716,1.0,7.296085655146154,993.0143761526203,67.92140682303575,302.7106577576344,25.654931900849267
24,260.0,34.720700056276634,0.9600000000000002,0.0066385228428608,0.0236180252417745,0.0032247805701596,0.0057725339885989,1.2724238159081e-05,0.0007291111591705,4.301959276423011e-06,299.88,81.98,0.8670134720554888,0.423526470557168,50.06335486277029,27.049322653029808,978.5174108842452,82.3019511297517,0.9816002420302,0.0013711131309042,0.0110467133920833,0.0016856484953171,0.0039216253278994,6.537192613819733e-06,0.0003636415329709,4.478898010858474e-06,0.7973765289125371,0.0462956919523803,0.1182646669905755,0.014812567416389,0.0197076181718203,5.930514317578738e-05,0.0034806515866577,2.969826464045835e-06,6.477200706518107,1.3395030546143716,1.0,1.0751673195376037,1.812094169588446,1.547797736172096,1.3178078566958715,1.5632068585827177,1.7267362535414634,1.0,7.296085655146154,993.0143761526203,67.92140682303575,302.7106577576344,25.654931900849267
24,260.0,37.27779252402558,0.9600000000000002,0.0066385228428608,0.0236180252417745,0.0032247805701596,0.0057725339885989,1.2724238159081e-05,0.0007291111591705,4.301959276423011e-06,299.88,81.98,0.8670134720554888,0.4547181327644007,50.06335486277029,27.049322653029808,975.1997838609489,85.98441369861455,0.9772123515539152,0.0019682328474045,0.0138353767868057,0.0020576137204919,0.0044651882253941,8.013307779982266e-06,0.0004487945111164,4.42904709197897e-06,0.758097353451295,0.0614215028022774,0.1383694935188999,0.0169157672533945,0.0211078336841964,6.798393398085209e-05,0.0040172541497716,2.811206184117893e-06,6.286840723597732,1.3606103866267787,1.0,1.0698738970391382,1.7914501297633048,1.533720693546487,1.3067209610494834,1.5491587305421977,1.7075287401893064,1.0,7.296085655146154,993.0143761526203,67.92140682303575,302.7106577576344,25.654931900849267
24,260.0,39.83488499177452,0.9600000000000002,0.0066385228428608,0.0236180252417745,0.0032247805701596,0.0057725339885989,1.2724238159081e-05,0.0007291111591705,4.301959276423011e-06,299.88,81.98,0.8670134720554888,0.4859097949716335,50.06335486277029,27.049322653029808,972.1747515568674,89.4251317592203,0.9731592013308146,0.0026780633942355,0.0163666786486593,0.0023792676221339,0.0048791029659203,9.299567698254288e-06,0.0005239940880585,4.392382479451398e-06,0.7238834213625163,0.0777013564703185,0.153729504277484,0.0183958855227083,0.0218034367022357,7.417336807532784e-05,0.0044095428079891,2.679488672640245e-06,6.1138672504189016,1.3804899268050703,1.0,1.0651527908545289,1.7712115738942984,1.521050127031098,1.296829774817703,1.536481775061424,1.6902722232406158,1.0,7.296085655146154,993.0143761526203,67.92140682303575,302.7106577576344,25.654931900849267
24,260.0,42.39197745952346,0.9600000000000002,0.0066385228428608,0.0236180252417745,0.0032247805701596,0.0057725339885989,1.2724238159081e-05,0.0007291111591705,4.301959276423011e-06,299.88,81.98,0.8670134720554888,0.5171014571788662,50.06335486277029,27.049322653029808,969.4303079721802,92.60162574099708,0.9694337371252104,0.0035049118744198,0.0186093729814131,0.0026523471633984,0.005195843921115,1.0398737326677955e-05,0.0005890247564023,4.363440714044544e-06,0.6937968360053558,0.0950634114586451,0.1649532205477822,0.0193778259681318,0.0220456947276479,7.834570622008302e-05,0.0046820985229847,2.5670632320914283e-06,5.957723743406397,1.399049775553444,1.0,1.060963014489689,1.749679591916954,1.509716839797986,1.288066858440416,1.5251090970045138,1.6748507737212752,1.0,7.296085655146154,993.0143761526203,67.92140682303575,302.7106577576344,25.654931900849267
24,260.0,44.9490699272724,0.9600000000000002,0.0066385228428608,0.0236180252417745,0.0032247805701596,0.0057725339885989,1.2724238159081e-05,0.0007291111591705,4.301959276423011e-06,299.88,81.98,0.8670134720554888,0.548293119386099,50.06335486277029,27.049322653029808,966.948848684298,95.509505312166,0.9660187004940778,0.0044466538994307,0.0205549151034399,0.002880665830735,0.0054391344001776,1.1322795968460562e-05,0.0006442678586831,4.339617487255856e-06,0.6671077440389307,0.1133029830936958,0.1726803086295002,0.0199706782001709,0.0219969926878294,8.092360531711566e-05,0.0048579003732833,2.4693712722279285e-06,5.817314952481952,1.416251453441703,1.0,1.0572523481594454,1.7302556607029898,1.4996319494742287,1.2803358199666697,1.5149471638284762,1.6611151271377258,1.0,7.296085655146154,993.0143761526203,67.92140682303575,302.7106577576344,25.654931900849267
24,260.0,47.50616239502135,0.9600000000000002,0.0066385228428608,0.0236180252417745,0.0032247805701596,0.0057725339885989,1.2724238159081e-05,0.0007291111591705,4.301959276423011e-06,299.88,81.98,0.8670134720554888,0.5794847815933318,50.06335486277029,27.049322653029808,964.7052937808376,98.16167615585007,0.9628859848875012,0.0054952163066632,0.0222154784130666,0.0030694977273108,0.005626830621981,1.2090530524647257e-05,0.0006905820730851,4.319439867021291e-06,0.6432443324775613,0.1321238733117559,0.1775566889135344,0.020268085527979,0.0217644289403685,8.227778489747824e-05,0.0049579296934761,2.383350427282632e-06,5.691047372777375,1.4321561570319206,1.0,1.0539595162487572,1.7127095297193315,1.490646097494222,1.2735151812300112,1.5058682085947317,1.648874894986233,1.0,7.296085655146154,993.0143761526203,67.92140682303575,302.7106577576344,25.654931900849267
24,260.0,50.063254862770286,0.9600000000000002,0.0066385228428608,0.0236180252417745,0.0032247805701596,0.0057725339885989,1.2724238159081e-05,0.0007291111591705,4.301959276423011e-06,299.88,81.98,0.8670134720554888,0.6106764438005645,50.06335486277029,27.049322653029808,962.6691774440206,100.58360261346434,0.960000108457052,0.0066384764901815,0.023617975036368,0.0032247750797035,0.0057725289715116,1.2724215714614967e-05,0.0007291097895523,4.301959916163493e-06,0.6217567140580474,0.1511978877608089,0.18019282935877,0.0203477787430941,0.0214192444007201,8.2721438059954e-05,0.0050005174297082,2.3068107910779816e-06,5.577037229220014,1.4468906838052165,1.0,1.0510285928179346,1.6967825452952634,1.482602265692866,1.2674713153783037,1.497712240279726,1.6379181212674323,1.0,7.296085655146154,993.0143761526203,67.92140682303575,302.7106577576344,25.654931900849267
24,265.0,31.23819609299228,0.9600000000000002,0.0066385228428608,0.0236180252417745,0.0032247805701596,0.0057725339885989,1.2724238159081e-05,0.0007291111591705,4.301959276423011e-06,299.88,81.98,0.883686808056556,0.3810465490728504,52.88512061213761,31.23809609299228,963.013198957481,82.46616973671482,0.9961941146050064,0.0001955087567619,0.0021087561941572,0.0003386293421786,0.0010857667416524,1.3270301213047674e-06,7.04114109789323e-05,5.485919143103266e-06,0.959997729711924,0.0066389269830977,0.0236193744179479,0.0032249616049712,0.0057728279676591,1.272495305280866e-05,0.0007291524763349,4.301885012140068e-06,6.040400464394296,1.3749691454662816,1.0,1.0718186454526637,1.7351126790409808,1.5139483107017992,1.2673650439955026,1.509404152741529,1.6840412660050643,1.0,6.194157229336726,966.2255774553212,79.59167899763797,302.7106577576344,29.571779036695137
24,265.0,33.643398817341755,0.9600000000000002,0.0066385228428608,0.0236180252417745,0.0032247805701596,0.0057725339885989,1.2724238159081e-05,0.0007291111591705,4.301959276423011e-06,299.88,81.98,0.883686808056556,0.4103854454420804,52.88512061213761,31.23809609299228,958.7237351581535,86.56885021630153,0.9910148647043496,0.0005327578316105,0.0051656840953354,0.0008092525710139,0.0022990433592841,3.175332955805239e-06,0.0001704656579718,4.756447478443061e-06,0.9093272038451738,0.0166142615324758,0.0537658827419135,0.0071713255276754,0.0114476025172802,2.832545813794794e-05,0.0016418389712985,3.559406044762267e-06,5.8314852826044365,1.400105308624208,1.0,1.066107188200411,1.7131449537778167,1.4984801971030746,1.2559194091123032,1.4943274834469211,1.6630453555882765,1.0,6.194157229336726,966.2255774553212,79.59167899763797,302.7106577576344,29.571779036695137
24,265.0,36.04860154169124,0.9600000000000002,0.0066385228428608,0.0236180252417745,0.0032247805701596,0.0057725339885989,1.2724238159081e-05,0.0007291111591705,4.301959276423011e-06,299.88,81.98,0.883686808056556,0.4397243418113105,52.88512061213761,31.23809609299228,954.7708507920768,90.57841011811058,0.9861526806835994,0.0009445935943308,0.008168769814759,0.0012497421535325,0.0032081950924989,4.909224852106487e-06,0.0002665267099402,4.582726486862667e-06,0.8655071962483484,0.0272113790470256,0.0794380568031893,0.0103608336487012,0.015037801094233,4.096082803935255e-05,0.0024004848171334,3.287513329678786e-06,5.63701848128533,1.4245590758638054,1.0,1.0609124171278306,1.692908191077985,1.484207139078931,1.2454504664314312,1.4804084262737698,1.6437040872177786,1.0,6.194157229336726,966.2255774553212,79.59167899763797,302.7106577576344,29.571779036695137
24,265.0,38.45380426604072,0.9600000000000002,0.0066385228428608,0.0236180252417745,0.0032247805701596,0.0057725339885989,1.2724238159081e-05,0.0007291111591705,4.301959276423011e-06,299.88,81.98,0.883686808056556,0.4690632381805406,52.88512061213761,31.23809609299228,951.110388107846,94.4532422224793,0.981584785215244,0.0014425591155937,0.0110512725614251,0.0016535865114054,0.0039000579730191,6.5020105193826254e-06,0.0003567399207662,4.496692027135785e-06,0.8272599867106288,0.038592155335874,0.1008998189292911,0.0128871570153939,0.0172877049163388,5.098908867053117e-05,0.0030190835930615,3.104410741205977e-06,5.456562615607295,1.4482384481010613,1.0,1.0561938528278745,1.6743031073491117,1.4710886592227048,1.2358936864401755,1.4675720203895153,1.6259366687298278,1.0,6.194157229336726,966.2255774553212,79.59167899763797,302.7106577576344,29.571779036695137
24,265.0,40.8590069903902,0.9600000000000002,0.0066385228428608,0.0236180252417745,0.0032247805701596,0.0057725339885989,1.2724238159081e-05,0.0007291111591705,4.301959276423011e-06,299.88,81.98,0.883686808056556,0.4984021345497706,52.88512061213761,31.23809609299228,947.721349232497,98.1542383442266,0.9773037384974508,0.002037906032792,0.013756797882588,0.0020168316602193,0.0044326357369385,7.937104702545674e-06,0.0004397116638333,4.441421475249205e-06,0.7936001292105255,0.0508799474841381,0.1184476459411407,0.0148409144226189,0.0186575470151288,5.8759283634185296e-05,0.0035120958094372,2.9608333764844766e-06,5.290004522397559,1.4709881562704297,1.0,1.0519317043539689,1.6572752546473442,1.4590651890810855,1.2272132806065057,1.4558037753319852,1.6096764760210758,1.0,6.194157229336726,966.2255774553212,79.59167899763797,302.7106577576344,29.571779036695137
24,265.0,43.26420971473968,0.9600000000000002,0.0066385228428608,0.0236180252417745,0.0032247805701596,0.0057725339885989,1.2724238159081e-05,0.0007291111591705,4.301959276423011e-06,299.88,81.98,0.883686808056556,0.5277410309190007,52.88512061213761,31.23809609299228,944.5940213979472,101.6482763418906,0.9733080128290486,0.0027397711994082,0.0162407438632768,0.0023376444457974,0.0048457302194396,9.206381997605195e-06,0.0005144900505746,4.401010456843517e-06,0.7637515803165962,0.0641319937760671,0.1324081076295655,0.0163070539859247,0.0194397717190223,6.460078210531288e-05,0.003894050503135,2.841287583736488e-06,5.137251278327291,1.4926679492370418,1.0,1.0481002899155802,1.6417813373004495,1.4481259330539271,1.2193887834211767,1.4450601755783057,1.5948833340019886,1.0,6.194157229336726,966.2255774553212,79.59167899763797,302.7106577576344,29.571779036695137
24,265.0,45.669412439089164,0.9600000000000002,0.0066385228428608,0.0236180252417745,0.0032247805701596,0.0057725339885989,1.2724238159081e-05,0.0007291111591705,4.301959276423011e-06,299.88,81.98,0.883686808056556,0.5570799272882309,52.88512061213761,31.23809609299228,941.7208545068124,104.91257269697056,0.969594214633367,0.0035533148762137,0.01847335305206,0.0026161732311233,0.0051676676964252,1.0309677865137491e-05,0.0005805975859587,4.369246986779418e-06,0.7370933441958929,0.0783185317425739,0.1431464824256869,0.017364825568798,0.0198256615815702,6.882279139432965e-05,0.0041795930601092,2.7386339740998e-06,4.997984823002409,1.513141659659336,1.0,1.044673189136211,1.6277606869271284,1.438225059609908,1.2123686715759046,1.4353200166383304,1.581499376408868,1.0,6.194157229336726,966.2255774553212,79.59167899763797,302.7106577576344,29.571779036695137
24,265.0,48.07461516343864,0.9600000000000002,0.0066385228428608,0.0236180252417745,0.0032247805701596,0.0057725339885989,1.2724238159081e-05,0.0007291111591705,4.301959276423011e-06,299.88,81.98,0.883686808056556,0.5864188236574609,52.88512061213761,31.23809609299228,939.090461565586,107.93798009921407,0.9661520302273134,0.0044784940489671,0.0204420337820619,0.0028544011233153,0.0054193960562727,1.1254240443963902e-05,0.0006380473659968,4.343155628596682e-06,0.7131235683441095,0.0933188838305102,0.1510682180354233,0.0180878343616746,0.019943698530016,7.17141613293569e-05,0.0043834339568625,2.6487800744221272e-06,4.871525802682664,1.5323669372137567,1.0,1.041614800195194,1.6151207296774313,1.4292938376259032,1.2061026559052763,1.426515484807232,1.5694355178062804,1.0,6.194157229336726,966.2255774553212,79.59167899763797,302.7106577576344,29.571779036695137
24,265.0,50.47981788778813,0.9600000000000002,0.0066385228428608,0.0236180252417745,0.0032247805701596,0.0057725339885989,1.2724238159081e-05,0.0007291111591705,4.301959276423011e-06,299.88,81.98,0.883686808056556,0.6157577200266909,52.88512061213761,31.23809609299228,936.6851520294044,110.72955846967116,0.9629626148369964,0.0055100157123101,0.0221510138948283,0.0030557986614603,0.0056168893093495,1.2053366350901026e-05,0.0006872931432655,4.32107543861055e-06,0.6914350767533558,0.1089391753323007,0.1566045292160778,0.0185432123734324,0.0198819284378389,7.353964805382596e-05,0.0045199691848551,2.569054085186078e-06,4.756824024387734,1.5503490758813938,1.0,1.038888840069312,1.6037352225160395,1.4212601544050822,1.2005166867515,1.4185603189717546,1.5585806918188292,1.0,6.194157229336726,966.2255774553212,79.59167899763797,302.7106577576344,29.571779036695137
24,265.0,52.88502061213761,0.9600000000000002,0.0066385228428608,0.0236180252417745,0.0032247805701596,0.0057725339885989,1.2724238159081e-05,0.0007291111591705,4.301959276423011e-06,299.88,81.98,0.883686808056556,0.6450966163959211,52.88512061213761,31.23809609299228,934.4816167810257,113.30409869829352,0.9600001187547524,0.0066384741108864,0.0236179689882423,0.0032247741586033,0.0057725282511826,1.2724212699080712e-05,0.000729109563614,4.301960019667826e-06,0.6716973598633773,0.1249458460516009,0.1601855439095239,0.0187902090133088,0.019701342929766,7.45338513135287e-05,0.004602666808084,2.497573025412061e-06,4.652566043487162,1.567153752776995,1.0,1.036449873637302,1.5934552918455285,1.4140074801843243,1.1955228782420813,1.4113682735731623,1.5487826339315336,1.0,6.194157229336726,966.2255774553212,79.59167899763797,302.7106577576344,29.571779036695137
24,270.0,35.91032478618186,0.9600000000000002,0.0066385228428608,0.0236180252417745,0.0032247805701596,0.0057725339885989,1.2724238159081e-05,0.0007291111591705,4.301959276423011e-06,299.88,81.98,0.9003601440576231,0.4380376285213693,56.13648404002011,35.91022478618186,932.8742853688392,96.95389721658556,0.9953999170076818,0.0002587214791157,0.0025758251120577,0.000397330062516,0.0012778153347314,1.6031929771562458e-06,8.333926352952289e-05,5.448547390649158e-06,0.959998108085076,0.006638863805282,0.0236191498221642,0.003224931680565,0.005772774204566,1.2724832512772528e-05,0.0007291456718357,4.301897998110839e-06,4.964449559565065,1.5036137571212038,1.0,1.0511856585805044,1.600196618488094,1.4375591255507212,1.1903037446719371,1.4135850983377714,1.578101717192972,1.0,5.130843724671824,936.9320241360858,93.30322734807504,302.7106577576344,33.91794976874195
24,270.0,38.157664703275,0.9600000000000002,0.0066385228428608,0.0236180252417745,0.0032247805701596,0.0057725339885989,1.2724238159081e-05,0.0007291111591705,4.301959276423011e-06,299.88,81.98,0.9003601440576231,0.4654508990397047,56.13648404002011,35.91022478618186,928.6232804607682,101.03005579323904,0.9905000414172112,0.0006090334817725,0.0054903399186566,0.0008319485620456,0.0023840628574942,3.3455167211836325e-06,0.0001764322481446,4.795997953757516e-06,0.920047651878772,0.0145366189356583,0.0473636846248006,0.0063591781952671,0.010211130526118,2.500953110978035e-05,0.001453071495831,3.654812443006542e-06,4.787957100421496,1.530673963397457,1.0,1.046792323302019,1.5826254981833492,1.424695494569777,1.181733835872701,1.4013665499665715,1.5608783149297167,1.0,5.130843724671824,936.9320241360858,93.30322734807504,302.7106577576344,33.91794976874195
24,270.0,40.40500462036814,0.9600000000000002,0.0066385228428608,0.0236180252417745,0.0032247805701596,0.0057725339885989,1.2724238159081e-05,0.0007291111591705,4.301959276423011e-06,299.88,81.98,0.9003601440576231,0.4928641695580402,56.13648404002011,35.91022478618186,924.6577439191138,105.02875581832332,0.9858624047993052,0.0010303087928656,0.0083546447594695,0.0012443846134286,0.0032319446622288,4.987927353675958e-06,0.000266713378054,4.61106729454628e-06,0.8846873025618046,0.0229699402494614,0.0680658004996572,0.00899179886001,0.0131708651467579,3.5252786432015444e-05,0.002075638075579,3.4018202976508733e-06,4.622650079338418,1.5572121948147348,1.0,1.0427767011783085,1.566286048670636,1.412715848097042,1.173828188908254,1.389985003220291,1.5448719604692471,1.0,5.130843724671824,936.9320241360858,93.30322734807504,302.7106577576344,33.91794976874195
24,270.0,42.65234453746128,0.9600000000000002,0.0066385228428608,0.0236180252417745,0.0032247805701596,0.0057725339885989,1.2724238159081e-05,0.0007291111591705,4.301959276423011e-06,299.88,81.98,0.9003601440576231,0.5202774400763757,56.13648404002011,35.91022478618186,920.9443022887998,108.91600407900523,0.9814690446467642,0.0015326806737685,0.0111151590310553,0.0016287880050602,0.0038906769988854,6.509061898029371e-06,0.0003526250511813,4.516531386694371e-06,0.853188978978656,0.032040687877567,0.085821254478687,0.0111650312066232,0.0151349937437765,4.364547071474584e-05,0.0026021738061724,3.234437802697687e-06,4.46822091964207,1.5831506715229444,1.0,1.0391140246274155,1.5511181694304972,1.4015943046656454,1.1665543124592364,1.3793930528322174,1.5300157697932342,1.0,5.130843724671824,936.9320241360858,93.30322734807504,302.7106577576344,33.91794976874195
24,270.0,44.89968445455441,0.9600000000000002,0.0066385228428608,0.0236180252417745,0.0032247805701596,0.0057725339885989,1.2724238159081e-05,0.0007291111591705,4.301959276423011e-06,299.88,81.98,0.9003601440576231,0.547690710594711,56.13648404002011,35.91022478618186,917.467204860098,112.65913492356135,0.9773137525245246,0.0021261412982195,0.0137259720577635,0.0019810922729474,0.0044077753955753,7.89499936968521e-06,0.0004329159575641,4.4554940356106095e-06,0.8249673613251048,0.0418312856952654,0.100767680780477,0.0129244983074761,0.0164164977225824,5.0388219759810345e-05,0.0030391834314347,3.104517899572477e-06,4.324581495850247,1.6083197334101291,1.0,1.0357873661832466,1.5370894928654983,1.391296045065343,1.1598893142219977,1.3695869179336289,1.5162760834200453,1.0,5.130843724671824,936.9320241360858,93.30322734807504,302.7106577576344,33.91794976874195
24,270.0,47.14702437164755,0.9600000000000002,0.0066385228428608,0.0236180252417745,0.0032247805701596,0.0057725339885989,1.2724238159081e-05,0.0007291111591705,4.301959276423011e-06,299.88,81.98,0.9003601440576231,0.5751039811130464,56.13648404002011,35.91022478618186,914.2199425142796,116.2292480649878,0.973395612400758,0.0028192034205864,0.0161496059096372,0.0022987816122708,0.0048166101135167,9.13804388059082e-06,0.0005066375635474,4.410935802572451e-06,0.7995434355444887,0.0523874482911422,0.113076937017997,0.0143166670048401,0.0172228698364775,5.568072243030327e-05,0.0033939649760607,2.9966065632282093e-06,4.191677702662643,1.6325831574489598,1.0,1.03278306480271,1.5241835182179022,1.3818190352296855,1.1538121288638348,1.3605381126773892,1.5036312502810494,1.0,5.130843724671824,936.9320241360858,93.30322734807504,302.7106577576344,33.91794976874195
24,270.0,49.39436428874069,0.9600000000000002,0.0066385228428608,0.0236180252417745,0.0032247805701596,0.0057725339885989,1.2724238159081e-05,0.0007291111591705,4.301959276423011e-06,299.88,81.98,0.9003601440576231,0.6025172516313819,56.13648404002011,35.91022478618186,911.198550302664,119.60438364297372,0.9697134958140928,0.00361747676242,0.0183590303697872,0.00258085578708,0.0051413493867415,1.0236361692496285e-05,0.0005731795378243,4.375980361409404e-06,0.7765197330899953,0.0637036981201789,0.1229562862817003,0.0153880113297793,0.0176951127835836,5.971826037977456e-05,0.0036745363749602,2.903759422301787e-06,4.069331260281715,1.6558115613354,1.0,1.030079788199885,1.5123632816068584,1.373129504917739,1.1483005010017375,1.3522367195500005,1.4920587975861874,1.0,5.130843724671824,936.9320241360858,93.30322734807504,302.7106577576344,33.91794976874195
24,270.0,51.64170420583383,0.9600000000000002,0.0066385228428608,0.0236180252417745,0.0032247805701596,0.0057725339885989,1.2724238159081e-05,0.0007291111591705,4.301959276423011e-06,299.88,81.98,0.9003601440576231,0.6299305221497172,56.13648404002011,35.91022478618186,908.3967898487502,122.77229872814168,0.9662621059615236,0.0045225756154099,0.0203395670510526,0.0028278103451749,0.0054000970613033,1.1193736538717724e-05,0.0006323029413472,4.3472876495771406e-06,0.7555636266855636,0.0757169734412212,0.1306484885862717,0.0161845026841442,0.0179313277190968,6.268988909846894e-05,0.0038895688519057,2.822142698292244e-06,3.9571422998132735,1.677893710805031,1.0,1.0276554088323648,1.501577551634451,1.3652067020188348,1.14332177153202,1.344644473407881,1.4815015221456207,1.0,5.130843724671824,936.9320241360858,93.30322734807504,302.7106577576344,33.91794976874195
24,270.0,53.88904412292696,0.9600000000000002,0.0066385228428608,0.0236180252417745,0.0032247805701596,0.0057725339885989,1.2724238159081e-05,0.0007291111591705,4.301959276423011e-06,299.88,81.98,0.9003601440576231,0.6573437926680527,56.13648404002011,35.91022478618186,905.8035623357802,125.73171477985412,0.963030066701728,0.0055317635353867,0.0220893785940456,0.003041490180305,0.0056068243921297,1.2018890806890616e-05,0.0006841347066645,4.322998933401285e-06,0.7363960197304751,0.0883119019174632,0.136424609553249,0.0167507074724455,0.0180010850360858,6.477539443640192e-05,0.0040481515594993,2.74933634532885e-06,3.854458178071676,1.6988087902033584,1.0,1.0254846727047553,1.4917529222859898,1.3579861498245678,1.1388365684845791,1.3377177529794493,1.4718860585043716,1.0,5.130843724671824,936.9320241360858,93.30322734807504,302.7106577576344,33.91794976874195
24,270.0,56.1363840400201,0.9600000000000002,0.0066385228428608,0.0236180252417745,0.0032247805701596,0.0057725339885989,1.2724238159081e-05,0.0007291111591705,4.301959276423011e-06,299.88,81.98,0.9003601440576231,0.6847570631863882,56.13648404002011,35.91022478618186,903.4025785076263,128.4914776285024,0.9600001304718748,0.0066384716214849,0.0236179619840689,0.0032247730497975,0.0057725273995833,1.2724209266571423e-05,0.0007291093037719,4.301960151737324e-06,0.7187831004613318,0.101336797748463,0.1405691124286121,0.0171284546567753,0.0179543311068331,6.614082002516339e-05,0.0041593791031231,2.683674836107757e-06,3.760419986594848,1.7185929899792314,1.0,1.0235389663928982,1.4827974921093292,1.3514053747333437,1.134789754809438,1.331388255181143,1.463123392073867,1.0,5.130843724671824,936.9320241360858,93.30322734807504,302.7106577576344,33.91794976874195
24,275.0,41.11324334428844,0.9600000000000002,0.0066385228428608,0.0236180252417745,0.0032247805701596,0.0057725339885989,1.2724238159081e-05,0.0007291111591705,4.301959276423011e-06,299.88,81.98,0.91703348005869,0.5015033342801712,59.81630024592608,41.11314334428844,899.2179250909228,114.32655006112796,0.9944092621900806,0.0003464350067749,0.0031633512541793,0.0004691130050302,0.0015047773445258,1.950741951577549e-06,9.971326580092776e-05,5.3971916566074725e-06,0.9599984294041236,0.0066388100424861,0.0236189588865137,0.0032249063514126,0.0057727287885033,1.2724729910651474e-05,0.0007291398877648,4.301909285015151e-06,3.93287773621561,1.6673697932211256,1.0,1.033072211286986,1.4795683159253317,1.367483282237876,1.126185959710538,1.325765871455858,1.4778479468733638,1.0,4.11187312512685,904.4335281070778,109.60126774294156,302.7106577576344,38.72523437118672
24,275.0,43.19134966669262,0.9600000000000002,0.0066385228428608,0.0236180252417745,0.0032247805701596,0.0057725339885989,1.2724238159081e-05,0.0007291111591705,4.301959276423011e-06,299.88,81.98,0.91703348005869,0.5268522769784414,59.81630024592608,41.11314334428844,894.9829819700946,118.40348722409348,0.9898073626502896,0.0007107072181119,0.0059214146328934,0.0008680603118108,0.0024979394303691,3.5817804326847168e-06,0.0001861026068703,4.831369222145658e-06,0.929007086626327,0.0128021099507984,0.0420184964959245,0.0056752364414131,0.0091773714667691,2.2230325754318725e-05,0.0012937172003037,3.751492709506409e-06,3.786727773894688,1.6974353290096609,1.0,1.029840898809704,1.465559367857845,1.3567523669184514,1.1199448763710864,1.3159428890964828,1.4637806427604512,1.0,4.11187312512685,904.4335281070778,109.60126774294156,302.7106577576344,38.72523437118672
24,275.0,45.269455989096805,0.9600000000000002,0.0066385228428608,0.0236180252417745,0.0032247805701596,0.0057725339885989,1.2724238159081e-05,0.0007291111591705,4.301959276423011e-06,299.88,81.98,0.91703348005869,0.5522012196767114,59.81630024592608,41.11314334428844,890.9827515300824,122.4193983195666,0.9854150963414526,0.0011418056408527,0.008633656827237,0.0012515488375808,0.0032775561236554,5.126026076541238e-06,0.0002705699359193,4.640267225337493e-06,0.9010395486302176,0.0193903504546195,0.0583802434660376,0.0078024784882375,0.0115606301302905,3.035132121125868e-05,0.0017928803903123,3.517119073498044e-06,3.649026749110741,1.7271860010132445,1.0,1.0268818736518504,1.452417705455827,1.3466763203498853,1.1141472346765409,1.306710645561022,1.4505841742653165,1.0,4.11187312512685,904.4335281070778,109.60126774294156,302.7106577576344,38.72523437118672
24,275.0,47.34756231150099,0.9600000000000002,0.0066385228428608,0.0236180252417745,0.0032247805701596,0.0057725339885989,1.2724238159081e-05,0.0007291111591705,4.301959276423011e-06,299.88,81.98,0.91703348005869,0.5775501623749815,59.81630024592608,41.11314334428844,887.1934051107713,126.34725217423296,0.981218804388551,0.0016484187897884,0.0112584655064155,0.0016146083179025,0.0038967316392577,6.567179434518893e-06,0.0003518660632304,4.538115419783282e-06,0.87569111222665,0.0264657532034377,0.0727263875969432,0.0096224940899916,0.0132256782308317,3.718814119138972e-05,0.002228022873245,3.36363770924314e-06,3.5195591844783136,1.756525625841996,1.0,1.0241819392794167,1.440100001237713,1.3372241553925714,1.1087716663969154,1.2980454998650317,1.4382179481584894,1.0,4.11187312512685,904.4335281070778,109.60126774294156,302.7106577576344,38.72523437118672
24,275.0,49.42566863390517,0.9600000000000002,0.0066385228428608,0.0236180252417745,0.0032247805701596,0.0057725339885989,1.2724238159081e-05,0.0007291111591705,4.301959276423011e-06,299.88,81.98,0.91703348005869,0.6028991050732516,59.81630024592608,41.11314334428844,883.6039642863528,130.160495530819,0.9772133924648436,0.002239189654524,0.0137596874032557,0.0019534238383515,0.0043930063671869,7.894201659578324e-06,0.0004289348283725,4.471241805954955e-06,0.8526247917103236,0.0340810690113823,0.0851132291048662,0.0111553610276248,0.0143778723025312,4.285346319360474e-05,0.0026015773862023,3.245993875911753e-06,3.3982529221754927,1.7853187356949,1.0,1.021727867215221,1.4285882800965988,1.328384633043962,1.103804772452965,1.2899369636662308,1.4266611705329646,1.0,4.11187312512685,904.4335281070778,109.60126774294156,302.7106577576344,38.72523437118672
24,275.0,51.50377495630935,0.9600000000000002,0.0066385228428608,0.0236180252417745,0.0032247805701596,0.0057725339885989,1.2724238159081e-05,0.0007291111591705,4.301959276423011e-06,299.88,81.98,0.91703348005869,0.6282480477715217,59.81630024592608,41.11314334428844,880.2106975803712,133.83467884424337,0.9733981640289688,0.0029217846592913,0.0161069601403074,0.0022652286875882,0.0047934250073182,9.100441184809456e-06,0.0005009148051297,4.422230211349223e-06,0.8315554424854742,0.0422698817629133,0.0956245651926814,0.0124237437044089,0.0151589857134162,4.746459496292424e-05,0.002916767591635,3.1489545076312044e-06,3.285064391041987,1.8134151115704773,1.0,1.0195076430971477,1.4178741074093402,1.3201549299354214,1.099233607094646,1.2823774896849327,1.4159097181355071,1.0,4.11187312512685,904.4335281070778,109.60126774294156,302.7106577576344,38.72523437118672
24,275.0,53.58188127871353,0.9600000000000002,0.0066385228428608,0.0236180252417745,0.0032247805701596,0.0057725339885989,1.2724238159081e-05,0.0007291111591705,4.301959276423011e-06,299.88,81.98,0.91703348005869,0.6535969904697918,59.81630024592608,41.11314334428844,877.0124775718391,137.34963754483536,0.9697731825136056,0.0037018738945336,0.0182769175733005,0.0025483225685913,0.0051179683102596,1.0183344992077368e-05,0.0005671680645146,4.383730202518547e-06,0.8122387008872515,0.0510378843649487,0.1043705341298577,0.0134521873506824,0.0156689494961756,5.114014564269764e-05,0.0031775379654207,3.065660020504215e-06,3.179892551495375,1.840665277717531,1.0,1.0175085524922416,1.4079452124462224,1.3125179191353349,1.095047152283545,1.2753633272095692,1.405944448305816,1.0,4.11187312512685,904.4335281070778,109.60126774294156,302.7106577576344,38.72523437118672
24,275.0,55.65998760111771,0.9600000000000002,0.0066385228428608,0.0236180252417745,0.0032247805701596,0.0057725339885989,1.2724238159081e-05,0.0007291111591705,4.301959276423011e-06,299.88,81.98,0.91703348005869,0.6789459331680618,59.81630024592608,41.11314334428844,874.0071669748465,140.69161562489322,0.9663364404109248,0.0045822566239746,0.0202545518299942,0.0028021166039161,0.0053818241638879,1.1144344951258096e-05,0.0006273139355399,4.3520868110594566e-06,0.794463430556126,0.0603575249423486,0.1114872094988945,0.0142666808267853,0.0159796471051622,5.399821609467116e-05,0.0033885164539253,2.992400663027124e-06,3.082511163867661,1.866949239457856,1.0,1.0157153562991976,1.398771774157532,1.3054634517361,1.0912242173007387,1.2688723855224755,1.3967369736184727,1.0,4.11187312512685,904.4335281070778,109.60126774294156,302.7106577576344,38.72523437118672
24,275.0,57.738093923521895,0.9600000000000002,0.0066385228428608,0.0236180252417745,0.0032247805701596,0.0057725339885989,1.2724238159081e-05,0.0007291111591705,4.301959276423011e-06,299.88,81.98,0.91703348005869,0.7042948758663319,59.81630024592608,41.11314334428844,871.1892955342076,143.85466897239235,0.9630821301342344,0.0055623879982698,0.0220339549404227,0.0030271130553496,0.0055968553999498,1.198856860180974e-05,0.0006812446515684,4.32525160319523e-06,0.7780467361165302,0.0701680426308726,0.1171334671598114,0.014894063798637,0.0161437030200688,5.615442158917455e-05,0.0035549059535444,2.926898946370339e-06,2.9925454020130604,1.8921972234053772,1.0,1.0141110384725285,1.390314915592913,1.2989567069789216,1.08774069372849,1.2628783317324683,1.3882523718824853,1.0,4.11187312512685,904.4335281070778,109.60126774294156,302.7106577576344,38.72523437118672
24,275.0,59.81620024592608,0.9600000000000002,0.0066385228428608,0.0236180252417745,0.0032247805701596,0.0057725339885989,1.2724238159081e-05,0.0007291111591705,4.301959276423011e-06,299.88,81.98,0.91703348005869,0.729643818564602,59.81630024592608,41.11314334428844,868.5491401898565,146.8408274364304,0.9600001443363964,0.0066384688599418,0.0236179535998067,0.0032247716858226,0.0057725263551516,1.272420522084341e-05,0.0007291089973336,4.30196032641458e-06,0.7628304836673547,0.0803814338906829,0.1214839310368381,0.0153611541658676,0.0162001402331038,5.77192397751612e-05,0.0036822701392265,2.8676271507936312e-06,2.909467118009366,1.9163875420691416,1.0,1.012676764549134,1.3825233110236004,1.292962758522456,1.0845712734690012,1.2573515073246229,1.3804370288102323,1.0,4.11187312512685,904.4335281070778,109.60126774294156,302.7106577576344,38.72523437118672
24,280.0,46.90561993915503,0.9600000000000002,0.0066385228428608,0.0236180252417745,0.0032247805701596,0.0057725339885989,1.2724238159081e-05,0.0007291111591705,4.301959276423011e-06,299.88,81.98,0.9337068160597572,0.5721593064058921,63.91432243160136,46.90551993915503,860.7895487421681,135.60151877580262,0.9931341802455438,0.0004726365188405,0.0039254958916234,0.0005607913888857,0.0017779683184706,2.400190252524548e-06,0.0001211983245393,5.3291218441916255e-06,0.9599987059507205,0.0066387636504104,0.023618794329865,0.0032248846117642,0.0057726899956221,1.2724641362861997e-05,0.0007291349010937,4.301919160778956e-06,2.953832906527543,1.88636492714818,1.0,1.0178220793542847,1.3705635925767123,1.3013652190261622,1.0741204543884764,1.245125580298535,1.3820968067056318,1.0,3.1449654870637134,867.6798743518019,129.30886906724652,302.7106577576344,44.02808165538378
24,280.0,48.79546466053796,0.9600000000000002,0.0066385228428608,0.0236180252417745,0.0032247805701596,0.0057725339885989,1.2724238159081e-05,0.0007291111591705,4.301959276423011e-06,299.88,81.98,0.9337068160597572,0.5952118158152959,63.91432243160136,46.90551993915503,856.5411938421987,139.71018903482437,0.9888598984520248,0.0008512961754224,0.0065056639900735,0.0009238427747157,0.0026496836736463,3.908517015944196e-06,0.0002008480729976,4.858344103459392e-06,0.9365650596973012,0.0113378918200268,0.0375136792766797,0.0050931980895798,0.0083083644880316,1.9882818396571723e-05,0.0011580736487357,3.850161248491614e-06,2.8365146164412205,1.921195284768908,1.0,1.01564557323488,1.3594851265836836,1.292427792306305,1.0698007086547996,1.2373349399363167,1.3707043995962485,1.0,3.1449654870637134,867.6798743518019,129.30886906724652,302.7106577576344,44.02808165538378
24,280.0,50.68530938192088,0.9600000000000002,0.0066385228428608,0.0236180252417745,0.0032247805701596,0.0057725339885989,1.2724238159081e-05,0.0007291111591705,4.301959276423011e-06,299.88,81.98,0.9337068160597572,0.6182643252246997,63.91432243160136,46.90551993915503,852.4756262393532,143.77619514128696,0.9847442324683734,0.0012918572754863,0.0090455801812957,0.0012769874793257,0.0033520839280392,5.342940975796223e-06,0.0002792473651303,4.6683613734223954e-06,0.915069089728953,0.0163470701240929,0.0500788670674003,0.0067616094737305,0.0101676197778049,2.612729690620517e-05,0.0015459798896936,3.636641418435506e-06,2.725346345442479,1.95599962215734,1.0,1.0136648440125866,1.348992725850299,1.2839546118033025,1.065768526700433,1.229948572324717,1.3599119357866465,1.0,3.1449654870637134,867.6798743518019,129.30886906724652,302.7106577576344,44.02808165538378
24,280.0,52.57515410330381,0.9600000000000002,0.0066385228428608,0.0236180252417745,0.0032247805701596,0.0057725339885989,1.2724238159081e-05,0.0007291111591705,4.301959276423011e-06,299.88,81.98,0.9337068160597572,0.6413168346341035,63.91432243160136,46.90551993915503,848.5773341353552,147.77895164717074,0.9807773937763334,0.0018015264124333,0.0115145057149689,0.00161628146241,0.0039235895735994,6.6918178839585285e-06,0.0003554506018712,4.560640499868313e-06,0.89529511818195,0.0217018789959142,0.0613107603843547,0.0082339624623528,0.0115305097553652,3.1510378768459124e-05,0.0018927634661146,3.4963751799882346e-06,2.6201835630970924,1.990675291566132,1.0,1.0118702425933148,1.3390599897540123,1.275929354155615,1.0620090288260713,1.2229534013957664,1.3497004862819448,1.0,3.1449654870637134,867.6798743518019,129.30886906724652,302.7106577576344,44.02808165538378
24,280.0,54.46499882468673,0.9600000000000002,0.0066385228428608,0.0236180252417745,0.0032247805701596,0.0057725339885989,1.2724238159081e-05,0.0007291111591705,4.301959276423011e-06,299.88,81.98,0.9337068160597572,0.6643693440435073,63.91432243160136,46.90551993915503,844.8396010105439,151.69776500373814,0.976955375768686,0.0023875193489732,0.013885328756456,0.0019384536167473,0.004392262334136,7.94698083402934e-06,0.0004286248103447,4.488383822408784e-06,0.8770580017909746,0.0274335042686194,0.0712282525506347,0.0095172113202453,0.0125245217153383,3.60935384862538e-05,0.0021990248046215,3.3900110795669333e-06,2.520963561177467,2.025106226158764,1.0,1.0102533408161856,1.3296844705700106,1.2683435430862244,1.0585129384481962,1.216342892550715,1.3400559267257215,1.0,3.1449654870637134,867.6798743518019,129.30886906724652,302.7106577576344,44.02808165538378
24,280.0,56.35484354606966,0.9600000000000002,0.0066385228428608,0.0236180252417745,0.0032247805701596,0.0057725339885989,1.2724238159081e-05,0.0007291111591705,4.301959276423011e-06,299.88,81.98,0.9337068160597572,0.6874218534529112,63.91432243160136,46.90551993915503,841.2610582614523,155.5128594738221,0.9732775046489928,0.0030564620571615,0.0161346633819269,0.0022408677887236,0.0047789121364812,9.103158079725704e-06,0.0004980519882738,4.434840360463793e-06,0.8601964614403623,0.0335639392670707,0.0798685040538228,0.0106205962612363,0.0132413302310501,3.994295243419898e-05,0.002465922667189,3.3031268342203225e-06,2.427644735547694,2.0591419523877947,1.0,1.0088051713704054,1.320857460556662,1.2611984616408891,1.0552736192200587,1.2101149902207389,1.3309792560225815,1.0,3.1449654870637134,867.6798743518019,129.30886906724652,302.7106577576344,44.02808165538378
24,280.0,58.24468826745259,0.9600000000000002,0.0066385228428608,0.0236180252417745,0.0032247805701596,0.0057725339885989,1.2724238159081e-05,0.0007291111591705,4.301959276423011e-06,299.88,81.98,0.9337068160597572,0.710474362862315,63.91432243160136,46.90551993915503,837.8427288171636,159.20674567824628,0.9697442612969152,0.0038137211267307,0.0182434814561487,0.0025215575455492,0.0050992801967684,1.015774689908538e-05,0.0005631480998945,4.392531094004269e-06,0.8445682520172795,0.040101480152997,0.0872855486055889,0.011555249189486,0.0137479832975775,4.312721723533643e-05,0.0026951304857305,3.229034105103279e-06,2.340165838300833,2.092630297301687,1.0,1.0075162982914707,1.3125705572941908,1.2544859517116174,1.0522822432782415,1.204264366534444,1.322461476240263,1.0,3.1449654870637134,867.6798743518019,129.30886906724652,302.7106577576344,44.02808165538378
24,280.0,60.13453298883551,0.9600000000000002,0.0066385228428608,0.0236180252417745,0.0032247805701596,0.0057725339885989,1.2724238159081e-05,0.0007291111591705,4.301959276423011e-06,299.88,81.98,0.9337068160597572,0.7335268722717188,63.91432243160136,46.90551993915503,834.5855545609932,162.7656750558561,0.9663554746542689,0.0046627799565088,0.0201979520037666,0.0027792882635885,0.0053655480911542,1.1110744676739374e-05,0.0006234886791558,4.3576068802475945e-06,0.8300468435349261,0.0470373975787396,0.0935497513202255,0.012333955662366,0.0140943517735497,4.571604166274042e-05,0.0028888199800296,3.16410850049938e-06,2.258401003367501,2.126233631105615,1.000000000008727,1.0063801700808643,1.30502766037821,1.2483711712197167,1.0495840187790983,1.198936773600744,1.314706848986436,1.0000000000301592,3.1449654870637134,867.6798743518019,129.30886906724652,302.7106577576344,44.02808165538378
24,280.0,62.02437771021843,0.9600000000000002,0.0066385228428608,0.0236180252417745,0.0032247805701596,0.0057725339885989,1.2724238159081e-05,0.0007291111591705,4.301959276423011e-06,299.88,81.98,0.9337068160597572,0.7565793816811226,63.91432243160136,46.90551993915503,831.4885631520666,166.18084868255852,0.9631090257381628,0.0056047975164607,0.0219900953748281,0.0030135964310027,0.0055873635101219,1.1964648226751235e-05,0.0006788289104728,4.327870724194105e-06,0.8165192969120303,0.0543446691159967,0.0987465515258371,0.0129708718923781,0.0143181018547267,4.77791095972419e-05,0.003049623436515,3.106152918634197e-06,2.182138403067564,2.1574396596586576,1.0,1.0053742028485786,1.2975812639069813,1.242330683484155,1.046996086574138,1.1936669490020997,1.307048448715557,1.0,3.1449654870637134,867.6798743518019,129.30886906724652,302.7106577576344,44.02808165538378
24,280.0,63.91422243160136,0.9600000000000002,0.0066385228428608,0.0236180252417745,0.0032247805701596,0.0057725339885989,1.2724238159081e-05,0.0007291111591705,4.301959276423011e-06,299.88,81.98,0.9337068160597572,0.7796318910905264,63.91432243160136,46.90551993915503,828.5477932907895,169.44904340730423,0.9600001609074832,0.0066384658032374,0.0236179434500929,0.0032247699989937,0.0057725250467775,1.2724200373175206e-05,0.0007291086324791,4.301960562980337e-06,0.8038849277786934,0.0619792985189238,0.1029736527794235,0.0134810986537856,0.0144480353344766,4.9384742108008434e-05,0.0031805484722762,3.053720312496216e-06,2.1110991268890573,2.188583639764253,1.0,1.0044969759184617,1.290830592743807,1.236853347493594,1.0446740395233065,1.1888897837613588,1.3001094849201331,1.0,3.1449654870637134,867.6798743518019,129.30886906724652,302.7106577576344,44.02808165538378
24,285.0,53.36657472517334,0.9600000000000002,0.0066385228428608,0.0236180252417745,0.0032247805701596,0.0057725339885989,1.2724238159081e-05,0.0007291111591705,4.301959276423011e-06,299.88,81.98,0.9503801520608244,0.6509706602241198,68.40048726352602,53.36647472517334,815.4569139196394,162.53423175148595,0.991410778463501,0.0006646314463438,0.0049627261343532,0.0006854708772443,0.002117247507147,3.006492438115916e-06,0.000150899890461,5.239188511507441e-06,0.9599989487343088,0.0066387227789138,0.0236186496031202,0.0032248655565652,0.0057726563248623,1.27245633956136e-05,0.0007291305109248,4.301927908943821e-06,2.0391343523171903,2.202688247651304,1.0000000005204035,1.0062245909381302,1.270965465448708,1.2369453815499043,1.0340783081414249,1.171126231638457,1.28976806928399,1.0000000007862313,2.2410524707626744,824.9746819221486,153.77005765610247,302.7106577576344,49.86436423924916
24,285.0,55.03699834054586,0.9600000000000002,0.0066385228428608,0.0236180252417745,0.0032247805701596,0.0057725339885989,1.2724238159081e-05,0.0007291111591705,4.301959276423011e-06,299.88,81.98,0.9503801520608244,0.6713466496773098,68.40048726352602,53.36647472517334,811.1548844485015,166.7117915489541,0.9875138482622948,0.001056856657309,0.0073300717715569,0.0010110845504147,0.0028555843932188,4.371064561274291e-06,0.0002233130344486,4.87026619554632e-06,0.94302724583604,0.0100817434018142,0.0336657447555465,0.0045903662918907,0.0075719430686763,1.787714736367038e-05,0.0010411281168005,3.9513818676940405e-06,1.9497455773333143,2.2457283798608443,1.0000000003437397,1.00505058261978,1.2623788838756345,1.2295891975646878,1.031412976385722,1.165126347419488,1.2807227448059402,1.0000000006447844,2.2410524707626744,824.9746819221486,153.77005765610247,302.7106577576344,49.86436423924916
24,285.0,56.70742195591839,0.9600000000000002,0.0066385228428608,0.0236180252417745,0.0032247805701596,0.0057725339885989,1.2724238159081e-05,0.0007291111591705,4.301959276423011e-06,299.88,81.98,0.9503801520608244,0.6917226391304999,68.40048726352602,53.36647472517334,806.9800391306005,170.86904225222747,0.9837255159494124,0.0015048144081272,0.0096645497508633,0.0013312565420744,0.0034685047330851,5.675643201461387e-06,0.0002949914673219,4.691505913753235e-06,0.9272391823325764,0.0137272827394474,0.0428853519190655,0.0058394084486534,0.0089539983032733,2.245712382995376e-05,0.0013285550701401,3.764063013777158e-06,1.8645785264033636,2.289250573373096,1.0000000000392926,1.004018571397012,1.2541632033383618,1.2225436344862626,1.0289249253652977,1.1593883135235643,1.2720692395491997,1.000000000147358,2.2410524707626744,824.9746819221486,153.77005765610247,302.7106577576344,49.86436423924916
24,285.0,58.3778455712909,0.9600000000000002,0.0066385228428608,0.0236180252417745,0.0032247805701596,0.0057725339885989,1.2724238159081e-05,0.0007291111591705,4.301959276423011e-06,299.88,81.98,0.9503801520608244,0.7120986285836899,68.40048726352602,53.36647472517334,802.9237427216797,174.99151771443175,0.9800393809152004,0.0020141881978552,0.0119452732780317,0.0016431478730449,0.003981235471922,6.9127165339484826e-06,0.0003652793948535,4.582152558418643e-06,0.9125284366396348,0.0175931723916102,0.0512697669189006,0.0069715318850644,0.0100159655293033,2.6491231172241005e-05,0.001590997198733,3.6382055808527454e-06,1.7835516540896306,2.3331769659875192,1.0000000000145428,1.0031205532676146,1.24631363831913,1.2158047158125094,1.0266067127354788,1.1539052682188646,1.2638000827098297,1.000000000020462,2.2410524707626744,824.9746819221486,153.77005765610247,302.7106577576344,49.86436423924916
24,285.0,60.04826918666342,0.9600000000000002,0.0066385228428608,0.0236180252417745,0.0032247805701596,0.0057725339885989,1.2724238159081e-05,0.0007291111591705,4.301959276423011e-06,299.88,81.98,0.9503801520608244,0.73247461803688,68.40048726352602,53.36647472517334,798.9828115774798,179.06432458658523,0.976452492452316,0.0025906992892247,0.0141534831932114,0.0019442494686071,0.0044129142631497,8.076813300115946e-06,0.0004335785414778,4.505978712822585e-06,0.8988012325336703,0.0216953182263976,0.0588235304066638,0.007988005676899,0.0108299471229038,3.001138623621072e-05,0.0018284115843983,3.543062830609923e-06,1.7066023984083876,2.377402694176724,1.0000000000038844,1.0023517953354055,1.238822206839774,1.2093672267246256,1.024452658182924,1.1486747818209933,1.255905303858588,1.000000000007083,2.2410524707626744,824.9746819221486,153.77005765610247,302.7106577576344,49.86436423924916
24,285.0,61.71869280203594,0.9600000000000002,0.0066385228428608,0.0236180252417745,0.0032247805701596,0.0057725339885989,1.2724238159081e-05,0.0007291111591705,4.301959276423011e-06,299.88,81.98,0.9503801520608244,0.7528506074900699,68.40048726352602,53.36647472517334,795.1576524132331,183.07268078839877,0.9729641068532064,0.0032397677828008,0.0162725573826207,0.0022323759714931,0.0047782295950409,9.164170015258496e-06,0.000499349893785,4.448351037793949e-06,0.8859736777626354,0.0260457477393178,0.0655613674930341,0.0088915082084435,0.0114501096421308,3.305257659270081e-05,0.0020410705298914,3.466047954274314e-06,1.6336930267912069,2.4218032646481307,1.0000000000001943,1.0017061061167567,1.231689734621787,1.2032310887050337,1.022456297015459,1.143694578615143,1.2483915960145455,1.0000000000001636,2.2410524707626744,824.9746819221486,153.77005765610247,302.7106577576344,49.86436423924916
24,285.0,63.38911641740846,0.9600000000000002,0.0066385228428608,0.0236180252417745,0.0032247805701596,0.0057725339885989,1.2724238159081e-05,0.0007291111591705,4.301959276423011e-06,299.88,81.98,0.9503801520608244,0.77322659694326,68.40048726352602,53.36647472517334,791.4506486898958,187.00267753022555,0.9695745845994062,0.0039661264646388,0.0182882761873825,0.0025056942117384,0.005088620191461,1.0172572813223197e-05,0.0005621235399989,4.4022325608091125e-06,0.8739698358894157,0.0306507080818139,0.0715072240949571,0.0096859608733231,0.0119176795658716,3.565162327749724e-05,0.0022295388939317,3.400977409055232e-06,1.5647848119402512,2.4662479291635377,1.0000000000000235,1.001176779889984,1.2249128611065896,1.19739661140104,1.0206122463868608,1.1389657395928765,1.241249909265906,1.0000000000000218,2.2410524707626744,824.9746819221486,153.77005765610247,302.7106577576344,49.86436423924916
24,285.0,65.05954003278097,0.9600000000000002,0.0066385228428608,0.0236180252417745,0.0032247805701596,0.0057725339885989,1.2724238159081e-05,0.0007291111591705,4.301959276423011e-06,299.88,81.98,0.9503801520608244,0.79360258639645,68.40048726352602,53.36647472517334,787.8646756538441,190.8421449742151,0.96628440851701,0.0047734412508809,0.0201892514531827,0.0027627732015355,0.0053531466256142,1.1101307984144677e-05,0.0006215138252171,4.363818575593221e-06,0.8627203762097814,0.0355090895978369,0.0766937957479689,0.0103764326128957,0.0122644488256266,3.784641734719115e-05,0.0023946661814906,3.344407052547533e-06,1.499803942512108,2.510595199128551,1.0000000000001592,1.000756354848848,1.2184885891005963,1.1918595821988671,1.0189140192184585,1.1344833633245637,1.2344786562752323,1.0000000000000768,2.2410524707626744,824.9746819221486,153.77005765610247,302.7106577576344,49.86436423924916
24,285.0,66.7299636481535,0.9600000000000002,0.0066385228428608,0.0236180252417745,0.0032247805701596,0.0057725339885989,1.2724238159081e-05,0.0007291111591705,4.301959276423011e-06,299.88,81.98,0.9503801520608244,0.8139785758496402,68.40048726352602,53.36647472517334,784.4018844388735,194.5814804406509,0.9630934030686203,0.0056639898826483,0.0219673431230593,0.0030026319792111,0.005579115648116,1.1951130529230992e-05,0.0006772343012844,4.3308665309712375e-06,0.852161689060401,0.0406114601074341,0.0811620205219737,0.0109690441834293,0.0125152398952417,3.967533994832397e-05,0.0025375766604946,3.2942310770156643e-06,1.438638984088553,2.554707129667662,1.000000000000035,1.0004371617605692,1.2124112441670067,1.1866179755547646,1.0173540416160494,1.130243934506818,1.2280726810286904,1.0000000000000633,2.2410524707626744,824.9746819221486,153.77005765610247,302.7106577576344,49.86436423924916
24,285.0,68.40038726352601,0.9600000000000002,0.0066385228428608,0.0236180252417745,0.0032247805701596,0.0057725339885989,1.2724238159081e-05,0.0007291111591705,4.301959276423011e-06,299.88,81.98,0.9503801520608244,0.83435456530283,68.40048726352602,53.36647472517334,781.0627892858447,198.21426727845449,0.96000018208688,0.0066384620752657,0.0236179303949949,0.0032247678201858,0.0057725232934109,1.2724194166104783e-05,0.0007291081741921,4.301960904399286e-06,0.842235333735686,0.0459399572122637,0.0849601678629236,0.0114708244783176,0.0126896454418605,4.117668992520088e-05,0.0026596455131948,3.2490658283279903e-06,1.3811144372823458,2.593385608277753,1.0,1.0002056405348656,1.206009637341738,1.1810831935089623,1.0157919788415757,1.1257724434313117,1.2213084981325688,1.0,2.2410524707626744,824.9746819221486,153.77005765610247,302.7106577576344,49.86436423924916
24,290.0,60.62004869895404,0.9600000000000002,0.0066385228428608,0.0236180252417745,0.0032247805701596,0.0057725339885989,1.2724238159081e-05,0.0007291111591705,4.301959276423011e-06,299.88,81.98,0.9670534880618914,0.739449240045792,73.19650526236691,60.61994869895403,759.0417163847378,198.64502661254684,0.988880074204194,0.0009855480305669,0.0064937099825316,0.0008725540165353,0.0025634934045117,3.885842301290192e-06,0.0001956179506586,5.11656870044142e-06,0.9599991699688968,0.0066386853128353,0.0236185174051321,0.0032248481745981,0.0057726262183999,1.2724492180016492e-05,0.0007291264920935,4.301935864046911e-06,1.207570877718133,2.7200916343529227,1.0000000002240692,1.000180199430026,1.1781895110995886,1.171138794706152,1.007541288692841,1.1031797109785435,1.198979438671098,1.000000000265803,1.4167983026644004,773.2637021553837,185.44864903964933,302.7106577576344,56.27641671412855
24,290.0,62.01742165044436,0.9600000000000002,0.0066385228428608,0.0236180252417745,0.0032247805701596,0.0057725339885989,1.2724238159081e-05,0.0007291111591705,4.301959276423011e-06,299.88,81.98,0.9670534880618914,0.7564945309885869,73.19650526236691,60.61994869895403,754.6306504695967,202.93735546929415,0.985452870789606,0.001386862337095,0.008584918617654,0.0011560011056415,0.0031500247132876,5.067639827152007e-06,0.0002593998288642,4.85496802444132e-06,0.94867374862663,0.0089754547947644,0.0303075946013533,0.00414536498851,0.0069395221655592,1.6131341353419664e-05,0.0009381276054466,4.055876382925357e-06,1.1459547859182777,2.779075112169028,1.000000000248716,1.0000370756233157,1.1717921532101223,1.1652493146318854,1.0063974873443329,1.098824425101344,1.1920664395208396,1.000000000312412,1.4167983026644004,773.2637021553837,185.44864903964933,302.7106577576344,56.27641671412855
24,290.0,63.41479460193467,0.9600000000000002,0.0066385228428608,0.0236180252417745,0.0032247805701596,0.0057725339885989,1.2724238159081e-05,0.0007291111591705,4.301959276423011e-06,299.88,81.98,0.9670534880618914,0.7735398219313817,73.19650526236691,60.61994869895403,750.282357197877,207.2401529653314,0.9820847942358968,0.0018356284814701,0.0106535034891445,0.0014374875716347,0.0036548128971954,6.205910829807073e-06,0.000322866109028,4.70130480045805e-06,0.9380075344063172,0.0114213380171715,0.0365283469562431,0.0050046015345767,0.0078814016439744,1.921531468830722e-05,0.0011336578437549,3.904283273489889e-06,1.086956755611587,2.839639230464047,1.0000000000354707,1.0000000000004658,1.1656083558941346,1.1595473452572786,1.005362708067234,1.0946220704385523,1.1853786542528593,1.0000000000628906,1.4167983026644004,773.2637021553837,185.44864903964933,302.7106577576344,56.27641671412855
24,290.0,64.812167553425,0.9600000000000002,0.0066385228428608,0.0236180252417745,0.0032247805701596,0.0057725339885989,1.2724238159081e-05,0.0007291111591705,4.301959276423011e-06,299.88,81.98,0.9670534880618914,0.7905851128741765,73.19650526236691,60.61994869895403,745.9929357994837,211.54521512810476,0.9787721248674276,0.0023359619228849,0.0126874350379475,0.0017152984091473,0.0040916536581791,7.296646282071694e-06,0.000385631869676,4.597588455397567e-06,0.927956211789734,0.013982941860694,0.042276409413957,0.0058014482098779,0.0086417762131822,2.1989071300076485e-05,0.0013154261173812,3.7973238733060874e-06,1.0305323615999815,2.901781876940066,1.0000000000001548,1.0000000000002538,1.1596332397574285,1.1540309730997058,1.0044324691677304,1.0905695647938822,1.1789085796357737,1.0000000000001898,1.4167983026644004,773.2637021553837,185.44864903964933,302.7106577576344,56.27641671412855
24,290.0,66.20954050491531,0.9600000000000002,0.0066385228428608,0.0236180252417745,0.0032247805701596,0.0057725339885989,1.2724238159081e-05,0.0007291111591705,4.301959276423011e-06,299.88,81.98,0.9670534880618914,0.8076304038169713,73.19650526236691,60.61994869895403,741.7612790027123,215.84384379330567,0.9755127610061614,0.0028920362962673,0.0146756599352996,0.0019878346854284,0.0044715155093788,8.336784413069043e-06,0.0004473346750923,4.521107958931386e-06,0.918479648131388,0.0166661020483807,0.047552523679225,0.006535501876062,0.0092547474400488,2.446738454477764e-05,0.0014832940388381,3.715401512419772e-06,0.9766422988616722,2.9654886830809746,1.000000000000372,1.000000000000373,1.153865205341966,1.1486978982454883,1.0036037955995674,1.0866665781929918,1.1726711355804824,1.0000000000004454,1.4167983026644004,773.2637021553837,185.44864903964933,302.7106577576344,56.27641671412855
24,290.0,67.60691345640564,0.9600000000000002,0.0066385228428608,0.0236180252417745,0.0032247805701596,0.0057725339885989,1.2724238159081e-05,0.0007291111591705,4.301959276423011e-06,299.88,81.98,0.9670534880618914,0.8246756947597662,73.19650526236691,60.61994869895403,737.5883290956962,220.12705447701444,0.972305756685348,0.0035079322409704,0.0166080865754545,0.0022536153113635,0.0048031887198963,9.324065843919578e-06,0.0005076352506393,4.461150484050938e-06,0.9095410353585252,0.019475308464976,0.0523618283533629,0.0072069813163328,0.0097472719823286,2.6666426275796977e-05,0.0016372588922408,3.649205957604708e-06,0.9252585224119864,3.030716632775432,1.000000000000195,1.0000000000002882,1.1483041236741385,1.143549415212756,1.0028731235699977,1.0829126914208942,1.1666483423946064,1.000000000000114,1.4167983026644004,773.2637021553837,185.44864903964933,302.7106577576344,56.27641671412855
24,290.0,69.00428640789595,0.9600000000000002,0.0066385228428608,0.0236180252417745,0.0032247805701596,0.0057725339885989,1.2724238159081e-05,0.0007291111591705,4.301959276423011e-06,299.88,81.98,0.9670534880618914,0.8417209857025609,73.19650526236691,60.61994869895403,733.4763814517256,224.38590336677456,0.9691508955732508,0.0041874669613127,0.0184756689757533,0.0025112924214419,0.0050937858006435,1.025695518231603e-05,0.0005662213069854,4.412005429669949e-06,0.90110626395822,0.022413136043945,0.0567134277780157,0.0078166789655849,0.010140851417237,2.86032864129728e-05,0.0017774448311791,3.593719405269483e-06,0.876349887472185,3.0974237275926044,1.0000000000002889,1.000000000000479,1.1429500462620945,1.1385852319136616,1.0022367870439235,1.0793066975320984,1.1608468992422971,1.0000000000003926,1.4167983026644004,773.2637021553837,185.44864903964933,302.7106577576344,56.27641671412855
24,290.0,70.40165935938627,0.9600000000000002,0.0066385228428608,0.0236180252417745,0.0032247805701596,0.0057725339885989,1.2724238159081e-05,0.0007291111591705,4.301959276423011e-06,299.88,81.98,0.9670534880618914,0.8587662766453558,73.19650526236691,60.61994869895403,729.4284273258673,228.611871248317,0.9660483060151408,0.0049340158617193,0.0202705581596347,0.0027596761452173,0.0053491252525294,1.1134606564127383e-05,0.0006228136085863,4.370350607938772e-06,0.89314345386211,0.0254797404237463,0.0606201357272421,0.0083659350301435,0.0104527941519156,3.0295650353540987e-05,0.0019040991768377,3.5459776512424703e-06,0.8298718779072067,3.1655376531896997,1.0000000000005411,1.0000000000005005,1.1378021227089852,1.1338056803076684,1.0016904380598324,1.075847536840031,1.1552661636059718,1.0000000000003657,1.4167983026644004,773.2637021553837,185.44864903964933,302.7106577576344,56.27641671412855
24,290.0,71.79903231087658,0.9600000000000002,0.0066385228428608,0.0236180252417745,0.0032247805701596,0.0057725339885989,1.2724238159081e-05,0.0007291111591705,4.301959276423011e-06,299.88,81.98,0.9670534880618914,0.8758115675881505,73.19650526236691,60.61994869895403,725.4475561370136,232.79725054558705,0.9629981259997534,0.005750341936901,0.0219862807285318,0.0029977632124335,0.0055740241196156,1.1956850346313307e-05,0.0006771730317735,4.334120644663466e-06,0.8856226037101826,0.0286724811304895,0.0640982813468116,0.0088566185855229,0.0106971593025527,3.176156596414831e-05,0.0020175902572053,3.5041012707755177e-06,0.7857746591296537,3.2349887149899472,1.000000000000338,1.0000000000002256,1.132859560385263,1.129210608071065,1.0012299467459758,1.072535081323868,1.1499111000369602,1.0000000000001728,1.4167983026644004,773.2637021553837,185.44864903964933,302.7106577576344,56.27641671412855
24,290.0,73.19640526236691,0.9600000000000002,0.0066385228428608,0.0236180252417745,0.0032247805701596,0.0057725339885989,1.2724238159081e-05,0.0007291111591705,4.301959276423011e-06,299.88,81.98,0.9670534880618914,0.8928568585309454,73.19650526236691,60.61994869895403,721.536390221584,236.93556117224995,0.9600002118429684,0.0066384569454569,0.0236179120223684,0.0032247647990027,0.0057725206960566,1.272418539633162e-05,0.0007291075473029,4.301961447586043e-06,0.8785154165649438,0.0319857059365893,0.0671674345822441,0.0092910954475366,0.010885459282908,3.301922688822918e-05,0.0021184021291272,3.4668297623050053e-06,0.7440036949113824,3.305711792805647,1.0000000000006313,1.0000000000008689,1.1281195913835833,1.1247972813475255,1.0008506468928635,1.069366476115328,1.144762196153677,1.000000000000452,1.4167983026644004,773.2637021553837,185.44864903964933,302.7106577576344,56.27641671412855
24,295.0,71.43127887187518,0.9600000000000002,0.0066385228428608,0.0236180252417745,0.0032247805701596,0.0057725339885989,1.2724238159081e-05,0.0007291111591705,4.301959276423011e-06,299.88,81.98,0.9837268240629584,0.8713256754315098,78.0701113761571,71.43117887187518,669.516005838753,264.3775119989013,0.977736173891086,0.0026645845152596,0.0132663739448735,0.0017703940987275,0.0041482673949163,7.58260304569328e-06,0.0004019906148047,4.63293728658458e-06,0.9453316513770308,0.0099250892214601,0.03217915183981,0.0044276018734744,0.0071158512564089,1.697652485847891e-05,0.000999649676438,4.028230519059691e-06,0.4155031335258343,4.093493130460923,1.000000000000075,1.0000000000004894,1.0794792247844072,1.0849434355023797,1.0000000000000664,1.03554578134376,1.0957304718107486,1.0000000000003162,0.7007191954812403,705.9625820508377,229.82343987692175,302.7106577576344,63.31231171729296
24,295.0,72.16891581679539,0.9600000000000002,0.0066385228428608,0.0236180252417745,0.0032247805701596,0.0057725339885989,1.2724238159081e-05,0.0007291111591705,4.301959276423011e-06,299.88,81.98,0.9837268240629584,0.8803234425078725,78.0701113761571,71.43117887187518,666.1461306335332,267.7145848667966,0.975759077169964,0.0030108986134059,0.0144633715597178,0.0019354324571845,0.0043792099749212,8.207734350315001e-06,0.0004392259419035,4.576548552588176e-06,0.9413365711846584,0.0109347075651668,0.0344598547144937,0.004751751754143,0.0074226435264557,1.8073120356941144e-05,0.0010724213707222,3.976764003001013e-06,0.3937972482635232,4.177476724798334,1.0000000000008449,1.000000000000226,1.07657451773275,1.0817002598644232,1.000000000001093,1.0337695991512643,1.092455458337072,1.0000000000007978,0.7007191954812403,705.9625820508377,229.82343987692175,302.7106577576344,63.31231171729296
24,295.0,72.9065527617156,0.9600000000000002,0.0066385228428608,0.0236180252417745,0.0032247805701596,0.0057725339885989,1.2724238159081e-05,0.0007291111591705,4.301959276423011e-06,299.88,81.98,0.9837268240629584,0.8893212095842352,78.0701113761571,71.43117887187518,662.7590417943757,271.0848194471899,0.9737850459271268,0.0033786105055562,0.0156516612891551,0.0021001023385501,0.0045948868457679,8.81986374972221e-06,0.0004763452278093,4.528002284457552e-06,0.9374838318970196,0.011963186581796,0.0366300957763909,0.0050618034033479,0.0076960749890534,1.9101551009747807e-05,0.0011419730554108,3.932745971344823e-06,0.3727562198348871,4.26492660847839,1.0000000000055291,1.0000000000000735,1.0737162279679502,1.078505845643932,1.0000000000089733,1.032032051671169,1.0892471117712643,1.0000000000070308,0.7007191954812403,705.9625820508377,229.82343987692175,302.7106577576344,63.31231171729296
24,295.0,73.64418970663581,0.9600000000000002,0.0066385228428608,0.0236180252417745,0.0032247805701596,0.0057725339885989,1.2724238159081e-05,0.0007291111591705,4.301959276423011e-06,299.88,81.98,0.9837268240629584,0.8983189766605978,78.0701113761571,71.43117887187518,659.3536698951513,274.48826403901774,0.9718134219654256,0.0037687448137725,0.0168298317922772,0.0022641800738778,0.0047966172573102,9.418709981747655e-06,0.0005132999361001,4.485451254317085e-06,0.9337698734453588,0.0130104818829273,0.0386903026715335,0.0053576657459929,0.0079394268197712,2.0063722237034543e-05,0.0012082911723465,3.89453983301285e-06,0.3523778625752922,4.356040309122114,1.0000000000002895,1.0000000000010512,1.0709050442008374,1.0753607925882067,1.000000000000292,1.0303359714138651,1.0860757512863837,1.000000000000168,0.7007191954812403,705.9625820508377,229.82343987692175,302.7106577576344,63.31231171729296
24,295.0,74.38182665155603,0.9600000000000002,0.0066385228428608,0.0236180252417745,0.0032247805701596,0.0057725339885989,1.2724238159081e-05,0.0007291111591705,4.301959276423011e-06,299.88,81.98,0.9837268240629584,0.9073167437369604,78.0701113761571,71.43117887187518,655.9290048959007,277.9250022410157,0.9698435868119416,0.0041823377869694,0.0179965499758445,0.0024274493115578,0.0049855811961157,1.0004049845248364e-05,0.0005500432859031,4.447581822209973e-06,0.9301913113531344,0.0140764270325539,0.0406411702741196,0.0056392865515808,0.008155611541433,2.096160610808016e-05,0.0012713706610024,3.860980067293523e-06,0.3324491612210606,4.222830223649456,1.0,1.0,1.063922164617874,1.067475477236299,1.0,1.0261645456457338,1.077638349671489,1.0,0.7007191954812403,705.9625820508377,229.82343987692175,302.7106577576344,63.31231171729296
24,295.0,75.11946359647625,0.9600000000000002,0.0066385228428608,0.0236180252417745,0.0032247805701596,0.0057725339885989,1.2724238159081e-05,0.0007291111591705,4.301959276423011e-06,299.88,81.98,0.9837268240629584,0.9163145108133234,78.0701113761571,71.43117887187518,652.4840431127949,281.3952235231366,0.967874941103012,0.004620431829343,0.0191505675877423,0.0025897023679497,0.0051628374316536,1.0575716695986524e-05,0.0005865305297746,4.413433828580822e-06,0.9267449447678436,0.0151607107856233,0.0424836331350626,0.0059066496044752,0.0083472189812671,2.179722029165268e-05,0.001331214291571,3.831213865061128e-06,0.3136045330201049,4.550300442657016,1.0000000000022,1.0000000000026688,1.0654232104532146,1.0692209812119815,1.0000000000028593,1.0270625568291296,1.0795715486933166,1.0000000000027278,0.7007191954812403,705.9625820508377,229.82343987692175,302.7106577576344,63.31231171729296
24,295.0,75.85710054139646,0.9600000000000002,0.0066385228428608,0.0236180252417745,0.0032247805701596,0.0057725339885989,1.2724238159081e-05,0.0007291111591705,4.301959276423011e-06,299.88,81.98,0.9837268240629584,0.925312277889686,78.0701113761571,71.43117887187518,649.0178121802138,284.89916410583066,0.9659069007363126,0.0050840655900485,0.020290720234336,0.0027507404692297,0.0053293380935011,1.1133595432320144e-05,0.0006227189922028,4.382288936959024e-06,0.9234276965235604,0.0162628732304543,0.0442188807365443,0.0061597779918415,0.0085165609324388,2.2572629239715424e-05,0.0013878333540328,3.8046018881022234e-06,0.2949031024627415,4.363375831104773,1.0,1.0,1.0579335600844082,1.0607974778854077,1.0,1.0226666118863226,1.0699936913958392,1.0,0.7007191954812403,705.9625820508377,229.82343987692175,302.7106577576344,63.31231171729296
24,295.0,76.59473748631667,0.9600000000000002,0.0066385228428608,0.0236180252417745,0.0032247805701596,0.0057725339885989,1.2724238159081e-05,0.0007291111591705,4.301959276423011e-06,299.88,81.98,0.9837268240629584,0.9343100449660486,78.0701113761571,71.43117887187518,645.5292427152,288.4372532784826,0.9639388615889836,0.005574272140761,0.0214159458187098,0.0029103768199423,0.0054859436726411,1.1677627115903837e-05,0.0006585687334794,4.353598366757145e-06,0.92023666359592,0.0173822765213934,0.0458483125747256,0.0063987286270197,0.0086657016935655,2.328991711324347e-05,0.001441246414534,3.780655728641616e-06,0.2770891779975283,4.434815845843684,1.0,1.0,1.0549850354703711,1.057514433086814,1.0,1.0209724072891595,1.0662402468146177,1.0,0.7007191954812403,705.9625820508377,229.82343987692175,302.7106577576344,63.31231171729296
24,295.0,77.33237443123689,0.9600000000000002,0.0066385228428608,0.0236180252417745,0.0032247805701596,0.0057725339885989,1.2724238159081e-05,0.0007291111591705,4.301959276423011e-06,299.88,81.98,0.9837268240629584,0.9433078120424112,78.0701113761571,71.43117887187518,642.0172576445365,292.0099659660331,0.9619702098530222,0.0060920657485699,0.0225252782371067,0.0030684361272329,0.00563343286961,1.2207801759645884e-05,0.0006940424272431,4.326935455284485e-06,0.9171690182674336,0.0185181171852111,0.0473735794653263,0.0066235992131127,0.0087964948510685,2.3951203629946772e-05,0.0014914808195695,3.75899464809967e-06,0.2599061022671642,4.506897807992369,1.0,1.0,1.0520677707324453,1.0542677906533646,1.0,1.0193165762378669,1.0625312935816973,1.0,0.7007191954812403,705.9625820508377,229.82343987692175,302.7106577576344,63.31231171729296
24,295.0,78.0700113761571,0.9600000000000002,0.0066385228428608,0.0236180252417745,0.0032247805701596,0.0057725339885989,1.2724238159081e-05,0.0007291111591705,4.301959276423011e-06,299.88,81.98,0.9837268240629584,0.952305579118774,78.0701113761571,71.43117887187518,638.4805276203231,295.61808803349413,0.9600002643821924,0.0066384475853724,0.0236178798278295,0.0032247597227485,0.0057725158652401,1.2724169811758478e-05,0.0007291064842793,4.301962525857002e-06,0.9142221197018436,0.0196693864751958,0.0487965068488604,0.0068345179764792,0.0089106006719415,2.455860386615649e-05,0.0015385704033062,3.739318506204154e-06,0.2433560068599891,4.579491035633852,1.0,1.0,1.0491772463979605,1.0510642283046103,1.0,1.017697908721124,1.0588741178190626,1.0,0.7007191954812403,705.9625820508377,229.82343987692175,302.7106577576344,63.31231171729296
